session_date,expiration,calendar_dte,target_credit,entry_time,entry_mid,short_symbol,long_symbol,partition,degraded,missing_path_session,short_duplicate_minutes,long_duplicate_minutes,unpaired_minutes,invalid_spread_minutes,outside_trade_minutes,path_rows,path_status,path_crosses_degraded_date,first_quote_time,last_quote_time,terminal_mid,terminal_pnl,terminal_quote_age_minutes,terminal_basis,max_gap_minutes,underwater_observed_minutes,sign_changes,plus_1m_mid,plus_1m_pnl,plus_1m_quote_time,plus_1m_quote_age_seconds,plus_2m_mid,plus_2m_pnl,plus_2m_quote_time,plus_2m_quote_age_seconds,plus_5m_mid,plus_5m_pnl,plus_5m_quote_time,plus_5m_quote_age_seconds,plus_10m_mid,plus_10m_pnl,plus_10m_quote_time,plus_10m_quote_age_seconds,plus_15m_mid,plus_15m_pnl,plus_15m_quote_time,plus_15m_quote_age_seconds,plus_30m_mid,plus_30m_pnl,plus_30m_quote_time,plus_30m_quote_age_seconds,plus_60m_mid,plus_60m_pnl,plus_60m_quote_time,plus_60m_quote_age_seconds,plus_120m_mid,plus_120m_pnl,plus_120m_quote_time,plus_120m_quote_age_seconds,day_0_cash_close_mid,day_0_cash_close_pnl,day_0_cash_close_quote_time,day_0_cash_close_quote_age_seconds,day_1_cash_close_mid,day_1_cash_close_pnl,day_1_cash_close_quote_time,day_1_cash_close_quote_age_seconds,day_2_cash_close_mid,day_2_cash_close_pnl,day_2_cash_close_quote_time,day_2_cash_close_quote_age_seconds,day_3_cash_close_mid,day_3_cash_close_pnl,day_3_cash_close_quote_time,day_3_cash_close_quote_age_seconds,favorable_5.5_minutes,favorable_5.5_status,favorable_5_minutes,favorable_5_status,favorable_4_minutes,favorable_4_status,favorable_3_minutes,favorable_3_status,favorable_2_minutes,favorable_2_status,favorable_1_minutes,favorable_1_status,favorable_0.5_minutes,favorable_0.5_status,adverse_entry_plus_0.5_minutes,adverse_entry_plus_0.5_status,adverse_entry_plus_1_minutes,adverse_entry_plus_1_status,adverse_7_minutes,adverse_7_status,adverse_8_minutes,adverse_8_status,adverse_9_minutes,adverse_9_status,adverse_9.5_minutes,adverse_9.5_status,target_3_max_before_hit,target_3_underwater_before_hit,target_3_hit_7_first,target_3_hit_8_first,target_3_hit_9_first,target_3_deep_adverse_then_success,target_3_best_improvement_before_failure,target_2_max_before_hit,target_2_underwater_before_hit,target_2_hit_7_first,target_2_hit_8_first,target_2_hit_9_first,target_2_deep_adverse_then_success,target_2_best_improvement_before_failure,target_1_max_before_hit,target_1_underwater_before_hit,target_1_hit_7_first,target_1_hit_8_first,target_1_hit_9_first,target_1_deep_adverse_then_success,target_1_best_improvement_before_failure,target_0.5_max_before_hit,target_0.5_underwater_before_hit,target_0.5_hit_7_first,target_0.5_hit_8_first,target_0.5_hit_9_first,target_0.5_deep_adverse_then_success,target_0.5_best_improvement_before_failure,target_3_touch_minutes,target_3_touch_time,target_3_touch_mid,target_3_touch_pnl,target_3_persist_2_minutes,target_3_persist_2_time,target_3_persist_2_mid,target_3_persist_2_pnl,target_3_persist_3_minutes,target_3_persist_3_time,target_3_persist_3_mid,target_3_persist_3_pnl,target_3_next_minute_minutes,target_3_next_minute_time,target_3_next_minute_mid,target_3_next_minute_pnl,target_2_touch_minutes,target_2_touch_time,target_2_touch_mid,target_2_touch_pnl,target_2_persist_2_minutes,target_2_persist_2_time,target_2_persist_2_mid,target_2_persist_2_pnl,target_2_persist_3_minutes,target_2_persist_3_time,target_2_persist_3_mid,target_2_persist_3_pnl,target_2_next_minute_minutes,target_2_next_minute_time,target_2_next_minute_mid,target_2_next_minute_pnl,target_1_touch_minutes,target_1_touch_time,target_1_touch_mid,target_1_touch_pnl,target_1_persist_2_minutes,target_1_persist_2_time,target_1_persist_2_mid,target_1_persist_2_pnl,target_1_persist_3_minutes,target_1_persist_3_time,target_1_persist_3_mid,target_1_persist_3_pnl,target_1_next_minute_minutes,target_1_next_minute_time,target_1_next_minute_mid,target_1_next_minute_pnl,target_0.5_touch_minutes,target_0.5_touch_time,target_0.5_touch_mid,target_0.5_touch_pnl,target_0.5_persist_2_minutes,target_0.5_persist_2_time,target_0.5_persist_2_mid,target_0.5_persist_2_pnl,target_0.5_persist_3_minutes,target_0.5_persist_3_time,target_0.5_persist_3_mid,target_0.5_persist_3_pnl,target_0.5_next_minute_minutes,target_0.5_next_minute_time,target_0.5_next_minute_mid,target_0.5_next_minute_pnl,candidate_id
2021-09-24,2021-09-27,3,5.0,2021-09-24T09:31:00-04:00,4.8999999999999915,NDXP  210927P15240000,NDXP  210927P15230000,development,False,False,0,0,0,5,0,790,available,False,2021-09-24T09:31:00-04:00,2021-09-27T16:00:00-04:00,9.799999999999997,-10052.960000000012,0.0,last_observed_quote_not_settlement,3916.0,354,33,4.550000000000011,447.0399999999609,2021-09-24T09:32:00-04:00,0.0,4.699999999999989,147.0400000000064,2021-09-24T09:33:00-04:00,0.0,4.5,547.0399999999836,2021-09-24T09:36:00-04:00,0.0,4.550000000000011,447.0399999999609,2021-09-24T09:41:00-04:00,0.0,4.450000000000003,647.0399999999779,2021-09-24T09:46:00-04:00,0.0,3.6000000000000085,2347.0399999999668,2021-09-24T10:01:00-04:00,0.0,4.6000000000000085,347.0399999999666,2021-09-24T10:31:00-04:00,0.0,4.450000000000003,647.0399999999779,2021-09-24T11:31:00-04:00,0.0,2.4499999999999957,4647.039999999992,2021-09-24T16:00:00-04:00,0.0,,,2021-09-24T16:15:00-04:00,85500.0,,,2021-09-24T16:15:00-04:00,171900.0,9.799999999999997,-10052.960000000012,2021-09-27T16:00:00-04:00,0.0,0.0,hit,0.0,hit,7.0,hit,191.0,hit,369.0,hit,,never_hit,,never_hit,4322.0,hit,4322.0,hit,4323.0,hit,4327.0,hit,4448.0,hit,4448.0,hit,5.349999999999994,2,False,False,False,False,,5.349999999999994,2,False,False,False,False,,,,True,True,True,False,3.2999999999999936,,,True,True,True,False,3.2999999999999936,194.0,2021-09-24T12:45:00-04:00,2.9499999999999957,3647.0399999999922,195.0,2021-09-24T12:46:00-04:00,2.8999999999999915,3747.040000000001,196.0,2021-09-24T12:47:00-04:00,2.8500000000000014,3847.039999999981,195.0,2021-09-24T12:46:00-04:00,2.8999999999999915,3747.040000000001,373.0,2021-09-24T15:44:00-04:00,1.9499999999999993,5647.039999999985,374.0,2021-09-24T15:45:00-04:00,1.75,6047.039999999984,375.0,2021-09-24T15:46:00-04:00,1.8500000000000014,5847.039999999981,374.0,2021-09-24T15:45:00-04:00,1.75,6047.039999999984,,,,,,,,,,,,,,,,,,,,,,,,,,,,,,,,,0
2021-09-24,2021-09-27,3,6.0,2021-09-24T09:31:00-04:00,5.900000000000006,NDXP  210927P15290000,NDXP  210927P15280000,development,False,False,0,0,0,22,0,773,available,False,2021-09-24T09:31:00-04:00,2021-09-27T16:00:00-04:00,10.0,-8352.959999999988,0.0,last_observed_quote_not_settlement,3916.0,384,42,2.799999999999997,5947.040000000018,2021-09-24T09:32:00-04:00,0.0,5.800000000000011,-52.96000000001066,2021-09-24T09:33:00-04:00,0.0,5.050000000000011,1447.0399999999893,2021-09-24T09:36:00-04:00,0.0,5.25,1047.040000000012,2021-09-24T09:41:00-04:00,0.0,5.400000000000006,747.0400000000006,2021-09-24T09:46:00-04:00,0.0,4.650000000000006,2247.040000000001,2021-09-24T10:01:00-04:00,0.0,5.349999999999994,847.0400000000234,2021-09-24T10:31:00-04:00,0.0,6.0,-452.95999999998793,2021-09-24T11:31:00-04:00,0.0,3.299999999999997,4947.040000000018,2021-09-24T16:00:00-04:00,0.0,,,2021-09-24T16:15:00-04:00,85500.0,,,2021-09-24T16:15:00-04:00,171900.0,10.0,-8352.959999999988,2021-09-27T16:00:00-04:00,0.0,1.0,hit,1.0,hit,1.0,hit,1.0,hit,,never_hit,,never_hit,,never_hit,3.0,hit,3.0,hit,3.0,hit,49.0,hit,4327.0,hit,4328.0,hit,5.900000000000006,0,False,False,False,False,,,,True,True,True,False,3.5500000000000114,,,True,True,True,False,3.5500000000000114,,,True,True,True,False,3.5500000000000114,1.0,2021-09-24T09:32:00-04:00,2.799999999999997,5947.040000000018,377.0,2021-09-24T15:48:00-04:00,2.8499999999999943,5847.040000000024,378.0,2021-09-24T15:49:00-04:00,2.8499999999999943,5847.040000000024,2.0,2021-09-24T09:33:00-04:00,5.800000000000011,-52.96000000001066,,,,,,,,,,,,,,,,,,,,,,,,,,,,,,,,,,,,,,,,,,,,,,,,,1
2021-09-24,2021-09-27,3,7.0,2021-09-24T09:31:00-04:00,7.0,NDXP  210927P15330000,NDXP  210927P15320000,development,False,False,0,0,0,53,0,742,available,False,2021-09-24T09:31:00-04:00,2021-09-27T15:59:00-04:00,9.849999999999994,-5952.95999999999,1.0,last_observed_quote_not_settlement,3916.0,300,16,6.500000000000014,747.0399999999722,2021-09-24T09:32:00-04:00,0.0,6.899999999999977,-52.959999999953816,2021-09-24T09:33:00-04:00,0.0,6.649999999999977,447.0400000000462,2021-09-24T09:36:00-04:00,0.0,6.450000000000003,847.039999999995,2021-09-24T09:41:00-04:00,0.0,6.600000000000023,547.0399999999552,2021-09-24T09:46:00-04:00,0.0,4.300000000000011,5147.039999999978,2021-09-24T10:01:00-04:00,0.0,6.299999999999997,1147.0400000000063,2021-09-24T10:31:00-04:00,0.0,7.599999999999994,-1452.959999999988,2021-09-24T11:31:00-04:00,0.0,4.0,5747.040000000001,2021-09-24T16:00:00-04:00,0.0,,,2021-09-24T16:15:00-04:00,85500.0,,,2021-09-24T16:15:00-04:00,171900.0,,,2021-09-27T15:59:00-04:00,60.0,30.0,hit,30.0,hit,378.0,hit,,never_hit,,never_hit,,never_hit,,never_hit,4.0,hit,24.0,hit,0.0,hit,24.0,hit,4322.0,hit,4323.0,hit,,,True,True,True,False,3.0500000000000043,,,True,True,True,False,3.0500000000000043,,,True,True,True,False,3.0500000000000043,,,True,True,True,False,3.0500000000000043,,,,,,,,,,,,,,,,,,,,,,,,,,,,,,,,,,,,,,,,,,,,,,,,,,,,,,,,,,,,,,,,,2
2021-09-27,2021-09-29,2,5.0,2021-09-27T09:31:00-04:00,5.099999999999994,NDXP  210929P15260000,NDXP  210929P15250000,development,False,False,0,0,0,162,0,1037,available,False,2021-09-27T09:31:00-04:00,2021-09-29T15:59:00-04:00,10.0,-9952.96000000001,1.0,last_observed_quote_not_settlement,1040.0,880,48,5.25,-552.9600000000107,2021-09-27T09:32:00-04:00,0.0,5.799999999999983,-1652.9599999999766,2021-09-27T09:33:00-04:00,0.0,6.449999999999989,-2952.9599999999878,2021-09-27T09:36:00-04:00,0.0,7.149999999999977,-4352.9599999999655,2021-09-27T09:41:00-04:00,0.0,7.75,-5552.960000000011,2021-09-27T09:46:00-04:00,0.0,7.000000000000028,-4052.9600000000673,2021-09-27T10:01:00-04:00,0.0,5.349999999999994,-752.9599999999994,2021-09-27T10:31:00-04:00,0.0,6.1499999999999915,-2352.9599999999937,2021-09-27T11:31:00-04:00,0.0,6.049999999999983,-2152.9599999999764,2021-09-27T16:00:00-04:00,0.0,8.100000000000023,-6252.960000000058,2021-09-28T16:00:00-04:00,0.0,,,2021-09-29T15:59:00-04:00,60.0,,,,,0.0,hit,61.0,hit,86.0,hit,,never_hit,,never_hit,,never_hit,,never_hit,2.0,hit,4.0,hit,10.0,hit,1440.0,hit,1441.0,hit,1451.0,hit,,,True,True,True,False,1.5999999999999375,,,True,True,True,False,1.5999999999999375,,,True,True,True,False,1.5999999999999375,,,True,True,True,False,1.5999999999999375,,,,,,,,,,,,,,,,,,,,,,,,,,,,,,,,,,,,,,,,,,,,,,,,,,,,,,,,,,,,,,,,,3
2021-09-27,2021-09-29,2,6.0,2021-09-27T09:31:00-04:00,6.0,NDXP  210929P15290000,NDXP  210929P15280000,development,False,False,0,0,0,137,0,1062,available,False,2021-09-27T09:31:00-04:00,2021-09-29T15:59:00-04:00,10.0,-8152.96,1.0,last_observed_quote_not_settlement,1036.0,888,45,5.349999999999994,1047.040000000012,2021-09-27T09:32:00-04:00,0.0,6.399999999999977,-1052.9599999999539,2021-09-27T09:33:00-04:00,0.0,7.800000000000011,-3852.960000000022,2021-09-27T09:36:00-04:00,0.0,7.400000000000006,-3052.9600000000105,2021-09-27T09:41:00-04:00,0.0,7.650000000000006,-3552.9600000000105,2021-09-27T09:46:00-04:00,0.0,7.599999999999994,-3452.9599999999878,2021-09-27T10:01:00-04:00,0.0,6.1499999999999915,-552.9599999999823,2021-09-27T10:31:00-04:00,0.0,6.800000000000011,-1852.960000000022,2021-09-27T11:31:00-04:00,0.0,6.699999999999989,-1652.9599999999766,2021-09-27T16:00:00-04:00,0.0,,,2021-09-28T15:58:00-04:00,120.0,,,2021-09-29T15:59:00-04:00,60.0,,,,,1.0,hit,96.0,hit,,never_hit,,never_hit,,never_hit,,never_hit,,never_hit,5.0,hit,5.0,hit,5.0,hit,7.0,hit,34.0,hit,34.0,hit,,,True,True,True,False,1.5499999999999972,,,True,True,True,False,1.5499999999999972,,,True,True,True,False,1.5499999999999972,,,True,True,True,False,1.5499999999999972,,,,,,,,,,,,,,,,,,,,,,,,,,,,,,,,,,,,,,,,,,,,,,,,,,,,,,,,,,,,,,,,,4
2021-09-27,2021-09-29,2,7.0,2021-09-27T09:31:00-04:00,7.100000000000023,NDXP  210929P15340000,NDXP  210929P15330000,development,False,False,0,0,0,113,0,1086,available,False,2021-09-27T09:31:00-04:00,2021-09-29T15:59:00-04:00,10.0,-5952.959999999955,1.0,last_observed_quote_not_settlement,1036.0,966,47,6.899999999999977,147.04000000009165,2021-09-27T09:32:00-04:00,0.0,7.450000000000017,-952.959999999988,2021-09-27T09:33:00-04:00,0.0,7.849999999999994,-1752.9599999999425,2021-09-27T09:36:00-04:00,0.0,8.849999999999994,-3752.959999999944,2021-09-27T09:41:00-04:00,0.0,8.0,-2052.9599999999555,2021-09-27T09:46:00-04:00,0.0,8.349999999999966,-2752.9599999998873,2021-09-27T10:01:00-04:00,0.0,7.25,-552.9599999999539,2021-09-27T10:31:00-04:00,0.0,7.850000000000023,-1752.9599999999994,2021-09-27T11:31:00-04:00,0.0,7.799999999999983,-1652.9599999999198,2021-09-27T16:00:00-04:00,0.0,10.0,-5952.959999999955,2021-09-28T16:00:00-04:00,0.0,,,2021-09-29T15:59:00-04:00,60.0,,,,,,never_hit,,never_hit,,never_hit,,never_hit,,never_hit,,never_hit,,never_hit,3.0,hit,8.0,hit,0.0,hit,8.0,hit,18.0,hit,1440.0,hit,,,True,True,True,False,0.950000000000017,,,True,True,True,False,0.950000000000017,,,True,True,True,False,0.950000000000017,,,True,True,True,False,0.950000000000017,,,,,,,,,,,,,,,,,,,,,,,,,,,,,,,,,,,,,,,,,,,,,,,,,,,,,,,,,,,,,,,,,5
2021-09-28,2021-10-01,3,5.0,2021-09-28T09:31:00-04:00,5.100000000000023,NDXP  211001P15100000,NDXP  211001P15090000,development,False,False,0,0,0,131,0,1473,available,False,2021-09-28T09:31:00-04:00,2021-10-01T15:59:00-04:00,9.900000000000034,-9852.960000000023,1.0,last_observed_quote_not_settlement,1038.0,1368,5,5.050000000000011,-152.95999999997656,2021-09-28T09:32:00-04:00,0.0,5.050000000000011,-152.95999999997656,2021-09-28T09:33:00-04:00,0.0,8.0,-6052.9599999999555,2021-09-28T09:36:00-04:00,0.0,6.0,-2052.9599999999537,2021-09-28T09:41:00-04:00,0.0,4.5,947.0400000000461,2021-09-28T09:46:00-04:00,0.0,5.900000000000006,-1852.9599999999652,2021-09-28T10:01:00-04:00,0.0,6.449999999999989,-2952.959999999931,2021-09-28T10:31:00-04:00,0.0,6.350000000000023,-2752.959999999999,2021-09-28T11:31:00-04:00,0.0,7.649999999999977,-5352.959999999908,2021-09-28T16:00:00-04:00,0.0,9.299999999999955,-8652.959999999865,2021-09-29T16:00:00-04:00,0.0,8.899999999999977,-7852.95999999991,2021-09-30T16:00:00-04:00,0.0,,,2021-10-01T15:59:00-04:00,60.0,0.0,hit,7.0,hit,,never_hit,,never_hit,,never_hit,,never_hit,,never_hit,4.0,hit,5.0,hit,5.0,hit,5.0,hit,1505.0,hit,1615.0,hit,,,True,True,True,False,0.6000000000000227,,,True,True,True,False,0.6000000000000227,,,True,True,True,False,0.6000000000000227,,,True,True,True,False,0.6000000000000227,,,,,,,,,,,,,,,,,,,,,,,,,,,,,,,,,,,,,,,,,,,,,,,,,,,,,,,,,,,,,,,,,6
2021-09-28,2021-10-01,3,6.0,2021-09-28T09:31:00-04:00,6.0,NDXP  211001P15450000,NDXP  211001P15440000,development,False,False,0,0,0,400,0,1205,available,False,2021-09-28T09:31:00-04:00,2021-10-01T16:00:00-04:00,10.0,-8152.96,0.0,last_observed_quote_not_settlement,1039.0,934,8,9.849999999999966,-7952.959999999933,2021-09-28T09:32:00-04:00,0.0,5.75,247.04000000000067,2021-09-28T09:33:00-04:00,0.0,9.549999999999955,-7352.95999999991,2021-09-28T09:36:00-04:00,0.0,9.599999999999909,-7452.959999999819,2021-09-28T09:41:00-04:00,0.0,9.599999999999909,-7452.959999999819,2021-09-28T09:46:00-04:00,0.0,9.650000000000034,-7552.960000000069,2021-09-28T10:01:00-04:00,0.0,9.750000000000114,-7752.960000000228,2021-09-28T10:31:00-04:00,0.0,9.399999999999977,-7052.9599999999555,2021-09-28T11:31:00-04:00,0.0,9.900000000000091,-8052.960000000183,2021-09-28T16:00:00-04:00,0.0,9.350000000000023,-6952.960000000046,2021-09-29T16:00:00-04:00,0.0,9.950000000000045,-8152.96,2021-09-30T16:00:00-04:00,0.0,10.0,-8152.96,2021-10-01T16:00:00-04:00,0.0,3256.0,hit,3256.0,hit,3256.0,hit,3256.0,hit,,never_hit,,never_hit,,never_hit,1.0,hit,1.0,hit,1.0,hit,1.0,hit,1.0,hit,1.0,hit,10.0,553,True,True,True,True,,,,True,True,True,False,3.099999999999909,,,True,True,True,False,3.099999999999909,,,True,True,True,False,3.099999999999909,3256.0,2021-09-30T15:47:00-04:00,2.900000000000091,5947.039999999819,,,,,,,,,3257.0,2021-09-30T15:48:00-04:00,9.949999999999932,-8152.9599999998645,,,,,,,,,,,,,,,,,,,,,,,,,,,,,,,,,,,,,,,,,,,,,,,,,7
2021-09-28,2021-10-01,3,7.0,2021-09-28T09:31:00-04:00,6.850000000000023,NDXP  211001P15210000,NDXP  211001P15200000,development,False,False,0,0,1,228,0,1376,available,False,2021-09-28T09:31:00-04:00,2021-10-01T15:58:00-04:00,10.0,-6452.959999999955,2.0,last_observed_quote_not_settlement,1038.0,1203,26,7.0,-552.9599999999539,2021-09-28T09:32:00-04:00,0.0,6.900000000000006,-352.9599999999652,2021-09-28T09:33:00-04:00,0.0,7.399999999999977,-1352.9599999999084,2021-09-28T09:36:00-04:00,0.0,8.599999999999966,-3752.9599999998873,2021-09-28T09:41:00-04:00,0.0,7.75,-2052.9599999999537,2021-09-28T09:46:00-04:00,0.0,7.850000000000023,-2252.959999999999,2021-09-28T10:01:00-04:00,0.0,8.149999999999977,-2852.95999999991,2021-09-28T10:31:00-04:00,0.0,8.199999999999989,-2952.9599999999327,2021-09-28T11:31:00-04:00,0.0,5.800000000000011,1847.0400000000234,2021-09-28T16:00:00-04:00,0.0,9.850000000000023,-6252.960000000001,2021-09-29T16:00:00-04:00,0.0,,,2021-09-30T15:59:00-04:00,60.0,,,2021-10-01T15:58:00-04:00,120.0,4547.0,hit,4547.0,hit,,never_hit,,never_hit,,never_hit,,never_hit,,never_hit,5.0,hit,10.0,hit,1.0,hit,10.0,hit,31.0,hit,81.0,hit,,,True,True,True,False,2.500000000000057,,,True,True,True,False,2.500000000000057,,,True,True,True,False,2.500000000000057,,,True,True,True,False,2.500000000000057,,,,,,,,,,,,,,,,,,,,,,,,,,,,,,,,,,,,,,,,,,,,,,,,,,,,,,,,,,,,,,,,,8
2021-09-29,2021-10-01,2,5.0,2021-09-29T09:31:00-04:00,4.850000000000023,NDXP  211001P14910000,NDXP  211001P14900000,development,False,False,0,0,0,36,0,1163,available,False,2021-09-29T09:31:00-04:00,2021-10-01T15:58:00-04:00,10.0,-10452.959999999954,2.0,last_observed_quote_not_settlement,1037.0,930,81,4.75,-52.959999999953816,2021-09-29T09:32:00-04:00,0.0,4.599999999999966,247.04000000011436,2021-09-29T09:33:00-04:00,0.0,4.749999999999972,-52.95999999989697,2021-09-29T09:36:00-04:00,0.0,4.699999999999989,47.04000000006892,2021-09-29T09:41:00-04:00,0.0,5.5,-1552.9599999999539,2021-09-29T09:46:00-04:00,0.0,3.8000000000000114,1847.0400000000234,2021-09-29T10:01:00-04:00,0.0,4.5,447.0400000000462,2021-09-29T10:31:00-04:00,0.0,5.050000000000011,-652.9599999999766,2021-09-29T11:31:00-04:00,0.0,5.650000000000034,-1852.960000000022,2021-09-29T16:00:00-04:00,0.0,6.800000000000011,-4152.959999999976,2021-09-30T16:00:00-04:00,0.0,,,2021-10-01T15:58:00-04:00,120.0,,,,,0.0,hit,0.0,hit,7.0,hit,99.0,hit,,never_hit,,never_hit,,never_hit,15.0,hit,133.0,hit,1501.0,hit,1590.0,hit,1824.0,hit,2892.0,hit,5.5,8,False,False,False,False,,,,True,True,True,False,2.3000000000000256,,,True,True,True,False,2.3000000000000256,,,True,True,True,False,2.3000000000000256,99.0,2021-09-29T11:10:00-04:00,2.75,3947.0400000000463,,,,,,,,,100.0,2021-09-29T11:11:00-04:00,4.449999999999989,547.0400000000689,,,,,,,,,,,,,,,,,,,,,,,,,,,,,,,,,,,,,,,,,,,,,,,,,9
2021-09-29,2021-10-01,2,6.0,2021-09-29T09:31:00-04:00,5.949999999999989,NDXP  211001P14990000,NDXP  211001P14980000,development,False,False,0,0,0,100,0,1099,available,False,2021-09-29T09:31:00-04:00,2021-10-01T16:00:00-04:00,7.5,-3352.960000000022,0.0,last_observed_quote_not_settlement,1037.0,930,43,5.100000000000023,1447.0399999999324,2021-09-29T09:32:00-04:00,0.0,4.849999999999994,1947.0399999999893,2021-09-29T09:33:00-04:00,0.0,5.7999999999999545,47.04000000006892,2021-09-29T09:36:00-04:00,0.0,5.449999999999989,747.0400000000006,2021-09-29T09:41:00-04:00,0.0,6.499999999999972,-1352.9599999999652,2021-09-29T09:46:00-04:00,0.0,4.800000000000011,2047.0399999999554,2021-09-29T10:01:00-04:00,0.0,5.75,147.03999999997797,2021-09-29T10:31:00-04:00,0.0,7.900000000000006,-4152.960000000034,2021-09-29T11:31:00-04:00,0.0,8.549999999999983,-5452.95999999999,2021-09-29T16:00:00-04:00,0.0,8.899999999999977,-6152.959999999978,2021-09-30T16:00:00-04:00,0.0,7.5,-3352.960000000022,2021-10-01T16:00:00-04:00,0.0,,,,,1.0,hit,2.0,hit,17.0,hit,,never_hit,,never_hit,,never_hit,,never_hit,3.0,hit,3.0,hit,3.0,hit,3.0,hit,275.0,hit,1651.0,hit,,,True,True,True,False,1.9499999999999886,,,True,True,True,False,1.9499999999999886,,,True,True,True,False,1.9499999999999886,,,True,True,True,False,1.9499999999999886,,,,,,,,,,,,,,,,,,,,,,,,,,,,,,,,,,,,,,,,,,,,,,,,,,,,,,,,,,,,,,,,,10
2021-09-29,2021-10-01,2,7.0,2021-09-29T09:31:00-04:00,7.000000000000028,NDXP  211001P15070000,NDXP  211001P15060000,development,False,False,0,0,0,159,0,1040,available,False,2021-09-29T09:31:00-04:00,2021-10-01T16:00:00-04:00,10.0,-6152.959999999943,0.0,last_observed_quote_not_settlement,1037.0,884,30,7.099999999999994,-452.9599999999311,2021-09-29T09:32:00-04:00,0.0,7.199999999999989,-652.9599999999198,2021-09-29T09:33:00-04:00,0.0,7.099999999999994,-452.9599999999311,2021-09-29T09:36:00-04:00,0.0,7.300000000000068,-852.9600000000789,2021-09-29T09:41:00-04:00,0.0,7.500000000000057,-1252.9600000000562,2021-09-29T09:46:00-04:00,0.0,6.300000000000011,1147.0400000000348,2021-09-29T10:01:00-04:00,0.0,7.049999999999983,-352.95999999990835,2021-09-29T10:31:00-04:00,0.0,8.050000000000011,-2352.959999999967,2021-09-29T11:31:00-04:00,0.0,9.850000000000023,-5952.95999999999,2021-09-29T16:00:00-04:00,0.0,9.299999999999955,-4852.959999999854,2021-09-30T16:00:00-04:00,0.0,10.0,-6152.959999999943,2021-10-01T16:00:00-04:00,0.0,,,,,2904.0,hit,2909.0,hit,2909.0,hit,2909.0,hit,,never_hit,,never_hit,,never_hit,4.0,hit,63.0,hit,0.0,hit,63.0,hit,64.0,hit,183.0,hit,10.0,740,True,True,True,True,,,,True,True,True,False,4.200000000000017,,,True,True,True,False,4.200000000000017,,,True,True,True,False,4.200000000000017,2909.0,2021-10-01T10:00:00-04:00,2.8000000000000114,8147.0400000000345,,,,,,,,,2910.0,2021-10-01T10:01:00-04:00,3.1999999999999886,7347.04000000008,,,,,,,,,,,,,,,,,,,,,,,,,,,,,,,,,,,,,,,,,,,,,,,,,11
2021-10-01,2021-10-04,3,5.0,2021-10-01T09:31:00-04:00,4.199999999999989,NDXP  211004P14720000,NDXP  211004P14710000,development,False,False,0,0,0,57,0,738,available,False,2021-10-01T09:31:00-04:00,2021-10-04T16:00:00-04:00,10.0,-11752.960000000021,0.0,last_observed_quote_not_settlement,3916.0,549,19,4.3500000000000085,-552.9600000000391,2021-10-01T09:32:00-04:00,0.0,4.800000000000011,-1452.9600000000448,2021-10-01T09:33:00-04:00,0.0,4.5,-852.9600000000221,2021-10-01T09:36:00-04:00,0.0,5.150000000000034,-2152.96000000009,2021-10-01T09:41:00-04:00,0.0,5.349999999999994,-2552.9600000000105,2021-10-01T09:46:00-04:00,0.0,4.550000000000011,-952.9600000000448,2021-10-01T10:01:00-04:00,0.0,6.850000000000023,-5552.960000000067,2021-10-01T10:31:00-04:00,0.0,5.150000000000006,-2152.9600000000332,2021-10-01T11:31:00-04:00,0.0,3.4000000000000057,1347.0399999999665,2021-10-01T16:00:00-04:00,0.0,,,2021-10-01T16:15:00-04:00,85500.0,,,2021-10-01T16:15:00-04:00,171900.0,10.0,-11752.960000000021,2021-10-04T16:00:00-04:00,0.0,0.0,hit,0.0,hit,7.0,hit,325.0,hit,,never_hit,,never_hit,,never_hit,2.0,hit,12.0,hit,33.0,hit,4330.0,hit,4351.0,hit,4354.0,hit,7.949999999999989,257,True,False,False,False,,,,True,True,True,False,1.6999999999999886,,,True,True,True,False,1.6999999999999886,,,True,True,True,False,1.6999999999999886,330.0,2021-10-01T15:01:00-04:00,2.8999999999999986,2347.039999999981,335.0,2021-10-01T15:06:00-04:00,2.8999999999999986,2347.039999999981,336.0,2021-10-01T15:07:00-04:00,2.8000000000000043,2547.0399999999695,331.0,2021-10-01T15:02:00-04:00,3.049999999999997,2047.0399999999836,,,,,,,,,,,,,,,,,,,,,,,,,,,,,,,,,,,,,,,,,,,,,,,,,12
2021-10-01,2021-10-04,3,6.0,2021-10-01T09:31:00-04:00,6.900000000000091,NDXP  211004P15860000,NDXP  211004P15850000,development,False,False,0,0,0,195,0,600,available,False,2021-10-01T09:31:00-04:00,2021-10-04T16:00:00-04:00,10.0,-6352.959999999818,0.0,last_observed_quote_not_settlement,3916.0,463,6,7.5,-1452.9599999998175,2021-10-01T09:32:00-04:00,0.0,9.849999999999909,-6152.959999999637,2021-10-01T09:33:00-04:00,0.0,10.0,-6352.959999999818,2021-10-01T09:36:00-04:00,0.0,5.0,3547.0400000001828,2021-10-01T09:41:00-04:00,0.0,10.0,-6352.959999999818,2021-10-01T09:46:00-04:00,0.0,6.099999999999909,1347.0400000003644,2021-10-01T10:01:00-04:00,0.0,9.850000000000136,-6152.960000000092,2021-10-01T10:31:00-04:00,0.0,10.0,-6352.959999999818,2021-10-01T11:31:00-04:00,0.0,10.0,-6352.959999999818,2021-10-01T16:00:00-04:00,0.0,,,2021-10-01T16:15:00-04:00,85500.0,,,2021-10-01T16:15:00-04:00,171900.0,10.0,-6352.959999999818,2021-10-04T16:00:00-04:00,0.0,10.0,hit,10.0,hit,4691.0,hit,,never_hit,,never_hit,,never_hit,,never_hit,1.0,hit,2.0,hit,1.0,hit,2.0,hit,2.0,hit,2.0,hit,,,True,True,True,False,3.7000000000000455,,,True,True,True,False,3.7000000000000455,,,True,True,True,False,3.7000000000000455,,,True,True,True,False,3.7000000000000455,,,,,,,,,,,,,,,,,,,,,,,,,,,,,,,,,,,,,,,,,,,,,,,,,,,,,,,,,,,,,,,,,13
2021-10-01,2021-10-04,3,7.0,2021-10-01T09:31:00-04:00,6.900000000000091,NDXP  211004P15860000,NDXP  211004P15850000,development,False,False,0,0,0,195,0,600,available,False,2021-10-01T09:31:00-04:00,2021-10-04T16:00:00-04:00,10.0,-6352.959999999818,0.0,last_observed_quote_not_settlement,3916.0,463,6,7.5,-1452.9599999998175,2021-10-01T09:32:00-04:00,0.0,9.849999999999909,-6152.959999999637,2021-10-01T09:33:00-04:00,0.0,10.0,-6352.959999999818,2021-10-01T09:36:00-04:00,0.0,5.0,3547.0400000001828,2021-10-01T09:41:00-04:00,0.0,10.0,-6352.959999999818,2021-10-01T09:46:00-04:00,0.0,6.099999999999909,1347.0400000003644,2021-10-01T10:01:00-04:00,0.0,9.850000000000136,-6152.960000000092,2021-10-01T10:31:00-04:00,0.0,10.0,-6352.959999999818,2021-10-01T11:31:00-04:00,0.0,10.0,-6352.959999999818,2021-10-01T16:00:00-04:00,0.0,,,2021-10-01T16:15:00-04:00,85500.0,,,2021-10-01T16:15:00-04:00,171900.0,10.0,-6352.959999999818,2021-10-04T16:00:00-04:00,0.0,10.0,hit,10.0,hit,4691.0,hit,,never_hit,,never_hit,,never_hit,,never_hit,1.0,hit,2.0,hit,1.0,hit,2.0,hit,2.0,hit,2.0,hit,,,True,True,True,False,3.7000000000000455,,,True,True,True,False,3.7000000000000455,,,True,True,True,False,3.7000000000000455,,,True,True,True,False,3.7000000000000455,,,,,,,,,,,,,,,,,,,,,,,,,,,,,,,,,,,,,,,,,,,,,,,,,,,,,,,,,,,,,,,,,14
2021-10-04,2021-10-06,2,5.0,2021-10-04T09:31:00-04:00,5.000000000000028,NDXP  211006P14770000,NDXP  211006P14760000,development,False,False,0,0,0,10,0,1190,available,False,2021-10-04T09:31:00-04:00,2021-10-06T15:59:00-04:00,1.9500000000000002,5847.040000000057,1.0,last_observed_quote_not_settlement,1036.0,1045,36,4.850000000000023,47.04000000001208,2021-10-04T09:32:00-04:00,0.0,4.700000000000017,347.04000000002344,2021-10-04T09:33:00-04:00,0.0,5.550000000000011,-1352.9599999999652,2021-10-04T09:36:00-04:00,0.0,5.800000000000011,-1852.9599999999652,2021-10-04T09:41:00-04:00,0.0,6.550000000000011,-3352.959999999965,2021-10-04T09:46:00-04:00,0.0,6.650000000000006,-3552.9599999999537,2021-10-04T10:01:00-04:00,0.0,7.7000000000000455,-5652.960000000034,2021-10-04T10:31:00-04:00,0.0,8.5,-7252.959999999945,2021-10-04T11:31:00-04:00,0.0,8.199999999999989,-6652.959999999922,2021-10-04T16:00:00-04:00,0.0,6.949999999999989,-4152.95999999992,2021-10-05T16:00:00-04:00,0.0,,,2021-10-06T15:59:00-04:00,60.0,,,,,0.0,hit,1.0,hit,1763.0,hit,3268.0,hit,3268.0,hit,,never_hit,,never_hit,5.0,hit,11.0,hit,24.0,hit,62.0,hit,79.0,hit,90.0,hit,10.0,1045,True,True,True,True,,10.0,1045,True,True,True,True,,,,True,True,True,False,3.0500000000000282,,,True,True,True,False,3.0500000000000282,3268.0,2021-10-06T15:59:00-04:00,1.9500000000000002,5847.040000000057,,,,,,,,,,,,,3268.0,2021-10-06T15:59:00-04:00,1.9500000000000002,5847.040000000057,,,,,,,,,,,,,,,,,,,,,,,,,,,,,,,,,,,,,,,,,,,,,15
2021-10-04,2021-10-06,2,6.0,2021-10-04T09:31:00-04:00,6.050000000000011,NDXP  211006P14840000,NDXP  211006P14830000,development,False,False,0,0,0,61,0,1138,available,False,2021-10-04T09:31:00-04:00,2021-10-06T16:00:00-04:00,10.0,-8052.959999999977,0.0,last_observed_quote_not_settlement,1037.0,1076,9,5.799999999999983,247.04000000005752,2021-10-04T09:32:00-04:00,0.0,6.150000000000006,-452.95999999998793,2021-10-04T09:33:00-04:00,0.0,6.699999999999989,-1552.9599999999539,2021-10-04T09:36:00-04:00,0.0,7.200000000000017,-2552.9600000000105,2021-10-04T09:41:00-04:00,0.0,7.600000000000023,-3352.960000000022,2021-10-04T09:46:00-04:00,0.0,7.699999999999989,-3552.9599999999537,2021-10-04T10:01:00-04:00,0.0,8.200000000000045,-4552.960000000069,2021-10-04T10:31:00-04:00,0.0,8.899999999999977,-5952.959999999933,2021-10-04T11:31:00-04:00,0.0,8.299999999999955,-4752.959999999887,2021-10-04T16:00:00-04:00,0.0,8.900000000000006,-5952.95999999999,2021-10-05T16:00:00-04:00,0.0,10.0,-8052.959999999977,2021-10-06T16:00:00-04:00,0.0,,,,,,never_hit,,never_hit,,never_hit,,never_hit,,never_hit,,never_hit,,never_hit,5.0,hit,10.0,hit,9.0,hit,20.0,hit,65.0,hit,67.0,hit,,,True,True,True,False,0.30000000000001137,,,True,True,True,False,0.30000000000001137,,,True,True,True,False,0.30000000000001137,,,True,True,True,False,0.30000000000001137,,,,,,,,,,,,,,,,,,,,,,,,,,,,,,,,,,,,,,,,,,,,,,,,,,,,,,,,,,,,,,,,,16
2021-10-04,2021-10-06,2,7.0,2021-10-04T09:31:00-04:00,6.950000000000017,NDXP  211006P14900000,NDXP  211006P14890000,development,False,False,0,0,0,135,0,1064,available,False,2021-10-04T09:31:00-04:00,2021-10-06T16:00:00-04:00,9.999999999999986,-6252.9599999999655,0.0,last_observed_quote_not_settlement,1037.0,940,19,7.0,-352.9599999999652,2021-10-04T09:32:00-04:00,0.0,6.449999999999989,747.0400000000575,2021-10-04T09:33:00-04:00,0.0,7.650000000000006,-1652.9599999999766,2021-10-04T09:36:00-04:00,0.0,8.0,-2352.959999999967,2021-10-04T09:41:00-04:00,0.0,8.099999999999966,-2552.9599999998986,2021-10-04T09:46:00-04:00,0.0,8.5,-3352.959999999967,2021-10-04T10:01:00-04:00,0.0,9.049999999999955,-4452.959999999876,2021-10-04T10:31:00-04:00,0.0,9.300000000000068,-4952.960000000104,2021-10-04T11:31:00-04:00,0.0,,,2021-10-04T15:59:00-04:00,60.0,9.449999999999989,-5252.959999999945,2021-10-05T16:00:00-04:00,0.0,9.999999999999986,-6252.9599999999655,2021-10-06T16:00:00-04:00,0.0,,,,,282.0,hit,1459.0,hit,,never_hit,,never_hit,,never_hit,,never_hit,,never_hit,5.0,hit,7.0,hit,1.0,hit,7.0,hit,7.0,hit,54.0,hit,,,True,True,True,False,2.850000000000051,,,True,True,True,False,2.850000000000051,,,True,True,True,False,2.850000000000051,,,True,True,True,False,2.850000000000051,,,,,,,,,,,,,,,,,,,,,,,,,,,,,,,,,,,,,,,,,,,,,,,,,,,,,,,,,,,,,,,,,17
2021-10-05,2021-10-08,3,5.0,2021-10-05T09:31:00-04:00,5.0,NDXP  211008P14610000,NDXP  211008P14600000,development,False,False,0,0,0,4,0,1601,available,False,2021-10-05T09:31:00-04:00,2021-10-08T16:00:00-04:00,0.04999999999999999,9647.040000000003,0.0,last_observed_quote_not_settlement,1036.0,15,15,4.650000000000006,447.03999999998933,2021-10-05T09:32:00-04:00,0.0,4.700000000000017,347.0399999999666,2021-10-05T09:33:00-04:00,0.0,4.599999999999966,547.0400000000689,2021-10-05T09:36:00-04:00,0.0,4.749999999999972,247.04000000005752,2021-10-05T09:41:00-04:00,0.0,4.300000000000011,1147.039999999978,2021-10-05T09:46:00-04:00,0.0,3.7499999999999716,2247.0400000000577,2021-10-05T10:01:00-04:00,0.0,3.75,2247.040000000001,2021-10-05T10:31:00-04:00,0.0,3.200000000000003,3347.039999999995,2021-10-05T11:31:00-04:00,0.0,3.549999999999983,2647.040000000035,2021-10-05T16:00:00-04:00,0.0,2.299999999999997,5147.040000000006,2021-10-06T16:00:00-04:00,0.0,0.6500000000000004,8447.04,2021-10-07T16:00:00-04:00,0.0,0.04999999999999999,9647.040000000003,2021-10-08T16:00:00-04:00,0.0,0.0,hit,0.0,hit,19.0,hit,32.0,hit,1839.0,hit,2880.0,hit,2885.0,hit,1473.0,hit,4699.0,hit,4699.0,hit,4699.0,hit,4699.0,hit,4699.0,hit,5.300000000000011,4,False,False,False,False,,5.900000000000034,14,False,False,False,False,,5.900000000000034,14,False,False,False,False,,5.900000000000034,14,False,False,False,False,,32.0,2021-10-05T10:03:00-04:00,2.200000000000017,5347.039999999966,106.0,2021-10-05T11:17:00-04:00,2.8499999999999943,4047.040000000012,156.0,2021-10-05T12:07:00-04:00,2.9000000000000057,3947.0399999999895,33.0,2021-10-05T10:04:00-04:00,4.150000000000034,1447.0399999999324,1844.0,2021-10-06T16:15:00-04:00,1.4500000000000028,6847.039999999995,2881.0,2021-10-07T09:32:00-04:00,0.8500000000000014,8047.039999999998,2882.0,2021-10-07T09:33:00-04:00,0.75,8247.04,,,,,2880.0,2021-10-07T09:31:00-04:00,0.8499999999999979,8047.0400000000045,2881.0,2021-10-07T09:32:00-04:00,0.8500000000000014,8047.039999999998,2882.0,2021-10-07T09:33:00-04:00,0.75,8247.04,2881.0,2021-10-07T09:32:00-04:00,0.8500000000000014,8047.039999999998,2890.0,2021-10-07T09:41:00-04:00,0.34999999999999964,9047.040000000003,2925.0,2021-10-07T10:16:00-04:00,0.4499999999999993,8847.040000000003,2926.0,2021-10-07T10:17:00-04:00,0.40000000000000036,8947.04,2891.0,2021-10-07T09:42:00-04:00,0.7499999999999982,8247.040000000005,18
2021-10-05,2021-10-08,3,6.0,2021-10-05T09:31:00-04:00,6.0,NDXP  211008P14690000,NDXP  211008P14680000,development,False,False,0,0,0,0,0,1605,available,False,2021-10-05T09:31:00-04:00,2021-10-08T16:00:00-04:00,0.025000000000000022,11697.04,0.0,last_observed_quote_not_settlement,1036.0,21,9,5.650000000000006,447.03999999998933,2021-10-05T09:32:00-04:00,0.0,5.699999999999989,347.04000000002344,2021-10-05T09:33:00-04:00,0.0,5.499999999999972,747.0400000000575,2021-10-05T09:36:00-04:00,0.0,5.700000000000017,347.0399999999666,2021-10-05T09:41:00-04:00,0.0,5.349999999999966,1047.0400000000689,2021-10-05T09:46:00-04:00,0.0,5.300000000000011,1147.039999999978,2021-10-05T10:01:00-04:00,0.0,4.449999999999989,2847.0400000000236,2021-10-05T10:31:00-04:00,0.0,4.0,3747.040000000001,2021-10-05T11:31:00-04:00,0.0,4.450000000000017,2847.0399999999668,2021-10-05T16:00:00-04:00,0.0,3.200000000000003,5347.039999999995,2021-10-06T16:00:00-04:00,0.0,1.0,9747.04,2021-10-07T16:00:00-04:00,0.0,0.025000000000000022,11697.04,2021-10-08T16:00:00-04:00,0.0,5.0,hit,19.0,hit,96.0,hit,1819.0,hit,1819.0,hit,2881.0,hit,2945.0,hit,6.0,hit,,never_hit,,never_hit,,never_hit,,never_hit,,never_hit,6.950000000000017,21,False,False,False,False,,6.950000000000017,21,False,False,False,False,,6.950000000000017,21,False,False,False,False,,6.950000000000017,21,False,False,False,False,,1819.0,2021-10-06T15:50:00-04:00,1.9500000000000028,7847.039999999995,2881.0,2021-10-07T09:32:00-04:00,1.0,9747.04,2882.0,2021-10-07T09:33:00-04:00,1.2000000000000028,9347.039999999995,1820.0,2021-10-06T15:51:00-04:00,3.200000000000003,5347.039999999995,2880.0,2021-10-07T09:31:00-04:00,1.3999999999999986,8947.040000000005,2881.0,2021-10-07T09:32:00-04:00,1.0,9747.04,2882.0,2021-10-07T09:33:00-04:00,1.2000000000000028,9347.039999999995,2881.0,2021-10-07T09:32:00-04:00,1.0,9747.04,2906.0,2021-10-07T09:57:00-04:00,0.9499999999999993,9847.040000000003,2910.0,2021-10-07T10:01:00-04:00,0.9000000000000021,9947.039999999997,2911.0,2021-10-07T10:02:00-04:00,0.8499999999999996,10047.040000000003,2907.0,2021-10-07T09:58:00-04:00,1.1000000000000014,9547.039999999999,3011.0,2021-10-07T11:42:00-04:00,0.40000000000000036,10947.04,3031.0,2021-10-07T12:02:00-04:00,0.4499999999999993,10847.040000000003,3123.0,2021-10-07T13:34:00-04:00,0.3999999999999986,10947.040000000005,3012.0,2021-10-07T11:43:00-04:00,0.5500000000000007,10647.04,19
2021-10-05,2021-10-08,3,7.0,2021-10-05T09:31:00-04:00,6.949999999999989,NDXP  211008P14760000,NDXP  211008P14750000,development,False,False,0,0,0,1,0,1604,available,False,2021-10-05T09:31:00-04:00,2021-10-08T16:00:00-04:00,0.024999999999999967,13597.039999999979,0.0,last_observed_quote_not_settlement,1036.0,32,19,6.650000000000034,347.03999999990975,2021-10-05T09:32:00-04:00,0.0,6.650000000000034,347.03999999990975,2021-10-05T09:33:00-04:00,0.0,6.5,647.0399999999779,2021-10-05T09:36:00-04:00,0.0,8.75,-3852.9600000000237,2021-10-05T09:41:00-04:00,0.0,6.5,647.0399999999779,2021-10-05T09:46:00-04:00,0.0,6.099999999999994,1447.0399999999893,2021-10-05T10:01:00-04:00,0.0,5.599999999999966,2447.0400000000463,2021-10-05T10:31:00-04:00,0.0,4.999999999999972,3647.040000000035,2021-10-05T11:31:00-04:00,0.0,5.4500000000000455,2747.039999999887,2021-10-05T16:00:00-04:00,0.0,4.1499999999999915,5347.039999999995,2021-10-06T16:00:00-04:00,0.0,1.6499999999999986,10347.03999999998,2021-10-07T16:00:00-04:00,0.0,0.024999999999999967,13597.039999999979,2021-10-08T16:00:00-04:00,0.0,47.0,hit,84.0,hit,221.0,hit,2880.0,hit,2881.0,hit,2926.0,hit,3017.0,hit,10.0,hit,10.0,hit,7.0,hit,10.0,hit,,never_hit,,never_hit,8.75,32,True,True,False,False,,8.75,32,True,True,False,False,,8.75,32,True,True,False,False,,8.75,32,True,True,False,False,,2880.0,2021-10-07T09:31:00-04:00,2.200000000000003,9247.039999999974,2881.0,2021-10-07T09:32:00-04:00,1.8000000000000043,10047.03999999997,2882.0,2021-10-07T09:33:00-04:00,1.7999999999999972,10047.039999999985,2881.0,2021-10-07T09:32:00-04:00,1.8000000000000043,10047.03999999997,2881.0,2021-10-07T09:32:00-04:00,1.8000000000000043,10047.03999999997,2882.0,2021-10-07T09:33:00-04:00,1.7999999999999972,10047.039999999985,2883.0,2021-10-07T09:34:00-04:00,1.7000000000000028,10247.039999999974,2882.0,2021-10-07T09:33:00-04:00,1.7999999999999972,10047.039999999985,2933.0,2021-10-07T10:24:00-04:00,0.8999999999999986,11847.03999999998,2945.0,2021-10-07T10:36:00-04:00,0.9000000000000004,11847.039999999979,3006.0,2021-10-07T11:37:00-04:00,0.8499999999999979,11947.039999999983,2934.0,2021-10-07T10:25:00-04:00,1.1999999999999957,11247.039999999988,4607.0,2021-10-08T14:18:00-04:00,0.42500000000000027,12797.039999999977,4608.0,2021-10-08T14:19:00-04:00,0.3500000000000001,12947.039999999977,4609.0,2021-10-08T14:20:00-04:00,0.375,12897.039999999979,4608.0,2021-10-08T14:19:00-04:00,0.3500000000000001,12947.039999999977,20
2021-10-06,2021-10-08,2,5.0,2021-10-06T09:31:00-04:00,4.949999999999989,NDXP  211008P14590000,NDXP  211008P14580000,development,False,False,0,0,0,8,0,1192,available,False,2021-10-06T09:31:00-04:00,2021-10-08T16:00:00-04:00,0.0,9647.039999999979,0.0,last_observed_quote_not_settlement,1036.0,10,4,4.850000000000023,-52.9600000000675,2021-10-06T09:32:00-04:00,0.0,4.650000000000034,347.03999999990975,2021-10-06T09:33:00-04:00,0.0,4.25,1147.039999999978,2021-10-06T09:36:00-04:00,0.0,3.8000000000000114,2047.0399999999554,2021-10-06T09:41:00-04:00,0.0,3.8000000000000114,2047.0399999999554,2021-10-06T09:46:00-04:00,0.0,4.900000000000006,-152.9600000000334,2021-10-06T10:01:00-04:00,0.0,2.999999999999986,3647.0400000000063,2021-10-06T10:31:00-04:00,0.0,3.950000000000003,1747.0399999999722,2021-10-06T11:31:00-04:00,0.0,2.1000000000000014,5447.039999999975,2021-10-06T16:00:00-04:00,0.0,0.40000000000000036,8847.039999999979,2021-10-07T16:00:00-04:00,0.0,0.0,9647.039999999979,2021-10-08T16:00:00-04:00,0.0,,,,,0.0,hit,0.0,hit,10.0,hit,51.0,hit,51.0,hit,1440.0,hit,1455.0,hit,37.0,hit,,never_hit,,never_hit,,never_hit,,never_hit,,never_hit,5.849999999999966,10,False,False,False,False,,5.849999999999966,10,False,False,False,False,,5.849999999999966,10,False,False,False,False,,5.849999999999966,10,False,False,False,False,,51.0,2021-10-06T10:22:00-04:00,1.4000000000000057,6847.039999999966,249.0,2021-10-06T13:40:00-04:00,2.700000000000003,4247.039999999973,250.0,2021-10-06T13:41:00-04:00,2.8500000000000085,3947.039999999961,52.0,2021-10-06T10:23:00-04:00,3.5999999999999943,2447.0399999999895,51.0,2021-10-06T10:22:00-04:00,1.4000000000000057,6847.039999999966,402.0,2021-10-06T16:13:00-04:00,1.75,6147.039999999978,1442.0,2021-10-07T09:33:00-04:00,0.7500000000000018,8147.0399999999745,52.0,2021-10-06T10:23:00-04:00,3.5999999999999943,2447.0399999999895,1440.0,2021-10-07T09:31:00-04:00,0.8999999999999986,7847.039999999981,1441.0,2021-10-07T09:32:00-04:00,0.8000000000000007,8047.039999999976,1442.0,2021-10-07T09:33:00-04:00,0.7500000000000018,8147.0399999999745,1441.0,2021-10-07T09:32:00-04:00,0.8000000000000007,8047.039999999976,1472.0,2021-10-07T10:03:00-04:00,0.34999999999999964,8947.039999999979,1480.0,2021-10-07T10:11:00-04:00,0.40000000000000036,8847.039999999979,1481.0,2021-10-07T10:12:00-04:00,0.39999999999999947,8847.039999999979,1473.0,2021-10-07T10:04:00-04:00,0.4500000000000002,8747.039999999979,21
2021-10-06,2021-10-08,2,6.0,2021-10-06T09:31:00-04:00,5.9500000000000455,NDXP  211008P14660000,NDXP  211008P14650000,development,False,False,0,0,0,4,0,1196,available,False,2021-10-06T09:31:00-04:00,2021-10-08T16:00:00-04:00,0.024999999999999994,11597.040000000092,0.0,last_observed_quote_not_settlement,1036.0,9,6,5.549999999999983,547.0400000001257,2021-10-06T09:32:00-04:00,0.0,6.199999999999989,-752.9599999998857,2021-10-06T09:33:00-04:00,0.0,5.25,1147.0400000000916,2021-10-06T09:36:00-04:00,0.0,4.75,2147.040000000092,2021-10-06T09:41:00-04:00,0.0,4.600000000000023,2447.0400000000463,2021-10-06T09:46:00-04:00,0.0,5.850000000000023,-52.959999999953816,2021-10-06T10:01:00-04:00,0.0,4.050000000000011,3547.040000000069,2021-10-06T10:31:00-04:00,0.0,4.75,2147.040000000092,2021-10-06T11:31:00-04:00,0.0,2.950000000000003,5747.040000000086,2021-10-06T16:00:00-04:00,0.0,0.75,10147.040000000092,2021-10-07T16:00:00-04:00,0.0,0.024999999999999994,11597.040000000092,2021-10-08T16:00:00-04:00,0.0,,,,,4.0,hit,4.0,hit,61.0,hit,287.0,hit,1440.0,hit,1440.0,hit,1454.0,hit,36.0,hit,,never_hit,,never_hit,,never_hit,,never_hit,,never_hit,6.799999999999983,9,False,False,False,False,,6.799999999999983,9,False,False,False,False,,6.799999999999983,9,False,False,False,False,,6.799999999999983,9,False,False,False,False,,287.0,2021-10-06T14:18:00-04:00,2.9499999999999886,5747.040000000115,312.0,2021-10-06T14:43:00-04:00,2.8999999999999915,5847.040000000109,386.0,2021-10-06T15:57:00-04:00,2.8000000000000043,6047.040000000083,288.0,2021-10-06T14:19:00-04:00,3.1500000000000057,5347.04000000008,1440.0,2021-10-07T09:31:00-04:00,0.8999999999999986,9847.040000000095,1441.0,2021-10-07T09:32:00-04:00,1.2500000000000036,9147.040000000085,1442.0,2021-10-07T09:33:00-04:00,0.9499999999999957,9747.040000000101,1441.0,2021-10-07T09:32:00-04:00,1.2500000000000036,9147.040000000085,1440.0,2021-10-07T09:31:00-04:00,0.8999999999999986,9847.040000000095,1445.0,2021-10-07T09:36:00-04:00,0.8999999999999986,9847.040000000095,1450.0,2021-10-07T09:41:00-04:00,0.8499999999999979,9947.040000000097,1441.0,2021-10-07T09:32:00-04:00,1.2500000000000036,9147.040000000085,1454.0,2021-10-07T09:45:00-04:00,0.34999999999999964,10947.040000000094,1506.0,2021-10-07T10:37:00-04:00,0.40000000000000036,10847.040000000092,1507.0,2021-10-07T10:38:00-04:00,0.4499999999999993,10747.040000000094,1455.0,2021-10-07T09:46:00-04:00,0.8499999999999979,9947.040000000097,22
2021-10-06,2021-10-08,2,7.0,2021-10-06T09:31:00-04:00,6.950000000000017,NDXP  211008P14720000,NDXP  211008P14710000,development,False,False,0,0,0,46,0,1154,available,False,2021-10-06T09:31:00-04:00,2021-10-08T15:52:00-04:00,0.050000000000000044,13547.040000000035,8.0,last_observed_quote_not_settlement,1036.0,6,4,6.549999999999983,547.0400000000689,2021-10-06T09:32:00-04:00,0.0,6.649999999999977,347.0400000000803,2021-10-06T09:33:00-04:00,0.0,6.150000000000006,1347.0400000000234,2021-10-06T09:36:00-04:00,0.0,5.649999999999977,2347.0400000000805,2021-10-06T09:41:00-04:00,0.0,5.399999999999977,2847.0400000000805,2021-10-06T09:46:00-04:00,0.0,6.150000000000034,1347.0399999999665,2021-10-06T10:01:00-04:00,0.0,4.699999999999989,4247.040000000057,2021-10-06T10:31:00-04:00,0.0,5.650000000000006,2347.0400000000236,2021-10-06T11:31:00-04:00,0.0,3.6500000000000057,6347.040000000024,2021-10-06T16:00:00-04:00,0.0,1.200000000000001,11247.040000000034,2021-10-07T16:00:00-04:00,0.0,,,2021-10-08T15:52:00-04:00,480.0,,,,,11.0,hit,13.0,hit,280.0,hit,1440.0,hit,1440.0,hit,1473.0,hit,1520.0,hit,32.0,hit,,never_hit,32.0,hit,,never_hit,,never_hit,,never_hit,7.599999999999994,6,True,False,False,False,,7.599999999999994,6,True,False,False,False,,7.599999999999994,6,True,False,False,False,,7.599999999999994,6,True,False,False,False,,1440.0,2021-10-07T09:31:00-04:00,1.75,10147.040000000035,1441.0,2021-10-07T09:32:00-04:00,1.5999999999999979,10447.040000000039,1442.0,2021-10-07T09:33:00-04:00,1.4499999999999993,10747.040000000037,1441.0,2021-10-07T09:32:00-04:00,1.5999999999999979,10447.040000000039,1440.0,2021-10-07T09:31:00-04:00,1.75,10147.040000000035,1441.0,2021-10-07T09:32:00-04:00,1.5999999999999979,10447.040000000039,1442.0,2021-10-07T09:33:00-04:00,1.4499999999999993,10747.040000000037,1441.0,2021-10-07T09:32:00-04:00,1.5999999999999979,10447.040000000039,1480.0,2021-10-07T10:11:00-04:00,0.8499999999999996,11947.040000000037,1481.0,2021-10-07T10:12:00-04:00,0.9499999999999993,11747.040000000037,1485.0,2021-10-07T10:16:00-04:00,0.8999999999999986,11847.040000000039,1481.0,2021-10-07T10:12:00-04:00,0.9499999999999993,11747.040000000037,1696.0,2021-10-07T13:47:00-04:00,0.4499999999999993,12747.040000000037,2882.0,2021-10-08T09:33:00-04:00,0.39999999999999947,12847.040000000037,2942.0,2021-10-08T10:33:00-04:00,0.37500000000000044,12897.040000000034,1697.0,2021-10-07T13:48:00-04:00,0.5999999999999996,12447.040000000037,23
2021-10-08,2021-10-11,3,5.0,2021-10-08T09:31:00-04:00,4.849999999999994,NDXP  211011P14950000,NDXP  211011P14940000,development,False,False,0,0,0,28,0,767,available,False,2021-10-08T09:31:00-04:00,2021-10-11T15:56:00-04:00,8.350000000000023,-7252.960000000058,4.0,last_observed_quote_not_settlement,3916.0,736,5,4.450000000000003,547.0399999999836,2021-10-08T09:32:00-04:00,0.0,4.150000000000006,1147.039999999978,2021-10-08T09:33:00-04:00,0.0,5.5,-1552.9600000000107,2021-10-08T09:36:00-04:00,0.0,5.000000000000014,-552.9600000000391,2021-10-08T09:41:00-04:00,0.0,5.5,-1552.9600000000107,2021-10-08T09:46:00-04:00,0.0,5.3999999999999915,-1352.9599999999937,2021-10-08T10:01:00-04:00,0.0,5.200000000000003,-952.9600000000164,2021-10-08T10:31:00-04:00,0.0,6.349999999999994,-3252.959999999999,2021-10-08T11:31:00-04:00,0.0,7.600000000000023,-5752.960000000056,2021-10-08T16:00:00-04:00,0.0,,,2021-10-08T16:15:00-04:00,85500.0,,,2021-10-08T16:15:00-04:00,171900.0,,,2021-10-11T15:56:00-04:00,240.0,0.0,hit,0.0,hit,,never_hit,,never_hit,,never_hit,,never_hit,,never_hit,4.0,hit,6.0,hit,94.0,hit,118.0,hit,4320.0,hit,4320.0,hit,,,True,True,True,False,0.6999999999999886,,,True,True,True,False,0.6999999999999886,,,True,True,True,False,0.6999999999999886,,,True,True,True,False,0.6999999999999886,,,,,,,,,,,,,,,,,,,,,,,,,,,,,,,,,,,,,,,,,,,,,,,,,,,,,,,,,,,,,,,,,24
2021-10-08,2021-10-11,3,6.0,2021-10-08T09:31:00-04:00,6.099999999999994,NDXP  211011P15000000,NDXP  211011P14990000,development,False,False,0,0,0,91,0,704,available,False,2021-10-08T09:31:00-04:00,2021-10-11T16:00:00-04:00,10.0,-7952.960000000011,0.0,last_observed_quote_not_settlement,3916.0,632,5,5.699999999999989,547.040000000012,2021-10-08T09:32:00-04:00,0.0,5.550000000000011,847.0399999999665,2021-10-08T09:33:00-04:00,0.0,6.699999999999989,-1452.959999999988,2021-10-08T09:36:00-04:00,0.0,5.6499999999999915,647.0400000000063,2021-10-08T09:41:00-04:00,0.0,6.549999999999983,-1152.9599999999766,2021-10-08T09:46:00-04:00,0.0,6.550000000000011,-1152.9600000000335,2021-10-08T10:01:00-04:00,0.0,6.449999999999989,-952.959999999988,2021-10-08T10:31:00-04:00,0.0,7.400000000000006,-2852.960000000022,2021-10-08T11:31:00-04:00,0.0,8.099999999999994,-4252.960000000001,2021-10-08T16:00:00-04:00,0.0,,,2021-10-08T16:15:00-04:00,85500.0,,,2021-10-08T16:15:00-04:00,171900.0,10.0,-7952.960000000011,2021-10-11T16:00:00-04:00,0.0,,never_hit,,never_hit,,never_hit,,never_hit,,never_hit,,never_hit,,never_hit,4.0,hit,4.0,hit,4.0,hit,22.0,hit,129.0,hit,4320.0,hit,,,True,True,True,False,0.549999999999983,,,True,True,True,False,0.549999999999983,,,True,True,True,False,0.549999999999983,,,True,True,True,False,0.549999999999983,,,,,,,,,,,,,,,,,,,,,,,,,,,,,,,,,,,,,,,,,,,,,,,,,,,,,,,,,,,,,,,,,25
2021-10-08,2021-10-11,3,7.0,2021-10-08T09:31:00-04:00,7.049999999999983,NDXP  211011P15050000,NDXP  211011P15040000,development,False,False,0,0,0,117,0,678,available,False,2021-10-08T09:31:00-04:00,2021-10-11T16:00:00-04:00,10.0,-6052.960000000034,0.0,last_observed_quote_not_settlement,3916.0,586,9,6.699999999999989,447.03999999998933,2021-10-08T09:32:00-04:00,0.0,6.649999999999977,547.040000000012,2021-10-08T09:33:00-04:00,0.0,7.699999999999989,-1552.9600000000107,2021-10-08T09:36:00-04:00,0.0,7.800000000000011,-1752.9600000000562,2021-10-08T09:41:00-04:00,0.0,7.550000000000011,-1252.9600000000562,2021-10-08T09:46:00-04:00,0.0,7.600000000000023,-1352.960000000079,2021-10-08T10:01:00-04:00,0.0,7.549999999999983,-1252.9599999999994,2021-10-08T10:31:00-04:00,0.0,8.599999999999994,-3352.9600000000237,2021-10-08T11:31:00-04:00,0.0,9.999999999999972,-6052.960000000034,2021-10-08T16:00:00-04:00,0.0,,,2021-10-08T16:15:00-04:00,85500.0,,,2021-10-08T16:15:00-04:00,171900.0,10.0,-6052.960000000034,2021-10-11T16:00:00-04:00,0.0,,never_hit,,never_hit,,never_hit,,never_hit,,never_hit,,never_hit,,never_hit,4.0,hit,4.0,hit,0.0,hit,4.0,hit,37.0,hit,246.0,hit,,,True,True,True,False,0.4000000000000057,,,True,True,True,False,0.4000000000000057,,,True,True,True,False,0.4000000000000057,,,True,True,True,False,0.4000000000000057,,,,,,,,,,,,,,,,,,,,,,,,,,,,,,,,,,,,,,,,,,,,,,,,,,,,,,,,,,,,,,,,,26
2021-10-11,2021-10-13,2,5.0,2021-10-11T09:31:00-04:00,5.050000000000011,NDXP  211013P14810000,NDXP  211013P14800000,development,False,False,0,0,0,6,0,1194,available,False,2021-10-11T09:31:00-04:00,2021-10-13T16:00:00-04:00,9.500000000000004,-9152.959999999985,0.0,last_observed_quote_not_settlement,1036.0,810,15,5.25,-652.9599999999766,2021-10-11T09:32:00-04:00,0.0,4.650000000000006,547.040000000012,2021-10-11T09:33:00-04:00,0.0,4.8999999999999915,47.0400000000405,2021-10-11T09:36:00-04:00,0.0,3.950000000000003,1947.0400000000177,2021-10-11T09:41:00-04:00,0.0,3.6000000000000085,2647.0400000000063,2021-10-11T09:46:00-04:00,0.0,3.0999999999999943,3647.040000000035,2021-10-11T10:01:00-04:00,0.0,2.8999999999999915,4047.040000000041,2021-10-11T10:31:00-04:00,0.0,3.0,3847.0400000000236,2021-10-11T11:31:00-04:00,0.0,5.849999999999994,-1852.9599999999652,2021-10-11T16:00:00-04:00,0.0,7.149999999999977,-4452.959999999931,2021-10-12T16:00:00-04:00,0.0,9.500000000000004,-9152.959999999985,2021-10-13T16:00:00-04:00,0.0,,,,,0.0,hit,2.0,hit,10.0,hit,40.0,hit,,never_hit,,never_hit,,never_hit,381.0,hit,395.0,hit,1470.0,hit,1512.0,hit,1821.0,hit,3196.0,hit,5.25,1,False,False,False,False,,,,True,True,True,False,2.450000000000017,,,True,True,True,False,2.450000000000017,,,True,True,True,False,2.450000000000017,40.0,2021-10-11T10:11:00-04:00,2.799999999999997,4247.040000000029,41.0,2021-10-11T10:12:00-04:00,2.8999999999999986,4047.0400000000263,42.0,2021-10-11T10:13:00-04:00,2.799999999999997,4247.040000000029,41.0,2021-10-11T10:12:00-04:00,2.8999999999999986,4047.0400000000263,,,,,,,,,,,,,,,,,,,,,,,,,,,,,,,,,,,,,,,,,,,,,,,,,27
2021-10-11,2021-10-13,2,6.0,2021-10-11T09:31:00-04:00,6.049999999999983,NDXP  211013P14870000,NDXP  211013P14860000,development,False,False,0,0,0,12,0,1188,available,False,2021-10-11T09:31:00-04:00,2021-10-13T16:00:00-04:00,10.0,-8052.960000000034,0.0,last_observed_quote_not_settlement,1036.0,806,16,6.25,-652.9600000000335,2021-10-11T09:32:00-04:00,0.0,5.850000000000023,147.03999999992112,2021-10-11T09:33:00-04:00,0.0,5.699999999999989,447.03999999998933,2021-10-11T09:36:00-04:00,0.0,4.950000000000003,1947.0399999999609,2021-10-11T09:41:00-04:00,0.0,4.5,2847.0399999999668,2021-10-11T09:46:00-04:00,0.0,4.0,3847.0399999999668,2021-10-11T10:01:00-04:00,0.0,3.799999999999997,4247.039999999973,2021-10-11T10:31:00-04:00,0.0,4.0,3847.0399999999668,2021-10-11T11:31:00-04:00,0.0,7.099999999999994,-2352.960000000022,2021-10-11T16:00:00-04:00,0.0,9.149999999999977,-6452.95999999999,2021-10-12T16:00:00-04:00,0.0,10.0,-8052.960000000034,2021-10-13T16:00:00-04:00,0.0,,,,,3.0,hit,10.0,hit,30.0,hit,,never_hit,,never_hit,,never_hit,,never_hit,365.0,hit,379.0,hit,379.0,hit,1483.0,hit,1529.0,hit,1674.0,hit,,,True,True,True,False,2.549999999999983,,,True,True,True,False,2.549999999999983,,,True,True,True,False,2.549999999999983,,,True,True,True,False,2.549999999999983,,,,,,,,,,,,,,,,,,,,,,,,,,,,,,,,,,,,,,,,,,,,,,,,,,,,,,,,,,,,,,,,,28
2021-10-11,2021-10-13,2,7.0,2021-10-11T09:31:00-04:00,7.099999999999966,NDXP  211013P14930000,NDXP  211013P14920000,development,False,False,0,0,0,32,0,1168,available,False,2021-10-11T09:31:00-04:00,2021-10-13T16:00:00-04:00,10.0,-5952.960000000068,0.0,last_observed_quote_not_settlement,1036.0,783,9,7.300000000000011,-652.9600000000903,2021-10-11T09:32:00-04:00,0.0,6.749999999999972,447.03999999998933,2021-10-11T09:33:00-04:00,0.0,6.349999999999966,1247.0400000000006,2021-10-11T09:36:00-04:00,0.0,6.0,1947.0399999999324,2021-10-11T09:41:00-04:00,0.0,5.750000000000028,2447.039999999876,2021-10-11T09:46:00-04:00,0.0,4.900000000000006,4147.039999999921,2021-10-11T10:01:00-04:00,0.0,4.800000000000011,4347.03999999991,2021-10-11T10:31:00-04:00,0.0,5.1000000000000085,3747.0399999999154,2021-10-11T11:31:00-04:00,0.0,6.949999999999989,47.039999999955235,2021-10-11T16:00:00-04:00,0.0,9.600000000000023,-5252.960000000115,2021-10-12T16:00:00-04:00,0.0,10.0,-5952.960000000068,2021-10-13T16:00:00-04:00,0.0,,,,,6.0,hit,6.0,hit,,never_hit,,never_hit,,never_hit,,never_hit,,never_hit,377.0,hit,386.0,hit,0.0,hit,386.0,hit,1442.0,hit,1512.0,hit,,,True,True,True,False,2.599999999999966,,,True,True,True,False,2.599999999999966,,,True,True,True,False,2.599999999999966,,,True,True,True,False,2.599999999999966,,,,,,,,,,,,,,,,,,,,,,,,,,,,,,,,,,,,,,,,,,,,,,,,,,,,,,,,,,,,,,,,,29
2021-10-15,2021-10-18,3,5.0,2021-10-15T09:31:00-04:00,5.0,NDXP  211018P15100000,NDXP  211018P15090000,development,False,False,0,0,0,5,0,790,available,False,2021-10-15T09:31:00-04:00,2021-10-18T16:00:00-04:00,0.0,9747.04,0.0,last_observed_quote_not_settlement,3916.0,55,32,5.6000000000000085,-1452.9600000000164,2021-10-15T09:32:00-04:00,0.0,5.049999999999997,-352.9599999999936,2021-10-15T09:33:00-04:00,0.0,5.450000000000003,-1152.960000000005,2021-10-15T09:36:00-04:00,0.0,4.75,247.04000000000067,2021-10-15T09:41:00-04:00,0.0,5.200000000000003,-652.960000000005,2021-10-15T09:46:00-04:00,0.0,4.849999999999994,47.04000000001208,2021-10-15T10:01:00-04:00,0.0,5.150000000000006,-552.9600000000107,2021-10-15T10:31:00-04:00,0.0,3.8999999999999986,1947.0400000000036,2021-10-15T11:31:00-04:00,0.0,3.1499999999999915,3447.0400000000177,2021-10-15T16:00:00-04:00,0.0,,,2021-10-15T16:15:00-04:00,85500.0,,,2021-10-15T16:15:00-04:00,171900.0,0.0,9747.04,2021-10-18T16:00:00-04:00,0.0,0.0,hit,0.0,hit,74.0,hit,392.0,hit,4355.0,hit,4402.0,hit,4418.0,hit,1.0,hit,150.0,hit,,never_hit,,never_hit,,never_hit,,never_hit,6.1000000000000085,50,False,False,False,False,,6.1000000000000085,55,False,False,False,False,,6.1000000000000085,55,False,False,False,False,,6.1000000000000085,55,False,False,False,False,,397.0,2021-10-15T16:08:00-04:00,2.9000000000000057,3947.0399999999895,4338.0,2021-10-18T09:49:00-04:00,2.6000000000000014,4547.039999999998,4339.0,2021-10-18T09:50:00-04:00,2.299999999999997,5147.040000000006,398.0,2021-10-15T16:09:00-04:00,3.049999999999997,3647.0400000000063,4355.0,2021-10-18T10:06:00-04:00,1.8500000000000014,6047.039999999998,4358.0,2021-10-18T10:09:00-04:00,1.6500000000000004,6447.04,4359.0,2021-10-18T10:10:00-04:00,1.700000000000001,6347.039999999998,4356.0,2021-10-18T10:07:00-04:00,2.0,5747.040000000001,4410.0,2021-10-18T11:01:00-04:00,0.8499999999999996,8047.040000000002,4411.0,2021-10-18T11:02:00-04:00,0.8000000000000007,8147.04,4412.0,2021-10-18T11:03:00-04:00,0.6999999999999997,8347.04,4411.0,2021-10-18T11:02:00-04:00,0.8000000000000007,8147.04,4419.0,2021-10-18T11:10:00-04:00,0.15000000000000036,9447.04,4420.0,2021-10-18T11:11:00-04:00,0.17500000000000027,9397.04,4431.0,2021-10-18T11:22:00-04:00,0.4249999999999998,8897.040000000003,4420.0,2021-10-18T11:11:00-04:00,0.17500000000000027,9397.04,30
2021-10-15,2021-10-18,3,6.0,2021-10-15T09:31:00-04:00,6.049999999999997,NDXP  211018P15140000,NDXP  211018P15130000,development,False,False,0,0,0,2,0,793,available,False,2021-10-15T09:31:00-04:00,2021-10-18T16:00:00-04:00,0.0,11847.039999999995,0.0,last_observed_quote_not_settlement,3916.0,69,34,6.400000000000006,-952.9600000000164,2021-10-15T09:32:00-04:00,0.0,6.099999999999994,-352.9599999999936,2021-10-15T09:33:00-04:00,0.0,6.25,-652.960000000005,2021-10-15T09:36:00-04:00,0.0,5.900000000000006,47.03999999998366,2021-10-15T09:41:00-04:00,0.0,6.299999999999997,-752.9599999999994,2021-10-15T09:46:00-04:00,0.0,6.0,-152.96000000000498,2021-10-15T10:01:00-04:00,0.0,6.1499999999999915,-452.95999999998793,2021-10-15T10:31:00-04:00,0.0,5.049999999999983,1747.040000000029,2021-10-15T11:31:00-04:00,0.0,4.249999999999993,3347.040000000009,2021-10-15T16:00:00-04:00,0.0,,,2021-10-15T16:15:00-04:00,85500.0,,,2021-10-15T16:15:00-04:00,171900.0,0.0,11847.039999999995,2021-10-18T16:00:00-04:00,0.0,29.0,hit,29.0,hit,386.0,hit,4363.0,hit,4410.0,hit,4421.0,hit,4478.0,hit,23.0,hit,4325.0,hit,4325.0,hit,,never_hit,,never_hit,,never_hit,7.1000000000000085,69,True,False,False,False,,7.1000000000000085,69,True,False,False,False,,7.1000000000000085,69,True,False,False,False,,7.1000000000000085,69,True,False,False,False,,4364.0,2021-10-18T10:15:00-04:00,2.799999999999997,6247.040000000001,4400.0,2021-10-18T10:51:00-04:00,2.25,7347.039999999995,4401.0,2021-10-18T10:52:00-04:00,2.5500000000000007,6747.039999999994,4365.0,2021-10-18T10:16:00-04:00,3.3999999999999986,5047.039999999998,4410.0,2021-10-18T11:01:00-04:00,1.6999999999999993,8447.039999999997,4411.0,2021-10-18T11:02:00-04:00,1.8999999999999986,8047.039999999998,4412.0,2021-10-18T11:03:00-04:00,1.75,8347.039999999995,4411.0,2021-10-18T11:02:00-04:00,1.8999999999999986,8047.039999999998,4431.0,2021-10-18T11:22:00-04:00,0.9499999999999993,9947.039999999997,4432.0,2021-10-18T11:23:00-04:00,0.9000000000000004,10047.039999999995,4433.0,2021-10-18T11:24:00-04:00,0.9000000000000004,10047.039999999995,4432.0,2021-10-18T11:23:00-04:00,0.9000000000000004,10047.039999999995,4479.0,2021-10-18T12:10:00-04:00,0.4499999999999993,10947.039999999997,4480.0,2021-10-18T12:11:00-04:00,0.3999999999999999,11047.039999999995,4481.0,2021-10-18T12:12:00-04:00,0.3999999999999999,11047.039999999995,4480.0,2021-10-18T12:11:00-04:00,0.3999999999999999,11047.039999999995,31
2021-10-15,2021-10-18,3,7.0,2021-10-15T09:31:00-04:00,7.350000000000023,NDXP  211018P15190000,NDXP  211018P15180000,development,False,False,0,0,0,33,0,762,available,False,2021-10-15T09:31:00-04:00,2021-10-18T15:59:00-04:00,0.024999999999999994,14397.040000000046,1.0,last_observed_quote_not_settlement,3916.0,42,46,7.4500000000000455,-452.9600000000448,2021-10-15T09:32:00-04:00,0.0,7.25,-52.959999999953816,2021-10-15T09:33:00-04:00,0.0,7.349999999999994,-252.95999999994245,2021-10-15T09:36:00-04:00,0.0,7.25,-52.959999999953816,2021-10-15T09:41:00-04:00,0.0,7.450000000000017,-452.95999999998793,2021-10-15T09:46:00-04:00,0.0,7.200000000000017,47.04000000001208,2021-10-15T10:01:00-04:00,0.0,7.399999999999977,-352.95999999990835,2021-10-15T10:31:00-04:00,0.0,6.400000000000006,1647.0400000000348,2021-10-15T11:31:00-04:00,0.0,5.199999999999989,4047.040000000069,2021-10-15T16:00:00-04:00,0.0,,,2021-10-15T16:15:00-04:00,85500.0,,,2021-10-15T16:15:00-04:00,171900.0,,,2021-10-18T15:59:00-04:00,60.0,389.0,hit,4396.0,hit,4414.0,hit,4414.0,hit,4456.0,hit,4540.0,hit,4554.0,hit,17.0,hit,4320.0,hit,0.0,hit,4320.0,hit,4320.0,hit,4320.0,hit,9.899999999999991,42,True,True,True,True,,9.899999999999991,42,True,True,True,True,,9.899999999999991,42,True,True,True,True,,9.899999999999991,42,True,True,True,True,,4414.0,2021-10-18T11:05:00-04:00,2.9499999999999993,8547.040000000048,4422.0,2021-10-18T11:13:00-04:00,2.900000000000002,8647.040000000043,4433.0,2021-10-18T11:24:00-04:00,2.75,8947.040000000046,4415.0,2021-10-18T11:06:00-04:00,4.149999999999999,6147.040000000049,4463.0,2021-10-18T11:54:00-04:00,1.9000000000000004,10647.040000000046,4464.0,2021-10-18T11:55:00-04:00,1.8000000000000007,10847.040000000046,4465.0,2021-10-18T11:56:00-04:00,1.9000000000000004,10647.040000000046,4464.0,2021-10-18T11:55:00-04:00,1.8000000000000007,10847.040000000046,4542.0,2021-10-18T13:13:00-04:00,0.8999999999999995,12647.040000000048,4543.0,2021-10-18T13:14:00-04:00,0.8999999999999995,12647.040000000048,4544.0,2021-10-18T13:15:00-04:00,0.875,12697.040000000046,4543.0,2021-10-18T13:14:00-04:00,0.8999999999999995,12647.040000000048,4554.0,2021-10-18T13:25:00-04:00,0.4249999999999998,13597.040000000048,4557.0,2021-10-18T13:28:00-04:00,0.3999999999999997,13647.040000000048,4561.0,2021-10-18T13:32:00-04:00,0.42500000000000027,13597.040000000046,4555.0,2021-10-18T13:26:00-04:00,0.5749999999999997,13297.040000000046,32
2021-10-18,2021-10-20,2,5.0,2021-10-18T09:31:00-04:00,4.849999999999994,NDXP  211020P15110000,NDXP  211020P15100000,development,False,False,0,0,0,59,0,1141,available,False,2021-10-18T09:31:00-04:00,2021-10-20T16:00:00-04:00,0.05000000000000071,9347.039999999988,0.0,last_observed_quote_not_settlement,1036.0,4,2,4.549999999999997,347.039999999995,2021-10-18T09:32:00-04:00,0.0,4.150000000000006,1147.039999999978,2021-10-18T09:33:00-04:00,0.0,5.150000000000006,-852.9600000000221,2021-10-18T09:36:00-04:00,0.0,4.75,-52.96000000001066,2021-10-18T09:41:00-04:00,0.0,4.25,947.0399999999893,2021-10-18T09:46:00-04:00,0.0,3.6500000000000057,2147.039999999978,2021-10-18T10:01:00-04:00,0.0,3.1999999999999957,3047.0399999999977,2021-10-18T10:31:00-04:00,0.0,2.4499999999999957,4547.039999999998,2021-10-18T11:31:00-04:00,0.0,1.1999999999999993,7047.039999999991,2021-10-18T16:00:00-04:00,0.0,,,2021-10-19T15:59:00-04:00,60.0,0.05000000000000071,9347.039999999988,2021-10-20T16:00:00-04:00,0.0,,,,,0.0,hit,0.0,hit,12.0,hit,44.0,hit,142.0,hit,379.0,hit,1451.0,hit,,never_hit,,never_hit,,never_hit,,never_hit,,never_hit,,never_hit,5.150000000000006,4,False,False,False,False,,5.150000000000006,4,False,False,False,False,,5.150000000000006,4,False,False,False,False,,5.150000000000006,4,False,False,False,False,,80.0,2021-10-18T10:51:00-04:00,2.8999999999999986,3647.0399999999922,83.0,2021-10-18T10:54:00-04:00,2.9499999999999957,3547.0399999999977,84.0,2021-10-18T10:55:00-04:00,2.799999999999997,3847.039999999995,81.0,2021-10-18T10:52:00-04:00,2.950000000000003,3547.0399999999836,159.0,2021-10-18T12:10:00-04:00,1.9000000000000021,5647.039999999985,160.0,2021-10-18T12:11:00-04:00,1.8999999999999986,5647.039999999992,181.0,2021-10-18T12:32:00-04:00,1.9000000000000021,5647.039999999985,160.0,2021-10-18T12:11:00-04:00,1.8999999999999986,5647.039999999992,379.0,2021-10-18T15:50:00-04:00,0.8999999999999986,7647.039999999992,1441.0,2021-10-19T09:32:00-04:00,0.8000000000000007,7847.039999999988,1442.0,2021-10-19T09:33:00-04:00,0.6500000000000004,8147.039999999989,380.0,2021-10-18T15:51:00-04:00,1.1500000000000021,7147.039999999985,1451.0,2021-10-19T09:42:00-04:00,0.4499999999999993,8547.039999999992,1479.0,2021-10-19T10:10:00-04:00,0.4499999999999993,8547.039999999992,1480.0,2021-10-19T10:11:00-04:00,0.4499999999999993,8547.039999999992,1452.0,2021-10-19T09:43:00-04:00,0.6500000000000004,8147.039999999989,33
2021-10-18,2021-10-20,2,6.0,2021-10-18T09:31:00-04:00,5.950000000000017,NDXP  211020P15160000,NDXP  211020P15150000,development,False,False,0,0,0,1,0,1199,available,False,2021-10-18T09:31:00-04:00,2021-10-20T16:00:00-04:00,0.0,11647.040000000035,0.0,last_observed_quote_not_settlement,1036.0,5,4,5.25,1147.0400000000348,2021-10-18T09:32:00-04:00,0.0,5.550000000000011,547.040000000012,2021-10-18T09:33:00-04:00,0.0,6.199999999999989,-752.9599999999425,2021-10-18T09:36:00-04:00,0.0,5.6499999999999915,347.04000000005186,2021-10-18T09:41:00-04:00,0.0,5.099999999999994,1447.0400000000461,2021-10-18T09:46:00-04:00,0.0,4.450000000000003,2747.040000000029,2021-10-18T10:01:00-04:00,0.0,4.199999999999989,3247.0400000000577,2021-10-18T10:31:00-04:00,0.0,3.299999999999997,5047.040000000041,2021-10-18T11:31:00-04:00,0.0,1.8000000000000007,8047.040000000034,2021-10-18T16:00:00-04:00,0.0,0.34999999999999964,10947.040000000037,2021-10-19T16:00:00-04:00,0.0,0.0,11647.040000000035,2021-10-20T16:00:00-04:00,0.0,,,,,1.0,hit,12.0,hit,37.0,hit,121.0,hit,319.0,hit,1440.0,hit,1484.0,hit,,never_hit,,never_hit,,never_hit,,never_hit,,never_hit,,never_hit,6.3999999999999915,5,False,False,False,False,,6.3999999999999915,5,False,False,False,False,,6.3999999999999915,5,False,False,False,False,,6.3999999999999915,5,False,False,False,False,,136.0,2021-10-18T11:47:00-04:00,2.8500000000000085,5947.040000000018,137.0,2021-10-18T11:48:00-04:00,2.8999999999999915,5847.040000000052,138.0,2021-10-18T11:49:00-04:00,2.8999999999999986,5847.040000000037,137.0,2021-10-18T11:48:00-04:00,2.8999999999999915,5847.040000000052,320.0,2021-10-18T14:51:00-04:00,1.9499999999999993,7747.040000000036,321.0,2021-10-18T14:52:00-04:00,1.8000000000000007,8047.040000000034,322.0,2021-10-18T14:53:00-04:00,1.8999999999999986,7847.040000000037,321.0,2021-10-18T14:52:00-04:00,1.8000000000000007,8047.040000000034,1449.0,2021-10-19T09:40:00-04:00,0.8000000000000007,10047.040000000034,1450.0,2021-10-19T09:41:00-04:00,0.8000000000000007,10047.040000000034,1451.0,2021-10-19T09:42:00-04:00,0.9000000000000004,9847.040000000035,1450.0,2021-10-19T09:41:00-04:00,0.8000000000000007,10047.040000000034,1484.0,2021-10-19T10:15:00-04:00,0.40000000000000036,10847.040000000035,1521.0,2021-10-19T10:52:00-04:00,0.3000000000000007,11047.040000000034,1522.0,2021-10-19T10:53:00-04:00,0.39999999999999947,10847.040000000037,1485.0,2021-10-19T10:16:00-04:00,0.5499999999999989,10547.040000000037,34
2021-10-18,2021-10-20,2,7.0,2021-10-18T09:31:00-04:00,7.0,NDXP  211020P15210000,NDXP  211020P15200000,development,False,False,0,0,0,2,0,1198,available,False,2021-10-18T09:31:00-04:00,2021-10-20T16:00:00-04:00,9.825000000000001,-5902.960000000004,0.0,last_observed_quote_not_settlement,1036.0,3,3,6.600000000000023,547.0399999999552,2021-10-18T09:32:00-04:00,0.0,6.599999999999994,547.040000000012,2021-10-18T09:33:00-04:00,0.0,7.150000000000006,-552.9600000000107,2021-10-18T09:36:00-04:00,0.0,6.75,247.04000000000067,2021-10-18T09:41:00-04:00,0.0,6.25,1247.0400000000006,2021-10-18T09:46:00-04:00,0.0,5.799999999999983,2147.040000000035,2021-10-18T10:01:00-04:00,0.0,5.3999999999999915,2947.0400000000177,2021-10-18T10:31:00-04:00,0.0,4.349999999999994,5047.040000000012,2021-10-18T11:31:00-04:00,0.0,2.549999999999997,8647.040000000008,2021-10-18T16:00:00-04:00,0.0,0.025000000000000355,13697.04,2021-10-19T16:00:00-04:00,0.0,9.825000000000001,-5902.960000000004,2021-10-20T16:00:00-04:00,0.0,,,,,35.0,hit,79.0,hit,104.0,hit,312.0,hit,1440.0,hit,1483.0,hit,1576.0,hit,3269.0,hit,3269.0,hit,0.0,hit,3269.0,hit,3269.0,hit,3269.0,hit,7.150000000000006,3,True,False,False,False,,7.150000000000006,3,True,False,False,False,,7.150000000000006,3,True,False,False,False,,7.150000000000006,3,True,False,False,False,,312.0,2021-10-18T14:43:00-04:00,2.9499999999999957,7847.040000000009,320.0,2021-10-18T14:51:00-04:00,2.799999999999997,8147.040000000007,321.0,2021-10-18T14:52:00-04:00,2.799999999999997,8147.040000000007,313.0,2021-10-18T14:44:00-04:00,3.0,7747.040000000001,1440.0,2021-10-19T09:31:00-04:00,1.7000000000000028,10347.039999999995,1441.0,2021-10-19T09:32:00-04:00,1.6999999999999993,10347.040000000003,1442.0,2021-10-19T09:33:00-04:00,1.6499999999999986,10447.040000000005,1441.0,2021-10-19T09:32:00-04:00,1.6999999999999993,10347.040000000003,1490.0,2021-10-19T10:21:00-04:00,0.9499999999999993,11847.040000000003,1499.0,2021-10-19T10:30:00-04:00,0.9000000000000004,11947.04,1526.0,2021-10-19T10:57:00-04:00,0.6500000000000004,12447.04,1491.0,2021-10-19T10:22:00-04:00,1.1500000000000004,11447.04,1618.0,2021-10-19T12:29:00-04:00,0.40000000000000036,12947.04,1619.0,2021-10-19T12:30:00-04:00,0.4499999999999993,12847.040000000003,1789.0,2021-10-19T15:20:00-04:00,0.3500000000000001,13047.04,1619.0,2021-10-19T12:30:00-04:00,0.4499999999999993,12847.040000000003,35
2021-10-19,2021-10-22,3,5.0,2021-10-19T09:31:00-04:00,4.900000000000006,NDXP  211022P15350000,NDXP  211022P15340000,development,False,False,0,0,0,1,0,1604,available,False,2021-10-19T09:31:00-04:00,2021-10-22T16:00:00-04:00,0.9500000000000002,7647.040000000012,0.0,last_observed_quote_not_settlement,1036.0,77,18,4.800000000000011,-52.96000000001066,2021-10-19T09:32:00-04:00,0.0,4.650000000000006,247.04000000000067,2021-10-19T09:33:00-04:00,0.0,5.099999999999994,-652.9599999999766,2021-10-19T09:36:00-04:00,0.0,4.200000000000003,1147.0400000000063,2021-10-19T09:41:00-04:00,0.0,4.25,1047.040000000012,2021-10-19T09:46:00-04:00,0.0,4.699999999999989,147.0400000000348,2021-10-19T10:01:00-04:00,0.0,4.250000000000014,1047.0399999999836,2021-10-19T10:31:00-04:00,0.0,3.70000000000001,2147.0399999999922,2021-10-19T11:31:00-04:00,0.0,1.5499999999999972,6447.040000000018,2021-10-19T16:00:00-04:00,0.0,3.25,3047.0400000000122,2021-10-20T16:00:00-04:00,0.0,0.9500000000000011,7647.04000000001,2021-10-21T16:00:00-04:00,0.0,0.9500000000000002,7647.040000000012,2021-10-22T16:00:00-04:00,0.0,0.0,hit,0.0,hit,26.0,hit,389.0,hit,389.0,hit,390.0,hit,4334.0,hit,7.0,hit,4443.0,hit,4452.0,hit,,never_hit,,never_hit,,never_hit,5.400000000000006,5,False,False,False,False,,5.400000000000006,5,False,False,False,False,,5.400000000000006,5,False,False,False,False,,5.400000000000006,5,False,False,False,False,,389.0,2021-10-19T16:00:00-04:00,1.5499999999999972,6447.040000000018,390.0,2021-10-19T16:01:00-04:00,0.7999999999999972,7947.040000000018,391.0,2021-10-19T16:02:00-04:00,2.799999999999997,3947.0400000000177,390.0,2021-10-19T16:01:00-04:00,0.7999999999999972,7947.040000000018,389.0,2021-10-19T16:00:00-04:00,1.5499999999999972,6447.040000000018,390.0,2021-10-19T16:01:00-04:00,0.7999999999999972,7947.040000000018,2967.0,2021-10-21T10:58:00-04:00,1.8000000000000007,5947.040000000011,390.0,2021-10-19T16:01:00-04:00,0.7999999999999972,7947.040000000018,390.0,2021-10-19T16:01:00-04:00,0.7999999999999972,7947.040000000018,3242.0,2021-10-21T15:33:00-04:00,0.9499999999999993,7647.040000000014,3243.0,2021-10-21T15:34:00-04:00,0.9499999999999993,7647.040000000014,391.0,2021-10-19T16:02:00-04:00,2.799999999999997,3947.0400000000177,4334.0,2021-10-22T09:45:00-04:00,0.0,9547.040000000014,,,,,,,,,4335.0,2021-10-22T09:46:00-04:00,1.0,7547.040000000012,36
2021-10-19,2021-10-22,3,6.0,2021-10-19T09:31:00-04:00,6.0,NDXP  211022P15410000,NDXP  211022P15400000,development,False,False,0,0,0,6,0,1599,available,False,2021-10-19T09:31:00-04:00,2021-10-22T15:59:00-04:00,10.0,-8152.96,1.0,last_observed_quote_not_settlement,1036.0,284,15,5.949999999999989,-152.95999999997656,2021-10-19T09:32:00-04:00,0.0,5.800000000000011,147.03999999997797,2021-10-19T09:33:00-04:00,0.0,6.25,-752.9599999999994,2021-10-19T09:36:00-04:00,0.0,5.549999999999997,647.0400000000063,2021-10-19T09:41:00-04:00,0.0,5.750000000000014,247.03999999997225,2021-10-19T09:46:00-04:00,0.0,6.100000000000023,-452.9600000000448,2021-10-19T10:01:00-04:00,0.0,5.3500000000000085,1047.0399999999836,2021-10-19T10:31:00-04:00,0.0,4.8500000000000085,2047.0399999999836,2021-10-19T11:31:00-04:00,0.0,3.3999999999999915,4947.040000000018,2021-10-19T16:00:00-04:00,0.0,6.449999999999989,-1152.9599999999766,2021-10-20T16:00:00-04:00,0.0,2.0500000000000007,7647.039999999999,2021-10-21T16:00:00-04:00,0.0,,,2021-10-22T15:59:00-04:00,60.0,9.0,hit,86.0,hit,347.0,hit,1651.0,hit,3262.0,hit,,never_hit,,never_hit,4426.0,hit,4431.0,hit,4431.0,hit,4436.0,hit,4447.0,hit,4447.0,hit,6.25,9,False,False,False,False,,6.449999999999989,12,False,False,False,False,,,,True,True,True,False,4.750000000000001,,,True,True,True,False,4.750000000000001,1651.0,2021-10-20T13:02:00-04:00,2.799999999999997,6147.040000000006,3088.0,2021-10-21T12:59:00-04:00,2.8999999999999986,5947.040000000004,3206.0,2021-10-21T14:57:00-04:00,2.8000000000000007,6147.039999999999,1652.0,2021-10-20T13:03:00-04:00,4.650000000000006,2447.0399999999895,3262.0,2021-10-21T15:53:00-04:00,1.9499999999999993,7847.040000000002,3268.0,2021-10-21T15:59:00-04:00,1.6000000000000014,8547.039999999999,4380.0,2021-10-22T10:31:00-04:00,1.5999999999999979,8547.040000000006,3263.0,2021-10-21T15:54:00-04:00,2.200000000000003,7347.039999999995,,,,,,,,,,,,,,,,,,,,,,,,,,,,,,,,,37
2021-10-19,2021-10-22,3,7.0,2021-10-19T09:31:00-04:00,6.950000000000017,NDXP  211022P15460000,NDXP  211022P15450000,development,False,False,0,0,0,11,0,1594,available,False,2021-10-19T09:31:00-04:00,2021-10-22T16:00:00-04:00,9.850000000000009,-6052.959999999984,0.0,last_observed_quote_not_settlement,1036.0,308,44,7.550000000000011,-1452.959999999988,2021-10-19T09:32:00-04:00,0.0,6.800000000000011,47.04000000001208,2021-10-19T09:33:00-04:00,0.0,7.150000000000006,-652.9599999999766,2021-10-19T09:36:00-04:00,0.0,6.450000000000017,747.0400000000006,2021-10-19T09:41:00-04:00,0.0,6.600000000000023,447.03999999998933,2021-10-19T09:46:00-04:00,0.0,6.900000000000006,-152.95999999997656,2021-10-19T10:01:00-04:00,0.0,6.449999999999989,747.0400000000575,2021-10-19T10:31:00-04:00,0.0,6.0,1647.0400000000348,2021-10-19T11:31:00-04:00,0.0,5.800000000000011,2047.0400000000122,2021-10-19T16:00:00-04:00,0.0,5.900000000000006,1847.0400000000234,2021-10-20T16:00:00-04:00,0.0,3.3999999999999986,6847.040000000037,2021-10-21T16:00:00-04:00,0.0,9.850000000000009,-6052.959999999984,2021-10-22T16:00:00-04:00,0.0,86.0,hit,391.0,hit,3215.0,hit,3279.0,hit,4334.0,hit,4334.0,hit,,never_hit,1.0,hit,3259.0,hit,1.0,hit,3259.0,hit,3259.0,hit,4433.0,hit,9.100000000000001,28,True,True,True,True,,9.100000000000001,28,True,True,True,True,,9.100000000000001,28,True,True,True,True,,,,True,True,True,False,6.150000000000013,3279.0,2021-10-21T16:10:00-04:00,2.7500000000000036,8147.040000000027,,,,,,,,,3280.0,2021-10-21T16:11:00-04:00,3.950000000000003,5747.040000000029,4334.0,2021-10-22T09:45:00-04:00,0.8000000000000043,12047.040000000026,,,,,,,,,4335.0,2021-10-22T09:46:00-04:00,5.199999999999996,3247.040000000043,4334.0,2021-10-22T09:45:00-04:00,0.8000000000000043,12047.040000000026,,,,,,,,,4335.0,2021-10-22T09:46:00-04:00,5.199999999999996,3247.040000000043,,,,,,,,,,,,,,,,,38
2021-10-20,2021-10-22,2,5.0,2021-10-20T09:31:00-04:00,4.949999999999989,NDXP  211022P15460000,NDXP  211022P15450000,development,False,False,0,0,0,11,0,1189,available,False,2021-10-20T09:31:00-04:00,2021-10-22T16:00:00-04:00,9.850000000000009,-10052.96000000004,0.0,last_observed_quote_not_settlement,1036.0,1007,75,5.1000000000000085,-552.9600000000391,2021-10-20T09:32:00-04:00,0.0,5.1000000000000085,-552.9600000000391,2021-10-20T09:33:00-04:00,0.0,5.299999999999997,-952.9600000000164,2021-10-20T09:36:00-04:00,0.0,4.75,147.03999999997797,2021-10-20T09:41:00-04:00,0.0,5.049999999999983,-452.95999999998793,2021-10-20T09:46:00-04:00,0.0,5.599999999999994,-1552.9600000000107,2021-10-20T10:01:00-04:00,0.0,4.950000000000003,-252.96000000002772,2021-10-20T10:31:00-04:00,0.0,5.499999999999986,-1352.9599999999937,2021-10-20T11:31:00-04:00,0.0,5.900000000000006,-2152.9600000000332,2021-10-20T16:00:00-04:00,0.0,3.3999999999999986,2847.039999999981,2021-10-21T16:00:00-04:00,0.0,9.850000000000009,-10052.96000000004,2021-10-22T16:00:00-04:00,0.0,,,,,0.0,hit,0.0,hit,1775.0,hit,1839.0,hit,2894.0,hit,2894.0,hit,,never_hit,30.0,hit,94.0,hit,228.0,hit,1819.0,hit,1819.0,hit,2993.0,hit,9.100000000000001,654,True,True,True,True,,9.100000000000001,660,True,True,True,True,,9.100000000000001,660,True,True,True,True,,,,True,True,True,False,4.149999999999984,1839.0,2021-10-21T16:10:00-04:00,2.7500000000000036,4147.039999999971,,,,,,,,,1840.0,2021-10-21T16:11:00-04:00,3.950000000000003,1747.0399999999722,2894.0,2021-10-22T09:45:00-04:00,0.8000000000000043,8047.039999999969,,,,,,,,,2895.0,2021-10-22T09:46:00-04:00,5.199999999999996,-752.9600000000136,2894.0,2021-10-22T09:45:00-04:00,0.8000000000000043,8047.039999999969,,,,,,,,,2895.0,2021-10-22T09:46:00-04:00,5.199999999999996,-752.9600000000136,,,,,,,,,,,,,,,,,39
2021-10-20,2021-10-22,2,6.0,2021-10-20T09:31:00-04:00,6.049999999999997,NDXP  211022P15500000,NDXP  211022P15490000,development,False,False,0,0,0,17,0,1183,available,False,2021-10-20T09:31:00-04:00,2021-10-22T16:00:00-04:00,9.850000000000023,-7852.960000000052,0.0,last_observed_quote_not_settlement,1036.0,1033,52,6.150000000000006,-452.96000000001635,2021-10-20T09:32:00-04:00,0.0,6.200000000000017,-552.9600000000391,2021-10-20T09:33:00-04:00,0.0,6.300000000000011,-752.9600000000278,2021-10-20T09:36:00-04:00,0.0,5.5,847.039999999995,2021-10-20T09:41:00-04:00,0.0,5.8999999999999915,47.04000000001208,2021-10-20T09:46:00-04:00,0.0,6.650000000000006,-1452.9600000000164,2021-10-20T10:01:00-04:00,0.0,5.799999999999997,247.04000000000067,2021-10-20T10:31:00-04:00,0.0,6.8999999999999915,-1952.959999999988,2021-10-20T11:31:00-04:00,0.0,7.349999999999994,-2852.9599999999937,2021-10-20T16:00:00-04:00,0.0,4.049999999999997,3747.040000000001,2021-10-21T16:00:00-04:00,0.0,9.850000000000023,-7852.960000000052,2021-10-22T16:00:00-04:00,0.0,,,,,10.0,hit,76.0,hit,,never_hit,,never_hit,,never_hit,,never_hit,,never_hit,30.0,hit,127.0,hit,94.0,hit,223.0,hit,1819.0,hit,2986.0,hit,,,True,True,True,False,2.0,,,True,True,True,False,2.0,,,True,True,True,False,2.0,,,True,True,True,False,2.0,,,,,,,,,,,,,,,,,,,,,,,,,,,,,,,,,,,,,,,,,,,,,,,,,,,,,,,,,,,,,,,,,40
2021-10-20,2021-10-22,2,7.0,2021-10-20T09:31:00-04:00,6.950000000000003,NDXP  211022P15540000,NDXP  211022P15530000,development,False,False,0,0,0,25,0,1175,available,False,2021-10-20T09:31:00-04:00,2021-10-22T15:58:00-04:00,10.0,-6252.959999999994,2.0,last_observed_quote_not_settlement,1036.0,1079,56,7.099999999999994,-552.9599999999823,2021-10-20T09:32:00-04:00,0.0,7.099999999999966,-552.9599999999255,2021-10-20T09:33:00-04:00,0.0,7.25,-852.9599999999937,2021-10-20T09:36:00-04:00,0.0,6.6499999999999915,347.04000000002344,2021-10-20T09:41:00-04:00,0.0,6.850000000000023,-52.96000000003908,2021-10-20T09:46:00-04:00,0.0,7.599999999999994,-1552.9599999999823,2021-10-20T10:01:00-04:00,0.0,6.8999999999999915,-152.95999999997656,2021-10-20T10:31:00-04:00,0.0,7.349999999999994,-1052.9599999999823,2021-10-20T11:31:00-04:00,0.0,7.850000000000023,-2052.960000000039,2021-10-20T16:00:00-04:00,0.0,5.450000000000003,2747.040000000001,2021-10-21T16:00:00-04:00,0.0,,,2021-10-22T15:58:00-04:00,120.0,,,,,1829.0,hit,,never_hit,,never_hit,,never_hit,,never_hit,,never_hit,,never_hit,30.0,hit,94.0,hit,1.0,hit,94.0,hit,232.0,hit,265.0,hit,,,True,True,True,False,1.5,,,True,True,True,False,1.5,,,True,True,True,False,1.5,,,True,True,True,False,1.5,,,,,,,,,,,,,,,,,,,,,,,,,,,,,,,,,,,,,,,,,,,,,,,,,,,,,,,,,,,,,,,,,41
2021-10-22,2021-10-25,3,5.0,2021-10-22T09:31:00-04:00,4.950000000000017,NDXP  211025P15440000,NDXP  211025P15430000,development,False,False,0,0,0,9,0,786,available,False,2021-10-22T09:31:00-04:00,2021-10-25T16:00:00-04:00,0.125,9397.040000000035,0.0,last_observed_quote_not_settlement,3916.0,454,26,4.399999999999999,847.0400000000376,2021-10-22T09:32:00-04:00,0.0,4.450000000000003,747.0400000000291,2021-10-22T09:33:00-04:00,0.0,3.950000000000003,1747.040000000029,2021-10-22T09:36:00-04:00,0.0,3.950000000000003,1747.040000000029,2021-10-22T09:41:00-04:00,0.0,3.9499999999999957,1747.0400000000434,2021-10-22T09:46:00-04:00,0.0,4.5,647.0400000000348,2021-10-22T10:01:00-04:00,0.0,3.8999999999999986,1847.0400000000377,2021-10-22T10:31:00-04:00,0.0,6.849999999999994,-4052.9599999999537,2021-10-22T11:31:00-04:00,0.0,7.5,-5352.9599999999655,2021-10-22T16:00:00-04:00,0.0,,,2021-10-22T16:15:00-04:00,85500.0,,,2021-10-22T16:15:00-04:00,171900.0,0.125,9397.040000000035,2021-10-25T16:00:00-04:00,0.0,0.0,hit,0.0,hit,5.0,hit,4474.0,hit,4495.0,hit,4509.0,hit,4537.0,hit,22.0,hit,106.0,hit,114.0,hit,129.0,hit,,never_hit,,never_hit,8.549999999999997,454,True,True,False,False,,8.549999999999997,454,True,True,False,False,,8.549999999999997,454,True,True,False,False,,8.549999999999997,454,True,True,False,False,,4475.0,2021-10-25T12:06:00-04:00,2.6999999999999993,4247.040000000036,4476.0,2021-10-25T12:07:00-04:00,2.5500000000000007,4547.040000000034,4477.0,2021-10-25T12:08:00-04:00,2.5,4647.0400000000345,4476.0,2021-10-25T12:07:00-04:00,2.5500000000000007,4547.040000000034,4496.0,2021-10-25T12:27:00-04:00,1.8000000000000007,6047.040000000034,4497.0,2021-10-25T12:28:00-04:00,1.8500000000000014,5947.040000000032,4498.0,2021-10-25T12:29:00-04:00,1.8000000000000007,6047.040000000034,4497.0,2021-10-25T12:28:00-04:00,1.8500000000000014,5947.040000000032,4512.0,2021-10-25T12:43:00-04:00,0.6750000000000003,8297.040000000034,4513.0,2021-10-25T12:44:00-04:00,0.7999999999999989,8047.040000000037,4514.0,2021-10-25T12:45:00-04:00,0.7749999999999999,8097.0400000000345,4513.0,2021-10-25T12:44:00-04:00,0.7999999999999989,8047.040000000037,4542.0,2021-10-25T13:13:00-04:00,0.4249999999999998,8797.040000000035,4545.0,2021-10-25T13:16:00-04:00,0.375,8897.040000000035,4546.0,2021-10-25T13:17:00-04:00,0.4249999999999998,8797.040000000035,4543.0,2021-10-25T13:14:00-04:00,0.4750000000000001,8697.040000000035,42
2021-10-22,2021-10-25,3,6.0,2021-10-22T09:31:00-04:00,6.399999999999977,NDXP  211025P15500000,NDXP  211025P15490000,development,False,False,0,0,0,3,0,792,available,False,2021-10-22T09:31:00-04:00,2021-10-25T16:00:00-04:00,1.0,10547.039999999955,0.0,last_observed_quote_not_settlement,3917.0,513,18,6.099999999999994,347.0399999999666,2021-10-22T09:32:00-04:00,0.0,6.300000000000011,-52.9600000000675,2021-10-22T09:33:00-04:00,0.0,5.099999999999994,2347.0399999999668,2021-10-22T09:36:00-04:00,0.0,5.349999999999994,1847.0399999999665,2021-10-22T09:41:00-04:00,0.0,5.549999999999983,1447.0399999999893,2021-10-22T09:46:00-04:00,0.0,6.299999999999997,-52.96000000003908,2021-10-22T10:01:00-04:00,0.0,5.1499999999999915,2247.039999999972,2021-10-22T10:31:00-04:00,0.0,8.199999999999989,-3852.9600000000237,2021-10-22T11:31:00-04:00,0.0,8.699999999999989,-4852.960000000024,2021-10-22T16:00:00-04:00,0.0,,,2021-10-22T16:15:00-04:00,85500.0,,,2021-10-22T16:15:00-04:00,171900.0,1.0,10547.039999999955,2021-10-25T16:00:00-04:00,0.0,5.0,hit,9.0,hit,4514.0,hit,4543.0,hit,4615.0,hit,4620.0,hit,4626.0,hit,20.0,hit,21.0,hit,20.0,hit,21.0,hit,128.0,hit,189.0,hit,10.0,513,True,True,True,True,,10.0,513,True,True,True,True,,10.0,513,True,True,True,True,,10.0,513,True,True,True,True,,4543.0,2021-10-25T13:14:00-04:00,2.9499999999999993,6647.039999999956,4606.0,2021-10-25T14:17:00-04:00,2.749999999999999,7047.039999999957,4610.0,2021-10-25T14:21:00-04:00,2.8000000000000007,6947.039999999954,4544.0,2021-10-25T13:15:00-04:00,3.1999999999999993,6147.039999999956,4615.0,2021-10-25T14:26:00-04:00,1.75,9047.039999999955,4616.0,2021-10-25T14:27:00-04:00,1.4249999999999998,9697.039999999957,4617.0,2021-10-25T14:28:00-04:00,1.475,9597.039999999955,4616.0,2021-10-25T14:27:00-04:00,1.4249999999999998,9697.039999999957,4620.0,2021-10-25T14:31:00-04:00,0.8250000000000002,10897.039999999955,4623.0,2021-10-25T14:34:00-04:00,0.8250000000000002,10897.039999999955,4624.0,2021-10-25T14:35:00-04:00,0.575,11397.039999999955,4621.0,2021-10-25T14:32:00-04:00,1.1749999999999998,10197.039999999957,4699.0,2021-10-25T15:50:00-04:00,0.04999999999999982,12447.039999999957,,,,,,,,,4700.0,2021-10-25T15:51:00-04:00,1.0500000000000003,10447.039999999955,43
2021-10-22,2021-10-25,3,7.0,2021-10-22T09:31:00-04:00,7.199999999999989,NDXP  211025P15600000,NDXP  211025P15590000,development,False,False,0,0,0,25,0,769,available,False,2021-10-22T09:31:00-04:00,2021-10-25T15:58:00-04:00,9.850000000000009,-5552.960000000041,2.0,last_observed_quote_not_settlement,3916.0,742,4,7.949999999999989,-1752.9599999999994,2021-10-22T09:32:00-04:00,0.0,8.599999999999994,-3052.9600000000123,2021-10-22T09:33:00-04:00,0.0,8.150000000000006,-2152.960000000035,2021-10-22T09:36:00-04:00,0.0,8.099999999999994,-2052.9600000000123,2021-10-22T09:41:00-04:00,0.0,8.100000000000023,-2052.960000000069,2021-10-22T09:46:00-04:00,0.0,7.850000000000023,-1552.9600000000676,2021-10-22T10:01:00-04:00,0.0,8.900000000000006,-3652.960000000035,2021-10-22T10:31:00-04:00,0.0,9.550000000000011,-4952.960000000046,2021-10-22T11:31:00-04:00,0.0,9.849999999999994,-5552.960000000013,2021-10-22T16:00:00-04:00,0.0,,,2021-10-22T16:15:00-04:00,85500.0,,,2021-10-22T16:15:00-04:00,171900.0,,,2021-10-25T15:58:00-04:00,120.0,,never_hit,,never_hit,,never_hit,,never_hit,,never_hit,,never_hit,,never_hit,1.0,hit,2.0,hit,0.0,hit,2.0,hit,7.0,hit,7.0,hit,,,True,True,True,False,0.24999999999997158,,,True,True,True,False,0.24999999999997158,,,True,True,True,False,0.24999999999997158,,,True,True,True,False,0.24999999999997158,,,,,,,,,,,,,,,,,,,,,,,,,,,,,,,,,,,,,,,,,,,,,,,,,,,,,,,,,,,,,,,,,44
2021-10-25,2021-10-27,2,5.0,2021-10-25T09:31:00-04:00,5.049999999999997,NDXP  211027P15450000,NDXP  211027P15440000,development,False,False,0,0,0,15,0,1185,available,False,2021-10-25T09:31:00-04:00,2021-10-27T16:00:00-04:00,0.0,9847.039999999995,0.0,last_observed_quote_not_settlement,1036.0,104,32,4.8999999999999915,47.04000000001208,2021-10-25T09:32:00-04:00,0.0,4.75,347.039999999995,2021-10-25T09:33:00-04:00,0.0,4.8500000000000085,147.03999999997797,2021-10-25T09:36:00-04:00,0.0,6.400000000000006,-2952.9600000000164,2021-10-25T09:41:00-04:00,0.0,6.0,-2152.960000000005,2021-10-25T09:46:00-04:00,0.0,5.349999999999994,-852.9599999999937,2021-10-25T10:01:00-04:00,0.0,5.199999999999989,-552.9599999999823,2021-10-25T10:31:00-04:00,0.0,4.700000000000003,447.03999999998933,2021-10-25T11:31:00-04:00,0.0,3.25,3347.039999999995,2021-10-25T16:00:00-04:00,0.0,3.950000000000003,1947.0399999999893,2021-10-26T16:00:00-04:00,0.0,0.0,9847.039999999995,2021-10-27T16:00:00-04:00,0.0,,,,,0.0,hit,1.0,hit,156.0,hit,253.0,hit,379.0,hit,1442.0,hit,1469.0,hit,6.0,hit,10.0,hit,,never_hit,,never_hit,,never_hit,,never_hit,6.949999999999989,104,False,False,False,False,,6.949999999999989,104,False,False,False,False,,6.949999999999989,104,False,False,False,False,,6.949999999999989,104,False,False,False,False,,298.0,2021-10-25T14:29:00-04:00,2.9499999999999957,3947.0400000000036,299.0,2021-10-25T14:30:00-04:00,2.8000000000000114,4247.039999999973,300.0,2021-10-25T14:31:00-04:00,2.799999999999997,4247.040000000001,299.0,2021-10-25T14:30:00-04:00,2.8000000000000114,4247.039999999973,1440.0,2021-10-26T09:31:00-04:00,1.6499999999999986,6547.039999999998,1441.0,2021-10-26T09:32:00-04:00,1.4499999999999993,6947.039999999996,1442.0,2021-10-26T09:33:00-04:00,0.9499999999999957,7947.040000000004,1441.0,2021-10-26T09:32:00-04:00,1.4499999999999993,6947.039999999996,1442.0,2021-10-26T09:33:00-04:00,0.9499999999999957,7947.040000000004,1450.0,2021-10-26T09:41:00-04:00,0.9000000000000004,8047.0399999999945,1455.0,2021-10-26T09:46:00-04:00,0.8499999999999996,8147.039999999996,1443.0,2021-10-26T09:34:00-04:00,1.2000000000000028,7447.039999999989,1508.0,2021-10-26T10:39:00-04:00,0.40000000000000036,9047.039999999995,1517.0,2021-10-26T10:48:00-04:00,0.40000000000000036,9047.039999999995,1522.0,2021-10-26T10:53:00-04:00,0.39999999999999947,9047.039999999997,1509.0,2021-10-26T10:40:00-04:00,0.5,8847.039999999995,45
2021-10-25,2021-10-27,2,6.0,2021-10-25T09:31:00-04:00,6.0499999999999545,NDXP  211027P16100000,NDXP  211027P16090000,development,False,False,0,0,0,394,0,806,available,False,2021-10-25T09:31:00-04:00,2021-10-27T16:00:00-04:00,9.199999999999932,-6552.9599999999555,0.0,last_observed_quote_not_settlement,1038.0,549,3,8.300000000000068,-4752.960000000228,2021-10-25T09:32:00-04:00,0.0,,,2021-10-25T09:32:00-04:00,60.0,9.699999999999932,-7552.9599999999555,2021-10-25T09:36:00-04:00,0.0,10.0,-8052.960000000091,2021-10-25T09:41:00-04:00,0.0,,,2021-10-25T09:45:00-04:00,60.0,9.850000000000023,-7852.960000000137,2021-10-25T10:01:00-04:00,0.0,,,2021-10-25T10:30:00-04:00,60.0,9.850000000000023,-7852.960000000137,2021-10-25T11:31:00-04:00,0.0,,,2021-10-25T15:56:00-04:00,240.0,9.950000000000045,-8052.960000000091,2021-10-26T16:00:00-04:00,0.0,9.199999999999932,-6552.9599999999555,2021-10-27T16:00:00-04:00,0.0,,,,,3264.0,hit,3264.0,hit,3264.0,hit,3264.0,hit,3264.0,hit,3264.0,hit,3264.0,hit,1.0,hit,1.0,hit,1.0,hit,1.0,hit,3.0,hit,3.0,hit,10.0,549,True,True,True,True,,10.0,549,True,True,True,True,,10.0,549,True,True,True,True,,10.0,549,True,True,True,True,,3264.0,2021-10-27T15:55:00-04:00,0.49999999999994316,10847.040000000025,,,,,,,,,,,,,3264.0,2021-10-27T15:55:00-04:00,0.49999999999994316,10847.040000000025,,,,,,,,,,,,,3264.0,2021-10-27T15:55:00-04:00,0.49999999999994316,10847.040000000025,,,,,,,,,,,,,,,,,,,,,,,,,,,,,46
2021-10-25,2021-10-27,2,7.0,2021-10-25T09:31:00-04:00,6.800000000000011,NDXP  211027P15530000,NDXP  211027P15520000,development,False,False,0,0,0,2,0,1198,available,False,2021-10-25T09:31:00-04:00,2021-10-27T16:00:00-04:00,0.0,13347.040000000025,0.0,last_observed_quote_not_settlement,1036.0,103,30,6.400000000000006,547.040000000012,2021-10-25T09:32:00-04:00,0.0,5.800000000000011,1747.0400000000006,2021-10-25T09:33:00-04:00,0.0,6.450000000000003,447.04000000001776,2021-10-25T09:36:00-04:00,0.0,8.0,-2652.959999999978,2021-10-25T09:41:00-04:00,0.0,7.700000000000017,-2052.9600000000105,2021-10-25T09:46:00-04:00,0.0,7.300000000000011,-1252.9599999999994,2021-10-25T10:01:00-04:00,0.0,6.900000000000006,-452.95999999998793,2021-10-25T10:31:00-04:00,0.0,6.650000000000006,47.04000000001208,2021-10-25T11:31:00-04:00,0.0,5.150000000000006,3047.0400000000122,2021-10-25T16:00:00-04:00,0.0,3.1000000000000014,7147.040000000021,2021-10-26T16:00:00-04:00,0.0,0.0,13347.040000000025,2021-10-27T16:00:00-04:00,0.0,,,,,178.0,hit,190.0,hit,1440.0,hit,1440.0,hit,1448.0,hit,1469.0,hit,2911.0,hit,8.0,hit,10.0,hit,7.0,hit,10.0,hit,,never_hit,,never_hit,8.049999999999983,103,True,True,False,False,,8.049999999999983,103,True,True,False,False,,8.049999999999983,103,True,True,False,False,,8.049999999999983,103,True,True,False,False,,1441.0,2021-10-26T09:32:00-04:00,2.9499999999999957,7447.040000000032,1442.0,2021-10-26T09:33:00-04:00,2.6000000000000014,8147.04000000002,1443.0,2021-10-26T09:34:00-04:00,2.3999999999999986,8547.040000000026,1442.0,2021-10-26T09:33:00-04:00,2.6000000000000014,8147.04000000002,1448.0,2021-10-26T09:39:00-04:00,1.8999999999999986,9547.040000000026,1451.0,2021-10-26T09:42:00-04:00,1.9499999999999993,9447.040000000026,1471.0,2021-10-26T10:02:00-04:00,1.8999999999999986,9547.040000000026,1449.0,2021-10-26T09:40:00-04:00,2.0,9347.040000000025,1495.0,2021-10-26T10:26:00-04:00,0.9499999999999993,11447.040000000026,1496.0,2021-10-26T10:27:00-04:00,0.7500000000000018,11847.04000000002,2905.0,2021-10-27T09:56:00-04:00,0.7999999999999998,11747.040000000025,1496.0,2021-10-26T10:27:00-04:00,0.7500000000000018,11847.04000000002,2911.0,2021-10-27T10:02:00-04:00,0.15000000000000036,13047.040000000023,2965.0,2021-10-27T10:56:00-04:00,0.3250000000000002,12697.040000000025,2966.0,2021-10-27T10:57:00-04:00,0.375,12597.040000000025,2912.0,2021-10-27T10:03:00-04:00,0.8500000000000005,11647.040000000023,47
2021-10-26,2021-10-29,3,5.0,2021-10-26T09:31:00-04:00,4.950000000000003,NDXP  211029P15610000,NDXP  211029P15600000,development,False,False,0,0,0,15,0,1590,available,False,2021-10-26T09:31:00-04:00,2021-10-29T16:00:00-04:00,5.0249999999999995,-402.95999999999253,0.0,last_observed_quote_not_settlement,1036.0,242,50,4.75,147.0400000000064,2021-10-26T09:32:00-04:00,0.0,4.5,647.0400000000063,2021-10-26T09:33:00-04:00,0.0,4.599999999999994,447.04000000001776,2021-10-26T09:36:00-04:00,0.0,3.799999999999997,2047.0400000000122,2021-10-26T09:41:00-04:00,0.0,3.75,2147.0400000000063,2021-10-26T09:46:00-04:00,0.0,3.8999999999999915,1847.0400000000234,2021-10-26T10:01:00-04:00,0.0,3.3499999999999943,2947.0400000000177,2021-10-26T10:31:00-04:00,0.0,3.5,2647.0400000000063,2021-10-26T11:31:00-04:00,0.0,6.1499999999999915,-2652.9599999999764,2021-10-26T16:00:00-04:00,0.0,4.75,147.0400000000064,2021-10-27T16:00:00-04:00,0.0,0.8499999999999996,7947.040000000007,2021-10-28T16:00:00-04:00,0.0,5.0249999999999995,-402.95999999999253,2021-10-29T16:00:00-04:00,0.0,0.0,hit,0.0,hit,7.0,hit,47.0,hit,2955.0,hit,3269.0,hit,4421.0,hit,191.0,hit,204.0,hit,,never_hit,,never_hit,,never_hit,,never_hit,4.950000000000003,0,False,False,False,False,,6.450000000000003,241,False,False,False,False,,6.450000000000003,241,False,False,False,False,,6.450000000000003,241,False,False,False,False,,1658.0,2021-10-27T13:09:00-04:00,2.75,4147.040000000006,1669.0,2021-10-27T13:20:00-04:00,2.8999999999999986,3847.040000000009,1670.0,2021-10-27T13:21:00-04:00,2.9000000000000057,3847.039999999995,1659.0,2021-10-27T13:10:00-04:00,3.0,3647.0400000000063,2957.0,2021-10-28T10:48:00-04:00,1.8499999999999979,5947.040000000011,2986.0,2021-10-28T11:17:00-04:00,1.9000000000000021,5847.040000000002,2987.0,2021-10-28T11:18:00-04:00,1.8999999999999986,5847.040000000009,2958.0,2021-10-28T10:49:00-04:00,2.0500000000000007,5547.0400000000045,3269.0,2021-10-28T16:00:00-04:00,0.8499999999999996,7947.040000000007,4398.0,2021-10-29T10:49:00-04:00,0.9000000000000004,7847.040000000005,4399.0,2021-10-29T10:50:00-04:00,0.8499999999999996,7947.040000000007,3270.0,2021-10-28T16:01:00-04:00,1.1000000000000014,7447.040000000004,4425.0,2021-10-29T11:16:00-04:00,0.4250000000000007,8797.040000000006,4426.0,2021-10-29T11:17:00-04:00,0.44999999999999973,8747.040000000006,4430.0,2021-10-29T11:21:00-04:00,0.37500000000000044,8897.040000000006,4426.0,2021-10-29T11:17:00-04:00,0.44999999999999973,8747.040000000006,48
2021-10-26,2021-10-29,3,6.0,2021-10-26T09:31:00-04:00,5.949999999999989,NDXP  211029P15670000,NDXP  211029P15660000,development,False,False,0,0,0,0,0,1605,available,False,2021-10-26T09:31:00-04:00,2021-10-29T16:00:00-04:00,0.0,11647.039999999979,0.0,last_observed_quote_not_settlement,1036.0,255,36,6.0,-352.96000000002203,2021-10-26T09:32:00-04:00,0.0,5.549999999999997,547.0399999999836,2021-10-26T09:33:00-04:00,0.0,5.549999999999997,547.0399999999836,2021-10-26T09:36:00-04:00,0.0,4.750000000000014,2147.0399999999495,2021-10-26T09:41:00-04:00,0.0,4.75,2147.039999999978,2021-10-26T09:46:00-04:00,0.0,4.8999999999999915,1847.039999999995,2021-10-26T10:01:00-04:00,0.0,4.300000000000011,3047.0399999999554,2021-10-26T10:31:00-04:00,0.0,4.450000000000003,2747.039999999972,2021-10-26T11:31:00-04:00,0.0,7.049999999999983,-2452.9599999999878,2021-10-26T16:00:00-04:00,0.0,6.5,-1352.960000000022,2021-10-27T16:00:00-04:00,0.0,1.9499999999999993,7747.039999999979,2021-10-28T16:00:00-04:00,0.0,0.0,11647.039999999979,2021-10-29T16:00:00-04:00,0.0,3.0,hit,7.0,hit,51.0,hit,2956.0,hit,3269.0,hit,4443.0,hit,4478.0,hit,157.0,hit,201.0,hit,201.0,hit,,never_hit,,never_hit,,never_hit,7.25,255,True,False,False,False,,7.25,255,True,False,False,False,,7.25,255,True,False,False,False,,7.25,255,True,False,False,False,,2957.0,2021-10-28T10:48:00-04:00,2.8499999999999943,5947.039999999989,2989.0,2021-10-28T11:20:00-04:00,2.75,6147.039999999978,2990.0,2021-10-28T11:21:00-04:00,2.8500000000000014,5947.039999999975,2958.0,2021-10-28T10:49:00-04:00,3.0999999999999943,5447.039999999989,3269.0,2021-10-28T16:00:00-04:00,1.9499999999999993,7747.039999999979,4421.0,2021-10-29T11:12:00-04:00,1.8500000000000014,7947.039999999975,4422.0,2021-10-29T11:13:00-04:00,1.799999999999999,8047.03999999998,3270.0,2021-10-28T16:01:00-04:00,2.0,7647.039999999978,4444.0,2021-10-29T11:35:00-04:00,0.8999999999999995,9847.039999999979,4466.0,2021-10-29T11:57:00-04:00,0.7999999999999998,10047.039999999979,4467.0,2021-10-29T11:58:00-04:00,0.9000000000000004,9847.039999999979,4445.0,2021-10-29T11:36:00-04:00,0.9500000000000002,9747.039999999979,4478.0,2021-10-29T12:09:00-04:00,0.25,11147.039999999979,4493.0,2021-10-29T12:24:00-04:00,0.2749999999999999,11097.039999999979,4494.0,2021-10-29T12:25:00-04:00,0.125,11397.039999999979,4479.0,2021-10-29T12:10:00-04:00,0.5249999999999999,10597.039999999979,49
2021-10-26,2021-10-29,3,7.0,2021-10-26T09:31:00-04:00,7.000000000000028,NDXP  211029P15740000,NDXP  211029P15730000,development,False,False,0,0,0,5,0,1600,available,False,2021-10-26T09:31:00-04:00,2021-10-29T16:00:00-04:00,0.0,13747.040000000059,0.0,last_observed_quote_not_settlement,1036.0,277,83,7.600000000000023,-1452.959999999988,2021-10-26T09:32:00-04:00,0.0,6.650000000000006,447.0400000000462,2021-10-26T09:33:00-04:00,0.0,6.550000000000011,647.0400000000348,2021-10-26T09:36:00-04:00,0.0,5.999999999999972,1747.0400000001143,2021-10-26T09:41:00-04:00,0.0,6.0,1747.0400000000575,2021-10-26T09:46:00-04:00,0.0,6.099999999999994,1547.0400000000689,2021-10-26T10:01:00-04:00,0.0,5.449999999999989,2847.0400000000805,2021-10-26T10:31:00-04:00,0.0,5.3999999999999915,2947.0400000000745,2021-10-26T11:31:00-04:00,0.0,7.699999999999989,-1652.9599999999198,2021-10-26T16:00:00-04:00,0.0,7.500000000000028,-1252.9599999999994,2021-10-27T16:00:00-04:00,0.0,4.100000000000001,5547.0400000000545,2021-10-28T16:00:00-04:00,0.0,0.0,13747.040000000059,2021-10-29T16:00:00-04:00,0.0,27.0,hit,29.0,hit,2962.0,hit,4475.0,hit,4492.0,hit,4544.0,hit,4549.0,hit,1.0,hit,201.0,hit,0.0,hit,201.0,hit,,never_hit,,never_hit,8.800000000000011,277,True,True,False,False,,8.800000000000011,277,True,True,False,False,,8.800000000000011,277,True,True,False,False,,8.800000000000011,277,True,True,False,False,,4478.0,2021-10-29T12:09:00-04:00,2.8000000000000007,8147.040000000056,4479.0,2021-10-29T12:10:00-04:00,2.75,8247.040000000059,4480.0,2021-10-29T12:11:00-04:00,2.75,8247.040000000059,4479.0,2021-10-29T12:10:00-04:00,2.75,8247.040000000059,4492.0,2021-10-29T12:23:00-04:00,1.9000000000000004,9947.040000000057,4493.0,2021-10-29T12:24:00-04:00,1.8000000000000007,10147.040000000057,4494.0,2021-10-29T12:25:00-04:00,1.5,10747.040000000059,4493.0,2021-10-29T12:24:00-04:00,1.8000000000000007,10147.040000000057,4544.0,2021-10-29T13:15:00-04:00,0.9000000000000004,11947.040000000057,4547.0,2021-10-29T13:18:00-04:00,0.8499999999999996,12047.040000000059,4548.0,2021-10-29T13:19:00-04:00,0.6500000000000004,12447.040000000057,4545.0,2021-10-29T13:16:00-04:00,0.9500000000000002,11847.040000000057,4549.0,2021-10-29T13:20:00-04:00,0.44999999999999973,12847.040000000057,4655.0,2021-10-29T15:06:00-04:00,0.2500000000000002,13247.040000000059,4656.0,2021-10-29T15:07:00-04:00,0.3999999999999999,12947.040000000057,4550.0,2021-10-29T13:21:00-04:00,0.6000000000000001,12547.040000000057,50
2021-10-27,2021-10-29,2,5.0,2021-10-27T09:31:00-04:00,5.25,NDXP  211029P15620000,NDXP  211029P15610000,development,False,False,0,0,0,8,0,1192,available,False,2021-10-27T09:31:00-04:00,2021-10-29T16:00:00-04:00,4.95,347.04000000000036,0.0,last_observed_quote_not_settlement,1036.0,8,9,5.449999999999989,-652.9599999999766,2021-10-27T09:32:00-04:00,0.0,5.25,-252.9599999999993,2021-10-27T09:33:00-04:00,0.0,5.3500000000000085,-452.96000000001635,2021-10-27T09:36:00-04:00,0.0,5.25,-252.9599999999993,2021-10-27T09:41:00-04:00,0.0,4.3500000000000085,1547.0399999999836,2021-10-27T09:46:00-04:00,0.0,4.400000000000006,1447.0399999999893,2021-10-27T10:01:00-04:00,0.0,4.650000000000006,947.0399999999893,2021-10-27T10:31:00-04:00,0.0,3.799999999999997,2647.0400000000063,2021-10-27T11:31:00-04:00,0.0,5.25,-252.9599999999993,2021-10-27T16:00:00-04:00,0.0,3.3000000000000007,3647.039999999999,2021-10-28T16:00:00-04:00,0.0,4.95,347.04000000000036,2021-10-29T16:00:00-04:00,0.0,,,,,0.0,hit,12.0,hit,29.0,hit,234.0,hit,1517.0,hit,2961.0,hit,2988.0,hit,385.0,hit,,never_hit,,never_hit,,never_hit,,never_hit,,never_hit,5.550000000000011,7,False,False,False,False,,5.8500000000000085,8,False,False,False,False,,5.8500000000000085,8,False,False,False,False,,5.8500000000000085,8,False,False,False,False,,234.0,2021-10-27T13:25:00-04:00,2.75,4747.040000000001,235.0,2021-10-27T13:26:00-04:00,2.700000000000003,4847.039999999995,236.0,2021-10-27T13:27:00-04:00,2.8999999999999915,4447.040000000018,235.0,2021-10-27T13:26:00-04:00,2.700000000000003,4847.039999999995,1518.0,2021-10-28T10:49:00-04:00,1.8499999999999979,6547.0400000000045,1573.0,2021-10-28T11:44:00-04:00,1.8999999999999986,6447.040000000004,1577.0,2021-10-28T11:48:00-04:00,1.9499999999999993,6347.040000000002,1519.0,2021-10-28T10:50:00-04:00,2.2499999999999964,5747.040000000008,2961.0,2021-10-29T10:52:00-04:00,0.9000000000000004,8447.04,2971.0,2021-10-29T11:02:00-04:00,0.7999999999999989,8647.040000000005,2972.0,2021-10-29T11:03:00-04:00,0.75,8747.04,2962.0,2021-10-29T10:53:00-04:00,1.0,8247.04,2990.0,2021-10-29T11:21:00-04:00,0.4249999999999998,9397.040000000003,2991.0,2021-10-29T11:22:00-04:00,0.40000000000000036,9447.04,2992.0,2021-10-29T11:23:00-04:00,0.375,9497.04,2991.0,2021-10-29T11:22:00-04:00,0.40000000000000036,9447.04,51
2021-10-27,2021-10-29,2,6.0,2021-10-27T09:31:00-04:00,6.050000000000011,NDXP  211029P15650000,NDXP  211029P15640000,development,False,False,0,0,0,4,0,1196,available,False,2021-10-27T09:31:00-04:00,2021-10-29T16:00:00-04:00,0.0,11847.040000000025,0.0,last_observed_quote_not_settlement,1036.0,5,10,5.950000000000017,-52.96000000001066,2021-10-27T09:32:00-04:00,0.0,5.8500000000000085,147.0400000000064,2021-10-27T09:33:00-04:00,0.0,5.949999999999989,-52.959999999953816,2021-10-27T09:36:00-04:00,0.0,5.950000000000003,-52.95999999998224,2021-10-27T09:41:00-04:00,0.0,5.0,1847.0400000000234,2021-10-27T09:46:00-04:00,0.0,4.700000000000003,2447.0400000000177,2021-10-27T10:01:00-04:00,0.0,5.25,1347.0400000000234,2021-10-27T10:31:00-04:00,0.0,4.400000000000006,3047.0400000000122,2021-10-27T11:31:00-04:00,0.0,5.299999999999997,1247.040000000029,2021-10-27T16:00:00-04:00,0.0,3.3500000000000014,5147.040000000021,2021-10-28T16:00:00-04:00,0.0,0.0,11847.040000000025,2021-10-29T16:00:00-04:00,0.0,,,,,12.0,hit,15.0,hit,84.0,hit,1511.0,hit,1733.0,hit,2985.0,hit,3002.0,hit,,never_hit,,never_hit,,never_hit,,never_hit,,never_hit,,never_hit,6.349999999999994,5,False,False,False,False,,6.349999999999994,5,False,False,False,False,,6.349999999999994,5,False,False,False,False,,6.349999999999994,5,False,False,False,False,,1511.0,2021-10-28T10:42:00-04:00,2.9499999999999957,5947.040000000032,1515.0,2021-10-28T10:46:00-04:00,2.749999999999993,6347.040000000037,1516.0,2021-10-28T10:47:00-04:00,2.6499999999999986,6547.040000000026,1512.0,2021-10-28T10:43:00-04:00,3.1499999999999986,5547.040000000026,1747.0,2021-10-28T14:38:00-04:00,1.9499999999999993,7947.0400000000245,1825.0,2021-10-28T15:56:00-04:00,1.8999999999999986,8047.040000000026,1826.0,2021-10-28T15:57:00-04:00,1.8000000000000043,8247.040000000015,1748.0,2021-10-28T14:39:00-04:00,2.049999999999997,7747.040000000029,2988.0,2021-10-29T11:19:00-04:00,0.8499999999999996,10147.040000000025,2989.0,2021-10-29T11:20:00-04:00,0.8499999999999996,10147.040000000025,2990.0,2021-10-29T11:21:00-04:00,0.7499999999999991,10347.040000000026,2989.0,2021-10-29T11:20:00-04:00,0.8499999999999996,10147.040000000025,3002.0,2021-10-29T11:33:00-04:00,0.2749999999999999,11297.040000000023,3038.0,2021-10-29T12:09:00-04:00,0.3500000000000001,11147.040000000023,3039.0,2021-10-29T12:10:00-04:00,0.32499999999999973,11197.040000000025,3003.0,2021-10-29T11:34:00-04:00,0.6000000000000005,10647.040000000023,52
2021-10-27,2021-10-29,2,7.0,2021-10-27T09:31:00-04:00,6.850000000000023,NDXP  211029P15710000,NDXP  211029P15700000,development,False,False,0,0,0,11,0,1189,available,False,2021-10-27T09:31:00-04:00,2021-10-29T16:00:00-04:00,9.5,-5552.9599999999555,0.0,last_observed_quote_not_settlement,1036.0,27,20,7.0,-552.9599999999539,2021-10-27T09:32:00-04:00,0.0,6.800000000000011,-152.95999999997656,2021-10-27T09:33:00-04:00,0.0,7.0,-552.9599999999539,2021-10-27T09:36:00-04:00,0.0,6.849999999999994,-252.95999999994245,2021-10-27T09:41:00-04:00,0.0,6.199999999999989,1047.0400000000689,2021-10-27T09:46:00-04:00,0.0,5.949999999999989,1547.0400000000689,2021-10-27T10:01:00-04:00,0.0,6.400000000000006,647.0400000000348,2021-10-27T10:31:00-04:00,0.0,5.700000000000017,2047.0400000000122,2021-10-27T11:31:00-04:00,0.0,6.899999999999977,-352.95999999990835,2021-10-27T16:00:00-04:00,0.0,2.75,7947.040000000046,2021-10-28T16:00:00-04:00,0.0,9.5,-5552.9599999999555,2021-10-29T16:00:00-04:00,0.0,,,,,86.0,hit,164.0,hit,1508.0,hit,1827.0,hit,3033.0,hit,3052.0,hit,3070.0,hit,63.0,hit,3269.0,hit,1.0,hit,3269.0,hit,3269.0,hit,3269.0,hit,7.599999999999994,25,True,False,False,False,,7.599999999999994,27,True,False,False,False,,7.599999999999994,27,True,False,False,False,,7.599999999999994,27,True,False,False,False,,1829.0,2021-10-28T16:00:00-04:00,2.75,7947.040000000046,2991.0,2021-10-29T11:22:00-04:00,2.8500000000000014,7747.040000000044,2992.0,2021-10-29T11:23:00-04:00,2.6999999999999993,8047.040000000047,1830.0,2021-10-28T16:01:00-04:00,3.450000000000003,6547.040000000041,3034.0,2021-10-29T12:05:00-04:00,1.8000000000000007,9847.040000000046,3035.0,2021-10-29T12:06:00-04:00,1.8500000000000014,9747.040000000045,3036.0,2021-10-29T12:07:00-04:00,1.75,9947.040000000046,3035.0,2021-10-29T12:06:00-04:00,1.8500000000000014,9747.040000000045,3052.0,2021-10-29T12:23:00-04:00,0.9499999999999993,11547.040000000048,3053.0,2021-10-29T12:24:00-04:00,0.7999999999999998,11847.040000000048,3054.0,2021-10-29T12:25:00-04:00,0.6500000000000004,12147.040000000046,3053.0,2021-10-29T12:24:00-04:00,0.7999999999999998,11847.040000000048,3070.0,2021-10-29T12:41:00-04:00,0.30000000000000027,12847.040000000046,3105.0,2021-10-29T13:16:00-04:00,0.4249999999999998,12597.040000000048,3109.0,2021-10-29T13:20:00-04:00,0.20000000000000018,13047.040000000046,3071.0,2021-10-29T12:42:00-04:00,0.5750000000000002,12297.040000000046,53
2021-10-29,2021-11-01,3,5.0,2021-10-29T09:31:00-04:00,5.299999999999997,NDXP  211101P15720000,NDXP  211101P15710000,development,False,False,0,0,0,8,0,787,available,False,2021-10-29T09:31:00-04:00,2021-11-01T16:00:00-04:00,0.0,10347.039999999995,0.0,last_observed_quote_not_settlement,3916.0,35,23,6.0,-1652.960000000005,2021-10-29T09:32:00-04:00,0.0,5.75,-1152.960000000005,2021-10-29T09:33:00-04:00,0.0,6.000000000000014,-1652.9600000000335,2021-10-29T09:36:00-04:00,0.0,5.299999999999997,-252.9599999999993,2021-10-29T09:41:00-04:00,0.0,5.050000000000011,247.03999999997225,2021-10-29T09:46:00-04:00,0.0,5.3999999999999915,-452.95999999998793,2021-10-29T10:01:00-04:00,0.0,5.299999999999997,-252.9599999999993,2021-10-29T10:31:00-04:00,0.0,4.049999999999997,2247.040000000001,2021-10-29T11:31:00-04:00,0.0,1.4000000000000021,7547.039999999991,2021-10-29T16:00:00-04:00,0.0,,,2021-10-29T16:15:00-04:00,85500.0,,,2021-10-29T16:15:00-04:00,171900.0,0.0,10347.039999999995,2021-11-01T16:00:00-04:00,0.0,0.0,hit,36.0,hit,112.0,hit,172.0,hit,188.0,hit,4320.0,hit,4416.0,hit,1.0,hit,,never_hit,,never_hit,,never_hit,,never_hit,,never_hit,6.25,35,False,False,False,False,,6.25,35,False,False,False,False,,6.25,35,False,False,False,False,,6.25,35,False,False,False,False,,174.0,2021-10-29T12:25:00-04:00,2.8000000000000007,4747.039999999994,175.0,2021-10-29T12:26:00-04:00,2.8999999999999915,4547.040000000012,176.0,2021-10-29T12:27:00-04:00,2.799999999999997,4747.040000000001,175.0,2021-10-29T12:26:00-04:00,2.8999999999999915,4547.040000000012,188.0,2021-10-29T12:39:00-04:00,1.8000000000000043,6747.039999999986,383.0,2021-10-29T15:54:00-04:00,1.8000000000000043,6747.039999999986,384.0,2021-10-29T15:55:00-04:00,1.6500000000000004,7047.0399999999945,189.0,2021-10-29T12:40:00-04:00,2.8000000000000043,4747.039999999986,4320.0,2021-11-01T09:31:00-04:00,0.5499999999999998,9247.039999999995,4323.0,2021-11-01T09:34:00-04:00,0.8000000000000007,8747.039999999994,4375.0,2021-11-01T10:26:00-04:00,0.7250000000000001,8897.039999999995,4321.0,2021-11-01T09:32:00-04:00,0.9500000000000002,8447.039999999995,4416.0,2021-11-01T11:07:00-04:00,0.20000000000000018,9947.039999999995,4429.0,2021-11-01T11:20:00-04:00,0.375,9597.039999999995,4430.0,2021-11-01T11:21:00-04:00,0.30000000000000027,9747.039999999994,4417.0,2021-11-01T11:08:00-04:00,0.5750000000000002,9197.039999999995,54
2021-10-29,2021-11-01,3,6.0,2021-10-29T09:31:00-04:00,5.8500000000000085,NDXP  211101P15730000,NDXP  211101P15720000,development,False,False,0,0,0,29,0,766,available,False,2021-10-29T09:31:00-04:00,2021-11-01T15:59:00-04:00,0.024999999999999994,11397.040000000017,1.0,last_observed_quote_not_settlement,3916.0,9,6,5.849999999999994,-252.95999999997088,2021-10-29T09:32:00-04:00,0.0,6.0,-552.9599999999823,2021-10-29T09:33:00-04:00,0.0,6.25,-1052.9599999999823,2021-10-29T09:36:00-04:00,0.0,5.400000000000006,647.0400000000063,2021-10-29T09:41:00-04:00,0.0,6.299999999999997,-1152.9599999999766,2021-10-29T09:46:00-04:00,0.0,5.700000000000017,47.03999999998366,2021-10-29T10:01:00-04:00,0.0,5.6499999999999915,147.0400000000348,2021-10-29T10:31:00-04:00,0.0,4.100000000000001,3247.040000000015,2021-10-29T11:31:00-04:00,0.0,4.099999999999998,3247.040000000022,2021-10-29T16:00:00-04:00,0.0,,,2021-10-29T16:15:00-04:00,85500.0,,,2021-10-29T16:15:00-04:00,171900.0,,,2021-11-01T15:59:00-04:00,60.0,10.0,hit,22.0,hit,134.0,hit,174.0,hit,382.0,hit,4320.0,hit,4431.0,hit,,never_hit,,never_hit,,never_hit,,never_hit,,never_hit,,never_hit,6.299999999999997,9,False,False,False,False,,6.299999999999997,9,False,False,False,False,,6.299999999999997,9,False,False,False,False,,6.299999999999997,9,False,False,False,False,,177.0,2021-10-29T12:28:00-04:00,2.8500000000000014,5747.0400000000145,178.0,2021-10-29T12:29:00-04:00,2.8499999999999943,5747.040000000029,179.0,2021-10-29T12:30:00-04:00,2.8499999999999943,5747.040000000029,178.0,2021-10-29T12:29:00-04:00,2.8499999999999943,5747.040000000029,382.0,2021-10-29T15:53:00-04:00,1.9499999999999957,7547.040000000026,383.0,2021-10-29T15:54:00-04:00,1.9499999999999957,7547.040000000026,384.0,2021-10-29T15:55:00-04:00,1.8000000000000007,7847.040000000016,383.0,2021-10-29T15:54:00-04:00,1.9499999999999957,7547.040000000026,4320.0,2021-11-01T09:31:00-04:00,0.8499999999999996,9747.040000000019,4401.0,2021-11-01T10:52:00-04:00,0.8249999999999993,9797.04000000002,4402.0,2021-11-01T10:53:00-04:00,0.8249999999999993,9797.04000000002,4321.0,2021-11-01T09:32:00-04:00,1.0500000000000007,9347.040000000017,4431.0,2021-11-01T11:22:00-04:00,0.40000000000000013,10647.040000000017,4434.0,2021-11-01T11:25:00-04:00,0.3500000000000001,10747.040000000017,4435.0,2021-11-01T11:26:00-04:00,0.35000000000000053,10747.040000000017,4432.0,2021-11-01T11:23:00-04:00,0.55,10347.040000000017,55
2021-10-29,2021-11-01,3,7.0,2021-10-29T09:31:00-04:00,7.099999999999994,NDXP  211101P15740000,NDXP  211101P15730000,development,False,False,0,0,0,12,0,783,available,False,2021-10-29T09:31:00-04:00,2021-11-01T15:54:00-04:00,0.0,13947.03999999999,6.0,last_observed_quote_not_settlement,3916.0,0,0,6.299999999999997,1347.039999999995,2021-10-29T09:32:00-04:00,0.0,6.199999999999989,1547.040000000012,2021-10-29T09:33:00-04:00,0.0,6.450000000000003,1047.0399999999836,2021-10-29T09:36:00-04:00,0.0,5.099999999999994,3747.040000000001,2021-10-29T09:41:00-04:00,0.0,5.799999999999997,2347.039999999995,2021-10-29T09:46:00-04:00,0.0,5.849999999999994,2247.040000000001,2021-10-29T10:01:00-04:00,0.0,5.800000000000011,2347.0399999999668,2021-10-29T10:31:00-04:00,0.0,4.649999999999999,4647.039999999992,2021-10-29T11:31:00-04:00,0.0,,,2021-10-29T15:59:00-04:00,60.0,,,2021-10-29T16:15:00-04:00,85500.0,,,2021-10-29T16:15:00-04:00,171900.0,,,2021-11-01T15:54:00-04:00,360.0,10.0,hit,50.0,hit,158.0,hit,179.0,hit,384.0,hit,4320.0,hit,4320.0,hit,,never_hit,,never_hit,0.0,hit,,never_hit,,never_hit,,never_hit,7.099999999999994,0,True,False,False,False,,7.099999999999994,0,True,False,False,False,,7.099999999999994,0,True,False,False,False,,7.099999999999994,0,True,False,False,False,,188.0,2021-10-29T12:39:00-04:00,2.6000000000000085,8747.039999999974,225.0,2021-10-29T13:16:00-04:00,2.8000000000000007,8347.039999999988,229.0,2021-10-29T13:20:00-04:00,2.6499999999999986,8647.039999999994,189.0,2021-10-29T12:40:00-04:00,3.249999999999993,7447.040000000004,384.0,2021-10-29T15:55:00-04:00,1.9499999999999993,10047.039999999992,388.0,2021-10-29T15:59:00-04:00,1.5999999999999979,10747.039999999994,393.0,2021-10-29T16:04:00-04:00,1.8500000000000014,10247.039999999988,385.0,2021-10-29T15:56:00-04:00,2.049999999999997,9847.039999999995,4320.0,2021-11-01T09:31:00-04:00,0.20000000000000107,13547.039999999988,4378.0,2021-11-01T10:29:00-04:00,0.8499999999999996,12247.039999999992,4414.0,2021-11-01T11:05:00-04:00,0.9249999999999998,12097.03999999999,4321.0,2021-11-01T09:32:00-04:00,1.1499999999999986,11647.039999999994,4320.0,2021-11-01T09:31:00-04:00,0.20000000000000107,13547.039999999988,4436.0,2021-11-01T11:27:00-04:00,0.44999999999999973,13047.03999999999,4437.0,2021-11-01T11:28:00-04:00,0.4249999999999998,13097.03999999999,4321.0,2021-11-01T09:32:00-04:00,1.1499999999999986,11647.039999999994,56
2021-11-01,2021-11-03,2,5.0,2021-11-01T09:31:00-04:00,5.0,NDXP  211103P15890000,NDXP  211103P15880000,development,False,False,0,0,1,2,0,1197,available,False,2021-11-01T09:31:00-04:00,2021-11-03T16:00:00-04:00,0.0,9747.04,0.0,last_observed_quote_not_settlement,1036.0,318,37,5.299999999999997,-852.9599999999937,2021-11-01T09:32:00-04:00,0.0,4.849999999999994,47.04000000001208,2021-11-01T09:33:00-04:00,0.0,5.550000000000011,-1352.960000000022,2021-11-01T09:36:00-04:00,0.0,5.75,-1752.9599999999994,2021-11-01T09:41:00-04:00,0.0,5.400000000000006,-1052.9600000000107,2021-11-01T09:46:00-04:00,0.0,6.0,-2252.959999999999,2021-11-01T10:01:00-04:00,0.0,5.650000000000006,-1552.9600000000107,2021-11-01T10:31:00-04:00,0.0,5.200000000000003,-652.960000000005,2021-11-01T11:31:00-04:00,0.0,4.150000000000006,1447.0399999999893,2021-11-01T16:00:00-04:00,0.0,2.6499999999999986,4447.040000000004,2021-11-02T16:00:00-04:00,0.0,0.0,9747.04,2021-11-03T16:00:00-04:00,0.0,,,,,0.0,hit,0.0,hit,395.0,hit,1464.0,hit,1819.0,hit,1819.0,hit,3151.0,hit,5.0,hit,30.0,hit,,never_hit,,never_hit,,never_hit,,never_hit,6.5,318,False,False,False,False,,6.5,318,False,False,False,False,,6.5,318,False,False,False,False,,6.5,318,False,False,False,False,,1464.0,2021-11-02T09:55:00-04:00,2.9499999999999957,3847.040000000009,1526.0,2021-11-02T10:57:00-04:00,2.8999999999999915,3947.0400000000177,1527.0,2021-11-02T10:58:00-04:00,2.799999999999997,4147.040000000006,1465.0,2021-11-02T09:56:00-04:00,3.3000000000000043,3147.0399999999922,1819.0,2021-11-02T15:50:00-04:00,0.7000000000000028,8347.039999999995,3023.0,2021-11-03T11:54:00-04:00,1.8500000000000014,6047.039999999998,3024.0,2021-11-03T11:55:00-04:00,1.799999999999999,6147.040000000003,1820.0,2021-11-02T15:51:00-04:00,2.549999999999997,4647.040000000006,1819.0,2021-11-02T15:50:00-04:00,0.7000000000000028,8347.039999999995,3152.0,2021-11-03T14:03:00-04:00,0.10000000000000142,9547.039999999999,3153.0,2021-11-03T14:04:00-04:00,0.5250000000000004,8697.04,1820.0,2021-11-02T15:51:00-04:00,2.549999999999997,4647.040000000006,3151.0,2021-11-03T14:02:00-04:00,0.15000000000000036,9447.04,3152.0,2021-11-03T14:03:00-04:00,0.10000000000000142,9547.039999999999,3176.0,2021-11-03T14:27:00-04:00,0.40000000000000036,8947.04,3152.0,2021-11-03T14:03:00-04:00,0.10000000000000142,9547.039999999999,57
2021-11-01,2021-11-03,2,6.0,2021-11-01T09:31:00-04:00,5.999999999999972,NDXP  211103P15950000,NDXP  211103P15940000,development,False,False,0,0,0,4,0,1195,available,False,2021-11-01T09:31:00-04:00,2021-11-03T16:00:00-04:00,0.0,11747.039999999944,0.0,last_observed_quote_not_settlement,1036.0,369,38,6.649999999999977,-1552.9600000000107,2021-11-01T09:32:00-04:00,0.0,6.150000000000006,-552.9600000000676,2021-11-01T09:33:00-04:00,0.0,6.25,-752.9600000000562,2021-11-01T09:36:00-04:00,0.0,6.75,-1752.9600000000562,2021-11-01T09:41:00-04:00,0.0,6.400000000000006,-1052.9600000000676,2021-11-01T09:46:00-04:00,0.0,7.0,-2252.960000000056,2021-11-01T10:01:00-04:00,0.0,6.650000000000034,-1552.9600000001244,2021-11-01T10:31:00-04:00,0.0,6.199999999999989,-652.9600000000335,2021-11-01T11:31:00-04:00,0.0,5.6000000000000085,547.0399999999267,2021-11-01T16:00:00-04:00,0.0,3.749999999999993,4247.039999999958,2021-11-02T16:00:00-04:00,0.0,0.0,11747.039999999944,2021-11-03T16:00:00-04:00,0.0,,,,,379.0,hit,1448.0,hit,1462.0,hit,1819.0,hit,3154.0,hit,3154.0,hit,3195.0,hit,1.0,hit,12.0,hit,12.0,hit,,never_hit,,never_hit,,never_hit,7.699999999999989,368,True,False,False,False,,7.699999999999989,369,True,False,False,False,,7.699999999999989,369,True,False,False,False,,7.699999999999989,369,True,False,False,False,,1819.0,2021-11-02T15:50:00-04:00,2.5,6747.039999999944,3028.0,2021-11-03T11:59:00-04:00,2.75,6247.039999999944,3029.0,2021-11-03T12:00:00-04:00,2.8500000000000014,6047.039999999941,1820.0,2021-11-02T15:51:00-04:00,3.8999999999999986,3947.0399999999468,3154.0,2021-11-03T14:05:00-04:00,0.7000000000000002,10347.039999999944,3155.0,2021-11-03T14:06:00-04:00,0.6000000000000014,10547.039999999943,3156.0,2021-11-03T14:07:00-04:00,1.549999999999999,8647.039999999946,3155.0,2021-11-03T14:06:00-04:00,0.6000000000000014,10547.039999999943,3154.0,2021-11-03T14:05:00-04:00,0.7000000000000002,10347.039999999944,3155.0,2021-11-03T14:06:00-04:00,0.6000000000000014,10547.039999999943,3195.0,2021-11-03T14:46:00-04:00,0.5,10747.039999999944,3155.0,2021-11-03T14:06:00-04:00,0.6000000000000014,10547.039999999943,3206.0,2021-11-03T14:57:00-04:00,0.2250000000000001,11297.039999999944,3207.0,2021-11-03T14:58:00-04:00,0.19999999999999973,11347.039999999944,3208.0,2021-11-03T14:59:00-04:00,0.2250000000000001,11297.039999999944,3207.0,2021-11-03T14:58:00-04:00,0.19999999999999973,11347.039999999944,58
2021-11-01,2021-11-03,2,7.0,2021-11-01T09:31:00-04:00,7.049999999999983,NDXP  211103P16010000,NDXP  211103P16000000,development,False,False,0,0,0,1,0,1198,available,False,2021-11-01T09:31:00-04:00,2021-11-03T16:00:00-04:00,0.0,13847.039999999968,0.0,last_observed_quote_not_settlement,1036.0,384,35,7.25,-652.9600000000335,2021-11-01T09:32:00-04:00,0.0,7.149999999999977,-452.95999999998793,2021-11-01T09:33:00-04:00,0.0,7.450000000000017,-1052.9600000000676,2021-11-01T09:36:00-04:00,0.0,7.650000000000006,-1452.9600000000448,2021-11-01T09:41:00-04:00,0.0,6.599999999999994,647.0399999999779,2021-11-01T09:46:00-04:00,0.0,7.900000000000034,-1952.9600000001017,2021-11-01T10:01:00-04:00,0.0,7.599999999999994,-1352.960000000022,2021-11-01T10:31:00-04:00,0.0,7.300000000000011,-752.9600000000562,2021-11-01T11:31:00-04:00,0.0,6.300000000000011,1247.0399999999438,2021-11-01T16:00:00-04:00,0.0,5.700000000000003,2447.039999999961,2021-11-02T16:00:00-04:00,0.0,0.0,13847.039999999968,2021-11-03T16:00:00-04:00,0.0,,,,,1450.0,hit,1459.0,hit,3151.0,hit,3151.0,hit,3151.0,hit,3151.0,hit,3210.0,hit,3.0,hit,31.0,hit,0.0,hit,31.0,hit,45.0,hit,,never_hit,9.25,384,True,True,True,True,,9.25,384,True,True,True,True,,9.25,384,True,True,True,True,,9.25,384,True,True,True,True,,3151.0,2021-11-03T14:02:00-04:00,0.6500000000000057,12547.039999999955,3193.0,2021-11-03T14:44:00-04:00,2.700000000000001,8447.039999999964,3194.0,2021-11-03T14:45:00-04:00,2.5500000000000007,8747.039999999966,3152.0,2021-11-03T14:03:00-04:00,4.699999999999996,4447.039999999975,3151.0,2021-11-03T14:02:00-04:00,0.6500000000000057,12547.039999999955,3196.0,2021-11-03T14:47:00-04:00,1.8500000000000014,10147.039999999964,3197.0,2021-11-03T14:48:00-04:00,1.3000000000000007,11247.039999999966,3152.0,2021-11-03T14:03:00-04:00,4.699999999999996,4447.039999999975,3151.0,2021-11-03T14:02:00-04:00,0.6500000000000057,12547.039999999955,3203.0,2021-11-03T14:54:00-04:00,0.8499999999999996,12147.039999999968,3204.0,2021-11-03T14:55:00-04:00,0.6499999999999995,12547.039999999968,3152.0,2021-11-03T14:03:00-04:00,4.699999999999996,4447.039999999975,3210.0,2021-11-03T15:01:00-04:00,0.32499999999999973,13197.039999999966,3211.0,2021-11-03T15:02:00-04:00,0.44999999999999973,12947.039999999966,3212.0,2021-11-03T15:03:00-04:00,0.1499999999999999,13547.039999999966,3211.0,2021-11-03T15:02:00-04:00,0.44999999999999973,12947.039999999966,59
2021-11-02,2021-11-05,3,5.0,2021-11-02T09:31:00-04:00,5.049999999999997,NDXP  211105P15880000,NDXP  211105P15870000,development,False,False,0,0,0,4,0,1600,available,False,2021-11-02T09:31:00-04:00,2021-11-05T16:00:00-04:00,0.0,9847.039999999995,0.0,last_observed_quote_not_settlement,1036.0,0,0,4.5,847.039999999995,2021-11-02T09:32:00-04:00,0.0,4.549999999999997,747.0400000000006,2021-11-02T09:33:00-04:00,0.0,4.400000000000006,1047.0399999999836,2021-11-02T09:36:00-04:00,0.0,3.75,2347.039999999995,2021-11-02T09:41:00-04:00,0.0,3.5,2847.039999999995,2021-11-02T09:46:00-04:00,0.0,3.25,3347.039999999995,2021-11-02T10:01:00-04:00,0.0,3.4000000000000057,3047.0399999999836,2021-11-02T10:31:00-04:00,0.0,3.3499999999999943,3147.0400000000063,2021-11-02T11:31:00-04:00,0.0,2.8999999999999986,4047.039999999998,2021-11-02T16:00:00-04:00,0.0,0.75,8347.039999999995,2021-11-03T16:00:00-04:00,0.0,0.07499999999999996,9697.039999999995,2021-11-04T16:00:00-04:00,0.0,0.0,9847.039999999995,2021-11-05T16:00:00-04:00,0.0,0.0,hit,1.0,hit,8.0,hit,135.0,hit,1454.0,hit,1715.0,hit,1715.0,hit,,never_hit,,never_hit,,never_hit,,never_hit,,never_hit,,never_hit,5.049999999999997,0,False,False,False,False,,5.049999999999997,0,False,False,False,False,,5.049999999999997,0,False,False,False,False,,5.049999999999997,0,False,False,False,False,,135.0,2021-11-02T11:46:00-04:00,2.9000000000000057,4047.0399999999836,375.0,2021-11-02T15:46:00-04:00,2.8500000000000014,4147.039999999992,376.0,2021-11-02T15:47:00-04:00,2.9000000000000057,4047.0399999999836,136.0,2021-11-02T11:47:00-04:00,3.049999999999997,3747.040000000001,1454.0,2021-11-03T09:45:00-04:00,1.75,6347.039999999995,1756.0,2021-11-03T14:47:00-04:00,1.8499999999999943,6147.040000000006,1757.0,2021-11-03T14:48:00-04:00,1.7499999999999964,6347.040000000002,1455.0,2021-11-03T09:46:00-04:00,2.75,4347.039999999995,1715.0,2021-11-03T14:06:00-04:00,0.5,8847.039999999995,1811.0,2021-11-03T15:42:00-04:00,0.9499999999999993,7947.039999999996,1812.0,2021-11-03T15:43:00-04:00,0.9499999999999993,7947.039999999996,1716.0,2021-11-03T14:07:00-04:00,2.3000000000000043,5247.039999999986,2880.0,2021-11-04T09:31:00-04:00,0.2999999999999998,9247.039999999995,2881.0,2021-11-04T09:32:00-04:00,0.2499999999999991,9347.039999999997,2882.0,2021-11-04T09:33:00-04:00,0.35000000000000053,9147.039999999995,2881.0,2021-11-04T09:32:00-04:00,0.2499999999999991,9347.039999999997,60
2021-11-02,2021-11-05,3,6.0,2021-11-02T09:31:00-04:00,6.0,NDXP  211105P15960000,NDXP  211105P15950000,development,False,False,0,0,0,21,0,1583,available,False,2021-11-02T09:31:00-04:00,2021-11-05T16:00:00-04:00,0.0,11747.04,0.0,last_observed_quote_not_settlement,1036.0,0,0,5.699999999999989,347.04000000002344,2021-11-02T09:32:00-04:00,0.0,5.75,247.04000000000067,2021-11-02T09:33:00-04:00,0.0,5.599999999999994,547.040000000012,2021-11-02T09:36:00-04:00,0.0,5.1000000000000085,1547.0399999999836,2021-11-02T09:41:00-04:00,0.0,4.949999999999989,1847.0400000000234,2021-11-02T09:46:00-04:00,0.0,4.549999999999997,2647.0400000000063,2021-11-02T10:01:00-04:00,0.0,4.599999999999994,2547.0400000000122,2021-11-02T10:31:00-04:00,0.0,4.450000000000003,2847.039999999995,2021-11-02T11:31:00-04:00,0.0,4.25,3247.040000000001,2021-11-02T16:00:00-04:00,0.0,1.5499999999999972,8647.040000000008,2021-11-03T16:00:00-04:00,0.0,0.10000000000000009,11547.04,2021-11-04T16:00:00-04:00,0.0,0.0,11747.04,2021-11-05T16:00:00-04:00,0.0,6.0,hit,8.0,hit,377.0,hit,379.0,hit,379.0,hit,2880.0,hit,2896.0,hit,,never_hit,,never_hit,,never_hit,,never_hit,,never_hit,,never_hit,6.0,0,False,False,False,False,,6.0,0,False,False,False,False,,6.0,0,False,False,False,False,,6.0,0,False,False,False,False,,379.0,2021-11-02T15:50:00-04:00,1.5999999999999943,8547.040000000014,1715.0,2021-11-03T14:06:00-04:00,2.25,7247.040000000001,1757.0,2021-11-03T14:48:00-04:00,2.4000000000000057,6947.039999999989,380.0,2021-11-02T15:51:00-04:00,4.199999999999989,3347.0400000000236,379.0,2021-11-02T15:50:00-04:00,1.5999999999999943,8547.040000000014,1780.0,2021-11-03T15:11:00-04:00,1.4499999999999957,8847.04000000001,1801.0,2021-11-03T15:32:00-04:00,1.7999999999999972,8147.040000000007,380.0,2021-11-02T15:51:00-04:00,4.199999999999989,3347.0400000000236,2880.0,2021-11-04T09:31:00-04:00,0.8999999999999986,9947.040000000005,2881.0,2021-11-04T09:32:00-04:00,0.8499999999999979,10047.040000000006,2882.0,2021-11-04T09:33:00-04:00,0.8000000000000007,10147.04,2881.0,2021-11-04T09:32:00-04:00,0.8499999999999979,10047.040000000006,2899.0,2021-11-04T09:50:00-04:00,0.39999999999999947,10947.040000000003,2902.0,2021-11-04T09:53:00-04:00,0.40000000000000036,10947.04,2906.0,2021-11-04T09:57:00-04:00,0.35000000000000053,11047.04,2900.0,2021-11-04T09:51:00-04:00,0.4500000000000002,10847.04,61
2021-11-02,2021-11-05,3,7.0,2021-11-02T09:31:00-04:00,7.049999999999983,NDXP  211105P16050000,NDXP  211105P16040000,development,False,False,0,0,0,4,0,1600,available,False,2021-11-02T09:31:00-04:00,2021-11-05T16:00:00-04:00,0.0,13847.039999999968,0.0,last_observed_quote_not_settlement,1036.0,4,6,6.949999999999989,-52.96000000001066,2021-11-02T09:32:00-04:00,0.0,6.850000000000023,147.03999999992112,2021-11-02T09:33:00-04:00,0.0,6.899999999999977,47.04000000001208,2021-11-02T09:36:00-04:00,0.0,6.200000000000017,1447.0399999999324,2021-11-02T09:41:00-04:00,0.0,6.050000000000011,1747.0399999999438,2021-11-02T09:46:00-04:00,0.0,5.900000000000006,2047.0399999999554,2021-11-02T10:01:00-04:00,0.0,6.050000000000011,1747.0399999999438,2021-11-02T10:31:00-04:00,0.0,6.050000000000011,1747.0399999999438,2021-11-02T11:31:00-04:00,0.0,5.900000000000006,2047.0399999999554,2021-11-02T16:00:00-04:00,0.0,2.700000000000003,8447.039999999963,2021-11-03T16:00:00-04:00,0.0,0.17500000000000027,13497.039999999966,2021-11-04T16:00:00-04:00,0.0,0.0,13847.039999999968,2021-11-05T16:00:00-04:00,0.0,23.0,hit,340.0,hit,1714.0,hit,1801.0,hit,2880.0,hit,2902.0,hit,2920.0,hit,,never_hit,,never_hit,0.0,hit,,never_hit,,never_hit,,never_hit,7.25,4,True,False,False,False,,7.25,4,True,False,False,False,,7.25,4,True,False,False,False,,7.25,4,True,False,False,False,,1801.0,2021-11-03T15:32:00-04:00,2.9000000000000057,8047.039999999955,1815.0,2021-11-03T15:46:00-04:00,2.750000000000007,8347.039999999954,1816.0,2021-11-03T15:47:00-04:00,2.700000000000003,8447.039999999963,1802.0,2021-11-03T15:33:00-04:00,3.200000000000003,7447.039999999961,2880.0,2021-11-04T09:31:00-04:00,1.8500000000000014,10147.039999999964,2881.0,2021-11-04T09:32:00-04:00,1.8500000000000014,10147.039999999964,2882.0,2021-11-04T09:33:00-04:00,1.8499999999999943,10147.039999999979,2881.0,2021-11-04T09:32:00-04:00,1.8500000000000014,10147.039999999964,2905.0,2021-11-04T09:56:00-04:00,0.8000000000000007,12247.039999999966,2906.0,2021-11-04T09:57:00-04:00,0.8499999999999996,12147.039999999968,2907.0,2021-11-04T09:58:00-04:00,0.8500000000000014,12147.039999999964,2906.0,2021-11-04T09:57:00-04:00,0.8499999999999996,12147.039999999968,2920.0,2021-11-04T10:11:00-04:00,0.4499999999999993,12947.039999999968,2983.0,2021-11-04T11:14:00-04:00,0.39999999999999947,13047.039999999968,3042.0,2021-11-04T12:13:00-04:00,0.4499999999999993,12947.039999999968,2921.0,2021-11-04T10:12:00-04:00,0.6999999999999993,12447.039999999968,62
2021-11-03,2021-11-05,2,5.0,2021-11-03T09:31:00-04:00,5.0,NDXP  211105P16010000,NDXP  211105P16000000,development,False,False,0,0,0,53,0,1146,available,False,2021-11-03T09:31:00-04:00,2021-11-05T16:00:00-04:00,0.0,9747.04,0.0,last_observed_quote_not_settlement,1036.0,124,52,4.75,247.04000000000067,2021-11-03T09:32:00-04:00,0.0,4.450000000000017,847.0399999999665,2021-11-03T09:33:00-04:00,0.0,5.349999999999994,-952.959999999988,2021-11-03T09:36:00-04:00,0.0,4.900000000000006,-52.96000000001066,2021-11-03T09:41:00-04:00,0.0,4.599999999999994,547.040000000012,2021-11-03T09:46:00-04:00,0.0,5.400000000000006,-1052.9600000000107,2021-11-03T10:01:00-04:00,0.0,5.049999999999997,-352.9599999999936,2021-11-03T10:31:00-04:00,0.0,5.050000000000011,-352.96000000002203,2021-11-03T11:31:00-04:00,0.0,1.6999999999999993,6347.040000000002,2021-11-03T16:00:00-04:00,0.0,0.09999999999999964,9547.040000000003,2021-11-04T16:00:00-04:00,0.0,0.0,9747.04,2021-11-05T16:00:00-04:00,0.0,,,,,0.0,hit,0.0,hit,67.0,hit,274.0,hit,387.0,hit,1451.0,hit,1466.0,hit,41.0,hit,83.0,hit,,never_hit,,never_hit,,never_hit,,never_hit,6.0,123,False,False,False,False,,6.0,124,False,False,False,False,,6.0,124,False,False,False,False,,6.0,124,False,False,False,False,,274.0,2021-11-03T14:05:00-04:00,2.450000000000017,4847.039999999966,333.0,2021-11-03T15:04:00-04:00,2.5,4747.040000000001,334.0,2021-11-03T15:05:00-04:00,2.8000000000000043,4147.039999999992,275.0,2021-11-03T14:06:00-04:00,4.550000000000011,647.0399999999779,387.0,2021-11-03T15:58:00-04:00,1.8500000000000014,6047.039999999998,1441.0,2021-11-04T09:32:00-04:00,1.25,7247.040000000001,1442.0,2021-11-04T09:33:00-04:00,1.6000000000000014,6547.039999999998,388.0,2021-11-03T15:59:00-04:00,2.1999999999999993,5347.040000000002,1455.0,2021-11-04T09:46:00-04:00,0.9000000000000004,7947.04,1456.0,2021-11-04T09:47:00-04:00,0.5500000000000007,8647.04,1457.0,2021-11-04T09:48:00-04:00,0.8000000000000007,8147.04,1456.0,2021-11-04T09:47:00-04:00,0.5500000000000007,8647.04,1466.0,2021-11-04T09:57:00-04:00,0.4499999999999993,8847.040000000003,1484.0,2021-11-04T10:15:00-04:00,0.40000000000000036,8947.04,1485.0,2021-11-04T10:16:00-04:00,0.34999999999999964,9047.040000000003,1467.0,2021-11-04T09:58:00-04:00,0.5500000000000007,8647.04,63
2021-11-03,2021-11-05,2,6.0,2021-11-03T09:31:00-04:00,6.100000000000023,NDXP  211105P16070000,NDXP  211105P16060000,development,False,False,0,0,0,0,0,1199,available,False,2021-11-03T09:31:00-04:00,2021-11-05T16:00:00-04:00,0.0,11947.040000000046,0.0,last_observed_quote_not_settlement,1036.0,128,53,5.949999999999989,47.04000000006892,2021-11-03T09:32:00-04:00,0.0,6.299999999999983,-652.9599999999198,2021-11-03T09:33:00-04:00,0.0,6.550000000000011,-1152.9599999999766,2021-11-03T09:36:00-04:00,0.0,6.0,-52.959999999953816,2021-11-03T09:41:00-04:00,0.0,6.050000000000011,-152.95999999997656,2021-11-03T09:46:00-04:00,0.0,6.25,-552.9599999999539,2021-11-03T10:01:00-04:00,0.0,6.349999999999994,-752.9599999999425,2021-11-03T10:31:00-04:00,0.0,6.199999999999989,-452.9599999999311,2021-11-03T11:31:00-04:00,0.0,3.1499999999999915,5647.040000000064,2021-11-03T16:00:00-04:00,0.0,0.3000000000000007,11347.040000000046,2021-11-04T16:00:00-04:00,0.0,0.0,11947.040000000046,2021-11-05T16:00:00-04:00,0.0,,,,,271.0,hit,273.0,hit,275.0,hit,379.0,hit,1453.0,hit,1466.0,hit,1522.0,hit,23.0,hit,37.0,hit,32.0,hit,,never_hit,,never_hit,,never_hit,7.199999999999989,128,True,False,False,False,,7.199999999999989,128,True,False,False,False,,7.199999999999989,128,True,False,False,False,,7.199999999999989,128,True,False,False,False,,386.0,2021-11-03T15:57:00-04:00,2.799999999999997,6347.040000000052,1441.0,2021-11-04T09:32:00-04:00,2.2500000000000036,7447.040000000039,1442.0,2021-11-04T09:33:00-04:00,2.3000000000000043,7347.040000000037,387.0,2021-11-03T15:58:00-04:00,3.0,5947.040000000046,1453.0,2021-11-04T09:44:00-04:00,1.9499999999999993,8047.040000000047,1454.0,2021-11-04T09:45:00-04:00,1.7500000000000036,8447.040000000039,1455.0,2021-11-04T09:46:00-04:00,1.6500000000000021,8647.040000000043,1454.0,2021-11-04T09:45:00-04:00,1.7500000000000036,8447.040000000039,1472.0,2021-11-04T10:03:00-04:00,0.8500000000000014,10247.040000000045,1473.0,2021-11-04T10:04:00-04:00,0.9499999999999993,10047.040000000048,1474.0,2021-11-04T10:05:00-04:00,0.9000000000000004,10147.040000000046,1473.0,2021-11-04T10:04:00-04:00,0.9499999999999993,10047.040000000048,1591.0,2021-11-04T12:02:00-04:00,0.4499999999999993,11047.040000000048,1678.0,2021-11-04T13:29:00-04:00,0.40000000000000036,11147.040000000046,1684.0,2021-11-04T13:35:00-04:00,0.40000000000000036,11147.040000000046,1592.0,2021-11-04T12:03:00-04:00,0.45000000000000107,11047.040000000045,64
2021-11-03,2021-11-05,2,7.0,2021-11-03T09:31:00-04:00,7.100000000000023,NDXP  211105P16120000,NDXP  211105P16110000,development,False,False,0,0,0,2,0,1197,available,False,2021-11-03T09:31:00-04:00,2021-11-05T16:00:00-04:00,0.0,13947.040000000046,0.0,last_observed_quote_not_settlement,1036.0,104,66,6.900000000000006,147.0400000000348,2021-11-03T09:32:00-04:00,0.0,7.599999999999994,-1252.9599999999425,2021-11-03T09:33:00-04:00,0.0,7.399999999999977,-852.9599999999084,2021-11-03T09:36:00-04:00,0.0,6.900000000000034,147.03999999997797,2021-11-03T09:41:00-04:00,0.0,7.349999999999994,-752.9599999999425,2021-11-03T09:46:00-04:00,0.0,7.099999999999994,-252.95999999994245,2021-11-03T10:01:00-04:00,0.0,6.749999999999972,447.040000000103,2021-11-03T10:31:00-04:00,0.0,7.099999999999966,-252.9599999998856,2021-11-03T11:31:00-04:00,0.0,3.700000000000003,6547.040000000041,2021-11-03T16:00:00-04:00,0.0,0.5500000000000007,12847.040000000046,2021-11-04T16:00:00-04:00,0.0,0.0,13947.040000000046,2021-11-05T16:00:00-04:00,0.0,,,,,319.0,hit,325.0,hit,376.0,hit,1443.0,hit,1459.0,hit,1494.0,hit,1692.0,hit,21.0,hit,67.0,hit,0.0,hit,67.0,hit,,never_hit,,never_hit,8.150000000000006,104,True,True,False,False,,8.150000000000006,104,True,True,False,False,,8.150000000000006,104,True,True,False,False,,8.150000000000006,104,True,True,False,False,,1443.0,2021-11-04T09:34:00-04:00,2.9499999999999957,8047.0400000000545,1451.0,2021-11-04T09:42:00-04:00,2.9000000000000057,8147.0400000000345,1455.0,2021-11-04T09:46:00-04:00,2.5,8947.040000000046,1444.0,2021-11-04T09:35:00-04:00,3.0,7947.040000000046,1463.0,2021-11-04T09:54:00-04:00,1.9499999999999957,10047.040000000055,1464.0,2021-11-04T09:55:00-04:00,1.8999999999999986,10147.04000000005,1465.0,2021-11-04T09:56:00-04:00,1.7000000000000028,10547.04000000004,1464.0,2021-11-04T09:55:00-04:00,1.8999999999999986,10147.04000000005,1494.0,2021-11-04T10:25:00-04:00,0.9499999999999993,12047.040000000048,1507.0,2021-11-04T10:38:00-04:00,0.9499999999999993,12047.040000000048,1542.0,2021-11-04T11:13:00-04:00,0.9000000000000004,12147.040000000046,1495.0,2021-11-04T10:26:00-04:00,1.049999999999999,11847.04000000005,1692.0,2021-11-04T13:43:00-04:00,0.4499999999999993,13047.040000000048,1706.0,2021-11-04T13:57:00-04:00,0.40000000000000036,13147.040000000046,1750.0,2021-11-04T14:41:00-04:00,0.2999999999999998,13347.040000000048,1693.0,2021-11-04T13:44:00-04:00,0.6999999999999993,12547.040000000048,65
2021-11-05,2021-11-08,3,5.0,2021-11-05T09:31:00-04:00,5.049999999999997,NDXP  211108P16430000,NDXP  211108P16420000,development,False,False,0,0,0,1,0,794,available,False,2021-11-05T09:31:00-04:00,2021-11-08T16:00:00-05:00,10.0,-10052.960000000005,0.0,last_observed_quote_not_settlement,3916.0,618,7,4.450000000000003,947.0399999999893,2021-11-05T09:32:00-04:00,0.0,4.450000000000017,947.0399999999609,2021-11-05T09:33:00-04:00,0.0,4.299999999999997,1247.0400000000006,2021-11-05T09:36:00-04:00,0.0,4.299999999999997,1247.0400000000006,2021-11-05T09:41:00-04:00,0.0,4.5,847.039999999995,2021-11-05T09:46:00-04:00,0.0,4.749999999999986,347.04000000002344,2021-11-05T10:01:00-04:00,0.0,4.850000000000023,147.03999999994954,2021-11-05T10:31:00-04:00,0.0,4.799999999999983,247.0400000000291,2021-11-05T11:31:00-04:00,0.0,7.199999999999989,-4552.959999999982,2021-11-05T16:00:00-04:00,0.0,,,2021-11-05T16:15:00-04:00,85500.0,,,2021-11-05T16:15:00-04:00,171900.0,10.0,-10052.960000000005,2021-11-08T16:00:00-05:00,0.0,0.0,hit,1.0,hit,,never_hit,,never_hit,,never_hit,,never_hit,,never_hit,18.0,hit,19.0,hit,223.0,hit,4386.0,hit,4454.0,hit,4535.0,hit,,,True,True,True,False,1.0,,,True,True,True,False,1.0,,,True,True,True,False,1.0,,,True,True,True,False,1.0,,,,,,,,,,,,,,,,,,,,,,,,,,,,,,,,,,,,,,,,,,,,,,,,,,,,,,,,,,,,,,,,,66
2021-11-05,2021-11-08,3,6.0,2021-11-05T09:31:00-04:00,5.8500000000000085,NDXP  211108P16510000,NDXP  211108P16500000,development,False,False,0,0,0,12,0,783,available,False,2021-11-05T09:31:00-04:00,2021-11-08T16:00:00-05:00,10.0,-8452.959999999981,0.0,last_observed_quote_not_settlement,3916.0,762,14,6.550000000000011,-1652.960000000005,2021-11-05T09:32:00-04:00,0.0,6.449999999999989,-1452.9599999999596,2021-11-05T09:33:00-04:00,0.0,6.1499999999999915,-852.9599999999652,2021-11-05T09:36:00-04:00,0.0,5.75,-52.95999999998224,2021-11-05T09:41:00-04:00,0.0,6.299999999999983,-1152.9599999999482,2021-11-05T09:46:00-04:00,0.0,6.450000000000003,-1452.959999999988,2021-11-05T10:01:00-04:00,0.0,6.400000000000006,-1352.9599999999937,2021-11-05T10:31:00-04:00,0.0,6.699999999999989,-1952.9599999999596,2021-11-05T11:31:00-04:00,0.0,5.900000000000006,-352.9599999999936,2021-11-05T16:00:00-04:00,0.0,,,2021-11-05T16:15:00-04:00,85500.0,,,2021-11-05T16:15:00-04:00,171900.0,10.0,-8452.959999999981,2021-11-08T16:00:00-05:00,0.0,,never_hit,,never_hit,,never_hit,,never_hit,,never_hit,,never_hit,,never_hit,1.0,hit,14.0,hit,14.0,hit,199.0,hit,240.0,hit,240.0,hit,,,True,True,True,False,0.30000000000001137,,,True,True,True,False,0.30000000000001137,,,True,True,True,False,0.30000000000001137,,,True,True,True,False,0.30000000000001137,,,,,,,,,,,,,,,,,,,,,,,,,,,,,,,,,,,,,,,,,,,,,,,,,,,,,,,,,,,,,,,,,67
2021-11-05,2021-11-08,3,7.0,2021-11-05T09:31:00-04:00,7.0,NDXP  211108P16530000,NDXP  211108P16520000,development,False,False,0,0,0,21,0,774,available,False,2021-11-05T09:31:00-04:00,2021-11-08T16:00:00-05:00,10.0,-6152.96,0.0,last_observed_quote_not_settlement,3916.0,608,35,6.900000000000006,-52.96000000001066,2021-11-05T09:32:00-04:00,0.0,6.75,247.04000000000067,2021-11-05T09:33:00-04:00,0.0,6.799999999999983,147.0400000000348,2021-11-05T09:36:00-04:00,0.0,6.700000000000003,347.039999999995,2021-11-05T09:41:00-04:00,0.0,6.700000000000017,347.0399999999666,2021-11-05T09:46:00-04:00,0.0,6.899999999999977,-52.959999999953816,2021-11-05T10:01:00-04:00,0.0,6.699999999999989,347.04000000002344,2021-11-05T10:31:00-04:00,0.0,7.050000000000011,-352.96000000002203,2021-11-05T11:31:00-04:00,0.0,,,2021-11-05T15:59:00-04:00,60.0,,,2021-11-05T16:15:00-04:00,85500.0,,,2021-11-05T16:15:00-04:00,171900.0,10.0,-6152.96,2021-11-08T16:00:00-05:00,0.0,,never_hit,,never_hit,,never_hit,,never_hit,,never_hit,,never_hit,,never_hit,20.0,hit,207.0,hit,0.0,hit,207.0,hit,241.0,hit,381.0,hit,,,True,True,True,False,0.9000000000000057,,,True,True,True,False,0.9000000000000057,,,True,True,True,False,0.9000000000000057,,,True,True,True,False,0.9000000000000057,,,,,,,,,,,,,,,,,,,,,,,,,,,,,,,,,,,,,,,,,,,,,,,,,,,,,,,,,,,,,,,,,68
2021-11-08,2021-11-10,2,5.0,2021-11-08T09:31:00-05:00,4.949999999999989,NDXP  211110P16360000,NDXP  211110P16350000,development,False,False,0,0,0,67,0,1133,available,False,2021-11-08T09:31:00-05:00,2021-11-10T16:00:00-05:00,10.0,-10252.960000000021,0.0,last_observed_quote_not_settlement,1036.0,838,51,4.650000000000006,347.0399999999666,2021-11-08T09:32:00-05:00,0.0,4.6000000000000085,447.0399999999609,2021-11-08T09:33:00-05:00,0.0,4.1499999999999915,1347.039999999995,2021-11-08T09:36:00-05:00,0.0,4.5,647.0399999999779,2021-11-08T09:41:00-05:00,0.0,4.700000000000017,247.03999999994383,2021-11-08T09:46:00-05:00,0.0,5.050000000000011,-452.9600000000448,2021-11-08T10:01:00-05:00,0.0,5.3999999999999915,-1152.960000000005,2021-11-08T10:31:00-05:00,0.0,4.599999999999994,447.03999999998933,2021-11-08T11:31:00-05:00,0.0,5.200000000000003,-752.9600000000278,2021-11-08T16:00:00-05:00,0.0,8.299999999999983,-6952.95999999999,2021-11-09T16:00:00-05:00,0.0,10.0,-10252.960000000021,2021-11-10T16:00:00-05:00,0.0,,,,,0.0,hit,0.0,hit,1440.0,hit,,never_hit,,never_hit,,never_hit,,never_hit,12.0,hit,1466.0,hit,1468.0,hit,1469.0,hit,1469.0,hit,1783.0,hit,,,True,True,True,False,1.1499999999999915,,,True,True,True,False,1.1499999999999915,,,True,True,True,False,1.1499999999999915,,,True,True,True,False,1.1499999999999915,,,,,,,,,,,,,,,,,,,,,,,,,,,,,,,,,,,,,,,,,,,,,,,,,,,,,,,,,,,,,,,,,69
2021-11-08,2021-11-10,2,6.0,2021-11-08T09:31:00-05:00,5.950000000000017,NDXP  211110P16420000,NDXP  211110P16410000,development,False,False,0,0,0,128,0,1072,available,False,2021-11-08T09:31:00-05:00,2021-11-10T16:00:00-05:00,4.199999999999989,3247.0400000000577,0.0,last_observed_quote_not_settlement,1036.0,787,85,5.450000000000003,747.0400000000291,2021-11-08T09:32:00-05:00,0.0,5.999999999999986,-352.95999999993677,2021-11-08T09:33:00-05:00,0.0,5.299999999999997,1047.0400000000404,2021-11-08T09:36:00-05:00,0.0,5.700000000000003,247.0400000000291,2021-11-08T09:41:00-05:00,0.0,5.899999999999977,-152.95999999991972,2021-11-08T09:46:00-05:00,0.0,6.299999999999983,-952.9599999999311,2021-11-08T10:01:00-05:00,0.0,6.099999999999966,-552.959999999897,2021-11-08T10:31:00-05:00,0.0,5.6499999999999915,347.04000000005186,2021-11-08T11:31:00-05:00,0.0,7.050000000000011,-2452.9599999999878,2021-11-08T16:00:00-05:00,0.0,9.0,-6352.959999999967,2021-11-09T16:00:00-05:00,0.0,4.199999999999989,3247.0400000000577,2021-11-10T16:00:00-05:00,0.0,,,,,1.0,hit,6.0,hit,6.0,hit,6.0,hit,,never_hit,,never_hit,,never_hit,26.0,hit,26.0,hit,26.0,hit,1468.0,hit,1475.0,hit,1475.0,hit,5.999999999999986,1,False,False,False,False,,,,True,True,True,False,3.0500000000000256,,,True,True,True,False,3.0500000000000256,,,True,True,True,False,3.0500000000000256,6.0,2021-11-08T09:37:00-05:00,2.8999999999999915,5847.040000000052,,,,,,,,,7.0,2021-11-08T09:38:00-05:00,5.400000000000006,847.0400000000234,,,,,,,,,,,,,,,,,,,,,,,,,,,,,,,,,,,,,,,,,,,,,,,,,70
2021-11-08,2021-11-10,2,7.0,2021-11-08T09:31:00-05:00,6.999999999999972,NDXP  211110P16480000,NDXP  211110P16470000,development,False,False,0,0,0,125,0,1075,available,False,2021-11-08T09:31:00-05:00,2021-11-10T16:00:00-05:00,10.0,-6152.960000000056,0.0,last_observed_quote_not_settlement,1036.0,833,80,6.750000000000028,247.039999999887,2021-11-08T09:32:00-05:00,0.0,6.75,247.03999999994383,2021-11-08T09:33:00-05:00,0.0,6.400000000000006,947.0399999999324,2021-11-08T09:36:00-05:00,0.0,6.650000000000006,447.0399999999325,2021-11-08T09:41:00-05:00,0.0,6.900000000000006,-52.9600000000675,2021-11-08T09:46:00-05:00,0.0,7.200000000000017,-652.9600000000903,2021-11-08T10:01:00-05:00,0.0,7.050000000000011,-352.9600000000789,2021-11-08T10:31:00-05:00,0.0,6.699999999999989,347.0399999999666,2021-11-08T11:31:00-05:00,0.0,7.650000000000034,-1552.9600000001244,2021-11-08T16:00:00-05:00,0.0,9.649999999999977,-5552.960000000013,2021-11-09T16:00:00-05:00,0.0,10.0,-6152.960000000056,2021-11-10T16:00:00-05:00,0.0,,,,,,never_hit,,never_hit,,never_hit,,never_hit,,never_hit,,never_hit,,never_hit,12.0,hit,149.0,hit,9.0,hit,149.0,hit,1468.0,hit,1553.0,hit,,,True,True,True,False,1.4000000000000057,,,True,True,True,False,1.4000000000000057,,,True,True,True,False,1.4000000000000057,,,True,True,True,False,1.4000000000000057,,,,,,,,,,,,,,,,,,,,,,,,,,,,,,,,,,,,,,,,,,,,,,,,,,,,,,,,,,,,,,,,,71
2021-11-09,2021-11-12,3,5.0,2021-11-09T09:31:00-05:00,5.1000000000000085,NDXP  211112P16420000,NDXP  211112P16410000,development,False,False,0,0,0,199,0,1406,available,False,2021-11-09T09:31:00-05:00,2021-11-12T15:58:00-05:00,9.950000000000017,-9952.959999999981,2.0,last_observed_quote_not_settlement,1036.0,1256,6,5.450000000000003,-952.959999999988,2021-11-09T09:32:00-05:00,0.0,5.049999999999997,-152.95999999997656,2021-11-09T09:33:00-05:00,0.0,5.049999999999983,-152.95999999994814,2021-11-09T09:36:00-05:00,0.0,5.300000000000011,-652.960000000005,2021-11-09T09:41:00-05:00,0.0,5.25,-552.9599999999823,2021-11-09T09:46:00-05:00,0.0,7.000000000000028,-4052.960000000039,2021-11-09T10:01:00-05:00,0.0,7.0,-4052.9599999999823,2021-11-09T10:31:00-05:00,0.0,7.099999999999966,-4252.959999999914,2021-11-09T11:31:00-05:00,0.0,8.450000000000017,-6952.960000000018,2021-11-09T16:00:00-05:00,0.0,9.650000000000034,-9352.960000000052,2021-11-10T16:00:00-05:00,0.0,9.150000000000034,-8352.960000000052,2021-11-11T16:00:00-05:00,0.0,,,2021-11-12T15:58:00-05:00,120.0,0.0,hit,4.0,hit,4.0,hit,4.0,hit,,never_hit,,never_hit,,never_hit,17.0,hit,20.0,hit,26.0,hit,179.0,hit,1441.0,hit,1453.0,hit,5.450000000000003,2,False,False,False,False,,,,True,True,True,False,2.450000000000003,,,True,True,True,False,2.450000000000003,,,True,True,True,False,2.450000000000003,4.0,2021-11-09T09:35:00-05:00,2.6500000000000057,4647.040000000006,,,,,,,,,5.0,2021-11-09T09:36:00-05:00,5.049999999999983,-152.95999999994814,,,,,,,,,,,,,,,,,,,,,,,,,,,,,,,,,,,,,,,,,,,,,,,,,72
2021-11-09,2021-11-12,3,6.0,2021-11-09T09:31:00-05:00,6.000000000000028,NDXP  211112P16470000,NDXP  211112P16460000,development,False,False,0,0,0,219,0,1386,available,False,2021-11-09T09:31:00-05:00,2021-11-12T16:00:00-05:00,10.0,-8152.959999999943,0.0,last_observed_quote_not_settlement,1038.0,1214,11,5.899999999999977,-52.95999999989697,2021-11-09T09:32:00-05:00,0.0,6.199999999999989,-652.9599999999198,2021-11-09T09:33:00-05:00,0.0,6.25,-752.9599999999425,2021-11-09T09:36:00-05:00,0.0,6.050000000000011,-352.9599999999652,2021-11-09T09:41:00-05:00,0.0,6.0,-252.95999999994245,2021-11-09T09:46:00-05:00,0.0,7.69999999999996,-3652.9599999998627,2021-11-09T10:01:00-05:00,0.0,7.650000000000006,-3552.9599999999537,2021-11-09T10:31:00-05:00,0.0,8.199999999999989,-4652.959999999922,2021-11-09T11:31:00-05:00,0.0,8.299999999999955,-4852.959999999854,2021-11-09T16:00:00-05:00,0.0,7.949999999999989,-4152.95999999992,2021-11-10T16:00:00-05:00,0.0,7.900000000000034,-4052.9600000000105,2021-11-11T16:00:00-05:00,0.0,10.0,-8152.959999999943,2021-11-12T16:00:00-05:00,0.0,4349.0,hit,4349.0,hit,,never_hit,,never_hit,,never_hit,,never_hit,,never_hit,19.0,hit,24.0,hit,24.0,hit,32.0,hit,34.0,hit,34.0,hit,,,True,True,True,False,1.1000000000000512,,,True,True,True,False,1.1000000000000512,,,True,True,True,False,1.1000000000000512,,,True,True,True,False,1.1000000000000512,,,,,,,,,,,,,,,,,,,,,,,,,,,,,,,,,,,,,,,,,,,,,,,,,,,,,,,,,,,,,,,,,73
2021-11-09,2021-11-12,3,7.0,2021-11-09T09:31:00-05:00,7.149999999999977,NDXP  211112P16570000,NDXP  211112P16560000,development,False,False,0,0,0,270,0,1335,available,False,2021-11-09T09:31:00-05:00,2021-11-12T16:00:00-05:00,10.0,-5852.9600000000455,0.0,last_observed_quote_not_settlement,1038.0,1131,4,7.600000000000023,-1152.9600000000903,2021-11-09T09:32:00-05:00,0.0,7.75,-1452.9600000000448,2021-11-09T09:33:00-05:00,0.0,7.600000000000023,-1152.9600000000903,2021-11-09T09:36:00-05:00,0.0,7.5,-952.9600000000448,2021-11-09T09:41:00-05:00,0.0,7.5,-952.9600000000448,2021-11-09T09:46:00-05:00,0.0,8.800000000000068,-3552.960000000183,2021-11-09T10:01:00-05:00,0.0,8.899999999999977,-3752.960000000001,2021-11-09T10:31:00-05:00,0.0,9.049999999999955,-4052.9599999999555,2021-11-09T11:31:00-05:00,0.0,9.150000000000034,-4252.960000000115,2021-11-09T16:00:00-05:00,0.0,9.75,-5452.960000000046,2021-11-10T16:00:00-05:00,0.0,9.850000000000023,-5652.960000000092,2021-11-11T16:00:00-05:00,0.0,10.0,-5852.9600000000455,2021-11-12T16:00:00-05:00,0.0,1447.0,hit,,never_hit,,never_hit,,never_hit,,never_hit,,never_hit,,never_hit,2.0,hit,22.0,hit,0.0,hit,11.0,hit,22.0,hit,22.0,hit,,,True,True,True,False,2.0500000000000114,,,True,True,True,False,2.0500000000000114,,,True,True,True,False,2.0500000000000114,,,True,True,True,False,2.0500000000000114,,,,,,,,,,,,,,,,,,,,,,,,,,,,,,,,,,,,,,,,,,,,,,,,,,,,,,,,,,,,,,,,,74
2021-11-10,2021-11-12,2,5.0,2021-11-10T09:31:00-05:00,4.949999999999989,NDXP  211112P16130000,NDXP  211112P16120000,development,False,False,0,0,0,5,0,1195,available,False,2021-11-10T09:31:00-05:00,2021-11-12T16:00:00-05:00,5.0249999999999995,-402.96000000002095,0.0,last_observed_quote_not_settlement,1036.0,699,26,5.200000000000003,-752.9600000000278,2021-11-10T09:32:00-05:00,0.0,5.550000000000011,-1452.9600000000448,2021-11-10T09:33:00-05:00,0.0,4.849999999999994,-52.96000000001066,2021-11-10T09:36:00-05:00,0.0,4.8999999999999915,-152.96000000000498,2021-11-10T09:41:00-05:00,0.0,4.75,147.03999999997797,2021-11-10T09:46:00-05:00,0.0,3.700000000000003,2247.039999999972,2021-11-10T10:01:00-05:00,0.0,3.5,2647.039999999978,2021-11-10T10:31:00-05:00,0.0,4.150000000000006,1347.0399999999665,2021-11-10T11:31:00-05:00,0.0,6.650000000000034,-3652.96000000009,2021-11-10T16:00:00-05:00,0.0,7.549999999999997,-5452.960000000016,2021-11-11T16:00:00-05:00,0.0,5.0249999999999995,-402.96000000002095,2021-11-12T16:00:00-05:00,0.0,,,,,0.0,hit,0.0,hit,25.0,hit,2987.0,hit,2995.0,hit,3121.0,hit,3201.0,hit,2.0,hit,3.0,hit,288.0,hit,299.0,hit,2894.0,hit,,never_hit,9.200000000000003,699,True,True,True,True,,9.200000000000003,699,True,True,True,True,,9.200000000000003,699,True,True,True,True,,9.200000000000003,699,True,True,True,True,,2987.0,2021-11-12T11:18:00-05:00,2.900000000000002,3847.0399999999736,2988.0,2021-11-12T11:19:00-05:00,2.75,4147.039999999978,2989.0,2021-11-12T11:20:00-05:00,2.3500000000000014,4947.039999999975,2988.0,2021-11-12T11:19:00-05:00,2.75,4147.039999999978,3000.0,2021-11-12T11:31:00-05:00,1.8499999999999996,5947.039999999979,3004.0,2021-11-12T11:35:00-05:00,1.799999999999999,6047.03999999998,3005.0,2021-11-12T11:36:00-05:00,1.8999999999999986,5847.039999999981,3001.0,2021-11-12T11:32:00-05:00,2.0,5647.039999999978,3121.0,2021-11-12T13:32:00-05:00,0.9499999999999997,7747.039999999977,3122.0,2021-11-12T13:33:00-05:00,0.875,7897.039999999978,3123.0,2021-11-12T13:34:00-05:00,0.7999999999999998,8047.039999999978,3122.0,2021-11-12T13:33:00-05:00,0.875,7897.039999999978,3227.0,2021-11-12T15:18:00-05:00,0.32499999999999973,8997.039999999979,3228.0,2021-11-12T15:19:00-05:00,0.32499999999999973,8997.039999999979,3229.0,2021-11-12T15:20:00-05:00,0.3749999999999998,8897.039999999979,3228.0,2021-11-12T15:19:00-05:00,0.32499999999999973,8997.039999999979,75
2021-11-10,2021-11-12,2,6.0,2021-11-10T09:31:00-05:00,5.950000000000017,NDXP  211112P16190000,NDXP  211112P16180000,development,False,False,0,0,0,1,0,1199,available,False,2021-11-10T09:31:00-05:00,2021-11-12T16:00:00-05:00,4.8500000000000005,1947.0400000000336,0.0,last_observed_quote_not_settlement,1036.0,721,23,6.25,-852.9599999999652,2021-11-10T09:32:00-05:00,0.0,6.849999999999966,-2052.959999999897,2021-11-10T09:33:00-05:00,0.0,5.349999999999994,947.0400000000461,2021-11-10T09:36:00-05:00,0.0,4.350000000000023,2947.0399999999895,2021-11-10T09:41:00-05:00,0.0,6.5,-1352.9599999999652,2021-11-10T09:46:00-05:00,0.0,4.799999999999997,2047.0400000000404,2021-11-10T10:01:00-05:00,0.0,4.3500000000000085,2947.0400000000177,2021-11-10T10:31:00-05:00,0.0,5.25,1147.0400000000348,2021-11-10T11:31:00-05:00,0.0,8.050000000000011,-4452.95999999999,2021-11-10T16:00:00-05:00,0.0,8.800000000000011,-5952.95999999999,2021-11-11T16:00:00-05:00,0.0,4.8500000000000005,1947.0400000000336,2021-11-12T16:00:00-05:00,0.0,,,,,5.0,hit,7.0,hit,3010.0,hit,3235.0,hit,3241.0,hit,3259.0,hit,3259.0,hit,2.0,hit,8.0,hit,8.0,hit,274.0,hit,302.0,hit,378.0,hit,10.0,721,True,True,True,True,,10.0,721,True,True,True,True,,10.0,721,True,True,True,True,,10.0,721,True,True,True,True,,3235.0,2021-11-12T15:26:00-05:00,2.75,6147.0400000000345,3239.0,2021-11-12T15:30:00-05:00,2.8499999999999996,5947.040000000035,3240.0,2021-11-12T15:31:00-05:00,2.1,7447.0400000000345,3236.0,2021-11-12T15:27:00-05:00,3.3499999999999996,4947.040000000035,3241.0,2021-11-12T15:32:00-05:00,1.6999999999999993,8247.040000000037,3242.0,2021-11-12T15:33:00-05:00,1.8250000000000002,7997.0400000000345,3243.0,2021-11-12T15:34:00-05:00,1.875,7897.0400000000345,3242.0,2021-11-12T15:33:00-05:00,1.8250000000000002,7997.0400000000345,3259.0,2021-11-12T15:50:00-05:00,0.0,11647.040000000035,,,,,,,,,3260.0,2021-11-12T15:51:00-05:00,2.5000000000000004,6647.040000000034,3259.0,2021-11-12T15:50:00-05:00,0.0,11647.040000000035,,,,,,,,,3260.0,2021-11-12T15:51:00-05:00,2.5000000000000004,6647.040000000034,76
2021-11-10,2021-11-12,2,7.0,2021-11-10T09:31:00-05:00,6.950000000000017,NDXP  211112P16260000,NDXP  211112P16250000,development,False,False,0,0,0,14,0,1186,available,False,2021-11-10T09:31:00-05:00,2021-11-12T15:55:00-05:00,9.950000000000003,-6252.9599999999655,5.0,last_observed_quote_not_settlement,1036.0,987,46,7.199999999999989,-752.9599999999425,2021-11-10T09:32:00-05:00,0.0,8.099999999999994,-2552.9599999999555,2021-11-10T09:33:00-05:00,0.0,5.149999999999977,3347.0400000000805,2021-11-10T09:36:00-05:00,0.0,6.7999999999999545,47.040000000125765,2021-11-10T09:41:00-05:00,0.0,6.900000000000006,-152.95999999997656,2021-11-10T09:46:00-05:00,0.0,5.699999999999989,2247.0400000000577,2021-11-10T10:01:00-05:00,0.0,5.449999999999989,2747.0400000000577,2021-11-10T10:31:00-05:00,0.0,6.699999999999989,247.04000000005752,2021-11-10T11:31:00-05:00,0.0,9.099999999999909,-4552.959999999785,2021-11-10T16:00:00-05:00,0.0,9.549999999999983,-5452.959999999933,2021-11-11T16:00:00-05:00,0.0,,,2021-11-12T15:55:00-05:00,300.0,,,,,5.0,hit,38.0,hit,,never_hit,,never_hit,,never_hit,,never_hit,,never_hit,2.0,hit,2.0,hit,1.0,hit,2.0,hit,246.0,hit,322.0,hit,,,True,True,True,False,2.0500000000000114,,,True,True,True,False,2.0500000000000114,,,True,True,True,False,2.0500000000000114,,,True,True,True,False,2.0500000000000114,,,,,,,,,,,,,,,,,,,,,,,,,,,,,,,,,,,,,,,,,,,,,,,,,,,,,,,,,,,,,,,,,77
2021-11-12,2021-11-15,3,5.0,2021-11-12T09:31:00-05:00,4.950000000000003,NDXP  211115P16090000,NDXP  211115P16080000,development,False,False,0,0,0,1,0,794,available,False,2021-11-12T09:31:00-05:00,2021-11-15T16:00:00-05:00,0.0,9647.040000000008,0.0,last_observed_quote_not_settlement,3916.0,60,13,4.950000000000003,-252.9599999999993,2021-11-12T09:32:00-05:00,0.0,5.050000000000011,-452.96000000001635,2021-11-12T09:33:00-05:00,0.0,5.099999999999994,-552.9599999999823,2021-11-12T09:36:00-05:00,0.0,5.8500000000000085,-2052.9600000000105,2021-11-12T09:41:00-05:00,0.0,6.149999999999977,-2652.959999999948,2021-11-12T09:46:00-05:00,0.0,5.599999999999994,-1552.9599999999823,2021-11-12T10:01:00-05:00,0.0,5.250000000000014,-852.9600000000221,2021-11-12T10:31:00-05:00,0.0,2.549999999999997,4547.040000000012,2021-11-12T11:31:00-05:00,0.0,2.3500000000000014,4947.040000000004,2021-11-12T16:00:00-05:00,0.0,,,2021-11-12T16:15:00-05:00,85500.0,,,2021-11-12T16:15:00-05:00,171900.0,0.0,9647.040000000008,2021-11-15T16:00:00-05:00,0.0,0.0,hit,0.0,hit,89.0,hit,106.0,hit,363.0,hit,4320.0,hit,4323.0,hit,6.0,hit,8.0,hit,,never_hit,,never_hit,,never_hit,,never_hit,6.149999999999977,60,False,False,False,False,,6.149999999999977,60,False,False,False,False,,6.149999999999977,60,False,False,False,False,,6.149999999999977,60,False,False,False,False,,108.0,2021-11-12T11:19:00-05:00,2.8499999999999943,3947.0400000000177,109.0,2021-11-12T11:20:00-05:00,2.6500000000000057,4347.039999999995,110.0,2021-11-12T11:21:00-05:00,2.499999999999993,4647.040000000021,109.0,2021-11-12T11:20:00-05:00,2.6500000000000057,4347.039999999995,4320.0,2021-11-15T09:31:00-05:00,0.6499999999999995,8347.040000000008,4321.0,2021-11-15T09:32:00-05:00,0.7000000000000002,8247.040000000006,4322.0,2021-11-15T09:33:00-05:00,0.7000000000000002,8247.040000000006,4321.0,2021-11-15T09:32:00-05:00,0.7000000000000002,8247.040000000006,4320.0,2021-11-15T09:31:00-05:00,0.6499999999999995,8347.040000000008,4321.0,2021-11-15T09:32:00-05:00,0.7000000000000002,8247.040000000006,4322.0,2021-11-15T09:33:00-05:00,0.7000000000000002,8247.040000000006,4321.0,2021-11-15T09:32:00-05:00,0.7000000000000002,8247.040000000006,4323.0,2021-11-15T09:34:00-05:00,0.17500000000000027,9297.040000000006,4634.0,2021-11-15T14:45:00-05:00,0.375,8897.040000000008,4635.0,2021-11-15T14:46:00-05:00,0.44999999999999996,8747.040000000006,4324.0,2021-11-15T09:35:00-05:00,0.5250000000000004,8597.040000000006,78
2021-11-12,2021-11-15,3,6.0,2021-11-12T09:31:00-05:00,6.0,NDXP  211115P16150000,NDXP  211115P16140000,development,False,False,0,0,0,0,0,795,available,False,2021-11-12T09:31:00-05:00,2021-11-15T16:00:00-05:00,0.0,11747.04,0.0,last_observed_quote_not_settlement,3916.0,112,21,6.25,-752.9599999999994,2021-11-12T09:32:00-05:00,0.0,6.199999999999989,-652.9599999999766,2021-11-12T09:33:00-05:00,0.0,6.449999999999989,-1152.9599999999766,2021-11-12T09:36:00-05:00,0.0,7.0,-2252.959999999999,2021-11-12T09:41:00-05:00,0.0,6.900000000000006,-2052.9600000000105,2021-11-12T09:46:00-05:00,0.0,6.849999999999994,-1952.959999999988,2021-11-12T10:01:00-05:00,0.0,6.699999999999989,-1652.9599999999766,2021-11-12T10:31:00-05:00,0.0,3.549999999999997,4647.040000000006,2021-11-12T11:31:00-05:00,0.0,3.75,4247.040000000001,2021-11-12T16:00:00-05:00,0.0,,,2021-11-12T16:15:00-05:00,85500.0,,,2021-11-12T16:15:00-05:00,171900.0,0.0,11747.04,2021-11-15T16:00:00-05:00,0.0,89.0,hit,91.0,hit,107.0,hit,4320.0,hit,4321.0,hit,4651.0,hit,4673.0,hit,6.0,hit,7.0,hit,7.0,hit,,never_hit,,never_hit,,never_hit,7.75,74,True,False,False,False,,7.75,74,True,False,False,False,,7.75,112,True,False,False,False,,7.75,112,True,False,False,False,,4321.0,2021-11-15T09:32:00-05:00,1.9499999999999993,7847.040000000002,4322.0,2021-11-15T09:33:00-05:00,1.700000000000001,8347.039999999999,4323.0,2021-11-15T09:34:00-05:00,1.5999999999999996,8547.040000000003,4322.0,2021-11-15T09:33:00-05:00,1.700000000000001,8347.039999999999,4321.0,2021-11-15T09:32:00-05:00,1.9499999999999993,7847.040000000002,4322.0,2021-11-15T09:33:00-05:00,1.700000000000001,8347.039999999999,4323.0,2021-11-15T09:34:00-05:00,1.5999999999999996,8547.040000000003,4322.0,2021-11-15T09:33:00-05:00,1.700000000000001,8347.039999999999,4651.0,2021-11-15T15:02:00-05:00,0.8749999999999996,9997.04,4667.0,2021-11-15T15:18:00-05:00,0.7999999999999998,10147.040000000003,4668.0,2021-11-15T15:19:00-05:00,0.8250000000000002,10097.04,4652.0,2021-11-15T15:03:00-05:00,1.15,9447.04,4674.0,2021-11-15T15:25:00-05:00,0.40000000000000036,10947.04,4705.0,2021-11-15T15:56:00-05:00,0.15000000000000002,11447.04,4706.0,2021-11-15T15:57:00-05:00,0.15000000000000002,11447.04,4675.0,2021-11-15T15:26:00-05:00,0.7999999999999998,10147.040000000003,79
2021-11-12,2021-11-15,3,7.0,2021-11-12T09:31:00-05:00,6.949999999999989,NDXP  211115P16190000,NDXP  211115P16180000,development,False,False,0,0,0,1,0,794,available,False,2021-11-12T09:31:00-05:00,2021-11-15T16:00:00-05:00,0.0,13647.039999999979,0.0,last_observed_quote_not_settlement,3916.0,238,43,7.000000000000028,-352.9600000000789,2021-11-12T09:32:00-05:00,0.0,6.850000000000023,-52.9600000000675,2021-11-12T09:33:00-05:00,0.0,7.25,-852.9600000000221,2021-11-12T09:36:00-05:00,0.0,7.700000000000017,-1752.9600000000562,2021-11-12T09:41:00-05:00,0.0,7.650000000000006,-1652.9600000000335,2021-11-12T09:46:00-05:00,0.0,7.699999999999989,-1752.9599999999994,2021-11-12T10:01:00-05:00,0.0,7.25,-852.9600000000221,2021-11-12T10:31:00-05:00,0.0,4.300000000000011,5047.039999999955,2021-11-12T11:31:00-05:00,0.0,4.399999999999999,4847.039999999981,2021-11-12T16:00:00-05:00,0.0,,,2021-11-12T16:15:00-05:00,85500.0,,,2021-11-12T16:15:00-05:00,171900.0,0.0,13647.039999999979,2021-11-15T16:00:00-05:00,0.0,99.0,hit,99.0,hit,112.0,hit,4323.0,hit,4709.0,hit,4709.0,hit,4709.0,hit,6.0,hit,21.0,hit,1.0,hit,23.0,hit,4491.0,hit,,never_hit,8.150000000000006,69,True,True,False,False,,9.450000000000003,238,True,True,True,True,,9.450000000000003,238,True,True,True,True,,9.450000000000003,238,True,True,True,True,,4323.0,2021-11-15T09:34:00-05:00,2.799999999999997,8047.039999999984,4324.0,2021-11-15T09:35:00-05:00,2.6499999999999986,8347.03999999998,4328.0,2021-11-15T09:39:00-05:00,2.5,8647.039999999979,4324.0,2021-11-15T09:35:00-05:00,2.6499999999999986,8347.03999999998,4709.0,2021-11-15T16:00:00-05:00,0.0,13647.039999999979,,,,,,,,,,,,,4709.0,2021-11-15T16:00:00-05:00,0.0,13647.039999999979,,,,,,,,,,,,,4709.0,2021-11-15T16:00:00-05:00,0.0,13647.039999999979,,,,,,,,,,,,,80
2021-11-15,2021-11-17,2,5.0,2021-11-15T09:31:00-05:00,5.049999999999983,NDXP  211117P16240000,NDXP  211117P16230000,development,False,False,0,0,0,1,0,1199,available,False,2021-11-15T09:31:00-05:00,2021-11-17T16:00:00-05:00,0.0,9847.039999999968,0.0,last_observed_quote_not_settlement,1036.0,436,30,4.8500000000000085,147.03999999994954,2021-11-15T09:32:00-05:00,0.0,4.700000000000003,447.0399999999609,2021-11-15T09:33:00-05:00,0.0,5.050000000000011,-252.96000000005614,2021-11-15T09:36:00-05:00,0.0,4.8500000000000085,147.03999999994954,2021-11-15T09:41:00-05:00,0.0,4.950000000000003,-52.96000000003908,2021-11-15T09:46:00-05:00,0.0,5.150000000000006,-452.9600000000448,2021-11-15T10:01:00-05:00,0.0,6.199999999999989,-2552.9600000000105,2021-11-15T10:31:00-05:00,0.0,6.050000000000026,-2252.9600000000846,2021-11-15T11:31:00-05:00,0.0,5.75,-1652.9600000000335,2021-11-15T16:00:00-05:00,0.0,2.3999999999999986,5047.039999999969,2021-11-16T16:00:00-05:00,0.0,0.0,9847.039999999968,2021-11-17T16:00:00-05:00,0.0,,,,,0.0,hit,1.0,hit,1540.0,hit,1548.0,hit,1720.0,hit,2949.0,hit,2983.0,hit,21.0,hit,47.0,hit,134.0,hit,,never_hit,,never_hit,,never_hit,7.75,436,True,False,False,False,,7.75,436,True,False,False,False,,7.75,436,True,False,False,False,,7.75,436,True,False,False,False,,1548.0,2021-11-16T11:19:00-05:00,2.900000000000002,4047.0399999999627,1556.0,2021-11-16T11:27:00-05:00,2.9499999999999957,3947.039999999975,1567.0,2021-11-16T11:38:00-05:00,2.75,4347.039999999966,1549.0,2021-11-16T11:20:00-05:00,3.049999999999997,3747.039999999972,1806.0,2021-11-16T15:37:00-05:00,1.9499999999999993,5947.039999999968,2895.0,2021-11-17T09:46:00-05:00,1.9499999999999993,5947.039999999968,2896.0,2021-11-17T09:47:00-05:00,1.9000000000000004,6047.039999999965,1807.0,2021-11-16T15:38:00-05:00,2.0000000000000018,5847.039999999963,2949.0,2021-11-17T10:40:00-05:00,0.6499999999999995,8547.039999999968,2950.0,2021-11-17T10:41:00-05:00,0.6000000000000005,8647.039999999966,2951.0,2021-11-17T10:42:00-05:00,0.5499999999999998,8747.039999999968,2950.0,2021-11-17T10:41:00-05:00,0.6000000000000005,8647.039999999966,2990.0,2021-11-17T11:21:00-05:00,0.40000000000000036,9047.039999999966,2999.0,2021-11-17T11:30:00-05:00,0.44999999999999973,8947.039999999966,3000.0,2021-11-17T11:31:00-05:00,0.40000000000000036,9047.039999999966,2991.0,2021-11-17T11:22:00-05:00,0.4750000000000001,8897.039999999966,81
2021-11-15,2021-11-17,2,6.0,2021-11-15T09:31:00-05:00,6.0,NDXP  211117P16300000,NDXP  211117P16290000,development,False,False,0,0,0,1,0,1199,available,False,2021-11-15T09:31:00-05:00,2021-11-17T16:00:00-05:00,0.0,11747.04,0.0,last_observed_quote_not_settlement,1036.0,477,18,5.950000000000003,-152.96000000000498,2021-11-15T09:32:00-05:00,0.0,5.549999999999983,647.0400000000348,2021-11-15T09:33:00-05:00,0.0,4.75,2247.040000000001,2021-11-15T09:36:00-05:00,0.0,5.8500000000000085,47.03999999998366,2021-11-15T09:41:00-05:00,0.0,6.0,-252.9599999999993,2021-11-15T09:46:00-05:00,0.0,5.499999999999972,747.0400000000575,2021-11-15T10:01:00-05:00,0.0,7.050000000000011,-2352.960000000022,2021-11-15T10:31:00-05:00,0.0,7.200000000000017,-2652.9600000000332,2021-11-15T11:31:00-05:00,0.0,6.999999999999972,-2252.9599999999423,2021-11-15T16:00:00-05:00,0.0,4.000000000000007,3747.0399999999863,2021-11-16T16:00:00-05:00,0.0,0.0,11747.04,2021-11-17T16:00:00-05:00,0.0,,,,,3.0,hit,3.0,hit,1625.0,hit,1729.0,hit,2951.0,hit,3013.0,hit,3028.0,hit,20.0,hit,45.0,hit,45.0,hit,139.0,hit,177.0,hit,177.0,hit,9.599999999999994,477,True,True,True,True,,9.599999999999994,477,True,True,True,True,,9.599999999999994,477,True,True,True,True,,9.599999999999994,477,True,True,True,True,,1729.0,2021-11-16T14:20:00-05:00,2.799999999999997,6147.040000000006,2950.0,2021-11-17T10:41:00-05:00,2.0500000000000007,7647.039999999999,2951.0,2021-11-17T10:42:00-05:00,1.8000000000000007,8147.04,1730.0,2021-11-16T14:21:00-05:00,4.299999999999997,3147.0400000000063,2951.0,2021-11-17T10:42:00-05:00,1.8000000000000007,8147.04,2987.0,2021-11-17T11:18:00-05:00,1.75,8247.04,2988.0,2021-11-17T11:19:00-05:00,1.75,8247.04,2952.0,2021-11-17T10:43:00-05:00,2.1499999999999986,7447.040000000004,3023.0,2021-11-17T11:54:00-05:00,0.75,10247.04,3024.0,2021-11-17T11:55:00-05:00,0.5999999999999996,10547.040000000003,3025.0,2021-11-17T11:56:00-05:00,0.75,10247.04,3024.0,2021-11-17T11:55:00-05:00,0.5999999999999996,10547.040000000003,3030.0,2021-11-17T12:01:00-05:00,0.40000000000000036,10947.04,3255.0,2021-11-17T15:46:00-05:00,0.2499999999999999,11247.04,3256.0,2021-11-17T15:47:00-05:00,0.29999999999999993,11147.040000000003,3031.0,2021-11-17T12:02:00-05:00,0.5250000000000004,10697.04,82
2021-11-15,2021-11-17,2,7.0,2021-11-15T09:31:00-05:00,7.049999999999983,NDXP  211117P16360000,NDXP  211117P16350000,development,False,False,0,0,0,8,0,1192,available,False,2021-11-15T09:31:00-05:00,2021-11-17T15:59:00-05:00,6.0,1847.0399999999665,1.0,last_observed_quote_not_settlement,1036.0,632,67,7.050000000000011,-252.96000000005614,2021-11-15T09:32:00-05:00,0.0,6.999999999999972,-152.95999999997656,2021-11-15T09:33:00-05:00,0.0,7.0,-152.9600000000334,2021-11-15T09:36:00-05:00,0.0,6.9500000000000455,-52.960000000124346,2021-11-15T09:41:00-05:00,0.0,7.000000000000028,-152.96000000009025,2021-11-15T09:46:00-05:00,0.0,7.699999999999989,-1552.9600000000107,2021-11-15T10:01:00-05:00,0.0,7.949999999999989,-2052.9600000000105,2021-11-15T10:31:00-05:00,0.0,9.150000000000006,-4452.960000000046,2021-11-15T11:31:00-05:00,0.0,8.449999999999989,-3052.9600000000123,2021-11-15T16:00:00-05:00,0.0,6.550000000000011,747.0399999999438,2021-11-16T16:00:00-05:00,0.0,,,2021-11-17T15:59:00-05:00,60.0,,,,,1615.0,hit,2951.0,hit,3010.0,hit,3023.0,hit,,never_hit,,never_hit,,never_hit,30.0,hit,55.0,hit,0.0,hit,52.0,hit,71.0,hit,71.0,hit,9.850000000000023,510,True,True,True,True,,,,True,True,True,False,4.9499999999999815,,,True,True,True,False,4.9499999999999815,,,True,True,True,False,4.9499999999999815,3026.0,2021-11-17T11:57:00-05:00,2.7499999999999982,8347.039999999972,3027.0,2021-11-17T11:58:00-05:00,2.5,8847.039999999968,3028.0,2021-11-17T11:59:00-05:00,2.3999999999999986,9047.03999999997,3027.0,2021-11-17T11:58:00-05:00,2.5,8847.039999999968,,,,,,,,,,,,,,,,,,,,,,,,,,,,,,,,,,,,,,,,,,,,,,,,,83
2021-11-19,2021-11-22,3,5.0,2021-11-19T09:31:00-05:00,5.200000000000017,NDXP  211122P16600000,NDXP  211122P16590000,development,False,False,0,0,0,12,0,783,available,False,2021-11-19T09:31:00-05:00,2021-11-22T15:58:00-05:00,9.949999999999989,-9752.959999999943,2.0,last_observed_quote_not_settlement,3916.0,280,52,6.25,-2352.959999999965,2021-11-19T09:32:00-05:00,0.0,5.699999999999989,-1252.9599999999425,2021-11-19T09:33:00-05:00,0.0,5.549999999999997,-952.9599999999596,2021-11-19T09:36:00-05:00,0.0,5.3999999999999915,-652.9599999999482,2021-11-19T09:41:00-05:00,0.0,5.0,147.0400000000348,2021-11-19T09:46:00-05:00,0.0,4.300000000000011,1547.040000000012,2021-11-19T10:01:00-05:00,0.0,5.199999999999989,-252.95999999994245,2021-11-19T10:31:00-05:00,0.0,4.199999999999996,1747.0400000000434,2021-11-19T11:31:00-05:00,0.0,5.099999999999994,-52.959999999953816,2021-11-19T16:00:00-05:00,0.0,,,2021-11-19T16:15:00-05:00,85500.0,,,2021-11-19T16:15:00-05:00,171900.0,,,2021-11-22T15:58:00-05:00,120.0,0.0,hit,15.0,hit,34.0,hit,34.0,hit,4321.0,hit,4334.0,hit,4350.0,hit,1.0,hit,1.0,hit,4460.0,hit,4467.0,hit,4536.0,hit,4617.0,hit,6.25,13,False,False,False,False,,6.500000000000014,48,False,False,False,False,,6.500000000000014,48,False,False,False,False,,6.500000000000014,48,False,False,False,False,,191.0,2021-11-19T12:42:00-05:00,2.75,4647.0400000000345,4321.0,2021-11-22T09:32:00-05:00,2.0,6147.0400000000345,4322.0,2021-11-22T09:33:00-05:00,2.0500000000000007,6047.040000000034,192.0,2021-11-19T12:43:00-05:00,4.150000000000006,1847.0400000000234,4323.0,2021-11-22T09:34:00-05:00,1.9000000000000004,6347.0400000000345,4324.0,2021-11-22T09:35:00-05:00,1.75,6647.0400000000345,4325.0,2021-11-22T09:36:00-05:00,1.9499999999999993,6247.040000000036,4324.0,2021-11-22T09:35:00-05:00,1.75,6647.0400000000345,4334.0,2021-11-22T09:45:00-05:00,0.9000000000000004,8347.040000000035,4339.0,2021-11-22T09:50:00-05:00,0.7000000000000002,8747.040000000035,4340.0,2021-11-22T09:51:00-05:00,0.75,8647.040000000035,4335.0,2021-11-22T09:46:00-05:00,1.1000000000000005,7947.040000000034,4350.0,2021-11-22T10:01:00-05:00,0.40000000000000036,9347.040000000035,4351.0,2021-11-22T10:02:00-05:00,0.34999999999999964,9447.040000000037,4358.0,2021-11-22T10:09:00-05:00,0.3999999999999999,9347.040000000035,4351.0,2021-11-22T10:02:00-05:00,0.34999999999999964,9447.040000000037,84
2021-11-19,2021-11-22,3,6.0,2021-11-19T09:31:00-05:00,5.799999999999983,NDXP  211122P16610000,NDXP  211122P16600000,development,False,False,0,0,0,16,0,779,available,False,2021-11-19T09:31:00-05:00,2021-11-22T16:00:00-05:00,8.950000000000017,-6552.960000000069,0.0,last_observed_quote_not_settlement,3916.0,242,36,6.300000000000011,-1252.9600000000562,2021-11-19T09:32:00-05:00,0.0,6.150000000000006,-952.9600000000448,2021-11-19T09:33:00-05:00,0.0,5.75,-152.9600000000334,2021-11-19T09:36:00-05:00,0.0,5.6000000000000085,147.03999999994954,2021-11-19T09:41:00-05:00,0.0,4.8999999999999915,1547.0399999999836,2021-11-19T09:46:00-05:00,0.0,3.299999999999983,4747.040000000001,2021-11-19T10:01:00-05:00,0.0,6.050000000000011,-752.9600000000562,2021-11-19T10:31:00-05:00,0.0,4.3500000000000085,2647.0399999999495,2021-11-19T11:31:00-05:00,0.0,5.449999999999989,447.03999999998933,2021-11-19T16:00:00-05:00,0.0,,,2021-11-19T16:15:00-05:00,85500.0,,,2021-11-19T16:15:00-05:00,171900.0,8.950000000000017,-6552.960000000069,2021-11-22T16:00:00-05:00,0.0,6.0,hit,15.0,hit,30.0,hit,4320.0,hit,4325.0,hit,4339.0,hit,4350.0,hit,1.0,hit,191.0,hit,253.0,hit,4464.0,hit,4464.0,hit,4492.0,hit,7.800000000000011,21,True,False,False,False,,7.800000000000011,21,True,False,False,False,,7.800000000000011,21,True,False,False,False,,7.800000000000011,21,True,False,False,False,,4320.0,2021-11-22T09:31:00-05:00,2.9499999999999957,5447.039999999975,4321.0,2021-11-22T09:32:00-05:00,2.150000000000002,7047.039999999963,4322.0,2021-11-22T09:33:00-05:00,2.25,6847.039999999966,4321.0,2021-11-22T09:32:00-05:00,2.150000000000002,7047.039999999963,4328.0,2021-11-22T09:39:00-05:00,1.6999999999999993,7947.039999999968,4329.0,2021-11-22T09:40:00-05:00,1.6000000000000014,8147.039999999964,4330.0,2021-11-22T09:41:00-05:00,1.6999999999999993,7947.039999999968,4329.0,2021-11-22T09:40:00-05:00,1.6000000000000014,8147.039999999964,4339.0,2021-11-22T09:50:00-05:00,0.7999999999999998,9747.039999999968,4342.0,2021-11-22T09:53:00-05:00,0.7999999999999989,9747.03999999997,4343.0,2021-11-22T09:54:00-05:00,0.6500000000000004,10047.039999999966,4340.0,2021-11-22T09:51:00-05:00,0.9500000000000002,9447.039999999966,4351.0,2021-11-22T10:02:00-05:00,0.40000000000000036,10547.039999999966,4370.0,2021-11-22T10:21:00-05:00,0.3999999999999999,10547.039999999966,4371.0,2021-11-22T10:22:00-05:00,0.39999999999999947,10547.039999999968,4352.0,2021-11-22T10:03:00-05:00,0.4500000000000002,10447.039999999966,85
2021-11-19,2021-11-22,3,7.0,2021-11-19T09:31:00-05:00,7.0,NDXP  211122P16660000,NDXP  211122P16650000,development,False,False,0,0,0,16,0,779,available,False,2021-11-19T09:31:00-05:00,2021-11-22T15:59:00-05:00,10.0,-6152.96,1.0,last_observed_quote_not_settlement,3916.0,252,30,7.949999999999989,-2152.9599999999764,2021-11-19T09:32:00-05:00,0.0,7.0,-252.9599999999993,2021-11-19T09:33:00-05:00,0.0,6.900000000000006,-52.96000000001066,2021-11-19T09:36:00-05:00,0.0,6.75,247.04000000000067,2021-11-19T09:41:00-05:00,0.0,6.799999999999997,147.0400000000064,2021-11-19T09:46:00-05:00,0.0,5.550000000000011,2647.039999999978,2021-11-19T10:01:00-05:00,0.0,7.050000000000011,-352.96000000002203,2021-11-19T10:31:00-05:00,0.0,5.5,2747.040000000001,2021-11-19T11:31:00-05:00,0.0,6.849999999999994,47.04000000001208,2021-11-19T16:00:00-05:00,0.0,,,2021-11-19T16:15:00-05:00,85500.0,,,2021-11-19T16:15:00-05:00,171900.0,,,2021-11-22T15:59:00-05:00,60.0,28.0,hit,181.0,hit,4321.0,hit,4329.0,hit,4339.0,hit,4363.0,hit,,never_hit,1.0,hit,157.0,hit,0.0,hit,157.0,hit,4458.0,hit,4461.0,hit,8.300000000000011,19,True,True,False,False,,8.300000000000011,19,True,True,False,False,,8.300000000000011,19,True,True,False,False,,,,True,True,True,False,6.300000000000001,4334.0,2021-11-22T09:45:00-05:00,2.299999999999997,9147.040000000008,4335.0,2021-11-22T09:46:00-05:00,2.8500000000000014,8047.039999999998,4336.0,2021-11-22T09:47:00-05:00,2.5,8747.04,4335.0,2021-11-22T09:46:00-05:00,2.8500000000000014,8047.039999999998,4339.0,2021-11-22T09:50:00-05:00,1.6999999999999993,10347.040000000003,4342.0,2021-11-22T09:53:00-05:00,1.8000000000000007,10147.04,4343.0,2021-11-22T09:54:00-05:00,1.549999999999999,10647.040000000005,4340.0,2021-11-22T09:51:00-05:00,2.1499999999999986,9447.040000000005,4366.0,2021-11-22T10:17:00-05:00,0.7999999999999998,12147.040000000003,4367.0,2021-11-22T10:18:00-05:00,0.8999999999999995,11947.040000000003,4374.0,2021-11-22T10:25:00-05:00,0.75,12247.04,4367.0,2021-11-22T10:18:00-05:00,0.8999999999999995,11947.040000000003,,,,,,,,,,,,,,,,,86
2021-11-22,2021-11-24,2,5.0,2021-11-22T09:31:00-05:00,4.949999999999989,NDXP  211124P16680000,NDXP  211124P16670000,development,False,False,0,0,0,246,0,953,available,False,2021-11-22T09:31:00-05:00,2021-11-24T16:00:00-05:00,10.0,-10252.960000000021,0.0,last_observed_quote_not_settlement,1040.0,684,6,4.650000000000006,347.0399999999666,2021-11-22T09:32:00-05:00,0.0,4.599999999999994,447.03999999998933,2021-11-22T09:33:00-05:00,0.0,4.5,647.0399999999779,2021-11-22T09:36:00-05:00,0.0,4.1499999999999915,1347.039999999995,2021-11-22T09:41:00-05:00,0.0,3.9499999999999886,1747.0400000000006,2021-11-22T09:46:00-05:00,0.0,3.3000000000000114,3047.0399999999554,2021-11-22T10:01:00-05:00,0.0,3.1499999999999915,3347.039999999995,2021-11-22T10:31:00-05:00,0.0,5.849999999999994,-2052.9600000000105,2021-11-22T11:31:00-05:00,0.0,8.899999999999977,-8152.959999999978,2021-11-22T16:00:00-05:00,0.0,10.0,-10252.960000000021,2021-11-23T16:00:00-05:00,0.0,10.0,-10252.960000000021,2021-11-24T16:00:00-05:00,0.0,,,,,0.0,hit,0.0,hit,14.0,hit,31.0,hit,,never_hit,,never_hit,,never_hit,93.0,hit,117.0,hit,142.0,hit,149.0,hit,380.0,hit,380.0,hit,4.949999999999989,0,False,False,False,False,,,,True,True,True,False,2.400000000000034,,,True,True,True,False,2.400000000000034,,,True,True,True,False,2.400000000000034,31.0,2021-11-22T10:02:00-05:00,2.9499999999999957,3747.0399999999863,,,,,,,,,32.0,2021-11-22T10:03:00-05:00,3.200000000000003,3247.039999999972,,,,,,,,,,,,,,,,,,,,,,,,,,,,,,,,,,,,,,,,,,,,,,,,,87
2021-11-22,2021-11-24,2,6.0,2021-11-22T09:31:00-05:00,5.950000000000017,NDXP  211124P16710000,NDXP  211124P16700000,development,False,False,0,0,0,270,0,929,available,False,2021-11-22T09:31:00-05:00,2021-11-24T16:00:00-05:00,9.949999999999932,-8252.95999999983,0.0,last_observed_quote_not_settlement,1036.0,642,11,5.150000000000006,1347.0400000000234,2021-11-22T09:32:00-05:00,0.0,5.5,647.0400000000348,2021-11-22T09:33:00-05:00,0.0,5.1499999999999915,1347.0400000000518,2021-11-22T09:36:00-05:00,0.0,4.75,2147.040000000035,2021-11-22T09:41:00-05:00,0.0,4.6000000000000085,2447.0400000000177,2021-11-22T09:46:00-05:00,0.0,3.75,4147.0400000000345,2021-11-22T10:01:00-05:00,0.0,3.5999999999999943,4447.040000000046,2021-11-22T10:31:00-05:00,0.0,6.300000000000011,-952.959999999988,2021-11-22T11:31:00-05:00,0.0,9.25,-6852.959999999967,2021-11-22T16:00:00-05:00,0.0,,,2021-11-23T15:58:00-05:00,120.0,9.949999999999932,-8252.95999999983,2021-11-24T16:00:00-05:00,0.0,,,,,1.0,hit,8.0,hit,23.0,hit,,never_hit,,never_hit,,never_hit,,never_hit,117.0,hit,131.0,hit,131.0,hit,143.0,hit,166.0,hit,180.0,hit,,,True,True,True,False,2.6000000000000085,,,True,True,True,False,2.6000000000000085,,,True,True,True,False,2.6000000000000085,,,True,True,True,False,2.6000000000000085,,,,,,,,,,,,,,,,,,,,,,,,,,,,,,,,,,,,,,,,,,,,,,,,,,,,,,,,,,,,,,,,,88
2021-11-22,2021-11-24,2,7.0,2021-11-22T09:31:00-05:00,6.900000000000006,NDXP  211124P16770000,NDXP  211124P16760000,development,False,False,0,0,0,171,0,1029,available,False,2021-11-22T09:31:00-05:00,2021-11-24T16:00:00-05:00,10.0,-6352.959999999988,0.0,last_observed_quote_not_settlement,1036.0,793,18,6.600000000000023,347.0399999999666,2021-11-22T09:32:00-05:00,0.0,6.200000000000017,1147.039999999978,2021-11-22T09:33:00-05:00,0.0,6.449999999999989,647.0400000000348,2021-11-22T09:36:00-05:00,0.0,5.5,2547.0400000000122,2021-11-22T09:41:00-05:00,0.0,5.700000000000003,2147.0400000000063,2021-11-22T09:46:00-05:00,0.0,5.049999999999997,3447.0400000000177,2021-11-22T10:01:00-05:00,0.0,4.900000000000006,3747.040000000001,2021-11-22T10:31:00-05:00,0.0,7.600000000000023,-1652.9600000000335,2021-11-22T11:31:00-05:00,0.0,9.5,-5452.95999999999,2021-11-22T16:00:00-05:00,0.0,9.900000000000034,-6252.960000000058,2021-11-23T16:00:00-05:00,0.0,10.0,-6352.959999999988,2021-11-24T16:00:00-05:00,0.0,,,,,10.0,hit,27.0,hit,,never_hit,,never_hit,,never_hit,,never_hit,,never_hit,112.0,hit,132.0,hit,4.0,hit,133.0,hit,166.0,hit,179.0,hit,,,True,True,True,False,2.3500000000000085,,,True,True,True,False,2.3500000000000085,,,True,True,True,False,2.3500000000000085,,,True,True,True,False,2.3500000000000085,,,,,,,,,,,,,,,,,,,,,,,,,,,,,,,,,,,,,,,,,,,,,,,,,,,,,,,,,,,,,,,,,89
2021-11-23,2021-11-26,3,5.0,2021-11-23T09:31:00-05:00,5.150000000000006,NDXP  211126P16380000,NDXP  211126P16370000,development,False,False,0,0,0,38,0,980,available,False,2021-11-23T09:31:00-05:00,2021-11-26T12:59:00-05:00,10.0,-9852.959999999988,181.0,last_observed_quote_not_settlement,2476.0,867,35,5.399999999999977,-752.9599999999425,2021-11-23T09:32:00-05:00,0.0,4.75,547.040000000012,2021-11-23T09:33:00-05:00,0.0,5.700000000000017,-1352.960000000022,2021-11-23T09:36:00-05:00,0.0,4.900000000000006,247.04000000000067,2021-11-23T09:41:00-05:00,0.0,4.700000000000003,647.0400000000063,2021-11-23T09:46:00-05:00,0.0,4.650000000000006,747.0400000000006,2021-11-23T10:01:00-05:00,0.0,6.300000000000011,-2552.9600000000105,2021-11-23T10:31:00-05:00,0.0,6.349999999999966,-2652.9599999999195,2021-11-23T11:31:00-05:00,0.0,4.499999999999986,1047.0400000000404,2021-11-23T16:00:00-05:00,0.0,4.600000000000001,847.0400000000092,2021-11-24T16:00:00-05:00,0.0,,,2021-11-24T16:15:00-05:00,85500.0,,,2021-11-26T12:59:00-05:00,10860.0,0.0,hit,2.0,hit,17.0,hit,,never_hit,,never_hit,,never_hit,,never_hit,4.0,hit,44.0,hit,75.0,hit,227.0,hit,242.0,hit,4360.0,hit,,,True,True,True,False,1.6000000000000085,,,True,True,True,False,1.6000000000000085,,,True,True,True,False,1.6000000000000085,,,True,True,True,False,1.6000000000000085,,,,,,,,,,,,,,,,,,,,,,,,,,,,,,,,,,,,,,,,,,,,,,,,,,,,,,,,,,,,,,,,,90
2021-11-23,2021-11-26,3,6.0,2021-11-23T09:31:00-05:00,5.900000000000006,NDXP  211126P16440000,NDXP  211126P16430000,development,False,False,0,0,0,38,0,980,available,False,2021-11-23T09:31:00-05:00,2021-11-26T12:59:00-05:00,10.0,-8352.959999999988,181.0,last_observed_quote_not_settlement,2476.0,920,4,6.350000000000023,-1152.9600000000335,2021-11-23T09:32:00-05:00,0.0,6.4500000000000455,-1352.960000000079,2021-11-23T09:33:00-05:00,0.0,6.25,-952.959999999988,2021-11-23T09:36:00-05:00,0.0,6.0,-452.95999999998793,2021-11-23T09:41:00-05:00,0.0,5.749999999999972,47.04000000006892,2021-11-23T09:46:00-05:00,0.0,5.650000000000006,247.04000000000067,2021-11-23T10:01:00-05:00,0.0,7.149999999999977,-2752.9599999999423,2021-11-23T10:31:00-05:00,0.0,7.349999999999966,-3152.9599999999195,2021-11-23T11:31:00-05:00,0.0,6.099999999999994,-652.9599999999766,2021-11-23T16:00:00-05:00,0.0,8.099999999999994,-4652.959999999978,2021-11-24T16:00:00-05:00,0.0,,,2021-11-24T16:15:00-05:00,85500.0,,,2021-11-26T12:59:00-05:00,10860.0,11.0,hit,11.0,hit,,never_hit,,never_hit,,never_hit,,never_hit,,never_hit,2.0,hit,43.0,hit,43.0,hit,61.0,hit,89.0,hit,305.0,hit,,,True,True,True,False,1.0500000000000398,,,True,True,True,False,1.0500000000000398,,,True,True,True,False,1.0500000000000398,,,True,True,True,False,1.0500000000000398,,,,,,,,,,,,,,,,,,,,,,,,,,,,,,,,,,,,,,,,,,,,,,,,,,,,,,,,,,,,,,,,,91
2021-11-23,2021-11-26,3,7.0,2021-11-23T09:31:00-05:00,6.999999999999972,NDXP  211126P16510000,NDXP  211126P16500000,development,False,False,0,0,1,74,0,944,available,False,2021-11-23T09:31:00-05:00,2021-11-26T12:59:00-05:00,10.0,-6152.960000000056,181.0,last_observed_quote_not_settlement,2476.0,859,18,7.400000000000034,-1052.9600000001244,2021-11-23T09:32:00-05:00,0.0,7.449999999999989,-1152.9600000000335,2021-11-23T09:33:00-05:00,0.0,7.699999999999989,-1652.9600000000335,2021-11-23T09:36:00-05:00,0.0,7.150000000000006,-552.9600000000676,2021-11-23T09:41:00-05:00,0.0,6.900000000000034,-52.960000000124346,2021-11-23T09:46:00-05:00,0.0,6.849999999999994,47.039999999955235,2021-11-23T10:01:00-05:00,0.0,8.0,-2252.960000000058,2021-11-23T10:31:00-05:00,0.0,8.049999999999955,-2352.959999999967,2021-11-23T11:31:00-05:00,0.0,7.800000000000011,-1852.960000000079,2021-11-23T16:00:00-05:00,0.0,8.699999999999989,-3652.960000000035,2021-11-24T16:00:00-05:00,0.0,,,2021-11-24T16:15:00-05:00,85500.0,,,2021-11-26T12:59:00-05:00,10860.0,4445.0,hit,4445.0,hit,4445.0,hit,4445.0,hit,4445.0,hit,4445.0,hit,,never_hit,3.0,hit,52.0,hit,1.0,hit,52.0,hit,72.0,hit,218.0,hit,10.0,832,True,True,True,True,,10.0,832,True,True,True,True,,10.0,832,True,True,True,True,,,,True,True,True,False,6.450000000000017,4445.0,2021-11-26T11:36:00-05:00,0.5499999999999545,12647.040000000035,,,,,,,,,4446.0,2021-11-26T11:37:00-05:00,9.850000000000023,-5952.960000000104,4445.0,2021-11-26T11:36:00-05:00,0.5499999999999545,12647.040000000035,,,,,,,,,4446.0,2021-11-26T11:37:00-05:00,9.850000000000023,-5952.960000000104,4445.0,2021-11-26T11:36:00-05:00,0.5499999999999545,12647.040000000035,,,,,,,,,4446.0,2021-11-26T11:37:00-05:00,9.850000000000023,-5952.960000000104,,,,,,,,,,,,,,,,,92
2021-11-24,2021-11-26,2,5.0,2021-11-24T09:31:00-05:00,4.950000000000003,NDXP  211126P16210000,NDXP  211126P16200000,development,False,False,0,0,0,8,0,606,available,False,2021-11-24T09:31:00-05:00,2021-11-26T12:59:00-05:00,10.0,-10252.959999999994,181.0,last_observed_quote_not_settlement,2476.0,190,18,5.299999999999997,-952.959999999988,2021-11-24T09:32:00-05:00,0.0,5.3999999999999915,-1152.9599999999766,2021-11-24T09:33:00-05:00,0.0,5.300000000000011,-952.9600000000164,2021-11-24T09:36:00-05:00,0.0,5.649999999999977,-1652.9599999999482,2021-11-24T09:41:00-05:00,0.0,6.099999999999994,-2552.9599999999823,2021-11-24T09:46:00-05:00,0.0,4.5,647.0400000000063,2021-11-24T10:01:00-05:00,0.0,3.549999999999997,2547.0400000000122,2021-11-24T10:31:00-05:00,0.0,1.9499999999999957,5747.0400000000145,2021-11-24T11:31:00-05:00,0.0,0.20000000000000107,9247.040000000005,2021-11-24T16:00:00-05:00,0.0,,,2021-11-24T16:15:00-05:00,85500.0,,,2021-11-26T12:59:00-05:00,10860.0,,,,,0.0,hit,0.0,hit,13.0,hit,104.0,hit,120.0,hit,361.0,hit,389.0,hit,4.0,hit,4.0,hit,2926.0,hit,2964.0,hit,2981.0,hit,2987.0,hit,6.949999999999989,29,False,False,False,False,,6.949999999999989,29,False,False,False,False,,6.949999999999989,29,False,False,False,False,,6.949999999999989,29,False,False,False,False,,104.0,2021-11-24T11:15:00-05:00,2.8999999999999986,3847.040000000009,108.0,2021-11-24T11:19:00-05:00,2.8500000000000085,3947.0399999999895,109.0,2021-11-24T11:20:00-05:00,2.5999999999999943,4447.040000000018,105.0,2021-11-24T11:16:00-05:00,3.1000000000000014,3447.0400000000036,120.0,2021-11-24T11:31:00-05:00,1.9499999999999957,5747.0400000000145,235.0,2021-11-24T13:26:00-05:00,1.9000000000000021,5847.040000000002,316.0,2021-11-24T14:47:00-05:00,1.8499999999999979,5947.040000000011,121.0,2021-11-24T11:32:00-05:00,2.1000000000000014,5447.040000000004,381.0,2021-11-24T15:52:00-05:00,0.75,8147.040000000007,389.0,2021-11-24T16:00:00-05:00,0.20000000000000107,9247.040000000005,,,,,382.0,2021-11-24T15:53:00-05:00,1.200000000000001,7247.0400000000045,389.0,2021-11-24T16:00:00-05:00,0.20000000000000107,9247.040000000005,,,,,,,,,390.0,2021-11-24T16:01:00-05:00,1.1500000000000004,7347.040000000005,93
2021-11-24,2021-11-26,2,6.0,2021-11-24T09:31:00-05:00,6.049999999999983,NDXP  211126P16270000,NDXP  211126P16260000,development,False,False,0,0,0,11,0,603,available,False,2021-11-24T09:31:00-05:00,2021-11-26T12:59:00-05:00,10.0,-8052.960000000034,181.0,last_observed_quote_not_settlement,2476.0,195,18,6.299999999999983,-752.9599999999994,2021-11-24T09:32:00-05:00,0.0,6.499999999999972,-1152.9599999999766,2021-11-24T09:33:00-05:00,0.0,6.150000000000006,-452.9600000000448,2021-11-24T09:36:00-05:00,0.0,6.899999999999977,-1952.959999999988,2021-11-24T09:41:00-05:00,0.0,6.650000000000006,-1452.9600000000448,2021-11-24T09:46:00-05:00,0.0,5.550000000000011,747.0399999999438,2021-11-24T10:01:00-05:00,0.0,4.749999999999986,2347.039999999995,2021-11-24T10:31:00-05:00,0.0,2.950000000000003,5947.039999999961,2021-11-24T11:31:00-05:00,0.0,1.8499999999999979,8147.039999999971,2021-11-24T16:00:00-05:00,0.0,,,2021-11-24T16:15:00-05:00,85500.0,,,2021-11-26T12:59:00-05:00,10860.0,,,,,31.0,hit,31.0,hit,102.0,hit,120.0,hit,368.0,hit,,never_hit,,never_hit,9.0,hit,2895.0,hit,16.0,hit,2920.0,hit,2950.0,hit,2953.0,hit,7.0,29,True,False,False,False,,7.0,29,True,False,False,False,,,,True,True,True,False,4.499999999999982,,,True,True,True,False,4.499999999999982,142.0,2021-11-24T11:53:00-05:00,2.9000000000000057,6047.039999999955,213.0,2021-11-24T13:04:00-05:00,2.749999999999993,6347.039999999981,241.0,2021-11-24T13:32:00-05:00,2.9499999999999957,5947.039999999975,143.0,2021-11-24T11:54:00-05:00,3.0,5847.039999999966,368.0,2021-11-24T15:39:00-05:00,1.9499999999999993,7947.039999999968,386.0,2021-11-24T15:57:00-05:00,1.9499999999999993,7947.039999999968,,,,,369.0,2021-11-24T15:40:00-05:00,1.9500000000000028,7947.039999999961,,,,,,,,,,,,,,,,,,,,,,,,,,,,,,,,,94
2021-11-24,2021-11-26,2,7.0,2021-11-24T09:31:00-05:00,7.099999999999994,NDXP  211126P16320000,NDXP  211126P16310000,development,False,False,0,0,0,35,0,579,available,False,2021-11-24T09:31:00-05:00,2021-11-26T12:58:00-05:00,9.0,-4052.9600000000123,182.0,last_observed_quote_not_settlement,2476.0,151,21,5.199999999999989,3547.0400000000122,2021-11-24T09:32:00-05:00,0.0,7.25,-552.9600000000107,2021-11-24T09:33:00-05:00,0.0,7.150000000000006,-352.96000000002203,2021-11-24T09:36:00-05:00,0.0,6.199999999999989,1547.040000000012,2021-11-24T09:41:00-05:00,0.0,7.449999999999989,-952.959999999988,2021-11-24T09:46:00-05:00,0.0,6.450000000000017,1047.0399999999552,2021-11-24T10:01:00-05:00,0.0,5.800000000000011,2347.0399999999668,2021-11-24T10:31:00-05:00,0.0,3.4499999999999957,7047.039999999998,2021-11-24T11:31:00-05:00,0.0,2.9000000000000057,8147.039999999978,2021-11-24T16:00:00-05:00,0.0,,,2021-11-24T16:15:00-05:00,85500.0,,,2021-11-26T12:58:00-05:00,10920.0,,,,,1.0,hit,69.0,hit,120.0,hit,313.0,hit,,never_hit,,never_hit,,never_hit,8.0,hit,2895.0,hit,0.0,hit,2895.0,hit,2902.0,hit,2932.0,hit,7.699999999999989,20,True,False,False,False,,,,True,True,True,False,4.249999999999993,,,True,True,True,False,4.249999999999993,,,True,True,True,False,4.249999999999993,367.0,2021-11-24T15:38:00-05:00,2.9499999999999957,8047.039999999998,368.0,2021-11-24T15:39:00-05:00,2.8500000000000014,8247.039999999988,,,,,368.0,2021-11-24T15:39:00-05:00,2.8500000000000014,8247.039999999988,,,,,,,,,,,,,,,,,,,,,,,,,,,,,,,,,,,,,,,,,,,,,,,,,95
2021-11-26,2021-11-29,3,5.0,2021-11-26T09:31:00-05:00,5.0,NDXP  211129P16320000,NDXP  211129P16310000,development,False,False,0,0,0,19,0,595,available,False,2021-11-26T09:31:00-05:00,2021-11-29T16:00:00-05:00,0.025000000000000022,9697.04,0.0,last_observed_quote_not_settlement,4096.0,289,17,4.75,247.04000000000067,2021-11-26T09:32:00-05:00,0.0,4.650000000000006,447.03999999998933,2021-11-26T09:33:00-05:00,0.0,4.550000000000011,647.0399999999779,2021-11-26T09:36:00-05:00,0.0,5.299999999999983,-852.9599999999652,2021-11-26T09:41:00-05:00,0.0,5.950000000000017,-2152.9600000000332,2021-11-26T09:46:00-05:00,0.0,5.75,-1752.9599999999994,2021-11-26T10:01:00-05:00,0.0,5.850000000000023,-1952.9600000000448,2021-11-26T10:31:00-05:00,0.0,7.5,-5252.959999999999,2021-11-26T11:31:00-05:00,0.0,,,2021-11-26T13:15:00-05:00,9900.0,,,2021-11-26T13:15:00-05:00,96300.0,,,2021-11-26T13:15:00-05:00,182700.0,0.025000000000000022,9697.04,2021-11-29T16:00:00-05:00,0.0,0.0,hit,0.0,hit,6.0,hit,4450.0,hit,4475.0,hit,4508.0,hit,4572.0,hit,8.0,hit,18.0,hit,41.0,hit,91.0,hit,144.0,hit,144.0,hit,9.800000000000011,289,True,True,True,True,,9.800000000000011,289,True,True,True,True,,9.800000000000011,289,True,True,True,True,,9.800000000000011,289,True,True,True,True,,4450.0,2021-11-29T11:41:00-05:00,2.8500000000000014,4047.039999999998,4451.0,2021-11-29T11:42:00-05:00,2.8500000000000014,4047.039999999998,4463.0,2021-11-29T11:54:00-05:00,2.3999999999999986,4947.040000000004,4451.0,2021-11-29T11:42:00-05:00,2.8500000000000014,4047.039999999998,4476.0,2021-11-29T12:07:00-05:00,1.8499999999999996,6047.040000000002,4477.0,2021-11-29T12:08:00-05:00,1.75,6247.040000000001,4478.0,2021-11-29T12:09:00-05:00,1.8499999999999996,6047.040000000002,4477.0,2021-11-29T12:08:00-05:00,1.75,6247.040000000001,4517.0,2021-11-29T12:48:00-05:00,0.9499999999999993,7847.040000000002,4532.0,2021-11-29T13:03:00-05:00,0.8999999999999995,7947.040000000002,4536.0,2021-11-29T13:07:00-05:00,0.7000000000000011,8347.039999999999,4518.0,2021-11-29T12:49:00-05:00,0.9500000000000011,7847.039999999998,4596.0,2021-11-29T14:07:00-05:00,0.39999999999999947,8947.040000000003,4604.0,2021-11-29T14:15:00-05:00,0.4249999999999998,8897.040000000003,4605.0,2021-11-29T14:16:00-05:00,0.4249999999999998,8897.040000000003,4597.0,2021-11-29T14:08:00-05:00,0.4500000000000006,8847.039999999999,96
2021-11-26,2021-11-29,3,6.0,2021-11-26T09:31:00-05:00,5.949999999999989,NDXP  211129P16370000,NDXP  211129P16360000,development,False,False,0,0,0,1,0,613,available,False,2021-11-26T09:31:00-05:00,2021-11-29T16:00:00-05:00,0.1499999999999999,11347.039999999979,0.0,last_observed_quote_not_settlement,4096.0,334,12,3.1999999999999886,5247.040000000001,2021-11-26T09:32:00-05:00,0.0,5.799999999999983,47.04000000001208,2021-11-26T09:33:00-05:00,0.0,5.25,1147.039999999978,2021-11-26T09:36:00-05:00,0.0,5.700000000000017,247.03999999994383,2021-11-26T09:41:00-05:00,0.0,6.800000000000011,-1952.9600000000448,2021-11-26T09:46:00-05:00,0.0,6.599999999999966,-1552.9599999999539,2021-11-26T10:01:00-05:00,0.0,6.650000000000006,-1652.9600000000335,2021-11-26T10:31:00-05:00,0.0,8.499999999999943,-5352.95999999991,2021-11-26T11:31:00-05:00,0.0,,,2021-11-26T13:15:00-05:00,9900.0,,,2021-11-26T13:15:00-05:00,96300.0,,,2021-11-26T13:15:00-05:00,182700.0,0.1499999999999999,11347.039999999979,2021-11-29T16:00:00-05:00,0.0,1.0,hit,1.0,hit,1.0,hit,4491.0,hit,4507.0,hit,4660.0,hit,4665.0,hit,9.0,hit,13.0,hit,13.0,hit,62.0,hit,63.0,hit,169.0,hit,9.899999999999977,334,True,True,True,True,,9.899999999999977,334,True,True,True,True,,9.899999999999977,334,True,True,True,True,,9.899999999999977,334,True,True,True,True,,4492.0,2021-11-29T12:23:00-05:00,2.6499999999999986,6347.039999999981,4493.0,2021-11-29T12:24:00-05:00,2.8500000000000014,5947.039999999975,4499.0,2021-11-29T12:30:00-05:00,2.849999999999998,5947.039999999982,4493.0,2021-11-29T12:24:00-05:00,2.8500000000000014,5947.039999999975,4507.0,2021-11-29T12:38:00-05:00,1.75,8147.039999999978,4534.0,2021-11-29T13:05:00-05:00,1.9499999999999993,7747.039999999979,4535.0,2021-11-29T13:06:00-05:00,1.8500000000000014,7947.039999999975,4508.0,2021-11-29T12:39:00-05:00,2.099999999999998,7447.039999999982,4660.0,2021-11-29T15:11:00-05:00,0.75,10147.039999999979,4663.0,2021-11-29T15:14:00-05:00,0.9249999999999998,9797.039999999979,4664.0,2021-11-29T15:15:00-05:00,0.5999999999999999,10447.039999999979,4661.0,2021-11-29T15:12:00-05:00,1.1249999999999996,9397.039999999979,4665.0,2021-11-29T15:16:00-05:00,0.44999999999999996,10747.039999999979,4685.0,2021-11-29T15:36:00-05:00,0.3500000000000001,10947.039999999977,4705.0,2021-11-29T15:56:00-05:00,0.07499999999999996,11497.039999999979,4666.0,2021-11-29T15:17:00-05:00,0.55,10547.039999999977,97
2021-11-26,2021-11-29,3,7.0,2021-11-26T09:31:00-05:00,7.050000000000011,NDXP  211129P16430000,NDXP  211129P16420000,development,False,False,0,0,0,9,0,605,available,False,2021-11-26T09:31:00-05:00,2021-11-29T16:00:00-05:00,9.099999999999994,-4352.959999999967,0.0,last_observed_quote_not_settlement,4096.0,381,36,6.650000000000006,547.040000000012,2021-11-26T09:32:00-05:00,0.0,7.0,-152.95999999997656,2021-11-26T09:33:00-05:00,0.0,6.599999999999966,647.0400000000916,2021-11-26T09:36:00-05:00,0.0,7.349999999999966,-852.9599999999084,2021-11-26T09:41:00-05:00,0.0,7.899999999999977,-1952.9599999999311,2021-11-26T09:46:00-05:00,0.0,8.199999999999989,-2552.9599999999555,2021-11-26T10:01:00-05:00,0.0,7.899999999999977,-1952.9599999999311,2021-11-26T10:31:00-05:00,0.0,9.150000000000034,-4452.960000000046,2021-11-26T11:31:00-05:00,0.0,,,2021-11-26T13:15:00-05:00,9900.0,,,2021-11-26T13:15:00-05:00,96300.0,,,2021-11-26T13:15:00-05:00,182700.0,9.099999999999994,-4352.959999999967,2021-11-29T16:00:00-05:00,0.0,4504.0,hit,4532.0,hit,4641.0,hit,,never_hit,,never_hit,,never_hit,,never_hit,11.0,hit,17.0,hit,0.0,hit,17.0,hit,38.0,hit,107.0,hit,,,True,True,True,False,3.5000000000000124,,,True,True,True,False,3.5000000000000124,,,True,True,True,False,3.5000000000000124,,,True,True,True,False,3.5000000000000124,,,,,,,,,,,,,,,,,,,,,,,,,,,,,,,,,,,,,,,,,,,,,,,,,,,,,,,,,,,,,,,,,98
2021-11-29,2021-12-01,2,5.0,2021-11-29T09:31:00-05:00,5.000000000000028,NDXP  211201P16330000,NDXP  211201P16320000,development,False,False,0,0,0,14,0,1186,available,False,2021-11-29T09:31:00-05:00,2021-12-01T15:59:00-05:00,8.75,-7752.959999999945,1.0,last_observed_quote_not_settlement,1036.0,536,35,5.050000000000011,-352.9599999999652,2021-11-29T09:32:00-05:00,0.0,5.550000000000011,-1352.9599999999652,2021-11-29T09:33:00-05:00,0.0,5.499999999999972,-1252.9599999998857,2021-11-29T09:36:00-05:00,0.0,5.049999999999983,-352.95999999990835,2021-11-29T09:41:00-05:00,0.0,5.5,-1252.9599999999425,2021-11-29T09:46:00-05:00,0.0,4.150000000000006,1447.0400000000461,2021-11-29T10:01:00-05:00,0.0,4.950000000000017,-152.95999999997656,2021-11-29T10:31:00-05:00,0.0,4.25,1247.0400000000575,2021-11-29T11:31:00-05:00,0.0,3.200000000000003,3347.040000000052,2021-11-29T16:00:00-05:00,0.0,7.949999999999989,-6152.95999999992,2021-11-30T16:00:00-05:00,0.0,,,2021-12-01T15:59:00-05:00,60.0,,,,,0.0,hit,12.0,hit,55.0,hit,184.0,hit,1469.0,hit,1469.0,hit,1469.0,hit,2.0,hit,22.0,hit,1529.0,hit,1540.0,hit,1622.0,hit,3139.0,hit,6.699999999999989,35,False,False,False,False,,6.699999999999989,36,False,False,False,False,,6.699999999999989,36,False,False,False,False,,6.699999999999989,36,False,False,False,False,,184.0,2021-11-29T12:35:00-05:00,2.8499999999999943,4047.040000000069,217.0,2021-11-29T13:08:00-05:00,2.8999999999999915,3947.0400000000745,221.0,2021-11-29T13:12:00-05:00,2.6500000000000057,4447.040000000046,185.0,2021-11-29T12:36:00-05:00,3.0999999999999943,3547.040000000069,1469.0,2021-11-30T10:00:00-05:00,0.0,9747.040000000059,2982.0,2021-12-01T11:13:00-05:00,1.799999999999999,6147.04000000006,2983.0,2021-12-01T11:14:00-05:00,1.6500000000000004,6447.040000000056,1470.0,2021-11-30T10:01:00-05:00,2.8999999999999986,3947.0400000000604,1469.0,2021-11-30T10:00:00-05:00,0.0,9747.040000000059,,,,,,,,,1470.0,2021-11-30T10:01:00-05:00,2.8999999999999986,3947.0400000000604,1469.0,2021-11-30T10:00:00-05:00,0.0,9747.040000000059,,,,,,,,,1470.0,2021-11-30T10:01:00-05:00,2.8999999999999986,3947.0400000000604,99
2021-11-29,2021-12-01,2,6.0,2021-11-29T09:31:00-05:00,6.0499999999999545,NDXP  211201P16970000,NDXP  211201P16960000,development,False,False,0,0,0,289,0,911,available,False,2021-11-29T09:31:00-05:00,2021-12-01T16:00:00-05:00,10.0,-8052.960000000091,0.0,last_observed_quote_not_settlement,1037.0,687,0,9.700000000000045,-7552.960000000183,2021-11-29T09:32:00-05:00,0.0,9.549999999999955,-7252.960000000001,2021-11-29T09:33:00-05:00,0.0,9.5,-7152.960000000092,2021-11-29T09:36:00-05:00,0.0,,,2021-11-29T09:40:00-05:00,60.0,9.849999999999909,-7852.95999999991,2021-11-29T09:46:00-05:00,0.0,9.75,-7652.960000000092,2021-11-29T10:01:00-05:00,0.0,9.75,-7652.960000000092,2021-11-29T10:31:00-05:00,0.0,9.649999999999977,-7452.960000000046,2021-11-29T11:31:00-05:00,0.0,,,2021-11-29T15:59:00-05:00,60.0,10.0,-8052.960000000091,2021-11-30T16:00:00-05:00,0.0,10.0,-8052.960000000091,2021-12-01T16:00:00-05:00,0.0,,,,,,never_hit,,never_hit,,never_hit,,never_hit,,never_hit,,never_hit,,never_hit,1.0,hit,1.0,hit,1.0,hit,1.0,hit,1.0,hit,1.0,hit,,,True,True,True,False,0.0,,,True,True,True,False,0.0,,,True,True,True,False,0.0,,,True,True,True,False,0.0,,,,,,,,,,,,,,,,,,,,,,,,,,,,,,,,,,,,,,,,,,,,,,,,,,,,,,,,,,,,,,,,,100
2021-11-29,2021-12-01,2,7.0,2021-11-29T09:31:00-05:00,7.199999999999989,NDXP  211201P16440000,NDXP  211201P16430000,development,False,False,0,0,1,48,0,1151,available,False,2021-11-29T09:31:00-05:00,2021-12-01T16:00:00-05:00,2.1000000000001364,9947.039999999706,0.0,last_observed_quote_not_settlement,1036.0,580,38,6.699999999999989,747.0400000000006,2021-11-29T09:32:00-05:00,0.0,7.5,-852.9600000000221,2021-11-29T09:33:00-05:00,0.0,7.450000000000017,-752.9600000000562,2021-11-29T09:36:00-05:00,0.0,7.149999999999977,-152.95999999997656,2021-11-29T09:41:00-05:00,0.0,5.950000000000017,2247.039999999944,2021-11-29T09:46:00-05:00,0.0,6.349999999999994,1447.0399999999893,2021-11-29T10:01:00-05:00,0.0,6.550000000000011,1047.0399999999552,2021-11-29T10:31:00-05:00,0.0,6.099999999999994,1947.0399999999893,2021-11-29T11:31:00-05:00,0.0,5.150000000000006,3847.0399999999668,2021-11-29T16:00:00-05:00,0.0,9.600000000000023,-5052.960000000069,2021-11-30T16:00:00-05:00,0.0,2.1000000000001364,9947.039999999706,2021-12-01T16:00:00-05:00,0.0,,,,,130.0,hit,171.0,hit,226.0,hit,1469.0,hit,,never_hit,,never_hit,,never_hit,3.0,hit,3.0,hit,0.0,hit,3.0,hit,1530.0,hit,1595.0,hit,8.200000000000017,12,True,True,False,False,,,,True,True,True,False,5.099999999999852,,,True,True,True,False,5.099999999999852,,,True,True,True,False,5.099999999999852,1469.0,2021-11-30T10:00:00-05:00,2.450000000000003,9247.039999999974,,,,,,,,,1470.0,2021-11-30T10:01:00-05:00,4.650000000000006,4847.039999999966,,,,,,,,,,,,,,,,,,,,,,,,,,,,,,,,,,,,,,,,,,,,,,,,,101
2021-11-30,2021-12-03,3,5.0,2021-11-30T09:31:00-05:00,5.0,NDXP  211203P16410000,NDXP  211203P16400000,development,False,False,0,0,0,264,0,1340,available,False,2021-11-30T09:31:00-05:00,2021-12-03T16:00:00-05:00,10.0,-10152.96,0.0,last_observed_quote_not_settlement,1036.0,978,43,4.699999999999989,347.04000000002344,2021-11-30T09:32:00-05:00,0.0,4.5,747.0400000000006,2021-11-30T09:33:00-05:00,0.0,4.849999999999994,47.04000000001208,2021-11-30T09:36:00-05:00,0.0,4.800000000000011,147.03999999997797,2021-11-30T09:41:00-05:00,0.0,4.649999999999977,447.0400000000462,2021-11-30T09:46:00-05:00,0.0,4.0,1747.0400000000006,2021-11-30T10:01:00-05:00,0.0,4.0,1747.0400000000006,2021-11-30T10:31:00-05:00,0.0,6.599999999999966,-3452.959999999931,2021-11-30T11:31:00-05:00,0.0,7.199999999999989,-4652.959999999976,2021-11-30T16:00:00-05:00,0.0,8.600000000000023,-7452.960000000046,2021-12-01T16:00:00-05:00,0.0,,,2021-12-02T15:58:00-05:00,120.0,10.0,-10152.96,2021-12-03T16:00:00-05:00,0.0,0.0,hit,0.0,hit,29.0,hit,,never_hit,,never_hit,,never_hit,,never_hit,9.0,hit,9.0,hit,90.0,hit,130.0,hit,1788.0,hit,1790.0,hit,,,True,True,True,False,1.5,,,True,True,True,False,1.5,,,True,True,True,False,1.5,,,True,True,True,False,1.5,,,,,,,,,,,,,,,,,,,,,,,,,,,,,,,,,,,,,,,,,,,,,,,,,,,,,,,,,,,,,,,,,102
2021-11-30,2021-12-03,3,6.0,2021-11-30T09:31:00-05:00,5.900000000000006,NDXP  211203P16510000,NDXP  211203P16500000,development,False,False,0,0,0,316,0,1288,available,False,2021-11-30T09:31:00-05:00,2021-12-03T16:00:00-05:00,9.950000000000045,-8352.959999999988,0.0,last_observed_quote_not_settlement,1036.0,1006,24,6.5,-1452.959999999988,2021-11-30T09:32:00-05:00,0.0,6.0,-452.95999999998793,2021-11-30T09:33:00-05:00,0.0,6.150000000000006,-752.9599999999994,2021-11-30T09:36:00-05:00,0.0,6.25,-952.959999999988,2021-11-30T09:41:00-05:00,0.0,6.100000000000023,-652.9600000000335,2021-11-30T09:46:00-05:00,0.0,5.149999999999977,1247.0400000000575,2021-11-30T10:01:00-05:00,0.0,5.299999999999983,947.0400000000461,2021-11-30T10:31:00-05:00,0.0,7.5,-3452.9599999999878,2021-11-30T11:31:00-05:00,0.0,8.5,-5452.95999999999,2021-11-30T16:00:00-05:00,0.0,,,2021-12-01T15:58:00-05:00,120.0,,,2021-12-02T15:59:00-05:00,60.0,9.950000000000045,-8352.959999999988,2021-12-03T16:00:00-05:00,0.0,27.0,hit,1786.0,hit,1786.0,hit,1786.0,hit,1786.0,hit,1786.0,hit,,never_hit,1.0,hit,6.0,hit,6.0,hit,86.0,hit,160.0,hit,1791.0,hit,9.450000000000045,684,True,True,True,True,,9.450000000000045,684,True,True,True,True,,9.450000000000045,684,True,True,True,True,,,,True,True,True,False,5.349999999999994,1786.0,2021-12-01T15:17:00-05:00,0.5500000000000114,10447.03999999999,,,,,,,,,1787.0,2021-12-01T15:18:00-05:00,9.300000000000011,-7052.960000000013,1786.0,2021-12-01T15:17:00-05:00,0.5500000000000114,10447.03999999999,,,,,,,,,1787.0,2021-12-01T15:18:00-05:00,9.300000000000011,-7052.960000000013,1786.0,2021-12-01T15:17:00-05:00,0.5500000000000114,10447.03999999999,,,,,,,,,1787.0,2021-12-01T15:18:00-05:00,9.300000000000011,-7052.960000000013,,,,,,,,,,,,,,,,,103
2021-11-30,2021-12-03,3,7.0,2021-11-30T09:31:00-05:00,7.0,NDXP  211203P16560000,NDXP  211203P16550000,development,False,False,0,0,0,327,0,1277,available,False,2021-11-30T09:31:00-05:00,2021-12-03T16:00:00-05:00,10.0,-6152.96,0.0,last_observed_quote_not_settlement,1036.0,968,44,7.100000000000023,-452.9600000000448,2021-11-30T09:32:00-05:00,0.0,6.75,247.04000000000067,2021-11-30T09:33:00-05:00,0.0,6.699999999999932,347.0400000001371,2021-11-30T09:36:00-05:00,0.0,6.850000000000023,47.039999999955235,2021-11-30T09:41:00-05:00,0.0,6.949999999999989,-152.95999999997656,2021-11-30T09:46:00-05:00,0.0,6.0,1747.0400000000006,2021-11-30T10:01:00-05:00,0.0,5.949999999999989,1847.0400000000234,2021-11-30T10:31:00-05:00,0.0,8.75,-3752.960000000001,2021-11-30T11:31:00-05:00,0.0,1.3999999999999773,10947.040000000046,2021-11-30T16:00:00-05:00,0.0,,,2021-12-01T15:59:00-05:00,60.0,8.5,-3252.960000000001,2021-12-02T16:00:00-05:00,0.0,10.0,-6152.96,2021-12-03T16:00:00-05:00,0.0,34.0,hit,389.0,hit,389.0,hit,389.0,hit,389.0,hit,,never_hit,,never_hit,73.0,hit,83.0,hit,0.0,hit,83.0,hit,86.0,hit,94.0,hit,9.850000000000023,311,True,True,True,True,,9.850000000000023,311,True,True,True,True,,,,True,True,True,False,5.600000000000023,,,True,True,True,False,5.600000000000023,389.0,2021-11-30T16:00:00-05:00,1.3999999999999773,10947.040000000046,,,,,,,,,390.0,2021-11-30T16:01:00-05:00,8.649999999999977,-3552.9599999999555,389.0,2021-11-30T16:00:00-05:00,1.3999999999999773,10947.040000000046,,,,,,,,,390.0,2021-11-30T16:01:00-05:00,8.649999999999977,-3552.9599999999555,,,,,,,,,,,,,,,,,,,,,,,,,,,,,,,,,104
2021-12-01,2021-12-03,2,5.0,2021-12-01T09:31:00-05:00,5.0,NDXP  211203P16390000,NDXP  211203P16380000,development,False,False,0,0,0,157,0,1042,available,False,2021-12-01T09:31:00-05:00,2021-12-03T16:00:00-05:00,10.0,-10152.96,0.0,last_observed_quote_not_settlement,1037.0,744,34,5.099999999999994,-452.95999999998793,2021-12-01T09:32:00-05:00,0.0,5.300000000000011,-852.9600000000221,2021-12-01T09:33:00-05:00,0.0,5.550000000000011,-1352.960000000022,2021-12-01T09:36:00-05:00,0.0,5.400000000000034,-1052.9600000000676,2021-12-01T09:41:00-05:00,0.0,4.450000000000017,847.0399999999665,2021-12-01T09:46:00-05:00,0.0,4.850000000000023,47.039999999955235,2021-12-01T10:01:00-05:00,0.0,5.150000000000006,-552.9600000000107,2021-12-01T10:31:00-05:00,0.0,3.799999999999983,2147.040000000035,2021-12-01T11:31:00-05:00,0.0,7.550000000000068,-5352.960000000136,2021-12-01T16:00:00-05:00,0.0,9.699999999999989,-9652.959999999977,2021-12-02T16:00:00-05:00,0.0,10.0,-10152.96,2021-12-03T16:00:00-05:00,0.0,,,,,0.0,hit,0.0,hit,31.0,hit,379.0,hit,379.0,hit,379.0,hit,379.0,hit,5.0,hit,9.0,hit,216.0,hit,287.0,hit,287.0,hit,287.0,hit,9.550000000000011,208,True,True,True,True,,9.550000000000011,208,True,True,True,True,,9.550000000000011,208,True,True,True,True,,9.550000000000011,208,True,True,True,True,,379.0,2021-12-01T15:50:00-05:00,0.0,9747.04,,,,,,,,,380.0,2021-12-01T15:51:00-05:00,8.75,-7752.960000000001,379.0,2021-12-01T15:50:00-05:00,0.0,9747.04,,,,,,,,,380.0,2021-12-01T15:51:00-05:00,8.75,-7752.960000000001,379.0,2021-12-01T15:50:00-05:00,0.0,9747.04,,,,,,,,,380.0,2021-12-01T15:51:00-05:00,8.75,-7752.960000000001,379.0,2021-12-01T15:50:00-05:00,0.0,9747.04,,,,,,,,,380.0,2021-12-01T15:51:00-05:00,8.75,-7752.960000000001,105
2021-12-01,2021-12-03,2,6.0,2021-12-01T09:31:00-05:00,5.900000000000034,NDXP  211203P16450000,NDXP  211203P16440000,development,False,False,0,0,0,327,0,872,available,False,2021-12-01T09:31:00-05:00,2021-12-03T15:57:00-05:00,7.25,-2952.959999999931,3.0,last_observed_quote_not_settlement,1039.0,527,40,6.0,-452.9599999999311,2021-12-01T09:32:00-05:00,0.0,6.299999999999983,-1052.959999999897,2021-12-01T09:33:00-05:00,0.0,6.449999999999989,-1352.9599999999084,2021-12-01T09:36:00-05:00,0.0,5.899999999999977,-252.9599999998856,2021-12-01T09:41:00-05:00,0.0,5.699999999999989,147.04000000009165,2021-12-01T09:46:00-05:00,0.0,5.650000000000006,247.04000000005752,2021-12-01T10:01:00-05:00,0.0,6.199999999999989,-852.9599999999084,2021-12-01T10:31:00-05:00,0.0,4.75,2047.040000000069,2021-12-01T11:31:00-05:00,0.0,8.949999999999932,-6352.959999999796,2021-12-01T16:00:00-05:00,0.0,10.0,-8352.95999999993,2021-12-02T16:00:00-05:00,0.0,,,2021-12-03T15:57:00-05:00,180.0,,,,,31.0,hit,45.0,hit,346.0,hit,346.0,hit,346.0,hit,346.0,hit,346.0,hit,4.0,hit,209.0,hit,209.0,hit,231.0,hit,290.0,hit,334.0,hit,9.900000000000034,195,True,True,True,True,,9.900000000000034,195,True,True,True,True,,9.900000000000034,195,True,True,True,True,,9.900000000000034,195,True,True,True,True,,346.0,2021-12-01T15:17:00-05:00,0.19999999999998863,11147.040000000092,,,,,,,,,347.0,2021-12-01T15:18:00-05:00,9.300000000000011,-7052.9599999999555,346.0,2021-12-01T15:17:00-05:00,0.19999999999998863,11147.040000000092,,,,,,,,,347.0,2021-12-01T15:18:00-05:00,9.300000000000011,-7052.9599999999555,346.0,2021-12-01T15:17:00-05:00,0.19999999999998863,11147.040000000092,,,,,,,,,347.0,2021-12-01T15:18:00-05:00,9.300000000000011,-7052.9599999999555,346.0,2021-12-01T15:17:00-05:00,0.19999999999998863,11147.040000000092,,,,,,,,,347.0,2021-12-01T15:18:00-05:00,9.300000000000011,-7052.9599999999555,106
2021-12-01,2021-12-03,2,7.0,2021-12-01T09:31:00-05:00,7.050000000000011,NDXP  211203P16520000,NDXP  211203P16510000,development,False,False,0,0,0,263,0,936,available,False,2021-12-01T09:31:00-05:00,2021-12-03T16:00:00-05:00,10.0,-6052.959999999977,0.0,last_observed_quote_not_settlement,1037.0,604,63,8.100000000000023,-2352.9600000000237,2021-12-01T09:32:00-05:00,0.0,7.349999999999994,-852.9599999999652,2021-12-01T09:33:00-05:00,0.0,7.550000000000011,-1252.9599999999994,2021-12-01T09:36:00-05:00,0.0,7.549999999999983,-1252.9599999999425,2021-12-01T09:41:00-05:00,0.0,7.0,-152.95999999997656,2021-12-01T09:46:00-05:00,0.0,6.650000000000034,547.0399999999552,2021-12-01T10:01:00-05:00,0.0,7.349999999999966,-852.9599999999084,2021-12-01T10:31:00-05:00,0.0,6.199999999999989,1447.0400000000461,2021-12-01T11:31:00-05:00,0.0,9.150000000000091,-4452.96000000016,2021-12-01T16:00:00-05:00,0.0,9.600000000000023,-5352.960000000024,2021-12-02T16:00:00-05:00,0.0,10.0,-6052.959999999977,2021-12-03T16:00:00-05:00,0.0,,,,,83.0,hit,358.0,hit,1467.0,hit,,never_hit,,never_hit,,never_hit,,never_hit,1.0,hit,1.0,hit,0.0,hit,1.0,hit,208.0,hit,208.0,hit,,,True,True,True,False,3.500000000000057,,,True,True,True,False,3.500000000000057,,,True,True,True,False,3.500000000000057,,,True,True,True,False,3.500000000000057,,,,,,,,,,,,,,,,,,,,,,,,,,,,,,,,,,,,,,,,,,,,,,,,,,,,,,,,,,,,,,,,,107
2021-12-06,2021-12-08,2,5.0,2021-12-06T09:31:00-05:00,4.950000000000017,NDXP  211208P15830000,NDXP  211208P15820000,development,False,False,0,0,0,3,0,1197,available,False,2021-12-06T09:31:00-05:00,2021-12-08T15:59:00-05:00,0.0,9647.040000000035,1.0,last_observed_quote_not_settlement,1036.0,140,23,5.549999999999983,-1452.9599999999311,2021-12-06T09:32:00-05:00,0.0,5.600000000000023,-1552.9600000000107,2021-12-06T09:33:00-05:00,0.0,6.100000000000023,-2552.9600000000105,2021-12-06T09:36:00-05:00,0.0,6.199999999999989,-2752.9599999999423,2021-12-06T09:41:00-05:00,0.0,5.850000000000023,-2052.9600000000105,2021-12-06T09:46:00-05:00,0.0,5.649999999999977,-1652.9599999999198,2021-12-06T10:01:00-05:00,0.0,5.0,-352.9599999999652,2021-12-06T10:31:00-05:00,0.0,5.350000000000023,-1052.9600000000107,2021-12-06T11:31:00-05:00,0.0,3.8499999999999943,1947.0400000000461,2021-12-06T16:00:00-05:00,0.0,0.07500000000000018,9497.040000000035,2021-12-07T16:00:00-05:00,0.0,,,2021-12-08T15:59:00-05:00,60.0,,,,,0.0,hit,0.0,hit,175.0,hit,306.0,hit,1440.0,hit,1440.0,hit,1505.0,hit,1.0,hit,5.0,hit,7.0,hit,7.0,hit,,never_hit,,never_hit,8.149999999999977,139,True,True,False,False,,8.149999999999977,140,True,True,False,False,,8.149999999999977,140,True,True,False,False,,8.149999999999977,140,True,True,False,False,,306.0,2021-12-06T14:37:00-05:00,2.8999999999999915,3847.040000000052,1441.0,2021-12-07T09:32:00-05:00,1.0,7647.0400000000345,1442.0,2021-12-07T09:33:00-05:00,0.9499999999999993,7747.040000000036,307.0,2021-12-06T14:38:00-05:00,3.299999999999983,3047.040000000069,1440.0,2021-12-07T09:31:00-05:00,0.9000000000000021,7847.040000000031,1441.0,2021-12-07T09:32:00-05:00,1.0,7647.0400000000345,1442.0,2021-12-07T09:33:00-05:00,0.9499999999999993,7747.040000000036,1441.0,2021-12-07T09:32:00-05:00,1.0,7647.0400000000345,1440.0,2021-12-07T09:31:00-05:00,0.9000000000000021,7847.040000000031,1443.0,2021-12-07T09:34:00-05:00,0.8999999999999986,7847.040000000037,1444.0,2021-12-07T09:35:00-05:00,0.8999999999999986,7847.040000000037,1441.0,2021-12-07T09:32:00-05:00,1.0,7647.0400000000345,1505.0,2021-12-07T10:36:00-05:00,0.4499999999999993,8747.040000000037,1561.0,2021-12-07T11:32:00-05:00,0.4499999999999993,8747.040000000037,1562.0,2021-12-07T11:33:00-05:00,0.4499999999999993,8747.040000000037,1506.0,2021-12-07T10:37:00-05:00,0.5500000000000007,8547.040000000034,108
2021-12-06,2021-12-08,2,6.0,2021-12-06T09:31:00-05:00,6.0,NDXP  211208P15950000,NDXP  211208P15940000,development,False,False,0,0,0,2,0,1198,available,False,2021-12-06T09:31:00-05:00,2021-12-08T16:00:00-05:00,4.6000000000000005,2547.0399999999995,0.0,last_observed_quote_not_settlement,1036.0,183,19,6.050000000000011,-352.96000000002203,2021-12-06T09:32:00-05:00,0.0,6.900000000000034,-2052.9600000000673,2021-12-06T09:33:00-05:00,0.0,7.2000000000000455,-2652.96000000009,2021-12-06T09:36:00-05:00,0.0,4.899999999999977,1947.0400000000461,2021-12-06T09:41:00-05:00,0.0,7.099999999999966,-2452.959999999931,2021-12-06T09:46:00-05:00,0.0,6.699999999999989,-1652.9599999999766,2021-12-06T10:01:00-05:00,0.0,6.099999999999966,-452.9599999999311,2021-12-06T10:31:00-05:00,0.0,6.850000000000023,-1952.9600000000448,2021-12-06T11:31:00-05:00,0.0,5.400000000000006,947.0399999999893,2021-12-06T16:00:00-05:00,0.0,0.1999999999999993,11347.040000000003,2021-12-07T16:00:00-05:00,0.0,4.6000000000000005,2547.0399999999995,2021-12-08T16:00:00-05:00,0.0,,,,,4.0,hit,4.0,hit,1440.0,hit,1440.0,hit,1440.0,hit,1482.0,hit,1656.0,hit,2.0,hit,5.0,hit,5.0,hit,9.0,hit,,never_hit,,never_hit,8.650000000000034,183,True,True,False,False,,8.650000000000034,183,True,True,False,False,,8.650000000000034,183,True,True,False,False,,8.650000000000034,183,True,True,False,False,,1440.0,2021-12-07T09:31:00-05:00,1.7000000000000028,8347.039999999995,1441.0,2021-12-07T09:32:00-05:00,1.7999999999999972,8147.040000000007,1442.0,2021-12-07T09:33:00-05:00,1.6500000000000057,8447.03999999999,1441.0,2021-12-07T09:32:00-05:00,1.7999999999999972,8147.040000000007,1440.0,2021-12-07T09:31:00-05:00,1.7000000000000028,8347.039999999995,1441.0,2021-12-07T09:32:00-05:00,1.7999999999999972,8147.040000000007,1442.0,2021-12-07T09:33:00-05:00,1.6500000000000057,8447.03999999999,1441.0,2021-12-07T09:32:00-05:00,1.7999999999999972,8147.040000000007,1492.0,2021-12-07T10:23:00-05:00,0.9499999999999993,9847.040000000003,1505.0,2021-12-07T10:36:00-05:00,0.6499999999999986,10447.040000000005,1506.0,2021-12-07T10:37:00-05:00,0.8999999999999986,9947.040000000005,1493.0,2021-12-07T10:24:00-05:00,1.1499999999999986,9447.040000000005,1674.0,2021-12-07T13:25:00-05:00,0.4499999999999993,10847.040000000003,1701.0,2021-12-07T13:52:00-05:00,0.3500000000000014,11047.039999999999,1702.0,2021-12-07T13:53:00-05:00,0.4499999999999993,10847.040000000003,1675.0,2021-12-07T13:26:00-05:00,0.5500000000000007,10647.04,109
2021-12-06,2021-12-08,2,7.0,2021-12-06T09:31:00-05:00,7.050000000000011,NDXP  211208P16140000,NDXP  211208P16130000,development,False,False,0,0,0,16,0,1184,available,False,2021-12-06T09:31:00-05:00,2021-12-08T16:00:00-05:00,0.0,13847.040000000025,0.0,last_observed_quote_not_settlement,1036.0,369,8,7.449999999999932,-1052.9599999998402,2021-12-06T09:32:00-05:00,0.0,9.25,-4652.959999999978,2021-12-06T09:33:00-05:00,0.0,7.999999999999886,-2152.959999999751,2021-12-06T09:36:00-05:00,0.0,9.799999999999955,-5752.959999999887,2021-12-06T09:41:00-05:00,0.0,5.449999999999989,2947.0400000000463,2021-12-06T09:46:00-05:00,0.0,,,2021-12-06T10:00:00-05:00,60.0,8.25,-2652.959999999978,2021-12-06T10:31:00-05:00,0.0,8.700000000000045,-3552.960000000069,2021-12-06T11:31:00-05:00,0.0,7.75,-1652.9599999999766,2021-12-06T16:00:00-05:00,0.0,1.4500000000000028,10947.040000000019,2021-12-07T16:00:00-05:00,0.0,0.0,13847.040000000025,2021-12-08T16:00:00-05:00,0.0,,,,,15.0,hit,33.0,hit,1441.0,hit,1461.0,hit,1505.0,hit,2884.0,hit,2900.0,hit,2.0,hit,2.0,hit,0.0,hit,2.0,hit,2.0,hit,8.0,hit,9.850000000000023,369,True,True,True,True,,9.850000000000023,369,True,True,True,True,,9.850000000000023,369,True,True,True,True,,9.850000000000023,369,True,True,True,True,,1463.0,2021-12-07T09:54:00-05:00,2.9499999999999886,7947.040000000046,1464.0,2021-12-07T09:55:00-05:00,2.799999999999997,8247.04000000003,1465.0,2021-12-07T09:56:00-05:00,2.8000000000000114,8247.04,1464.0,2021-12-07T09:55:00-05:00,2.799999999999997,8247.04000000003,1514.0,2021-12-07T10:45:00-05:00,1.9000000000000057,10047.040000000014,1515.0,2021-12-07T10:46:00-05:00,1.8999999999999986,10047.040000000026,1516.0,2021-12-07T10:47:00-05:00,1.3999999999999986,11047.040000000026,1515.0,2021-12-07T10:46:00-05:00,1.8999999999999986,10047.040000000026,2898.0,2021-12-08T09:49:00-05:00,0.9000000000000021,12047.04000000002,2899.0,2021-12-08T09:50:00-05:00,0.6500000000000004,12547.040000000023,2900.0,2021-12-08T09:51:00-05:00,0.5,12847.040000000025,2899.0,2021-12-08T09:50:00-05:00,0.6500000000000004,12547.040000000023,3000.0,2021-12-08T11:31:00-05:00,0.30000000000000027,13247.040000000023,3020.0,2021-12-08T11:51:00-05:00,0.34999999999999964,13147.040000000025,3021.0,2021-12-08T11:52:00-05:00,0.35000000000000053,13147.040000000023,3001.0,2021-12-08T11:32:00-05:00,0.5,12847.040000000025,110
2021-12-07,2021-12-10,3,5.0,2021-12-07T09:31:00-05:00,5.150000000000034,NDXP  211210P16220000,NDXP  211210P16210000,development,False,False,0,0,0,0,0,1605,available,False,2021-12-07T09:31:00-05:00,2021-12-10T16:00:00-05:00,0.0,10047.04000000007,0.0,last_observed_quote_not_settlement,1036.0,53,31,5.0,47.04000000006892,2021-12-07T09:32:00-05:00,0.0,4.699999999999989,647.0400000000916,2021-12-07T09:33:00-05:00,0.0,4.400000000000006,1247.0400000000575,2021-12-07T09:36:00-05:00,0.0,4.449999999999989,1147.0400000000916,2021-12-07T09:41:00-05:00,0.0,4.349999999999966,1347.040000000137,2021-12-07T09:46:00-05:00,0.0,3.5999999999999943,2847.0400000000805,2021-12-07T10:01:00-05:00,0.0,3.5,3047.040000000069,2021-12-07T10:31:00-05:00,0.0,3.200000000000003,3647.040000000063,2021-12-07T11:31:00-05:00,0.0,2.9000000000000057,4247.040000000057,2021-12-07T16:00:00-05:00,0.0,1.9500000000000028,6147.040000000064,2021-12-08T16:00:00-05:00,0.0,5.400000000000006,-752.9599999999425,2021-12-09T16:00:00-05:00,0.0,0.0,10047.04000000007,2021-12-10T16:00:00-05:00,0.0,0.0,hit,1.0,hit,22.0,hit,66.0,hit,1799.0,hit,4674.0,hit,4684.0,hit,3274.0,hit,4415.0,hit,4419.0,hit,,never_hit,,never_hit,,never_hit,5.150000000000034,0,False,False,False,False,,5.150000000000034,0,False,False,False,False,,7.099999999999994,53,True,False,False,False,,7.099999999999994,53,True,False,False,False,,72.0,2021-12-07T10:43:00-05:00,2.8999999999999915,4247.040000000086,205.0,2021-12-07T12:56:00-05:00,2.700000000000003,4647.040000000064,206.0,2021-12-07T12:57:00-05:00,2.8000000000000114,4447.040000000046,73.0,2021-12-07T10:44:00-05:00,3.1499999999999915,3747.040000000086,1809.0,2021-12-08T15:40:00-05:00,1.9499999999999957,6147.040000000077,1823.0,2021-12-08T15:54:00-05:00,1.8000000000000114,6447.040000000046,1827.0,2021-12-08T15:58:00-05:00,1.8000000000000043,6447.04000000006,1810.0,2021-12-08T15:41:00-05:00,2.299999999999997,5447.0400000000745,4678.0,2021-12-10T15:29:00-05:00,0.8999999999999995,8247.04000000007,4682.0,2021-12-10T15:33:00-05:00,0.5499999999999998,8947.04000000007,4683.0,2021-12-10T15:34:00-05:00,0.6250000000000004,8797.040000000068,4679.0,2021-12-10T15:30:00-05:00,1.0749999999999993,7897.04000000007,4684.0,2021-12-10T15:35:00-05:00,0.4249999999999998,9197.04000000007,4692.0,2021-12-10T15:43:00-05:00,0.32499999999999996,9397.04000000007,4693.0,2021-12-10T15:44:00-05:00,0.29999999999999993,9447.04000000007,4685.0,2021-12-10T15:36:00-05:00,0.5499999999999998,8947.04000000007,111
2021-12-07,2021-12-10,3,6.0,2021-12-07T09:31:00-05:00,5.999999999999972,NDXP  211210P16300000,NDXP  211210P16290000,development,False,False,0,0,0,4,0,1601,available,False,2021-12-07T09:31:00-05:00,2021-12-10T15:57:00-05:00,0.4,10947.039999999944,3.0,last_observed_quote_not_settlement,1036.0,344,57,4.850000000000023,2047.0399999998986,2021-12-07T09:32:00-05:00,0.0,4.599999999999994,2547.0399999999554,2021-12-07T09:33:00-05:00,0.0,5.599999999999994,547.0399999999552,2021-12-07T09:36:00-05:00,0.0,5.949999999999989,-152.9600000000334,2021-12-07T09:41:00-05:00,0.0,5.400000000000006,947.0399999999324,2021-12-07T09:46:00-05:00,0.0,4.849999999999994,2047.0399999999554,2021-12-07T10:01:00-05:00,0.0,4.600000000000023,2547.0399999998986,2021-12-07T10:31:00-05:00,0.0,4.099999999999994,3547.0399999999554,2021-12-07T11:31:00-05:00,0.0,3.549999999999997,4647.03999999995,2021-12-07T16:00:00-05:00,0.0,3.0,5747.039999999944,2021-12-08T16:00:00-05:00,0.0,8.299999999999983,-4852.960000000024,2021-12-09T16:00:00-05:00,0.0,,,2021-12-10T15:57:00-05:00,180.0,1.0,hit,1.0,hit,44.0,hit,264.0,hit,4704.0,hit,4705.0,hit,4706.0,hit,3181.0,hit,3222.0,hit,3222.0,hit,3269.0,hit,4413.0,hit,4654.0,hit,6.050000000000011,1,False,False,False,False,,9.550000000000004,344,True,True,True,True,,9.550000000000004,344,True,True,True,True,,9.550000000000004,344,True,True,True,True,,1822.0,2021-12-08T15:53:00-05:00,2.9000000000000057,5947.039999999933,1823.0,2021-12-08T15:54:00-05:00,2.8500000000000014,6047.039999999941,1824.0,2021-12-08T15:55:00-05:00,2.8000000000000043,6147.039999999935,1823.0,2021-12-08T15:54:00-05:00,2.8500000000000014,6047.039999999941,4704.0,2021-12-10T15:55:00-05:00,1.5750000000000002,8597.039999999944,4705.0,2021-12-10T15:56:00-05:00,0.6499999999999999,10447.039999999944,4706.0,2021-12-10T15:57:00-05:00,0.4,10947.039999999944,4705.0,2021-12-10T15:56:00-05:00,0.6499999999999999,10447.039999999944,4705.0,2021-12-10T15:56:00-05:00,0.6499999999999999,10447.039999999944,4706.0,2021-12-10T15:57:00-05:00,0.4,10947.039999999944,,,,,4706.0,2021-12-10T15:57:00-05:00,0.4,10947.039999999944,4706.0,2021-12-10T15:57:00-05:00,0.4,10947.039999999944,,,,,,,,,,,,,112
2021-12-07,2021-12-10,3,7.0,2021-12-07T09:31:00-05:00,7.0499999999999545,NDXP  211210P16380000,NDXP  211210P16370000,development,False,False,0,0,0,9,0,1596,available,False,2021-12-07T09:31:00-05:00,2021-12-10T15:58:00-05:00,9.949999999999996,-6052.960000000084,2.0,last_observed_quote_not_settlement,1036.0,521,28,7.649999999999977,-1452.9600000000448,2021-12-07T09:32:00-05:00,0.0,7.300000000000011,-752.960000000113,2021-12-07T09:33:00-05:00,0.0,6.75,347.03999999990975,2021-12-07T09:36:00-05:00,0.0,7.149999999999977,-452.9600000000448,2021-12-07T09:41:00-05:00,0.0,6.649999999999977,547.0399999999552,2021-12-07T09:46:00-05:00,0.0,6.099999999999966,1647.039999999978,2021-12-07T10:01:00-05:00,0.0,5.750000000000028,2347.039999999853,2021-12-07T10:31:00-05:00,0.0,5.25,3347.03999999991,2021-12-07T11:31:00-05:00,0.0,4.850000000000023,4147.039999999864,2021-12-07T16:00:00-05:00,0.0,4.249999999999986,5347.039999999938,2021-12-08T16:00:00-05:00,0.0,8.399999999999977,-2952.9600000000464,2021-12-09T16:00:00-05:00,0.0,,,2021-12-10T15:58:00-05:00,120.0,33.0,hit,33.0,hit,1695.0,hit,,never_hit,,never_hit,,never_hit,,never_hit,1.0,hit,3219.0,hit,0.0,hit,12.0,hit,3224.0,hit,4396.0,hit,,,True,True,True,False,3.399999999999963,,,True,True,True,False,3.399999999999963,,,True,True,True,False,3.399999999999963,,,True,True,True,False,3.399999999999963,,,,,,,,,,,,,,,,,,,,,,,,,,,,,,,,,,,,,,,,,,,,,,,,,,,,,,,,,,,,,,,,,113
2021-12-08,2021-12-10,2,5.0,2021-12-08T09:31:00-05:00,5.099999999999994,NDXP  211210P16370000,NDXP  211210P16360000,development,False,False,0,0,0,8,0,1192,available,False,2021-12-08T09:31:00-05:00,2021-12-10T16:00:00-05:00,9.75,-9552.960000000012,0.0,last_observed_quote_not_settlement,1036.0,873,64,6.150000000000006,-2352.960000000022,2021-12-08T09:32:00-05:00,0.0,5.5,-1052.9600000000107,2021-12-08T09:33:00-05:00,0.0,5.0499999999999545,-152.95999999991972,2021-12-08T09:36:00-05:00,0.0,4.75,447.03999999998933,2021-12-08T09:41:00-05:00,0.0,4.749999999999972,447.0400000000462,2021-12-08T09:46:00-05:00,0.0,5.300000000000011,-652.9600000000335,2021-12-08T10:01:00-05:00,0.0,5.449999999999989,-952.959999999988,2021-12-08T10:31:00-05:00,0.0,4.799999999999983,347.04000000002344,2021-12-08T11:31:00-05:00,0.0,4.050000000000011,1847.0399999999665,2021-12-08T16:00:00-05:00,0.0,10.0,-9952.96000000001,2021-12-09T16:00:00-05:00,0.0,9.75,-9552.960000000012,2021-12-10T16:00:00-05:00,0.0,,,,,0.0,hit,10.0,hit,382.0,hit,,never_hit,,never_hit,,never_hit,,never_hit,1.0,hit,1.0,hit,1694.0,hit,1780.0,hit,1829.0,hit,1829.0,hit,,,True,True,True,False,1.59999999999998,,,True,True,True,False,1.59999999999998,,,True,True,True,False,1.59999999999998,,,True,True,True,False,1.59999999999998,,,,,,,,,,,,,,,,,,,,,,,,,,,,,,,,,,,,,,,,,,,,,,,,,,,,,,,,,,,,,,,,,114
2021-12-08,2021-12-10,2,6.0,2021-12-08T09:31:00-05:00,6.049999999999983,NDXP  211210P16430000,NDXP  211210P16420000,development,False,False,0,0,0,113,0,1087,available,False,2021-12-08T09:31:00-05:00,2021-12-10T16:00:00-05:00,10.0,-8052.960000000034,0.0,last_observed_quote_not_settlement,1036.0,779,57,6.650000000000006,-1452.9600000000448,2021-12-08T09:32:00-05:00,0.0,6.5,-1152.9600000000335,2021-12-08T09:33:00-05:00,0.0,6.049999999999983,-252.9599999999993,2021-12-08T09:36:00-05:00,0.0,6.650000000000006,-1452.9600000000448,2021-12-08T09:41:00-05:00,0.0,5.349999999999966,1147.0400000000348,2021-12-08T09:46:00-05:00,0.0,6.299999999999983,-752.9599999999994,2021-12-08T10:01:00-05:00,0.0,6.500000000000028,-1152.9600000000903,2021-12-08T10:31:00-05:00,0.0,5.849999999999994,147.03999999997797,2021-12-08T11:31:00-05:00,0.0,5.1499999999999915,1547.0399999999836,2021-12-08T16:00:00-05:00,0.0,9.25,-6652.9600000000355,2021-12-09T16:00:00-05:00,0.0,10.0,-8052.960000000034,2021-12-10T16:00:00-05:00,0.0,,,,,15.0,hit,380.0,hit,,never_hit,,never_hit,,never_hit,,never_hit,,never_hit,1.0,hit,8.0,hit,8.0,hit,1499.0,hit,1697.0,hit,1785.0,hit,,,True,True,True,False,1.799999999999983,,,True,True,True,False,1.799999999999983,,,True,True,True,False,1.799999999999983,,,True,True,True,False,1.799999999999983,,,,,,,,,,,,,,,,,,,,,,,,,,,,,,,,,,,,,,,,,,,,,,,,,,,,,,,,,,,,,,,,,115
2021-12-08,2021-12-10,2,7.0,2021-12-08T09:31:00-05:00,7.099999999999994,NDXP  211210P16490000,NDXP  211210P16480000,development,False,False,0,0,0,114,0,1086,available,False,2021-12-08T09:31:00-05:00,2021-12-10T16:00:00-05:00,10.0,-5952.960000000011,0.0,last_observed_quote_not_settlement,1037.0,785,72,7.699999999999989,-1452.959999999988,2021-12-08T09:32:00-05:00,0.0,7.399999999999977,-852.9599999999652,2021-12-08T09:33:00-05:00,0.0,7.099999999999966,-252.95999999994245,2021-12-08T09:36:00-05:00,0.0,7.149999999999977,-352.9599999999652,2021-12-08T09:41:00-05:00,0.0,6.850000000000023,247.03999999994383,2021-12-08T09:46:00-05:00,0.0,6.650000000000006,647.0399999999779,2021-12-08T10:01:00-05:00,0.0,7.349999999999994,-752.9599999999994,2021-12-08T10:31:00-05:00,0.0,6.950000000000017,47.039999999955235,2021-12-08T11:31:00-05:00,0.0,6.399999999999977,1147.0400000000348,2021-12-08T16:00:00-05:00,0.0,8.5,-3052.9600000000123,2021-12-09T16:00:00-05:00,0.0,10.0,-5952.960000000011,2021-12-10T16:00:00-05:00,0.0,,,,,,never_hit,,never_hit,,never_hit,,never_hit,,never_hit,,never_hit,,never_hit,1.0,hit,91.0,hit,0.0,hit,77.0,hit,1502.0,hit,1698.0,hit,,,True,True,True,False,1.299999999999983,,,True,True,True,False,1.299999999999983,,,True,True,True,False,1.299999999999983,,,True,True,True,False,1.299999999999983,,,,,,,,,,,,,,,,,,,,,,,,,,,,,,,,,,,,,,,,,,,,,,,,,,,,,,,,,,,,,,,,,116
2021-12-10,2021-12-13,3,5.0,2021-12-10T09:31:00-05:00,4.8500000000000085,NDXP  211213P16320000,NDXP  211213P16310000,development,False,False,0,0,0,14,0,781,available,False,2021-12-10T09:31:00-05:00,2021-12-13T16:00:00-05:00,9.699999999999989,-9952.959999999961,0.0,last_observed_quote_not_settlement,3916.0,671,36,4.900000000000006,-352.9599999999936,2021-12-10T09:32:00-05:00,0.0,4.599999999999994,247.0400000000291,2021-12-10T09:33:00-05:00,0.0,4.400000000000006,647.0400000000063,2021-12-10T09:36:00-05:00,0.0,4.200000000000003,1047.040000000012,2021-12-10T09:41:00-05:00,0.0,5.75,-2052.9599999999823,2021-12-10T09:46:00-05:00,0.0,5.299999999999983,-1152.9599999999482,2021-12-10T10:01:00-05:00,0.0,4.5,447.04000000001776,2021-12-10T10:31:00-05:00,0.0,6.300000000000011,-3152.960000000005,2021-12-10T11:31:00-05:00,0.0,3.8999999999999986,1647.0400000000207,2021-12-10T16:00:00-05:00,0.0,,,2021-12-10T16:15:00-05:00,85500.0,,,2021-12-10T16:15:00-05:00,171900.0,9.699999999999989,-9952.959999999961,2021-12-13T16:00:00-05:00,0.0,0.0,hit,0.0,hit,47.0,hit,,never_hit,,never_hit,,never_hit,,never_hit,14.0,hit,17.0,hit,78.0,hit,79.0,hit,4380.0,hit,4388.0,hit,,,True,True,True,False,1.6000000000000085,,,True,True,True,False,1.6000000000000085,,,True,True,True,False,1.6000000000000085,,,True,True,True,False,1.6000000000000085,,,,,,,,,,,,,,,,,,,,,,,,,,,,,,,,,,,,,,,,,,,,,,,,,,,,,,,,,,,,,,,,,117
2021-12-10,2021-12-13,3,6.0,2021-12-10T09:31:00-05:00,6.0,NDXP  211213P16370000,NDXP  211213P16360000,development,False,False,0,0,0,40,0,755,available,False,2021-12-10T09:31:00-05:00,2021-12-13T16:00:00-05:00,10.0,-8152.96,0.0,last_observed_quote_not_settlement,3916.0,663,18,5.700000000000017,347.0399999999666,2021-12-10T09:32:00-05:00,0.0,5.650000000000006,447.03999999998933,2021-12-10T09:33:00-05:00,0.0,5.849999999999994,47.04000000001208,2021-12-10T09:36:00-05:00,0.0,5.499999999999986,747.0400000000291,2021-12-10T09:41:00-05:00,0.0,7.5,-3252.959999999999,2021-12-10T09:46:00-05:00,0.0,6.450000000000017,-1152.9600000000335,2021-12-10T10:01:00-05:00,0.0,5.699999999999989,347.04000000002344,2021-12-10T10:31:00-05:00,0.0,7.600000000000023,-3452.9600000000446,2021-12-10T11:31:00-05:00,0.0,5.25,1247.0400000000006,2021-12-10T16:00:00-05:00,0.0,,,2021-12-10T16:15:00-05:00,85500.0,,,2021-12-10T16:15:00-05:00,171900.0,10.0,-8152.96,2021-12-13T16:00:00-05:00,0.0,3.0,hit,49.0,hit,386.0,hit,,never_hit,,never_hit,,never_hit,,never_hit,13.0,hit,15.0,hit,15.0,hit,79.0,hit,111.0,hit,4375.0,hit,,,True,True,True,False,2.450000000000003,,,True,True,True,False,2.450000000000003,,,True,True,True,False,2.450000000000003,,,True,True,True,False,2.450000000000003,,,,,,,,,,,,,,,,,,,,,,,,,,,,,,,,,,,,,,,,,,,,,,,,,,,,,,,,,,,,,,,,,118
2021-12-10,2021-12-13,3,7.0,2021-12-10T09:31:00-05:00,7.050000000000011,NDXP  211213P16390000,NDXP  211213P16380000,development,False,False,0,0,0,74,0,721,available,False,2021-12-10T09:31:00-05:00,2021-12-13T15:59:00-05:00,10.0,-6052.959999999977,1.0,last_observed_quote_not_settlement,3916.0,502,70,6.199999999999989,1447.0400000000461,2021-12-10T09:32:00-05:00,0.0,6.150000000000034,1547.0399999999552,2021-12-10T09:33:00-05:00,0.0,6.199999999999989,1447.0400000000461,2021-12-10T09:36:00-05:00,0.0,5.899999999999977,2047.040000000069,2021-12-10T09:41:00-05:00,0.0,7.25,-652.9599999999766,2021-12-10T09:46:00-05:00,0.0,6.849999999999994,147.0400000000348,2021-12-10T10:01:00-05:00,0.0,6.200000000000017,1447.0399999999893,2021-12-10T10:31:00-05:00,0.0,7.700000000000017,-1552.9600000000107,2021-12-10T11:31:00-05:00,0.0,5.75,2347.0400000000236,2021-12-10T16:00:00-05:00,0.0,,,2021-12-10T16:15:00-05:00,85500.0,,,2021-12-10T16:15:00-05:00,171900.0,,,2021-12-13T15:59:00-05:00,60.0,52.0,hit,,never_hit,,never_hit,,never_hit,,never_hit,,never_hit,,never_hit,19.0,hit,78.0,hit,0.0,hit,78.0,hit,82.0,hit,83.0,hit,,,True,True,True,False,1.6000000000000227,,,True,True,True,False,1.6000000000000227,,,True,True,True,False,1.6000000000000227,,,True,True,True,False,1.6000000000000227,,,,,,,,,,,,,,,,,,,,,,,,,,,,,,,,,,,,,,,,,,,,,,,,,,,,,,,,,,,,,,,,,119
2021-12-13,2021-12-15,2,5.0,2021-12-13T09:31:00-05:00,5.0,NDXP  211215P16380000,NDXP  211215P16370000,development,False,False,0,0,0,209,0,989,available,False,2021-12-13T09:31:00-05:00,2021-12-15T16:00:00-05:00,10.0,-10152.96,0.0,last_observed_quote_not_settlement,1037.0,811,6,5.399999999999977,-1052.9599999999539,2021-12-13T09:32:00-05:00,0.0,5.25,-752.9599999999994,2021-12-13T09:33:00-05:00,0.0,5.049999999999983,-352.9599999999652,2021-12-13T09:36:00-05:00,0.0,5.050000000000011,-352.96000000002203,2021-12-13T09:41:00-05:00,0.0,5.300000000000011,-852.9600000000221,2021-12-13T09:46:00-05:00,0.0,5.799999999999983,-1852.9599999999652,2021-12-13T10:01:00-05:00,0.0,6.800000000000011,-3852.960000000022,2021-12-13T10:31:00-05:00,0.0,7.400000000000034,-5052.960000000067,2021-12-13T11:31:00-05:00,0.0,8.349999999999966,-6952.959999999933,2021-12-13T16:00:00-05:00,0.0,,,2021-12-14T15:59:00-05:00,60.0,10.0,-10152.96,2021-12-15T16:00:00-05:00,0.0,,,,,0.0,hit,0.0,hit,1837.0,hit,1837.0,hit,1837.0,hit,2892.0,hit,2892.0,hit,8.0,hit,26.0,hit,26.0,hit,129.0,hit,1441.0,hit,1441.0,hit,10.0,621,True,True,True,True,,10.0,621,True,True,True,True,,10.0,634,True,True,True,True,,10.0,634,True,True,True,True,,1837.0,2021-12-14T16:08:00-05:00,1.0500000000000682,7647.039999999864,,,,,,,,,,,,,1837.0,2021-12-14T16:08:00-05:00,1.0500000000000682,7647.039999999864,,,,,,,,,,,,,2892.0,2021-12-15T09:43:00-05:00,0.3499999999999659,9047.04000000007,,,,,,,,,2893.0,2021-12-15T09:44:00-05:00,4.800000000000068,147.03999999986428,2892.0,2021-12-15T09:43:00-05:00,0.3499999999999659,9047.04000000007,,,,,,,,,2893.0,2021-12-15T09:44:00-05:00,4.800000000000068,147.03999999986428,120
2021-12-13,2021-12-15,2,6.0,2021-12-13T09:31:00-05:00,6.0,NDXP  211215P16440000,NDXP  211215P16430000,development,False,False,0,0,0,151,0,1047,available,False,2021-12-13T09:31:00-05:00,2021-12-15T16:00:00-05:00,10.0,-8152.96,0.0,last_observed_quote_not_settlement,1037.0,916,10,6.300000000000011,-852.9600000000221,2021-12-13T09:32:00-05:00,0.0,6.5,-1252.9599999999994,2021-12-13T09:33:00-05:00,0.0,6.200000000000017,-652.9600000000335,2021-12-13T09:36:00-05:00,0.0,6.050000000000011,-352.96000000002203,2021-12-13T09:41:00-05:00,0.0,5.899999999999977,-52.959999999953816,2021-12-13T09:46:00-05:00,0.0,6.75,-1752.9599999999994,2021-12-13T10:01:00-05:00,0.0,7.649999999999977,-3552.9599999999537,2021-12-13T10:31:00-05:00,0.0,8.5,-5252.960000000001,2021-12-13T11:31:00-05:00,0.0,8.5,-5252.960000000001,2021-12-13T16:00:00-05:00,0.0,,,2021-12-14T15:59:00-05:00,60.0,10.0,-8152.96,2021-12-15T16:00:00-05:00,0.0,,,,,1449.0,hit,1449.0,hit,1449.0,hit,,never_hit,,never_hit,,never_hit,,never_hit,2.0,hit,25.0,hit,25.0,hit,61.0,hit,180.0,hit,1440.0,hit,,,True,True,True,False,2.1999999999999886,,,True,True,True,False,2.1999999999999886,,,True,True,True,False,2.1999999999999886,,,True,True,True,False,2.1999999999999886,,,,,,,,,,,,,,,,,,,,,,,,,,,,,,,,,,,,,,,,,,,,,,,,,,,,,,,,,,,,,,,,,121
2021-12-13,2021-12-15,2,7.0,2021-12-13T09:31:00-05:00,7.0,NDXP  211215P16500000,NDXP  211215P16490000,development,False,False,0,0,0,285,0,913,available,False,2021-12-13T09:31:00-05:00,2021-12-15T15:59:00-05:00,9.700000000000017,-5652.9600000000355,1.0,last_observed_quote_not_settlement,1037.0,723,12,7.350000000000023,-952.9600000000448,2021-12-13T09:32:00-05:00,0.0,7.450000000000017,-1152.9600000000335,2021-12-13T09:33:00-05:00,0.0,7.099999999999994,-452.95999999998793,2021-12-13T09:36:00-05:00,0.0,7.050000000000011,-352.96000000002203,2021-12-13T09:41:00-05:00,0.0,7.0,-252.9599999999993,2021-12-13T09:46:00-05:00,0.0,7.599999999999966,-1452.9599999999311,2021-12-13T10:01:00-05:00,0.0,8.650000000000034,-3552.960000000069,2021-12-13T10:31:00-05:00,0.0,8.649999999999977,-3552.9599999999555,2021-12-13T11:31:00-05:00,0.0,8.600000000000023,-3452.9600000000464,2021-12-13T16:00:00-05:00,0.0,9.75,-5752.960000000001,2021-12-14T16:00:00-05:00,0.0,,,2021-12-15T15:59:00-05:00,60.0,,,,,,never_hit,,never_hit,,never_hit,,never_hit,,never_hit,,never_hit,,never_hit,4.0,hit,26.0,hit,0.0,hit,26.0,hit,26.0,hit,67.0,hit,,,True,True,True,False,1.2000000000000455,,,True,True,True,False,1.2000000000000455,,,True,True,True,False,1.2000000000000455,,,True,True,True,False,1.2000000000000455,,,,,,,,,,,,,,,,,,,,,,,,,,,,,,,,,,,,,,,,,,,,,,,,,,,,,,,,,,,,,,,,,122
2021-12-17,2021-12-20,3,5.0,2021-12-17T09:31:00-05:00,4.949999999999989,NDXP  211220P15740000,NDXP  211220P15730000,development,False,False,0,0,0,5,0,790,available,False,2021-12-17T09:31:00-05:00,2021-12-20T16:00:00-05:00,10.0,-10252.960000000021,0.0,last_observed_quote_not_settlement,3916.0,394,12,4.099999999999966,1447.0400000000461,2021-12-17T09:32:00-05:00,0.0,4.400000000000034,847.0399999999097,2021-12-17T09:33:00-05:00,0.0,4.449999999999989,747.0400000000006,2021-12-17T09:36:00-05:00,0.0,4.700000000000017,247.03999999994383,2021-12-17T09:41:00-05:00,0.0,4.75,147.03999999997797,2021-12-17T09:46:00-05:00,0.0,4.0,1647.039999999978,2021-12-17T10:01:00-05:00,0.0,4.100000000000023,1447.0399999999324,2021-12-17T10:31:00-05:00,0.0,2.1499999999999986,5347.039999999981,2021-12-17T11:31:00-05:00,0.0,3.8000000000000114,2047.0399999999554,2021-12-17T16:00:00-05:00,0.0,,,2021-12-17T16:15:00-05:00,85500.0,,,2021-12-17T16:15:00-05:00,171900.0,10.0,-10252.960000000021,2021-12-20T16:00:00-05:00,0.0,0.0,hit,0.0,hit,3.0,hit,72.0,hit,102.0,hit,,never_hit,,never_hit,11.0,hit,59.0,hit,4320.0,hit,4339.0,hit,4416.0,hit,4426.0,hit,6.099999999999994,15,False,False,False,False,,6.099999999999994,15,False,False,False,False,,,,True,True,True,False,3.299999999999997,,,True,True,True,False,3.299999999999997,73.0,2021-12-17T10:44:00-05:00,2.8499999999999943,3947.0399999999895,76.0,2021-12-17T10:47:00-05:00,2.6500000000000057,4347.039999999966,77.0,2021-12-17T10:48:00-05:00,2.75,4147.039999999978,74.0,2021-12-17T10:45:00-05:00,3.3999999999999915,2847.039999999995,102.0,2021-12-17T11:13:00-05:00,1.6499999999999915,6347.039999999995,103.0,2021-12-17T11:14:00-05:00,1.9499999999999957,5747.039999999986,,,,,103.0,2021-12-17T11:14:00-05:00,1.9499999999999957,5747.039999999986,,,,,,,,,,,,,,,,,,,,,,,,,,,,,,,,,123
2021-12-17,2021-12-20,3,6.0,2021-12-17T09:31:00-05:00,6.099999999999994,NDXP  211220P15830000,NDXP  211220P15820000,development,False,False,0,0,0,122,0,673,available,False,2021-12-17T09:31:00-05:00,2021-12-20T16:00:00-05:00,10.0,-7952.960000000011,0.0,last_observed_quote_not_settlement,3916.0,228,8,5.449999999999989,1047.040000000012,2021-12-17T09:32:00-05:00,0.0,5.600000000000023,747.0399999999438,2021-12-17T09:33:00-05:00,0.0,5.700000000000017,547.0399999999552,2021-12-17T09:36:00-05:00,0.0,5.950000000000017,47.039999999955235,2021-12-17T09:41:00-05:00,0.0,5.949999999999989,47.04000000001208,2021-12-17T09:46:00-05:00,0.0,5.149999999999977,1647.0400000000348,2021-12-17T10:01:00-05:00,0.0,5.750000000000028,447.0399999999325,2021-12-17T10:31:00-05:00,0.0,3.250000000000014,5447.039999999961,2021-12-17T11:31:00-05:00,0.0,5.300000000000011,1347.0399999999665,2021-12-17T16:00:00-05:00,0.0,,,2021-12-17T16:15:00-05:00,85500.0,,,2021-12-17T16:15:00-05:00,171900.0,10.0,-7952.960000000011,2021-12-20T16:00:00-05:00,0.0,1.0,hit,3.0,hit,22.0,hit,103.0,hit,,never_hit,,never_hit,,never_hit,51.0,hit,4320.0,hit,4320.0,hit,4320.0,hit,4326.0,hit,4347.0,hit,6.699999999999989,11,False,False,False,False,,,,True,True,True,False,3.549999999999983,,,True,True,True,False,3.549999999999983,,,True,True,True,False,3.549999999999983,103.0,2021-12-17T11:14:00-05:00,2.5500000000000114,6847.039999999966,104.0,2021-12-17T11:15:00-05:00,2.799999999999997,6347.039999999995,,,,,104.0,2021-12-17T11:15:00-05:00,2.799999999999997,6347.039999999995,,,,,,,,,,,,,,,,,,,,,,,,,,,,,,,,,,,,,,,,,,,,,,,,,124
2021-12-17,2021-12-20,3,7.0,2021-12-17T09:31:00-05:00,7.0,NDXP  211220P15910000,NDXP  211220P15900000,development,False,False,0,0,0,119,0,676,available,False,2021-12-17T09:31:00-05:00,2021-12-20T16:00:00-05:00,9.950000000000045,-6152.96,0.0,last_observed_quote_not_settlement,3916.0,214,10,6.599999999999994,547.040000000012,2021-12-17T09:32:00-05:00,0.0,6.800000000000011,147.03999999997797,2021-12-17T09:33:00-05:00,0.0,6.650000000000006,447.03999999998933,2021-12-17T09:36:00-05:00,0.0,7.0,-252.9599999999993,2021-12-17T09:41:00-05:00,0.0,6.9500000000000455,-152.96000000009025,2021-12-17T09:46:00-05:00,0.0,6.149999999999977,1447.0400000000461,2021-12-17T10:01:00-05:00,0.0,6.600000000000023,547.0399999999552,2021-12-17T10:31:00-05:00,0.0,4.449999999999989,4847.040000000024,2021-12-17T11:31:00-05:00,0.0,6.5,747.0400000000006,2021-12-17T16:00:00-05:00,0.0,,,2021-12-17T16:15:00-05:00,85500.0,,,2021-12-17T16:15:00-05:00,171900.0,9.950000000000045,-6152.96,2021-12-20T16:00:00-05:00,0.0,20.0,hit,76.0,hit,83.0,hit,,never_hit,,never_hit,,never_hit,,never_hit,4320.0,hit,4320.0,hit,0.0,hit,4320.0,hit,4320.0,hit,4334.0,hit,,,True,True,True,False,3.549999999999983,,,True,True,True,False,3.549999999999983,,,True,True,True,False,3.549999999999983,,,True,True,True,False,3.549999999999983,,,,,,,,,,,,,,,,,,,,,,,,,,,,,,,,,,,,,,,,,,,,,,,,,,,,,,,,,,,,,,,,,125
2021-12-20,2021-12-22,2,5.0,2021-12-20T09:31:00-05:00,5.0,NDXP  211222P15650000,NDXP  211222P15640000,development,False,False,0,0,2,2,15,1196,available,False,2021-12-20T09:31:00-05:00,2021-12-22T16:00:00-05:00,0.0,9747.04,0.0,last_observed_quote_not_settlement,1038.0,288,43,5.25,-752.9599999999994,2021-12-20T09:32:00-05:00,0.0,5.0,-252.9599999999993,2021-12-20T09:33:00-05:00,0.0,4.800000000000011,147.03999999997797,2021-12-20T09:36:00-05:00,0.0,5.249999999999972,-752.9599999999425,2021-12-20T09:41:00-05:00,0.0,4.849999999999994,47.04000000001208,2021-12-20T09:46:00-05:00,0.0,4.549999999999983,647.0400000000348,2021-12-20T10:01:00-05:00,0.0,5.25,-752.9599999999994,2021-12-20T10:31:00-05:00,0.0,5.649999999999977,-1552.9599999999539,2021-12-20T11:31:00-05:00,0.0,4.900000000000006,-52.96000000001066,2021-12-20T16:00:00-05:00,0.0,0.0,9747.04,2021-12-21T16:00:00-05:00,0.0,0.0,9747.04,2021-12-22T16:00:00-05:00,0.0,,,,,0.0,hit,0.0,hit,379.0,hit,1442.0,hit,1602.0,hit,1683.0,hit,1753.0,hit,88.0,hit,97.0,hit,,never_hit,,never_hit,,never_hit,,never_hit,6.449999999999989,286,False,False,False,False,,6.449999999999989,288,False,False,False,False,,6.449999999999989,288,False,False,False,False,,6.449999999999989,288,False,False,False,False,,1442.0,2021-12-21T09:33:00-05:00,2.8500000000000014,4047.039999999998,1569.0,2021-12-21T11:40:00-05:00,2.700000000000003,4347.039999999995,1570.0,2021-12-21T11:41:00-05:00,2.6500000000000057,4447.039999999989,1443.0,2021-12-21T09:34:00-05:00,3.5,2747.040000000001,1603.0,2021-12-21T12:14:00-05:00,1.9000000000000021,5947.039999999996,1606.0,2021-12-21T12:17:00-05:00,1.9000000000000021,5947.039999999996,1607.0,2021-12-21T12:18:00-05:00,1.8999999999999986,5947.040000000004,1604.0,2021-12-21T12:15:00-05:00,2.049999999999997,5647.040000000006,1684.0,2021-12-21T13:35:00-05:00,0.8999999999999986,7947.040000000004,1685.0,2021-12-21T13:36:00-05:00,0.9499999999999993,7847.040000000002,1686.0,2021-12-21T13:37:00-05:00,0.9499999999999993,7847.040000000002,1685.0,2021-12-21T13:36:00-05:00,0.9499999999999993,7847.040000000002,1753.0,2021-12-21T14:44:00-05:00,0.40000000000000036,8947.04,1841.0,2021-12-21T16:12:00-05:00,0.4499999999999993,8847.040000000003,2884.0,2021-12-22T09:35:00-05:00,0.2749999999999999,9197.04,1754.0,2021-12-21T14:45:00-05:00,0.5499999999999989,8647.040000000005,126
2021-12-20,2021-12-22,2,6.0,2021-12-20T09:31:00-05:00,6.000000000000028,NDXP  211222P15750000,NDXP  211222P15740000,development,False,False,0,0,2,119,15,1079,available,False,2021-12-20T09:31:00-05:00,2021-12-22T16:00:00-05:00,0.0,11747.040000000059,0.0,last_observed_quote_not_settlement,1038.0,342,55,6.25,-752.9599999999425,2021-12-20T09:32:00-05:00,0.0,4.249999999999972,3247.0400000001146,2021-12-20T09:33:00-05:00,0.0,5.850000000000023,47.04000000001208,2021-12-20T09:36:00-05:00,0.0,6.300000000000011,-852.9599999999652,2021-12-20T09:41:00-05:00,0.0,5.849999999999994,47.04000000006892,2021-12-20T09:46:00-05:00,0.0,5.5,747.0400000000575,2021-12-20T10:01:00-05:00,0.0,6.25,-752.9599999999425,2021-12-20T10:31:00-05:00,0.0,6.75,-1752.9599999999425,2021-12-20T11:31:00-05:00,0.0,6.099999999999994,-452.9599999999311,2021-12-20T16:00:00-05:00,0.0,1.3499999999999979,9047.040000000063,2021-12-21T16:00:00-05:00,0.0,0.0,11747.040000000059,2021-12-22T16:00:00-05:00,0.0,,,,,2.0,hit,2.0,hit,1571.0,hit,1619.0,hit,1674.0,hit,1769.0,hit,2888.0,hit,82.0,hit,103.0,hit,103.0,hit,,never_hit,,never_hit,,never_hit,7.649999999999977,342,True,False,False,False,,7.649999999999977,342,True,False,False,False,,7.649999999999977,342,True,False,False,False,,7.649999999999977,342,True,False,False,False,,1621.0,2021-12-21T12:32:00-05:00,2.8000000000000043,6147.040000000049,1622.0,2021-12-21T12:33:00-05:00,2.9499999999999957,5847.040000000066,1623.0,2021-12-21T12:34:00-05:00,2.750000000000007,6247.040000000044,1622.0,2021-12-21T12:33:00-05:00,2.9499999999999957,5847.040000000066,1674.0,2021-12-21T13:25:00-05:00,1.8999999999999986,7947.04000000006,1685.0,2021-12-21T13:36:00-05:00,1.8000000000000007,8147.040000000056,1686.0,2021-12-21T13:37:00-05:00,1.8999999999999986,7947.04000000006,1675.0,2021-12-21T13:26:00-05:00,2.299999999999997,7147.040000000064,1769.0,2021-12-21T15:00:00-05:00,0.9499999999999993,9847.040000000059,1843.0,2021-12-21T16:14:00-05:00,0.8999999999999986,9947.04000000006,1844.0,2021-12-21T16:15:00-05:00,0.9499999999999993,9847.040000000059,1770.0,2021-12-21T15:01:00-05:00,1.1499999999999986,9447.04000000006,2893.0,2021-12-22T09:44:00-05:00,0.25,11247.040000000059,2894.0,2021-12-22T09:45:00-05:00,0.3250000000000002,11097.040000000057,2895.0,2021-12-22T09:46:00-05:00,0.2250000000000001,11297.040000000057,2894.0,2021-12-22T09:45:00-05:00,0.3250000000000002,11097.040000000057,127
2021-12-20,2021-12-22,2,7.0,2021-12-20T09:31:00-05:00,7.0,NDXP  211222P16940000,NDXP  211222P16930000,development,False,False,0,0,0,202,15,997,available,False,2021-12-20T09:31:00-05:00,2021-12-22T16:00:00-05:00,10.0,-6152.96,0.0,last_observed_quote_not_settlement,1037.0,844,8,9.950000000000045,-6152.96,2021-12-20T09:32:00-05:00,0.0,9.849999999999909,-5952.959999999819,2021-12-20T09:33:00-05:00,0.0,,,2021-12-20T09:35:00-05:00,60.0,,,2021-12-20T09:40:00-05:00,60.0,10.0,-6152.96,2021-12-20T09:46:00-05:00,0.0,9.450000000000045,-5152.960000000092,2021-12-20T10:01:00-05:00,0.0,9.850000000000136,-5952.960000000274,2021-12-20T10:31:00-05:00,0.0,,,2021-12-20T11:30:00-05:00,60.0,10.0,-6152.96,2021-12-20T16:00:00-05:00,0.0,9.350000000000023,-4952.960000000046,2021-12-21T16:00:00-05:00,0.0,10.0,-6152.96,2021-12-22T16:00:00-05:00,0.0,,,,,77.0,hit,77.0,hit,,never_hit,,never_hit,,never_hit,,never_hit,,never_hit,1.0,hit,1.0,hit,0.0,hit,1.0,hit,1.0,hit,1.0,hit,,,True,True,True,False,2.700000000000273,,,True,True,True,False,2.700000000000273,,,True,True,True,False,2.700000000000273,,,True,True,True,False,2.700000000000273,,,,,,,,,,,,,,,,,,,,,,,,,,,,,,,,,,,,,,,,,,,,,,,,,,,,,,,,,,,,,,,,,128
2021-12-20,2021-12-23,3,5.0,2021-12-20T09:31:00-05:00,4.999999999999972,NDXP  211223P15660000,NDXP  211223P15650000,development,False,False,0,0,0,0,0,1605,available,False,2021-12-20T09:31:00-05:00,2021-12-23T16:00:00-05:00,0.0,9747.039999999944,0.0,last_observed_quote_not_settlement,1036.0,261,59,5.149999999999977,-552.9600000000107,2021-12-20T09:32:00-05:00,0.0,2.6500000000000057,4447.039999999933,2021-12-20T09:33:00-05:00,0.0,5.150000000000034,-552.9600000001244,2021-12-20T09:36:00-05:00,0.0,5.250000000000028,-752.960000000113,2021-12-20T09:41:00-05:00,0.0,4.75,247.03999999994383,2021-12-20T09:46:00-05:00,0.0,4.300000000000011,1147.039999999921,2021-12-20T10:01:00-05:00,0.0,5.099999999999994,-452.9600000000448,2021-12-20T10:31:00-05:00,0.0,5.44999999999996,-1152.9599999999766,2021-12-20T11:31:00-05:00,0.0,4.75,247.03999999994383,2021-12-20T16:00:00-05:00,0.0,0.1999999999999993,9347.039999999946,2021-12-21T16:00:00-05:00,0.0,0.10000000000000009,9547.039999999944,2021-12-22T16:00:00-05:00,0.0,0.0,9747.039999999944,2021-12-23T16:00:00-05:00,0.0,0.0,hit,0.0,hit,2.0,hit,2.0,hit,1634.0,hit,1819.0,hit,1819.0,hit,84.0,hit,1469.0,hit,,never_hit,,never_hit,,never_hit,,never_hit,5.149999999999977,1,False,False,False,False,,6.050000000000011,261,False,False,False,False,,6.050000000000011,261,False,False,False,False,,6.050000000000011,261,False,False,False,False,,2.0,2021-12-20T09:33:00-05:00,2.6500000000000057,4447.039999999933,1572.0,2021-12-21T11:43:00-05:00,2.75,4247.039999999944,1573.0,2021-12-21T11:44:00-05:00,2.8500000000000085,4047.039999999927,3.0,2021-12-20T09:34:00-05:00,5.100000000000023,-452.9600000001016,1634.0,2021-12-21T12:45:00-05:00,1.3499999999999943,7047.039999999955,1671.0,2021-12-21T13:22:00-05:00,1.750000000000007,6247.03999999993,1672.0,2021-12-21T13:23:00-05:00,1.8000000000000043,6147.039999999935,1635.0,2021-12-21T12:46:00-05:00,2.1999999999999886,5347.039999999966,1819.0,2021-12-21T15:50:00-05:00,0.10000000000000142,9547.039999999943,2886.0,2021-12-22T09:37:00-05:00,0.8999999999999986,7947.039999999946,2887.0,2021-12-22T09:38:00-05:00,0.9000000000000021,7947.03999999994,1820.0,2021-12-21T15:51:00-05:00,1.399999999999995,6947.039999999954,1819.0,2021-12-21T15:50:00-05:00,0.10000000000000142,9547.039999999943,2902.0,2021-12-22T09:53:00-05:00,0.10000000000000053,9547.039999999944,2903.0,2021-12-22T09:54:00-05:00,0.4499999999999993,8847.039999999946,1820.0,2021-12-21T15:51:00-05:00,1.399999999999995,6947.039999999954,129
2021-12-20,2021-12-23,3,6.0,2021-12-20T09:31:00-05:00,5.9500000000000455,NDXP  211223P15780000,NDXP  211223P15770000,development,False,False,0,0,0,58,0,1547,available,False,2021-12-20T09:31:00-05:00,2021-12-23T16:00:00-05:00,0.0,11647.040000000092,0.0,last_observed_quote_not_settlement,1036.0,358,35,6.25,-852.9599999999084,2021-12-20T09:32:00-05:00,0.0,6.0,-352.95999999990835,2021-12-20T09:33:00-05:00,0.0,5.850000000000023,-52.959999999953816,2021-12-20T09:36:00-05:00,0.0,6.2999999999999545,-952.9599999998175,2021-12-20T09:41:00-05:00,0.0,5.849999999999966,-52.95999999984013,2021-12-20T09:46:00-05:00,0.0,5.449999999999989,747.0400000001143,2021-12-20T10:01:00-05:00,0.0,6.349999999999966,-1052.9599999998402,2021-12-20T10:31:00-05:00,0.0,6.649999999999977,-1652.959999999863,2021-12-20T11:31:00-05:00,0.0,6.099999999999966,-552.9599999998402,2021-12-20T16:00:00-05:00,0.0,2.0,7647.040000000092,2021-12-21T16:00:00-05:00,0.0,0.17500000000000027,11297.040000000092,2021-12-22T16:00:00-05:00,0.0,0.0,11647.040000000092,2021-12-23T16:00:00-05:00,0.0,14.0,hit,1440.0,hit,1443.0,hit,1645.0,hit,1766.0,hit,2904.0,hit,2962.0,hit,12.0,hit,200.0,hit,200.0,hit,,never_hit,,never_hit,,never_hit,7.75,358,True,False,False,False,,7.75,358,True,False,False,False,,7.75,358,True,False,False,False,,7.75,358,True,False,False,False,,1673.0,2021-12-21T13:24:00-05:00,2.75,6147.040000000092,1678.0,2021-12-21T13:29:00-05:00,2.8999999999999915,5847.040000000109,1679.0,2021-12-21T13:30:00-05:00,2.6499999999999915,6347.040000000109,1674.0,2021-12-21T13:25:00-05:00,3.0999999999999943,5447.040000000103,1835.0,2021-12-21T16:06:00-05:00,1.8999999999999986,7847.040000000095,2881.0,2021-12-22T09:32:00-05:00,1.749999999999993,8147.0400000001055,2885.0,2021-12-22T09:36:00-05:00,1.6500000000000021,8347.040000000088,1836.0,2021-12-21T16:07:00-05:00,2.0500000000000043,7547.040000000083,2904.0,2021-12-22T09:55:00-05:00,0.8000000000000007,10047.040000000092,2930.0,2021-12-22T10:21:00-05:00,0.9499999999999993,9747.040000000094,2935.0,2021-12-22T10:26:00-05:00,0.8999999999999986,9847.040000000095,2905.0,2021-12-22T09:56:00-05:00,1.0500000000000007,9547.040000000092,2963.0,2021-12-22T10:54:00-05:00,0.4499999999999993,10747.040000000094,2988.0,2021-12-22T11:19:00-05:00,0.40000000000000036,10847.040000000092,2989.0,2021-12-22T11:20:00-05:00,0.40000000000000036,10847.040000000092,2964.0,2021-12-22T10:55:00-05:00,0.5,10647.040000000092,130
2021-12-20,2021-12-23,3,7.0,2021-12-20T09:31:00-05:00,7.0,NDXP  211223P16940000,NDXP  211223P16930000,development,False,False,0,0,0,489,0,1115,available,False,2021-12-20T09:31:00-05:00,2021-12-23T15:58:00-05:00,9.949999999999932,-6152.9599999998645,2.0,last_observed_quote_not_settlement,1040.0,785,9,10.0,-6152.96,2021-12-20T09:32:00-05:00,0.0,9.850000000000136,-5952.960000000274,2021-12-20T09:33:00-05:00,0.0,,,2021-12-20T09:35:00-05:00,60.0,,,2021-12-20T09:40:00-05:00,60.0,10.0,-6152.96,2021-12-20T09:46:00-05:00,0.0,,,2021-12-20T10:00:00-05:00,60.0,9.549999999999955,-5352.95999999991,2021-12-20T10:31:00-05:00,0.0,,,2021-12-20T11:30:00-05:00,60.0,7.2999999999999545,-852.9599999999084,2021-12-20T16:00:00-05:00,0.0,9.250000000000114,-4752.960000000228,2021-12-21T16:00:00-05:00,0.0,,,2021-12-22T15:58:00-05:00,120.0,,,2021-12-23T15:58:00-05:00,120.0,,never_hit,,never_hit,,never_hit,,never_hit,,never_hit,,never_hit,,never_hit,1.0,hit,1.0,hit,0.0,hit,1.0,hit,1.0,hit,1.0,hit,,,True,True,True,False,1.25,,,True,True,True,False,1.25,,,True,True,True,False,1.25,,,True,True,True,False,1.25,,,,,,,,,,,,,,,,,,,,,,,,,,,,,,,,,,,,,,,,,,,,,,,,,,,,,,,,,,,,,,,,,131
2021-12-21,2021-12-23,2,5.0,2021-12-21T09:31:00-05:00,5.0,NDXP  211223P15820000,NDXP  211223P15810000,development,False,False,0,0,0,57,0,1143,available,False,2021-12-21T09:31:00-05:00,2021-12-23T16:00:00-05:00,0.0,9747.04,0.0,last_observed_quote_not_settlement,1036.0,128,21,5.000000000000028,-252.96000000005614,2021-12-21T09:32:00-05:00,0.0,4.900000000000006,-52.96000000001066,2021-12-21T09:33:00-05:00,0.0,5.25,-752.9599999999994,2021-12-21T09:36:00-05:00,0.0,5.75,-1752.9599999999994,2021-12-21T09:41:00-05:00,0.0,5.949999999999989,-2152.9599999999764,2021-12-21T09:46:00-05:00,0.0,5.950000000000017,-2152.9600000000332,2021-12-21T10:01:00-05:00,0.0,6.449999999999989,-3152.9599999999764,2021-12-21T10:31:00-05:00,0.0,5.899999999999977,-2052.9599999999537,2021-12-21T11:31:00-05:00,0.0,0.7999999999999972,8147.040000000007,2021-12-21T16:00:00-05:00,0.0,0.20000000000000018,9347.04,2021-12-22T16:00:00-05:00,0.0,0.0,9747.04,2021-12-23T16:00:00-05:00,0.0,,,,,0.0,hit,0.0,hit,181.0,hit,245.0,hit,389.0,hit,389.0,hit,1547.0,hit,10.0,hit,18.0,hit,,never_hit,,never_hit,,never_hit,,never_hit,6.849999999999966,128,False,False,False,False,,6.849999999999966,128,False,False,False,False,,6.849999999999966,128,False,False,False,False,,6.849999999999966,128,False,False,False,False,,253.0,2021-12-21T13:44:00-05:00,2.8999999999999915,3947.0400000000177,259.0,2021-12-21T13:50:00-05:00,2.9000000000000057,3947.0399999999895,274.0,2021-12-21T14:05:00-05:00,2.8000000000000043,4147.039999999992,254.0,2021-12-21T13:45:00-05:00,2.950000000000003,3847.039999999995,389.0,2021-12-21T16:00:00-05:00,0.7999999999999972,8147.040000000007,1454.0,2021-12-22T09:45:00-05:00,1.8000000000000007,6147.039999999999,1455.0,2021-12-22T09:46:00-05:00,1.6999999999999993,6347.040000000002,390.0,2021-12-21T16:01:00-05:00,2.5,4747.040000000001,389.0,2021-12-21T16:00:00-05:00,0.7999999999999972,8147.040000000007,1509.0,2021-12-22T10:40:00-05:00,0.8000000000000007,8147.04,1510.0,2021-12-22T10:41:00-05:00,0.8000000000000007,8147.04,390.0,2021-12-21T16:01:00-05:00,2.5,4747.040000000001,1547.0,2021-12-22T11:18:00-05:00,0.3999999999999986,8947.040000000005,1595.0,2021-12-22T12:06:00-05:00,0.39999999999999947,8947.040000000003,1599.0,2021-12-22T12:10:00-05:00,0.4499999999999993,8847.040000000003,1548.0,2021-12-22T11:19:00-05:00,0.5500000000000007,8647.04,132
2021-12-21,2021-12-23,2,6.0,2021-12-21T09:31:00-05:00,5.949999999999989,NDXP  211223P15900000,NDXP  211223P15890000,development,False,False,0,0,0,62,0,1138,available,False,2021-12-21T09:31:00-05:00,2021-12-23T16:00:00-05:00,0.10000000000000053,11447.039999999977,0.0,last_observed_quote_not_settlement,1038.0,138,19,5.950000000000017,-252.96000000005614,2021-12-21T09:32:00-05:00,0.0,5.849999999999994,-52.96000000001066,2021-12-21T09:33:00-05:00,0.0,6.149999999999977,-652.9599999999766,2021-12-21T09:36:00-05:00,0.0,5.849999999999966,-52.959999999953816,2021-12-21T09:41:00-05:00,0.0,6.650000000000006,-1652.9600000000335,2021-12-21T09:46:00-05:00,0.0,6.949999999999989,-2252.959999999999,2021-12-21T10:01:00-05:00,0.0,7.400000000000034,-3152.96000000009,2021-12-21T10:31:00-05:00,0.0,6.200000000000017,-752.9600000000562,2021-12-21T11:31:00-05:00,0.0,4.349999999999994,2947.0399999999895,2021-12-21T16:00:00-05:00,0.0,0.40000000000000036,10847.039999999979,2021-12-22T16:00:00-05:00,0.0,0.10000000000000053,11447.039999999977,2021-12-23T16:00:00-05:00,0.0,,,,,138.0,hit,196.0,hit,250.0,hit,329.0,hit,1464.0,hit,1526.0,hit,1824.0,hit,12.0,hit,12.0,hit,12.0,hit,48.0,hit,48.0,hit,,never_hit,9.099999999999966,138,True,True,True,True,,9.099999999999966,138,True,True,True,True,,9.099999999999966,138,True,True,True,True,,9.099999999999966,138,True,True,True,True,,329.0,2021-12-21T15:00:00-05:00,2.9499999999999886,5747.040000000001,1454.0,2021-12-22T09:45:00-05:00,2.6499999999999986,6347.039999999981,1455.0,2021-12-22T09:46:00-05:00,2.549999999999997,6547.039999999984,330.0,2021-12-21T15:01:00-05:00,3.200000000000017,5247.039999999944,1464.0,2021-12-22T09:55:00-05:00,1.8499999999999943,7947.039999999989,1509.0,2021-12-22T10:40:00-05:00,1.5,8647.039999999979,1510.0,2021-12-22T10:41:00-05:00,1.5,8647.039999999979,1465.0,2021-12-22T09:56:00-05:00,1.9500000000000028,7747.039999999973,1547.0,2021-12-22T11:18:00-05:00,0.9499999999999993,9747.03999999998,1564.0,2021-12-22T11:35:00-05:00,0.9499999999999993,9747.03999999998,1581.0,2021-12-22T11:52:00-05:00,0.9499999999999993,9747.03999999998,1548.0,2021-12-22T11:19:00-05:00,1.0500000000000007,9547.039999999977,1824.0,2021-12-22T15:55:00-05:00,0.4499999999999993,10747.03999999998,1827.0,2021-12-22T15:58:00-05:00,0.4499999999999993,10747.03999999998,1836.0,2021-12-22T16:07:00-05:00,0.40000000000000036,10847.039999999979,1825.0,2021-12-22T15:56:00-05:00,0.5,10647.039999999979,133
2021-12-21,2021-12-23,2,7.0,2021-12-21T09:31:00-05:00,7.0499999999999545,NDXP  211223P15990000,NDXP  211223P15980000,development,False,False,0,0,0,1,0,1199,available,False,2021-12-21T09:31:00-05:00,2021-12-23T16:00:00-05:00,2.75,8347.03999999991,0.0,last_observed_quote_not_settlement,1037.0,158,13,7.100000000000023,-352.9600000001357,2021-12-21T09:32:00-05:00,0.0,6.9500000000000455,-52.96000000018119,2021-12-21T09:33:00-05:00,0.0,7.25,-652.9600000000903,2021-12-21T09:36:00-05:00,0.0,7.399999999999977,-952.9600000000448,2021-12-21T09:41:00-05:00,0.0,7.650000000000034,-1452.9600000001585,2021-12-21T09:46:00-05:00,0.0,7.749999999999943,-1652.9599999999766,2021-12-21T10:01:00-05:00,0.0,8.049999999999955,-2252.960000000001,2021-12-21T10:31:00-05:00,0.0,8.75,-3652.960000000092,2021-12-21T11:31:00-05:00,0.0,5.049999999999997,3747.0399999999154,2021-12-21T16:00:00-05:00,0.0,0.8000000000000007,12247.03999999991,2021-12-22T16:00:00-05:00,0.0,2.75,8347.03999999991,2021-12-23T16:00:00-05:00,0.0,,,,,170.0,hit,170.0,hit,331.0,hit,1508.0,hit,1546.0,hit,1819.0,hit,2881.0,hit,3.0,hit,3.0,hit,0.0,hit,3.0,hit,25.0,hit,126.0,hit,9.5,158,True,True,True,True,,9.5,158,True,True,True,True,,9.5,158,True,True,True,True,,9.5,158,True,True,True,True,,1508.0,2021-12-22T10:39:00-05:00,2.8999999999999986,8047.039999999913,1509.0,2021-12-22T10:40:00-05:00,2.8500000000000014,8147.039999999907,1510.0,2021-12-22T10:41:00-05:00,2.750000000000007,8347.039999999897,1509.0,2021-12-22T10:40:00-05:00,2.8500000000000014,8147.039999999907,1546.0,2021-12-22T11:17:00-05:00,1.9499999999999993,9947.039999999912,1547.0,2021-12-22T11:18:00-05:00,1.8500000000000014,10147.039999999908,1548.0,2021-12-22T11:19:00-05:00,1.9499999999999993,9947.039999999912,1547.0,2021-12-22T11:18:00-05:00,1.8500000000000014,10147.039999999908,1819.0,2021-12-22T15:50:00-05:00,0.6000000000000014,12647.039999999908,1828.0,2021-12-22T15:59:00-05:00,0.9499999999999993,11947.039999999912,1829.0,2021-12-22T16:00:00-05:00,0.8000000000000007,12247.03999999991,1820.0,2021-12-22T15:51:00-05:00,1.6999999999999957,10447.039999999919,2881.0,2021-12-23T09:32:00-05:00,0.35000000000000053,13147.03999999991,2882.0,2021-12-23T09:33:00-05:00,0.25,13347.03999999991,2883.0,2021-12-23T09:34:00-05:00,0.3500000000000001,13147.03999999991,2882.0,2021-12-23T09:33:00-05:00,0.25,13347.03999999991,134
2021-12-27,2021-12-29,2,5.0,2021-12-27T09:31:00-05:00,4.8999999999999915,NDXP  211229P16400000,NDXP  211229P16390000,development,False,False,0,0,0,5,0,1195,available,False,2021-12-27T09:31:00-05:00,2021-12-29T16:00:00-05:00,6.15,-2752.9600000000173,0.0,last_observed_quote_not_settlement,1036.0,1,3,4.599999999999994,347.039999999995,2021-12-27T09:32:00-05:00,0.0,4.5,547.0399999999836,2021-12-27T09:33:00-05:00,0.0,3.950000000000003,1647.039999999978,2021-12-27T09:36:00-05:00,0.0,3.700000000000003,2147.039999999978,2021-12-27T09:41:00-05:00,0.0,4.1000000000000085,1347.0399999999665,2021-12-27T09:46:00-05:00,0.0,3.8999999999999915,1747.0400000000006,2021-12-27T10:01:00-05:00,0.0,2.750000000000007,4047.039999999969,2021-12-27T10:31:00-05:00,0.0,2.4499999999999957,4647.039999999992,2021-12-27T11:31:00-05:00,0.0,1.6499999999999986,6247.039999999986,2021-12-27T16:00:00-05:00,0.0,2.0,5547.039999999984,2021-12-28T16:00:00-05:00,0.0,6.15,-2752.9600000000173,2021-12-29T16:00:00-05:00,0.0,,,,,0.0,hit,0.0,hit,5.0,hit,52.0,hit,269.0,hit,2884.0,hit,3164.0,hit,3269.0,hit,3269.0,hit,,never_hit,,never_hit,,never_hit,,never_hit,4.8999999999999915,0,False,False,False,False,,4.8999999999999915,0,False,False,False,False,,4.8999999999999915,0,False,False,False,False,,4.899999999999999,1,False,False,False,False,,52.0,2021-12-27T10:23:00-05:00,2.8999999999999915,3747.040000000001,53.0,2021-12-27T10:24:00-05:00,2.9499999999999957,3647.0399999999922,58.0,2021-12-27T10:29:00-05:00,2.8000000000000043,3947.039999999975,53.0,2021-12-27T10:24:00-05:00,2.9499999999999957,3647.0399999999922,281.0,2021-12-27T14:12:00-05:00,1.9499999999999957,5647.039999999992,289.0,2021-12-27T14:20:00-05:00,1.8999999999999986,5747.039999999986,290.0,2021-12-27T14:21:00-05:00,1.9499999999999993,5647.039999999985,282.0,2021-12-27T14:13:00-05:00,2.0500000000000007,5447.039999999982,3146.0,2021-12-29T13:57:00-05:00,0.8999999999999999,7747.039999999983,3147.0,2021-12-29T13:58:00-05:00,0.8499999999999996,7847.0399999999845,3148.0,2021-12-29T13:59:00-05:00,0.9000000000000004,7747.039999999983,3147.0,2021-12-29T13:58:00-05:00,0.8499999999999996,7847.0399999999845,3164.0,2021-12-29T14:15:00-05:00,0.42500000000000004,8697.039999999985,3165.0,2021-12-29T14:16:00-05:00,0.44999999999999996,8647.039999999985,3166.0,2021-12-29T14:17:00-05:00,0.375,8797.039999999985,3165.0,2021-12-29T14:16:00-05:00,0.44999999999999996,8647.039999999985,135
2021-12-27,2021-12-29,2,6.0,2021-12-27T09:31:00-05:00,6.099999999999994,NDXP  211229P16460000,NDXP  211229P16450000,development,False,False,0,0,0,2,0,1198,available,False,2021-12-27T09:31:00-05:00,2021-12-29T16:00:00-05:00,0.0,11947.03999999999,0.0,last_observed_quote_not_settlement,1036.0,22,16,5.799999999999997,347.039999999995,2021-12-27T09:32:00-05:00,0.0,5.650000000000006,647.0399999999779,2021-12-27T09:33:00-05:00,0.0,5.199999999999989,1547.040000000012,2021-12-27T09:36:00-05:00,0.0,4.800000000000011,2347.0399999999668,2021-12-27T09:41:00-05:00,0.0,5.400000000000006,1147.039999999978,2021-12-27T09:46:00-05:00,0.0,4.799999999999997,2347.039999999995,2021-12-27T10:01:00-05:00,0.0,3.6500000000000057,4647.039999999978,2021-12-27T10:31:00-05:00,0.0,3.500000000000007,4947.039999999975,2021-12-27T11:31:00-05:00,0.0,2.549999999999997,6847.039999999995,2021-12-27T16:00:00-05:00,0.0,3.5,4947.039999999989,2021-12-28T16:00:00-05:00,0.0,0.0,11947.03999999999,2021-12-29T16:00:00-05:00,0.0,,,,,4.0,hit,7.0,hit,51.0,hit,178.0,hit,2882.0,hit,3201.0,hit,3240.0,hit,2926.0,hit,,never_hit,2926.0,hit,,never_hit,,never_hit,,never_hit,6.099999999999994,0,False,False,False,False,,6.099999999999994,0,False,False,False,False,,7.049999999999997,22,True,False,False,False,,7.049999999999997,22,True,False,False,False,,238.0,2021-12-27T13:29:00-05:00,2.8999999999999986,6147.039999999992,275.0,2021-12-27T14:06:00-05:00,2.8500000000000085,6247.039999999973,281.0,2021-12-27T14:12:00-05:00,2.9000000000000057,6147.039999999978,239.0,2021-12-27T13:30:00-05:00,3.0500000000000043,5847.039999999981,2882.0,2021-12-29T09:33:00-05:00,1.4499999999999993,9047.039999999992,3184.0,2021-12-29T14:35:00-05:00,1.6749999999999998,8597.03999999999,3185.0,2021-12-29T14:36:00-05:00,1.5499999999999998,8847.03999999999,2883.0,2021-12-29T09:34:00-05:00,2.3500000000000014,7247.039999999986,3203.0,2021-12-29T14:54:00-05:00,0.7749999999999995,10397.039999999992,3241.0,2021-12-29T15:32:00-05:00,0.2749999999999999,11397.03999999999,3242.0,2021-12-29T15:33:00-05:00,0.75,10447.03999999999,3204.0,2021-12-29T14:55:00-05:00,1.0,9947.03999999999,3241.0,2021-12-29T15:32:00-05:00,0.2749999999999999,11397.03999999999,3244.0,2021-12-29T15:35:00-05:00,0.17500000000000004,11597.03999999999,3245.0,2021-12-29T15:36:00-05:00,0.275,11397.03999999999,3242.0,2021-12-29T15:33:00-05:00,0.75,10447.03999999999,136
2021-12-27,2021-12-29,2,7.0,2021-12-27T09:31:00-05:00,7.049999999999983,NDXP  211229P16520000,NDXP  211229P16510000,development,False,False,0,0,0,2,0,1198,available,False,2021-12-27T09:31:00-05:00,2021-12-29T16:00:00-05:00,10.0,-6052.960000000034,0.0,last_observed_quote_not_settlement,1036.0,204,57,6.849999999999994,147.03999999997797,2021-12-27T09:32:00-05:00,0.0,6.699999999999989,447.03999999998933,2021-12-27T09:33:00-05:00,0.0,6.199999999999989,1447.0399999999893,2021-12-27T09:36:00-05:00,0.0,5.950000000000017,1947.0399999999324,2021-12-27T09:41:00-05:00,0.0,6.250000000000028,1347.0399999999097,2021-12-27T09:46:00-05:00,0.0,5.949999999999989,1947.0399999999893,2021-12-27T10:01:00-05:00,0.0,4.8500000000000085,4147.03999999995,2021-12-27T10:31:00-05:00,0.0,4.400000000000006,5047.039999999955,2021-12-27T11:31:00-05:00,0.0,3.749999999999993,6347.039999999981,2021-12-27T16:00:00-05:00,0.0,5.25,3347.0399999999668,2021-12-28T16:00:00-05:00,0.0,10.0,-6052.960000000034,2021-12-29T16:00:00-05:00,0.0,,,,,37.0,hit,54.0,hit,238.0,hit,379.0,hit,1469.0,hit,,never_hit,,never_hit,2922.0,hit,2922.0,hit,0.0,hit,2922.0,hit,2926.0,hit,3030.0,hit,7.049999999999983,0,True,False,False,False,,7.049999999999983,0,True,False,False,False,,,,True,True,True,False,5.59999999999998,,,True,True,True,False,5.59999999999998,379.0,2021-12-27T15:50:00-05:00,2.5,8847.039999999968,,,,,,,,,380.0,2021-12-27T15:51:00-05:00,3.950000000000003,5947.039999999961,1469.0,2021-12-28T10:00:00-05:00,1.4500000000000028,10947.039999999963,,,,,,,,,1470.0,2021-12-28T10:01:00-05:00,3.3499999999999943,7147.039999999978,,,,,,,,,,,,,,,,,,,,,,,,,,,,,,,,,137
2021-12-28,2021-12-31,3,5.0,2021-12-28T09:31:00-05:00,4.799999999999983,NDXP  211231P16600000,NDXP  211231P16590000,development,False,False,0,0,0,95,0,1510,available,False,2021-12-28T09:31:00-05:00,2021-12-31T16:00:00-05:00,10.0,-10552.960000000034,0.0,last_observed_quote_not_settlement,1036.0,1424,12,4.950000000000003,-552.9600000000391,2021-12-28T09:32:00-05:00,0.0,5.049999999999997,-752.9600000000278,2021-12-28T09:33:00-05:00,0.0,5.349999999999966,-1352.9599999999652,2021-12-28T09:36:00-05:00,0.0,5.09999999999998,-852.9599999999937,2021-12-28T09:41:00-05:00,0.0,4.950000000000003,-552.9600000000391,2021-12-28T09:46:00-05:00,0.0,5.799999999999997,-2252.960000000028,2021-12-28T10:01:00-05:00,0.0,5.349999999999966,-1352.9599999999652,2021-12-28T10:31:00-05:00,0.0,5.800000000000011,-2252.960000000056,2021-12-28T11:31:00-05:00,0.0,6.299999999999983,-3252.959999999999,2021-12-28T16:00:00-05:00,0.0,6.900000000000006,-4452.960000000045,2021-12-29T16:00:00-05:00,0.0,9.100000000000023,-8852.96000000008,2021-12-30T16:00:00-05:00,0.0,10.0,-10552.960000000034,2021-12-31T16:00:00-05:00,0.0,0.0,hit,0.0,hit,,never_hit,,never_hit,,never_hit,,never_hit,,never_hit,5.0,hit,30.0,hit,1481.0,hit,1486.0,hit,3261.0,hit,4337.0,hit,,,True,True,True,False,0.14999999999997726,,,True,True,True,False,0.14999999999997726,,,True,True,True,False,0.14999999999997726,,,True,True,True,False,0.14999999999997726,,,,,,,,,,,,,,,,,,,,,,,,,,,,,,,,,,,,,,,,,,,,,,,,,,,,,,,,,,,,,,,,,138
2021-12-28,2021-12-31,3,6.0,2021-12-28T09:31:00-05:00,5.900000000000034,NDXP  211231P16670000,NDXP  211231P16660000,development,False,False,0,0,0,79,0,1526,available,False,2021-12-28T09:31:00-05:00,2021-12-31T15:59:00-05:00,10.0,-8352.95999999993,1.0,last_observed_quote_not_settlement,1036.0,1447,8,6.049999999999983,-552.959999999897,2021-12-28T09:32:00-05:00,0.0,5.949999999999989,-352.95999999990835,2021-12-28T09:33:00-05:00,0.0,6.349999999999994,-1152.9599999999198,2021-12-28T09:36:00-05:00,0.0,6.199999999999989,-852.9599999999084,2021-12-28T09:41:00-05:00,0.0,5.949999999999989,-352.95999999990835,2021-12-28T09:46:00-05:00,0.0,7.149999999999977,-2752.9599999998854,2021-12-28T10:01:00-05:00,0.0,6.449999999999989,-1352.9599999999084,2021-12-28T10:31:00-05:00,0.0,6.900000000000034,-2252.959999999999,2021-12-28T11:31:00-05:00,0.0,7.450000000000017,-3352.959999999965,2021-12-28T16:00:00-05:00,0.0,7.25,-2952.959999999931,2021-12-29T16:00:00-05:00,0.0,9.899999999999977,-8252.959999999886,2021-12-30T16:00:00-05:00,0.0,,,2021-12-31T15:59:00-05:00,60.0,29.0,hit,29.0,hit,,never_hit,,never_hit,,never_hit,,never_hit,,never_hit,8.0,hit,30.0,hit,30.0,hit,1480.0,hit,1625.0,hit,1625.0,hit,,,True,True,True,False,1.0500000000000398,,,True,True,True,False,1.0500000000000398,,,True,True,True,False,1.0500000000000398,,,True,True,True,False,1.0500000000000398,,,,,,,,,,,,,,,,,,,,,,,,,,,,,,,,,,,,,,,,,,,,,,,,,,,,,,,,,,,,,,,,,139
2021-12-28,2021-12-31,3,7.0,2021-12-28T09:31:00-05:00,6.949999999999989,NDXP  211231P16730000,NDXP  211231P16720000,development,False,False,0,0,0,105,0,1500,available,False,2021-12-28T09:31:00-05:00,2021-12-31T16:00:00-05:00,10.0,-6252.960000000023,0.0,last_observed_quote_not_settlement,1036.0,1380,28,6.950000000000017,-252.96000000005614,2021-12-28T09:32:00-05:00,0.0,6.800000000000011,47.039999999955235,2021-12-28T09:33:00-05:00,0.0,7.100000000000023,-552.9600000000676,2021-12-28T09:36:00-05:00,0.0,7.050000000000011,-452.9600000000448,2021-12-28T09:41:00-05:00,0.0,6.799999999999983,47.04000000001208,2021-12-28T09:46:00-05:00,0.0,7.150000000000034,-652.9600000000903,2021-12-28T10:01:00-05:00,0.0,7.25,-852.9600000000221,2021-12-28T10:31:00-05:00,0.0,7.75,-1852.960000000022,2021-12-28T11:31:00-05:00,0.0,8.25,-2852.9600000000237,2021-12-28T16:00:00-05:00,0.0,9.0,-4352.960000000024,2021-12-29T16:00:00-05:00,0.0,9.899999999999977,-6152.959999999978,2021-12-30T16:00:00-05:00,0.0,10.0,-6252.960000000023,2021-12-31T16:00:00-05:00,0.0,,never_hit,,never_hit,,never_hit,,never_hit,,never_hit,,never_hit,,never_hit,39.0,hit,136.0,hit,5.0,hit,136.0,hit,200.0,hit,1504.0,hit,,,True,True,True,False,0.7499999999999716,,,True,True,True,False,0.7499999999999716,,,True,True,True,False,0.7499999999999716,,,True,True,True,False,0.7499999999999716,,,,,,,,,,,,,,,,,,,,,,,,,,,,,,,,,,,,,,,,,,,,,,,,,,,,,,,,,,,,,,,,,140
2021-12-29,2021-12-31,2,5.0,2021-12-29T09:31:00-05:00,5.0,NDXP  211231P16560000,NDXP  211231P16550000,development,False,False,0,0,0,39,0,1161,available,False,2021-12-29T09:31:00-05:00,2021-12-31T15:59:00-05:00,10.0,-10152.96,1.0,last_observed_quote_not_settlement,1036.0,892,25,4.949999999999989,-152.95999999997656,2021-12-29T09:32:00-05:00,0.0,4.800000000000011,147.03999999997797,2021-12-29T09:33:00-05:00,0.0,5.1000000000000085,-452.96000000001635,2021-12-29T09:36:00-05:00,0.0,5.000000000000014,-252.96000000002772,2021-12-29T09:41:00-05:00,0.0,5.700000000000003,-1652.960000000005,2021-12-29T09:46:00-05:00,0.0,5.700000000000017,-1652.9600000000335,2021-12-29T10:01:00-05:00,0.0,6.799999999999983,-3852.959999999965,2021-12-29T10:31:00-05:00,0.0,6.649999999999977,-3552.9599999999537,2021-12-29T11:31:00-05:00,0.0,6.0,-2252.959999999999,2021-12-29T16:00:00-05:00,0.0,8.050000000000011,-6352.960000000024,2021-12-30T16:00:00-05:00,0.0,,,2021-12-31T15:59:00-05:00,60.0,,,,,0.0,hit,0.0,hit,379.0,hit,,never_hit,,never_hit,,never_hit,,never_hit,6.0,hit,33.0,hit,42.0,hit,62.0,hit,62.0,hit,62.0,hit,,,True,True,True,False,1.6499999999999915,,,True,True,True,False,1.6499999999999915,,,True,True,True,False,1.6499999999999915,,,True,True,True,False,1.6499999999999915,,,,,,,,,,,,,,,,,,,,,,,,,,,,,,,,,,,,,,,,,,,,,,,,,,,,,,,,,,,,,,,,,141
2021-12-29,2021-12-31,2,6.0,2021-12-29T09:31:00-05:00,6.1000000000000085,NDXP  211231P16590000,NDXP  211231P16580000,development,False,False,0,0,0,75,0,1125,available,False,2021-12-29T09:31:00-05:00,2021-12-31T16:00:00-05:00,10.0,-7952.959999999983,0.0,last_observed_quote_not_settlement,1036.0,785,33,5.549999999999997,847.0400000000234,2021-12-29T09:32:00-05:00,0.0,5.549999999999997,847.0400000000234,2021-12-29T09:33:00-05:00,0.0,5.800000000000011,347.039999999995,2021-12-29T09:36:00-05:00,0.0,5.5,947.0400000000177,2021-12-29T09:41:00-05:00,0.0,6.200000000000017,-452.96000000001635,2021-12-29T09:46:00-05:00,0.0,6.25,-552.9599999999823,2021-12-29T10:01:00-05:00,0.0,7.600000000000023,-3252.960000000028,2021-12-29T10:31:00-05:00,0.0,7.25,-2552.9599999999823,2021-12-29T11:31:00-05:00,0.0,6.649999999999977,-1352.9599999999368,2021-12-29T16:00:00-05:00,0.0,8.899999999999977,-5852.959999999938,2021-12-30T16:00:00-05:00,0.0,10.0,-7952.959999999983,2021-12-31T16:00:00-05:00,0.0,,,,,10.0,hit,1497.0,hit,,never_hit,,never_hit,,never_hit,,never_hit,,never_hit,12.0,hit,42.0,hit,42.0,hit,1812.0,hit,1814.0,hit,2889.0,hit,,,True,True,True,False,1.3000000000000114,,,True,True,True,False,1.3000000000000114,,,True,True,True,False,1.3000000000000114,,,True,True,True,False,1.3000000000000114,,,,,,,,,,,,,,,,,,,,,,,,,,,,,,,,,,,,,,,,,,,,,,,,,,,,,,,,,,,,,,,,,142
2021-12-29,2021-12-31,2,7.0,2021-12-29T09:31:00-05:00,7.0,NDXP  211231P16660000,NDXP  211231P16650000,development,False,False,0,0,0,101,0,1099,available,False,2021-12-29T09:31:00-05:00,2021-12-31T16:00:00-05:00,10.0,-6152.96,0.0,last_observed_quote_not_settlement,1036.0,834,112,7.050000000000011,-352.96000000002203,2021-12-29T09:32:00-05:00,0.0,6.900000000000006,-52.96000000001066,2021-12-29T09:33:00-05:00,0.0,6.849999999999994,47.04000000001208,2021-12-29T09:36:00-05:00,0.0,6.75,247.04000000000067,2021-12-29T09:41:00-05:00,0.0,7.400000000000006,-1052.9600000000107,2021-12-29T09:46:00-05:00,0.0,7.400000000000006,-1052.9600000000107,2021-12-29T10:01:00-05:00,0.0,8.399999999999977,-3052.9599999999555,2021-12-29T10:31:00-05:00,0.0,8.150000000000006,-2552.9600000000123,2021-12-29T11:31:00-05:00,0.0,8.049999999999983,-2352.959999999967,2021-12-29T16:00:00-05:00,0.0,9.850000000000023,-5952.960000000046,2021-12-30T16:00:00-05:00,0.0,10.0,-6152.96,2021-12-31T16:00:00-05:00,0.0,,,,,1683.0,hit,1683.0,hit,1683.0,hit,,never_hit,,never_hit,,never_hit,,never_hit,16.0,hit,41.0,hit,0.0,hit,41.0,hit,45.0,hit,1443.0,hit,,,True,True,True,False,3.1499999999999915,,,True,True,True,False,3.1499999999999915,,,True,True,True,False,3.1499999999999915,,,True,True,True,False,3.1499999999999915,,,,,,,,,,,,,,,,,,,,,,,,,,,,,,,,,,,,,,,,,,,,,,,,,,,,,,,,,,,,,,,,,143
2021-12-31,2022-01-03,3,5.0,2021-12-31T09:31:00-05:00,4.950000000000003,NDXP  220103P16450000,NDXP  220103P16440000,development,False,False,0,0,1,3,0,791,available,False,2021-12-31T09:31:00-05:00,2022-01-03T15:58:00-05:00,0.22499999999999998,9197.040000000006,2.0,last_observed_quote_not_settlement,3916.0,615,16,4.400000000000006,847.039999999995,2021-12-31T09:32:00-05:00,0.0,4.650000000000006,347.039999999995,2021-12-31T09:33:00-05:00,0.0,4.25,1147.0400000000063,2021-12-31T09:36:00-05:00,0.0,4.299999999999997,1047.040000000012,2021-12-31T09:41:00-05:00,0.0,4.900000000000006,-152.96000000000498,2021-12-31T09:46:00-05:00,0.0,5.499999999999986,-1352.9599999999652,2021-12-31T10:01:00-05:00,0.0,5.3999999999999915,-1152.9599999999766,2021-12-31T10:31:00-05:00,0.0,4.950000000000003,-252.9599999999993,2021-12-31T11:31:00-05:00,0.0,7.700000000000017,-5752.960000000027,2021-12-31T16:00:00-05:00,0.0,,,2021-12-31T16:15:00-05:00,85500.0,,,2021-12-31T16:15:00-05:00,171900.0,,,2022-01-03T15:58:00-05:00,120.0,0.0,hit,0.0,hit,4327.0,hit,4574.0,hit,4630.0,hit,4634.0,hit,4683.0,hit,8.0,hit,31.0,hit,107.0,hit,107.0,hit,4342.0,hit,,never_hit,9.249999999999972,615,True,True,True,True,,9.249999999999972,615,True,True,True,True,,9.249999999999972,615,True,True,True,True,,9.249999999999972,615,True,True,True,True,,4574.0,2022-01-03T13:45:00-05:00,2.700000000000001,4247.0400000000045,4575.0,2022-01-03T13:46:00-05:00,2.8000000000000007,4047.0400000000045,4587.0,2022-01-03T13:58:00-05:00,2.9499999999999993,3747.0400000000077,4575.0,2022-01-03T13:46:00-05:00,2.8000000000000007,4047.0400000000045,4630.0,2022-01-03T14:41:00-05:00,1.9500000000000002,5747.040000000006,4631.0,2022-01-03T14:42:00-05:00,1.9000000000000004,5847.040000000005,4632.0,2022-01-03T14:43:00-05:00,1.8499999999999996,5947.040000000007,4631.0,2022-01-03T14:42:00-05:00,1.9000000000000004,5847.040000000005,4634.0,2022-01-03T14:45:00-05:00,0.8999999999999999,7847.040000000005,4684.0,2022-01-03T15:35:00-05:00,0.17500000000000027,9297.040000000006,4685.0,2022-01-03T15:36:00-05:00,0.20000000000000018,9247.040000000006,4635.0,2022-01-03T14:46:00-05:00,0.9750000000000001,7697.040000000005,4683.0,2022-01-03T15:34:00-05:00,0.3999999999999999,8847.040000000006,4684.0,2022-01-03T15:35:00-05:00,0.17500000000000027,9297.040000000006,4685.0,2022-01-03T15:36:00-05:00,0.20000000000000018,9247.040000000006,4684.0,2022-01-03T15:35:00-05:00,0.17500000000000027,9297.040000000006,144
2021-12-31,2022-01-03,3,6.0,2021-12-31T09:31:00-05:00,6.049999999999997,NDXP  220103P16500000,NDXP  220103P16490000,development,False,False,0,0,0,4,0,791,available,False,2021-12-31T09:31:00-05:00,2022-01-03T16:00:00-05:00,1.875,8097.039999999995,0.0,last_observed_quote_not_settlement,3916.0,698,33,5.400000000000006,1047.0399999999836,2021-12-31T09:32:00-05:00,0.0,5.950000000000017,-52.96000000003908,2021-12-31T09:33:00-05:00,0.0,5.200000000000003,1447.0399999999893,2021-12-31T09:36:00-05:00,0.0,5.349999999999994,1147.0400000000063,2021-12-31T09:41:00-05:00,0.0,5.849999999999994,147.0400000000064,2021-12-31T09:46:00-05:00,0.0,6.550000000000011,-1252.9600000000278,2021-12-31T10:01:00-05:00,0.0,6.400000000000006,-952.9600000000164,2021-12-31T10:31:00-05:00,0.0,6.799999999999997,-1752.9599999999994,2021-12-31T11:31:00-05:00,0.0,8.999999999999972,-6152.95999999995,2021-12-31T16:00:00-05:00,0.0,,,2021-12-31T16:15:00-05:00,85500.0,,,2021-12-31T16:15:00-05:00,171900.0,1.875,8097.039999999995,2022-01-03T16:00:00-05:00,0.0,1.0,hit,91.0,hit,4636.0,hit,4709.0,hit,4709.0,hit,,never_hit,,never_hit,17.0,hit,31.0,hit,31.0,hit,165.0,hit,4340.0,hit,4341.0,hit,10.0,698,True,True,True,True,,10.0,698,True,True,True,True,,,,True,True,True,False,4.174999999999997,,,True,True,True,False,4.174999999999997,4709.0,2022-01-03T16:00:00-05:00,1.875,8097.039999999995,,,,,,,,,,,,,4709.0,2022-01-03T16:00:00-05:00,1.875,8097.039999999995,,,,,,,,,,,,,,,,,,,,,,,,,,,,,,,,,,,,,,,,,,,,,145
2021-12-31,2022-01-03,3,7.0,2021-12-31T09:31:00-05:00,6.949999999999989,NDXP  220103P16540000,NDXP  220103P16530000,development,False,False,0,0,0,9,0,786,available,False,2021-12-31T09:31:00-05:00,2022-01-03T16:00:00-05:00,10.0,-6252.960000000023,0.0,last_observed_quote_not_settlement,3916.0,734,27,6.299999999999997,1047.0399999999836,2021-12-31T09:32:00-05:00,0.0,6.450000000000017,747.0399999999438,2021-12-31T09:33:00-05:00,0.0,6.1000000000000085,1447.0399999999609,2021-12-31T09:36:00-05:00,0.0,6.199999999999989,1247.0400000000006,2021-12-31T09:41:00-05:00,0.0,6.700000000000017,247.03999999994383,2021-12-31T09:46:00-05:00,0.0,7.399999999999977,-1152.9599999999766,2021-12-31T10:01:00-05:00,0.0,7.2000000000000455,-752.960000000113,2021-12-31T10:31:00-05:00,0.0,7.649999999999977,-1652.9599999999766,2021-12-31T11:31:00-05:00,0.0,6.900000000000006,-152.9600000000334,2021-12-31T16:00:00-05:00,0.0,,,2021-12-31T16:15:00-05:00,85500.0,,,2021-12-31T16:15:00-05:00,171900.0,10.0,-6252.960000000023,2022-01-03T16:00:00-05:00,0.0,,never_hit,,never_hit,,never_hit,,never_hit,,never_hit,,never_hit,,never_hit,17.0,hit,31.0,hit,17.0,hit,34.0,hit,285.0,hit,368.0,hit,,,True,True,True,False,1.04999999999999,,,True,True,True,False,1.04999999999999,,,True,True,True,False,1.04999999999999,,,True,True,True,False,1.04999999999999,,,,,,,,,,,,,,,,,,,,,,,,,,,,,,,,,,,,,,,,,,,,,,,,,,,,,,,,,,,,,,,,,146
2022-01-03,2022-01-05,2,5.0,2022-01-03T09:31:00-05:00,5.0,NDXP  220105P16420000,NDXP  220105P16410000,development,False,False,0,0,0,73,0,1127,available,False,2022-01-03T09:31:00-05:00,2022-01-05T15:57:00-05:00,8.450000000000045,-7152.960000000092,3.0,last_observed_quote_not_settlement,1036.0,675,34,4.299999999999997,1147.0400000000063,2022-01-03T09:32:00-05:00,0.0,4.25,1247.0400000000006,2022-01-03T09:33:00-05:00,0.0,3.9000000000000057,1947.0399999999893,2022-01-03T09:36:00-05:00,0.0,3.75,2247.040000000001,2022-01-03T09:41:00-05:00,0.0,4.299999999999997,1147.0400000000063,2022-01-03T09:46:00-05:00,0.0,6.049999999999983,-2352.959999999965,2022-01-03T10:01:00-05:00,0.0,4.699999999999989,347.04000000002344,2022-01-03T10:31:00-05:00,0.0,4.75,247.04000000000067,2022-01-03T11:31:00-05:00,0.0,3.049999999999997,3647.0400000000063,2022-01-03T16:00:00-05:00,0.0,8.050000000000011,-6352.960000000024,2022-01-04T16:00:00-05:00,0.0,,,2022-01-05T15:57:00-05:00,180.0,,,,,0.0,hit,0.0,hit,3.0,hit,314.0,hit,,never_hit,,never_hit,,never_hit,19.0,hit,20.0,hit,1508.0,hit,1525.0,hit,1526.0,hit,1545.0,hit,6.399999999999977,47,False,False,False,False,,,,True,True,True,False,2.4000000000000057,,,True,True,True,False,2.4000000000000057,,,True,True,True,False,2.4000000000000057,316.0,2022-01-03T14:47:00-05:00,2.9000000000000057,3947.0399999999895,317.0,2022-01-03T14:48:00-05:00,2.9000000000000057,3947.0399999999895,318.0,2022-01-03T14:49:00-05:00,2.8499999999999943,4047.040000000012,317.0,2022-01-03T14:48:00-05:00,2.9000000000000057,3947.0399999999895,,,,,,,,,,,,,,,,,,,,,,,,,,,,,,,,,,,,,,,,,,,,,,,,,147
2022-01-03,2022-01-05,2,6.0,2022-01-03T09:31:00-05:00,5.800000000000011,NDXP  220105P16480000,NDXP  220105P16470000,development,False,False,0,0,0,108,0,1092,available,False,2022-01-03T09:31:00-05:00,2022-01-05T15:59:00-05:00,9.799999999999955,-8252.959999999886,1.0,last_observed_quote_not_settlement,1036.0,671,38,5.3500000000000085,647.0400000000063,2022-01-03T09:32:00-05:00,0.0,5.299999999999997,747.0400000000291,2022-01-03T09:33:00-05:00,0.0,5.400000000000006,547.040000000012,2022-01-03T09:36:00-05:00,0.0,4.8999999999999915,1547.0400000000404,2022-01-03T09:41:00-05:00,0.0,5.450000000000003,447.04000000001776,2022-01-03T09:46:00-05:00,0.0,7.199999999999989,-3052.9599999999537,2022-01-03T10:01:00-05:00,0.0,5.800000000000011,-252.9599999999993,2022-01-03T10:31:00-05:00,0.0,5.800000000000011,-252.9599999999993,2022-01-03T11:31:00-05:00,0.0,4.1000000000000085,3147.0400000000063,2022-01-03T16:00:00-05:00,0.0,,,2022-01-04T15:59:00-05:00,60.0,,,2022-01-05T15:59:00-05:00,60.0,,,,,1.0,hit,6.0,hit,9.0,hit,9.0,hit,,never_hit,,never_hit,,never_hit,18.0,hit,19.0,hit,20.0,hit,1509.0,hit,1523.0,hit,1551.0,hit,5.800000000000011,0,False,False,False,False,,,,True,True,True,False,3.5500000000000114,,,True,True,True,False,3.5500000000000114,,,True,True,True,False,3.5500000000000114,9.0,2022-01-03T09:40:00-05:00,2.25,6847.040000000024,,,,,,,,,10.0,2022-01-03T09:41:00-05:00,4.8999999999999915,1547.0400000000404,,,,,,,,,,,,,,,,,,,,,,,,,,,,,,,,,,,,,,,,,,,,,,,,,148
2022-01-03,2022-01-05,2,7.0,2022-01-03T09:31:00-05:00,7.049999999999983,NDXP  220105P16550000,NDXP  220105P16540000,development,False,False,0,0,0,101,0,1099,available,False,2022-01-03T09:31:00-05:00,2022-01-05T16:00:00-05:00,10.0,-6052.960000000034,0.0,last_observed_quote_not_settlement,1036.0,718,55,6.650000000000006,547.0399999999552,2022-01-03T09:32:00-05:00,0.0,6.550000000000011,747.0399999999438,2022-01-03T09:33:00-05:00,0.0,6.599999999999966,647.0400000000348,2022-01-03T09:36:00-05:00,0.0,6.200000000000017,1447.0399999999324,2022-01-03T09:41:00-05:00,0.0,6.800000000000011,247.03999999994383,2022-01-03T09:46:00-05:00,0.0,8.0,-2152.960000000035,2022-01-03T10:01:00-05:00,0.0,7.099999999999994,-352.96000000002203,2022-01-03T10:31:00-05:00,0.0,7.200000000000017,-552.9600000000676,2022-01-03T11:31:00-05:00,0.0,5.650000000000006,2547.0399999999554,2022-01-03T16:00:00-05:00,0.0,,,2022-01-04T15:59:00-05:00,60.0,10.0,-6052.960000000034,2022-01-05T16:00:00-05:00,0.0,,,,,88.0,hit,88.0,hit,,never_hit,,never_hit,,never_hit,,never_hit,,never_hit,18.0,hit,20.0,hit,0.0,hit,20.0,hit,20.0,hit,21.0,hit,,,True,True,True,False,2.849999999999966,,,True,True,True,False,2.849999999999966,,,True,True,True,False,2.849999999999966,,,True,True,True,False,2.849999999999966,,,,,,,,,,,,,,,,,,,,,,,,,,,,,,,,,,,,,,,,,,,,,,,,,,,,,,,,,,,,,,,,,149
2022-01-04,2022-01-07,3,5.0,2022-01-04T09:31:00-05:00,5.0000000000000036,NDXP  220107P16140000,NDXP  220107P16130000,development,False,False,0,0,0,136,0,1468,available,False,2022-01-04T09:31:00-05:00,2022-01-07T16:00:00-05:00,9.75,-9752.959999999994,0.0,last_observed_quote_not_settlement,1037.0,790,17,0.9500000000000028,7847.040000000002,2022-01-04T09:32:00-05:00,0.0,1.2000000000000028,7347.040000000002,2022-01-04T09:33:00-05:00,0.0,1.0499999999999972,7647.040000000014,2022-01-04T09:36:00-05:00,0.0,1.0,7747.040000000008,2022-01-04T09:41:00-05:00,0.0,1.0499999999999972,7647.040000000014,2022-01-04T09:46:00-05:00,0.0,1.25,7247.040000000008,2022-01-04T10:01:00-05:00,0.0,1.6000000000000014,6547.0400000000045,2022-01-04T10:31:00-05:00,0.0,3.6499999999999915,2447.040000000025,2022-01-04T11:31:00-05:00,0.0,2.6500000000000057,4447.039999999996,2022-01-04T16:00:00-05:00,0.0,8.699999999999989,-7652.959999999971,2022-01-05T16:00:00-05:00,0.0,9.199999999999932,-8652.959999999857,2022-01-06T16:00:00-05:00,0.0,9.75,-9752.959999999994,2022-01-07T16:00:00-05:00,0.0,0.0,hit,1.0,hit,1.0,hit,1.0,hit,1.0,hit,1.0,hit,9.0,hit,1628.0,hit,1659.0,hit,1715.0,hit,1775.0,hit,1782.0,hit,2908.0,hit,5.0000000000000036,0,False,False,False,False,,5.0000000000000036,0,False,False,False,False,,5.0000000000000036,0,False,False,False,False,,5.0000000000000036,0,False,False,False,False,,1.0,2022-01-04T09:32:00-05:00,0.9500000000000028,7847.040000000002,2.0,2022-01-04T09:33:00-05:00,1.2000000000000028,7347.040000000002,3.0,2022-01-04T09:34:00-05:00,1.3499999999999979,7047.040000000012,2.0,2022-01-04T09:33:00-05:00,1.2000000000000028,7347.040000000002,1.0,2022-01-04T09:32:00-05:00,0.9500000000000028,7847.040000000002,2.0,2022-01-04T09:33:00-05:00,1.2000000000000028,7347.040000000002,3.0,2022-01-04T09:34:00-05:00,1.3499999999999979,7047.040000000012,2.0,2022-01-04T09:33:00-05:00,1.2000000000000028,7347.040000000002,7.0,2022-01-04T09:38:00-05:00,0.9499999999999957,7847.040000000016,,,,,,,,,8.0,2022-01-04T09:39:00-05:00,1.0,7747.040000000008,9.0,2022-01-04T09:40:00-05:00,0.3000000000000007,9147.040000000008,,,,,,,,,10.0,2022-01-04T09:41:00-05:00,1.0,7747.040000000008,150
2022-01-04,2022-01-07,3,6.0,2022-01-04T09:31:00-05:00,5.900000000000006,NDXP  220107P16570000,NDXP  220107P16560000,development,False,False,0,0,0,269,0,1335,available,False,2022-01-04T09:31:00-05:00,2022-01-07T16:00:00-05:00,9.75,-7952.95999999999,0.0,last_observed_quote_not_settlement,1038.0,1106,9,5.5,547.040000000012,2022-01-04T09:32:00-05:00,0.0,2.1000000000000227,7347.039999999966,2022-01-04T09:33:00-05:00,0.0,5.899999999999977,-252.95999999994245,2022-01-04T09:36:00-05:00,0.0,5.599999999999994,347.04000000002344,2022-01-04T09:41:00-05:00,0.0,5.699999999999989,147.0400000000348,2022-01-04T09:46:00-05:00,0.0,6.25,-952.959999999988,2022-01-04T10:01:00-05:00,0.0,7.299999999999983,-3052.9599999999537,2022-01-04T10:31:00-05:00,0.0,9.0,-6452.95999999999,2022-01-04T11:31:00-05:00,0.0,8.749999999999943,-5952.959999999876,2022-01-04T16:00:00-05:00,0.0,,,2022-01-05T15:59:00-05:00,60.0,10.0,-8352.959999999988,2022-01-06T16:00:00-05:00,0.0,9.75,-7952.95999999999,2022-01-07T16:00:00-05:00,0.0,1.0,hit,2.0,hit,2.0,hit,2.0,hit,,never_hit,,never_hit,,never_hit,31.0,hit,41.0,hit,42.0,hit,68.0,hit,87.0,hit,163.0,hit,5.900000000000006,0,False,False,False,False,,,,True,True,True,False,3.799999999999983,,,True,True,True,False,3.799999999999983,,,True,True,True,False,3.799999999999983,2.0,2022-01-04T09:33:00-05:00,2.1000000000000227,7347.039999999966,,,,,,,,,3.0,2022-01-04T09:34:00-05:00,5.800000000000011,-52.96000000001066,,,,,,,,,,,,,,,,,,,,,,,,,,,,,,,,,,,,,,,,,,,,,,,,,151
2022-01-04,2022-01-07,3,7.0,2022-01-04T09:31:00-05:00,7.0,NDXP  220107P16660000,NDXP  220107P16650000,development,False,False,0,0,0,365,0,1239,available,False,2022-01-04T09:31:00-05:00,2022-01-07T16:00:00-05:00,10.0,-6152.96,0.0,last_observed_quote_not_settlement,1036.0,942,25,6.899999999999977,-52.959999999953816,2022-01-04T09:32:00-05:00,0.0,8.300000000000011,-2852.9600000000237,2022-01-04T09:33:00-05:00,0.0,7.249999999999972,-752.9599999999425,2022-01-04T09:36:00-05:00,0.0,7.049999999999983,-352.9599999999652,2022-01-04T09:41:00-05:00,0.0,7.050000000000011,-352.96000000002203,2022-01-04T09:46:00-05:00,0.0,7.650000000000006,-1552.9600000000107,2022-01-04T10:01:00-05:00,0.0,8.349999999999966,-2952.9599999999327,2022-01-04T10:31:00-05:00,0.0,,,2022-01-04T11:30:00-05:00,60.0,9.400000000000034,-5052.960000000069,2022-01-04T16:00:00-05:00,0.0,6.250000000000114,1247.0399999997733,2022-01-05T16:00:00-05:00,0.0,,,2022-01-06T15:59:00-05:00,60.0,10.0,-6152.96,2022-01-07T16:00:00-05:00,0.0,3259.0,hit,3259.0,hit,3259.0,hit,3259.0,hit,3259.0,hit,3259.0,hit,3259.0,hit,2.0,hit,2.0,hit,0.0,hit,2.0,hit,69.0,hit,88.0,hit,10.0,739,True,True,True,True,,10.0,739,True,True,True,True,,10.0,739,True,True,True,True,,10.0,739,True,True,True,True,,3259.0,2022-01-06T15:50:00-05:00,0.15000000000009095,13447.039999999819,,,,,,,,,3260.0,2022-01-06T15:51:00-05:00,10.0,-6152.96,3259.0,2022-01-06T15:50:00-05:00,0.15000000000009095,13447.039999999819,,,,,,,,,3260.0,2022-01-06T15:51:00-05:00,10.0,-6152.96,3259.0,2022-01-06T15:50:00-05:00,0.15000000000009095,13447.039999999819,,,,,,,,,3260.0,2022-01-06T15:51:00-05:00,10.0,-6152.96,3259.0,2022-01-06T15:50:00-05:00,0.15000000000009095,13447.039999999819,,,,,,,,,3260.0,2022-01-06T15:51:00-05:00,10.0,-6152.96,152
2022-01-05,2022-01-07,2,5.0,2022-01-05T09:31:00-05:00,4.8999999999999915,NDXP  220107P16220000,NDXP  220107P16210000,development,False,False,0,0,0,105,0,1094,available,False,2022-01-05T09:31:00-05:00,2022-01-07T16:00:00-05:00,9.950000000000045,-10352.960000000015,0.0,last_observed_quote_not_settlement,1036.0,978,17,4.34999999999998,847.0400000000234,2022-01-05T09:32:00-05:00,0.0,5.849999999999994,-2152.960000000005,2022-01-05T09:33:00-05:00,0.0,6.5,-3452.9600000000164,2022-01-05T09:36:00-05:00,0.0,4.950000000000003,-352.96000000002203,2022-01-05T09:41:00-05:00,0.0,5.0,-452.96000000001635,2022-01-05T09:46:00-05:00,0.0,4.3500000000000085,847.0399999999665,2022-01-05T10:01:00-05:00,0.0,5.000000000000014,-452.9600000000448,2022-01-05T10:31:00-05:00,0.0,5.049999999999983,-552.9599999999823,2022-01-05T11:31:00-05:00,0.0,9.200000000000045,-8852.960000000108,2022-01-05T16:00:00-05:00,0.0,,,2022-01-06T15:58:00-05:00,120.0,9.950000000000045,-10352.960000000015,2022-01-07T16:00:00-05:00,0.0,,,,,0.0,hit,0.0,hit,31.0,hit,,never_hit,,never_hit,,never_hit,,never_hit,2.0,hit,4.0,hit,12.0,hit,304.0,hit,326.0,hit,373.0,hit,,,True,True,True,False,1.8499999999999943,,,True,True,True,False,1.8499999999999943,,,True,True,True,False,1.8499999999999943,,,True,True,True,False,1.8499999999999943,,,,,,,,,,,,,,,,,,,,,,,,,,,,,,,,,,,,,,,,,,,,,,,,,,,,,,,,,,,,,,,,,153
2022-01-05,2022-01-07,2,6.0,2022-01-05T09:31:00-05:00,5.950000000000017,NDXP  220107P16280000,NDXP  220107P16270000,development,False,False,0,0,0,128,0,1071,available,False,2022-01-05T09:31:00-05:00,2022-01-07T16:00:00-05:00,10.0,-8252.959999999965,0.0,last_observed_quote_not_settlement,1036.0,924,25,5.5,647.0400000000348,2022-01-05T09:32:00-05:00,0.0,6.75,-1852.9599999999652,2022-01-05T09:33:00-05:00,0.0,7.149999999999977,-2652.9599999999195,2022-01-05T09:36:00-05:00,0.0,5.949999999999989,-252.95999999994245,2022-01-05T09:41:00-05:00,0.0,6.0,-352.9599999999652,2022-01-05T09:46:00-05:00,0.0,5.25,1147.0400000000348,2022-01-05T10:01:00-05:00,0.0,5.950000000000017,-252.9599999999993,2022-01-05T10:31:00-05:00,0.0,6.299999999999983,-952.9599999999311,2022-01-05T11:31:00-05:00,0.0,8.550000000000011,-5452.95999999999,2022-01-05T16:00:00-05:00,0.0,9.75,-7852.959999999967,2022-01-06T16:00:00-05:00,0.0,10.0,-8252.959999999965,2022-01-07T16:00:00-05:00,0.0,,,,,1.0,hit,29.0,hit,1458.0,hit,,never_hit,,never_hit,,never_hit,,never_hit,2.0,hit,5.0,hit,5.0,hit,214.0,hit,286.0,hit,339.0,hit,,,True,True,True,False,2.3499999999999943,,,True,True,True,False,2.3499999999999943,,,True,True,True,False,2.3499999999999943,,,True,True,True,False,2.3499999999999943,,,,,,,,,,,,,,,,,,,,,,,,,,,,,,,,,,,,,,,,,,,,,,,,,,,,,,,,,,,,,,,,,154
2022-01-05,2022-01-07,2,7.0,2022-01-05T09:31:00-05:00,7.0,NDXP  220107P16350000,NDXP  220107P16340000,development,False,False,0,0,0,236,0,963,available,False,2022-01-05T09:31:00-05:00,2022-01-07T16:00:00-05:00,10.0,-6152.96,0.0,last_observed_quote_not_settlement,1037.0,749,18,6.699999999999989,347.04000000002344,2022-01-05T09:32:00-05:00,0.0,7.750000000000028,-1752.9600000000562,2022-01-05T09:33:00-05:00,0.0,7.999999999999972,-2252.959999999944,2022-01-05T09:36:00-05:00,0.0,7.050000000000011,-352.96000000002203,2022-01-05T09:41:00-05:00,0.0,7.099999999999966,-452.9599999999311,2022-01-05T09:46:00-05:00,0.0,6.350000000000023,1047.0399999999552,2022-01-05T10:01:00-05:00,0.0,7.049999999999983,-352.9599999999652,2022-01-05T10:31:00-05:00,0.0,7.300000000000011,-852.9600000000221,2022-01-05T11:31:00-05:00,0.0,7.900000000000091,-2052.960000000181,2022-01-05T16:00:00-05:00,0.0,9.900000000000091,-6052.960000000183,2022-01-06T16:00:00-05:00,0.0,10.0,-6152.96,2022-01-07T16:00:00-05:00,0.0,,,,,29.0,hit,,never_hit,,never_hit,,never_hit,,never_hit,,never_hit,,never_hit,2.0,hit,114.0,hit,0.0,hit,114.0,hit,198.0,hit,293.0,hit,,,True,True,True,False,1.9000000000000057,,,True,True,True,False,1.9000000000000057,,,True,True,True,False,1.9000000000000057,,,True,True,True,False,1.9000000000000057,,,,,,,,,,,,,,,,,,,,,,,,,,,,,,,,,,,,,,,,,,,,,,,,,,,,,,,,,,,,,,,,,155
2022-01-07,2022-01-10,3,5.0,2022-01-07T09:31:00-05:00,4.949999999999989,NDXP  220110P15830000,NDXP  220110P15820000,development,False,False,0,0,0,82,0,713,available,False,2022-01-07T09:31:00-05:00,2022-01-10T15:58:00-05:00,9.200000000000017,-8752.960000000057,2.0,last_observed_quote_not_settlement,3916.0,626,5,5.400000000000034,-1152.9600000000903,2022-01-07T09:32:00-05:00,0.0,5.599999999999966,-1552.9599999999539,2022-01-07T09:33:00-05:00,0.0,6.199999999999989,-2752.959999999999,2022-01-07T09:36:00-05:00,0.0,5.5,-1352.960000000022,2022-01-07T09:41:00-05:00,0.0,4.400000000000006,847.0399999999665,2022-01-07T09:46:00-05:00,0.0,5.0,-352.96000000002203,2022-01-07T10:01:00-05:00,0.0,6.700000000000017,-3752.960000000056,2022-01-07T10:31:00-05:00,0.0,7.849999999999994,-6052.960000000011,2022-01-07T11:31:00-05:00,0.0,8.450000000000045,-7252.960000000115,2022-01-07T16:00:00-05:00,0.0,,,2022-01-07T16:15:00-05:00,85500.0,,,2022-01-07T16:15:00-05:00,171900.0,,,2022-01-10T15:58:00-05:00,120.0,0.0,hit,0.0,hit,27.0,hit,4320.0,hit,,never_hit,,never_hit,,never_hit,2.0,hit,3.0,hit,51.0,hit,81.0,hit,97.0,hit,4324.0,hit,9.199999999999989,388,True,True,True,True,,,,True,True,True,False,2.0,,,True,True,True,False,2.0,,,True,True,True,False,2.0,4320.0,2022-01-10T09:31:00-05:00,2.9499999999999886,3747.040000000001,,,,,,,,,4321.0,2022-01-10T09:32:00-05:00,9.049999999999955,-8452.959999999932,,,,,,,,,,,,,,,,,,,,,,,,,,,,,,,,,,,,,,,,,,,,,,,,,156
2022-01-07,2022-01-10,3,6.0,2022-01-07T09:31:00-05:00,6.049999999999983,NDXP  220110P15870000,NDXP  220110P15860000,development,False,False,0,0,0,42,0,753,available,False,2022-01-07T09:31:00-05:00,2022-01-10T16:00:00-05:00,10.0,-8052.960000000034,0.0,last_observed_quote_not_settlement,3916.0,692,5,6.0,-152.9600000000334,2022-01-07T09:32:00-05:00,0.0,6.099999999999966,-352.9599999999652,2022-01-07T09:33:00-05:00,0.0,6.800000000000011,-1752.9600000000562,2022-01-07T09:36:00-05:00,0.0,6.099999999999994,-352.96000000002203,2022-01-07T09:41:00-05:00,0.0,5.099999999999994,1647.039999999978,2022-01-07T09:46:00-05:00,0.0,5.75,347.0399999999666,2022-01-07T10:01:00-05:00,0.0,7.350000000000023,-2852.9600000000787,2022-01-07T10:31:00-05:00,0.0,8.75,-5652.9600000000355,2022-01-07T11:31:00-05:00,0.0,8.899999999999977,-5952.95999999999,2022-01-07T16:00:00-05:00,0.0,,,2022-01-07T16:15:00-05:00,85500.0,,,2022-01-07T16:15:00-05:00,171900.0,10.0,-8052.960000000034,2022-01-10T16:00:00-05:00,0.0,14.0,hit,27.0,hit,,never_hit,,never_hit,,never_hit,,never_hit,,never_hit,3.0,hit,45.0,hit,7.0,hit,72.0,hit,107.0,hit,374.0,hit,,,True,True,True,False,1.049999999999983,,,True,True,True,False,1.049999999999983,,,True,True,True,False,1.049999999999983,,,True,True,True,False,1.049999999999983,,,,,,,,,,,,,,,,,,,,,,,,,,,,,,,,,,,,,,,,,,,,,,,,,,,,,,,,,,,,,,,,,157
2022-01-07,2022-01-10,3,7.0,2022-01-07T09:31:00-05:00,6.949999999999989,NDXP  220110P15930000,NDXP  220110P15920000,development,False,False,0,0,0,72,0,723,available,False,2022-01-07T09:31:00-05:00,2022-01-10T16:00:00-05:00,9.649999999999977,-5652.959999999978,0.0,last_observed_quote_not_settlement,3916.0,646,8,6.950000000000017,-252.96000000005614,2022-01-07T09:32:00-05:00,0.0,7.050000000000011,-452.9600000000448,2022-01-07T09:33:00-05:00,0.0,7.550000000000011,-1452.9600000000448,2022-01-07T09:36:00-05:00,0.0,7.0,-352.96000000002203,2022-01-07T09:41:00-05:00,0.0,6.099999999999966,1447.0400000000461,2022-01-07T09:46:00-05:00,0.0,6.700000000000017,247.03999999994383,2022-01-07T10:01:00-05:00,0.0,8.199999999999989,-2752.960000000001,2022-01-07T10:31:00-05:00,0.0,8.950000000000045,-4252.960000000115,2022-01-07T11:31:00-05:00,0.0,9.349999999999966,-5052.9599999999555,2022-01-07T16:00:00-05:00,0.0,,,2022-01-07T16:15:00-05:00,85500.0,,,2022-01-07T16:15:00-05:00,171900.0,9.649999999999977,-5652.959999999978,2022-01-10T16:00:00-05:00,0.0,25.0,hit,25.0,hit,25.0,hit,379.0,hit,,never_hit,,never_hit,,never_hit,4.0,hit,45.0,hit,2.0,hit,45.0,hit,51.0,hit,51.0,hit,9.800000000000011,355,True,True,True,True,,,,True,True,True,False,4.349999999999966,,,True,True,True,False,4.349999999999966,,,True,True,True,False,4.349999999999966,379.0,2022-01-07T15:50:00-05:00,2.6000000000000227,8447.039999999934,,,,,,,,,380.0,2022-01-07T15:51:00-05:00,8.75,-3852.9600000000237,,,,,,,,,,,,,,,,,,,,,,,,,,,,,,,,,,,,,,,,,,,,,,,,,158
2022-01-10,2022-01-12,2,5.0,2022-01-10T09:31:00-05:00,5.0,NDXP  220112P15460000,NDXP  220112P15450000,development,False,False,0,0,0,1,0,1199,available,False,2022-01-10T09:31:00-05:00,2022-01-12T16:00:00-05:00,0.20000000000000107,9347.039999999999,0.0,last_observed_quote_not_settlement,1036.0,260,7,5.400000000000006,-1052.9600000000107,2022-01-10T09:32:00-05:00,0.0,5.700000000000017,-1652.9600000000335,2022-01-10T09:33:00-05:00,0.0,5.850000000000023,-1952.9600000000448,2022-01-10T09:36:00-05:00,0.0,5.75,-1752.9599999999994,2022-01-10T09:41:00-05:00,0.0,5.950000000000017,-2152.9600000000332,2022-01-10T09:46:00-05:00,0.0,6.300000000000011,-2852.960000000022,2022-01-10T10:01:00-05:00,0.0,6.650000000000034,-3552.9600000000673,2022-01-10T10:31:00-05:00,0.0,6.049999999999983,-2352.959999999965,2022-01-10T11:31:00-05:00,0.0,6.649999999999984,-3552.959999999968,2022-01-10T16:00:00-05:00,0.0,0.5499999999999989,8647.040000000005,2022-01-11T16:00:00-05:00,0.0,0.20000000000000107,9347.039999999999,2022-01-12T16:00:00-05:00,0.0,,,,,0.0,hit,0.0,hit,277.0,hit,385.0,hit,1484.0,hit,1484.0,hit,1830.0,hit,2.0,hit,13.0,hit,34.0,hit,34.0,hit,72.0,hit,72.0,hit,9.650000000000034,259,True,True,True,True,,9.650000000000034,260,True,True,True,True,,9.650000000000034,260,True,True,True,True,,9.650000000000034,260,True,True,True,True,,385.0,2022-01-10T15:56:00-05:00,2.799999999999997,4147.040000000006,388.0,2022-01-10T15:59:00-05:00,2.6999999999999886,4347.040000000024,392.0,2022-01-10T16:03:00-05:00,2.700000000000017,4347.039999999966,386.0,2022-01-10T15:57:00-05:00,2.950000000000003,3847.039999999995,1484.0,2022-01-11T10:15:00-05:00,0.6499999999999915,8447.040000000019,1543.0,2022-01-11T11:14:00-05:00,1.7000000000000028,6347.039999999995,1544.0,2022-01-11T11:15:00-05:00,1.7000000000000028,6347.039999999995,1485.0,2022-01-11T10:16:00-05:00,2.6999999999999886,4347.040000000024,1484.0,2022-01-11T10:15:00-05:00,0.6499999999999915,8447.040000000019,1571.0,2022-01-11T11:42:00-05:00,0.8999999999999986,7947.040000000004,1572.0,2022-01-11T11:43:00-05:00,0.8500000000000014,8047.039999999998,1485.0,2022-01-11T10:16:00-05:00,2.6999999999999886,4347.040000000024,2880.0,2022-01-12T09:31:00-05:00,0.17499999999999982,9397.040000000003,2881.0,2022-01-12T09:32:00-05:00,0.050000000000000044,9647.040000000003,2882.0,2022-01-12T09:33:00-05:00,0.09999999999999987,9547.040000000003,2881.0,2022-01-12T09:32:00-05:00,0.050000000000000044,9647.040000000003,159
2022-01-10,2022-01-12,2,6.0,2022-01-10T09:31:00-05:00,6.050000000000011,NDXP  220112P15550000,NDXP  220112P15540000,development,False,False,0,0,0,2,0,1198,available,False,2022-01-10T09:31:00-05:00,2022-01-12T16:00:00-05:00,4.55,2747.0400000000236,0.0,last_observed_quote_not_settlement,1036.0,263,7,6.400000000000006,-952.959999999988,2022-01-10T09:32:00-05:00,0.0,6.649999999999977,-1452.9599999999311,2022-01-10T09:33:00-05:00,0.0,6.75,-1652.9599999999766,2022-01-10T09:36:00-05:00,0.0,6.75,-1652.9599999999766,2022-01-10T09:41:00-05:00,0.0,6.849999999999909,-1852.9599999997947,2022-01-10T09:46:00-05:00,0.0,7.149999999999977,-2452.959999999931,2022-01-10T10:01:00-05:00,0.0,7.350000000000023,-2852.960000000022,2022-01-10T10:31:00-05:00,0.0,7.050000000000011,-2252.959999999999,2022-01-10T11:31:00-05:00,0.0,0.15000000000000568,11547.040000000014,2022-01-10T16:00:00-05:00,0.0,0.9499999999999993,9947.040000000026,2022-01-11T16:00:00-05:00,0.0,4.55,2747.0400000000236,2022-01-12T16:00:00-05:00,0.0,,,,,274.0,hit,274.0,hit,275.0,hit,389.0,hit,389.0,hit,389.0,hit,389.0,hit,2.0,hit,23.0,hit,23.0,hit,64.0,hit,,never_hit,,never_hit,8.800000000000011,263,True,True,False,False,,8.800000000000011,263,True,True,False,False,,8.800000000000011,263,True,True,False,False,,8.800000000000011,263,True,True,False,False,,389.0,2022-01-10T16:00:00-05:00,0.15000000000000568,11547.040000000014,1542.0,2022-01-11T11:13:00-05:00,2.75,6347.040000000024,1543.0,2022-01-11T11:14:00-05:00,2.5,6847.040000000024,390.0,2022-01-10T16:01:00-05:00,3.700000000000017,4447.039999999989,389.0,2022-01-10T16:00:00-05:00,0.15000000000000568,11547.040000000014,1560.0,2022-01-11T11:31:00-05:00,1.9000000000000057,8047.040000000012,1561.0,2022-01-11T11:32:00-05:00,1.9499999999999957,7947.040000000032,390.0,2022-01-10T16:01:00-05:00,3.700000000000017,4447.039999999989,389.0,2022-01-10T16:00:00-05:00,0.15000000000000568,11547.040000000014,1766.0,2022-01-11T14:57:00-05:00,0.9000000000000021,10047.04000000002,1831.0,2022-01-11T16:02:00-05:00,0.8499999999999996,10147.040000000025,390.0,2022-01-10T16:01:00-05:00,3.700000000000017,4447.039999999989,389.0,2022-01-10T16:00:00-05:00,0.15000000000000568,11547.040000000014,2881.0,2022-01-12T09:32:00-05:00,0.04999999999999982,11747.040000000025,2882.0,2022-01-12T09:33:00-05:00,0.1499999999999999,11547.040000000023,390.0,2022-01-10T16:01:00-05:00,3.700000000000017,4447.039999999989,160
2022-01-10,2022-01-12,2,7.0,2022-01-10T09:31:00-05:00,6.9500000000000455,NDXP  220112P15630000,NDXP  220112P15620000,development,False,False,0,0,0,47,0,1153,available,False,2022-01-10T09:31:00-05:00,2022-01-12T16:00:00-05:00,0.0,13647.040000000092,0.0,last_observed_quote_not_settlement,1036.0,270,21,7.150000000000091,-652.9600000000903,2022-01-10T09:32:00-05:00,0.0,7.4500000000000455,-1252.9599999999994,2022-01-10T09:33:00-05:00,0.0,7.550000000000011,-1452.9599999999311,2022-01-10T09:36:00-05:00,0.0,7.500000000000057,-1352.960000000022,2022-01-10T09:41:00-05:00,0.0,7.350000000000023,-1052.9599999999539,2022-01-10T09:46:00-05:00,0.0,7.899999999999977,-2152.9599999998627,2022-01-10T10:01:00-05:00,0.0,8.5,-3352.95999999991,2022-01-10T10:31:00-05:00,0.0,7.800000000000011,-1952.9599999999311,2022-01-10T11:31:00-05:00,0.0,4.550000000000011,4547.040000000069,2022-01-10T16:00:00-05:00,0.0,1.3999999999999986,10847.040000000095,2022-01-11T16:00:00-05:00,0.0,0.0,13647.040000000092,2022-01-12T16:00:00-05:00,0.0,,,,,376.0,hit,385.0,hit,1482.0,hit,1484.0,hit,1573.0,hit,2880.0,hit,2880.0,hit,2.0,hit,25.0,hit,1.0,hit,25.0,hit,45.0,hit,69.0,hit,9.75,270,True,True,True,True,,9.75,270,True,True,True,True,,9.75,270,True,True,True,True,,9.75,270,True,True,True,True,,1484.0,2022-01-11T10:15:00-05:00,2.5,8647.040000000092,1548.0,2022-01-11T11:19:00-05:00,2.5,8647.040000000092,1549.0,2022-01-11T11:20:00-05:00,2.8500000000000085,7947.0400000000745,1485.0,2022-01-11T10:16:00-05:00,4.649999999999977,4347.040000000137,1573.0,2022-01-11T11:44:00-05:00,1.7999999999999972,10047.0400000001,1583.0,2022-01-11T11:54:00-05:00,1.75,10147.040000000092,1584.0,2022-01-11T11:55:00-05:00,1.9000000000000057,9847.04000000008,1574.0,2022-01-11T11:45:00-05:00,2.049999999999997,9547.0400000001,2880.0,2022-01-12T09:31:00-05:00,0.5,12647.040000000092,2881.0,2022-01-12T09:32:00-05:00,0.35000000000000053,12947.040000000092,2882.0,2022-01-12T09:33:00-05:00,0.29999999999999893,13047.040000000095,2881.0,2022-01-12T09:32:00-05:00,0.35000000000000053,12947.040000000092,2881.0,2022-01-12T09:32:00-05:00,0.35000000000000053,12947.040000000092,2882.0,2022-01-12T09:33:00-05:00,0.29999999999999893,13047.040000000095,2883.0,2022-01-12T09:34:00-05:00,0.25,13147.040000000092,2882.0,2022-01-12T09:33:00-05:00,0.29999999999999893,13047.040000000095,161
2022-01-11,2022-01-14,3,5.0,2022-01-11T09:31:00-05:00,5.0,NDXP  220114P15630000,NDXP  220114P15620000,development,False,False,0,0,0,1,0,1604,available,False,2022-01-11T09:31:00-05:00,2022-01-14T16:00:00-05:00,9.700000000000001,-9652.960000000003,0.0,last_observed_quote_not_settlement,1036.0,489,24,5.25,-752.9599999999994,2022-01-11T09:32:00-05:00,0.0,4.900000000000034,-52.9600000000675,2022-01-11T09:33:00-05:00,0.0,4.849999999999994,47.04000000001208,2022-01-11T09:36:00-05:00,0.0,5.149999999999977,-552.9599999999539,2022-01-11T09:41:00-05:00,0.0,5.350000000000023,-952.9600000000448,2022-01-11T09:46:00-05:00,0.0,4.650000000000006,447.03999999998933,2022-01-11T10:01:00-05:00,0.0,4.200000000000017,1347.0399999999665,2022-01-11T10:31:00-05:00,0.0,3.049999999999997,3647.0400000000063,2022-01-11T11:31:00-05:00,0.0,2.0500000000000114,5647.039999999978,2022-01-11T16:00:00-05:00,0.0,1.4000000000000021,6947.039999999996,2022-01-12T16:00:00-05:00,0.0,6.5,-3252.959999999999,2022-01-13T16:00:00-05:00,0.0,9.700000000000001,-9652.960000000003,2022-01-14T16:00:00-05:00,0.0,0.0,hit,0.0,hit,34.0,hit,108.0,hit,1440.0,hit,1481.0,hit,,never_hit,12.0,hit,13.0,hit,3259.0,hit,4320.0,hit,4425.0,hit,4540.0,hit,6.050000000000011,34,False,False,False,False,,6.050000000000011,34,False,False,False,False,,6.050000000000011,34,False,False,False,False,,,,True,True,True,False,4.300000000000001,122.0,2022-01-11T11:33:00-05:00,2.8999999999999915,3947.0400000000177,129.0,2022-01-11T11:40:00-05:00,2.700000000000017,4347.039999999966,130.0,2022-01-11T11:41:00-05:00,2.549999999999997,4647.040000000006,123.0,2022-01-11T11:34:00-05:00,3.0999999999999943,3547.0400000000122,1440.0,2022-01-12T09:31:00-05:00,1.4000000000000057,6947.039999999989,1441.0,2022-01-12T09:32:00-05:00,1.2999999999999972,7147.040000000006,1442.0,2022-01-12T09:33:00-05:00,1.5999999999999943,6547.040000000012,1441.0,2022-01-12T09:32:00-05:00,1.2999999999999972,7147.040000000006,2880.0,2022-01-13T09:31:00-05:00,0.8500000000000014,8047.039999999998,2883.0,2022-01-13T09:34:00-05:00,0.9000000000000057,7947.039999999989,2884.0,2022-01-13T09:35:00-05:00,0.9499999999999993,7847.040000000002,2881.0,2022-01-13T09:32:00-05:00,1.0500000000000007,7647.039999999999,,,,,,,,,,,,,,,,,162
2022-01-11,2022-01-14,3,6.0,2022-01-11T09:31:00-05:00,6.049999999999983,NDXP  220114P15730000,NDXP  220114P15720000,development,False,False,0,0,0,59,0,1546,available,False,2022-01-11T09:31:00-05:00,2022-01-14T16:00:00-05:00,10.0,-8052.960000000034,0.0,last_observed_quote_not_settlement,1036.0,446,44,6.349999999999966,-852.9599999999652,2022-01-11T09:32:00-05:00,0.0,5.899999999999977,47.04000000001208,2022-01-11T09:33:00-05:00,0.0,5.850000000000023,147.03999999992112,2022-01-11T09:36:00-05:00,0.0,6.100000000000023,-352.9600000000789,2022-01-11T09:41:00-05:00,0.0,6.350000000000023,-852.9600000000789,2022-01-11T09:46:00-05:00,0.0,5.650000000000006,547.0399999999552,2022-01-11T10:01:00-05:00,0.0,5.399999999999977,1047.040000000012,2022-01-11T10:31:00-05:00,0.0,3.950000000000017,3947.0399999999327,2022-01-11T11:31:00-05:00,0.0,2.799999999999997,6247.039999999973,2022-01-11T16:00:00-05:00,0.0,2.200000000000003,7447.039999999961,2022-01-12T16:00:00-05:00,0.0,7.450000000000017,-3052.9600000000673,2022-01-13T16:00:00-05:00,0.0,10.0,-8052.960000000034,2022-01-14T16:00:00-05:00,0.0,26.0,hit,34.0,hit,34.0,hit,147.0,hit,1440.0,hit,1442.0,hit,,never_hit,47.0,hit,47.0,hit,47.0,hit,3260.0,hit,3263.0,hit,4323.0,hit,7.899999999999977,36,True,False,False,False,,7.899999999999977,36,True,False,False,False,,7.899999999999977,36,True,False,False,False,,,,True,True,True,False,5.399999999999977,389.0,2022-01-11T16:00:00-05:00,2.799999999999997,6247.039999999973,1441.0,2022-01-12T09:32:00-05:00,1.8499999999999943,8147.039999999978,1442.0,2022-01-12T09:33:00-05:00,0.6500000000000057,10547.039999999955,390.0,2022-01-11T16:01:00-05:00,3.0500000000000114,5747.039999999944,1441.0,2022-01-12T09:32:00-05:00,1.8499999999999943,8147.039999999978,1442.0,2022-01-12T09:33:00-05:00,0.6500000000000057,10547.039999999955,1443.0,2022-01-12T09:34:00-05:00,1.7999999999999972,8247.039999999974,1442.0,2022-01-12T09:33:00-05:00,0.6500000000000057,10547.039999999955,1442.0,2022-01-12T09:33:00-05:00,0.6500000000000057,10547.039999999955,,,,,,,,,1443.0,2022-01-12T09:34:00-05:00,1.7999999999999972,8247.039999999974,,,,,,,,,,,,,,,,,163
2022-01-11,2022-01-14,3,7.0,2022-01-11T09:31:00-05:00,7.0,NDXP  220114P15810000,NDXP  220114P15800000,development,False,False,0,0,0,126,0,1479,available,False,2022-01-11T09:31:00-05:00,2022-01-14T15:58:00-05:00,10.0,-6152.96,2.0,last_observed_quote_not_settlement,1037.0,370,52,7.2000000000000455,-652.9600000000903,2022-01-11T09:32:00-05:00,0.0,6.850000000000023,47.039999999955235,2022-01-11T09:33:00-05:00,0.0,6.699999999999989,347.04000000002344,2022-01-11T09:36:00-05:00,0.0,7.400000000000034,-1052.9600000000676,2022-01-11T09:41:00-05:00,0.0,7.25,-752.9599999999994,2022-01-11T09:46:00-05:00,0.0,6.4500000000000455,847.0399999999097,2022-01-11T10:01:00-05:00,0.0,5.849999999999994,2047.0400000000122,2022-01-11T10:31:00-05:00,0.0,4.849999999999994,4047.040000000012,2022-01-11T11:31:00-05:00,0.0,3.8000000000000114,6147.039999999978,2022-01-11T16:00:00-05:00,0.0,2.9499999999999886,7847.040000000024,2022-01-12T16:00:00-05:00,0.0,9.950000000000045,-6152.96,2022-01-13T16:00:00-05:00,0.0,,,2022-01-14T15:58:00-05:00,120.0,26.0,hit,105.0,hit,134.0,hit,1440.0,hit,1480.0,hit,,never_hit,,never_hit,13.0,hit,13.0,hit,0.0,hit,13.0,hit,3224.0,hit,3224.0,hit,8.199999999999989,19,True,True,False,False,,8.199999999999989,19,True,True,False,False,,,,True,True,True,False,5.350000000000001,,,True,True,True,False,5.350000000000001,1440.0,2022-01-12T09:31:00-05:00,2.6999999999999886,8347.040000000025,1441.0,2022-01-12T09:32:00-05:00,2.4000000000000057,8947.03999999999,1442.0,2022-01-12T09:33:00-05:00,2.3000000000000043,9147.039999999994,1441.0,2022-01-12T09:32:00-05:00,2.4000000000000057,8947.03999999999,1482.0,2022-01-12T10:13:00-05:00,1.8999999999999986,9947.040000000005,,,,,,,,,1483.0,2022-01-12T10:14:00-05:00,2.0500000000000043,9647.039999999994,,,,,,,,,,,,,,,,,,,,,,,,,,,,,,,,,164
2022-01-12,2022-01-14,2,5.0,2022-01-12T09:31:00-05:00,4.949999999999989,NDXP  220114P15990000,NDXP  220114P15980000,development,False,False,0,0,0,109,0,1091,available,False,2022-01-12T09:31:00-05:00,2022-01-14T15:57:00-05:00,9.649999999999977,-9652.959999999977,3.0,last_observed_quote_not_settlement,1036.0,948,36,4.549999999999983,547.040000000012,2022-01-12T09:32:00-05:00,0.0,4.25,1147.039999999978,2022-01-12T09:33:00-05:00,0.0,4.900000000000006,-152.9600000000334,2022-01-12T09:36:00-05:00,0.0,4.900000000000034,-152.96000000009025,2022-01-12T09:41:00-05:00,0.0,5.300000000000011,-952.9600000000448,2022-01-12T09:46:00-05:00,0.0,4.600000000000023,447.0399999999325,2022-01-12T10:01:00-05:00,0.0,4.649999999999977,347.04000000002344,2022-01-12T10:31:00-05:00,0.0,5.799999999999983,-1952.959999999988,2022-01-12T11:31:00-05:00,0.0,5.850000000000023,-2052.9600000000673,2022-01-12T16:00:00-05:00,0.0,8.149999999999977,-6652.959999999978,2022-01-13T16:00:00-05:00,0.0,,,2022-01-14T15:57:00-05:00,180.0,,,,,0.0,hit,0.0,hit,19.0,hit,19.0,hit,,never_hit,,never_hit,,never_hit,12.0,hit,34.0,hit,96.0,hit,97.0,hit,1522.0,hit,1609.0,hit,5.850000000000023,8,False,False,False,False,,,,True,True,True,False,2.349999999999966,,,True,True,True,False,2.349999999999966,,,True,True,True,False,2.349999999999966,19.0,2022-01-12T09:50:00-05:00,2.7499999999999716,4147.0400000000345,,,,,,,,,20.0,2022-01-12T09:51:00-05:00,5.199999999999989,-752.9599999999994,,,,,,,,,,,,,,,,,,,,,,,,,,,,,,,,,,,,,,,,,,,,,,,,,165
2022-01-12,2022-01-14,2,6.0,2022-01-12T09:31:00-05:00,5.949999999999989,NDXP  220114P16060000,NDXP  220114P16050000,development,False,False,0,0,0,136,0,1064,available,False,2022-01-12T09:31:00-05:00,2022-01-14T16:00:00-05:00,10.0,-8252.960000000021,0.0,last_observed_quote_not_settlement,1036.0,907,17,5.5,647.0399999999779,2022-01-12T09:32:00-05:00,0.0,5.249999999999972,1147.0400000000348,2022-01-12T09:33:00-05:00,0.0,5.850000000000023,-52.9600000000675,2022-01-12T09:36:00-05:00,0.0,6.0,-352.96000000002203,2022-01-12T09:41:00-05:00,0.0,6.25,-852.9600000000221,2022-01-12T09:46:00-05:00,0.0,5.600000000000023,447.0399999999325,2022-01-12T10:01:00-05:00,0.0,5.600000000000023,447.0399999999325,2022-01-12T10:31:00-05:00,0.0,6.449999999999989,-1252.9599999999994,2022-01-12T11:31:00-05:00,0.0,7.0,-2352.960000000022,2022-01-12T16:00:00-05:00,0.0,8.799999999999955,-5952.959999999933,2022-01-13T16:00:00-05:00,0.0,10.0,-8252.960000000021,2022-01-14T16:00:00-05:00,0.0,,,,,1.0,hit,4.0,hit,4.0,hit,4.0,hit,,never_hit,,never_hit,,never_hit,14.0,hit,14.0,hit,14.0,hit,14.0,hit,1490.0,hit,1540.0,hit,5.949999999999989,0,False,False,False,False,,,,True,True,True,False,3.0999999999999943,,,True,True,True,False,3.0999999999999943,,,True,True,True,False,3.0999999999999943,4.0,2022-01-12T09:35:00-05:00,2.8499999999999943,5947.039999999989,,,,,,,,,5.0,2022-01-12T09:36:00-05:00,5.850000000000023,-52.9600000000675,,,,,,,,,,,,,,,,,,,,,,,,,,,,,,,,,,,,,,,,,,,,,,,,,166
2022-01-12,2022-01-14,2,7.0,2022-01-12T09:31:00-05:00,7.0,NDXP  220114P16720000,NDXP  220114P16710000,development,False,False,0,0,0,259,0,941,available,False,2022-01-12T09:31:00-05:00,2022-01-14T16:00:00-05:00,10.0,-6152.96,0.0,last_observed_quote_not_settlement,1037.0,739,3,7.850000000000023,-1952.9600000000448,2022-01-12T09:32:00-05:00,0.0,,,2022-01-12T09:32:00-05:00,60.0,9.600000000000136,-5452.960000000274,2022-01-12T09:36:00-05:00,0.0,9.25,-4752.960000000001,2022-01-12T09:41:00-05:00,0.0,9.649999999999977,-5552.9599999999555,2022-01-12T09:46:00-05:00,0.0,9.950000000000045,-6152.96,2022-01-12T10:01:00-05:00,0.0,,,2022-01-12T10:30:00-05:00,60.0,9.799999999999955,-5852.95999999991,2022-01-12T11:31:00-05:00,0.0,6.100000000000023,1547.0399999999552,2022-01-12T16:00:00-05:00,0.0,7.149999999999864,-552.9599999997265,2022-01-13T16:00:00-05:00,0.0,10.0,-6152.96,2022-01-14T16:00:00-05:00,0.0,,,,,,never_hit,,never_hit,,never_hit,,never_hit,,never_hit,,never_hit,,never_hit,1.0,hit,3.0,hit,0.0,hit,3.0,hit,3.0,hit,3.0,hit,,,True,True,True,False,0.8999999999999773,,,True,True,True,False,0.8999999999999773,,,True,True,True,False,0.8999999999999773,,,True,True,True,False,0.8999999999999773,,,,,,,,,,,,,,,,,,,,,,,,,,,,,,,,,,,,,,,,,,,,,,,,,,,,,,,,,,,,,,,,,167
2022-01-21,2022-01-24,3,5.0,2022-01-21T09:31:00-05:00,5.0,NDXP  220124P14790000,NDXP  220124P14780000,development,False,False,0,0,0,115,0,676,available,False,2022-01-21T09:31:00-05:00,2022-01-24T15:59:00-05:00,10.0,-10152.96,1.0,last_observed_quote_not_settlement,3918.0,530,20,5.949999999999989,-2152.9599999999764,2022-01-21T09:32:00-05:00,0.0,4.5,747.0400000000006,2022-01-21T09:33:00-05:00,0.0,4.399999999999977,947.0400000000461,2022-01-21T09:36:00-05:00,0.0,4.650000000000006,447.03999999998933,2022-01-21T09:41:00-05:00,0.0,5.349999999999994,-952.959999999988,2022-01-21T09:46:00-05:00,0.0,5.849999999999994,-1952.959999999988,2022-01-21T10:01:00-05:00,0.0,5.899999999999977,-2052.9599999999537,2022-01-21T10:31:00-05:00,0.0,4.0,1747.0400000000006,2022-01-21T11:31:00-05:00,0.0,8.0,-6252.960000000001,2022-01-21T16:00:00-05:00,0.0,,,2022-01-21T16:15:00-05:00,85500.0,,,2022-01-21T16:15:00-05:00,171900.0,,,2022-01-24T15:59:00-05:00,60.0,0.0,hit,0.0,hit,68.0,hit,96.0,hit,4686.0,hit,4686.0,hit,4686.0,hit,1.0,hit,24.0,hit,51.0,hit,358.0,hit,385.0,hit,4322.0,hit,7.100000000000023,64,True,False,False,False,,10.0,516,True,True,True,True,,10.0,516,True,True,True,True,,10.0,516,True,True,True,True,,96.0,2022-01-21T11:07:00-05:00,2.150000000000034,5447.039999999933,97.0,2022-01-21T11:08:00-05:00,2.9000000000000057,3947.0399999999895,,,,,97.0,2022-01-21T11:08:00-05:00,2.9000000000000057,3947.0399999999895,4686.0,2022-01-24T15:37:00-05:00,0.5,8747.04,,,,,,,,,4687.0,2022-01-24T15:38:00-05:00,10.0,-10152.96,4686.0,2022-01-24T15:37:00-05:00,0.5,8747.04,,,,,,,,,4687.0,2022-01-24T15:38:00-05:00,10.0,-10152.96,,,,,,,,,,,,,,,,,168
2022-01-21,2022-01-24,3,6.0,2022-01-21T09:31:00-05:00,6.0,NDXP  220124P14890000,NDXP  220124P14880000,development,False,False,0,0,0,61,0,730,available,False,2022-01-21T09:31:00-05:00,2022-01-24T15:59:00-05:00,10.0,-8152.96,1.0,last_observed_quote_not_settlement,3916.0,614,17,5.600000000000023,547.0399999999552,2022-01-21T09:32:00-05:00,0.0,5.800000000000011,147.03999999997797,2022-01-21T09:33:00-05:00,0.0,5.449999999999989,847.0400000000234,2022-01-21T09:36:00-05:00,0.0,7.049999999999983,-2352.959999999965,2022-01-21T09:41:00-05:00,0.0,6.350000000000023,-952.9600000000448,2022-01-21T09:46:00-05:00,0.0,6.75,-1752.9599999999994,2022-01-21T10:01:00-05:00,0.0,6.899999999999977,-2052.9599999999537,2022-01-21T10:31:00-05:00,0.0,5.099999999999994,1547.040000000012,2022-01-21T11:31:00-05:00,0.0,7.649999999999977,-3552.9599999999537,2022-01-21T16:00:00-05:00,0.0,,,2022-01-21T16:15:00-05:00,85500.0,,,2022-01-21T16:15:00-05:00,171900.0,,,2022-01-24T15:59:00-05:00,60.0,3.0,hit,97.0,hit,,never_hit,,never_hit,,never_hit,,never_hit,,never_hit,10.0,hit,10.0,hit,10.0,hit,300.0,hit,305.0,hit,396.0,hit,,,True,True,True,False,1.900000000000091,,,True,True,True,False,1.900000000000091,,,True,True,True,False,1.900000000000091,,,True,True,True,False,1.900000000000091,,,,,,,,,,,,,,,,,,,,,,,,,,,,,,,,,,,,,,,,,,,,,,,,,,,,,,,,,,,,,,,,,169
2022-01-21,2022-01-24,3,7.0,2022-01-21T09:31:00-05:00,6.949999999999989,NDXP  220124P14980000,NDXP  220124P14970000,development,False,False,0,0,0,85,0,706,available,False,2022-01-21T09:31:00-05:00,2022-01-24T15:59:00-05:00,9.900000000000034,-6152.960000000092,1.0,last_observed_quote_not_settlement,3916.0,568,42,6.5,647.0399999999779,2022-01-21T09:32:00-05:00,0.0,6.5,647.0399999999779,2022-01-21T09:33:00-05:00,0.0,6.450000000000017,747.0399999999438,2022-01-21T09:36:00-05:00,0.0,7.7000000000000455,-1752.960000000113,2022-01-21T09:41:00-05:00,0.0,7.150000000000034,-652.9600000000903,2022-01-21T09:46:00-05:00,0.0,7.600000000000023,-1552.9600000000676,2022-01-21T10:01:00-05:00,0.0,7.649999999999977,-1652.9599999999766,2022-01-21T10:31:00-05:00,0.0,6.149999999999977,1347.0400000000234,2022-01-21T11:31:00-05:00,0.0,8.350000000000023,-3052.960000000069,2022-01-21T16:00:00-05:00,0.0,,,2022-01-21T16:15:00-05:00,85500.0,,,2022-01-21T16:15:00-05:00,171900.0,,,2022-01-24T15:59:00-05:00,60.0,81.0,hit,329.0,hit,4348.0,hit,4348.0,hit,4348.0,hit,,never_hit,,never_hit,10.0,hit,34.0,hit,10.0,hit,34.0,hit,45.0,hit,45.0,hit,10.0,349,True,True,True,True,,10.0,349,True,True,True,True,,,,True,True,True,False,5.799999999999898,,,True,True,True,False,5.799999999999898,4348.0,2022-01-24T09:59:00-05:00,1.150000000000091,11347.039999999797,,,,,,,,,4349.0,2022-01-24T10:00:00-05:00,10.0,-6252.960000000023,4348.0,2022-01-24T09:59:00-05:00,1.150000000000091,11347.039999999797,,,,,,,,,4349.0,2022-01-24T10:00:00-05:00,10.0,-6252.960000000023,,,,,,,,,,,,,,,,,,,,,,,,,,,,,,,,,170
2022-01-24,2022-01-26,2,5.0,2022-01-24T09:31:00-05:00,4.999999999999943,NDXP  220126P14240000,NDXP  220126P14230000,development,False,False,0,0,0,4,0,1196,available,False,2022-01-24T09:31:00-05:00,2022-01-26T16:00:00-05:00,9.700000000000003,-9652.96000000012,0.0,last_observed_quote_not_settlement,1036.0,586,52,4.899999999999977,-52.9600000000675,2022-01-24T09:32:00-05:00,0.0,4.850000000000023,47.03999999984155,2022-01-24T09:33:00-05:00,0.0,4.7999999999999545,147.03999999997797,2022-01-24T09:36:00-05:00,0.0,4.150000000000034,1447.0399999998187,2022-01-24T09:41:00-05:00,0.0,5.150000000000034,-552.9600000001813,2022-01-24T09:46:00-05:00,0.0,5.050000000000068,-352.9600000002494,2022-01-24T10:01:00-05:00,0.0,5.350000000000023,-952.9600000001585,2022-01-24T10:31:00-05:00,0.0,5.9500000000000455,-2152.9600000002038,2022-01-24T11:31:00-05:00,0.0,2.749999999999986,4247.039999999915,2022-01-24T16:00:00-05:00,0.0,5.0,-252.96000000011298,2022-01-25T16:00:00-05:00,0.0,9.700000000000003,-9652.96000000012,2022-01-26T16:00:00-05:00,0.0,,,,,0.0,hit,0.0,hit,231.0,hit,369.0,hit,1819.0,hit,3155.0,hit,3155.0,hit,11.0,hit,48.0,hit,48.0,hit,184.0,hit,3230.0,hit,3230.0,hit,8.899999999999977,295,True,True,False,False,,8.899999999999977,515,True,True,False,False,,8.899999999999977,536,True,True,False,False,,8.899999999999977,536,True,True,False,False,,369.0,2022-01-24T15:40:00-05:00,2.5999999999999943,4547.039999999898,382.0,2022-01-24T15:53:00-05:00,2.9499999999999886,3847.03999999991,389.0,2022-01-24T16:00:00-05:00,2.749999999999986,4247.039999999915,370.0,2022-01-24T15:41:00-05:00,3.5,2747.039999999887,1819.0,2022-01-25T15:50:00-05:00,1.700000000000017,6347.039999999853,3046.0,2022-01-26T12:17:00-05:00,1.9000000000000057,5947.039999999875,3047.0,2022-01-26T12:18:00-05:00,1.6499999999999986,6447.03999999989,1820.0,2022-01-25T15:51:00-05:00,4.949999999999989,-152.96000000009025,3155.0,2022-01-26T14:06:00-05:00,0.5,8747.039999999888,3156.0,2022-01-26T14:07:00-05:00,0.8499999999999996,8047.039999999888,3157.0,2022-01-26T14:08:00-05:00,0.4499999999999993,8847.03999999989,3156.0,2022-01-26T14:07:00-05:00,0.8499999999999996,8047.039999999888,3157.0,2022-01-26T14:08:00-05:00,0.4499999999999993,8847.03999999989,,,,,,,,,3158.0,2022-01-26T14:09:00-05:00,0.9499999999999993,7847.039999999888,171
2022-01-24,2022-01-26,2,6.0,2022-01-24T09:31:00-05:00,6.0,NDXP  220126P14400000,NDXP  220126P14390000,development,False,False,0,0,2,14,0,1184,available,False,2022-01-24T09:31:00-05:00,2022-01-26T15:59:00-05:00,10.0,-8152.96,1.0,last_observed_quote_not_settlement,1036.0,588,73,5.900000000000034,-52.9600000000675,2022-01-24T09:32:00-05:00,0.0,5.850000000000023,47.039999999955235,2022-01-24T09:33:00-05:00,0.0,5.75,247.04000000000067,2022-01-24T09:36:00-05:00,0.0,8.849999999999909,-5952.959999999819,2022-01-24T09:41:00-05:00,0.0,6.249999999999943,-752.9599999998857,2022-01-24T09:46:00-05:00,0.0,6.0,-252.9599999999993,2022-01-24T10:01:00-05:00,0.0,6.350000000000023,-952.9600000000448,2022-01-24T10:31:00-05:00,0.0,6.849999999999966,-1952.9599999999311,2022-01-24T11:31:00-05:00,0.0,3.650000000000034,4447.039999999933,2022-01-24T16:00:00-05:00,0.0,6.800000000000011,-1852.960000000022,2022-01-25T16:00:00-05:00,0.0,,,2022-01-26T15:59:00-05:00,60.0,,,,,9.0,hit,48.0,hit,48.0,hit,100.0,hit,3150.0,hit,,never_hit,,never_hit,10.0,hit,10.0,hit,10.0,hit,10.0,hit,124.0,hit,124.0,hit,8.849999999999909,79,True,True,False,False,,9.550000000000011,539,True,True,True,True,,,,True,True,True,False,4.6000000000000085,,,True,True,True,False,4.6000000000000085,100.0,2022-01-24T11:11:00-05:00,2.8000000000000114,6147.039999999978,3074.0,2022-01-26T12:45:00-05:00,2.8000000000000114,6147.039999999978,3075.0,2022-01-26T12:46:00-05:00,2.8500000000000085,6047.039999999984,101.0,2022-01-24T11:12:00-05:00,6.850000000000023,-1952.9600000000448,3150.0,2022-01-26T14:01:00-05:00,1.3999999999999915,8947.040000000019,,,,,,,,,3151.0,2022-01-26T14:02:00-05:00,2.549999999999997,6647.040000000006,,,,,,,,,,,,,,,,,,,,,,,,,,,,,,,,,172
2022-01-24,2022-01-26,2,7.0,2022-01-24T09:31:00-05:00,7.0,NDXP  220126P14610000,NDXP  220126P14600000,development,False,False,0,0,2,52,0,1145,available,False,2022-01-24T09:31:00-05:00,2022-01-26T15:59:00-05:00,10.0,-6152.96,1.0,last_observed_quote_not_settlement,1036.0,674,94,7.199999999999989,-652.9599999999766,2022-01-24T09:32:00-05:00,0.0,7.149999999999977,-552.9599999999539,2022-01-24T09:33:00-05:00,0.0,7.099999999999909,-452.9599999998174,2022-01-24T09:36:00-05:00,0.0,9.75,-5752.960000000001,2022-01-24T09:41:00-05:00,0.0,7.5,-1252.9599999999994,2022-01-24T09:46:00-05:00,0.0,7.399999999999864,-1052.9599999997265,2022-01-24T10:01:00-05:00,0.0,7.4500000000000455,-1152.9600000000903,2022-01-24T10:31:00-05:00,0.0,8.25,-2752.960000000001,2022-01-24T11:31:00-05:00,0.0,5.25,3247.040000000001,2022-01-24T16:00:00-05:00,0.0,8.300000000000011,-2852.9600000000237,2022-01-25T16:00:00-05:00,0.0,,,2022-01-26T15:59:00-05:00,60.0,,,,,26.0,hit,26.0,hit,26.0,hit,41.0,hit,41.0,hit,41.0,hit,,never_hit,10.0,hit,10.0,hit,0.0,hit,10.0,hit,10.0,hit,10.0,hit,9.75,36,True,True,True,True,,9.75,36,True,True,True,True,,9.75,36,True,True,True,True,,,,True,True,True,False,6.199999999999932,41.0,2022-01-24T10:12:00-05:00,0.8000000000000682,12147.039999999864,,,,,,,,,42.0,2022-01-24T10:13:00-05:00,6.4500000000000455,847.0399999999097,41.0,2022-01-24T10:12:00-05:00,0.8000000000000682,12147.039999999864,,,,,,,,,42.0,2022-01-24T10:13:00-05:00,6.4500000000000455,847.0399999999097,41.0,2022-01-24T10:12:00-05:00,0.8000000000000682,12147.039999999864,,,,,,,,,42.0,2022-01-24T10:13:00-05:00,6.4500000000000455,847.0399999999097,,,,,,,,,,,,,,,,,173
2022-01-25,2022-01-28,3,5.0,2022-01-25T09:31:00-05:00,5.0499999999999545,NDXP  220128P14370000,NDXP  220128P14360000,development,False,False,0,0,1,10,0,1592,available,False,2022-01-25T09:31:00-05:00,2022-01-28T16:00:00-05:00,0.0,9847.03999999991,0.0,last_observed_quote_not_settlement,1036.0,1040,82,4.900000000000034,47.03999999984155,2022-01-25T09:32:00-05:00,0.0,5.2999999999999545,-752.9599999999994,2022-01-25T09:33:00-05:00,0.0,4.949999999999932,-52.959999999953816,2022-01-25T09:36:00-05:00,0.0,5.2000000000000455,-552.9600000001813,2022-01-25T09:41:00-05:00,0.0,5.449999999999932,-1052.9599999999539,2022-01-25T09:46:00-05:00,0.0,5.600000000000023,-1352.9600000001358,2022-01-25T10:01:00-05:00,0.0,5.300000000000068,-752.9600000002267,2022-01-25T10:31:00-05:00,0.0,5.75,-1652.9600000000903,2022-01-25T11:31:00-05:00,0.0,4.2000000000000455,1447.0399999998187,2022-01-25T16:00:00-05:00,0.0,,,2022-01-26T15:59:00-05:00,60.0,8.599999999999966,-7352.960000000024,2022-01-27T16:00:00-05:00,0.0,0.0,9847.03999999991,2022-01-28T16:00:00-05:00,0.0,0.0,hit,1.0,hit,19.0,hit,29.0,hit,29.0,hit,4704.0,hit,4706.0,hit,17.0,hit,103.0,hit,1780.0,hit,1820.0,hit,1820.0,hit,3209.0,hit,5.850000000000023,19,False,False,False,False,,5.850000000000023,19,False,False,False,False,,10.0,1040,True,True,True,True,,10.0,1040,True,True,True,True,,29.0,2022-01-25T10:00:00-05:00,1.0500000000000114,7747.039999999887,1716.0,2022-01-26T14:07:00-05:00,2.75,4347.03999999991,1717.0,2022-01-26T14:08:00-05:00,2.849999999999966,4147.039999999978,30.0,2022-01-25T10:01:00-05:00,5.600000000000023,-1352.9600000001358,29.0,2022-01-25T10:00:00-05:00,1.0500000000000114,7747.039999999887,4705.0,2022-01-28T15:56:00-05:00,1.7249999999999996,6397.039999999911,4706.0,2022-01-28T15:57:00-05:00,0.125,9597.03999999991,30.0,2022-01-25T10:01:00-05:00,5.600000000000023,-1352.9600000001358,4704.0,2022-01-28T15:55:00-05:00,0.9250000000000003,7997.039999999908,4707.0,2022-01-28T15:58:00-05:00,0.44999999999999996,8947.03999999991,4708.0,2022-01-28T15:59:00-05:00,0.025000000000000022,9797.03999999991,4705.0,2022-01-28T15:56:00-05:00,1.7249999999999996,6397.039999999911,4706.0,2022-01-28T15:57:00-05:00,0.125,9597.03999999991,4707.0,2022-01-28T15:58:00-05:00,0.44999999999999996,8947.03999999991,4708.0,2022-01-28T15:59:00-05:00,0.025000000000000022,9797.03999999991,4707.0,2022-01-28T15:58:00-05:00,0.44999999999999996,8947.03999999991,174
2022-01-25,2022-01-28,3,6.0,2022-01-25T09:31:00-05:00,6.0,NDXP  220128P14490000,NDXP  220128P14480000,development,False,False,0,0,2,84,0,1518,available,False,2022-01-25T09:31:00-05:00,2022-01-28T16:00:00-05:00,9.95,-8152.96,0.0,last_observed_quote_not_settlement,1036.0,875,79,5.5,747.0400000000006,2022-01-25T09:32:00-05:00,0.0,5.850000000000023,47.039999999955235,2022-01-25T09:33:00-05:00,0.0,5.600000000000023,547.0399999999552,2022-01-25T09:36:00-05:00,0.0,5.599999999999909,547.0400000001825,2022-01-25T09:41:00-05:00,0.0,6.149999999999977,-552.9599999999539,2022-01-25T09:46:00-05:00,0.0,6.300000000000182,-852.9600000003632,2022-01-25T10:01:00-05:00,0.0,5.9500000000000455,-152.96000000009025,2022-01-25T10:31:00-05:00,0.0,6.449999999999932,-1152.959999999863,2022-01-25T11:31:00-05:00,0.0,6.199999999999989,-652.9599999999766,2022-01-25T16:00:00-05:00,0.0,,,2022-01-26T15:59:00-05:00,60.0,8.449999999999989,-5152.959999999978,2022-01-27T16:00:00-05:00,0.0,9.95,-8152.96,2022-01-28T16:00:00-05:00,0.0,1.0,hit,29.0,hit,29.0,hit,29.0,hit,29.0,hit,29.0,hit,29.0,hit,6.0,hit,129.0,hit,129.0,hit,242.0,hit,1773.0,hit,1773.0,hit,6.849999999999966,15,False,False,False,False,,6.849999999999966,15,False,False,False,False,,6.849999999999966,15,False,False,False,False,,6.849999999999966,15,False,False,False,False,,29.0,2022-01-25T10:00:00-05:00,0.3000000000001819,11147.039999999637,,,,,,,,,30.0,2022-01-25T10:01:00-05:00,6.300000000000182,-852.9600000003632,29.0,2022-01-25T10:00:00-05:00,0.3000000000001819,11147.039999999637,,,,,,,,,30.0,2022-01-25T10:01:00-05:00,6.300000000000182,-852.9600000003632,29.0,2022-01-25T10:00:00-05:00,0.3000000000001819,11147.039999999637,,,,,,,,,30.0,2022-01-25T10:01:00-05:00,6.300000000000182,-852.9600000003632,29.0,2022-01-25T10:00:00-05:00,0.3000000000001819,11147.039999999637,,,,,,,,,30.0,2022-01-25T10:01:00-05:00,6.300000000000182,-852.9600000003632,175
2022-01-25,2022-01-28,3,7.0,2022-01-25T09:31:00-05:00,6.9500000000000455,NDXP  220128P14670000,NDXP  220128P14660000,development,False,False,0,0,2,195,0,1407,available,False,2022-01-25T09:31:00-05:00,2022-01-28T16:00:00-05:00,7.25,-852.9599999999084,0.0,last_observed_quote_not_settlement,1037.0,778,106,6.5499999999999545,547.0400000001825,2022-01-25T09:32:00-05:00,0.0,6.899999999999977,-152.95999999986287,2022-01-25T09:33:00-05:00,0.0,6.649999999999977,347.0400000001371,2022-01-25T09:36:00-05:00,0.0,6.649999999999977,347.0400000001371,2022-01-25T09:41:00-05:00,0.0,7.149999999999977,-652.9599999998629,2022-01-25T09:46:00-05:00,0.0,7.2999999999999545,-952.9599999998175,2022-01-25T10:01:00-05:00,0.0,6.949999999999932,-252.95999999977192,2022-01-25T10:31:00-05:00,0.0,7.449999999999932,-1252.959999999772,2022-01-25T11:31:00-05:00,0.0,7.600000000000023,-1552.9599999999539,2022-01-25T16:00:00-05:00,0.0,,,2022-01-26T15:59:00-05:00,60.0,8.849999999999909,-4052.959999999728,2022-01-27T16:00:00-05:00,0.0,7.25,-852.9599999999084,2022-01-28T16:00:00-05:00,0.0,104.0,hit,121.0,hit,121.0,hit,121.0,hit,121.0,hit,121.0,hit,121.0,hit,22.0,hit,24.0,hit,15.0,hit,24.0,hit,343.0,hit,343.0,hit,8.100000000000023,91,True,True,False,False,,8.100000000000023,91,True,True,False,False,,8.100000000000023,91,True,True,False,False,,8.100000000000023,91,True,True,False,False,,121.0,2022-01-25T11:32:00-05:00,0.049999999999954525,13547.040000000183,,,,,,,,,122.0,2022-01-25T11:33:00-05:00,7.5,-1352.9599999999084,121.0,2022-01-25T11:32:00-05:00,0.049999999999954525,13547.040000000183,,,,,,,,,122.0,2022-01-25T11:33:00-05:00,7.5,-1352.9599999999084,121.0,2022-01-25T11:32:00-05:00,0.049999999999954525,13547.040000000183,,,,,,,,,122.0,2022-01-25T11:33:00-05:00,7.5,-1352.9599999999084,121.0,2022-01-25T11:32:00-05:00,0.049999999999954525,13547.040000000183,,,,,,,,,122.0,2022-01-25T11:33:00-05:00,7.5,-1352.9599999999084,176
2022-01-26,2022-01-28,2,5.0,2022-01-26T09:31:00-05:00,5.0,NDXP  220128P14590000,NDXP  220128P14580000,development,False,False,0,0,0,158,0,1041,available,False,2022-01-26T09:31:00-05:00,2022-01-28T16:00:00-05:00,10.0,-10152.96,0.0,last_observed_quote_not_settlement,1037.0,797,63,4.5,747.0400000000006,2022-01-26T09:32:00-05:00,0.0,5.25,-752.9599999999994,2022-01-26T09:33:00-05:00,0.0,5.7000000000000455,-1652.9600000000903,2022-01-26T09:36:00-05:00,0.0,6.25,-2752.959999999999,2022-01-26T09:41:00-05:00,0.0,5.650000000000034,-1552.9600000000676,2022-01-26T09:46:00-05:00,0.0,5.050000000000011,-352.96000000002203,2022-01-26T10:01:00-05:00,0.0,5.800000000000068,-1852.9600000001358,2022-01-26T10:31:00-05:00,0.0,5.350000000000023,-952.9600000000448,2022-01-26T11:31:00-05:00,0.0,,,2022-01-26T15:59:00-05:00,60.0,,,2022-01-27T15:59:00-05:00,60.0,10.0,-10152.96,2022-01-28T16:00:00-05:00,0.0,,,,,0.0,hit,0.0,hit,34.0,hit,333.0,hit,,never_hit,,never_hit,,never_hit,5.0,hit,10.0,hit,318.0,hit,335.0,hit,380.0,hit,1616.0,hit,7.25,209,True,False,False,False,,,,True,True,True,False,2.250000000000057,,,True,True,True,False,2.250000000000057,,,True,True,True,False,2.250000000000057,333.0,2022-01-26T15:04:00-05:00,2.849999999999909,4047.0400000001828,,,,,,,,,334.0,2022-01-26T15:05:00-05:00,7.649999999999977,-5552.959999999954,,,,,,,,,,,,,,,,,,,,,,,,,,,,,,,,,,,,,,,,,,,,,,,,,177
2022-01-26,2022-01-28,2,6.0,2022-01-26T09:31:00-05:00,6.0,NDXP  220128P14570000,NDXP  220128P14560000,development,False,False,0,0,1,123,0,1075,available,False,2022-01-26T09:31:00-05:00,2022-01-28T16:00:00-05:00,10.0,-8152.96,0.0,last_observed_quote_not_settlement,1038.0,643,42,5.100000000000023,1547.0399999999552,2022-01-26T09:32:00-05:00,0.0,5.149999999999977,1447.0400000000461,2022-01-26T09:33:00-05:00,0.0,5.199999999999989,1347.0400000000234,2022-01-26T09:36:00-05:00,0.0,5.5,747.0400000000006,2022-01-26T09:41:00-05:00,0.0,5.449999999999989,847.0400000000234,2022-01-26T09:46:00-05:00,0.0,4.900000000000034,1947.0399999999324,2022-01-26T10:01:00-05:00,0.0,5.649999999999977,447.0400000000462,2022-01-26T10:31:00-05:00,0.0,5.149999999999977,1447.0400000000461,2022-01-26T11:31:00-05:00,0.0,,,2022-01-26T15:59:00-05:00,60.0,,,2022-01-27T15:59:00-05:00,60.0,10.0,-8152.96,2022-01-28T16:00:00-05:00,0.0,,,,,1.0,hit,7.0,hit,275.0,hit,333.0,hit,,never_hit,,never_hit,,never_hit,68.0,hit,68.0,hit,68.0,hit,335.0,hit,348.0,hit,353.0,hit,7.4500000000000455,15,True,False,False,False,,,,True,True,True,False,3.25,,,True,True,True,False,3.25,,,True,True,True,False,3.25,333.0,2022-01-26T15:04:00-05:00,2.75,6247.040000000001,,,,,,,,,334.0,2022-01-26T15:05:00-05:00,7.5499999999999545,-3352.959999999908,,,,,,,,,,,,,,,,,,,,,,,,,,,,,,,,,,,,,,,,,,,,,,,,,178
2022-01-26,2022-01-28,2,7.0,2022-01-26T09:31:00-05:00,6.9500000000000455,NDXP  220128P14900000,NDXP  220128P14890000,development,False,False,0,0,1,292,0,906,available,False,2022-01-26T09:31:00-05:00,2022-01-28T15:59:00-05:00,9.100000000000023,-4552.9599999999555,1.0,last_observed_quote_not_settlement,1037.0,659,52,6.0499999999999545,1547.0400000001825,2022-01-26T09:32:00-05:00,0.0,7.300000000000182,-952.9600000002722,2022-01-26T09:33:00-05:00,0.0,7.5,-1352.9599999999084,2022-01-26T09:36:00-05:00,0.0,7.349999999999909,-1052.9599999997265,2022-01-26T09:41:00-05:00,0.0,7.600000000000023,-1552.9599999999539,2022-01-26T09:46:00-05:00,0.0,7.100000000000023,-552.9599999999539,2022-01-26T10:01:00-05:00,0.0,7.800000000000182,-1952.9600000002722,2022-01-26T10:31:00-05:00,0.0,7.599999999999966,-1552.9599999998402,2022-01-26T11:31:00-05:00,0.0,,,2022-01-26T15:59:00-05:00,60.0,6.399999999999977,847.0400000001371,2022-01-27T16:00:00-05:00,0.0,,,2022-01-28T15:59:00-05:00,60.0,,,,,64.0,hit,64.0,hit,64.0,hit,3259.0,hit,,never_hit,,never_hit,,never_hit,4.0,hit,58.0,hit,2.0,hit,58.0,hit,99.0,hit,99.0,hit,10.0,658,True,True,True,True,,,,True,True,True,False,4.4500000000000455,,,True,True,True,False,4.4500000000000455,,,True,True,True,False,4.4500000000000455,3259.0,2022-01-28T15:50:00-05:00,2.5,8647.040000000092,,,,,,,,,,,,,,,,,,,,,,,,,,,,,,,,,,,,,,,,,,,,,,,,,,,,,,,,,,,,,179
2022-01-28,2022-01-31,3,5.0,2022-01-28T09:31:00-05:00,5.0,NDXP  220131P14170000,NDXP  220131P14160000,development,False,False,0,0,0,10,0,785,available,False,2022-01-28T09:31:00-05:00,2022-01-31T16:00:00-05:00,0.0,9747.04,0.0,last_observed_quote_not_settlement,3916.0,87,9,5.400000000000006,-1052.9600000000107,2022-01-28T09:32:00-05:00,0.0,5.650000000000034,-1552.9600000000676,2022-01-28T09:33:00-05:00,0.0,6.650000000000034,-3552.9600000000673,2022-01-28T09:36:00-05:00,0.0,6.25,-2752.959999999999,2022-01-28T09:41:00-05:00,0.0,6.649999999999977,-3552.9599999999537,2022-01-28T09:46:00-05:00,0.0,6.75,-3752.959999999999,2022-01-28T10:01:00-05:00,0.0,6.050000000000011,-2352.960000000022,2022-01-28T10:31:00-05:00,0.0,4.050000000000011,1647.039999999978,2022-01-28T11:31:00-05:00,0.0,1.7999999999999972,6147.040000000006,2022-01-28T16:00:00-05:00,0.0,,,2022-01-28T16:15:00-05:00,85500.0,,,2022-01-28T16:15:00-05:00,171900.0,0.0,9747.04,2022-01-31T16:00:00-05:00,0.0,0.0,hit,0.0,hit,98.0,hit,98.0,hit,379.0,hit,4320.0,hit,4343.0,hit,2.0,hit,4.0,hit,14.0,hit,14.0,hit,,never_hit,,never_hit,8.649999999999977,84,True,True,False,False,,8.649999999999977,87,True,True,False,False,,8.649999999999977,87,True,True,False,False,,8.649999999999977,87,True,True,False,False,,98.0,2022-01-28T11:09:00-05:00,2.75,4247.040000000001,367.0,2022-01-28T15:38:00-05:00,2.8499999999999943,4047.040000000012,374.0,2022-01-28T15:45:00-05:00,2.6500000000000057,4447.039999999989,99.0,2022-01-28T11:10:00-05:00,4.050000000000011,1647.039999999978,379.0,2022-01-28T15:50:00-05:00,1.5500000000000114,6647.039999999978,389.0,2022-01-28T16:00:00-05:00,1.7999999999999972,6147.040000000006,393.0,2022-01-28T16:04:00-05:00,1.750000000000007,6247.039999999986,380.0,2022-01-28T15:51:00-05:00,2.1499999999999986,5447.040000000004,4324.0,2022-01-31T09:35:00-05:00,0.7499999999999982,8247.040000000005,4325.0,2022-01-31T09:36:00-05:00,0.75,8247.04,4326.0,2022-01-31T09:37:00-05:00,0.8000000000000007,8147.04,4325.0,2022-01-31T09:36:00-05:00,0.75,8247.04,4343.0,2022-01-31T09:54:00-05:00,0.4499999999999993,8847.040000000003,4344.0,2022-01-31T09:55:00-05:00,0.40000000000000036,8947.04,4348.0,2022-01-31T09:59:00-05:00,0.40000000000000036,8947.04,4344.0,2022-01-31T09:55:00-05:00,0.40000000000000036,8947.04,180
2022-01-28,2022-01-31,3,6.0,2022-01-28T09:31:00-05:00,6.0,NDXP  220131P15130000,NDXP  220131P15120000,development,False,False,0,0,0,247,0,548,available,False,2022-01-28T09:31:00-05:00,2022-01-31T15:59:00-05:00,9.599999999999966,-7452.959999999933,1.0,last_observed_quote_not_settlement,3916.0,381,14,,,2022-01-28T09:31:00-05:00,60.0,9.900000000000091,-8052.960000000183,2022-01-28T09:33:00-05:00,0.0,,,2022-01-28T09:35:00-05:00,60.0,9.899999999999864,-8052.959999999728,2022-01-28T09:41:00-05:00,0.0,7.7000000000000455,-3652.96000000009,2022-01-28T09:46:00-05:00,0.0,,,2022-01-28T09:59:00-05:00,120.0,8.650000000000091,-5552.960000000183,2022-01-28T10:31:00-05:00,0.0,9.75,-7752.960000000001,2022-01-28T11:31:00-05:00,0.0,,,2022-01-28T15:59:00-05:00,60.0,,,2022-01-28T16:15:00-05:00,85500.0,,,2022-01-28T16:15:00-05:00,171900.0,,,2022-01-31T15:59:00-05:00,60.0,34.0,hit,34.0,hit,34.0,hit,34.0,hit,34.0,hit,40.0,hit,40.0,hit,2.0,hit,2.0,hit,2.0,hit,2.0,hit,2.0,hit,2.0,hit,10.0,13,True,True,True,True,,10.0,13,True,True,True,True,,10.0,18,True,True,True,True,,10.0,18,True,True,True,True,,34.0,2022-01-28T10:05:00-05:00,1.849999999999909,8047.040000000183,,,,,,,,,35.0,2022-01-28T10:06:00-05:00,9.899999999999864,-8052.959999999728,34.0,2022-01-28T10:05:00-05:00,1.849999999999909,8047.040000000183,,,,,,,,,35.0,2022-01-28T10:06:00-05:00,9.899999999999864,-8052.959999999728,40.0,2022-01-28T10:11:00-05:00,0.20000000000027285,11347.039999999455,,,,,,,,,,,,,40.0,2022-01-28T10:11:00-05:00,0.20000000000027285,11347.039999999455,,,,,,,,,,,,,181
2022-01-28,2022-01-31,3,7.0,2022-01-28T09:31:00-05:00,7.0,NDXP  220131P15470000,NDXP  220131P15460000,development,False,False,0,0,0,192,0,603,available,False,2022-01-28T09:31:00-05:00,2022-01-31T16:00:00-05:00,10.0,-6152.96,0.0,last_observed_quote_not_settlement,3916.0,469,7,9.900000000000091,-6052.960000000183,2022-01-28T09:32:00-05:00,0.0,7.800000000000182,-1852.9600000003632,2022-01-28T09:33:00-05:00,0.0,10.0,-6152.96,2022-01-28T09:36:00-05:00,0.0,9.950000000000273,-6152.96,2022-01-28T09:41:00-05:00,0.0,10.0,-6152.96,2022-01-28T09:46:00-05:00,0.0,10.0,-6152.96,2022-01-28T10:01:00-05:00,0.0,10.0,-6152.96,2022-01-28T10:31:00-05:00,0.0,9.849999999999909,-5952.959999999819,2022-01-28T11:31:00-05:00,0.0,10.0,-6152.96,2022-01-28T16:00:00-05:00,0.0,,,2022-01-28T16:15:00-05:00,85500.0,,,2022-01-28T16:15:00-05:00,171900.0,10.0,-6152.96,2022-01-31T16:00:00-05:00,0.0,258.0,hit,4334.0,hit,4334.0,hit,4334.0,hit,4334.0,hit,4334.0,hit,4334.0,hit,1.0,hit,1.0,hit,0.0,hit,1.0,hit,1.0,hit,1.0,hit,10.0,292,True,True,True,True,,10.0,292,True,True,True,True,,10.0,292,True,True,True,True,,10.0,292,True,True,True,True,,4334.0,2022-01-31T09:45:00-05:00,0.20000000000004547,13347.03999999991,,,,,,,,,,,,,4334.0,2022-01-31T09:45:00-05:00,0.20000000000004547,13347.03999999991,,,,,,,,,,,,,4334.0,2022-01-31T09:45:00-05:00,0.20000000000004547,13347.03999999991,,,,,,,,,,,,,4334.0,2022-01-31T09:45:00-05:00,0.20000000000004547,13347.03999999991,,,,,,,,,,,,,182
2022-01-31,2022-02-02,2,5.0,2022-01-31T09:31:00-05:00,4.949999999999989,NDXP  220202P14580000,NDXP  220202P14570000,development,False,False,0,0,0,1,0,1199,available,False,2022-01-31T09:31:00-05:00,2022-02-02T16:00:00-05:00,0.0,9647.039999999979,0.0,last_observed_quote_not_settlement,1036.0,5,5,5.449999999999989,-1252.9599999999994,2022-01-31T09:32:00-05:00,0.0,5.550000000000068,-1452.9600000001585,2022-01-31T09:33:00-05:00,0.0,4.699999999999989,247.04000000000067,2022-01-31T09:36:00-05:00,0.0,5.349999999999994,-1052.9600000000107,2022-01-31T09:41:00-05:00,0.0,4.25,1147.039999999978,2022-01-31T09:46:00-05:00,0.0,3.75,2147.039999999978,2022-01-31T10:01:00-05:00,0.0,3.5999999999999943,2447.0399999999895,2022-01-31T10:31:00-05:00,0.0,3.450000000000003,2747.039999999972,2022-01-31T11:31:00-05:00,0.0,1.6499999999999986,6347.039999999981,2022-01-31T16:00:00-05:00,0.0,0.39999999999999947,8847.039999999979,2022-02-01T16:00:00-05:00,0.0,0.0,9647.039999999979,2022-02-02T16:00:00-05:00,0.0,,,,,0.0,hit,0.0,hit,22.0,hit,44.0,hit,309.0,hit,1578.0,hit,1593.0,hit,1.0,hit,,never_hit,,never_hit,,never_hit,,never_hit,,never_hit,5.550000000000068,5,False,False,False,False,,5.550000000000068,5,False,False,False,False,,5.550000000000068,5,False,False,False,False,,5.550000000000068,5,False,False,False,False,,88.0,2022-01-31T10:59:00-05:00,2.4499999999999886,4747.040000000001,140.0,2022-01-31T11:51:00-05:00,2.9000000000000057,3847.0399999999668,141.0,2022-01-31T11:52:00-05:00,2.5500000000000114,4547.039999999955,89.0,2022-01-31T11:00:00-05:00,3.0500000000000114,3547.0399999999554,378.0,2022-01-31T15:49:00-05:00,1.9000000000000057,5847.039999999966,383.0,2022-01-31T15:54:00-05:00,1.75,6147.039999999978,384.0,2022-01-31T15:55:00-05:00,1.6000000000000014,6447.039999999975,379.0,2022-01-31T15:50:00-05:00,2.1000000000000085,5447.039999999961,1578.0,2022-02-01T11:49:00-05:00,0.8500000000000014,7947.039999999975,1591.0,2022-02-01T12:02:00-05:00,0.8999999999999986,7847.039999999981,1592.0,2022-02-01T12:03:00-05:00,0.7999999999999972,8047.039999999984,1579.0,2022-02-01T11:50:00-05:00,1.0500000000000007,7547.039999999976,1806.0,2022-02-01T15:37:00-05:00,0.4499999999999993,8747.03999999998,1821.0,2022-02-01T15:52:00-05:00,0.4499999999999993,8747.03999999998,1825.0,2022-02-01T15:56:00-05:00,0.3000000000000007,9047.039999999977,1807.0,2022-02-01T15:38:00-05:00,0.5499999999999989,8547.03999999998,183
2022-01-31,2022-02-02,2,6.0,2022-01-31T09:31:00-05:00,6.0499999999999545,NDXP  220202P14700000,NDXP  220202P14690000,development,False,False,0,0,0,54,0,1146,available,False,2022-01-31T09:31:00-05:00,2022-02-02T15:38:00-05:00,0.024999999999999967,11797.03999999991,22.0,last_observed_quote_not_settlement,1036.0,5,3,6.5,-1152.9600000000903,2022-01-31T09:32:00-05:00,0.0,6.649999999999977,-1452.9600000000448,2022-01-31T09:33:00-05:00,0.0,5.75,347.03999999990975,2022-01-31T09:36:00-05:00,0.0,5.449999999999989,947.0399999999324,2022-01-31T09:41:00-05:00,0.0,5.399999999999977,1047.0399999999552,2022-01-31T09:46:00-05:00,0.0,4.650000000000006,2547.0399999998986,2022-01-31T10:01:00-05:00,0.0,4.849999999999994,2147.0399999999213,2022-01-31T10:31:00-05:00,0.0,3.6999999999999886,4447.039999999933,2022-01-31T11:31:00-05:00,0.0,2.3499999999999943,7147.039999999921,2022-01-31T16:00:00-05:00,0.0,0.8500000000000014,10147.039999999908,2022-02-01T16:00:00-05:00,0.0,,,2022-02-02T15:38:00-05:00,1320.0,,,,,9.0,hit,9.0,hit,52.0,hit,314.0,hit,1444.0,hit,1815.0,hit,1825.0,hit,2.0,hit,,never_hit,,never_hit,,never_hit,,never_hit,,never_hit,6.800000000000011,5,False,False,False,False,,6.800000000000011,5,False,False,False,False,,6.800000000000011,5,False,False,False,False,,6.800000000000011,5,False,False,False,False,,320.0,2022-01-31T14:51:00-05:00,2.8500000000000085,6147.039999999893,363.0,2022-01-31T15:34:00-05:00,2.9000000000000057,6047.039999999898,377.0,2022-01-31T15:48:00-05:00,2.8999999999999915,6047.039999999927,321.0,2022-01-31T14:52:00-05:00,3.1499999999999915,5547.039999999927,1444.0,2022-02-01T09:35:00-05:00,1.7999999999999972,8247.039999999917,1576.0,2022-02-01T11:47:00-05:00,1.8999999999999986,8047.039999999913,1582.0,2022-02-01T11:53:00-05:00,1.9000000000000057,8047.039999999898,1445.0,2022-02-01T09:36:00-05:00,2.1500000000000057,7547.039999999898,1815.0,2022-02-01T15:46:00-05:00,0.9499999999999993,9947.039999999912,1820.0,2022-02-01T15:51:00-05:00,0.8500000000000014,10147.039999999908,1821.0,2022-02-01T15:52:00-05:00,0.8499999999999979,10147.039999999915,1816.0,2022-02-01T15:47:00-05:00,1.0500000000000007,9747.03999999991,1825.0,2022-02-01T15:56:00-05:00,0.4499999999999993,10947.039999999912,2881.0,2022-02-02T09:32:00-05:00,0.1499999999999999,11547.03999999991,2882.0,2022-02-02T09:33:00-05:00,0.24999999999999956,11347.03999999991,1826.0,2022-02-01T15:57:00-05:00,0.6500000000000004,10547.03999999991,184
2022-01-31,2022-02-02,2,7.0,2022-01-31T09:31:00-05:00,6.9500000000000455,NDXP  220202P14800000,NDXP  220202P14790000,development,False,False,0,0,0,7,0,1193,available,False,2022-01-31T09:31:00-05:00,2022-02-02T16:00:00-05:00,0.0,13647.040000000092,0.0,last_observed_quote_not_settlement,1036.0,6,5,7.400000000000034,-1152.9599999999766,2022-01-31T09:32:00-05:00,0.0,7.5,-1352.9599999999084,2022-01-31T09:33:00-05:00,0.0,6.7000000000000455,247.04000000000067,2022-01-31T09:36:00-05:00,0.0,6.4500000000000455,747.0400000000006,2022-01-31T09:41:00-05:00,0.0,6.349999999999966,947.0400000001598,2022-01-31T09:46:00-05:00,0.0,5.650000000000006,2347.0400000000805,2022-01-31T10:01:00-05:00,0.0,5.449999999999989,2747.0400000001146,2022-01-31T10:31:00-05:00,0.0,5.25,3147.040000000092,2022-01-31T11:31:00-05:00,0.0,3.200000000000003,7247.040000000086,2022-01-31T16:00:00-05:00,0.0,1.6000000000000014,10447.04000000009,2022-02-01T16:00:00-05:00,0.0,0.0,13647.040000000092,2022-02-02T16:00:00-05:00,0.0,,,,,25.0,hit,38.0,hit,131.0,hit,379.0,hit,379.0,hit,1835.0,hit,2880.0,hit,2.0,hit,,never_hit,1.0,hit,,never_hit,,never_hit,,never_hit,7.899999999999977,6,True,False,False,False,,7.899999999999977,6,True,False,False,False,,7.899999999999977,6,True,False,False,False,,7.899999999999977,6,True,False,False,False,,379.0,2022-01-31T15:50:00-05:00,1.9000000000000057,9847.04000000008,1576.0,2022-02-01T11:47:00-05:00,2.9000000000000057,7847.04000000008,1580.0,2022-02-01T11:51:00-05:00,2.8999999999999915,7847.040000000109,380.0,2022-01-31T15:51:00-05:00,3.3000000000000114,7047.040000000069,379.0,2022-01-31T15:50:00-05:00,1.9000000000000057,9847.04000000008,1802.0,2022-02-01T15:33:00-05:00,1.8500000000000014,9947.04000000009,1815.0,2022-02-01T15:46:00-05:00,1.8999999999999986,9847.040000000095,380.0,2022-01-31T15:51:00-05:00,3.3000000000000114,7047.040000000069,1835.0,2022-02-01T16:06:00-05:00,0.9000000000000021,11847.040000000088,1841.0,2022-02-01T16:12:00-05:00,0.8000000000000007,12047.040000000092,1842.0,2022-02-01T16:13:00-05:00,0.8999999999999986,11847.040000000095,1836.0,2022-02-01T16:07:00-05:00,1.049999999999999,11547.040000000095,2880.0,2022-02-02T09:31:00-05:00,0.20000000000000018,13247.040000000092,2887.0,2022-02-02T09:38:00-05:00,0.09999999999999964,13447.040000000094,2888.0,2022-02-02T09:39:00-05:00,0.3000000000000007,13047.040000000092,2881.0,2022-02-02T09:32:00-05:00,0.5,12647.040000000092,185
2022-02-01,2022-02-04,3,5.0,2022-02-01T09:31:00-05:00,5.0,NDXP  220204P15000000,NDXP  220204P14990000,development,False,False,0,0,0,81,0,1524,available,False,2022-02-01T09:31:00-05:00,2022-02-04T16:00:00-05:00,10.0,-10152.96,0.0,last_observed_quote_not_settlement,1036.0,951,88,4.9500000000000455,-152.96000000009025,2022-02-01T09:32:00-05:00,0.0,5.149999999999977,-552.9599999999539,2022-02-01T09:33:00-05:00,0.0,4.699999999999989,347.04000000002344,2022-02-01T09:36:00-05:00,0.0,5.25,-752.9599999999994,2022-02-01T09:41:00-05:00,0.0,4.050000000000011,1647.039999999978,2022-02-01T09:46:00-05:00,0.0,5.0,-252.9599999999993,2022-02-01T10:01:00-05:00,0.0,5.7000000000000455,-1652.9600000000903,2022-02-01T10:31:00-05:00,0.0,5.0,-252.9599999999993,2022-02-01T11:31:00-05:00,0.0,5.899999999999977,-2052.9599999999537,2022-02-01T16:00:00-05:00,0.0,2.9000000000000057,3947.0399999999895,2022-02-02T16:00:00-05:00,0.0,9.149999999999977,-8552.959999999955,2022-02-03T16:00:00-05:00,0.0,10.0,-10152.96,2022-02-04T16:00:00-05:00,0.0,0.0,hit,0.0,hit,61.0,hit,1440.0,hit,,never_hit,,never_hit,,never_hit,8.0,hit,8.0,hit,24.0,hit,24.0,hit,2896.0,hit,3196.0,hit,8.799999999999955,296,True,True,False,False,,,,True,True,True,False,2.5500000000000114,,,True,True,True,False,2.5500000000000114,,,True,True,True,False,2.5500000000000114,1446.0,2022-02-02T09:37:00-05:00,2.799999999999997,4147.040000000006,1447.0,2022-02-02T09:38:00-05:00,2.700000000000003,4347.039999999995,1448.0,2022-02-02T09:39:00-05:00,2.6500000000000057,4447.039999999989,1447.0,2022-02-02T09:38:00-05:00,2.700000000000003,4347.039999999995,,,,,,,,,,,,,,,,,,,,,,,,,,,,,,,,,,,,,,,,,,,,,,,,,186
2022-02-01,2022-02-04,3,6.0,2022-02-01T09:31:00-05:00,5.850000000000023,NDXP  220204P15080000,NDXP  220204P15070000,development,False,False,0,0,0,110,0,1495,available,False,2022-02-01T09:31:00-05:00,2022-02-04T15:59:00-05:00,10.0,-8452.959999999954,1.0,last_observed_quote_not_settlement,1036.0,914,117,6.0,-552.9599999999539,2022-02-01T09:32:00-05:00,0.0,6.0,-552.9599999999539,2022-02-01T09:33:00-05:00,0.0,6.25,-1052.9599999999539,2022-02-01T09:36:00-05:00,0.0,6.349999999999966,-1252.9599999998857,2022-02-01T09:41:00-05:00,0.0,7.949999999999989,-4452.959999999931,2022-02-01T09:46:00-05:00,0.0,6.900000000000034,-2352.960000000022,2022-02-01T10:01:00-05:00,0.0,6.350000000000023,-1252.9599999999994,2022-02-01T10:31:00-05:00,0.0,5.300000000000011,847.0400000000234,2022-02-01T11:31:00-05:00,0.0,5.25,947.0400000000461,2022-02-01T16:00:00-05:00,0.0,3.75,3947.0400000000463,2022-02-02T16:00:00-05:00,0.0,9.449999999999932,-7452.959999999819,2022-02-03T16:00:00-05:00,0.0,,,2022-02-04T15:59:00-05:00,60.0,4.0,hit,4.0,hit,1440.0,hit,3279.0,hit,,never_hit,,never_hit,,never_hit,11.0,hit,11.0,hit,11.0,hit,16.0,hit,18.0,hit,18.0,hit,9.850000000000023,693,True,True,True,True,,,,True,True,True,False,3.8000000000000114,,,True,True,True,False,3.8000000000000114,,,True,True,True,False,3.8000000000000114,3279.0,2022-02-03T16:10:00-05:00,2.0500000000000114,7347.040000000024,,,,,,,,,3280.0,2022-02-03T16:11:00-05:00,8.599999999999966,-5752.959999999887,,,,,,,,,,,,,,,,,,,,,,,,,,,,,,,,,,,,,,,,,,,,,,,,,187
2022-02-01,2022-02-04,3,7.0,2022-02-01T09:31:00-05:00,7.0,NDXP  220204P15070000,NDXP  220204P15060000,development,False,False,0,0,0,96,0,1509,available,False,2022-02-01T09:31:00-05:00,2022-02-04T16:00:00-05:00,10.0,-6152.96,0.0,last_observed_quote_not_settlement,1036.0,628,62,6.199999999999932,1347.040000000137,2022-02-01T09:32:00-05:00,0.0,5.800000000000011,2147.039999999978,2022-02-01T09:33:00-05:00,0.0,5.599999999999966,2547.040000000069,2022-02-01T09:36:00-05:00,0.0,5.5,2747.040000000001,2022-02-01T09:41:00-05:00,0.0,5.449999999999989,2847.0400000000236,2022-02-01T09:46:00-05:00,0.0,6.149999999999977,1447.0400000000461,2022-02-01T10:01:00-05:00,0.0,6.350000000000023,1047.0399999999552,2022-02-01T10:31:00-05:00,0.0,6.7000000000000455,347.03999999990975,2022-02-01T11:31:00-05:00,0.0,5.050000000000011,3647.039999999978,2022-02-01T16:00:00-05:00,0.0,3.5500000000000114,6647.039999999978,2022-02-02T16:00:00-05:00,0.0,9.450000000000045,-5152.960000000092,2022-02-03T16:00:00-05:00,0.0,10.0,-6152.96,2022-02-04T16:00:00-05:00,0.0,10.0,hit,11.0,hit,11.0,hit,11.0,hit,1602.0,hit,,never_hit,,never_hit,7.0,hit,8.0,hit,0.0,hit,8.0,hit,2947.0,hit,3074.0,hit,8.100000000000023,2,True,True,False,False,,8.800000000000011,20,True,True,False,False,,,,True,True,True,False,5.400000000000006,,,True,True,True,False,5.400000000000006,11.0,2022-02-01T09:42:00-05:00,2.5,8747.04,,,,,,,,,12.0,2022-02-01T09:43:00-05:00,6.449999999999989,847.0400000000234,1602.0,2022-02-02T12:13:00-05:00,1.5999999999999943,10547.040000000014,,,,,,,,,1603.0,2022-02-02T12:14:00-05:00,4.699999999999989,4347.040000000024,,,,,,,,,,,,,,,,,,,,,,,,,,,,,,,,,188
2022-02-02,2022-02-04,2,5.0,2022-02-02T09:31:00-05:00,5.0,NDXP  220204P15210000,NDXP  220204P15200000,development,False,False,0,0,0,170,0,1030,available,False,2022-02-02T09:31:00-05:00,2022-02-04T15:59:00-05:00,7.25,-4752.959999999999,1.0,last_observed_quote_not_settlement,1036.0,872,37,5.599999999999994,-1452.959999999988,2022-02-02T09:32:00-05:00,0.0,5.450000000000017,-1152.9600000000335,2022-02-02T09:33:00-05:00,0.0,4.950000000000017,-152.9600000000334,2022-02-02T09:36:00-05:00,0.0,5.099999999999994,-452.95999999998793,2022-02-02T09:41:00-05:00,0.0,5.799999999999983,-1852.9599999999652,2022-02-02T09:46:00-05:00,0.0,4.900000000000034,-52.9600000000675,2022-02-02T10:01:00-05:00,0.0,5.75,-1752.9599999999994,2022-02-02T10:31:00-05:00,0.0,7.25,-4752.959999999999,2022-02-02T11:31:00-05:00,0.0,5.150000000000006,-552.9600000000107,2022-02-02T16:00:00-05:00,0.0,,,2022-02-03T15:59:00-05:00,60.0,,,2022-02-04T15:59:00-05:00,60.0,,,,,0.0,hit,0.0,hit,6.0,hit,1527.0,hit,1527.0,hit,1527.0,hit,,never_hit,1.0,hit,11.0,hit,14.0,hit,14.0,hit,1440.0,hit,1442.0,hit,9.75,445,True,True,True,True,,9.75,445,True,True,True,True,,9.75,445,True,True,True,True,,,,True,True,True,False,4.149999999999977,1527.0,2022-02-03T10:58:00-05:00,0.8500000000000227,8047.039999999955,,,,,,,,,,,,,1527.0,2022-02-03T10:58:00-05:00,0.8500000000000227,8047.039999999955,,,,,,,,,,,,,1527.0,2022-02-03T10:58:00-05:00,0.8500000000000227,8047.039999999955,,,,,,,,,,,,,,,,,,,,,,,,,,,,,189
2022-02-02,2022-02-04,2,6.0,2022-02-02T09:31:00-05:00,6.050000000000011,NDXP  220204P15310000,NDXP  220204P15300000,development,False,False,0,0,0,224,0,976,available,False,2022-02-02T09:31:00-05:00,2022-02-04T16:00:00-05:00,4.0499999999999545,3747.0400000001146,0.0,last_observed_quote_not_settlement,1038.0,811,33,6.700000000000017,-1552.9600000000107,2022-02-02T09:32:00-05:00,0.0,6.7000000000000455,-1552.9600000000676,2022-02-02T09:33:00-05:00,0.0,6.099999999999994,-352.9599999999652,2022-02-02T09:36:00-05:00,0.0,6.2999999999999545,-752.9599999998857,2022-02-02T09:41:00-05:00,0.0,6.849999999999966,-1852.9599999999084,2022-02-02T09:46:00-05:00,0.0,6.600000000000023,-1352.960000000022,2022-02-02T10:01:00-05:00,0.0,7.050000000000011,-2252.959999999999,2022-02-02T10:31:00-05:00,0.0,8.100000000000023,-4352.960000000024,2022-02-02T11:31:00-05:00,0.0,6.950000000000017,-2052.9600000000105,2022-02-02T16:00:00-05:00,0.0,9.900000000000091,-7952.96000000016,2022-02-03T16:00:00-05:00,0.0,4.0499999999999545,3747.0400000001146,2022-02-04T16:00:00-05:00,0.0,,,,,38.0,hit,38.0,hit,,never_hit,,never_hit,,never_hit,,never_hit,,never_hit,1.0,hit,13.0,hit,13.0,hit,63.0,hit,107.0,hit,142.0,hit,,,True,True,True,False,2.000000000000057,,,True,True,True,False,2.000000000000057,,,True,True,True,False,2.000000000000057,,,True,True,True,False,2.000000000000057,,,,,,,,,,,,,,,,,,,,,,,,,,,,,,,,,,,,,,,,,,,,,,,,,,,,,,,,,,,,,,,,,190
2022-02-02,2022-02-04,2,7.0,2022-02-02T09:31:00-05:00,7.0499999999999545,NDXP  220204P15470000,NDXP  220204P15460000,development,False,False,0,0,0,196,0,1004,available,False,2022-02-02T09:31:00-05:00,2022-02-04T16:00:00-05:00,6.600000000000023,647.0399999998642,0.0,last_observed_quote_not_settlement,1036.0,846,25,8.299999999999955,-2752.960000000001,2022-02-02T09:32:00-05:00,0.0,7.900000000000034,-1952.9600000001585,2022-02-02T09:33:00-05:00,0.0,7.849999999999966,-1852.960000000022,2022-02-02T09:36:00-05:00,0.0,8.199999999999989,-2552.960000000069,2022-02-02T09:41:00-05:00,0.0,8.399999999999977,-2952.9600000000464,2022-02-02T09:46:00-05:00,0.0,8.149999999999977,-2452.9600000000464,2022-02-02T10:01:00-05:00,0.0,8.949999999999989,-4052.960000000069,2022-02-02T10:31:00-05:00,0.0,9.5,-5152.960000000092,2022-02-02T11:31:00-05:00,0.0,8.799999999999955,-3752.960000000001,2022-02-02T16:00:00-05:00,0.0,9.899999999999864,-5952.959999999819,2022-02-03T16:00:00-05:00,0.0,6.600000000000023,647.0399999998642,2022-02-04T16:00:00-05:00,0.0,,,,,71.0,hit,71.0,hit,71.0,hit,71.0,hit,71.0,hit,,never_hit,,never_hit,1.0,hit,1.0,hit,0.0,hit,1.0,hit,17.0,hit,97.0,hit,9.449999999999989,64,True,True,True,True,,9.449999999999989,64,True,True,True,True,,,,True,True,True,False,5.499999999999943,,,True,True,True,False,5.499999999999943,71.0,2022-02-02T10:42:00-05:00,1.5500000000000114,10747.039999999888,,,,,,,,,72.0,2022-02-02T10:43:00-05:00,8.900000000000034,-3952.96000000016,71.0,2022-02-02T10:42:00-05:00,1.5500000000000114,10747.039999999888,,,,,,,,,72.0,2022-02-02T10:43:00-05:00,8.900000000000034,-3952.96000000016,,,,,,,,,,,,,,,,,,,,,,,,,,,,,,,,,191
2022-02-04,2022-02-07,3,5.0,2022-02-04T09:31:00-05:00,4.949999999999989,NDXP  220207P14530000,NDXP  220207P14520000,development,False,False,0,0,0,0,0,795,available,False,2022-02-04T09:31:00-05:00,2022-02-07T16:00:00-05:00,0.025,9597.039999999979,0.0,last_observed_quote_not_settlement,3916.0,11,18,4.5,647.0399999999779,2022-02-04T09:32:00-05:00,0.0,4.499999999999972,647.0400000000348,2022-02-04T09:33:00-05:00,0.0,5.150000000000006,-652.9600000000335,2022-02-04T09:36:00-05:00,0.0,4.349999999999994,947.0399999999893,2022-02-04T09:41:00-05:00,0.0,3.700000000000003,2247.039999999972,2022-02-04T09:46:00-05:00,0.0,3.75,2147.039999999978,2022-02-04T10:01:00-05:00,0.0,3.8000000000000114,2047.0399999999554,2022-02-04T10:31:00-05:00,0.0,4.300000000000011,1047.0399999999552,2022-02-04T11:31:00-05:00,0.0,3.049999999999997,3547.0399999999836,2022-02-04T16:00:00-05:00,0.0,,,2022-02-04T16:15:00-05:00,85500.0,,,2022-02-04T16:15:00-05:00,171900.0,0.025,9597.039999999979,2022-02-07T16:00:00-05:00,0.0,0.0,hit,0.0,hit,13.0,hit,47.0,hit,269.0,hit,4331.0,hit,4609.0,hit,102.0,hit,,never_hit,,never_hit,,never_hit,,never_hit,,never_hit,5.299999999999983,4,False,False,False,False,,5.75,11,False,False,False,False,,5.75,11,False,False,False,False,,5.75,11,False,False,False,False,,47.0,2022-02-04T10:18:00-05:00,2.9499999999999886,3747.040000000001,210.0,2022-02-04T13:01:00-05:00,2.5999999999999943,4447.039999999989,211.0,2022-02-04T13:02:00-05:00,2.75,4147.039999999978,48.0,2022-02-04T10:19:00-05:00,3.049999999999997,3547.0399999999836,270.0,2022-02-04T14:01:00-05:00,1.8999999999999986,5847.039999999981,311.0,2022-02-04T14:42:00-05:00,1.9499999999999957,5747.039999999986,327.0,2022-02-04T14:58:00-05:00,1.9499999999999957,5747.039999999986,271.0,2022-02-04T14:02:00-05:00,2.200000000000003,5247.039999999973,4341.0,2022-02-07T09:52:00-05:00,0.9000000000000004,7847.039999999977,4342.0,2022-02-07T09:53:00-05:00,0.8499999999999996,7947.039999999979,4343.0,2022-02-07T09:54:00-05:00,0.8499999999999996,7947.039999999979,4342.0,2022-02-07T09:53:00-05:00,0.8499999999999996,7947.039999999979,4609.0,2022-02-07T14:20:00-05:00,0.39999999999999947,8847.039999999979,4620.0,2022-02-07T14:31:00-05:00,0.30000000000000004,9047.039999999979,4621.0,2022-02-07T14:32:00-05:00,0.3749999999999998,8897.039999999979,4610.0,2022-02-07T14:21:00-05:00,0.7250000000000001,8197.039999999977,192
2022-02-04,2022-02-07,3,6.0,2022-02-04T09:31:00-05:00,6.000000000000028,NDXP  220207P14690000,NDXP  220207P14680000,development,False,False,0,0,0,3,0,792,available,False,2022-02-04T09:31:00-05:00,2022-02-07T16:00:00-05:00,10.0,-8152.959999999943,0.0,last_observed_quote_not_settlement,3916.0,185,86,6.25,-752.9599999999425,2022-02-04T09:32:00-05:00,0.0,5.699999999999989,347.0400000000803,2022-02-04T09:33:00-05:00,0.0,6.850000000000023,-1952.959999999988,2022-02-04T09:36:00-05:00,0.0,6.5,-1252.9599999999425,2022-02-04T09:41:00-05:00,0.0,4.949999999999989,1847.0400000000802,2022-02-04T09:46:00-05:00,0.0,5.099999999999966,1547.0400000001257,2022-02-04T10:01:00-05:00,0.0,5.5,747.0400000000575,2022-02-04T10:31:00-05:00,0.0,5.550000000000011,647.0400000000348,2022-02-04T11:31:00-05:00,0.0,4.599999999999994,2547.040000000069,2022-02-04T16:00:00-05:00,0.0,,,2022-02-04T16:15:00-05:00,85500.0,,,2022-02-04T16:15:00-05:00,171900.0,10.0,-8152.959999999943,2022-02-07T16:00:00-05:00,0.0,3.0,hit,3.0,hit,130.0,hit,335.0,hit,,never_hit,,never_hit,,never_hit,5.0,hit,7.0,hit,7.0,hit,113.0,hit,4688.0,hit,4689.0,hit,8.600000000000023,60,True,True,False,False,,,,True,True,True,False,3.800000000000029,,,True,True,True,False,3.800000000000029,,,True,True,True,False,3.800000000000029,335.0,2022-02-04T15:06:00-05:00,2.9499999999999886,5847.04000000008,341.0,2022-02-04T15:12:00-05:00,2.8000000000000114,6147.0400000000345,342.0,2022-02-04T15:13:00-05:00,2.6500000000000057,6447.040000000046,336.0,2022-02-04T15:07:00-05:00,3.0,5747.040000000057,,,,,,,,,,,,,,,,,,,,,,,,,,,,,,,,,,,,,,,,,,,,,,,,,193
2022-02-04,2022-02-07,3,7.0,2022-02-04T09:31:00-05:00,7.0499999999999545,NDXP  220207P14770000,NDXP  220207P14760000,development,False,False,0,0,0,8,0,787,available,False,2022-02-04T09:31:00-05:00,2022-02-07T16:00:00-05:00,10.0,-6052.960000000091,0.0,last_observed_quote_not_settlement,3916.0,285,86,7.100000000000023,-352.9600000001357,2022-02-04T09:32:00-05:00,0.0,7.5,-1152.9600000000903,2022-02-04T09:33:00-05:00,0.0,7.699999999999989,-1552.9600000000676,2022-02-04T09:36:00-05:00,0.0,6.999999999999943,-152.95999999997656,2022-02-04T09:41:00-05:00,0.0,6.499999999999972,847.0399999999665,2022-02-04T09:46:00-05:00,0.0,6.099999999999994,1647.039999999921,2022-02-04T10:01:00-05:00,0.0,6.550000000000011,747.039999999887,2022-02-04T10:31:00-05:00,0.0,6.5,847.0399999999097,2022-02-04T11:31:00-05:00,0.0,6.350000000000023,1147.0399999998642,2022-02-04T16:00:00-05:00,0.0,,,2022-02-04T16:15:00-05:00,85500.0,,,2022-02-04T16:15:00-05:00,171900.0,10.0,-6052.960000000091,2022-02-07T16:00:00-05:00,0.0,26.0,hit,26.0,hit,210.0,hit,,never_hit,,never_hit,,never_hit,,never_hit,3.0,hit,22.0,hit,0.0,hit,3.0,hit,4470.0,hit,4677.0,hit,,,True,True,True,False,3.649999999999949,,,True,True,True,False,3.649999999999949,,,True,True,True,False,3.649999999999949,,,True,True,True,False,3.649999999999949,,,,,,,,,,,,,,,,,,,,,,,,,,,,,,,,,,,,,,,,,,,,,,,,,,,,,,,,,,,,,,,,,194
2022-02-07,2022-02-09,2,5.0,2022-02-07T09:31:00-05:00,4.949999999999989,NDXP  220209P14780000,NDXP  220209P14770000,development,False,False,0,0,0,8,0,1192,available,False,2022-02-07T09:31:00-05:00,2022-02-09T16:00:00-05:00,0.0,9647.039999999979,0.0,last_observed_quote_not_settlement,1036.0,667,96,4.75,147.03999999997797,2022-02-07T09:32:00-05:00,0.0,4.949999999999989,-252.9599999999993,2022-02-07T09:33:00-05:00,0.0,4.75,147.03999999997797,2022-02-07T09:36:00-05:00,0.0,4.599999999999994,447.03999999998933,2022-02-07T09:41:00-05:00,0.0,4.199999999999989,1247.0400000000006,2022-02-07T09:46:00-05:00,0.0,4.300000000000011,1047.0399999999552,2022-02-07T10:01:00-05:00,0.0,4.800000000000011,47.039999999955235,2022-02-07T10:31:00-05:00,0.0,5.600000000000023,-1552.9600000000676,2022-02-07T11:31:00-05:00,0.0,7.500000000000028,-5352.960000000079,2022-02-07T16:00:00-05:00,0.0,5.050000000000011,-452.9600000000448,2022-02-08T16:00:00-05:00,0.0,0.0,9647.039999999979,2022-02-09T16:00:00-05:00,0.0,,,,,0.0,hit,0.0,hit,11.0,hit,47.0,hit,2880.0,hit,2969.0,hit,3060.0,hit,3.0,hit,50.0,hit,54.0,hit,133.0,hit,,never_hit,,never_hit,5.75,6,False,False,False,False,,8.900000000000034,667,True,True,False,False,,8.900000000000034,667,True,True,False,False,,8.900000000000034,667,True,True,False,False,,47.0,2022-02-07T10:18:00-05:00,2.6999999999999886,4247.040000000001,2881.0,2022-02-09T09:32:00-05:00,1.9499999999999993,5747.039999999979,2882.0,2022-02-09T09:33:00-05:00,1.8000000000000007,6047.039999999976,48.0,2022-02-07T10:19:00-05:00,4.75,147.03999999997797,2880.0,2022-02-09T09:31:00-05:00,1.9000000000000021,5847.039999999974,2881.0,2022-02-09T09:32:00-05:00,1.9499999999999993,5747.039999999979,2882.0,2022-02-09T09:33:00-05:00,1.8000000000000007,6047.039999999976,2881.0,2022-02-09T09:32:00-05:00,1.9499999999999993,5747.039999999979,2970.0,2022-02-09T11:01:00-05:00,0.8499999999999996,7947.039999999979,2971.0,2022-02-09T11:02:00-05:00,0.8499999999999996,7947.039999999979,2976.0,2022-02-09T11:07:00-05:00,0.8500000000000005,7947.039999999977,2971.0,2022-02-09T11:02:00-05:00,0.8499999999999996,7947.039999999979,3060.0,2022-02-09T12:31:00-05:00,0.0,9647.039999999979,3070.0,2022-02-09T12:41:00-05:00,0.4249999999999998,8797.039999999979,3071.0,2022-02-09T12:42:00-05:00,0.375,8897.039999999979,3061.0,2022-02-09T12:32:00-05:00,0.6500000000000004,8347.039999999979,195
2022-02-07,2022-02-09,2,6.0,2022-02-07T09:31:00-05:00,6.0,NDXP  220209P14860000,NDXP  220209P14850000,development,False,False,0,0,0,2,0,1198,available,False,2022-02-07T09:31:00-05:00,2022-02-09T16:00:00-05:00,0.25,11247.04,0.0,last_observed_quote_not_settlement,1036.0,669,95,5.899999999999977,-52.959999999953816,2022-02-07T09:32:00-05:00,0.0,5.849999999999994,47.04000000001208,2022-02-07T09:33:00-05:00,0.0,5.799999999999983,147.0400000000348,2022-02-07T09:36:00-05:00,0.0,5.449999999999989,847.0400000000234,2022-02-07T09:41:00-05:00,0.0,4.800000000000011,2147.039999999978,2022-02-07T09:46:00-05:00,0.0,5.150000000000034,1447.0399999999324,2022-02-07T10:01:00-05:00,0.0,5.699999999999989,347.04000000002344,2022-02-07T10:31:00-05:00,0.0,6.599999999999966,-1452.9599999999311,2022-02-07T11:31:00-05:00,0.0,8.800000000000011,-5852.960000000024,2022-02-07T16:00:00-05:00,0.0,6.849999999999994,-1952.959999999988,2022-02-08T16:00:00-05:00,0.0,0.25,11247.04,2022-02-09T16:00:00-05:00,0.0,,,,,10.0,hit,12.0,hit,20.0,hit,2882.0,hit,2939.0,hit,3070.0,hit,3091.0,hit,4.0,hit,56.0,hit,56.0,hit,128.0,hit,128.0,hit,1499.0,hit,9.799999999999955,669,True,True,True,True,,9.799999999999955,669,True,True,True,True,,9.799999999999955,669,True,True,True,True,,9.799999999999955,669,True,True,True,True,,2883.0,2022-02-09T09:34:00-05:00,2.9000000000000057,5947.039999999989,2892.0,2022-02-09T09:43:00-05:00,2.5500000000000007,6647.039999999999,2893.0,2022-02-09T09:44:00-05:00,2.8500000000000014,6047.039999999998,2884.0,2022-02-09T09:35:00-05:00,3.299999999999997,5147.040000000006,2939.0,2022-02-09T10:30:00-05:00,1.6499999999999986,8447.040000000005,2970.0,2022-02-09T11:01:00-05:00,1.6999999999999993,8347.040000000003,2971.0,2022-02-09T11:02:00-05:00,1.75,8247.04,2940.0,2022-02-09T10:31:00-05:00,2.9499999999999957,5847.040000000009,3074.0,2022-02-09T12:45:00-05:00,0.8999999999999986,9947.040000000005,3075.0,2022-02-09T12:46:00-05:00,0.8500000000000005,10047.04,3076.0,2022-02-09T12:47:00-05:00,0.9499999999999993,9847.040000000003,3075.0,2022-02-09T12:46:00-05:00,0.8500000000000005,10047.04,3157.0,2022-02-09T14:08:00-05:00,0.34999999999999964,11047.040000000003,3158.0,2022-02-09T14:09:00-05:00,0.2749999999999999,11197.04,3159.0,2022-02-09T14:10:00-05:00,0.3250000000000002,11097.04,3158.0,2022-02-09T14:09:00-05:00,0.2749999999999999,11197.04,196
2022-02-07,2022-02-09,2,7.0,2022-02-07T09:31:00-05:00,6.949999999999932,NDXP  220209P14940000,NDXP  220209P14930000,development,False,False,0,0,0,13,0,1187,available,False,2022-02-07T09:31:00-05:00,2022-02-09T16:00:00-05:00,0.024999999999999967,13597.039999999864,0.0,last_observed_quote_not_settlement,1036.0,685,62,6.699999999999989,247.039999999887,2022-02-07T09:32:00-05:00,0.0,6.699999999999989,247.039999999887,2022-02-07T09:33:00-05:00,0.0,6.900000000000034,-152.96000000020393,2022-02-07T09:36:00-05:00,0.0,6.450000000000017,747.0399999998301,2022-02-07T09:41:00-05:00,0.0,6.449999999999989,747.039999999887,2022-02-07T09:46:00-05:00,0.0,6.150000000000006,1347.0399999998529,2022-02-07T10:01:00-05:00,0.0,6.849999999999966,-52.9600000000675,2022-02-07T10:31:00-05:00,0.0,7.5,-1352.9600000001358,2022-02-07T11:31:00-05:00,0.0,8.750000000000057,-3852.960000000251,2022-02-07T16:00:00-05:00,0.0,8.799999999999955,-3952.9600000000464,2022-02-08T16:00:00-05:00,0.0,0.024999999999999967,13597.039999999864,2022-02-09T16:00:00-05:00,0.0,,,,,9.0,hit,2880.0,hit,2892.0,hit,3067.0,hit,3150.0,hit,3176.0,hit,3241.0,hit,25.0,hit,78.0,hit,25.0,hit,78.0,hit,88.0,hit,128.0,hit,10.0,685,True,True,True,True,,10.0,685,True,True,True,True,,10.0,685,True,True,True,True,,10.0,685,True,True,True,True,,3067.0,2022-02-09T12:38:00-05:00,2.6499999999999986,8347.039999999868,3068.0,2022-02-09T12:39:00-05:00,2.4499999999999993,8747.039999999866,3069.0,2022-02-09T12:40:00-05:00,2.450000000000003,8747.039999999859,3068.0,2022-02-09T12:39:00-05:00,2.4499999999999993,8747.039999999866,3152.0,2022-02-09T14:03:00-05:00,1.8000000000000007,10047.039999999864,3153.0,2022-02-09T14:04:00-05:00,1.6999999999999993,10247.039999999866,3154.0,2022-02-09T14:05:00-05:00,1.8000000000000007,10047.039999999864,3153.0,2022-02-09T14:04:00-05:00,1.6999999999999993,10247.039999999866,3176.0,2022-02-09T14:27:00-05:00,0.8999999999999995,11847.039999999866,3240.0,2022-02-09T15:31:00-05:00,0.6000000000000001,12447.039999999864,3241.0,2022-02-09T15:32:00-05:00,0.3999999999999999,12847.039999999864,3177.0,2022-02-09T14:28:00-05:00,1.3500000000000005,10947.039999999864,3241.0,2022-02-09T15:32:00-05:00,0.3999999999999999,12847.039999999864,3242.0,2022-02-09T15:33:00-05:00,0.3999999999999999,12847.039999999864,3243.0,2022-02-09T15:34:00-05:00,0.44999999999999996,12747.039999999864,3242.0,2022-02-09T15:33:00-05:00,0.3999999999999999,12847.039999999864,197
2022-02-08,2022-02-11,3,5.0,2022-02-08T09:31:00-05:00,5.0,NDXP  220211P14670000,NDXP  220211P14660000,development,False,False,0,0,0,26,0,1579,available,False,2022-02-08T09:31:00-05:00,2022-02-11T16:00:00-05:00,9.949999999999989,-10152.959999999977,0.0,last_observed_quote_not_settlement,1036.0,319,42,5.350000000000023,-952.9600000000448,2022-02-08T09:32:00-05:00,0.0,4.399999999999977,947.0400000000461,2022-02-08T09:33:00-05:00,0.0,5.5,-1252.9599999999994,2022-02-08T09:36:00-05:00,0.0,5.0,-252.9599999999993,2022-02-08T09:41:00-05:00,0.0,5.5,-1252.9599999999994,2022-02-08T09:46:00-05:00,0.0,6.249999999999943,-2752.9599999998854,2022-02-08T10:01:00-05:00,0.0,5.850000000000023,-1952.9600000000448,2022-02-08T10:31:00-05:00,0.0,4.099999999999994,1547.040000000012,2022-02-08T11:31:00-05:00,0.0,3.9000000000000057,1947.0399999999893,2022-02-08T16:00:00-05:00,0.0,1.25,7247.040000000001,2022-02-09T16:00:00-05:00,0.0,3.75,2247.040000000001,2022-02-10T16:00:00-05:00,0.0,9.949999999999989,-10152.959999999977,2022-02-11T16:00:00-05:00,0.0,0.0,hit,0.0,hit,35.0,hit,1440.0,hit,1443.0,hit,2951.0,hit,,never_hit,4.0,hit,4.0,hit,4.0,hit,4450.0,hit,4521.0,hit,4559.0,hit,7.250000000000057,71,True,False,False,False,,7.250000000000057,71,True,False,False,False,,7.250000000000057,71,True,False,False,False,,,,True,True,True,False,4.0,1440.0,2022-02-09T09:31:00-05:00,2.0999999999999943,5547.040000000012,1441.0,2022-02-09T09:32:00-05:00,2.1499999999999986,5447.040000000004,1442.0,2022-02-09T09:33:00-05:00,2.049999999999997,5647.040000000006,1441.0,2022-02-09T09:32:00-05:00,2.1499999999999986,5447.040000000004,1449.0,2022-02-09T09:40:00-05:00,1.9499999999999957,5847.040000000009,1450.0,2022-02-09T09:41:00-05:00,1.7999999999999972,6147.040000000006,1507.0,2022-02-09T10:38:00-05:00,1.9000000000000057,5947.039999999989,1450.0,2022-02-09T09:41:00-05:00,1.7999999999999972,6147.040000000006,,,,,,,,,,,,,,,,,,,,,,,,,,,,,,,,,198
2022-02-08,2022-02-11,3,6.0,2022-02-08T09:31:00-05:00,6.050000000000011,NDXP  220211P14760000,NDXP  220211P14750000,development,False,False,0,0,0,52,0,1553,available,False,2022-02-08T09:31:00-05:00,2022-02-11T15:57:00-05:00,10.0,-8052.959999999977,3.0,last_observed_quote_not_settlement,1036.0,323,63,6.25,-652.9599999999766,2022-02-08T09:32:00-05:00,0.0,6.300000000000011,-752.9599999999994,2022-02-08T09:33:00-05:00,0.0,6.449999999999989,-1052.9599999999539,2022-02-08T09:36:00-05:00,0.0,6.050000000000068,-252.96000000011298,2022-02-08T09:41:00-05:00,0.0,6.350000000000023,-852.9600000000221,2022-02-08T09:46:00-05:00,0.0,6.650000000000034,-1452.9600000000448,2022-02-08T10:01:00-05:00,0.0,6.7000000000000455,-1552.9600000000676,2022-02-08T10:31:00-05:00,0.0,5.600000000000023,647.0399999999779,2022-02-08T11:31:00-05:00,0.0,3.8000000000000114,4247.040000000001,2022-02-08T16:00:00-05:00,0.0,1.5500000000000043,8747.040000000015,2022-02-09T16:00:00-05:00,0.0,5.5,847.0400000000234,2022-02-10T16:00:00-05:00,0.0,,,2022-02-11T15:57:00-05:00,180.0,26.0,hit,28.0,hit,107.0,hit,374.0,hit,1635.0,hit,,never_hit,,never_hit,4.0,hit,20.0,hit,20.0,hit,29.0,hit,4446.0,hit,4448.0,hit,8.0,64,True,True,False,False,,8.0,64,True,True,False,False,,,,True,True,True,False,4.750000000000007,,,True,True,True,False,4.750000000000007,374.0,2022-02-08T15:45:00-05:00,2.75,6347.040000000024,1441.0,2022-02-09T09:32:00-05:00,2.8499999999999943,6147.0400000000345,1442.0,2022-02-09T09:33:00-05:00,2.75,6347.040000000024,375.0,2022-02-08T15:46:00-05:00,4.100000000000023,3647.039999999978,1653.0,2022-02-09T13:04:00-05:00,1.7000000000000028,8447.040000000019,1718.0,2022-02-09T14:09:00-05:00,1.8999999999999986,8047.040000000026,1719.0,2022-02-09T14:10:00-05:00,1.8499999999999943,8147.0400000000345,1654.0,2022-02-09T13:05:00-05:00,2.200000000000003,7447.040000000018,,,,,,,,,,,,,,,,,,,,,,,,,,,,,,,,,199
2022-02-08,2022-02-11,3,7.0,2022-02-08T09:31:00-05:00,7.0499999999999545,NDXP  220211P14860000,NDXP  220211P14850000,development,False,False,0,0,0,48,0,1557,available,False,2022-02-08T09:31:00-05:00,2022-02-11T16:00:00-05:00,9.099999999999909,-4352.95999999991,0.0,last_observed_quote_not_settlement,1036.0,389,91,7.849999999999909,-1852.9599999999084,2022-02-08T09:32:00-05:00,0.0,7.350000000000023,-852.9600000001358,2022-02-08T09:33:00-05:00,0.0,7.949999999999989,-2052.9600000000673,2022-02-08T09:36:00-05:00,0.0,6.949999999999932,-52.959999999953816,2022-02-08T09:41:00-05:00,0.0,7.449999999999932,-1052.9599999999539,2022-02-08T09:46:00-05:00,0.0,7.649999999999977,-1452.9600000000448,2022-02-08T10:01:00-05:00,0.0,6.800000000000011,247.039999999887,2022-02-08T10:31:00-05:00,0.0,6.299999999999983,1247.0399999999438,2022-02-08T11:31:00-05:00,0.0,5.549999999999983,2747.039999999944,2022-02-08T16:00:00-05:00,0.0,2.3499999999999943,9147.039999999923,2022-02-09T16:00:00-05:00,0.0,7.25,-652.9600000000903,2022-02-10T16:00:00-05:00,0.0,9.099999999999909,-4352.95999999991,2022-02-11T16:00:00-05:00,0.0,107.0,hit,145.0,hit,1440.0,hit,1499.0,hit,1842.0,hit,,never_hit,,never_hit,1.0,hit,9.0,hit,0.0,hit,9.0,hit,95.0,hit,4334.0,hit,9.0,70,True,True,True,True,,9.0,70,True,True,True,True,,,,True,True,True,False,5.049999999999962,,,True,True,True,False,5.049999999999962,1499.0,2022-02-09T10:30:00-05:00,2.5999999999999943,8647.039999999923,1633.0,2022-02-09T12:44:00-05:00,2.9499999999999886,7947.039999999933,1634.0,2022-02-09T12:45:00-05:00,2.8999999999999915,8047.039999999927,1500.0,2022-02-09T10:31:00-05:00,3.8000000000000114,6247.039999999887,,,,,,,,,,,,,,,,,,,,,,,,,,,,,,,,,,,,,,,,,,,,,,,,,200
2022-02-09,2022-02-11,2,5.0,2022-02-09T09:31:00-05:00,4.950000000000017,NDXP  220211P14970000,NDXP  220211P14960000,development,False,False,0,0,0,74,0,1126,available,False,2022-02-09T09:31:00-05:00,2022-02-11T16:00:00-05:00,8.5,-7352.959999999967,0.0,last_observed_quote_not_settlement,1036.0,591,106,3.950000000000017,1747.0400000000006,2022-02-09T09:32:00-05:00,0.0,5.550000000000011,-1452.959999999988,2022-02-09T09:33:00-05:00,0.0,5.099999999999994,-552.9599999999539,2022-02-09T09:36:00-05:00,0.0,4.799999999999983,47.04000000006892,2022-02-09T09:41:00-05:00,0.0,4.800000000000011,47.04000000001208,2022-02-09T09:46:00-05:00,0.0,4.900000000000006,-152.95999999997656,2022-02-09T10:01:00-05:00,0.0,5.050000000000011,-452.95999999998793,2022-02-09T10:31:00-05:00,0.0,5.2000000000000455,-752.9600000000562,2022-02-09T11:31:00-05:00,0.0,3.450000000000003,2747.040000000029,2022-02-09T16:00:00-05:00,0.0,7.899999999999977,-6152.95999999992,2022-02-10T16:00:00-05:00,0.0,8.5,-7352.959999999967,2022-02-11T16:00:00-05:00,0.0,,,,,0.0,hit,0.0,hit,1.0,hit,,never_hit,,never_hit,,never_hit,,never_hit,2.0,hit,24.0,hit,1440.0,hit,1726.0,hit,1772.0,hit,1812.0,hit,,,True,True,True,False,1.799999999999983,,,True,True,True,False,1.799999999999983,,,True,True,True,False,1.799999999999983,,,True,True,True,False,1.799999999999983,,,,,,,,,,,,,,,,,,,,,,,,,,,,,,,,,,,,,,,,,,,,,,,,,,,,,,,,,,,,,,,,,201
2022-02-09,2022-02-11,2,6.0,2022-02-09T09:31:00-05:00,6.0,NDXP  220211P15070000,NDXP  220211P15060000,development,False,False,0,0,0,94,0,1106,available,False,2022-02-09T09:31:00-05:00,2022-02-11T16:00:00-05:00,9.75,-7752.960000000001,0.0,last_observed_quote_not_settlement,1036.0,662,152,5.050000000000011,1647.039999999978,2022-02-09T09:32:00-05:00,0.0,6.099999999999994,-452.95999999998793,2022-02-09T09:33:00-05:00,0.0,6.350000000000023,-952.9600000000448,2022-02-09T09:36:00-05:00,0.0,7.0,-2252.959999999999,2022-02-09T09:41:00-05:00,0.0,6.25,-752.9599999999994,2022-02-09T09:46:00-05:00,0.0,6.299999999999983,-852.9599999999652,2022-02-09T10:01:00-05:00,0.0,6.350000000000023,-952.9600000000448,2022-02-09T10:31:00-05:00,0.0,6.199999999999989,-652.9599999999766,2022-02-09T11:31:00-05:00,0.0,2.8000000000000114,6147.039999999978,2022-02-09T16:00:00-05:00,0.0,9.25,-6752.960000000001,2022-02-10T16:00:00-05:00,0.0,9.75,-7752.960000000001,2022-02-11T16:00:00-05:00,0.0,,,,,1.0,hit,8.0,hit,224.0,hit,389.0,hit,,never_hit,,never_hit,,never_hit,4.0,hit,4.0,hit,4.0,hit,4.0,hit,4.0,hit,1793.0,hit,9.0,103,True,True,True,True,,,,True,True,True,False,3.1999999999999886,,,True,True,True,False,3.1999999999999886,,,True,True,True,False,3.1999999999999886,389.0,2022-02-09T16:00:00-05:00,2.8000000000000114,6147.039999999978,,,,,,,,,390.0,2022-02-09T16:01:00-05:00,4.7000000000000455,2347.03999999991,,,,,,,,,,,,,,,,,,,,,,,,,,,,,,,,,,,,,,,,,,,,,,,,,202
2022-02-09,2022-02-11,2,7.0,2022-02-09T09:31:00-05:00,7.149999999999977,NDXP  220211P15140000,NDXP  220211P15130000,development,False,False,0,0,2,147,0,1051,available,False,2022-02-09T09:31:00-05:00,2022-02-11T16:00:00-05:00,4.2999999999999545,5447.040000000046,0.0,last_observed_quote_not_settlement,1039.0,583,129,7.199999999999989,-352.96000000002203,2022-02-09T09:32:00-05:00,0.0,7.100000000000023,-152.96000000009025,2022-02-09T09:33:00-05:00,0.0,7.25,-452.9600000000448,2022-02-09T09:36:00-05:00,0.0,7.099999999999994,-152.9600000000334,2022-02-09T09:41:00-05:00,0.0,7.149999999999977,-252.9599999999993,2022-02-09T09:46:00-05:00,0.0,7.0,47.039999999955235,2022-02-09T10:01:00-05:00,0.0,7.349999999999966,-652.9599999999766,2022-02-09T10:31:00-05:00,0.0,8.0,-1952.9600000000466,2022-02-09T11:31:00-05:00,0.0,5.550000000000011,2947.0399999999327,2022-02-09T16:00:00-05:00,0.0,9.050000000000011,-4052.960000000069,2022-02-10T16:00:00-05:00,0.0,4.2999999999999545,5447.040000000046,2022-02-11T16:00:00-05:00,0.0,,,,,222.0,hit,222.0,hit,399.0,hit,,never_hit,,never_hit,,never_hit,,never_hit,6.0,hit,17.0,hit,0.0,hit,17.0,hit,19.0,hit,224.0,hit,,,True,True,True,False,3.4499999999999886,,,True,True,True,False,3.4499999999999886,,,True,True,True,False,3.4499999999999886,,,True,True,True,False,3.4499999999999886,,,,,,,,,,,,,,,,,,,,,,,,,,,,,,,,,,,,,,,,,,,,,,,,,,,,,,,,,,,,,,,,,203
2022-02-11,2022-02-14,3,5.0,2022-02-11T09:31:00-05:00,4.950000000000017,NDXP  220214P14780000,NDXP  220214P14770000,development,False,False,0,0,0,121,0,674,available,False,2022-02-11T09:31:00-05:00,2022-02-14T16:00:00-05:00,10.0,-10252.959999999965,0.0,last_observed_quote_not_settlement,3918.0,562,22,4.650000000000006,347.04000000002344,2022-02-11T09:32:00-05:00,0.0,4.650000000000034,347.0399999999666,2022-02-11T09:33:00-05:00,0.0,5.450000000000017,-1252.9599999999994,2022-02-11T09:36:00-05:00,0.0,6.800000000000011,-3952.9599999999878,2022-02-11T09:41:00-05:00,0.0,5.200000000000017,-752.9599999999994,2022-02-11T09:46:00-05:00,0.0,5.599999999999966,-1552.959999999897,2022-02-11T10:01:00-05:00,0.0,6.050000000000011,-2452.9599999999878,2022-02-11T10:31:00-05:00,0.0,6.650000000000006,-3652.9599999999764,2022-02-11T11:31:00-05:00,0.0,9.449999999999932,-9252.95999999983,2022-02-11T16:00:00-05:00,0.0,,,2022-02-11T16:13:00-05:00,85620.0,,,2022-02-11T16:13:00-05:00,172020.0,10.0,-10252.959999999965,2022-02-14T16:00:00-05:00,0.0,0.0,hit,0.0,hit,21.0,hit,,never_hit,,never_hit,,never_hit,,never_hit,3.0,hit,3.0,hit,7.0,hit,99.0,hit,249.0,hit,298.0,hit,,,True,True,True,False,1.650000000000034,,,True,True,True,False,1.650000000000034,,,True,True,True,False,1.650000000000034,,,True,True,True,False,1.650000000000034,,,,,,,,,,,,,,,,,,,,,,,,,,,,,,,,,,,,,,,,,,,,,,,,,,,,,,,,,,,,,,,,,204
2022-02-11,2022-02-14,3,6.0,2022-02-11T09:31:00-05:00,6.0,NDXP  220214P14840000,NDXP  220214P14830000,development,False,False,0,0,0,151,0,644,available,False,2022-02-11T09:31:00-05:00,2022-02-14T16:00:00-05:00,10.0,-8152.96,0.0,last_observed_quote_not_settlement,3916.0,510,44,4.700000000000017,2347.0399999999668,2022-02-11T09:32:00-05:00,0.0,5.25,1247.0400000000006,2022-02-11T09:33:00-05:00,0.0,6.350000000000023,-952.9600000000448,2022-02-11T09:36:00-05:00,0.0,6.75,-1752.9599999999994,2022-02-11T09:41:00-05:00,0.0,6.849999999999994,-1952.959999999988,2022-02-11T09:46:00-05:00,0.0,6.400000000000006,-1052.9600000000107,2022-02-11T10:01:00-05:00,0.0,6.349999999999994,-952.959999999988,2022-02-11T10:31:00-05:00,0.0,7.0499999999999545,-2352.959999999908,2022-02-11T11:31:00-05:00,0.0,9.25,-6752.960000000001,2022-02-11T16:00:00-05:00,0.0,,,2022-02-11T16:15:00-05:00,85500.0,,,2022-02-11T16:15:00-05:00,171900.0,10.0,-8152.96,2022-02-14T16:00:00-05:00,0.0,1.0,hit,1.0,hit,259.0,hit,259.0,hit,259.0,hit,,never_hit,,never_hit,9.0,hit,45.0,hit,45.0,hit,128.0,hit,211.0,hit,244.0,hit,9.600000000000023,224,True,True,True,True,,9.600000000000023,224,True,True,True,True,,,,True,True,True,False,4.850000000000023,,,True,True,True,False,4.850000000000023,259.0,2022-02-11T13:50:00-05:00,1.1499999999999773,9447.040000000046,,,,,,,,,260.0,2022-02-11T13:51:00-05:00,9.400000000000034,-7052.960000000069,259.0,2022-02-11T13:50:00-05:00,1.1499999999999773,9447.040000000046,,,,,,,,,260.0,2022-02-11T13:51:00-05:00,9.400000000000034,-7052.960000000069,,,,,,,,,,,,,,,,,,,,,,,,,,,,,,,,,205
2022-02-11,2022-02-14,3,7.0,2022-02-11T09:31:00-05:00,6.999999999999972,NDXP  220214P14910000,NDXP  220214P14900000,development,False,False,0,0,0,155,0,640,available,False,2022-02-11T09:31:00-05:00,2022-02-14T16:00:00-05:00,10.0,-6152.960000000056,0.0,last_observed_quote_not_settlement,3917.0,512,38,7.349999999999994,-952.9600000000448,2022-02-11T09:32:00-05:00,0.0,6.099999999999994,1547.0399999999552,2022-02-11T09:33:00-05:00,0.0,7.2000000000000455,-652.9600000001471,2022-02-11T09:36:00-05:00,0.0,6.350000000000023,1047.0399999998983,2022-02-11T09:41:00-05:00,0.0,6.299999999999983,1147.039999999978,2022-02-11T09:46:00-05:00,0.0,7.0,-252.96000000005614,2022-02-11T10:01:00-05:00,0.0,7.150000000000034,-552.9600000001244,2022-02-11T10:31:00-05:00,0.0,7.649999999999977,-1552.9600000000107,2022-02-11T11:31:00-05:00,0.0,,,2022-02-11T15:59:00-05:00,60.0,,,2022-02-11T16:15:00-05:00,85500.0,,,2022-02-11T16:15:00-05:00,171900.0,10.0,-6152.960000000056,2022-02-14T16:00:00-05:00,0.0,17.0,hit,78.0,hit,,never_hit,,never_hit,,never_hit,,never_hit,,never_hit,12.0,hit,31.0,hit,1.0,hit,31.0,hit,92.0,hit,110.0,hit,,,True,True,True,False,2.19999999999996,,,True,True,True,False,2.19999999999996,,,True,True,True,False,2.19999999999996,,,True,True,True,False,2.19999999999996,,,,,,,,,,,,,,,,,,,,,,,,,,,,,,,,,,,,,,,,,,,,,,,,,,,,,,,,,,,,,,,,,206
2022-02-14,2022-02-16,2,5.0,2022-02-14T09:31:00-05:00,5.0,NDXP  220216P14370000,NDXP  220216P14360000,development,False,False,0,0,1,0,0,1199,available,False,2022-02-14T09:31:00-05:00,2022-02-16T16:00:00-05:00,0.0,9747.04,0.0,last_observed_quote_not_settlement,1036.0,196,88,6.099999999999966,-2452.959999999931,2022-02-14T09:32:00-05:00,0.0,5.4500000000000455,-1152.9600000000903,2022-02-14T09:33:00-05:00,0.0,5.2999999999999545,-852.9599999999084,2022-02-14T09:36:00-05:00,0.0,5.25,-752.9599999999994,2022-02-14T09:41:00-05:00,0.0,5.25,-752.9599999999994,2022-02-14T09:46:00-05:00,0.0,6.300000000000011,-2852.960000000022,2022-02-14T10:01:00-05:00,0.0,5.0,-252.9599999999993,2022-02-14T10:31:00-05:00,0.0,4.5,747.0400000000006,2022-02-14T11:31:00-05:00,0.0,4.75,247.04000000000067,2022-02-14T16:00:00-05:00,0.0,1.3999999999999986,6947.040000000004,2022-02-15T16:00:00-05:00,0.0,0.0,9747.04,2022-02-16T16:00:00-05:00,0.0,,,,,0.0,hit,0.0,hit,25.0,hit,49.0,hit,49.0,hit,3171.0,hit,3174.0,hit,1.0,hit,1.0,hit,35.0,hit,,never_hit,,never_hit,,never_hit,7.149999999999977,32,True,False,False,False,,7.149999999999977,32,True,False,False,False,,7.300000000000011,196,True,False,False,False,,7.300000000000011,196,True,False,False,False,,49.0,2022-02-14T10:20:00-05:00,1.75,6247.040000000001,1444.0,2022-02-15T09:35:00-05:00,2.799999999999983,4147.0400000000345,1448.0,2022-02-15T09:39:00-05:00,2.8999999999999915,3947.0400000000177,50.0,2022-02-14T10:21:00-05:00,5.25,-752.9599999999994,49.0,2022-02-14T10:20:00-05:00,1.75,6247.040000000001,1755.0,2022-02-15T14:46:00-05:00,1.8500000000000014,6047.039999999998,1756.0,2022-02-15T14:47:00-05:00,1.9499999999999957,5847.040000000009,50.0,2022-02-14T10:21:00-05:00,5.25,-752.9599999999994,3171.0,2022-02-16T14:22:00-05:00,0.7999999999999998,8147.040000000002,3172.0,2022-02-16T14:23:00-05:00,0.6000000000000005,8547.04,3173.0,2022-02-16T14:24:00-05:00,0.5000000000000004,8747.039999999999,3172.0,2022-02-16T14:23:00-05:00,0.6000000000000005,8547.04,3174.0,2022-02-16T14:25:00-05:00,0.3999999999999999,8947.04,3178.0,2022-02-16T14:29:00-05:00,0.3500000000000001,9047.04,3179.0,2022-02-16T14:30:00-05:00,0.37500000000000044,8997.039999999999,3175.0,2022-02-16T14:26:00-05:00,0.47499999999999964,8797.040000000003,207
2022-02-14,2022-02-16,2,6.0,2022-02-14T09:31:00-05:00,6.050000000000011,NDXP  220216P14350000,NDXP  220216P14340000,development,False,False,0,0,1,15,0,1184,available,False,2022-02-14T09:31:00-05:00,2022-02-16T15:47:00-05:00,0.025000000000000022,11797.040000000023,13.0,last_observed_quote_not_settlement,1036.0,23,38,5.199999999999989,1447.0400000000461,2022-02-14T09:32:00-05:00,0.0,5.099999999999966,1647.0400000000916,2022-02-14T09:33:00-05:00,0.0,4.5,2847.0400000000236,2022-02-14T09:36:00-05:00,0.0,6.549999999999983,-1252.9599999999425,2022-02-14T09:41:00-05:00,0.0,5.2999999999999545,1247.0400000001143,2022-02-14T09:46:00-05:00,0.0,6.25,-652.9599999999766,2022-02-14T10:01:00-05:00,0.0,4.799999999999983,2247.0400000000577,2022-02-14T10:31:00-05:00,0.0,3.9999999999999716,3847.0400000000805,2022-02-14T11:31:00-05:00,0.0,4.099999999999994,3647.040000000035,2022-02-14T16:00:00-05:00,0.0,1.25,9347.040000000025,2022-02-15T16:00:00-05:00,0.0,,,2022-02-16T15:47:00-05:00,780.0,,,,,1.0,hit,5.0,hit,8.0,hit,81.0,hit,1538.0,hit,3168.0,hit,3172.0,hit,53.0,hit,346.0,hit,346.0,hit,,never_hit,,never_hit,,never_hit,6.750000000000028,7,False,False,False,False,,7.149999999999977,23,True,False,False,False,,7.149999999999977,23,True,False,False,False,,7.149999999999977,23,True,False,False,False,,244.0,2022-02-14T13:35:00-05:00,2.1999999999999886,7447.040000000046,1444.0,2022-02-15T09:35:00-05:00,2.75,6347.040000000024,1445.0,2022-02-15T09:36:00-05:00,2.299999999999997,7247.040000000029,245.0,2022-02-14T13:36:00-05:00,4.549999999999983,2747.0400000000577,1538.0,2022-02-15T11:09:00-05:00,1.8500000000000014,8147.04000000002,1582.0,2022-02-15T11:53:00-05:00,1.8499999999999943,8147.0400000000345,1583.0,2022-02-15T11:54:00-05:00,1.9000000000000057,8047.040000000012,1539.0,2022-02-15T11:10:00-05:00,2.299999999999997,7247.040000000029,3168.0,2022-02-16T14:19:00-05:00,0.9499999999999993,9947.040000000026,3172.0,2022-02-16T14:23:00-05:00,0.4750000000000001,10897.040000000023,3173.0,2022-02-16T14:24:00-05:00,0.3500000000000001,11147.040000000023,3169.0,2022-02-16T14:20:00-05:00,1.0,9847.040000000025,3173.0,2022-02-16T14:24:00-05:00,0.3500000000000001,11147.040000000023,3174.0,2022-02-16T14:25:00-05:00,0.25,11347.040000000025,3175.0,2022-02-16T14:26:00-05:00,0.27499999999999947,11297.040000000025,3174.0,2022-02-16T14:25:00-05:00,0.25,11347.040000000025,208
2022-02-14,2022-02-16,2,7.0,2022-02-14T09:31:00-05:00,6.849999999999966,NDXP  220216P14570000,NDXP  220216P14560000,development,False,False,0,0,0,1,0,1199,available,False,2022-02-14T09:31:00-05:00,2022-02-16T16:00:00-05:00,0.1499999999999999,13147.039999999932,0.0,last_observed_quote_not_settlement,1036.0,450,105,6.75,-52.9600000000675,2022-02-14T09:32:00-05:00,0.0,8.300000000000068,-3152.9600000002056,2022-02-14T09:33:00-05:00,0.0,6.599999999999966,247.04000000000067,2022-02-14T09:36:00-05:00,0.0,6.949999999999989,-452.9600000000448,2022-02-14T09:41:00-05:00,0.0,7.100000000000023,-752.960000000113,2022-02-14T09:46:00-05:00,0.0,6.800000000000011,-152.96000000009025,2022-02-14T10:01:00-05:00,0.0,6.649999999999977,147.03999999997797,2022-02-14T10:31:00-05:00,0.0,5.699999999999989,2047.0399999999554,2022-02-14T11:31:00-05:00,0.0,7.7999999999999545,-2152.9599999999764,2022-02-14T16:00:00-05:00,0.0,3.450000000000003,6547.039999999927,2022-02-15T16:00:00-05:00,0.0,0.1499999999999999,13147.039999999932,2022-02-16T16:00:00-05:00,0.0,,,,,146.0,hit,277.0,hit,1443.0,hit,1800.0,hit,3213.0,hit,3248.0,hit,3256.0,hit,2.0,hit,2.0,hit,2.0,hit,2.0,hit,287.0,hit,,never_hit,9.399999999999977,201,True,True,True,True,,9.399999999999977,450,True,True,True,True,,9.399999999999977,450,True,True,True,True,,9.399999999999977,450,True,True,True,True,,1800.0,2022-02-15T15:31:00-05:00,2.299999999999997,8847.039999999939,3210.0,2022-02-16T15:01:00-05:00,2.700000000000001,8047.03999999993,3214.0,2022-02-16T15:05:00-05:00,1.049999999999999,11347.039999999935,1801.0,2022-02-15T15:32:00-05:00,3.450000000000003,6547.039999999927,3213.0,2022-02-16T15:04:00-05:00,1.8499999999999996,9747.039999999934,3214.0,2022-02-16T15:05:00-05:00,1.049999999999999,11347.039999999935,3215.0,2022-02-16T15:06:00-05:00,1.3500000000000005,10747.039999999932,3214.0,2022-02-16T15:05:00-05:00,1.049999999999999,11347.039999999935,3248.0,2022-02-16T15:39:00-05:00,0.9250000000000003,11597.039999999932,3249.0,2022-02-16T15:40:00-05:00,0.6249999999999996,12197.039999999934,3250.0,2022-02-16T15:41:00-05:00,0.8250000000000002,11797.039999999934,3249.0,2022-02-16T15:40:00-05:00,0.6249999999999996,12197.039999999934,3256.0,2022-02-16T15:47:00-05:00,0.32499999999999996,12797.039999999934,3257.0,2022-02-16T15:48:00-05:00,0.44999999999999996,12547.039999999934,3258.0,2022-02-16T15:49:00-05:00,0.20000000000000018,13047.039999999934,3257.0,2022-02-16T15:48:00-05:00,0.44999999999999996,12547.039999999934,209
2022-02-22,2022-02-25,3,5.0,2022-02-22T09:31:00-05:00,4.949999999999989,NDXP  220225P14110000,NDXP  220225P14100000,development,False,False,0,0,0,105,0,1500,available,False,2022-02-22T09:31:00-05:00,2022-02-25T16:00:00-05:00,5.0,-352.96000000002203,0.0,last_observed_quote_not_settlement,1036.0,1125,94,5.850000000000023,-2052.9600000000673,2022-02-22T09:32:00-05:00,0.0,5.899999999999977,-2152.9599999999764,2022-02-22T09:33:00-05:00,0.0,5.7000000000000455,-1752.960000000113,2022-02-22T09:36:00-05:00,0.0,5.800000000000068,-1952.9600000001585,2022-02-22T09:41:00-05:00,0.0,3.6499999999999773,2347.0400000000236,2022-02-22T09:46:00-05:00,0.0,4.25,1147.039999999978,2022-02-22T10:01:00-05:00,0.0,4.350000000000023,947.0399999999324,2022-02-22T10:31:00-05:00,0.0,6.149999999999977,-2652.9599999999764,2022-02-22T11:31:00-05:00,0.0,6.850000000000023,-4052.9600000000673,2022-02-22T16:00:00-05:00,0.0,7.550000000000068,-5452.960000000158,2022-02-23T16:00:00-05:00,0.0,6.5,-3352.960000000022,2022-02-24T16:00:00-05:00,0.0,5.0,-352.96000000002203,2022-02-25T16:00:00-05:00,0.0,0.0,hit,0.0,hit,15.0,hit,83.0,hit,4674.0,hit,4698.0,hit,4699.0,hit,1.0,hit,3.0,hit,186.0,hit,294.0,hit,294.0,hit,294.0,hit,6.899999999999977,44,False,False,False,False,,10.0,1125,True,True,True,True,,10.0,1125,True,True,True,True,,10.0,1125,True,True,True,True,,83.0,2022-02-22T10:54:00-05:00,2.8999999999999773,3847.0400000000236,4673.0,2022-02-25T15:24:00-05:00,2.5,4647.039999999978,4674.0,2022-02-25T15:25:00-05:00,1.8500000000000014,5947.039999999975,84.0,2022-02-22T10:55:00-05:00,5.2999999999999545,-952.9599999999311,4674.0,2022-02-25T15:25:00-05:00,1.8500000000000014,5947.039999999975,4694.0,2022-02-25T15:45:00-05:00,1.2249999999999996,7197.039999999979,4695.0,2022-02-25T15:46:00-05:00,1.2749999999999995,7097.039999999979,4675.0,2022-02-25T15:26:00-05:00,2.0,5647.039999999978,4698.0,2022-02-25T15:49:00-05:00,0.9499999999999997,7747.039999999977,4699.0,2022-02-25T15:50:00-05:00,0.0,9647.039999999979,4700.0,2022-02-25T15:51:00-05:00,0.4750000000000001,8697.039999999977,4699.0,2022-02-25T15:50:00-05:00,0.0,9647.039999999979,4699.0,2022-02-25T15:50:00-05:00,0.0,9647.039999999979,4702.0,2022-02-25T15:53:00-05:00,0.17500000000000004,9297.039999999979,4703.0,2022-02-25T15:54:00-05:00,0.125,9397.039999999979,4700.0,2022-02-25T15:51:00-05:00,0.4750000000000001,8697.039999999977,210
2022-02-22,2022-02-25,3,6.0,2022-02-22T09:31:00-05:00,5.9500000000000455,NDXP  220225P14100000,NDXP  220225P14090000,development,False,False,0,0,0,110,0,1495,available,False,2022-02-22T09:31:00-05:00,2022-02-25T16:00:00-05:00,0.0,11647.040000000092,0.0,last_observed_quote_not_settlement,1037.0,887,111,5.599999999999966,447.04000000015986,2022-02-22T09:32:00-05:00,0.0,5.899999999999977,-152.95999999986287,2022-02-22T09:33:00-05:00,0.0,6.199999999999932,-752.959999999772,2022-02-22T09:36:00-05:00,0.0,5.599999999999966,447.04000000015986,2022-02-22T09:41:00-05:00,0.0,7.4500000000000455,-3252.959999999999,2022-02-22T09:46:00-05:00,0.0,6.75,-1852.9599999999084,2022-02-22T10:01:00-05:00,0.0,5.349999999999994,947.040000000103,2022-02-22T10:31:00-05:00,0.0,5.899999999999977,-152.95999999986287,2022-02-22T11:31:00-05:00,0.0,5.850000000000023,-52.959999999953816,2022-02-22T16:00:00-05:00,0.0,,,2022-02-23T15:58:00-05:00,120.0,5.899999999999977,-152.95999999986287,2022-02-24T16:00:00-05:00,0.0,0.0,11647.040000000092,2022-02-25T16:00:00-05:00,0.0,8.0,hit,20.0,hit,22.0,hit,360.0,hit,4529.0,hit,4693.0,hit,4698.0,hit,15.0,hit,15.0,hit,15.0,hit,132.0,hit,1676.0,hit,1730.0,hit,8.75,206,True,True,False,False,,10.0,887,True,True,True,True,,10.0,887,True,True,True,True,,10.0,887,True,True,True,True,,360.0,2022-02-22T15:31:00-05:00,2.4499999999999886,6747.040000000115,4473.0,2022-02-25T12:04:00-05:00,2.8000000000000007,6047.04000000009,4504.0,2022-02-25T12:35:00-05:00,2.549999999999997,6547.040000000097,361.0,2022-02-22T15:32:00-05:00,6.0,-352.95999999990835,4529.0,2022-02-25T13:00:00-05:00,1.0499999999999972,9547.0400000001,4675.0,2022-02-25T15:26:00-05:00,1.6500000000000021,8347.040000000088,4676.0,2022-02-25T15:27:00-05:00,1.75,8147.040000000091,4530.0,2022-02-25T13:01:00-05:00,4.199999999999989,3247.0400000001146,4693.0,2022-02-25T15:44:00-05:00,0.75,10147.040000000092,4696.0,2022-02-25T15:47:00-05:00,0.75,10147.040000000092,4697.0,2022-02-25T15:48:00-05:00,0.6000000000000001,10447.040000000092,4694.0,2022-02-25T15:45:00-05:00,1.0749999999999997,9497.040000000092,4699.0,2022-02-25T15:50:00-05:00,0.0,11647.040000000092,4700.0,2022-02-25T15:51:00-05:00,0.25,11147.040000000092,4701.0,2022-02-25T15:52:00-05:00,0.10000000000000009,11447.040000000092,4700.0,2022-02-25T15:51:00-05:00,0.25,11147.040000000092,211
2022-02-22,2022-02-25,3,7.0,2022-02-22T09:31:00-05:00,7.0499999999999545,NDXP  220225P14370000,NDXP  220225P14360000,development,False,False,0,0,0,321,0,1284,available,False,2022-02-22T09:31:00-05:00,2022-02-25T16:00:00-05:00,10.0,-6052.960000000091,0.0,last_observed_quote_not_settlement,1038.0,998,92,7.599999999999966,-1352.960000000022,2022-02-22T09:32:00-05:00,0.0,8.799999999999955,-3752.960000000001,2022-02-22T09:33:00-05:00,0.0,8.0,-2152.960000000092,2022-02-22T09:36:00-05:00,0.0,7.75,-1652.9600000000903,2022-02-22T09:41:00-05:00,0.0,7.2999999999999545,-752.9599999999994,2022-02-22T09:46:00-05:00,0.0,7.300000000000011,-752.960000000113,2022-02-22T10:01:00-05:00,0.0,7.099999999999966,-352.96000000002203,2022-02-22T10:31:00-05:00,0.0,7.400000000000034,-952.9600000001585,2022-02-22T11:31:00-05:00,0.0,8.200000000000045,-2552.960000000183,2022-02-22T16:00:00-05:00,0.0,9.449999999999932,-5052.9599999999555,2022-02-23T16:00:00-05:00,0.0,9.899999999999977,-5952.960000000046,2022-02-24T16:00:00-05:00,0.0,10.0,-6052.960000000091,2022-02-25T16:00:00-05:00,0.0,267.0,hit,390.0,hit,1451.0,hit,,never_hit,,never_hit,,never_hit,,never_hit,1.0,hit,2.0,hit,0.0,hit,2.0,hit,114.0,hit,137.0,hit,,,True,True,True,False,3.949999999999932,,,True,True,True,False,3.949999999999932,,,True,True,True,False,3.949999999999932,,,True,True,True,False,3.949999999999932,,,,,,,,,,,,,,,,,,,,,,,,,,,,,,,,,,,,,,,,,,,,,,,,,,,,,,,,,,,,,,,,,212
2022-02-23,2022-02-25,2,5.0,2022-02-23T09:31:00-05:00,5.049999999999983,NDXP  220225P14100000,NDXP  220225P14090000,development,False,False,0,0,0,110,0,1090,available,False,2022-02-23T09:31:00-05:00,2022-02-25T16:00:00-05:00,0.0,9847.039999999968,0.0,last_observed_quote_not_settlement,1037.0,727,41,5.450000000000017,-1052.9600000000676,2022-02-23T09:32:00-05:00,0.0,5.299999999999983,-752.9599999999994,2022-02-23T09:33:00-05:00,0.0,5.700000000000017,-1552.9600000000676,2022-02-23T09:36:00-05:00,0.0,5.650000000000006,-1452.9600000000448,2022-02-23T09:41:00-05:00,0.0,5.599999999999994,-1352.960000000022,2022-02-23T09:46:00-05:00,0.0,6.550000000000011,-3252.960000000056,2022-02-23T10:01:00-05:00,0.0,6.899999999999977,-3952.9599999999878,2022-02-23T10:31:00-05:00,0.0,7.900000000000034,-5952.960000000102,2022-02-23T11:31:00-05:00,0.0,,,2022-02-23T15:58:00-05:00,120.0,5.899999999999977,-1952.959999999988,2022-02-24T16:00:00-05:00,0.0,0.0,9847.039999999968,2022-02-25T16:00:00-05:00,0.0,,,,,0.0,hit,6.0,hit,6.0,hit,3029.0,hit,3089.0,hit,3253.0,hit,3258.0,hit,5.0,hit,12.0,hit,36.0,hit,57.0,hit,236.0,hit,290.0,hit,10.0,707,True,True,True,True,,10.0,710,True,True,True,True,,10.0,727,True,True,True,True,,10.0,727,True,True,True,True,,3032.0,2022-02-25T12:03:00-05:00,2.700000000000003,4447.039999999961,3033.0,2022-02-25T12:04:00-05:00,2.8000000000000007,4247.039999999965,3064.0,2022-02-25T12:35:00-05:00,2.549999999999997,4747.039999999973,3033.0,2022-02-25T12:04:00-05:00,2.8000000000000007,4247.039999999965,3089.0,2022-02-25T13:00:00-05:00,1.0499999999999972,7747.039999999973,3235.0,2022-02-25T15:26:00-05:00,1.6500000000000021,6547.039999999963,3236.0,2022-02-25T15:27:00-05:00,1.75,6347.039999999966,3090.0,2022-02-25T13:01:00-05:00,4.199999999999989,1447.0399999999893,3253.0,2022-02-25T15:44:00-05:00,0.75,8347.039999999968,3256.0,2022-02-25T15:47:00-05:00,0.75,8347.039999999968,3257.0,2022-02-25T15:48:00-05:00,0.6000000000000001,8647.039999999966,3254.0,2022-02-25T15:45:00-05:00,1.0749999999999997,7697.039999999966,3259.0,2022-02-25T15:50:00-05:00,0.0,9847.039999999968,3260.0,2022-02-25T15:51:00-05:00,0.25,9347.039999999968,3261.0,2022-02-25T15:52:00-05:00,0.10000000000000009,9647.039999999966,3260.0,2022-02-25T15:51:00-05:00,0.25,9347.039999999968,213
2022-02-23,2022-02-25,2,6.0,2022-02-23T09:31:00-05:00,5.949999999999989,NDXP  220225P14180000,NDXP  220225P14170000,development,False,False,0,0,0,140,0,1060,available,False,2022-02-23T09:31:00-05:00,2022-02-25T16:00:00-05:00,0.0,11647.039999999979,0.0,last_observed_quote_not_settlement,1036.0,852,69,6.199999999999989,-752.9599999999994,2022-02-23T09:32:00-05:00,0.0,6.25,-852.9600000000221,2022-02-23T09:33:00-05:00,0.0,5.9500000000000455,-252.96000000011298,2022-02-23T09:36:00-05:00,0.0,5.949999999999989,-252.9599999999993,2022-02-23T09:41:00-05:00,0.0,6.399999999999977,-1152.9599999999766,2022-02-23T09:46:00-05:00,0.0,7.199999999999932,-2752.9599999998854,2022-02-23T10:01:00-05:00,0.0,7.949999999999989,-4252.959999999999,2022-02-23T10:31:00-05:00,0.0,8.449999999999989,-5252.960000000001,2022-02-23T11:31:00-05:00,0.0,,,2022-02-23T15:57:00-05:00,180.0,7.900000000000006,-4152.960000000034,2022-02-24T16:00:00-05:00,0.0,0.0,11647.039999999979,2022-02-25T16:00:00-05:00,0.0,,,,,72.0,hit,296.0,hit,3064.0,hit,3269.0,hit,3269.0,hit,3269.0,hit,3269.0,hit,11.0,hit,21.0,hit,21.0,hit,47.0,hit,90.0,hit,136.0,hit,10.0,852,True,True,True,True,,10.0,852,True,True,True,True,,10.0,852,True,True,True,True,,10.0,852,True,True,True,True,,3269.0,2022-02-25T16:00:00-05:00,0.0,11647.039999999979,,,,,,,,,,,,,3269.0,2022-02-25T16:00:00-05:00,0.0,11647.039999999979,,,,,,,,,,,,,3269.0,2022-02-25T16:00:00-05:00,0.0,11647.039999999979,,,,,,,,,,,,,3269.0,2022-02-25T16:00:00-05:00,0.0,11647.039999999979,,,,,,,,,,,,,214
2022-02-23,2022-02-25,2,7.0,2022-02-23T09:31:00-05:00,7.0,NDXP  220225P14260000,NDXP  220225P14250000,development,False,False,0,0,0,201,0,999,available,False,2022-02-23T09:31:00-05:00,2022-02-25T16:00:00-05:00,10.0,-6152.96,0.0,last_observed_quote_not_settlement,1036.0,829,45,7.0,-252.9599999999993,2022-02-23T09:32:00-05:00,0.0,7.050000000000011,-352.96000000002203,2022-02-23T09:33:00-05:00,0.0,7.149999999999977,-552.9599999999539,2022-02-23T09:36:00-05:00,0.0,6.949999999999932,-152.95999999986287,2022-02-23T09:41:00-05:00,0.0,7.300000000000011,-852.9600000000221,2022-02-23T09:46:00-05:00,0.0,8.199999999999989,-2652.959999999978,2022-02-23T10:01:00-05:00,0.0,8.449999999999989,-3152.959999999978,2022-02-23T10:31:00-05:00,0.0,9.0,-4252.960000000001,2022-02-23T11:31:00-05:00,0.0,7.2999999999999545,-852.9599999999084,2022-02-23T16:00:00-05:00,0.0,8.599999999999966,-3452.9599999999327,2022-02-24T16:00:00-05:00,0.0,10.0,-6152.96,2022-02-25T16:00:00-05:00,0.0,,,,,86.0,hit,1479.0,hit,,never_hit,,never_hit,,never_hit,,never_hit,,never_hit,17.0,hit,22.0,hit,0.0,hit,22.0,hit,35.0,hit,57.0,hit,,,True,True,True,False,2.0,,,True,True,True,False,2.0,,,True,True,True,False,2.0,,,True,True,True,False,2.0,,,,,,,,,,,,,,,,,,,,,,,,,,,,,,,,,,,,,,,,,,,,,,,,,,,,,,,,,,,,,,,,,215
2022-02-25,2022-02-28,3,5.0,2022-02-25T09:31:00-05:00,4.849999999999994,NDXP  220228P13950000,NDXP  220228P13940000,development,False,False,0,0,0,1,0,794,available,False,2022-02-25T09:31:00-05:00,2022-02-28T15:59:00-05:00,0.024999999999999994,9397.03999999999,1.0,last_observed_quote_not_settlement,3916.0,17,16,4.5,447.03999999998933,2022-02-25T09:32:00-05:00,0.0,4.449999999999989,547.040000000012,2022-02-25T09:33:00-05:00,0.0,3.6999999999999886,2047.0400000000122,2022-02-25T09:36:00-05:00,0.0,3.1000000000000227,3247.039999999944,2022-02-25T09:41:00-05:00,0.0,5.0499999999999545,-652.9599999999198,2022-02-25T09:46:00-05:00,0.0,5.200000000000017,-952.9600000000448,2022-02-25T10:01:00-05:00,0.0,3.8499999999999943,1747.0400000000006,2022-02-25T10:31:00-05:00,0.0,2.6500000000000057,4147.039999999978,2022-02-25T11:31:00-05:00,0.0,1.5,6447.039999999989,2022-02-25T16:00:00-05:00,0.0,,,2022-02-25T16:15:00-05:00,85500.0,,,2022-02-25T16:15:00-05:00,171900.0,,,2022-02-28T15:59:00-05:00,60.0,0.0,hit,0.0,hit,3.0,hit,68.0,hit,194.0,hit,4392.0,hit,4431.0,hit,6.0,hit,6.0,hit,,never_hit,,never_hit,,never_hit,,never_hit,6.0,17,False,False,False,False,,6.0,17,False,False,False,False,,6.0,17,False,False,False,False,,6.0,17,False,False,False,False,,68.0,2022-02-25T10:39:00-05:00,2.700000000000017,4047.0399999999554,103.0,2022-02-25T11:14:00-05:00,2.8499999999999943,3747.040000000001,104.0,2022-02-25T11:15:00-05:00,2.9000000000000057,3647.039999999978,69.0,2022-02-25T10:40:00-05:00,4.150000000000006,1147.039999999978,379.0,2022-02-25T15:50:00-05:00,1.8999999999999986,5647.039999999992,384.0,2022-02-25T15:55:00-05:00,1.75,5947.039999999989,385.0,2022-02-25T15:56:00-05:00,1.749999999999993,5947.040000000004,380.0,2022-02-25T15:51:00-05:00,2.0,5447.039999999989,4402.0,2022-02-28T10:53:00-05:00,0.9499999999999993,7547.039999999991,4406.0,2022-02-28T10:57:00-05:00,0.7999999999999989,7847.039999999992,4415.0,2022-02-28T11:06:00-05:00,0.9000000000000021,7647.039999999985,4403.0,2022-02-28T10:54:00-05:00,0.9999999999999982,7447.039999999993,4436.0,2022-02-28T11:27:00-05:00,0.25,8947.03999999999,4440.0,2022-02-28T11:31:00-05:00,0.4499999999999993,8547.039999999992,4441.0,2022-02-28T11:32:00-05:00,0.34999999999999964,8747.039999999992,4437.0,2022-02-28T11:28:00-05:00,0.5499999999999998,8347.03999999999,216
2022-02-25,2022-02-28,3,6.0,2022-02-25T09:31:00-05:00,6.0499999999999545,NDXP  220228P14230000,NDXP  220228P14220000,development,False,False,0,0,0,2,0,792,available,False,2022-02-25T09:31:00-05:00,2022-02-28T16:00:00-05:00,0.0,11847.03999999991,0.0,last_observed_quote_not_settlement,3916.0,451,112,7.5499999999999545,-3252.959999999999,2022-02-25T09:32:00-05:00,0.0,6.399999999999977,-952.9600000000448,2022-02-25T09:33:00-05:00,0.0,7.099999999999966,-2352.960000000022,2022-02-25T09:36:00-05:00,0.0,7.449999999999932,-3052.9599999999537,2022-02-25T09:41:00-05:00,0.0,7.850000000000023,-3852.9600000001356,2022-02-25T09:46:00-05:00,0.0,8.050000000000068,-4252.960000000228,2022-02-25T10:01:00-05:00,0.0,6.850000000000023,-1852.9600000001358,2022-02-25T10:31:00-05:00,0.0,5.5,847.0399999999097,2022-02-25T11:31:00-05:00,0.0,4.800000000000011,2247.039999999887,2022-02-25T16:00:00-05:00,0.0,,,2022-02-25T16:15:00-05:00,85500.0,,,2022-02-25T16:15:00-05:00,171900.0,0.0,11847.03999999991,2022-02-28T16:00:00-05:00,0.0,76.0,hit,146.0,hit,169.0,hit,4402.0,hit,4709.0,hit,4709.0,hit,4709.0,hit,1.0,hit,1.0,hit,1.0,hit,12.0,hit,4330.0,hit,4603.0,hit,9.199999999999989,244,True,True,True,True,,9.950000000000017,451,True,True,True,True,,9.950000000000017,451,True,True,True,True,,9.950000000000017,451,True,True,True,True,,4402.0,2022-02-28T10:53:00-05:00,2.8000000000000114,6247.039999999887,,,,,,,,,4403.0,2022-02-28T10:54:00-05:00,4.900000000000006,2047.0399999998986,4709.0,2022-02-28T16:00:00-05:00,0.0,11847.03999999991,,,,,,,,,,,,,4709.0,2022-02-28T16:00:00-05:00,0.0,11847.03999999991,,,,,,,,,,,,,4709.0,2022-02-28T16:00:00-05:00,0.0,11847.03999999991,,,,,,,,,,,,,217
2022-02-25,2022-02-28,3,7.0,2022-02-25T09:31:00-05:00,7.0,NDXP  220228P14200000,NDXP  220228P14190000,development,False,False,0,0,0,0,0,795,available,False,2022-02-25T09:31:00-05:00,2022-02-28T16:00:00-05:00,0.025000000000000022,13697.04,0.0,last_observed_quote_not_settlement,3916.0,179,46,6.949999999999989,-152.95999999997656,2022-02-25T09:32:00-05:00,0.0,7.2999999999999545,-852.9599999999084,2022-02-25T09:33:00-05:00,0.0,6.4500000000000455,847.0399999999097,2022-02-25T09:36:00-05:00,0.0,7.050000000000011,-352.96000000002203,2022-02-25T09:41:00-05:00,0.0,7.600000000000023,-1452.9600000000448,2022-02-25T09:46:00-05:00,0.0,8.049999999999955,-2352.95999999991,2022-02-25T10:01:00-05:00,0.0,6.449999999999989,847.0400000000234,2022-02-25T10:31:00-05:00,0.0,5.150000000000034,3447.0399999999327,2022-02-25T11:31:00-05:00,0.0,4.1000000000000085,5547.039999999984,2022-02-25T16:00:00-05:00,0.0,,,2022-02-25T16:15:00-05:00,85500.0,,,2022-02-25T16:15:00-05:00,171900.0,0.025000000000000022,13697.04,2022-02-28T16:00:00-05:00,0.0,81.0,hit,105.0,hit,142.0,hit,4438.0,hit,4708.0,hit,4708.0,hit,4708.0,hit,15.0,hit,30.0,hit,0.0,hit,30.0,hit,4598.0,hit,4606.0,hit,8.100000000000023,53,True,True,False,False,,10.0,179,True,True,True,True,,10.0,179,True,True,True,True,,10.0,179,True,True,True,True,,4438.0,2022-02-28T11:29:00-05:00,2.8999999999999986,7947.040000000004,4441.0,2022-02-28T11:32:00-05:00,2.5,8747.04,4442.0,2022-02-28T11:33:00-05:00,2.6499999999999986,8447.040000000005,4439.0,2022-02-28T11:30:00-05:00,3.0,7747.040000000001,4708.0,2022-02-28T15:59:00-05:00,0.3250000000000002,13097.04,4709.0,2022-02-28T16:00:00-05:00,0.025000000000000022,13697.04,,,,,4709.0,2022-02-28T16:00:00-05:00,0.025000000000000022,13697.04,4708.0,2022-02-28T15:59:00-05:00,0.3250000000000002,13097.04,4709.0,2022-02-28T16:00:00-05:00,0.025000000000000022,13697.04,,,,,4709.0,2022-02-28T16:00:00-05:00,0.025000000000000022,13697.04,4708.0,2022-02-28T15:59:00-05:00,0.3250000000000002,13097.04,4709.0,2022-02-28T16:00:00-05:00,0.025000000000000022,13697.04,,,,,4709.0,2022-02-28T16:00:00-05:00,0.025000000000000022,13697.04,218
2022-02-28,2022-03-02,2,5.0,2022-02-28T09:31:00-05:00,4.999999999999972,NDXP  220302P14160000,NDXP  220302P14150000,development,False,False,0,0,0,0,0,1200,available,False,2022-02-28T09:31:00-05:00,2022-03-02T16:00:00-05:00,0.0,9747.039999999944,0.0,last_observed_quote_not_settlement,1036.0,482,152,3.650000000000034,2447.039999999876,2022-02-28T09:32:00-05:00,0.0,4.800000000000011,147.03999999992112,2022-02-28T09:33:00-05:00,0.0,5.200000000000017,-652.9600000000903,2022-02-28T09:36:00-05:00,0.0,4.549999999999983,647.0399999999779,2022-02-28T09:41:00-05:00,0.0,4.75,247.03999999994383,2022-02-28T09:46:00-05:00,0.0,4.450000000000017,847.0399999999097,2022-02-28T10:01:00-05:00,0.0,4.550000000000011,647.0399999999211,2022-02-28T10:31:00-05:00,0.0,3.3499999999999943,3047.0399999999554,2022-02-28T11:31:00-05:00,0.0,2.3999999999999915,4947.039999999961,2022-02-28T16:00:00-05:00,0.0,6.300000000000011,-2852.9600000000787,2022-03-01T16:00:00-05:00,0.0,0.0,9747.039999999944,2022-03-02T16:00:00-05:00,0.0,,,,,0.0,hit,0.0,hit,1.0,hit,57.0,hit,3097.0,hit,3170.0,hit,3242.0,hit,6.0,hit,9.0,hit,9.0,hit,1819.0,hit,,never_hit,,never_hit,7.300000000000011,24,True,False,False,False,,8.399999999999977,482,True,True,False,False,,8.399999999999977,482,True,True,False,False,,8.399999999999977,482,True,True,False,False,,57.0,2022-02-28T10:28:00-05:00,2.8999999999999773,3947.0399999999895,3092.0,2022-03-02T13:03:00-05:00,2.8000000000000043,4147.039999999935,3093.0,2022-03-02T13:04:00-05:00,2.6999999999999993,4347.039999999945,58.0,2022-02-28T10:29:00-05:00,4.800000000000011,147.03999999992112,3100.0,2022-03-02T13:11:00-05:00,1.8500000000000014,6047.039999999941,3101.0,2022-03-02T13:12:00-05:00,1.8000000000000025,6147.039999999939,3102.0,2022-03-02T13:13:00-05:00,1.75,6247.039999999944,3101.0,2022-03-02T13:12:00-05:00,1.8000000000000025,6147.039999999939,3170.0,2022-03-02T14:21:00-05:00,0.9000000000000004,7947.039999999944,3214.0,2022-03-02T15:05:00-05:00,0.9499999999999993,7847.039999999945,3238.0,2022-03-02T15:29:00-05:00,0.8750000000000004,7997.039999999942,3171.0,2022-03-02T14:22:00-05:00,1.3499999999999996,7047.0399999999445,3244.0,2022-03-02T15:35:00-05:00,0.40000000000000013,8947.039999999944,3245.0,2022-03-02T15:36:00-05:00,0.42500000000000027,8897.039999999943,3246.0,2022-03-02T15:37:00-05:00,0.40000000000000013,8947.039999999944,3245.0,2022-03-02T15:36:00-05:00,0.42500000000000027,8897.039999999943,219
2022-02-28,2022-03-02,2,6.0,2022-02-28T09:31:00-05:00,6.0499999999999545,NDXP  220302P14310000,NDXP  220302P14300000,development,False,False,0,0,0,0,0,1200,available,False,2022-02-28T09:31:00-05:00,2022-03-02T16:00:00-05:00,10.0,-8052.960000000091,0.0,last_observed_quote_not_settlement,1036.0,870,142,6.399999999999977,-952.9600000000448,2022-02-28T09:32:00-05:00,0.0,6.149999999999977,-452.9600000000448,2022-02-28T09:33:00-05:00,0.0,6.0,-152.96000000009025,2022-02-28T09:36:00-05:00,0.0,6.0,-152.96000000009025,2022-02-28T09:41:00-05:00,0.0,5.899999999999977,47.039999999955235,2022-02-28T09:46:00-05:00,0.0,6.0,-152.96000000009025,2022-02-28T10:01:00-05:00,0.0,5.449999999999989,947.0399999999324,2022-02-28T10:31:00-05:00,0.0,4.850000000000023,2147.0399999998644,2022-02-28T11:31:00-05:00,0.0,5.250000000000028,1347.0399999998529,2022-02-28T16:00:00-05:00,0.0,6.75,-1652.9600000000903,2022-03-01T16:00:00-05:00,0.0,10.0,-8052.960000000091,2022-03-02T16:00:00-05:00,0.0,,,,,24.0,hit,70.0,hit,70.0,hit,82.0,hit,,never_hit,,never_hit,,never_hit,11.0,hit,11.0,hit,11.0,hit,235.0,hit,1817.0,hit,1819.0,hit,7.499999999999943,45,True,False,False,False,,,,True,True,True,False,3.849999999999966,,,True,True,True,False,3.849999999999966,,,True,True,True,False,3.849999999999966,82.0,2022-02-28T10:53:00-05:00,2.7499999999999716,6347.039999999966,,,,,,,,,83.0,2022-02-28T10:54:00-05:00,5.649999999999977,547.0399999999552,,,,,,,,,,,,,,,,,,,,,,,,,,,,,,,,,,,,,,,,,,,,,,,,,220
2022-02-28,2022-03-02,2,7.0,2022-02-28T09:31:00-05:00,7.0,NDXP  220302P14410000,NDXP  220302P14400000,development,False,False,0,0,0,18,0,1182,available,False,2022-02-28T09:31:00-05:00,2022-03-02T16:00:00-05:00,10.0,-6152.96,0.0,last_observed_quote_not_settlement,1036.0,899,102,7.0,-252.9599999999993,2022-02-28T09:32:00-05:00,0.0,6.899999999999977,-52.959999999953816,2022-02-28T09:33:00-05:00,0.0,7.099999999999966,-452.9599999999311,2022-02-28T09:36:00-05:00,0.0,7.449999999999989,-1152.9599999999766,2022-02-28T09:41:00-05:00,0.0,7.350000000000023,-952.9600000000448,2022-02-28T09:46:00-05:00,0.0,6.75,247.04000000000067,2022-02-28T10:01:00-05:00,0.0,7.100000000000023,-452.9600000000448,2022-02-28T10:31:00-05:00,0.0,5.650000000000006,2447.0399999999895,2022-02-28T11:31:00-05:00,0.0,6.049999999999983,1647.0400000000348,2022-02-28T16:00:00-05:00,0.0,8.5,-3252.960000000001,2022-03-01T16:00:00-05:00,0.0,10.0,-6152.96,2022-03-02T16:00:00-05:00,0.0,,,,,69.0,hit,,never_hit,,never_hit,,never_hit,,never_hit,,never_hit,,never_hit,38.0,hit,43.0,hit,0.0,hit,43.0,hit,45.0,hit,45.0,hit,,,True,True,True,False,1.9500000000000455,,,True,True,True,False,1.9500000000000455,,,True,True,True,False,1.9500000000000455,,,True,True,True,False,1.9500000000000455,,,,,,,,,,,,,,,,,,,,,,,,,,,,,,,,,,,,,,,,,,,,,,,,,,,,,,,,,,,,,,,,,221
2022-03-01,2022-03-04,3,5.0,2022-03-01T09:31:00-05:00,5.0,NDXP  220304P14200000,NDXP  220304P14190000,development,False,False,0,0,0,54,0,1550,available,False,2022-03-01T09:31:00-05:00,2022-03-04T15:59:00-05:00,10.0,-10152.96,1.0,last_observed_quote_not_settlement,1036.0,946,136,4.300000000000011,1147.039999999978,2022-03-01T09:32:00-05:00,0.0,3.7500000000000284,2247.039999999944,2022-03-01T09:33:00-05:00,0.0,4.100000000000023,1547.0399999999552,2022-03-01T09:36:00-05:00,0.0,4.150000000000034,1447.0399999999324,2022-03-01T09:41:00-05:00,0.0,4.0,1747.0400000000006,2022-03-01T09:46:00-05:00,0.0,4.350000000000023,1047.0399999999552,2022-03-01T10:01:00-05:00,0.0,4.0,1747.0400000000006,2022-03-01T10:31:00-05:00,0.0,4.25,1247.0400000000006,2022-03-01T11:31:00-05:00,0.0,5.849999999999909,-1952.9599999998175,2022-03-01T16:00:00-05:00,0.0,4.6499999999999915,447.04000000001776,2022-03-02T16:00:00-05:00,0.0,7.0,-4252.959999999999,2022-03-03T16:00:00-05:00,0.0,,,2022-03-04T15:59:00-05:00,60.0,0.0,hit,0.0,hit,2.0,hit,16.0,hit,75.0,hit,,never_hit,,never_hit,41.0,hit,71.0,hit,138.0,hit,3195.0,hit,4322.0,hit,4338.0,hit,5.100000000000023,1,False,False,False,False,,6.75,3,False,False,False,False,,,,True,True,True,False,3.049999999999983,,,True,True,True,False,3.049999999999983,16.0,2022-03-01T09:47:00-05:00,2.8499999999999943,4047.040000000012,,,,,,,,,17.0,2022-03-01T09:48:00-05:00,4.300000000000011,1147.039999999978,,,,,,,,,,,,,,,,,,,,,,,,,,,,,,,,,,,,,,,,,,,,,,,,,222
2022-03-01,2022-03-04,3,6.0,2022-03-01T09:31:00-05:00,5.9500000000000455,NDXP  220304P15100000,NDXP  220304P15090000,development,False,False,0,0,0,542,0,1062,available,False,2022-03-01T09:31:00-05:00,2022-03-04T15:59:00-05:00,10.0,-8252.959999999908,1.0,last_observed_quote_not_settlement,1040.0,708,8,9.850000000000023,-8052.9599999999555,2022-03-01T09:32:00-05:00,0.0,7.0,-2352.959999999908,2022-03-01T09:33:00-05:00,0.0,7.199999999999932,-2752.9599999997718,2022-03-01T09:36:00-05:00,0.0,,,2022-03-01T09:40:00-05:00,60.0,9.75,-7852.95999999991,2022-03-01T09:46:00-05:00,0.0,,,2022-03-01T09:59:00-05:00,120.0,9.799999999999955,-7952.959999999819,2022-03-01T10:31:00-05:00,0.0,9.799999999999955,-7952.959999999819,2022-03-01T11:31:00-05:00,0.0,9.900000000000091,-8152.960000000092,2022-03-01T16:00:00-05:00,0.0,,,2022-03-02T15:59:00-05:00,60.0,10.0,-8252.959999999908,2022-03-03T16:00:00-05:00,0.0,,,2022-03-04T15:59:00-05:00,60.0,3.0,hit,247.0,hit,2947.0,hit,,never_hit,,never_hit,,never_hit,,never_hit,1.0,hit,1.0,hit,1.0,hit,1.0,hit,1.0,hit,1.0,hit,,,True,True,True,False,2.3500000000000227,,,True,True,True,False,2.3500000000000227,,,True,True,True,False,2.3500000000000227,,,True,True,True,False,2.3500000000000227,,,,,,,,,,,,,,,,,,,,,,,,,,,,,,,,,,,,,,,,,,,,,,,,,,,,,,,,,,,,,,,,,223
2022-03-01,2022-03-04,3,7.0,2022-03-01T09:31:00-05:00,7.0,NDXP  220304P14530000,NDXP  220304P14520000,development,False,False,0,0,0,98,0,1506,available,False,2022-03-01T09:31:00-05:00,2022-03-04T15:59:00-05:00,10.0,-6152.96,1.0,last_observed_quote_not_settlement,1036.0,1313,98,7.649999999999977,-1552.9599999999539,2022-03-01T09:32:00-05:00,0.0,7.099999999999966,-452.9599999999311,2022-03-01T09:33:00-05:00,0.0,6.800000000000011,147.03999999997797,2022-03-01T09:36:00-05:00,0.0,6.7999999999999545,147.04000000009165,2022-03-01T09:41:00-05:00,0.0,7.199999999999989,-652.9599999999766,2022-03-01T09:46:00-05:00,0.0,6.699999999999989,347.04000000002344,2022-03-01T10:01:00-05:00,0.0,6.600000000000023,547.0399999999552,2022-03-01T10:31:00-05:00,0.0,7.650000000000034,-1552.9600000000676,2022-03-01T11:31:00-05:00,0.0,8.700000000000045,-3652.960000000092,2022-03-01T16:00:00-05:00,0.0,7.9500000000000455,-2152.960000000092,2022-03-02T16:00:00-05:00,0.0,9.899999999999977,-6052.9599999999555,2022-03-03T16:00:00-05:00,0.0,,,2022-03-04T15:59:00-05:00,60.0,13.0,hit,13.0,hit,308.0,hit,308.0,hit,,never_hit,,never_hit,,never_hit,1.0,hit,77.0,hit,0.0,hit,77.0,hit,136.0,hit,247.0,hit,9.600000000000023,220,True,True,True,True,,,,True,True,True,False,4.400000000000034,,,True,True,True,False,4.400000000000034,,,True,True,True,False,4.400000000000034,308.0,2022-03-01T14:39:00-05:00,2.599999999999966,8547.04000000007,,,,,,,,,309.0,2022-03-01T14:40:00-05:00,8.900000000000034,-4052.960000000069,,,,,,,,,,,,,,,,,,,,,,,,,,,,,,,,,,,,,,,,,,,,,,,,,224
2022-03-02,2022-03-04,2,5.0,2022-03-02T09:31:00-05:00,4.999999999999972,NDXP  220304P14210000,NDXP  220304P14200000,development,False,False,0,0,0,58,0,1141,available,False,2022-03-02T09:31:00-05:00,2022-03-04T15:59:00-05:00,10.0,-10152.960000000056,1.0,last_observed_quote_not_settlement,1036.0,714,79,5.099999999999994,-452.9600000000448,2022-03-02T09:32:00-05:00,0.0,5.450000000000017,-1152.9600000000903,2022-03-02T09:33:00-05:00,0.0,6.000000000000057,-2252.9600000001697,2022-03-02T09:36:00-05:00,0.0,5.949999999999989,-2152.9600000000332,2022-03-02T09:41:00-05:00,0.0,5.349999999999994,-952.9600000000448,2022-03-02T09:46:00-05:00,0.0,5.949999999999989,-2152.9600000000332,2022-03-02T10:01:00-05:00,0.0,7.550000000000011,-5352.960000000079,2022-03-02T10:31:00-05:00,0.0,1.900000000000034,5947.039999999875,2022-03-02T11:31:00-05:00,0.0,3.200000000000017,3347.03999999991,2022-03-02T16:00:00-05:00,0.0,7.300000000000011,-4852.960000000079,2022-03-03T16:00:00-05:00,0.0,,,2022-03-04T15:59:00-05:00,60.0,,,,,0.0,hit,0.0,hit,59.0,hit,120.0,hit,120.0,hit,,never_hit,,never_hit,3.0,hit,4.0,hit,57.0,hit,1762.0,hit,2880.0,hit,2893.0,hit,7.550000000000011,92,True,False,False,False,,7.550000000000011,92,True,False,False,False,,,,True,True,True,False,3.0999999999999375,,,True,True,True,False,3.0999999999999375,120.0,2022-03-02T11:31:00-05:00,1.900000000000034,5947.039999999875,,,,,,,,,121.0,2022-03-02T11:32:00-05:00,5.599999999999994,-1452.9600000000448,120.0,2022-03-02T11:31:00-05:00,1.900000000000034,5947.039999999875,,,,,,,,,121.0,2022-03-02T11:32:00-05:00,5.599999999999994,-1452.9600000000448,,,,,,,,,,,,,,,,,,,,,,,,,,,,,,,,,225
2022-03-02,2022-03-04,2,6.0,2022-03-02T09:31:00-05:00,6.0,NDXP  220304P14270000,NDXP  220304P14260000,development,False,False,0,0,0,136,0,1063,available,False,2022-03-02T09:31:00-05:00,2022-03-04T15:57:00-05:00,3.1499999999999773,5447.040000000046,3.0,last_observed_quote_not_settlement,1036.0,556,73,6.75,-1752.9599999999994,2022-03-02T09:32:00-05:00,0.0,6.149999999999977,-552.9599999999539,2022-03-02T09:33:00-05:00,0.0,6.899999999999977,-2052.9599999999537,2022-03-02T09:36:00-05:00,0.0,6.5,-1252.9599999999994,2022-03-02T09:41:00-05:00,0.0,5.149999999999977,1447.0400000000461,2022-03-02T09:46:00-05:00,0.0,6.149999999999977,-552.9599999999539,2022-03-02T10:01:00-05:00,0.0,6.850000000000023,-1952.9600000000448,2022-03-02T10:31:00-05:00,0.0,4.799999999999983,2147.040000000035,2022-03-02T11:31:00-05:00,0.0,4.849999999999966,2047.040000000069,2022-03-02T16:00:00-05:00,0.0,8.099999999999994,-4452.95999999999,2022-03-03T16:00:00-05:00,0.0,,,2022-03-04T15:57:00-05:00,180.0,,,,,14.0,hit,83.0,hit,131.0,hit,191.0,hit,,never_hit,,never_hit,,never_hit,1.0,hit,7.0,hit,7.0,hit,59.0,hit,59.0,hit,2880.0,hit,9.199999999999989,76,True,True,True,True,,,,True,True,True,False,3.4000000000000057,,,True,True,True,False,3.4000000000000057,,,True,True,True,False,3.4000000000000057,191.0,2022-03-02T12:42:00-05:00,2.8500000000000227,6047.039999999955,,,,,,,,,192.0,2022-03-02T12:43:00-05:00,4.300000000000011,3147.039999999978,,,,,,,,,,,,,,,,,,,,,,,,,,,,,,,,,,,,,,,,,,,,,,,,,226
2022-03-02,2022-03-04,2,7.0,2022-03-02T09:31:00-05:00,7.0,NDXP  220304P14370000,NDXP  220304P14360000,development,False,False,0,0,0,144,0,1055,available,False,2022-03-02T09:31:00-05:00,2022-03-04T15:59:00-05:00,9.350000000000023,-4952.960000000046,1.0,last_observed_quote_not_settlement,1036.0,578,37,7.149999999999977,-552.9599999999539,2022-03-02T09:32:00-05:00,0.0,7.449999999999989,-1152.9599999999766,2022-03-02T09:33:00-05:00,0.0,7.400000000000034,-1052.9600000000676,2022-03-02T09:36:00-05:00,0.0,7.2999999999999545,-852.9599999999084,2022-03-02T09:41:00-05:00,0.0,6.949999999999989,-152.95999999997656,2022-03-02T09:46:00-05:00,0.0,7.149999999999977,-552.9599999999539,2022-03-02T10:01:00-05:00,0.0,7.75,-1752.9599999999994,2022-03-02T10:31:00-05:00,0.0,6.100000000000023,1547.0399999999552,2022-03-02T11:31:00-05:00,0.0,6.199999999999989,1347.0400000000234,2022-03-02T16:00:00-05:00,0.0,9.550000000000011,-5352.960000000024,2022-03-03T16:00:00-05:00,0.0,,,2022-03-04T15:59:00-05:00,60.0,,,,,220.0,hit,223.0,hit,380.0,hit,,never_hit,,never_hit,,never_hit,,never_hit,3.0,hit,9.0,hit,0.0,hit,9.0,hit,53.0,hit,1782.0,hit,,,True,True,True,False,3.1999999999999886,,,True,True,True,False,3.1999999999999886,,,True,True,True,False,3.1999999999999886,,,True,True,True,False,3.1999999999999886,,,,,,,,,,,,,,,,,,,,,,,,,,,,,,,,,,,,,,,,,,,,,,,,,,,,,,,,,,,,,,,,,227
2022-03-04,2022-03-07,3,5.0,2022-03-04T09:31:00-05:00,4.949999999999989,NDXP  220307P14040000,NDXP  220307P14030000,development,False,False,0,0,0,66,0,729,available,False,2022-03-04T09:31:00-05:00,2022-03-07T16:00:00-05:00,10.0,-10252.960000000021,0.0,last_observed_quote_not_settlement,3916.0,677,6,5.149999999999977,-652.9599999999766,2022-03-04T09:32:00-05:00,0.0,5.050000000000011,-452.9600000000448,2022-03-04T09:33:00-05:00,0.0,4.75,147.03999999997797,2022-03-04T09:36:00-05:00,0.0,6.049999999999983,-2452.9599999999878,2022-03-04T09:41:00-05:00,0.0,5.400000000000034,-1152.9600000000903,2022-03-04T09:46:00-05:00,0.0,5.299999999999983,-952.959999999988,2022-03-04T10:01:00-05:00,0.0,6.0499999999999545,-2452.959999999931,2022-03-04T10:31:00-05:00,0.0,6.850000000000023,-4052.9600000000673,2022-03-04T11:31:00-05:00,0.0,7.0,-4352.960000000022,2022-03-04T16:00:00-05:00,0.0,,,2022-03-04T16:15:00-05:00,85500.0,,,2022-03-04T16:15:00-05:00,171900.0,10.0,-10252.960000000021,2022-03-07T16:00:00-05:00,0.0,0.0,hit,0.0,hit,,never_hit,,never_hit,,never_hit,,never_hit,,never_hit,10.0,hit,10.0,hit,47.0,hit,97.0,hit,4336.0,hit,4345.0,hit,,,True,True,True,False,0.5999999999999659,,,True,True,True,False,0.5999999999999659,,,True,True,True,False,0.5999999999999659,,,True,True,True,False,0.5999999999999659,,,,,,,,,,,,,,,,,,,,,,,,,,,,,,,,,,,,,,,,,,,,,,,,,,,,,,,,,,,,,,,,,228
2022-03-04,2022-03-07,3,6.0,2022-03-04T09:31:00-05:00,6.050000000000011,NDXP  220307P14120000,NDXP  220307P14110000,development,False,False,0,0,0,52,0,743,available,False,2022-03-04T09:31:00-05:00,2022-03-07T16:00:00-05:00,10.0,-8052.959999999977,0.0,last_observed_quote_not_settlement,3916.0,687,11,5.849999999999994,147.0400000000348,2022-03-04T09:32:00-05:00,0.0,5.750000000000028,347.0399999999666,2022-03-04T09:33:00-05:00,0.0,5.649999999999977,547.0400000000689,2022-03-04T09:36:00-05:00,0.0,6.399999999999977,-952.9599999999311,2022-03-04T09:41:00-05:00,0.0,7.050000000000011,-2252.959999999999,2022-03-04T09:46:00-05:00,0.0,6.349999999999994,-852.9599999999652,2022-03-04T10:01:00-05:00,0.0,7.250000000000057,-2652.96000000009,2022-03-04T10:31:00-05:00,0.0,7.900000000000091,-3952.9600000001583,2022-03-04T11:31:00-05:00,0.0,8.199999999999989,-4552.9599999999555,2022-03-04T16:00:00-05:00,0.0,,,2022-03-04T16:15:00-05:00,85500.0,,,2022-03-04T16:15:00-05:00,171900.0,10.0,-8052.959999999977,2022-03-07T16:00:00-05:00,0.0,6.0,hit,,never_hit,,never_hit,,never_hit,,never_hit,,never_hit,,never_hit,14.0,hit,14.0,hit,14.0,hit,83.0,hit,367.0,hit,4323.0,hit,,,True,True,True,False,0.6000000000000227,,,True,True,True,False,0.6000000000000227,,,True,True,True,False,0.6000000000000227,,,True,True,True,False,0.6000000000000227,,,,,,,,,,,,,,,,,,,,,,,,,,,,,,,,,,,,,,,,,,,,,,,,,,,,,,,,,,,,,,,,,229
2022-03-04,2022-03-07,3,7.0,2022-03-04T09:31:00-05:00,6.9500000000000455,NDXP  220307P14220000,NDXP  220307P14210000,development,False,False,0,0,0,134,0,661,available,False,2022-03-04T09:31:00-05:00,2022-03-07T16:00:00-05:00,10.0,-6252.959999999909,0.0,last_observed_quote_not_settlement,3917.0,558,14,6.7000000000000455,247.04000000000067,2022-03-04T09:32:00-05:00,0.0,6.899999999999977,-152.95999999986287,2022-03-04T09:33:00-05:00,0.0,6.849999999999966,-52.95999999984013,2022-03-04T09:36:00-05:00,0.0,7.349999999999966,-1052.9599999998402,2022-03-04T09:41:00-05:00,0.0,7.7000000000000455,-1752.9599999999994,2022-03-04T09:46:00-05:00,0.0,7.2999999999999545,-952.9599999998175,2022-03-04T10:01:00-05:00,0.0,8.949999999999989,-4252.959999999887,2022-03-04T10:31:00-05:00,0.0,8.600000000000023,-3552.9599999999555,2022-03-04T11:31:00-05:00,0.0,9.199999999999989,-4752.959999999887,2022-03-04T16:00:00-05:00,0.0,,,2022-03-04T16:15:00-05:00,85500.0,,,2022-03-04T16:15:00-05:00,171900.0,10.0,-6252.959999999909,2022-03-07T16:00:00-05:00,0.0,4598.0,hit,4598.0,hit,4598.0,hit,,never_hit,,never_hit,,never_hit,,never_hit,12.0,hit,16.0,hit,4.0,hit,16.0,hit,64.0,hit,106.0,hit,,,True,True,True,False,3.400000000000091,,,True,True,True,False,3.400000000000091,,,True,True,True,False,3.400000000000091,,,True,True,True,False,3.400000000000091,,,,,,,,,,,,,,,,,,,,,,,,,,,,,,,,,,,,,,,,,,,,,,,,,,,,,,,,,,,,,,,,,230
2022-03-07,2022-03-09,2,5.0,2022-03-07T09:31:00-05:00,5.0,NDXP  220309P13930000,NDXP  220309P13920000,development,False,False,0,0,0,94,0,1105,available,False,2022-03-07T09:31:00-05:00,2022-03-09T16:00:00-05:00,10.0,-10152.96,0.0,last_observed_quote_not_settlement,1037.0,1023,7,4.650000000000006,447.03999999998933,2022-03-07T09:32:00-05:00,0.0,5.449999999999989,-1152.9599999999766,2022-03-07T09:33:00-05:00,0.0,5.400000000000034,-1052.9600000000676,2022-03-07T09:36:00-05:00,0.0,5.199999999999989,-652.9599999999766,2022-03-07T09:41:00-05:00,0.0,5.5499999999999545,-1352.9599999999084,2022-03-07T09:46:00-05:00,0.0,6.550000000000011,-3352.960000000022,2022-03-07T10:01:00-05:00,0.0,7.300000000000011,-4852.960000000022,2022-03-07T10:31:00-05:00,0.0,7.7000000000000455,-5652.96000000009,2022-03-07T11:31:00-05:00,0.0,,,2022-03-07T15:59:00-05:00,60.0,9.650000000000091,-9552.960000000183,2022-03-08T16:00:00-05:00,0.0,10.0,-10152.96,2022-03-09T16:00:00-05:00,0.0,,,,,0.0,hit,0.0,hit,,never_hit,,never_hit,,never_hit,,never_hit,,never_hit,11.0,hit,14.0,hit,29.0,hit,85.0,hit,87.0,hit,343.0,hit,,,True,True,True,False,0.8499999999999659,,,True,True,True,False,0.8499999999999659,,,True,True,True,False,0.8499999999999659,,,True,True,True,False,0.8499999999999659,,,,,,,,,,,,,,,,,,,,,,,,,,,,,,,,,,,,,,,,,,,,,,,,,,,,,,,,,,,,,,,,,231
2022-03-07,2022-03-09,2,6.0,2022-03-07T09:31:00-05:00,6.0499999999999545,NDXP  220309P14110000,NDXP  220309P14100000,development,False,False,0,0,0,290,0,910,available,False,2022-03-07T09:31:00-05:00,2022-03-09T16:00:00-05:00,10.0,-8052.960000000091,0.0,last_observed_quote_not_settlement,1037.0,723,14,6.550000000000068,-1252.9600000002267,2022-03-07T09:32:00-05:00,0.0,6.699999999999989,-1552.9600000000676,2022-03-07T09:33:00-05:00,0.0,7.550000000000011,-3252.960000000113,2022-03-07T09:36:00-05:00,0.0,6.599999999999966,-1352.960000000022,2022-03-07T09:41:00-05:00,0.0,7.400000000000034,-2952.9600000001583,2022-03-07T09:46:00-05:00,0.0,7.249999999999943,-2652.9599999999764,2022-03-07T10:01:00-05:00,0.0,9.700000000000045,-7552.960000000183,2022-03-07T10:31:00-05:00,0.0,8.949999999999932,-6052.9599999999555,2022-03-07T11:31:00-05:00,0.0,9.799999999999955,-7752.960000000001,2022-03-07T16:00:00-05:00,0.0,,,2022-03-08T15:58:00-05:00,120.0,10.0,-8052.960000000091,2022-03-09T16:00:00-05:00,0.0,,,,,29.0,hit,31.0,hit,1501.0,hit,1514.0,hit,,never_hit,,never_hit,,never_hit,1.0,hit,5.0,hit,5.0,hit,13.0,hit,44.0,hit,53.0,hit,10.0,402,True,True,True,True,,,,True,True,True,False,3.099999999999909,,,True,True,True,False,3.099999999999909,,,True,True,True,False,3.099999999999909,,,,,,,,,,,,,,,,,,,,,,,,,,,,,,,,,,,,,,,,,,,,,,,,,,,,,,,,,,,,,,,,,232
2022-03-07,2022-03-09,2,7.0,2022-03-07T09:31:00-05:00,7.0,NDXP  220309P14100000,NDXP  220309P14090000,development,False,False,0,0,0,284,0,916,available,False,2022-03-07T09:31:00-05:00,2022-03-09T16:00:00-05:00,10.0,-6152.96,0.0,last_observed_quote_not_settlement,1038.0,711,17,6.5,747.0400000000006,2022-03-07T09:32:00-05:00,0.0,6.649999999999977,447.0400000000462,2022-03-07T09:33:00-05:00,0.0,6.399999999999977,947.0400000000461,2022-03-07T09:36:00-05:00,0.0,6.849999999999966,47.04000000006892,2022-03-07T09:41:00-05:00,0.0,7.249999999999943,-752.9599999998857,2022-03-07T09:46:00-05:00,0.0,8.050000000000011,-2352.9600000000237,2022-03-07T10:01:00-05:00,0.0,7.699999999999932,-1652.959999999863,2022-03-07T10:31:00-05:00,0.0,8.850000000000023,-3952.9600000000464,2022-03-07T11:31:00-05:00,0.0,9.750000000000114,-5752.960000000228,2022-03-07T16:00:00-05:00,0.0,9.799999999999955,-5852.95999999991,2022-03-08T16:00:00-05:00,0.0,10.0,-6152.96,2022-03-09T16:00:00-05:00,0.0,,,,,1561.0,hit,,never_hit,,never_hit,,never_hit,,never_hit,,never_hit,,never_hit,14.0,hit,17.0,hit,0.0,hit,17.0,hit,34.0,hit,34.0,hit,,,True,True,True,False,1.849999999999909,,,True,True,True,False,1.849999999999909,,,True,True,True,False,1.849999999999909,,,True,True,True,False,1.849999999999909,,,,,,,,,,,,,,,,,,,,,,,,,,,,,,,,,,,,,,,,,,,,,,,,,,,,,,,,,,,,,,,,,233
2022-03-08,2022-03-11,3,5.0,2022-03-08T09:31:00-05:00,5.0499999999999545,NDXP  220311P13620000,NDXP  220311P13610000,development,False,False,0,0,0,15,0,1590,available,False,2022-03-08T09:31:00-05:00,2022-03-11T16:00:00-05:00,10.0,-10052.96000000009,0.0,last_observed_quote_not_settlement,1036.0,1025,133,6.800000000000068,-3752.9600000002265,2022-03-08T09:32:00-05:00,0.0,7.0,-4152.96000000009,2022-03-08T09:33:00-05:00,0.0,6.300000000000011,-2752.960000000113,2022-03-08T09:36:00-05:00,0.0,6.25,-2652.96000000009,2022-03-08T09:41:00-05:00,0.0,6.300000000000011,-2752.960000000113,2022-03-08T09:46:00-05:00,0.0,7.300000000000068,-4752.9600000002265,2022-03-08T10:01:00-05:00,0.0,8.049999999999955,-6252.960000000001,2022-03-08T10:31:00-05:00,0.0,7.7999999999999545,-5752.959999999999,2022-03-08T11:31:00-05:00,0.0,8.5,-7152.960000000092,2022-03-08T16:00:00-05:00,0.0,2.5,4847.03999999991,2022-03-09T16:00:00-05:00,0.0,3.6999999999999886,2447.0399999999327,2022-03-10T16:00:00-05:00,0.0,10.0,-10052.96000000009,2022-03-11T16:00:00-05:00,0.0,0.0,hit,20.0,hit,20.0,hit,20.0,hit,,never_hit,,never_hit,,never_hit,1.0,hit,1.0,hit,2.0,hit,3.0,hit,137.0,hit,137.0,hit,8.250000000000057,19,True,True,False,False,,,,True,True,True,False,2.7999999999999545,,,True,True,True,False,2.7999999999999545,,,True,True,True,False,2.7999999999999545,20.0,2022-03-08T09:51:00-05:00,2.8999999999999773,4047.0399999999554,,,,,,,,,21.0,2022-03-08T09:52:00-05:00,5.600000000000023,-1352.9600000001358,,,,,,,,,,,,,,,,,,,,,,,,,,,,,,,,,,,,,,,,,,,,,,,,,234
2022-03-08,2022-03-11,3,6.0,2022-03-08T09:31:00-05:00,6.0499999999999545,NDXP  220311P13510000,NDXP  220311P13500000,development,False,False,0,0,0,6,0,1599,available,False,2022-03-08T09:31:00-05:00,2022-03-11T16:00:00-05:00,9.550000000000011,-7252.960000000115,0.0,last_observed_quote_not_settlement,1036.0,359,114,5.800000000000011,247.039999999887,2022-03-08T09:32:00-05:00,0.0,6.449999999999989,-1052.9600000000676,2022-03-08T09:33:00-05:00,0.0,5.9500000000000455,-52.96000000018119,2022-03-08T09:36:00-05:00,0.0,6.400000000000034,-952.9600000001585,2022-03-08T09:41:00-05:00,0.0,5.599999999999966,647.0399999999779,2022-03-08T09:46:00-05:00,0.0,6.649999999999977,-1452.9600000000448,2022-03-08T10:01:00-05:00,0.0,6.550000000000011,-1252.960000000113,2022-03-08T10:31:00-05:00,0.0,6.800000000000011,-1752.960000000113,2022-03-08T11:31:00-05:00,0.0,6.449999999999989,-1052.9600000000676,2022-03-08T16:00:00-05:00,0.0,1.5999999999999943,8647.039999999923,2022-03-09T16:00:00-05:00,0.0,3.3499999999999943,5147.039999999921,2022-03-10T16:00:00-05:00,0.0,9.550000000000011,-7252.960000000115,2022-03-11T16:00:00-05:00,0.0,16.0,hit,17.0,hit,17.0,hit,166.0,hit,1829.0,hit,,never_hit,,never_hit,23.0,hit,29.0,hit,29.0,hit,75.0,hit,4643.0,hit,4661.0,hit,8.100000000000023,129,True,True,False,False,,8.100000000000023,166,True,True,False,False,,,,True,True,True,False,4.44999999999996,,,True,True,True,False,4.44999999999996,166.0,2022-03-08T12:17:00-05:00,2.849999999999966,6147.039999999978,1493.0,2022-03-09T10:24:00-05:00,2.8499999999999943,6147.039999999921,1625.0,2022-03-09T12:36:00-05:00,2.6500000000000057,6547.039999999898,167.0,2022-03-08T12:18:00-05:00,4.800000000000011,2247.039999999887,1829.0,2022-03-09T16:00:00-05:00,1.5999999999999943,8647.039999999923,4321.0,2022-03-11T09:32:00-05:00,1.6499999999999986,8547.039999999914,4322.0,2022-03-11T09:33:00-05:00,1.9499999999999993,7947.039999999911,1830.0,2022-03-09T16:01:00-05:00,2.5,6847.03999999991,,,,,,,,,,,,,,,,,,,,,,,,,,,,,,,,,235
2022-03-08,2022-03-11,3,7.0,2022-03-08T09:31:00-05:00,7.2000000000000455,NDXP  220311P13760000,NDXP  220311P13750000,development,False,False,0,0,0,38,0,1567,available,False,2022-03-08T09:31:00-05:00,2022-03-11T15:59:00-05:00,7.099999999999909,-52.95999999972644,1.0,last_observed_quote_not_settlement,1036.0,828,149,8.199999999999932,-2252.9599999997736,2022-03-08T09:32:00-05:00,0.0,7.849999999999909,-1552.9599999997265,2022-03-08T09:33:00-05:00,0.0,7.350000000000023,-552.9599999999539,2022-03-08T09:36:00-05:00,0.0,8.299999999999955,-2452.959999999819,2022-03-08T09:41:00-05:00,0.0,6.949999999999989,247.04000000011436,2022-03-08T09:46:00-05:00,0.0,8.25,-2352.95999999991,2022-03-08T10:01:00-05:00,0.0,9.350000000000023,-4552.9599999999555,2022-03-08T10:31:00-05:00,0.0,8.600000000000023,-3052.9599999999555,2022-03-08T11:31:00-05:00,0.0,8.949999999999932,-3752.9599999997736,2022-03-08T16:00:00-05:00,0.0,4.549999999999983,5047.0400000001255,2022-03-09T16:00:00-05:00,0.0,7.599999999999966,-1052.9599999998402,2022-03-10T16:00:00-05:00,0.0,,,2022-03-11T15:59:00-05:00,60.0,102.0,hit,217.0,hit,1636.0,hit,,never_hit,,never_hit,,never_hit,,never_hit,1.0,hit,4.0,hit,0.0,hit,1.0,hit,37.0,hit,37.0,hit,,,True,True,True,False,3.350000000000051,,,True,True,True,False,3.350000000000051,,,True,True,True,False,3.350000000000051,,,True,True,True,False,3.350000000000051,,,,,,,,,,,,,,,,,,,,,,,,,,,,,,,,,,,,,,,,,,,,,,,,,,,,,,,,,,,,,,,,,236
2022-03-09,2022-03-11,2,5.0,2022-03-09T09:31:00-05:00,5.0,NDXP  220311P13750000,NDXP  220311P13740000,development,False,False,0,0,0,36,0,1164,available,False,2022-03-09T09:31:00-05:00,2022-03-11T16:00:00-05:00,2.3000000000000114,5147.039999999978,0.0,last_observed_quote_not_settlement,1036.0,889,73,5.7999999999999545,-1852.9599999999084,2022-03-09T09:32:00-05:00,0.0,5.9500000000000455,-2152.96000000009,2022-03-09T09:33:00-05:00,0.0,6.25,-2752.959999999999,2022-03-09T09:36:00-05:00,0.0,6.350000000000023,-2952.9600000000446,2022-03-09T09:41:00-05:00,0.0,6.050000000000068,-2352.9600000001356,2022-03-09T09:46:00-05:00,0.0,6.100000000000023,-2452.9600000000446,2022-03-09T10:01:00-05:00,0.0,5.450000000000017,-1152.9600000000335,2022-03-09T10:31:00-05:00,0.0,5.649999999999977,-1552.9599999999539,2022-03-09T11:31:00-05:00,0.0,4.400000000000034,947.0399999999324,2022-03-09T16:00:00-05:00,0.0,7.200000000000017,-4652.960000000034,2022-03-10T16:00:00-05:00,0.0,2.3000000000000114,5147.039999999978,2022-03-11T16:00:00-05:00,0.0,,,,,0.0,hit,0.0,hit,140.0,hit,3269.0,hit,,never_hit,,never_hit,,never_hit,1.0,hit,3.0,hit,27.0,hit,1504.0,hit,1533.0,hit,1538.0,hit,10.0,889,True,True,True,True,,,,True,True,True,False,2.6999999999999886,,,True,True,True,False,2.6999999999999886,,,True,True,True,False,2.6999999999999886,3269.0,2022-03-11T16:00:00-05:00,2.3000000000000114,5147.039999999978,,,,,,,,,,,,,,,,,,,,,,,,,,,,,,,,,,,,,,,,,,,,,,,,,,,,,,,,,,,,,237
2022-03-09,2022-03-11,2,6.0,2022-03-09T09:31:00-05:00,6.050000000000011,NDXP  220311P13850000,NDXP  220311P13840000,development,False,False,0,0,1,107,0,1092,available,False,2022-03-09T09:31:00-05:00,2022-03-11T15:59:00-05:00,5.600000000000023,647.0399999999779,1.0,last_observed_quote_not_settlement,1036.0,774,44,6.850000000000023,-1852.960000000022,2022-03-09T09:32:00-05:00,0.0,6.4500000000000455,-1052.9600000000676,2022-03-09T09:33:00-05:00,0.0,6.5499999999999545,-1252.9599999998857,2022-03-09T09:36:00-05:00,0.0,7.349999999999966,-2852.959999999908,2022-03-09T09:41:00-05:00,0.0,7.0,-2152.9599999999764,2022-03-09T09:46:00-05:00,0.0,7.050000000000011,-2252.959999999999,2022-03-09T10:01:00-05:00,0.0,6.899999999999977,-1952.9599999999311,2022-03-09T10:31:00-05:00,0.0,6.600000000000023,-1352.960000000022,2022-03-09T11:31:00-05:00,0.0,5.5,847.0400000000234,2022-03-09T16:00:00-05:00,0.0,8.649999999999977,-5452.959999999933,2022-03-10T16:00:00-05:00,0.0,,,2022-03-11T15:59:00-05:00,60.0,,,,,125.0,hit,138.0,hit,338.0,hit,,never_hit,,never_hit,,never_hit,,never_hit,1.0,hit,3.0,hit,3.0,hit,1441.0,hit,1462.0,hit,1537.0,hit,,,True,True,True,False,2.6000000000000227,,,True,True,True,False,2.6000000000000227,,,True,True,True,False,2.6000000000000227,,,True,True,True,False,2.6000000000000227,,,,,,,,,,,,,,,,,,,,,,,,,,,,,,,,,,,,,,,,,,,,,,,,,,,,,,,,,,,,,,,,,238
2022-03-09,2022-03-11,2,7.0,2022-03-09T09:31:00-05:00,7.050000000000011,NDXP  220311P14040000,NDXP  220311P14030000,development,False,False,0,0,0,194,0,1006,available,False,2022-03-09T09:31:00-05:00,2022-03-11T16:00:00-05:00,2.150000000000091,9547.039999999843,0.0,last_observed_quote_not_settlement,1036.0,852,57,8.499999999999943,-3152.9599999998645,2022-03-09T09:32:00-05:00,0.0,8.399999999999977,-2952.9599999999327,2022-03-09T09:33:00-05:00,0.0,9.5,-5152.959999999978,2022-03-09T09:36:00-05:00,0.0,8.400000000000034,-2952.9600000000464,2022-03-09T09:41:00-05:00,0.0,8.550000000000068,-3252.9600000001146,2022-03-09T09:46:00-05:00,0.0,8.450000000000045,-3052.960000000069,2022-03-09T10:01:00-05:00,0.0,8.349999999999966,-2852.95999999991,2022-03-09T10:31:00-05:00,0.0,8.450000000000045,-3052.960000000069,2022-03-09T11:31:00-05:00,0.0,7.399999999999977,-952.9599999999311,2022-03-09T16:00:00-05:00,0.0,,,2022-03-10T15:59:00-05:00,60.0,2.150000000000091,9547.039999999843,2022-03-11T16:00:00-05:00,0.0,,,,,2904.0,hit,2904.0,hit,3269.0,hit,3269.0,hit,,never_hit,,never_hit,,never_hit,1.0,hit,1.0,hit,0.0,hit,1.0,hit,5.0,hit,5.0,hit,10.0,852,True,True,True,True,,,,True,True,True,False,4.89999999999992,,,True,True,True,False,4.89999999999992,,,True,True,True,False,4.89999999999992,3269.0,2022-03-11T16:00:00-05:00,2.150000000000091,9547.039999999843,,,,,,,,,,,,,,,,,,,,,,,,,,,,,,,,,,,,,,,,,,,,,,,,,,,,,,,,,,,,,239
2022-03-11,2022-03-14,3,5.0,2022-03-11T09:31:00-05:00,5.0,NDXP  220314P13770000,NDXP  220314P13760000,development,False,False,0,0,0,147,0,647,available,False,2022-03-11T09:31:00-05:00,2022-03-14T16:00:00-04:00,8.849999999999909,-7952.959999999819,0.0,last_observed_quote_not_settlement,3916.0,562,5,4.999999999999972,-252.95999999994245,2022-03-11T09:32:00-05:00,0.0,5.400000000000006,-1052.9600000000107,2022-03-11T09:33:00-05:00,0.0,5.25,-752.9599999999994,2022-03-11T09:36:00-05:00,0.0,5.800000000000011,-1852.960000000022,2022-03-11T09:41:00-05:00,0.0,6.25,-2752.959999999999,2022-03-11T09:46:00-05:00,0.0,7.100000000000023,-4452.960000000045,2022-03-11T10:01:00-05:00,0.0,7.100000000000023,-4452.960000000045,2022-03-11T10:31:00-05:00,0.0,8.149999999999977,-6552.9599999999555,2022-03-11T11:31:00-05:00,0.0,8.150000000000034,-6552.960000000069,2022-03-11T16:00:00-05:00,0.0,,,2022-03-11T16:15:00-05:00,85500.0,,,2022-03-11T16:15:00-05:00,171900.0,8.849999999999909,-7952.959999999819,2022-03-14T16:00:00-04:00,0.0,0.0,hit,0.0,hit,,never_hit,,never_hit,,never_hit,,never_hit,,never_hit,6.0,hit,11.0,hit,17.0,hit,103.0,hit,173.0,hit,173.0,hit,,,True,True,True,False,0.30000000000001137,,,True,True,True,False,0.30000000000001137,,,True,True,True,False,0.30000000000001137,,,True,True,True,False,0.30000000000001137,,,,,,,,,,,,,,,,,,,,,,,,,,,,,,,,,,,,,,,,,,,,,,,,,,,,,,,,,,,,,,,,,240
2022-03-11,2022-03-14,3,6.0,2022-03-11T09:31:00-05:00,5.900000000000034,NDXP  220314P13930000,NDXP  220314P13920000,development,False,False,0,0,0,81,0,713,available,False,2022-03-11T09:31:00-05:00,2022-03-14T16:00:00-04:00,10.0,-8352.95999999993,0.0,last_observed_quote_not_settlement,3917.0,638,10,7.25,-2952.959999999931,2022-03-11T09:32:00-05:00,0.0,7.350000000000023,-3152.9599999999764,2022-03-11T09:33:00-05:00,0.0,7.199999999999989,-2852.959999999908,2022-03-11T09:36:00-05:00,0.0,7.75,-3952.959999999931,2022-03-11T09:41:00-05:00,0.0,7.550000000000068,-3552.9600000000673,2022-03-11T09:46:00-05:00,0.0,8.650000000000034,-5752.960000000001,2022-03-11T10:01:00-05:00,0.0,9.0,-6452.959999999933,2022-03-11T10:31:00-05:00,0.0,8.099999999999966,-4652.9599999998645,2022-03-11T11:31:00-05:00,0.0,7.400000000000091,-3252.960000000113,2022-03-11T16:00:00-05:00,0.0,,,2022-03-11T16:15:00-05:00,85500.0,,,2022-03-11T16:15:00-05:00,171900.0,10.0,-8352.95999999993,2022-03-14T16:00:00-04:00,0.0,133.0,hit,133.0,hit,133.0,hit,,never_hit,,never_hit,,never_hit,,never_hit,1.0,hit,1.0,hit,1.0,hit,11.0,hit,55.0,hit,102.0,hit,,,True,True,True,False,2.250000000000057,,,True,True,True,False,2.250000000000057,,,True,True,True,False,2.250000000000057,,,True,True,True,False,2.250000000000057,,,,,,,,,,,,,,,,,,,,,,,,,,,,,,,,,,,,,,,,,,,,,,,,,,,,,,,,,,,,,,,,,241
2022-03-11,2022-03-14,3,7.0,2022-03-11T09:31:00-05:00,6.849999999999994,NDXP  220314P13870000,NDXP  220314P13860000,development,False,False,0,0,0,127,0,667,available,False,2022-03-11T09:31:00-05:00,2022-03-14T16:00:00-04:00,10.0,-6452.960000000011,0.0,last_observed_quote_not_settlement,3916.0,566,11,6.949999999999989,-452.95999999998793,2022-03-11T09:32:00-05:00,0.0,6.700000000000017,47.039999999955235,2022-03-11T09:33:00-05:00,0.0,6.650000000000006,147.03999999997797,2022-03-11T09:36:00-05:00,0.0,7.050000000000011,-652.9600000000335,2022-03-11T09:41:00-05:00,0.0,6.949999999999989,-452.95999999998793,2022-03-11T09:46:00-05:00,0.0,7.600000000000023,-1752.9600000000562,2022-03-11T10:01:00-05:00,0.0,8.300000000000011,-3152.960000000035,2022-03-11T10:31:00-05:00,0.0,8.300000000000011,-3152.960000000035,2022-03-11T11:31:00-05:00,0.0,9.850000000000023,-6252.960000000058,2022-03-11T16:00:00-05:00,0.0,,,2022-03-11T16:15:00-05:00,85500.0,,,2022-03-11T16:15:00-05:00,171900.0,10.0,-6452.960000000011,2022-03-14T16:00:00-04:00,0.0,323.0,hit,323.0,hit,,never_hit,,never_hit,,never_hit,,never_hit,,never_hit,11.0,hit,32.0,hit,6.0,hit,32.0,hit,39.0,hit,125.0,hit,,,True,True,True,False,1.950000000000017,,,True,True,True,False,1.950000000000017,,,True,True,True,False,1.950000000000017,,,True,True,True,False,1.950000000000017,,,,,,,,,,,,,,,,,,,,,,,,,,,,,,,,,,,,,,,,,,,,,,,,,,,,,,,,,,,,,,,,,242
2022-03-14,2022-03-16,2,5.0,2022-03-14T09:31:00-04:00,4.9500000000000455,NDXP  220316P13290000,NDXP  220316P13280000,development,False,False,0,0,0,1,0,1199,available,False,2022-03-14T09:31:00-04:00,2022-03-16T16:00:00-04:00,0.0,9647.040000000092,0.0,last_observed_quote_not_settlement,1036.0,345,32,4.100000000000023,1447.0400000000461,2022-03-14T09:32:00-04:00,0.0,4.899999999999977,-152.95999999986287,2022-03-14T09:33:00-04:00,0.0,5.199999999999989,-752.9599999998857,2022-03-14T09:36:00-04:00,0.0,4.800000000000011,47.04000000006892,2022-03-14T09:41:00-04:00,0.0,4.350000000000023,947.0400000000461,2022-03-14T09:46:00-04:00,0.0,4.350000000000023,947.0400000000461,2022-03-14T10:01:00-04:00,0.0,4.400000000000006,847.0400000000802,2022-03-14T10:31:00-04:00,0.0,3.0,3647.040000000092,2022-03-14T11:31:00-04:00,0.0,6.75,-3852.959999999908,2022-03-14T16:00:00-04:00,0.0,2.700000000000003,4247.040000000086,2022-03-15T16:00:00-04:00,0.0,0.0,9647.040000000092,2022-03-16T16:00:00-04:00,0.0,,,,,0.0,hit,0.0,hit,7.0,hit,23.0,hit,2880.0,hit,2885.0,hit,2889.0,hit,34.0,hit,34.0,hit,154.0,hit,361.0,hit,,never_hit,,never_hit,5.25,7,False,False,False,False,,8.550000000000011,344,True,True,False,False,,8.550000000000011,344,True,True,False,False,,8.550000000000011,344,True,True,False,False,,23.0,2022-03-14T09:54:00-04:00,2.8000000000000114,4047.040000000069,1802.0,2022-03-15T15:33:00-04:00,2.8499999999999943,3947.040000000103,1822.0,2022-03-15T15:53:00-04:00,2.6500000000000057,4347.04000000008,24.0,2022-03-14T09:55:00-04:00,4.599999999999994,447.040000000103,2880.0,2022-03-16T09:31:00-04:00,1.0999999999999943,7447.040000000103,2881.0,2022-03-16T09:32:00-04:00,1.1000000000000014,7447.040000000089,2882.0,2022-03-16T09:33:00-04:00,1.1499999999999986,7347.040000000095,2881.0,2022-03-16T09:32:00-04:00,1.1000000000000014,7447.040000000089,2886.0,2022-03-16T09:37:00-04:00,0.9499999999999993,7747.040000000093,2889.0,2022-03-16T09:40:00-04:00,0.34999999999999964,8947.040000000094,2890.0,2022-03-16T09:41:00-04:00,0.8000000000000007,8047.04000000009,,,,,2889.0,2022-03-16T09:40:00-04:00,0.34999999999999964,8947.040000000094,2926.0,2022-03-16T10:17:00-04:00,0.3000000000000007,9047.040000000092,2927.0,2022-03-16T10:18:00-04:00,0.27500000000000036,9097.040000000092,2890.0,2022-03-16T09:41:00-04:00,0.8000000000000007,8047.04000000009,243
2022-03-14,2022-03-16,2,6.0,2022-03-14T09:31:00-04:00,6.0,NDXP  220316P13450000,NDXP  220316P13440000,development,False,False,0,0,0,3,0,1197,available,False,2022-03-14T09:31:00-04:00,2022-03-16T16:00:00-04:00,0.0,11747.04,0.0,last_observed_quote_not_settlement,1036.0,468,128,5.800000000000011,147.03999999997797,2022-03-14T09:32:00-04:00,0.0,5.899999999999977,-52.959999999953816,2022-03-14T09:33:00-04:00,0.0,6.699999999999932,-1652.959999999863,2022-03-14T09:36:00-04:00,0.0,6.149999999999977,-552.9599999999539,2022-03-14T09:41:00-04:00,0.0,5.5,747.0400000000006,2022-03-14T09:46:00-04:00,0.0,5.349999999999909,1047.0400000001825,2022-03-14T10:01:00-04:00,0.0,5.600000000000023,547.0399999999552,2022-03-14T10:31:00-04:00,0.0,6.350000000000023,-952.9600000000448,2022-03-14T11:31:00-04:00,0.0,8.700000000000045,-5652.960000000092,2022-03-14T16:00:00-04:00,0.0,4.6000000000000085,2547.0399999999836,2022-03-15T16:00:00-04:00,0.0,0.0,11747.04,2022-03-16T16:00:00-04:00,0.0,,,,,13.0,hit,13.0,hit,53.0,hit,2880.0,hit,2888.0,hit,2925.0,hit,3001.0,hit,5.0,hit,16.0,hit,16.0,hit,166.0,hit,275.0,hit,,never_hit,9.350000000000023,468,True,True,True,True,,9.350000000000023,468,True,True,True,True,,9.350000000000023,468,True,True,True,True,,9.350000000000023,468,True,True,True,True,,2880.0,2022-03-16T09:31:00-04:00,2.3500000000000014,7047.039999999998,2881.0,2022-03-16T09:32:00-04:00,2.3499999999999943,7047.040000000012,2882.0,2022-03-16T09:33:00-04:00,2.200000000000003,7347.039999999995,2881.0,2022-03-16T09:32:00-04:00,2.3499999999999943,7047.040000000012,2888.0,2022-03-16T09:39:00-04:00,1.9000000000000057,7947.039999999989,2889.0,2022-03-16T09:40:00-04:00,1.8999999999999986,7947.040000000004,2890.0,2022-03-16T09:41:00-04:00,1.75,8247.04,2889.0,2022-03-16T09:40:00-04:00,1.8999999999999986,7947.040000000004,2925.0,2022-03-16T10:16:00-04:00,0.8500000000000014,10047.039999999999,2926.0,2022-03-16T10:17:00-04:00,0.8499999999999996,10047.040000000003,2927.0,2022-03-16T10:18:00-04:00,0.7999999999999989,10147.040000000005,2926.0,2022-03-16T10:17:00-04:00,0.8499999999999996,10047.040000000003,3193.0,2022-03-16T14:44:00-04:00,0.40000000000000036,10947.04,3203.0,2022-03-16T14:54:00-04:00,0.4499999999999993,10847.040000000003,3204.0,2022-03-16T14:55:00-04:00,0.27500000000000036,11197.04,3194.0,2022-03-16T14:45:00-04:00,0.7499999999999991,10247.040000000003,244
2022-03-14,2022-03-16,2,7.0,2022-03-14T09:31:00-04:00,7.0,NDXP  220316P13620000,NDXP  220316P13610000,development,False,False,0,0,0,7,0,1193,available,False,2022-03-14T09:31:00-04:00,2022-03-16T16:00:00-04:00,0.0,13747.04,0.0,last_observed_quote_not_settlement,1036.0,643,102,7.2000000000000455,-652.9600000000903,2022-03-14T09:32:00-04:00,0.0,9.649999999999977,-5552.9599999999555,2022-03-14T09:33:00-04:00,0.0,10.0,-6152.96,2022-03-14T09:36:00-04:00,0.0,7.5,-1252.9599999999994,2022-03-14T09:41:00-04:00,0.0,7.249999999999943,-752.9599999998857,2022-03-14T09:46:00-04:00,0.0,7.650000000000034,-1552.9600000000676,2022-03-14T10:01:00-04:00,0.0,6.800000000000011,147.03999999997797,2022-03-14T10:31:00-04:00,0.0,7.500000000000057,-1252.960000000113,2022-03-14T11:31:00-04:00,0.0,9.199999999999932,-4652.9599999998645,2022-03-14T16:00:00-04:00,0.0,5.049999999999983,3647.040000000035,2022-03-15T16:00:00-04:00,0.0,0.0,13747.04,2022-03-16T16:00:00-04:00,0.0,,,,,138.0,hit,2880.0,hit,2882.0,hit,2896.0,hit,2927.0,hit,3205.0,hit,3205.0,hit,2.0,hit,2.0,hit,0.0,hit,2.0,hit,2.0,hit,2.0,hit,10.0,638,True,True,True,True,,10.0,638,True,True,True,True,,10.0,643,True,True,True,True,,10.0,643,True,True,True,True,,2899.0,2022-03-16T09:50:00-04:00,2.9499999999999957,7847.040000000009,2910.0,2022-03-16T10:01:00-04:00,2.3999999999999986,8947.040000000005,2911.0,2022-03-16T10:02:00-04:00,2.75,8247.04,2900.0,2022-03-16T09:51:00-04:00,3.0500000000000043,7647.039999999992,2928.0,2022-03-16T10:19:00-04:00,1.7999999999999972,10147.040000000008,2931.0,2022-03-16T10:22:00-04:00,1.9000000000000021,9947.039999999997,2932.0,2022-03-16T10:23:00-04:00,1.7999999999999972,10147.040000000008,2929.0,2022-03-16T10:20:00-04:00,2.0,9747.04,3205.0,2022-03-16T14:56:00-04:00,0.3000000000000007,13147.04,3221.0,2022-03-16T15:12:00-04:00,0.8999999999999986,11947.040000000005,3222.0,2022-03-16T15:13:00-04:00,0.8499999999999996,12047.040000000003,3206.0,2022-03-16T14:57:00-04:00,1.0500000000000007,11647.04,3205.0,2022-03-16T14:56:00-04:00,0.3000000000000007,13147.04,3229.0,2022-03-16T15:20:00-04:00,0.2749999999999999,13197.04,3230.0,2022-03-16T15:21:00-04:00,0.19999999999999973,13347.04,3206.0,2022-03-16T14:57:00-04:00,1.0500000000000007,11647.04,245
2022-03-18,2022-03-21,3,5.0,2022-03-18T09:31:00-04:00,5.0,NDXP  220321P14080000,NDXP  220321P14070000,development,False,False,0,0,0,23,0,772,available,False,2022-03-18T09:31:00-04:00,2022-03-21T16:00:00-04:00,0.025000000000000022,9697.04,0.0,last_observed_quote_not_settlement,3916.0,3,4,4.950000000000017,-152.9600000000334,2022-03-18T09:32:00-04:00,0.0,4.650000000000006,447.03999999998933,2022-03-18T09:33:00-04:00,0.0,3.700000000000017,2347.0399999999668,2022-03-18T09:36:00-04:00,0.0,4.399999999999977,947.0400000000461,2022-03-18T09:41:00-04:00,0.0,4.200000000000003,1347.039999999995,2022-03-18T09:46:00-04:00,0.0,3.250000000000014,3247.039999999972,2022-03-18T10:01:00-04:00,0.0,2.75,4247.040000000001,2022-03-18T10:31:00-04:00,0.0,2.0500000000000043,5647.039999999992,2022-03-18T11:31:00-04:00,0.0,1.4999999999999964,6747.040000000008,2022-03-18T16:00:00-04:00,0.0,,,2022-03-18T16:15:00-04:00,85500.0,,,2022-03-18T16:15:00-04:00,171900.0,0.025000000000000022,9697.04,2022-03-21T16:00:00-04:00,0.0,0.0,hit,0.0,hit,5.0,hit,36.0,hit,94.0,hit,340.0,hit,4320.0,hit,8.0,hit,,never_hit,,never_hit,,never_hit,,never_hit,,never_hit,5.649999999999977,3,False,False,False,False,,5.649999999999977,3,False,False,False,False,,5.649999999999977,3,False,False,False,False,,5.649999999999977,3,False,False,False,False,,36.0,2022-03-18T10:07:00-04:00,2.9499999999999886,3847.0400000000236,39.0,2022-03-18T10:10:00-04:00,2.9000000000000057,3947.0399999999895,40.0,2022-03-18T10:11:00-04:00,2.5500000000000114,4647.039999999978,37.0,2022-03-18T10:08:00-04:00,3.0,3747.040000000001,178.0,2022-03-18T12:29:00-04:00,1.8999999999999986,5947.040000000004,179.0,2022-03-18T12:30:00-04:00,1.9499999999999957,5847.040000000009,180.0,2022-03-18T12:31:00-04:00,1.9000000000000057,5947.039999999989,179.0,2022-03-18T12:30:00-04:00,1.9499999999999957,5847.040000000009,353.0,2022-03-18T15:24:00-04:00,0.8999999999999986,7947.040000000004,362.0,2022-03-18T15:33:00-04:00,0.8000000000000007,8147.04,363.0,2022-03-18T15:34:00-04:00,0.8999999999999986,7947.040000000004,354.0,2022-03-18T15:25:00-04:00,1.1499999999999986,7447.040000000004,4322.0,2022-03-21T09:33:00-04:00,0.35000000000000053,9047.04,4326.0,2022-03-21T09:37:00-04:00,0.34999999999999964,9047.040000000003,4327.0,2022-03-21T09:38:00-04:00,0.34999999999999964,9047.040000000003,4323.0,2022-03-21T09:34:00-04:00,0.4500000000000002,8847.04,246
2022-03-18,2022-03-21,3,6.0,2022-03-18T09:31:00-04:00,6.0,NDXP  220321P14150000,NDXP  220321P14140000,development,False,False,0,0,0,11,0,784,available,False,2022-03-18T09:31:00-04:00,2022-03-21T15:50:00-04:00,0.050000000000000044,11647.040000000003,10.0,last_observed_quote_not_settlement,3916.0,3,6,5.900000000000006,-52.96000000001066,2022-03-18T09:32:00-04:00,0.0,5.349999999999994,1047.040000000012,2022-03-18T09:33:00-04:00,0.0,5.449999999999989,847.0400000000234,2022-03-18T09:36:00-04:00,0.0,5.5,747.0400000000006,2022-03-18T09:41:00-04:00,0.0,4.950000000000017,1847.0399999999665,2022-03-18T09:46:00-04:00,0.0,4.549999999999983,2647.040000000035,2022-03-18T10:01:00-04:00,0.0,3.5500000000000114,4647.039999999978,2022-03-18T10:31:00-04:00,0.0,2.5,6747.040000000001,2022-03-18T11:31:00-04:00,0.0,2.0,7747.040000000001,2022-03-18T16:00:00-04:00,0.0,,,2022-03-18T16:15:00-04:00,85500.0,,,2022-03-18T16:15:00-04:00,171900.0,,,2022-03-21T15:50:00-04:00,600.0,2.0,hit,7.0,hit,28.0,hit,92.0,hit,237.0,hit,4320.0,hit,4330.0,hit,6.0,hit,13.0,hit,13.0,hit,,never_hit,,never_hit,,never_hit,7.149999999999977,3,True,False,False,False,,7.149999999999977,3,True,False,False,False,,7.149999999999977,3,True,False,False,False,,7.149999999999977,3,True,False,False,False,,92.0,2022-03-18T11:03:00-04:00,2.9000000000000057,5947.039999999989,102.0,2022-03-18T11:13:00-04:00,2.8999999999999915,5947.040000000018,122.0,2022-03-18T11:33:00-04:00,2.75,6247.040000000001,93.0,2022-03-18T11:04:00-04:00,3.1499999999999915,5447.040000000018,237.0,2022-03-18T13:28:00-04:00,1.1499999999999915,9447.040000000019,328.0,2022-03-18T14:59:00-04:00,1.9499999999999957,7847.040000000009,335.0,2022-03-18T15:06:00-04:00,1.8500000000000014,8047.039999999998,238.0,2022-03-18T13:29:00-04:00,2.3500000000000014,7047.039999999998,4320.0,2022-03-21T09:31:00-04:00,0.9000000000000004,9947.04,4321.0,2022-03-21T09:32:00-04:00,0.8999999999999986,9947.040000000005,4322.0,2022-03-21T09:33:00-04:00,0.8999999999999986,9947.040000000005,4321.0,2022-03-21T09:32:00-04:00,0.8999999999999986,9947.040000000005,4331.0,2022-03-21T09:42:00-04:00,0.40000000000000036,10947.04,4332.0,2022-03-21T09:43:00-04:00,0.40000000000000036,10947.04,4428.0,2022-03-21T11:19:00-04:00,0.2250000000000001,11297.04,4332.0,2022-03-21T09:43:00-04:00,0.40000000000000036,10947.04,247
2022-03-18,2022-03-21,3,7.0,2022-03-18T09:31:00-04:00,7.049999999999983,NDXP  220321P14230000,NDXP  220321P14220000,development,False,False,0,0,0,1,0,794,available,False,2022-03-18T09:31:00-04:00,2022-03-21T16:00:00-04:00,0.0,13847.039999999968,0.0,last_observed_quote_not_settlement,3916.0,3,4,6.9500000000000455,-52.960000000124346,2022-03-18T09:32:00-04:00,0.0,6.800000000000011,247.03999999994383,2022-03-18T09:33:00-04:00,0.0,6.0,1847.0399999999665,2022-03-18T09:36:00-04:00,0.0,6.550000000000011,747.0399999999438,2022-03-18T09:41:00-04:00,0.0,5.900000000000034,2047.0399999998986,2022-03-18T09:46:00-04:00,0.0,5.250000000000028,3347.03999999991,2022-03-18T10:01:00-04:00,0.0,4.849999999999994,4147.039999999978,2022-03-18T10:31:00-04:00,0.0,4.150000000000006,5547.039999999955,2022-03-18T11:31:00-04:00,0.0,1.8500000000000085,10147.03999999995,2022-03-18T16:00:00-04:00,0.0,,,2022-03-18T16:15:00-04:00,85500.0,,,2022-03-18T16:15:00-04:00,171900.0,0.0,13847.039999999968,2022-03-21T16:00:00-04:00,0.0,26.0,hit,33.0,hit,58.0,hit,216.0,hit,361.0,hit,4330.0,hit,4439.0,hit,,never_hit,,never_hit,0.0,hit,,never_hit,,never_hit,,never_hit,7.400000000000006,2,True,False,False,False,,7.400000000000006,2,True,False,False,False,,7.400000000000006,2,True,False,False,False,,7.400000000000006,2,True,False,False,False,,216.0,2022-03-18T13:07:00-04:00,2.6500000000000057,8547.039999999955,326.0,2022-03-18T14:57:00-04:00,2.8999999999999986,8047.039999999969,327.0,2022-03-18T14:58:00-04:00,2.8000000000000114,8247.039999999944,217.0,2022-03-18T13:08:00-04:00,3.4000000000000057,7047.039999999955,362.0,2022-03-18T15:33:00-04:00,1.8499999999999943,10147.039999999979,365.0,2022-03-18T15:36:00-04:00,1.8500000000000014,10147.039999999964,390.0,2022-03-18T16:01:00-04:00,1.8500000000000014,10147.039999999964,363.0,2022-03-18T15:34:00-04:00,1.9500000000000028,9947.039999999963,4330.0,2022-03-21T09:41:00-04:00,0.9499999999999993,11947.039999999968,4331.0,2022-03-21T09:42:00-04:00,0.9499999999999993,11947.039999999968,4332.0,2022-03-21T09:43:00-04:00,0.8499999999999996,12147.039999999968,4331.0,2022-03-21T09:42:00-04:00,0.9499999999999993,11947.039999999968,4448.0,2022-03-21T11:39:00-04:00,0.4499999999999993,12947.039999999968,4678.0,2022-03-21T15:29:00-04:00,0.4249999999999998,12997.039999999968,4679.0,2022-03-21T15:30:00-04:00,0.3999999999999999,13047.039999999966,4449.0,2022-03-21T11:40:00-04:00,0.6999999999999993,12447.039999999968,248
2022-03-21,2022-03-23,2,5.0,2022-03-21T09:31:00-04:00,5.000000000000028,NDXP  220323P14420000,NDXP  220323P14410000,development,False,False,0,0,0,3,0,1197,available,False,2022-03-21T09:31:00-04:00,2022-03-23T15:58:00-04:00,0.0,9747.040000000059,2.0,last_observed_quote_not_settlement,1036.0,293,36,4.949999999999989,-152.95999999991972,2022-03-21T09:32:00-04:00,0.0,5.150000000000006,-552.9599999999539,2022-03-21T09:33:00-04:00,0.0,4.050000000000011,1647.0400000000348,2022-03-21T09:36:00-04:00,0.0,4.300000000000011,1147.0400000000348,2022-03-21T09:41:00-04:00,0.0,4.5,747.0400000000575,2022-03-21T09:46:00-04:00,0.0,5.650000000000034,-1552.9600000000107,2022-03-21T10:01:00-04:00,0.0,6.599999999999994,-3452.959999999931,2022-03-21T10:31:00-04:00,0.0,4.75,247.04000000005752,2022-03-21T11:31:00-04:00,0.0,5.0,-252.95999999994245,2022-03-21T16:00:00-04:00,0.0,1.25,7247.040000000057,2022-03-22T16:00:00-04:00,0.0,,,2022-03-23T15:58:00-04:00,120.0,,,,,0.0,hit,1.0,hit,11.0,hit,1472.0,hit,1501.0,hit,1820.0,hit,2991.0,hit,23.0,hit,25.0,hit,46.0,hit,,never_hit,,never_hit,,never_hit,7.900000000000006,293,True,False,False,False,,7.900000000000006,293,True,False,False,False,,7.900000000000006,293,True,False,False,False,,7.900000000000006,293,True,False,False,False,,1472.0,2022-03-22T10:03:00-04:00,2.8999999999999773,3947.040000000103,1473.0,2022-03-22T10:04:00-04:00,2.6500000000000057,4447.040000000046,1484.0,2022-03-22T10:15:00-04:00,2.5500000000000043,4647.040000000049,1473.0,2022-03-22T10:04:00-04:00,2.6500000000000057,4447.040000000046,1503.0,2022-03-22T10:34:00-04:00,1.7000000000000028,6347.040000000052,1512.0,2022-03-22T10:43:00-04:00,1.8999999999999915,5947.0400000000745,1513.0,2022-03-22T10:44:00-04:00,1.9499999999999957,5847.040000000066,1504.0,2022-03-22T10:35:00-04:00,2.3000000000000043,5147.040000000049,2971.0,2022-03-23T11:02:00-04:00,0.9499999999999993,7847.040000000059,2972.0,2022-03-23T11:03:00-04:00,0.7999999999999998,8147.040000000058,2973.0,2022-03-23T11:04:00-04:00,0.75,8247.040000000059,2972.0,2022-03-23T11:03:00-04:00,0.7999999999999998,8147.040000000058,3014.0,2022-03-23T11:45:00-04:00,0.40000000000000036,8947.040000000057,3015.0,2022-03-23T11:46:00-04:00,0.40000000000000036,8947.040000000057,3031.0,2022-03-23T12:02:00-04:00,0.20000000000000018,9347.040000000057,3015.0,2022-03-23T11:46:00-04:00,0.40000000000000036,8947.040000000057,249
2022-03-21,2022-03-23,2,6.0,2022-03-21T09:31:00-04:00,6.0,NDXP  220323P14480000,NDXP  220323P14470000,development,False,False,0,0,0,1,0,1199,available,False,2022-03-21T09:31:00-04:00,2022-03-23T15:59:00-04:00,10.0,-8152.96,1.0,last_observed_quote_not_settlement,1036.0,296,58,6.75,-1752.9599999999994,2022-03-21T09:32:00-04:00,0.0,5.799999999999983,147.0400000000348,2022-03-21T09:33:00-04:00,0.0,6.849999999999966,-1952.9599999999311,2022-03-21T09:36:00-04:00,0.0,4.199999999999989,3347.0400000000236,2022-03-21T09:41:00-04:00,0.0,5.300000000000011,1147.039999999978,2022-03-21T09:46:00-04:00,0.0,6.550000000000011,-1352.960000000022,2022-03-21T10:01:00-04:00,0.0,7.050000000000068,-2352.9600000001356,2022-03-21T10:31:00-04:00,0.0,5.949999999999989,-152.95999999997656,2022-03-21T11:31:00-04:00,0.0,6.199999999999989,-652.9599999999766,2022-03-21T16:00:00-04:00,0.0,1.7999999999999972,8147.040000000007,2022-03-22T16:00:00-04:00,0.0,,,2022-03-23T15:59:00-04:00,60.0,,,,,3.0,hit,3.0,hit,140.0,hit,166.0,hit,1554.0,hit,3009.0,hit,3259.0,hit,1.0,hit,34.0,hit,34.0,hit,221.0,hit,3268.0,hit,3268.0,hit,7.650000000000034,84,True,False,False,False,,8.5,292,True,True,False,False,,8.5,292,True,True,False,False,,8.5,292,True,True,False,False,,166.0,2022-03-21T12:17:00-04:00,2.5500000000000114,6647.039999999978,1500.0,2022-03-22T10:31:00-04:00,2.8500000000000085,6047.039999999984,1501.0,2022-03-22T10:32:00-04:00,2.75,6247.040000000001,167.0,2022-03-21T12:18:00-04:00,6.799999999999983,-1852.9599999999652,1773.0,2022-03-22T15:04:00-04:00,1.8500000000000014,8047.039999999998,1784.0,2022-03-22T15:15:00-04:00,1.8999999999999986,7947.040000000004,1785.0,2022-03-22T15:16:00-04:00,1.7999999999999972,8147.040000000007,1774.0,2022-03-22T15:05:00-04:00,1.9500000000000028,7847.039999999995,3014.0,2022-03-23T11:45:00-04:00,0.9000000000000004,9947.04,3015.0,2022-03-23T11:46:00-04:00,0.8999999999999986,9947.040000000005,3023.0,2022-03-23T11:54:00-04:00,0.8000000000000007,10147.04,3015.0,2022-03-23T11:46:00-04:00,0.8999999999999986,9947.040000000005,3259.0,2022-03-23T15:50:00-04:00,0.0,11747.04,,,,,,,,,3260.0,2022-03-23T15:51:00-04:00,4.550000000000001,2647.039999999999,250
2022-03-21,2022-03-23,2,7.0,2022-03-21T09:31:00-04:00,7.050000000000011,NDXP  220323P14590000,NDXP  220323P14580000,development,False,False,0,0,0,2,0,1198,available,False,2022-03-21T09:31:00-04:00,2022-03-23T15:59:00-04:00,10.0,-6052.959999999977,1.0,last_observed_quote_not_settlement,1036.0,466,57,6.899999999999977,47.04000000006892,2022-03-21T09:32:00-04:00,0.0,6.899999999999977,47.04000000006892,2022-03-21T09:33:00-04:00,0.0,6.75,347.04000000002344,2022-03-21T09:36:00-04:00,0.0,6.349999999999994,1147.0400000000348,2022-03-21T09:41:00-04:00,0.0,6.399999999999977,1047.0400000000689,2022-03-21T09:46:00-04:00,0.0,7.2999999999999545,-752.9599999998857,2022-03-21T10:01:00-04:00,0.0,8.149999999999977,-2452.9599999999327,2022-03-21T10:31:00-04:00,0.0,7.149999999999977,-452.9599999999311,2022-03-21T11:31:00-04:00,0.0,7.450000000000017,-1052.9600000000107,2022-03-21T16:00:00-04:00,0.0,3.5,6847.040000000024,2022-03-22T16:00:00-04:00,0.0,,,2022-03-23T15:59:00-04:00,60.0,,,,,1472.0,hit,1476.0,hit,1502.0,hit,1555.0,hit,1819.0,hit,,never_hit,,never_hit,24.0,hit,37.0,hit,0.0,hit,37.0,hit,240.0,hit,3218.0,hit,9.349999999999966,314,True,True,True,True,,9.349999999999966,314,True,True,True,True,,,,True,True,True,False,5.150000000000009,,,True,True,True,False,5.150000000000009,1555.0,2022-03-22T11:26:00-04:00,2.8500000000000085,8147.040000000007,3023.0,2022-03-23T11:54:00-04:00,2.900000000000002,8047.040000000019,3024.0,2022-03-23T11:55:00-04:00,2.9499999999999993,7947.0400000000245,1556.0,2022-03-22T11:27:00-04:00,3.1999999999999886,7447.040000000046,3032.0,2022-03-23T12:03:00-04:00,1.9499999999999993,9947.040000000026,3033.0,2022-03-23T12:04:00-04:00,1.9000000000000021,10047.04000000002,,,,,3033.0,2022-03-23T12:04:00-04:00,1.9000000000000021,10047.04000000002,,,,,,,,,,,,,,,,,,,,,,,,,,,,,,,,,251
2022-03-22,2022-03-25,3,5.0,2022-03-22T09:31:00-04:00,5.099999999999994,NDXP  220325P14440000,NDXP  220325P14430000,development,False,False,0,0,0,3,0,1602,available,False,2022-03-22T09:31:00-04:00,2022-03-25T16:00:00-04:00,0.0,9947.03999999999,0.0,last_observed_quote_not_settlement,1036.0,2,4,4.400000000000034,1147.039999999921,2022-03-22T09:32:00-04:00,0.0,4.599999999999994,747.0400000000006,2022-03-22T09:33:00-04:00,0.0,4.599999999999994,747.0400000000006,2022-03-22T09:36:00-04:00,0.0,4.349999999999994,1247.0400000000006,2022-03-22T09:41:00-04:00,0.0,4.75,447.03999999998933,2022-03-22T09:46:00-04:00,0.0,3.4499999999999886,3047.0400000000122,2022-03-22T10:01:00-04:00,0.0,2.750000000000014,4447.039999999961,2022-03-22T10:31:00-04:00,0.0,2.549999999999997,4847.039999999995,2022-03-22T11:31:00-04:00,0.0,2.299999999999997,5347.039999999995,2022-03-22T16:00:00-04:00,0.0,4.700000000000017,547.0399999999552,2022-03-23T16:00:00-04:00,0.0,0.6499999999999995,8647.039999999992,2022-03-24T16:00:00-04:00,0.0,0.0,9947.03999999999,2022-03-25T16:00:00-04:00,0.0,0.0,hit,1.0,hit,7.0,hit,50.0,hit,379.0,hit,379.0,hit,379.0,hit,4699.0,hit,4699.0,hit,4699.0,hit,4699.0,hit,4699.0,hit,4699.0,hit,5.099999999999994,0,False,False,False,False,,5.099999999999994,0,False,False,False,False,,5.099999999999994,0,False,False,False,False,,5.099999999999994,0,False,False,False,False,,50.0,2022-03-22T10:21:00-04:00,2.8999999999999773,4147.0400000000345,61.0,2022-03-22T10:32:00-04:00,2.9000000000000057,4147.039999999978,62.0,2022-03-22T10:33:00-04:00,2.799999999999997,4347.039999999995,51.0,2022-03-22T10:22:00-04:00,3.0999999999999943,3747.040000000001,379.0,2022-03-22T15:50:00-04:00,0.29999999999999716,9347.039999999995,3002.0,2022-03-24T11:33:00-04:00,1.9000000000000057,6147.039999999978,3010.0,2022-03-24T11:41:00-04:00,1.6999999999999957,6547.039999999998,380.0,2022-03-22T15:51:00-04:00,2.1999999999999886,5547.040000000012,379.0,2022-03-22T15:50:00-04:00,0.29999999999999716,9347.039999999995,3234.0,2022-03-24T15:25:00-04:00,0.8499999999999996,8247.039999999992,3235.0,2022-03-24T15:26:00-04:00,0.7999999999999989,8347.039999999992,380.0,2022-03-22T15:51:00-04:00,2.1999999999999886,5547.040000000012,379.0,2022-03-22T15:50:00-04:00,0.29999999999999716,9347.039999999995,4321.0,2022-03-25T09:32:00-04:00,0.34999999999999964,9247.039999999992,4322.0,2022-03-25T09:33:00-04:00,0.40000000000000036,9147.03999999999,380.0,2022-03-22T15:51:00-04:00,2.1999999999999886,5547.040000000012,252
2022-03-22,2022-03-25,3,6.0,2022-03-22T09:31:00-04:00,6.049999999999983,NDXP  220325P14560000,NDXP  220325P14550000,development,False,False,0,0,0,7,0,1598,available,False,2022-03-22T09:31:00-04:00,2022-03-25T16:00:00-04:00,0.0,11847.039999999968,0.0,last_observed_quote_not_settlement,1036.0,40,52,5.650000000000006,547.0399999999552,2022-03-22T09:32:00-04:00,0.0,6.0,-152.9600000000334,2022-03-22T09:33:00-04:00,0.0,5.399999999999977,1047.040000000012,2022-03-22T09:36:00-04:00,0.0,5.199999999999989,1447.0399999999893,2022-03-22T09:41:00-04:00,0.0,5.050000000000011,1747.0399999999438,2022-03-22T09:46:00-04:00,0.0,4.650000000000006,2547.0399999999554,2022-03-22T10:01:00-04:00,0.0,3.8499999999999943,4147.039999999978,2022-03-22T10:31:00-04:00,0.0,3.549999999999997,4747.039999999973,2022-03-22T11:31:00-04:00,0.0,3.5,4847.039999999966,2022-03-22T16:00:00-04:00,0.0,6.099999999999966,-352.9599999999652,2022-03-23T16:00:00-04:00,0.0,1.3999999999999986,9047.03999999997,2022-03-24T16:00:00-04:00,0.0,0.0,11847.039999999968,2022-03-25T16:00:00-04:00,0.0,5.0,hit,11.0,hit,60.0,hit,390.0,hit,3230.0,hit,3259.0,hit,4392.0,hit,4.0,hit,1458.0,hit,1458.0,hit,,never_hit,,never_hit,,never_hit,6.900000000000034,3,False,False,False,False,,7.650000000000006,40,True,False,False,False,,7.650000000000006,40,True,False,False,False,,7.650000000000006,40,True,False,False,False,,3003.0,2022-03-24T11:34:00-04:00,2.8499999999999943,6147.039999999978,3013.0,2022-03-24T11:44:00-04:00,2.9000000000000057,6047.039999999955,3014.0,2022-03-24T11:45:00-04:00,2.8500000000000014,6147.039999999964,3004.0,2022-03-24T11:35:00-04:00,3.25,5347.039999999966,3232.0,2022-03-24T15:23:00-04:00,1.9000000000000057,8047.039999999955,3236.0,2022-03-24T15:27:00-04:00,1.8000000000000007,8247.039999999966,3237.0,2022-03-24T15:28:00-04:00,1.8000000000000043,8247.039999999959,3233.0,2022-03-24T15:24:00-04:00,1.9500000000000028,7947.039999999961,3259.0,2022-03-24T15:50:00-04:00,0.6499999999999986,10547.03999999997,4385.0,2022-03-25T10:36:00-04:00,0.7499999999999991,10347.03999999997,4386.0,2022-03-25T10:37:00-04:00,0.6500000000000004,10547.039999999966,3260.0,2022-03-24T15:51:00-04:00,1.7999999999999972,8247.039999999974,4589.0,2022-03-25T14:00:00-04:00,0.44999999999999973,10947.039999999966,4592.0,2022-03-25T14:03:00-04:00,0.375,11097.039999999968,4593.0,2022-03-25T14:04:00-04:00,0.2749999999999999,11297.039999999966,4590.0,2022-03-25T14:01:00-04:00,0.5499999999999998,10747.039999999968,253
2022-03-22,2022-03-25,3,7.0,2022-03-22T09:31:00-04:00,6.5,NDXP  220325P14600000,NDXP  220325P14590000,development,False,False,0,0,0,1,0,1604,available,False,2022-03-22T09:31:00-04:00,2022-03-25T16:00:00-04:00,0.0,12747.04,0.0,last_observed_quote_not_settlement,1036.0,53,73,7.050000000000068,-1352.9600000001358,2022-03-22T09:32:00-04:00,0.0,6.300000000000011,147.03999999997797,2022-03-22T09:33:00-04:00,0.0,5.899999999999977,947.0400000000461,2022-03-22T09:36:00-04:00,0.0,4.649999999999977,3447.0400000000463,2022-03-22T09:41:00-04:00,0.0,5.750000000000028,1247.0399999999438,2022-03-22T09:46:00-04:00,0.0,5.299999999999983,2147.040000000035,2022-03-22T10:01:00-04:00,0.0,4.400000000000006,3947.0399999999895,2022-03-22T10:31:00-04:00,0.0,3.900000000000034,4947.039999999933,2022-03-22T11:31:00-04:00,0.0,4.200000000000003,4347.039999999995,2022-03-22T16:00:00-04:00,0.0,6.599999999999994,-452.95999999998793,2022-03-23T16:00:00-04:00,0.0,1.7999999999999972,9147.040000000008,2022-03-24T16:00:00-04:00,0.0,0.0,12747.04,2022-03-25T16:00:00-04:00,0.0,9.0,hit,10.0,hit,69.0,hit,3218.0,hit,3266.0,hit,4387.0,hit,4396.0,hit,1.0,hit,1715.0,hit,1.0,hit,1715.0,hit,,never_hit,,never_hit,8.400000000000034,53,True,True,False,False,,8.400000000000034,53,True,True,False,False,,8.400000000000034,53,True,True,False,False,,8.400000000000034,53,True,True,False,False,,3218.0,2022-03-24T15:09:00-04:00,2.9499999999999957,6847.040000000009,3219.0,2022-03-24T15:10:00-04:00,2.8999999999999986,6947.040000000004,3220.0,2022-03-24T15:11:00-04:00,2.799999999999997,7147.040000000006,3219.0,2022-03-24T15:10:00-04:00,2.8999999999999986,6947.040000000004,3266.0,2022-03-24T15:57:00-04:00,1.9499999999999957,8847.04000000001,3270.0,2022-03-24T16:01:00-04:00,1.8500000000000014,9047.039999999999,3271.0,2022-03-24T16:02:00-04:00,1.9499999999999993,8847.040000000003,3267.0,2022-03-24T15:58:00-04:00,2.1000000000000014,8547.039999999999,4391.0,2022-03-25T10:42:00-04:00,0.9499999999999993,10847.040000000003,4392.0,2022-03-25T10:43:00-04:00,0.8499999999999996,11047.040000000003,4393.0,2022-03-25T10:44:00-04:00,0.8499999999999979,11047.040000000006,4392.0,2022-03-25T10:43:00-04:00,0.8499999999999996,11047.040000000003,4396.0,2022-03-25T10:47:00-04:00,0.4499999999999993,11847.040000000003,4621.0,2022-03-25T14:32:00-04:00,0.3750000000000002,11997.04,4622.0,2022-03-25T14:33:00-04:00,0.3500000000000001,12047.04,4397.0,2022-03-25T10:48:00-04:00,0.75,11247.04,254
2022-03-23,2022-03-25,2,5.0,2022-03-23T09:31:00-04:00,5.099999999999994,NDXP  220325P14570000,NDXP  220325P14560000,development,False,False,0,0,0,1,0,1199,available,False,2022-03-23T09:31:00-04:00,2022-03-25T16:00:00-04:00,0.0,9947.03999999999,0.0,last_observed_quote_not_settlement,1036.0,235,94,4.75,447.03999999998933,2022-03-23T09:32:00-04:00,0.0,5.100000000000023,-252.96000000005614,2022-03-23T09:33:00-04:00,0.0,5.199999999999989,-452.95999999998793,2022-03-23T09:36:00-04:00,0.0,4.150000000000006,1647.039999999978,2022-03-23T09:41:00-04:00,0.0,5.350000000000023,-752.9600000000562,2022-03-23T09:46:00-04:00,0.0,6.450000000000017,-2952.9600000000446,2022-03-23T10:01:00-04:00,0.0,4.650000000000034,647.0399999999211,2022-03-23T10:31:00-04:00,0.0,3.950000000000003,2047.0399999999836,2022-03-23T11:31:00-04:00,0.0,6.2000000000000455,-2452.9600000001014,2022-03-23T16:00:00-04:00,0.0,1.5,6947.039999999989,2022-03-24T16:00:00-04:00,0.0,0.0,9947.03999999999,2022-03-25T16:00:00-04:00,0.0,,,,,0.0,hit,1.0,hit,18.0,hit,1572.0,hit,1793.0,hit,2934.0,hit,2957.0,hit,9.0,hit,19.0,hit,382.0,hit,,never_hit,,never_hit,,never_hit,7.25,235,True,False,False,False,,7.25,235,True,False,False,False,,7.25,235,True,False,False,False,,7.25,235,True,False,False,False,,1578.0,2022-03-24T11:49:00-04:00,2.9000000000000057,4147.039999999978,1713.0,2022-03-24T14:04:00-04:00,2.6999999999999957,4547.039999999998,1714.0,2022-03-24T14:05:00-04:00,2.749999999999993,4447.040000000004,1579.0,2022-03-24T11:50:00-04:00,3.3499999999999943,3247.040000000001,1796.0,2022-03-24T15:27:00-04:00,1.8500000000000014,6247.039999999986,1797.0,2022-03-24T15:28:00-04:00,1.9499999999999957,6047.039999999998,1798.0,2022-03-24T15:29:00-04:00,1.9499999999999957,6047.039999999998,1797.0,2022-03-24T15:28:00-04:00,1.9499999999999957,6047.039999999998,2945.0,2022-03-25T10:36:00-04:00,0.7500000000000009,8447.039999999988,2946.0,2022-03-25T10:37:00-04:00,0.75,8447.03999999999,2947.0,2022-03-25T10:38:00-04:00,0.7000000000000002,8547.03999999999,2946.0,2022-03-25T10:37:00-04:00,0.75,8447.03999999999,3152.0,2022-03-25T14:03:00-04:00,0.4249999999999998,9097.03999999999,3153.0,2022-03-25T14:04:00-04:00,0.375,9197.03999999999,3154.0,2022-03-25T14:05:00-04:00,0.4249999999999998,9097.03999999999,3153.0,2022-03-25T14:04:00-04:00,0.375,9197.03999999999,255
2022-03-23,2022-03-25,2,6.0,2022-03-23T09:31:00-04:00,5.400000000000006,NDXP  220325P14600000,NDXP  220325P14590000,development,False,False,0,0,0,1,0,1199,available,False,2022-03-23T09:31:00-04:00,2022-03-25T16:00:00-04:00,0.0,10547.040000000014,0.0,last_observed_quote_not_settlement,1036.0,275,74,4.900000000000006,747.0400000000006,2022-03-23T09:32:00-04:00,0.0,4.699999999999989,1147.0400000000348,2022-03-23T09:33:00-04:00,0.0,5.950000000000017,-1352.960000000022,2022-03-23T09:36:00-04:00,0.0,5.800000000000011,-1052.9600000000107,2022-03-23T09:41:00-04:00,0.0,5.600000000000023,-652.9600000000335,2022-03-23T09:46:00-04:00,0.0,6.000000000000028,-1452.9600000000448,2022-03-23T10:01:00-04:00,0.0,4.349999999999994,1847.0400000000234,2022-03-23T10:31:00-04:00,0.0,4.349999999999994,1847.0400000000234,2022-03-23T11:31:00-04:00,0.0,6.599999999999994,-2652.9599999999764,2022-03-23T16:00:00-04:00,0.0,1.7999999999999972,6947.040000000018,2022-03-24T16:00:00-04:00,0.0,0.0,10547.040000000014,2022-03-25T16:00:00-04:00,0.0,,,,,0.0,hit,1.0,hit,89.0,hit,1778.0,hit,1826.0,hit,2947.0,hit,2956.0,hit,4.0,hit,8.0,hit,28.0,hit,275.0,hit,,never_hit,,never_hit,8.400000000000034,275,True,True,False,False,,8.400000000000034,275,True,True,False,False,,8.400000000000034,275,True,True,False,False,,8.400000000000034,275,True,True,False,False,,1778.0,2022-03-24T15:09:00-04:00,2.9499999999999957,4647.040000000021,1779.0,2022-03-24T15:10:00-04:00,2.8999999999999986,4747.0400000000145,1780.0,2022-03-24T15:11:00-04:00,2.799999999999997,4947.040000000018,1779.0,2022-03-24T15:10:00-04:00,2.8999999999999986,4747.0400000000145,1826.0,2022-03-24T15:57:00-04:00,1.9499999999999957,6647.040000000021,1830.0,2022-03-24T16:01:00-04:00,1.8500000000000014,6847.040000000009,1831.0,2022-03-24T16:02:00-04:00,1.9499999999999993,6647.040000000014,1827.0,2022-03-24T15:58:00-04:00,2.1000000000000014,6347.040000000009,2951.0,2022-03-25T10:42:00-04:00,0.9499999999999993,8647.040000000014,2952.0,2022-03-25T10:43:00-04:00,0.8499999999999996,8847.040000000014,2953.0,2022-03-25T10:44:00-04:00,0.8499999999999979,8847.040000000017,2952.0,2022-03-25T10:43:00-04:00,0.8499999999999996,8847.040000000014,2956.0,2022-03-25T10:47:00-04:00,0.4499999999999993,9647.040000000014,3181.0,2022-03-25T14:32:00-04:00,0.3750000000000002,9797.040000000014,3182.0,2022-03-25T14:33:00-04:00,0.3500000000000001,9847.040000000012,2957.0,2022-03-25T10:48:00-04:00,0.75,9047.040000000014,256
2022-03-23,2022-03-25,2,7.0,2022-03-23T09:31:00-04:00,5.400000000000006,NDXP  220325P14600000,NDXP  220325P14590000,development,False,False,0,0,0,1,0,1199,available,False,2022-03-23T09:31:00-04:00,2022-03-25T16:00:00-04:00,0.0,10547.040000000014,0.0,last_observed_quote_not_settlement,1036.0,275,74,4.900000000000006,747.0400000000006,2022-03-23T09:32:00-04:00,0.0,4.699999999999989,1147.0400000000348,2022-03-23T09:33:00-04:00,0.0,5.950000000000017,-1352.960000000022,2022-03-23T09:36:00-04:00,0.0,5.800000000000011,-1052.9600000000107,2022-03-23T09:41:00-04:00,0.0,5.600000000000023,-652.9600000000335,2022-03-23T09:46:00-04:00,0.0,6.000000000000028,-1452.9600000000448,2022-03-23T10:01:00-04:00,0.0,4.349999999999994,1847.0400000000234,2022-03-23T10:31:00-04:00,0.0,4.349999999999994,1847.0400000000234,2022-03-23T11:31:00-04:00,0.0,6.599999999999994,-2652.9599999999764,2022-03-23T16:00:00-04:00,0.0,1.7999999999999972,6947.040000000018,2022-03-24T16:00:00-04:00,0.0,0.0,10547.040000000014,2022-03-25T16:00:00-04:00,0.0,,,,,0.0,hit,1.0,hit,89.0,hit,1778.0,hit,1826.0,hit,2947.0,hit,2956.0,hit,4.0,hit,8.0,hit,28.0,hit,275.0,hit,,never_hit,,never_hit,8.400000000000034,275,True,True,False,False,,8.400000000000034,275,True,True,False,False,,8.400000000000034,275,True,True,False,False,,8.400000000000034,275,True,True,False,False,,1778.0,2022-03-24T15:09:00-04:00,2.9499999999999957,4647.040000000021,1779.0,2022-03-24T15:10:00-04:00,2.8999999999999986,4747.0400000000145,1780.0,2022-03-24T15:11:00-04:00,2.799999999999997,4947.040000000018,1779.0,2022-03-24T15:10:00-04:00,2.8999999999999986,4747.0400000000145,1826.0,2022-03-24T15:57:00-04:00,1.9499999999999957,6647.040000000021,1830.0,2022-03-24T16:01:00-04:00,1.8500000000000014,6847.040000000009,1831.0,2022-03-24T16:02:00-04:00,1.9499999999999993,6647.040000000014,1827.0,2022-03-24T15:58:00-04:00,2.1000000000000014,6347.040000000009,2951.0,2022-03-25T10:42:00-04:00,0.9499999999999993,8647.040000000014,2952.0,2022-03-25T10:43:00-04:00,0.8499999999999996,8847.040000000014,2953.0,2022-03-25T10:44:00-04:00,0.8499999999999979,8847.040000000017,2952.0,2022-03-25T10:43:00-04:00,0.8499999999999996,8847.040000000014,2956.0,2022-03-25T10:47:00-04:00,0.4499999999999993,9647.040000000014,3181.0,2022-03-25T14:32:00-04:00,0.3750000000000002,9797.040000000014,3182.0,2022-03-25T14:33:00-04:00,0.3500000000000001,9847.040000000012,2957.0,2022-03-25T10:48:00-04:00,0.75,9047.040000000014,257
2022-03-25,2022-03-28,3,5.0,2022-03-25T09:31:00-04:00,5.099999999999994,NDXP  220328P14810000,NDXP  220328P14800000,development,False,False,0,0,0,5,0,790,available,False,2022-03-25T09:31:00-04:00,2022-03-28T16:00:00-04:00,0.024999999999999967,9897.03999999999,0.0,last_observed_quote_not_settlement,3916.0,474,54,5.150000000000006,-352.96000000002203,2022-03-25T09:32:00-04:00,0.0,4.799999999999983,347.04000000002344,2022-03-25T09:33:00-04:00,0.0,5.449999999999989,-952.959999999988,2022-03-25T09:36:00-04:00,0.0,5.650000000000006,-1352.960000000022,2022-03-25T09:41:00-04:00,0.0,4.600000000000023,747.0399999999438,2022-03-25T09:46:00-04:00,0.0,6.099999999999994,-2252.959999999999,2022-03-25T10:01:00-04:00,0.0,6.75,-3552.9600000000105,2022-03-25T10:31:00-04:00,0.0,7.150000000000006,-4352.960000000022,2022-03-25T11:31:00-04:00,0.0,5.75,-1552.9600000000107,2022-03-25T16:00:00-04:00,0.0,,,2022-03-25T16:15:00-04:00,85500.0,,,2022-03-25T16:15:00-04:00,171900.0,0.024999999999999967,9897.03999999999,2022-03-28T16:00:00-04:00,0.0,0.0,hit,2.0,hit,75.0,hit,4329.0,hit,4616.0,hit,4634.0,hit,4641.0,hit,4.0,hit,6.0,hit,22.0,hit,100.0,hit,,never_hit,,never_hit,8.75,380,True,True,False,False,,8.799999999999997,474,True,True,False,False,,8.799999999999997,474,True,True,False,False,,8.799999999999997,474,True,True,False,False,,4329.0,2022-03-28T09:40:00-04:00,2.9499999999999957,4047.039999999998,4345.0,2022-03-28T09:56:00-04:00,2.4499999999999957,5047.039999999998,4346.0,2022-03-28T09:57:00-04:00,2.4499999999999993,5047.039999999991,4330.0,2022-03-28T09:41:00-04:00,3.1500000000000057,3647.039999999978,4616.0,2022-03-28T14:27:00-04:00,1.8999999999999986,6147.039999999992,4619.0,2022-03-28T14:30:00-04:00,1.8499999999999996,6247.03999999999,4620.0,2022-03-28T14:31:00-04:00,1.5500000000000007,6847.039999999988,4617.0,2022-03-28T14:28:00-04:00,2.049999999999999,5847.039999999992,4634.0,2022-03-28T14:45:00-04:00,0.875,8197.03999999999,4635.0,2022-03-28T14:46:00-04:00,0.8000000000000003,8347.039999999988,4636.0,2022-03-28T14:47:00-04:00,0.8499999999999996,8247.039999999992,4635.0,2022-03-28T14:46:00-04:00,0.8000000000000003,8347.039999999988,4643.0,2022-03-28T14:54:00-04:00,0.4249999999999998,9097.03999999999,4646.0,2022-03-28T14:57:00-04:00,0.32499999999999973,9297.03999999999,4647.0,2022-03-28T14:58:00-04:00,0.30000000000000004,9347.03999999999,4644.0,2022-03-28T14:55:00-04:00,0.4500000000000002,9047.03999999999,258
2022-03-25,2022-03-28,3,6.0,2022-03-25T09:31:00-04:00,6.0,NDXP  220328P14870000,NDXP  220328P14860000,development,False,False,0,0,0,1,0,794,available,False,2022-03-25T09:31:00-04:00,2022-03-28T16:00:00-04:00,0.024999999999999967,11697.04,0.0,last_observed_quote_not_settlement,3916.0,548,75,6.200000000000017,-652.9600000000335,2022-03-25T09:32:00-04:00,0.0,5.949999999999989,-152.95999999997656,2022-03-25T09:33:00-04:00,0.0,6.349999999999994,-952.959999999988,2022-03-25T09:36:00-04:00,0.0,6.75,-1752.9599999999994,2022-03-25T09:41:00-04:00,0.0,6.299999999999983,-852.9599999999652,2022-03-25T09:46:00-04:00,0.0,6.800000000000011,-1852.960000000022,2022-03-25T10:01:00-04:00,0.0,6.149999999999977,-552.9599999999539,2022-03-25T10:31:00-04:00,0.0,7.949999999999989,-4152.959999999976,2022-03-25T11:31:00-04:00,0.0,6.800000000000011,-1852.960000000022,2022-03-25T16:00:00-04:00,0.0,,,2022-03-25T16:15:00-04:00,85500.0,,,2022-03-25T16:15:00-04:00,171900.0,0.024999999999999967,11697.04,2022-03-28T16:00:00-04:00,0.0,37.0,hit,68.0,hit,4329.0,hit,4638.0,hit,4645.0,hit,4658.0,hit,4671.0,hit,7.0,hit,7.0,hit,7.0,hit,48.0,hit,126.0,hit,4481.0,hit,9.550000000000011,548,True,True,True,True,,9.550000000000011,548,True,True,True,True,,9.550000000000011,548,True,True,True,True,,9.550000000000011,548,True,True,True,True,,4638.0,2022-03-28T14:49:00-04:00,2.9499999999999993,5847.040000000002,4641.0,2022-03-28T14:52:00-04:00,2.3499999999999996,7047.040000000002,4642.0,2022-03-28T14:53:00-04:00,2.1500000000000004,7447.04,4639.0,2022-03-28T14:50:00-04:00,3.3000000000000007,5147.039999999999,4646.0,2022-03-28T14:57:00-04:00,1.75,8247.04,4647.0,2022-03-28T14:58:00-04:00,1.9000000000000004,7947.04,4648.0,2022-03-28T14:59:00-04:00,1.5,8747.04,4647.0,2022-03-28T14:58:00-04:00,1.9000000000000004,7947.04,4658.0,2022-03-28T15:09:00-04:00,0.7999999999999989,10147.040000000005,4665.0,2022-03-28T15:16:00-04:00,0.9250000000000003,9897.04,4666.0,2022-03-28T15:17:00-04:00,0.7499999999999996,10247.04,4659.0,2022-03-28T15:10:00-04:00,1.3999999999999995,8947.040000000003,4673.0,2022-03-28T15:24:00-04:00,0.32499999999999973,11097.04,4674.0,2022-03-28T15:25:00-04:00,0.30000000000000004,11147.040000000003,4675.0,2022-03-28T15:26:00-04:00,0.2749999999999999,11197.04,4674.0,2022-03-28T15:25:00-04:00,0.30000000000000004,11147.040000000003,259
2022-03-25,2022-03-28,3,7.0,2022-03-25T09:31:00-04:00,7.150000000000034,NDXP  220328P14930000,NDXP  220328P14920000,development,False,False,0,0,0,1,0,794,available,False,2022-03-25T09:31:00-04:00,2022-03-28T16:00:00-04:00,0.024999999999999967,13997.04000000007,0.0,last_observed_quote_not_settlement,3916.0,608,62,6.5,1047.0400000000689,2022-03-25T09:32:00-04:00,0.0,6.850000000000023,347.04000000002344,2022-03-25T09:33:00-04:00,0.0,7.149999999999977,-252.9599999998856,2022-03-25T09:36:00-04:00,0.0,7.599999999999994,-1152.9599999999198,2022-03-25T09:41:00-04:00,0.0,7.0,47.04000000006892,2022-03-25T09:46:00-04:00,0.0,7.7000000000000455,-1352.960000000022,2022-03-25T10:01:00-04:00,0.0,7.300000000000011,-552.9599999999539,2022-03-25T10:31:00-04:00,0.0,8.499999999999943,-2952.959999999819,2022-03-25T11:31:00-04:00,0.0,7.900000000000034,-1752.9599999999994,2022-03-25T16:00:00-04:00,0.0,,,2022-03-25T16:15:00-04:00,85500.0,,,2022-03-25T16:15:00-04:00,171900.0,0.024999999999999967,13997.04000000007,2022-03-28T16:00:00-04:00,0.0,4333.0,hit,4333.0,hit,4333.0,hit,4673.0,hit,4682.0,hit,4699.0,hit,4699.0,hit,30.0,hit,48.0,hit,0.0,hit,47.0,hit,110.0,hit,110.0,hit,10.0,608,True,True,True,True,,10.0,608,True,True,True,True,,10.0,608,True,True,True,True,,10.0,608,True,True,True,True,,4673.0,2022-03-28T15:24:00-04:00,2.7,8647.04000000007,4674.0,2022-03-28T15:25:00-04:00,2.95,8147.040000000069,4675.0,2022-03-28T15:26:00-04:00,2.6500000000000004,8747.04000000007,4674.0,2022-03-28T15:25:00-04:00,2.95,8147.040000000069,4682.0,2022-03-28T15:33:00-04:00,1.8999999999999995,10247.04000000007,4683.0,2022-03-28T15:34:00-04:00,1.7000000000000002,10647.04000000007,4684.0,2022-03-28T15:35:00-04:00,1.275,11497.04000000007,4683.0,2022-03-28T15:34:00-04:00,1.7000000000000002,10647.04000000007,4699.0,2022-03-28T15:50:00-04:00,0.0,14047.04000000007,4705.0,2022-03-28T15:56:00-04:00,0.29999999999999993,13447.04000000007,4706.0,2022-03-28T15:57:00-04:00,0.1499999999999999,13747.04000000007,4700.0,2022-03-28T15:51:00-04:00,2.9749999999999996,8097.04000000007,4699.0,2022-03-28T15:50:00-04:00,0.0,14047.04000000007,4705.0,2022-03-28T15:56:00-04:00,0.29999999999999993,13447.04000000007,4706.0,2022-03-28T15:57:00-04:00,0.1499999999999999,13747.04000000007,4700.0,2022-03-28T15:51:00-04:00,2.9749999999999996,8097.04000000007,260
2022-03-28,2022-03-30,2,5.0,2022-03-28T09:31:00-04:00,5.049999999999983,NDXP  220330P14820000,NDXP  220330P14810000,development,False,False,0,0,0,7,0,1193,available,False,2022-03-28T09:31:00-04:00,2022-03-30T16:00:00-04:00,9.65,-9452.960000000036,0.0,last_observed_quote_not_settlement,1036.0,87,41,4.949999999999989,-52.96000000001066,2022-03-28T09:32:00-04:00,0.0,4.699999999999989,447.03999999998933,2022-03-28T09:33:00-04:00,0.0,4.599999999999994,647.0399999999779,2022-03-28T09:36:00-04:00,0.0,3.8499999999999943,2147.039999999978,2022-03-28T09:41:00-04:00,0.0,4.099999999999994,1647.039999999978,2022-03-28T09:46:00-04:00,0.0,3.6499999999999915,2547.0399999999836,2022-03-28T10:01:00-04:00,0.0,4.349999999999994,1147.039999999978,2022-03-28T10:31:00-04:00,0.0,4.5,847.0399999999665,2022-03-28T11:31:00-04:00,0.0,2.1499999999999986,5547.039999999969,2022-03-28T16:00:00-04:00,0.0,0.125,9597.039999999968,2022-03-29T16:00:00-04:00,0.0,9.65,-9452.960000000036,2022-03-30T16:00:00-04:00,0.0,,,,,0.0,hit,1.0,hit,7.0,hit,328.0,hit,1440.0,hit,1440.0,hit,1469.0,hit,70.0,hit,135.0,hit,135.0,hit,3259.0,hit,3259.0,hit,3259.0,hit,7.449999999999989,86,True,False,False,False,,7.449999999999989,86,True,False,False,False,,7.449999999999989,86,True,False,False,False,,7.449999999999989,86,True,False,False,False,,329.0,2022-03-28T15:00:00-04:00,2.8999999999999986,4047.039999999969,354.0,2022-03-28T15:25:00-04:00,2.8500000000000085,4147.03999999995,355.0,2022-03-28T15:26:00-04:00,2.8500000000000014,4147.039999999964,330.0,2022-03-28T15:01:00-04:00,3.25,3347.0399999999668,1440.0,2022-03-29T09:31:00-04:00,0.8500000000000014,8147.039999999964,1441.0,2022-03-29T09:32:00-04:00,0.8000000000000007,8247.039999999966,1442.0,2022-03-29T09:33:00-04:00,0.75,8347.039999999968,1441.0,2022-03-29T09:32:00-04:00,0.8000000000000007,8247.039999999966,1440.0,2022-03-29T09:31:00-04:00,0.8500000000000014,8147.039999999964,1441.0,2022-03-29T09:32:00-04:00,0.8000000000000007,8247.039999999966,1442.0,2022-03-29T09:33:00-04:00,0.75,8347.039999999968,1441.0,2022-03-29T09:32:00-04:00,0.8000000000000007,8247.039999999966,1469.0,2022-03-29T10:00:00-04:00,0.0,9847.039999999968,1698.0,2022-03-29T13:49:00-04:00,0.4499999999999993,8947.039999999968,1720.0,2022-03-29T14:11:00-04:00,0.40000000000000036,9047.039999999966,1470.0,2022-03-29T10:01:00-04:00,1.0999999999999979,7647.039999999971,261
2022-03-28,2022-03-30,2,6.0,2022-03-28T09:31:00-04:00,6.049999999999983,NDXP  220330P14890000,NDXP  220330P14880000,development,False,False,0,0,0,43,0,1157,available,False,2022-03-28T09:31:00-04:00,2022-03-30T16:00:00-04:00,0.0,11847.039999999968,0.0,last_observed_quote_not_settlement,1036.0,81,34,5.700000000000017,447.0399999999325,2022-03-28T09:32:00-04:00,0.0,5.800000000000011,247.03999999994383,2022-03-28T09:33:00-04:00,0.0,5.25,1347.0399999999665,2022-03-28T09:36:00-04:00,0.0,4.549999999999983,2747.040000000001,2022-03-28T09:41:00-04:00,0.0,4.599999999999994,2647.039999999978,2022-03-28T09:46:00-04:00,0.0,4.549999999999983,2747.040000000001,2022-03-28T10:01:00-04:00,0.0,6.600000000000023,-1352.960000000079,2022-03-28T10:31:00-04:00,0.0,5.150000000000006,1547.0399999999552,2022-03-28T11:31:00-04:00,0.0,3.049999999999997,5747.039999999973,2022-03-28T16:00:00-04:00,0.0,0.2999999999999998,11247.039999999968,2022-03-29T16:00:00-04:00,0.0,0.0,11847.039999999968,2022-03-30T16:00:00-04:00,0.0,,,,,3.0,hit,9.0,hit,11.0,hit,386.0,hit,1440.0,hit,1578.0,hit,1752.0,hit,49.0,hit,50.0,hit,50.0,hit,,never_hit,,never_hit,,never_hit,7.550000000000011,81,True,False,False,False,,7.550000000000011,81,True,False,False,False,,7.550000000000011,81,True,False,False,False,,7.550000000000011,81,True,False,False,False,,386.0,2022-03-28T15:57:00-04:00,2.749999999999986,6347.039999999995,1441.0,2022-03-29T09:32:00-04:00,1.1500000000000057,9547.039999999955,1442.0,2022-03-29T09:33:00-04:00,1.0500000000000007,9747.039999999966,387.0,2022-03-28T15:58:00-04:00,3.25,5347.039999999966,1440.0,2022-03-29T09:31:00-04:00,1.25,9347.039999999968,1441.0,2022-03-29T09:32:00-04:00,1.1500000000000057,9547.039999999955,1442.0,2022-03-29T09:33:00-04:00,1.0500000000000007,9747.039999999966,1441.0,2022-03-29T09:32:00-04:00,1.1500000000000057,9547.039999999955,1579.0,2022-03-29T11:50:00-04:00,0.9000000000000021,10047.039999999963,1584.0,2022-03-29T11:55:00-04:00,0.9000000000000004,10047.039999999966,1699.0,2022-03-29T13:50:00-04:00,0.8000000000000007,10247.039999999966,1580.0,2022-03-29T11:51:00-04:00,1.049999999999999,9747.03999999997,1754.0,2022-03-29T14:45:00-04:00,0.40000000000000036,11047.039999999966,1775.0,2022-03-29T15:06:00-04:00,0.3999999999999986,11047.03999999997,1776.0,2022-03-29T15:07:00-04:00,0.3999999999999986,11047.03999999997,1755.0,2022-03-29T14:46:00-04:00,0.5499999999999989,10747.03999999997,262
2022-03-28,2022-03-30,2,7.0,2022-03-28T09:31:00-04:00,7.05000000000004,NDXP  220330P14970000,NDXP  220330P14960000,development,False,False,0,0,0,3,0,1197,available,False,2022-03-28T09:31:00-04:00,2022-03-30T15:58:00-04:00,0.025000000000000022,13797.04000000008,2.0,last_observed_quote_not_settlement,1036.0,78,32,6.699999999999989,447.040000000103,2022-03-28T09:32:00-04:00,0.0,6.450000000000017,947.0400000000461,2022-03-28T09:33:00-04:00,0.0,6.500000000000028,847.0400000000234,2022-03-28T09:36:00-04:00,0.0,5.399999999999977,3047.040000000126,2022-03-28T09:41:00-04:00,0.0,6.050000000000011,1747.0400000000575,2022-03-28T09:46:00-04:00,0.0,5.349999999999966,3147.0400000001487,2022-03-28T10:01:00-04:00,0.0,6.349999999999994,1147.0400000000916,2022-03-28T10:31:00-04:00,0.0,6.449999999999989,947.040000000103,2022-03-28T11:31:00-04:00,0.0,4.200000000000003,5447.0400000000745,2022-03-28T16:00:00-04:00,0.0,0.6500000000000004,12547.04000000008,2022-03-29T16:00:00-04:00,0.0,,,2022-03-30T15:58:00-04:00,120.0,,,,,9.0,hit,9.0,hit,379.0,hit,1440.0,hit,1440.0,hit,1749.0,hit,1819.0,hit,48.0,hit,160.0,hit,0.0,hit,160.0,hit,,never_hit,,never_hit,8.350000000000023,78,True,True,False,False,,8.350000000000023,78,True,True,False,False,,8.350000000000023,78,True,True,False,False,,8.350000000000023,78,True,True,False,False,,1440.0,2022-03-29T09:31:00-04:00,2.0,9847.04000000008,1441.0,2022-03-29T09:32:00-04:00,1.7000000000000028,10447.040000000075,1442.0,2022-03-29T09:33:00-04:00,1.75,10347.04000000008,1441.0,2022-03-29T09:32:00-04:00,1.7000000000000028,10447.040000000075,1441.0,2022-03-29T09:32:00-04:00,1.7000000000000028,10447.040000000075,1442.0,2022-03-29T09:33:00-04:00,1.75,10347.04000000008,1443.0,2022-03-29T09:34:00-04:00,1.7999999999999972,10247.040000000086,1442.0,2022-03-29T09:33:00-04:00,1.75,10347.04000000008,1749.0,2022-03-29T14:40:00-04:00,0.9499999999999993,11947.040000000083,1762.0,2022-03-29T14:53:00-04:00,0.9000000000000004,12047.04000000008,1763.0,2022-03-29T14:54:00-04:00,0.8999999999999986,12047.040000000085,1750.0,2022-03-29T14:41:00-04:00,1.0500000000000007,11747.040000000079,1819.0,2022-03-29T15:50:00-04:00,0.0,13847.04000000008,2925.0,2022-03-30T10:16:00-04:00,0.3500000000000001,13147.04000000008,2926.0,2022-03-30T10:17:00-04:00,0.3999999999999999,13047.04000000008,1820.0,2022-03-29T15:51:00-04:00,0.7500000000000018,12347.040000000077,263
2022-03-29,2022-04-01,3,5.0,2022-03-29T09:31:00-04:00,5.050000000000011,NDXP  220401P15260000,NDXP  220401P15250000,development,False,False,0,0,0,180,0,1425,available,False,2022-03-29T09:31:00-04:00,2022-04-01T16:00:00-04:00,10.0,-10052.959999999975,0.0,last_observed_quote_not_settlement,1036.0,1216,71,5.900000000000006,-1952.959999999988,2022-03-29T09:32:00-04:00,0.0,5.449999999999989,-1052.9599999999539,2022-03-29T09:33:00-04:00,0.0,5.199999999999989,-552.9599999999539,2022-03-29T09:36:00-04:00,0.0,6.0,-2152.9599999999764,2022-03-29T09:41:00-04:00,0.0,5.000000000000028,-152.9600000000334,2022-03-29T09:46:00-04:00,0.0,6.550000000000011,-3252.959999999999,2022-03-29T10:01:00-04:00,0.0,6.099999999999966,-2352.959999999908,2022-03-29T10:31:00-04:00,0.0,5.349999999999966,-852.9599999999084,2022-03-29T11:31:00-04:00,0.0,5.099999999999994,-352.9599999999652,2022-03-29T16:00:00-04:00,0.0,8.25,-6652.959999999978,2022-03-30T16:00:00-04:00,0.0,8.399999999999977,-6952.959999999933,2022-03-31T16:00:00-04:00,0.0,10.0,-10052.959999999975,2022-04-01T16:00:00-04:00,0.0,0.0,hit,3.0,hit,339.0,hit,,never_hit,,never_hit,,never_hit,,never_hit,1.0,hit,9.0,hit,19.0,hit,29.0,hit,1810.0,hit,2914.0,hit,,,True,True,True,False,1.25,,,True,True,True,False,1.25,,,True,True,True,False,1.25,,,True,True,True,False,1.25,,,,,,,,,,,,,,,,,,,,,,,,,,,,,,,,,,,,,,,,,,,,,,,,,,,,,,,,,,,,,,,,,264
2022-03-29,2022-04-01,3,6.0,2022-03-29T09:31:00-04:00,6.049999999999983,NDXP  220401P15270000,NDXP  220401P15260000,development,False,False,0,0,0,111,0,1494,available,False,2022-03-29T09:31:00-04:00,2022-04-01T15:59:00-04:00,9.949999999999989,-8052.960000000013,1.0,last_observed_quote_not_settlement,1036.0,1115,124,4.049999999999983,3747.040000000001,2022-03-29T09:32:00-04:00,0.0,5.300000000000011,1247.0399999999438,2022-03-29T09:33:00-04:00,0.0,5.399999999999977,1047.040000000012,2022-03-29T09:36:00-04:00,0.0,5.350000000000023,1147.039999999921,2022-03-29T09:41:00-04:00,0.0,5.25,1347.0399999999665,2022-03-29T09:46:00-04:00,0.0,5.899999999999977,47.04000000001208,2022-03-29T10:01:00-04:00,0.0,6.800000000000011,-1752.9600000000562,2022-03-29T10:31:00-04:00,0.0,5.950000000000017,-52.9600000000675,2022-03-29T11:31:00-04:00,0.0,4.450000000000017,2947.0399999999327,2022-03-29T16:00:00-04:00,0.0,8.450000000000017,-5052.960000000069,2022-03-30T16:00:00-04:00,0.0,,,2022-03-31T15:59:00-04:00,60.0,,,2022-04-01T15:59:00-04:00,60.0,1.0,hit,1.0,hit,3.0,hit,,never_hit,,never_hit,,never_hit,,never_hit,8.0,hit,8.0,hit,8.0,hit,94.0,hit,2896.0,hit,2928.0,hit,,,True,True,True,False,2.700000000000017,,,True,True,True,False,2.700000000000017,,,True,True,True,False,2.700000000000017,,,True,True,True,False,2.700000000000017,,,,,,,,,,,,,,,,,,,,,,,,,,,,,,,,,,,,,,,,,,,,,,,,,,,,,,,,,,,,,,,,,265
2022-03-29,2022-04-01,3,7.0,2022-03-29T09:31:00-04:00,6.199999999999989,NDXP  220401P15290000,NDXP  220401P15280000,development,False,False,0,0,0,160,0,1445,available,False,2022-03-29T09:31:00-04:00,2022-04-01T16:00:00-04:00,9.449999999999989,-6752.960000000001,0.0,last_observed_quote_not_settlement,1036.0,1071,119,5.600000000000023,947.0399999999324,2022-03-29T09:32:00-04:00,0.0,4.550000000000011,3047.0399999999554,2022-03-29T09:33:00-04:00,0.0,5.050000000000011,2047.0399999999554,2022-03-29T09:36:00-04:00,0.0,6.700000000000017,-1252.9600000000562,2022-03-29T09:41:00-04:00,0.0,7.199999999999989,-2252.959999999999,2022-03-29T09:46:00-04:00,0.0,6.349999999999994,-552.9600000000107,2022-03-29T10:01:00-04:00,0.0,4.550000000000011,3047.0399999999554,2022-03-29T10:31:00-04:00,0.0,6.849999999999994,-1552.9600000000107,2022-03-29T11:31:00-04:00,0.0,3.1000000000000227,5947.039999999933,2022-03-29T16:00:00-04:00,0.0,6.800000000000011,-1452.9600000000448,2022-03-30T16:00:00-04:00,0.0,,,2022-03-31T15:58:00-04:00,120.0,9.449999999999989,-6752.960000000001,2022-04-01T16:00:00-04:00,0.0,2.0,hit,2.0,hit,389.0,hit,,never_hit,,never_hit,,never_hit,,never_hit,10.0,hit,15.0,hit,15.0,hit,55.0,hit,2881.0,hit,2888.0,hit,,,True,True,True,False,3.099999999999966,,,True,True,True,False,3.099999999999966,,,True,True,True,False,3.099999999999966,,,True,True,True,False,3.099999999999966,,,,,,,,,,,,,,,,,,,,,,,,,,,,,,,,,,,,,,,,,,,,,,,,,,,,,,,,,,,,,,,,,266
2022-03-30,2022-04-01,2,5.0,2022-03-30T09:31:00-04:00,4.750000000000028,NDXP  220401P15190000,NDXP  220401P15180000,development,False,False,0,0,0,65,0,1135,available,False,2022-03-30T09:31:00-04:00,2022-04-01T16:00:00-04:00,10.0,-10652.959999999943,0.0,last_observed_quote_not_settlement,1036.0,972,44,5.0499999999999545,-852.9599999998516,2022-03-30T09:32:00-04:00,0.0,4.550000000000011,147.0400000000348,2022-03-30T09:33:00-04:00,0.0,4.449999999999989,347.0400000000803,2022-03-30T09:36:00-04:00,0.0,4.9500000000000455,-652.9600000000335,2022-03-30T09:41:00-04:00,0.0,3.9000000000000057,1447.0400000000461,2022-03-30T09:46:00-04:00,0.0,3.75,1747.0400000000575,2022-03-30T10:01:00-04:00,0.0,4.249999999999986,747.0400000000859,2022-03-30T10:31:00-04:00,0.0,5.75,-2252.9599999999423,2022-03-30T11:31:00-04:00,0.0,6.499999999999972,-3752.9599999998854,2022-03-30T16:00:00-04:00,0.0,9.899999999999977,-10552.959999999897,2022-03-31T16:00:00-04:00,0.0,10.0,-10652.959999999943,2022-04-01T16:00:00-04:00,0.0,,,,,0.0,hit,0.0,hit,15.0,hit,,never_hit,,never_hit,,never_hit,,never_hit,12.0,hit,99.0,hit,343.0,hit,1444.0,hit,1650.0,hit,1829.0,hit,,,True,True,True,False,1.200000000000017,,,True,True,True,False,1.200000000000017,,,True,True,True,False,1.200000000000017,,,True,True,True,False,1.200000000000017,,,,,,,,,,,,,,,,,,,,,,,,,,,,,,,,,,,,,,,,,,,,,,,,,,,,,,,,,,,,,,,,,267
2022-03-30,2022-04-01,2,6.0,2022-03-30T09:31:00-04:00,6.050000000000011,NDXP  220401P15280000,NDXP  220401P15270000,development,False,False,0,0,0,126,0,1074,available,False,2022-03-30T09:31:00-04:00,2022-04-01T15:59:00-04:00,8.350000000000023,-4852.960000000024,1.0,last_observed_quote_not_settlement,1038.0,907,51,6.050000000000011,-252.9599999999993,2022-03-30T09:32:00-04:00,0.0,6.0,-152.95999999997656,2022-03-30T09:33:00-04:00,0.0,5.849999999999994,147.0400000000348,2022-03-30T09:36:00-04:00,0.0,6.449999999999989,-1052.9599999999539,2022-03-30T09:41:00-04:00,0.0,6.800000000000011,-1752.9599999999994,2022-03-30T09:46:00-04:00,0.0,6.200000000000017,-552.9600000000107,2022-03-30T10:01:00-04:00,0.0,5.800000000000011,247.04000000000067,2022-03-30T10:31:00-04:00,0.0,6.75,-1652.9599999999766,2022-03-30T11:31:00-04:00,0.0,6.949999999999989,-2052.9599999999537,2022-03-30T16:00:00-04:00,0.0,7.550000000000011,-3252.959999999999,2022-03-31T16:00:00-04:00,0.0,,,2022-04-01T15:59:00-04:00,60.0,,,,,19.0,hit,50.0,hit,,never_hit,,never_hit,,never_hit,,never_hit,,never_hit,7.0,hit,63.0,hit,63.0,hit,296.0,hit,1446.0,hit,1496.0,hit,,,True,True,True,False,1.5,,,True,True,True,False,1.5,,,True,True,True,False,1.5,,,True,True,True,False,1.5,,,,,,,,,,,,,,,,,,,,,,,,,,,,,,,,,,,,,,,,,,,,,,,,,,,,,,,,,,,,,,,,,268
2022-03-30,2022-04-01,2,7.0,2022-03-30T09:31:00-04:00,7.049999999999983,NDXP  220401P15360000,NDXP  220401P15350000,development,False,False,0,0,0,207,0,993,available,False,2022-03-30T09:31:00-04:00,2022-04-01T16:00:00-04:00,10.0,-6052.960000000034,0.0,last_observed_quote_not_settlement,1038.0,786,44,6.100000000000023,1647.039999999921,2022-03-30T09:32:00-04:00,0.0,7.0,-152.9600000000334,2022-03-30T09:33:00-04:00,0.0,7.100000000000023,-352.9600000000789,2022-03-30T09:36:00-04:00,0.0,8.399999999999977,-2952.9599999999896,2022-03-30T09:41:00-04:00,0.0,7.449999999999989,-1052.9600000000107,2022-03-30T09:46:00-04:00,0.0,6.75,347.0399999999666,2022-03-30T10:01:00-04:00,0.0,6.550000000000011,747.0399999999438,2022-03-30T10:31:00-04:00,0.0,7.949999999999989,-2052.9600000000105,2022-03-30T11:31:00-04:00,0.0,9.25,-4652.9600000000355,2022-03-30T16:00:00-04:00,0.0,9.950000000000045,-6052.960000000034,2022-03-31T16:00:00-04:00,0.0,10.0,-6052.960000000034,2022-04-01T16:00:00-04:00,0.0,,,,,3219.0,hit,3242.0,hit,,never_hit,,never_hit,,never_hit,,never_hit,,never_hit,7.0,hit,10.0,hit,0.0,hit,10.0,hit,289.0,hit,1448.0,hit,,,True,True,True,False,2.4000000000001194,,,True,True,True,False,2.4000000000001194,,,True,True,True,False,2.4000000000001194,,,True,True,True,False,2.4000000000001194,,,,,,,,,,,,,,,,,,,,,,,,,,,,,,,,,,,,,,,,,,,,,,,,,,,,,,,,,,,,,,,,,269
2022-04-01,2022-04-04,3,5.0,2022-04-01T09:31:00-04:00,4.949999999999989,NDXP  220404P14920000,NDXP  220404P14910000,development,False,False,0,0,0,6,0,789,available,False,2022-04-01T09:31:00-04:00,2022-04-04T15:59:00-04:00,0.0,9647.039999999979,1.0,last_observed_quote_not_settlement,3916.0,386,24,3.6999999999999886,2247.040000000001,2022-04-01T09:32:00-04:00,0.0,4.6000000000000085,447.0399999999609,2022-04-01T09:33:00-04:00,0.0,5.200000000000017,-752.9600000000562,2022-04-01T09:36:00-04:00,0.0,6.349999999999994,-3052.9600000000105,2022-04-01T09:41:00-04:00,0.0,5.300000000000011,-952.9600000000448,2022-04-01T09:46:00-04:00,0.0,6.099999999999994,-2552.9600000000105,2022-04-01T10:01:00-04:00,0.0,5.349999999999994,-1052.9600000000107,2022-04-01T10:31:00-04:00,0.0,7.599999999999994,-5552.960000000011,2022-04-01T11:31:00-04:00,0.0,5.6499999999999915,-1652.960000000005,2022-04-01T16:00:00-04:00,0.0,,,2022-04-01T16:15:00-04:00,85500.0,,,2022-04-01T16:15:00-04:00,171900.0,,,2022-04-04T15:59:00-04:00,60.0,0.0,hit,0.0,hit,1.0,hit,12.0,hit,4344.0,hit,4410.0,hit,4441.0,hit,9.0,hit,10.0,hit,24.0,hit,156.0,hit,,never_hit,,never_hit,6.349999999999994,7,False,False,False,False,,8.700000000000017,386,True,True,False,False,,8.700000000000017,386,True,True,False,False,,8.700000000000017,386,True,True,False,False,,4330.0,2022-04-04T09:41:00-04:00,2.9499999999999957,3747.0399999999863,4331.0,2022-04-04T09:42:00-04:00,2.8500000000000014,3947.039999999975,4338.0,2022-04-04T09:49:00-04:00,2.8000000000000007,4047.0399999999763,4331.0,2022-04-04T09:42:00-04:00,2.8500000000000014,3947.039999999975,4344.0,2022-04-04T09:55:00-04:00,1.8499999999999979,5947.039999999982,4345.0,2022-04-04T09:56:00-04:00,1.5499999999999972,6547.039999999984,4349.0,2022-04-04T10:00:00-04:00,1.6000000000000014,6447.039999999975,4345.0,2022-04-04T09:56:00-04:00,1.5499999999999972,6547.039999999984,4410.0,2022-04-04T11:01:00-04:00,0.8999999999999995,7847.039999999979,4411.0,2022-04-04T11:02:00-04:00,0.75,8147.039999999978,4412.0,2022-04-04T11:03:00-04:00,0.8000000000000007,8047.039999999976,4411.0,2022-04-04T11:02:00-04:00,0.75,8147.039999999978,4441.0,2022-04-04T11:32:00-04:00,0.44999999999999973,8747.039999999979,4452.0,2022-04-04T11:43:00-04:00,0.44999999999999973,8747.039999999979,4453.0,2022-04-04T11:44:00-04:00,0.32499999999999973,8997.039999999979,4442.0,2022-04-04T11:33:00-04:00,0.4500000000000002,8747.039999999979,270
2022-04-01,2022-04-04,3,6.0,2022-04-01T09:31:00-04:00,6.0,NDXP  220404P14930000,NDXP  220404P14920000,development,False,False,0,0,0,2,0,793,available,False,2022-04-01T09:31:00-04:00,2022-04-04T16:00:00-04:00,0.025000000000000022,11697.04,0.0,last_observed_quote_not_settlement,3916.0,318,37,4.950000000000003,1847.039999999995,2022-04-01T09:32:00-04:00,0.0,4.700000000000003,2347.039999999995,2022-04-01T09:33:00-04:00,0.0,7.399999999999977,-3052.9599999999537,2022-04-01T09:36:00-04:00,0.0,5.300000000000011,1147.039999999978,2022-04-01T09:41:00-04:00,0.0,5.449999999999989,847.0400000000234,2022-04-01T09:46:00-04:00,0.0,6.299999999999983,-852.9599999999652,2022-04-01T10:01:00-04:00,0.0,6.099999999999994,-452.95999999998793,2022-04-01T10:31:00-04:00,0.0,6.300000000000011,-852.9600000000221,2022-04-01T11:31:00-04:00,0.0,7.400000000000006,-3052.9600000000105,2022-04-01T16:00:00-04:00,0.0,,,2022-04-01T16:15:00-04:00,85500.0,,,2022-04-01T16:15:00-04:00,171900.0,0.025000000000000022,11697.04,2022-04-04T16:00:00-04:00,0.0,1.0,hit,1.0,hit,98.0,hit,4335.0,hit,4345.0,hit,4410.0,hit,4440.0,hit,5.0,hit,5.0,hit,5.0,hit,152.0,hit,,never_hit,,never_hit,8.699999999999989,318,True,True,False,False,,8.699999999999989,318,True,True,False,False,,8.699999999999989,318,True,True,False,False,,8.699999999999989,318,True,True,False,False,,4339.0,2022-04-04T09:50:00-04:00,2.5500000000000007,6647.039999999999,4340.0,2022-04-04T09:51:00-04:00,2.299999999999997,7147.040000000006,4341.0,2022-04-04T09:52:00-04:00,2.3000000000000007,7147.039999999999,4340.0,2022-04-04T09:51:00-04:00,2.299999999999997,7147.040000000006,4345.0,2022-04-04T09:56:00-04:00,1.4500000000000028,8847.039999999995,4346.0,2022-04-04T09:57:00-04:00,1.8500000000000014,8047.039999999998,4350.0,2022-04-04T10:01:00-04:00,1.75,8247.04,4346.0,2022-04-04T09:57:00-04:00,1.8500000000000014,8047.039999999998,4411.0,2022-04-04T11:02:00-04:00,0.8000000000000007,10147.04,4412.0,2022-04-04T11:03:00-04:00,0.8999999999999986,9947.040000000005,4413.0,2022-04-04T11:04:00-04:00,0.8000000000000007,10147.04,4412.0,2022-04-04T11:03:00-04:00,0.8999999999999986,9947.040000000005,4456.0,2022-04-04T11:47:00-04:00,0.375,10997.04,4457.0,2022-04-04T11:48:00-04:00,0.20000000000000018,11347.04,4458.0,2022-04-04T11:49:00-04:00,0.17499999999999982,11397.040000000003,4457.0,2022-04-04T11:48:00-04:00,0.20000000000000018,11347.04,271
2022-04-01,2022-04-04,3,7.0,2022-04-01T09:31:00-04:00,6.949999999999989,NDXP  220404P15080000,NDXP  220404P15070000,development,False,False,0,0,0,2,0,793,available,False,2022-04-01T09:31:00-04:00,2022-04-04T16:00:00-04:00,0.65,12347.039999999979,0.0,last_observed_quote_not_settlement,3916.0,409,21,7.699999999999989,-1752.9599999999994,2022-04-01T09:32:00-04:00,0.0,6.899999999999977,-152.95999999997656,2022-04-01T09:33:00-04:00,0.0,7.599999999999994,-1552.9600000000107,2022-04-01T09:36:00-04:00,0.0,7.349999999999966,-1052.9599999999539,2022-04-01T09:41:00-04:00,0.0,8.349999999999994,-3052.9600000000123,2022-04-01T09:46:00-04:00,0.0,8.25,-2852.9600000000237,2022-04-01T10:01:00-04:00,0.0,6.450000000000017,747.0399999999438,2022-04-01T10:31:00-04:00,0.0,7.600000000000023,-1552.9600000000676,2022-04-01T11:31:00-04:00,0.0,8.950000000000017,-4252.960000000058,2022-04-01T16:00:00-04:00,0.0,,,2022-04-01T16:15:00-04:00,85500.0,,,2022-04-01T16:15:00-04:00,171900.0,0.65,12347.039999999979,2022-04-04T16:00:00-04:00,0.0,4343.0,hit,4346.0,hit,4349.0,hit,4464.0,hit,4635.0,hit,4681.0,hit,4686.0,hit,1.0,hit,8.0,hit,1.0,hit,8.0,hit,38.0,hit,144.0,hit,10.0,408,True,True,True,True,,10.0,409,True,True,True,True,,10.0,409,True,True,True,True,,10.0,409,True,True,True,True,,4500.0,2022-04-04T12:31:00-04:00,2.8500000000000014,7947.039999999975,4501.0,2022-04-04T12:32:00-04:00,2.549999999999997,8547.039999999985,4502.0,2022-04-04T12:33:00-04:00,2.8000000000000007,8047.039999999976,4501.0,2022-04-04T12:32:00-04:00,2.549999999999997,8547.039999999985,4635.0,2022-04-04T14:46:00-04:00,1.7000000000000002,10247.039999999979,4636.0,2022-04-04T14:47:00-04:00,1.75,10147.039999999979,4637.0,2022-04-04T14:48:00-04:00,1.75,10147.039999999979,4636.0,2022-04-04T14:47:00-04:00,1.75,10147.039999999979,4681.0,2022-04-04T15:32:00-04:00,0.9249999999999998,11797.039999999979,4682.0,2022-04-04T15:33:00-04:00,0.8999999999999999,11847.039999999979,4683.0,2022-04-04T15:34:00-04:00,0.825,11997.039999999979,4682.0,2022-04-04T15:33:00-04:00,0.8999999999999999,11847.039999999979,4686.0,2022-04-04T15:37:00-04:00,0.3500000000000001,12947.039999999977,4687.0,2022-04-04T15:38:00-04:00,0.35,12947.039999999977,4688.0,2022-04-04T15:39:00-04:00,0.4,12847.039999999979,4687.0,2022-04-04T15:38:00-04:00,0.35,12947.039999999977,272
2022-04-04,2022-04-06,2,5.0,2022-04-04T09:31:00-04:00,5.0,NDXP  220406P14890000,NDXP  220406P14880000,development,False,False,0,0,1,48,0,1148,available,False,2022-04-04T09:31:00-04:00,2022-04-06T15:59:00-04:00,10.0,-10152.96,1.0,last_observed_quote_not_settlement,1036.0,436,43,4.75,247.04000000000067,2022-04-04T09:32:00-04:00,0.0,2.6000000000000085,4547.039999999984,2022-04-04T09:33:00-04:00,0.0,3.9499999999999886,1847.0400000000234,2022-04-04T09:36:00-04:00,0.0,3.4000000000000057,2947.0399999999895,2022-04-04T09:41:00-04:00,0.0,3.3500000000000085,3047.0399999999836,2022-04-04T09:46:00-04:00,0.0,2.8499999999999943,4047.040000000012,2022-04-04T10:01:00-04:00,0.0,2.750000000000007,4247.039999999986,2022-04-04T10:31:00-04:00,0.0,1.8999999999999986,5947.040000000004,2022-04-04T11:31:00-04:00,0.0,1.25,7247.040000000001,2022-04-04T16:00:00-04:00,0.0,6.75,-3752.959999999999,2022-04-05T16:00:00-04:00,0.0,,,2022-04-06T15:59:00-04:00,60.0,,,,,0.0,hit,0.0,hit,2.0,hit,2.0,hit,120.0,hit,,never_hit,,never_hit,1608.0,hit,1620.0,hit,2880.0,hit,2880.0,hit,2881.0,hit,2883.0,hit,5.0,0,False,False,False,False,,5.0,0,False,False,False,False,,,,True,True,True,False,3.8999999999999986,,,True,True,True,False,3.8999999999999986,2.0,2022-04-04T09:33:00-04:00,2.6000000000000085,4547.039999999984,28.0,2022-04-04T09:59:00-04:00,2.8499999999999943,4047.040000000012,29.0,2022-04-04T10:00:00-04:00,2.6500000000000057,4447.039999999989,3.0,2022-04-04T09:34:00-04:00,4.75,247.04000000000067,120.0,2022-04-04T11:31:00-04:00,1.8999999999999986,5947.040000000004,139.0,2022-04-04T11:50:00-04:00,1.7999999999999972,6147.040000000006,140.0,2022-04-04T11:51:00-04:00,1.9000000000000057,5947.039999999989,121.0,2022-04-04T11:32:00-04:00,1.9500000000000028,5847.039999999995,,,,,,,,,,,,,,,,,,,,,,,,,,,,,,,,,273
2022-04-04,2022-04-06,2,6.0,2022-04-04T09:31:00-04:00,6.099999999999994,NDXP  220406P15000000,NDXP  220406P14990000,development,False,False,0,0,0,121,0,1074,available,False,2022-04-04T09:31:00-04:00,2022-04-06T15:59:00-04:00,10.0,-7952.960000000011,1.0,last_observed_quote_not_settlement,1036.0,456,35,6.099999999999994,-252.9599999999993,2022-04-04T09:32:00-04:00,0.0,6.300000000000011,-652.9600000000335,2022-04-04T09:33:00-04:00,0.0,4.75,2447.0399999999895,2022-04-04T09:36:00-04:00,0.0,4.950000000000003,2047.0399999999836,2022-04-04T09:41:00-04:00,0.0,4.449999999999989,3047.0400000000122,2022-04-04T09:46:00-04:00,0.0,4.0,3947.0399999999895,2022-04-04T10:01:00-04:00,0.0,4.3500000000000085,3247.039999999972,2022-04-04T10:31:00-04:00,0.0,3.1999999999999886,5547.040000000012,2022-04-04T11:31:00-04:00,0.0,2.4000000000000057,7147.039999999978,2022-04-04T16:00:00-04:00,0.0,8.099999999999994,-4252.960000000001,2022-04-05T16:00:00-04:00,0.0,,,2022-04-06T15:59:00-04:00,60.0,,,,,5.0,hit,5.0,hit,17.0,hit,140.0,hit,,never_hit,,never_hit,,never_hit,1550.0,hit,1586.0,hit,1586.0,hit,1627.0,hit,2880.0,hit,2880.0,hit,6.300000000000011,1,False,False,False,False,,,,True,True,True,False,3.8499999999999943,,,True,True,True,False,3.8499999999999943,,,True,True,True,False,3.8499999999999943,178.0,2022-04-04T12:29:00-04:00,2.9499999999999957,6047.039999999998,179.0,2022-04-04T12:30:00-04:00,2.9499999999999957,6047.039999999998,180.0,2022-04-04T12:31:00-04:00,2.9499999999999957,6047.039999999998,179.0,2022-04-04T12:30:00-04:00,2.9499999999999957,6047.039999999998,,,,,,,,,,,,,,,,,,,,,,,,,,,,,,,,,,,,,,,,,,,,,,,,,274
2022-04-04,2022-04-06,2,7.0,2022-04-04T09:31:00-04:00,7.050000000000011,NDXP  220406P14990000,NDXP  220406P14980000,development,False,False,0,0,1,135,0,1060,available,False,2022-04-04T09:31:00-04:00,2022-04-06T15:59:00-04:00,10.0,-6052.959999999977,1.0,last_observed_quote_not_settlement,1036.0,257,47,6.349999999999994,1147.0400000000348,2022-04-04T09:32:00-04:00,0.0,5.800000000000011,2247.040000000001,2022-04-04T09:33:00-04:00,0.0,7.049999999999983,-252.95999999994245,2022-04-04T09:36:00-04:00,0.0,4.549999999999997,4747.040000000029,2022-04-04T09:41:00-04:00,0.0,4.650000000000006,4547.040000000012,2022-04-04T09:46:00-04:00,0.0,4.050000000000011,5747.040000000001,2022-04-04T10:01:00-04:00,0.0,4.0,5847.040000000024,2022-04-04T10:31:00-04:00,0.0,3.200000000000003,7447.040000000018,2022-04-04T11:31:00-04:00,0.0,2.1999999999999957,9447.040000000034,2022-04-04T16:00:00-04:00,0.0,,,2022-04-05T15:59:00-04:00,60.0,,,2022-04-06T15:59:00-04:00,60.0,,,,,6.0,hit,10.0,hit,25.0,hit,122.0,hit,,never_hit,,never_hit,,never_hit,1613.0,hit,1761.0,hit,0.0,hit,1761.0,hit,1810.0,hit,2880.0,hit,7.050000000000011,0,True,False,False,False,,,,True,True,True,False,4.850000000000016,,,True,True,True,False,4.850000000000016,,,True,True,True,False,4.850000000000016,137.0,2022-04-04T11:48:00-04:00,2.8499999999999943,8147.0400000000345,138.0,2022-04-04T11:49:00-04:00,2.8500000000000014,8147.04000000002,142.0,2022-04-04T11:53:00-04:00,2.8999999999999986,8047.040000000026,138.0,2022-04-04T11:49:00-04:00,2.8500000000000014,8147.04000000002,,,,,,,,,,,,,,,,,,,,,,,,,,,,,,,,,,,,,,,,,,,,,,,,,275
2022-04-05,2022-04-08,3,5.0,2022-04-05T09:31:00-04:00,5.049999999999983,NDXP  220408P15140000,NDXP  220408P15130000,development,False,False,0,0,1,260,0,1341,available,False,2022-04-05T09:31:00-04:00,2022-04-08T16:00:00-04:00,10.0,-10052.960000000034,0.0,last_observed_quote_not_settlement,1038.0,1137,14,5.100000000000023,-352.9600000000789,2022-04-05T09:32:00-04:00,0.0,5.0,-152.9600000000334,2022-04-05T09:33:00-04:00,0.0,4.949999999999989,-52.96000000001066,2022-04-05T09:36:00-04:00,0.0,5.25,-652.9600000000335,2022-04-05T09:41:00-04:00,0.0,5.25,-652.9600000000335,2022-04-05T09:46:00-04:00,0.0,5.599999999999994,-1352.960000000022,2022-04-05T10:01:00-04:00,0.0,6.550000000000011,-3252.960000000056,2022-04-05T10:31:00-04:00,0.0,7.249999999999972,-4652.959999999976,2022-04-05T11:31:00-04:00,0.0,8.100000000000023,-6352.960000000081,2022-04-05T16:00:00-04:00,0.0,8.350000000000023,-6852.960000000081,2022-04-06T16:00:00-04:00,0.0,6.5499999999999545,-3252.9599999999423,2022-04-07T16:00:00-04:00,0.0,10.0,-10052.960000000034,2022-04-08T16:00:00-04:00,0.0,0.0,hit,2.0,hit,14.0,hit,,never_hit,,never_hit,,never_hit,,never_hit,3.0,hit,3.0,hit,21.0,hit,135.0,hit,281.0,hit,1440.0,hit,,,True,True,True,False,1.2499999999999716,,,True,True,True,False,1.2499999999999716,,,True,True,True,False,1.2499999999999716,,,True,True,True,False,1.2499999999999716,,,,,,,,,,,,,,,,,,,,,,,,,,,,,,,,,,,,,,,,,,,,,,,,,,,,,,,,,,,,,,,,,276
2022-04-05,2022-04-08,3,6.0,2022-04-05T09:31:00-04:00,6.049999999999983,NDXP  220408P15130000,NDXP  220408P15120000,development,False,False,0,0,1,216,0,1385,available,False,2022-04-05T09:31:00-04:00,2022-04-08T16:00:00-04:00,10.0,-8052.960000000034,0.0,last_observed_quote_not_settlement,1037.0,1174,15,5.149999999999977,1547.040000000012,2022-04-05T09:32:00-04:00,0.0,5.0499999999999545,1747.0400000000575,2022-04-05T09:33:00-04:00,0.0,4.75,2347.0399999999668,2022-04-05T09:36:00-04:00,0.0,4.249999999999972,3347.0400000000236,2022-04-05T09:41:00-04:00,0.0,6.099999999999994,-352.96000000002203,2022-04-05T09:46:00-04:00,0.0,4.849999999999994,2147.039999999978,2022-04-05T10:01:00-04:00,0.0,6.349999999999966,-852.9599999999652,2022-04-05T10:31:00-04:00,0.0,7.050000000000011,-2252.960000000056,2022-04-05T11:31:00-04:00,0.0,8.5,-5152.9600000000355,2022-04-05T16:00:00-04:00,0.0,,,2022-04-06T15:59:00-04:00,60.0,10.0,-8052.960000000034,2022-04-07T16:00:00-04:00,0.0,10.0,-8052.960000000034,2022-04-08T16:00:00-04:00,0.0,1.0,hit,3.0,hit,1782.0,hit,,never_hit,,never_hit,,never_hit,,never_hit,14.0,hit,47.0,hit,47.0,hit,116.0,hit,387.0,hit,1443.0,hit,,,True,True,True,False,2.049999999999983,,,True,True,True,False,2.049999999999983,,,True,True,True,False,2.049999999999983,,,True,True,True,False,2.049999999999983,,,,,,,,,,,,,,,,,,,,,,,,,,,,,,,,,,,,,,,,,,,,,,,,,,,,,,,,,,,,,,,,,277
2022-04-05,2022-04-08,3,7.0,2022-04-05T09:31:00-04:00,6.999999999999972,NDXP  220408P15300000,NDXP  220408P15290000,development,False,False,0,0,1,414,0,1187,available,False,2022-04-05T09:31:00-04:00,2022-04-08T16:00:00-04:00,6.399999999999864,947.0400000002167,0.0,last_observed_quote_not_settlement,1038.0,896,19,6.950000000000017,-152.96000000009025,2022-04-05T09:32:00-04:00,0.0,7.0,-252.96000000005614,2022-04-05T09:33:00-04:00,0.0,6.899999999999977,-52.96000000001066,2022-04-05T09:36:00-04:00,0.0,6.849999999999994,47.039999999955235,2022-04-05T09:41:00-04:00,0.0,7.25,-752.9600000000562,2022-04-05T09:46:00-04:00,0.0,7.600000000000023,-1452.9600000001017,2022-04-05T10:01:00-04:00,0.0,8.250000000000057,-2752.9600000001715,2022-04-05T10:31:00-04:00,0.0,8.800000000000011,-3852.9600000000805,2022-04-05T11:31:00-04:00,0.0,,,2022-04-05T15:59:00-04:00,60.0,9.699999999999932,-5652.959999999922,2022-04-06T16:00:00-04:00,0.0,,,2022-04-07T15:59:00-04:00,60.0,6.399999999999864,947.0400000002167,2022-04-08T16:00:00-04:00,0.0,1480.0,hit,1480.0,hit,1480.0,hit,,never_hit,,never_hit,,never_hit,,never_hit,14.0,hit,14.0,hit,2.0,hit,14.0,hit,71.0,hit,82.0,hit,,,True,True,True,False,3.6500000000000625,,,True,True,True,False,3.6500000000000625,,,True,True,True,False,3.6500000000000625,,,True,True,True,False,3.6500000000000625,,,,,,,,,,,,,,,,,,,,,,,,,,,,,,,,,,,,,,,,,,,,,,,,,,,,,,,,,,,,,,,,,278
2022-04-06,2022-04-08,2,5.0,2022-04-06T09:31:00-04:00,4.949999999999989,NDXP  220408P14680000,NDXP  220408P14670000,development,False,False,0,0,1,42,0,1156,available,False,2022-04-06T09:31:00-04:00,2022-04-08T16:00:00-04:00,10.0,-10252.960000000021,0.0,last_observed_quote_not_settlement,1036.0,1118,10,5.149999999999977,-652.9599999999766,2022-04-06T09:32:00-04:00,0.0,6.350000000000023,-3052.9600000000673,2022-04-06T09:33:00-04:00,0.0,5.699999999999989,-1752.9599999999994,2022-04-06T09:36:00-04:00,0.0,6.399999999999977,-3152.9599999999764,2022-04-06T09:41:00-04:00,0.0,6.150000000000034,-2652.96000000009,2022-04-06T09:46:00-04:00,0.0,7.150000000000006,-4652.960000000034,2022-04-06T10:01:00-04:00,0.0,7.149999999999977,-4652.959999999976,2022-04-06T10:31:00-04:00,0.0,7.099999999999994,-4552.960000000011,2022-04-06T11:31:00-04:00,0.0,7.449999999999989,-5252.959999999999,2022-04-06T16:00:00-04:00,0.0,7.449999999999989,-5252.959999999999,2022-04-07T16:00:00-04:00,0.0,10.0,-10252.960000000021,2022-04-08T16:00:00-04:00,0.0,,,,,0.0,hit,0.0,hit,346.0,hit,,never_hit,,never_hit,,never_hit,,never_hit,2.0,hit,2.0,hit,30.0,hit,109.0,hit,1519.0,hit,1519.0,hit,,,True,True,True,False,1.84999999999998,,,True,True,True,False,1.84999999999998,,,True,True,True,False,1.84999999999998,,,True,True,True,False,1.84999999999998,,,,,,,,,,,,,,,,,,,,,,,,,,,,,,,,,,,,,,,,,,,,,,,,,,,,,,,,,,,,,,,,,279
2022-04-06,2022-04-08,2,6.0,2022-04-06T09:31:00-04:00,5.949999999999989,NDXP  220408P14710000,NDXP  220408P14700000,development,False,False,0,0,0,53,0,1145,available,False,2022-04-06T09:31:00-04:00,2022-04-08T16:00:00-04:00,10.0,-8252.960000000021,0.0,last_observed_quote_not_settlement,1036.0,1080,22,6.300000000000011,-952.9600000000448,2022-04-06T09:32:00-04:00,0.0,6.100000000000023,-552.9600000000676,2022-04-06T09:33:00-04:00,0.0,6.449999999999989,-1252.9599999999994,2022-04-06T09:36:00-04:00,0.0,5.849999999999994,-52.96000000001066,2022-04-06T09:41:00-04:00,0.0,6.599999999999966,-1552.9599999999539,2022-04-06T09:46:00-04:00,0.0,7.100000000000023,-2552.9600000000673,2022-04-06T10:01:00-04:00,0.0,7.550000000000011,-3452.9600000000446,2022-04-06T10:31:00-04:00,0.0,7.199999999999932,-2752.9599999998854,2022-04-06T11:31:00-04:00,0.0,7.25,-2852.960000000022,2022-04-06T16:00:00-04:00,0.0,8.400000000000006,-5152.9600000000355,2022-04-07T16:00:00-04:00,0.0,10.0,-8252.960000000021,2022-04-08T16:00:00-04:00,0.0,,,,,1788.0,hit,,never_hit,,never_hit,,never_hit,,never_hit,,never_hit,,never_hit,4.0,hit,9.0,hit,9.0,hit,31.0,hit,398.0,hit,1572.0,hit,,,True,True,True,False,0.8000000000000114,,,True,True,True,False,0.8000000000000114,,,True,True,True,False,0.8000000000000114,,,True,True,True,False,0.8000000000000114,,,,,,,,,,,,,,,,,,,,,,,,,,,,,,,,,,,,,,,,,,,,,,,,,,,,,,,,,,,,,,,,,280
2022-04-06,2022-04-08,2,7.0,2022-04-06T09:31:00-04:00,6.800000000000068,NDXP  220408P14880000,NDXP  220408P14870000,development,False,False,0,0,0,170,0,1028,available,False,2022-04-06T09:31:00-04:00,2022-04-08T15:51:00-04:00,6.149999999999977,1047.0400000001825,9.0,last_observed_quote_not_settlement,1036.0,901,23,7.899999999999977,-2452.9599999998172,2022-04-06T09:32:00-04:00,0.0,8.049999999999955,-2752.9599999997736,2022-04-06T09:33:00-04:00,0.0,8.099999999999966,-2852.9599999997963,2022-04-06T09:36:00-04:00,0.0,7.7000000000000455,-2052.9599999999537,2022-04-06T09:41:00-04:00,0.0,8.150000000000034,-2952.9599999999327,2022-04-06T09:46:00-04:00,0.0,8.150000000000034,-2952.9599999999327,2022-04-06T10:01:00-04:00,0.0,7.850000000000023,-2352.959999999908,2022-04-06T10:31:00-04:00,0.0,8.149999999999977,-2952.959999999819,2022-04-06T11:31:00-04:00,0.0,9.399999999999977,-5452.959999999819,2022-04-06T16:00:00-04:00,0.0,8.799999999999955,-4252.959999999774,2022-04-07T16:00:00-04:00,0.0,,,2022-04-08T15:51:00-04:00,540.0,,,,,41.0,hit,41.0,hit,,never_hit,,never_hit,,never_hit,,never_hit,,never_hit,1.0,hit,1.0,hit,1.0,hit,2.0,hit,9.0,hit,103.0,hit,,,True,True,True,False,2.4500000000000455,,,True,True,True,False,2.4500000000000455,,,True,True,True,False,2.4500000000000455,,,True,True,True,False,2.4500000000000455,,,,,,,,,,,,,,,,,,,,,,,,,,,,,,,,,,,,,,,,,,,,,,,,,,,,,,,,,,,,,,,,,281
2022-04-08,2022-04-11,3,5.0,2022-04-08T09:31:00-04:00,5.100000000000023,NDXP  220411P14510000,NDXP  220411P14500000,development,False,False,0,0,0,113,0,682,available,False,2022-04-08T09:31:00-04:00,2022-04-11T16:00:00-04:00,9.500000000000057,-9052.960000000068,0.0,last_observed_quote_not_settlement,3916.0,588,34,5.150000000000006,-352.9599999999652,2022-04-08T09:32:00-04:00,0.0,5.75,-1552.9599999999539,2022-04-08T09:33:00-04:00,0.0,6.0,-2052.9599999999537,2022-04-08T09:36:00-04:00,0.0,6.649999999999977,-3352.959999999908,2022-04-08T09:41:00-04:00,0.0,5.200000000000017,-452.95999999998793,2022-04-08T09:46:00-04:00,0.0,6.999999999999972,-4052.959999999897,2022-04-08T10:01:00-04:00,0.0,6.199999999999989,-2452.959999999931,2022-04-08T10:31:00-04:00,0.0,5.999999999999972,-2052.959999999897,2022-04-08T11:31:00-04:00,0.0,6.850000000000023,-3752.959999999999,2022-04-08T16:00:00-04:00,0.0,,,2022-04-08T16:15:00-04:00,85500.0,,,2022-04-08T16:15:00-04:00,171900.0,9.500000000000057,-9052.960000000068,2022-04-11T16:00:00-04:00,0.0,0.0,hit,91.0,hit,4699.0,hit,4699.0,hit,4699.0,hit,4699.0,hit,4699.0,hit,2.0,hit,3.0,hit,3.0,hit,35.0,hit,4320.0,hit,4320.0,hit,10.0,585,True,True,True,True,,10.0,585,True,True,True,True,,10.0,585,True,True,True,True,,10.0,585,True,True,True,True,,4699.0,2022-04-11T15:50:00-04:00,0.14999999999997726,9647.040000000092,,,,,,,,,,,,,4699.0,2022-04-11T15:50:00-04:00,0.14999999999997726,9647.040000000092,,,,,,,,,,,,,4699.0,2022-04-11T15:50:00-04:00,0.14999999999997726,9647.040000000092,,,,,,,,,,,,,4699.0,2022-04-11T15:50:00-04:00,0.14999999999997726,9647.040000000092,,,,,,,,,,,,,282
2022-04-08,2022-04-11,3,6.0,2022-04-08T09:31:00-04:00,6.0,NDXP  220411P14500000,NDXP  220411P14490000,development,False,False,0,0,0,98,0,697,available,False,2022-04-08T09:31:00-04:00,2022-04-11T15:58:00-04:00,9.550000000000011,-7352.960000000024,2.0,last_observed_quote_not_settlement,3916.0,477,44,6.5,-1252.9599999999994,2022-04-08T09:32:00-04:00,0.0,5.550000000000011,647.0399999999779,2022-04-08T09:33:00-04:00,0.0,5.450000000000017,847.0399999999665,2022-04-08T09:36:00-04:00,0.0,6.800000000000011,-1852.960000000022,2022-04-08T09:41:00-04:00,0.0,6.149999999999977,-552.9599999999539,2022-04-08T09:46:00-04:00,0.0,6.900000000000006,-2052.9600000000105,2022-04-08T10:01:00-04:00,0.0,6.199999999999989,-652.9599999999766,2022-04-08T10:31:00-04:00,0.0,6.0,-252.9599999999993,2022-04-08T11:31:00-04:00,0.0,8.75,-5752.960000000001,2022-04-08T16:00:00-04:00,0.0,,,2022-04-08T16:15:00-04:00,85500.0,,,2022-04-08T16:15:00-04:00,171900.0,,,2022-04-11T15:58:00-04:00,120.0,5.0,hit,92.0,hit,,never_hit,,never_hit,,never_hit,,never_hit,,never_hit,1.0,hit,22.0,hit,22.0,hit,369.0,hit,4320.0,hit,4320.0,hit,,,True,True,True,False,1.700000000000017,,,True,True,True,False,1.700000000000017,,,True,True,True,False,1.700000000000017,,,True,True,True,False,1.700000000000017,,,,,,,,,,,,,,,,,,,,,,,,,,,,,,,,,,,,,,,,,,,,,,,,,,,,,,,,,,,,,,,,,283
2022-04-08,2022-04-11,3,7.0,2022-04-08T09:31:00-04:00,6.850000000000023,NDXP  220411P14610000,NDXP  220411P14600000,development,False,False,0,0,0,142,0,653,available,False,2022-04-08T09:31:00-04:00,2022-04-11T15:56:00-04:00,9.649999999999977,-5852.95999999991,4.0,last_observed_quote_not_settlement,3917.0,525,41,6.500000000000028,447.03999999998933,2022-04-08T09:32:00-04:00,0.0,6.300000000000011,847.0400000000234,2022-04-08T09:33:00-04:00,0.0,7.2999999999999545,-1152.959999999863,2022-04-08T09:36:00-04:00,0.0,7.800000000000068,-2152.96000000009,2022-04-08T09:41:00-04:00,0.0,7.099999999999966,-752.9599999998857,2022-04-08T09:46:00-04:00,0.0,8.25,-3052.9599999999555,2022-04-08T10:01:00-04:00,0.0,7.450000000000017,-1452.959999999988,2022-04-08T10:31:00-04:00,0.0,7.350000000000023,-1252.9599999999994,2022-04-08T11:31:00-04:00,0.0,8.849999999999966,-4252.959999999887,2022-04-08T16:00:00-04:00,0.0,,,2022-04-08T16:15:00-04:00,85500.0,,,2022-04-08T16:15:00-04:00,171900.0,,,2022-04-11T15:56:00-04:00,240.0,176.0,hit,,never_hit,,never_hit,,never_hit,,never_hit,,never_hit,,never_hit,6.0,hit,11.0,hit,3.0,hit,21.0,hit,47.0,hit,379.0,hit,,,True,True,True,False,1.700000000000017,,,True,True,True,False,1.700000000000017,,,True,True,True,False,1.700000000000017,,,True,True,True,False,1.700000000000017,,,,,,,,,,,,,,,,,,,,,,,,,,,,,,,,,,,,,,,,,,,,,,,,,,,,,,,,,,,,,,,,,284
2022-04-11,2022-04-13,2,5.0,2022-04-11T09:31:00-04:00,4.950000000000017,NDXP  220413P14200000,NDXP  220413P14190000,development,False,False,0,0,0,3,0,1197,available,False,2022-04-11T09:31:00-04:00,2022-04-13T16:00:00-04:00,0.25,9147.040000000035,0.0,last_observed_quote_not_settlement,1036.0,992,119,4.650000000000006,347.04000000002344,2022-04-11T09:32:00-04:00,0.0,5.400000000000034,-1152.9600000000335,2022-04-11T09:33:00-04:00,0.0,4.899999999999977,-152.95999999991972,2022-04-11T09:36:00-04:00,0.0,5.799999999999983,-1952.9599999999311,2022-04-11T09:41:00-04:00,0.0,5.150000000000006,-652.9599999999766,2022-04-11T09:46:00-04:00,0.0,5.699999999999989,-1752.9599999999425,2022-04-11T10:01:00-04:00,0.0,6.049999999999983,-2452.959999999931,2022-04-11T10:31:00-04:00,0.0,6.0,-2352.959999999965,2022-04-11T11:31:00-04:00,0.0,6.7999999999999545,-3952.959999999874,2022-04-11T16:00:00-04:00,0.0,8.749999999999943,-7852.959999999854,2022-04-12T16:00:00-04:00,0.0,0.25,9147.040000000035,2022-04-13T16:00:00-04:00,0.0,,,,,0.0,hit,0.0,hit,18.0,hit,3222.0,hit,3234.0,hit,3242.0,hit,3245.0,hit,4.0,hit,48.0,hit,89.0,hit,1711.0,hit,1757.0,hit,1771.0,hit,10.0,992,True,True,True,True,,10.0,992,True,True,True,True,,10.0,992,True,True,True,True,,10.0,992,True,True,True,True,,3222.0,2022-04-13T15:13:00-04:00,2.6999999999999993,4247.040000000036,3223.0,2022-04-13T15:14:00-04:00,2.9000000000000004,3847.040000000034,3227.0,2022-04-13T15:18:00-04:00,2.4000000000000012,4847.040000000033,3223.0,2022-04-13T15:14:00-04:00,2.9000000000000004,3847.040000000034,3234.0,2022-04-13T15:25:00-04:00,1.8999999999999995,5847.040000000035,3241.0,2022-04-13T15:32:00-04:00,1.2249999999999996,7197.040000000035,3242.0,2022-04-13T15:33:00-04:00,0.9000000000000004,7847.0400000000345,3235.0,2022-04-13T15:26:00-04:00,2.0999999999999996,5447.040000000035,3242.0,2022-04-13T15:33:00-04:00,0.9000000000000004,7847.0400000000345,3243.0,2022-04-13T15:34:00-04:00,0.75,8147.0400000000345,3244.0,2022-04-13T15:35:00-04:00,0.7750000000000001,8097.0400000000345,3243.0,2022-04-13T15:34:00-04:00,0.75,8147.0400000000345,3245.0,2022-04-13T15:36:00-04:00,0.40000000000000013,8847.040000000035,3257.0,2022-04-13T15:48:00-04:00,0.125,9397.040000000035,3258.0,2022-04-13T15:49:00-04:00,0.32499999999999996,8997.040000000035,3246.0,2022-04-13T15:37:00-04:00,0.9999999999999996,7647.0400000000345,285
2022-04-11,2022-04-13,2,6.0,2022-04-11T09:31:00-04:00,6.050000000000011,NDXP  220413P14300000,NDXP  220413P14290000,development,False,False,0,0,0,20,0,1180,available,False,2022-04-11T09:31:00-04:00,2022-04-13T15:59:00-04:00,9.899999999999991,-7952.959999999961,1.0,last_observed_quote_not_settlement,1036.0,1101,32,6.5,-1152.9599999999766,2022-04-11T09:32:00-04:00,0.0,6.949999999999989,-2052.9599999999537,2022-04-11T09:33:00-04:00,0.0,6.450000000000017,-1052.9600000000107,2022-04-11T09:36:00-04:00,0.0,6.100000000000023,-352.96000000002203,2022-04-11T09:41:00-04:00,0.0,6.75,-1652.9599999999766,2022-04-11T09:46:00-04:00,0.0,7.099999999999994,-2352.959999999965,2022-04-11T10:01:00-04:00,0.0,6.949999999999989,-2052.9599999999537,2022-04-11T10:31:00-04:00,0.0,7.699999999999932,-3552.95999999984,2022-04-11T11:31:00-04:00,0.0,7.75,-3652.9599999999764,2022-04-11T16:00:00-04:00,0.0,9.549999999999955,-7252.959999999887,2022-04-12T16:00:00-04:00,0.0,,,2022-04-13T15:59:00-04:00,60.0,,,,,14.0,hit,1471.0,hit,,never_hit,,never_hit,,never_hit,,never_hit,,never_hit,2.0,hit,13.0,hit,13.0,hit,128.0,hit,385.0,hit,1720.0,hit,,,True,True,True,False,1.3000000000000114,,,True,True,True,False,1.3000000000000114,,,True,True,True,False,1.3000000000000114,,,True,True,True,False,1.3000000000000114,,,,,,,,,,,,,,,,,,,,,,,,,,,,,,,,,,,,,,,,,,,,,,,,,,,,,,,,,,,,,,,,,286
2022-04-11,2022-04-13,2,7.0,2022-04-11T09:31:00-04:00,6.9500000000000455,NDXP  220413P14370000,NDXP  220413P14360000,development,False,False,0,0,0,38,0,1162,available,False,2022-04-11T09:31:00-04:00,2022-04-13T16:00:00-04:00,10.0,-6252.959999999909,0.0,last_observed_quote_not_settlement,1036.0,1056,56,6.399999999999977,847.0400000001371,2022-04-11T09:32:00-04:00,0.0,7.25,-852.9599999999084,2022-04-11T09:33:00-04:00,0.0,7.199999999999989,-752.9599999998857,2022-04-11T09:36:00-04:00,0.0,7.7999999999999545,-1952.9599999998175,2022-04-11T09:41:00-04:00,0.0,6.849999999999966,-52.95999999984013,2022-04-11T09:46:00-04:00,0.0,7.949999999999989,-2252.9599999998854,2022-04-11T10:01:00-04:00,0.0,7.949999999999932,-2252.9599999997718,2022-04-11T10:31:00-04:00,0.0,8.100000000000023,-2552.9599999999555,2022-04-11T11:31:00-04:00,0.0,8.300000000000011,-2952.9599999999327,2022-04-11T16:00:00-04:00,0.0,,,2022-04-12T15:59:00-04:00,60.0,10.0,-6252.959999999909,2022-04-13T16:00:00-04:00,0.0,,,,,3.0,hit,3.0,hit,1827.0,hit,,never_hit,,never_hit,,never_hit,,never_hit,10.0,hit,27.0,hit,2.0,hit,27.0,hit,160.0,hit,363.0,hit,,,True,True,True,False,3.6499999999999773,,,True,True,True,False,3.6499999999999773,,,True,True,True,False,3.6499999999999773,,,True,True,True,False,3.6499999999999773,,,,,,,,,,,,,,,,,,,,,,,,,,,,,,,,,,,,,,,,,,,,,,,,,,,,,,,,,,,,,,,,,287
2022-04-18,2022-04-20,2,5.0,2022-04-18T09:31:00-04:00,5.0,NDXP  220420P13940000,NDXP  220420P13930000,development,False,False,0,0,0,1,0,1199,available,False,2022-04-18T09:31:00-04:00,2022-04-20T16:00:00-04:00,4.35,1047.0400000000013,0.0,last_observed_quote_not_settlement,1036.0,198,67,4.749999999999972,247.04000000005752,2022-04-18T09:32:00-04:00,0.0,4.75,247.04000000000067,2022-04-18T09:33:00-04:00,0.0,5.949999999999989,-2152.9599999999764,2022-04-18T09:36:00-04:00,0.0,5.400000000000006,-1052.9600000000107,2022-04-18T09:41:00-04:00,0.0,5.449999999999989,-1152.9599999999766,2022-04-18T09:46:00-04:00,0.0,5.600000000000023,-1452.9600000000448,2022-04-18T10:01:00-04:00,0.0,4.200000000000003,1347.039999999995,2022-04-18T10:31:00-04:00,0.0,4.799999999999983,147.0400000000348,2022-04-18T11:31:00-04:00,0.0,5.099999999999994,-452.95999999998793,2022-04-18T16:00:00-04:00,0.0,,,2022-04-19T15:59:00-04:00,60.0,4.35,1047.0400000000013,2022-04-20T16:00:00-04:00,0.0,,,,,0.0,hit,0.0,hit,3.0,hit,3.0,hit,1516.0,hit,1778.0,hit,2880.0,hit,5.0,hit,21.0,hit,233.0,hit,376.0,hit,3259.0,hit,,never_hit,5.0,0,False,False,False,False,,8.100000000000023,197,True,True,False,False,,8.100000000000023,197,True,True,False,False,,8.100000000000023,197,True,True,False,False,,3.0,2022-04-18T09:34:00-04:00,2.75,4247.040000000001,1482.0,2022-04-19T10:13:00-04:00,2.8999999999999915,3947.0400000000177,1488.0,2022-04-19T10:19:00-04:00,2.5,4747.040000000001,4.0,2022-04-18T09:35:00-04:00,3.9999999999999716,1747.0400000000575,1517.0,2022-04-19T10:48:00-04:00,1.9000000000000057,5947.039999999989,1545.0,2022-04-19T11:16:00-04:00,1.8500000000000014,6047.039999999998,1546.0,2022-04-19T11:17:00-04:00,1.9000000000000057,5947.039999999989,1518.0,2022-04-19T10:49:00-04:00,2.1000000000000014,5547.039999999998,1799.0,2022-04-19T15:30:00-04:00,0.9000000000000021,7947.039999999996,1821.0,2022-04-19T15:52:00-04:00,0.7999999999999972,8147.040000000007,1822.0,2022-04-19T15:53:00-04:00,0.9000000000000004,7947.04,1800.0,2022-04-19T15:31:00-04:00,1.3999999999999986,6947.040000000004,2880.0,2022-04-20T09:31:00-04:00,0.3250000000000002,9097.04,2881.0,2022-04-20T09:32:00-04:00,0.39999999999999947,8947.040000000003,3252.0,2022-04-20T15:43:00-04:00,0.17500000000000004,9397.040000000003,2881.0,2022-04-20T09:32:00-04:00,0.39999999999999947,8947.040000000003,288
2022-04-18,2022-04-20,2,6.0,2022-04-18T09:31:00-04:00,6.050000000000011,NDXP  220420P14030000,NDXP  220420P14020000,development,False,False,0,0,0,1,0,1199,available,False,2022-04-18T09:31:00-04:00,2022-04-20T16:00:00-04:00,9.949999999999996,-8052.95999999997,0.0,last_observed_quote_not_settlement,1037.0,232,62,5.799999999999983,247.04000000005752,2022-04-18T09:32:00-04:00,0.0,5.900000000000006,47.04000000001208,2022-04-18T09:33:00-04:00,0.0,5.650000000000006,547.040000000012,2022-04-18T09:36:00-04:00,0.0,6.449999999999989,-1052.9599999999539,2022-04-18T09:41:00-04:00,0.0,5.900000000000006,47.04000000001208,2022-04-18T09:46:00-04:00,0.0,6.399999999999977,-952.9599999999311,2022-04-18T10:01:00-04:00,0.0,5.150000000000006,1547.040000000012,2022-04-18T10:31:00-04:00,0.0,6.249999999999972,-652.9599999999198,2022-04-18T11:31:00-04:00,0.0,6.099999999999994,-352.9599999999652,2022-04-18T16:00:00-04:00,0.0,1.9500000000000028,7947.040000000018,2022-04-19T16:00:00-04:00,0.0,9.949999999999996,-8052.95999999997,2022-04-20T16:00:00-04:00,0.0,,,,,8.0,hit,27.0,hit,297.0,hit,1513.0,hit,1784.0,hit,2881.0,hit,3259.0,hit,12.0,hit,12.0,hit,12.0,hit,3204.0,hit,3266.0,hit,3266.0,hit,7.7000000000000455,207,True,False,False,False,,7.7000000000000455,207,True,False,False,False,,7.7000000000000455,207,True,False,False,False,,8.200000000000003,227,True,True,False,False,,1513.0,2022-04-19T10:44:00-04:00,2.9000000000000057,6047.040000000012,1516.0,2022-04-19T10:47:00-04:00,2.8500000000000014,6147.040000000021,1517.0,2022-04-19T10:48:00-04:00,2.8500000000000014,6147.040000000021,1514.0,2022-04-19T10:45:00-04:00,2.950000000000003,5947.040000000018,1784.0,2022-04-19T15:15:00-04:00,1.9499999999999957,7947.040000000032,1785.0,2022-04-19T15:16:00-04:00,1.8999999999999986,8047.040000000026,1786.0,2022-04-19T15:17:00-04:00,1.8999999999999986,8047.040000000026,1785.0,2022-04-19T15:16:00-04:00,1.8999999999999986,8047.040000000026,3259.0,2022-04-20T15:50:00-04:00,0.0,11847.040000000025,,,,,,,,,3260.0,2022-04-20T15:51:00-04:00,3.8000000000000007,4247.040000000022,3259.0,2022-04-20T15:50:00-04:00,0.0,11847.040000000025,,,,,,,,,3260.0,2022-04-20T15:51:00-04:00,3.8000000000000007,4247.040000000022,289
2022-04-18,2022-04-20,2,7.0,2022-04-18T09:31:00-04:00,7.0,NDXP  220420P14110000,NDXP  220420P14100000,development,False,False,0,0,0,2,0,1198,available,False,2022-04-18T09:31:00-04:00,2022-04-20T16:00:00-04:00,9.950000000000003,-6152.96,0.0,last_observed_quote_not_settlement,1036.0,380,120,6.699999999999989,347.04000000002344,2022-04-18T09:32:00-04:00,0.0,6.550000000000068,647.0399999998642,2022-04-18T09:33:00-04:00,0.0,7.050000000000011,-352.96000000002203,2022-04-18T09:36:00-04:00,0.0,6.800000000000011,147.03999999997797,2022-04-18T09:41:00-04:00,0.0,6.949999999999932,-152.95999999986287,2022-04-18T09:46:00-04:00,0.0,7.7999999999999545,-1852.9599999999084,2022-04-18T10:01:00-04:00,0.0,6.150000000000034,1447.0399999999324,2022-04-18T10:31:00-04:00,0.0,6.949999999999989,-152.95999999997656,2022-04-18T11:31:00-04:00,0.0,6.800000000000011,147.03999999997797,2022-04-18T16:00:00-04:00,0.0,2.6999999999999957,8347.04000000001,2022-04-19T16:00:00-04:00,0.0,9.950000000000003,-6152.96,2022-04-20T16:00:00-04:00,0.0,,,,,23.0,hit,23.0,hit,1513.0,hit,1778.0,hit,2880.0,hit,,never_hit,,never_hit,7.0,hit,110.0,hit,0.0,hit,110.0,hit,3194.0,hit,3202.0,hit,8.899999999999977,220,True,True,False,False,,8.899999999999977,221,True,True,False,False,,,,True,True,True,False,5.5,,,True,True,True,False,5.5,1778.0,2022-04-19T15:09:00-04:00,2.8999999999999915,7947.040000000018,1786.0,2022-04-19T15:17:00-04:00,2.8499999999999943,8047.040000000012,1790.0,2022-04-19T15:21:00-04:00,2.8999999999999986,7947.040000000004,1779.0,2022-04-19T15:10:00-04:00,3.450000000000003,6847.039999999995,2880.0,2022-04-20T09:31:00-04:00,1.7000000000000028,10347.039999999995,,,,,,,,,2881.0,2022-04-20T09:32:00-04:00,2.1499999999999986,9447.040000000005,,,,,,,,,,,,,,,,,,,,,,,,,,,,,,,,,290
2022-04-19,2022-04-22,3,5.0,2022-04-19T09:31:00-04:00,4.899999999999977,NDXP  220422P14030000,NDXP  220422P14020000,development,False,False,0,0,0,75,0,1530,available,False,2022-04-19T09:31:00-04:00,2022-04-22T16:00:00-04:00,10.0,-10352.960000000045,0.0,last_observed_quote_not_settlement,1036.0,583,66,6.099999999999994,-2652.9600000000332,2022-04-19T09:32:00-04:00,0.0,5.699999999999989,-1852.960000000022,2022-04-19T09:33:00-04:00,0.0,5.550000000000011,-1552.9600000000676,2022-04-19T09:36:00-04:00,0.0,6.350000000000023,-3152.96000000009,2022-04-19T09:41:00-04:00,0.0,5.5,-1452.9600000000448,2022-04-19T09:46:00-04:00,0.0,6.0,-2452.9600000000446,2022-04-19T10:01:00-04:00,0.0,4.050000000000011,1447.0399999999324,2022-04-19T10:31:00-04:00,0.0,3.3000000000000114,2947.0399999999327,2022-04-19T11:31:00-04:00,0.0,2.75,4047.0399999999554,2022-04-19T16:00:00-04:00,0.0,4.849999999999994,-152.9600000000334,2022-04-20T16:00:00-04:00,0.0,8.900000000000091,-8252.960000000228,2022-04-21T16:00:00-04:00,0.0,10.0,-10352.960000000045,2022-04-22T16:00:00-04:00,0.0,0.0,hit,0.0,hit,41.0,hit,134.0,hit,2884.0,hit,,never_hit,,never_hit,1.0,hit,1.0,hit,3066.0,hit,3147.0,hit,3169.0,hit,3206.0,hit,6.949999999999989,26,False,False,False,False,,6.949999999999989,63,False,False,False,False,,,,True,True,True,False,3.4499999999999815,,,True,True,True,False,3.4499999999999815,134.0,2022-04-19T11:45:00-04:00,2.9499999999999886,3647.039999999978,347.0,2022-04-19T15:18:00-04:00,2.799999999999997,3947.039999999961,348.0,2022-04-19T15:19:00-04:00,2.8499999999999943,3847.0399999999668,135.0,2022-04-19T11:46:00-04:00,3.1000000000000085,3347.039999999938,2885.0,2022-04-21T09:36:00-04:00,1.9000000000000057,5747.039999999944,2886.0,2022-04-21T09:37:00-04:00,1.8499999999999943,5847.039999999966,2901.0,2022-04-21T09:52:00-04:00,1.750000000000007,6047.039999999941,2886.0,2022-04-21T09:37:00-04:00,1.8499999999999943,5847.039999999966,,,,,,,,,,,,,,,,,,,,,,,,,,,,,,,,,291
2022-04-19,2022-04-22,3,6.0,2022-04-19T09:31:00-04:00,6.0,NDXP  220422P13970000,NDXP  220422P13960000,development,False,False,0,0,0,80,0,1525,available,False,2022-04-19T09:31:00-04:00,2022-04-22T15:59:00-04:00,10.0,-8152.96,1.0,last_observed_quote_not_settlement,1036.0,403,42,5.299999999999983,1147.0400000000348,2022-04-19T09:32:00-04:00,0.0,5.400000000000006,947.0399999999893,2022-04-19T09:33:00-04:00,0.0,5.200000000000017,1347.0399999999665,2022-04-19T09:36:00-04:00,0.0,5.0,1747.0400000000006,2022-04-19T09:41:00-04:00,0.0,5.200000000000017,1347.0399999999665,2022-04-19T09:46:00-04:00,0.0,4.350000000000023,3047.0399999999554,2022-04-19T10:01:00-04:00,0.0,3.5,4747.040000000001,2022-04-19T10:31:00-04:00,0.0,2.8499999999999943,6047.040000000012,2022-04-19T11:31:00-04:00,0.0,2.1500000000000057,7447.039999999989,2022-04-19T16:00:00-04:00,0.0,3.9000000000000057,3947.0399999999895,2022-04-20T16:00:00-04:00,0.0,9.199999999999989,-6652.959999999978,2022-04-21T16:00:00-04:00,0.0,,,2022-04-22T15:59:00-04:00,60.0,1.0,hit,3.0,hit,3.0,hit,73.0,hit,379.0,hit,,never_hit,,never_hit,11.0,hit,3056.0,hit,3056.0,hit,3101.0,hit,3204.0,hit,3204.0,hit,6.599999999999994,1,False,False,False,False,,6.599999999999994,1,False,False,False,False,,,,True,True,True,False,4.699999999999999,,,True,True,True,False,4.699999999999999,79.0,2022-04-19T10:50:00-04:00,2.9000000000000057,5947.039999999989,112.0,2022-04-19T11:23:00-04:00,2.8999999999999915,5947.040000000018,113.0,2022-04-19T11:24:00-04:00,2.9000000000000057,5947.039999999989,80.0,2022-04-19T10:51:00-04:00,3.0,5747.040000000001,1441.0,2022-04-20T09:32:00-04:00,1.6499999999999986,8447.040000000005,2882.0,2022-04-21T09:33:00-04:00,1.6500000000000021,8447.039999999997,2883.0,2022-04-21T09:34:00-04:00,1.4500000000000028,8847.039999999995,1442.0,2022-04-20T09:33:00-04:00,2.249999999999993,7247.0400000000145,,,,,,,,,,,,,,,,,,,,,,,,,,,,,,,,,292
2022-04-19,2022-04-22,3,7.0,2022-04-19T09:31:00-04:00,7.050000000000011,NDXP  220422P14140000,NDXP  220422P14130000,development,False,False,0,0,0,152,0,1453,available,False,2022-04-19T09:31:00-04:00,2022-04-22T15:59:00-04:00,5.5,2847.0400000000236,1.0,last_observed_quote_not_settlement,1036.0,407,44,7.050000000000011,-252.9599999999993,2022-04-19T09:32:00-04:00,0.0,7.5,-1152.9599999999766,2022-04-19T09:33:00-04:00,0.0,7.099999999999966,-352.95999999990835,2022-04-19T09:36:00-04:00,0.0,7.5499999999999545,-1252.9599999998857,2022-04-19T09:41:00-04:00,0.0,6.899999999999977,47.04000000006892,2022-04-19T09:46:00-04:00,0.0,5.750000000000028,2347.0399999999668,2022-04-19T10:01:00-04:00,0.0,4.150000000000006,5547.040000000012,2022-04-19T10:31:00-04:00,0.0,4.199999999999989,5447.040000000046,2022-04-19T11:31:00-04:00,0.0,2.950000000000003,7947.040000000018,2022-04-19T16:00:00-04:00,0.0,6.25,1347.0400000000234,2022-04-20T16:00:00-04:00,0.0,8.849999999999966,-3852.95999999991,2022-04-21T16:00:00-04:00,0.0,,,2022-04-22T15:59:00-04:00,60.0,25.0,hit,43.0,hit,129.0,hit,389.0,hit,,never_hit,,never_hit,,never_hit,8.0,hit,3017.0,hit,0.0,hit,8.0,hit,3093.0,hit,3159.0,hit,8.0,6,True,True,False,False,,,,True,True,True,False,4.600000000000023,,,True,True,True,False,4.600000000000023,,,True,True,True,False,4.600000000000023,1440.0,2022-04-20T09:31:00-04:00,2.6999999999999886,8447.040000000046,2902.0,2022-04-21T09:53:00-04:00,2.9000000000000057,8047.040000000012,,,,,1441.0,2022-04-20T09:32:00-04:00,3.5999999999999943,6647.0400000000345,,,,,,,,,,,,,,,,,,,,,,,,,,,,,,,,,,,,,,,,,,,,,,,,,293
2022-04-20,2022-04-22,2,5.0,2022-04-20T09:31:00-04:00,5.1000000000000085,NDXP  220422P14190000,NDXP  220422P14180000,development,False,False,0,0,0,146,0,1054,available,False,2022-04-20T09:31:00-04:00,2022-04-22T15:59:00-04:00,5.199999999999932,-452.9599999998458,1.0,last_observed_quote_not_settlement,1038.0,865,45,3.9000000000000057,2147.0400000000063,2022-04-20T09:32:00-04:00,0.0,4.5,947.0400000000177,2022-04-20T09:33:00-04:00,0.0,4.400000000000034,1147.0399999999495,2022-04-20T09:36:00-04:00,0.0,5.0,-52.95999999998224,2022-04-20T09:41:00-04:00,0.0,5.150000000000034,-352.96000000005046,2022-04-20T09:46:00-04:00,0.0,6.650000000000006,-3352.9599999999937,2022-04-20T10:01:00-04:00,0.0,6.449999999999989,-2952.9599999999596,2022-04-20T10:31:00-04:00,0.0,6.300000000000011,-2652.960000000005,2022-04-20T11:31:00-04:00,0.0,6.75,-3552.9599999999823,2022-04-20T16:00:00-04:00,0.0,9.850000000000023,-9752.960000000028,2022-04-21T16:00:00-04:00,0.0,,,2022-04-22T15:59:00-04:00,60.0,,,,,0.0,hit,1.0,hit,1.0,hit,,never_hit,,never_hit,,never_hit,,never_hit,22.0,hit,30.0,hit,115.0,hit,1586.0,hit,1608.0,hit,1663.0,hit,,,True,True,True,False,1.8500000000000085,,,True,True,True,False,1.8500000000000085,,,True,True,True,False,1.8500000000000085,,,True,True,True,False,1.8500000000000085,,,,,,,,,,,,,,,,,,,,,,,,,,,,,,,,,,,,,,,,,,,,,,,,,,,,,,,,,,,,,,,,,294
2022-04-20,2022-04-22,2,6.0,2022-04-20T09:31:00-04:00,6.050000000000011,NDXP  220422P14400000,NDXP  220422P14390000,development,False,False,0,0,0,165,0,1035,available,False,2022-04-20T09:31:00-04:00,2022-04-22T16:00:00-04:00,8.0,-4152.959999999978,0.0,last_observed_quote_not_settlement,1037.0,917,9,7.450000000000017,-3052.9600000000105,2022-04-20T09:32:00-04:00,0.0,6.999999999999972,-2152.9599999999195,2022-04-20T09:33:00-04:00,0.0,7.100000000000023,-2352.960000000022,2022-04-20T09:36:00-04:00,0.0,6.399999999999977,-952.9599999999311,2022-04-20T09:41:00-04:00,0.0,7.75,-3652.9599999999764,2022-04-20T09:46:00-04:00,0.0,7.699999999999932,-3552.95999999984,2022-04-20T10:01:00-04:00,0.0,8.300000000000011,-4752.960000000001,2022-04-20T10:31:00-04:00,0.0,8.550000000000068,-5252.960000000115,2022-04-20T11:31:00-04:00,0.0,9.349999999999966,-6852.95999999991,2022-04-20T16:00:00-04:00,0.0,10.0,-8052.959999999977,2022-04-21T16:00:00-04:00,0.0,8.0,-4152.959999999978,2022-04-22T16:00:00-04:00,0.0,,,,,1459.0,hit,3219.0,hit,,never_hit,,never_hit,,never_hit,,never_hit,,never_hit,1.0,hit,1.0,hit,1.0,hit,23.0,hit,105.0,hit,140.0,hit,,,True,True,True,False,1.099999999999966,,,True,True,True,False,1.099999999999966,,,True,True,True,False,1.099999999999966,,,True,True,True,False,1.099999999999966,,,,,,,,,,,,,,,,,,,,,,,,,,,,,,,,,,,,,,,,,,,,,,,,,,,,,,,,,,,,,,,,,295
2022-04-20,2022-04-22,2,7.0,2022-04-20T09:31:00-04:00,6.949999999999989,NDXP  220422P14480000,NDXP  220422P14470000,development,False,False,0,0,0,93,0,1107,available,False,2022-04-20T09:31:00-04:00,2022-04-22T16:00:00-04:00,10.0,-6252.960000000023,0.0,last_observed_quote_not_settlement,1036.0,1015,15,6.2000000000000455,1247.039999999887,2022-04-20T09:32:00-04:00,0.0,7.5,-1352.960000000022,2022-04-20T09:33:00-04:00,0.0,7.800000000000068,-1952.9600000001585,2022-04-20T09:36:00-04:00,0.0,7.900000000000034,-2152.96000000009,2022-04-20T09:41:00-04:00,0.0,8.5,-3352.9600000000237,2022-04-20T09:46:00-04:00,0.0,8.599999999999966,-3552.9599999999555,2022-04-20T10:01:00-04:00,0.0,8.799999999999955,-3952.9599999999327,2022-04-20T10:31:00-04:00,0.0,9.149999999999977,-4652.959999999978,2022-04-20T11:31:00-04:00,0.0,9.399999999999977,-5152.959999999978,2022-04-20T16:00:00-04:00,0.0,9.650000000000091,-5652.960000000206,2022-04-21T16:00:00-04:00,0.0,10.0,-6252.960000000023,2022-04-22T16:00:00-04:00,0.0,,,,,143.0,hit,148.0,hit,379.0,hit,379.0,hit,379.0,hit,,never_hit,,never_hit,2.0,hit,4.0,hit,2.0,hit,4.0,hit,7.0,hit,31.0,hit,10.0,361,True,True,True,True,,10.0,361,True,True,True,True,,,,True,True,True,False,5.050000000000011,,,True,True,True,False,5.050000000000011,379.0,2022-04-20T15:50:00-04:00,1.8999999999999773,9847.040000000025,,,,,,,,,380.0,2022-04-20T15:51:00-04:00,9.499999999999943,-5352.95999999991,379.0,2022-04-20T15:50:00-04:00,1.8999999999999773,9847.040000000025,,,,,,,,,380.0,2022-04-20T15:51:00-04:00,9.499999999999943,-5352.95999999991,,,,,,,,,,,,,,,,,,,,,,,,,,,,,,,,,296
2022-04-22,2022-04-25,3,5.0,2022-04-22T09:31:00-04:00,5.0,NDXP  220425P13770000,NDXP  220425P13760000,development,False,False,0,0,0,132,0,662,available,False,2022-04-22T09:31:00-04:00,2022-04-25T16:00:00-04:00,10.0,-10152.96,0.0,last_observed_quote_not_settlement,3917.0,562,16,4.450000000000017,847.0399999999665,2022-04-22T09:32:00-04:00,0.0,5.449999999999989,-1152.9599999999766,2022-04-22T09:33:00-04:00,0.0,5.699999999999989,-1652.9599999999766,2022-04-22T09:36:00-04:00,0.0,6.099999999999994,-2452.9599999999878,2022-04-22T09:41:00-04:00,0.0,5.949999999999989,-2152.9599999999764,2022-04-22T09:46:00-04:00,0.0,5.300000000000011,-852.9600000000221,2022-04-22T10:01:00-04:00,0.0,6.699999999999989,-3652.9599999999764,2022-04-22T10:31:00-04:00,0.0,6.449999999999989,-3152.9599999999764,2022-04-22T11:31:00-04:00,0.0,9.350000000000023,-8952.960000000046,2022-04-22T16:00:00-04:00,0.0,,,2022-04-22T16:15:00-04:00,85500.0,,,2022-04-22T16:15:00-04:00,171900.0,10.0,-10152.96,2022-04-25T16:00:00-04:00,0.0,0.0,hit,0.0,hit,19.0,hit,,never_hit,,never_hit,,never_hit,,never_hit,5.0,hit,9.0,hit,14.0,hit,14.0,hit,193.0,hit,376.0,hit,,,True,True,True,False,1.5999999999999943,,,True,True,True,False,1.5999999999999943,,,True,True,True,False,1.5999999999999943,,,True,True,True,False,1.5999999999999943,,,,,,,,,,,,,,,,,,,,,,,,,,,,,,,,,,,,,,,,,,,,,,,,,,,,,,,,,,,,,,,,,297
2022-04-22,2022-04-25,3,6.0,2022-04-22T09:31:00-04:00,6.050000000000011,NDXP  220425P13860000,NDXP  220425P13850000,development,False,False,0,0,0,144,0,650,available,False,2022-04-22T09:31:00-04:00,2022-04-25T16:00:00-04:00,10.0,-8052.959999999977,0.0,last_observed_quote_not_settlement,3920.0,545,19,6.099999999999994,-352.9599999999652,2022-04-22T09:32:00-04:00,0.0,5.75,347.04000000002344,2022-04-22T09:33:00-04:00,0.0,6.199999999999989,-552.9599999999539,2022-04-22T09:36:00-04:00,0.0,7.199999999999989,-2552.9599999999537,2022-04-22T09:41:00-04:00,0.0,7.0,-2152.9599999999764,2022-04-22T09:46:00-04:00,0.0,6.449999999999989,-1052.9599999999539,2022-04-22T10:01:00-04:00,0.0,7.7999999999999545,-3752.9599999998854,2022-04-22T10:31:00-04:00,0.0,7.7999999999999545,-3752.9599999998854,2022-04-22T11:31:00-04:00,0.0,9.799999999999955,-7752.959999999887,2022-04-22T16:00:00-04:00,0.0,,,2022-04-22T16:14:00-04:00,85560.0,,,2022-04-22T16:14:00-04:00,171960.0,10.0,-8052.959999999977,2022-04-25T16:00:00-04:00,0.0,39.0,hit,,never_hit,,never_hit,,never_hit,,never_hit,,never_hit,,never_hit,9.0,hit,10.0,hit,10.0,hit,59.0,hit,145.0,hit,287.0,hit,,,True,True,True,False,0.6500000000000341,,,True,True,True,False,0.6500000000000341,,,True,True,True,False,0.6500000000000341,,,True,True,True,False,0.6500000000000341,,,,,,,,,,,,,,,,,,,,,,,,,,,,,,,,,,,,,,,,,,,,,,,,,,,,,,,,,,,,,,,,,298
2022-04-22,2022-04-25,3,7.0,2022-04-22T09:31:00-04:00,7.0,NDXP  220425P13980000,NDXP  220425P13970000,development,False,False,0,0,0,135,0,659,available,False,2022-04-22T09:31:00-04:00,2022-04-25T16:00:00-04:00,10.0,-6152.96,0.0,last_observed_quote_not_settlement,3918.0,560,8,7.649999999999977,-1552.9599999999539,2022-04-22T09:32:00-04:00,0.0,7.75,-1752.9599999999994,2022-04-22T09:33:00-04:00,0.0,7.949999999999989,-2152.9599999999764,2022-04-22T09:36:00-04:00,0.0,8.5,-3252.960000000001,2022-04-22T09:41:00-04:00,0.0,8.25,-2752.960000000001,2022-04-22T09:46:00-04:00,0.0,8.600000000000023,-3452.9600000000464,2022-04-22T10:01:00-04:00,0.0,8.600000000000023,-3452.9600000000464,2022-04-22T10:31:00-04:00,0.0,8.600000000000023,-3452.9600000000464,2022-04-22T11:31:00-04:00,0.0,9.900000000000091,-6052.960000000183,2022-04-22T16:00:00-04:00,0.0,,,2022-04-22T16:15:00-04:00,85500.0,,,2022-04-22T16:15:00-04:00,171900.0,10.0,-6152.96,2022-04-25T16:00:00-04:00,0.0,19.0,hit,4414.0,hit,,never_hit,,never_hit,,never_hit,,never_hit,,never_hit,1.0,hit,7.0,hit,0.0,hit,7.0,hit,51.0,hit,134.0,hit,,,True,True,True,False,2.550000000000068,,,True,True,True,False,2.550000000000068,,,True,True,True,False,2.550000000000068,,,True,True,True,False,2.550000000000068,,,,,,,,,,,,,,,,,,,,,,,,,,,,,,,,,,,,,,,,,,,,,,,,,,,,,,,,,,,,,,,,,299
2022-04-25,2022-04-27,2,5.0,2022-04-25T09:31:00-04:00,4.900000000000006,NDXP  220427P13230000,NDXP  220427P13220000,development,False,False,0,0,0,20,0,1179,available,False,2022-04-25T09:31:00-04:00,2022-04-27T16:00:00-04:00,9.949999999999989,-10352.959999999966,0.0,last_observed_quote_not_settlement,1036.0,689,49,4.350000000000023,847.0399999999665,2022-04-25T09:32:00-04:00,0.0,4.099999999999994,1347.0400000000234,2022-04-25T09:33:00-04:00,0.0,3.900000000000034,1747.0399999999438,2022-04-25T09:36:00-04:00,0.0,4.150000000000006,1247.0400000000006,2022-04-25T09:41:00-04:00,0.0,4.599999999999994,347.04000000002344,2022-04-25T09:46:00-04:00,0.0,4.400000000000006,747.0400000000006,2022-04-25T10:01:00-04:00,0.0,3.299999999999997,2947.0400000000177,2022-04-25T10:31:00-04:00,0.0,4.150000000000006,1247.0400000000006,2022-04-25T11:31:00-04:00,0.0,2.1500000000000057,5247.040000000001,2022-04-25T16:00:00-04:00,0.0,7.4500000000000455,-5352.960000000079,2022-04-26T16:00:00-04:00,0.0,9.949999999999989,-10352.959999999966,2022-04-27T16:00:00-04:00,0.0,,,,,0.0,hit,0.0,hit,5.0,hit,64.0,hit,379.0,hit,,never_hit,,never_hit,1469.0,hit,1500.0,hit,1509.0,hit,1835.0,hit,1836.0,hit,1838.0,hit,4.900000000000006,0,False,False,False,False,,4.900000000000006,0,False,False,False,False,,,,True,True,True,False,3.200000000000003,,,True,True,True,False,3.200000000000003,64.0,2022-04-25T10:35:00-04:00,2.8999999999999915,3747.040000000029,317.0,2022-04-25T14:48:00-04:00,2.8500000000000085,3847.039999999995,318.0,2022-04-25T14:49:00-04:00,2.8000000000000114,3947.0399999999895,65.0,2022-04-25T10:36:00-04:00,3.0,3547.0400000000122,379.0,2022-04-25T15:50:00-04:00,1.7000000000000028,6147.040000000006,,,,,,,,,380.0,2022-04-25T15:51:00-04:00,2.5,4547.040000000012,,,,,,,,,,,,,,,,,,,,,,,,,,,,,,,,,300
2022-04-25,2022-04-27,2,6.0,2022-04-25T09:31:00-04:00,6.0,NDXP  220427P13450000,NDXP  220427P13440000,development,False,False,0,0,0,90,0,1109,available,False,2022-04-25T09:31:00-04:00,2022-04-27T16:00:00-04:00,6.75,-1752.9599999999994,0.0,last_observed_quote_not_settlement,1037.0,671,64,6.100000000000023,-452.9600000000448,2022-04-25T09:32:00-04:00,0.0,5.800000000000068,147.03999999986428,2022-04-25T09:33:00-04:00,0.0,5.550000000000011,647.0399999999779,2022-04-25T09:36:00-04:00,0.0,4.900000000000034,1947.0399999999324,2022-04-25T09:41:00-04:00,0.0,6.849999999999966,-1952.9599999999311,2022-04-25T09:46:00-04:00,0.0,5.75,247.04000000000067,2022-04-25T10:01:00-04:00,0.0,4.849999999999994,2047.0400000000122,2022-04-25T10:31:00-04:00,0.0,5.300000000000011,1147.039999999978,2022-04-25T11:31:00-04:00,0.0,3.6000000000000085,4547.039999999984,2022-04-25T16:00:00-04:00,0.0,6.600000000000023,-1452.9600000000448,2022-04-26T16:00:00-04:00,0.0,6.75,-1752.9599999999994,2022-04-27T16:00:00-04:00,0.0,,,,,6.0,hit,10.0,hit,38.0,hit,,never_hit,,never_hit,,never_hit,,never_hit,15.0,hit,31.0,hit,31.0,hit,1491.0,hit,1542.0,hit,1827.0,hit,,,True,True,True,False,2.450000000000017,,,True,True,True,False,2.450000000000017,,,True,True,True,False,2.450000000000017,,,True,True,True,False,2.450000000000017,,,,,,,,,,,,,,,,,,,,,,,,,,,,,,,,,,,,,,,,,,,,,,,,,,,,,,,,,,,,,,,,,301
2022-04-25,2022-04-27,2,7.0,2022-04-25T09:31:00-04:00,7.0,NDXP  220427P13540000,NDXP  220427P13530000,development,False,False,0,0,0,141,0,1058,available,False,2022-04-25T09:31:00-04:00,2022-04-27T15:59:00-04:00,10.0,-6152.96,1.0,last_observed_quote_not_settlement,1036.0,553,59,6.449999999999989,847.0400000000234,2022-04-25T09:32:00-04:00,0.0,6.5,747.0400000000006,2022-04-25T09:33:00-04:00,0.0,6.0,1747.0400000000006,2022-04-25T09:36:00-04:00,0.0,6.5499999999999545,647.0400000000916,2022-04-25T09:41:00-04:00,0.0,6.75,247.04000000000067,2022-04-25T09:46:00-04:00,0.0,6.9500000000000455,-152.96000000009025,2022-04-25T10:01:00-04:00,0.0,6.300000000000011,1147.039999999978,2022-04-25T10:31:00-04:00,0.0,7.5499999999999545,-1352.9599999999084,2022-04-25T11:31:00-04:00,0.0,4.800000000000011,4147.039999999978,2022-04-25T16:00:00-04:00,0.0,,,2022-04-26T15:59:00-04:00,60.0,,,2022-04-27T15:59:00-04:00,60.0,,,,,8.0,hit,75.0,hit,75.0,hit,2939.0,hit,2939.0,hit,2939.0,hit,,never_hit,3.0,hit,3.0,hit,0.0,hit,3.0,hit,1520.0,hit,1593.0,hit,10.0,423,True,True,True,True,,10.0,423,True,True,True,True,,10.0,423,True,True,True,True,,,,True,True,True,False,6.399999999999977,2939.0,2022-04-27T10:30:00-04:00,0.6000000000000227,12547.039999999955,,,,,,,,,,,,,2939.0,2022-04-27T10:30:00-04:00,0.6000000000000227,12547.039999999955,,,,,,,,,,,,,2939.0,2022-04-27T10:30:00-04:00,0.6000000000000227,12547.039999999955,,,,,,,,,,,,,,,,,,,,,,,,,,,,,302
2022-04-26,2022-04-29,3,5.0,2022-04-26T09:31:00-04:00,5.0,NDXP  220429P13580000,NDXP  220429P13570000,development,False,False,0,0,0,84,0,1520,available,False,2022-04-26T09:31:00-04:00,2022-04-29T15:59:00-04:00,9.700000000000045,-9652.960000000092,1.0,last_observed_quote_not_settlement,1036.0,1421,44,5.850000000000023,-1952.9600000000448,2022-04-26T09:32:00-04:00,0.0,5.900000000000091,-2052.960000000181,2022-04-26T09:33:00-04:00,0.0,6.150000000000034,-2552.9600000000673,2022-04-26T09:36:00-04:00,0.0,6.350000000000023,-2952.9600000000446,2022-04-26T09:41:00-04:00,0.0,6.350000000000023,-2952.9600000000446,2022-04-26T09:46:00-04:00,0.0,6.099999999999966,-2452.959999999931,2022-04-26T10:01:00-04:00,0.0,7.699999999999932,-5652.959999999863,2022-04-26T10:31:00-04:00,0.0,7.600000000000023,-5452.960000000045,2022-04-26T11:31:00-04:00,0.0,8.100000000000023,-6452.960000000046,2022-04-26T16:00:00-04:00,0.0,8.600000000000023,-7452.960000000046,2022-04-27T16:00:00-04:00,0.0,6.0,-2252.959999999999,2022-04-28T16:00:00-04:00,0.0,,,2022-04-29T15:59:00-04:00,60.0,0.0,hit,0.0,hit,32.0,hit,1454.0,hit,1454.0,hit,1454.0,hit,,never_hit,1.0,hit,4.0,hit,22.0,hit,25.0,hit,68.0,hit,68.0,hit,9.700000000000045,408,True,True,True,True,,9.700000000000045,408,True,True,True,True,,9.700000000000045,408,True,True,True,True,,,,True,True,True,False,4.100000000000023,1454.0,2022-04-27T09:45:00-04:00,0.8999999999999773,7947.040000000046,,,,,,,,,1455.0,2022-04-27T09:46:00-04:00,6.649999999999977,-3552.9599999999537,1454.0,2022-04-27T09:45:00-04:00,0.8999999999999773,7947.040000000046,,,,,,,,,1455.0,2022-04-27T09:46:00-04:00,6.649999999999977,-3552.9599999999537,1454.0,2022-04-27T09:45:00-04:00,0.8999999999999773,7947.040000000046,,,,,,,,,1455.0,2022-04-27T09:46:00-04:00,6.649999999999977,-3552.9599999999537,,,,,,,,,,,,,,,,,303
2022-04-26,2022-04-29,3,6.0,2022-04-26T09:31:00-04:00,6.099999999999909,NDXP  220429P13650000,NDXP  220429P13640000,development,False,False,0,0,0,115,0,1489,available,False,2022-04-26T09:31:00-04:00,2022-04-29T16:00:00-04:00,10.0,-7952.960000000182,0.0,last_observed_quote_not_settlement,1036.0,1333,60,6.4500000000000455,-952.9600000002722,2022-04-26T09:32:00-04:00,0.0,6.399999999999977,-852.9600000001358,2022-04-26T09:33:00-04:00,0.0,6.600000000000023,-1252.9600000002267,2022-04-26T09:36:00-04:00,0.0,6.650000000000034,-1352.9600000002495,2022-04-26T09:41:00-04:00,0.0,6.7000000000000455,-1452.9600000002722,2022-04-26T09:46:00-04:00,0.0,7.300000000000011,-2652.9600000002038,2022-04-26T10:01:00-04:00,0.0,7.899999999999977,-3852.9600000001356,2022-04-26T10:31:00-04:00,0.0,7.949999999999932,-3952.9600000000446,2022-04-26T11:31:00-04:00,0.0,,,2022-04-26T15:59:00-04:00,60.0,9.300000000000068,-6652.960000000319,2022-04-27T16:00:00-04:00,0.0,8.0,-4052.960000000183,2022-04-28T16:00:00-04:00,0.0,10.0,-7952.960000000182,2022-04-29T16:00:00-04:00,0.0,29.0,hit,29.0,hit,29.0,hit,29.0,hit,29.0,hit,1469.0,hit,,never_hit,5.0,hit,12.0,hit,12.0,hit,14.0,hit,85.0,hit,367.0,hit,8.900000000000034,27,True,True,False,False,,8.900000000000034,27,True,True,False,False,,9.850000000000023,413,True,True,True,True,,,,True,True,True,False,5.099999999999909,29.0,2022-04-26T10:00:00-04:00,1.2499999999999432,9447.039999999934,,,,,,,,,30.0,2022-04-26T10:01:00-04:00,7.300000000000011,-2652.9600000002038,29.0,2022-04-26T10:00:00-04:00,1.2499999999999432,9447.039999999934,,,,,,,,,30.0,2022-04-26T10:01:00-04:00,7.300000000000011,-2652.9600000002038,,,,,,,,,,,,,,,,,,,,,,,,,,,,,,,,,304
2022-04-26,2022-04-29,3,7.0,2022-04-26T09:31:00-04:00,6.949999999999989,NDXP  220429P13730000,NDXP  220429P13720000,development,False,False,0,0,0,161,0,1443,available,False,2022-04-26T09:31:00-04:00,2022-04-29T16:00:00-04:00,10.0,-6252.960000000023,0.0,last_observed_quote_not_settlement,1036.0,1288,55,7.0,-352.96000000002203,2022-04-26T09:32:00-04:00,0.0,7.0,-352.96000000002203,2022-04-26T09:33:00-04:00,0.0,5.150000000000034,3347.03999999991,2022-04-26T09:36:00-04:00,0.0,7.25,-852.9600000000221,2022-04-26T09:41:00-04:00,0.0,3.6999999999999886,6247.040000000001,2022-04-26T09:46:00-04:00,0.0,8.949999999999932,-4252.959999999887,2022-04-26T10:01:00-04:00,0.0,9.299999999999955,-4952.959999999933,2022-04-26T10:31:00-04:00,0.0,8.299999999999955,-2952.9599999999327,2022-04-26T11:31:00-04:00,0.0,,,2022-04-26T15:59:00-04:00,60.0,9.199999999999932,-4752.959999999887,2022-04-27T16:00:00-04:00,0.0,7.0,-352.96000000002203,2022-04-28T16:00:00-04:00,0.0,10.0,-6252.960000000023,2022-04-29T16:00:00-04:00,0.0,4.0,hit,4.0,hit,4.0,hit,7.0,hit,,never_hit,,never_hit,,never_hit,11.0,hit,12.0,hit,1.0,hit,12.0,hit,12.0,hit,36.0,hit,7.0,2,True,False,False,False,,,,True,True,True,False,4.449999999999989,,,True,True,True,False,4.449999999999989,,,True,True,True,False,4.449999999999989,7.0,2022-04-26T09:38:00-04:00,2.5,8647.039999999979,,,,,,,,,,,,,,,,,,,,,,,,,,,,,,,,,,,,,,,,,,,,,,,,,,,,,,,,,,,,,305
2022-04-27,2022-04-29,2,5.0,2022-04-27T09:31:00-04:00,5.050000000000011,NDXP  220429P13080000,NDXP  220429P13070000,development,False,False,0,0,0,3,0,1197,available,False,2022-04-27T09:31:00-04:00,2022-04-29T16:00:00-04:00,8.350000000000023,-6852.960000000024,0.0,last_observed_quote_not_settlement,1036.0,233,90,5.549999999999983,-1252.9599999999425,2022-04-27T09:32:00-04:00,0.0,5.050000000000011,-252.9599999999993,2022-04-27T09:33:00-04:00,0.0,4.550000000000011,747.0400000000006,2022-04-27T09:36:00-04:00,0.0,3.900000000000034,2047.0399999999554,2022-04-27T09:41:00-04:00,0.0,4.149999999999977,1547.0400000000689,2022-04-27T09:46:00-04:00,0.0,4.75,347.04000000002344,2022-04-27T10:01:00-04:00,0.0,5.649999999999977,-1452.9599999999311,2022-04-27T10:31:00-04:00,0.0,4.900000000000034,47.039999999955235,2022-04-27T11:31:00-04:00,0.0,6.0,-2152.9599999999764,2022-04-27T16:00:00-04:00,0.0,4.799999999999997,247.0400000000291,2022-04-28T16:00:00-04:00,0.0,8.350000000000023,-6852.960000000024,2022-04-29T16:00:00-04:00,0.0,,,,,0.0,hit,3.0,hit,10.0,hit,19.0,hit,1452.0,hit,1792.0,hit,1830.0,hit,45.0,hit,63.0,hit,3158.0,hit,3194.0,hit,3216.0,hit,3231.0,hit,5.549999999999983,2,False,False,False,False,,6.399999999999977,87,False,False,False,False,,6.449999999999989,95,False,False,False,False,,6.449999999999989,95,False,False,False,False,,1452.0,2022-04-28T09:43:00-04:00,2.0,5847.040000000024,1627.0,2022-04-28T12:38:00-04:00,2.6999999999999886,4447.040000000046,1628.0,2022-04-28T12:39:00-04:00,2.799999999999997,4247.040000000029,1453.0,2022-04-28T09:44:00-04:00,4.400000000000006,1047.040000000012,1661.0,2022-04-28T13:12:00-04:00,1.8500000000000014,6147.040000000021,1662.0,2022-04-28T13:13:00-04:00,1.8000000000000043,6247.0400000000145,1663.0,2022-04-28T13:14:00-04:00,1.7999999999999972,6247.040000000029,1662.0,2022-04-28T13:13:00-04:00,1.8000000000000043,6247.0400000000145,1793.0,2022-04-28T15:24:00-04:00,0.8000000000000007,8247.040000000023,2907.0,2022-04-29T09:58:00-04:00,0.7000000000000011,8447.040000000023,2908.0,2022-04-29T09:59:00-04:00,0.6999999999999993,8447.040000000026,1794.0,2022-04-28T15:25:00-04:00,1.0,7847.040000000024,1830.0,2022-04-28T16:01:00-04:00,3.552713678800501e-15,9847.040000000017,,,,,,,,,1831.0,2022-04-28T16:02:00-04:00,2.200000000000003,5447.040000000018,306
2022-04-27,2022-04-29,2,6.0,2022-04-27T09:31:00-04:00,6.0,NDXP  220429P13260000,NDXP  220429P13250000,development,False,False,0,0,0,7,0,1193,available,False,2022-04-27T09:31:00-04:00,2022-04-29T16:00:00-04:00,10.0,-8152.96,0.0,last_observed_quote_not_settlement,1036.0,551,145,6.199999999999989,-652.9599999999766,2022-04-27T09:32:00-04:00,0.0,6.25,-752.9599999999994,2022-04-27T09:33:00-04:00,0.0,5.099999999999966,1547.0400000000689,2022-04-27T09:36:00-04:00,0.0,4.899999999999977,1947.0400000000461,2022-04-27T09:41:00-04:00,0.0,5.300000000000011,1147.039999999978,2022-04-27T09:46:00-04:00,0.0,5.25,1247.0400000000006,2022-04-27T10:01:00-04:00,0.0,6.949999999999932,-2152.9599999998627,2022-04-27T10:31:00-04:00,0.0,5.100000000000023,1547.0399999999552,2022-04-27T11:31:00-04:00,0.0,7.050000000000011,-2352.960000000022,2022-04-27T16:00:00-04:00,0.0,2.0,7747.040000000001,2022-04-28T16:00:00-04:00,0.0,10.0,-8152.96,2022-04-29T16:00:00-04:00,0.0,,,,,5.0,hit,10.0,hit,211.0,hit,1651.0,hit,1795.0,hit,,never_hit,,never_hit,4.0,hit,9.0,hit,9.0,hit,3032.0,hit,3063.0,hit,3071.0,hit,7.650000000000034,275,True,False,False,False,,7.650000000000034,275,True,False,False,False,,,,True,True,True,False,4.550000000000004,,,True,True,True,False,4.550000000000004,1651.0,2022-04-28T13:02:00-04:00,2.9000000000000057,5947.039999999989,1712.0,2022-04-28T14:03:00-04:00,2.9000000000000057,5947.039999999989,1713.0,2022-04-28T14:04:00-04:00,2.8999999999999915,5947.040000000018,1652.0,2022-04-28T13:03:00-04:00,3.6500000000000057,4447.039999999989,1830.0,2022-04-28T16:01:00-04:00,1.4499999999999957,8847.04000000001,,,,,,,,,1831.0,2022-04-28T16:02:00-04:00,4.75,2247.040000000001,,,,,,,,,,,,,,,,,,,,,,,,,,,,,,,,,307
2022-04-27,2022-04-29,2,7.0,2022-04-27T09:31:00-04:00,7.0,NDXP  220429P13220000,NDXP  220429P13210000,development,False,False,0,0,0,18,0,1182,available,False,2022-04-27T09:31:00-04:00,2022-04-29T16:00:00-04:00,7.300000000000011,-852.9600000000221,0.0,last_observed_quote_not_settlement,1036.0,206,47,6.0,1747.0400000000006,2022-04-27T09:32:00-04:00,0.0,6.75,247.04000000000067,2022-04-27T09:33:00-04:00,0.0,5.550000000000011,2647.039999999978,2022-04-27T09:36:00-04:00,0.0,4.799999999999983,4147.0400000000345,2022-04-27T09:41:00-04:00,0.0,4.799999999999983,4147.0400000000345,2022-04-27T09:46:00-04:00,0.0,4.700000000000017,4347.039999999966,2022-04-27T10:01:00-04:00,0.0,5.899999999999977,1947.0400000000461,2022-04-27T10:31:00-04:00,0.0,5.650000000000034,2447.0399999999327,2022-04-27T11:31:00-04:00,0.0,6.599999999999966,547.0400000000689,2022-04-27T16:00:00-04:00,0.0,2.200000000000003,9347.039999999995,2022-04-28T16:00:00-04:00,0.0,7.300000000000011,-852.9600000000221,2022-04-29T16:00:00-04:00,0.0,,,,,6.0,hit,10.0,hit,114.0,hit,1661.0,hit,1748.0,hit,,never_hit,,never_hit,1511.0,hit,3037.0,hit,0.0,hit,3037.0,hit,3043.0,hit,3140.0,hit,7.75,15,True,False,False,False,,7.75,15,True,False,False,False,,,,True,True,True,False,5.75,,,True,True,True,False,5.75,1661.0,2022-04-28T13:12:00-04:00,2.9000000000000057,7947.039999999989,1662.0,2022-04-28T13:13:00-04:00,2.8499999999999943,8047.040000000012,1663.0,2022-04-28T13:14:00-04:00,2.8500000000000085,8047.039999999984,1662.0,2022-04-28T13:13:00-04:00,2.8499999999999943,8047.040000000012,1748.0,2022-04-28T14:39:00-04:00,1.7999999999999972,10147.040000000008,1762.0,2022-04-28T14:53:00-04:00,1.9499999999999957,9847.04000000001,1793.0,2022-04-28T15:24:00-04:00,1.7000000000000028,10347.039999999995,1749.0,2022-04-28T14:40:00-04:00,2.200000000000003,9347.039999999995,,,,,,,,,,,,,,,,,,,,,,,,,,,,,,,,,308
2022-04-29,2022-05-02,3,5.0,2022-04-29T09:31:00-04:00,5.0499999999999545,NDXP  220502P13340000,NDXP  220502P13330000,development,False,False,0,0,0,129,0,665,available,False,2022-04-29T09:31:00-04:00,2022-05-02T16:00:00-04:00,10.0,-10052.96000000009,0.0,last_observed_quote_not_settlement,3916.0,536,23,5.049999999999983,-252.96000000005614,2022-04-29T09:32:00-04:00,0.0,4.800000000000011,247.039999999887,2022-04-29T09:33:00-04:00,0.0,4.600000000000023,647.0399999998642,2022-04-29T09:36:00-04:00,0.0,5.099999999999994,-352.9600000000789,2022-04-29T09:41:00-04:00,0.0,5.400000000000034,-952.9600000001585,2022-04-29T09:46:00-04:00,0.0,3.9000000000000057,2047.0399999998986,2022-04-29T10:01:00-04:00,0.0,6.350000000000023,-2852.9600000001356,2022-04-29T10:31:00-04:00,0.0,5.800000000000011,-1752.960000000113,2022-04-29T11:31:00-04:00,0.0,,,2022-04-29T15:59:00-04:00,60.0,,,2022-04-29T16:15:00-04:00,85500.0,,,2022-04-29T16:15:00-04:00,171900.0,10.0,-10052.96000000009,2022-05-02T16:00:00-04:00,0.0,0.0,hit,2.0,hit,4.0,hit,4334.0,hit,4334.0,hit,4334.0,hit,,never_hit,17.0,hit,56.0,hit,98.0,hit,193.0,hit,324.0,hit,343.0,hit,9.949999999999989,362,True,True,True,True,,9.949999999999989,362,True,True,True,True,,9.949999999999989,362,True,True,True,True,,,,True,True,True,False,4.0499999999999545,4334.0,2022-05-02T09:45:00-04:00,1.0,7847.03999999991,,,,,,,,,,,,,4334.0,2022-05-02T09:45:00-04:00,1.0,7847.03999999991,,,,,,,,,,,,,,,,,,,,,,,,,,,,,,,,,,,,,,,,,,,,,309
2022-04-29,2022-05-02,3,6.0,2022-04-29T09:31:00-04:00,6.0,NDXP  220502P13430000,NDXP  220502P13420000,development,False,False,0,0,0,152,0,642,available,False,2022-04-29T09:31:00-04:00,2022-05-02T15:59:00-04:00,9.0,-6252.960000000001,1.0,last_observed_quote_not_settlement,3917.0,503,23,6.75,-1752.9599999999994,2022-04-29T09:32:00-04:00,0.0,5.199999999999989,1347.0400000000234,2022-04-29T09:33:00-04:00,0.0,3.75,4247.040000000001,2022-04-29T09:36:00-04:00,0.0,6.699999999999989,-1652.9599999999766,2022-04-29T09:41:00-04:00,0.0,5.399999999999977,947.0400000000461,2022-04-29T09:46:00-04:00,0.0,3.5499999999999545,4647.040000000092,2022-04-29T10:01:00-04:00,0.0,7.550000000000011,-3352.960000000022,2022-04-29T10:31:00-04:00,0.0,7.0,-2252.959999999999,2022-04-29T11:31:00-04:00,0.0,,,2022-04-29T15:59:00-04:00,60.0,,,2022-04-29T16:15:00-04:00,85500.0,,,2022-04-29T16:15:00-04:00,171900.0,,,2022-05-02T15:59:00-04:00,60.0,2.0,hit,5.0,hit,5.0,hit,4435.0,hit,,never_hit,,never_hit,,never_hit,1.0,hit,12.0,hit,12.0,hit,105.0,hit,224.0,hit,224.0,hit,10.0,409,True,True,True,True,,,,True,True,True,False,3.3500000000001364,,,True,True,True,False,3.3500000000001364,,,True,True,True,False,3.3500000000001364,4435.0,2022-05-02T11:26:00-04:00,2.6499999999998636,6447.040000000274,,,,,,,,,4436.0,2022-05-02T11:27:00-04:00,10.0,-8152.96,,,,,,,,,,,,,,,,,,,,,,,,,,,,,,,,,,,,,,,,,,,,,,,,,310
2022-04-29,2022-05-02,3,7.0,2022-04-29T09:31:00-04:00,7.099999999999909,NDXP  220502P13510000,NDXP  220502P13500000,development,False,False,0,0,0,174,0,620,available,False,2022-04-29T09:31:00-04:00,2022-05-02T16:00:00-04:00,5.850000000000023,2247.0399999997735,0.0,last_observed_quote_not_settlement,3916.0,453,25,7.25,-552.9600000001813,2022-04-29T09:32:00-04:00,0.0,6.600000000000023,747.0399999997733,2022-04-29T09:33:00-04:00,0.0,6.349999999999994,1247.0399999998301,2022-04-29T09:36:00-04:00,0.0,6.350000000000023,1247.0399999997733,2022-04-29T09:41:00-04:00,0.0,6.800000000000068,347.0399999996824,2022-04-29T09:46:00-04:00,0.0,5.5,2947.039999999819,2022-04-29T10:01:00-04:00,0.0,8.149999999999977,-2352.9600000001374,2022-04-29T10:31:00-04:00,0.0,7.899999999999977,-1852.9600000001358,2022-04-29T11:31:00-04:00,0.0,,,2022-04-29T15:59:00-04:00,60.0,,,2022-04-29T16:15:00-04:00,85500.0,,,2022-04-29T16:15:00-04:00,171900.0,5.850000000000023,2247.0399999997735,2022-05-02T16:00:00-04:00,0.0,22.0,hit,32.0,hit,32.0,hit,,never_hit,,never_hit,,never_hit,,never_hit,11.0,hit,11.0,hit,0.0,hit,11.0,hit,104.0,hit,189.0,hit,,,True,True,True,False,3.2999999999998977,,,True,True,True,False,3.2999999999998977,,,True,True,True,False,3.2999999999998977,,,True,True,True,False,3.2999999999998977,,,,,,,,,,,,,,,,,,,,,,,,,,,,,,,,,,,,,,,,,,,,,,,,,,,,,,,,,,,,,,,,,311
2022-05-02,2022-05-04,2,5.0,2022-05-02T09:31:00-04:00,4.949999999999989,NDXP  220504P12970000,NDXP  220504P12960000,development,False,False,0,0,0,1,0,1198,available,False,2022-05-02T09:31:00-04:00,2022-05-04T15:59:00-04:00,0.0,9647.039999999979,1.0,last_observed_quote_not_settlement,1036.0,389,97,5.300000000000011,-952.9600000000448,2022-05-02T09:32:00-04:00,0.0,4.600000000000023,447.0399999999325,2022-05-02T09:33:00-04:00,0.0,5.550000000000011,-1452.9600000000448,2022-05-02T09:36:00-04:00,0.0,6.0,-2352.960000000022,2022-05-02T09:41:00-04:00,0.0,4.199999999999989,1247.0400000000006,2022-05-02T09:46:00-04:00,0.0,4.699999999999989,247.04000000000067,2022-05-02T10:01:00-04:00,0.0,4.150000000000006,1347.0399999999665,2022-05-02T10:31:00-04:00,0.0,3.4499999999999886,2747.040000000001,2022-05-02T11:31:00-04:00,0.0,3.799999999999983,2047.0400000000122,2022-05-02T16:00:00-04:00,0.0,3.6000000000000227,2447.0399999999327,2022-05-03T16:00:00-04:00,0.0,,,2022-05-04T15:59:00-04:00,60.0,,,,,0.0,hit,0.0,hit,12.0,hit,69.0,hit,3147.0,hit,3154.0,hit,3197.0,hit,4.0,hit,4.0,hit,97.0,hit,,never_hit,,never_hit,,never_hit,6.5,34,False,False,False,False,,7.800000000000011,388,True,False,False,False,,7.800000000000011,388,True,False,False,False,,7.800000000000011,389,True,False,False,False,,69.0,2022-05-02T10:40:00-04:00,2.700000000000017,4247.039999999944,3092.0,2022-05-04T13:03:00-04:00,2.8999999999999986,3847.039999999981,3093.0,2022-05-04T13:04:00-04:00,2.8500000000000014,3947.039999999975,70.0,2022-05-02T10:41:00-04:00,4.699999999999989,247.04000000000067,3147.0,2022-05-04T13:58:00-04:00,1.9499999999999957,5747.039999999986,3155.0,2022-05-04T14:06:00-04:00,1.8499999999999979,5947.039999999982,3195.0,2022-05-04T14:46:00-04:00,0.9000000000000004,7847.039999999977,3148.0,2022-05-04T13:59:00-04:00,2.6000000000000014,4447.039999999975,3154.0,2022-05-04T14:05:00-04:00,0.9499999999999957,7747.039999999986,3196.0,2022-05-04T14:47:00-04:00,0.8000000000000007,8047.039999999976,3197.0,2022-05-04T14:48:00-04:00,0.47499999999999964,8697.039999999979,3155.0,2022-05-04T14:06:00-04:00,1.8499999999999979,5947.039999999982,3201.0,2022-05-04T14:52:00-04:00,0.25,9147.039999999979,3202.0,2022-05-04T14:53:00-04:00,0.2999999999999998,9047.039999999979,3203.0,2022-05-04T14:54:00-04:00,0.15000000000000036,9347.039999999979,3202.0,2022-05-04T14:53:00-04:00,0.2999999999999998,9047.039999999979,312
2022-05-02,2022-05-04,2,6.0,2022-05-02T09:31:00-04:00,5.849999999999966,NDXP  220504P13020000,NDXP  220504P13010000,development,False,False,0,0,0,3,0,1196,available,False,2022-05-02T09:31:00-04:00,2022-05-04T15:59:00-04:00,0.0,11447.039999999934,1.0,last_observed_quote_not_settlement,1036.0,277,129,6.199999999999989,-952.9600000000448,2022-05-02T09:32:00-04:00,0.0,5.149999999999977,1147.039999999978,2022-05-02T09:33:00-04:00,0.0,5.600000000000023,247.039999999887,2022-05-02T09:36:00-04:00,0.0,6.399999999999977,-1352.960000000022,2022-05-02T09:41:00-04:00,0.0,5.25,947.0399999999324,2022-05-02T09:46:00-04:00,0.0,5.099999999999966,1247.0400000000006,2022-05-02T10:01:00-04:00,0.0,4.449999999999989,2547.0399999999554,2022-05-02T10:31:00-04:00,0.0,7.5,-3552.9600000000673,2022-05-02T11:31:00-04:00,0.0,4.300000000000011,2847.03999999991,2022-05-02T16:00:00-04:00,0.0,3.950000000000003,3547.0399999999267,2022-05-03T16:00:00-04:00,0.0,,,2022-05-04T15:59:00-04:00,60.0,,,,,2.0,hit,13.0,hit,99.0,hit,1534.0,hit,3149.0,hit,3195.0,hit,3195.0,hit,10.0,hit,17.0,hit,17.0,hit,2933.0,hit,,never_hit,,never_hit,7.7000000000000455,186,True,False,False,False,,8.099999999999994,276,True,True,False,False,,8.099999999999994,277,True,True,False,False,,8.099999999999994,277,True,True,False,False,,1534.0,2022-05-03T11:05:00-04:00,2.5999999999999943,6247.039999999944,3150.0,2022-05-04T14:01:00-04:00,2.75,5947.039999999933,3151.0,2022-05-04T14:02:00-04:00,2.3999999999999986,6647.039999999935,1535.0,2022-05-03T11:06:00-04:00,4.199999999999989,3047.0399999999554,3149.0,2022-05-04T14:00:00-04:00,1.3000000000000114,8847.03999999991,3196.0,2022-05-04T14:47:00-04:00,1.5,8447.039999999934,3197.0,2022-05-04T14:48:00-04:00,0.0,11447.039999999934,3150.0,2022-05-04T14:01:00-04:00,2.75,5947.039999999933,3195.0,2022-05-04T14:46:00-04:00,0.0,11447.039999999934,3198.0,2022-05-04T14:49:00-04:00,0.5499999999999989,10347.039999999935,3202.0,2022-05-04T14:53:00-04:00,0.0,11447.039999999934,3196.0,2022-05-04T14:47:00-04:00,1.5,8447.039999999934,3195.0,2022-05-04T14:46:00-04:00,0.0,11447.039999999934,3201.0,2022-05-04T14:52:00-04:00,0.05000000000000071,11347.039999999932,3202.0,2022-05-04T14:53:00-04:00,0.0,11447.039999999934,3196.0,2022-05-04T14:47:00-04:00,1.5,8447.039999999934,313
2022-05-02,2022-05-04,2,7.0,2022-05-02T09:31:00-04:00,7.099999999999966,NDXP  220504P13180000,NDXP  220504P13170000,development,False,False,0,0,0,13,0,1185,available,False,2022-05-02T09:31:00-04:00,2022-05-04T15:59:00-04:00,0.025000000000000022,13897.039999999932,1.0,last_observed_quote_not_settlement,1036.0,300,114,6.699999999999932,547.0400000000689,2022-05-02T09:32:00-04:00,0.0,6.650000000000034,647.0399999998642,2022-05-02T09:33:00-04:00,0.0,3.1000000000000227,7747.039999999887,2022-05-02T09:36:00-04:00,0.0,9.100000000000023,-4252.960000000115,2022-05-02T09:41:00-04:00,0.0,6.7000000000000455,547.0399999998415,2022-05-02T09:46:00-04:00,0.0,6.0,1947.0399999999324,2022-05-02T10:01:00-04:00,0.0,6.100000000000023,1747.039999999887,2022-05-02T10:31:00-04:00,0.0,5.850000000000023,2247.039999999887,2022-05-02T11:31:00-04:00,0.0,6.049999999999983,1847.0399999999665,2022-05-02T16:00:00-04:00,0.0,5.949999999999989,2047.0399999999554,2022-05-03T16:00:00-04:00,0.0,,,2022-05-04T15:59:00-04:00,60.0,,,,,5.0,hit,5.0,hit,5.0,hit,107.0,hit,107.0,hit,3218.0,hit,3222.0,hit,6.0,hit,6.0,hit,0.0,hit,6.0,hit,6.0,hit,334.0,hit,9.449999999999932,18,True,True,True,True,,9.449999999999932,18,True,True,True,True,,9.75,300,True,True,True,True,,9.75,300,True,True,True,True,,107.0,2022-05-02T11:18:00-04:00,1.5500000000000114,10847.03999999991,3204.0,2022-05-04T14:55:00-04:00,1.8500000000000014,10247.03999999993,3205.0,2022-05-04T14:56:00-04:00,1.8499999999999996,10247.039999999934,108.0,2022-05-02T11:19:00-04:00,6.199999999999989,1547.0399999999552,107.0,2022-05-02T11:18:00-04:00,1.5500000000000114,10847.03999999991,3205.0,2022-05-04T14:56:00-04:00,1.8499999999999996,10247.039999999934,3209.0,2022-05-04T15:00:00-04:00,1.6999999999999975,10547.039999999939,108.0,2022-05-02T11:19:00-04:00,6.199999999999989,1547.0399999999552,3218.0,2022-05-04T15:09:00-04:00,0.6499999999999986,12647.039999999935,3219.0,2022-05-04T15:10:00-04:00,0.7000000000000011,12547.039999999932,3220.0,2022-05-04T15:11:00-04:00,0.6749999999999998,12597.039999999934,3219.0,2022-05-04T15:10:00-04:00,0.7000000000000011,12547.039999999932,3222.0,2022-05-04T15:13:00-04:00,0.3500000000000001,13247.039999999932,3223.0,2022-05-04T15:14:00-04:00,0.35000000000000053,13247.039999999932,3224.0,2022-05-04T15:15:00-04:00,0.2749999999999999,13397.039999999932,3223.0,2022-05-04T15:14:00-04:00,0.35000000000000053,13247.039999999932,314
2022-05-03,2022-05-06,3,5.0,2022-05-03T09:31:00-04:00,4.950000000000017,NDXP  220506P13060000,NDXP  220506P13050000,development,False,False,0,0,0,38,0,1566,available,False,2022-05-03T09:31:00-04:00,2022-05-06T16:00:00-04:00,10.0,-10252.959999999965,0.0,last_observed_quote_not_settlement,1036.0,857,134,5.850000000000023,-2052.9600000000105,2022-05-03T09:32:00-04:00,0.0,7.0,-4352.9599999999655,2022-05-03T09:33:00-04:00,0.0,5.900000000000006,-2152.9599999999764,2022-05-03T09:36:00-04:00,0.0,6.0,-2352.959999999965,2022-05-03T09:41:00-04:00,0.0,5.850000000000023,-2052.9600000000105,2022-05-03T09:46:00-04:00,0.0,4.400000000000006,847.0400000000234,2022-05-03T10:01:00-04:00,0.0,4.699999999999989,247.04000000005752,2022-05-03T10:31:00-04:00,0.0,4.449999999999989,747.0400000000575,2022-05-03T11:31:00-04:00,0.0,4.550000000000011,547.040000000012,2022-05-03T16:00:00-04:00,0.0,0.9499999999999993,7747.040000000036,2022-05-04T16:00:00-04:00,0.0,7.75,-5852.9599999999655,2022-05-05T16:00:00-04:00,0.0,10.0,-10252.959999999965,2022-05-06T16:00:00-04:00,0.0,0.0,hit,0.0,hit,3.0,hit,1476.0,hit,1782.0,hit,1812.0,hit,,never_hit,1.0,hit,2.0,hit,2.0,hit,3135.0,hit,3237.0,hit,4328.0,hit,7.550000000000011,61,True,False,False,False,,7.550000000000011,187,True,False,False,False,,7.550000000000011,187,True,False,False,False,,,,True,True,True,False,4.000000000000018,1476.0,2022-05-04T10:07:00-04:00,2.049999999999983,5547.040000000069,1764.0,2022-05-04T14:55:00-04:00,2.75,4147.0400000000345,1765.0,2022-05-04T14:56:00-04:00,2.700000000000003,4247.040000000029,1477.0,2022-05-04T10:08:00-04:00,3.55000000000004,2547.0399999999554,1786.0,2022-05-04T15:17:00-04:00,1.8499999999999943,5947.040000000046,1787.0,2022-05-04T15:18:00-04:00,1.75,6147.0400000000345,1797.0,2022-05-04T15:28:00-04:00,1.6500000000000057,6347.040000000024,1787.0,2022-05-04T15:18:00-04:00,1.75,6147.0400000000345,1812.0,2022-05-04T15:43:00-04:00,0.9499999999999993,7747.040000000036,,,,,,,,,1813.0,2022-05-04T15:44:00-04:00,1.4500000000000028,6747.040000000029,,,,,,,,,,,,,,,,,315
2022-05-03,2022-05-06,3,6.0,2022-05-03T09:31:00-04:00,6.0,NDXP  220506P13250000,NDXP  220506P13240000,development,False,False,0,0,0,169,0,1434,available,False,2022-05-03T09:31:00-04:00,2022-05-06T15:58:00-04:00,9.950000000000045,-8152.96,2.0,last_observed_quote_not_settlement,1036.0,855,237,6.2000000000000455,-652.9600000000903,2022-05-03T09:32:00-04:00,0.0,5.9500000000000455,-152.96000000009025,2022-05-03T09:33:00-04:00,0.0,6.350000000000023,-952.9600000000448,2022-05-03T09:36:00-04:00,0.0,6.149999999999977,-552.9599999999539,2022-05-03T09:41:00-04:00,0.0,6.449999999999989,-1152.9599999999766,2022-05-03T09:46:00-04:00,0.0,3.900000000000034,3947.0399999999327,2022-05-03T10:01:00-04:00,0.0,5.9500000000000455,-152.96000000009025,2022-05-03T10:31:00-04:00,0.0,5.550000000000011,647.0399999999779,2022-05-03T11:31:00-04:00,0.0,5.650000000000034,447.0399999999325,2022-05-03T16:00:00-04:00,0.0,2.25,7247.040000000001,2022-05-04T16:00:00-04:00,0.0,8.699999999999989,-5652.959999999978,2022-05-05T16:00:00-04:00,0.0,,,2022-05-06T15:58:00-04:00,120.0,3.0,hit,30.0,hit,30.0,hit,1799.0,hit,1819.0,hit,,never_hit,,never_hit,9.0,hit,78.0,hit,78.0,hit,1501.0,hit,2982.0,hit,3029.0,hit,8.350000000000023,373,True,True,False,False,,8.350000000000023,373,True,True,False,False,,,,True,True,True,False,4.700000000000003,,,True,True,True,False,4.700000000000003,1799.0,2022-05-04T15:30:00-04:00,2.8499999999999943,6047.040000000012,1800.0,2022-05-04T15:31:00-04:00,2.8999999999999915,5947.040000000018,1801.0,2022-05-04T15:32:00-04:00,2.8499999999999943,6047.040000000012,1800.0,2022-05-04T15:31:00-04:00,2.8999999999999915,5947.040000000018,1819.0,2022-05-04T15:50:00-04:00,1.2999999999999972,9147.040000000008,1820.0,2022-05-04T15:51:00-04:00,1.6000000000000014,8547.039999999999,,,,,1820.0,2022-05-04T15:51:00-04:00,1.6000000000000014,8547.039999999999,,,,,,,,,,,,,,,,,,,,,,,,,,,,,,,,,316
2022-05-03,2022-05-06,3,7.0,2022-05-03T09:31:00-04:00,7.0499999999999545,NDXP  220506P13510000,NDXP  220506P13500000,development,False,False,0,0,1,155,0,1447,available,False,2022-05-03T09:31:00-04:00,2022-05-06T16:00:00-04:00,10.0,-6052.960000000091,0.0,last_observed_quote_not_settlement,1036.0,1151,136,7.850000000000023,-1852.9600000001358,2022-05-03T09:32:00-04:00,0.0,9.949999999999932,-6052.9599999999555,2022-05-03T09:33:00-04:00,0.0,7.9500000000000455,-2052.960000000183,2022-05-03T09:36:00-04:00,0.0,7.9500000000000455,-2052.960000000183,2022-05-03T09:41:00-04:00,0.0,7.7000000000000455,-1552.9600000001813,2022-05-03T09:46:00-04:00,0.0,6.349999999999966,1147.039999999978,2022-05-03T10:01:00-04:00,0.0,,,2022-05-03T10:30:00-04:00,60.0,7.300000000000011,-752.960000000113,2022-05-03T11:31:00-04:00,0.0,7.4500000000000455,-1052.9600000001813,2022-05-03T16:00:00-04:00,0.0,4.300000000000011,5247.039999999887,2022-05-04T16:00:00-04:00,0.0,9.799999999999955,-5752.960000000001,2022-05-05T16:00:00-04:00,0.0,10.0,-6052.960000000091,2022-05-06T16:00:00-04:00,0.0,127.0,hit,127.0,hit,127.0,hit,127.0,hit,127.0,hit,127.0,hit,,never_hit,1.0,hit,2.0,hit,0.0,hit,2.0,hit,2.0,hit,2.0,hit,9.949999999999932,109,True,True,True,True,,9.949999999999932,109,True,True,True,True,,9.949999999999932,109,True,True,True,True,,,,True,True,True,False,6.5,127.0,2022-05-03T11:38:00-04:00,0.5499999999999545,12747.04,,,,,,,,,128.0,2022-05-03T11:39:00-04:00,7.249999999999943,-652.9599999999766,127.0,2022-05-03T11:38:00-04:00,0.5499999999999545,12747.04,,,,,,,,,128.0,2022-05-03T11:39:00-04:00,7.249999999999943,-652.9599999999766,127.0,2022-05-03T11:38:00-04:00,0.5499999999999545,12747.04,,,,,,,,,128.0,2022-05-03T11:39:00-04:00,7.249999999999943,-652.9599999999766,,,,,,,,,,,,,,,,,317
2022-05-04,2022-05-06,2,5.0,2022-05-04T09:31:00-04:00,5.0,NDXP  220506P13130000,NDXP  220506P13120000,development,False,False,0,0,0,87,0,1111,available,False,2022-05-04T09:31:00-04:00,2022-05-06T15:59:00-04:00,9.100000000000023,-8452.960000000046,1.0,last_observed_quote_not_settlement,1036.0,861,59,5.0,-252.9599999999993,2022-05-04T09:32:00-04:00,0.0,4.849999999999966,47.04000000006892,2022-05-04T09:33:00-04:00,0.0,5.199999999999989,-652.9599999999766,2022-05-04T09:36:00-04:00,0.0,5.75,-1752.9599999999994,2022-05-04T09:41:00-04:00,0.0,6.0,-2252.959999999999,2022-05-04T09:46:00-04:00,0.0,5.75,-1752.9599999999994,2022-05-04T10:01:00-04:00,0.0,6.25,-2752.959999999999,2022-05-04T10:31:00-04:00,0.0,6.800000000000068,-3852.9600000001356,2022-05-04T11:31:00-04:00,0.0,1.3999999999999986,6947.040000000004,2022-05-04T16:00:00-04:00,0.0,7.650000000000034,-5552.960000000067,2022-05-05T16:00:00-04:00,0.0,,,2022-05-06T15:59:00-04:00,60.0,,,,,0.0,hit,0.0,hit,271.0,hit,317.0,hit,336.0,hit,336.0,hit,,never_hit,6.0,hit,15.0,hit,48.0,hit,1550.0,hit,1807.0,hit,2886.0,hit,7.850000000000023,251,True,False,False,False,,7.850000000000023,251,True,False,False,False,,7.850000000000023,251,True,False,False,False,,,,True,True,True,False,4.0,329.0,2022-05-04T15:00:00-04:00,2.6999999999999886,4347.040000000024,339.0,2022-05-04T15:10:00-04:00,2.8999999999999915,3947.0400000000177,340.0,2022-05-04T15:11:00-04:00,2.799999999999997,4147.040000000006,330.0,2022-05-04T15:01:00-04:00,3.0999999999999943,3547.0400000000122,336.0,2022-05-04T15:07:00-04:00,1.0,7747.040000000001,362.0,2022-05-04T15:33:00-04:00,1.7999999999999972,6147.040000000006,363.0,2022-05-04T15:34:00-04:00,1.9000000000000057,5947.039999999989,337.0,2022-05-04T15:08:00-04:00,3.1500000000000057,3447.0399999999895,,,,,,,,,,,,,,,,,,,,,,,,,,,,,,,,,318
2022-05-04,2022-05-06,2,6.0,2022-05-04T09:31:00-04:00,6.0,NDXP  220506P13260000,NDXP  220506P13250000,development,False,False,0,0,0,138,0,1060,available,False,2022-05-04T09:31:00-04:00,2022-05-06T16:00:00-04:00,10.0,-8152.96,0.0,last_observed_quote_not_settlement,1036.0,766,90,5.899999999999977,-52.959999999953816,2022-05-04T09:32:00-04:00,0.0,6.0,-252.9599999999993,2022-05-04T09:33:00-04:00,0.0,6.399999999999977,-1052.9599999999539,2022-05-04T09:36:00-04:00,0.0,6.050000000000068,-352.9600000001357,2022-05-04T09:41:00-04:00,0.0,6.350000000000023,-952.9600000000448,2022-05-04T09:46:00-04:00,0.0,6.149999999999977,-552.9599999999539,2022-05-04T10:01:00-04:00,0.0,7.100000000000023,-2452.9600000000446,2022-05-04T10:31:00-04:00,0.0,7.5,-3252.959999999999,2022-05-04T11:31:00-04:00,0.0,2.250000000000007,7247.039999999986,2022-05-04T16:00:00-04:00,0.0,8.800000000000011,-5852.960000000024,2022-05-05T16:00:00-04:00,0.0,10.0,-8152.96,2022-05-06T16:00:00-04:00,0.0,,,,,11.0,hit,117.0,hit,117.0,hit,360.0,hit,384.0,hit,,never_hit,,never_hit,6.0,hit,37.0,hit,37.0,hit,51.0,hit,1550.0,hit,1585.0,hit,8.850000000000023,242,True,True,False,False,,8.850000000000023,242,True,True,False,False,,,,True,True,True,False,4.700000000000003,,,True,True,True,False,4.700000000000003,361.0,2022-05-04T15:32:00-04:00,2.9000000000000057,5947.039999999989,362.0,2022-05-04T15:33:00-04:00,2.8500000000000085,6047.039999999984,363.0,2022-05-04T15:34:00-04:00,2.8999999999999773,5947.040000000046,362.0,2022-05-04T15:33:00-04:00,2.8500000000000085,6047.039999999984,384.0,2022-05-04T15:55:00-04:00,1.2999999999999972,9147.040000000008,,,,,,,,,385.0,2022-05-04T15:56:00-04:00,2.4499999999999957,6847.040000000009,,,,,,,,,,,,,,,,,,,,,,,,,,,,,,,,,319
2022-05-04,2022-05-06,2,7.0,2022-05-04T09:31:00-04:00,6.949999999999989,NDXP  220506P13400000,NDXP  220506P13390000,development,False,False,0,0,0,166,0,1033,available,False,2022-05-04T09:31:00-04:00,2022-05-06T16:00:00-04:00,10.0,-6252.960000000023,0.0,last_observed_quote_not_settlement,1036.0,707,125,6.900000000000034,-152.96000000009025,2022-05-04T09:32:00-04:00,0.0,6.5,647.0399999999779,2022-05-04T09:33:00-04:00,0.0,7.350000000000023,-1052.9600000000676,2022-05-04T09:36:00-04:00,0.0,6.0,1647.039999999978,2022-05-04T09:41:00-04:00,0.0,7.399999999999977,-1152.9599999999766,2022-05-04T09:46:00-04:00,0.0,7.849999999999966,-2052.9599999999537,2022-05-04T10:01:00-04:00,0.0,7.650000000000034,-1652.9600000000903,2022-05-04T10:31:00-04:00,0.0,8.350000000000023,-3052.960000000069,2022-05-04T11:31:00-04:00,0.0,3.499999999999986,6647.040000000006,2022-05-04T16:00:00-04:00,0.0,,,2022-05-05T15:59:00-04:00,60.0,10.0,-6252.960000000023,2022-05-06T16:00:00-04:00,0.0,,,,,137.0,hit,277.0,hit,288.0,hit,288.0,hit,302.0,hit,,never_hit,,never_hit,14.0,hit,48.0,hit,4.0,hit,48.0,hit,48.0,hit,59.0,hit,10.0,221,True,True,True,True,,10.0,228,True,True,True,True,,,,True,True,True,False,5.0,,,True,True,True,False,5.0,288.0,2022-05-04T14:19:00-04:00,2.5,8647.039999999979,302.0,2022-05-04T14:33:00-04:00,1.9499999999999886,9747.04,,,,,289.0,2022-05-04T14:20:00-04:00,7.25,-852.9600000000221,302.0,2022-05-04T14:33:00-04:00,1.9499999999999886,9747.04,,,,,,,,,303.0,2022-05-04T14:34:00-04:00,8.75,-3852.9600000000237,,,,,,,,,,,,,,,,,,,,,,,,,,,,,,,,,320
2022-05-06,2022-05-09,3,5.0,2022-05-06T09:31:00-04:00,4.949999999999989,NDXP  220509P12790000,NDXP  220509P12780000,development,False,False,0,0,0,79,0,716,available,False,2022-05-06T09:31:00-04:00,2022-05-09T16:00:00-04:00,10.0,-10252.960000000021,0.0,last_observed_quote_not_settlement,3916.0,498,75,4.650000000000006,347.0399999999666,2022-05-06T09:32:00-04:00,0.0,5.700000000000017,-1752.9600000000562,2022-05-06T09:33:00-04:00,0.0,5.5499999999999545,-1452.9599999999311,2022-05-06T09:36:00-04:00,0.0,6.399999999999977,-3152.9599999999764,2022-05-06T09:41:00-04:00,0.0,6.050000000000068,-2452.9600000001583,2022-05-06T09:46:00-04:00,0.0,6.350000000000023,-3052.9600000000673,2022-05-06T10:01:00-04:00,0.0,4.700000000000017,247.03999999994383,2022-05-06T10:31:00-04:00,0.0,3.7000000000000455,2247.039999999887,2022-05-06T11:31:00-04:00,0.0,5.649999999999977,-1652.9599999999766,2022-05-06T16:00:00-04:00,0.0,,,2022-05-06T16:15:00-04:00,85500.0,,,2022-05-06T16:15:00-04:00,171900.0,10.0,-10252.960000000021,2022-05-09T16:00:00-04:00,0.0,0.0,hit,0.0,hit,76.0,hit,233.0,hit,,never_hit,,never_hit,,never_hit,2.0,hit,6.0,hit,25.0,hit,25.0,hit,4321.0,hit,4351.0,hit,8.550000000000011,97,True,True,False,False,,,,True,True,True,False,2.0500000000000114,,,True,True,True,False,2.0500000000000114,,,True,True,True,False,2.0500000000000114,233.0,2022-05-06T13:24:00-04:00,2.8999999999999773,3847.0400000000236,,,,,,,,,234.0,2022-05-06T13:25:00-04:00,4.800000000000011,47.039999999955235,,,,,,,,,,,,,,,,,,,,,,,,,,,,,,,,,,,,,,,,,,,,,,,,,321
2022-05-06,2022-05-09,3,6.0,2022-05-06T09:31:00-04:00,6.050000000000011,NDXP  220509P12910000,NDXP  220509P12900000,development,False,False,0,0,0,130,0,665,available,False,2022-05-06T09:31:00-04:00,2022-05-09T15:59:00-04:00,7.349999999999909,-2852.9599999997945,1.0,last_observed_quote_not_settlement,3916.0,431,75,5.950000000000017,-52.96000000001066,2022-05-06T09:32:00-04:00,0.0,6.100000000000023,-352.96000000002203,2022-05-06T09:33:00-04:00,0.0,6.849999999999966,-1852.9599999999084,2022-05-06T09:36:00-04:00,0.0,6.800000000000011,-1752.9599999999994,2022-05-06T09:41:00-04:00,0.0,7.199999999999989,-2552.9599999999537,2022-05-06T09:46:00-04:00,0.0,7.2000000000000455,-2552.9600000000673,2022-05-06T10:01:00-04:00,0.0,6.050000000000011,-252.9599999999993,2022-05-06T10:31:00-04:00,0.0,4.449999999999989,2947.0400000000463,2022-05-06T11:31:00-04:00,0.0,7.650000000000034,-3452.9600000000446,2022-05-06T16:00:00-04:00,0.0,,,2022-05-06T16:15:00-04:00,85500.0,,,2022-05-06T16:15:00-04:00,171900.0,,,2022-05-09T15:59:00-04:00,60.0,42.0,hit,78.0,hit,4341.0,hit,4355.0,hit,,never_hit,,never_hit,,never_hit,3.0,hit,6.0,hit,6.0,hit,14.0,hit,24.0,hit,26.0,hit,10.0,269,True,True,True,True,,,,True,True,True,False,3.249999999999943,,,True,True,True,False,3.249999999999943,,,True,True,True,False,3.249999999999943,4355.0,2022-05-09T10:06:00-04:00,2.800000000000068,6247.039999999887,,,,,,,,,4356.0,2022-05-09T10:07:00-04:00,9.899999999999977,-7952.959999999933,,,,,,,,,,,,,,,,,,,,,,,,,,,,,,,,,,,,,,,,,,,,,,,,,322
2022-05-06,2022-05-09,3,7.0,2022-05-06T09:31:00-04:00,6.9500000000000455,NDXP  220509P13230000,NDXP  220509P13220000,development,False,False,0,0,0,203,0,592,available,False,2022-05-06T09:31:00-04:00,2022-05-09T15:55:00-04:00,1.5499999999999545,10547.040000000183,5.0,last_observed_quote_not_settlement,3916.0,393,77,8.250000000000057,-2852.9600000000237,2022-05-06T09:32:00-04:00,0.0,7.5,-1352.9599999999084,2022-05-06T09:33:00-04:00,0.0,8.900000000000091,-4152.960000000092,2022-05-06T09:36:00-04:00,0.0,8.050000000000068,-2452.9600000000464,2022-05-06T09:41:00-04:00,0.0,8.949999999999932,-4252.959999999774,2022-05-06T09:46:00-04:00,0.0,8.100000000000023,-2552.9599999999555,2022-05-06T10:01:00-04:00,0.0,9.049999999999955,-4452.959999999819,2022-05-06T10:31:00-04:00,0.0,7.699999999999989,-1752.9599999998857,2022-05-06T11:31:00-04:00,0.0,,,2022-05-06T15:59:00-04:00,60.0,,,2022-05-06T16:15:00-04:00,85500.0,,,2022-05-06T16:15:00-04:00,171900.0,,,2022-05-09T15:55:00-04:00,300.0,46.0,hit,46.0,hit,46.0,hit,87.0,hit,4411.0,hit,4411.0,hit,,never_hit,1.0,hit,1.0,hit,1.0,hit,1.0,hit,6.0,hit,6.0,hit,9.699999999999932,73,True,True,True,True,,10.0,281,True,True,True,True,,10.0,281,True,True,True,True,,,,True,True,True,False,6.150000000000091,87.0,2022-05-06T10:58:00-04:00,2.349999999999966,8947.040000000161,4675.0,2022-05-09T15:26:00-04:00,1.650000000000091,10347.03999999991,4689.0,2022-05-09T15:40:00-04:00,1.7000000000000455,10247.04,,,,,4411.0,2022-05-09T11:02:00-04:00,0.7999999999999545,12047.040000000183,4688.0,2022-05-09T15:39:00-04:00,1.900000000000091,9847.03999999991,4689.0,2022-05-09T15:40:00-04:00,1.7000000000000455,10247.04,,,,,4411.0,2022-05-09T11:02:00-04:00,0.7999999999999545,12047.040000000183,4698.0,2022-05-09T15:49:00-04:00,0.8999999999998636,11847.040000000365,,,,,,,,,,,,,,,,,,,,,,,,,323
2022-05-09,2022-05-11,2,5.0,2022-05-09T09:31:00-04:00,5.099999999999994,NDXP  220511P12490000,NDXP  220511P12480000,development,False,False,0,0,0,42,0,1157,available,False,2022-05-09T09:31:00-04:00,2022-05-11T15:57:00-04:00,8.949999999999932,-7952.959999999876,3.0,last_observed_quote_not_settlement,1036.0,1025,71,4.899999999999977,147.0400000000348,2022-05-09T09:32:00-04:00,0.0,5.800000000000011,-1652.9600000000335,2022-05-09T09:33:00-04:00,0.0,4.599999999999966,747.0400000000575,2022-05-09T09:36:00-04:00,0.0,4.7000000000000455,547.0399999998983,2022-05-09T09:41:00-04:00,0.0,5.699999999999989,-1452.959999999988,2022-05-09T09:46:00-04:00,0.0,5.400000000000006,-852.9600000000221,2022-05-09T10:01:00-04:00,0.0,5.850000000000023,-1752.9600000000562,2022-05-09T10:31:00-04:00,0.0,6.400000000000034,-2852.9600000000787,2022-05-09T11:31:00-04:00,0.0,9.800000000000011,-9652.960000000034,2022-05-09T16:00:00-04:00,0.0,6.300000000000011,-2652.9600000000332,2022-05-10T16:00:00-04:00,0.0,,,2022-05-11T15:57:00-04:00,180.0,,,,,0.0,hit,1.0,hit,13.0,hit,1718.0,hit,,never_hit,,never_hit,,never_hit,2.0,hit,49.0,hit,114.0,hit,389.0,hit,389.0,hit,389.0,hit,9.800000000000011,606,True,True,True,True,,,,True,True,True,False,2.5999999999999943,,,True,True,True,False,2.5999999999999943,,,True,True,True,False,2.5999999999999943,1718.0,2022-05-10T14:09:00-04:00,2.5,4947.039999999989,,,,,,,,,1719.0,2022-05-10T14:10:00-04:00,5.100000000000023,-252.96000000005614,,,,,,,,,,,,,,,,,,,,,,,,,,,,,,,,,,,,,,,,,,,,,,,,,324
2022-05-09,2022-05-11,2,6.0,2022-05-09T09:31:00-04:00,6.0,NDXP  220511P12660000,NDXP  220511P12650000,development,False,False,0,0,0,72,0,1127,available,False,2022-05-09T09:31:00-04:00,2022-05-11T16:00:00-04:00,10.0,-8152.96,0.0,last_observed_quote_not_settlement,1036.0,1013,78,6.199999999999989,-652.9599999999766,2022-05-09T09:32:00-04:00,0.0,6.099999999999966,-452.9599999999311,2022-05-09T09:33:00-04:00,0.0,5.699999999999989,347.04000000002344,2022-05-09T09:36:00-04:00,0.0,5.500000000000057,747.039999999887,2022-05-09T09:41:00-04:00,0.0,6.25,-752.9599999999994,2022-05-09T09:46:00-04:00,0.0,6.649999999999977,-1552.9599999999539,2022-05-09T10:01:00-04:00,0.0,5.750000000000057,247.039999999887,2022-05-09T10:31:00-04:00,0.0,7.649999999999977,-3552.9599999999537,2022-05-09T11:31:00-04:00,0.0,9.399999999999977,-7052.9599999999555,2022-05-09T16:00:00-04:00,0.0,7.849999999999966,-3952.959999999931,2022-05-10T16:00:00-04:00,0.0,10.0,-8152.96,2022-05-11T16:00:00-04:00,0.0,,,,,8.0,hit,65.0,hit,123.0,hit,123.0,hit,1573.0,hit,,never_hit,,never_hit,4.0,hit,4.0,hit,4.0,hit,84.0,hit,90.0,hit,90.0,hit,10.0,96,True,True,True,True,,10.0,473,True,True,True,True,,,,True,True,True,False,4.75,,,True,True,True,False,4.75,123.0,2022-05-09T11:34:00-04:00,2.6999999999999886,6347.040000000024,,,,,,,,,124.0,2022-05-09T11:35:00-04:00,7.4500000000000455,-3152.96000000009,1573.0,2022-05-10T11:44:00-04:00,1.25,9247.04,,,,,,,,,1574.0,2022-05-10T11:45:00-04:00,9.050000000000011,-6352.960000000024,,,,,,,,,,,,,,,,,,,,,,,,,,,,,,,,,325
2022-05-09,2022-05-11,2,7.0,2022-05-09T09:31:00-04:00,7.0,NDXP  220511P12790000,NDXP  220511P12780000,development,False,False,0,0,0,108,0,1091,available,False,2022-05-09T09:31:00-04:00,2022-05-11T16:00:00-04:00,10.0,-6152.96,0.0,last_observed_quote_not_settlement,1036.0,889,133,6.850000000000023,47.039999999955235,2022-05-09T09:32:00-04:00,0.0,7.899999999999977,-2052.9599999999537,2022-05-09T09:33:00-04:00,0.0,6.699999999999989,347.04000000002344,2022-05-09T09:36:00-04:00,0.0,6.449999999999989,847.0400000000234,2022-05-09T09:41:00-04:00,0.0,6.5,747.0400000000006,2022-05-09T09:46:00-04:00,0.0,9.349999999999966,-4952.959999999933,2022-05-09T10:01:00-04:00,0.0,7.650000000000034,-1552.9600000000676,2022-05-09T10:31:00-04:00,0.0,8.299999999999955,-2852.95999999991,2022-05-09T11:31:00-04:00,0.0,5.500000000000114,2747.0399999997735,2022-05-09T16:00:00-04:00,0.0,8.550000000000068,-3352.9600000001374,2022-05-10T16:00:00-04:00,0.0,10.0,-6152.96,2022-05-11T16:00:00-04:00,0.0,,,,,3.0,hit,3.0,hit,3.0,hit,3.0,hit,3.0,hit,3.0,hit,3.0,hit,2.0,hit,18.0,hit,0.0,hit,18.0,hit,18.0,hit,18.0,hit,7.899999999999977,1,True,False,False,False,,7.899999999999977,1,True,False,False,False,,7.899999999999977,1,True,False,False,False,,7.899999999999977,1,True,False,False,False,,3.0,2022-05-09T09:34:00-04:00,0.0999999999999659,13547.04000000007,,,,,,,,,4.0,2022-05-09T09:35:00-04:00,6.949999999999989,-152.95999999997656,3.0,2022-05-09T09:34:00-04:00,0.0999999999999659,13547.04000000007,,,,,,,,,4.0,2022-05-09T09:35:00-04:00,6.949999999999989,-152.95999999997656,3.0,2022-05-09T09:34:00-04:00,0.0999999999999659,13547.04000000007,,,,,,,,,4.0,2022-05-09T09:35:00-04:00,6.949999999999989,-152.95999999997656,3.0,2022-05-09T09:34:00-04:00,0.0999999999999659,13547.04000000007,,,,,,,,,4.0,2022-05-09T09:35:00-04:00,6.949999999999989,-152.95999999997656,326
2022-05-10,2022-05-13,3,5.0,2022-05-10T09:31:00-04:00,5.0,NDXP  220513P12600000,NDXP  220513P12590000,development,False,False,0,0,0,148,0,1457,available,False,2022-05-10T09:31:00-04:00,2022-05-13T16:00:00-04:00,9.75,-9752.960000000001,0.0,last_observed_quote_not_settlement,1036.0,1310,49,6.149999999999977,-2552.9599999999537,2022-05-10T09:32:00-04:00,0.0,5.25,-752.9599999999994,2022-05-10T09:33:00-04:00,0.0,5.25,-752.9599999999994,2022-05-10T09:36:00-04:00,0.0,6.600000000000023,-3452.9600000000446,2022-05-10T09:41:00-04:00,0.0,6.25,-2752.959999999999,2022-05-10T09:46:00-04:00,0.0,5.600000000000023,-1452.9600000000448,2022-05-10T10:01:00-04:00,0.0,5.800000000000011,-1852.960000000022,2022-05-10T10:31:00-04:00,0.0,7.899999999999977,-6052.959999999954,2022-05-10T11:31:00-04:00,0.0,6.600000000000023,-3452.9600000000446,2022-05-10T16:00:00-04:00,0.0,9.350000000000023,-8952.960000000046,2022-05-11T16:00:00-04:00,0.0,,,2022-05-12T15:59:00-04:00,60.0,9.75,-9752.960000000001,2022-05-13T16:00:00-04:00,0.0,0.0,hit,0.0,hit,96.0,hit,96.0,hit,2910.0,hit,,never_hit,,never_hit,1.0,hit,1.0,hit,3.0,hit,95.0,hit,162.0,hit,162.0,hit,8.5,93,True,True,False,False,,9.950000000000045,775,True,True,True,True,,,,True,True,True,False,3.7999999999999545,,,True,True,True,False,3.7999999999999545,96.0,2022-05-10T11:07:00-04:00,2.599999999999966,4547.040000000069,,,,,,,,,97.0,2022-05-10T11:08:00-04:00,7.2999999999999545,-4852.959999999908,2910.0,2022-05-12T10:01:00-04:00,1.2000000000000455,7347.03999999991,,,,,,,,,2911.0,2022-05-12T10:02:00-04:00,7.5499999999999545,-5352.959999999908,,,,,,,,,,,,,,,,,,,,,,,,,,,,,,,,,327
2022-05-10,2022-05-13,3,6.0,2022-05-10T09:31:00-04:00,6.0,NDXP  220513P12780000,NDXP  220513P12770000,development,False,False,0,0,0,309,0,1295,available,False,2022-05-10T09:31:00-04:00,2022-05-13T15:57:00-04:00,9.700000000000045,-7652.960000000092,3.0,last_observed_quote_not_settlement,1036.0,1035,109,6.0499999999999545,-352.95999999990835,2022-05-10T09:32:00-04:00,0.0,6.600000000000023,-1452.9600000000448,2022-05-10T09:33:00-04:00,0.0,6.7999999999999545,-1852.9599999999084,2022-05-10T09:36:00-04:00,0.0,6.7999999999999545,-1852.9599999999084,2022-05-10T09:41:00-04:00,0.0,7.2000000000000455,-2652.96000000009,2022-05-10T09:46:00-04:00,0.0,7.0,-2252.959999999999,2022-05-10T10:01:00-04:00,0.0,7.0499999999999545,-2352.959999999908,2022-05-10T10:31:00-04:00,0.0,8.450000000000045,-5152.960000000092,2022-05-10T11:31:00-04:00,0.0,7.850000000000023,-3952.9600000000446,2022-05-10T16:00:00-04:00,0.0,9.5,-7252.960000000001,2022-05-11T16:00:00-04:00,0.0,1.5,8747.04,2022-05-12T16:00:00-04:00,0.0,,,2022-05-13T15:57:00-04:00,180.0,11.0,hit,11.0,hit,11.0,hit,88.0,hit,1498.0,hit,1498.0,hit,1498.0,hit,2.0,hit,6.0,hit,6.0,hit,26.0,hit,93.0,hit,93.0,hit,8.450000000000045,74,True,True,False,False,,10.0,391,True,True,True,True,,10.0,391,True,True,True,True,,10.0,391,True,True,True,True,,88.0,2022-05-10T10:59:00-04:00,2.7000000000000455,6347.03999999991,3053.0,2022-05-12T12:24:00-04:00,2.5,6747.040000000001,,,,,89.0,2022-05-10T11:00:00-04:00,7.7999999999999545,-3852.959999999908,1498.0,2022-05-11T10:29:00-04:00,5.684341886080802e-14,11747.039999999888,,,,,,,,,1499.0,2022-05-11T10:30:00-04:00,8.850000000000023,-5952.960000000046,1498.0,2022-05-11T10:29:00-04:00,5.684341886080802e-14,11747.039999999888,,,,,,,,,1499.0,2022-05-11T10:30:00-04:00,8.850000000000023,-5952.960000000046,1498.0,2022-05-11T10:29:00-04:00,5.684341886080802e-14,11747.039999999888,,,,,,,,,1499.0,2022-05-11T10:30:00-04:00,8.850000000000023,-5952.960000000046,328
2022-05-10,2022-05-13,3,7.0,2022-05-10T09:31:00-04:00,7.0,NDXP  220513P12890000,NDXP  220513P12880000,development,False,False,0,0,0,295,0,1310,available,False,2022-05-10T09:31:00-04:00,2022-05-13T16:00:00-04:00,9.949999999999989,-6152.959999999978,0.0,last_observed_quote_not_settlement,1037.0,1029,90,7.7000000000000455,-1652.9600000000903,2022-05-10T09:32:00-04:00,0.0,7.149999999999977,-552.9599999999539,2022-05-10T09:33:00-04:00,0.0,6.7000000000000455,347.03999999990975,2022-05-10T09:36:00-04:00,0.0,7.649999999999977,-1552.9599999999539,2022-05-10T09:41:00-04:00,0.0,7.850000000000023,-1952.9600000000448,2022-05-10T09:46:00-04:00,0.0,7.75,-1752.9599999999994,2022-05-10T10:01:00-04:00,0.0,7.600000000000023,-1452.9600000000448,2022-05-10T10:31:00-04:00,0.0,8.600000000000023,-3452.9600000000464,2022-05-10T11:31:00-04:00,0.0,8.100000000000136,-2452.960000000274,2022-05-10T16:00:00-04:00,0.0,9.850000000000136,-5952.960000000274,2022-05-11T16:00:00-04:00,0.0,10.0,-6152.96,2022-05-12T16:00:00-04:00,0.0,9.949999999999989,-6152.959999999978,2022-05-13T16:00:00-04:00,0.0,44.0,hit,81.0,hit,330.0,hit,1491.0,hit,1501.0,hit,2941.0,hit,2947.0,hit,1.0,hit,14.0,hit,0.0,hit,14.0,hit,83.0,hit,110.0,hit,10.0,400,True,True,True,True,,10.0,405,True,True,True,True,,10.0,674,True,True,True,True,,10.0,674,True,True,True,True,,1491.0,2022-05-11T10:22:00-04:00,2.2999999999999545,9147.040000000092,2948.0,2022-05-12T10:39:00-04:00,1.2000000000000455,11347.03999999991,2949.0,2022-05-12T10:40:00-04:00,0.14999999999986358,13447.040000000274,1492.0,2022-05-11T10:23:00-04:00,8.0,-2252.960000000001,2941.0,2022-05-12T10:32:00-04:00,0.6499999999999773,12447.040000000046,2948.0,2022-05-12T10:39:00-04:00,1.2000000000000455,11347.03999999991,2949.0,2022-05-12T10:40:00-04:00,0.14999999999986358,13447.040000000274,,,,,2941.0,2022-05-12T10:32:00-04:00,0.6499999999999773,12447.040000000046,,,,,,,,,,,,,2947.0,2022-05-12T10:38:00-04:00,0.0,13747.04,,,,,,,,,2948.0,2022-05-12T10:39:00-04:00,1.2000000000000455,11347.03999999991,329
2022-05-11,2022-05-13,2,5.0,2022-05-11T09:31:00-04:00,5.0,NDXP  220513P12240000,NDXP  220513P12230000,development,False,False,0,0,0,18,0,1182,available,False,2022-05-11T09:31:00-04:00,2022-05-13T15:59:00-04:00,0.025000000000000022,9697.04,1.0,last_observed_quote_not_settlement,1036.0,612,37,4.699999999999989,347.04000000002344,2022-05-11T09:32:00-04:00,0.0,4.800000000000011,147.03999999997797,2022-05-11T09:33:00-04:00,0.0,5.100000000000023,-452.9600000000448,2022-05-11T09:36:00-04:00,0.0,5.399999999999977,-1052.9599999999539,2022-05-11T09:41:00-04:00,0.0,4.899999999999977,-52.959999999953816,2022-05-11T09:46:00-04:00,0.0,4.449999999999989,847.0400000000234,2022-05-11T10:01:00-04:00,0.0,4.0,1747.0400000000006,2022-05-11T10:31:00-04:00,0.0,4.350000000000023,1047.0399999999552,2022-05-11T11:31:00-04:00,0.0,7.2000000000000455,-4652.96000000009,2022-05-11T16:00:00-04:00,0.0,7.5499999999999545,-5352.959999999908,2022-05-12T16:00:00-04:00,0.0,,,2022-05-13T15:59:00-04:00,60.0,,,,,0.0,hit,0.0,hit,18.0,hit,1460.0,hit,1460.0,hit,1460.0,hit,3224.0,hit,3.0,hit,193.0,hit,248.0,hit,1440.0,hit,1446.0,hit,1682.0,hit,9.200000000000045,246,True,True,True,True,,9.200000000000045,246,True,True,True,True,,9.200000000000045,246,True,True,True,True,,10.0,612,True,True,True,True,,1460.0,2022-05-12T09:51:00-04:00,0.5999999999999659,8547.04000000007,2936.0,2022-05-13T10:27:00-04:00,2.8999999999999986,3947.0400000000036,2946.0,2022-05-13T10:37:00-04:00,2.799999999999997,4147.040000000006,1461.0,2022-05-12T09:52:00-04:00,4.649999999999977,447.0400000000462,1460.0,2022-05-12T09:51:00-04:00,0.5999999999999659,8547.04000000007,3033.0,2022-05-13T12:04:00-04:00,1.75,6247.040000000001,3034.0,2022-05-13T12:05:00-04:00,1.8499999999999979,6047.0400000000045,1461.0,2022-05-12T09:52:00-04:00,4.649999999999977,447.0400000000462,1460.0,2022-05-12T09:51:00-04:00,0.5999999999999659,8547.04000000007,3216.0,2022-05-13T15:07:00-04:00,0.8499999999999996,8047.040000000002,3217.0,2022-05-13T15:08:00-04:00,0.9000000000000004,7947.04,1461.0,2022-05-12T09:52:00-04:00,4.649999999999977,447.0400000000462,3226.0,2022-05-13T15:17:00-04:00,0.44999999999999996,8847.04,3227.0,2022-05-13T15:18:00-04:00,0.44999999999999973,8847.04,3228.0,2022-05-13T15:19:00-04:00,0.3500000000000001,9047.04,3227.0,2022-05-13T15:18:00-04:00,0.44999999999999973,8847.04,330
2022-05-11,2022-05-13,2,6.0,2022-05-11T09:31:00-04:00,6.0,NDXP  220513P12560000,NDXP  220513P12550000,development,False,False,0,0,0,108,0,1092,available,False,2022-05-11T09:31:00-04:00,2022-05-13T15:59:00-04:00,9.900000000000006,-8052.960000000013,1.0,last_observed_quote_not_settlement,1036.0,969,35,6.5499999999999545,-1352.9599999999084,2022-05-11T09:32:00-04:00,0.0,6.649999999999977,-1552.9599999999539,2022-05-11T09:33:00-04:00,0.0,5.0,1747.0400000000006,2022-05-11T09:36:00-04:00,0.0,7.399999999999977,-3052.9599999999537,2022-05-11T09:41:00-04:00,0.0,6.449999999999989,-1152.9599999999766,2022-05-11T09:46:00-04:00,0.0,4.949999999999989,1847.0400000000234,2022-05-11T10:01:00-04:00,0.0,6.199999999999989,-652.9599999999766,2022-05-11T10:31:00-04:00,0.0,6.650000000000034,-1552.9600000000676,2022-05-11T11:31:00-04:00,0.0,,,2022-05-11T15:59:00-04:00,60.0,,,2022-05-12T15:59:00-04:00,60.0,,,2022-05-13T15:59:00-04:00,60.0,,,,,3.0,hit,3.0,hit,268.0,hit,269.0,hit,1453.0,hit,,never_hit,,never_hit,1.0,hit,6.0,hit,6.0,hit,198.0,hit,210.0,hit,213.0,hit,10.0,246,True,True,True,True,,10.0,383,True,True,True,True,,,,True,True,True,False,4.25,,,True,True,True,False,4.25,269.0,2022-05-11T14:00:00-04:00,2.900000000000091,5947.039999999819,,,,,,,,,270.0,2022-05-11T14:01:00-04:00,5.900000000000091,-52.96000000018119,1453.0,2022-05-12T09:44:00-04:00,1.75,8247.04,,,,,,,,,,,,,,,,,,,,,,,,,,,,,,,,,,,,,,,,,,,,,331
2022-05-11,2022-05-13,2,7.0,2022-05-11T09:31:00-04:00,7.0,NDXP  220513P12550000,NDXP  220513P12540000,development,False,False,0,0,0,128,0,1072,available,False,2022-05-11T09:31:00-04:00,2022-05-13T15:59:00-04:00,10.0,-6152.96,1.0,last_observed_quote_not_settlement,1036.0,800,93,6.550000000000068,647.0399999998642,2022-05-11T09:32:00-04:00,0.0,6.699999999999989,347.04000000002344,2022-05-11T09:33:00-04:00,0.0,7.0,-252.9599999999993,2022-05-11T09:36:00-04:00,0.0,8.149999999999977,-2552.9599999999555,2022-05-11T09:41:00-04:00,0.0,5.75,2247.040000000001,2022-05-11T09:46:00-04:00,0.0,6.199999999999989,1347.0400000000234,2022-05-11T10:01:00-04:00,0.0,6.599999999999966,547.0400000000689,2022-05-11T10:31:00-04:00,0.0,7.649999999999977,-1552.9599999999539,2022-05-11T11:31:00-04:00,0.0,9.449999999999932,-5152.9599999998645,2022-05-11T16:00:00-04:00,0.0,,,2022-05-12T15:59:00-04:00,60.0,,,2022-05-13T15:59:00-04:00,60.0,,,,,4.0,hit,4.0,hit,265.0,hit,265.0,hit,1474.0,hit,,never_hit,,never_hit,9.0,hit,9.0,hit,0.0,hit,9.0,hit,214.0,hit,225.0,hit,10.0,116,True,True,True,True,,10.0,247,True,True,True,True,,,,True,True,True,False,5.7999999999999545,,,True,True,True,False,5.7999999999999545,265.0,2022-05-11T13:56:00-04:00,2.7000000000000455,8347.03999999991,,,,,,,,,266.0,2022-05-11T13:57:00-04:00,8.750000000000114,-3752.9600000002283,1474.0,2022-05-12T10:05:00-04:00,1.2000000000000455,11347.03999999991,,,,,,,,,1475.0,2022-05-12T10:06:00-04:00,9.899999999999977,-6052.9599999999555,,,,,,,,,,,,,,,,,,,,,,,,,,,,,,,,,332
2022-05-13,2022-05-16,3,5.0,2022-05-13T09:31:00-04:00,4.899999999999977,NDXP  220516P12160000,NDXP  220516P12150000,development,False,False,0,0,0,1,0,794,available,False,2022-05-13T09:31:00-04:00,2022-05-16T15:59:00-04:00,0.025000000000000022,9497.039999999955,1.0,last_observed_quote_not_settlement,3916.0,10,6,4.700000000000017,147.03999999992112,2022-05-13T09:32:00-04:00,0.0,5.199999999999989,-852.9600000000221,2022-05-13T09:33:00-04:00,0.0,5.850000000000023,-2152.96000000009,2022-05-13T09:36:00-04:00,0.0,4.800000000000011,-52.9600000000675,2022-05-13T09:41:00-04:00,0.0,4.5,547.0399999999552,2022-05-13T09:46:00-04:00,0.0,3.700000000000003,2147.0399999999495,2022-05-13T10:01:00-04:00,0.0,3.3000000000000114,2947.0399999999327,2022-05-13T10:31:00-04:00,0.0,2.8499999999999943,3847.0399999999668,2022-05-13T11:31:00-04:00,0.0,2.25,5047.039999999955,2022-05-13T16:00:00-04:00,0.0,,,2022-05-13T16:15:00-04:00,85500.0,,,2022-05-13T16:15:00-04:00,171900.0,,,2022-05-16T15:59:00-04:00,60.0,0.0,hit,0.0,hit,23.0,hit,84.0,hit,360.0,hit,4569.0,hit,4616.0,hit,3.0,hit,3.0,hit,,never_hit,,never_hit,,never_hit,,never_hit,6.0,9,False,False,False,False,,6.0,9,False,False,False,False,,6.0,10,False,False,False,False,,6.0,10,False,False,False,False,,92.0,2022-05-13T11:03:00-04:00,2.8500000000000085,3847.039999999938,118.0,2022-05-13T11:29:00-04:00,2.8000000000000114,3947.0399999999327,119.0,2022-05-13T11:30:00-04:00,2.8499999999999943,3847.0399999999668,93.0,2022-05-13T11:04:00-04:00,3.1999999999999886,3147.039999999978,4367.0,2022-05-16T10:18:00-04:00,1.9499999999999993,5647.039999999956,4380.0,2022-05-16T10:31:00-04:00,1.75,6047.039999999955,4381.0,2022-05-16T10:32:00-04:00,1.9499999999999993,5647.039999999956,4368.0,2022-05-16T10:19:00-04:00,2.200000000000003,5147.03999999995,4569.0,2022-05-16T13:40:00-04:00,0.9000000000000004,7747.0399999999545,4595.0,2022-05-16T14:06:00-04:00,0.6749999999999994,8197.039999999957,4596.0,2022-05-16T14:07:00-04:00,0.6500000000000004,8247.039999999955,4570.0,2022-05-16T13:41:00-04:00,0.9999999999999991,7547.039999999957,4617.0,2022-05-16T14:28:00-04:00,0.3500000000000003,8847.039999999955,4618.0,2022-05-16T14:29:00-04:00,0.30000000000000027,8947.039999999955,4619.0,2022-05-16T14:30:00-04:00,0.30000000000000004,8947.039999999957,4618.0,2022-05-16T14:29:00-04:00,0.30000000000000027,8947.039999999955,333
2022-05-13,2022-05-16,3,6.0,2022-05-13T09:31:00-04:00,6.0,NDXP  220516P12230000,NDXP  220516P12220000,development,False,False,0,0,0,1,0,794,available,False,2022-05-13T09:31:00-04:00,2022-05-16T16:00:00-04:00,1.5,8747.04,0.0,last_observed_quote_not_settlement,3916.0,7,14,5.450000000000017,847.0399999999665,2022-05-13T09:32:00-04:00,0.0,4.900000000000034,1947.0399999999324,2022-05-13T09:33:00-04:00,0.0,6.050000000000011,-352.96000000002203,2022-05-13T09:36:00-04:00,0.0,5.5,747.0400000000006,2022-05-13T09:41:00-04:00,0.0,5.349999999999994,1047.040000000012,2022-05-13T09:46:00-04:00,0.0,4.349999999999994,3047.0400000000122,2022-05-13T10:01:00-04:00,0.0,3.8499999999999943,4047.040000000012,2022-05-13T10:31:00-04:00,0.0,3.4000000000000057,4947.039999999989,2022-05-13T11:31:00-04:00,0.0,2.950000000000003,5847.039999999995,2022-05-13T16:00:00-04:00,0.0,,,2022-05-13T16:15:00-04:00,85500.0,,,2022-05-13T16:15:00-04:00,171900.0,1.5,8747.04,2022-05-16T16:00:00-04:00,0.0,1.0,hit,2.0,hit,32.0,hit,157.0,hit,379.0,hit,4618.0,hit,,never_hit,4696.0,hit,4696.0,hit,4696.0,hit,,never_hit,,never_hit,,never_hit,6.050000000000011,1,False,False,False,False,,6.050000000000011,1,False,False,False,False,,6.349999999999994,6,False,False,False,False,,,,True,False,False,False,5.450000000000001,159.0,2022-05-13T12:10:00-04:00,2.8999999999999915,5947.040000000018,160.0,2022-05-13T12:11:00-04:00,2.8999999999999915,5947.040000000018,161.0,2022-05-13T12:12:00-04:00,2.8999999999999915,5947.040000000018,160.0,2022-05-13T12:11:00-04:00,2.8999999999999915,5947.040000000018,379.0,2022-05-13T15:50:00-04:00,1.5999999999999943,8547.040000000014,4596.0,2022-05-16T14:07:00-04:00,1.5500000000000007,8647.04,4597.0,2022-05-16T14:08:00-04:00,1.5999999999999979,8547.040000000006,380.0,2022-05-13T15:51:00-04:00,3.5,4747.040000000001,4619.0,2022-05-16T14:30:00-04:00,0.8500000000000005,10047.04,4620.0,2022-05-16T14:31:00-04:00,0.75,10247.04,4621.0,2022-05-16T14:32:00-04:00,0.9000000000000004,9947.04,4620.0,2022-05-16T14:31:00-04:00,0.75,10247.04,,,,,,,,,,,,,,,,,334
2022-05-13,2022-05-16,3,7.0,2022-05-13T09:31:00-04:00,7.0,NDXP  220516P12400000,NDXP  220516P12390000,development,False,False,0,0,0,8,0,787,available,False,2022-05-13T09:31:00-04:00,2022-05-16T16:00:00-04:00,10.0,-6152.96,0.0,last_observed_quote_not_settlement,3916.0,221,73,7.0,-252.9599999999993,2022-05-13T09:32:00-04:00,0.0,6.7999999999999545,147.04000000009165,2022-05-13T09:33:00-04:00,0.0,6.649999999999977,447.0400000000462,2022-05-13T09:36:00-04:00,0.0,6.899999999999977,-52.959999999953816,2022-05-13T09:41:00-04:00,0.0,6.600000000000023,547.0399999999552,2022-05-13T09:46:00-04:00,0.0,6.250000000000028,1247.0399999999438,2022-05-13T10:01:00-04:00,0.0,5.75,2247.040000000001,2022-05-13T10:31:00-04:00,0.0,4.349999999999994,5047.040000000012,2022-05-13T11:31:00-04:00,0.0,4.900000000000006,3947.0399999999895,2022-05-13T16:00:00-04:00,0.0,,,2022-05-13T16:15:00-04:00,85500.0,,,2022-05-13T16:15:00-04:00,171900.0,10.0,-6152.96,2022-05-16T16:00:00-04:00,0.0,22.0,hit,29.0,hit,102.0,hit,362.0,hit,,never_hit,,never_hit,,never_hit,13.0,hit,13.0,hit,0.0,hit,13.0,hit,4447.0,hit,4668.0,hit,8.800000000000011,6,True,True,False,False,,,,True,True,True,False,4.0,,,True,True,True,False,4.0,,,True,True,True,False,4.0,,,,,,,,,,,,,,,,,,,,,,,,,,,,,,,,,,,,,,,,,,,,,,,,,,,,,,,,,,,,,,,,,335
2022-05-16,2022-05-18,2,5.0,2022-05-16T09:31:00-04:00,5.0,NDXP  220518P12350000,NDXP  220518P12340000,development,False,False,0,0,0,43,0,1156,available,False,2022-05-16T09:31:00-04:00,2022-05-18T15:59:00-04:00,8.699999999999989,-7652.959999999978,1.0,last_observed_quote_not_settlement,1036.0,542,119,5.050000000000011,-352.96000000002203,2022-05-16T09:32:00-04:00,0.0,2.8499999999999943,4047.040000000012,2022-05-16T09:33:00-04:00,0.0,5.400000000000006,-1052.9600000000107,2022-05-16T09:36:00-04:00,0.0,4.949999999999989,-152.95999999997656,2022-05-16T09:41:00-04:00,0.0,5.999999999999972,-2252.9599999999423,2022-05-16T09:46:00-04:00,0.0,5.600000000000023,-1452.9600000000448,2022-05-16T10:01:00-04:00,0.0,4.0,1747.0400000000006,2022-05-16T10:31:00-04:00,0.0,5.699999999999989,-1652.9599999999766,2022-05-16T11:31:00-04:00,0.0,5.699999999999989,-1652.9599999999766,2022-05-16T16:00:00-04:00,0.0,1.8499999999999943,6047.040000000012,2022-05-17T16:00:00-04:00,0.0,,,2022-05-18T15:59:00-04:00,60.0,,,,,0.0,hit,0.0,hit,2.0,hit,2.0,hit,1773.0,hit,,never_hit,,never_hit,15.0,hit,16.0,hit,48.0,hit,2980.0,hit,2993.0,hit,3018.0,hit,5.050000000000011,1,False,False,False,False,,7.150000000000034,262,True,False,False,False,,,,True,True,True,False,3.5500000000000043,,,True,True,True,False,3.5500000000000043,2.0,2022-05-16T09:33:00-04:00,2.8499999999999943,4047.040000000012,1664.0,2022-05-17T13:15:00-04:00,2.8999999999999915,3947.0400000000177,1665.0,2022-05-17T13:16:00-04:00,2.9000000000000057,3947.0399999999895,3.0,2022-05-16T09:34:00-04:00,4.900000000000006,-52.96000000001066,1773.0,2022-05-17T15:04:00-04:00,1.9499999999999957,5847.040000000009,1790.0,2022-05-17T15:21:00-04:00,1.8999999999999986,5947.040000000004,1791.0,2022-05-17T15:22:00-04:00,1.8500000000000014,6047.039999999998,1774.0,2022-05-17T15:05:00-04:00,1.999999999999993,5747.0400000000145,,,,,,,,,,,,,,,,,,,,,,,,,,,,,,,,,336
2022-05-16,2022-05-18,2,6.0,2022-05-16T09:31:00-04:00,5.949999999999932,NDXP  220518P12450000,NDXP  220518P12440000,development,False,False,0,0,0,93,0,1106,available,False,2022-05-16T09:31:00-04:00,2022-05-18T15:53:00-04:00,8.099999999999909,-4552.9599999999555,7.0,last_observed_quote_not_settlement,1036.0,509,111,5.399999999999977,847.0399999999097,2022-05-16T09:32:00-04:00,0.0,6.7000000000000455,-1752.9600000002267,2022-05-16T09:33:00-04:00,0.0,6.300000000000011,-952.9600000001585,2022-05-16T09:36:00-04:00,0.0,5.849999999999966,-52.9600000000675,2022-05-16T09:41:00-04:00,0.0,6.5,-1352.9600000001358,2022-05-16T09:46:00-04:00,0.0,6.800000000000011,-1952.9600000001585,2022-05-16T10:01:00-04:00,0.0,5.750000000000028,147.03999999980743,2022-05-16T10:31:00-04:00,0.0,6.050000000000011,-452.96000000015846,2022-05-16T11:31:00-04:00,0.0,6.600000000000023,-1552.9600000001813,2022-05-16T16:00:00-04:00,0.0,2.950000000000003,5747.039999999859,2022-05-17T16:00:00-04:00,0.0,,,2022-05-18T15:53:00-04:00,420.0,,,,,1.0,hit,49.0,hit,1443.0,hit,1499.0,hit,,never_hit,,never_hit,,never_hit,2.0,hit,21.0,hit,21.0,hit,21.0,hit,2985.0,hit,2986.0,hit,8.799999999999955,244,True,True,False,False,,,,True,True,True,False,3.699999999999932,,,True,True,True,False,3.699999999999932,,,True,True,True,False,3.699999999999932,1499.0,2022-05-17T10:30:00-04:00,2.5999999999999943,6447.039999999875,1840.0,2022-05-17T16:11:00-04:00,2.8500000000000014,5947.039999999862,1841.0,2022-05-17T16:12:00-04:00,2.8999999999999915,5847.039999999882,1500.0,2022-05-17T10:31:00-04:00,4.5499999999999545,2547.0399999999554,,,,,,,,,,,,,,,,,,,,,,,,,,,,,,,,,,,,,,,,,,,,,,,,,337
2022-05-16,2022-05-18,2,7.0,2022-05-16T09:31:00-04:00,7.050000000000011,NDXP  220518P12590000,NDXP  220518P12580000,development,False,False,0,0,0,79,0,1120,available,False,2022-05-16T09:31:00-04:00,2022-05-18T15:59:00-04:00,9.950000000000045,-6052.959999999977,1.0,last_observed_quote_not_settlement,1036.0,573,133,6.850000000000023,147.03999999997797,2022-05-16T09:32:00-04:00,0.0,6.899999999999977,47.04000000006892,2022-05-16T09:33:00-04:00,0.0,7.399999999999977,-952.9599999999311,2022-05-16T09:36:00-04:00,0.0,6.699999999999989,447.0400000000462,2022-05-16T09:41:00-04:00,0.0,7.399999999999977,-952.9599999999311,2022-05-16T09:46:00-04:00,0.0,8.5,-3152.959999999978,2022-05-16T10:01:00-04:00,0.0,6.7000000000000455,447.0399999999325,2022-05-16T10:31:00-04:00,0.0,6.949999999999989,-52.959999999953816,2022-05-16T11:31:00-04:00,0.0,8.150000000000034,-2452.9600000000464,2022-05-16T16:00:00-04:00,0.0,4.550000000000011,4747.040000000001,2022-05-17T16:00:00-04:00,0.0,,,2022-05-18T15:59:00-04:00,60.0,,,,,34.0,hit,34.0,hit,34.0,hit,34.0,hit,34.0,hit,34.0,hit,,never_hit,6.0,hit,6.0,hit,0.0,hit,6.0,hit,379.0,hit,379.0,hit,8.600000000000023,20,True,True,False,False,,8.600000000000023,20,True,True,False,False,,8.600000000000023,20,True,True,False,False,,,,True,True,True,False,6.399999999999977,34.0,2022-05-16T10:05:00-04:00,0.6500000000000341,12547.039999999955,,,,,,,,,35.0,2022-05-16T10:06:00-04:00,7.199999999999989,-552.9599999999539,34.0,2022-05-16T10:05:00-04:00,0.6500000000000341,12547.039999999955,,,,,,,,,35.0,2022-05-16T10:06:00-04:00,7.199999999999989,-552.9599999999539,34.0,2022-05-16T10:05:00-04:00,0.6500000000000341,12547.039999999955,,,,,,,,,35.0,2022-05-16T10:06:00-04:00,7.199999999999989,-552.9599999999539,,,,,,,,,,,,,,,,,338
2022-05-20,2022-05-23,3,5.0,2022-05-20T09:31:00-04:00,5.049999999999983,NDXP  220523P12030000,NDXP  220523P12020000,development,False,False,0,0,0,3,0,792,available,False,2022-05-20T09:31:00-04:00,2022-05-23T16:00:00-04:00,0.0,9847.039999999968,0.0,last_observed_quote_not_settlement,3916.0,696,70,4.800000000000011,247.03999999994383,2022-05-20T09:32:00-04:00,0.0,4.999999999999972,-152.95999999997656,2022-05-20T09:33:00-04:00,0.0,5.500000000000028,-1152.9600000000903,2022-05-20T09:36:00-04:00,0.0,5.2000000000000455,-552.9600000001244,2022-05-20T09:41:00-04:00,0.0,5.349999999999966,-852.9599999999652,2022-05-20T09:46:00-04:00,0.0,4.900000000000006,47.039999999955235,2022-05-20T10:01:00-04:00,0.0,5.800000000000011,-1752.9600000000562,2022-05-20T10:31:00-04:00,0.0,7.199999999999989,-4552.960000000011,2022-05-20T11:31:00-04:00,0.0,7.75,-5652.960000000034,2022-05-20T16:00:00-04:00,0.0,,,2022-05-20T16:15:00-04:00,85500.0,,,2022-05-20T16:15:00-04:00,171900.0,0.0,9847.039999999968,2022-05-23T16:00:00-04:00,0.0,0.0,hit,1.0,hit,35.0,hit,4503.0,hit,4709.0,hit,4709.0,hit,4709.0,hit,38.0,hit,39.0,hit,84.0,hit,104.0,hit,155.0,hit,180.0,hit,10.0,534,True,True,True,True,,10.0,696,True,True,True,True,,10.0,696,True,True,True,True,,10.0,696,True,True,True,True,,4503.0,2022-05-23T12:34:00-04:00,2.75,4347.039999999966,,,,,,,,,4504.0,2022-05-23T12:35:00-04:00,5.650000000000006,-1452.9600000000448,4709.0,2022-05-23T16:00:00-04:00,0.0,9847.039999999968,,,,,,,,,,,,,4709.0,2022-05-23T16:00:00-04:00,0.0,9847.039999999968,,,,,,,,,,,,,4709.0,2022-05-23T16:00:00-04:00,0.0,9847.039999999968,,,,,,,,,,,,,339
2022-05-20,2022-05-23,3,6.0,2022-05-20T09:31:00-04:00,6.050000000000011,NDXP  220523P12140000,NDXP  220523P12130000,development,False,False,0,0,0,19,0,775,available,False,2022-05-20T09:31:00-04:00,2022-05-23T15:58:00-04:00,9.949999999999989,-8052.9599999999555,2.0,last_observed_quote_not_settlement,3916.0,744,18,6.300000000000011,-752.9599999999994,2022-05-20T09:32:00-04:00,0.0,6.25,-652.9599999999766,2022-05-20T09:33:00-04:00,0.0,6.300000000000011,-752.9599999999994,2022-05-20T09:36:00-04:00,0.0,5.949999999999989,-52.959999999953816,2022-05-20T09:41:00-04:00,0.0,6.0,-152.95999999997656,2022-05-20T09:46:00-04:00,0.0,6.549999999999983,-1252.9599999999425,2022-05-20T10:01:00-04:00,0.0,6.999999999999943,-2152.9599999998627,2022-05-20T10:31:00-04:00,0.0,8.600000000000023,-5352.960000000024,2022-05-20T11:31:00-04:00,0.0,8.550000000000068,-5252.960000000115,2022-05-20T16:00:00-04:00,0.0,,,2022-05-20T16:15:00-04:00,85500.0,,,2022-05-20T16:15:00-04:00,171900.0,,,2022-05-23T15:58:00-04:00,120.0,14.0,hit,,never_hit,,never_hit,,never_hit,,never_hit,,never_hit,,never_hit,7.0,hit,11.0,hit,11.0,hit,82.0,hit,107.0,hit,114.0,hit,,,True,True,True,False,0.5999999999999943,,,True,True,True,False,0.5999999999999943,,,True,True,True,False,0.5999999999999943,,,True,True,True,False,0.5999999999999943,,,,,,,,,,,,,,,,,,,,,,,,,,,,,,,,,,,,,,,,,,,,,,,,,,,,,,,,,,,,,,,,,340
2022-05-20,2022-05-23,3,7.0,2022-05-20T09:31:00-04:00,6.900000000000006,NDXP  220523P12200000,NDXP  220523P12190000,development,False,False,0,0,1,81,0,712,available,False,2022-05-20T09:31:00-04:00,2022-05-23T15:59:00-04:00,9.899999999999977,-6252.959999999945,1.0,last_observed_quote_not_settlement,3916.0,618,54,6.75,47.04000000001208,2022-05-20T09:32:00-04:00,0.0,6.850000000000023,-152.9600000000334,2022-05-20T09:33:00-04:00,0.0,7.100000000000023,-652.9600000000335,2022-05-20T09:36:00-04:00,0.0,7.0,-452.95999999998793,2022-05-20T09:41:00-04:00,0.0,6.5,547.040000000012,2022-05-20T09:46:00-04:00,0.0,6.4500000000000455,647.0399999999211,2022-05-20T10:01:00-04:00,0.0,8.049999999999955,-2552.9599999998986,2022-05-20T10:31:00-04:00,0.0,7.7999999999999545,-2052.959999999897,2022-05-20T11:31:00-04:00,0.0,8.25,-2952.9599999999896,2022-05-20T16:00:00-04:00,0.0,,,2022-05-20T16:15:00-04:00,85500.0,,,2022-05-20T16:15:00-04:00,171900.0,,,2022-05-23T15:59:00-04:00,60.0,63.0,hit,115.0,hit,115.0,hit,,never_hit,,never_hit,,never_hit,,never_hit,6.0,hit,9.0,hit,5.0,hit,9.0,hit,92.0,hit,103.0,hit,,,True,True,True,False,3.3499999999999375,,,True,True,True,False,3.3499999999999375,,,True,True,True,False,3.3499999999999375,,,True,True,True,False,3.3499999999999375,,,,,,,,,,,,,,,,,,,,,,,,,,,,,,,,,,,,,,,,,,,,,,,,,,,,,,,,,,,,,,,,,341
2022-05-23,2022-05-25,2,5.0,2022-05-23T09:31:00-04:00,5.099999999999966,NDXP  220525P11930000,NDXP  220525P11920000,development,False,False,0,0,1,0,0,1199,available,False,2022-05-23T09:31:00-04:00,2022-05-25T16:00:00-04:00,0.0,9947.039999999934,0.0,last_observed_quote_not_settlement,1036.0,759,82,5.400000000000006,-852.9600000000789,2022-05-23T09:32:00-04:00,0.0,5.549999999999983,-1152.9600000000335,2022-05-23T09:33:00-04:00,0.0,5.300000000000011,-652.9600000000903,2022-05-23T09:36:00-04:00,0.0,5.5,-1052.9600000000676,2022-05-23T09:41:00-04:00,0.0,4.399999999999977,1147.039999999978,2022-05-23T09:46:00-04:00,0.0,5.749999999999972,-1552.9600000000107,2022-05-23T10:01:00-04:00,0.0,6.199999999999989,-2452.9600000000446,2022-05-23T10:31:00-04:00,0.0,4.5,947.0399999999324,2022-05-23T11:31:00-04:00,0.0,3.5999999999999943,2747.039999999944,2022-05-23T16:00:00-04:00,0.0,7.600000000000023,-5252.960000000113,2022-05-24T16:00:00-04:00,0.0,0.0,9947.039999999934,2022-05-25T16:00:00-04:00,0.0,,,,,0.0,hit,3.0,hit,21.0,hit,2948.0,hit,3212.0,hit,3219.0,hit,3269.0,hit,6.0,hit,25.0,hit,39.0,hit,93.0,hit,93.0,hit,1756.0,hit,9.650000000000091,530,True,True,True,True,,9.650000000000091,756,True,True,True,True,,9.650000000000091,756,True,True,True,True,,9.650000000000091,759,True,True,True,True,,2948.0,2022-05-25T10:39:00-04:00,2.3499999999999943,5247.039999999944,3211.0,2022-05-25T15:02:00-04:00,2.0500000000000007,5847.039999999931,3212.0,2022-05-25T15:03:00-04:00,1.4000000000000004,7147.039999999932,2949.0,2022-05-25T10:40:00-04:00,6.0,-2052.9600000000673,3212.0,2022-05-25T15:03:00-04:00,1.4000000000000004,7147.039999999932,3213.0,2022-05-25T15:04:00-04:00,1.25,7447.039999999933,3214.0,2022-05-25T15:05:00-04:00,1.2999999999999998,7347.039999999933,3213.0,2022-05-25T15:04:00-04:00,1.25,7447.039999999933,3220.0,2022-05-25T15:11:00-04:00,0.8999999999999999,8147.039999999931,3221.0,2022-05-25T15:12:00-04:00,0.6750000000000003,8597.039999999932,3222.0,2022-05-25T15:13:00-04:00,0.6999999999999997,8547.039999999934,3221.0,2022-05-25T15:12:00-04:00,0.6750000000000003,8597.039999999932,3269.0,2022-05-25T16:00:00-04:00,0.0,9947.039999999934,,,,,,,,,,,,,342
2022-05-23,2022-05-25,2,6.0,2022-05-23T09:31:00-04:00,6.199999999999989,NDXP  220525P12130000,NDXP  220525P12120000,development,False,False,0,0,0,18,0,1180,available,False,2022-05-23T09:31:00-04:00,2022-05-25T15:58:00-04:00,10.0,-7752.960000000023,2.0,last_observed_quote_not_settlement,1036.0,943,103,7.199999999999989,-2252.959999999999,2022-05-23T09:32:00-04:00,0.0,7.2000000000000455,-2252.960000000113,2022-05-23T09:33:00-04:00,0.0,7.0,-1852.960000000022,2022-05-23T09:36:00-04:00,0.0,7.0,-1852.960000000022,2022-05-23T09:41:00-04:00,0.0,6.249999999999943,-352.95999999990835,2022-05-23T09:46:00-04:00,0.0,7.350000000000023,-2552.9600000000673,2022-05-23T10:01:00-04:00,0.0,7.399999999999977,-2652.9599999999764,2022-05-23T10:31:00-04:00,0.0,6.399999999999977,-652.9599999999766,2022-05-23T11:31:00-04:00,0.0,5.699999999999989,747.0400000000006,2022-05-23T16:00:00-04:00,0.0,9.149999999999977,-6152.959999999978,2022-05-24T16:00:00-04:00,0.0,,,2022-05-25T15:58:00-04:00,120.0,,,,,155.0,hit,286.0,hit,1730.0,hit,,never_hit,,never_hit,,never_hit,,never_hit,1.0,hit,1.0,hit,1.0,hit,103.0,hit,1459.0,hit,1465.0,hit,,,True,True,True,False,2.25,,,True,True,True,False,2.25,,,True,True,True,False,2.25,,,True,True,True,False,2.25,,,,,,,,,,,,,,,,,,,,,,,,,,,,,,,,,,,,,,,,,,,,,,,,,,,,,,,,,,,,,,,,,343
2022-05-23,2022-05-25,2,7.0,2022-05-23T09:31:00-04:00,7.0,NDXP  220525P12140000,NDXP  220525P12130000,development,False,False,0,0,0,60,0,1138,available,False,2022-05-23T09:31:00-04:00,2022-05-25T15:59:00-04:00,9.000000000000028,-4252.960000000058,1.0,last_observed_quote_not_settlement,1036.0,743,50,7.199999999999989,-652.9599999999766,2022-05-23T09:32:00-04:00,0.0,7.149999999999977,-552.9599999999539,2022-05-23T09:33:00-04:00,0.0,6.899999999999977,-52.959999999953816,2022-05-23T09:36:00-04:00,0.0,7.25,-752.9599999999994,2022-05-23T09:41:00-04:00,0.0,6.5,747.0400000000006,2022-05-23T09:46:00-04:00,0.0,7.600000000000023,-1452.9600000000448,2022-05-23T10:01:00-04:00,0.0,6.5499999999999545,647.0400000000916,2022-05-23T10:31:00-04:00,0.0,6.5,747.0400000000006,2022-05-23T11:31:00-04:00,0.0,6.0,1747.0400000000006,2022-05-23T16:00:00-04:00,0.0,9.449999999999989,-5152.959999999978,2022-05-24T16:00:00-04:00,0.0,,,2022-05-25T15:59:00-04:00,60.0,,,,,103.0,hit,273.0,hit,1456.0,hit,,never_hit,,never_hit,,never_hit,,never_hit,6.0,hit,32.0,hit,0.0,hit,32.0,hit,1455.0,hit,1455.0,hit,,,True,True,True,False,3.2999999999999545,,,True,True,True,False,3.2999999999999545,,,True,True,True,False,3.2999999999999545,,,True,True,True,False,3.2999999999999545,,,,,,,,,,,,,,,,,,,,,,,,,,,,,,,,,,,,,,,,,,,,,,,,,,,,,,,,,,,,,,,,,344
2022-05-24,2022-05-27,3,5.0,2022-05-24T09:31:00-04:00,5.050000000000011,NDXP  220527P11840000,NDXP  220527P11830000,development,False,False,0,0,1,0,0,1604,available,False,2022-05-24T09:31:00-04:00,2022-05-27T16:00:00-04:00,0.0,9847.040000000025,0.0,last_observed_quote_not_settlement,1036.0,436,88,5.349999999999994,-852.9599999999652,2022-05-24T09:32:00-04:00,0.0,6.0,-2152.9599999999764,2022-05-24T09:33:00-04:00,0.0,5.050000000000011,-252.9599999999993,2022-05-24T09:36:00-04:00,0.0,5.300000000000011,-752.9599999999994,2022-05-24T09:41:00-04:00,0.0,5.5,-1152.9599999999766,2022-05-24T09:46:00-04:00,0.0,6.150000000000034,-2452.9600000000446,2022-05-24T10:01:00-04:00,0.0,5.9500000000000455,-2052.9600000000673,2022-05-24T10:31:00-04:00,0.0,6.350000000000023,-2852.960000000022,2022-05-24T11:31:00-04:00,0.0,6.199999999999989,-2552.9599999999537,2022-05-24T16:00:00-04:00,0.0,3.5999999999999943,2647.040000000035,2022-05-25T16:00:00-04:00,0.0,0.3999999999999986,9047.040000000026,2022-05-26T16:00:00-04:00,0.0,0.0,9847.040000000025,2022-05-27T16:00:00-04:00,0.0,0.0,hit,3.0,hit,1446.0,hit,1777.0,hit,2902.0,hit,2973.0,hit,3048.0,hit,2.0,hit,16.0,hit,43.0,hit,,never_hit,,never_hit,,never_hit,7.849999999999994,436,True,False,False,False,,7.849999999999994,436,True,False,False,False,,7.849999999999994,436,True,False,False,False,,7.849999999999994,436,True,False,False,False,,1778.0,2022-05-25T15:09:00-04:00,2.9000000000000057,4047.040000000012,1779.0,2022-05-25T15:10:00-04:00,2.9499999999999886,3947.0400000000463,2890.0,2022-05-26T09:41:00-04:00,2.6000000000000014,4647.040000000021,1779.0,2022-05-25T15:10:00-04:00,2.9499999999999886,3947.0400000000463,2906.0,2022-05-26T09:57:00-04:00,1.8500000000000014,6147.040000000021,2907.0,2022-05-26T09:58:00-04:00,1.8500000000000014,6147.040000000021,2908.0,2022-05-26T09:59:00-04:00,1.8500000000000014,6147.040000000021,2907.0,2022-05-26T09:58:00-04:00,1.8500000000000014,6147.040000000021,2973.0,2022-05-26T11:04:00-04:00,0.8999999999999986,8047.040000000026,2974.0,2022-05-26T11:05:00-04:00,0.8499999999999979,8147.040000000027,2975.0,2022-05-26T11:06:00-04:00,0.8999999999999986,8047.040000000026,2974.0,2022-05-26T11:05:00-04:00,0.8499999999999979,8147.040000000027,3054.0,2022-05-26T12:25:00-04:00,0.40000000000000036,9047.040000000023,3055.0,2022-05-26T12:26:00-04:00,0.4499999999999993,8947.040000000026,3101.0,2022-05-26T13:12:00-04:00,0.40000000000000036,9047.040000000023,3055.0,2022-05-26T12:26:00-04:00,0.4499999999999993,8947.040000000026,345
2022-05-24,2022-05-27,3,6.0,2022-05-24T09:31:00-04:00,6.099999999999966,NDXP  220527P11930000,NDXP  220527P11920000,development,False,False,0,0,1,6,0,1598,available,False,2022-05-24T09:31:00-04:00,2022-05-27T16:00:00-04:00,8.4,-4852.96000000007,0.0,last_observed_quote_not_settlement,1042.0,356,258,4.9500000000000455,2047.0399999998417,2022-05-24T09:32:00-04:00,0.0,4.550000000000011,2847.03999999991,2022-05-24T09:33:00-04:00,0.0,4.650000000000091,2647.0399999997508,2022-05-24T09:36:00-04:00,0.0,5.850000000000023,247.039999999887,2022-05-24T09:41:00-04:00,0.0,5.649999999999977,647.0399999999779,2022-05-24T09:46:00-04:00,0.0,6.4500000000000455,-952.9600000001585,2022-05-24T10:01:00-04:00,0.0,6.7000000000000455,-1452.9600000001585,2022-05-24T10:31:00-04:00,0.0,8.050000000000011,-4152.960000000092,2022-05-24T11:31:00-04:00,0.0,5.050000000000011,1847.0399999999097,2022-05-24T16:00:00-04:00,0.0,4.450000000000017,3047.0399999998986,2022-05-25T16:00:00-04:00,0.0,0.6999999999999993,10547.039999999935,2022-05-26T16:00:00-04:00,0.0,8.4,-4852.96000000007,2022-05-27T16:00:00-04:00,0.0,1.0,hit,1.0,hit,12.0,hit,2897.0,hit,2929.0,hit,3043.0,hit,3148.0,hit,4.0,hit,11.0,hit,4.0,hit,33.0,hit,,never_hit,,never_hit,8.950000000000045,355,True,True,False,False,,8.950000000000045,355,True,True,False,False,,8.950000000000045,355,True,True,False,False,,8.950000000000045,355,True,True,False,False,,2902.0,2022-05-26T09:53:00-04:00,2.549999999999997,6847.039999999938,2903.0,2022-05-26T09:54:00-04:00,2.5500000000000043,6847.039999999924,2904.0,2022-05-26T09:55:00-04:00,2.749999999999986,6447.039999999961,2903.0,2022-05-26T09:54:00-04:00,2.5500000000000043,6847.039999999924,2931.0,2022-05-26T10:22:00-04:00,1.8999999999999986,8147.0399999999345,2962.0,2022-05-26T10:53:00-04:00,1.8500000000000014,8247.03999999993,2966.0,2022-05-26T10:57:00-04:00,1.5,8947.039999999934,2932.0,2022-05-26T10:23:00-04:00,2.049999999999997,7847.039999999938,3044.0,2022-05-26T12:15:00-04:00,0.8500000000000032,10247.039999999926,3053.0,2022-05-26T12:24:00-04:00,0.9000000000000004,10147.039999999932,3054.0,2022-05-26T12:25:00-04:00,0.8499999999999979,10247.039999999937,3045.0,2022-05-26T12:16:00-04:00,1.0,9947.039999999934,3217.0,2022-05-26T15:08:00-04:00,0.4499999999999993,11047.039999999935,4327.0,2022-05-27T09:38:00-04:00,0.07499999999999996,11797.039999999934,4328.0,2022-05-27T09:39:00-04:00,0.07500000000000007,11797.039999999934,3218.0,2022-05-26T15:09:00-04:00,0.6000000000000014,10747.03999999993,346
2022-05-24,2022-05-27,3,7.0,2022-05-24T09:31:00-04:00,6.999999999999943,NDXP  220527P12070000,NDXP  220527P12060000,development,False,False,0,0,0,62,0,1542,available,False,2022-05-24T09:31:00-04:00,2022-05-27T16:00:00-04:00,0.0,13747.039999999888,0.0,last_observed_quote_not_settlement,1036.0,490,129,6.699999999999932,347.04000000002344,2022-05-24T09:32:00-04:00,0.0,6.7000000000000455,347.03999999979607,2022-05-24T09:33:00-04:00,0.0,7.0,-252.96000000011298,2022-05-24T09:36:00-04:00,0.0,7.399999999999977,-1052.9600000000676,2022-05-24T09:41:00-04:00,0.0,7.249999999999943,-752.9599999999994,2022-05-24T09:46:00-04:00,0.0,8.099999999999966,-2452.9600000000464,2022-05-24T10:01:00-04:00,0.0,8.149999999999977,-2552.960000000069,2022-05-24T10:31:00-04:00,0.0,7.949999999999989,-2152.96000000009,2022-05-24T11:31:00-04:00,0.0,7.0499999999999545,-352.96000000002203,2022-05-24T16:00:00-04:00,0.0,4.699999999999989,4347.03999999991,2022-05-25T16:00:00-04:00,0.0,1.75,10247.039999999888,2022-05-26T16:00:00-04:00,0.0,0.0,13747.039999999888,2022-05-27T16:00:00-04:00,0.0,17.0,hit,17.0,hit,17.0,hit,17.0,hit,2909.0,hit,2909.0,hit,2909.0,hit,8.0,hit,8.0,hit,5.0,hit,8.0,hit,50.0,hit,,never_hit,8.100000000000023,11,True,True,False,False,,9.149999999999977,490,True,True,True,True,,9.149999999999977,490,True,True,True,True,,9.149999999999977,490,True,True,True,True,,17.0,2022-05-24T09:48:00-04:00,2.8000000000000114,8147.0399999998635,2972.0,2022-05-26T11:03:00-04:00,2.700000000000003,8347.039999999883,2973.0,2022-05-26T11:04:00-04:00,2.799999999999997,8147.039999999893,18.0,2022-05-24T09:49:00-04:00,6.7000000000000455,347.03999999979607,2909.0,2022-05-26T10:00:00-04:00,0.3999999999999915,12947.039999999904,3051.0,2022-05-26T12:22:00-04:00,1.9499999999999957,9847.039999999897,3052.0,2022-05-26T12:23:00-04:00,1.9000000000000057,9947.039999999877,2910.0,2022-05-26T10:01:00-04:00,4.200000000000003,5347.039999999882,2909.0,2022-05-26T10:00:00-04:00,0.3999999999999915,12947.039999999904,4321.0,2022-05-27T09:32:00-04:00,0.3250000000000002,13097.039999999888,4322.0,2022-05-27T09:33:00-04:00,0.4249999999999998,12897.039999999888,2910.0,2022-05-26T10:01:00-04:00,4.200000000000003,5347.039999999882,2909.0,2022-05-26T10:00:00-04:00,0.3999999999999915,12947.039999999904,4321.0,2022-05-27T09:32:00-04:00,0.3250000000000002,13097.039999999888,4322.0,2022-05-27T09:33:00-04:00,0.4249999999999998,12897.039999999888,2910.0,2022-05-26T10:01:00-04:00,4.200000000000003,5347.039999999882,347
2022-05-25,2022-05-27,2,5.0,2022-05-25T09:31:00-04:00,5.049999999999983,NDXP  220527P11810000,NDXP  220527P11800000,development,False,False,0,0,0,26,0,1174,available,False,2022-05-25T09:31:00-04:00,2022-05-27T16:00:00-04:00,9.65,-9452.960000000036,0.0,last_observed_quote_not_settlement,1041.0,20,25,4.699999999999989,447.03999999998933,2022-05-25T09:32:00-04:00,0.0,5.450000000000017,-1052.9600000000676,2022-05-25T09:33:00-04:00,0.0,4.5,847.0399999999665,2022-05-25T09:36:00-04:00,0.0,4.649999999999977,547.040000000012,2022-05-25T09:41:00-04:00,0.0,4.599999999999994,647.0399999999779,2022-05-25T09:46:00-04:00,0.0,5.5,-1152.9600000000335,2022-05-25T10:01:00-04:00,0.0,4.049999999999983,1747.0400000000006,2022-05-25T10:31:00-04:00,0.0,4.25,1347.0399999999665,2022-05-25T11:31:00-04:00,0.0,3.25,3347.0399999999668,2022-05-25T16:00:00-04:00,0.0,0.3000000000000007,9247.039999999966,2022-05-26T16:00:00-04:00,0.0,9.65,-9452.960000000036,2022-05-27T16:00:00-04:00,0.0,,,,,0.0,hit,1.0,hit,51.0,hit,331.0,hit,1461.0,hit,1520.0,hit,1592.0,hit,4.0,hit,4.0,hit,4.0,hit,3259.0,hit,3259.0,hit,3259.0,hit,7.399999999999977,19,True,False,False,False,,7.399999999999977,19,True,False,False,False,,7.399999999999977,19,True,False,False,False,,7.399999999999977,19,True,False,False,False,,331.0,2022-05-25T15:02:00-04:00,2.9499999999999886,3947.0399999999895,332.0,2022-05-25T15:03:00-04:00,2.8000000000000114,4247.039999999944,333.0,2022-05-25T15:04:00-04:00,2.6999999999999886,4447.039999999989,332.0,2022-05-25T15:03:00-04:00,2.8000000000000114,4247.039999999944,1461.0,2022-05-26T09:52:00-04:00,1.75,6347.039999999966,1462.0,2022-05-26T09:53:00-04:00,1.9000000000000057,6047.039999999955,1463.0,2022-05-26T09:54:00-04:00,1.7000000000000028,6447.039999999961,1462.0,2022-05-26T09:53:00-04:00,1.9000000000000057,6047.039999999955,1529.0,2022-05-26T11:00:00-04:00,0.9499999999999993,7947.039999999968,1530.0,2022-05-26T11:01:00-04:00,0.8500000000000014,8147.039999999964,1531.0,2022-05-26T11:02:00-04:00,0.8499999999999996,8147.039999999967,1530.0,2022-05-26T11:01:00-04:00,0.8500000000000014,8147.039999999964,1610.0,2022-05-26T12:21:00-04:00,0.39999999999999947,9047.039999999968,1611.0,2022-05-26T12:22:00-04:00,0.40000000000000036,9047.039999999966,1618.0,2022-05-26T12:29:00-04:00,0.34999999999999964,9147.039999999968,1611.0,2022-05-26T12:22:00-04:00,0.40000000000000036,9047.039999999966,348
2022-05-25,2022-05-27,2,6.0,2022-05-25T09:31:00-04:00,6.0499999999999545,NDXP  220527P12100000,NDXP  220527P12090000,development,False,False,0,0,0,0,0,1199,available,False,2022-05-25T09:31:00-04:00,2022-05-27T16:00:00-04:00,0.0,11847.03999999991,0.0,last_observed_quote_not_settlement,1036.0,368,25,7.350000000000023,-2852.9600000001356,2022-05-25T09:32:00-04:00,0.0,7.750000000000057,-3652.9600000002038,2022-05-25T09:33:00-04:00,0.0,7.449999999999989,-3052.9600000000673,2022-05-25T09:36:00-04:00,0.0,6.999999999999943,-2152.9599999999764,2022-05-25T09:41:00-04:00,0.0,7.2999999999999545,-2752.959999999999,2022-05-25T09:46:00-04:00,0.0,7.449999999999989,-3052.9600000000673,2022-05-25T10:01:00-04:00,0.0,7.400000000000034,-2952.9600000001583,2022-05-25T10:31:00-04:00,0.0,7.300000000000011,-2752.960000000113,2022-05-25T11:31:00-04:00,0.0,6.599999999999994,-1352.960000000079,2022-05-25T16:00:00-04:00,0.0,2.0,7847.03999999991,2022-05-26T16:00:00-04:00,0.0,0.0,11847.03999999991,2022-05-27T16:00:00-04:00,0.0,,,,,334.0,hit,1453.0,hit,1471.0,hit,1480.0,hit,1480.0,hit,2880.0,hit,2880.0,hit,1.0,hit,1.0,hit,1.0,hit,22.0,hit,54.0,hit,,never_hit,9.0,368,True,True,True,True,,9.0,368,True,True,True,True,,9.0,368,True,True,True,True,,9.0,368,True,True,True,True,,1480.0,2022-05-26T10:11:00-04:00,1.4500000000000028,8947.039999999904,1589.0,2022-05-26T12:00:00-04:00,2.9499999999999957,5947.039999999918,1593.0,2022-05-26T12:04:00-04:00,2.75,6347.03999999991,1481.0,2022-05-26T10:12:00-04:00,4.0,3847.03999999991,1480.0,2022-05-26T10:11:00-04:00,1.4500000000000028,8947.039999999904,1643.0,2022-05-26T12:54:00-04:00,1.6999999999999957,8447.039999999919,1644.0,2022-05-26T12:55:00-04:00,1.9499999999999957,7947.039999999918,1481.0,2022-05-26T10:12:00-04:00,4.0,3847.03999999991,2880.0,2022-05-27T09:31:00-04:00,0.5,10847.03999999991,2881.0,2022-05-27T09:32:00-04:00,0.39999999999999947,11047.039999999912,2882.0,2022-05-27T09:33:00-04:00,0.40000000000000036,11047.03999999991,2881.0,2022-05-27T09:32:00-04:00,0.39999999999999947,11047.039999999912,2881.0,2022-05-27T09:32:00-04:00,0.39999999999999947,11047.039999999912,2882.0,2022-05-27T09:33:00-04:00,0.40000000000000036,11047.03999999991,2883.0,2022-05-27T09:34:00-04:00,0.39999999999999947,11047.039999999912,2882.0,2022-05-27T09:33:00-04:00,0.40000000000000036,11047.03999999991,349
2022-05-25,2022-05-27,2,7.0,2022-05-25T09:31:00-04:00,7.149999999999977,NDXP  220527P11960000,NDXP  220527P11950000,development,False,False,0,0,1,3,0,1196,available,False,2022-05-25T09:31:00-04:00,2022-05-27T16:00:00-04:00,0.09999999999999964,13847.039999999957,0.0,last_observed_quote_not_settlement,1036.0,5,8,6.5,1047.0399999999552,2022-05-25T09:32:00-04:00,0.0,5.949999999999932,2147.040000000092,2022-05-25T09:33:00-04:00,0.0,6.9500000000000455,147.03999999986428,2022-05-25T09:36:00-04:00,0.0,5.0499999999999545,3947.0400000000463,2022-05-25T09:41:00-04:00,0.0,4.550000000000011,4947.039999999933,2022-05-25T09:46:00-04:00,0.0,5.149999999999977,3747.040000000001,2022-05-25T10:01:00-04:00,0.0,6.199999999999989,1647.039999999978,2022-05-25T10:31:00-04:00,0.0,6.599999999999966,847.0400000000234,2022-05-25T11:31:00-04:00,0.0,5.5,3047.0399999999554,2022-05-25T16:00:00-04:00,0.0,0.8499999999999979,12347.03999999996,2022-05-26T16:00:00-04:00,0.0,0.09999999999999964,13847.039999999957,2022-05-27T16:00:00-04:00,0.0,,,,,7.0,hit,15.0,hit,68.0,hit,1462.0,hit,1491.0,hit,1614.0,hit,2880.0,hit,36.0,hit,,never_hit,0.0,hit,,never_hit,,never_hit,,never_hit,7.900000000000034,5,True,False,False,False,,7.900000000000034,5,True,False,False,False,,7.900000000000034,5,True,False,False,False,,7.900000000000034,5,True,False,False,False,,1466.0,2022-05-26T09:57:00-04:00,2.700000000000003,8647.03999999995,1467.0,2022-05-26T09:58:00-04:00,2.8499999999999943,8347.039999999968,1468.0,2022-05-26T09:59:00-04:00,2.8499999999999943,8347.039999999968,1467.0,2022-05-26T09:58:00-04:00,2.8499999999999943,8347.039999999968,1491.0,2022-05-26T10:22:00-04:00,1.9499999999999886,10147.039999999979,1531.0,2022-05-26T11:02:00-04:00,1.8999999999999986,10247.039999999959,1532.0,2022-05-26T11:03:00-04:00,1.7000000000000028,10647.03999999995,1492.0,2022-05-26T10:23:00-04:00,2.1499999999999986,9747.039999999959,1614.0,2022-05-26T12:25:00-04:00,0.9499999999999993,12147.039999999957,1644.0,2022-05-26T12:55:00-04:00,0.9499999999999993,12147.039999999957,1652.0,2022-05-26T13:03:00-04:00,0.8000000000000007,12447.039999999955,1615.0,2022-05-26T12:26:00-04:00,1.0500000000000007,11947.039999999955,2880.0,2022-05-27T09:31:00-04:00,0.25,13547.039999999955,2881.0,2022-05-27T09:32:00-04:00,0.375,13297.039999999955,2882.0,2022-05-27T09:33:00-04:00,0.07499999999999996,13897.039999999955,2881.0,2022-05-27T09:32:00-04:00,0.375,13297.039999999955,350
2022-05-31,2022-06-03,3,5.0,2022-05-31T09:31:00-04:00,5.0,NDXP  220603P12720000,NDXP  220603P12710000,development,False,False,0,0,0,10,0,1595,available,False,2022-05-31T09:31:00-04:00,2022-06-03T15:59:00-04:00,10.0,-10152.96,1.0,last_observed_quote_not_settlement,1036.0,1065,69,4.25,1247.0400000000006,2022-05-31T09:32:00-04:00,0.0,5.25,-752.9599999999994,2022-05-31T09:33:00-04:00,0.0,5.750000000000057,-1752.960000000113,2022-05-31T09:36:00-04:00,0.0,6.149999999999977,-2552.9599999999537,2022-05-31T09:41:00-04:00,0.0,5.850000000000023,-1952.9600000000448,2022-05-31T09:46:00-04:00,0.0,5.900000000000034,-2052.9600000000673,2022-05-31T10:01:00-04:00,0.0,5.849999999999994,-1952.959999999988,2022-05-31T10:31:00-04:00,0.0,5.900000000000006,-2052.9600000000105,2022-05-31T11:31:00-04:00,0.0,5.0,-252.9599999999993,2022-05-31T16:00:00-04:00,0.0,6.9500000000000455,-4152.96000000009,2022-06-01T16:00:00-04:00,0.0,2.150000000000002,5447.039999999996,2022-06-02T16:00:00-04:00,0.0,,,2022-06-03T15:59:00-04:00,60.0,0.0,hit,0.0,hit,271.0,hit,3140.0,hit,3259.0,hit,,never_hit,,never_hit,3.0,hit,8.0,hit,29.0,hit,2907.0,hit,4408.0,hit,4416.0,hit,8.199999999999989,697,True,True,False,False,,8.199999999999989,697,True,True,False,False,,,,True,True,True,False,3.6499999999999986,,,True,True,True,False,3.6499999999999986,3153.0,2022-06-02T14:04:00-04:00,2.700000000000003,4347.039999999995,3154.0,2022-06-02T14:05:00-04:00,2.8500000000000014,4047.039999999998,3155.0,2022-06-02T14:06:00-04:00,2.8999999999999986,3947.0400000000036,3154.0,2022-06-02T14:05:00-04:00,2.8500000000000014,4047.039999999998,3259.0,2022-06-02T15:50:00-04:00,1.3500000000000014,7047.039999999998,,,,,,,,,3260.0,2022-06-02T15:51:00-04:00,2.1499999999999986,5447.040000000004,,,,,,,,,,,,,,,,,,,,,,,,,,,,,,,,,351
2022-05-31,2022-06-03,3,6.0,2022-05-31T09:31:00-04:00,5.800000000000011,NDXP  220603P12740000,NDXP  220603P12730000,development,False,False,0,0,0,13,0,1592,available,False,2022-05-31T09:31:00-04:00,2022-06-03T15:57:00-04:00,10.0,-8552.959999999975,3.0,last_observed_quote_not_settlement,1036.0,898,129,5.349999999999994,647.0400000000348,2022-05-31T09:32:00-04:00,0.0,5.349999999999966,647.0400000000916,2022-05-31T09:33:00-04:00,0.0,6.100000000000023,-852.9600000000221,2022-05-31T09:36:00-04:00,0.0,6.300000000000011,-1252.9599999999994,2022-05-31T09:41:00-04:00,0.0,6.100000000000023,-852.9600000000221,2022-05-31T09:46:00-04:00,0.0,6.100000000000023,-852.9600000000221,2022-05-31T10:01:00-04:00,0.0,6.050000000000011,-752.9599999999994,2022-05-31T10:31:00-04:00,0.0,6.2000000000000455,-1052.9600000000676,2022-05-31T11:31:00-04:00,0.0,6.5,-1652.9599999999766,2022-05-31T16:00:00-04:00,0.0,7.400000000000006,-3452.9599999999878,2022-06-01T16:00:00-04:00,0.0,2.200000000000003,6947.040000000018,2022-06-02T16:00:00-04:00,0.0,,,2022-06-03T15:57:00-04:00,180.0,1.0,hit,29.0,hit,175.0,hit,1457.0,hit,,never_hit,,never_hit,,never_hit,10.0,hit,22.0,hit,46.0,hit,1837.0,hit,4389.0,hit,4413.0,hit,7.5,113,True,False,False,False,,,,True,True,True,False,3.6000000000000085,,,True,True,True,False,3.6000000000000085,,,True,True,True,False,3.6000000000000085,1457.0,2022-06-01T09:48:00-04:00,2.9000000000000057,5547.040000000012,3165.0,2022-06-02T14:16:00-04:00,2.9000000000000057,5547.040000000012,3190.0,2022-06-02T14:41:00-04:00,2.8000000000000043,5747.0400000000145,1458.0,2022-06-01T09:49:00-04:00,4.449999999999989,2447.0400000000463,,,,,,,,,,,,,,,,,,,,,,,,,,,,,,,,,,,,,,,,,,,,,,,,,352
2022-05-31,2022-06-03,3,7.0,2022-05-31T09:31:00-04:00,5.800000000000011,NDXP  220603P12740000,NDXP  220603P12730000,development,False,False,0,0,0,13,0,1592,available,False,2022-05-31T09:31:00-04:00,2022-06-03T15:57:00-04:00,10.0,-8552.959999999975,3.0,last_observed_quote_not_settlement,1036.0,898,129,5.349999999999994,647.0400000000348,2022-05-31T09:32:00-04:00,0.0,5.349999999999966,647.0400000000916,2022-05-31T09:33:00-04:00,0.0,6.100000000000023,-852.9600000000221,2022-05-31T09:36:00-04:00,0.0,6.300000000000011,-1252.9599999999994,2022-05-31T09:41:00-04:00,0.0,6.100000000000023,-852.9600000000221,2022-05-31T09:46:00-04:00,0.0,6.100000000000023,-852.9600000000221,2022-05-31T10:01:00-04:00,0.0,6.050000000000011,-752.9599999999994,2022-05-31T10:31:00-04:00,0.0,6.2000000000000455,-1052.9600000000676,2022-05-31T11:31:00-04:00,0.0,6.5,-1652.9599999999766,2022-05-31T16:00:00-04:00,0.0,7.400000000000006,-3452.9599999999878,2022-06-01T16:00:00-04:00,0.0,2.200000000000003,6947.040000000018,2022-06-02T16:00:00-04:00,0.0,,,2022-06-03T15:57:00-04:00,180.0,1.0,hit,29.0,hit,175.0,hit,1457.0,hit,,never_hit,,never_hit,,never_hit,10.0,hit,22.0,hit,46.0,hit,1837.0,hit,4389.0,hit,4413.0,hit,7.5,113,True,False,False,False,,,,True,True,True,False,3.6000000000000085,,,True,True,True,False,3.6000000000000085,,,True,True,True,False,3.6000000000000085,1457.0,2022-06-01T09:48:00-04:00,2.9000000000000057,5547.040000000012,3165.0,2022-06-02T14:16:00-04:00,2.9000000000000057,5547.040000000012,3190.0,2022-06-02T14:41:00-04:00,2.8000000000000043,5747.0400000000145,1458.0,2022-06-01T09:49:00-04:00,4.449999999999989,2447.0400000000463,,,,,,,,,,,,,,,,,,,,,,,,,,,,,,,,,,,,,,,,,,,,,,,,,353
2022-06-01,2022-06-03,2,5.0,2022-06-01T09:31:00-04:00,5.049999999999983,NDXP  220603P12790000,NDXP  220603P12780000,development,False,False,0,0,0,22,0,1178,available,False,2022-06-01T09:31:00-04:00,2022-06-03T16:00:00-04:00,10.0,-10052.960000000034,0.0,last_observed_quote_not_settlement,1036.0,888,36,4.7000000000000455,447.03999999987565,2022-06-01T09:32:00-04:00,0.0,4.75,347.0399999999666,2022-06-01T09:33:00-04:00,0.0,4.850000000000023,147.03999999992112,2022-06-01T09:36:00-04:00,0.0,5.349999999999994,-852.9600000000221,2022-06-01T09:41:00-04:00,0.0,4.550000000000011,747.0399999999438,2022-06-01T09:46:00-04:00,0.0,6.650000000000006,-3452.9600000000446,2022-06-01T10:01:00-04:00,0.0,5.25,-652.9600000000335,2022-06-01T10:31:00-04:00,0.0,6.850000000000023,-3852.9600000000787,2022-06-01T11:31:00-04:00,0.0,7.699999999999989,-5552.960000000011,2022-06-01T16:00:00-04:00,0.0,2.75,4347.039999999966,2022-06-02T16:00:00-04:00,0.0,10.0,-10052.960000000034,2022-06-03T16:00:00-04:00,0.0,,,,,0.0,hit,1.0,hit,17.0,hit,17.0,hit,,never_hit,,never_hit,,never_hit,4.0,hit,4.0,hit,39.0,hit,95.0,hit,2946.0,hit,2949.0,hit,6.200000000000017,2,False,False,False,False,,,,True,True,True,False,2.299999999999983,,,True,True,True,False,2.299999999999983,,,True,True,True,False,2.299999999999983,17.0,2022-06-01T09:48:00-04:00,2.9000000000000057,4047.0399999999554,1827.0,2022-06-02T15:58:00-04:00,2.8999999999999986,4047.039999999969,,,,,18.0,2022-06-01T09:49:00-04:00,4.5,847.0399999999665,,,,,,,,,,,,,,,,,,,,,,,,,,,,,,,,,,,,,,,,,,,,,,,,,354
2022-06-01,2022-06-03,2,6.0,2022-06-01T09:31:00-04:00,5.950000000000017,NDXP  220603P12850000,NDXP  220603P12840000,development,False,False,0,0,0,42,0,1158,available,False,2022-06-01T09:31:00-04:00,2022-06-03T15:59:00-04:00,10.0,-8252.959999999965,1.0,last_observed_quote_not_settlement,1036.0,876,26,5.299999999999983,1047.0400000000689,2022-06-01T09:32:00-04:00,0.0,5.649999999999977,347.0400000000803,2022-06-01T09:33:00-04:00,0.0,5.25,1147.0400000000348,2022-06-01T09:36:00-04:00,0.0,5.550000000000011,547.040000000012,2022-06-01T09:41:00-04:00,0.0,5.300000000000011,1047.040000000012,2022-06-01T09:46:00-04:00,0.0,5.599999999999966,447.040000000103,2022-06-01T10:01:00-04:00,0.0,7.050000000000068,-2452.9600000001014,2022-06-01T10:31:00-04:00,0.0,7.7999999999999545,-3952.959999999874,2022-06-01T11:31:00-04:00,0.0,8.199999999999989,-4752.959999999945,2022-06-01T16:00:00-04:00,0.0,3.799999999999997,4047.040000000041,2022-06-02T16:00:00-04:00,0.0,,,2022-06-03T15:59:00-04:00,60.0,,,,,1.0,hit,7.0,hit,1693.0,hit,,never_hit,,never_hit,,never_hit,,never_hit,28.0,hit,49.0,hit,49.0,hit,114.0,hit,1441.0,hit,2938.0,hit,,,True,True,True,False,2.4000000000000057,,,True,True,True,False,2.4000000000000057,,,True,True,True,False,2.4000000000000057,,,True,True,True,False,2.4000000000000057,,,,,,,,,,,,,,,,,,,,,,,,,,,,,,,,,,,,,,,,,,,,,,,,,,,,,,,,,,,,,,,,,355
2022-06-01,2022-06-03,2,7.0,2022-06-01T09:31:00-04:00,7.0499999999999545,NDXP  220603P12970000,NDXP  220603P12960000,development,False,False,0,0,0,87,0,1113,available,False,2022-06-01T09:31:00-04:00,2022-06-03T15:57:00-04:00,9.599999999999966,-5352.960000000024,3.0,last_observed_quote_not_settlement,1036.0,867,84,6.7999999999999545,247.04000000000067,2022-06-01T09:32:00-04:00,0.0,6.5,847.0399999999097,2022-06-01T09:33:00-04:00,0.0,6.0499999999999545,1747.0400000000006,2022-06-01T09:36:00-04:00,0.0,7.099999999999966,-352.96000000002203,2022-06-01T09:41:00-04:00,0.0,6.5,847.0399999999097,2022-06-01T09:46:00-04:00,0.0,7.050000000000011,-252.96000000011298,2022-06-01T10:01:00-04:00,0.0,8.349999999999966,-2852.9600000000237,2022-06-01T10:31:00-04:00,0.0,9.349999999999966,-4852.960000000024,2022-06-01T11:31:00-04:00,0.0,,,2022-06-01T15:59:00-04:00,60.0,5.849999999999994,2147.0399999999213,2022-06-02T16:00:00-04:00,0.0,,,2022-06-03T15:57:00-04:00,180.0,,,,,27.0,hit,27.0,hit,,never_hit,,never_hit,,never_hit,,never_hit,,never_hit,35.0,hit,46.0,hit,0.0,hit,46.0,hit,75.0,hit,112.0,hit,,,True,True,True,False,2.749999999999943,,,True,True,True,False,2.749999999999943,,,True,True,True,False,2.749999999999943,,,True,True,True,False,2.749999999999943,,,,,,,,,,,,,,,,,,,,,,,,,,,,,,,,,,,,,,,,,,,,,,,,,,,,,,,,,,,,,,,,,356
2022-06-03,2022-06-06,3,5.0,2022-06-03T09:31:00-04:00,4.900000000000034,NDXP  220606P12680000,NDXP  220606P12670000,development,False,False,0,0,1,0,0,794,available,False,2022-06-03T09:31:00-04:00,2022-06-06T15:59:00-04:00,9.800000000000011,-10052.959999999955,1.0,last_observed_quote_not_settlement,3916.0,623,60,4.599999999999994,347.0400000000803,2022-06-03T09:32:00-04:00,0.0,4.599999999999994,347.0400000000803,2022-06-03T09:33:00-04:00,0.0,3.9000000000000057,1747.0400000000575,2022-06-03T09:36:00-04:00,0.0,4.699999999999989,147.04000000009165,2022-06-03T09:41:00-04:00,0.0,5.550000000000011,-1552.9599999999539,2022-06-03T09:46:00-04:00,0.0,4.200000000000003,1147.0400000000632,2022-06-03T10:01:00-04:00,0.0,6.050000000000011,-2552.9599999999537,2022-06-03T10:31:00-04:00,0.0,7.400000000000006,-5252.959999999943,2022-06-03T11:31:00-04:00,0.0,6.599999999999994,-3652.9599999999195,2022-06-03T16:00:00-04:00,0.0,,,2022-06-03T16:15:00-04:00,85500.0,,,2022-06-03T16:15:00-04:00,171900.0,,,2022-06-06T15:59:00-04:00,60.0,0.0,hit,0.0,hit,5.0,hit,4320.0,hit,4356.0,hit,,never_hit,,never_hit,9.0,hit,9.0,hit,99.0,hit,393.0,hit,4500.0,hit,4640.0,hit,8.149999999999977,366,True,True,False,False,,8.149999999999977,366,True,True,False,False,,,,True,True,True,False,3.2500000000000355,,,True,True,True,False,3.2500000000000355,4320.0,2022-06-06T09:31:00-04:00,2.6499999999999986,4247.040000000072,4351.0,2022-06-06T10:02:00-04:00,2.650000000000002,4247.0400000000645,4352.0,2022-06-06T10:03:00-04:00,2.4499999999999993,4647.04000000007,4321.0,2022-06-06T09:32:00-04:00,2.950000000000003,3647.040000000063,4362.0,2022-06-06T10:13:00-04:00,1.9000000000000021,5747.0400000000645,4382.0,2022-06-06T10:33:00-04:00,1.8500000000000014,5847.040000000066,4383.0,2022-06-06T10:34:00-04:00,1.7499999999999982,6047.040000000073,4363.0,2022-06-06T10:14:00-04:00,2.1499999999999986,5247.040000000072,,,,,,,,,,,,,,,,,,,,,,,,,,,,,,,,,357
2022-06-03,2022-06-06,3,6.0,2022-06-03T09:31:00-04:00,5.949999999999989,NDXP  220606P12750000,NDXP  220606P12740000,development,False,False,0,0,1,12,0,782,available,False,2022-06-03T09:31:00-04:00,2022-06-06T15:59:00-04:00,9.949999999999989,-8252.960000000001,1.0,last_observed_quote_not_settlement,3916.0,633,52,5.349999999999994,947.0399999999893,2022-06-03T09:32:00-04:00,0.0,5.5,647.0399999999779,2022-06-03T09:33:00-04:00,0.0,5.599999999999994,447.03999999998933,2022-06-03T09:36:00-04:00,0.0,5.25,1147.039999999978,2022-06-03T09:41:00-04:00,0.0,6.450000000000017,-1252.9600000000562,2022-06-03T09:46:00-04:00,0.0,5.75,147.03999999997797,2022-06-03T10:01:00-04:00,0.0,7.25,-2852.960000000022,2022-06-03T10:31:00-04:00,0.0,7.150000000000006,-2652.9600000000332,2022-06-03T11:31:00-04:00,0.0,7.449999999999989,-3252.959999999999,2022-06-03T16:00:00-04:00,0.0,,,2022-06-03T16:15:00-04:00,85500.0,,,2022-06-03T16:15:00-04:00,171900.0,,,2022-06-06T15:59:00-04:00,60.0,1.0,hit,4.0,hit,4332.0,hit,4378.0,hit,,never_hit,,never_hit,,never_hit,15.0,hit,58.0,hit,60.0,hit,91.0,hit,357.0,hit,357.0,hit,9.950000000000017,371,True,True,True,True,,,,True,True,True,False,2.999999999999993,,,True,True,True,False,2.999999999999993,,,True,True,True,False,2.999999999999993,4378.0,2022-06-06T10:29:00-04:00,2.9499999999999957,5747.039999999986,,,,,,,,,4379.0,2022-06-06T10:30:00-04:00,3.8500000000000085,3947.039999999961,,,,,,,,,,,,,,,,,,,,,,,,,,,,,,,,,,,,,,,,,,,,,,,,,358
2022-06-03,2022-06-06,3,7.0,2022-06-03T09:31:00-04:00,7.0,NDXP  220606P12950000,NDXP  220606P12940000,development,False,False,0,0,0,112,0,682,available,False,2022-06-03T09:31:00-04:00,2022-06-06T15:58:00-04:00,10.0,-6152.96,2.0,last_observed_quote_not_settlement,3916.0,595,2,8.050000000000011,-2352.9600000000237,2022-06-03T09:32:00-04:00,0.0,7.949999999999989,-2152.9599999999764,2022-06-03T09:33:00-04:00,0.0,7.7000000000000455,-1652.9600000000903,2022-06-03T09:36:00-04:00,0.0,8.300000000000011,-2852.9600000000237,2022-06-03T09:41:00-04:00,0.0,8.5,-3252.960000000001,2022-06-03T09:46:00-04:00,0.0,7.850000000000023,-1952.9600000000448,2022-06-03T10:01:00-04:00,0.0,8.75,-3752.960000000001,2022-06-03T10:31:00-04:00,0.0,9.800000000000011,-5852.960000000024,2022-06-03T11:31:00-04:00,0.0,9.400000000000091,-5052.960000000183,2022-06-03T16:00:00-04:00,0.0,,,2022-06-03T16:15:00-04:00,85500.0,,,2022-06-03T16:15:00-04:00,171900.0,,,2022-06-06T15:58:00-04:00,120.0,,never_hit,,never_hit,,never_hit,,never_hit,,never_hit,,never_hit,,never_hit,1.0,hit,1.0,hit,0.0,hit,1.0,hit,7.0,hit,68.0,hit,,,True,True,True,False,0.5500000000000114,,,True,True,True,False,0.5500000000000114,,,True,True,True,False,0.5500000000000114,,,True,True,True,False,0.5500000000000114,,,,,,,,,,,,,,,,,,,,,,,,,,,,,,,,,,,,,,,,,,,,,,,,,,,,,,,,,,,,,,,,,359
2022-06-06,2022-06-08,2,5.0,2022-06-06T09:31:00-04:00,5.050000000000011,NDXP  220608P12940000,NDXP  220608P12930000,development,False,False,0,0,0,113,0,1086,available,False,2022-06-06T09:31:00-04:00,2022-06-08T16:00:00-04:00,10.0,-10052.959999999975,0.0,last_observed_quote_not_settlement,1036.0,1013,0,6.850000000000023,-3852.960000000022,2022-06-06T09:32:00-04:00,0.0,7.150000000000034,-4452.960000000045,2022-06-06T09:33:00-04:00,0.0,7.0,-4152.959999999976,2022-06-06T09:36:00-04:00,0.0,7.25,-4652.959999999976,2022-06-06T09:41:00-04:00,0.0,7.400000000000034,-4952.960000000045,2022-06-06T09:46:00-04:00,0.0,6.199999999999989,-2552.9599999999537,2022-06-06T10:01:00-04:00,0.0,7.150000000000006,-4452.959999999988,2022-06-06T10:31:00-04:00,0.0,7.949999999999932,-6052.95999999984,2022-06-06T11:31:00-04:00,0.0,8.599999999999966,-7352.95999999991,2022-06-06T16:00:00-04:00,0.0,9.350000000000023,-8852.960000000023,2022-06-07T16:00:00-04:00,0.0,10.0,-10052.959999999975,2022-06-08T16:00:00-04:00,0.0,,,,,0.0,hit,,never_hit,,never_hit,,never_hit,,never_hit,,never_hit,,never_hit,1.0,hit,1.0,hit,2.0,hit,8.0,hit,164.0,hit,192.0,hit,,,True,True,True,False,0.0,,,True,True,True,False,0.0,,,True,True,True,False,0.0,,,True,True,True,False,0.0,,,,,,,,,,,,,,,,,,,,,,,,,,,,,,,,,,,,,,,,,,,,,,,,,,,,,,,,,,,,,,,,,360
2022-06-06,2022-06-08,2,6.0,2022-06-06T09:31:00-04:00,6.0,NDXP  220608P12890000,NDXP  220608P12880000,development,False,False,0,0,1,51,0,1148,available,False,2022-06-06T09:31:00-04:00,2022-06-08T16:00:00-04:00,10.0,-8152.96,0.0,last_observed_quote_not_settlement,1036.0,1066,29,5.899999999999977,-52.959999999953816,2022-06-06T09:32:00-04:00,0.0,5.25,1247.0400000000006,2022-06-06T09:33:00-04:00,0.0,6.649999999999977,-1552.9599999999539,2022-06-06T09:36:00-04:00,0.0,7.0,-2252.959999999999,2022-06-06T09:41:00-04:00,0.0,6.549999999999983,-1352.9599999999652,2022-06-06T09:46:00-04:00,0.0,5.950000000000017,-152.9600000000334,2022-06-06T10:01:00-04:00,0.0,5.850000000000023,47.039999999955235,2022-06-06T10:31:00-04:00,0.0,7.600000000000023,-3452.9600000000446,2022-06-06T11:31:00-04:00,0.0,8.799999999999955,-5852.95999999991,2022-06-06T16:00:00-04:00,0.0,8.0,-4252.960000000001,2022-06-07T16:00:00-04:00,0.0,10.0,-8152.96,2022-06-08T16:00:00-04:00,0.0,,,,,2.0,hit,48.0,hit,,never_hit,,never_hit,,never_hit,,never_hit,,never_hit,4.0,hit,4.0,hit,4.0,hit,112.0,hit,142.0,hit,399.0,hit,,,True,True,True,False,1.25,,,True,True,True,False,1.25,,,True,True,True,False,1.25,,,True,True,True,False,1.25,,,,,,,,,,,,,,,,,,,,,,,,,,,,,,,,,,,,,,,,,,,,,,,,,,,,,,,,,,,,,,,,,361
2022-06-06,2022-06-08,2,7.0,2022-06-06T09:31:00-04:00,7.050000000000068,NDXP  220608P13060000,NDXP  220608P13050000,development,False,False,0,0,1,185,0,1014,available,False,2022-06-06T09:31:00-04:00,2022-06-08T16:00:00-04:00,1.599999999999966,10647.040000000206,0.0,last_observed_quote_not_settlement,1037.0,863,18,8.099999999999966,-2352.9599999997963,2022-06-06T09:32:00-04:00,0.0,7.850000000000023,-1852.9599999999084,2022-06-06T09:33:00-04:00,0.0,8.199999999999989,-2552.959999999842,2022-06-06T09:36:00-04:00,0.0,8.299999999999955,-2752.9599999997736,2022-06-06T09:41:00-04:00,0.0,8.599999999999966,-3352.9599999997963,2022-06-06T09:46:00-04:00,0.0,8.150000000000034,-2452.9599999999327,2022-06-06T10:01:00-04:00,0.0,9.0,-4152.9599999998645,2022-06-06T10:31:00-04:00,0.0,8.749999999999943,-3652.959999999751,2022-06-06T11:31:00-04:00,0.0,9.950000000000045,-6052.959999999864,2022-06-06T16:00:00-04:00,0.0,9.650000000000034,-5452.959999999933,2022-06-07T16:00:00-04:00,0.0,1.599999999999966,10647.040000000206,2022-06-08T16:00:00-04:00,0.0,,,,,180.0,hit,222.0,hit,3269.0,hit,3269.0,hit,3269.0,hit,,never_hit,,never_hit,1.0,hit,1.0,hit,0.0,hit,1.0,hit,19.0,hit,154.0,hit,10.0,863,True,True,True,True,,10.0,863,True,True,True,True,,,,True,True,True,False,5.450000000000102,,,True,True,True,False,5.450000000000102,3269.0,2022-06-08T16:00:00-04:00,1.599999999999966,10647.040000000206,,,,,,,,,,,,,3269.0,2022-06-08T16:00:00-04:00,1.599999999999966,10647.040000000206,,,,,,,,,,,,,,,,,,,,,,,,,,,,,,,,,,,,,,,,,,,,,362
2022-06-07,2022-06-10,3,5.0,2022-06-07T09:31:00-04:00,5.0,NDXP  220610P12470000,NDXP  220610P12460000,development,False,False,0,0,0,209,0,1396,available,False,2022-06-07T09:31:00-04:00,2022-06-10T16:00:00-04:00,4.949999999999932,-152.95999999986287,0.0,last_observed_quote_not_settlement,1036.0,168,32,4.899999999999977,-52.959999999953816,2022-06-07T09:32:00-04:00,0.0,4.799999999999983,147.0400000000348,2022-06-07T09:33:00-04:00,0.0,4.300000000000011,1147.039999999978,2022-06-07T09:36:00-04:00,0.0,4.25,1247.0400000000006,2022-06-07T09:41:00-04:00,0.0,4.099999999999994,1547.040000000012,2022-06-07T09:46:00-04:00,0.0,4.5,747.0400000000006,2022-06-07T10:01:00-04:00,0.0,3.5500000000000114,2647.039999999978,2022-06-07T10:31:00-04:00,0.0,3.6000000000000085,2547.0399999999836,2022-06-07T11:31:00-04:00,0.0,2.5500000000000114,4647.039999999978,2022-06-07T16:00:00-04:00,0.0,3.1500000000000057,3447.0399999999895,2022-06-08T16:00:00-04:00,0.0,8.149999999999977,-6552.9599999999555,2022-06-09T16:00:00-04:00,0.0,4.949999999999932,-152.95999999986287,2022-06-10T16:00:00-04:00,0.0,0.0,hit,0.0,hit,16.0,hit,71.0,hit,211.0,hit,,never_hit,,never_hit,4.0,hit,3211.0,hit,3211.0,hit,3259.0,hit,3259.0,hit,3259.0,hit,5.500000000000028,1,False,False,False,False,,5.500000000000028,1,False,False,False,False,,,,True,True,True,False,3.25,,,True,True,True,False,3.25,75.0,2022-06-07T10:46:00-04:00,2.8500000000000227,4047.0399999999554,76.0,2022-06-07T10:47:00-04:00,2.799999999999997,4147.040000000006,77.0,2022-06-07T10:48:00-04:00,2.8000000000000114,4147.039999999978,76.0,2022-06-07T10:47:00-04:00,2.799999999999997,4147.040000000006,1464.0,2022-06-08T09:55:00-04:00,1.75,6247.040000000001,1465.0,2022-06-08T09:56:00-04:00,1.8500000000000014,6047.039999999998,,,,,1465.0,2022-06-08T09:56:00-04:00,1.8500000000000014,6047.039999999998,,,,,,,,,,,,,,,,,,,,,,,,,,,,,,,,,363
2022-06-07,2022-06-10,3,6.0,2022-06-07T09:31:00-04:00,5.900000000000006,NDXP  220610P12600000,NDXP  220610P12590000,development,False,False,0,0,0,194,0,1411,available,False,2022-06-07T09:31:00-04:00,2022-06-10T15:59:00-04:00,4.550000000000068,2447.039999999876,1.0,last_observed_quote_not_settlement,1038.0,258,104,6.0,-452.95999999998793,2022-06-07T09:32:00-04:00,0.0,5.749999999999972,47.04000000006892,2022-06-07T09:33:00-04:00,0.0,6.199999999999989,-852.9599999999652,2022-06-07T09:36:00-04:00,0.0,5.349999999999994,847.0400000000234,2022-06-07T09:41:00-04:00,0.0,5.150000000000034,1247.0399999999438,2022-06-07T09:46:00-04:00,0.0,5.399999999999977,747.0400000000575,2022-06-07T10:01:00-04:00,0.0,5.400000000000006,747.0400000000006,2022-06-07T10:31:00-04:00,0.0,4.75,2047.0400000000122,2022-06-07T11:31:00-04:00,0.0,3.5,4547.040000000012,2022-06-07T16:00:00-04:00,0.0,4.5,2547.0400000000122,2022-06-08T16:00:00-04:00,0.0,8.5,-5452.95999999999,2022-06-09T16:00:00-04:00,0.0,,,2022-06-10T15:59:00-04:00,60.0,6.0,hit,20.0,hit,69.0,hit,1445.0,hit,1532.0,hit,,never_hit,,never_hit,23.0,hit,2984.0,hit,2984.0,hit,3206.0,hit,3258.0,hit,4322.0,hit,6.899999999999977,9,False,False,False,False,,6.899999999999977,9,False,False,False,False,,,,True,True,True,False,4.75,,,True,True,True,False,4.75,1445.0,2022-06-08T09:36:00-04:00,2.6500000000000057,6247.040000000001,1479.0,2022-06-08T10:10:00-04:00,2.8499999999999943,5847.040000000024,,,,,1446.0,2022-06-08T09:37:00-04:00,3.8499999999999943,3847.0400000000236,1532.0,2022-06-08T11:03:00-04:00,1.1500000000000057,9247.04,,,,,,,,,1533.0,2022-06-08T11:04:00-04:00,3.4000000000000057,4747.040000000001,,,,,,,,,,,,,,,,,,,,,,,,,,,,,,,,,364
2022-06-07,2022-06-10,3,7.0,2022-06-07T09:31:00-04:00,7.0499999999999545,NDXP  220610P12670000,NDXP  220610P12660000,development,False,False,0,0,0,132,0,1473,available,False,2022-06-07T09:31:00-04:00,2022-06-10T15:57:00-04:00,8.899999999999864,-3952.959999999819,3.0,last_observed_quote_not_settlement,1036.0,261,97,6.699999999999932,447.0400000000462,2022-06-07T09:32:00-04:00,0.0,6.550000000000011,747.039999999887,2022-06-07T09:33:00-04:00,0.0,6.399999999999977,1047.0399999999552,2022-06-07T09:36:00-04:00,0.0,5.800000000000011,2247.039999999887,2022-06-07T09:41:00-04:00,0.0,5.599999999999994,2647.0399999999213,2022-06-07T09:46:00-04:00,0.0,5.75,2347.03999999991,2022-06-07T10:01:00-04:00,0.0,5.349999999999994,3147.0399999999213,2022-06-07T10:31:00-04:00,0.0,5.349999999999966,3147.039999999978,2022-06-07T11:31:00-04:00,0.0,4.149999999999977,5547.039999999955,2022-06-07T16:00:00-04:00,0.0,5.249999999999972,3347.0399999999668,2022-06-08T16:00:00-04:00,0.0,9.349999999999909,-4852.95999999991,2022-06-09T16:00:00-04:00,0.0,,,2022-06-10T15:57:00-04:00,180.0,22.0,hit,56.0,hit,302.0,hit,1471.0,hit,1532.0,hit,,never_hit,,never_hit,1719.0,hit,3199.0,hit,0.0,hit,3199.0,hit,3217.0,hit,3256.0,hit,7.0499999999999545,0,True,False,False,False,,7.0499999999999545,0,True,False,False,False,,,,True,True,True,False,5.0999999999999375,,,True,True,True,False,5.0999999999999375,1532.0,2022-06-08T11:03:00-04:00,1.950000000000017,9947.039999999877,,,,,,,,,1533.0,2022-06-08T11:04:00-04:00,4.0,5847.03999999991,,,,,,,,,,,,,,,,,,,,,,,,,,,,,,,,,,,,,,,,,,,,,,,,,365
2022-06-08,2022-06-10,2,5.0,2022-06-08T09:31:00-04:00,5.0,NDXP  220610P12650000,NDXP  220610P12640000,development,False,False,0,0,0,196,0,1004,available,False,2022-06-08T09:31:00-04:00,2022-06-10T16:00:00-04:00,10.0,-10152.96,0.0,last_observed_quote_not_settlement,1036.0,504,184,4.75,247.04000000000067,2022-06-08T09:32:00-04:00,0.0,4.25,1247.0400000000006,2022-06-08T09:33:00-04:00,0.0,3.5999999999999943,2547.0400000000122,2022-06-08T09:36:00-04:00,0.0,3.5999999999999943,2547.0400000000122,2022-06-08T09:41:00-04:00,0.0,3.8500000000000227,2047.0399999999554,2022-06-08T09:46:00-04:00,0.0,3.6499999999999915,2447.0400000000177,2022-06-08T10:01:00-04:00,0.0,3.5999999999999943,2547.0400000000122,2022-06-08T10:31:00-04:00,0.0,3.450000000000003,2847.039999999995,2022-06-08T11:31:00-04:00,0.0,4.650000000000034,447.0399999999325,2022-06-08T16:00:00-04:00,0.0,8.950000000000045,-8152.960000000092,2022-06-09T16:00:00-04:00,0.0,10.0,-10152.96,2022-06-10T16:00:00-04:00,0.0,,,,,0.0,hit,0.0,hit,3.0,hit,3.0,hit,,never_hit,,never_hit,,never_hit,190.0,hit,193.0,hit,382.0,hit,1488.0,hit,1773.0,hit,1813.0,hit,5.0,0,False,False,False,False,,,,True,True,True,False,2.25,,,True,True,True,False,2.25,,,True,True,True,False,2.25,3.0,2022-06-08T09:34:00-04:00,2.8499999999999943,4047.040000000012,,,,,,,,,4.0,2022-06-08T09:35:00-04:00,5.0,-252.9599999999993,,,,,,,,,,,,,,,,,,,,,,,,,,,,,,,,,,,,,,,,,,,,,,,,,366
2022-06-08,2022-06-10,2,6.0,2022-06-08T09:31:00-04:00,6.0,NDXP  220610P12790000,NDXP  220610P12780000,development,False,False,0,0,0,188,0,1012,available,False,2022-06-08T09:31:00-04:00,2022-06-10T15:55:00-04:00,10.0,-8152.96,5.0,last_observed_quote_not_settlement,1036.0,721,41,6.150000000000006,-552.9600000000107,2022-06-08T09:32:00-04:00,0.0,6.599999999999966,-1452.9599999999311,2022-06-08T09:33:00-04:00,0.0,5.699999999999989,347.04000000002344,2022-06-08T09:36:00-04:00,0.0,5.799999999999983,147.0400000000348,2022-06-08T09:41:00-04:00,0.0,5.649999999999977,447.0400000000462,2022-06-08T09:46:00-04:00,0.0,5.25,1247.0400000000006,2022-06-08T10:01:00-04:00,0.0,4.800000000000011,2147.039999999978,2022-06-08T10:31:00-04:00,0.0,5.150000000000006,1447.0399999999893,2022-06-08T11:31:00-04:00,0.0,7.150000000000006,-2552.9600000000105,2022-06-08T16:00:00-04:00,0.0,,,2022-06-09T15:59:00-04:00,60.0,,,2022-06-10T15:55:00-04:00,300.0,,,,,3.0,hit,19.0,hit,31.0,hit,2935.0,hit,,never_hit,,never_hit,,never_hit,2.0,hit,193.0,hit,193.0,hit,379.0,hit,1687.0,hit,1776.0,hit,10.0,626,True,True,True,True,,,,True,True,True,False,3.8999999999998636,,,True,True,True,False,3.8999999999998636,,,True,True,True,False,3.8999999999998636,2935.0,2022-06-10T10:26:00-04:00,2.1000000000001364,7547.039999999728,,,,,,,,,2936.0,2022-06-10T10:27:00-04:00,8.75,-5752.960000000001,,,,,,,,,,,,,,,,,,,,,,,,,,,,,,,,,,,,,,,,,,,,,,,,,367
2022-06-08,2022-06-10,2,7.0,2022-06-08T09:31:00-04:00,7.050000000000011,NDXP  220610P12850000,NDXP  220610P12840000,development,False,False,0,0,0,158,0,1042,available,False,2022-06-08T09:31:00-04:00,2022-06-10T16:00:00-04:00,2.5,8847.040000000025,0.0,last_observed_quote_not_settlement,1036.0,732,59,6.75,347.04000000002344,2022-06-08T09:32:00-04:00,0.0,6.25,1347.0400000000234,2022-06-08T09:33:00-04:00,0.0,6.199999999999989,1447.0400000000461,2022-06-08T09:36:00-04:00,0.0,5.649999999999977,2547.040000000069,2022-06-08T09:41:00-04:00,0.0,6.0,1847.0400000000234,2022-06-08T09:46:00-04:00,0.0,5.650000000000006,2547.0400000000122,2022-06-08T10:01:00-04:00,0.0,5.600000000000023,2647.039999999978,2022-06-08T10:31:00-04:00,0.0,5.599999999999994,2647.040000000035,2022-06-08T11:31:00-04:00,0.0,7.350000000000023,-852.9600000000221,2022-06-08T16:00:00-04:00,0.0,,,2022-06-09T15:58:00-04:00,120.0,2.5,8847.040000000025,2022-06-10T16:00:00-04:00,0.0,,,,,12.0,hit,18.0,hit,18.0,hit,3240.0,hit,3240.0,hit,,never_hit,,never_hit,189.0,hit,226.0,hit,0.0,hit,226.0,hit,1450.0,hit,1732.0,hit,10.0,730,True,True,True,True,,10.0,730,True,True,True,True,,,,True,True,True,False,5.950000000000102,,,True,True,True,False,5.950000000000102,3240.0,2022-06-10T15:31:00-04:00,1.099999999999909,11647.040000000206,3241.0,2022-06-10T15:32:00-04:00,2.5499999999999545,8747.040000000115,,,,,3241.0,2022-06-10T15:32:00-04:00,2.5499999999999545,8747.040000000115,3240.0,2022-06-10T15:31:00-04:00,1.099999999999909,11647.040000000206,,,,,,,,,3241.0,2022-06-10T15:32:00-04:00,2.5499999999999545,8747.040000000115,,,,,,,,,,,,,,,,,,,,,,,,,,,,,,,,,368
2022-06-10,2022-06-13,3,5.0,2022-06-10T09:31:00-04:00,4.849999999999994,NDXP  220613P12040000,NDXP  220613P12030000,development,False,False,0,0,0,65,0,730,available,False,2022-06-10T09:31:00-04:00,2022-06-13T16:00:00-04:00,10.0,-10452.96000000001,0.0,last_observed_quote_not_settlement,3916.0,670,9,4.599999999999994,247.04000000000067,2022-06-10T09:32:00-04:00,0.0,4.799999999999983,-152.95999999997656,2022-06-10T09:33:00-04:00,0.0,5.200000000000017,-952.9600000000448,2022-06-10T09:36:00-04:00,0.0,5.599999999999994,-1752.9599999999994,2022-06-10T09:41:00-04:00,0.0,4.750000000000028,-52.9600000000675,2022-06-10T09:46:00-04:00,0.0,6.100000000000023,-2752.960000000056,2022-06-10T10:01:00-04:00,0.0,6.75,-4052.9600000000105,2022-06-10T10:31:00-04:00,0.0,7.050000000000011,-4652.960000000034,2022-06-10T11:31:00-04:00,0.0,8.099999999999966,-6752.959999999945,2022-06-10T16:00:00-04:00,0.0,,,2022-06-10T16:15:00-04:00,85500.0,,,2022-06-10T16:15:00-04:00,171900.0,10.0,-10452.96000000001,2022-06-13T16:00:00-04:00,0.0,0.0,hit,0.0,hit,,never_hit,,never_hit,,never_hit,,never_hit,,never_hit,3.0,hit,25.0,hit,38.0,hit,101.0,hit,4320.0,hit,4321.0,hit,,,True,True,True,False,0.700000000000017,,,True,True,True,False,0.700000000000017,,,True,True,True,False,0.700000000000017,,,True,True,True,False,0.700000000000017,,,,,,,,,,,,,,,,,,,,,,,,,,,,,,,,,,,,,,,,,,,,,,,,,,,,,,,,,,,,,,,,,369
2022-06-10,2022-06-13,3,6.0,2022-06-10T09:31:00-04:00,6.0,NDXP  220613P12150000,NDXP  220613P12140000,development,False,False,0,0,0,141,0,654,available,False,2022-06-10T09:31:00-04:00,2022-06-13T16:00:00-04:00,10.0,-8152.96,0.0,last_observed_quote_not_settlement,3916.0,570,14,5.849999999999994,47.04000000001208,2022-06-10T09:32:00-04:00,0.0,6.099999999999994,-452.95999999998793,2022-06-10T09:33:00-04:00,0.0,6.550000000000011,-1352.960000000022,2022-06-10T09:36:00-04:00,0.0,6.600000000000023,-1452.9600000000448,2022-06-10T09:41:00-04:00,0.0,6.300000000000011,-852.9600000000221,2022-06-10T09:46:00-04:00,0.0,7.350000000000023,-2952.9600000000446,2022-06-10T10:01:00-04:00,0.0,8.299999999999955,-4852.95999999991,2022-06-10T10:31:00-04:00,0.0,8.25,-4752.960000000001,2022-06-10T11:31:00-04:00,0.0,9.199999999999989,-6652.959999999978,2022-06-10T16:00:00-04:00,0.0,,,2022-06-10T16:15:00-04:00,85500.0,,,2022-06-10T16:15:00-04:00,171900.0,10.0,-8152.96,2022-06-13T16:00:00-04:00,0.0,8.0,hit,8.0,hit,4449.0,hit,,never_hit,,never_hit,,never_hit,,never_hit,3.0,hit,13.0,hit,13.0,hit,28.0,hit,91.0,hit,392.0,hit,,,True,True,True,False,2.0499999999999545,,,True,True,True,False,2.0499999999999545,,,True,True,True,False,2.0499999999999545,,,True,True,True,False,2.0499999999999545,,,,,,,,,,,,,,,,,,,,,,,,,,,,,,,,,,,,,,,,,,,,,,,,,,,,,,,,,,,,,,,,,370
2022-06-10,2022-06-13,3,7.0,2022-06-10T09:31:00-04:00,7.0,NDXP  220613P12250000,NDXP  220613P12240000,development,False,False,0,0,0,150,0,644,available,False,2022-06-10T09:31:00-04:00,2022-06-13T15:59:00-04:00,10.0,-6152.96,1.0,last_observed_quote_not_settlement,3917.0,553,14,6.150000000000034,1447.0399999999324,2022-06-10T09:32:00-04:00,0.0,7.099999999999966,-452.9599999999311,2022-06-10T09:33:00-04:00,0.0,7.699999999999989,-1652.9599999999766,2022-06-10T09:36:00-04:00,0.0,6.5499999999999545,647.0400000000916,2022-06-10T09:41:00-04:00,0.0,7.7999999999999545,-1852.9599999999084,2022-06-10T09:46:00-04:00,0.0,8.099999999999966,-2452.9599999999327,2022-06-10T10:01:00-04:00,0.0,9.050000000000011,-4352.960000000024,2022-06-10T10:31:00-04:00,0.0,9.350000000000023,-4952.960000000046,2022-06-10T11:31:00-04:00,0.0,9.350000000000023,-4952.960000000046,2022-06-10T16:00:00-04:00,0.0,,,2022-06-10T16:15:00-04:00,85500.0,,,2022-06-10T16:15:00-04:00,171900.0,,,2022-06-13T15:59:00-04:00,60.0,4452.0,hit,4452.0,hit,4597.0,hit,,never_hit,,never_hit,,never_hit,,never_hit,4.0,hit,21.0,hit,0.0,hit,21.0,hit,33.0,hit,71.0,hit,,,True,True,True,False,3.7000000000000455,,,True,True,True,False,3.7000000000000455,,,True,True,True,False,3.7000000000000455,,,True,True,True,False,3.7000000000000455,,,,,,,,,,,,,,,,,,,,,,,,,,,,,,,,,,,,,,,,,,,,,,,,,,,,,,,,,,,,,,,,,371
2022-06-13,2022-06-15,2,5.0,2022-06-13T09:31:00-04:00,5.000000000000028,NDXP  220615P11500000,NDXP  220615P11490000,development,False,False,0,0,0,8,0,1192,available,False,2022-06-13T09:31:00-04:00,2022-06-15T16:00:00-04:00,0.0,9747.040000000059,0.0,last_observed_quote_not_settlement,1036.0,826,200,4.600000000000023,547.040000000012,2022-06-13T09:32:00-04:00,0.0,4.399999999999977,947.040000000103,2022-06-13T09:33:00-04:00,0.0,4.400000000000034,947.0399999999893,2022-06-13T09:36:00-04:00,0.0,5.050000000000011,-352.9599999999652,2022-06-13T09:41:00-04:00,0.0,4.400000000000006,947.0400000000461,2022-06-13T09:46:00-04:00,0.0,4.149999999999977,1447.040000000103,2022-06-13T10:01:00-04:00,0.0,5.449999999999989,-1152.9599999999198,2022-06-13T10:31:00-04:00,0.0,5.449999999999989,-1152.9599999999198,2022-06-13T11:31:00-04:00,0.0,6.5,-3252.9599999999423,2022-06-13T16:00:00-04:00,0.0,6.050000000000011,-2352.959999999965,2022-06-14T16:00:00-04:00,0.0,0.0,9747.040000000059,2022-06-15T16:00:00-04:00,0.0,,,,,0.0,hit,1.0,hit,23.0,hit,200.0,hit,2985.0,hit,3196.0,hit,3238.0,hit,11.0,hit,18.0,hit,76.0,hit,382.0,hit,390.0,hit,390.0,hit,7.899999999999977,136,True,False,False,False,,10.0,742,True,True,True,True,,10.0,826,True,True,True,True,,10.0,826,True,True,True,True,,200.0,2022-06-13T12:51:00-04:00,2.6000000000000227,4547.040000000012,3192.0,2022-06-15T14:43:00-04:00,2.3000000000000007,5147.040000000056,3193.0,2022-06-15T14:44:00-04:00,1.1499999999999986,7447.04000000006,201.0,2022-06-13T12:52:00-04:00,4.850000000000023,47.04000000001208,2985.0,2022-06-15T11:16:00-04:00,1.9499999999999886,5847.04000000008,3196.0,2022-06-15T14:47:00-04:00,1.0,7747.040000000057,3233.0,2022-06-15T15:24:00-04:00,0.7749999999999995,8197.040000000059,2986.0,2022-06-15T11:17:00-04:00,3.1000000000000227,3547.0400000000122,3232.0,2022-06-15T15:23:00-04:00,0.8500000000000014,8047.0400000000545,3233.0,2022-06-15T15:24:00-04:00,0.7749999999999995,8197.040000000059,3234.0,2022-06-15T15:25:00-04:00,0.5750000000000002,8597.040000000057,3233.0,2022-06-15T15:24:00-04:00,0.7749999999999995,8197.040000000059,3238.0,2022-06-15T15:29:00-04:00,0.4250000000000007,8897.040000000057,3243.0,2022-06-15T15:34:00-04:00,0.0,9747.040000000059,3244.0,2022-06-15T15:35:00-04:00,0.0,9747.040000000059,3239.0,2022-06-15T15:30:00-04:00,0.5249999999999999,8697.040000000057,372
2022-06-13,2022-06-15,2,6.0,2022-06-13T09:31:00-04:00,6.0,NDXP  220615P11640000,NDXP  220615P11630000,development,False,False,0,0,0,2,0,1197,available,False,2022-06-13T09:31:00-04:00,2022-06-15T16:00:00-04:00,8.900000000000006,-6052.960000000013,0.0,last_observed_quote_not_settlement,1036.0,1046,95,5.550000000000068,647.0399999998642,2022-06-13T09:32:00-04:00,0.0,5.550000000000011,647.0399999999779,2022-06-13T09:33:00-04:00,0.0,5.800000000000011,147.03999999997797,2022-06-13T09:36:00-04:00,0.0,5.949999999999989,-152.95999999997656,2022-06-13T09:41:00-04:00,0.0,5.449999999999989,847.0400000000234,2022-06-13T09:46:00-04:00,0.0,6.5499999999999545,-1352.9599999999084,2022-06-13T10:01:00-04:00,0.0,6.649999999999977,-1552.9599999999539,2022-06-13T10:31:00-04:00,0.0,6.650000000000034,-1552.9600000000676,2022-06-13T11:31:00-04:00,0.0,7.649999999999977,-3552.9599999999537,2022-06-13T16:00:00-04:00,0.0,8.199999999999989,-4652.959999999978,2022-06-14T16:00:00-04:00,0.0,8.900000000000006,-6052.960000000013,2022-06-15T16:00:00-04:00,0.0,,,,,3.0,hit,3.0,hit,3192.0,hit,3201.0,hit,3201.0,hit,3201.0,hit,3201.0,hit,30.0,hit,33.0,hit,33.0,hit,362.0,hit,368.0,hit,3263.0,hit,9.299999999999955,1020,True,True,True,True,,9.299999999999955,1020,True,True,True,True,,9.299999999999955,1020,True,True,True,True,,9.299999999999955,1020,True,True,True,True,,3201.0,2022-06-15T14:52:00-04:00,0.0,11747.04,3240.0,2022-06-15T15:31:00-04:00,2.4999999999999964,6747.040000000008,3241.0,2022-06-15T15:32:00-04:00,2.2499999999999982,7247.0400000000045,3202.0,2022-06-15T14:53:00-04:00,5.950000000000017,-152.9600000000334,3201.0,2022-06-15T14:52:00-04:00,0.0,11747.04,3243.0,2022-06-15T15:34:00-04:00,0.875,9997.04,3244.0,2022-06-15T15:35:00-04:00,0.625,10497.04,3202.0,2022-06-15T14:53:00-04:00,5.950000000000017,-152.9600000000334,3201.0,2022-06-15T14:52:00-04:00,0.0,11747.04,3244.0,2022-06-15T15:35:00-04:00,0.625,10497.04,,,,,3202.0,2022-06-15T14:53:00-04:00,5.950000000000017,-152.9600000000334,3201.0,2022-06-15T14:52:00-04:00,0.0,11747.04,,,,,,,,,3202.0,2022-06-15T14:53:00-04:00,5.950000000000017,-152.9600000000334,373
2022-06-13,2022-06-15,2,7.0,2022-06-13T09:31:00-04:00,7.0,NDXP  220615P11880000,NDXP  220615P11870000,development,False,False,0,0,0,58,0,1141,available,False,2022-06-13T09:31:00-04:00,2022-06-15T16:00:00-04:00,10.0,-6152.96,0.0,last_observed_quote_not_settlement,1036.0,1062,48,7.400000000000091,-1052.9600000001813,2022-06-13T09:32:00-04:00,0.0,7.2999999999999545,-852.9599999999084,2022-06-13T09:33:00-04:00,0.0,7.399999999999977,-1052.9599999999539,2022-06-13T09:36:00-04:00,0.0,7.600000000000023,-1452.9600000000448,2022-06-13T09:41:00-04:00,0.0,8.849999999999966,-3952.9599999999327,2022-06-13T09:46:00-04:00,0.0,8.300000000000011,-2852.9600000000237,2022-06-13T10:01:00-04:00,0.0,8.349999999999909,-2952.959999999819,2022-06-13T10:31:00-04:00,0.0,9.149999999999864,-4552.959999999728,2022-06-13T11:31:00-04:00,0.0,8.900000000000091,-4052.960000000183,2022-06-13T16:00:00-04:00,0.0,8.699999999999932,-3652.9599999998645,2022-06-14T16:00:00-04:00,0.0,10.0,-6152.96,2022-06-15T16:00:00-04:00,0.0,,,,,111.0,hit,111.0,hit,111.0,hit,277.0,hit,3153.0,hit,3153.0,hit,,never_hit,4.0,hit,9.0,hit,0.0,hit,9.0,hit,56.0,hit,98.0,hit,10.0,255,True,True,True,True,,10.0,990,True,True,True,True,,10.0,990,True,True,True,True,,,,True,True,True,False,6.449999999999989,277.0,2022-06-13T14:08:00-04:00,2.25,9247.04,,,,,,,,,278.0,2022-06-13T14:09:00-04:00,8.39999999999992,-3052.959999999842,3153.0,2022-06-15T14:04:00-04:00,0.5500000000000114,12647.039999999979,,,,,,,,,,,,,3153.0,2022-06-15T14:04:00-04:00,0.5500000000000114,12647.039999999979,,,,,,,,,,,,,,,,,,,,,,,,,,,,,374
2022-06-21,2022-06-24,3,5.0,2022-06-21T09:31:00-04:00,4.999999999999972,NDXP  220624P11480000,NDXP  220624P11470000,development,False,False,0,0,0,4,0,1601,available,False,2022-06-21T09:31:00-04:00,2022-06-24T16:00:00-04:00,0.0,9747.039999999944,0.0,last_observed_quote_not_settlement,1036.0,13,18,5.599999999999966,-1452.959999999988,2022-06-21T09:32:00-04:00,0.0,3.0500000000000114,3647.0399999999213,2022-06-21T09:33:00-04:00,0.0,4.549999999999983,647.0399999999779,2022-06-21T09:36:00-04:00,0.0,3.799999999999983,2147.039999999978,2022-06-21T09:41:00-04:00,0.0,4.450000000000017,847.0399999999097,2022-06-21T09:46:00-04:00,0.0,3.8000000000000114,2147.0399999999213,2022-06-21T10:01:00-04:00,0.0,3.5999999999999943,2547.0399999999554,2022-06-21T10:31:00-04:00,0.0,3.5,2747.039999999944,2022-06-21T11:31:00-04:00,0.0,4.200000000000017,1347.0399999999097,2022-06-21T16:00:00-04:00,0.0,4.299999999999983,1147.039999999978,2022-06-22T16:00:00-04:00,0.0,1.5,6747.039999999944,2022-06-23T16:00:00-04:00,0.0,0.0,9747.039999999944,2022-06-24T16:00:00-04:00,0.0,0.0,hit,0.0,hit,2.0,hit,92.0,hit,2940.0,hit,3259.0,hit,4320.0,hit,1.0,hit,1446.0,hit,,never_hit,,never_hit,,never_hit,,never_hit,5.599999999999966,3,False,False,False,False,,6.699999999999989,13,False,False,False,False,,6.699999999999989,13,False,False,False,False,,6.699999999999989,13,False,False,False,False,,1493.0,2022-06-22T10:24:00-04:00,2.9499999999999886,3847.0399999999668,1494.0,2022-06-22T10:25:00-04:00,2.8500000000000085,4047.039999999927,1495.0,2022-06-22T10:26:00-04:00,2.8999999999999915,3947.039999999961,1494.0,2022-06-22T10:25:00-04:00,2.8500000000000085,4047.039999999927,2940.0,2022-06-23T10:31:00-04:00,1.75,6247.039999999944,2957.0,2022-06-23T10:48:00-04:00,1.75,6247.039999999944,2985.0,2022-06-23T11:16:00-04:00,1.8999999999999986,5947.039999999946,2941.0,2022-06-23T10:32:00-04:00,2.6500000000000057,4447.039999999933,3259.0,2022-06-23T15:50:00-04:00,0.9000000000000021,7947.03999999994,4321.0,2022-06-24T09:32:00-04:00,0.2999999999999998,9147.039999999944,4322.0,2022-06-24T09:33:00-04:00,0.22499999999999964,9297.039999999946,3260.0,2022-06-23T15:51:00-04:00,1.3500000000000014,7047.039999999941,4320.0,2022-06-24T09:31:00-04:00,0.4250000000000007,8897.039999999943,4321.0,2022-06-24T09:32:00-04:00,0.2999999999999998,9147.039999999944,4322.0,2022-06-24T09:33:00-04:00,0.22499999999999964,9297.039999999946,4321.0,2022-06-24T09:32:00-04:00,0.2999999999999998,9147.039999999944,375
2022-06-21,2022-06-24,3,6.0,2022-06-21T09:31:00-04:00,6.000000000000028,NDXP  220624P11590000,NDXP  220624P11580000,development,False,False,0,0,0,14,0,1591,available,False,2022-06-21T09:31:00-04:00,2022-06-24T16:00:00-04:00,0.0,11747.040000000059,0.0,last_observed_quote_not_settlement,1036.0,36,46,6.899999999999977,-2052.959999999897,2022-06-21T09:32:00-04:00,0.0,5.149999999999977,1447.040000000103,2022-06-21T09:33:00-04:00,0.0,5.200000000000017,1347.0400000000234,2022-06-21T09:36:00-04:00,0.0,5.0,1747.0400000000575,2022-06-21T09:41:00-04:00,0.0,5.199999999999989,1347.0400000000802,2022-06-21T09:46:00-04:00,0.0,6.0,-252.95999999994245,2022-06-21T10:01:00-04:00,0.0,4.550000000000011,2647.040000000035,2022-06-21T10:31:00-04:00,0.0,4.450000000000017,2847.0400000000236,2022-06-21T11:31:00-04:00,0.0,5.099999999999966,1547.0400000001257,2022-06-21T16:00:00-04:00,0.0,5.299999999999983,1147.0400000000916,2022-06-22T16:00:00-04:00,0.0,2.8999999999999915,5947.0400000000745,2022-06-23T16:00:00-04:00,0.0,0.0,11747.040000000059,2022-06-24T16:00:00-04:00,0.0,2.0,hit,6.0,hit,350.0,hit,2920.0,hit,4320.0,hit,4320.0,hit,4326.0,hit,1.0,hit,2895.0,hit,2895.0,hit,,never_hit,,never_hit,,never_hit,7.900000000000006,34,True,False,False,False,,7.900000000000006,36,True,False,False,False,,7.900000000000006,36,True,False,False,False,,7.900000000000006,36,True,False,False,False,,2920.0,2022-06-23T10:11:00-04:00,2.8500000000000085,6047.040000000041,3244.0,2022-06-23T15:35:00-04:00,2.8999999999999986,5947.04000000006,3245.0,2022-06-23T15:36:00-04:00,2.8000000000000043,6147.040000000049,2921.0,2022-06-23T10:12:00-04:00,4.849999999999994,2047.040000000069,4320.0,2022-06-24T09:31:00-04:00,0.9499999999999993,9847.040000000059,4321.0,2022-06-24T09:32:00-04:00,1.1000000000000014,9547.040000000055,4322.0,2022-06-24T09:33:00-04:00,0.5999999999999996,10547.040000000059,4321.0,2022-06-24T09:32:00-04:00,1.1000000000000014,9547.040000000055,4320.0,2022-06-24T09:31:00-04:00,0.9499999999999993,9847.040000000059,4323.0,2022-06-24T09:34:00-04:00,0.6000000000000005,10547.040000000057,4324.0,2022-06-24T09:35:00-04:00,0.75,10247.040000000059,4321.0,2022-06-24T09:32:00-04:00,1.1000000000000014,9547.040000000055,4330.0,2022-06-24T09:41:00-04:00,0.34999999999999964,11047.040000000059,4331.0,2022-06-24T09:42:00-04:00,0.35000000000000053,11047.040000000057,4332.0,2022-06-24T09:43:00-04:00,0.2499999999999991,11247.04000000006,4331.0,2022-06-24T09:42:00-04:00,0.35000000000000053,11047.040000000057,376
2022-06-21,2022-06-24,3,7.0,2022-06-21T09:31:00-04:00,7.0,NDXP  220624P11720000,NDXP  220624P11710000,development,False,False,0,0,0,0,0,1604,available,False,2022-06-21T09:31:00-04:00,2022-06-24T16:00:00-04:00,0.0,13747.04,0.0,last_observed_quote_not_settlement,1037.0,130,82,7.25,-752.9599999999994,2022-06-21T09:32:00-04:00,0.0,6.149999999999977,1447.0400000000461,2022-06-21T09:33:00-04:00,0.0,7.800000000000068,-1852.9600000001358,2022-06-21T09:36:00-04:00,0.0,5.75,2247.040000000001,2022-06-21T09:41:00-04:00,0.0,8.199999999999989,-2652.959999999978,2022-06-21T09:46:00-04:00,0.0,7.449999999999989,-1152.9599999999766,2022-06-21T10:01:00-04:00,0.0,5.7999999999999545,2147.040000000092,2022-06-21T10:31:00-04:00,0.0,5.75,2247.040000000001,2022-06-21T11:31:00-04:00,0.0,6.900000000000034,-52.9600000000675,2022-06-21T16:00:00-04:00,0.0,7.0,-252.9599999999993,2022-06-22T16:00:00-04:00,0.0,4.199999999999989,5347.040000000024,2022-06-23T16:00:00-04:00,0.0,0.0,13747.04,2022-06-24T16:00:00-04:00,0.0,9.0,hit,380.0,hit,1552.0,hit,4320.0,hit,4322.0,hit,4331.0,hit,4349.0,hit,4.0,hit,15.0,hit,0.0,hit,15.0,hit,,never_hit,,never_hit,8.800000000000011,130,True,True,False,False,,8.800000000000011,130,True,True,False,False,,8.800000000000011,130,True,True,False,False,,8.800000000000011,130,True,True,False,False,,4320.0,2022-06-24T09:31:00-04:00,2.3999999999999986,8947.040000000005,4321.0,2022-06-24T09:32:00-04:00,2.3500000000000014,9047.039999999999,4322.0,2022-06-24T09:33:00-04:00,1.7499999999999964,10247.040000000008,4321.0,2022-06-24T09:32:00-04:00,2.3500000000000014,9047.039999999999,4322.0,2022-06-24T09:33:00-04:00,1.7499999999999964,10247.040000000008,4323.0,2022-06-24T09:34:00-04:00,1.8500000000000014,10047.039999999999,4324.0,2022-06-24T09:35:00-04:00,1.6999999999999993,10347.040000000003,4323.0,2022-06-24T09:34:00-04:00,1.8500000000000014,10047.039999999999,4333.0,2022-06-24T09:44:00-04:00,0.9499999999999993,11847.040000000003,4334.0,2022-06-24T09:45:00-04:00,0.9499999999999993,11847.040000000003,4335.0,2022-06-24T09:46:00-04:00,0.9499999999999993,11847.040000000003,4334.0,2022-06-24T09:45:00-04:00,0.9499999999999993,11847.040000000003,4349.0,2022-06-24T10:00:00-04:00,0.25,13247.04,4352.0,2022-06-24T10:03:00-04:00,0.3500000000000001,13047.04,4356.0,2022-06-24T10:07:00-04:00,0.27499999999999947,13197.040000000003,4350.0,2022-06-24T10:01:00-04:00,0.4500000000000002,12847.04,377
2022-06-22,2022-06-24,2,5.0,2022-06-22T09:31:00-04:00,5.0,NDXP  220624P13410000,NDXP  220624P13400000,development,False,False,0,0,0,278,0,921,available,False,2022-06-22T09:31:00-04:00,2022-06-24T15:59:00-04:00,10.0,-10152.96,1.0,last_observed_quote_not_settlement,1037.0,770,18,7.0499999999999545,-4352.959999999908,2022-06-22T09:32:00-04:00,0.0,,,2022-06-22T09:32:00-04:00,60.0,5.25,-752.9599999999994,2022-06-22T09:36:00-04:00,0.0,10.0,-10152.96,2022-06-22T09:41:00-04:00,0.0,3.25,3247.040000000001,2022-06-22T09:46:00-04:00,0.0,,,2022-06-22T10:00:00-04:00,60.0,9.350000000000136,-8952.960000000274,2022-06-22T10:31:00-04:00,0.0,9.849999999999909,-9952.959999999819,2022-06-22T11:31:00-04:00,0.0,9.549999999999955,-9352.95999999991,2022-06-22T16:00:00-04:00,0.0,,,2022-06-23T15:59:00-04:00,60.0,,,2022-06-24T15:59:00-04:00,60.0,,,,,0.0,hit,0.0,hit,15.0,hit,59.0,hit,386.0,hit,,never_hit,,never_hit,1.0,hit,1.0,hit,1.0,hit,3.0,hit,3.0,hit,3.0,hit,10.0,47,True,True,True,True,,10.0,329,True,True,True,True,,,,True,True,True,False,3.949999999999818,,,True,True,True,False,3.949999999999818,59.0,2022-06-22T10:30:00-04:00,2.6499999999998636,4447.040000000274,,,,,,,,,60.0,2022-06-22T10:31:00-04:00,9.350000000000136,-8952.960000000274,386.0,2022-06-22T15:57:00-04:00,1.050000000000182,7647.039999999637,,,,,,,,,387.0,2022-06-22T15:58:00-04:00,9.25,-8752.960000000001,,,,,,,,,,,,,,,,,,,,,,,,,,,,,,,,,378
2022-06-22,2022-06-24,2,6.0,2022-06-22T09:31:00-04:00,5.949999999999989,NDXP  220624P11410000,NDXP  220624P11400000,development,False,False,0,0,0,1,0,1199,available,False,2022-06-22T09:31:00-04:00,2022-06-24T16:00:00-04:00,0.0,11647.039999999979,0.0,last_observed_quote_not_settlement,1036.0,1,2,5.549999999999983,547.040000000012,2022-06-22T09:32:00-04:00,0.0,5.099999999999994,1447.0399999999893,2022-06-22T09:33:00-04:00,0.0,4.400000000000034,2847.03999999991,2022-06-22T09:36:00-04:00,0.0,4.399999999999977,2847.0400000000236,2022-06-22T09:41:00-04:00,0.0,4.400000000000006,2847.0399999999668,2022-06-22T09:46:00-04:00,0.0,4.25,3147.039999999978,2022-06-22T10:01:00-04:00,0.0,2.3999999999999986,6847.039999999981,2022-06-22T10:31:00-04:00,0.0,2.3000000000000043,7047.039999999969,2022-06-22T11:31:00-04:00,0.0,3.6000000000000085,4447.039999999961,2022-06-22T16:00:00-04:00,0.0,0.9499999999999993,9747.03999999998,2022-06-23T16:00:00-04:00,0.0,0.0,11647.039999999979,2022-06-24T16:00:00-04:00,0.0,,,,,2.0,hit,3.0,hit,16.0,hit,39.0,hit,66.0,hit,1802.0,hit,1819.0,hit,2909.0,hit,2909.0,hit,2909.0,hit,2909.0,hit,,never_hit,,never_hit,5.949999999999989,0,False,False,False,False,,5.949999999999989,0,False,False,False,False,,5.949999999999989,0,False,False,False,False,,5.949999999999989,0,False,False,False,False,,39.0,2022-06-22T10:10:00-04:00,2.8000000000000114,6047.039999999955,44.0,2022-06-22T10:15:00-04:00,2.9000000000000057,5847.039999999966,45.0,2022-06-22T10:16:00-04:00,2.9000000000000057,5847.039999999966,40.0,2022-06-22T10:11:00-04:00,3.1500000000000057,5347.039999999966,66.0,2022-06-22T10:37:00-04:00,1.8000000000000043,8047.039999999969,286.0,2022-06-22T14:17:00-04:00,1.8499999999999943,7947.039999999989,287.0,2022-06-22T14:18:00-04:00,1.8999999999999986,7847.039999999981,67.0,2022-06-22T10:38:00-04:00,2.0,7647.039999999978,1804.0,2022-06-23T15:35:00-04:00,0.9000000000000004,9847.039999999979,1811.0,2022-06-23T15:42:00-04:00,0.9000000000000004,9847.039999999979,1812.0,2022-06-23T15:43:00-04:00,0.9000000000000004,9847.039999999979,1805.0,2022-06-23T15:36:00-04:00,1.0,9647.039999999979,1819.0,2022-06-23T15:50:00-04:00,0.3999999999999986,10847.03999999998,2881.0,2022-06-24T09:32:00-04:00,0.19999999999999973,11247.039999999979,2882.0,2022-06-24T09:33:00-04:00,0.15000000000000036,11347.039999999979,1820.0,2022-06-23T15:51:00-04:00,0.75,10147.039999999979,379
2022-06-22,2022-06-24,2,7.0,2022-06-22T09:31:00-04:00,7.0,NDXP  220624P11640000,NDXP  220624P11630000,development,False,False,0,0,0,63,0,1137,available,False,2022-06-22T09:31:00-04:00,2022-06-24T16:00:00-04:00,0.0,13747.04,0.0,last_observed_quote_not_settlement,1036.0,2,4,6.299999999999983,1147.0400000000348,2022-06-22T09:32:00-04:00,0.0,6.75,247.04000000000067,2022-06-22T09:33:00-04:00,0.0,6.850000000000023,47.039999999955235,2022-06-22T09:36:00-04:00,0.0,6.999999999999943,-252.9599999998856,2022-06-22T09:41:00-04:00,0.0,6.300000000000011,1147.039999999978,2022-06-22T09:46:00-04:00,0.0,5.400000000000006,2947.0399999999895,2022-06-22T10:01:00-04:00,0.0,4.5,4747.040000000001,2022-06-22T10:31:00-04:00,0.0,4.549999999999983,4647.0400000000345,2022-06-22T11:31:00-04:00,0.0,5.849999999999994,2047.0400000000122,2022-06-22T16:00:00-04:00,0.0,3.549999999999997,6647.040000000006,2022-06-23T16:00:00-04:00,0.0,0.0,13747.04,2022-06-24T16:00:00-04:00,0.0,,,,,24.0,hit,29.0,hit,47.0,hit,1502.0,hit,2880.0,hit,2882.0,hit,2891.0,hit,,never_hit,,never_hit,0.0,hit,,never_hit,,never_hit,,never_hit,7.199999999999989,2,True,False,False,False,,7.199999999999989,2,True,False,False,False,,7.199999999999989,2,True,False,False,False,,7.199999999999989,2,True,False,False,False,,1502.0,2022-06-23T10:33:00-04:00,2.8999999999999915,7947.040000000018,2881.0,2022-06-24T09:32:00-04:00,1.3499999999999979,11047.040000000006,2882.0,2022-06-24T09:33:00-04:00,0.9000000000000004,11947.04,1503.0,2022-06-23T10:34:00-04:00,5.1000000000000085,3547.0399999999836,2880.0,2022-06-24T09:31:00-04:00,1.3499999999999979,11047.040000000006,2881.0,2022-06-24T09:32:00-04:00,1.3499999999999979,11047.040000000006,2882.0,2022-06-24T09:33:00-04:00,0.9000000000000004,11947.04,2881.0,2022-06-24T09:32:00-04:00,1.3499999999999979,11047.040000000006,2882.0,2022-06-24T09:33:00-04:00,0.9000000000000004,11947.04,2885.0,2022-06-24T09:36:00-04:00,0.8000000000000007,12147.04,2886.0,2022-06-24T09:37:00-04:00,0.8500000000000014,12047.039999999999,2883.0,2022-06-24T09:34:00-04:00,1.0999999999999979,11547.040000000006,2891.0,2022-06-24T09:42:00-04:00,0.4499999999999993,12847.040000000003,2899.0,2022-06-24T09:50:00-04:00,0.39999999999999947,12947.040000000003,2900.0,2022-06-24T09:51:00-04:00,0.25,13247.04,2892.0,2022-06-24T09:43:00-04:00,0.5,12747.04,380
2022-06-24,2022-06-27,3,5.0,2022-06-24T09:31:00-04:00,4.900000000000006,NDXP  220627P11840000,NDXP  220627P11830000,development,False,False,0,0,0,0,0,795,available,False,2022-06-24T09:31:00-04:00,2022-06-27T16:00:00-04:00,0.0,9547.040000000014,0.0,last_observed_quote_not_settlement,3916.0,0,0,4.0,1547.040000000012,2022-06-24T09:32:00-04:00,0.0,3.5999999999999943,2347.0400000000236,2022-06-24T09:33:00-04:00,0.0,4.5,547.040000000012,2022-06-24T09:36:00-04:00,0.0,4.0,1547.040000000012,2022-06-24T09:41:00-04:00,0.0,3.6999999999999886,2147.040000000035,2022-06-24T09:46:00-04:00,0.0,3.0500000000000114,3447.0399999999895,2022-06-24T10:01:00-04:00,0.0,2.4000000000000057,4747.040000000001,2022-06-24T10:31:00-04:00,0.0,2.8500000000000014,3847.040000000009,2022-06-24T11:31:00-04:00,0.0,1.1499999999999986,7247.0400000000145,2022-06-24T16:00:00-04:00,0.0,,,2022-06-24T16:15:00-04:00,85500.0,,,2022-06-24T16:15:00-04:00,171900.0,0.0,9547.040000000014,2022-06-27T16:00:00-04:00,0.0,0.0,hit,0.0,hit,1.0,hit,29.0,hit,38.0,hit,4320.0,hit,4320.0,hit,,never_hit,,never_hit,,never_hit,,never_hit,,never_hit,,never_hit,4.900000000000006,0,False,False,False,False,,4.900000000000006,0,False,False,False,False,,4.900000000000006,0,False,False,False,False,,4.900000000000006,0,False,False,False,False,,29.0,2022-06-24T10:00:00-04:00,2.8500000000000085,3847.039999999995,32.0,2022-06-24T10:03:00-04:00,2.6499999999999915,4247.040000000029,33.0,2022-06-24T10:04:00-04:00,2.5500000000000043,4447.040000000004,30.0,2022-06-24T10:01:00-04:00,3.0500000000000114,3447.0399999999895,38.0,2022-06-24T10:09:00-04:00,1.9000000000000057,5747.040000000001,373.0,2022-06-24T15:44:00-04:00,1.8499999999999979,5847.040000000016,374.0,2022-06-24T15:45:00-04:00,1.899999999999995,5747.040000000022,39.0,2022-06-24T10:10:00-04:00,2.3000000000000043,4947.040000000004,4320.0,2022-06-27T09:31:00-04:00,0.35000000000000053,8847.040000000012,4321.0,2022-06-27T09:32:00-04:00,0.5500000000000007,8447.040000000012,4322.0,2022-06-27T09:33:00-04:00,0.5999999999999996,8347.040000000014,4321.0,2022-06-27T09:32:00-04:00,0.5500000000000007,8447.040000000012,4320.0,2022-06-27T09:31:00-04:00,0.35000000000000053,8847.040000000012,4401.0,2022-06-27T10:52:00-04:00,0.44999999999999973,8647.040000000012,4402.0,2022-06-27T10:53:00-04:00,0.44999999999999973,8647.040000000012,4321.0,2022-06-27T09:32:00-04:00,0.5500000000000007,8447.040000000012,381
2022-06-24,2022-06-27,3,6.0,2022-06-24T09:31:00-04:00,5.950000000000017,NDXP  220627P11910000,NDXP  220627P11900000,development,False,False,0,0,0,2,0,793,available,False,2022-06-24T09:31:00-04:00,2022-06-27T16:00:00-04:00,0.0,11647.040000000035,0.0,last_observed_quote_not_settlement,3916.0,0,0,5.699999999999989,247.04000000005752,2022-06-24T09:32:00-04:00,0.0,5.449999999999989,747.0400000000575,2022-06-24T09:33:00-04:00,0.0,2.8500000000000227,5947.039999999989,2022-06-24T09:36:00-04:00,0.0,5.0,1647.0400000000348,2022-06-24T09:41:00-04:00,0.0,4.1499999999999915,3347.040000000052,2022-06-24T09:46:00-04:00,0.0,3.9000000000000057,3847.0400000000236,2022-06-24T10:01:00-04:00,0.0,4.0,3647.040000000035,2022-06-24T10:31:00-04:00,0.0,3.75,4147.0400000000345,2022-06-24T11:31:00-04:00,0.0,1.75,8147.0400000000345,2022-06-24T16:00:00-04:00,0.0,,,2022-06-24T16:15:00-04:00,85500.0,,,2022-06-24T16:15:00-04:00,171900.0,0.0,11647.040000000035,2022-06-27T16:00:00-04:00,0.0,2.0,hit,4.0,hit,5.0,hit,5.0,hit,387.0,hit,4320.0,hit,4434.0,hit,,never_hit,,never_hit,,never_hit,,never_hit,,never_hit,,never_hit,5.950000000000017,0,False,False,False,False,,5.950000000000017,0,False,False,False,False,,5.950000000000017,0,False,False,False,False,,5.950000000000017,0,False,False,False,False,,5.0,2022-06-24T09:36:00-04:00,2.8500000000000227,5947.039999999989,209.0,2022-06-24T13:00:00-04:00,2.8499999999999943,5947.040000000046,210.0,2022-06-24T13:01:00-04:00,2.8999999999999915,5847.040000000052,6.0,2022-06-24T09:37:00-04:00,4.550000000000011,2547.0400000000122,387.0,2022-06-24T15:58:00-04:00,1.8499999999999943,7947.040000000046,388.0,2022-06-24T15:59:00-04:00,1.9499999999999957,7747.040000000044,389.0,2022-06-24T16:00:00-04:00,1.75,8147.0400000000345,388.0,2022-06-24T15:59:00-04:00,1.9499999999999957,7747.040000000044,4320.0,2022-06-27T09:31:00-04:00,0.6500000000000004,10347.040000000035,4321.0,2022-06-27T09:32:00-04:00,0.9499999999999975,9747.04000000004,4406.0,2022-06-27T10:57:00-04:00,0.6499999999999995,10347.040000000037,4321.0,2022-06-27T09:32:00-04:00,0.9499999999999975,9747.04000000004,4434.0,2022-06-27T11:25:00-04:00,0.34999999999999964,10947.040000000037,4552.0,2022-06-27T13:23:00-04:00,0.375,10897.040000000035,4553.0,2022-06-27T13:24:00-04:00,0.2999999999999998,11047.040000000035,4435.0,2022-06-27T11:26:00-04:00,0.6500000000000004,10347.040000000035,382
2022-06-24,2022-06-27,3,7.0,2022-06-24T09:31:00-04:00,7.000000000000028,NDXP  220627P12030000,NDXP  220627P12020000,development,False,False,0,0,0,3,0,792,available,False,2022-06-24T09:31:00-04:00,2022-06-27T15:59:00-04:00,9.700000000000003,-5652.95999999995,1.0,last_observed_quote_not_settlement,3916.0,35,32,7.199999999999989,-652.9599999999198,2022-06-24T09:32:00-04:00,0.0,6.700000000000017,347.04000000002344,2022-06-24T09:33:00-04:00,0.0,6.849999999999994,47.04000000006892,2022-06-24T09:36:00-04:00,0.0,6.5,747.0400000000575,2022-06-24T09:41:00-04:00,0.0,6.200000000000017,1347.0400000000234,2022-06-24T09:46:00-04:00,0.0,5.5,2747.0400000000577,2022-06-24T10:01:00-04:00,0.0,4.699999999999989,4347.04000000008,2022-06-24T10:31:00-04:00,0.0,5.650000000000006,2447.0400000000463,2022-06-24T11:31:00-04:00,0.0,3.200000000000003,7347.040000000052,2022-06-24T16:00:00-04:00,0.0,,,2022-06-24T16:15:00-04:00,85500.0,,,2022-06-24T16:15:00-04:00,171900.0,,,2022-06-27T15:59:00-04:00,60.0,30.0,hit,32.0,hit,32.0,hit,4320.0,hit,,never_hit,,never_hit,,never_hit,4655.0,hit,4658.0,hit,0.0,hit,4658.0,hit,4658.0,hit,4658.0,hit,7.399999999999977,3,True,False,False,False,,,,True,True,True,False,4.950000000000031,,,True,True,True,False,4.950000000000031,,,True,True,True,False,4.950000000000031,4320.0,2022-06-27T09:31:00-04:00,2.049999999999997,9647.040000000065,4321.0,2022-06-27T09:32:00-04:00,2.450000000000003,8847.040000000054,4322.0,2022-06-27T09:33:00-04:00,2.8500000000000014,8047.0400000000545,4321.0,2022-06-27T09:32:00-04:00,2.450000000000003,8847.040000000054,,,,,,,,,,,,,,,,,,,,,,,,,,,,,,,,,,,,,,,,,,,,,,,,,383
2022-06-27,2022-06-29,2,5.0,2022-06-27T09:31:00-04:00,4.900000000000006,NDXP  220629P12200000,NDXP  220629P12190000,development,False,False,0,0,0,190,0,1010,available,False,2022-06-27T09:31:00-04:00,2022-06-29T16:00:00-04:00,10.0,-10352.959999999988,0.0,last_observed_quote_not_settlement,1038.0,908,6,5.149999999999977,-752.9599999999425,2022-06-27T09:32:00-04:00,0.0,5.5,-1452.959999999988,2022-06-27T09:33:00-04:00,0.0,6.050000000000011,-2552.9600000000105,2022-06-27T09:36:00-04:00,0.0,5.950000000000017,-2352.960000000022,2022-06-27T09:41:00-04:00,0.0,6.850000000000023,-4152.960000000034,2022-06-27T09:46:00-04:00,0.0,6.75,-3952.9599999999878,2022-06-27T10:01:00-04:00,0.0,7.099999999999994,-4652.959999999976,2022-06-27T10:31:00-04:00,0.0,5.899999999999977,-2252.9599999999423,2022-06-27T11:31:00-04:00,0.0,7.299999999999983,-5052.959999999954,2022-06-27T16:00:00-04:00,0.0,9.599999999999909,-9652.959999999806,2022-06-28T16:00:00-04:00,0.0,10.0,-10352.959999999988,2022-06-29T16:00:00-04:00,0.0,,,,,0.0,hit,0.0,hit,,never_hit,,never_hit,,never_hit,,never_hit,,never_hit,2.0,hit,4.0,hit,13.0,hit,350.0,hit,1499.0,hit,1506.0,hit,,,True,True,True,False,0.4500000000000739,,,True,True,True,False,0.4500000000000739,,,True,True,True,False,0.4500000000000739,,,True,True,True,False,0.4500000000000739,,,,,,,,,,,,,,,,,,,,,,,,,,,,,,,,,,,,,,,,,,,,,,,,,,,,,,,,,,,,,,,,,384
2022-06-27,2022-06-29,2,6.0,2022-06-27T09:31:00-04:00,5.849999999999994,NDXP  220629P12030000,NDXP  220629P12020000,development,False,False,0,0,0,114,0,1086,available,False,2022-06-27T09:31:00-04:00,2022-06-29T15:59:00-04:00,10.0,-8452.96000000001,1.0,last_observed_quote_not_settlement,1036.0,555,51,3.5999999999999943,4247.040000000001,2022-06-27T09:32:00-04:00,0.0,3.75,3947.0399999999895,2022-06-27T09:33:00-04:00,0.0,4.149999999999977,3147.040000000035,2022-06-27T09:36:00-04:00,0.0,4.699999999999989,2047.0400000000122,2022-06-27T09:41:00-04:00,0.0,6.0,-552.9600000000107,2022-06-27T09:46:00-04:00,0.0,4.5,2447.0399999999895,2022-06-27T10:01:00-04:00,0.0,5.25,947.0399999999893,2022-06-27T10:31:00-04:00,0.0,4.049999999999983,3347.0400000000236,2022-06-27T11:31:00-04:00,0.0,5.0,1447.0399999999893,2022-06-27T16:00:00-04:00,0.0,9.600000000000023,-7752.960000000058,2022-06-28T16:00:00-04:00,0.0,,,2022-06-29T15:59:00-04:00,60.0,,,,,1.0,hit,1.0,hit,1.0,hit,348.0,hit,,never_hit,,never_hit,,never_hit,176.0,hit,176.0,hit,176.0,hit,1556.0,hit,1590.0,hit,1613.0,hit,7.800000000000011,16,True,False,False,False,,,,True,True,True,False,3.450000000000003,,,True,True,True,False,3.450000000000003,,,True,True,True,False,3.450000000000003,1485.0,2022-06-28T10:16:00-04:00,2.3999999999999915,6647.040000000006,,,,,,,,,1486.0,2022-06-28T10:17:00-04:00,5.5,447.03999999998933,,,,,,,,,,,,,,,,,,,,,,,,,,,,,,,,,,,,,,,,,,,,,,,,,385
2022-06-27,2022-06-29,2,7.0,2022-06-27T09:31:00-04:00,5.849999999999994,NDXP  220629P12030000,NDXP  220629P12020000,development,False,False,0,0,0,114,0,1086,available,False,2022-06-27T09:31:00-04:00,2022-06-29T15:59:00-04:00,10.0,-8452.96000000001,1.0,last_observed_quote_not_settlement,1036.0,555,51,3.5999999999999943,4247.040000000001,2022-06-27T09:32:00-04:00,0.0,3.75,3947.0399999999895,2022-06-27T09:33:00-04:00,0.0,4.149999999999977,3147.040000000035,2022-06-27T09:36:00-04:00,0.0,4.699999999999989,2047.0400000000122,2022-06-27T09:41:00-04:00,0.0,6.0,-552.9600000000107,2022-06-27T09:46:00-04:00,0.0,4.5,2447.0399999999895,2022-06-27T10:01:00-04:00,0.0,5.25,947.0399999999893,2022-06-27T10:31:00-04:00,0.0,4.049999999999983,3347.0400000000236,2022-06-27T11:31:00-04:00,0.0,5.0,1447.0399999999893,2022-06-27T16:00:00-04:00,0.0,9.600000000000023,-7752.960000000058,2022-06-28T16:00:00-04:00,0.0,,,2022-06-29T15:59:00-04:00,60.0,,,,,1.0,hit,1.0,hit,1.0,hit,348.0,hit,,never_hit,,never_hit,,never_hit,176.0,hit,176.0,hit,176.0,hit,1556.0,hit,1590.0,hit,1613.0,hit,7.800000000000011,16,True,False,False,False,,,,True,True,True,False,3.450000000000003,,,True,True,True,False,3.450000000000003,,,True,True,True,False,3.450000000000003,1485.0,2022-06-28T10:16:00-04:00,2.3999999999999915,6647.040000000006,,,,,,,,,1486.0,2022-06-28T10:17:00-04:00,5.5,447.03999999998933,,,,,,,,,,,,,,,,,,,,,,,,,,,,,,,,,,,,,,,,,,,,,,,,,386
2022-06-28,2022-07-01,3,5.0,2022-06-28T09:31:00-04:00,5.0,NDXP  220701P12100000,NDXP  220701P12090000,development,False,False,0,0,0,427,0,1178,available,False,2022-06-28T09:31:00-04:00,2022-07-01T16:00:00-04:00,10.0,-10152.96,0.0,last_observed_quote_not_settlement,1036.0,893,22,4.400000000000006,947.0399999999893,2022-06-28T09:32:00-04:00,0.0,6.550000000000011,-3352.960000000022,2022-06-28T09:33:00-04:00,0.0,4.5,747.0400000000006,2022-06-28T09:36:00-04:00,0.0,3.9499999999999886,1847.0400000000234,2022-06-28T09:41:00-04:00,0.0,4.549999999999983,647.0400000000348,2022-06-28T09:46:00-04:00,0.0,3.700000000000017,2347.0399999999668,2022-06-28T10:01:00-04:00,0.0,5.900000000000006,-2052.9600000000105,2022-06-28T10:31:00-04:00,0.0,7.5,-5252.959999999999,2022-06-28T11:31:00-04:00,0.0,5.5,-1252.9599999999994,2022-06-28T16:00:00-04:00,0.0,5.199999999999932,-652.9599999998629,2022-06-29T16:00:00-04:00,0.0,,,2022-06-30T15:59:00-04:00,60.0,10.0,-10152.96,2022-07-01T16:00:00-04:00,0.0,0.0,hit,0.0,hit,4.0,hit,,never_hit,,never_hit,,never_hit,,never_hit,2.0,hit,2.0,hit,72.0,hit,124.0,hit,247.0,hit,310.0,hit,,,True,True,True,False,1.4000000000000057,,,True,True,True,False,1.4000000000000057,,,True,True,True,False,1.4000000000000057,,,True,True,True,False,1.4000000000000057,,,,,,,,,,,,,,,,,,,,,,,,,,,,,,,,,,,,,,,,,,,,,,,,,,,,,,,,,,,,,,,,,387
2022-06-28,2022-07-01,3,6.0,2022-06-28T09:31:00-04:00,6.099999999999994,NDXP  220701P12190000,NDXP  220701P12180000,development,False,False,0,0,0,153,0,1451,available,False,2022-06-28T09:31:00-04:00,2022-07-01T16:00:00-04:00,10.0,-7952.960000000011,0.0,last_observed_quote_not_settlement,1040.0,1312,19,5.699999999999989,547.040000000012,2022-06-28T09:32:00-04:00,0.0,5.550000000000011,847.0399999999665,2022-06-28T09:33:00-04:00,0.0,6.0,-52.96000000001066,2022-06-28T09:36:00-04:00,0.0,5.5,947.0399999999893,2022-06-28T09:41:00-04:00,0.0,5.649999999999977,647.0400000000348,2022-06-28T09:46:00-04:00,0.0,5.849999999999966,247.04000000005752,2022-06-28T10:01:00-04:00,0.0,7.0,-2052.9600000000105,2022-06-28T10:31:00-04:00,0.0,8.050000000000011,-4152.9600000000355,2022-06-28T11:31:00-04:00,0.0,8.949999999999818,-5952.959999999649,2022-06-28T16:00:00-04:00,0.0,7.949999999999932,-3952.959999999874,2022-06-29T16:00:00-04:00,0.0,,,2022-06-30T15:58:00-04:00,120.0,10.0,-7952.960000000011,2022-07-01T16:00:00-04:00,0.0,3.0,hit,1496.0,hit,,never_hit,,never_hit,,never_hit,,never_hit,,never_hit,34.0,hit,53.0,hit,34.0,hit,66.0,hit,126.0,hit,215.0,hit,,,True,True,True,False,1.4000000000000625,,,True,True,True,False,1.4000000000000625,,,True,True,True,False,1.4000000000000625,,,True,True,True,False,1.4000000000000625,,,,,,,,,,,,,,,,,,,,,,,,,,,,,,,,,,,,,,,,,,,,,,,,,,,,,,,,,,,,,,,,,388
2022-06-28,2022-07-01,3,7.0,2022-06-28T09:31:00-04:00,6.9500000000000455,NDXP  220701P12280000,NDXP  220701P12270000,development,False,False,0,0,1,222,0,1382,available,False,2022-06-28T09:31:00-04:00,2022-07-01T16:00:00-04:00,10.0,-6252.959999999909,0.0,last_observed_quote_not_settlement,1036.0,1181,36,6.900000000000034,-152.95999999997656,2022-06-28T09:32:00-04:00,0.0,6.750000000000057,147.03999999997797,2022-06-28T09:33:00-04:00,0.0,6.149999999999977,1347.040000000137,2022-06-28T09:36:00-04:00,0.0,6.399999999999977,847.0400000001371,2022-06-28T09:41:00-04:00,0.0,6.5499999999999545,547.0400000001825,2022-06-28T09:46:00-04:00,0.0,7.75,-1852.9599999999084,2022-06-28T10:01:00-04:00,0.0,7.699999999999932,-1752.959999999772,2022-06-28T10:31:00-04:00,0.0,8.600000000000023,-3552.9599999999555,2022-06-28T11:31:00-04:00,0.0,9.549999999999955,-5452.959999999819,2022-06-28T16:00:00-04:00,0.0,9.949999999999932,-6252.959999999774,2022-06-29T16:00:00-04:00,0.0,,,2022-06-30T15:58:00-04:00,120.0,10.0,-6252.959999999909,2022-07-01T16:00:00-04:00,0.0,2905.0,hit,2905.0,hit,2914.0,hit,2914.0,hit,2914.0,hit,2915.0,hit,,never_hit,22.0,hit,39.0,hit,16.0,hit,39.0,hit,118.0,hit,150.0,hit,10.0,689,True,True,True,True,,10.0,689,True,True,True,True,,10.0,689,True,True,True,True,,,,True,True,True,False,6.150000000000091,2914.0,2022-06-30T10:05:00-04:00,1.400000000000091,10847.03999999991,2915.0,2022-06-30T10:06:00-04:00,0.7999999999999545,12047.040000000183,,,,,2915.0,2022-06-30T10:06:00-04:00,0.7999999999999545,12047.040000000183,2914.0,2022-06-30T10:05:00-04:00,1.400000000000091,10847.03999999991,2915.0,2022-06-30T10:06:00-04:00,0.7999999999999545,12047.040000000183,,,,,2915.0,2022-06-30T10:06:00-04:00,0.7999999999999545,12047.040000000183,2915.0,2022-06-30T10:06:00-04:00,0.7999999999999545,12047.040000000183,,,,,,,,,,,,,,,,,,,,,,,,,,,,,389
2022-06-29,2022-07-01,2,5.0,2022-06-29T09:31:00-04:00,5.100000000000023,NDXP  220701P11650000,NDXP  220701P11640000,development,False,False,0,0,1,12,0,1187,available,False,2022-06-29T09:31:00-04:00,2022-07-01T16:00:00-04:00,10.0,-9952.959999999954,0.0,last_observed_quote_not_settlement,1037.0,896,122,5.25,-552.9599999999539,2022-06-29T09:32:00-04:00,0.0,6.099999999999994,-2252.9599999999423,2022-06-29T09:33:00-04:00,0.0,5.5,-1052.9599999999539,2022-06-29T09:36:00-04:00,0.0,5.5,-1052.9599999999539,2022-06-29T09:41:00-04:00,0.0,5.75,-1552.9599999999539,2022-06-29T09:46:00-04:00,0.0,4.749999999999972,447.040000000103,2022-06-29T10:01:00-04:00,0.0,4.600000000000023,747.0400000000006,2022-06-29T10:31:00-04:00,0.0,4.5,947.0400000000461,2022-06-29T11:31:00-04:00,0.0,4.050000000000011,1847.0400000000234,2022-06-29T16:00:00-04:00,0.0,,,2022-06-30T15:59:00-04:00,60.0,10.0,-9952.959999999954,2022-07-01T16:00:00-04:00,0.0,,,,,0.0,hit,7.0,hit,20.0,hit,25.0,hit,,never_hit,,never_hit,,never_hit,2.0,hit,12.0,hit,46.0,hit,173.0,hit,1466.0,hit,1500.0,hit,6.699999999999989,17,False,False,False,False,,,,True,True,True,False,2.3500000000000227,,,True,True,True,False,2.3500000000000227,,,True,True,True,False,2.3500000000000227,25.0,2022-06-29T09:56:00-04:00,2.75,4447.040000000046,,,,,,,,,26.0,2022-06-29T09:57:00-04:00,4.299999999999983,1347.0400000000802,,,,,,,,,,,,,,,,,,,,,,,,,,,,,,,,,,,,,,,,,,,,,,,,,390
2022-06-29,2022-07-01,2,6.0,2022-06-29T09:31:00-04:00,5.999999999999886,NDXP  220701P12490000,NDXP  220701P12480000,development,False,False,0,0,0,238,0,961,available,False,2022-06-29T09:31:00-04:00,2022-07-01T15:51:00-04:00,1.0500000000000682,9647.039999999637,9.0,last_observed_quote_not_settlement,1036.0,786,50,9.850000000000136,-7952.960000000501,2022-06-29T09:32:00-04:00,0.0,,,2022-06-29T09:32:00-04:00,60.0,9.100000000000023,-6452.960000000274,2022-06-29T09:36:00-04:00,0.0,,,2022-06-29T09:40:00-04:00,60.0,,,2022-06-29T09:45:00-04:00,60.0,,,2022-06-29T09:59:00-04:00,120.0,9.450000000000045,-7152.960000000319,2022-06-29T10:31:00-04:00,0.0,8.899999999999977,-6052.960000000183,2022-06-29T11:31:00-04:00,0.0,9.899999999999977,-8052.960000000183,2022-06-29T16:00:00-04:00,0.0,,,2022-06-30T15:59:00-04:00,60.0,,,2022-07-01T15:51:00-04:00,540.0,,,,,19.0,hit,19.0,hit,1492.0,hit,1492.0,hit,1492.0,hit,1576.0,hit,,never_hit,1.0,hit,1.0,hit,1.0,hit,1.0,hit,1.0,hit,1.0,hit,10.0,265,True,True,True,True,,10.0,265,True,True,True,True,,10.0,311,True,True,True,True,,,,True,True,True,False,5.39999999999975,1492.0,2022-06-30T10:23:00-04:00,1.2000000000002728,9347.039999999228,1493.0,2022-06-30T10:24:00-04:00,1.900000000000091,7947.039999999592,,,,,1493.0,2022-06-30T10:24:00-04:00,1.900000000000091,7947.039999999592,1492.0,2022-06-30T10:23:00-04:00,1.2000000000002728,9347.039999999228,1493.0,2022-06-30T10:24:00-04:00,1.900000000000091,7947.039999999592,,,,,1493.0,2022-06-30T10:24:00-04:00,1.900000000000091,7947.039999999592,3254.0,2022-07-01T15:45:00-04:00,0.6000000000001364,10547.0399999995,,,,,,,,,3255.0,2022-07-01T15:46:00-04:00,1.6000000000001364,8547.0399999995,,,,,,,,,,,,,,,,,391
2022-06-29,2022-07-01,2,7.0,2022-06-29T09:31:00-04:00,6.999999999999943,NDXP  220701P11830000,NDXP  220701P11820000,development,False,False,0,0,2,129,0,1069,available,False,2022-06-29T09:31:00-04:00,2022-07-01T15:59:00-04:00,10.0,-6152.960000000114,1.0,last_observed_quote_not_settlement,1036.0,730,101,7.2000000000000455,-652.960000000204,2022-06-29T09:32:00-04:00,0.0,7.25,-752.960000000113,2022-06-29T09:33:00-04:00,0.0,7.399999999999977,-1052.9600000000676,2022-06-29T09:36:00-04:00,0.0,7.449999999999989,-1152.9600000000903,2022-06-29T09:41:00-04:00,0.0,8.399999999999977,-3052.960000000069,2022-06-29T09:46:00-04:00,0.0,7.450000000000017,-1152.9600000001471,2022-06-29T10:01:00-04:00,0.0,6.649999999999977,447.0399999999325,2022-06-29T10:31:00-04:00,0.0,6.949999999999989,-152.96000000009025,2022-06-29T11:31:00-04:00,0.0,7.249999999999972,-752.9600000000562,2022-06-29T16:00:00-04:00,0.0,,,2022-06-30T15:59:00-04:00,60.0,,,2022-07-01T15:59:00-04:00,60.0,,,,,3.0,hit,1467.0,hit,,never_hit,,never_hit,,never_hit,,never_hit,,never_hit,4.0,hit,15.0,hit,1.0,hit,15.0,hit,1444.0,hit,1454.0,hit,,,True,True,True,False,2.949999999999875,,,True,True,True,False,2.949999999999875,,,True,True,True,False,2.949999999999875,,,True,True,True,False,2.949999999999875,,,,,,,,,,,,,,,,,,,,,,,,,,,,,,,,,,,,,,,,,,,,,,,,,,,,,,,,,,,,,,,,,392
2022-07-05,2022-07-08,3,5.0,2022-07-05T09:31:00-04:00,5.0,NDXP  220708P11430000,NDXP  220708P11420000,development,False,False,0,0,0,7,0,1598,available,False,2022-07-05T09:31:00-04:00,2022-07-08T16:00:00-04:00,0.0,9747.04,0.0,last_observed_quote_not_settlement,1036.0,31,13,5.099999999999994,-452.95999999998793,2022-07-05T09:32:00-04:00,0.0,5.149999999999977,-552.9599999999539,2022-07-05T09:33:00-04:00,0.0,5.050000000000011,-352.96000000002203,2022-07-05T09:36:00-04:00,0.0,4.999999999999972,-252.95999999994245,2022-07-05T09:41:00-04:00,0.0,5.25,-752.9599999999994,2022-07-05T09:46:00-04:00,0.0,4.500000000000028,747.0399999999438,2022-07-05T10:01:00-04:00,0.0,4.900000000000034,-52.9600000000675,2022-07-05T10:31:00-04:00,0.0,4.199999999999989,1347.0400000000234,2022-07-05T11:31:00-04:00,0.0,1.7999999999999972,6147.040000000006,2022-07-05T16:00:00-04:00,0.0,0.8000000000000007,8147.04,2022-07-06T16:00:00-04:00,0.0,,,2022-07-07T15:59:00-04:00,60.0,0.0,9747.04,2022-07-08T16:00:00-04:00,0.0,0.0,hit,0.0,hit,36.0,hit,177.0,hit,309.0,hit,1688.0,hit,1769.0,hit,4.0,hit,4.0,hit,,never_hit,,never_hit,,never_hit,,never_hit,6.400000000000006,31,False,False,False,False,,6.400000000000006,31,False,False,False,False,,6.400000000000006,31,False,False,False,False,,6.400000000000006,31,False,False,False,False,,177.0,2022-07-05T12:28:00-04:00,2.799999999999997,4147.040000000006,228.0,2022-07-05T13:19:00-04:00,2.9499999999999886,3847.0400000000236,229.0,2022-07-05T13:20:00-04:00,2.8499999999999943,4047.040000000012,178.0,2022-07-05T12:29:00-04:00,3.1499999999999915,3447.0400000000177,310.0,2022-07-05T14:41:00-04:00,1.9499999999999957,5847.040000000009,311.0,2022-07-05T14:42:00-04:00,1.8999999999999986,5947.040000000004,360.0,2022-07-05T15:31:00-04:00,1.8499999999999943,6047.040000000012,311.0,2022-07-05T14:42:00-04:00,1.8999999999999986,5947.040000000004,1688.0,2022-07-06T13:39:00-04:00,0.8999999999999986,7947.040000000004,1718.0,2022-07-06T14:09:00-04:00,0.9499999999999993,7847.040000000002,1745.0,2022-07-06T14:36:00-04:00,0.8999999999999986,7947.040000000004,1689.0,2022-07-06T13:40:00-04:00,1.2000000000000028,7347.039999999995,1789.0,2022-07-06T15:20:00-04:00,0.4499999999999993,8847.040000000003,2884.0,2022-07-07T09:35:00-04:00,0.34999999999999964,9047.040000000003,2885.0,2022-07-07T09:36:00-04:00,0.2999999999999998,9147.040000000003,1790.0,2022-07-06T15:21:00-04:00,0.5499999999999989,8647.040000000005,393
2022-07-05,2022-07-08,3,6.0,2022-07-05T09:31:00-04:00,6.0,NDXP  220708P11550000,NDXP  220708P11540000,development,False,False,0,0,0,28,0,1577,available,False,2022-07-05T09:31:00-04:00,2022-07-08T16:00:00-04:00,0.0,11747.04,0.0,last_observed_quote_not_settlement,1036.0,37,27,6.25,-752.9599999999994,2022-07-05T09:32:00-04:00,0.0,6.249999999999943,-752.9599999998857,2022-07-05T09:33:00-04:00,0.0,6.150000000000034,-552.9600000000676,2022-07-05T09:36:00-04:00,0.0,6.0,-252.9599999999993,2022-07-05T09:41:00-04:00,0.0,6.150000000000006,-552.9600000000107,2022-07-05T09:46:00-04:00,0.0,5.0,1747.0400000000006,2022-07-05T10:01:00-04:00,0.0,5.75,247.04000000000067,2022-07-05T10:31:00-04:00,0.0,6.200000000000017,-652.9600000000335,2022-07-05T11:31:00-04:00,0.0,2.5500000000000114,6647.039999999978,2022-07-05T16:00:00-04:00,0.0,1.5500000000000043,8647.039999999994,2022-07-06T16:00:00-04:00,0.0,0.0,11747.04,2022-07-07T16:00:00-04:00,0.0,0.0,11747.04,2022-07-08T16:00:00-04:00,0.0,12.0,hit,30.0,hit,67.0,hit,135.0,hit,1443.0,hit,1802.0,hit,2897.0,hit,6.0,hit,14.0,hit,14.0,hit,,never_hit,,never_hit,,never_hit,7.349999999999966,37,True,False,False,False,,7.349999999999966,37,True,False,False,False,,7.349999999999966,37,True,False,False,False,,7.349999999999966,37,True,False,False,False,,135.0,2022-07-05T11:46:00-04:00,2.5999999999999943,6547.040000000012,310.0,2022-07-05T14:41:00-04:00,2.9000000000000057,5947.039999999989,311.0,2022-07-05T14:42:00-04:00,2.9000000000000057,5947.039999999989,136.0,2022-07-05T11:47:00-04:00,4.5,2747.040000000001,1443.0,2022-07-06T09:34:00-04:00,1.9000000000000057,7947.039999999989,1716.0,2022-07-06T14:07:00-04:00,1.6500000000000057,8447.03999999999,1717.0,2022-07-06T14:08:00-04:00,1.6000000000000014,8547.039999999999,1444.0,2022-07-06T09:35:00-04:00,2.250000000000007,7247.039999999986,2880.0,2022-07-07T09:31:00-04:00,0.9000000000000021,9947.039999999997,2881.0,2022-07-07T09:32:00-04:00,0.9499999999999993,9847.040000000003,2885.0,2022-07-07T09:36:00-04:00,0.6999999999999993,10347.040000000003,2881.0,2022-07-07T09:32:00-04:00,0.9499999999999993,9847.040000000003,2908.0,2022-07-07T09:59:00-04:00,0.4499999999999993,10847.040000000003,2927.0,2022-07-07T10:18:00-04:00,0.40000000000000036,10947.04,2952.0,2022-07-07T10:43:00-04:00,0.40000000000000036,10947.04,2909.0,2022-07-07T10:00:00-04:00,0.5,10747.04,394
2022-07-05,2022-07-08,3,7.0,2022-07-05T09:31:00-04:00,7.0,NDXP  220708P11910000,NDXP  220708P11900000,development,False,False,0,0,0,18,0,1587,available,False,2022-07-05T09:31:00-04:00,2022-07-08T16:00:00-04:00,9.8,-5852.960000000003,0.0,last_observed_quote_not_settlement,1036.0,248,75,,,2022-07-05T09:31:00-04:00,60.0,4.100000000000023,5547.039999999955,2022-07-05T09:33:00-04:00,0.0,,,2022-07-05T09:34:00-04:00,120.0,,,2022-07-05T09:40:00-04:00,60.0,7.7000000000000455,-1652.9600000000903,2022-07-05T09:46:00-04:00,0.0,8.349999999999966,-2952.9599999999327,2022-07-05T10:01:00-04:00,0.0,5.150000000000034,3447.0399999999327,2022-07-05T10:31:00-04:00,0.0,5.25,3247.040000000001,2022-07-05T11:31:00-04:00,0.0,7.449999999999989,-1152.9599999999766,2022-07-05T16:00:00-04:00,0.0,4.449999999999989,4847.040000000024,2022-07-06T16:00:00-04:00,0.0,1.4500000000000028,10847.039999999995,2022-07-07T16:00:00-04:00,0.0,9.8,-5852.960000000003,2022-07-08T16:00:00-04:00,0.0,2.0,hit,2.0,hit,1742.0,hit,2884.0,hit,3065.0,hit,4376.0,hit,4377.0,hit,3.0,hit,3.0,hit,0.0,hit,3.0,hit,8.0,hit,11.0,hit,9.800000000000011,247,True,True,True,True,,9.800000000000011,247,True,True,True,True,,9.800000000000011,247,True,True,True,True,,9.800000000000011,247,True,True,True,True,,2884.0,2022-07-07T09:35:00-04:00,2.8999999999999915,7947.040000000018,2962.0,2022-07-07T10:53:00-04:00,2.9000000000000057,7947.039999999989,2963.0,2022-07-07T10:54:00-04:00,2.8999999999999986,7947.040000000004,2885.0,2022-07-07T09:36:00-04:00,3.200000000000003,7347.039999999995,3065.0,2022-07-07T12:36:00-04:00,1.9000000000000057,9947.03999999999,3136.0,2022-07-07T13:47:00-04:00,1.8500000000000014,10047.039999999999,3137.0,2022-07-07T13:48:00-04:00,1.9000000000000057,9947.03999999999,3066.0,2022-07-07T12:37:00-04:00,2.200000000000003,9347.039999999995,4376.0,2022-07-08T10:27:00-04:00,0.9000000000000004,11947.04,4377.0,2022-07-08T10:28:00-04:00,0.34999999999999964,13047.040000000003,4378.0,2022-07-08T10:29:00-04:00,0.7000000000000011,12347.039999999999,4377.0,2022-07-08T10:28:00-04:00,0.34999999999999964,13047.040000000003,4377.0,2022-07-08T10:28:00-04:00,0.34999999999999964,13047.040000000003,4396.0,2022-07-08T10:47:00-04:00,0.4499999999999993,12847.040000000003,4397.0,2022-07-08T10:48:00-04:00,0.4249999999999998,12897.040000000003,4378.0,2022-07-08T10:29:00-04:00,0.7000000000000011,12347.039999999999,395
2022-07-06,2022-07-08,2,5.0,2022-07-06T09:31:00-04:00,4.949999999999989,NDXP  220708P11830000,NDXP  220708P11820000,development,False,False,0,0,0,12,0,1188,available,False,2022-07-06T09:31:00-04:00,2022-07-08T16:00:00-04:00,0.0,9647.039999999979,0.0,last_observed_quote_not_settlement,1036.0,225,68,4.400000000000006,847.0399999999665,2022-07-06T09:32:00-04:00,0.0,4.799999999999983,47.04000000001208,2022-07-06T09:33:00-04:00,0.0,4.399999999999977,847.0400000000234,2022-07-06T09:36:00-04:00,0.0,5.449999999999989,-1252.9599999999994,2022-07-06T09:41:00-04:00,0.0,5.549999999999983,-1452.959999999988,2022-07-06T09:46:00-04:00,0.0,5.150000000000034,-652.9600000000903,2022-07-06T10:01:00-04:00,0.0,5.049999999999983,-452.95999999998793,2022-07-06T10:31:00-04:00,0.0,5.949999999999989,-2252.959999999999,2022-07-06T11:31:00-04:00,0.0,4.800000000000011,47.039999999955235,2022-07-06T16:00:00-04:00,0.0,1.4499999999999993,6747.039999999979,2022-07-07T16:00:00-04:00,0.0,0.0,9647.039999999979,2022-07-08T16:00:00-04:00,0.0,,,,,0.0,hit,0.0,hit,89.0,hit,1447.0,hit,1465.0,hit,1707.0,hit,2934.0,hit,7.0,hit,13.0,hit,13.0,hit,,never_hit,,never_hit,,never_hit,7.099999999999994,225,True,False,False,False,,7.099999999999994,225,True,False,False,False,,7.099999999999994,225,True,False,False,False,,7.099999999999994,225,True,False,False,False,,1447.0,2022-07-07T09:38:00-04:00,2.8500000000000085,3947.039999999961,1451.0,2022-07-07T09:42:00-04:00,2.549999999999997,4547.039999999984,1452.0,2022-07-07T09:43:00-04:00,2.750000000000007,4147.039999999964,1448.0,2022-07-07T09:39:00-04:00,2.950000000000003,3747.039999999972,1522.0,2022-07-07T10:53:00-04:00,1.8999999999999986,5847.039999999981,1523.0,2022-07-07T10:54:00-04:00,1.8999999999999986,5847.039999999981,1524.0,2022-07-07T10:55:00-04:00,1.8999999999999986,5847.039999999981,1523.0,2022-07-07T10:54:00-04:00,1.8999999999999986,5847.039999999981,1713.0,2022-07-07T14:04:00-04:00,0.9499999999999993,7747.039999999979,1718.0,2022-07-07T14:09:00-04:00,0.9000000000000004,7847.039999999977,1719.0,2022-07-07T14:10:00-04:00,0.9000000000000004,7847.039999999977,1714.0,2022-07-07T14:05:00-04:00,1.0,7647.039999999978,2935.0,2022-07-08T10:26:00-04:00,0.40000000000000036,8847.039999999979,2936.0,2022-07-08T10:27:00-04:00,0.30000000000000027,9047.039999999977,2937.0,2022-07-08T10:28:00-04:00,0.27499999999999947,9097.039999999979,2936.0,2022-07-08T10:27:00-04:00,0.30000000000000027,9047.039999999977,396
2022-07-06,2022-07-08,2,6.0,2022-07-06T09:31:00-04:00,5.9500000000000455,NDXP  220708P12190000,NDXP  220708P12180000,development,False,False,0,0,0,19,0,1181,available,False,2022-07-06T09:31:00-04:00,2022-07-08T15:58:00-04:00,9.800000000000004,-7952.959999999919,2.0,last_observed_quote_not_settlement,1036.0,1074,86,7.400000000000034,-3152.9599999999764,2022-07-06T09:32:00-04:00,0.0,8.299999999999955,-4952.959999999819,2022-07-06T09:33:00-04:00,0.0,7.7999999999999545,-3952.9599999998172,2022-07-06T09:36:00-04:00,0.0,8.900000000000034,-6152.959999999978,2022-07-06T09:41:00-04:00,0.0,4.5,2647.040000000092,2022-07-06T09:46:00-04:00,0.0,8.800000000000011,-5952.959999999933,2022-07-06T10:01:00-04:00,0.0,7.800000000000068,-3952.9600000000446,2022-07-06T10:31:00-04:00,0.0,6.899999999999977,-2152.9599999998627,2022-07-06T11:31:00-04:00,0.0,9.0,-6352.95999999991,2022-07-06T16:00:00-04:00,0.0,6.049999999999997,-452.95999999990266,2022-07-07T16:00:00-04:00,0.0,,,2022-07-08T15:58:00-04:00,120.0,,,,,14.0,hit,14.0,hit,14.0,hit,14.0,hit,14.0,hit,14.0,hit,14.0,hit,1.0,hit,1.0,hit,1.0,hit,2.0,hit,13.0,hit,50.0,hit,9.050000000000011,13,True,True,True,True,,9.050000000000011,13,True,True,True,True,,9.050000000000011,13,True,True,True,True,,9.050000000000011,13,True,True,True,True,,14.0,2022-07-06T09:45:00-04:00,0.39999999999997726,10847.040000000137,,,,,,,,,15.0,2022-07-06T09:46:00-04:00,4.5,2647.040000000092,14.0,2022-07-06T09:45:00-04:00,0.39999999999997726,10847.040000000137,,,,,,,,,15.0,2022-07-06T09:46:00-04:00,4.5,2647.040000000092,14.0,2022-07-06T09:45:00-04:00,0.39999999999997726,10847.040000000137,,,,,,,,,15.0,2022-07-06T09:46:00-04:00,4.5,2647.040000000092,14.0,2022-07-06T09:45:00-04:00,0.39999999999997726,10847.040000000137,,,,,,,,,15.0,2022-07-06T09:46:00-04:00,4.5,2647.040000000092,397
2022-07-06,2022-07-08,2,7.0,2022-07-06T09:31:00-04:00,7.0,NDXP  220708P11980000,NDXP  220708P11970000,development,False,False,0,0,0,3,0,1197,available,False,2022-07-06T09:31:00-04:00,2022-07-08T15:59:00-04:00,0.0,13747.04,1.0,last_observed_quote_not_settlement,1036.0,109,96,6.500000000000028,747.0399999999438,2022-07-06T09:32:00-04:00,0.0,6.400000000000034,947.0399999999324,2022-07-06T09:33:00-04:00,0.0,5.900000000000034,1947.0399999999324,2022-07-06T09:36:00-04:00,0.0,7.0,-252.9599999999993,2022-07-06T09:41:00-04:00,0.0,7.050000000000068,-352.9600000001357,2022-07-06T09:46:00-04:00,0.0,7.25,-752.9599999999994,2022-07-06T10:01:00-04:00,0.0,6.849999999999994,47.04000000001208,2022-07-06T10:31:00-04:00,0.0,6.949999999999989,-152.95999999997656,2022-07-06T11:31:00-04:00,0.0,6.349999999999994,1047.040000000012,2022-07-06T16:00:00-04:00,0.0,2.3999999999999986,8947.040000000005,2022-07-07T16:00:00-04:00,0.0,,,2022-07-08T15:59:00-04:00,60.0,,,,,303.0,hit,355.0,hit,1454.0,hit,1466.0,hit,1784.0,hit,2953.0,hit,2992.0,hit,19.0,hit,136.0,hit,0.0,hit,136.0,hit,,never_hit,,never_hit,8.5,108,True,True,False,False,,8.5,108,True,True,False,False,,8.5,109,True,True,False,False,,8.5,109,True,True,False,False,,1649.0,2022-07-07T13:00:00-04:00,2.5,8747.04,1695.0,2022-07-07T13:46:00-04:00,2.75,8247.04,1696.0,2022-07-07T13:47:00-04:00,2.8000000000000043,8147.039999999993,1650.0,2022-07-07T13:01:00-04:00,3.049999999999997,7647.040000000006,1788.0,2022-07-07T15:19:00-04:00,1.8999999999999986,9947.040000000005,2937.0,2022-07-08T10:28:00-04:00,1.6000000000000014,10547.039999999999,2938.0,2022-07-08T10:29:00-04:00,1.75,10247.04,1789.0,2022-07-07T15:20:00-04:00,2.1000000000000014,9547.039999999999,2955.0,2022-07-08T10:46:00-04:00,0.9000000000000004,11947.04,2973.0,2022-07-08T11:04:00-04:00,0.8999999999999995,11947.040000000003,2980.0,2022-07-08T11:11:00-04:00,0.5999999999999996,12547.040000000003,2956.0,2022-07-08T10:47:00-04:00,1.1000000000000014,11547.039999999999,2997.0,2022-07-08T11:28:00-04:00,0.3500000000000001,13047.04,2998.0,2022-07-08T11:29:00-04:00,0.40000000000000036,12947.04,2999.0,2022-07-08T11:30:00-04:00,0.40000000000000036,12947.04,2998.0,2022-07-08T11:29:00-04:00,0.40000000000000036,12947.04,398
2022-07-08,2022-07-11,3,5.0,2022-07-08T09:31:00-04:00,5.100000000000023,NDXP  220711P12060000,NDXP  220711P12050000,development,False,False,0,0,0,26,0,769,available,False,2022-07-08T09:31:00-04:00,2022-07-11T16:00:00-04:00,10.0,-9952.959999999954,0.0,last_observed_quote_not_settlement,3916.0,419,29,5.650000000000006,-1352.9599999999652,2022-07-08T09:32:00-04:00,0.0,5.25,-552.9599999999539,2022-07-08T09:33:00-04:00,0.0,5.599999999999994,-1252.9599999999425,2022-07-08T09:36:00-04:00,0.0,5.200000000000003,-452.9599999999595,2022-07-08T09:41:00-04:00,0.0,6.199999999999989,-2452.959999999931,2022-07-08T09:46:00-04:00,0.0,6.149999999999977,-2352.959999999908,2022-07-08T10:01:00-04:00,0.0,4.0,1947.0400000000461,2022-07-08T10:31:00-04:00,0.0,3.0999999999999943,3747.0400000000577,2022-07-08T11:31:00-04:00,0.0,4.75,447.0400000000462,2022-07-08T16:00:00-04:00,0.0,,,2022-07-08T16:15:00-04:00,85500.0,,,2022-07-08T16:15:00-04:00,171900.0,10.0,-9952.959999999954,2022-07-11T16:00:00-04:00,0.0,0.0,hit,17.0,hit,55.0,hit,99.0,hit,,never_hit,,never_hit,,never_hit,1.0,hit,7.0,hit,4325.0,hit,4325.0,hit,4329.0,hit,4341.0,hit,6.950000000000003,41,False,False,False,False,,,,True,True,True,False,2.3500000000000227,,,True,True,True,False,2.3500000000000227,,,True,True,True,False,2.3500000000000227,115.0,2022-07-08T11:26:00-04:00,2.8499999999999943,4247.040000000057,116.0,2022-07-08T11:27:00-04:00,2.75,4447.040000000046,123.0,2022-07-08T11:34:00-04:00,2.75,4447.040000000046,116.0,2022-07-08T11:27:00-04:00,2.75,4447.040000000046,,,,,,,,,,,,,,,,,,,,,,,,,,,,,,,,,,,,,,,,,,,,,,,,,399
2022-07-08,2022-07-11,3,6.0,2022-07-08T09:31:00-04:00,6.0,NDXP  220711P11990000,NDXP  220711P11980000,development,False,False,0,0,1,9,0,785,available,False,2022-07-08T09:31:00-04:00,2022-07-11T16:00:00-04:00,9.999999999999986,-8152.96,0.0,last_observed_quote_not_settlement,3916.0,348,23,4.450000000000003,2847.039999999995,2022-07-08T09:32:00-04:00,0.0,5.200000000000003,1347.039999999995,2022-07-08T09:33:00-04:00,0.0,3.9000000000000057,3947.0399999999895,2022-07-08T09:36:00-04:00,0.0,3.299999999999997,5147.040000000006,2022-07-08T09:41:00-04:00,0.0,3.8500000000000085,4047.0399999999836,2022-07-08T09:46:00-04:00,0.0,5.099999999999994,1547.040000000012,2022-07-08T10:01:00-04:00,0.0,2.8999999999999986,5947.040000000004,2022-07-08T10:31:00-04:00,0.0,2.0500000000000043,7647.039999999992,2022-07-08T11:31:00-04:00,0.0,0.6500000000000021,10447.039999999997,2022-07-08T16:00:00-04:00,0.0,,,2022-07-08T16:15:00-04:00,85500.0,,,2022-07-08T16:15:00-04:00,171900.0,9.999999999999986,-8152.96,2022-07-11T16:00:00-04:00,0.0,1.0,hit,1.0,hit,3.0,hit,60.0,hit,116.0,hit,379.0,hit,379.0,hit,4326.0,hit,4329.0,hit,4329.0,hit,4329.0,hit,4329.0,hit,4619.0,hit,6.0,0,False,False,False,False,,6.0,0,False,False,False,False,,6.0,0,False,False,False,False,,6.0,0,False,False,False,False,,60.0,2022-07-08T10:31:00-04:00,2.8999999999999986,5947.040000000004,61.0,2022-07-08T10:32:00-04:00,2.8999999999999986,5947.040000000004,67.0,2022-07-08T10:38:00-04:00,2.700000000000003,6347.039999999995,61.0,2022-07-08T10:32:00-04:00,2.8999999999999986,5947.040000000004,116.0,2022-07-08T11:27:00-04:00,1.8500000000000014,8047.039999999998,117.0,2022-07-08T11:28:00-04:00,1.8999999999999986,7947.040000000004,,,,,117.0,2022-07-08T11:28:00-04:00,1.8999999999999986,7947.040000000004,379.0,2022-07-08T15:50:00-04:00,0.0,11747.04,,,,,,,,,380.0,2022-07-08T15:51:00-04:00,2.1999999999999993,7347.040000000002,379.0,2022-07-08T15:50:00-04:00,0.0,11747.04,,,,,,,,,380.0,2022-07-08T15:51:00-04:00,2.1999999999999993,7347.040000000002,400
2022-07-08,2022-07-11,3,7.0,2022-07-08T09:31:00-04:00,7.0,NDXP  220711P12140000,NDXP  220711P12130000,development,False,False,0,0,0,48,0,747,available,False,2022-07-08T09:31:00-04:00,2022-07-11T16:00:00-04:00,10.0,-6152.96,0.0,last_observed_quote_not_settlement,3916.0,323,14,6.699999999999989,347.04000000002344,2022-07-08T09:32:00-04:00,0.0,6.649999999999977,447.0400000000462,2022-07-08T09:33:00-04:00,0.0,6.75,247.04000000000067,2022-07-08T09:36:00-04:00,0.0,6.350000000000023,1047.0399999999552,2022-07-08T09:41:00-04:00,0.0,7.099999999999994,-452.95999999998793,2022-07-08T09:46:00-04:00,0.0,7.5,-1252.9599999999994,2022-07-08T10:01:00-04:00,0.0,5.499999999999986,2747.040000000029,2022-07-08T10:31:00-04:00,0.0,4.200000000000003,5347.039999999995,2022-07-08T11:31:00-04:00,0.0,4.950000000000003,3847.039999999995,2022-07-08T16:00:00-04:00,0.0,,,2022-07-08T16:15:00-04:00,85500.0,,,2022-07-08T16:15:00-04:00,171900.0,10.0,-6152.96,2022-07-11T16:00:00-04:00,0.0,4.0,hit,68.0,hit,115.0,hit,,never_hit,,never_hit,,never_hit,,never_hit,20.0,hit,4324.0,hit,0.0,hit,4324.0,hit,4325.0,hit,4325.0,hit,,,True,True,True,False,3.799999999999997,,,True,True,True,False,3.799999999999997,,,True,True,True,False,3.799999999999997,,,True,True,True,False,3.799999999999997,,,,,,,,,,,,,,,,,,,,,,,,,,,,,,,,,,,,,,,,,,,,,,,,,,,,,,,,,,,,,,,,,401
2022-07-11,2022-07-13,2,5.0,2022-07-11T09:31:00-04:00,4.999999999999972,NDXP  220713P12110000,NDXP  220713P12100000,development,False,False,0,0,0,132,0,1068,available,False,2022-07-11T09:31:00-04:00,2022-07-13T16:00:00-04:00,10.0,-10152.960000000056,0.0,last_observed_quote_not_settlement,1037.0,975,3,5.599999999999994,-1452.9600000000448,2022-07-11T09:32:00-04:00,0.0,5.650000000000006,-1552.9600000000676,2022-07-11T09:33:00-04:00,0.0,6.399999999999977,-3052.9600000000105,2022-07-11T09:36:00-04:00,0.0,7.2999999999999545,-4852.9599999999655,2022-07-11T09:41:00-04:00,0.0,7.199999999999932,-4652.95999999992,2022-07-11T09:46:00-04:00,0.0,6.849999999999966,-3952.9599999999878,2022-07-11T10:01:00-04:00,0.0,7.0499999999999545,-4352.9599999999655,2022-07-11T10:31:00-04:00,0.0,6.400000000000034,-3052.960000000124,2022-07-11T11:31:00-04:00,0.0,7.149999999999977,-4552.960000000011,2022-07-11T16:00:00-04:00,0.0,8.949999999999989,-8152.9600000000355,2022-07-12T16:00:00-04:00,0.0,10.0,-10152.960000000056,2022-07-13T16:00:00-04:00,0.0,,,,,0.0,hit,0.0,hit,,never_hit,,never_hit,,never_hit,,never_hit,,never_hit,1.0,hit,4.0,hit,4.0,hit,4.0,hit,1477.0,hit,1799.0,hit,,,True,True,True,False,0.9999999999999147,,,True,True,True,False,0.9999999999999147,,,True,True,True,False,0.9999999999999147,,,True,True,True,False,0.9999999999999147,,,,,,,,,,,,,,,,,,,,,,,,,,,,,,,,,,,,,,,,,,,,,,,,,,,,,,,,,,,,,,,,,402
2022-07-11,2022-07-13,2,6.0,2022-07-11T09:31:00-04:00,6.050000000000011,NDXP  220713P12160000,NDXP  220713P12150000,development,False,False,0,0,1,159,0,1040,available,False,2022-07-11T09:31:00-04:00,2022-07-13T15:59:00-04:00,8.949999999999989,-6052.9599999999555,1.0,last_observed_quote_not_settlement,1037.0,934,13,6.150000000000006,-452.95999999998793,2022-07-11T09:32:00-04:00,0.0,6.199999999999989,-552.9599999999539,2022-07-11T09:33:00-04:00,0.0,7.100000000000023,-2352.960000000022,2022-07-11T09:36:00-04:00,0.0,7.199999999999989,-2552.9599999999537,2022-07-11T09:41:00-04:00,0.0,7.949999999999989,-4052.9599999999537,2022-07-11T09:46:00-04:00,0.0,8.100000000000023,-4352.960000000024,2022-07-11T10:01:00-04:00,0.0,7.449999999999932,-3052.95999999984,2022-07-11T10:31:00-04:00,0.0,7.5499999999999545,-3252.9599999998854,2022-07-11T11:31:00-04:00,0.0,7.899999999999977,-3952.959999999931,2022-07-11T16:00:00-04:00,0.0,8.599999999999966,-5352.95999999991,2022-07-12T16:00:00-04:00,0.0,,,2022-07-13T15:59:00-04:00,60.0,,,,,2881.0,hit,2885.0,hit,2909.0,hit,,never_hit,,never_hit,,never_hit,,never_hit,4.0,hit,5.0,hit,5.0,hit,22.0,hit,1476.0,hit,1493.0,hit,,,True,True,True,False,2.9499999999999886,,,True,True,True,False,2.9499999999999886,,,True,True,True,False,2.9499999999999886,,,True,True,True,False,2.9499999999999886,,,,,,,,,,,,,,,,,,,,,,,,,,,,,,,,,,,,,,,,,,,,,,,,,,,,,,,,,,,,,,,,,403
2022-07-11,2022-07-13,2,7.0,2022-07-11T09:31:00-04:00,7.0,NDXP  220713P12210000,NDXP  220713P12200000,development,False,False,0,0,1,234,0,965,available,False,2022-07-11T09:31:00-04:00,2022-07-13T15:56:00-04:00,10.0,-6152.96,4.0,last_observed_quote_not_settlement,1038.0,797,48,7.099999999999994,-452.95999999998793,2022-07-11T09:32:00-04:00,0.0,6.799999999999983,147.0400000000348,2022-07-11T09:33:00-04:00,0.0,7.900000000000034,-2052.9600000000673,2022-07-11T09:36:00-04:00,0.0,8.399999999999977,-3052.9599999999555,2022-07-11T09:41:00-04:00,0.0,8.449999999999989,-3152.959999999978,2022-07-11T09:46:00-04:00,0.0,8.050000000000068,-2352.9600000001374,2022-07-11T10:01:00-04:00,0.0,8.100000000000023,-2452.9600000000464,2022-07-11T10:31:00-04:00,0.0,8.099999999999966,-2452.9599999999327,2022-07-11T11:31:00-04:00,0.0,9.849999999999966,-5952.959999999933,2022-07-11T16:00:00-04:00,0.0,9.5,-5252.960000000001,2022-07-12T16:00:00-04:00,0.0,,,2022-07-13T15:56:00-04:00,240.0,,,,,1809.0,hit,1811.0,hit,1811.0,hit,2964.0,hit,,never_hit,,never_hit,,never_hit,5.0,hit,9.0,hit,0.0,hit,9.0,hit,19.0,hit,19.0,hit,10.0,745,True,True,True,True,,,,True,True,True,False,4.199999999999989,,,True,True,True,False,4.199999999999989,,,True,True,True,False,4.199999999999989,2964.0,2022-07-13T10:55:00-04:00,2.8000000000000114,8147.039999999978,,,,,,,,,,,,,,,,,,,,,,,,,,,,,,,,,,,,,,,,,,,,,,,,,,,,,,,,,,,,,404
2022-07-15,2022-07-18,3,5.0,2022-07-15T09:31:00-04:00,5.149999999999977,NDXP  220718P11970000,NDXP  220718P11960000,development,False,False,0,0,0,5,0,789,available,False,2022-07-15T09:31:00-04:00,2022-07-18T15:59:00-04:00,8.950000000000003,-7852.960000000052,1.0,last_observed_quote_not_settlement,3916.0,412,94,6.650000000000034,-3252.960000000113,2022-07-15T09:32:00-04:00,0.0,5.299999999999997,-552.9600000000391,2022-07-15T09:33:00-04:00,0.0,5.0,47.039999999955235,2022-07-15T09:36:00-04:00,0.0,5.400000000000006,-752.9600000000562,2022-07-15T09:41:00-04:00,0.0,5.500000000000028,-952.9600000001017,2022-07-15T09:46:00-04:00,0.0,,,2022-07-15T10:00:00-04:00,60.0,6.200000000000003,-2352.9600000000505,2022-07-15T10:31:00-04:00,0.0,5.799999999999997,-1552.9600000000391,2022-07-15T11:31:00-04:00,0.0,3.700000000000017,2647.0399999999213,2022-07-15T16:00:00-04:00,0.0,,,2022-07-15T16:15:00-04:00,85500.0,,,2022-07-15T16:15:00-04:00,171900.0,,,2022-07-18T15:59:00-04:00,60.0,0.0,hit,5.0,hit,13.0,hit,4320.0,hit,4321.0,hit,4338.0,hit,4351.0,hit,1.0,hit,1.0,hit,21.0,hit,4602.0,hit,4653.0,hit,4653.0,hit,7.75,324,True,False,False,False,,7.75,324,True,False,False,False,,7.75,324,True,False,False,False,,7.75,324,True,False,False,False,,4320.0,2022-07-18T09:31:00-04:00,2.200000000000003,5647.03999999995,4321.0,2022-07-18T09:32:00-04:00,1.9499999999999993,6147.039999999956,4322.0,2022-07-18T09:33:00-04:00,1.25,7547.039999999955,4321.0,2022-07-18T09:32:00-04:00,1.9499999999999993,6147.039999999956,4321.0,2022-07-18T09:32:00-04:00,1.9499999999999993,6147.039999999956,4322.0,2022-07-18T09:33:00-04:00,1.25,7547.039999999955,4323.0,2022-07-18T09:34:00-04:00,1.25,7547.039999999955,4322.0,2022-07-18T09:33:00-04:00,1.25,7547.039999999955,4340.0,2022-07-18T09:51:00-04:00,0.7999999999999998,8447.039999999957,4343.0,2022-07-18T09:54:00-04:00,0.7999999999999998,8447.039999999957,4344.0,2022-07-18T09:55:00-04:00,0.7000000000000002,8647.039999999955,4341.0,2022-07-18T09:52:00-04:00,1.0,8047.039999999955,4351.0,2022-07-18T10:02:00-04:00,0.34999999999999964,9347.039999999957,4439.0,2022-07-18T11:30:00-04:00,0.40000000000000036,9247.039999999955,4440.0,2022-07-18T11:31:00-04:00,0.34999999999999964,9347.039999999957,4352.0,2022-07-18T10:03:00-04:00,0.5999999999999996,8847.039999999957,405
2022-07-15,2022-07-18,3,6.0,2022-07-15T09:31:00-04:00,5.850000000000023,NDXP  220718P12000000,NDXP  220718P11990000,development,False,False,0,0,1,17,0,777,available,False,2022-07-15T09:31:00-04:00,2022-07-18T16:00:00-04:00,10.0,-8452.959999999954,0.0,last_observed_quote_not_settlement,3916.0,234,80,5.799999999999983,-152.95999999991972,2022-07-15T09:32:00-04:00,0.0,6.299999999999983,-1152.9599999999198,2022-07-15T09:33:00-04:00,0.0,5.550000000000011,347.04000000002344,2022-07-15T09:36:00-04:00,0.0,6.050000000000011,-652.9599999999766,2022-07-15T09:41:00-04:00,0.0,6.550000000000011,-1652.9599999999766,2022-07-15T09:46:00-04:00,0.0,,,2022-07-15T10:00:00-04:00,60.0,5.5,447.0400000000462,2022-07-15T10:31:00-04:00,0.0,5.65000000000002,147.0400000000064,2022-07-15T11:31:00-04:00,0.0,4.799999999999997,1847.0400000000518,2022-07-15T16:00:00-04:00,0.0,,,2022-07-15T16:15:00-04:00,85500.0,,,2022-07-15T16:15:00-04:00,171900.0,10.0,-8452.959999999954,2022-07-18T16:00:00-04:00,0.0,4.0,hit,79.0,hit,317.0,hit,4321.0,hit,4322.0,hit,4342.0,hit,4345.0,hit,7.0,hit,7.0,hit,20.0,hit,4600.0,hit,4640.0,hit,4640.0,hit,7.800000000000011,149,True,False,False,False,,7.800000000000011,149,True,False,False,False,,7.800000000000011,149,True,False,False,False,,7.800000000000011,149,True,False,False,False,,4321.0,2022-07-18T09:32:00-04:00,2.8000000000000007,5847.0400000000445,4322.0,2022-07-18T09:33:00-04:00,1.9499999999999993,7547.040000000047,4323.0,2022-07-18T09:34:00-04:00,1.8000000000000025,7847.040000000041,4322.0,2022-07-18T09:33:00-04:00,1.9499999999999993,7547.040000000047,4322.0,2022-07-18T09:33:00-04:00,1.9499999999999993,7547.040000000047,4323.0,2022-07-18T09:34:00-04:00,1.8000000000000025,7847.040000000041,4340.0,2022-07-18T09:51:00-04:00,1.25,8947.040000000046,4323.0,2022-07-18T09:34:00-04:00,1.8000000000000025,7847.040000000041,4345.0,2022-07-18T09:56:00-04:00,0.5,10447.040000000046,4447.0,2022-07-18T11:38:00-04:00,0.8499999999999996,9747.040000000048,4448.0,2022-07-18T11:39:00-04:00,0.75,9947.040000000046,4346.0,2022-07-18T09:57:00-04:00,1.3499999999999996,8747.040000000048,4452.0,2022-07-18T11:43:00-04:00,0.25,10947.040000000046,4453.0,2022-07-18T11:44:00-04:00,0.2999999999999998,10847.040000000048,4454.0,2022-07-18T11:45:00-04:00,0.40000000000000036,10647.040000000046,4453.0,2022-07-18T11:44:00-04:00,0.2999999999999998,10847.040000000048,406
2022-07-15,2022-07-18,3,7.0,2022-07-15T09:31:00-04:00,7.0,NDXP  220718P12050000,NDXP  220718P12040000,development,False,False,0,0,0,18,0,776,available,False,2022-07-15T09:31:00-04:00,2022-07-18T16:00:00-04:00,9.25,-4752.960000000001,0.0,last_observed_quote_not_settlement,3916.0,159,74,6.699999999999989,347.04000000002344,2022-07-15T09:32:00-04:00,0.0,6.399999999999977,947.0400000000461,2022-07-15T09:33:00-04:00,0.0,6.100000000000023,1547.0399999999552,2022-07-15T09:36:00-04:00,0.0,6.799999999999983,147.0400000000348,2022-07-15T09:41:00-04:00,0.0,7.25,-752.9599999999994,2022-07-15T09:46:00-04:00,0.0,,,2022-07-15T10:00:00-04:00,60.0,6.599999999999994,547.040000000012,2022-07-15T10:31:00-04:00,0.0,6.350000000000023,1047.0399999999552,2022-07-15T11:31:00-04:00,0.0,5.650000000000006,2447.0399999999895,2022-07-15T16:00:00-04:00,0.0,,,2022-07-15T16:15:00-04:00,85500.0,,,2022-07-15T16:15:00-04:00,171900.0,9.25,-4752.960000000001,2022-07-18T16:00:00-04:00,0.0,79.0,hit,122.0,hit,4321.0,hit,4323.0,hit,4345.0,hit,4466.0,hit,,never_hit,20.0,hit,23.0,hit,0.0,hit,23.0,hit,4594.0,hit,4594.0,hit,8.25,64,True,True,False,False,,8.25,64,True,True,False,False,,8.25,64,True,True,False,False,,,,True,True,True,False,6.3,4323.0,2022-07-18T09:34:00-04:00,2.849999999999998,8047.0400000000045,4337.0,2022-07-18T09:48:00-04:00,2.6000000000000014,8547.039999999999,4338.0,2022-07-18T09:49:00-04:00,2.3999999999999986,8947.040000000005,4324.0,2022-07-18T09:35:00-04:00,3.1499999999999986,7447.040000000004,4345.0,2022-07-18T09:56:00-04:00,1.8999999999999986,9947.040000000005,4448.0,2022-07-18T11:39:00-04:00,1.8000000000000007,10147.04,4449.0,2022-07-18T11:40:00-04:00,1.6999999999999993,10347.040000000003,4346.0,2022-07-18T09:57:00-04:00,2.0000000000000018,9747.039999999997,4466.0,2022-07-18T11:57:00-04:00,0.9000000000000004,11947.04,4467.0,2022-07-18T11:58:00-04:00,0.8499999999999996,12047.040000000003,4468.0,2022-07-18T11:59:00-04:00,0.8500000000000005,12047.04,4467.0,2022-07-18T11:58:00-04:00,0.8499999999999996,12047.040000000003,,,,,,,,,,,,,,,,,407
2022-07-18,2022-07-20,2,5.0,2022-07-18T09:31:00-04:00,4.849999999999966,NDXP  220720P12120000,NDXP  220720P12110000,development,False,False,0,0,0,14,0,1186,available,False,2022-07-18T09:31:00-04:00,2022-07-20T16:00:00-04:00,0.0,9447.039999999934,0.0,last_observed_quote_not_settlement,1036.0,334,73,4.900000000000006,-352.9600000000789,2022-07-18T09:32:00-04:00,0.0,5.300000000000011,-1152.9600000000903,2022-07-18T09:33:00-04:00,0.0,4.449999999999989,547.0399999999552,2022-07-18T09:36:00-04:00,0.0,5.550000000000011,-1652.9600000000903,2022-07-18T09:41:00-04:00,0.0,5.25,-1052.9600000000676,2022-07-18T09:46:00-04:00,0.0,4.900000000000006,-352.9600000000789,2022-07-18T10:01:00-04:00,0.0,4.449999999999989,547.0399999999552,2022-07-18T10:31:00-04:00,0.0,4.799999999999997,-152.96000000006183,2022-07-18T11:31:00-04:00,0.0,7.699999999999989,-5952.960000000045,2022-07-18T16:00:00-04:00,0.0,2.8999999999999986,3647.0399999999354,2022-07-19T16:00:00-04:00,0.0,0.0,9447.039999999934,2022-07-20T16:00:00-04:00,0.0,,,,,0.0,hit,0.0,hit,24.0,hit,1530.0,hit,1836.0,hit,2920.0,hit,2933.0,hit,7.0,hit,7.0,hit,266.0,hit,322.0,hit,374.0,hit,,never_hit,9.449999999999989,334,True,True,True,True,,9.449999999999989,334,True,True,True,True,,9.449999999999989,334,True,True,True,True,,9.449999999999989,334,True,True,True,True,,1530.0,2022-07-19T11:01:00-04:00,2.6500000000000057,4147.039999999921,1707.0,2022-07-19T13:58:00-04:00,2.9000000000000057,3647.0399999999213,1708.0,2022-07-19T13:59:00-04:00,2.8500000000000085,3747.0399999999154,1531.0,2022-07-19T11:02:00-04:00,4.799999999999983,-152.9600000000334,1837.0,2022-07-19T16:08:00-04:00,1.9499999999999993,5547.039999999934,1838.0,2022-07-19T16:09:00-04:00,1.9499999999999993,5547.039999999934,2885.0,2022-07-20T09:36:00-04:00,1.8500000000000014,5747.03999999993,1838.0,2022-07-19T16:09:00-04:00,1.9499999999999993,5547.039999999934,2920.0,2022-07-20T10:11:00-04:00,0.9000000000000004,7647.039999999932,2923.0,2022-07-20T10:14:00-04:00,0.8499999999999996,7747.039999999934,2924.0,2022-07-20T10:15:00-04:00,0.8000000000000007,7847.039999999931,2921.0,2022-07-20T10:12:00-04:00,0.9500000000000002,7547.039999999932,2935.0,2022-07-20T10:26:00-04:00,0.32499999999999996,8797.039999999934,2936.0,2022-07-20T10:27:00-04:00,0.32499999999999996,8797.039999999934,2937.0,2022-07-20T10:28:00-04:00,0.27500000000000013,8897.039999999932,2936.0,2022-07-20T10:27:00-04:00,0.32499999999999996,8797.039999999934,408
2022-07-18,2022-07-20,2,6.0,2022-07-18T09:31:00-04:00,6.0,NDXP  220720P12190000,NDXP  220720P12180000,development,False,False,0,0,0,0,0,1200,available,False,2022-07-18T09:31:00-04:00,2022-07-20T16:00:00-04:00,0.0,11747.04,0.0,last_observed_quote_not_settlement,1036.0,290,48,5.900000000000006,-52.96000000001066,2022-07-18T09:32:00-04:00,0.0,5.800000000000011,147.03999999997797,2022-07-18T09:33:00-04:00,0.0,5.650000000000006,447.03999999998933,2022-07-18T09:36:00-04:00,0.0,6.149999999999977,-552.9599999999539,2022-07-18T09:41:00-04:00,0.0,5.499999999999972,747.0400000000575,2022-07-18T09:46:00-04:00,0.0,5.849999999999994,47.04000000001208,2022-07-18T10:01:00-04:00,0.0,5.800000000000011,147.03999999997797,2022-07-18T10:31:00-04:00,0.0,5.949999999999989,-152.95999999997656,2022-07-18T11:31:00-04:00,0.0,9.0,-6252.960000000001,2022-07-18T16:00:00-04:00,0.0,7.150000000000006,-2552.9600000000105,2022-07-19T16:00:00-04:00,0.0,0.0,11747.04,2022-07-20T16:00:00-04:00,0.0,,,,,3.0,hit,21.0,hit,1647.0,hit,1819.0,hit,2922.0,hit,2937.0,hit,2941.0,hit,8.0,hit,32.0,hit,32.0,hit,267.0,hit,323.0,hit,367.0,hit,9.649999999999977,289,True,True,True,True,,9.649999999999977,290,True,True,True,True,,9.649999999999977,290,True,True,True,True,,9.649999999999977,290,True,True,True,True,,1819.0,2022-07-19T15:50:00-04:00,2.4000000000000057,6947.039999999989,2887.0,2022-07-20T09:38:00-04:00,2.5500000000000007,6647.039999999999,2888.0,2022-07-20T09:39:00-04:00,2.5000000000000036,6747.039999999994,1820.0,2022-07-19T15:51:00-04:00,3.700000000000003,4347.039999999995,2923.0,2022-07-20T10:14:00-04:00,1.9499999999999993,7847.040000000002,2924.0,2022-07-20T10:15:00-04:00,1.799999999999999,8147.040000000004,2932.0,2022-07-20T10:23:00-04:00,1.700000000000001,8347.039999999999,2924.0,2022-07-20T10:15:00-04:00,1.799999999999999,8147.040000000004,2937.0,2022-07-20T10:28:00-04:00,0.9499999999999993,9847.040000000003,2938.0,2022-07-20T10:29:00-04:00,0.8500000000000005,10047.04,2939.0,2022-07-20T10:30:00-04:00,0.7000000000000002,10347.04,2938.0,2022-07-20T10:29:00-04:00,0.8500000000000005,10047.04,2943.0,2022-07-20T10:34:00-04:00,0.30000000000000027,11147.04,2944.0,2022-07-20T10:35:00-04:00,0.40000000000000013,10947.04,2945.0,2022-07-20T10:36:00-04:00,0.375,10997.04,2944.0,2022-07-20T10:35:00-04:00,0.40000000000000013,10947.04,409
2022-07-18,2022-07-20,2,7.0,2022-07-18T09:31:00-04:00,6.949999999999989,NDXP  220720P12240000,NDXP  220720P12230000,development,False,False,0,0,0,8,0,1192,available,False,2022-07-18T09:31:00-04:00,2022-07-20T16:00:00-04:00,0.0,13647.039999999979,0.0,last_observed_quote_not_settlement,1036.0,249,28,5.349999999999994,2947.0399999999895,2022-07-18T09:32:00-04:00,0.0,6.100000000000023,1447.0399999999324,2022-07-18T09:33:00-04:00,0.0,6.25,1147.039999999978,2022-07-18T09:36:00-04:00,0.0,6.500000000000028,647.0399999999211,2022-07-18T09:41:00-04:00,0.0,6.25,1147.039999999978,2022-07-18T09:46:00-04:00,0.0,6.150000000000034,1347.0399999999097,2022-07-18T10:01:00-04:00,0.0,6.550000000000011,547.0399999999552,2022-07-18T10:31:00-04:00,0.0,6.650000000000034,347.03999999990975,2022-07-18T11:31:00-04:00,0.0,9.5,-5352.960000000024,2022-07-18T16:00:00-04:00,0.0,5.650000000000006,2347.0399999999668,2022-07-19T16:00:00-04:00,0.0,0.0,13647.039999999979,2022-07-20T16:00:00-04:00,0.0,,,,,1.0,hit,1631.0,hit,1786.0,hit,1838.0,hit,1838.0,hit,2942.0,hit,2960.0,hit,8.0,hit,267.0,hit,8.0,hit,267.0,hit,302.0,hit,347.0,hit,9.649999999999977,249,True,True,True,True,,9.649999999999977,249,True,True,True,True,,9.649999999999977,249,True,True,True,True,,9.649999999999977,249,True,True,True,True,,1838.0,2022-07-19T16:09:00-04:00,2.0,9647.039999999979,1839.0,2022-07-19T16:10:00-04:00,1.5499999999999972,10547.039999999985,1840.0,2022-07-19T16:11:00-04:00,2.3000000000000114,9047.039999999955,1839.0,2022-07-19T16:10:00-04:00,1.5499999999999972,10547.039999999985,1839.0,2022-07-19T16:10:00-04:00,1.5499999999999972,10547.039999999985,2936.0,2022-07-20T10:27:00-04:00,1.9499999999999993,9747.03999999998,2937.0,2022-07-20T10:28:00-04:00,1.8500000000000014,9947.039999999975,1840.0,2022-07-19T16:11:00-04:00,2.3000000000000114,9047.039999999955,2942.0,2022-07-20T10:33:00-04:00,0.7499999999999991,12147.03999999998,2955.0,2022-07-20T10:46:00-04:00,0.8500000000000005,11947.039999999977,2956.0,2022-07-20T10:47:00-04:00,0.7499999999999996,12147.039999999979,2943.0,2022-07-20T10:34:00-04:00,1.0,11647.039999999979,2961.0,2022-07-20T10:52:00-04:00,0.375,12897.039999999979,2962.0,2022-07-20T10:53:00-04:00,0.39999999999999947,12847.039999999979,2998.0,2022-07-20T11:29:00-04:00,0.39999999999999947,12847.039999999979,2962.0,2022-07-20T10:53:00-04:00,0.39999999999999947,12847.039999999979,410
2022-07-19,2022-07-22,3,5.0,2022-07-19T09:31:00-04:00,5.049999999999983,NDXP  220722P12070000,NDXP  220722P12060000,development,False,False,0,0,0,0,0,1605,available,False,2022-07-19T09:31:00-04:00,2022-07-22T16:00:00-04:00,0.0,9847.039999999968,0.0,last_observed_quote_not_settlement,1036.0,42,16,4.449999999999989,947.0399999999893,2022-07-19T09:32:00-04:00,0.0,5.050000000000011,-252.96000000005614,2022-07-19T09:33:00-04:00,0.0,4.75,347.0399999999666,2022-07-19T09:36:00-04:00,0.0,6.050000000000011,-2252.960000000056,2022-07-19T09:41:00-04:00,0.0,5.549999999999983,-1252.9599999999994,2022-07-19T09:46:00-04:00,0.0,4.850000000000023,147.03999999992112,2022-07-19T10:01:00-04:00,0.0,4.75,347.0399999999666,2022-07-19T10:31:00-04:00,0.0,3.75,2347.0399999999668,2022-07-19T11:31:00-04:00,0.0,2.75,4347.039999999966,2022-07-19T16:00:00-04:00,0.0,1.0,7847.039999999966,2022-07-20T16:00:00-04:00,0.0,0.10000000000000009,9647.039999999966,2022-07-21T16:00:00-04:00,0.0,0.0,9847.039999999968,2022-07-22T16:00:00-04:00,0.0,0.0,hit,1.0,hit,57.0,hit,57.0,hit,57.0,hit,1581.0,hit,1819.0,hit,3.0,hit,7.0,hit,,never_hit,,never_hit,,never_hit,,never_hit,6.650000000000006,42,False,False,False,False,,6.650000000000006,42,False,False,False,False,,6.650000000000006,42,False,False,False,False,,6.650000000000006,42,False,False,False,False,,57.0,2022-07-19T10:28:00-04:00,2.0,5847.039999999966,270.0,2022-07-19T14:01:00-04:00,2.6000000000000085,4647.03999999995,271.0,2022-07-19T14:02:00-04:00,2.8499999999999943,4147.039999999978,58.0,2022-07-19T10:29:00-04:00,3.4499999999999886,2947.0399999999895,1483.0,2022-07-20T10:14:00-04:00,1.8999999999999986,6047.039999999969,1496.0,2022-07-20T10:27:00-04:00,1.8000000000000043,6247.039999999958,1497.0,2022-07-20T10:28:00-04:00,1.7999999999999972,6247.039999999973,1484.0,2022-07-20T10:15:00-04:00,2.1499999999999986,5547.039999999969,1585.0,2022-07-20T11:56:00-04:00,0.9499999999999993,7947.039999999968,1626.0,2022-07-20T12:37:00-04:00,0.9499999999999993,7947.039999999968,1627.0,2022-07-20T12:38:00-04:00,0.9499999999999993,7947.039999999968,1586.0,2022-07-20T11:57:00-04:00,1.1000000000000014,7647.039999999964,1819.0,2022-07-20T15:50:00-04:00,0.4499999999999993,8947.039999999968,2999.0,2022-07-21T11:30:00-04:00,0.40000000000000036,9047.039999999966,3000.0,2022-07-21T11:31:00-04:00,0.4499999999999993,8947.039999999968,1820.0,2022-07-20T15:51:00-04:00,0.8500000000000014,8147.039999999964,411
2022-07-19,2022-07-22,3,6.0,2022-07-19T09:31:00-04:00,6.0,NDXP  220722P12060000,NDXP  220722P12050000,development,False,False,0,0,0,69,0,1536,available,False,2022-07-19T09:31:00-04:00,2022-07-22T16:00:00-04:00,0.0,11747.04,0.0,last_observed_quote_not_settlement,1036.0,1,2,3.8000000000000114,4147.039999999978,2022-07-19T09:32:00-04:00,0.0,5.25,1247.0400000000006,2022-07-19T09:33:00-04:00,0.0,4.150000000000006,3447.0399999999895,2022-07-19T09:36:00-04:00,0.0,3.3000000000000114,5147.039999999978,2022-07-19T09:41:00-04:00,0.0,5.650000000000034,447.0399999999325,2022-07-19T09:46:00-04:00,0.0,3.9499999999999886,3847.0400000000236,2022-07-19T10:01:00-04:00,0.0,4.5,2747.040000000001,2022-07-19T10:31:00-04:00,0.0,3.6500000000000057,4447.039999999989,2022-07-19T11:31:00-04:00,0.0,2.8499999999999943,6047.040000000012,2022-07-19T16:00:00-04:00,0.0,1.0,9747.04,2022-07-20T16:00:00-04:00,0.0,0.050000000000000044,11647.040000000003,2022-07-21T16:00:00-04:00,0.0,0.0,11747.04,2022-07-22T16:00:00-04:00,0.0,1.0,hit,1.0,hit,1.0,hit,45.0,hit,1454.0,hit,1575.0,hit,1819.0,hit,,never_hit,,never_hit,,never_hit,,never_hit,,never_hit,,never_hit,6.0,0,False,False,False,False,,6.200000000000017,1,False,False,False,False,,6.200000000000017,1,False,False,False,False,,6.200000000000017,1,False,False,False,False,,45.0,2022-07-19T10:16:00-04:00,2.9000000000000057,5947.039999999989,272.0,2022-07-19T14:03:00-04:00,2.8000000000000114,6147.039999999978,273.0,2022-07-19T14:04:00-04:00,2.75,6247.040000000001,46.0,2022-07-19T10:17:00-04:00,3.9499999999999886,3847.0400000000236,1454.0,2022-07-20T09:45:00-04:00,1.8999999999999986,7947.040000000004,1494.0,2022-07-20T10:25:00-04:00,1.7999999999999972,8147.040000000007,1495.0,2022-07-20T10:26:00-04:00,1.8000000000000114,8147.039999999978,1455.0,2022-07-20T09:46:00-04:00,2.1999999999999886,7347.040000000024,1583.0,2022-07-20T11:54:00-04:00,0.9499999999999957,9847.04000000001,1597.0,2022-07-20T12:08:00-04:00,0.9000000000000057,9947.03999999999,1598.0,2022-07-20T12:09:00-04:00,0.8999999999999986,9947.040000000005,1584.0,2022-07-20T11:55:00-04:00,1.0,9747.04,1819.0,2022-07-20T15:50:00-04:00,0.3000000000000007,11147.04,2975.0,2022-07-21T11:06:00-04:00,0.4499999999999993,10847.040000000003,3005.0,2022-07-21T11:36:00-04:00,0.34999999999999964,11047.040000000003,1820.0,2022-07-20T15:51:00-04:00,0.7999999999999972,10147.040000000008,412
2022-07-19,2022-07-22,3,7.0,2022-07-19T09:31:00-04:00,7.0,NDXP  220722P12250000,NDXP  220722P12240000,development,False,False,0,0,0,4,0,1601,available,False,2022-07-19T09:31:00-04:00,2022-07-22T16:00:00-04:00,0.0,13747.04,0.0,last_observed_quote_not_settlement,1036.0,35,28,6.649999999999977,447.0400000000462,2022-07-19T09:32:00-04:00,0.0,6.900000000000034,-52.9600000000675,2022-07-19T09:33:00-04:00,0.0,7.350000000000023,-952.9600000000448,2022-07-19T09:36:00-04:00,0.0,7.050000000000068,-352.9600000001357,2022-07-19T09:41:00-04:00,0.0,7.699999999999989,-1652.9599999999766,2022-07-19T09:46:00-04:00,0.0,6.349999999999966,1047.0400000000689,2022-07-19T10:01:00-04:00,0.0,6.650000000000034,447.0399999999325,2022-07-19T10:31:00-04:00,0.0,4.449999999999989,4847.040000000024,2022-07-19T11:31:00-04:00,0.0,4.5,4747.040000000001,2022-07-19T16:00:00-04:00,0.0,2.3500000000000014,9047.039999999999,2022-07-20T16:00:00-04:00,0.0,0.25,13247.04,2022-07-21T16:00:00-04:00,0.0,0.0,13747.04,2022-07-22T16:00:00-04:00,0.0,78.0,hit,120.0,hit,246.0,hit,1498.0,hit,1597.0,hit,3032.0,hit,3164.0,hit,4.0,hit,7.0,hit,0.0,hit,7.0,hit,14.0,hit,14.0,hit,9.5,35,True,True,True,True,,9.5,35,True,True,True,True,,9.5,35,True,True,True,True,,9.5,35,True,True,True,True,,1498.0,2022-07-20T10:29:00-04:00,2.8500000000000085,8047.039999999984,1503.0,2022-07-20T10:34:00-04:00,2.8999999999999915,7947.040000000018,1508.0,2022-07-20T10:39:00-04:00,2.8999999999999915,7947.040000000018,1499.0,2022-07-20T10:30:00-04:00,3.1999999999999886,7347.040000000024,1831.0,2022-07-20T16:02:00-04:00,1.6499999999999915,10447.040000000019,2905.0,2022-07-21T09:56:00-04:00,1.7500000000000036,10247.039999999994,2906.0,2022-07-21T09:57:00-04:00,1.7999999999999972,10147.040000000008,1832.0,2022-07-20T16:03:00-04:00,2.3000000000000043,9147.039999999994,3035.0,2022-07-21T12:06:00-04:00,0.9000000000000021,11947.039999999997,3036.0,2022-07-21T12:07:00-04:00,0.8499999999999979,12047.040000000006,3037.0,2022-07-21T12:08:00-04:00,0.9000000000000004,11947.04,3036.0,2022-07-21T12:07:00-04:00,0.8499999999999979,12047.040000000006,3168.0,2022-07-21T14:19:00-04:00,0.39999999999999947,12947.040000000003,3208.0,2022-07-21T14:59:00-04:00,0.4499999999999993,12847.040000000003,3215.0,2022-07-21T15:06:00-04:00,0.3999999999999986,12947.040000000005,3169.0,2022-07-21T14:20:00-04:00,0.5,12747.04,413
2022-07-20,2022-07-22,2,5.0,2022-07-20T09:31:00-04:00,5.0,NDXP  220722P12290000,NDXP  220722P12280000,development,False,False,0,0,1,2,0,1197,available,False,2022-07-20T09:31:00-04:00,2022-07-22T16:00:00-04:00,0.0,9747.04,0.0,last_observed_quote_not_settlement,1036.0,2,2,5.0,-252.9599999999993,2022-07-20T09:32:00-04:00,0.0,5.0,-252.9599999999993,2022-07-20T09:33:00-04:00,0.0,5.850000000000023,-1952.9600000000448,2022-07-20T09:36:00-04:00,0.0,4.799999999999997,147.0400000000064,2022-07-20T09:41:00-04:00,0.0,4.549999999999997,647.0400000000063,2022-07-20T09:46:00-04:00,0.0,4.849999999999994,47.04000000001208,2022-07-20T10:01:00-04:00,0.0,3.5,2747.040000000001,2022-07-20T10:31:00-04:00,0.0,2.75,4247.040000000001,2022-07-20T11:31:00-04:00,0.0,2.750000000000007,4247.039999999986,2022-07-20T16:00:00-04:00,0.0,0.40000000000000036,8947.04,2022-07-21T16:00:00-04:00,0.0,0.0,9747.04,2022-07-22T16:00:00-04:00,0.0,,,,,0.0,hit,0.0,hit,14.0,hit,63.0,hit,1470.0,hit,1599.0,hit,1778.0,hit,5.0,hit,6.0,hit,6.0,hit,,never_hit,,never_hit,,never_hit,7.599999999999994,2,True,False,False,False,,7.599999999999994,2,True,False,False,False,,7.599999999999994,2,True,False,False,False,,7.599999999999994,2,True,False,False,False,,63.0,2022-07-20T10:34:00-04:00,2.75,4247.040000000001,81.0,2022-07-20T10:52:00-04:00,2.8499999999999943,4047.040000000012,82.0,2022-07-20T10:53:00-04:00,2.700000000000003,4347.039999999995,64.0,2022-07-20T10:35:00-04:00,3.049999999999997,3647.0400000000063,1470.0,2022-07-21T10:01:00-04:00,1.8000000000000007,6147.039999999999,1559.0,2022-07-21T11:30:00-04:00,1.6999999999999957,6347.040000000009,1564.0,2022-07-21T11:35:00-04:00,1.6000000000000014,6547.039999999998,1471.0,2022-07-21T10:02:00-04:00,2.1000000000000014,5547.039999999998,1618.0,2022-07-21T12:29:00-04:00,0.9499999999999993,7847.040000000002,1619.0,2022-07-21T12:30:00-04:00,0.9499999999999993,7847.040000000002,1620.0,2022-07-21T12:31:00-04:00,0.8999999999999986,7947.040000000004,1619.0,2022-07-21T12:30:00-04:00,0.9499999999999993,7847.040000000002,1814.0,2022-07-21T15:45:00-04:00,0.4499999999999993,8847.040000000003,1828.0,2022-07-21T15:59:00-04:00,0.40000000000000036,8947.04,1829.0,2022-07-21T16:00:00-04:00,0.40000000000000036,8947.04,1815.0,2022-07-21T15:46:00-04:00,0.6000000000000005,8547.04,414
2022-07-20,2022-07-22,2,6.0,2022-07-20T09:31:00-04:00,6.0,NDXP  220722P12380000,NDXP  220722P12370000,development,False,False,0,0,1,0,0,1199,available,False,2022-07-20T09:31:00-04:00,2022-07-22T16:00:00-04:00,0.825,10097.04,0.0,last_observed_quote_not_settlement,1036.0,107,42,6.149999999999977,-552.9599999999539,2022-07-20T09:32:00-04:00,0.0,6.150000000000006,-552.9600000000107,2022-07-20T09:33:00-04:00,0.0,5.699999999999989,347.04000000002344,2022-07-20T09:36:00-04:00,0.0,5.550000000000011,647.0399999999779,2022-07-20T09:41:00-04:00,0.0,4.650000000000006,2447.0399999999895,2022-07-20T09:46:00-04:00,0.0,6.0,-252.9599999999993,2022-07-20T10:01:00-04:00,0.0,4.5,2747.040000000001,2022-07-20T10:31:00-04:00,0.0,3.5,4747.040000000001,2022-07-20T11:31:00-04:00,0.0,3.4000000000000057,4947.039999999989,2022-07-20T16:00:00-04:00,0.0,0.8999999999999986,9947.040000000005,2022-07-21T16:00:00-04:00,0.0,0.825,10097.04,2022-07-22T16:00:00-04:00,0.0,,,,,4.0,hit,13.0,hit,20.0,hit,145.0,hit,1596.0,hit,1819.0,hit,2887.0,hit,3109.0,hit,3109.0,hit,3109.0,hit,3159.0,hit,,never_hit,,never_hit,6.300000000000011,9,False,False,False,False,,6.3999999999999915,10,False,False,False,False,,6.3999999999999915,10,False,False,False,False,,6.3999999999999915,10,False,False,False,False,,145.0,2022-07-20T11:56:00-04:00,2.9000000000000057,5947.039999999989,146.0,2022-07-20T11:57:00-04:00,2.9499999999999886,5847.040000000024,1564.0,2022-07-21T11:35:00-04:00,2.499999999999993,6747.0400000000145,146.0,2022-07-20T11:57:00-04:00,2.9499999999999886,5847.040000000024,1597.0,2022-07-21T12:08:00-04:00,1.9000000000000057,7947.039999999989,1598.0,2022-07-21T12:09:00-04:00,1.9499999999999993,7847.040000000002,1599.0,2022-07-21T12:10:00-04:00,1.7999999999999972,8147.040000000007,1598.0,2022-07-21T12:09:00-04:00,1.9499999999999993,7847.040000000002,1827.0,2022-07-21T15:58:00-04:00,0.9499999999999993,9847.040000000003,1828.0,2022-07-21T15:59:00-04:00,0.9499999999999993,9847.040000000003,1829.0,2022-07-21T16:00:00-04:00,0.8999999999999986,9947.040000000005,1828.0,2022-07-21T15:59:00-04:00,0.9499999999999993,9847.040000000003,2887.0,2022-07-22T09:38:00-04:00,0.0,11747.04,2901.0,2022-07-22T09:52:00-04:00,0.34999999999999964,11047.040000000003,2966.0,2022-07-22T10:57:00-04:00,0.37500000000000044,10997.039999999999,2888.0,2022-07-22T09:39:00-04:00,0.8000000000000007,10147.04,415
2022-07-20,2022-07-22,2,7.0,2022-07-20T09:31:00-04:00,6.949999999999989,NDXP  220722P12410000,NDXP  220722P12400000,development,False,False,0,0,1,1,0,1198,available,False,2022-07-20T09:31:00-04:00,2022-07-22T16:00:00-04:00,5.25,3147.039999999978,0.0,last_observed_quote_not_settlement,1036.0,147,36,5.75,2147.039999999978,2022-07-20T09:32:00-04:00,0.0,6.149999999999977,1347.0400000000234,2022-07-20T09:33:00-04:00,0.0,6.050000000000011,1547.0399999999552,2022-07-20T09:36:00-04:00,0.0,4.900000000000006,3847.0399999999668,2022-07-20T09:41:00-04:00,0.0,5.500000000000028,2647.0399999999213,2022-07-20T09:46:00-04:00,0.0,6.849999999999966,-52.959999999953816,2022-07-20T10:01:00-04:00,0.0,4.75,4147.039999999978,2022-07-20T10:31:00-04:00,0.0,4.0,5647.039999999978,2022-07-20T11:31:00-04:00,0.0,3.299999999999997,7047.039999999984,2022-07-20T16:00:00-04:00,0.0,1.1999999999999993,11247.03999999998,2022-07-21T16:00:00-04:00,0.0,5.25,3147.039999999978,2022-07-22T16:00:00-04:00,0.0,,,,,7.0,hit,7.0,hit,63.0,hit,200.0,hit,1618.0,hit,2887.0,hit,2887.0,hit,3104.0,hit,3123.0,hit,14.0,hit,3125.0,hit,3135.0,hit,3187.0,hit,7.25,1,True,False,False,False,,7.25,1,True,False,False,False,,7.25,1,True,False,False,False,,7.25,1,True,False,False,False,,200.0,2022-07-20T12:51:00-04:00,2.700000000000003,8247.039999999974,1593.0,2022-07-21T12:04:00-04:00,2.75,8147.039999999978,1594.0,2022-07-21T12:05:00-04:00,2.6499999999999986,8347.03999999998,201.0,2022-07-20T12:52:00-04:00,4.099999999999994,5447.039999999989,1619.0,2022-07-21T12:30:00-04:00,1.9000000000000021,9847.039999999975,1620.0,2022-07-21T12:31:00-04:00,1.8999999999999986,9847.03999999998,1621.0,2022-07-21T12:32:00-04:00,1.6999999999999993,10247.03999999998,1620.0,2022-07-21T12:31:00-04:00,1.8999999999999986,9847.03999999998,2887.0,2022-07-22T09:38:00-04:00,0.125,13397.039999999979,2890.0,2022-07-22T09:41:00-04:00,0.75,12147.039999999979,2901.0,2022-07-22T09:52:00-04:00,0.2999999999999998,13047.039999999979,2888.0,2022-07-22T09:39:00-04:00,1.1500000000000004,11347.039999999979,2887.0,2022-07-22T09:38:00-04:00,0.125,13397.039999999979,2901.0,2022-07-22T09:52:00-04:00,0.2999999999999998,13047.039999999979,,,,,2888.0,2022-07-22T09:39:00-04:00,1.1500000000000004,11347.039999999979,416
2022-07-22,2022-07-25,3,5.0,2022-07-22T09:31:00-04:00,4.950000000000003,NDXP  220725P12600000,NDXP  220725P12590000,development,False,False,0,0,0,59,0,736,available,False,2022-07-22T09:31:00-04:00,2022-07-25T16:00:00-04:00,10.0,-10252.959999999994,0.0,last_observed_quote_not_settlement,3916.0,661,20,5.799999999999997,-1952.959999999988,2022-07-22T09:32:00-04:00,0.0,4.8999999999999915,-152.95999999997656,2022-07-22T09:33:00-04:00,0.0,3.9000000000000057,1847.039999999995,2022-07-22T09:36:00-04:00,0.0,4.5,647.0400000000063,2022-07-22T09:41:00-04:00,0.0,4.900000000000006,-152.96000000000498,2022-07-22T09:46:00-04:00,0.0,7.5,-5352.959999999994,2022-07-22T10:01:00-04:00,0.0,6.0,-2352.9599999999937,2022-07-22T10:31:00-04:00,0.0,7.399999999999977,-5152.959999999948,2022-07-22T11:31:00-04:00,0.0,8.899999999999977,-8152.95999999995,2022-07-22T16:00:00-04:00,0.0,,,2022-07-22T16:15:00-04:00,85500.0,,,2022-07-22T16:15:00-04:00,171900.0,10.0,-10252.959999999994,2022-07-25T16:00:00-04:00,0.0,0.0,hit,0.0,hit,5.0,hit,,never_hit,,never_hit,,never_hit,,never_hit,1.0,hit,25.0,hit,30.0,hit,127.0,hit,163.0,hit,232.0,hit,,,True,True,True,False,1.5000000000000142,,,True,True,True,False,1.5000000000000142,,,True,True,True,False,1.5000000000000142,,,True,True,True,False,1.5000000000000142,,,,,,,,,,,,,,,,,,,,,,,,,,,,,,,,,,,,,,,,,,,,,,,,,,,,,,,,,,,,,,,,,417
2022-07-22,2022-07-25,3,6.0,2022-07-22T09:31:00-04:00,6.050000000000011,NDXP  220725P12710000,NDXP  220725P12700000,development,False,False,0,0,0,175,0,620,available,False,2022-07-22T09:31:00-04:00,2022-07-25T16:00:00-04:00,5.899999999999977,47.04000000006892,0.0,last_observed_quote_not_settlement,3916.0,535,10,7.049999999999983,-2252.9599999999423,2022-07-22T09:32:00-04:00,0.0,7.25,-2652.9599999999764,2022-07-22T09:33:00-04:00,0.0,8.049999999999955,-4252.959999999887,2022-07-22T09:36:00-04:00,0.0,6.200000000000017,-552.9600000000107,2022-07-22T09:41:00-04:00,0.0,6.550000000000011,-1252.9599999999994,2022-07-22T09:46:00-04:00,0.0,7.100000000000023,-2352.960000000022,2022-07-22T10:01:00-04:00,0.0,7.150000000000006,-2452.9599999999878,2022-07-22T10:31:00-04:00,0.0,8.900000000000034,-5952.960000000046,2022-07-22T11:31:00-04:00,0.0,9.449999999999932,-7052.959999999842,2022-07-22T16:00:00-04:00,0.0,,,2022-07-22T16:15:00-04:00,85500.0,,,2022-07-22T16:15:00-04:00,171900.0,5.899999999999977,47.04000000006892,2022-07-25T16:00:00-04:00,0.0,20.0,hit,20.0,hit,4671.0,hit,4699.0,hit,4699.0,hit,4699.0,hit,4699.0,hit,1.0,hit,2.0,hit,1.0,hit,5.0,hit,7.0,hit,121.0,hit,10.0,530,True,True,True,True,,10.0,530,True,True,True,True,,10.0,530,True,True,True,True,,10.0,530,True,True,True,True,,4699.0,2022-07-25T15:50:00-04:00,0.19999999999998863,11447.040000000046,,,,,,,,,4700.0,2022-07-25T15:51:00-04:00,9.850000000000023,-7852.960000000024,4699.0,2022-07-25T15:50:00-04:00,0.19999999999998863,11447.040000000046,,,,,,,,,4700.0,2022-07-25T15:51:00-04:00,9.850000000000023,-7852.960000000024,4699.0,2022-07-25T15:50:00-04:00,0.19999999999998863,11447.040000000046,,,,,,,,,4700.0,2022-07-25T15:51:00-04:00,9.850000000000023,-7852.960000000024,4699.0,2022-07-25T15:50:00-04:00,0.19999999999998863,11447.040000000046,,,,,,,,,4700.0,2022-07-25T15:51:00-04:00,9.850000000000023,-7852.960000000024,418
2022-07-22,2022-07-25,3,7.0,2022-07-22T09:31:00-04:00,7.099999999999994,NDXP  220725P12740000,NDXP  220725P12730000,development,False,False,0,0,0,141,0,654,available,False,2022-07-22T09:31:00-04:00,2022-07-25T16:00:00-04:00,9.0,-4052.9600000000123,0.0,last_observed_quote_not_settlement,3916.0,541,18,7.299999999999983,-652.9599999999766,2022-07-22T09:32:00-04:00,0.0,7.949999999999989,-1952.959999999988,2022-07-22T09:33:00-04:00,0.0,7.799999999999983,-1652.9599999999766,2022-07-22T09:36:00-04:00,0.0,6.700000000000017,547.0399999999552,2022-07-22T09:41:00-04:00,0.0,7.200000000000017,-452.9600000000448,2022-07-22T09:46:00-04:00,0.0,7.950000000000017,-1952.9600000000466,2022-07-22T10:01:00-04:00,0.0,7.699999999999989,-1452.959999999988,2022-07-22T10:31:00-04:00,0.0,9.150000000000034,-4352.960000000081,2022-07-22T11:31:00-04:00,0.0,9.599999999999966,-5252.959999999945,2022-07-22T16:00:00-04:00,0.0,,,2022-07-22T16:15:00-04:00,85500.0,,,2022-07-22T16:15:00-04:00,171900.0,9.0,-4052.9600000000123,2022-07-25T16:00:00-04:00,0.0,4669.0,hit,4697.0,hit,,never_hit,,never_hit,,never_hit,,never_hit,,never_hit,2.0,hit,31.0,hit,0.0,hit,7.0,hit,64.0,hit,127.0,hit,,,True,True,True,False,2.5999999999999943,,,True,True,True,False,2.5999999999999943,,,True,True,True,False,2.5999999999999943,,,True,True,True,False,2.5999999999999943,,,,,,,,,,,,,,,,,,,,,,,,,,,,,,,,,,,,,,,,,,,,,,,,,,,,,,,,,,,,,,,,,419
2022-07-25,2022-07-27,2,5.0,2022-07-25T09:31:00-04:00,5.050000000000011,NDXP  220727P12420000,NDXP  220727P12410000,development,False,False,0,0,0,1,0,1198,available,False,2022-07-25T09:31:00-04:00,2022-07-27T16:00:00-04:00,0.0,9847.040000000025,0.0,last_observed_quote_not_settlement,1036.0,931,121,5.100000000000023,-352.96000000002203,2022-07-25T09:32:00-04:00,0.0,4.850000000000023,147.03999999997797,2022-07-25T09:33:00-04:00,0.0,5.699999999999989,-1552.9599999999539,2022-07-25T09:36:00-04:00,0.0,4.900000000000006,47.04000000001208,2022-07-25T09:41:00-04:00,0.0,5.100000000000023,-352.96000000002203,2022-07-25T09:46:00-04:00,0.0,5.900000000000006,-1952.959999999988,2022-07-25T10:01:00-04:00,0.0,5.800000000000011,-1752.9599999999994,2022-07-25T10:31:00-04:00,0.0,5.699999999999989,-1552.9599999999539,2022-07-25T11:31:00-04:00,0.0,5.649999999999977,-1452.9599999999311,2022-07-25T16:00:00-04:00,0.0,8.550000000000011,-7252.960000000001,2022-07-26T16:00:00-04:00,0.0,0.0,9847.040000000025,2022-07-27T16:00:00-04:00,0.0,,,,,0.0,hit,2.0,hit,2971.0,hit,3026.0,hit,3185.0,hit,3202.0,hit,3214.0,hit,5.0,hit,7.0,hit,337.0,hit,1457.0,hit,1581.0,hit,1731.0,hit,9.900000000000034,885,True,True,True,True,,9.900000000000034,931,True,True,True,True,,9.900000000000034,931,True,True,True,True,,9.900000000000034,931,True,True,True,True,,3026.0,2022-07-27T11:57:00-04:00,2.8999999999999915,4047.040000000041,3027.0,2022-07-27T11:58:00-04:00,2.549999999999997,4747.040000000029,3191.0,2022-07-27T14:42:00-04:00,1.950000000000001,5947.040000000021,3027.0,2022-07-27T11:58:00-04:00,2.549999999999997,4747.040000000029,3185.0,2022-07-27T14:36:00-04:00,1.7999999999999972,6247.040000000029,3194.0,2022-07-27T14:45:00-04:00,1.3500000000000014,7147.040000000021,3195.0,2022-07-27T14:46:00-04:00,1.2499999999999982,7347.040000000027,3186.0,2022-07-27T14:37:00-04:00,3.250000000000007,3347.040000000009,3202.0,2022-07-27T14:53:00-04:00,0.75,8347.040000000025,3203.0,2022-07-27T14:54:00-04:00,0.7750000000000004,8297.040000000023,3204.0,2022-07-27T14:55:00-04:00,0.75,8347.040000000025,3203.0,2022-07-27T14:54:00-04:00,0.7750000000000004,8297.040000000023,3214.0,2022-07-27T15:05:00-04:00,0.27500000000000013,9297.040000000023,3215.0,2022-07-27T15:06:00-04:00,0.375,9097.040000000025,3216.0,2022-07-27T15:07:00-04:00,0.17499999999999982,9497.040000000025,3215.0,2022-07-27T15:06:00-04:00,0.375,9097.040000000025,420
2022-07-25,2022-07-27,2,6.0,2022-07-25T09:31:00-04:00,6.049999999999983,NDXP  220727P12550000,NDXP  220727P12540000,development,False,False,0,0,0,27,0,1173,available,False,2022-07-25T09:31:00-04:00,2022-07-27T15:59:00-04:00,0.09999999999999998,11647.039999999966,1.0,last_observed_quote_not_settlement,1037.0,1069,21,6.349999999999994,-852.9600000000221,2022-07-25T09:32:00-04:00,0.0,6.250000000000028,-652.9600000000903,2022-07-25T09:33:00-04:00,0.0,7.0,-2152.9600000000332,2022-07-25T09:36:00-04:00,0.0,6.600000000000023,-1352.960000000079,2022-07-25T09:41:00-04:00,0.0,6.699999999999989,-1552.9600000000107,2022-07-25T09:46:00-04:00,0.0,6.400000000000006,-952.9600000000448,2022-07-25T10:01:00-04:00,0.0,7.149999999999977,-2452.9599999999878,2022-07-25T10:31:00-04:00,0.0,7.2999999999999545,-2752.9599999999423,2022-07-25T11:31:00-04:00,0.0,7.5499999999999545,-3252.9599999999423,2022-07-25T16:00:00-04:00,0.0,9.399999999999977,-6952.95999999999,2022-07-26T16:00:00-04:00,0.0,,,2022-07-27T15:59:00-04:00,60.0,,,,,26.0,hit,26.0,hit,3195.0,hit,3203.0,hit,3203.0,hit,3237.0,hit,3239.0,hit,5.0,hit,7.0,hit,5.0,hit,65.0,hit,1468.0,hit,1488.0,hit,10.0,1069,True,True,True,True,,10.0,1069,True,True,True,True,,10.0,1069,True,True,True,True,,10.0,1069,True,True,True,True,,3203.0,2022-07-27T14:54:00-04:00,1.5,8847.039999999968,3232.0,2022-07-27T15:23:00-04:00,2.5000000000000018,6847.039999999963,3233.0,2022-07-27T15:24:00-04:00,2.0,7847.039999999966,3204.0,2022-07-27T14:55:00-04:00,3.8500000000000014,4147.039999999964,3203.0,2022-07-27T14:54:00-04:00,1.5,8847.039999999968,3235.0,2022-07-27T15:26:00-04:00,1.75,8347.039999999968,3236.0,2022-07-27T15:27:00-04:00,1.125,9597.039999999968,3204.0,2022-07-27T14:55:00-04:00,3.8500000000000014,4147.039999999964,3237.0,2022-07-27T15:28:00-04:00,0.7249999999999996,10397.039999999968,3238.0,2022-07-27T15:29:00-04:00,0.7000000000000002,10447.039999999966,3239.0,2022-07-27T15:30:00-04:00,0.3750000000000002,11097.039999999968,3238.0,2022-07-27T15:29:00-04:00,0.7000000000000002,10447.039999999966,3239.0,2022-07-27T15:30:00-04:00,0.3750000000000002,11097.039999999968,3240.0,2022-07-27T15:31:00-04:00,0.02499999999999991,11797.039999999966,3245.0,2022-07-27T15:36:00-04:00,0.125,11597.039999999968,3240.0,2022-07-27T15:31:00-04:00,0.02499999999999991,11797.039999999966,421
2022-07-25,2022-07-27,2,7.0,2022-07-25T09:31:00-04:00,6.850000000000023,NDXP  220727P12600000,NDXP  220727P12590000,development,False,False,0,0,0,49,0,1151,available,False,2022-07-25T09:31:00-04:00,2022-07-27T16:00:00-04:00,3.7250000000000005,5997.040000000045,0.0,last_observed_quote_not_settlement,1036.0,1006,35,6.900000000000034,-352.96000000002203,2022-07-25T09:32:00-04:00,0.0,6.75,-52.959999999953816,2022-07-25T09:33:00-04:00,0.0,7.25,-1052.9599999999539,2022-07-25T09:36:00-04:00,0.0,7.2999999999999545,-1152.959999999863,2022-07-25T09:41:00-04:00,0.0,7.0,-552.9599999999539,2022-07-25T09:46:00-04:00,0.0,7.400000000000034,-1352.960000000022,2022-07-25T10:01:00-04:00,0.0,7.699999999999989,-1952.9599999999311,2022-07-25T10:31:00-04:00,0.0,7.600000000000023,-1752.9599999999994,2022-07-25T11:31:00-04:00,0.0,7.400000000000034,-1352.960000000022,2022-07-25T16:00:00-04:00,0.0,9.600000000000023,-5752.960000000001,2022-07-26T16:00:00-04:00,0.0,3.7250000000000005,5997.040000000045,2022-07-27T16:00:00-04:00,0.0,,,,,3194.0,hit,3217.0,hit,3219.0,hit,3237.0,hit,3238.0,hit,3242.0,hit,,never_hit,8.0,hit,31.0,hit,5.0,hit,48.0,hit,327.0,hit,1448.0,hit,10.0,1006,True,True,True,True,,10.0,1006,True,True,True,True,,10.0,1006,True,True,True,True,,,,True,True,True,False,6.000000000000022,3237.0,2022-07-27T15:28:00-04:00,2.6999999999999993,8047.040000000047,3238.0,2022-07-27T15:29:00-04:00,1.9000000000000021,9647.040000000043,3239.0,2022-07-27T15:30:00-04:00,1.1749999999999998,11097.040000000048,3238.0,2022-07-27T15:29:00-04:00,1.9000000000000021,9647.040000000043,3238.0,2022-07-27T15:29:00-04:00,1.9000000000000021,9647.040000000043,3239.0,2022-07-27T15:30:00-04:00,1.1749999999999998,11097.040000000048,3244.0,2022-07-27T15:35:00-04:00,1.2749999999999995,10897.040000000048,3239.0,2022-07-27T15:30:00-04:00,1.1749999999999998,11097.040000000048,3242.0,2022-07-27T15:33:00-04:00,0.8500000000000005,11747.040000000046,,,,,,,,,3243.0,2022-07-27T15:34:00-04:00,1.625,10197.040000000046,,,,,,,,,,,,,,,,,422
2022-07-26,2022-07-29,3,5.0,2022-07-26T09:31:00-04:00,5.0,NDXP  220729P12620000,NDXP  220729P12610000,development,False,False,0,0,1,45,0,1558,available,False,2022-07-26T09:31:00-04:00,2022-07-29T16:00:00-04:00,0.0,9747.04,0.0,last_observed_quote_not_settlement,1036.0,847,49,7.0,-4252.959999999999,2022-07-26T09:32:00-04:00,0.0,8.450000000000045,-7152.960000000092,2022-07-26T09:33:00-04:00,0.0,9.050000000000068,-8352.960000000137,2022-07-26T09:36:00-04:00,0.0,8.899999999999977,-8052.9599999999555,2022-07-26T09:41:00-04:00,0.0,6.800000000000011,-3852.960000000022,2022-07-26T09:46:00-04:00,0.0,8.099999999999966,-6452.959999999933,2022-07-26T10:01:00-04:00,0.0,8.650000000000034,-7552.960000000069,2022-07-26T10:31:00-04:00,0.0,8.550000000000068,-7352.960000000137,2022-07-26T11:31:00-04:00,0.0,8.799999999999955,-7852.95999999991,2022-07-26T16:00:00-04:00,0.0,4.749999999999972,247.04000000005752,2022-07-27T16:00:00-04:00,0.0,2.5,4747.040000000001,2022-07-28T16:00:00-04:00,0.0,0.0,9747.04,2022-07-29T16:00:00-04:00,0.0,0.0,hit,0.0,hit,29.0,hit,3127.0,hit,3273.0,hit,4330.0,hit,4339.0,hit,1.0,hit,1.0,hit,1.0,hit,2.0,hit,5.0,hit,28.0,hit,9.75,847,True,True,True,True,,9.75,847,True,True,True,True,,9.75,847,True,True,True,True,,9.75,847,True,True,True,True,,3127.0,2022-07-28T13:38:00-04:00,2.8500000000000085,4047.0399999999836,3214.0,2022-07-28T15:05:00-04:00,2.8999999999999915,3947.0400000000177,3215.0,2022-07-28T15:06:00-04:00,2.8499999999999943,4047.040000000012,3128.0,2022-07-28T13:39:00-04:00,3.1000000000000085,3547.0399999999836,3273.0,2022-07-28T16:04:00-04:00,1.749999999999993,6247.0400000000145,3277.0,2022-07-28T16:08:00-04:00,1.8500000000000014,6047.039999999998,3278.0,2022-07-28T16:09:00-04:00,1.8500000000000014,6047.039999999998,3274.0,2022-07-28T16:05:00-04:00,2.0999999999999943,5547.040000000012,4331.0,2022-07-29T09:42:00-04:00,0.75,8247.04,4332.0,2022-07-29T09:43:00-04:00,0.8000000000000007,8147.04,4333.0,2022-07-29T09:44:00-04:00,0.8499999999999996,8047.040000000002,4332.0,2022-07-29T09:43:00-04:00,0.8000000000000007,8147.04,4339.0,2022-07-29T09:50:00-04:00,0.4499999999999993,8847.040000000003,4346.0,2022-07-29T09:57:00-04:00,0.4499999999999984,8847.040000000005,4356.0,2022-07-29T10:07:00-04:00,0.20000000000000018,9347.04,4340.0,2022-07-29T09:51:00-04:00,0.75,8247.04,423
2022-07-26,2022-07-29,3,6.0,2022-07-26T09:31:00-04:00,5.9500000000000455,NDXP  220729P12410000,NDXP  220729P12400000,development,False,False,0,0,1,0,0,1603,available,False,2022-07-26T09:31:00-04:00,2022-07-29T16:00:00-04:00,9.75,-7852.95999999991,0.0,last_observed_quote_not_settlement,1037.0,393,43,5.949999999999989,-252.9599999998856,2022-07-26T09:32:00-04:00,0.0,6.150000000000034,-652.9599999999766,2022-07-26T09:33:00-04:00,0.0,6.2000000000000455,-752.9599999999994,2022-07-26T09:36:00-04:00,0.0,6.149999999999977,-652.9599999998629,2022-07-26T09:41:00-04:00,0.0,6.649999999999977,-1652.959999999863,2022-07-26T09:46:00-04:00,0.0,6.149999999999977,-652.9599999998629,2022-07-26T10:01:00-04:00,0.0,6.5,-1352.9599999999084,2022-07-26T10:31:00-04:00,0.0,7.050000000000011,-2452.959999999931,2022-07-26T11:31:00-04:00,0.0,7.349999999999966,-3052.95999999984,2022-07-26T16:00:00-04:00,0.0,2.6999999999999886,6247.040000000115,2022-07-27T16:00:00-04:00,0.0,0.8000000000000043,10047.040000000085,2022-07-28T16:00:00-04:00,0.0,9.75,-7852.95999999991,2022-07-29T16:00:00-04:00,0.0,29.0,hit,1451.0,hit,1500.0,hit,1755.0,hit,2994.0,hit,3149.0,hit,3259.0,hit,7.0,hit,13.0,hit,13.0,hit,210.0,hit,4709.0,hit,4709.0,hit,8.600000000000023,393,True,True,False,False,,8.600000000000023,393,True,True,False,False,,8.600000000000023,393,True,True,False,False,,8.600000000000023,393,True,True,False,False,,1755.0,2022-07-27T14:46:00-04:00,2.8500000000000227,5947.040000000046,1763.0,2022-07-27T14:54:00-04:00,2.8999999999999773,5847.040000000137,1776.0,2022-07-27T15:07:00-04:00,2.6999999999999886,6247.040000000115,1756.0,2022-07-27T14:47:00-04:00,3.1000000000000085,5447.0400000000745,2996.0,2022-07-28T11:27:00-04:00,1.9000000000000057,7847.04000000008,2997.0,2022-07-28T11:28:00-04:00,1.8499999999999943,7947.040000000103,2998.0,2022-07-28T11:29:00-04:00,1.8500000000000014,7947.040000000089,2997.0,2022-07-28T11:28:00-04:00,1.8499999999999943,7947.040000000103,3149.0,2022-07-28T14:00:00-04:00,0.9499999999999993,9747.040000000094,3215.0,2022-07-28T15:06:00-04:00,0.9000000000000004,9847.040000000092,3216.0,2022-07-28T15:07:00-04:00,0.8000000000000007,10047.040000000092,3150.0,2022-07-28T14:01:00-04:00,1.1999999999999993,9247.040000000094,4321.0,2022-07-29T09:32:00-04:00,0.22499999999999964,11197.040000000094,4322.0,2022-07-29T09:33:00-04:00,0.27500000000000036,11097.040000000092,4323.0,2022-07-29T09:34:00-04:00,0.15000000000000036,11347.040000000092,4322.0,2022-07-29T09:33:00-04:00,0.27500000000000036,11097.040000000092,424
2022-07-26,2022-07-29,3,7.0,2022-07-26T09:31:00-04:00,6.9500000000000455,NDXP  220729P12630000,NDXP  220729P12620000,development,False,False,0,0,1,41,0,1562,available,False,2022-07-26T09:31:00-04:00,2022-07-29T15:59:00-04:00,0.0,13647.040000000092,1.0,last_observed_quote_not_settlement,1036.0,492,71,8.399999999999977,-3152.9599999998645,2022-07-26T09:32:00-04:00,0.0,8.0,-2352.95999999991,2022-07-26T09:33:00-04:00,0.0,8.799999999999955,-3952.959999999819,2022-07-26T09:36:00-04:00,0.0,7.949999999999989,-2252.9599999998854,2022-07-26T09:41:00-04:00,0.0,8.499999999999943,-3352.9599999997963,2022-07-26T09:46:00-04:00,0.0,8.200000000000045,-2752.960000000001,2022-07-26T10:01:00-04:00,0.0,8.449999999999989,-3252.9599999998873,2022-07-26T10:31:00-04:00,0.0,8.599999999999909,-3552.959999999728,2022-07-26T11:31:00-04:00,0.0,8.799999999999955,-3952.959999999819,2022-07-26T16:00:00-04:00,0.0,5.150000000000034,3347.0400000000236,2022-07-27T16:00:00-04:00,0.0,3.049999999999997,7547.040000000097,2022-07-28T16:00:00-04:00,0.0,,,2022-07-29T15:59:00-04:00,60.0,1440.0,hit,1757.0,hit,1792.0,hit,3215.0,hit,3271.0,hit,4331.0,hit,4331.0,hit,1.0,hit,1.0,hit,1.0,hit,1.0,hit,8.0,hit,8.0,hit,9.899999999999977,492,True,True,True,True,,9.899999999999977,492,True,True,True,True,,9.899999999999977,492,True,True,True,True,,9.899999999999977,492,True,True,True,True,,3216.0,2022-07-28T15:07:00-04:00,2.9000000000000057,7847.04000000008,3243.0,2022-07-28T15:34:00-04:00,2.8999999999999986,7847.040000000095,3273.0,2022-07-28T16:04:00-04:00,1.9000000000000057,9847.04000000008,3217.0,2022-07-28T15:08:00-04:00,3.049999999999997,7547.040000000097,3271.0,2022-07-28T16:02:00-04:00,1.8500000000000014,9947.04000000009,3274.0,2022-07-28T16:05:00-04:00,1.9000000000000057,9847.04000000008,3275.0,2022-07-28T16:06:00-04:00,1.6499999999999986,10347.040000000095,3272.0,2022-07-28T16:03:00-04:00,2.249999999999993,9147.040000000106,4331.0,2022-07-29T09:42:00-04:00,0.3999999999999986,12847.040000000095,4332.0,2022-07-29T09:43:00-04:00,0.7999999999999989,12047.040000000095,4336.0,2022-07-29T09:47:00-04:00,0.5,12647.040000000092,4332.0,2022-07-29T09:43:00-04:00,0.7999999999999989,12047.040000000095,4331.0,2022-07-29T09:42:00-04:00,0.3999999999999986,12847.040000000095,4356.0,2022-07-29T10:07:00-04:00,0.39999999999999947,12847.040000000094,4380.0,2022-07-29T10:31:00-04:00,0.35000000000000053,12947.040000000092,4332.0,2022-07-29T09:43:00-04:00,0.7999999999999989,12047.040000000095,425
2022-07-27,2022-07-29,2,5.0,2022-07-27T09:31:00-04:00,5.0,NDXP  220729P12340000,NDXP  220729P12330000,development,False,False,0,0,0,2,0,1197,available,False,2022-07-27T09:31:00-04:00,2022-07-29T16:00:00-04:00,0.0,9747.04,0.0,last_observed_quote_not_settlement,1037.0,5,5,5.25,-752.9599999999994,2022-07-27T09:32:00-04:00,0.0,5.150000000000034,-552.9600000000676,2022-07-27T09:33:00-04:00,0.0,5.099999999999966,-452.9599999999311,2022-07-27T09:36:00-04:00,0.0,4.949999999999989,-152.95999999997656,2022-07-27T09:41:00-04:00,0.0,4.5,747.0400000000006,2022-07-27T09:46:00-04:00,0.0,4.399999999999977,947.0400000000461,2022-07-27T10:01:00-04:00,0.0,4.0,1747.0400000000006,2022-07-27T10:31:00-04:00,0.0,4.199999999999989,1347.0400000000234,2022-07-27T11:31:00-04:00,0.0,2.200000000000003,5347.039999999995,2022-07-27T16:00:00-04:00,0.0,0.3999999999999986,8947.040000000005,2022-07-28T16:00:00-04:00,0.0,0.0,9747.04,2022-07-29T16:00:00-04:00,0.0,,,,,0.0,hit,0.0,hit,24.0,hit,307.0,hit,337.0,hit,1673.0,hit,1824.0,hit,7.0,hit,,never_hit,,never_hit,,never_hit,,never_hit,,never_hit,5.649999999999977,5,False,False,False,False,,5.649999999999977,5,False,False,False,False,,5.649999999999977,5,False,False,False,False,,5.649999999999977,5,False,False,False,False,,307.0,2022-07-27T14:38:00-04:00,2.5,4747.040000000001,308.0,2022-07-27T14:39:00-04:00,2.5,4747.040000000001,312.0,2022-07-27T14:43:00-04:00,2.799999999999997,4147.040000000006,308.0,2022-07-27T14:39:00-04:00,2.5,4747.040000000001,358.0,2022-07-27T15:29:00-04:00,1.6499999999999986,6447.040000000004,359.0,2022-07-27T15:30:00-04:00,1.8000000000000114,6147.039999999978,360.0,2022-07-27T15:31:00-04:00,1.9499999999999957,5847.040000000009,359.0,2022-07-27T15:30:00-04:00,1.8000000000000114,6147.039999999978,1685.0,2022-07-28T13:36:00-04:00,0.9499999999999975,7847.040000000005,1686.0,2022-07-28T13:37:00-04:00,0.9499999999999993,7847.040000000002,1687.0,2022-07-28T13:38:00-04:00,0.7500000000000018,8247.039999999997,1686.0,2022-07-28T13:37:00-04:00,0.9499999999999993,7847.040000000002,1824.0,2022-07-28T15:55:00-04:00,0.4499999999999993,8847.040000000003,1836.0,2022-07-28T16:07:00-04:00,0.40000000000000213,8947.039999999997,1837.0,2022-07-28T16:08:00-04:00,0.20000000000000018,9347.04,1825.0,2022-07-28T15:56:00-04:00,0.6999999999999993,8347.040000000003,426
2022-07-27,2022-07-29,2,6.0,2022-07-27T09:31:00-04:00,6.0,NDXP  220729P12550000,NDXP  220729P12540000,development,False,False,0,0,0,10,0,1190,available,False,2022-07-27T09:31:00-04:00,2022-07-29T16:00:00-04:00,0.0,11747.04,0.0,last_observed_quote_not_settlement,1036.0,129,99,7.2000000000000455,-2652.96000000009,2022-07-27T09:32:00-04:00,0.0,7.350000000000023,-2952.9600000000446,2022-07-27T09:33:00-04:00,0.0,6.9500000000000455,-2152.96000000009,2022-07-27T09:36:00-04:00,0.0,7.600000000000023,-3452.9600000000446,2022-07-27T09:41:00-04:00,0.0,6.300000000000068,-852.9600000001358,2022-07-27T09:46:00-04:00,0.0,6.350000000000023,-952.9600000000448,2022-07-27T10:01:00-04:00,0.0,5.999999999999972,-252.95999999994245,2022-07-27T10:31:00-04:00,0.0,5.999999999999972,-252.95999999994245,2022-07-27T11:31:00-04:00,0.0,3.9000000000000057,3947.0399999999895,2022-07-27T16:00:00-04:00,0.0,2.700000000000003,6347.039999999995,2022-07-28T16:00:00-04:00,0.0,0.0,11747.04,2022-07-29T16:00:00-04:00,0.0,,,,,25.0,hit,273.0,hit,314.0,hit,1557.0,hit,1766.0,hit,2880.0,hit,2890.0,hit,1.0,hit,1.0,hit,1.0,hit,,never_hit,,never_hit,,never_hit,7.600000000000023,129,True,False,False,False,,7.600000000000023,129,True,False,False,False,,7.600000000000023,129,True,False,False,False,,7.600000000000023,129,True,False,False,False,,1557.0,2022-07-28T11:28:00-04:00,2.9499999999999886,5847.040000000024,1683.0,2022-07-28T13:34:00-04:00,2.8499999999999943,6047.040000000012,1684.0,2022-07-28T13:35:00-04:00,2.8000000000000114,6147.039999999978,1558.0,2022-07-28T11:29:00-04:00,3.0999999999999943,5547.040000000012,1776.0,2022-07-28T15:07:00-04:00,1.8500000000000014,8047.039999999998,1777.0,2022-07-28T15:08:00-04:00,1.9499999999999957,7847.040000000009,1833.0,2022-07-28T16:04:00-04:00,1.1500000000000021,9447.039999999997,1777.0,2022-07-28T15:08:00-04:00,1.9499999999999957,7847.040000000009,2880.0,2022-07-29T09:31:00-04:00,0.8000000000000007,10147.04,2881.0,2022-07-29T09:32:00-04:00,0.7499999999999982,10247.040000000005,2882.0,2022-07-29T09:33:00-04:00,0.9000000000000004,9947.04,2881.0,2022-07-29T09:32:00-04:00,0.7499999999999982,10247.040000000005,2890.0,2022-07-29T09:41:00-04:00,0.39999999999999947,10947.040000000003,2891.0,2022-07-29T09:42:00-04:00,0.29999999999999893,11147.040000000005,2892.0,2022-07-29T09:43:00-04:00,0.40000000000000036,10947.04,2891.0,2022-07-29T09:42:00-04:00,0.29999999999999893,11147.040000000005,427
2022-07-27,2022-07-29,2,7.0,2022-07-27T09:31:00-04:00,6.950000000000017,NDXP  220729P12390000,NDXP  220729P12380000,development,False,False,0,0,1,10,0,1189,available,False,2022-07-27T09:31:00-04:00,2022-07-29T16:00:00-04:00,0.0,13647.040000000035,0.0,last_observed_quote_not_settlement,1037.0,0,0,5.949999999999989,1747.0400000000575,2022-07-27T09:32:00-04:00,0.0,5.900000000000006,1847.0400000000234,2022-07-27T09:33:00-04:00,0.0,5.25,3147.040000000035,2022-07-27T09:36:00-04:00,0.0,4.600000000000023,4447.039999999989,2022-07-27T09:41:00-04:00,0.0,5.5,2647.040000000035,2022-07-27T09:46:00-04:00,0.0,4.899999999999977,3847.0400000000805,2022-07-27T10:01:00-04:00,0.0,4.399999999999977,4847.04000000008,2022-07-27T10:31:00-04:00,0.0,4.599999999999994,4447.040000000046,2022-07-27T11:31:00-04:00,0.0,2.549999999999997,8547.04000000004,2022-07-27T16:00:00-04:00,0.0,0.9499999999999993,11747.040000000037,2022-07-28T16:00:00-04:00,0.0,0.0,13647.040000000035,2022-07-29T16:00:00-04:00,0.0,,,,,5.0,hit,9.0,hit,41.0,hit,314.0,hit,359.0,hit,1692.0,hit,1831.0,hit,,never_hit,,never_hit,,never_hit,,never_hit,,never_hit,,never_hit,6.950000000000017,0,False,False,False,False,,6.950000000000017,0,False,False,False,False,,6.950000000000017,0,False,False,False,False,,6.950000000000017,0,False,False,False,False,,314.0,2022-07-27T14:45:00-04:00,2.8499999999999943,7947.040000000046,315.0,2022-07-27T14:46:00-04:00,2.9000000000000057,7847.040000000024,316.0,2022-07-27T14:47:00-04:00,2.9499999999999886,7747.040000000057,315.0,2022-07-27T14:46:00-04:00,2.9000000000000057,7847.040000000024,361.0,2022-07-27T15:32:00-04:00,1.8500000000000014,9947.040000000034,1554.0,2022-07-28T11:25:00-04:00,1.7999999999999972,10047.04000000004,1555.0,2022-07-28T11:26:00-04:00,1.7999999999999972,10047.04000000004,362.0,2022-07-27T15:33:00-04:00,2.1500000000000057,9347.040000000025,1750.0,2022-07-28T14:41:00-04:00,0.9499999999999993,11747.040000000037,1770.0,2022-07-28T15:01:00-04:00,0.9499999999999993,11747.040000000037,1771.0,2022-07-28T15:02:00-04:00,0.9000000000000021,11847.040000000032,1751.0,2022-07-28T14:42:00-04:00,1.1000000000000014,11447.040000000034,1831.0,2022-07-28T16:02:00-04:00,0.049999999999998934,13547.040000000037,2882.0,2022-07-29T09:33:00-04:00,0.25,13147.040000000035,2883.0,2022-07-29T09:34:00-04:00,0.2749999999999999,13097.040000000035,1832.0,2022-07-28T16:03:00-04:00,0.7999999999999989,12047.040000000037,428
2022-07-29,2022-08-01,3,5.0,2022-07-29T09:31:00-04:00,5.25,NDXP  220801P12770000,NDXP  220801P12760000,development,False,False,0,0,0,1,0,794,available,False,2022-07-29T09:31:00-04:00,2022-08-01T16:00:00-04:00,0.0,10247.04,0.0,last_observed_quote_not_settlement,3916.0,3,4,4.200000000000003,1847.039999999995,2022-07-29T09:32:00-04:00,0.0,4.799999999999997,647.0400000000063,2022-07-29T09:33:00-04:00,0.0,5.749999999999986,-1252.959999999971,2022-07-29T09:36:00-04:00,0.0,4.050000000000011,2147.039999999978,2022-07-29T09:41:00-04:00,0.0,3.549999999999997,3147.0400000000063,2022-07-29T09:46:00-04:00,0.0,2.799999999999997,4647.040000000006,2022-07-29T10:01:00-04:00,0.0,2.750000000000007,4747.039999999986,2022-07-29T10:31:00-04:00,0.0,4.5,1247.0400000000006,2022-07-29T11:31:00-04:00,0.0,1.6499999999999986,6947.040000000004,2022-07-29T16:00:00-04:00,0.0,,,2022-07-29T16:15:00-04:00,85500.0,,,2022-07-29T16:15:00-04:00,171900.0,0.0,10247.04,2022-08-01T16:00:00-04:00,0.0,0.0,hit,1.0,hit,12.0,hit,17.0,hit,294.0,hit,4342.0,hit,4349.0,hit,,never_hit,,never_hit,,never_hit,,never_hit,,never_hit,,never_hit,5.749999999999986,3,False,False,False,False,,5.749999999999986,3,False,False,False,False,,5.749999999999986,3,False,False,False,False,,5.749999999999986,3,False,False,False,False,,17.0,2022-07-29T09:48:00-04:00,2.200000000000003,5847.039999999995,30.0,2022-07-29T10:01:00-04:00,2.799999999999997,4647.040000000006,31.0,2022-07-29T10:02:00-04:00,2.799999999999997,4647.040000000006,18.0,2022-07-29T09:49:00-04:00,3.3999999999999773,3447.0400000000463,294.0,2022-07-29T14:25:00-04:00,1.9499999999999993,6347.040000000002,305.0,2022-07-29T14:36:00-04:00,1.8999999999999986,6447.040000000004,306.0,2022-07-29T14:37:00-04:00,1.75,6747.040000000001,295.0,2022-07-29T14:26:00-04:00,2.049999999999997,6147.040000000006,4342.0,2022-08-01T09:53:00-04:00,0.9000000000000004,8447.04,4343.0,2022-08-01T09:54:00-04:00,0.8500000000000005,8547.04,4344.0,2022-08-01T09:55:00-04:00,0.7999999999999989,8647.040000000005,4343.0,2022-08-01T09:54:00-04:00,0.8500000000000005,8547.04,4349.0,2022-08-01T10:00:00-04:00,0.34999999999999964,9547.040000000003,4363.0,2022-08-01T10:14:00-04:00,0.44999999999999973,9347.04,4392.0,2022-08-01T10:43:00-04:00,0.375,9497.04,4350.0,2022-08-01T10:01:00-04:00,0.5999999999999996,9047.040000000003,429
2022-07-29,2022-08-01,3,6.0,2022-07-29T09:31:00-04:00,6.0,NDXP  220801P12860000,NDXP  220801P12850000,development,False,False,0,0,0,3,0,792,available,False,2022-07-29T09:31:00-04:00,2022-08-01T16:00:00-04:00,0.0,11747.04,0.0,last_observed_quote_not_settlement,3916.0,34,50,5.849999999999966,47.04000000006892,2022-07-29T09:32:00-04:00,0.0,6.0,-252.9599999999993,2022-07-29T09:33:00-04:00,0.0,6.899999999999977,-2052.9599999999537,2022-07-29T09:36:00-04:00,0.0,4.0,3747.040000000001,2022-07-29T09:41:00-04:00,0.0,5.599999999999994,547.040000000012,2022-07-29T09:46:00-04:00,0.0,4.950000000000017,1847.0399999999665,2022-07-29T10:01:00-04:00,0.0,3.5999999999999943,4547.040000000012,2022-07-29T10:31:00-04:00,0.0,5.900000000000006,-52.96000000001066,2022-07-29T11:31:00-04:00,0.0,2.8000000000000043,6147.039999999992,2022-07-29T16:00:00-04:00,0.0,,,2022-07-29T16:15:00-04:00,85500.0,,,2022-07-29T16:15:00-04:00,171900.0,0.0,11747.04,2022-08-01T16:00:00-04:00,0.0,10.0,hit,10.0,hit,10.0,hit,297.0,hit,4334.0,hit,4349.0,hit,4349.0,hit,5.0,hit,4322.0,hit,4322.0,hit,,never_hit,,never_hit,,never_hit,6.899999999999977,33,False,False,False,False,,7.25,34,True,False,False,False,,7.25,34,True,False,False,False,,7.25,34,True,False,False,False,,301.0,2022-07-29T14:32:00-04:00,2.8999999999999986,5947.040000000004,334.0,2022-07-29T15:05:00-04:00,2.9000000000000057,5947.039999999989,355.0,2022-07-29T15:26:00-04:00,2.8500000000000014,6047.039999999998,302.0,2022-07-29T14:33:00-04:00,3.1499999999999986,5447.040000000004,4334.0,2022-08-01T09:45:00-04:00,1.1000000000000014,9547.039999999999,4347.0,2022-08-01T09:58:00-04:00,1.9499999999999993,7847.040000000002,4357.0,2022-08-01T10:08:00-04:00,1.3500000000000014,9047.039999999999,4335.0,2022-08-01T09:46:00-04:00,3.000000000000007,5747.039999999986,4349.0,2022-08-01T10:00:00-04:00,0.10000000000000142,11547.039999999999,4397.0,2022-08-01T10:48:00-04:00,0.8500000000000005,10047.04,4398.0,2022-08-01T10:49:00-04:00,0.7999999999999998,10147.040000000003,4350.0,2022-08-01T10:01:00-04:00,1.3999999999999986,8947.040000000005,4349.0,2022-08-01T10:00:00-04:00,0.10000000000000142,11547.039999999999,4404.0,2022-08-01T10:55:00-04:00,0.4249999999999998,10897.040000000003,4439.0,2022-08-01T11:30:00-04:00,0.4249999999999998,10897.040000000003,4350.0,2022-08-01T10:01:00-04:00,1.3999999999999986,8947.040000000005,430
2022-07-29,2022-08-01,3,7.0,2022-07-29T09:31:00-04:00,7.050000000000011,NDXP  220801P13270000,NDXP  220801P13260000,development,False,False,0,0,0,120,0,675,available,False,2022-07-29T09:31:00-04:00,2022-08-01T15:59:00-04:00,10.0,-6052.959999999977,1.0,last_observed_quote_not_settlement,3916.0,575,4,9.799999999999955,-5752.959999999887,2022-07-29T09:32:00-04:00,0.0,9.300000000000011,-4752.960000000001,2022-07-29T09:33:00-04:00,0.0,9.849999999999909,-5852.959999999796,2022-07-29T09:36:00-04:00,0.0,9.75,-5652.959999999978,2022-07-29T09:41:00-04:00,0.0,7.750000000000057,-1652.9600000000903,2022-07-29T09:46:00-04:00,0.0,9.5,-5152.959999999978,2022-07-29T10:01:00-04:00,0.0,9.600000000000023,-5352.960000000024,2022-07-29T10:31:00-04:00,0.0,9.899999999999977,-5952.959999999933,2022-07-29T11:31:00-04:00,0.0,9.999999999999943,-6052.959999999977,2022-07-29T16:00:00-04:00,0.0,,,2022-07-29T16:15:00-04:00,85500.0,,,2022-07-29T16:15:00-04:00,171900.0,,,2022-08-01T15:59:00-04:00,60.0,22.0,hit,26.0,hit,4322.0,hit,,never_hit,,never_hit,,never_hit,,never_hit,1.0,hit,1.0,hit,0.0,hit,1.0,hit,1.0,hit,1.0,hit,,,True,True,True,False,3.250000000000057,,,True,True,True,False,3.250000000000057,,,True,True,True,False,3.250000000000057,,,True,True,True,False,3.250000000000057,,,,,,,,,,,,,,,,,,,,,,,,,,,,,,,,,,,,,,,,,,,,,,,,,,,,,,,,,,,,,,,,,431
2022-08-01,2022-08-03,2,5.0,2022-08-01T09:31:00-04:00,4.900000000000006,NDXP  220803P12870000,NDXP  220803P12860000,development,False,False,0,0,0,2,0,1198,available,False,2022-08-01T09:31:00-04:00,2022-08-03T16:00:00-04:00,0.0,9547.040000000014,0.0,last_observed_quote_not_settlement,1036.0,15,21,4.299999999999983,947.0400000000461,2022-08-01T09:32:00-04:00,0.0,3.5,2547.0400000000122,2022-08-01T09:33:00-04:00,0.0,4.799999999999997,-52.95999999998224,2022-08-01T09:36:00-04:00,0.0,4.75,47.04000000001208,2022-08-01T09:41:00-04:00,0.0,4.099999999999994,1347.0400000000234,2022-08-01T09:46:00-04:00,0.0,3.049999999999997,3447.0400000000177,2022-08-01T10:01:00-04:00,0.0,3.299999999999997,2947.0400000000177,2022-08-01T10:31:00-04:00,0.0,2.6999999999999957,4147.040000000021,2022-08-01T11:31:00-04:00,0.0,3.5999999999999943,2347.0400000000236,2022-08-01T16:00:00-04:00,0.0,3.75,2047.0400000000122,2022-08-02T16:00:00-04:00,0.0,0.0,9547.040000000014,2022-08-03T16:00:00-04:00,0.0,,,,,0.0,hit,0.0,hit,2.0,hit,22.0,hit,1609.0,hit,2888.0,hit,2913.0,hit,14.0,hit,14.0,hit,14.0,hit,,never_hit,,never_hit,,never_hit,7.299999999999997,1,True,False,False,False,,7.299999999999997,15,True,False,False,False,,7.299999999999997,15,True,False,False,False,,7.299999999999997,15,True,False,False,False,,22.0,2022-08-01T09:53:00-04:00,2.6999999999999886,4147.0400000000345,23.0,2022-08-01T09:54:00-04:00,2.75,4047.040000000012,39.0,2022-08-01T10:10:00-04:00,2.749999999999993,4047.0400000000263,23.0,2022-08-01T09:54:00-04:00,2.75,4047.040000000012,1609.0,2022-08-02T12:20:00-04:00,1.8999999999999986,5747.0400000000145,1610.0,2022-08-02T12:21:00-04:00,1.8499999999999979,5847.040000000016,1611.0,2022-08-02T12:22:00-04:00,1.7000000000000028,6147.040000000006,1610.0,2022-08-02T12:21:00-04:00,1.8499999999999979,5847.040000000016,2888.0,2022-08-03T09:39:00-04:00,0.9499999999999993,7647.040000000014,2903.0,2022-08-03T09:54:00-04:00,0.9499999999999993,7647.040000000014,2904.0,2022-08-03T09:55:00-04:00,0.75,8047.040000000012,2889.0,2022-08-03T09:40:00-04:00,1.0,7547.040000000012,2913.0,2022-08-03T10:04:00-04:00,0.40000000000000036,8747.040000000012,2916.0,2022-08-03T10:07:00-04:00,0.40000000000000036,8747.040000000012,2917.0,2022-08-03T10:08:00-04:00,0.2999999999999998,8947.040000000014,2914.0,2022-08-03T10:05:00-04:00,0.5,8547.040000000014,432
2022-08-01,2022-08-03,2,6.0,2022-08-01T09:31:00-04:00,6.0,NDXP  220803P12900000,NDXP  220803P12890000,development,False,False,0,0,0,2,0,1198,available,False,2022-08-01T09:31:00-04:00,2022-08-03T16:00:00-04:00,0.0,11747.04,0.0,last_observed_quote_not_settlement,1036.0,3,6,5.949999999999989,-152.95999999997656,2022-08-01T09:32:00-04:00,0.0,5.4500000000000455,847.0399999999097,2022-08-01T09:33:00-04:00,0.0,4.699999999999989,2347.0400000000236,2022-08-01T09:36:00-04:00,0.0,4.599999999999994,2547.0400000000122,2022-08-01T09:41:00-04:00,0.0,3.799999999999997,4147.040000000006,2022-08-01T09:46:00-04:00,0.0,3.3499999999999943,5047.040000000012,2022-08-01T10:01:00-04:00,0.0,3.3499999999999943,5047.040000000012,2022-08-01T10:31:00-04:00,0.0,2.8499999999999943,6047.040000000012,2022-08-01T11:31:00-04:00,0.0,3.8499999999999943,4047.040000000012,2022-08-01T16:00:00-04:00,0.0,4.299999999999997,3147.0400000000063,2022-08-02T16:00:00-04:00,0.0,0.0,11747.04,2022-08-03T16:00:00-04:00,0.0,,,,,2.0,hit,4.0,hit,14.0,hit,29.0,hit,1617.0,hit,2894.0,hit,2894.0,hit,1486.0,hit,,never_hit,,never_hit,,never_hit,,never_hit,,never_hit,6.0,0,False,False,False,False,,6.799999999999997,3,False,False,False,False,,6.799999999999997,3,False,False,False,False,,6.799999999999997,3,False,False,False,False,,29.0,2022-08-01T10:00:00-04:00,2.700000000000003,6347.039999999995,42.0,2022-08-01T10:13:00-04:00,2.749999999999986,6247.040000000029,43.0,2022-08-01T10:14:00-04:00,2.9000000000000057,5947.039999999989,30.0,2022-08-01T10:01:00-04:00,3.3499999999999943,5047.040000000012,1629.0,2022-08-02T12:40:00-04:00,1.8999999999999986,7947.040000000004,1630.0,2022-08-02T12:41:00-04:00,1.9499999999999957,7847.040000000009,1631.0,2022-08-02T12:42:00-04:00,1.8000000000000007,8147.04,1630.0,2022-08-02T12:41:00-04:00,1.9499999999999957,7847.040000000009,2894.0,2022-08-03T09:45:00-04:00,0.09999999999999787,11547.040000000006,2909.0,2022-08-03T10:00:00-04:00,0.8499999999999996,10047.040000000003,2915.0,2022-08-03T10:06:00-04:00,0.5,10747.04,2895.0,2022-08-03T09:46:00-04:00,1.7500000000000036,8247.039999999994,2894.0,2022-08-03T09:45:00-04:00,0.09999999999999787,11547.040000000006,2921.0,2022-08-03T10:12:00-04:00,0.2999999999999998,11147.040000000003,2922.0,2022-08-03T10:13:00-04:00,0.40000000000000036,10947.04,2895.0,2022-08-03T09:46:00-04:00,1.7500000000000036,8247.039999999994,433
2022-08-01,2022-08-03,2,7.0,2022-08-01T09:31:00-04:00,7.0,NDXP  220803P13060000,NDXP  220803P13050000,development,False,False,0,0,0,2,0,1197,available,False,2022-08-01T09:31:00-04:00,2022-08-03T16:00:00-04:00,9.875,-6002.960000000001,0.0,last_observed_quote_not_settlement,1036.0,193,101,7.550000000000011,-1352.960000000022,2022-08-01T09:32:00-04:00,0.0,7.399999999999977,-1052.9599999999539,2022-08-01T09:33:00-04:00,0.0,6.899999999999977,-52.959999999953816,2022-08-01T09:36:00-04:00,0.0,6.400000000000034,947.0399999999324,2022-08-01T09:41:00-04:00,0.0,6.400000000000034,947.0399999999324,2022-08-01T09:46:00-04:00,0.0,5.600000000000023,2547.0399999999554,2022-08-01T10:01:00-04:00,0.0,5.599999999999966,2547.040000000069,2022-08-01T10:31:00-04:00,0.0,5.800000000000011,2147.039999999978,2022-08-01T11:31:00-04:00,0.0,6.550000000000011,647.0399999999779,2022-08-01T16:00:00-04:00,0.0,7.650000000000006,-1552.9600000000107,2022-08-02T16:00:00-04:00,0.0,9.875,-6002.960000000001,2022-08-03T16:00:00-04:00,0.0,,,,,32.0,hit,35.0,hit,35.0,hit,2913.0,hit,2981.0,hit,3012.0,hit,3051.0,hit,1.0,hit,1453.0,hit,0.0,hit,1453.0,hit,3259.0,hit,3259.0,hit,8.850000000000023,192,True,True,False,False,,8.850000000000023,192,True,True,False,False,,8.850000000000023,192,True,True,False,False,,8.850000000000023,192,True,True,False,False,,2914.0,2022-08-03T10:05:00-04:00,2.899999999999995,7947.040000000011,2915.0,2022-08-03T10:06:00-04:00,2.450000000000003,8847.039999999995,2916.0,2022-08-03T10:07:00-04:00,2.25,9247.04,2915.0,2022-08-03T10:06:00-04:00,2.450000000000003,8847.039999999995,2981.0,2022-08-03T11:12:00-04:00,1.9499999999999993,9847.040000000003,2982.0,2022-08-03T11:13:00-04:00,1.5500000000000007,10647.04,2983.0,2022-08-03T11:14:00-04:00,1.4499999999999993,10847.040000000003,2982.0,2022-08-03T11:13:00-04:00,1.5500000000000007,10647.04,3012.0,2022-08-03T11:43:00-04:00,0.8500000000000005,12047.04,3017.0,2022-08-03T11:48:00-04:00,0.75,12247.04,3018.0,2022-08-03T11:49:00-04:00,0.7999999999999989,12147.040000000005,3013.0,2022-08-03T11:44:00-04:00,1.0,11747.04,3063.0,2022-08-03T12:34:00-04:00,0.3999999999999999,12947.04,3064.0,2022-08-03T12:35:00-04:00,0.375,12997.04,3065.0,2022-08-03T12:36:00-04:00,0.42500000000000027,12897.04,3064.0,2022-08-03T12:35:00-04:00,0.375,12997.04,434
2022-08-02,2022-08-05,3,5.0,2022-08-02T09:31:00-04:00,4.950000000000017,NDXP  220805P12870000,NDXP  220805P12860000,development,False,False,0,0,0,0,0,1605,available,False,2022-08-02T09:31:00-04:00,2022-08-05T16:00:00-04:00,0.0,9647.040000000035,0.0,last_observed_quote_not_settlement,1036.0,13,18,3.8999999999999773,1847.0400000000802,2022-08-02T09:32:00-04:00,0.0,6.449999999999989,-3252.9599999999423,2022-08-02T09:33:00-04:00,0.0,4.0,1647.0400000000348,2022-08-02T09:36:00-04:00,0.0,4.0,1647.0400000000348,2022-08-02T09:41:00-04:00,0.0,4.0,1647.0400000000348,2022-08-02T09:46:00-04:00,0.0,4.549999999999983,547.0400000000689,2022-08-02T10:01:00-04:00,0.0,4.2000000000000455,1247.0399999999438,2022-08-02T10:31:00-04:00,0.0,3.8999999999999773,1847.0400000000802,2022-08-02T11:31:00-04:00,0.0,4.200000000000017,1247.0400000000006,2022-08-02T16:00:00-04:00,0.0,0.9500000000000028,7747.040000000029,2022-08-03T16:00:00-04:00,0.0,0.2999999999999998,9047.040000000035,2022-08-04T16:00:00-04:00,0.0,0.0,9647.040000000035,2022-08-05T16:00:00-04:00,0.0,0.0,hit,0.0,hit,1.0,hit,16.0,hit,1473.0,hit,1636.0,hit,1819.0,hit,2.0,hit,2.0,hit,,never_hit,,never_hit,,never_hit,,never_hit,6.449999999999989,2,False,False,False,False,,6.700000000000017,13,False,False,False,False,,6.700000000000017,13,False,False,False,False,,6.700000000000017,13,False,False,False,False,,167.0,2022-08-02T12:18:00-04:00,2.9000000000000057,3847.0400000000236,168.0,2022-08-02T12:19:00-04:00,2.75,4147.0400000000345,169.0,2022-08-02T12:20:00-04:00,2.799999999999997,4047.040000000041,168.0,2022-08-02T12:19:00-04:00,2.75,4147.0400000000345,1474.0,2022-08-03T10:05:00-04:00,1.9000000000000057,5847.040000000024,1475.0,2022-08-03T10:06:00-04:00,1.9000000000000057,5847.040000000024,1476.0,2022-08-03T10:07:00-04:00,1.8000000000000043,6047.040000000026,1475.0,2022-08-03T10:06:00-04:00,1.9000000000000057,5847.040000000024,1665.0,2022-08-03T13:16:00-04:00,0.8999999999999986,7847.040000000037,1666.0,2022-08-03T13:17:00-04:00,0.9499999999999993,7747.040000000036,1667.0,2022-08-03T13:18:00-04:00,0.9000000000000021,7847.040000000031,1666.0,2022-08-03T13:17:00-04:00,0.9499999999999993,7747.040000000036,2912.0,2022-08-04T10:03:00-04:00,0.1999999999999993,9247.040000000037,3054.0,2022-08-04T12:25:00-04:00,0.4499999999999993,8747.040000000037,3127.0,2022-08-04T13:38:00-04:00,0.34999999999999964,8947.040000000037,2913.0,2022-08-04T10:04:00-04:00,0.6499999999999986,8347.040000000039,435
2022-08-02,2022-08-05,3,6.0,2022-08-02T09:31:00-04:00,6.099999999999966,NDXP  220805P13060000,NDXP  220805P13050000,development,False,False,0,0,0,1,0,1604,available,False,2022-08-02T09:31:00-04:00,2022-08-05T16:00:00-04:00,0.0,11947.039999999934,0.0,last_observed_quote_not_settlement,1036.0,160,82,6.550000000000011,-1152.9600000000903,2022-08-02T09:32:00-04:00,0.0,6.55000000000004,-1152.9600000001471,2022-08-02T09:33:00-04:00,0.0,6.5,-1052.9600000000676,2022-08-02T09:36:00-04:00,0.0,6.249999999999972,-552.9600000000107,2022-08-02T09:41:00-04:00,0.0,6.150000000000006,-352.9600000000789,2022-08-02T09:46:00-04:00,0.0,7.0,-2052.9600000000673,2022-08-02T10:01:00-04:00,0.0,6.550000000000011,-1152.9600000000903,2022-08-02T10:31:00-04:00,0.0,4.800000000000011,2347.03999999991,2022-08-02T11:31:00-04:00,0.0,6.300000000000011,-652.9600000000903,2022-08-02T16:00:00-04:00,0.0,2.049999999999997,7847.039999999938,2022-08-03T16:00:00-04:00,0.0,1.1499999999999986,9647.039999999935,2022-08-04T16:00:00-04:00,0.0,0.0,11947.039999999934,2022-08-05T16:00:00-04:00,0.0,3.0,hit,120.0,hit,162.0,hit,1568.0,hit,1733.0,hit,3225.0,hit,4363.0,hit,12.0,hit,29.0,hit,29.0,hit,,never_hit,,never_hit,,never_hit,7.850000000000023,159,True,False,False,False,,7.850000000000023,159,True,False,False,False,,7.850000000000023,159,True,False,False,False,,7.850000000000023,160,True,False,False,False,,1572.0,2022-08-03T11:43:00-04:00,2.8499999999999943,6247.039999999944,1586.0,2022-08-03T11:57:00-04:00,2.799999999999997,6347.039999999938,1587.0,2022-08-03T11:58:00-04:00,2.8500000000000085,6247.039999999915,1573.0,2022-08-03T11:44:00-04:00,3.0,5947.039999999933,1758.0,2022-08-03T14:49:00-04:00,1.8999999999999915,8147.039999999949,1814.0,2022-08-03T15:45:00-04:00,1.8500000000000085,8247.039999999917,2894.0,2022-08-04T09:45:00-04:00,1.749999999999993,8447.039999999948,1759.0,2022-08-03T14:50:00-04:00,2.1499999999999915,7647.03999999995,3229.0,2022-08-04T15:20:00-04:00,0.8999999999999986,10147.039999999935,4364.0,2022-08-05T10:15:00-04:00,0.45000000000000107,11047.039999999932,4365.0,2022-08-05T10:16:00-04:00,0.5999999999999996,10747.039999999934,3230.0,2022-08-04T15:21:00-04:00,1.0999999999999996,9747.039999999934,4363.0,2022-08-05T10:14:00-04:00,0.34999999999999964,11247.039999999934,4367.0,2022-08-05T10:18:00-04:00,0.40000000000000036,11147.039999999932,4542.0,2022-08-05T13:13:00-04:00,0.2999999999999998,11347.039999999934,4364.0,2022-08-05T10:15:00-04:00,0.45000000000000107,11047.039999999932,436
2022-08-02,2022-08-05,3,7.0,2022-08-02T09:31:00-04:00,6.949999999999989,NDXP  220805P13020000,NDXP  220805P13010000,development,False,False,0,0,0,2,0,1603,available,False,2022-08-02T09:31:00-04:00,2022-08-05T16:00:00-04:00,0.0,13647.039999999979,0.0,last_observed_quote_not_settlement,1036.0,2,5,6.100000000000023,1447.0399999999324,2022-08-02T09:32:00-04:00,0.0,6.949999999999989,-252.9599999999993,2022-08-02T09:33:00-04:00,0.0,6.150000000000034,1347.0399999999097,2022-08-02T09:36:00-04:00,0.0,6.100000000000023,1447.0399999999324,2022-08-02T09:41:00-04:00,0.0,5.850000000000023,1947.0399999999324,2022-08-02T09:46:00-04:00,0.0,5.800000000000011,2047.0399999999554,2022-08-02T10:01:00-04:00,0.0,6.050000000000011,1547.0399999999552,2022-08-02T10:31:00-04:00,0.0,6.299999999999983,1047.040000000012,2022-08-02T11:31:00-04:00,0.0,5.850000000000023,1947.0399999999324,2022-08-02T16:00:00-04:00,0.0,1.5999999999999943,10447.03999999999,2022-08-03T16:00:00-04:00,0.0,0.9000000000000004,11847.039999999979,2022-08-04T16:00:00-04:00,0.0,0.0,13647.039999999979,2022-08-05T16:00:00-04:00,0.0,9.0,hit,22.0,hit,174.0,hit,1475.0,hit,1639.0,hit,3071.0,hit,4324.0,hit,69.0,hit,69.0,hit,69.0,hit,69.0,hit,,never_hit,,never_hit,8.099999999999966,1,True,True,False,False,,8.099999999999966,1,True,True,False,False,,8.099999999999966,1,True,True,False,False,,8.099999999999966,1,True,True,False,False,,1544.0,2022-08-03T11:15:00-04:00,2.8499999999999943,7947.039999999989,1545.0,2022-08-03T11:16:00-04:00,2.799999999999997,8047.039999999984,1556.0,2022-08-03T11:27:00-04:00,2.750000000000014,8147.039999999949,1545.0,2022-08-03T11:16:00-04:00,2.799999999999997,8047.039999999984,1639.0,2022-08-03T12:50:00-04:00,1.9000000000000057,9847.039999999968,1642.0,2022-08-03T12:53:00-04:00,1.8999999999999986,9847.03999999998,1668.0,2022-08-03T13:19:00-04:00,1.8999999999999915,9847.039999999995,1640.0,2022-08-03T12:51:00-04:00,2.0,9647.039999999979,3207.0,2022-08-04T14:58:00-04:00,0.9499999999999993,11747.03999999998,3210.0,2022-08-04T15:01:00-04:00,0.9499999999999993,11747.03999999998,3211.0,2022-08-04T15:02:00-04:00,0.7999999999999989,12047.03999999998,3208.0,2022-08-04T14:59:00-04:00,0.9999999999999982,11647.039999999983,4324.0,2022-08-05T09:35:00-04:00,0.15000000000000213,13347.039999999975,4364.0,2022-08-05T10:15:00-04:00,0.42500000000000027,12797.039999999977,4365.0,2022-08-05T10:16:00-04:00,0.20000000000000018,13247.039999999979,4325.0,2022-08-05T09:36:00-04:00,2.25,9147.039999999979,437
2022-08-03,2022-08-05,2,5.0,2022-08-03T09:31:00-04:00,5.200000000000017,NDXP  220805P13050000,NDXP  220805P13040000,development,False,False,0,0,0,14,0,1186,available,False,2022-08-03T09:31:00-04:00,2022-08-05T16:00:00-04:00,0.0,10147.040000000035,0.0,last_observed_quote_not_settlement,1036.0,7,7,5.249999999999972,-352.95999999990835,2022-08-03T09:32:00-04:00,0.0,5.299999999999983,-452.9599999999311,2022-08-03T09:33:00-04:00,0.0,4.649999999999977,847.0400000000802,2022-08-03T09:36:00-04:00,0.0,4.049999999999997,2047.0400000000404,2022-08-03T09:41:00-04:00,0.0,4.500000000000028,1147.039999999978,2022-08-03T09:46:00-04:00,0.0,4.349999999999994,1447.0400000000461,2022-08-03T10:01:00-04:00,0.0,4.200000000000003,1747.040000000029,2022-08-03T10:31:00-04:00,0.0,3.25,3647.040000000035,2022-08-03T11:31:00-04:00,0.0,2.3500000000000014,5447.040000000032,2022-08-03T16:00:00-04:00,0.0,0.9499999999999993,8247.040000000037,2022-08-04T16:00:00-04:00,0.0,0.0,10147.040000000035,2022-08-05T16:00:00-04:00,0.0,,,,,0.0,hit,5.0,hit,8.0,hit,117.0,hit,205.0,hit,379.0,hit,379.0,hit,29.0,hit,,never_hit,,never_hit,,never_hit,,never_hit,,never_hit,5.950000000000017,7,False,False,False,False,,5.950000000000017,7,False,False,False,False,,5.950000000000017,7,False,False,False,False,,5.950000000000017,7,False,False,False,False,,127.0,2022-08-03T11:38:00-04:00,2.9499999999999886,4247.040000000057,130.0,2022-08-03T11:41:00-04:00,2.9000000000000057,4347.040000000024,131.0,2022-08-03T11:42:00-04:00,2.9000000000000057,4347.040000000024,128.0,2022-08-03T11:39:00-04:00,3.049999999999997,4047.040000000041,228.0,2022-08-03T13:19:00-04:00,1.8999999999999915,6347.040000000052,372.0,2022-08-03T15:43:00-04:00,1.9000000000000057,6347.040000000024,373.0,2022-08-03T15:44:00-04:00,1.8999999999999915,6347.040000000052,229.0,2022-08-03T13:20:00-04:00,2.25,5647.0400000000345,379.0,2022-08-03T15:50:00-04:00,0.0,10147.040000000035,2924.0,2022-08-05T10:15:00-04:00,0.8499999999999996,8447.040000000037,2925.0,2022-08-05T10:16:00-04:00,0.42500000000000027,9297.040000000034,380.0,2022-08-03T15:51:00-04:00,1.8999999999999986,6347.040000000037,379.0,2022-08-03T15:50:00-04:00,0.0,10147.040000000035,2932.0,2022-08-05T10:23:00-04:00,0.4000000000000008,9347.040000000034,2933.0,2022-08-05T10:24:00-04:00,0.3999999999999999,9347.040000000035,380.0,2022-08-03T15:51:00-04:00,1.8999999999999986,6347.040000000037,438
2022-08-03,2022-08-05,2,6.0,2022-08-03T09:31:00-04:00,6.049999999999983,NDXP  220805P13130000,NDXP  220805P13120000,development,False,False,0,0,0,0,0,1200,available,False,2022-08-03T09:31:00-04:00,2022-08-05T16:00:00-04:00,0.0,11847.039999999968,0.0,last_observed_quote_not_settlement,1036.0,13,13,6.100000000000023,-352.9600000000789,2022-08-03T09:32:00-04:00,0.0,5.899999999999977,47.04000000001208,2022-08-03T09:33:00-04:00,0.0,5.949999999999989,-52.96000000001066,2022-08-03T09:36:00-04:00,0.0,5.350000000000023,1147.039999999921,2022-08-03T09:41:00-04:00,0.0,5.5,847.0399999999665,2022-08-03T09:46:00-04:00,0.0,5.349999999999994,1147.039999999978,2022-08-03T10:01:00-04:00,0.0,5.5,847.0399999999665,2022-08-03T10:31:00-04:00,0.0,3.9000000000000057,4047.0399999999554,2022-08-03T11:31:00-04:00,0.0,3.0500000000000043,5747.039999999958,2022-08-03T16:00:00-04:00,0.0,1.8000000000000007,8247.039999999966,2022-08-04T16:00:00-04:00,0.0,0.0,11847.039999999968,2022-08-05T16:00:00-04:00,0.0,,,,,3.0,hit,26.0,hit,27.0,hit,87.0,hit,379.0,hit,2933.0,hit,3243.0,hit,2999.0,hit,,never_hit,,never_hit,,never_hit,,never_hit,,never_hit,6.199999999999989,4,False,False,False,False,,6.199999999999989,4,False,False,False,False,,6.199999999999989,4,False,False,False,False,,6.849999999999994,13,False,False,False,False,,87.0,2022-08-03T10:58:00-04:00,2.450000000000003,6947.039999999961,224.0,2022-08-03T13:15:00-04:00,2.799999999999997,6247.039999999973,239.0,2022-08-03T13:30:00-04:00,2.9499999999999886,5947.039999999989,88.0,2022-08-03T10:59:00-04:00,3.3499999999999943,5147.039999999978,379.0,2022-08-03T15:50:00-04:00,1.6499999999999986,8547.03999999997,1771.0,2022-08-04T15:02:00-04:00,1.9499999999999957,7947.039999999975,1778.0,2022-08-04T15:09:00-04:00,1.9000000000000021,8047.039999999963,380.0,2022-08-03T15:51:00-04:00,2.5500000000000043,6747.039999999958,3238.0,2022-08-05T15:29:00-04:00,0.9250000000000003,9997.039999999966,3239.0,2022-08-05T15:30:00-04:00,0.7750000000000001,10297.039999999966,3240.0,2022-08-05T15:31:00-04:00,0.8999999999999999,10047.039999999966,3239.0,2022-08-05T15:30:00-04:00,0.7750000000000001,10297.039999999966,3254.0,2022-08-05T15:45:00-04:00,0.29999999999999993,11247.039999999968,3255.0,2022-08-05T15:46:00-04:00,0.09999999999999998,11647.039999999966,3256.0,2022-08-05T15:47:00-04:00,0.050000000000000044,11747.039999999968,3255.0,2022-08-05T15:46:00-04:00,0.09999999999999998,11647.039999999966,439
2022-08-03,2022-08-05,2,7.0,2022-08-03T09:31:00-04:00,7.0,NDXP  220805P13260000,NDXP  220805P13250000,development,False,False,0,0,0,21,0,1179,available,False,2022-08-03T09:31:00-04:00,2022-08-05T15:58:00-04:00,9.899999999999999,-6052.959999999998,2.0,last_observed_quote_not_settlement,1036.0,308,57,7.649999999999977,-1552.9599999999539,2022-08-03T09:32:00-04:00,0.0,7.25,-752.9599999999994,2022-08-03T09:33:00-04:00,0.0,7.399999999999977,-1052.9599999999539,2022-08-03T09:36:00-04:00,0.0,6.900000000000006,-52.96000000001066,2022-08-03T09:41:00-04:00,0.0,7.049999999999983,-352.9599999999652,2022-08-03T09:46:00-04:00,0.0,7.100000000000023,-452.9600000000448,2022-08-03T10:01:00-04:00,0.0,6.599999999999994,547.040000000012,2022-08-03T10:31:00-04:00,0.0,5.949999999999989,1847.0400000000234,2022-08-03T11:31:00-04:00,0.0,5.5,2747.040000000001,2022-08-03T16:00:00-04:00,0.0,3.549999999999997,6647.040000000006,2022-08-04T16:00:00-04:00,0.0,,,2022-08-05T15:58:00-04:00,120.0,,,,,39.0,hit,39.0,hit,188.0,hit,1631.0,hit,,never_hit,,never_hit,,never_hit,1.0,hit,21.0,hit,0.0,hit,21.0,hit,2960.0,hit,2994.0,hit,8.150000000000006,31,True,True,False,False,,,,True,True,True,False,4.75,,,True,True,True,False,4.75,,,True,True,True,False,4.75,1631.0,2022-08-04T12:42:00-04:00,2.25,9247.04,1832.0,2022-08-04T16:03:00-04:00,2.9499999999999957,7847.040000000009,,,,,1632.0,2022-08-04T12:43:00-04:00,4.450000000000003,4847.039999999995,,,,,,,,,,,,,,,,,,,,,,,,,,,,,,,,,,,,,,,,,,,,,,,,,440
2022-08-05,2022-08-08,3,5.0,2022-08-05T09:31:00-04:00,5.0,NDXP  220808P13660000,NDXP  220808P13650000,development,False,False,0,0,0,263,0,532,available,False,2022-08-05T09:31:00-04:00,2022-08-08T16:00:00-04:00,10.0,-10152.96,0.0,last_observed_quote_not_settlement,3916.0,352,2,9.600000000000023,-9452.960000000046,2022-08-05T09:32:00-04:00,0.0,,,2022-08-05T09:32:00-04:00,60.0,8.699999999999989,-7652.959999999978,2022-08-05T09:36:00-04:00,0.0,10.0,-10152.96,2022-08-05T09:41:00-04:00,0.0,,,2022-08-05T09:45:00-04:00,60.0,,,2022-08-05T10:00:00-04:00,60.0,9.850000000000023,-9952.960000000046,2022-08-05T10:31:00-04:00,0.0,,,2022-08-05T11:30:00-04:00,60.0,,,2022-08-05T15:59:00-04:00,60.0,,,2022-08-05T16:15:00-04:00,85500.0,,,2022-08-05T16:15:00-04:00,171900.0,10.0,-10152.96,2022-08-08T16:00:00-04:00,0.0,0.0,hit,0.0,hit,36.0,hit,36.0,hit,,never_hit,,never_hit,,never_hit,1.0,hit,1.0,hit,1.0,hit,1.0,hit,1.0,hit,1.0,hit,10.0,15,True,True,True,True,,,,True,True,True,False,2.0499999999999545,,,True,True,True,False,2.0499999999999545,,,True,True,True,False,2.0499999999999545,,,,,,,,,,,,,,,,,,,,,,,,,,,,,,,,,,,,,,,,,,,,,,,,,,,,,,,,,,,,,,,,,441
2022-08-05,2022-08-08,3,6.0,2022-08-05T09:31:00-04:00,6.0,NDXP  220808P13210000,NDXP  220808P13200000,development,False,False,0,0,0,5,0,790,available,False,2022-08-05T09:31:00-04:00,2022-08-08T16:00:00-04:00,9.149999999999999,-6552.959999999998,0.0,last_observed_quote_not_settlement,3916.0,252,55,5.400000000000034,947.0399999999324,2022-08-05T09:32:00-04:00,0.0,5.650000000000006,447.03999999998933,2022-08-05T09:33:00-04:00,0.0,5.800000000000011,147.03999999997797,2022-08-05T09:36:00-04:00,0.0,4.849999999999994,2047.0400000000122,2022-08-05T09:41:00-04:00,0.0,5.800000000000011,147.03999999997797,2022-08-05T09:46:00-04:00,0.0,4.299999999999983,3147.040000000035,2022-08-05T10:01:00-04:00,0.0,4.0,3747.040000000001,2022-08-05T10:31:00-04:00,0.0,6.950000000000017,-2152.9600000000332,2022-08-05T11:31:00-04:00,0.0,4.500000000000014,2747.039999999972,2022-08-05T16:00:00-04:00,0.0,,,2022-08-05T16:15:00-04:00,85500.0,,,2022-08-05T16:15:00-04:00,171900.0,9.149999999999999,-6552.959999999998,2022-08-08T16:00:00-04:00,0.0,1.0,hit,8.0,hit,45.0,hit,4323.0,hit,4332.0,hit,4347.0,hit,,never_hit,91.0,hit,121.0,hit,121.0,hit,4485.0,hit,4595.0,hit,4616.0,hit,7.500000000000028,74,True,False,False,False,,7.500000000000028,74,True,False,False,False,,7.500000000000028,74,True,False,False,False,,,,True,True,True,False,5.4,4323.0,2022-08-08T09:34:00-04:00,2.3000000000000043,7147.039999999992,4324.0,2022-08-08T09:35:00-04:00,2.6000000000000014,6547.039999999998,4325.0,2022-08-08T09:36:00-04:00,2.8500000000000014,6047.039999999998,4324.0,2022-08-08T09:35:00-04:00,2.6000000000000014,6547.039999999998,4332.0,2022-08-08T09:43:00-04:00,1.6999999999999975,8347.040000000006,4333.0,2022-08-08T09:44:00-04:00,1.8000000000000025,8147.039999999996,4334.0,2022-08-08T09:45:00-04:00,1.3000000000000025,9147.039999999997,4333.0,2022-08-08T09:44:00-04:00,1.8000000000000025,8147.039999999996,4347.0,2022-08-08T09:58:00-04:00,0.9499999999999993,9847.040000000003,4390.0,2022-08-08T10:41:00-04:00,0.75,10247.04,,,,,4348.0,2022-08-08T09:59:00-04:00,1.200000000000001,9347.039999999999,,,,,,,,,,,,,,,,,442
2022-08-05,2022-08-08,3,7.0,2022-08-05T09:31:00-04:00,6.9500000000000455,NDXP  220808P13730000,NDXP  220808P13720000,development,False,False,0,0,0,210,0,585,available,False,2022-08-05T09:31:00-04:00,2022-08-08T16:00:00-04:00,10.0,-6252.959999999909,0.0,last_observed_quote_not_settlement,3919.0,441,2,,,2022-08-05T09:31:00-04:00,60.0,9.099999999999909,-4552.959999999728,2022-08-05T09:33:00-04:00,0.0,9.350000000000136,-5052.960000000183,2022-08-05T09:36:00-04:00,0.0,10.0,-6252.959999999909,2022-08-05T09:41:00-04:00,0.0,8.200000000000045,-2752.960000000001,2022-08-05T09:46:00-04:00,0.0,8.699999999999932,-3752.9599999997736,2022-08-05T10:01:00-04:00,0.0,10.0,-6252.959999999909,2022-08-05T10:31:00-04:00,0.0,9.549999999999955,-5452.959999999819,2022-08-05T11:31:00-04:00,0.0,10.0,-6252.959999999909,2022-08-05T16:00:00-04:00,0.0,,,2022-08-05T16:15:00-04:00,85500.0,,,2022-08-05T16:15:00-04:00,171900.0,10.0,-6252.959999999909,2022-08-08T16:00:00-04:00,0.0,,never_hit,,never_hit,,never_hit,,never_hit,,never_hit,,never_hit,,never_hit,2.0,hit,2.0,hit,2.0,hit,2.0,hit,2.0,hit,4.0,hit,,,True,True,True,False,0.9500000000000455,,,True,True,True,False,0.9500000000000455,,,True,True,True,False,0.9500000000000455,,,True,True,True,False,0.9500000000000455,,,,,,,,,,,,,,,,,,,,,,,,,,,,,,,,,,,,,,,,,,,,,,,,,,,,,,,,,,,,,,,,,443
2022-08-08,2022-08-10,2,5.0,2022-08-08T09:31:00-04:00,5.050000000000011,NDXP  220810P13280000,NDXP  220810P13270000,development,False,False,0,0,0,1,0,1199,available,False,2022-08-08T09:31:00-04:00,2022-08-10T16:00:00-04:00,0.125,9597.040000000025,0.0,last_observed_quote_not_settlement,1036.0,701,35,4.75,347.04000000002344,2022-08-08T09:32:00-04:00,0.0,4.75,347.04000000002344,2022-08-08T09:33:00-04:00,0.0,3.8999999999999773,2047.040000000069,2022-08-08T09:36:00-04:00,0.0,4.099999999999994,1647.0400000000348,2022-08-08T09:41:00-04:00,0.0,4.0,1847.0400000000234,2022-08-08T09:46:00-04:00,0.0,3.799999999999997,2247.040000000029,2022-08-08T10:01:00-04:00,0.0,3.750000000000014,2347.039999999995,2022-08-08T10:31:00-04:00,0.0,5.899999999999977,-1952.9599999999311,2022-08-08T11:31:00-04:00,0.0,6.150000000000006,-2452.9599999999878,2022-08-08T16:00:00-04:00,0.0,8.150000000000034,-6452.960000000046,2022-08-09T16:00:00-04:00,0.0,0.125,9597.040000000025,2022-08-10T16:00:00-04:00,0.0,,,,,0.0,hit,1.0,hit,5.0,hit,20.0,hit,3023.0,hit,3139.0,hit,3229.0,hit,114.0,hit,115.0,hit,169.0,hit,1441.0,hit,1473.0,hit,1693.0,hit,5.050000000000011,0,False,False,False,False,,9.600000000000023,701,True,True,True,True,,9.600000000000023,701,True,True,True,True,,9.600000000000023,701,True,True,True,True,,2973.0,2022-08-10T11:04:00-04:00,2.75,4347.040000000024,2974.0,2022-08-10T11:05:00-04:00,2.549999999999997,4747.040000000029,2975.0,2022-08-10T11:06:00-04:00,2.349999999999998,5147.040000000027,2974.0,2022-08-10T11:05:00-04:00,2.549999999999997,4747.040000000029,3023.0,2022-08-10T11:54:00-04:00,1.8999999999999986,6047.040000000026,3024.0,2022-08-10T11:55:00-04:00,1.9000000000000004,6047.040000000023,3025.0,2022-08-10T11:56:00-04:00,1.8000000000000007,6247.040000000022,3024.0,2022-08-10T11:55:00-04:00,1.9000000000000004,6047.040000000023,3139.0,2022-08-10T13:50:00-04:00,0.8999999999999999,8047.040000000023,3140.0,2022-08-10T13:51:00-04:00,0.9249999999999998,7997.040000000024,3187.0,2022-08-10T14:38:00-04:00,0.9250000000000003,7997.040000000022,3140.0,2022-08-10T13:51:00-04:00,0.9249999999999998,7997.040000000024,3232.0,2022-08-10T15:23:00-04:00,0.40000000000000013,9047.040000000023,3233.0,2022-08-10T15:24:00-04:00,0.35,9147.040000000023,3234.0,2022-08-10T15:25:00-04:00,0.32499999999999984,9197.040000000025,3233.0,2022-08-10T15:24:00-04:00,0.35,9147.040000000023,444
2022-08-08,2022-08-10,2,6.0,2022-08-08T09:31:00-04:00,6.0,NDXP  220810P13370000,NDXP  220810P13360000,development,False,False,0,0,0,8,0,1192,available,False,2022-08-08T09:31:00-04:00,2022-08-10T16:00:00-04:00,8.875,-6002.960000000001,0.0,last_observed_quote_not_settlement,1037.0,924,54,5.75,247.04000000000067,2022-08-08T09:32:00-04:00,0.0,5.600000000000023,547.0399999999552,2022-08-08T09:33:00-04:00,0.0,5.400000000000006,947.0399999999893,2022-08-08T09:36:00-04:00,0.0,4.950000000000017,1847.0399999999665,2022-08-08T09:41:00-04:00,0.0,4.200000000000017,3347.0399999999668,2022-08-08T09:46:00-04:00,0.0,4.5,2747.040000000001,2022-08-08T10:01:00-04:00,0.0,4.300000000000011,3147.039999999978,2022-08-08T10:31:00-04:00,0.0,5.649999999999977,447.0400000000462,2022-08-08T11:31:00-04:00,0.0,7.5,-3252.959999999999,2022-08-08T16:00:00-04:00,0.0,8.850000000000023,-5952.960000000046,2022-08-09T16:00:00-04:00,0.0,8.875,-6002.960000000001,2022-08-10T16:00:00-04:00,0.0,,,,,4.0,hit,8.0,hit,32.0,hit,3254.0,hit,3264.0,hit,,never_hit,,never_hit,83.0,hit,163.0,hit,163.0,hit,322.0,hit,1447.0,hit,1484.0,hit,10.0,921,True,True,True,True,,10.0,924,True,True,True,True,,,,True,True,True,False,4.325,,,True,True,True,False,4.325,3254.0,2022-08-10T15:45:00-04:00,2.9499999999999997,5847.040000000001,3255.0,2022-08-10T15:46:00-04:00,2.7,6347.04,3256.0,2022-08-10T15:47:00-04:00,2.3499999999999996,7047.040000000002,3255.0,2022-08-10T15:46:00-04:00,2.7,6347.04,3264.0,2022-08-10T15:55:00-04:00,1.6749999999999998,8397.040000000003,,,,,,,,,3265.0,2022-08-10T15:56:00-04:00,2.2750000000000004,7197.04,,,,,,,,,,,,,,,,,,,,,,,,,,,,,,,,,445
2022-08-08,2022-08-10,2,7.0,2022-08-08T09:31:00-04:00,7.099999999999994,NDXP  220810P13430000,NDXP  220810P13420000,development,False,False,0,0,0,37,0,1163,available,False,2022-08-08T09:31:00-04:00,2022-08-10T15:59:00-04:00,9.900000000000006,-5852.960000000024,1.0,last_observed_quote_not_settlement,1036.0,963,36,6.75,447.03999999998933,2022-08-08T09:32:00-04:00,0.0,6.300000000000011,1347.0399999999665,2022-08-08T09:33:00-04:00,0.0,6.800000000000011,347.0399999999666,2022-08-08T09:36:00-04:00,0.0,5.300000000000011,3347.0399999999668,2022-08-08T09:41:00-04:00,0.0,5.600000000000023,2747.039999999944,2022-08-08T09:46:00-04:00,0.0,4.899999999999977,4147.0400000000345,2022-08-08T10:01:00-04:00,0.0,5.550000000000011,2847.0399999999668,2022-08-08T10:31:00-04:00,0.0,6.299999999999983,1347.0400000000234,2022-08-08T11:31:00-04:00,0.0,7.9500000000000455,-1952.9600000001035,2022-08-08T16:00:00-04:00,0.0,8.050000000000068,-2152.9600000001487,2022-08-09T16:00:00-04:00,0.0,,,2022-08-10T15:59:00-04:00,60.0,,,,,8.0,hit,27.0,hit,,never_hit,,never_hit,,never_hit,,never_hit,,never_hit,136.0,hit,158.0,hit,0.0,hit,158.0,hit,205.0,hit,205.0,hit,,,True,True,True,False,2.8500000000000227,,,True,True,True,False,2.8500000000000227,,,True,True,True,False,2.8500000000000227,,,True,True,True,False,2.8500000000000227,,,,,,,,,,,,,,,,,,,,,,,,,,,,,,,,,,,,,,,,,,,,,,,,,,,,,,,,,,,,,,,,,446
2022-08-09,2022-08-12,3,5.0,2022-08-09T09:31:00-04:00,5.050000000000011,NDXP  220812P13120000,NDXP  220812P13110000,development,False,False,0,0,0,3,0,1602,available,False,2022-08-09T09:31:00-04:00,2022-08-12T16:00:00-04:00,0.0,9847.040000000025,0.0,last_observed_quote_not_settlement,1036.0,395,16,6.099999999999994,-2352.959999999965,2022-08-09T09:32:00-04:00,0.0,5.849999999999994,-1852.9599999999652,2022-08-09T09:33:00-04:00,0.0,5.800000000000011,-1752.9599999999994,2022-08-09T09:36:00-04:00,0.0,5.850000000000023,-1852.960000000022,2022-08-09T09:41:00-04:00,0.0,5.799999999999983,-1752.9599999999425,2022-08-09T09:46:00-04:00,0.0,6.300000000000011,-2752.959999999999,2022-08-09T10:01:00-04:00,0.0,5.849999999999994,-1852.9599999999652,2022-08-09T10:31:00-04:00,0.0,5.700000000000017,-1552.9600000000107,2022-08-09T11:31:00-04:00,0.0,4.799999999999983,247.04000000005752,2022-08-09T16:00:00-04:00,0.0,1.3500000000000014,7147.040000000021,2022-08-10T16:00:00-04:00,0.0,1.5,6847.040000000024,2022-08-11T16:00:00-04:00,0.0,0.0,9847.040000000025,2022-08-12T16:00:00-04:00,0.0,0.0,hit,8.0,hit,1440.0,hit,1440.0,hit,1535.0,hit,2880.0,hit,2883.0,hit,1.0,hit,1.0,hit,,never_hit,,never_hit,,never_hit,,never_hit,6.650000000000006,395,False,False,False,False,,6.650000000000006,395,False,False,False,False,,6.650000000000006,395,False,False,False,False,,6.650000000000006,395,False,False,False,False,,1440.0,2022-08-10T09:31:00-04:00,2.8000000000000043,4247.0400000000145,1456.0,2022-08-10T09:47:00-04:00,2.8999999999999986,4047.0400000000263,1457.0,2022-08-10T09:48:00-04:00,2.8499999999999943,4147.0400000000345,1441.0,2022-08-10T09:32:00-04:00,2.950000000000003,3947.0400000000177,1535.0,2022-08-10T11:06:00-04:00,1.6499999999999986,6547.040000000026,1539.0,2022-08-10T11:10:00-04:00,1.9499999999999957,5947.040000000032,1580.0,2022-08-10T11:51:00-04:00,1.8999999999999986,6047.040000000026,1536.0,2022-08-10T11:07:00-04:00,2.0500000000000043,5747.0400000000145,2880.0,2022-08-11T09:31:00-04:00,0.6500000000000004,8547.040000000023,2881.0,2022-08-11T09:32:00-04:00,0.8000000000000007,8247.040000000023,2882.0,2022-08-11T09:33:00-04:00,0.6999999999999993,8447.040000000026,2881.0,2022-08-11T09:32:00-04:00,0.8000000000000007,8247.040000000023,2883.0,2022-08-11T09:34:00-04:00,0.3999999999999986,9047.040000000026,2916.0,2022-08-11T10:07:00-04:00,0.40000000000000036,9047.040000000023,2917.0,2022-08-11T10:08:00-04:00,0.40000000000000036,9047.040000000023,2884.0,2022-08-11T09:35:00-04:00,1.0,7847.040000000024,447
2022-08-09,2022-08-12,3,6.0,2022-08-09T09:31:00-04:00,6.049999999999983,NDXP  220812P13210000,NDXP  220812P13200000,development,False,False,0,0,0,36,0,1569,available,False,2022-08-09T09:31:00-04:00,2022-08-12T16:00:00-04:00,0.0,11847.039999999968,0.0,last_observed_quote_not_settlement,1036.0,396,13,9.0,-6152.9600000000355,2022-08-09T09:32:00-04:00,0.0,6.350000000000023,-852.9600000000789,2022-08-09T09:33:00-04:00,0.0,6.299999999999983,-752.9599999999994,2022-08-09T09:36:00-04:00,0.0,6.699999999999989,-1552.9600000000107,2022-08-09T09:41:00-04:00,0.0,6.200000000000017,-552.9600000000676,2022-08-09T09:46:00-04:00,0.0,7.25,-2652.9600000000332,2022-08-09T10:01:00-04:00,0.0,6.800000000000011,-1752.9600000000562,2022-08-09T10:31:00-04:00,0.0,6.550000000000011,-1252.9600000000562,2022-08-09T11:31:00-04:00,0.0,6.199999999999932,-552.959999999897,2022-08-09T16:00:00-04:00,0.0,2.200000000000003,7447.039999999961,2022-08-10T16:00:00-04:00,0.0,2.6999999999999957,6447.039999999975,2022-08-11T16:00:00-04:00,0.0,0.0,11847.039999999968,2022-08-12T16:00:00-04:00,0.0,12.0,hit,404.0,hit,1440.0,hit,1440.0,hit,1445.0,hit,1445.0,hit,2944.0,hit,1.0,hit,1.0,hit,1.0,hit,1.0,hit,1.0,hit,103.0,hit,9.699999999999989,396,True,True,True,True,,9.699999999999989,396,True,True,True,True,,9.699999999999989,396,True,True,True,True,,9.699999999999989,396,True,True,True,True,,1445.0,2022-08-10T09:36:00-04:00,1.0,9847.039999999968,1535.0,2022-08-10T11:06:00-04:00,2.8999999999999986,6047.039999999969,1577.0,2022-08-10T11:48:00-04:00,2.75,6347.039999999966,1446.0,2022-08-10T09:37:00-04:00,4.0,3847.0399999999668,1445.0,2022-08-10T09:36:00-04:00,1.0,9847.039999999968,2881.0,2022-08-11T09:32:00-04:00,1.1000000000000014,9647.039999999964,2882.0,2022-08-11T09:33:00-04:00,1.0999999999999979,9647.039999999972,1446.0,2022-08-10T09:37:00-04:00,4.0,3847.0399999999668,2897.0,2022-08-11T09:48:00-04:00,0.8499999999999979,10147.039999999972,2916.0,2022-08-11T10:07:00-04:00,0.8000000000000007,10247.039999999966,2917.0,2022-08-11T10:08:00-04:00,0.8000000000000007,10247.039999999966,2898.0,2022-08-11T09:49:00-04:00,1.1499999999999986,9547.03999999997,4360.0,2022-08-12T10:11:00-04:00,0.3250000000000002,11197.039999999966,4361.0,2022-08-12T10:12:00-04:00,0.40000000000000036,11047.039999999966,4369.0,2022-08-12T10:20:00-04:00,0.30000000000000027,11247.039999999966,4361.0,2022-08-12T10:12:00-04:00,0.40000000000000036,11047.039999999966,448
2022-08-09,2022-08-12,3,7.0,2022-08-09T09:31:00-04:00,7.0,NDXP  220812P13310000,NDXP  220812P13300000,development,False,False,0,0,0,15,0,1590,available,False,2022-08-09T09:31:00-04:00,2022-08-12T16:00:00-04:00,0.0,13747.04,0.0,last_observed_quote_not_settlement,1036.0,388,24,9.300000000000011,-4852.960000000024,2022-08-09T09:32:00-04:00,0.0,6.800000000000068,147.03999999986428,2022-08-09T09:33:00-04:00,0.0,7.0499999999999545,-352.95999999990835,2022-08-09T09:36:00-04:00,0.0,7.4500000000000455,-1152.9600000000903,2022-08-09T09:41:00-04:00,0.0,7.100000000000023,-452.9600000000448,2022-08-09T09:46:00-04:00,0.0,7.850000000000023,-1952.9600000000448,2022-08-09T10:01:00-04:00,0.0,7.850000000000023,-1952.9600000000448,2022-08-09T10:31:00-04:00,0.0,7.399999999999977,-1052.9599999999539,2022-08-09T11:31:00-04:00,0.0,7.649999999999977,-1552.9599999999539,2022-08-09T16:00:00-04:00,0.0,3.9000000000000057,5947.039999999989,2022-08-10T16:00:00-04:00,0.0,4.25,5247.040000000001,2022-08-11T16:00:00-04:00,0.0,0.0,13747.04,2022-08-12T16:00:00-04:00,0.0,103.0,hit,103.0,hit,1442.0,hit,1709.0,hit,2896.0,hit,2928.0,hit,4434.0,hit,1.0,hit,1.0,hit,0.0,hit,1.0,hit,1.0,hit,,never_hit,9.300000000000011,387,True,True,True,True,,9.300000000000011,387,True,True,True,True,,9.300000000000011,387,True,True,True,True,,9.300000000000011,388,True,True,True,True,,1709.0,2022-08-10T14:00:00-04:00,2.1000000000000085,9547.039999999985,2881.0,2022-08-11T09:32:00-04:00,2.549999999999997,8647.040000000008,2882.0,2022-08-11T09:33:00-04:00,2.3999999999999986,8947.040000000005,1710.0,2022-08-10T14:01:00-04:00,4.0,5747.040000000001,2903.0,2022-08-11T09:54:00-04:00,1.75,10247.04,2911.0,2022-08-11T10:02:00-04:00,1.6999999999999957,10347.04000000001,2912.0,2022-08-11T10:03:00-04:00,1.8000000000000007,10147.04,2904.0,2022-08-11T09:55:00-04:00,2.3500000000000085,9047.039999999985,2928.0,2022-08-11T10:19:00-04:00,0.8499999999999979,12047.040000000006,2929.0,2022-08-11T10:20:00-04:00,0.8499999999999979,12047.040000000006,4414.0,2022-08-12T11:05:00-04:00,0.7000000000000002,12347.04,2929.0,2022-08-11T10:20:00-04:00,0.8499999999999979,12047.040000000006,4435.0,2022-08-12T11:26:00-04:00,0.2999999999999998,13147.040000000003,4474.0,2022-08-12T12:05:00-04:00,0.2999999999999998,13147.040000000003,4475.0,2022-08-12T12:06:00-04:00,0.2999999999999998,13147.040000000003,4436.0,2022-08-12T11:27:00-04:00,0.5999999999999996,12547.040000000003,449
2022-08-10,2022-08-12,2,5.0,2022-08-10T09:31:00-04:00,4.949999999999989,NDXP  220812P13340000,NDXP  220812P13330000,development,False,False,0,0,0,1,0,1199,available,False,2022-08-10T09:31:00-04:00,2022-08-12T16:00:00-04:00,0.0,9647.039999999979,0.0,last_observed_quote_not_settlement,1036.0,265,77,5.150000000000006,-652.9600000000335,2022-08-10T09:32:00-04:00,0.0,5.299999999999983,-952.959999999988,2022-08-10T09:33:00-04:00,0.0,4.700000000000017,247.03999999994383,2022-08-10T09:36:00-04:00,0.0,5.599999999999994,-1552.9600000000107,2022-08-10T09:41:00-04:00,0.0,5.300000000000011,-952.9600000000448,2022-08-10T09:46:00-04:00,0.0,6.5,-3352.960000000022,2022-08-10T10:01:00-04:00,0.0,5.849999999999994,-2052.9600000000105,2022-08-10T10:31:00-04:00,0.0,4.5,647.0399999999779,2022-08-10T11:31:00-04:00,0.0,4.1499999999999915,1347.039999999995,2022-08-10T16:00:00-04:00,0.0,6.0,-2352.960000000022,2022-08-11T16:00:00-04:00,0.0,0.0,9647.039999999979,2022-08-12T16:00:00-04:00,0.0,,,,,0.0,hit,0.0,hit,105.0,hit,131.0,hit,1474.0,hit,2987.0,hit,3040.0,hit,6.0,hit,13.0,hit,13.0,hit,,never_hit,,never_hit,,never_hit,7.150000000000006,87,True,False,False,False,,7.150000000000006,160,True,False,False,False,,7.150000000000006,265,True,False,False,False,,7.150000000000006,265,True,False,False,False,,131.0,2022-08-10T11:42:00-04:00,2.799999999999997,4047.0399999999836,1441.0,2022-08-11T09:32:00-04:00,2.75,4147.039999999978,1442.0,2022-08-11T09:33:00-04:00,2.299999999999997,5047.039999999984,132.0,2022-08-10T11:43:00-04:00,4.75,147.03999999997797,1474.0,2022-08-11T10:05:00-04:00,1.9499999999999993,5747.039999999979,1475.0,2022-08-11T10:06:00-04:00,1.7999999999999972,6047.039999999984,1476.0,2022-08-11T10:07:00-04:00,1.8499999999999979,5947.039999999982,1475.0,2022-08-11T10:06:00-04:00,1.7999999999999972,6047.039999999984,2987.0,2022-08-12T11:18:00-04:00,0.9499999999999993,7747.039999999979,3001.0,2022-08-12T11:32:00-04:00,0.9000000000000004,7847.039999999977,3002.0,2022-08-12T11:33:00-04:00,0.7999999999999998,8047.039999999978,2988.0,2022-08-12T11:19:00-04:00,1.4000000000000004,6847.039999999977,3050.0,2022-08-12T12:21:00-04:00,0.44999999999999973,8747.039999999979,3051.0,2022-08-12T12:22:00-04:00,0.27500000000000036,9097.039999999979,3052.0,2022-08-12T12:23:00-04:00,0.35000000000000053,8947.039999999977,3051.0,2022-08-12T12:22:00-04:00,0.27500000000000036,9097.039999999979,450
2022-08-10,2022-08-12,2,6.0,2022-08-10T09:31:00-04:00,6.0,NDXP  220812P13440000,NDXP  220812P13430000,development,False,False,0,0,0,5,0,1195,available,False,2022-08-10T09:31:00-04:00,2022-08-12T16:00:00-04:00,0.024999999999999994,11697.04,0.0,last_observed_quote_not_settlement,1036.0,557,92,6.5,-1252.9599999999994,2022-08-10T09:32:00-04:00,0.0,6.5499999999999545,-1352.9599999999084,2022-08-10T09:33:00-04:00,0.0,7.0,-2252.959999999999,2022-08-10T09:36:00-04:00,0.0,6.900000000000006,-2052.9600000000105,2022-08-10T09:41:00-04:00,0.0,5.75,247.04000000000067,2022-08-10T09:46:00-04:00,0.0,6.099999999999994,-452.95999999998793,2022-08-10T10:01:00-04:00,0.0,7.25,-2752.959999999999,2022-08-10T10:31:00-04:00,0.0,6.150000000000006,-552.9600000000107,2022-08-10T11:31:00-04:00,0.0,5.800000000000011,147.03999999997797,2022-08-10T16:00:00-04:00,0.0,7.800000000000011,-3852.960000000022,2022-08-11T16:00:00-04:00,0.0,0.024999999999999994,11697.04,2022-08-12T16:00:00-04:00,0.0,,,,,347.0,hit,1440.0,hit,1440.0,hit,1474.0,hit,3105.0,hit,3178.0,hit,3184.0,hit,1.0,hit,4.0,hit,4.0,hit,50.0,hit,50.0,hit,,never_hit,9.0,330,True,True,True,True,,9.050000000000011,557,True,True,True,True,,9.050000000000011,557,True,True,True,True,,9.050000000000011,557,True,True,True,True,,1485.0,2022-08-11T10:16:00-04:00,2.9000000000000057,5947.039999999989,1486.0,2022-08-11T10:17:00-04:00,2.8999999999999915,5947.040000000018,1487.0,2022-08-11T10:18:00-04:00,2.8500000000000014,6047.039999999998,1486.0,2022-08-11T10:17:00-04:00,2.8999999999999915,5947.040000000018,3111.0,2022-08-12T13:22:00-04:00,1.6999999999999993,8347.040000000003,3112.0,2022-08-12T13:23:00-04:00,1.799999999999999,8147.040000000004,3142.0,2022-08-12T13:53:00-04:00,1.6500000000000004,8447.04,3112.0,2022-08-12T13:23:00-04:00,1.799999999999999,8147.040000000004,3179.0,2022-08-12T14:30:00-04:00,0.875,9997.04,3180.0,2022-08-12T14:31:00-04:00,0.7499999999999996,10247.04,3181.0,2022-08-12T14:32:00-04:00,0.7250000000000001,10297.04,3180.0,2022-08-12T14:31:00-04:00,0.7499999999999996,10247.04,3184.0,2022-08-12T14:35:00-04:00,0.42500000000000027,10897.04,3196.0,2022-08-12T14:47:00-04:00,0.30000000000000027,11147.04,3197.0,2022-08-12T14:48:00-04:00,0.375,10997.04,3185.0,2022-08-12T14:36:00-04:00,0.4500000000000002,10847.04,451
2022-08-10,2022-08-12,2,7.0,2022-08-10T09:31:00-04:00,7.0,NDXP  220812P13500000,NDXP  220812P13490000,development,False,False,0,0,0,3,0,1197,available,False,2022-08-10T09:31:00-04:00,2022-08-12T16:00:00-04:00,0.024999999999999994,13697.04,0.0,last_observed_quote_not_settlement,1036.0,617,175,7.200000000000017,-652.9600000000335,2022-08-10T09:32:00-04:00,0.0,7.2999999999999545,-852.9599999999084,2022-08-10T09:33:00-04:00,0.0,6.750000000000057,247.039999999887,2022-08-10T09:36:00-04:00,0.0,7.149999999999977,-552.9599999999539,2022-08-10T09:41:00-04:00,0.0,7.100000000000023,-452.9600000000448,2022-08-10T09:46:00-04:00,0.0,6.9500000000000455,-152.96000000009025,2022-08-10T10:01:00-04:00,0.0,7.699999999999989,-1652.9599999999766,2022-08-10T10:31:00-04:00,0.0,7.099999999999994,-452.95999999998793,2022-08-10T11:31:00-04:00,0.0,6.650000000000006,447.03999999998933,2022-08-10T16:00:00-04:00,0.0,8.550000000000011,-3352.9600000000237,2022-08-11T16:00:00-04:00,0.0,0.024999999999999994,13697.04,2022-08-12T16:00:00-04:00,0.0,,,,,1440.0,hit,1440.0,hit,1451.0,hit,3170.0,hit,3214.0,hit,3223.0,hit,3250.0,hit,9.0,hit,46.0,hit,0.0,hit,46.0,hit,51.0,hit,1762.0,hit,9.700000000000017,617,True,True,True,True,,9.700000000000017,617,True,True,True,True,,9.700000000000017,617,True,True,True,True,,9.700000000000017,617,True,True,True,True,,3170.0,2022-08-12T14:21:00-04:00,2.299999999999997,9147.040000000008,3177.0,2022-08-12T14:28:00-04:00,2.9499999999999993,7847.040000000002,3199.0,2022-08-12T14:50:00-04:00,2.2,9347.04,3171.0,2022-08-12T14:22:00-04:00,3.1999999999999993,7347.040000000002,3215.0,2022-08-12T15:06:00-04:00,1.5250000000000004,10697.04,3216.0,2022-08-12T15:07:00-04:00,1.375,10997.04,3217.0,2022-08-12T15:08:00-04:00,1.025,11697.04,3216.0,2022-08-12T15:07:00-04:00,1.375,10997.04,3223.0,2022-08-12T15:14:00-04:00,0.5749999999999997,12597.04,3224.0,2022-08-12T15:15:00-04:00,0.9000000000000001,11947.04,3225.0,2022-08-12T15:16:00-04:00,0.8250000000000002,12097.04,3224.0,2022-08-12T15:15:00-04:00,0.9000000000000001,11947.04,3250.0,2022-08-12T15:41:00-04:00,0.2999999999999998,13147.040000000003,3251.0,2022-08-12T15:42:00-04:00,0.0,13747.04,3252.0,2022-08-12T15:43:00-04:00,0.125,13497.04,3251.0,2022-08-12T15:42:00-04:00,0.0,13747.04,452
2022-08-12,2022-08-15,3,5.0,2022-08-12T09:31:00-04:00,5.0,NDXP  220815P13980000,NDXP  220815P13970000,development,False,False,0,0,0,227,0,568,available,False,2022-08-12T09:31:00-04:00,2022-08-15T16:00:00-04:00,10.0,-10152.96,0.0,last_observed_quote_not_settlement,3919.0,424,3,,,2022-08-12T09:31:00-04:00,60.0,,,2022-08-12T09:31:00-04:00,120.0,9.949999999999932,-10152.959999999865,2022-08-12T09:36:00-04:00,0.0,,,2022-08-12T09:40:00-04:00,60.0,9.950000000000045,-10152.96,2022-08-12T09:46:00-04:00,0.0,9.449999999999932,-9152.959999999865,2022-08-12T10:01:00-04:00,0.0,9.899999999999977,-10052.959999999955,2022-08-12T10:31:00-04:00,0.0,9.850000000000023,-9952.960000000046,2022-08-12T11:31:00-04:00,0.0,,,2022-08-12T15:59:00-04:00,60.0,,,2022-08-12T16:14:00-04:00,85560.0,,,2022-08-12T16:14:00-04:00,171960.0,10.0,-10152.96,2022-08-15T16:00:00-04:00,0.0,0.0,hit,0.0,hit,29.0,hit,29.0,hit,,never_hit,,never_hit,,never_hit,4.0,hit,4.0,hit,4.0,hit,4.0,hit,5.0,hit,5.0,hit,10.0,11,True,True,True,True,,,,True,True,True,False,2.2500000000001137,,,True,True,True,False,2.2500000000001137,,,True,True,True,False,2.2500000000001137,29.0,2022-08-12T10:00:00-04:00,2.7499999999998863,4247.040000000228,,,,,,,,,30.0,2022-08-12T10:01:00-04:00,9.449999999999932,-9152.959999999865,,,,,,,,,,,,,,,,,,,,,,,,,,,,,,,,,,,,,,,,,,,,,,,,,453
2022-08-12,2022-08-15,3,6.0,2022-08-12T09:31:00-04:00,6.000000000000028,NDXP  220815P13460000,NDXP  220815P13450000,development,False,False,0,0,0,3,0,792,available,False,2022-08-12T09:31:00-04:00,2022-08-15T16:00:00-04:00,0.0,11747.040000000059,0.0,last_observed_quote_not_settlement,3916.0,46,25,6.349999999999994,-952.9599999999311,2022-08-12T09:32:00-04:00,0.0,6.5,-1252.9599999999425,2022-08-12T09:33:00-04:00,0.0,6.650000000000006,-1552.9599999999539,2022-08-12T09:36:00-04:00,0.0,5.599999999999994,547.0400000000689,2022-08-12T09:41:00-04:00,0.0,5.700000000000003,347.04000000005186,2022-08-12T09:46:00-04:00,0.0,6.25,-752.9599999999425,2022-08-12T10:01:00-04:00,0.0,5.949999999999989,-152.95999999991972,2022-08-12T10:31:00-04:00,0.0,5.700000000000003,347.04000000005186,2022-08-12T11:31:00-04:00,0.0,2.549999999999997,6647.040000000064,2022-08-12T16:00:00-04:00,0.0,,,2022-08-12T16:15:00-04:00,85500.0,,,2022-08-12T16:15:00-04:00,171900.0,0.0,11747.040000000059,2022-08-15T16:00:00-04:00,0.0,40.0,hit,50.0,hit,212.0,hit,320.0,hit,4323.0,hit,4346.0,hit,4452.0,hit,3.0,hit,7.0,hit,7.0,hit,,never_hit,,never_hit,,never_hit,7.449999999999989,46,True,False,False,False,,7.449999999999989,46,True,False,False,False,,7.449999999999989,46,True,False,False,False,,7.449999999999989,46,True,False,False,False,,333.0,2022-08-12T15:04:00-04:00,2.8499999999999943,6047.040000000069,347.0,2022-08-12T15:18:00-04:00,2.9499999999999957,5847.040000000066,359.0,2022-08-12T15:30:00-04:00,2.9499999999999957,5847.040000000066,334.0,2022-08-12T15:05:00-04:00,3.1500000000000057,5447.040000000046,4323.0,2022-08-15T09:34:00-04:00,1.9499999999999993,7847.040000000059,4324.0,2022-08-15T09:35:00-04:00,1.8499999999999979,8047.040000000062,4325.0,2022-08-15T09:36:00-04:00,1.8999999999999986,7947.04000000006,4324.0,2022-08-15T09:35:00-04:00,1.8499999999999979,8047.040000000062,4442.0,2022-08-15T11:33:00-04:00,0.9499999999999993,9847.040000000059,4445.0,2022-08-15T11:36:00-04:00,0.7000000000000011,10347.040000000055,4446.0,2022-08-15T11:37:00-04:00,0.6999999999999997,10347.040000000057,4443.0,2022-08-15T11:34:00-04:00,0.9500000000000002,9847.040000000057,4452.0,2022-08-15T11:43:00-04:00,0.4249999999999998,10897.040000000059,4456.0,2022-08-15T11:47:00-04:00,0.42500000000000027,10897.040000000057,4457.0,2022-08-15T11:48:00-04:00,0.3500000000000001,11047.040000000057,4453.0,2022-08-15T11:44:00-04:00,0.47499999999999964,10797.040000000059,454
2022-08-12,2022-08-15,3,7.0,2022-08-12T09:31:00-04:00,7.050000000000068,NDXP  220815P13910000,NDXP  220815P13900000,development,False,False,0,0,0,256,0,539,available,False,2022-08-12T09:31:00-04:00,2022-08-15T16:00:00-04:00,10.0,-6052.959999999864,0.0,last_observed_quote_not_settlement,3916.0,362,5,,,2022-08-12T09:31:00-04:00,60.0,7.599999999999909,-1352.959999999681,2022-08-12T09:33:00-04:00,0.0,8.549999999999955,-3252.9599999997736,2022-08-12T09:36:00-04:00,0.0,,,2022-08-12T09:40:00-04:00,60.0,9.900000000000034,-5952.959999999933,2022-08-12T09:46:00-04:00,0.0,,,2022-08-12T10:00:00-04:00,60.0,,,2022-08-12T10:30:00-04:00,60.0,9.899999999999977,-5952.959999999819,2022-08-12T11:31:00-04:00,0.0,9.550000000000068,-5252.960000000001,2022-08-12T16:00:00-04:00,0.0,,,2022-08-12T16:15:00-04:00,85500.0,,,2022-08-12T16:15:00-04:00,171900.0,10.0,-6052.959999999864,2022-08-15T16:00:00-04:00,0.0,35.0,hit,35.0,hit,35.0,hit,,never_hit,,never_hit,,never_hit,,never_hit,2.0,hit,3.0,hit,0.0,hit,3.0,hit,3.0,hit,3.0,hit,,,True,True,True,False,3.550000000000068,,,True,True,True,False,3.550000000000068,,,True,True,True,False,3.550000000000068,,,True,True,True,False,3.550000000000068,,,,,,,,,,,,,,,,,,,,,,,,,,,,,,,,,,,,,,,,,,,,,,,,,,,,,,,,,,,,,,,,,455
2022-08-15,2022-08-17,2,5.0,2022-08-15T09:31:00-04:00,5.049999999999997,NDXP  220817P13570000,NDXP  220817P13560000,development,False,False,0,0,0,7,15,1193,available,False,2022-08-15T09:31:00-04:00,2022-08-17T15:59:00-04:00,8.449999999999989,-7052.959999999984,1.0,last_observed_quote_not_settlement,1036.0,457,63,5.949999999999989,-2052.9599999999823,2022-08-15T09:32:00-04:00,0.0,4.8500000000000085,147.03999999997797,2022-08-15T09:33:00-04:00,0.0,4.200000000000003,1447.0399999999893,2022-08-15T09:36:00-04:00,0.0,4.949999999999989,-52.95999999998224,2022-08-15T09:41:00-04:00,0.0,5.049999999999997,-252.9599999999993,2022-08-15T09:46:00-04:00,0.0,4.549999999999997,747.0400000000006,2022-08-15T10:01:00-04:00,0.0,5.0,-152.96000000000498,2022-08-15T10:31:00-04:00,0.0,4.5,847.039999999995,2022-08-15T11:31:00-04:00,0.0,3.3999999999999986,3047.0399999999977,2022-08-15T16:00:00-04:00,0.0,2.6499999999999986,4547.039999999998,2022-08-16T16:00:00-04:00,0.0,,,2022-08-17T15:59:00-04:00,60.0,,,,,0.0,hit,2.0,hit,25.0,hit,323.0,hit,1715.0,hit,,never_hit,,never_hit,1.0,hit,1488.0,hit,2884.0,hit,2884.0,hit,2884.0,hit,2948.0,hit,5.949999999999989,51,False,False,False,False,,6.550000000000011,90,False,False,False,False,,,,True,True,True,False,3.299999999999997,,,True,True,True,False,3.299999999999997,343.0,2022-08-15T15:14:00-04:00,2.8999999999999986,4047.039999999998,351.0,2022-08-15T15:22:00-04:00,2.8999999999999986,4047.039999999998,378.0,2022-08-15T15:49:00-04:00,2.799999999999997,4247.040000000001,344.0,2022-08-15T15:15:00-04:00,3.1999999999999886,3447.0400000000177,1719.0,2022-08-16T14:10:00-04:00,1.8500000000000014,6147.039999999992,1720.0,2022-08-16T14:11:00-04:00,1.8000000000000007,6247.039999999994,1721.0,2022-08-16T14:12:00-04:00,1.7500000000000036,6347.039999999988,1720.0,2022-08-16T14:11:00-04:00,1.8000000000000007,6247.039999999994,,,,,,,,,,,,,,,,,,,,,,,,,,,,,,,,,456
2022-08-15,2022-08-17,2,6.0,2022-08-15T09:31:00-04:00,6.000000000000028,NDXP  220817P13640000,NDXP  220817P13630000,development,False,False,0,0,0,15,15,1185,available,False,2022-08-15T09:31:00-04:00,2022-08-17T16:00:00-04:00,10.0,-8152.959999999943,0.0,last_observed_quote_not_settlement,1036.0,500,69,6.300000000000011,-852.9599999999652,2022-08-15T09:32:00-04:00,0.0,6.099999999999994,-452.9599999999311,2022-08-15T09:33:00-04:00,0.0,5.549999999999983,647.0400000000916,2022-08-15T09:36:00-04:00,0.0,6.25,-752.9599999999425,2022-08-15T09:41:00-04:00,0.0,6.25,-752.9599999999425,2022-08-15T09:46:00-04:00,0.0,5.450000000000017,847.0400000000234,2022-08-15T10:01:00-04:00,0.0,5.949999999999989,-152.95999999991972,2022-08-15T10:31:00-04:00,0.0,5.75,247.04000000005752,2022-08-15T11:31:00-04:00,0.0,3.8499999999999943,4047.040000000069,2022-08-15T16:00:00-04:00,0.0,4.25,3247.0400000000577,2022-08-16T16:00:00-04:00,0.0,10.0,-8152.959999999943,2022-08-17T16:00:00-04:00,0.0,,,,,24.0,hit,26.0,hit,141.0,hit,1577.0,hit,,never_hit,,never_hit,,never_hit,46.0,hit,1495.0,hit,99.0,hit,2880.0,hit,2888.0,hit,2898.0,hit,7.6499999999999915,134,True,False,False,False,,,,True,True,True,False,3.5000000000000284,,,True,True,True,False,3.5000000000000284,,,True,True,True,False,3.5000000000000284,1577.0,2022-08-16T11:48:00-04:00,2.5,6747.040000000057,,,,,,,,,1578.0,2022-08-16T11:49:00-04:00,4.799999999999997,2147.040000000063,,,,,,,,,,,,,,,,,,,,,,,,,,,,,,,,,,,,,,,,,,,,,,,,,457
2022-08-15,2022-08-17,2,7.0,2022-08-15T09:31:00-04:00,7.099999999999994,NDXP  220817P13690000,NDXP  220817P13680000,development,False,False,0,0,0,38,15,1162,available,False,2022-08-15T09:31:00-04:00,2022-08-17T15:58:00-04:00,9.800000000000011,-5652.9600000000355,2.0,last_observed_quote_not_settlement,1036.0,395,54,6.699999999999989,547.040000000012,2022-08-15T09:32:00-04:00,0.0,6.650000000000006,647.0399999999779,2022-08-15T09:33:00-04:00,0.0,6.350000000000023,1247.0399999999438,2022-08-15T09:36:00-04:00,0.0,6.800000000000011,347.0399999999666,2022-08-15T09:41:00-04:00,0.0,6.900000000000034,147.03999999992112,2022-08-15T09:46:00-04:00,0.0,6.099999999999994,1747.0400000000006,2022-08-15T10:01:00-04:00,0.0,7.5,-1052.9600000000107,2022-08-15T10:31:00-04:00,0.0,6.5,947.0399999999893,2022-08-15T11:31:00-04:00,0.0,4.750000000000014,4447.039999999961,2022-08-15T16:00:00-04:00,0.0,5.550000000000011,2847.0399999999668,2022-08-16T16:00:00-04:00,0.0,,,2022-08-17T15:58:00-04:00,120.0,,,,,145.0,hit,208.0,hit,385.0,hit,,never_hit,,never_hit,,never_hit,,never_hit,13.0,hit,1497.0,hit,0.0,hit,1497.0,hit,1497.0,hit,2893.0,hit,,,True,True,True,False,3.3999999999999915,,,True,True,True,False,3.3999999999999915,,,True,True,True,False,3.3999999999999915,,,True,True,True,False,3.3999999999999915,,,,,,,,,,,,,,,,,,,,,,,,,,,,,,,,,,,,,,,,,,,,,,,,,,,,,,,,,,,,,,,,,458
2022-08-15,2022-08-18,3,5.0,2022-08-15T09:31:00-04:00,5.0,NDXP  220818P13570000,NDXP  220818P13560000,development,False,False,0,0,0,2,0,1603,available,False,2022-08-15T09:31:00-04:00,2022-08-18T16:00:00-04:00,8.699999999999996,-7652.959999999993,0.0,last_observed_quote_not_settlement,1036.0,827,96,5.0,-252.9599999999993,2022-08-15T09:32:00-04:00,0.0,4.849999999999994,47.04000000001208,2022-08-15T09:33:00-04:00,0.0,4.800000000000011,147.03999999997797,2022-08-15T09:36:00-04:00,0.0,5.0,-252.9599999999993,2022-08-15T09:41:00-04:00,0.0,5.0,-252.9599999999993,2022-08-15T09:46:00-04:00,0.0,4.5,747.0400000000006,2022-08-15T10:01:00-04:00,0.0,4.400000000000006,947.0399999999893,2022-08-15T10:31:00-04:00,0.0,4.800000000000011,147.03999999997797,2022-08-15T11:31:00-04:00,0.0,4.800000000000011,147.03999999997797,2022-08-15T16:00:00-04:00,0.0,3.5999999999999943,2547.0400000000122,2022-08-16T16:00:00-04:00,0.0,6.700000000000003,-3652.960000000005,2022-08-17T16:00:00-04:00,0.0,8.699999999999996,-7652.959999999993,2022-08-18T16:00:00-04:00,0.0,0.0,hit,0.0,hit,7.0,hit,334.0,hit,1746.0,hit,1746.0,hit,,never_hit,11.0,hit,43.0,hit,2924.0,hit,2935.0,hit,4328.0,hit,4693.0,hit,6.75,33,False,False,False,False,,6.75,66,False,False,False,False,,6.75,66,False,False,False,False,,,,True,True,True,False,4.0,394.0,2022-08-15T16:05:00-04:00,2.6500000000000057,4447.039999999989,1696.0,2022-08-16T13:47:00-04:00,2.700000000000003,4347.039999999995,1697.0,2022-08-16T13:48:00-04:00,2.700000000000003,4347.039999999995,395.0,2022-08-15T16:06:00-04:00,3.1000000000000085,3547.0399999999836,1746.0,2022-08-16T14:37:00-04:00,1.0,7747.040000000001,,,,,,,,,1747.0,2022-08-16T14:38:00-04:00,3.6000000000000085,2547.0399999999836,,,,,,,,,,,,,,,,,,,,,,,,,,,,,,,,,459
2022-08-15,2022-08-18,3,6.0,2022-08-15T09:31:00-04:00,6.0,NDXP  220818P13640000,NDXP  220818P13630000,development,False,False,0,0,0,16,0,1588,available,False,2022-08-15T09:31:00-04:00,2022-08-18T16:00:00-04:00,10.0,-8152.96,0.0,last_observed_quote_not_settlement,1036.0,846,90,5.800000000000011,147.03999999997797,2022-08-15T09:32:00-04:00,0.0,5.850000000000023,47.039999999955235,2022-08-15T09:33:00-04:00,0.0,5.449999999999989,847.0400000000234,2022-08-15T09:36:00-04:00,0.0,5.849999999999966,47.04000000006892,2022-08-15T09:41:00-04:00,0.0,5.800000000000011,147.03999999997797,2022-08-15T09:46:00-04:00,0.0,5.349999999999966,1047.0400000000689,2022-08-15T10:01:00-04:00,0.0,5.800000000000011,147.03999999997797,2022-08-15T10:31:00-04:00,0.0,5.700000000000017,347.0399999999666,2022-08-15T11:31:00-04:00,0.0,4.799999999999997,2147.0400000000063,2022-08-15T16:00:00-04:00,0.0,5.150000000000006,1447.0399999999893,2022-08-16T16:00:00-04:00,0.0,8.199999999999989,-4652.959999999978,2022-08-17T16:00:00-04:00,0.0,10.0,-8152.96,2022-08-18T16:00:00-04:00,0.0,4.0,hit,135.0,hit,135.0,hit,142.0,hit,,never_hit,,never_hit,,never_hit,80.0,hit,116.0,hit,116.0,hit,2893.0,hit,2929.0,hit,2929.0,hit,7.349999999999994,34,True,False,False,False,,,,True,True,True,False,3.950000000000017,,,True,True,True,False,3.950000000000017,,,True,True,True,False,3.950000000000017,142.0,2022-08-15T11:53:00-04:00,2.8999999999999915,5947.040000000018,149.0,2022-08-15T12:00:00-04:00,2.8999999999999915,5947.040000000018,265.0,2022-08-15T13:56:00-04:00,2.5999999999999943,6547.040000000012,143.0,2022-08-15T11:54:00-04:00,4.3999999999999915,2947.0400000000177,,,,,,,,,,,,,,,,,,,,,,,,,,,,,,,,,,,,,,,,,,,,,,,,,460
2022-08-15,2022-08-18,3,7.0,2022-08-15T09:31:00-04:00,7.0,NDXP  220818P13730000,NDXP  220818P13720000,development,False,False,0,0,0,43,0,1561,available,False,2022-08-15T09:31:00-04:00,2022-08-18T16:00:00-04:00,9.5,-5252.960000000001,0.0,last_observed_quote_not_settlement,1036.0,864,120,6.950000000000017,-152.9600000000334,2022-08-15T09:32:00-04:00,0.0,6.600000000000023,547.0399999999552,2022-08-15T09:33:00-04:00,0.0,6.449999999999989,847.0400000000234,2022-08-15T09:36:00-04:00,0.0,7.150000000000006,-552.9600000000107,2022-08-15T09:41:00-04:00,0.0,7.100000000000023,-452.9600000000448,2022-08-15T09:46:00-04:00,0.0,6.650000000000006,447.03999999998933,2022-08-15T10:01:00-04:00,0.0,5.899999999999977,1947.0400000000461,2022-08-15T10:31:00-04:00,0.0,6.899999999999977,-52.959999999953816,2022-08-15T11:31:00-04:00,0.0,5.350000000000023,3047.0399999999554,2022-08-15T16:00:00-04:00,0.0,6.199999999999989,1347.0400000000234,2022-08-16T16:00:00-04:00,0.0,9.350000000000023,-4952.960000000046,2022-08-17T16:00:00-04:00,0.0,9.5,-5252.960000000001,2022-08-18T16:00:00-04:00,0.0,129.0,hit,129.0,hit,379.0,hit,,never_hit,,never_hit,,never_hit,,never_hit,37.0,hit,1472.0,hit,0.0,hit,1472.0,hit,2891.0,hit,2907.0,hit,,,True,True,True,False,3.3499999999999943,,,True,True,True,False,3.3499999999999943,,,True,True,True,False,3.3499999999999943,,,True,True,True,False,3.3499999999999943,,,,,,,,,,,,,,,,,,,,,,,,,,,,,,,,,,,,,,,,,,,,,,,,,,,,,,,,,,,,,,,,,461
2022-08-16,2022-08-18,2,5.0,2022-08-16T09:31:00-04:00,5.099999999999994,NDXP  220818P13620000,NDXP  220818P13610000,development,False,False,0,0,1,10,0,1189,available,False,2022-08-16T09:31:00-04:00,2022-08-18T16:00:00-04:00,10.0,-9952.96000000001,0.0,last_observed_quote_not_settlement,1036.0,891,44,5.099999999999994,-252.9599999999993,2022-08-16T09:32:00-04:00,0.0,3.799999999999997,2347.039999999995,2022-08-16T09:33:00-04:00,0.0,4.549999999999997,847.039999999995,2022-08-16T09:36:00-04:00,0.0,3.9000000000000057,2147.039999999978,2022-08-16T09:41:00-04:00,0.0,5.700000000000003,-1452.9600000000164,2022-08-16T09:46:00-04:00,0.0,5.3999999999999915,-852.9599999999937,2022-08-16T10:01:00-04:00,0.0,5.949999999999989,-1952.959999999988,2022-08-16T10:31:00-04:00,0.0,5.050000000000011,-152.9600000000334,2022-08-16T11:31:00-04:00,0.0,3.700000000000003,2547.0399999999836,2022-08-16T16:00:00-04:00,0.0,8.100000000000023,-6252.960000000058,2022-08-17T16:00:00-04:00,0.0,10.0,-9952.96000000001,2022-08-18T16:00:00-04:00,0.0,,,,,0.0,hit,2.0,hit,2.0,hit,282.0,hit,306.0,hit,,never_hit,,never_hit,7.0,hit,18.0,hit,21.0,hit,21.0,hit,1528.0,hit,1603.0,hit,8.200000000000003,86,True,True,False,False,,8.200000000000003,86,True,True,False,False,,,,True,True,True,False,3.6999999999999886,,,True,True,True,False,3.6999999999999886,282.0,2022-08-16T14:13:00-04:00,2.8500000000000085,4247.039999999973,,,,,,,,,283.0,2022-08-16T14:14:00-04:00,3.1499999999999915,3647.0400000000063,306.0,2022-08-16T14:37:00-04:00,1.4000000000000057,7147.039999999978,,,,,,,,,307.0,2022-08-16T14:38:00-04:00,4.0,1947.0399999999893,,,,,,,,,,,,,,,,,,,,,,,,,,,,,,,,,462
2022-08-16,2022-08-18,2,6.0,2022-08-16T09:31:00-04:00,5.949999999999989,NDXP  220818P13710000,NDXP  220818P13700000,development,False,False,0,0,0,47,0,1152,available,False,2022-08-16T09:31:00-04:00,2022-08-18T16:00:00-04:00,10.0,-8252.960000000021,0.0,last_observed_quote_not_settlement,1036.0,915,86,7.099999999999994,-2552.9600000000105,2022-08-16T09:32:00-04:00,0.0,5.799999999999983,47.04000000001208,2022-08-16T09:33:00-04:00,0.0,5.949999999999989,-252.9599999999993,2022-08-16T09:36:00-04:00,0.0,5.600000000000023,447.0399999999325,2022-08-16T09:41:00-04:00,0.0,7.099999999999994,-2552.9600000000105,2022-08-16T09:46:00-04:00,0.0,6.650000000000006,-1652.9600000000335,2022-08-16T10:01:00-04:00,0.0,7.450000000000017,-3252.960000000056,2022-08-16T10:31:00-04:00,0.0,5.450000000000017,747.0399999999438,2022-08-16T11:31:00-04:00,0.0,5.849999999999994,-52.96000000001066,2022-08-16T16:00:00-04:00,0.0,9.0,-6352.960000000024,2022-08-17T16:00:00-04:00,0.0,10.0,-8252.960000000021,2022-08-18T16:00:00-04:00,0.0,,,,,23.0,hit,156.0,hit,250.0,hit,276.0,hit,,never_hit,,never_hit,,never_hit,1.0,hit,1.0,hit,1.0,hit,55.0,hit,1454.0,hit,1496.0,hit,8.100000000000023,139,True,True,False,False,,,,True,True,True,False,3.0999999999999943,,,True,True,True,False,3.0999999999999943,,,True,True,True,False,3.0999999999999943,276.0,2022-08-16T14:07:00-04:00,2.8499999999999943,5947.039999999989,,,,,,,,,277.0,2022-08-16T14:08:00-04:00,4.099999999999994,3447.0399999999895,,,,,,,,,,,,,,,,,,,,,,,,,,,,,,,,,,,,,,,,,,,,,,,,,463
2022-08-16,2022-08-18,2,7.0,2022-08-16T09:31:00-04:00,7.049999999999983,NDXP  220818P13780000,NDXP  220818P13770000,development,False,False,0,0,1,131,0,1068,available,False,2022-08-16T09:31:00-04:00,2022-08-18T16:00:00-04:00,10.0,-6052.960000000034,0.0,last_observed_quote_not_settlement,1038.0,797,81,6.000000000000028,1847.0399999999097,2022-08-16T09:32:00-04:00,0.0,6.950000000000017,-52.9600000000675,2022-08-16T09:33:00-04:00,0.0,7.050000000000011,-252.96000000005614,2022-08-16T09:36:00-04:00,0.0,7.5,-1152.9600000000335,2022-08-16T09:41:00-04:00,0.0,6.100000000000023,1647.039999999921,2022-08-16T09:46:00-04:00,0.0,7.550000000000011,-1252.9600000000562,2022-08-16T10:01:00-04:00,0.0,8.200000000000045,-2552.960000000126,2022-08-16T10:31:00-04:00,0.0,7.199999999999989,-552.9600000000107,2022-08-16T11:31:00-04:00,0.0,8.699999999999989,-3552.9600000000123,2022-08-16T16:00:00-04:00,0.0,9.599999999999966,-5352.959999999967,2022-08-17T16:00:00-04:00,0.0,10.0,-6052.960000000034,2022-08-18T16:00:00-04:00,0.0,,,,,189.0,hit,189.0,hit,190.0,hit,,never_hit,,never_hit,,never_hit,,never_hit,7.0,hit,27.0,hit,0.0,hit,27.0,hit,322.0,hit,1488.0,hit,,,True,True,True,False,3.4499999999999886,,,True,True,True,False,3.4499999999999886,,,True,True,True,False,3.4499999999999886,,,True,True,True,False,3.4499999999999886,,,,,,,,,,,,,,,,,,,,,,,,,,,,,,,,,,,,,,,,,,,,,,,,,,,,,,,,,,,,,,,,,464
2022-08-19,2022-08-22,3,5.0,2022-08-19T09:31:00-04:00,5.049999999999997,NDXP  220822P13410000,NDXP  220822P13400000,development,False,False,0,0,0,121,0,673,available,False,2022-08-19T09:31:00-04:00,2022-08-22T15:59:00-04:00,7.699999999999932,-5552.959999999868,1.0,last_observed_quote_not_settlement,3916.0,598,6,5.099999999999994,-352.9599999999936,2022-08-19T09:32:00-04:00,0.0,5.650000000000006,-1452.9600000000164,2022-08-19T09:33:00-04:00,0.0,6.25,-2652.960000000005,2022-08-19T09:36:00-04:00,0.0,6.1000000000000085,-2352.960000000022,2022-08-19T09:41:00-04:00,0.0,6.099999999999994,-2352.9599999999937,2022-08-19T09:46:00-04:00,0.0,8.300000000000011,-6752.960000000029,2022-08-19T10:01:00-04:00,0.0,6.799999999999983,-3752.959999999971,2022-08-19T10:31:00-04:00,0.0,6.850000000000023,-3852.9600000000505,2022-08-19T11:31:00-04:00,0.0,8.149999999999977,-6452.959999999961,2022-08-19T16:00:00-04:00,0.0,,,2022-08-19T16:15:00-04:00,85500.0,,,2022-08-19T16:15:00-04:00,171900.0,,,2022-08-22T15:59:00-04:00,60.0,0.0,hit,4.0,hit,,never_hit,,never_hit,,never_hit,,never_hit,,never_hit,2.0,hit,5.0,hit,11.0,hit,20.0,hit,201.0,hit,223.0,hit,,,True,True,True,False,0.4000000000000057,,,True,True,True,False,0.4000000000000057,,,True,True,True,False,0.4000000000000057,,,True,True,True,False,0.4000000000000057,,,,,,,,,,,,,,,,,,,,,,,,,,,,,,,,,,,,,,,,,,,,,,,,,,,,,,,,,,,,,,,,,465
2022-08-19,2022-08-22,3,6.0,2022-08-19T09:31:00-04:00,5.900000000000006,NDXP  220822P13450000,NDXP  220822P13440000,development,False,False,0,0,0,118,0,676,available,False,2022-08-19T09:31:00-04:00,2022-08-22T15:59:00-04:00,6.4500000000000455,-1352.960000000079,1.0,last_observed_quote_not_settlement,3916.0,591,8,4.25,3047.0400000000122,2022-08-19T09:32:00-04:00,0.0,5.8500000000000085,-152.96000000000498,2022-08-19T09:33:00-04:00,0.0,5.0,1547.040000000012,2022-08-19T09:36:00-04:00,0.0,5.499999999999972,547.0400000000689,2022-08-19T09:41:00-04:00,0.0,7.100000000000023,-2652.9600000000332,2022-08-19T09:46:00-04:00,0.0,7.550000000000011,-3552.9600000000105,2022-08-19T10:01:00-04:00,0.0,7.599999999999966,-3652.9599999999195,2022-08-19T10:31:00-04:00,0.0,7.5,-3452.9599999999878,2022-08-19T11:31:00-04:00,0.0,8.599999999999994,-5652.959999999978,2022-08-19T16:00:00-04:00,0.0,,,2022-08-19T16:15:00-04:00,85500.0,,,2022-08-19T16:15:00-04:00,171900.0,,,2022-08-22T15:59:00-04:00,60.0,1.0,hit,1.0,hit,,never_hit,,never_hit,,never_hit,,never_hit,,never_hit,4.0,hit,7.0,hit,7.0,hit,50.0,hit,150.0,hit,254.0,hit,,,True,True,True,False,1.7499999999999147,,,True,True,True,False,1.7499999999999147,,,True,True,True,False,1.7499999999999147,,,True,True,True,False,1.7499999999999147,,,,,,,,,,,,,,,,,,,,,,,,,,,,,,,,,,,,,,,,,,,,,,,,,,,,,,,,,,,,,,,,,466
2022-08-19,2022-08-22,3,7.0,2022-08-19T09:31:00-04:00,7.049999999999983,NDXP  220822P13510000,NDXP  220822P13500000,development,False,False,0,0,0,140,0,654,available,False,2022-08-19T09:31:00-04:00,2022-08-22T15:59:00-04:00,10.0,-6052.960000000034,1.0,last_observed_quote_not_settlement,3916.0,571,4,8.050000000000011,-2252.960000000058,2022-08-19T09:32:00-04:00,0.0,7.300000000000011,-752.9600000000562,2022-08-19T09:33:00-04:00,0.0,7.300000000000011,-752.9600000000562,2022-08-19T09:36:00-04:00,0.0,7.400000000000006,-952.9600000000448,2022-08-19T09:41:00-04:00,0.0,7.800000000000011,-1752.9600000000562,2022-08-19T09:46:00-04:00,0.0,8.400000000000006,-2952.9600000000464,2022-08-19T10:01:00-04:00,0.0,8.550000000000011,-3252.960000000058,2022-08-19T10:31:00-04:00,0.0,8.200000000000045,-2552.960000000126,2022-08-19T11:31:00-04:00,0.0,9.0,-4152.9600000000355,2022-08-19T16:00:00-04:00,0.0,,,2022-08-19T16:15:00-04:00,85500.0,,,2022-08-19T16:15:00-04:00,171900.0,,,2022-08-22T15:59:00-04:00,60.0,,never_hit,,never_hit,,never_hit,,never_hit,,never_hit,,never_hit,,never_hit,1.0,hit,1.0,hit,0.0,hit,1.0,hit,11.0,hit,26.0,hit,,,True,True,True,False,0.39999999999997726,,,True,True,True,False,0.39999999999997726,,,True,True,True,False,0.39999999999997726,,,True,True,True,False,0.39999999999997726,,,,,,,,,,,,,,,,,,,,,,,,,,,,,,,,,,,,,,,,,,,,,,,,,,,,,,,,,,,,,,,,,467
2022-08-22,2022-08-24,2,5.0,2022-08-22T09:31:00-04:00,4.850000000000023,NDXP  220824P13090000,NDXP  220824P13080000,development,False,False,0,0,0,33,15,1167,available,False,2022-08-22T09:31:00-04:00,2022-08-24T16:00:00-04:00,10.0,-10452.959999999954,0.0,last_observed_quote_not_settlement,1036.0,1136,2,4.900000000000006,-352.9599999999652,2022-08-22T09:32:00-04:00,0.0,5.399999999999977,-1352.9599999999084,2022-08-22T09:33:00-04:00,0.0,5.5,-1552.9599999999539,2022-08-22T09:36:00-04:00,0.0,5.549999999999983,-1652.9599999999198,2022-08-22T09:41:00-04:00,0.0,5.150000000000006,-852.9599999999652,2022-08-22T09:46:00-04:00,0.0,5.950000000000017,-2452.9599999999878,2022-08-22T10:01:00-04:00,0.0,6.600000000000023,-3752.959999999999,2022-08-22T10:31:00-04:00,0.0,6.900000000000006,-4352.9599999999655,2022-08-22T11:31:00-04:00,0.0,7.25,-5052.959999999954,2022-08-22T16:00:00-04:00,0.0,8.25,-7052.9599999999555,2022-08-23T16:00:00-04:00,0.0,10.0,-10452.959999999954,2022-08-24T16:00:00-04:00,0.0,,,,,0.0,hit,0.0,hit,,never_hit,,never_hit,,never_hit,,never_hit,,never_hit,2.0,hit,9.0,hit,95.0,hit,1440.0,hit,1591.0,hit,1830.0,hit,,,True,True,True,False,0.30000000000001137,,,True,True,True,False,0.30000000000001137,,,True,True,True,False,0.30000000000001137,,,True,True,True,False,0.30000000000001137,,,,,,,,,,,,,,,,,,,,,,,,,,,,,,,,,,,,,,,,,,,,,,,,,,,,,,,,,,,,,,,,,468
2022-08-22,2022-08-24,2,6.0,2022-08-22T09:31:00-04:00,6.0,NDXP  220824P13130000,NDXP  220824P13120000,development,False,False,0,0,0,86,15,1114,available,False,2022-08-22T09:31:00-04:00,2022-08-24T16:00:00-04:00,10.0,-8152.96,0.0,last_observed_quote_not_settlement,1036.0,1059,7,5.450000000000017,847.0399999999665,2022-08-22T09:32:00-04:00,0.0,5.400000000000006,947.0399999999893,2022-08-22T09:33:00-04:00,0.0,6.199999999999989,-652.9599999999766,2022-08-22T09:36:00-04:00,0.0,6.050000000000011,-352.96000000002203,2022-08-22T09:41:00-04:00,0.0,5.950000000000017,-152.9600000000334,2022-08-22T09:46:00-04:00,0.0,6.650000000000006,-1552.9600000000107,2022-08-22T10:01:00-04:00,0.0,6.550000000000011,-1352.960000000022,2022-08-22T10:31:00-04:00,0.0,7.349999999999966,-2952.959999999931,2022-08-22T11:31:00-04:00,0.0,8.0,-4252.960000000001,2022-08-22T16:00:00-04:00,0.0,9.150000000000006,-6552.960000000013,2022-08-23T16:00:00-04:00,0.0,10.0,-8152.96,2022-08-24T16:00:00-04:00,0.0,,,,,1.0,hit,,never_hit,,never_hit,,never_hit,,never_hit,,never_hit,,never_hit,3.0,hit,53.0,hit,53.0,hit,277.0,hit,1530.0,hit,1794.0,hit,,,True,True,True,False,0.5999999999999943,,,True,True,True,False,0.5999999999999943,,,True,True,True,False,0.5999999999999943,,,True,True,True,False,0.5999999999999943,,,,,,,,,,,,,,,,,,,,,,,,,,,,,,,,,,,,,,,,,,,,,,,,,,,,,,,,,,,,,,,,,469
2022-08-22,2022-08-24,2,7.0,2022-08-22T09:31:00-04:00,7.0,NDXP  220824P13250000,NDXP  220824P13240000,development,False,False,0,0,0,135,15,1065,available,False,2022-08-22T09:31:00-04:00,2022-08-24T16:00:00-04:00,10.0,-6152.96,0.0,last_observed_quote_not_settlement,1036.0,969,2,7.299999999999983,-852.9599999999652,2022-08-22T09:32:00-04:00,0.0,7.150000000000006,-552.9600000000107,2022-08-22T09:33:00-04:00,0.0,7.600000000000023,-1452.9600000000448,2022-08-22T09:36:00-04:00,0.0,6.900000000000034,-52.9600000000675,2022-08-22T09:41:00-04:00,0.0,7.550000000000011,-1352.960000000022,2022-08-22T09:46:00-04:00,0.0,8.150000000000034,-2552.960000000069,2022-08-22T10:01:00-04:00,0.0,8.300000000000011,-2852.9600000000237,2022-08-22T10:31:00-04:00,0.0,8.150000000000034,-2552.960000000069,2022-08-22T11:31:00-04:00,0.0,9.149999999999977,-4552.9599999999555,2022-08-22T16:00:00-04:00,0.0,9.800000000000011,-5852.960000000024,2022-08-23T16:00:00-04:00,0.0,10.0,-6152.96,2022-08-24T16:00:00-04:00,0.0,,,,,,never_hit,,never_hit,,never_hit,,never_hit,,never_hit,,never_hit,,never_hit,3.0,hit,3.0,hit,0.0,hit,3.0,hit,119.0,hit,329.0,hit,,,True,True,True,False,0.0999999999999659,,,True,True,True,False,0.0999999999999659,,,True,True,True,False,0.0999999999999659,,,True,True,True,False,0.0999999999999659,,,,,,,,,,,,,,,,,,,,,,,,,,,,,,,,,,,,,,,,,,,,,,,,,,,,,,,,,,,,,,,,,470
2022-08-22,2022-08-25,3,5.0,2022-08-22T09:31:00-04:00,5.050000000000011,NDXP  220825P13160000,NDXP  220825P13150000,development,False,False,0,0,0,14,0,1591,available,False,2022-08-22T09:31:00-04:00,2022-08-25T16:00:00-04:00,5.5,-1152.9599999999766,0.0,last_observed_quote_not_settlement,1036.0,1569,2,6.899999999999977,-3952.959999999931,2022-08-22T09:32:00-04:00,0.0,4.449999999999989,947.0400000000461,2022-08-22T09:33:00-04:00,0.0,7.050000000000011,-4252.959999999999,2022-08-22T09:36:00-04:00,0.0,6.650000000000034,-3452.9600000000446,2022-08-22T09:41:00-04:00,0.0,6.25,-2652.9599999999764,2022-08-22T09:46:00-04:00,0.0,7.399999999999977,-4952.959999999931,2022-08-22T10:01:00-04:00,0.0,6.599999999999994,-3352.959999999965,2022-08-22T10:31:00-04:00,0.0,7.149999999999977,-4452.959999999931,2022-08-22T11:31:00-04:00,0.0,7.949999999999989,-6052.959999999954,2022-08-22T16:00:00-04:00,0.0,8.450000000000045,-7052.960000000069,2022-08-23T16:00:00-04:00,0.0,9.650000000000006,-9452.959999999988,2022-08-24T16:00:00-04:00,0.0,5.5,-1152.9599999999766,2022-08-25T16:00:00-04:00,0.0,0.0,hit,2.0,hit,,never_hit,,never_hit,,never_hit,,never_hit,,never_hit,1.0,hit,1.0,hit,5.0,hit,13.0,hit,175.0,hit,175.0,hit,,,True,True,True,False,0.6000000000000227,,,True,True,True,False,0.6000000000000227,,,True,True,True,False,0.6000000000000227,,,True,True,True,False,0.6000000000000227,,,,,,,,,,,,,,,,,,,,,,,,,,,,,,,,,,,,,,,,,,,,,,,,,,,,,,,,,,,,,,,,,471
2022-08-22,2022-08-25,3,6.0,2022-08-22T09:31:00-04:00,6.0,NDXP  220825P13170000,NDXP  220825P13160000,development,False,False,0,0,0,23,0,1582,available,False,2022-08-22T09:31:00-04:00,2022-08-25T16:00:00-04:00,8.5,-5252.960000000001,0.0,last_observed_quote_not_settlement,1036.0,1544,15,5.800000000000011,147.03999999997797,2022-08-22T09:32:00-04:00,0.0,6.0,-252.9599999999993,2022-08-22T09:33:00-04:00,0.0,5.899999999999977,-52.959999999953816,2022-08-22T09:36:00-04:00,0.0,6.549999999999983,-1352.9599999999652,2022-08-22T09:41:00-04:00,0.0,6.099999999999994,-452.95999999998793,2022-08-22T09:46:00-04:00,0.0,6.4500000000000455,-1152.9600000000903,2022-08-22T10:01:00-04:00,0.0,7.100000000000023,-2452.9600000000446,2022-08-22T10:31:00-04:00,0.0,7.5,-3252.959999999999,2022-08-22T11:31:00-04:00,0.0,7.850000000000023,-3952.9600000000446,2022-08-22T16:00:00-04:00,0.0,8.049999999999955,-4352.95999999991,2022-08-23T16:00:00-04:00,0.0,9.300000000000011,-6852.960000000024,2022-08-24T16:00:00-04:00,0.0,8.5,-5252.960000000001,2022-08-25T16:00:00-04:00,0.0,3.0,hit,46.0,hit,,never_hit,,never_hit,,never_hit,,never_hit,,never_hit,4.0,hit,29.0,hit,29.0,hit,86.0,hit,335.0,hit,1516.0,hit,,,True,True,True,False,1.0,,,True,True,True,False,1.0,,,True,True,True,False,1.0,,,True,True,True,False,1.0,,,,,,,,,,,,,,,,,,,,,,,,,,,,,,,,,,,,,,,,,,,,,,,,,,,,,,,,,,,,,,,,,472
2022-08-22,2022-08-25,3,7.0,2022-08-22T09:31:00-04:00,7.0,NDXP  220825P13270000,NDXP  220825P13260000,development,False,False,0,0,0,151,0,1454,available,False,2022-08-22T09:31:00-04:00,2022-08-25T15:58:00-04:00,9.84999999999998,-5952.959999999961,2.0,last_observed_quote_not_settlement,1039.0,1343,2,7.099999999999966,-452.9599999999311,2022-08-22T09:32:00-04:00,0.0,7.100000000000023,-452.9600000000448,2022-08-22T09:33:00-04:00,0.0,7.75,-1752.9599999999994,2022-08-22T09:36:00-04:00,0.0,7.449999999999989,-1152.9599999999766,2022-08-22T09:41:00-04:00,0.0,6.9500000000000455,-152.96000000009025,2022-08-22T09:46:00-04:00,0.0,7.649999999999977,-1552.9599999999539,2022-08-22T10:01:00-04:00,0.0,8.0,-2252.960000000001,2022-08-22T10:31:00-04:00,0.0,8.100000000000023,-2452.9600000000464,2022-08-22T11:31:00-04:00,0.0,8.399999999999977,-3052.9599999999555,2022-08-22T16:00:00-04:00,0.0,8.850000000000023,-3952.9600000000464,2022-08-23T16:00:00-04:00,0.0,8.899999999999977,-4052.9599999999555,2022-08-24T16:00:00-04:00,0.0,,,2022-08-25T15:58:00-04:00,120.0,,never_hit,,never_hit,,never_hit,,never_hit,,never_hit,,never_hit,,never_hit,5.0,hit,43.0,hit,0.0,hit,43.0,hit,99.0,hit,270.0,hit,,,True,True,True,False,0.25000000000005684,,,True,True,True,False,0.25000000000005684,,,True,True,True,False,0.25000000000005684,,,True,True,True,False,0.25000000000005684,,,,,,,,,,,,,,,,,,,,,,,,,,,,,,,,,,,,,,,,,,,,,,,,,,,,,,,,,,,,,,,,,473
2022-08-23,2022-08-25,2,5.0,2022-08-23T09:31:00-04:00,5.0,NDXP  220825P12930000,NDXP  220825P12920000,development,False,False,0,0,0,16,15,1184,available,False,2022-08-23T09:31:00-04:00,2022-08-25T15:52:00-04:00,0.05000000000000002,9647.040000000003,8.0,last_observed_quote_not_settlement,1036.0,345,216,4.850000000000023,47.039999999955235,2022-08-23T09:32:00-04:00,0.0,4.75,247.04000000000067,2022-08-23T09:33:00-04:00,0.0,4.449999999999989,847.0400000000234,2022-08-23T09:36:00-04:00,0.0,5.0,-252.9599999999993,2022-08-23T09:41:00-04:00,0.0,5.900000000000006,-2052.9600000000105,2022-08-23T09:46:00-04:00,0.0,4.449999999999989,847.0400000000234,2022-08-23T10:01:00-04:00,0.0,4.349999999999994,1047.040000000012,2022-08-23T10:31:00-04:00,0.0,5.900000000000006,-2052.9600000000105,2022-08-23T11:31:00-04:00,0.0,4.900000000000006,-52.96000000001066,2022-08-23T16:00:00-04:00,0.0,4.549999999999997,647.0400000000063,2022-08-24T16:00:00-04:00,0.0,,,2022-08-25T15:52:00-04:00,480.0,,,,,0.0,hit,0.0,hit,22.0,hit,1649.0,hit,2908.0,hit,2934.0,hit,2940.0,hit,12.0,hit,70.0,hit,107.0,hit,345.0,hit,,never_hit,,never_hit,8.5,278,True,True,False,False,,8.5,345,True,True,False,False,,8.5,345,True,True,False,False,,8.5,345,True,True,False,False,,1649.0,2022-08-24T13:00:00-04:00,2.5999999999999943,4547.040000000012,2897.0,2022-08-25T09:48:00-04:00,2.4499999999999957,4847.040000000009,2898.0,2022-08-25T09:49:00-04:00,2.6500000000000057,4447.039999999989,1650.0,2022-08-24T13:01:00-04:00,5.1499999999999915,-552.9599999999823,2908.0,2022-08-25T09:59:00-04:00,1.9499999999999993,5847.040000000002,2909.0,2022-08-25T10:00:00-04:00,1.8999999999999986,5947.040000000004,2910.0,2022-08-25T10:01:00-04:00,1.8000000000000007,6147.039999999999,2909.0,2022-08-25T10:00:00-04:00,1.8999999999999986,5947.040000000004,2934.0,2022-08-25T10:25:00-04:00,0.7749999999999995,8197.040000000003,2935.0,2022-08-25T10:26:00-04:00,0.7249999999999996,8297.040000000003,2936.0,2022-08-25T10:27:00-04:00,0.8250000000000006,8097.039999999998,2935.0,2022-08-25T10:26:00-04:00,0.7249999999999996,8297.040000000003,2940.0,2022-08-25T10:31:00-04:00,0.3250000000000002,9097.04,2951.0,2022-08-25T10:42:00-04:00,0.25,9247.04,2952.0,2022-08-25T10:43:00-04:00,0.3500000000000001,9047.04,2941.0,2022-08-25T10:32:00-04:00,0.5749999999999997,8597.04,474
2022-08-23,2022-08-25,2,6.0,2022-08-23T09:31:00-04:00,5.850000000000023,NDXP  220825P12990000,NDXP  220825P12980000,development,False,False,0,0,0,2,15,1198,available,False,2022-08-23T09:31:00-04:00,2022-08-25T16:00:00-04:00,0.04999999999999999,11347.040000000048,0.0,last_observed_quote_not_settlement,1036.0,413,194,5.7999999999999545,-152.95999999986287,2022-08-23T09:32:00-04:00,0.0,5.25,947.0400000000461,2022-08-23T09:33:00-04:00,0.0,5.5,447.0400000000462,2022-08-23T09:36:00-04:00,0.0,5.700000000000017,47.04000000001208,2022-08-23T09:41:00-04:00,0.0,6.200000000000017,-952.959999999988,2022-08-23T09:46:00-04:00,0.0,5.5,447.0400000000462,2022-08-23T10:01:00-04:00,0.0,5.349999999999966,747.0400000001143,2022-08-23T10:31:00-04:00,0.0,5.349999999999994,747.0400000000575,2022-08-23T11:31:00-04:00,0.0,5.849999999999994,-252.95999999994245,2022-08-23T16:00:00-04:00,0.0,6.299999999999997,-1152.9599999999482,2022-08-24T16:00:00-04:00,0.0,0.04999999999999999,11347.040000000048,2022-08-25T16:00:00-04:00,0.0,,,,,2.0,hit,20.0,hit,57.0,hit,2911.0,hit,2934.0,hit,3125.0,hit,3217.0,hit,14.0,hit,1444.0,hit,1444.0,hit,1582.0,hit,,never_hit,,never_hit,8.300000000000011,413,True,True,False,False,,8.300000000000011,413,True,True,False,False,,8.300000000000011,413,True,True,False,False,,8.300000000000011,413,True,True,False,False,,2912.0,2022-08-25T10:03:00-04:00,2.9499999999999993,5547.040000000047,2913.0,2022-08-25T10:04:00-04:00,2.75,5947.040000000046,2914.0,2022-08-25T10:05:00-04:00,2.6499999999999986,6147.040000000049,2913.0,2022-08-25T10:04:00-04:00,2.75,5947.040000000046,2934.0,2022-08-25T10:25:00-04:00,1.9000000000000004,7647.040000000045,2935.0,2022-08-25T10:26:00-04:00,1.6999999999999993,8047.040000000047,2936.0,2022-08-25T10:27:00-04:00,1.9499999999999993,7547.040000000047,2935.0,2022-08-25T10:26:00-04:00,1.6999999999999993,8047.040000000047,3125.0,2022-08-25T13:36:00-04:00,0.9000000000000004,9647.040000000046,3128.0,2022-08-25T13:39:00-04:00,0.875,9697.040000000046,3132.0,2022-08-25T13:43:00-04:00,0.8500000000000001,9747.040000000046,3126.0,2022-08-25T13:37:00-04:00,1.0499999999999998,9347.040000000048,3217.0,2022-08-25T15:08:00-04:00,0.42500000000000004,10597.040000000048,3227.0,2022-08-25T15:18:00-04:00,0.35,10747.040000000046,3228.0,2022-08-25T15:19:00-04:00,0.20000000000000007,11047.040000000046,3218.0,2022-08-25T15:09:00-04:00,0.575,10297.040000000046,475
2022-08-23,2022-08-25,2,7.0,2022-08-23T09:31:00-04:00,7.0,NDXP  220825P14160000,NDXP  220825P14150000,development,False,False,0,0,0,422,15,778,available,False,2022-08-23T09:31:00-04:00,2022-08-25T15:59:00-04:00,10.0,-6152.96,1.0,last_observed_quote_not_settlement,1044.0,529,46,,,2022-08-23T09:31:00-04:00,60.0,,,2022-08-23T09:31:00-04:00,120.0,,,2022-08-23T09:35:00-04:00,60.0,8.200000000000045,-2652.960000000092,2022-08-23T09:41:00-04:00,0.0,9.0,-4252.960000000001,2022-08-23T09:46:00-04:00,0.0,,,2022-08-23T10:00:00-04:00,60.0,,,2022-08-23T10:30:00-04:00,60.0,,,2022-08-23T11:30:00-04:00,60.0,9.850000000000136,-5952.960000000274,2022-08-23T16:00:00-04:00,0.0,5.849999999999909,2047.0400000001828,2022-08-24T16:00:00-04:00,0.0,,,2022-08-25T15:59:00-04:00,60.0,,,,,47.0,hit,47.0,hit,,never_hit,,never_hit,,never_hit,,never_hit,,never_hit,3.0,hit,3.0,hit,0.0,hit,3.0,hit,4.0,hit,4.0,hit,,,True,True,True,False,2.7000000000000455,,,True,True,True,False,2.7000000000000455,,,True,True,True,False,2.7000000000000455,,,True,True,True,False,2.7000000000000455,,,,,,,,,,,,,,,,,,,,,,,,,,,,,,,,,,,,,,,,,,,,,,,,,,,,,,,,,,,,,,,,,476
2022-08-23,2022-08-26,3,5.0,2022-08-23T09:31:00-04:00,5.0,NDXP  220826P12860000,NDXP  220826P12850000,development,False,False,0,0,0,14,0,1591,available,False,2022-08-23T09:31:00-04:00,2022-08-26T16:00:00-04:00,7.5,-5252.959999999999,0.0,last_observed_quote_not_settlement,1036.0,273,11,5.400000000000006,-1052.9600000000107,2022-08-23T09:32:00-04:00,0.0,4.099999999999994,1547.040000000012,2022-08-23T09:33:00-04:00,0.0,3.6499999999999915,2447.0400000000177,2022-08-23T09:36:00-04:00,0.0,4.449999999999989,847.0400000000234,2022-08-23T09:41:00-04:00,0.0,4.5,747.0400000000006,2022-08-23T09:46:00-04:00,0.0,4.0,1747.0400000000006,2022-08-23T10:01:00-04:00,0.0,3.8999999999999915,1947.0400000000177,2022-08-23T10:31:00-04:00,0.0,4.250000000000028,1247.0399999999438,2022-08-23T11:31:00-04:00,0.0,4.849999999999994,47.04000000001208,2022-08-23T16:00:00-04:00,0.0,4.0,1747.0400000000006,2022-08-24T16:00:00-04:00,0.0,1.5,6747.040000000001,2022-08-25T16:00:00-04:00,0.0,7.5,-5252.959999999999,2022-08-26T16:00:00-04:00,0.0,0.0,hit,0.0,hit,4.0,hit,29.0,hit,2934.0,hit,4349.0,hit,4349.0,hit,404.0,hit,404.0,hit,4426.0,hit,4453.0,hit,4503.0,hit,4570.0,hit,5.400000000000006,1,False,False,False,False,,6.0,3,False,False,False,False,,6.0,3,False,False,False,False,,6.0,3,False,False,False,False,,2881.0,2022-08-25T09:32:00-04:00,2.6000000000000085,4547.039999999984,2882.0,2022-08-25T09:33:00-04:00,2.9499999999999886,3847.0400000000236,2883.0,2022-08-25T09:34:00-04:00,2.75,4247.040000000001,2882.0,2022-08-25T09:33:00-04:00,2.9499999999999886,3847.0400000000236,2938.0,2022-08-25T10:29:00-04:00,1.6499999999999986,6447.040000000004,2941.0,2022-08-25T10:32:00-04:00,1.8500000000000014,6047.039999999998,2942.0,2022-08-25T10:33:00-04:00,1.9499999999999993,5847.040000000002,2939.0,2022-08-25T10:30:00-04:00,2.049999999999997,5647.040000000006,4349.0,2022-08-26T10:00:00-04:00,0.5,8747.04,4360.0,2022-08-26T10:11:00-04:00,0.39999999999999947,8947.040000000003,4361.0,2022-08-26T10:12:00-04:00,0.8499999999999996,8047.040000000002,4350.0,2022-08-26T10:01:00-04:00,1.8000000000000007,6147.039999999999,4359.0,2022-08-26T10:10:00-04:00,0.34999999999999964,9047.040000000003,4360.0,2022-08-26T10:11:00-04:00,0.39999999999999947,8947.040000000003,,,,,4360.0,2022-08-26T10:11:00-04:00,0.39999999999999947,8947.040000000003,477
2022-08-23,2022-08-26,3,6.0,2022-08-23T09:31:00-04:00,5.900000000000006,NDXP  220826P13020000,NDXP  220826P13010000,development,False,False,0,0,0,39,0,1566,available,False,2022-08-23T09:31:00-04:00,2022-08-26T16:00:00-04:00,9.800000000000011,-8052.960000000013,0.0,last_observed_quote_not_settlement,1036.0,582,140,5.649999999999977,247.04000000005752,2022-08-23T09:32:00-04:00,0.0,5.849999999999994,-152.95999999997656,2022-08-23T09:33:00-04:00,0.0,5.25,1047.040000000012,2022-08-23T09:36:00-04:00,0.0,7.0,-2452.9599999999878,2022-08-23T09:41:00-04:00,0.0,7.049999999999983,-2552.9599999999537,2022-08-23T09:46:00-04:00,0.0,5.649999999999977,247.04000000005752,2022-08-23T10:01:00-04:00,0.0,5.25,1047.040000000012,2022-08-23T10:31:00-04:00,0.0,5.899999999999977,-252.95999999994245,2022-08-23T11:31:00-04:00,0.0,6.100000000000023,-652.9600000000335,2022-08-23T16:00:00-04:00,0.0,5.200000000000017,1147.039999999978,2022-08-24T16:00:00-04:00,0.0,3.1000000000000014,5347.040000000009,2022-08-25T16:00:00-04:00,0.0,9.800000000000011,-8052.960000000013,2022-08-26T16:00:00-04:00,0.0,4.0,hit,38.0,hit,2930.0,hit,3267.0,hit,4349.0,hit,4349.0,hit,4349.0,hit,9.0,hit,10.0,hit,10.0,hit,4389.0,hit,4414.0,hit,4419.0,hit,7.550000000000011,319,True,False,False,False,,7.550000000000011,319,True,False,False,False,,7.550000000000011,319,True,False,False,False,,7.550000000000011,319,True,False,False,False,,3272.0,2022-08-25T16:03:00-04:00,2.75,6047.040000000012,3273.0,2022-08-25T16:04:00-04:00,2.8500000000000014,5847.040000000009,3274.0,2022-08-25T16:05:00-04:00,2.9499999999999957,5647.040000000021,3273.0,2022-08-25T16:04:00-04:00,2.8500000000000014,5847.040000000009,4349.0,2022-08-26T10:00:00-04:00,0.0,11547.040000000014,,,,,,,,,4350.0,2022-08-26T10:01:00-04:00,3.700000000000003,4147.040000000006,4349.0,2022-08-26T10:00:00-04:00,0.0,11547.040000000014,,,,,,,,,4350.0,2022-08-26T10:01:00-04:00,3.700000000000003,4147.040000000006,4349.0,2022-08-26T10:00:00-04:00,0.0,11547.040000000014,,,,,,,,,4350.0,2022-08-26T10:01:00-04:00,3.700000000000003,4147.040000000006,478
2022-08-23,2022-08-26,3,7.0,2022-08-23T09:31:00-04:00,6.999999999999943,NDXP  220826P13100000,NDXP  220826P13090000,development,False,False,0,0,0,101,0,1503,available,False,2022-08-23T09:31:00-04:00,2022-08-26T16:00:00-04:00,4.899999999999977,3947.0399999999327,0.0,last_observed_quote_not_settlement,1036.0,401,184,6.050000000000011,1647.0399999998642,2022-08-23T09:32:00-04:00,0.0,6.149999999999977,1447.0399999999324,2022-08-23T09:33:00-04:00,0.0,5.800000000000011,2147.0399999998644,2022-08-23T09:36:00-04:00,0.0,5.5499999999999545,2647.039999999978,2022-08-23T09:41:00-04:00,0.0,6.75,247.039999999887,2022-08-23T09:46:00-04:00,0.0,5.650000000000006,2447.039999999876,2022-08-23T10:01:00-04:00,0.0,5.550000000000011,2647.0399999998644,2022-08-23T10:31:00-04:00,0.0,6.5,747.039999999887,2022-08-23T11:31:00-04:00,0.0,6.400000000000034,947.0399999998187,2022-08-23T16:00:00-04:00,0.0,7.150000000000006,-552.9600000001244,2022-08-24T16:00:00-04:00,0.0,3.5500000000000114,6647.039999999864,2022-08-25T16:00:00-04:00,0.0,4.899999999999977,3947.0399999999327,2022-08-26T16:00:00-04:00,0.0,18.0,hit,19.0,hit,2988.0,hit,,never_hit,,never_hit,,never_hit,,never_hit,86.0,hit,305.0,hit,13.0,hit,305.0,hit,4388.0,hit,4403.0,hit,,,True,True,True,False,3.7999999999999545,,,True,True,True,False,3.7999999999999545,,,True,True,True,False,3.7999999999999545,,,True,True,True,False,3.7999999999999545,,,,,,,,,,,,,,,,,,,,,,,,,,,,,,,,,,,,,,,,,,,,,,,,,,,,,,,,,,,,,,,,,479
2022-08-24,2022-08-26,2,5.0,2022-08-24T09:31:00-04:00,4.950000000000017,NDXP  220826P12900000,NDXP  220826P12890000,development,False,False,0,0,0,17,0,1183,available,False,2022-08-24T09:31:00-04:00,2022-08-26T15:59:00-04:00,8.649999999999977,-7652.959999999922,1.0,last_observed_quote_not_settlement,1036.0,296,31,4.949999999999989,-252.95999999994245,2022-08-24T09:32:00-04:00,0.0,5.049999999999983,-452.9599999999311,2022-08-24T09:33:00-04:00,0.0,4.650000000000006,347.04000000002344,2022-08-24T09:36:00-04:00,0.0,5.399999999999977,-1152.9599999999198,2022-08-24T09:41:00-04:00,0.0,5.300000000000011,-952.959999999988,2022-08-24T09:46:00-04:00,0.0,4.800000000000011,47.04000000001208,2022-08-24T10:01:00-04:00,0.0,4.650000000000006,347.04000000002344,2022-08-24T10:31:00-04:00,0.0,3.9499999999999886,1747.0400000000575,2022-08-24T11:31:00-04:00,0.0,4.799999999999997,47.0400000000405,2022-08-24T16:00:00-04:00,0.0,1.8000000000000007,6047.040000000034,2022-08-25T16:00:00-04:00,0.0,,,2022-08-26T15:59:00-04:00,60.0,,,,,0.0,hit,0.0,hit,8.0,hit,210.0,hit,1503.0,hit,2909.0,hit,2909.0,hit,16.0,hit,2953.0,hit,2974.0,hit,2991.0,hit,3033.0,hit,3056.0,hit,5.450000000000017,14,False,False,False,False,,5.450000000000017,14,False,False,False,False,,5.450000000000017,14,False,False,False,False,,5.450000000000017,14,False,False,False,False,,210.0,2022-08-24T13:01:00-04:00,2.299999999999997,5047.040000000041,1472.0,2022-08-25T10:03:00-04:00,2.8500000000000014,3947.040000000032,1473.0,2022-08-25T10:04:00-04:00,2.8000000000000043,4047.0400000000263,211.0,2022-08-24T13:02:00-04:00,3.8500000000000085,1947.0400000000177,1503.0,2022-08-25T10:34:00-04:00,1.9000000000000057,5847.040000000024,1827.0,2022-08-25T15:58:00-04:00,1.8500000000000014,5947.040000000032,1828.0,2022-08-25T15:59:00-04:00,1.8000000000000043,6047.040000000026,1504.0,2022-08-25T10:35:00-04:00,2.3500000000000014,4947.040000000032,2909.0,2022-08-26T10:00:00-04:00,0.0,9647.040000000035,,,,,,,,,2910.0,2022-08-26T10:01:00-04:00,2.1999999999999993,5247.040000000036,2909.0,2022-08-26T10:00:00-04:00,0.0,9647.040000000035,,,,,,,,,2910.0,2022-08-26T10:01:00-04:00,2.1999999999999993,5247.040000000036,480
2022-08-24,2022-08-26,2,6.0,2022-08-24T09:31:00-04:00,5.900000000000006,NDXP  220826P12990000,NDXP  220826P12980000,development,False,False,0,0,1,54,0,1145,available,False,2022-08-24T09:31:00-04:00,2022-08-26T15:58:00-04:00,10.0,-8352.959999999988,2.0,last_observed_quote_not_settlement,1036.0,281,41,5.950000000000017,-352.96000000002203,2022-08-24T09:32:00-04:00,0.0,5.900000000000006,-252.9599999999993,2022-08-24T09:33:00-04:00,0.0,6.850000000000023,-2152.9600000000332,2022-08-24T09:36:00-04:00,0.0,6.100000000000023,-652.9600000000335,2022-08-24T09:41:00-04:00,0.0,6.100000000000023,-652.9600000000335,2022-08-24T09:46:00-04:00,0.0,6.449999999999989,-1352.9599999999652,2022-08-24T10:01:00-04:00,0.0,5.5,547.040000000012,2022-08-24T10:31:00-04:00,0.0,4.650000000000006,2247.040000000001,2022-08-24T11:31:00-04:00,0.0,5.599999999999994,347.04000000002344,2022-08-24T16:00:00-04:00,0.0,2.6499999999999915,6247.040000000029,2022-08-25T16:00:00-04:00,0.0,,,2022-08-26T15:58:00-04:00,120.0,,,,,8.0,hit,104.0,hit,1455.0,hit,1519.0,hit,2919.0,hit,,never_hit,,never_hit,4.0,hit,4.0,hit,4.0,hit,2949.0,hit,2978.0,hit,2998.0,hit,7.650000000000006,42,True,False,False,False,,7.650000000000006,42,True,False,False,False,,,,True,True,True,False,4.050000000000004,,,True,True,True,False,4.050000000000004,1817.0,2022-08-25T15:48:00-04:00,2.8999999999999986,5747.0400000000145,1818.0,2022-08-25T15:49:00-04:00,2.8999999999999986,5747.0400000000145,1819.0,2022-08-25T15:50:00-04:00,2.8000000000000043,5947.040000000004,1818.0,2022-08-25T15:49:00-04:00,2.8999999999999986,5747.0400000000145,2919.0,2022-08-26T10:10:00-04:00,1.8500000000000014,7847.040000000009,,,,,,,,,2920.0,2022-08-26T10:11:00-04:00,2.1000000000000014,7347.040000000009,,,,,,,,,,,,,,,,,,,,,,,,,,,,,,,,,481
2022-08-24,2022-08-26,2,7.0,2022-08-24T09:31:00-04:00,7.0,NDXP  220826P13050000,NDXP  220826P13040000,development,False,False,0,0,1,50,0,1149,available,False,2022-08-24T09:31:00-04:00,2022-08-26T16:00:00-04:00,1.8000000000000114,10147.039999999979,0.0,last_observed_quote_not_settlement,1036.0,245,8,5.300000000000011,3147.039999999978,2022-08-24T09:32:00-04:00,0.0,6.650000000000006,447.03999999998933,2022-08-24T09:33:00-04:00,0.0,5.599999999999994,2547.0400000000122,2022-08-24T09:36:00-04:00,0.0,6.049999999999983,1647.0400000000348,2022-08-24T09:41:00-04:00,0.0,5.449999999999989,2847.0400000000236,2022-08-24T09:46:00-04:00,0.0,6.550000000000011,647.0399999999779,2022-08-24T10:01:00-04:00,0.0,5.899999999999977,1947.0400000000461,2022-08-24T10:31:00-04:00,0.0,5.900000000000006,1947.0399999999893,2022-08-24T11:31:00-04:00,0.0,7.150000000000006,-552.9600000000107,2022-08-24T16:00:00-04:00,0.0,3.200000000000003,7347.039999999995,2022-08-25T16:00:00-04:00,0.0,1.8000000000000114,10147.039999999979,2022-08-26T16:00:00-04:00,0.0,,,,,1.0,hit,8.0,hit,144.0,hit,1830.0,hit,3269.0,hit,,never_hit,,never_hit,29.0,hit,29.0,hit,0.0,hit,29.0,hit,2971.0,hit,2977.0,hit,8.199999999999989,2,True,True,False,False,,10.0,245,True,True,True,True,,,,True,True,True,False,5.199999999999989,,,True,True,True,False,5.199999999999989,1831.0,2022-08-25T16:02:00-04:00,2.5999999999999943,8547.040000000014,,,,,,,,,1832.0,2022-08-25T16:03:00-04:00,3.0999999999999943,7547.040000000012,3269.0,2022-08-26T16:00:00-04:00,1.8000000000000114,10147.039999999979,,,,,,,,,,,,,,,,,,,,,,,,,,,,,,,,,,,,,,,,,,,,,482
2022-08-26,2022-08-29,3,5.0,2022-08-26T09:31:00-04:00,5.099999999999994,NDXP  220829P13170000,NDXP  220829P13160000,development,False,False,0,0,1,90,0,704,available,False,2022-08-26T09:31:00-04:00,2022-08-29T16:00:00-04:00,10.0,-9952.96000000001,0.0,last_observed_quote_not_settlement,3916.0,618,18,5.149999999999977,-352.9599999999652,2022-08-26T09:32:00-04:00,0.0,4.849999999999994,247.04000000000067,2022-08-26T09:33:00-04:00,0.0,4.799999999999983,347.04000000002344,2022-08-26T09:36:00-04:00,0.0,5.099999999999966,-252.95999999994245,2022-08-26T09:41:00-04:00,0.0,5.5,-1052.9600000000107,2022-08-26T09:46:00-04:00,0.0,,,2022-08-26T10:00:00-04:00,60.0,7.900000000000034,-5852.960000000079,2022-08-26T10:31:00-04:00,0.0,9.150000000000034,-8352.96000000008,2022-08-26T11:31:00-04:00,0.0,9.25,-8552.960000000012,2022-08-26T16:00:00-04:00,0.0,,,2022-08-26T16:15:00-04:00,85500.0,,,2022-08-26T16:15:00-04:00,171900.0,10.0,-9952.96000000001,2022-08-29T16:00:00-04:00,0.0,0.0,hit,2.0,hit,,never_hit,,never_hit,,never_hit,,never_hit,,never_hit,8.0,hit,19.0,hit,21.0,hit,54.0,hit,97.0,hit,103.0,hit,,,True,True,True,False,1.0500000000000114,,,True,True,True,False,1.0500000000000114,,,True,True,True,False,1.0500000000000114,,,True,True,True,False,1.0500000000000114,,,,,,,,,,,,,,,,,,,,,,,,,,,,,,,,,,,,,,,,,,,,,,,,,,,,,,,,,,,,,,,,,483
2022-08-26,2022-08-29,3,6.0,2022-08-26T09:31:00-04:00,5.949999999999989,NDXP  220829P13550000,NDXP  220829P13540000,development,False,False,0,0,0,191,0,604,available,False,2022-08-26T09:31:00-04:00,2022-08-29T16:00:00-04:00,10.0,-8252.960000000021,0.0,last_observed_quote_not_settlement,3917.0,467,5,7.0,-2352.960000000022,2022-08-26T09:32:00-04:00,0.0,,,2022-08-26T09:32:00-04:00,60.0,8.899999999999977,-6152.959999999978,2022-08-26T09:36:00-04:00,0.0,4.199999999999989,3247.040000000001,2022-08-26T09:41:00-04:00,0.0,,,2022-08-26T09:45:00-04:00,60.0,9.300000000000011,-6952.960000000046,2022-08-26T10:01:00-04:00,0.0,,,2022-08-26T10:30:00-04:00,60.0,10.0,-8252.960000000021,2022-08-26T11:31:00-04:00,0.0,8.700000000000045,-5752.960000000115,2022-08-26T16:00:00-04:00,0.0,,,2022-08-26T16:14:00-04:00,85560.0,,,2022-08-26T16:14:00-04:00,171960.0,10.0,-8252.960000000021,2022-08-29T16:00:00-04:00,0.0,10.0,hit,10.0,hit,43.0,hit,43.0,hit,,never_hit,,never_hit,,never_hit,1.0,hit,1.0,hit,1.0,hit,5.0,hit,6.0,hit,6.0,hit,9.850000000000023,10,True,True,True,True,,,,True,True,True,False,3.5,,,True,True,True,False,3.5,,,True,True,True,False,3.5,43.0,2022-08-26T10:14:00-04:00,2.4499999999999886,6747.040000000001,,,,,,,,,44.0,2022-08-26T10:15:00-04:00,8.150000000000034,-4652.960000000092,,,,,,,,,,,,,,,,,,,,,,,,,,,,,,,,,,,,,,,,,,,,,,,,,484
2022-08-26,2022-08-29,3,7.0,2022-08-26T09:31:00-04:00,7.050000000000011,NDXP  220829P13300000,NDXP  220829P13290000,development,False,False,0,0,0,138,0,657,available,False,2022-08-26T09:31:00-04:00,2022-08-29T16:00:00-04:00,10.0,-6052.959999999977,0.0,last_observed_quote_not_settlement,3917.0,518,20,6.650000000000006,547.040000000012,2022-08-26T09:32:00-04:00,0.0,6.849999999999994,147.0400000000348,2022-08-26T09:33:00-04:00,0.0,6.149999999999977,1547.0400000000689,2022-08-26T09:36:00-04:00,0.0,6.599999999999994,647.0400000000348,2022-08-26T09:41:00-04:00,0.0,6.900000000000006,47.04000000001208,2022-08-26T09:46:00-04:00,0.0,6.949999999999989,-52.959999999953816,2022-08-26T10:01:00-04:00,0.0,9.0,-4152.959999999978,2022-08-26T10:31:00-04:00,0.0,9.800000000000011,-5752.960000000001,2022-08-26T11:31:00-04:00,0.0,9.450000000000045,-5052.960000000069,2022-08-26T16:00:00-04:00,0.0,,,2022-08-26T16:14:00-04:00,85560.0,,,2022-08-26T16:14:00-04:00,171960.0,10.0,-6052.959999999977,2022-08-29T16:00:00-04:00,0.0,11.0,hit,14.0,hit,4349.0,hit,4349.0,hit,,never_hit,,never_hit,,never_hit,32.0,hit,32.0,hit,0.0,hit,32.0,hit,57.0,hit,68.0,hit,10.0,279,True,True,True,True,,,,True,True,True,False,4.35000000000008,,,True,True,True,False,4.35000000000008,,,True,True,True,False,4.35000000000008,4349.0,2022-08-29T10:00:00-04:00,2.699999999999932,8447.040000000161,,,,,,,,,4350.0,2022-08-29T10:01:00-04:00,10.0,-6052.959999999977,,,,,,,,,,,,,,,,,,,,,,,,,,,,,,,,,,,,,,,,,,,,,,,,,485
2022-08-29,2022-08-31,2,5.0,2022-08-29T09:31:00-04:00,5.0,NDXP  220831P12540000,NDXP  220831P12530000,development,False,False,0,0,0,59,15,1141,available,False,2022-08-29T09:31:00-04:00,2022-08-31T15:59:00-04:00,10.0,-10152.96,1.0,last_observed_quote_not_settlement,1036.0,781,62,4.800000000000011,147.03999999997797,2022-08-29T09:32:00-04:00,0.0,4.600000000000023,547.0399999999552,2022-08-29T09:33:00-04:00,0.0,3.8999999999999773,1947.0400000000461,2022-08-29T09:36:00-04:00,0.0,4.400000000000006,947.0399999999893,2022-08-29T09:41:00-04:00,0.0,4.0,1747.0400000000006,2022-08-29T09:46:00-04:00,0.0,4.050000000000011,1647.039999999978,2022-08-29T10:01:00-04:00,0.0,4.199999999999989,1347.0400000000234,2022-08-29T10:31:00-04:00,0.0,5.349999999999994,-952.959999999988,2022-08-29T11:31:00-04:00,0.0,4.849999999999966,47.04000000006892,2022-08-29T16:00:00-04:00,0.0,8.050000000000011,-6352.960000000024,2022-08-30T16:00:00-04:00,0.0,,,2022-08-31T15:59:00-04:00,60.0,,,,,0.0,hit,0.0,hit,5.0,hit,,never_hit,,never_hit,,never_hit,,never_hit,29.0,hit,104.0,hit,104.0,hit,1507.0,hit,1633.0,hit,1672.0,hit,,,True,True,True,False,1.9499999999999886,,,True,True,True,False,1.9499999999999886,,,True,True,True,False,1.9499999999999886,,,True,True,True,False,1.9499999999999886,,,,,,,,,,,,,,,,,,,,,,,,,,,,,,,,,,,,,,,,,,,,,,,,,,,,,,,,,,,,,,,,,486
2022-08-29,2022-08-31,2,6.0,2022-08-29T09:31:00-04:00,6.0,NDXP  220831P12510000,NDXP  220831P12500000,development,False,False,0,0,0,49,15,1151,available,False,2022-08-29T09:31:00-04:00,2022-08-31T15:56:00-04:00,10.0,-8152.96,4.0,last_observed_quote_not_settlement,1036.0,641,28,4.5,2747.040000000001,2022-08-29T09:32:00-04:00,0.0,4.2999999999999545,3147.040000000092,2022-08-29T09:33:00-04:00,0.0,4.200000000000017,3347.0399999999668,2022-08-29T09:36:00-04:00,0.0,3.799999999999997,4147.040000000006,2022-08-29T09:41:00-04:00,0.0,3.6500000000000057,4447.039999999989,2022-08-29T09:46:00-04:00,0.0,4.5,2747.040000000001,2022-08-29T10:01:00-04:00,0.0,4.049999999999997,3647.0400000000063,2022-08-29T10:31:00-04:00,0.0,4.149999999999977,3447.0400000000463,2022-08-29T11:31:00-04:00,0.0,4.949999999999989,1847.0400000000234,2022-08-29T16:00:00-04:00,0.0,7.599999999999966,-3452.959999999931,2022-08-30T16:00:00-04:00,0.0,,,2022-08-31T15:56:00-04:00,240.0,,,,,1.0,hit,1.0,hit,3.0,hit,78.0,hit,,never_hit,,never_hit,,never_hit,103.0,hit,104.0,hit,104.0,hit,1516.0,hit,1671.0,hit,1814.0,hit,6.0,0,False,False,False,False,,,,True,True,True,False,3.3500000000000227,,,True,True,True,False,3.3500000000000227,,,True,True,True,False,3.3500000000000227,78.0,2022-08-29T10:49:00-04:00,2.8499999999999943,6047.040000000012,,,,,,,,,79.0,2022-08-29T10:50:00-04:00,4.650000000000034,2447.0399999999327,,,,,,,,,,,,,,,,,,,,,,,,,,,,,,,,,,,,,,,,,,,,,,,,,487
2022-08-29,2022-08-31,2,7.0,2022-08-29T09:31:00-04:00,7.0,NDXP  220831P13750000,NDXP  220831P13740000,development,False,False,0,0,0,130,15,1070,available,False,2022-08-29T09:31:00-04:00,2022-08-31T16:00:00-04:00,10.0,-6152.96,0.0,last_observed_quote_not_settlement,1037.0,955,16,,,2022-08-29T09:31:00-04:00,60.0,,,2022-08-29T09:31:00-04:00,120.0,8.099999999999909,-2452.959999999819,2022-08-29T09:36:00-04:00,0.0,10.0,-6152.96,2022-08-29T09:41:00-04:00,0.0,9.5,-5252.960000000001,2022-08-29T09:46:00-04:00,0.0,10.0,-6152.96,2022-08-29T10:01:00-04:00,0.0,9.950000000000273,-6152.96,2022-08-29T10:31:00-04:00,0.0,10.0,-6152.96,2022-08-29T11:31:00-04:00,0.0,7.599999999999909,-1452.9599999998175,2022-08-29T16:00:00-04:00,0.0,,,2022-08-30T15:58:00-04:00,120.0,10.0,-6152.96,2022-08-31T16:00:00-04:00,0.0,,,,,1742.0,hit,1742.0,hit,1742.0,hit,1742.0,hit,,never_hit,,never_hit,,never_hit,5.0,hit,5.0,hit,0.0,hit,5.0,hit,6.0,hit,6.0,hit,10.0,542,True,True,True,True,,,,True,True,True,False,4.099999999999909,,,True,True,True,False,4.099999999999909,,,True,True,True,False,4.099999999999909,1742.0,2022-08-30T14:33:00-04:00,2.900000000000091,7947.039999999819,,,,,,,,,1743.0,2022-08-30T14:34:00-04:00,10.0,-6152.96,,,,,,,,,,,,,,,,,,,,,,,,,,,,,,,,,,,,,,,,,,,,,,,,,488
2022-08-29,2022-09-01,3,5.0,2022-08-29T09:31:00-04:00,5.0,NDXP  220901P12580000,NDXP  220901P12570000,development,False,False,0,0,1,103,0,1500,available,False,2022-08-29T09:31:00-04:00,2022-09-01T16:00:00-04:00,10.0,-10152.96,0.0,last_observed_quote_not_settlement,1037.0,1186,127,4.699999999999989,347.04000000002344,2022-08-29T09:32:00-04:00,0.0,4.699999999999989,347.04000000002344,2022-08-29T09:33:00-04:00,0.0,4.650000000000006,447.03999999998933,2022-08-29T09:36:00-04:00,0.0,4.449999999999989,847.0400000000234,2022-08-29T09:41:00-04:00,0.0,5.149999999999977,-552.9599999999539,2022-08-29T09:46:00-04:00,0.0,4.599999999999994,547.040000000012,2022-08-29T10:01:00-04:00,0.0,4.799999999999983,147.0400000000348,2022-08-29T10:31:00-04:00,0.0,4.349999999999994,1047.040000000012,2022-08-29T11:31:00-04:00,0.0,7.0,-4252.959999999999,2022-08-29T16:00:00-04:00,0.0,8.25,-6752.960000000001,2022-08-30T16:00:00-04:00,0.0,9.400000000000091,-9052.960000000183,2022-08-31T16:00:00-04:00,0.0,10.0,-10152.96,2022-09-01T16:00:00-04:00,0.0,0.0,hit,0.0,hit,228.0,hit,,never_hit,,never_hit,,never_hit,,never_hit,7.0,hit,65.0,hit,204.0,hit,1469.0,hit,1657.0,hit,1666.0,hit,,,True,True,True,False,1.650000000000034,,,True,True,True,False,1.650000000000034,,,True,True,True,False,1.650000000000034,,,True,True,True,False,1.650000000000034,,,,,,,,,,,,,,,,,,,,,,,,,,,,,,,,,,,,,,,,,,,,,,,,,,,,,,,,,,,,,,,,,489
2022-08-29,2022-09-01,3,6.0,2022-08-29T09:31:00-04:00,6.099999999999966,NDXP  220901P12670000,NDXP  220901P12660000,development,False,False,0,0,0,70,0,1534,available,False,2022-08-29T09:31:00-04:00,2022-09-01T15:59:00-04:00,9.950000000000045,-7952.960000000068,1.0,last_observed_quote_not_settlement,1036.0,1233,113,6.0,-52.9600000000675,2022-08-29T09:32:00-04:00,0.0,5.950000000000017,47.03999999989839,2022-08-29T09:33:00-04:00,0.0,5.449999999999989,1047.0399999999552,2022-08-29T09:36:00-04:00,0.0,4.699999999999989,2547.0399999999554,2022-08-29T09:41:00-04:00,0.0,5.149999999999977,1647.039999999978,2022-08-29T09:46:00-04:00,0.0,5.399999999999977,1147.039999999978,2022-08-29T10:01:00-04:00,0.0,5.599999999999966,747.0400000000006,2022-08-29T10:31:00-04:00,0.0,6.649999999999977,-1352.960000000022,2022-08-29T11:31:00-04:00,0.0,6.100000000000023,-252.96000000011298,2022-08-29T16:00:00-04:00,0.0,8.25,-4552.960000000069,2022-08-30T16:00:00-04:00,0.0,9.950000000000045,-7952.960000000068,2022-08-31T16:00:00-04:00,0.0,,,2022-09-01T15:59:00-04:00,60.0,5.0,hit,9.0,hit,,never_hit,,never_hit,,never_hit,,never_hit,,never_hit,65.0,hit,124.0,hit,117.0,hit,1475.0,hit,1508.0,hit,1673.0,hit,,,True,True,True,False,1.849999999999966,,,True,True,True,False,1.849999999999966,,,True,True,True,False,1.849999999999966,,,True,True,True,False,1.849999999999966,,,,,,,,,,,,,,,,,,,,,,,,,,,,,,,,,,,,,,,,,,,,,,,,,,,,,,,,,,,,,,,,,490
2022-08-29,2022-09-01,3,7.0,2022-08-29T09:31:00-04:00,7.0,NDXP  220901P13250000,NDXP  220901P13240000,development,False,False,0,0,0,309,0,1295,available,False,2022-08-29T09:31:00-04:00,2022-09-01T16:00:00-04:00,10.0,-6152.96,0.0,last_observed_quote_not_settlement,1037.0,1065,25,9.700000000000045,-5652.960000000092,2022-08-29T09:32:00-04:00,0.0,9.649999999999977,-5552.9599999999555,2022-08-29T09:33:00-04:00,0.0,9.649999999999977,-5552.9599999999555,2022-08-29T09:36:00-04:00,0.0,9.600000000000023,-5452.960000000046,2022-08-29T09:41:00-04:00,0.0,9.600000000000136,-5452.960000000274,2022-08-29T09:46:00-04:00,0.0,9.700000000000045,-5652.960000000092,2022-08-29T10:01:00-04:00,0.0,9.299999999999955,-4852.95999999991,2022-08-29T10:31:00-04:00,0.0,9.900000000000091,-6052.960000000183,2022-08-29T11:31:00-04:00,0.0,10.0,-6152.96,2022-08-29T16:00:00-04:00,0.0,5.2000000000000455,3347.03999999991,2022-08-30T16:00:00-04:00,0.0,6.25,1247.0400000000006,2022-08-31T16:00:00-04:00,0.0,10.0,-6152.96,2022-09-01T16:00:00-04:00,0.0,155.0,hit,155.0,hit,155.0,hit,155.0,hit,,never_hit,,never_hit,,never_hit,1.0,hit,1.0,hit,0.0,hit,1.0,hit,1.0,hit,1.0,hit,9.900000000000091,123,True,True,True,True,,,,True,True,True,False,4.199999999999932,,,True,True,True,False,4.199999999999932,,,True,True,True,False,4.199999999999932,155.0,2022-08-29T12:06:00-04:00,2.800000000000068,8147.0399999998635,,,,,,,,,156.0,2022-08-29T12:07:00-04:00,9.799999999999955,-5852.95999999991,,,,,,,,,,,,,,,,,,,,,,,,,,,,,,,,,,,,,,,,,,,,,,,,,491
2022-08-30,2022-09-01,2,5.0,2022-08-30T09:31:00-04:00,5.049999999999983,NDXP  220901P12590000,NDXP  220901P12580000,development,False,False,0,0,1,108,15,1090,available,False,2022-08-30T09:31:00-04:00,2022-09-01T15:59:00-04:00,10.0,-10052.960000000034,1.0,last_observed_quote_not_settlement,1036.0,1002,8,5.099999999999994,-352.96000000002203,2022-08-30T09:32:00-04:00,0.0,4.550000000000011,747.0399999999438,2022-08-30T09:33:00-04:00,0.0,3.5500000000000114,2747.039999999944,2022-08-30T09:36:00-04:00,0.0,5.700000000000017,-1552.9600000000676,2022-08-30T09:41:00-04:00,0.0,6.100000000000023,-2352.9600000000787,2022-08-30T09:46:00-04:00,0.0,5.650000000000006,-1452.9600000000448,2022-08-30T10:01:00-04:00,0.0,6.649999999999977,-3452.9599999999878,2022-08-30T10:31:00-04:00,0.0,7.850000000000023,-5852.960000000079,2022-08-30T11:31:00-04:00,0.0,7.099999999999966,-4352.9599999999655,2022-08-30T16:00:00-04:00,0.0,9.5,-9152.960000000034,2022-08-31T16:00:00-04:00,0.0,,,2022-09-01T15:59:00-04:00,60.0,,,,,0.0,hit,2.0,hit,5.0,hit,,never_hit,,never_hit,,never_hit,,never_hit,8.0,hit,8.0,hit,38.0,hit,70.0,hit,216.0,hit,1531.0,hit,,,True,True,True,False,1.4999999999999716,,,True,True,True,False,1.4999999999999716,,,True,True,True,False,1.4999999999999716,,,True,True,True,False,1.4999999999999716,,,,,,,,,,,,,,,,,,,,,,,,,,,,,,,,,,,,,,,,,,,,,,,,,,,,,,,,,,,,,,,,,492
2022-08-30,2022-09-01,2,6.0,2022-08-30T09:31:00-04:00,6.0,NDXP  220901P12830000,NDXP  220901P12820000,development,False,False,0,0,0,133,15,1066,available,False,2022-08-30T09:31:00-04:00,2022-09-01T16:00:00-04:00,10.0,-8152.96,0.0,last_observed_quote_not_settlement,1037.0,950,7,7.75,-3752.959999999999,2022-08-30T09:32:00-04:00,0.0,8.050000000000011,-4352.960000000024,2022-08-30T09:33:00-04:00,0.0,8.5,-5252.960000000001,2022-08-30T09:36:00-04:00,0.0,8.599999999999966,-5452.959999999933,2022-08-30T09:41:00-04:00,0.0,8.75,-5752.960000000001,2022-08-30T09:46:00-04:00,0.0,8.550000000000011,-5352.960000000024,2022-08-30T10:01:00-04:00,0.0,8.900000000000034,-6052.960000000069,2022-08-30T10:31:00-04:00,0.0,7.399999999999977,-3052.9599999999537,2022-08-30T11:31:00-04:00,0.0,9.800000000000011,-7852.960000000024,2022-08-30T16:00:00-04:00,0.0,9.449999999999932,-7152.9599999998645,2022-08-31T16:00:00-04:00,0.0,10.0,-8152.96,2022-09-01T16:00:00-04:00,0.0,,,,,76.0,hit,76.0,hit,1526.0,hit,,never_hit,,never_hit,,never_hit,,never_hit,1.0,hit,1.0,hit,1.0,hit,2.0,hit,9.0,hit,36.0,hit,,,True,True,True,False,2.1999999999999886,,,True,True,True,False,2.1999999999999886,,,True,True,True,False,2.1999999999999886,,,True,True,True,False,2.1999999999999886,,,,,,,,,,,,,,,,,,,,,,,,,,,,,,,,,,,,,,,,,,,,,,,,,,,,,,,,,,,,,,,,,493
2022-08-30,2022-09-01,2,7.0,2022-08-30T09:31:00-04:00,7.0,NDXP  220901P12770000,NDXP  220901P12760000,development,False,False,0,0,0,140,15,1059,available,False,2022-08-30T09:31:00-04:00,2022-09-01T16:00:00-04:00,10.0,-6152.96,0.0,last_observed_quote_not_settlement,1037.0,920,33,6.75,247.04000000000067,2022-08-30T09:32:00-04:00,0.0,7.399999999999977,-1052.9599999999539,2022-08-30T09:33:00-04:00,0.0,6.550000000000011,647.0399999999779,2022-08-30T09:36:00-04:00,0.0,7.550000000000011,-1352.960000000022,2022-08-30T09:41:00-04:00,0.0,7.699999999999989,-1652.9599999999766,2022-08-30T09:46:00-04:00,0.0,7.849999999999966,-1952.9599999999311,2022-08-30T10:01:00-04:00,0.0,9.0,-4252.960000000001,2022-08-30T10:31:00-04:00,0.0,,,2022-08-30T11:30:00-04:00,60.0,,,2022-08-30T15:59:00-04:00,60.0,6.25,1247.0400000000006,2022-08-31T16:00:00-04:00,0.0,10.0,-6152.96,2022-09-01T16:00:00-04:00,0.0,,,,,101.0,hit,231.0,hit,293.0,hit,377.0,hit,,never_hit,,never_hit,,never_hit,10.0,hit,16.0,hit,0.0,hit,16.0,hit,43.0,hit,63.0,hit,10.0,279,True,True,True,True,,,,True,True,True,False,4.350000000000023,,,True,True,True,False,4.350000000000023,,,True,True,True,False,4.350000000000023,377.0,2022-08-30T15:48:00-04:00,2.6499999999999773,8447.040000000046,,,,,,,,,378.0,2022-08-30T15:49:00-04:00,6.199999999999989,1347.0400000000234,,,,,,,,,,,,,,,,,,,,,,,,,,,,,,,,,,,,,,,,,,,,,,,,,494
2022-08-30,2022-09-02,3,5.0,2022-08-30T09:31:00-04:00,4.900000000000034,NDXP  220902P12550000,NDXP  220902P12540000,development,False,False,0,0,0,129,0,1476,available,False,2022-08-30T09:31:00-04:00,2022-09-02T15:59:00-04:00,8.200000000000045,-6852.960000000024,1.0,last_observed_quote_not_settlement,1036.0,1374,19,4.050000000000011,1447.0400000000461,2022-08-30T09:32:00-04:00,0.0,4.899999999999977,-252.9599999998856,2022-08-30T09:33:00-04:00,0.0,5.050000000000011,-552.9599999999539,2022-08-30T09:36:00-04:00,0.0,4.549999999999983,447.040000000103,2022-08-30T09:41:00-04:00,0.0,6.199999999999989,-2852.959999999908,2022-08-30T09:46:00-04:00,0.0,4.399999999999977,747.0400000001143,2022-08-30T10:01:00-04:00,0.0,6.400000000000006,-3252.9599999999423,2022-08-30T10:31:00-04:00,0.0,6.099999999999966,-2652.9599999998627,2022-08-30T11:31:00-04:00,0.0,6.100000000000023,-2652.9599999999764,2022-08-30T16:00:00-04:00,0.0,7.800000000000011,-6052.959999999954,2022-08-31T16:00:00-04:00,0.0,8.700000000000045,-7852.960000000024,2022-09-01T16:00:00-04:00,0.0,,,2022-09-02T15:59:00-04:00,60.0,0.0,hit,0.0,hit,6.0,hit,,never_hit,,never_hit,,never_hit,,never_hit,15.0,hit,15.0,hit,31.0,hit,91.0,hit,2882.0,hit,2901.0,hit,,,True,True,True,False,1.5000000000000284,,,True,True,True,False,1.5000000000000284,,,True,True,True,False,1.5000000000000284,,,True,True,True,False,1.5000000000000284,,,,,,,,,,,,,,,,,,,,,,,,,,,,,,,,,,,,,,,,,,,,,,,,,,,,,,,,,,,,,,,,,495
2022-08-30,2022-09-02,3,6.0,2022-08-30T09:31:00-04:00,6.0,NDXP  220902P13610000,NDXP  220902P13600000,development,False,False,0,0,0,364,0,1241,available,False,2022-08-30T09:31:00-04:00,2022-09-02T16:00:00-04:00,10.0,-8152.96,0.0,last_observed_quote_not_settlement,1039.0,971,15,,,2022-08-30T09:31:00-04:00,60.0,6.849999999999909,-1952.9599999998175,2022-08-30T09:33:00-04:00,0.0,6.100000000000136,-452.96000000027215,2022-08-30T09:36:00-04:00,0.0,8.049999999999727,-4352.959999999455,2022-08-30T09:41:00-04:00,0.0,10.0,-8152.96,2022-08-30T09:46:00-04:00,0.0,,,2022-08-30T10:00:00-04:00,60.0,,,2022-08-30T10:30:00-04:00,60.0,,,2022-08-30T11:30:00-04:00,60.0,4.2000000000000455,3347.03999999991,2022-08-30T16:00:00-04:00,0.0,7.650000000000091,-3552.960000000181,2022-08-31T16:00:00-04:00,0.0,,,2022-09-01T15:59:00-04:00,60.0,10.0,-8152.96,2022-09-02T16:00:00-04:00,0.0,6.0,hit,13.0,hit,13.0,hit,,never_hit,,never_hit,,never_hit,,never_hit,2.0,hit,7.0,hit,7.0,hit,7.0,hit,7.0,hit,7.0,hit,,,True,True,True,False,2.300000000000182,,,True,True,True,False,2.300000000000182,,,True,True,True,False,2.300000000000182,,,True,True,True,False,2.300000000000182,,,,,,,,,,,,,,,,,,,,,,,,,,,,,,,,,,,,,,,,,,,,,,,,,,,,,,,,,,,,,,,,,496
2022-08-30,2022-09-02,3,7.0,2022-08-30T09:31:00-04:00,7.100000000000023,NDXP  220902P13350000,NDXP  220902P13340000,development,False,False,0,0,0,497,0,1108,available,False,2022-08-30T09:31:00-04:00,2022-09-02T16:00:00-04:00,10.0,-5952.959999999955,0.0,last_observed_quote_not_settlement,1037.0,778,35,,,2022-08-30T09:31:00-04:00,60.0,,,2022-08-30T09:31:00-04:00,120.0,9.799999999999955,-5652.9599999998645,2022-08-30T09:36:00-04:00,0.0,8.299999999999955,-2652.9599999998645,2022-08-30T09:41:00-04:00,0.0,9.899999999999977,-5852.95999999991,2022-08-30T09:46:00-04:00,0.0,9.899999999999977,-5852.95999999991,2022-08-30T10:01:00-04:00,0.0,9.75,-5552.9599999999555,2022-08-30T10:31:00-04:00,0.0,10.0,-5952.959999999955,2022-08-30T11:31:00-04:00,0.0,,,2022-08-30T15:59:00-04:00,60.0,,,2022-08-31T15:59:00-04:00,60.0,7.399999999999864,-852.959999999681,2022-09-01T16:00:00-04:00,0.0,10.0,-5952.959999999955,2022-09-02T16:00:00-04:00,0.0,29.0,hit,29.0,hit,29.0,hit,29.0,hit,29.0,hit,29.0,hit,29.0,hit,4.0,hit,4.0,hit,0.0,hit,4.0,hit,5.0,hit,5.0,hit,10.0,16,True,True,True,True,,10.0,16,True,True,True,True,,10.0,16,True,True,True,True,,10.0,16,True,True,True,True,,29.0,2022-08-30T10:00:00-04:00,0.0,13947.040000000046,,,,,,,,,30.0,2022-08-30T10:01:00-04:00,9.899999999999977,-5852.95999999991,29.0,2022-08-30T10:00:00-04:00,0.0,13947.040000000046,,,,,,,,,30.0,2022-08-30T10:01:00-04:00,9.899999999999977,-5852.95999999991,29.0,2022-08-30T10:00:00-04:00,0.0,13947.040000000046,,,,,,,,,30.0,2022-08-30T10:01:00-04:00,9.899999999999977,-5852.95999999991,29.0,2022-08-30T10:00:00-04:00,0.0,13947.040000000046,,,,,,,,,30.0,2022-08-30T10:01:00-04:00,9.899999999999977,-5852.95999999991,497
2022-08-31,2022-09-02,2,5.0,2022-08-31T09:31:00-04:00,5.0,NDXP  220902P12410000,NDXP  220902P12400000,development,False,False,0,0,0,70,0,1130,available,False,2022-08-31T09:31:00-04:00,2022-09-02T16:00:00-04:00,9.550000000000011,-9352.960000000023,0.0,last_observed_quote_not_settlement,1036.0,842,109,4.0,1747.0400000000006,2022-08-31T09:32:00-04:00,0.0,4.549999999999983,647.0400000000348,2022-08-31T09:33:00-04:00,0.0,3.4499999999999886,2847.0400000000236,2022-08-31T09:36:00-04:00,0.0,4.200000000000003,1347.039999999995,2022-08-31T09:41:00-04:00,0.0,4.200000000000003,1347.039999999995,2022-08-31T09:46:00-04:00,0.0,4.5,747.0400000000006,2022-08-31T10:01:00-04:00,0.0,6.650000000000006,-3552.9600000000105,2022-08-31T10:31:00-04:00,0.0,5.049999999999983,-352.9599999999652,2022-08-31T11:31:00-04:00,0.0,6.300000000000011,-2852.960000000022,2022-08-31T16:00:00-04:00,0.0,6.550000000000011,-3352.960000000022,2022-09-01T16:00:00-04:00,0.0,9.550000000000011,-9352.960000000023,2022-09-02T16:00:00-04:00,0.0,,,,,0.0,hit,0.0,hit,1.0,hit,346.0,hit,,never_hit,,never_hit,,never_hit,60.0,hit,60.0,hit,306.0,hit,1440.0,hit,1508.0,hit,1516.0,hit,7.5,189,True,False,False,False,,,,True,True,True,False,2.0999999999999943,,,True,True,True,False,2.0999999999999943,,,True,True,True,False,2.0999999999999943,346.0,2022-08-31T15:17:00-04:00,2.9000000000000057,3947.0399999999895,,,,,,,,,347.0,2022-08-31T15:18:00-04:00,4.349999999999994,1047.040000000012,,,,,,,,,,,,,,,,,,,,,,,,,,,,,,,,,,,,,,,,,,,,,,,,,498
2022-08-31,2022-09-02,2,6.0,2022-08-31T09:31:00-04:00,5.900000000000006,NDXP  220902P12540000,NDXP  220902P12530000,development,False,False,0,0,0,81,0,1119,available,False,2022-08-31T09:31:00-04:00,2022-09-02T16:00:00-04:00,9.300000000000011,-7052.960000000013,0.0,last_observed_quote_not_settlement,1036.0,1038,27,5.550000000000011,447.03999999998933,2022-08-31T09:32:00-04:00,0.0,5.9500000000000455,-352.9600000000789,2022-08-31T09:33:00-04:00,0.0,6.450000000000017,-1352.960000000022,2022-08-31T09:36:00-04:00,0.0,5.550000000000011,447.03999999998933,2022-08-31T09:41:00-04:00,0.0,6.349999999999994,-1152.9599999999766,2022-08-31T09:46:00-04:00,0.0,5.400000000000006,747.0400000000006,2022-08-31T10:01:00-04:00,0.0,7.049999999999983,-2552.9599999999537,2022-08-31T10:31:00-04:00,0.0,7.199999999999989,-2852.959999999965,2022-08-31T11:31:00-04:00,0.0,8.150000000000034,-4752.960000000058,2022-08-31T16:00:00-04:00,0.0,7.7999999999999545,-4052.959999999897,2022-09-01T16:00:00-04:00,0.0,9.300000000000011,-7052.960000000013,2022-09-02T16:00:00-04:00,0.0,,,,,14.0,hit,3222.0,hit,,never_hit,,never_hit,,never_hit,,never_hit,,never_hit,4.0,hit,58.0,hit,58.0,hit,63.0,hit,63.0,hit,1442.0,hit,,,True,True,True,False,1.3499999999999375,,,True,True,True,False,1.3499999999999375,,,True,True,True,False,1.3499999999999375,,,True,True,True,False,1.3499999999999375,,,,,,,,,,,,,,,,,,,,,,,,,,,,,,,,,,,,,,,,,,,,,,,,,,,,,,,,,,,,,,,,,499
2022-08-31,2022-09-02,2,7.0,2022-08-31T09:31:00-04:00,6.949999999999989,NDXP  220902P12640000,NDXP  220902P12630000,development,False,False,0,0,0,131,0,1069,available,False,2022-08-31T09:31:00-04:00,2022-09-02T15:54:00-04:00,10.0,-6252.960000000023,6.0,last_observed_quote_not_settlement,1038.0,944,37,7.950000000000017,-2252.960000000058,2022-08-31T09:32:00-04:00,0.0,7.400000000000034,-1152.9600000000903,2022-08-31T09:33:00-04:00,0.0,6.850000000000023,-52.9600000000675,2022-08-31T09:36:00-04:00,0.0,6.850000000000023,-52.9600000000675,2022-08-31T09:41:00-04:00,0.0,5.550000000000011,2547.0399999999554,2022-08-31T09:46:00-04:00,0.0,7.94999999999996,-2252.9599999999423,2022-08-31T10:01:00-04:00,0.0,8.099999999999966,-2552.9599999999555,2022-08-31T10:31:00-04:00,0.0,8.149999999999977,-2652.959999999978,2022-08-31T11:31:00-04:00,0.0,8.75,-3852.9600000000237,2022-08-31T16:00:00-04:00,0.0,9.349999999999966,-5052.9599999999555,2022-09-01T16:00:00-04:00,0.0,,,2022-09-02T15:54:00-04:00,360.0,,,,,14.0,hit,14.0,hit,1469.0,hit,1469.0,hit,1469.0,hit,1469.0,hit,,never_hit,1.0,hit,1.0,hit,1.0,hit,38.0,hit,250.0,hit,332.0,hit,10.0,397,True,True,True,True,,10.0,397,True,True,True,True,,10.0,397,True,True,True,True,,,,True,True,True,False,6.350000000000023,1469.0,2022-09-01T10:00:00-04:00,0.5999999999999659,12447.040000000046,,,,,,,,,1470.0,2022-09-01T10:01:00-04:00,9.300000000000068,-4952.96000000016,1469.0,2022-09-01T10:00:00-04:00,0.5999999999999659,12447.040000000046,,,,,,,,,1470.0,2022-09-01T10:01:00-04:00,9.300000000000068,-4952.96000000016,1469.0,2022-09-01T10:00:00-04:00,0.5999999999999659,12447.040000000046,,,,,,,,,1470.0,2022-09-01T10:01:00-04:00,9.300000000000068,-4952.96000000016,,,,,,,,,,,,,,,,,500
2022-09-06,2022-09-08,2,5.0,2022-09-06T09:31:00-04:00,4.900000000000006,NDXP  220908P12180000,NDXP  220908P12170000,development,False,False,0,0,0,3,15,1197,available,False,2022-09-06T09:31:00-04:00,2022-09-08T16:00:00-04:00,0.0,9547.040000000014,0.0,last_observed_quote_not_settlement,1036.0,638,48,5.199999999999989,-852.9599999999652,2022-09-06T09:32:00-04:00,0.0,5.25,-952.959999999988,2022-09-06T09:33:00-04:00,0.0,5.199999999999989,-852.9599999999652,2022-09-06T09:36:00-04:00,0.0,5.5,-1452.959999999988,2022-09-06T09:41:00-04:00,0.0,5.650000000000006,-1752.9599999999994,2022-09-06T09:46:00-04:00,0.0,6.700000000000017,-3852.960000000022,2022-09-06T10:01:00-04:00,0.0,7.199999999999989,-4852.9599999999655,2022-09-06T10:31:00-04:00,0.0,6.100000000000023,-2652.9600000000332,2022-09-06T11:31:00-04:00,0.0,6.899999999999977,-4252.959999999943,2022-09-06T16:00:00-04:00,0.0,2.950000000000003,3647.0400000000063,2022-09-07T16:00:00-04:00,0.0,0.0,9547.040000000014,2022-09-08T16:00:00-04:00,0.0,,,,,0.0,hit,0.0,hit,1632.0,hit,1657.0,hit,2930.0,hit,2968.0,hit,2990.0,hit,3.0,hit,4.0,hit,36.0,hit,1519.0,hit,,never_hit,,never_hit,8.25,604,True,True,False,False,,8.25,627,True,True,False,False,,8.25,627,True,True,False,False,,8.25,627,True,True,False,False,,1657.0,2022-09-07T13:08:00-04:00,2.8499999999999943,3847.0400000000236,1779.0,2022-09-07T15:10:00-04:00,2.5999999999999943,4347.040000000024,1785.0,2022-09-07T15:16:00-04:00,2.8999999999999986,3747.040000000015,1658.0,2022-09-07T13:09:00-04:00,4.449999999999989,647.0400000000348,2930.0,2022-09-08T10:21:00-04:00,1.8999999999999986,5747.0400000000145,2949.0,2022-09-08T10:40:00-04:00,1.5500000000000007,6447.040000000011,2950.0,2022-09-08T10:41:00-04:00,1.6999999999999993,6147.040000000014,2931.0,2022-09-08T10:22:00-04:00,2.299999999999997,4947.040000000018,2970.0,2022-09-08T11:01:00-04:00,0.75,8047.040000000012,2971.0,2022-09-08T11:02:00-04:00,0.75,8047.040000000012,2972.0,2022-09-08T11:03:00-04:00,0.6499999999999986,8247.040000000015,2971.0,2022-09-08T11:02:00-04:00,0.75,8047.040000000012,2994.0,2022-09-08T11:25:00-04:00,0.17499999999999982,9197.040000000014,2995.0,2022-09-08T11:26:00-04:00,0.050000000000000266,9447.040000000012,3230.0,2022-09-08T15:21:00-04:00,0.34999999999999987,8847.040000000014,2995.0,2022-09-08T11:26:00-04:00,0.050000000000000266,9447.040000000012,501
2022-09-06,2022-09-08,2,6.0,2022-09-06T09:31:00-04:00,5.75,NDXP  220908P12200000,NDXP  220908P12190000,development,False,False,0,0,0,0,15,1200,available,False,2022-09-06T09:31:00-04:00,2022-09-08T16:00:00-04:00,0.0,11247.04,0.0,last_observed_quote_not_settlement,1036.0,484,126,5.549999999999983,147.0400000000348,2022-09-06T09:32:00-04:00,0.0,6.099999999999966,-952.9599999999311,2022-09-06T09:33:00-04:00,0.0,5.099999999999994,1047.040000000012,2022-09-06T09:36:00-04:00,0.0,7.149999999999977,-3052.9599999999537,2022-09-06T09:41:00-04:00,0.0,7.950000000000017,-4652.9600000000355,2022-09-06T09:46:00-04:00,0.0,6.25,-1252.9599999999994,2022-09-06T10:01:00-04:00,0.0,6.849999999999966,-2452.959999999931,2022-09-06T10:31:00-04:00,0.0,6.199999999999989,-1152.9599999999766,2022-09-06T11:31:00-04:00,0.0,6.600000000000023,-1952.9600000000448,2022-09-06T16:00:00-04:00,0.0,3.5500000000000043,4147.039999999992,2022-09-07T16:00:00-04:00,0.0,0.0,11247.04,2022-09-08T16:00:00-04:00,0.0,,,,,5.0,hit,13.0,hit,103.0,hit,1784.0,hit,2953.0,hit,2970.0,hit,3233.0,hit,7.0,hit,7.0,hit,7.0,hit,33.0,hit,,never_hit,,never_hit,8.5,465,True,True,False,False,,8.5,472,True,True,False,False,,8.5,472,True,True,False,False,,8.5,484,True,True,False,False,,1784.0,2022-09-07T15:15:00-04:00,2.8999999999999986,5447.040000000004,1788.0,2022-09-07T15:19:00-04:00,2.8999999999999915,5447.040000000018,2931.0,2022-09-08T10:22:00-04:00,2.8000000000000007,5647.039999999999,1785.0,2022-09-07T15:16:00-04:00,3.1499999999999986,4947.040000000004,2953.0,2022-09-08T10:44:00-04:00,1.9499999999999993,7347.040000000002,2954.0,2022-09-08T10:45:00-04:00,1.8500000000000014,7547.039999999998,2955.0,2022-09-08T10:46:00-04:00,1.8999999999999986,7447.040000000004,2954.0,2022-09-08T10:45:00-04:00,1.8500000000000014,7547.039999999998,2970.0,2022-09-08T11:01:00-04:00,0.75,9747.04,2977.0,2022-09-08T11:08:00-04:00,0.8499999999999996,9547.040000000003,2982.0,2022-09-08T11:13:00-04:00,0.9499999999999993,9347.040000000003,2971.0,2022-09-08T11:02:00-04:00,0.9500000000000002,9347.04,3234.0,2022-09-08T15:25:00-04:00,0.25,10747.04,3241.0,2022-09-08T15:32:00-04:00,0.17499999999999982,10897.040000000003,3258.0,2022-09-08T15:49:00-04:00,0.2749999999999999,10697.04,3235.0,2022-09-08T15:26:00-04:00,0.5500000000000003,10147.04,502
2022-09-06,2022-09-08,2,7.0,2022-09-06T09:31:00-04:00,7.0,NDXP  220908P13050000,NDXP  220908P13040000,development,False,False,0,0,0,386,15,814,available,False,2022-09-06T09:31:00-04:00,2022-09-08T15:59:00-04:00,10.0,-6152.96,1.0,last_observed_quote_not_settlement,1037.0,585,22,1.8000000000000682,10147.039999999864,2022-09-06T09:32:00-04:00,0.0,9.900000000000091,-6052.960000000183,2022-09-06T09:33:00-04:00,0.0,7.75,-1752.9599999999994,2022-09-06T09:36:00-04:00,0.0,7.2999999999999545,-852.9599999999084,2022-09-06T09:41:00-04:00,0.0,,,2022-09-06T09:45:00-04:00,60.0,,,2022-09-06T09:59:00-04:00,120.0,9.450000000000273,-5152.960000000547,2022-09-06T10:31:00-04:00,0.0,9.149999999999977,-4552.9599999999555,2022-09-06T11:31:00-04:00,0.0,2.099999999999909,9547.040000000183,2022-09-06T16:00:00-04:00,0.0,9.5,-5252.960000000001,2022-09-07T16:00:00-04:00,0.0,,,2022-09-08T15:59:00-04:00,60.0,,,,,1.0,hit,1.0,hit,1.0,hit,1.0,hit,1.0,hit,,never_hit,,never_hit,2.0,hit,2.0,hit,0.0,hit,2.0,hit,2.0,hit,2.0,hit,7.0,0,True,False,False,False,,7.0,0,True,False,False,False,,,,True,True,True,False,5.199999999999932,,,True,True,True,False,5.199999999999932,1.0,2022-09-06T09:32:00-04:00,1.8000000000000682,10147.039999999864,,,,,,,,,2.0,2022-09-06T09:33:00-04:00,9.900000000000091,-6052.960000000183,1.0,2022-09-06T09:32:00-04:00,1.8000000000000682,10147.039999999864,,,,,,,,,2.0,2022-09-06T09:33:00-04:00,9.900000000000091,-6052.960000000183,,,,,,,,,,,,,,,,,,,,,,,,,,,,,,,,,503
2022-09-06,2022-09-09,3,5.0,2022-09-06T09:31:00-04:00,4.75,NDXP  220909P12210000,NDXP  220909P12200000,development,False,False,0,0,0,2,0,1603,available,False,2022-09-06T09:31:00-04:00,2022-09-09T16:00:00-04:00,0.0,9247.04,0.0,last_observed_quote_not_settlement,1036.0,697,69,5.199999999999989,-1152.9599999999766,2022-09-06T09:32:00-04:00,0.0,5.75,-2252.959999999999,2022-09-06T09:33:00-04:00,0.0,6.650000000000006,-4052.9600000000105,2022-09-06T09:36:00-04:00,0.0,5.150000000000006,-1052.9600000000107,2022-09-06T09:41:00-04:00,0.0,5.149999999999977,-1052.9599999999539,2022-09-06T09:46:00-04:00,0.0,6.599999999999966,-3952.959999999931,2022-09-06T10:01:00-04:00,0.0,5.350000000000023,-1452.9600000000448,2022-09-06T10:31:00-04:00,0.0,6.75,-4252.959999999999,2022-09-06T11:31:00-04:00,0.0,7.599999999999966,-5952.959999999931,2022-09-06T16:00:00-04:00,0.0,4.200000000000003,847.039999999995,2022-09-07T16:00:00-04:00,0.0,2.3999999999999986,4447.040000000004,2022-09-08T16:00:00-04:00,0.0,0.0,9247.04,2022-09-09T16:00:00-04:00,0.0,0.0,hit,0.0,hit,1620.0,hit,1620.0,hit,4320.0,hit,4320.0,hit,4323.0,hit,2.0,hit,2.0,hit,14.0,hit,61.0,hit,,never_hit,,never_hit,8.300000000000011,570,True,True,False,False,,8.300000000000011,697,True,True,False,False,,8.300000000000011,697,True,True,False,False,,8.300000000000011,697,True,True,False,False,,1620.0,2022-09-07T12:31:00-04:00,2.8499999999999943,3547.0400000000122,2968.0,2022-09-08T10:59:00-04:00,2.75,3747.040000000001,2969.0,2022-09-08T11:00:00-04:00,2.799999999999997,3647.0400000000063,1621.0,2022-09-07T12:32:00-04:00,5.899999999999977,-2552.9599999999537,4320.0,2022-09-09T09:31:00-04:00,0.7499999999999991,7747.040000000003,4321.0,2022-09-09T09:32:00-04:00,0.75,7747.040000000001,4322.0,2022-09-09T09:33:00-04:00,0.5499999999999998,8147.040000000002,4321.0,2022-09-09T09:32:00-04:00,0.75,7747.040000000001,4320.0,2022-09-09T09:31:00-04:00,0.7499999999999991,7747.040000000003,4321.0,2022-09-09T09:32:00-04:00,0.75,7747.040000000001,4322.0,2022-09-09T09:33:00-04:00,0.5499999999999998,8147.040000000002,4321.0,2022-09-09T09:32:00-04:00,0.75,7747.040000000001,4327.0,2022-09-09T09:38:00-04:00,0.15000000000000036,8947.04,4328.0,2022-09-09T09:39:00-04:00,0.09999999999999964,9047.040000000003,4348.0,2022-09-09T09:59:00-04:00,0.40000000000000036,8447.04,4328.0,2022-09-09T09:39:00-04:00,0.09999999999999964,9047.040000000003,504
2022-09-06,2022-09-09,3,6.0,2022-09-06T09:31:00-04:00,6.0,NDXP  220909P12270000,NDXP  220909P12260000,development,False,False,0,0,0,65,0,1540,available,False,2022-09-06T09:31:00-04:00,2022-09-09T16:00:00-04:00,0.049999999999999996,11647.040000000003,0.0,last_observed_quote_not_settlement,1036.0,640,56,5.649999999999977,447.0400000000462,2022-09-06T09:32:00-04:00,0.0,6.699999999999989,-1652.9599999999766,2022-09-06T09:33:00-04:00,0.0,5.949999999999989,-152.95999999997656,2022-09-06T09:36:00-04:00,0.0,6.600000000000023,-1452.9600000000448,2022-09-06T09:41:00-04:00,0.0,6.600000000000023,-1452.9600000000448,2022-09-06T09:46:00-04:00,0.0,8.149999999999977,-4552.9599999999555,2022-09-06T10:01:00-04:00,0.0,7.199999999999989,-2652.9599999999764,2022-09-06T10:31:00-04:00,0.0,7.099999999999966,-2452.959999999931,2022-09-06T11:31:00-04:00,0.0,7.199999999999932,-2652.9599999998627,2022-09-06T16:00:00-04:00,0.0,5.499999999999986,747.0400000000291,2022-09-07T16:00:00-04:00,0.0,3.5500000000000043,4647.039999999992,2022-09-08T16:00:00-04:00,0.0,0.049999999999999996,11647.040000000003,2022-09-09T16:00:00-04:00,0.0,29.0,hit,29.0,hit,1774.0,hit,2992.0,hit,4320.0,hit,4322.0,hit,4351.0,hit,2.0,hit,3.0,hit,3.0,hit,30.0,hit,,never_hit,,never_hit,8.849999999999966,616,True,True,False,False,,8.849999999999966,640,True,True,False,False,,8.849999999999966,640,True,True,False,False,,8.849999999999966,640,True,True,False,False,,2992.0,2022-09-08T11:23:00-04:00,2.8999999999999986,5947.040000000004,4321.0,2022-09-09T09:32:00-04:00,1.1500000000000004,9447.04,4322.0,2022-09-09T09:33:00-04:00,1.0,9747.04,2993.0,2022-09-08T11:24:00-04:00,3.0999999999999943,5547.040000000012,4320.0,2022-09-09T09:31:00-04:00,1.25,9247.04,4321.0,2022-09-09T09:32:00-04:00,1.1500000000000004,9447.04,4322.0,2022-09-09T09:33:00-04:00,1.0,9747.04,4321.0,2022-09-09T09:32:00-04:00,1.1500000000000004,9447.04,4324.0,2022-09-09T09:35:00-04:00,0.8499999999999996,10047.040000000003,4337.0,2022-09-09T09:48:00-04:00,0.8000000000000007,10147.04,4338.0,2022-09-09T09:49:00-04:00,0.9000000000000004,9947.04,4325.0,2022-09-09T09:36:00-04:00,1.0500000000000007,9647.04,4351.0,2022-09-09T10:02:00-04:00,0.4499999999999993,10847.040000000003,4355.0,2022-09-09T10:06:00-04:00,0.4499999999999993,10847.040000000003,4360.0,2022-09-09T10:11:00-04:00,0.40000000000000036,10947.04,4352.0,2022-09-09T10:03:00-04:00,0.5,10747.04,505
2022-09-06,2022-09-09,3,7.0,2022-09-06T09:31:00-04:00,7.0,NDXP  220909P12390000,NDXP  220909P12380000,development,False,False,0,0,0,10,0,1595,available,False,2022-09-06T09:31:00-04:00,2022-09-09T16:00:00-04:00,0.0,13747.04,0.0,last_observed_quote_not_settlement,1036.0,811,100,7.400000000000034,-1052.9600000000676,2022-09-06T09:32:00-04:00,0.0,7.350000000000023,-952.9600000000448,2022-09-06T09:33:00-04:00,0.0,7.25,-752.9599999999994,2022-09-06T09:36:00-04:00,0.0,7.350000000000023,-952.9600000000448,2022-09-06T09:41:00-04:00,0.0,7.5,-1252.9599999999994,2022-09-06T09:46:00-04:00,0.0,8.400000000000034,-3052.960000000069,2022-09-06T10:01:00-04:00,0.0,9.650000000000034,-5552.960000000069,2022-09-06T10:31:00-04:00,0.0,8.0,-2252.960000000001,2022-09-06T11:31:00-04:00,0.0,8.399999999999977,-3052.9599999999555,2022-09-06T16:00:00-04:00,0.0,6.400000000000006,947.0399999999893,2022-09-07T16:00:00-04:00,0.0,6.099999999999994,1547.040000000012,2022-09-08T16:00:00-04:00,0.0,0.0,13747.04,2022-09-09T16:00:00-04:00,0.0,33.0,hit,33.0,hit,33.0,hit,33.0,hit,33.0,hit,33.0,hit,33.0,hit,3.0,hit,3.0,hit,0.0,hit,3.0,hit,31.0,hit,31.0,hit,9.949999999999932,31,True,True,True,True,,9.949999999999932,31,True,True,True,True,,9.949999999999932,31,True,True,True,True,,9.949999999999932,31,True,True,True,True,,33.0,2022-09-06T10:04:00-04:00,0.0,13747.04,4325.0,2022-09-09T09:36:00-04:00,2.8500000000000014,8047.039999999998,4326.0,2022-09-09T09:37:00-04:00,2.9000000000000057,7947.039999999989,34.0,2022-09-06T10:05:00-04:00,8.600000000000023,-3452.9600000000464,33.0,2022-09-06T10:04:00-04:00,0.0,13747.04,4351.0,2022-09-09T10:02:00-04:00,1.6000000000000014,10547.039999999999,4352.0,2022-09-09T10:03:00-04:00,1.6500000000000021,10447.039999999997,34.0,2022-09-06T10:05:00-04:00,8.600000000000023,-3452.9600000000464,33.0,2022-09-06T10:04:00-04:00,0.0,13747.04,4392.0,2022-09-09T10:43:00-04:00,0.8999999999999986,11947.040000000005,4393.0,2022-09-09T10:44:00-04:00,0.9000000000000021,11947.039999999997,34.0,2022-09-06T10:05:00-04:00,8.600000000000023,-3452.9600000000464,33.0,2022-09-06T10:04:00-04:00,0.0,13747.04,4520.0,2022-09-09T12:51:00-04:00,0.35000000000000053,13047.04,4521.0,2022-09-09T12:52:00-04:00,0.4249999999999998,12897.040000000003,34.0,2022-09-06T10:05:00-04:00,8.600000000000023,-3452.9600000000464,506
2022-09-07,2022-09-09,2,5.0,2022-09-07T09:31:00-04:00,5.0,NDXP  220909P12050000,NDXP  220909P12040000,development,False,False,0,0,0,1,0,1199,available,False,2022-09-07T09:31:00-04:00,2022-09-09T16:00:00-04:00,0.0,9747.04,0.0,last_observed_quote_not_settlement,1036.0,2,4,4.550000000000011,647.0399999999779,2022-09-07T09:32:00-04:00,0.0,5.300000000000011,-852.9600000000221,2022-09-07T09:33:00-04:00,0.0,4.449999999999989,847.0400000000234,2022-09-07T09:36:00-04:00,0.0,4.200000000000003,1347.039999999995,2022-09-07T09:41:00-04:00,0.0,4.5,747.0400000000006,2022-09-07T09:46:00-04:00,0.0,4.600000000000023,547.0399999999552,2022-09-07T10:01:00-04:00,0.0,4.5,747.0400000000006,2022-09-07T10:31:00-04:00,0.0,3.5,2747.040000000001,2022-09-07T11:31:00-04:00,0.0,2.25,5247.040000000001,2022-09-07T16:00:00-04:00,0.0,0.6999999999999993,8347.040000000003,2022-09-08T16:00:00-04:00,0.0,0.0,9747.04,2022-09-09T16:00:00-04:00,0.0,,,,,0.0,hit,0.0,hit,4.0,hit,251.0,hit,345.0,hit,1530.0,hit,1830.0,hit,,never_hit,,never_hit,,never_hit,,never_hit,,never_hit,,never_hit,5.300000000000011,2,False,False,False,False,,5.300000000000011,2,False,False,False,False,,5.300000000000011,2,False,False,False,False,,5.300000000000011,2,False,False,False,False,,251.0,2022-09-07T13:42:00-04:00,2.9000000000000057,3947.0399999999895,256.0,2022-09-07T13:47:00-04:00,2.8999999999999986,3947.0400000000036,257.0,2022-09-07T13:48:00-04:00,2.9499999999999886,3847.0400000000236,252.0,2022-09-07T13:43:00-04:00,3.049999999999983,3647.040000000035,356.0,2022-09-07T15:27:00-04:00,1.9000000000000057,5947.039999999989,357.0,2022-09-07T15:28:00-04:00,1.8999999999999986,5947.040000000004,358.0,2022-09-07T15:29:00-04:00,1.8500000000000085,6047.039999999984,357.0,2022-09-07T15:28:00-04:00,1.8999999999999986,5947.040000000004,1530.0,2022-09-08T11:01:00-04:00,0.9000000000000004,7947.04,1531.0,2022-09-08T11:02:00-04:00,0.8499999999999996,8047.040000000002,1532.0,2022-09-08T11:03:00-04:00,0.9000000000000021,7947.039999999996,1531.0,2022-09-08T11:02:00-04:00,0.8499999999999996,8047.040000000002,2880.0,2022-09-09T09:31:00-04:00,0.125,9497.04,2881.0,2022-09-09T09:32:00-04:00,0.07500000000000018,9597.04,2882.0,2022-09-09T09:33:00-04:00,0.10000000000000009,9547.04,2881.0,2022-09-09T09:32:00-04:00,0.07500000000000018,9597.04,507
2022-09-07,2022-09-09,2,6.0,2022-09-07T09:31:00-04:00,5.949999999999989,NDXP  220909P12160000,NDXP  220909P12150000,development,False,False,0,0,0,8,0,1192,available,False,2022-09-07T09:31:00-04:00,2022-09-09T16:00:00-04:00,0.0,11647.039999999979,0.0,last_observed_quote_not_settlement,1036.0,27,34,5.349999999999994,947.0399999999893,2022-09-07T09:32:00-04:00,0.0,5.300000000000011,1047.0399999999552,2022-09-07T09:33:00-04:00,0.0,5.5,647.0399999999779,2022-09-07T09:36:00-04:00,0.0,5.949999999999989,-252.9599999999993,2022-09-07T09:41:00-04:00,0.0,6.25,-852.9600000000221,2022-09-07T09:46:00-04:00,0.0,5.75,147.03999999997797,2022-09-07T10:01:00-04:00,0.0,5.549999999999983,547.040000000012,2022-09-07T10:31:00-04:00,0.0,5.099999999999994,1447.0399999999893,2022-09-07T11:31:00-04:00,0.0,3.5999999999999943,4447.039999999989,2022-09-07T16:00:00-04:00,0.0,1.75,8147.039999999978,2022-09-08T16:00:00-04:00,0.0,0.0,11647.039999999979,2022-09-09T16:00:00-04:00,0.0,,,,,1.0,hit,6.0,hit,32.0,hit,180.0,hit,1530.0,hit,2880.0,hit,2880.0,hit,33.0,hit,36.0,hit,36.0,hit,,never_hit,,never_hit,,never_hit,7.149999999999977,24,True,False,False,False,,7.149999999999977,27,True,False,False,False,,7.149999999999977,27,True,False,False,False,,7.149999999999977,27,True,False,False,False,,180.0,2022-09-07T12:31:00-04:00,2.650000000000034,6347.03999999991,358.0,2022-09-07T15:29:00-04:00,2.8999999999999915,5847.039999999995,359.0,2022-09-07T15:30:00-04:00,2.8999999999999773,5847.040000000024,181.0,2022-09-07T12:32:00-04:00,4.850000000000023,1947.0399999999324,1530.0,2022-09-08T11:01:00-04:00,1.8999999999999986,7847.039999999981,1531.0,2022-09-08T11:02:00-04:00,1.9499999999999993,7747.039999999979,1532.0,2022-09-08T11:03:00-04:00,1.8000000000000007,8047.039999999976,1531.0,2022-09-08T11:02:00-04:00,1.9499999999999993,7747.039999999979,2880.0,2022-09-09T09:31:00-04:00,0.39999999999999947,10847.039999999979,2881.0,2022-09-09T09:32:00-04:00,0.3500000000000014,10947.039999999975,2882.0,2022-09-09T09:33:00-04:00,0.4500000000000002,10747.039999999979,2881.0,2022-09-09T09:32:00-04:00,0.3500000000000014,10947.039999999975,2880.0,2022-09-09T09:31:00-04:00,0.39999999999999947,10847.039999999979,2881.0,2022-09-09T09:32:00-04:00,0.3500000000000014,10947.039999999975,2885.0,2022-09-09T09:36:00-04:00,0.3000000000000007,11047.039999999977,2881.0,2022-09-09T09:32:00-04:00,0.3500000000000014,10947.039999999975,508
2022-09-07,2022-09-09,2,7.0,2022-09-07T09:31:00-04:00,7.0,NDXP  220909P12270000,NDXP  220909P12260000,development,False,False,0,0,0,65,0,1135,available,False,2022-09-07T09:31:00-04:00,2022-09-09T16:00:00-04:00,0.049999999999999996,13647.040000000003,0.0,last_observed_quote_not_settlement,1036.0,69,56,6.7999999999999545,147.04000000009165,2022-09-07T09:32:00-04:00,0.0,6.850000000000023,47.039999999955235,2022-09-07T09:33:00-04:00,0.0,6.349999999999994,1047.040000000012,2022-09-07T09:36:00-04:00,0.0,6.5,747.0400000000006,2022-09-07T09:41:00-04:00,0.0,7.099999999999994,-452.95999999998793,2022-09-07T09:46:00-04:00,0.0,8.399999999999977,-3052.9599999999555,2022-09-07T10:01:00-04:00,0.0,7.700000000000017,-1652.9600000000335,2022-09-07T10:31:00-04:00,0.0,6.25,1247.0400000000006,2022-09-07T11:31:00-04:00,0.0,5.499999999999986,2747.040000000029,2022-09-07T16:00:00-04:00,0.0,3.5500000000000043,6647.039999999992,2022-09-08T16:00:00-04:00,0.0,0.049999999999999996,13647.040000000003,2022-09-09T16:00:00-04:00,0.0,,,,,18.0,hit,18.0,hit,334.0,hit,1552.0,hit,2880.0,hit,2882.0,hit,2911.0,hit,4.0,hit,4.0,hit,0.0,hit,4.0,hit,,never_hit,,never_hit,8.75,62,True,True,False,False,,8.75,69,True,True,False,False,,8.75,69,True,True,False,False,,8.75,69,True,True,False,False,,1552.0,2022-09-08T11:23:00-04:00,2.8999999999999986,7947.040000000004,2881.0,2022-09-09T09:32:00-04:00,1.1500000000000004,11447.04,2882.0,2022-09-09T09:33:00-04:00,1.0,11747.04,1553.0,2022-09-08T11:24:00-04:00,3.0999999999999943,7547.040000000012,2880.0,2022-09-09T09:31:00-04:00,1.25,11247.04,2881.0,2022-09-09T09:32:00-04:00,1.1500000000000004,11447.04,2882.0,2022-09-09T09:33:00-04:00,1.0,11747.04,2881.0,2022-09-09T09:32:00-04:00,1.1500000000000004,11447.04,2884.0,2022-09-09T09:35:00-04:00,0.8499999999999996,12047.040000000003,2897.0,2022-09-09T09:48:00-04:00,0.8000000000000007,12147.04,2898.0,2022-09-09T09:49:00-04:00,0.9000000000000004,11947.04,2885.0,2022-09-09T09:36:00-04:00,1.0500000000000007,11647.04,2911.0,2022-09-09T10:02:00-04:00,0.4499999999999993,12847.040000000003,2915.0,2022-09-09T10:06:00-04:00,0.4499999999999993,12847.040000000003,2920.0,2022-09-09T10:11:00-04:00,0.40000000000000036,12947.04,2912.0,2022-09-09T10:03:00-04:00,0.5,12747.04,509
2022-09-09,2022-09-12,3,5.0,2022-09-09T09:31:00-04:00,4.800000000000011,NDXP  220912P12470000,NDXP  220912P12460000,development,False,False,0,0,0,24,0,771,available,False,2022-09-09T09:31:00-04:00,2022-09-12T15:37:00-04:00,0.0,9347.040000000025,23.0,last_observed_quote_not_settlement,3916.0,9,10,4.3999999999999915,547.0400000000404,2022-09-09T09:32:00-04:00,0.0,3.450000000000003,2447.0400000000177,2022-09-09T09:33:00-04:00,0.0,3.8999999999999915,1547.0400000000404,2022-09-09T09:36:00-04:00,0.0,4.849999999999994,-352.9599999999652,2022-09-09T09:41:00-04:00,0.0,4.900000000000006,-452.95999999998793,2022-09-09T09:46:00-04:00,0.0,3.5,2347.0400000000236,2022-09-09T10:01:00-04:00,0.0,3.6000000000000085,2147.0400000000063,2022-09-09T10:31:00-04:00,0.0,3.200000000000003,2947.0400000000177,2022-09-09T11:31:00-04:00,0.0,2.2500000000000036,4847.040000000016,2022-09-09T16:00:00-04:00,0.0,,,2022-09-09T16:15:00-04:00,85500.0,,,2022-09-09T16:15:00-04:00,171900.0,,,2022-09-12T15:37:00-04:00,1380.0,0.0,hit,0.0,hit,2.0,hit,71.0,hit,4320.0,hit,4320.0,hit,4330.0,hit,9.0,hit,17.0,hit,,never_hit,,never_hit,,never_hit,,never_hit,5.949999999999989,9,False,False,False,False,,5.949999999999989,9,False,False,False,False,,5.949999999999989,9,False,False,False,False,,5.949999999999989,9,False,False,False,False,,75.0,2022-09-09T10:46:00-04:00,2.9499999999999957,3447.040000000032,127.0,2022-09-09T11:38:00-04:00,2.700000000000003,3947.0400000000177,128.0,2022-09-09T11:39:00-04:00,2.9000000000000057,3547.0400000000122,76.0,2022-09-09T10:47:00-04:00,3.1999999999999957,2947.040000000032,4320.0,2022-09-12T09:31:00-04:00,0.9000000000000004,7547.040000000023,4321.0,2022-09-12T09:32:00-04:00,0.6999999999999993,7947.0400000000245,4322.0,2022-09-12T09:33:00-04:00,0.75,7847.040000000024,4321.0,2022-09-12T09:32:00-04:00,0.6999999999999993,7947.0400000000245,4320.0,2022-09-12T09:31:00-04:00,0.9000000000000004,7547.040000000023,4321.0,2022-09-12T09:32:00-04:00,0.6999999999999993,7947.0400000000245,4322.0,2022-09-12T09:33:00-04:00,0.75,7847.040000000024,4321.0,2022-09-12T09:32:00-04:00,0.6999999999999993,7947.0400000000245,4340.0,2022-09-12T09:51:00-04:00,0.25,8847.040000000025,4343.0,2022-09-12T09:54:00-04:00,0.39999999999999947,8547.040000000025,4344.0,2022-09-12T09:55:00-04:00,0.39999999999999947,8547.040000000025,4341.0,2022-09-12T09:52:00-04:00,0.5499999999999998,8247.040000000025,510
2022-09-09,2022-09-12,3,6.0,2022-09-09T09:31:00-04:00,5.999999999999972,NDXP  220912P12530000,NDXP  220912P12520000,development,False,False,0,0,0,10,0,785,available,False,2022-09-09T09:31:00-04:00,2022-09-12T16:00:00-04:00,0.0,11747.039999999944,0.0,last_observed_quote_not_settlement,3916.0,5,8,5.949999999999989,-152.9600000000334,2022-09-09T09:32:00-04:00,0.0,5.75,247.03999999994383,2022-09-09T09:33:00-04:00,0.0,5.650000000000034,447.03999999987565,2022-09-09T09:36:00-04:00,0.0,5.599999999999994,547.0399999999552,2022-09-09T09:41:00-04:00,0.0,6.099999999999994,-452.9600000000448,2022-09-09T09:46:00-04:00,0.0,4.900000000000006,1947.0399999999324,2022-09-09T10:01:00-04:00,0.0,4.299999999999983,3147.039999999978,2022-09-09T10:31:00-04:00,0.0,4.099999999999994,3547.0399999999554,2022-09-09T11:31:00-04:00,0.0,4.350000000000001,3047.039999999941,2022-09-09T16:00:00-04:00,0.0,,,2022-09-09T16:15:00-04:00,85500.0,,,2022-09-09T16:15:00-04:00,171900.0,0.0,11747.039999999944,2022-09-12T16:00:00-04:00,0.0,4.0,hit,4.0,hit,45.0,hit,298.0,hit,4320.0,hit,4330.0,hit,4356.0,hit,,never_hit,,never_hit,,never_hit,,never_hit,,never_hit,,never_hit,6.099999999999994,5,False,False,False,False,,6.099999999999994,5,False,False,False,False,,6.099999999999994,5,False,False,False,False,,6.099999999999994,5,False,False,False,False,,4320.0,2022-09-12T09:31:00-04:00,1.8000000000000007,8147.039999999942,4321.0,2022-09-12T09:32:00-04:00,1.6000000000000014,8547.039999999943,4322.0,2022-09-12T09:33:00-04:00,1.5999999999999979,8547.039999999948,4321.0,2022-09-12T09:32:00-04:00,1.6000000000000014,8547.039999999943,4320.0,2022-09-12T09:31:00-04:00,1.8000000000000007,8147.039999999942,4321.0,2022-09-12T09:32:00-04:00,1.6000000000000014,8547.039999999943,4322.0,2022-09-12T09:33:00-04:00,1.5999999999999979,8547.039999999948,4321.0,2022-09-12T09:32:00-04:00,1.6000000000000014,8547.039999999943,4342.0,2022-09-12T09:53:00-04:00,0.8499999999999996,10047.039999999946,4343.0,2022-09-12T09:54:00-04:00,0.9499999999999993,9847.039999999946,4344.0,2022-09-12T09:55:00-04:00,0.8500000000000014,10047.039999999943,4343.0,2022-09-12T09:54:00-04:00,0.9499999999999993,9847.039999999946,4370.0,2022-09-12T10:21:00-04:00,0.40000000000000036,10947.039999999944,4371.0,2022-09-12T10:22:00-04:00,0.40000000000000036,10947.039999999944,4436.0,2022-09-12T11:27:00-04:00,0.3500000000000001,11047.039999999944,4371.0,2022-09-12T10:22:00-04:00,0.40000000000000036,10947.039999999944,511
2022-09-09,2022-09-12,3,7.0,2022-09-09T09:31:00-04:00,7.050000000000011,NDXP  220912P12560000,NDXP  220912P12550000,development,False,False,0,0,0,0,0,795,available,False,2022-09-09T09:31:00-04:00,2022-09-12T16:00:00-04:00,0.0,13847.040000000025,0.0,last_observed_quote_not_settlement,3916.0,3,6,6.100000000000023,1647.039999999978,2022-09-09T09:32:00-04:00,0.0,5.400000000000034,3047.0399999999554,2022-09-09T09:33:00-04:00,0.0,5.349999999999994,3147.040000000035,2022-09-09T09:36:00-04:00,0.0,6.300000000000011,1247.0400000000006,2022-09-09T09:41:00-04:00,0.0,6.150000000000034,1547.0399999999552,2022-09-09T09:46:00-04:00,0.0,5.549999999999997,2747.040000000029,2022-09-09T10:01:00-04:00,0.0,4.700000000000003,4447.040000000018,2022-09-09T10:31:00-04:00,0.0,3.8999999999999915,6047.040000000041,2022-09-09T11:31:00-04:00,0.0,3.9499999999999886,5947.040000000046,2022-09-09T16:00:00-04:00,0.0,,,2022-09-09T16:15:00-04:00,85500.0,,,2022-09-09T16:15:00-04:00,171900.0,0.0,13847.040000000025,2022-09-12T16:00:00-04:00,0.0,2.0,hit,31.0,hit,79.0,hit,150.0,hit,4323.0,hit,4345.0,hit,4439.0,hit,12.0,hit,,never_hit,0.0,hit,,never_hit,,never_hit,,never_hit,7.600000000000023,3,True,False,False,False,,7.600000000000023,3,True,False,False,False,,7.600000000000023,3,True,False,False,False,,7.600000000000023,3,True,False,False,False,,150.0,2022-09-09T12:01:00-04:00,2.5,8847.040000000025,4321.0,2022-09-12T09:32:00-04:00,2.650000000000002,8547.04000000002,4322.0,2022-09-12T09:33:00-04:00,2.1000000000000014,9647.04000000002,151.0,2022-09-09T12:02:00-04:00,4.6000000000000085,4647.040000000006,4324.0,2022-09-12T09:35:00-04:00,1.9499999999999957,9947.040000000034,4331.0,2022-09-12T09:42:00-04:00,1.5,10847.040000000025,4332.0,2022-09-12T09:43:00-04:00,1.5,10847.040000000025,4325.0,2022-09-12T09:36:00-04:00,2.549999999999997,8747.04000000003,4346.0,2022-09-12T09:57:00-04:00,0.8999999999999995,12047.040000000025,4347.0,2022-09-12T09:58:00-04:00,0.7999999999999998,12247.040000000025,4348.0,2022-09-12T09:59:00-04:00,0.8000000000000007,12247.040000000023,4347.0,2022-09-12T09:58:00-04:00,0.7999999999999998,12247.040000000025,4442.0,2022-09-12T11:33:00-04:00,0.44999999999999973,12947.040000000025,4526.0,2022-09-12T12:57:00-04:00,0.3999999999999999,13047.040000000023,4530.0,2022-09-12T13:01:00-04:00,0.4499999999999993,12947.040000000026,4443.0,2022-09-12T11:34:00-04:00,0.4500000000000002,12947.040000000025,512
2022-09-12,2022-09-14,2,5.0,2022-09-12T09:31:00-04:00,4.950000000000017,NDXP  220914P12680000,NDXP  220914P12670000,development,False,False,0,0,0,67,15,1133,available,False,2022-09-12T09:31:00-04:00,2022-09-14T16:00:00-04:00,10.0,-10252.959999999965,0.0,last_observed_quote_not_settlement,1037.0,688,19,5.5,-1352.9599999999652,2022-09-12T09:32:00-04:00,0.0,4.750000000000028,147.03999999997797,2022-09-12T09:33:00-04:00,0.0,5.0499999999999545,-452.95999999987424,2022-09-12T09:36:00-04:00,0.0,4.5,647.0400000000348,2022-09-12T09:41:00-04:00,0.0,4.75,147.0400000000348,2022-09-12T09:46:00-04:00,0.0,4.400000000000006,847.0400000000234,2022-09-12T10:01:00-04:00,0.0,4.150000000000006,1347.0400000000234,2022-09-12T10:31:00-04:00,0.0,4.199999999999989,1247.0400000000575,2022-09-12T11:31:00-04:00,0.0,4.099999999999994,1447.0400000000461,2022-09-12T16:00:00-04:00,0.0,7.2000000000000455,-4752.960000000056,2022-09-13T16:00:00-04:00,0.0,10.0,-10252.959999999965,2022-09-14T16:00:00-04:00,0.0,,,,,0.0,hit,0.0,hit,40.0,hit,,never_hit,,never_hit,,never_hit,,never_hit,1.0,hit,158.0,hit,1440.0,hit,1440.0,hit,1445.0,hit,1464.0,hit,,,True,True,True,False,1.2500000000000284,,,True,True,True,False,1.2500000000000284,,,True,True,True,False,1.2500000000000284,,,True,True,True,False,1.2500000000000284,,,,,,,,,,,,,,,,,,,,,,,,,,,,,,,,,,,,,,,,,,,,,,,,,,,,,,,,,,,,,,,,,513
2022-09-12,2022-09-14,2,6.0,2022-09-12T09:31:00-04:00,5.999999999999972,NDXP  220914P12780000,NDXP  220914P12770000,development,False,False,0,0,0,84,15,1116,available,False,2022-09-12T09:31:00-04:00,2022-09-14T16:00:00-04:00,10.0,-8152.960000000056,0.0,last_observed_quote_not_settlement,1037.0,671,29,6.199999999999989,-652.9600000000335,2022-09-12T09:32:00-04:00,0.0,5.199999999999989,1347.0399999999665,2022-09-12T09:33:00-04:00,0.0,5.75,247.03999999994383,2022-09-12T09:36:00-04:00,0.0,5.7000000000000455,347.0399999998529,2022-09-12T09:41:00-04:00,0.0,5.849999999999994,47.039999999955235,2022-09-12T09:46:00-04:00,0.0,4.800000000000011,2147.0399999999213,2022-09-12T10:01:00-04:00,0.0,5.199999999999989,1347.0399999999665,2022-09-12T10:31:00-04:00,0.0,5.25,1247.0399999999438,2022-09-12T11:31:00-04:00,0.0,5.100000000000023,1547.0399999998983,2022-09-12T16:00:00-04:00,0.0,10.0,-8152.960000000056,2022-09-13T16:00:00-04:00,0.0,10.0,-8152.960000000056,2022-09-14T16:00:00-04:00,0.0,,,,,2.0,hit,25.0,hit,,never_hit,,never_hit,,never_hit,,never_hit,,never_hit,146.0,hit,1440.0,hit,1440.0,hit,1440.0,hit,1440.0,hit,1446.0,hit,,,True,True,True,False,1.8999999999999773,,,True,True,True,False,1.8999999999999773,,,True,True,True,False,1.8999999999999773,,,True,True,True,False,1.8999999999999773,,,,,,,,,,,,,,,,,,,,,,,,,,,,,,,,,,,,,,,,,,,,,,,,,,,,,,,,,,,,,,,,,514
2022-09-12,2022-09-14,2,7.0,2022-09-12T09:31:00-04:00,6.900000000000034,NDXP  220914P12840000,NDXP  220914P12830000,development,False,False,0,0,0,58,15,1142,available,False,2022-09-12T09:31:00-04:00,2022-09-14T16:00:00-04:00,10.0,-6352.959999999932,0.0,last_observed_quote_not_settlement,1036.0,691,14,7.550000000000011,-1552.9599999999539,2022-09-12T09:32:00-04:00,0.0,7.0,-452.9599999999311,2022-09-12T09:33:00-04:00,0.0,6.499999999999972,547.0400000001257,2022-09-12T09:36:00-04:00,0.0,6.5,547.0400000000689,2022-09-12T09:41:00-04:00,0.0,6.450000000000017,647.0400000000348,2022-09-12T09:46:00-04:00,0.0,5.799999999999983,1947.040000000103,2022-09-12T10:01:00-04:00,0.0,5.800000000000011,1947.0400000000461,2022-09-12T10:31:00-04:00,0.0,5.900000000000006,1747.0400000000575,2022-09-12T11:31:00-04:00,0.0,5.699999999999989,2147.040000000092,2022-09-12T16:00:00-04:00,0.0,9.649999999999977,-5752.959999999887,2022-09-13T16:00:00-04:00,0.0,10.0,-6352.959999999932,2022-09-14T16:00:00-04:00,0.0,,,,,50.0,hit,337.0,hit,,never_hit,,never_hit,,never_hit,,never_hit,,never_hit,1.0,hit,1440.0,hit,1.0,hit,1440.0,hit,1440.0,hit,1440.0,hit,,,True,True,True,False,2.8500000000000227,,,True,True,True,False,2.8500000000000227,,,True,True,True,False,2.8500000000000227,,,True,True,True,False,2.8500000000000227,,,,,,,,,,,,,,,,,,,,,,,,,,,,,,,,,,,,,,,,,,,,,,,,,,,,,,,,,,,,,,,,,515
2022-09-12,2022-09-15,3,5.0,2022-09-12T09:31:00-04:00,4.25,NDXP  220915P12600000,NDXP  220915P12590000,development,False,False,0,0,0,131,0,1474,available,False,2022-09-12T09:31:00-04:00,2022-09-15T15:57:00-04:00,3.1499999999999773,1947.0400000000461,3.0,last_observed_quote_not_settlement,1036.0,981,5,4.099999999999994,47.04000000001208,2022-09-12T09:32:00-04:00,0.0,4.0,247.04000000000067,2022-09-12T09:33:00-04:00,0.0,3.9000000000000057,447.03999999998933,2022-09-12T09:36:00-04:00,0.0,3.749999999999986,747.0400000000291,2022-09-12T09:41:00-04:00,0.0,3.8999999999999915,447.04000000001776,2022-09-12T09:46:00-04:00,0.0,3.4000000000000057,1447.0399999999893,2022-09-12T10:01:00-04:00,0.0,3.450000000000003,1347.039999999995,2022-09-12T10:31:00-04:00,0.0,2.3499999999999943,3547.0400000000122,2022-09-12T11:31:00-04:00,0.0,3.200000000000003,1847.039999999995,2022-09-12T16:00:00-04:00,0.0,9.649999999999977,-11052.959999999955,2022-09-13T16:00:00-04:00,0.0,9.899999999999977,-11552.959999999955,2022-09-14T16:00:00-04:00,0.0,,,2022-09-15T15:57:00-04:00,180.0,0.0,hit,0.0,hit,2.0,hit,70.0,hit,,never_hit,,never_hit,,never_hit,1440.0,hit,1440.0,hit,1440.0,hit,1449.0,hit,1510.0,hit,1510.0,hit,4.500000000000014,2,False,False,False,False,,,,True,True,True,False,1.9000000000000057,,,True,True,True,False,1.9000000000000057,,,True,True,True,False,1.9000000000000057,70.0,2022-09-12T10:41:00-04:00,2.700000000000003,2847.039999999995,76.0,2022-09-12T10:47:00-04:00,2.8999999999999915,2447.0400000000177,121.0,2022-09-12T11:32:00-04:00,2.9000000000000057,2447.0399999999895,71.0,2022-09-12T10:42:00-04:00,3.049999999999997,2147.0400000000063,,,,,,,,,,,,,,,,,,,,,,,,,,,,,,,,,,,,,,,,,,,,,,,,,516
2022-09-12,2022-09-15,3,6.0,2022-09-12T09:31:00-04:00,4.25,NDXP  220915P12600000,NDXP  220915P12590000,development,False,False,0,0,0,131,0,1474,available,False,2022-09-12T09:31:00-04:00,2022-09-15T15:57:00-04:00,3.1499999999999773,1947.0400000000461,3.0,last_observed_quote_not_settlement,1036.0,981,5,4.099999999999994,47.04000000001208,2022-09-12T09:32:00-04:00,0.0,4.0,247.04000000000067,2022-09-12T09:33:00-04:00,0.0,3.9000000000000057,447.03999999998933,2022-09-12T09:36:00-04:00,0.0,3.749999999999986,747.0400000000291,2022-09-12T09:41:00-04:00,0.0,3.8999999999999915,447.04000000001776,2022-09-12T09:46:00-04:00,0.0,3.4000000000000057,1447.0399999999893,2022-09-12T10:01:00-04:00,0.0,3.450000000000003,1347.039999999995,2022-09-12T10:31:00-04:00,0.0,2.3499999999999943,3547.0400000000122,2022-09-12T11:31:00-04:00,0.0,3.200000000000003,1847.039999999995,2022-09-12T16:00:00-04:00,0.0,9.649999999999977,-11052.959999999955,2022-09-13T16:00:00-04:00,0.0,9.899999999999977,-11552.959999999955,2022-09-14T16:00:00-04:00,0.0,,,2022-09-15T15:57:00-04:00,180.0,0.0,hit,0.0,hit,2.0,hit,70.0,hit,,never_hit,,never_hit,,never_hit,1440.0,hit,1440.0,hit,1440.0,hit,1449.0,hit,1510.0,hit,1510.0,hit,4.500000000000014,2,False,False,False,False,,,,True,True,True,False,1.9000000000000057,,,True,True,True,False,1.9000000000000057,,,True,True,True,False,1.9000000000000057,70.0,2022-09-12T10:41:00-04:00,2.700000000000003,2847.039999999995,76.0,2022-09-12T10:47:00-04:00,2.8999999999999915,2447.0400000000177,121.0,2022-09-12T11:32:00-04:00,2.9000000000000057,2447.0399999999895,71.0,2022-09-12T10:42:00-04:00,3.049999999999997,2147.0400000000063,,,,,,,,,,,,,,,,,,,,,,,,,,,,,,,,,,,,,,,,,,,,,,,,,517
2022-09-12,2022-09-15,3,7.0,2022-09-12T09:31:00-04:00,4.25,NDXP  220915P12600000,NDXP  220915P12590000,development,False,False,0,0,0,131,0,1474,available,False,2022-09-12T09:31:00-04:00,2022-09-15T15:57:00-04:00,3.1499999999999773,1947.0400000000461,3.0,last_observed_quote_not_settlement,1036.0,981,5,4.099999999999994,47.04000000001208,2022-09-12T09:32:00-04:00,0.0,4.0,247.04000000000067,2022-09-12T09:33:00-04:00,0.0,3.9000000000000057,447.03999999998933,2022-09-12T09:36:00-04:00,0.0,3.749999999999986,747.0400000000291,2022-09-12T09:41:00-04:00,0.0,3.8999999999999915,447.04000000001776,2022-09-12T09:46:00-04:00,0.0,3.4000000000000057,1447.0399999999893,2022-09-12T10:01:00-04:00,0.0,3.450000000000003,1347.039999999995,2022-09-12T10:31:00-04:00,0.0,2.3499999999999943,3547.0400000000122,2022-09-12T11:31:00-04:00,0.0,3.200000000000003,1847.039999999995,2022-09-12T16:00:00-04:00,0.0,9.649999999999977,-11052.959999999955,2022-09-13T16:00:00-04:00,0.0,9.899999999999977,-11552.959999999955,2022-09-14T16:00:00-04:00,0.0,,,2022-09-15T15:57:00-04:00,180.0,0.0,hit,0.0,hit,2.0,hit,70.0,hit,,never_hit,,never_hit,,never_hit,1440.0,hit,1440.0,hit,1440.0,hit,1449.0,hit,1510.0,hit,1510.0,hit,4.500000000000014,2,False,False,False,False,,,,True,True,True,False,1.9000000000000057,,,True,True,True,False,1.9000000000000057,,,True,True,True,False,1.9000000000000057,70.0,2022-09-12T10:41:00-04:00,2.700000000000003,2847.039999999995,76.0,2022-09-12T10:47:00-04:00,2.8999999999999915,2447.0400000000177,121.0,2022-09-12T11:32:00-04:00,2.9000000000000057,2447.0399999999895,71.0,2022-09-12T10:42:00-04:00,3.049999999999997,2147.0400000000063,,,,,,,,,,,,,,,,,,,,,,,,,,,,,,,,,,,,,,,,,,,,,,,,,518
2022-09-13,2022-09-15,2,5.0,2022-09-13T09:31:00-04:00,5.150000000000006,NDXP  220915P12380000,NDXP  220915P12370000,development,False,False,0,0,0,168,0,1032,available,False,2022-09-13T09:31:00-04:00,2022-09-15T15:53:00-04:00,5.7000000000000455,-1352.960000000079,7.0,last_observed_quote_not_settlement,1036.0,925,21,4.0,2047.0400000000122,2022-09-13T09:32:00-04:00,0.0,4.349999999999994,1347.0400000000234,2022-09-13T09:33:00-04:00,0.0,5.050000000000011,-52.96000000001066,2022-09-13T09:36:00-04:00,0.0,5.5,-952.959999999988,2022-09-13T09:41:00-04:00,0.0,5.0499999999999545,-52.95999999989697,2022-09-13T09:46:00-04:00,0.0,5.799999999999983,-1552.9599999999539,2022-09-13T10:01:00-04:00,0.0,5.649999999999977,-1252.9599999999425,2022-09-13T10:31:00-04:00,0.0,6.75,-3452.9599999999878,2022-09-13T11:31:00-04:00,0.0,9.550000000000011,-9052.960000000012,2022-09-13T16:00:00-04:00,0.0,8.900000000000034,-7752.960000000058,2022-09-14T16:00:00-04:00,0.0,,,2022-09-15T15:53:00-04:00,420.0,,,,,0.0,hit,1.0,hit,1.0,hit,,never_hit,,never_hit,,never_hit,,never_hit,20.0,hit,20.0,hit,83.0,hit,150.0,hit,389.0,hit,389.0,hit,,,True,True,True,False,1.1500000000000057,,,True,True,True,False,1.1500000000000057,,,True,True,True,False,1.1500000000000057,,,True,True,True,False,1.1500000000000057,,,,,,,,,,,,,,,,,,,,,,,,,,,,,,,,,,,,,,,,,,,,,,,,,,,,,,,,,,,,,,,,,519
2022-09-13,2022-09-15,2,6.0,2022-09-13T09:31:00-04:00,6.0,NDXP  220915P12550000,NDXP  220915P12540000,development,False,False,0,0,0,170,0,1030,available,False,2022-09-13T09:31:00-04:00,2022-09-15T15:57:00-04:00,7.449999999999932,-3152.9599999998627,3.0,last_observed_quote_not_settlement,1037.0,910,20,4.949999999999989,1847.0400000000234,2022-09-13T09:32:00-04:00,0.0,4.300000000000011,3147.039999999978,2022-09-13T09:33:00-04:00,0.0,5.2999999999999545,1147.0400000000916,2022-09-13T09:36:00-04:00,0.0,7.75,-3752.959999999999,2022-09-13T09:41:00-04:00,0.0,7.5499999999999545,-3352.959999999908,2022-09-13T09:46:00-04:00,0.0,7.75,-3752.959999999999,2022-09-13T10:01:00-04:00,0.0,7.5,-3252.959999999999,2022-09-13T10:31:00-04:00,0.0,8.699999999999989,-5652.959999999978,2022-09-13T11:31:00-04:00,0.0,9.550000000000068,-7352.960000000137,2022-09-13T16:00:00-04:00,0.0,9.5,-7252.960000000001,2022-09-14T16:00:00-04:00,0.0,,,2022-09-15T15:57:00-04:00,180.0,,,,,1.0,hit,1.0,hit,,never_hit,,never_hit,,never_hit,,never_hit,,never_hit,8.0,hit,8.0,hit,8.0,hit,26.0,hit,112.0,hit,115.0,hit,,,True,True,True,False,1.6999999999999886,,,True,True,True,False,1.6999999999999886,,,True,True,True,False,1.6999999999999886,,,True,True,True,False,1.6999999999999886,,,,,,,,,,,,,,,,,,,,,,,,,,,,,,,,,,,,,,,,,,,,,,,,,,,,,,,,,,,,,,,,,520
2022-09-13,2022-09-15,2,7.0,2022-09-13T09:31:00-04:00,7.0,NDXP  220915P12510000,NDXP  220915P12500000,development,False,False,0,0,0,176,0,1024,available,False,2022-09-13T09:31:00-04:00,2022-09-15T15:58:00-04:00,10.0,-6152.96,2.0,last_observed_quote_not_settlement,1036.0,855,57,7.000000000000028,-252.96000000005614,2022-09-13T09:32:00-04:00,0.0,8.050000000000011,-2352.9600000000237,2022-09-13T09:33:00-04:00,0.0,8.649999999999977,-3552.9599999999555,2022-09-13T09:36:00-04:00,0.0,7.25,-752.9599999999994,2022-09-13T09:41:00-04:00,0.0,6.349999999999994,1047.040000000012,2022-09-13T09:46:00-04:00,0.0,7.050000000000011,-352.96000000002203,2022-09-13T10:01:00-04:00,0.0,5.949999999999932,1847.040000000137,2022-09-13T10:31:00-04:00,0.0,8.449999999999989,-3152.959999999978,2022-09-13T11:31:00-04:00,0.0,9.350000000000023,-4952.960000000046,2022-09-13T16:00:00-04:00,0.0,9.699999999999989,-5652.959999999978,2022-09-14T16:00:00-04:00,0.0,,,2022-09-15T15:58:00-04:00,120.0,,,,,3.0,hit,3.0,hit,1819.0,hit,1819.0,hit,1819.0,hit,1819.0,hit,1819.0,hit,2.0,hit,2.0,hit,0.0,hit,2.0,hit,307.0,hit,346.0,hit,10.0,678,True,True,True,True,,10.0,678,True,True,True,True,,10.0,678,True,True,True,True,,10.0,678,True,True,True,True,,1819.0,2022-09-14T15:50:00-04:00,0.39999999999997726,12947.040000000046,,,,,,,,,1820.0,2022-09-14T15:51:00-04:00,8.899999999999977,-4052.9599999999555,1819.0,2022-09-14T15:50:00-04:00,0.39999999999997726,12947.040000000046,,,,,,,,,1820.0,2022-09-14T15:51:00-04:00,8.899999999999977,-4052.9599999999555,1819.0,2022-09-14T15:50:00-04:00,0.39999999999997726,12947.040000000046,,,,,,,,,1820.0,2022-09-14T15:51:00-04:00,8.899999999999977,-4052.9599999999555,1819.0,2022-09-14T15:50:00-04:00,0.39999999999997726,12947.040000000046,,,,,,,,,1820.0,2022-09-14T15:51:00-04:00,8.899999999999977,-4052.9599999999555,521
2022-09-16,2022-09-19,3,5.0,2022-09-16T09:31:00-04:00,4.950000000000003,NDXP  220919P11760000,NDXP  220919P11750000,development,False,False,0,0,0,2,0,793,available,False,2022-09-16T09:31:00-04:00,2022-09-19T15:58:00-04:00,0.0,9647.040000000008,2.0,last_observed_quote_not_settlement,3916.0,69,75,4.900000000000006,-152.96000000000498,2022-09-16T09:32:00-04:00,0.0,4.800000000000011,47.03999999998366,2022-09-16T09:33:00-04:00,0.0,5.249999999999972,-852.9599999999368,2022-09-16T09:36:00-04:00,0.0,4.3500000000000085,947.0399999999893,2022-09-16T09:41:00-04:00,0.0,4.8999999999999915,-152.95999999997656,2022-09-16T09:46:00-04:00,0.0,5.050000000000011,-452.96000000001635,2022-09-16T10:01:00-04:00,0.0,4.200000000000017,1247.0399999999722,2022-09-16T10:31:00-04:00,0.0,4.75,147.0400000000064,2022-09-16T11:31:00-04:00,0.0,3.0500000000000043,3547.0399999999977,2022-09-16T16:00:00-04:00,0.0,,,2022-09-16T16:15:00-04:00,85500.0,,,2022-09-16T16:15:00-04:00,171900.0,,,2022-09-19T15:58:00-04:00,120.0,0.0,hit,0.0,hit,6.0,hit,33.0,hit,4385.0,hit,4528.0,hit,4628.0,hit,14.0,hit,25.0,hit,48.0,hit,,never_hit,,never_hit,,never_hit,6.150000000000006,16,False,False,False,False,,7.75,69,True,False,False,False,,7.75,69,True,False,False,False,,7.75,69,True,False,False,False,,33.0,2022-09-16T10:04:00-04:00,2.4499999999999886,4747.040000000029,400.0,2022-09-16T16:11:00-04:00,2.8500000000000014,3947.0400000000036,4344.0,2022-09-19T09:55:00-04:00,2.8500000000000014,3947.0400000000036,34.0,2022-09-16T10:05:00-04:00,4.400000000000006,847.039999999995,4385.0,2022-09-19T10:36:00-04:00,1.8999999999999986,5847.040000000009,4388.0,2022-09-19T10:39:00-04:00,1.8999999999999986,5847.040000000009,4392.0,2022-09-19T10:43:00-04:00,1.6999999999999993,6247.040000000008,4386.0,2022-09-19T10:37:00-04:00,2.0,5647.040000000006,4529.0,2022-09-19T13:00:00-04:00,0.9000000000000004,7847.040000000005,4608.0,2022-09-19T14:19:00-04:00,0.8499999999999996,7947.040000000007,4622.0,2022-09-19T14:33:00-04:00,0.75,8147.040000000007,4530.0,2022-09-19T13:01:00-04:00,1.1000000000000005,7447.040000000005,4642.0,2022-09-19T14:53:00-04:00,0.44999999999999973,8747.040000000006,4643.0,2022-09-19T14:54:00-04:00,0.3999999999999999,8847.040000000006,4644.0,2022-09-19T14:55:00-04:00,0.42500000000000004,8797.040000000008,4643.0,2022-09-19T14:54:00-04:00,0.3999999999999999,8847.040000000006,522
2022-09-16,2022-09-19,3,6.0,2022-09-16T09:31:00-04:00,6.099999999999994,NDXP  220919P11880000,NDXP  220919P11870000,development,False,False,0,0,0,2,0,793,available,False,2022-09-16T09:31:00-04:00,2022-09-19T16:00:00-04:00,0.0,11947.03999999999,0.0,last_observed_quote_not_settlement,3916.0,363,81,5.549999999999983,847.0400000000234,2022-09-16T09:32:00-04:00,0.0,6.199999999999989,-452.95999999998793,2022-09-16T09:33:00-04:00,0.0,6.950000000000017,-1952.9600000000448,2022-09-16T09:36:00-04:00,0.0,5.949999999999989,47.04000000001208,2022-09-16T09:41:00-04:00,0.0,6.300000000000011,-652.9600000000335,2022-09-16T09:46:00-04:00,0.0,6.800000000000011,-1652.9600000000335,2022-09-16T10:01:00-04:00,0.0,5.850000000000023,247.03999999994383,2022-09-16T10:31:00-04:00,0.0,6.349999999999966,-752.9599999999425,2022-09-16T11:31:00-04:00,0.0,5.0,1947.0399999999893,2022-09-16T16:00:00-04:00,0.0,,,2022-09-16T16:15:00-04:00,85500.0,,,2022-09-16T16:15:00-04:00,171900.0,0.0,11947.03999999999,2022-09-19T16:00:00-04:00,0.0,32.0,hit,35.0,hit,44.0,hit,4653.0,hit,4660.0,hit,4660.0,hit,4678.0,hit,4.0,hit,14.0,hit,14.0,hit,,never_hit,,never_hit,,never_hit,7.849999999999994,363,True,False,False,False,,7.849999999999994,363,True,False,False,False,,7.849999999999994,363,True,False,False,False,,7.849999999999994,363,True,False,False,False,,4653.0,2022-09-19T15:04:00-04:00,2.5500000000000007,6847.039999999988,4654.0,2022-09-19T15:05:00-04:00,2.4000000000000004,7147.039999999989,4655.0,2022-09-19T15:06:00-04:00,2.1999999999999993,7547.039999999991,4654.0,2022-09-19T15:05:00-04:00,2.4000000000000004,7147.039999999989,4660.0,2022-09-19T15:11:00-04:00,0.5249999999999999,10897.03999999999,4661.0,2022-09-19T15:12:00-04:00,1.125,9697.03999999999,4662.0,2022-09-19T15:13:00-04:00,1.1750000000000003,9597.039999999988,4661.0,2022-09-19T15:12:00-04:00,1.125,9697.03999999999,4660.0,2022-09-19T15:11:00-04:00,0.5249999999999999,10897.03999999999,4676.0,2022-09-19T15:27:00-04:00,0.9249999999999998,10097.03999999999,4677.0,2022-09-19T15:28:00-04:00,0.8,10347.039999999988,4661.0,2022-09-19T15:12:00-04:00,1.125,9697.03999999999,4681.0,2022-09-19T15:32:00-04:00,0.44999999999999996,11047.03999999999,4682.0,2022-09-19T15:33:00-04:00,0.375,11197.03999999999,4683.0,2022-09-19T15:34:00-04:00,0.375,11197.03999999999,4682.0,2022-09-19T15:33:00-04:00,0.375,11197.03999999999,523
2022-09-16,2022-09-19,3,7.0,2022-09-16T09:31:00-04:00,7.0,NDXP  220919P12660000,NDXP  220919P12650000,development,False,False,0,0,0,81,0,714,available,False,2022-09-16T09:31:00-04:00,2022-09-19T16:00:00-04:00,10.0,-6152.96,0.0,last_observed_quote_not_settlement,3916.0,642,14,9.899999999999977,-6052.9599999999555,2022-09-16T09:32:00-04:00,0.0,8.5,-3252.960000000001,2022-09-16T09:33:00-04:00,0.0,,,2022-09-16T09:34:00-04:00,120.0,,,2022-09-16T09:40:00-04:00,60.0,10.0,-6152.96,2022-09-16T09:46:00-04:00,0.0,9.949999999999932,-6152.9599999998645,2022-09-16T10:01:00-04:00,0.0,5.149999999999977,3447.0400000000463,2022-09-16T10:31:00-04:00,0.0,10.0,-6152.96,2022-09-16T11:31:00-04:00,0.0,6.5,747.0400000000006,2022-09-16T16:00:00-04:00,0.0,,,2022-09-16T16:15:00-04:00,85500.0,,,2022-09-16T16:15:00-04:00,171900.0,10.0,-6152.96,2022-09-19T16:00:00-04:00,0.0,41.0,hit,41.0,hit,,never_hit,,never_hit,,never_hit,,never_hit,,never_hit,1.0,hit,1.0,hit,0.0,hit,1.0,hit,1.0,hit,1.0,hit,,,True,True,True,False,2.0499999999999545,,,True,True,True,False,2.0499999999999545,,,True,True,True,False,2.0499999999999545,,,True,True,True,False,2.0499999999999545,,,,,,,,,,,,,,,,,,,,,,,,,,,,,,,,,,,,,,,,,,,,,,,,,,,,,,,,,,,,,,,,,524
2022-09-19,2022-09-21,2,5.0,2022-09-19T09:31:00-04:00,5.0,NDXP  220921P11890000,NDXP  220921P11880000,development,False,False,0,0,1,7,15,1191,available,False,2022-09-19T09:31:00-04:00,2022-09-21T16:00:00-04:00,9.500000000000028,-9252.960000000057,0.0,last_observed_quote_not_settlement,1036.0,583,200,6.050000000000011,-2352.960000000022,2022-09-19T09:32:00-04:00,0.0,6.050000000000011,-2352.960000000022,2022-09-19T09:33:00-04:00,0.0,5.599999999999994,-1452.959999999988,2022-09-19T09:36:00-04:00,0.0,5.400000000000006,-1052.9600000000107,2022-09-19T09:41:00-04:00,0.0,5.149999999999977,-552.9599999999539,2022-09-19T09:46:00-04:00,0.0,5.399999999999977,-1052.9599999999539,2022-09-19T10:01:00-04:00,0.0,5.5,-1252.9599999999994,2022-09-19T10:31:00-04:00,0.0,5.349999999999966,-952.9599999999311,2022-09-19T11:31:00-04:00,0.0,4.200000000000003,1347.039999999995,2022-09-19T16:00:00-04:00,0.0,4.950000000000017,-152.9600000000334,2022-09-20T16:00:00-04:00,0.0,9.500000000000028,-9252.960000000057,2022-09-21T16:00:00-04:00,0.0,,,,,0.0,hit,0.0,hit,65.0,hit,3146.0,hit,3195.0,hit,,never_hit,,never_hit,1.0,hit,1.0,hit,3154.0,hit,3237.0,hit,3241.0,hit,3248.0,hit,6.800000000000011,516,False,False,False,False,,7.75,554,True,False,False,False,,,,True,True,True,False,3.5500000000000043,,,True,True,True,False,3.5500000000000043,3146.0,2022-09-21T13:57:00-04:00,2.3999999999999915,4947.040000000018,3195.0,2022-09-21T14:46:00-04:00,1.4499999999999957,6847.040000000009,3196.0,2022-09-21T14:47:00-04:00,1.9499999999999993,5847.040000000002,3147.0,2022-09-21T13:58:00-04:00,4.200000000000003,1347.039999999995,3195.0,2022-09-21T14:46:00-04:00,1.4499999999999957,6847.040000000009,3196.0,2022-09-21T14:47:00-04:00,1.9499999999999993,5847.040000000002,,,,,3196.0,2022-09-21T14:47:00-04:00,1.9499999999999993,5847.040000000002,,,,,,,,,,,,,,,,,,,,,,,,,,,,,,,,,525
2022-09-19,2022-09-21,2,6.0,2022-09-19T09:31:00-04:00,6.050000000000011,NDXP  220921P11930000,NDXP  220921P11920000,development,False,False,0,0,1,10,15,1188,available,False,2022-09-19T09:31:00-04:00,2022-09-21T16:00:00-04:00,10.0,-8052.959999999977,0.0,last_observed_quote_not_settlement,1036.0,181,102,6.500000000000028,-1152.9600000000335,2022-09-19T09:32:00-04:00,0.0,6.0,-152.95999999997656,2022-09-19T09:33:00-04:00,0.0,5.449999999999989,947.0400000000461,2022-09-19T09:36:00-04:00,0.0,5.849999999999994,147.0400000000348,2022-09-19T09:41:00-04:00,0.0,5.599999999999994,647.0400000000348,2022-09-19T09:46:00-04:00,0.0,5.699999999999989,447.0400000000462,2022-09-19T10:01:00-04:00,0.0,5.949999999999989,-52.959999999953816,2022-09-19T10:31:00-04:00,0.0,5.549999999999983,747.0400000000575,2022-09-19T11:31:00-04:00,0.0,4.199999999999989,3447.0400000000463,2022-09-19T16:00:00-04:00,0.0,5.800000000000011,247.04000000000067,2022-09-20T16:00:00-04:00,0.0,10.0,-8052.959999999977,2022-09-21T16:00:00-04:00,0.0,,,,,5.0,hit,68.0,hit,85.0,hit,1444.0,hit,,never_hit,,never_hit,,never_hit,109.0,hit,1728.0,hit,1728.0,hit,1728.0,hit,1728.0,hit,3237.0,hit,6.800000000000011,6,False,False,False,False,,,,True,True,True,False,3.500000000000014,,,True,True,True,False,3.500000000000014,,,True,True,True,False,3.500000000000014,1444.0,2022-09-20T09:35:00-04:00,2.8999999999999773,6047.040000000069,3196.0,2022-09-21T14:47:00-04:00,2.549999999999997,6747.040000000029,,,,,1445.0,2022-09-20T09:36:00-04:00,5.200000000000017,1447.0399999999893,,,,,,,,,,,,,,,,,,,,,,,,,,,,,,,,,,,,,,,,,,,,,,,,,526
2022-09-19,2022-09-21,2,7.0,2022-09-19T09:31:00-04:00,6.9500000000000455,NDXP  220921P12550000,NDXP  220921P12540000,development,False,False,0,0,2,85,15,1110,available,False,2022-09-19T09:31:00-04:00,2022-09-21T16:00:00-04:00,1.9500000000000455,9747.04,0.0,last_observed_quote_not_settlement,1036.0,1031,4,9.650000000000091,-5652.960000000092,2022-09-19T09:32:00-04:00,0.0,9.650000000000091,-5652.960000000092,2022-09-19T09:33:00-04:00,0.0,9.650000000000091,-5652.960000000092,2022-09-19T09:36:00-04:00,0.0,9.600000000000023,-5552.9599999999555,2022-09-19T09:41:00-04:00,0.0,9.549999999999955,-5452.959999999819,2022-09-19T09:46:00-04:00,0.0,9.75,-5852.95999999991,2022-09-19T10:01:00-04:00,0.0,9.600000000000023,-5552.9599999999555,2022-09-19T10:31:00-04:00,0.0,9.699999999999818,-5752.959999999546,2022-09-19T11:31:00-04:00,0.0,7.399999999999977,-1152.959999999863,2022-09-19T16:00:00-04:00,0.0,8.75,-3852.95999999991,2022-09-20T16:00:00-04:00,0.0,1.9500000000000455,9747.04,2022-09-21T16:00:00-04:00,0.0,,,,,3260.0,hit,3260.0,hit,3265.0,hit,3265.0,hit,3265.0,hit,,never_hit,,never_hit,1.0,hit,1.0,hit,1.0,hit,1.0,hit,1.0,hit,1.0,hit,10.0,1030,True,True,True,True,,10.0,1030,True,True,True,True,,,,True,True,True,False,5.050000000000068,,,True,True,True,False,5.050000000000068,3265.0,2022-09-21T15:56:00-04:00,1.8999999999999773,9847.040000000137,,,,,,,,,3266.0,2022-09-21T15:57:00-04:00,8.75,-3852.95999999991,3265.0,2022-09-21T15:56:00-04:00,1.8999999999999773,9847.040000000137,,,,,,,,,3266.0,2022-09-21T15:57:00-04:00,8.75,-3852.95999999991,,,,,,,,,,,,,,,,,,,,,,,,,,,,,,,,,527
2022-09-19,2022-09-22,3,5.0,2022-09-19T09:31:00-04:00,5.0,NDXP  220922P11790000,NDXP  220922P11780000,development,False,False,0,0,0,66,0,1538,available,False,2022-09-19T09:31:00-04:00,2022-09-22T16:00:00-04:00,10.0,-10152.96,0.0,last_observed_quote_not_settlement,1036.0,337,24,4.949999999999989,-152.95999999997656,2022-09-19T09:32:00-04:00,0.0,4.649999999999977,447.0400000000462,2022-09-19T09:33:00-04:00,0.0,4.599999999999994,547.040000000012,2022-09-19T09:36:00-04:00,0.0,4.699999999999989,347.04000000002344,2022-09-19T09:41:00-04:00,0.0,4.400000000000006,947.0399999999893,2022-09-19T09:46:00-04:00,0.0,4.450000000000017,847.0399999999665,2022-09-19T10:01:00-04:00,0.0,4.300000000000011,1147.039999999978,2022-09-19T10:31:00-04:00,0.0,4.549999999999983,647.0400000000348,2022-09-19T11:31:00-04:00,0.0,3.5500000000000114,2647.039999999978,2022-09-19T16:00:00-04:00,0.0,4.400000000000034,947.0399999999324,2022-09-20T16:00:00-04:00,0.0,6.849999999999994,-3952.9599999999878,2022-09-21T16:00:00-04:00,0.0,10.0,-10152.96,2022-09-22T16:00:00-04:00,0.0,0.0,hit,0.0,hit,26.0,hit,26.0,hit,3158.0,hit,,never_hit,,never_hit,1689.0,hit,1689.0,hit,3271.0,hit,4320.0,hit,4331.0,hit,4332.0,hit,5.150000000000006,1,False,False,False,False,,6.350000000000023,10,False,False,False,False,,,,True,True,True,False,3.950000000000003,,,True,True,True,False,3.950000000000003,26.0,2022-09-19T09:57:00-04:00,2.5500000000000114,4647.039999999978,3195.0,2022-09-21T14:46:00-04:00,2.6000000000000014,4547.039999999998,3196.0,2022-09-21T14:47:00-04:00,2.3999999999999986,4947.040000000004,27.0,2022-09-19T09:58:00-04:00,4.350000000000023,1047.0399999999552,3158.0,2022-09-21T14:09:00-04:00,1.799999999999983,6147.0400000000345,,,,,,,,,3159.0,2022-09-21T14:10:00-04:00,5.0,-252.9599999999993,,,,,,,,,,,,,,,,,,,,,,,,,,,,,,,,,528
2022-09-19,2022-09-22,3,6.0,2022-09-19T09:31:00-04:00,6.0,NDXP  220922P11940000,NDXP  220922P11930000,development,False,False,0,0,1,88,0,1513,available,False,2022-09-19T09:31:00-04:00,2022-09-22T16:00:00-04:00,7.0,-2252.959999999999,0.0,last_observed_quote_not_settlement,1036.0,392,108,6.100000000000023,-452.9600000000448,2022-09-19T09:32:00-04:00,0.0,5.800000000000068,147.03999999986428,2022-09-19T09:33:00-04:00,0.0,5.800000000000068,147.03999999986428,2022-09-19T09:36:00-04:00,0.0,5.899999999999977,-52.959999999953816,2022-09-19T09:41:00-04:00,0.0,5.75,247.04000000000067,2022-09-19T09:46:00-04:00,0.0,5.650000000000034,447.0399999999325,2022-09-19T10:01:00-04:00,0.0,5.5,747.0400000000006,2022-09-19T10:31:00-04:00,0.0,5.450000000000017,847.0399999999665,2022-09-19T11:31:00-04:00,0.0,4.549999999999983,2647.040000000035,2022-09-19T16:00:00-04:00,0.0,5.349999999999994,1047.040000000012,2022-09-20T16:00:00-04:00,0.0,8.5,-5252.960000000001,2022-09-21T16:00:00-04:00,0.0,7.0,-2252.959999999999,2022-09-22T16:00:00-04:00,0.0,4.0,hit,18.0,hit,341.0,hit,2939.0,hit,,never_hit,,never_hit,,never_hit,21.0,hit,1475.0,hit,1475.0,hit,3252.0,hit,3270.0,hit,3270.0,hit,7.750000000000028,80,True,False,False,False,,,,True,True,True,False,3.8999999999999773,,,True,True,True,False,3.8999999999999773,,,True,True,True,False,3.8999999999999773,2939.0,2022-09-21T10:30:00-04:00,2.1000000000000227,7547.039999999955,,,,,,,,,2940.0,2022-09-21T10:31:00-04:00,5.100000000000023,1547.0399999999552,,,,,,,,,,,,,,,,,,,,,,,,,,,,,,,,,,,,,,,,,,,,,,,,,529
2022-09-19,2022-09-22,3,7.0,2022-09-19T09:31:00-04:00,7.0499999999999545,NDXP  220922P12080000,NDXP  220922P12070000,development,False,False,0,0,1,66,0,1536,available,False,2022-09-19T09:31:00-04:00,2022-09-22T16:00:00-04:00,10.0,-6052.960000000091,0.0,last_observed_quote_not_settlement,1039.0,448,81,7.050000000000011,-252.96000000011298,2022-09-19T09:32:00-04:00,0.0,7.0,-152.96000000009025,2022-09-19T09:33:00-04:00,0.0,6.800000000000011,247.039999999887,2022-09-19T09:36:00-04:00,0.0,6.749999999999943,347.04000000002344,2022-09-19T09:41:00-04:00,0.0,6.7999999999999545,247.04000000000067,2022-09-19T09:46:00-04:00,0.0,7.050000000000068,-252.96000000022667,2022-09-19T10:01:00-04:00,0.0,6.949999999999932,-52.959999999953816,2022-09-19T10:31:00-04:00,0.0,6.600000000000023,647.0399999998642,2022-09-19T11:31:00-04:00,0.0,5.450000000000017,2947.039999999876,2022-09-19T16:00:00-04:00,0.0,6.750000000000057,347.03999999979607,2022-09-20T16:00:00-04:00,0.0,,,2022-09-21T15:59:00-04:00,60.0,10.0,-6052.960000000091,2022-09-22T16:00:00-04:00,0.0,12.0,hit,12.0,hit,3158.0,hit,,never_hit,,never_hit,,never_hit,,never_hit,132.0,hit,3153.0,hit,0.0,hit,3150.0,hit,3153.0,hit,3153.0,hit,,,True,True,True,False,3.8999999999999204,,,True,True,True,False,3.8999999999999204,,,True,True,True,False,3.8999999999999204,,,True,True,True,False,3.8999999999999204,,,,,,,,,,,,,,,,,,,,,,,,,,,,,,,,,,,,,,,,,,,,,,,,,,,,,,,,,,,,,,,,,530
2022-09-20,2022-09-22,2,5.0,2022-09-20T09:31:00-04:00,4.950000000000017,NDXP  220922P11960000,NDXP  220922P11950000,development,False,False,0,0,1,121,15,1076,available,False,2022-09-20T09:31:00-04:00,2022-09-22T15:57:00-04:00,10.0,-10252.959999999965,3.0,last_observed_quote_not_settlement,1036.0,594,255,4.399999999999977,847.0400000000802,2022-09-20T09:32:00-04:00,0.0,4.050000000000011,1547.040000000012,2022-09-20T09:33:00-04:00,0.0,3.25,3147.040000000035,2022-09-20T09:36:00-04:00,0.0,3.7499999999999716,2147.040000000092,2022-09-20T09:41:00-04:00,0.0,5.100000000000023,-552.9600000000107,2022-09-20T09:46:00-04:00,0.0,5.200000000000017,-752.9599999999994,2022-09-20T10:01:00-04:00,0.0,4.350000000000023,947.0399999999893,2022-09-20T10:31:00-04:00,0.0,6.149999999999977,-2652.9599999999195,2022-09-20T11:31:00-04:00,0.0,5.599999999999994,-1552.9599999999539,2022-09-20T16:00:00-04:00,0.0,9.25,-8852.959999999966,2022-09-21T16:00:00-04:00,0.0,,,2022-09-22T15:57:00-04:00,180.0,,,,,0.0,hit,0.0,hit,4.0,hit,7.0,hit,7.0,hit,,never_hit,,never_hit,8.0,hit,14.0,hit,174.0,hit,1810.0,hit,1827.0,hit,2880.0,hit,4.950000000000017,0,False,False,False,False,,4.950000000000017,0,False,False,False,False,,,,True,True,True,False,3.1000000000000227,,,True,True,True,False,3.1000000000000227,7.0,2022-09-20T09:38:00-04:00,1.8499999999999943,5947.040000000046,,,,,,,,,8.0,2022-09-20T09:39:00-04:00,5.699999999999989,-1752.9599999999425,7.0,2022-09-20T09:38:00-04:00,1.8499999999999943,5947.040000000046,,,,,,,,,8.0,2022-09-20T09:39:00-04:00,5.699999999999989,-1752.9599999999425,,,,,,,,,,,,,,,,,,,,,,,,,,,,,,,,,531
2022-09-20,2022-09-22,2,6.0,2022-09-20T09:31:00-04:00,6.0,NDXP  220922P12030000,NDXP  220922P12020000,development,False,False,0,0,0,175,15,1023,available,False,2022-09-20T09:31:00-04:00,2022-09-22T16:00:00-04:00,1.5,8747.04,0.0,last_observed_quote_not_settlement,1038.0,626,146,6.099999999999966,-452.9599999999311,2022-09-20T09:32:00-04:00,0.0,6.149999999999977,-552.9599999999539,2022-09-20T09:33:00-04:00,0.0,6.150000000000034,-552.9600000000676,2022-09-20T09:36:00-04:00,0.0,6.399999999999977,-1052.9599999999539,2022-09-20T09:41:00-04:00,0.0,6.400000000000034,-1052.9600000000676,2022-09-20T09:46:00-04:00,0.0,6.25,-752.9599999999994,2022-09-20T10:01:00-04:00,0.0,6.199999999999989,-652.9599999999766,2022-09-20T10:31:00-04:00,0.0,5.949999999999989,-152.95999999997656,2022-09-20T11:31:00-04:00,0.0,6.25,-752.9599999999994,2022-09-20T16:00:00-04:00,0.0,,,2022-09-21T15:59:00-04:00,60.0,1.5,8747.04,2022-09-22T16:00:00-04:00,0.0,,,,,3.0,hit,379.0,hit,1469.0,hit,1709.0,hit,1709.0,hit,,never_hit,,never_hit,13.0,hit,228.0,hit,228.0,hit,288.0,hit,1818.0,hit,1836.0,hit,8.099999999999966,370,True,True,False,False,,8.099999999999966,370,True,True,False,False,,,,True,True,True,False,4.5,,,True,True,True,False,4.5,1709.0,2022-09-21T14:00:00-04:00,2.0,7747.040000000001,,,,,,,,,1710.0,2022-09-21T14:01:00-04:00,6.600000000000023,-1452.9600000000448,3269.0,2022-09-22T16:00:00-04:00,1.5,8747.04,,,,,,,,,,,,,,,,,,,,,,,,,,,,,,,,,,,,,,,,,,,,,532
2022-09-20,2022-09-22,2,7.0,2022-09-20T09:31:00-04:00,7.0,NDXP  220922P12120000,NDXP  220922P12110000,development,False,False,0,0,1,79,15,1117,available,False,2022-09-20T09:31:00-04:00,2022-09-22T16:00:00-04:00,10.0,-6152.96,0.0,last_observed_quote_not_settlement,1047.0,528,102,7.2000000000000455,-652.9600000000903,2022-09-20T09:32:00-04:00,0.0,7.5499999999999545,-1352.9599999999084,2022-09-20T09:33:00-04:00,0.0,6.650000000000034,447.0399999999325,2022-09-20T09:36:00-04:00,0.0,7.149999999999977,-552.9599999999539,2022-09-20T09:41:00-04:00,0.0,7.2000000000000455,-652.9600000000903,2022-09-20T09:46:00-04:00,0.0,6.800000000000068,147.03999999986428,2022-09-20T10:01:00-04:00,0.0,7.099999999999909,-452.9599999998174,2022-09-20T10:31:00-04:00,0.0,6.600000000000023,547.0399999999552,2022-09-20T11:31:00-04:00,0.0,6.599999999999966,547.0400000000689,2022-09-20T16:00:00-04:00,0.0,9.150000000000034,-4552.960000000069,2022-09-21T16:00:00-04:00,0.0,10.0,-6152.96,2022-09-22T16:00:00-04:00,0.0,,,,,102.0,hit,1830.0,hit,,never_hit,,never_hit,,never_hit,,never_hit,,never_hit,2.0,hit,244.0,hit,0.0,hit,244.0,hit,1724.0,hit,1809.0,hit,,,True,True,True,False,2.300000000000068,,,True,True,True,False,2.300000000000068,,,True,True,True,False,2.300000000000068,,,True,True,True,False,2.300000000000068,,,,,,,,,,,,,,,,,,,,,,,,,,,,,,,,,,,,,,,,,,,,,,,,,,,,,,,,,,,,,,,,,533
2022-09-20,2022-09-23,3,5.0,2022-09-20T09:31:00-04:00,5.0,NDXP  220923P11890000,NDXP  220923P11880000,development,False,False,0,0,0,45,0,1560,available,False,2022-09-20T09:31:00-04:00,2022-09-23T15:59:00-04:00,10.0,-10152.96,1.0,last_observed_quote_not_settlement,1038.0,1016,103,4.799999999999983,147.0400000000348,2022-09-20T09:32:00-04:00,0.0,6.0,-2252.959999999999,2022-09-20T09:33:00-04:00,0.0,4.949999999999989,-152.95999999997656,2022-09-20T09:36:00-04:00,0.0,5.349999999999994,-952.959999999988,2022-09-20T09:41:00-04:00,0.0,5.149999999999977,-552.9599999999539,2022-09-20T09:46:00-04:00,0.0,5.050000000000011,-352.96000000002203,2022-09-20T10:01:00-04:00,0.0,4.900000000000006,-52.96000000001066,2022-09-20T10:31:00-04:00,0.0,4.800000000000011,147.03999999997797,2022-09-20T11:31:00-04:00,0.0,6.599999999999994,-3452.9599999999878,2022-09-20T16:00:00-04:00,0.0,6.550000000000068,-3352.9600000001356,2022-09-21T16:00:00-04:00,0.0,9.699999999999989,-9652.959999999977,2022-09-22T16:00:00-04:00,0.0,,,2022-09-23T15:59:00-04:00,60.0,0.0,hit,0.0,hit,35.0,hit,1499.0,hit,1499.0,hit,,never_hit,,never_hit,2.0,hit,2.0,hit,1801.0,hit,1817.0,hit,1831.0,hit,1831.0,hit,6.599999999999994,215,False,False,False,False,,6.599999999999994,215,False,False,False,False,,,,True,True,True,False,3.299999999999997,,,True,True,True,False,3.299999999999997,1499.0,2022-09-21T10:30:00-04:00,1.8500000000000227,6047.039999999955,,,,,,,,,1500.0,2022-09-21T10:31:00-04:00,4.650000000000034,447.0399999999325,1499.0,2022-09-21T10:30:00-04:00,1.8500000000000227,6047.039999999955,,,,,,,,,1500.0,2022-09-21T10:31:00-04:00,4.650000000000034,447.0399999999325,,,,,,,,,,,,,,,,,,,,,,,,,,,,,,,,,534
2022-09-20,2022-09-23,3,6.0,2022-09-20T09:31:00-04:00,5.949999999999989,NDXP  220923P12020000,NDXP  220923P12010000,development,False,False,0,0,2,72,0,1531,available,False,2022-09-20T09:31:00-04:00,2022-09-23T15:59:00-04:00,9.299999999999955,-6952.959999999933,1.0,last_observed_quote_not_settlement,1037.0,1011,108,5.849999999999909,-52.95999999984013,2022-09-20T09:32:00-04:00,0.0,6.0499999999999545,-452.9599999999311,2022-09-20T09:33:00-04:00,0.0,6.400000000000034,-1152.9600000000903,2022-09-20T09:36:00-04:00,0.0,6.199999999999989,-752.9599999999994,2022-09-20T09:41:00-04:00,0.0,6.249999999999943,-852.9599999999084,2022-09-20T09:46:00-04:00,0.0,5.9500000000000455,-252.96000000011298,2022-09-20T10:01:00-04:00,0.0,6.050000000000068,-452.96000000015846,2022-09-20T10:31:00-04:00,0.0,5.699999999999989,247.04000000000067,2022-09-20T11:31:00-04:00,0.0,6.050000000000011,-452.9600000000448,2022-09-20T16:00:00-04:00,0.0,9.100000000000023,-6552.960000000069,2022-09-21T16:00:00-04:00,0.0,,,2022-09-22T15:59:00-04:00,60.0,,,2022-09-23T15:59:00-04:00,60.0,74.0,hit,165.0,hit,1444.0,hit,,never_hit,,never_hit,,never_hit,,never_hit,3.0,hit,8.0,hit,8.0,hit,1802.0,hit,1829.0,hit,2887.0,hit,,,True,True,True,False,2.0499999999999545,,,True,True,True,False,2.0499999999999545,,,True,True,True,False,2.0499999999999545,,,True,True,True,False,2.0499999999999545,,,,,,,,,,,,,,,,,,,,,,,,,,,,,,,,,,,,,,,,,,,,,,,,,,,,,,,,,,,,,,,,,535
2022-09-20,2022-09-23,3,7.0,2022-09-20T09:31:00-04:00,6.9500000000000455,NDXP  220923P12100000,NDXP  220923P12090000,development,False,False,0,0,2,113,0,1490,available,False,2022-09-20T09:31:00-04:00,2022-09-23T16:00:00-04:00,9.5,-5352.95999999991,0.0,last_observed_quote_not_settlement,1037.0,855,203,6.699999999999989,247.04000000011436,2022-09-20T09:32:00-04:00,0.0,6.149999999999977,1347.040000000137,2022-09-20T09:33:00-04:00,0.0,9.149999999999977,-4652.9599999998645,2022-09-20T09:36:00-04:00,0.0,7.400000000000034,-1152.9599999999766,2022-09-20T09:41:00-04:00,0.0,6.650000000000091,347.03999999990975,2022-09-20T09:46:00-04:00,0.0,6.7999999999999545,47.04000000018261,2022-09-20T10:01:00-04:00,0.0,6.949999999999989,-252.9599999998856,2022-09-20T10:31:00-04:00,0.0,6.199999999999932,1247.040000000228,2022-09-20T11:31:00-04:00,0.0,6.349999999999966,947.0400000001598,2022-09-20T16:00:00-04:00,0.0,8.599999999999966,-3552.959999999842,2022-09-21T16:00:00-04:00,0.0,8.100000000000023,-2552.9599999999555,2022-09-22T16:00:00-04:00,0.0,9.5,-5352.95999999991,2022-09-23T16:00:00-04:00,0.0,98.0,hit,210.0,hit,,never_hit,,never_hit,,never_hit,,never_hit,,never_hit,5.0,hit,5.0,hit,5.0,hit,5.0,hit,5.0,hit,1830.0,hit,,,True,True,True,False,2.4500000000000455,,,True,True,True,False,2.4500000000000455,,,True,True,True,False,2.4500000000000455,,,True,True,True,False,2.4500000000000455,,,,,,,,,,,,,,,,,,,,,,,,,,,,,,,,,,,,,,,,,,,,,,,,,,,,,,,,,,,,,,,,,536
2022-09-21,2022-09-23,2,5.0,2022-09-21T09:31:00-04:00,4.900000000000091,NDXP  220923P12110000,NDXP  220923P12100000,development,False,False,0,0,0,130,0,1069,available,False,2022-09-21T09:31:00-04:00,2022-09-23T15:59:00-04:00,10.0,-10352.959999999817,1.0,last_observed_quote_not_settlement,1037.0,952,24,4.949999999999989,-352.95999999979466,2022-09-21T09:32:00-04:00,0.0,7.5,-5452.959999999817,2022-09-21T09:33:00-04:00,0.0,7.449999999999932,-5352.959999999681,2022-09-21T09:36:00-04:00,0.0,7.150000000000034,-4752.959999999885,2022-09-21T09:41:00-04:00,0.0,6.150000000000034,-2752.9599999998854,2022-09-21T09:46:00-04:00,0.0,5.050000000000068,-552.9599999999539,2022-09-21T10:01:00-04:00,0.0,5.9500000000000455,-2352.959999999908,2022-09-21T10:31:00-04:00,0.0,5.199999999999932,-852.959999999681,2022-09-21T11:31:00-04:00,0.0,9.600000000000023,-9652.959999999865,2022-09-21T16:00:00-04:00,0.0,,,2022-09-22T15:59:00-04:00,60.0,,,2022-09-23T15:59:00-04:00,60.0,,,,,0.0,hit,0.0,hit,32.0,hit,32.0,hit,,never_hit,,never_hit,,never_hit,2.0,hit,2.0,hit,2.0,hit,271.0,hit,373.0,hit,374.0,hit,7.550000000000011,30,True,False,False,False,,,,True,True,True,False,2.050000000000068,,,True,True,True,False,2.050000000000068,,,True,True,True,False,2.050000000000068,32.0,2022-09-21T10:03:00-04:00,2.8500000000000227,3847.0400000001373,,,,,,,,,33.0,2022-09-21T10:04:00-04:00,4.7999999999999545,-52.95999999972644,,,,,,,,,,,,,,,,,,,,,,,,,,,,,,,,,,,,,,,,,,,,,,,,,537
2022-09-21,2022-09-23,2,6.0,2022-09-21T09:31:00-04:00,6.0499999999999545,NDXP  220923P12070000,NDXP  220923P12060000,development,False,False,0,0,2,50,0,1148,available,False,2022-09-21T09:31:00-04:00,2022-09-23T16:00:00-04:00,10.0,-8052.960000000091,0.0,last_observed_quote_not_settlement,1037.0,983,69,5.800000000000011,247.039999999887,2022-09-21T09:32:00-04:00,0.0,6.5,-1152.9600000000903,2022-09-21T09:33:00-04:00,0.0,6.2000000000000455,-552.9600000001813,2022-09-21T09:36:00-04:00,0.0,6.2999999999999545,-752.9599999999994,2022-09-21T09:41:00-04:00,0.0,6.25,-652.9600000000903,2022-09-21T09:46:00-04:00,0.0,6.350000000000023,-852.9600000001358,2022-09-21T10:01:00-04:00,0.0,6.5,-1152.9600000000903,2022-09-21T10:31:00-04:00,0.0,6.099999999999909,-352.95999999990835,2022-09-21T11:31:00-04:00,0.0,8.649999999999977,-5452.960000000046,2022-09-21T16:00:00-04:00,0.0,,,2022-09-22T15:59:00-04:00,60.0,10.0,-8052.960000000091,2022-09-23T16:00:00-04:00,0.0,,,,,4.0,hit,4.0,hit,,never_hit,,never_hit,,never_hit,,never_hit,,never_hit,9.0,hit,17.0,hit,12.0,hit,276.0,hit,390.0,hit,1449.0,hit,,,True,True,True,False,1.6499999999999773,,,True,True,True,False,1.6499999999999773,,,True,True,True,False,1.6499999999999773,,,True,True,True,False,1.6499999999999773,,,,,,,,,,,,,,,,,,,,,,,,,,,,,,,,,,,,,,,,,,,,,,,,,,,,,,,,,,,,,,,,,538
2022-09-21,2022-09-23,2,7.0,2022-09-21T09:31:00-04:00,7.0,NDXP  220923P12190000,NDXP  220923P12180000,development,False,False,0,0,0,107,0,1091,available,False,2022-09-21T09:31:00-04:00,2022-09-23T15:59:00-04:00,3.25,7247.040000000001,1.0,last_observed_quote_not_settlement,1037.0,793,106,7.199999999999989,-652.9599999999766,2022-09-21T09:32:00-04:00,0.0,7.0,-252.9599999999993,2022-09-21T09:33:00-04:00,0.0,7.100000000000023,-452.9600000000448,2022-09-21T09:36:00-04:00,0.0,7.0,-252.9599999999993,2022-09-21T09:41:00-04:00,0.0,7.399999999999977,-1052.9599999999539,2022-09-21T09:46:00-04:00,0.0,7.100000000000023,-452.9600000000448,2022-09-21T10:01:00-04:00,0.0,6.850000000000023,47.039999999955235,2022-09-21T10:31:00-04:00,0.0,7.0499999999999545,-352.95999999990835,2022-09-21T11:31:00-04:00,0.0,8.600000000000023,-3452.9600000000464,2022-09-21T16:00:00-04:00,0.0,,,2022-09-22T15:59:00-04:00,60.0,,,2022-09-23T15:59:00-04:00,60.0,,,,,300.0,hit,300.0,hit,3219.0,hit,3219.0,hit,3219.0,hit,,never_hit,,never_hit,6.0,hit,94.0,hit,0.0,hit,94.0,hit,285.0,hit,298.0,hit,10.0,776,True,True,True,True,,10.0,776,True,True,True,True,,,,True,True,True,False,5.5499999999999545,,,True,True,True,False,5.5499999999999545,3219.0,2022-09-23T15:10:00-04:00,1.4500000000000455,10847.03999999991,,,,,,,,,3220.0,2022-09-23T15:11:00-04:00,7.100000000000023,-452.9600000000448,3219.0,2022-09-23T15:10:00-04:00,1.4500000000000455,10847.03999999991,,,,,,,,,3220.0,2022-09-23T15:11:00-04:00,7.100000000000023,-452.9600000000448,,,,,,,,,,,,,,,,,,,,,,,,,,,,,,,,,539
2022-09-23,2022-09-26,3,5.0,2022-09-23T09:31:00-04:00,4.950000000000017,NDXP  220926P11400000,NDXP  220926P11390000,development,False,False,0,0,0,5,0,790,available,False,2022-09-23T09:31:00-04:00,2022-09-26T16:00:00-04:00,9.199999999999989,-8752.959999999943,0.0,last_observed_quote_not_settlement,3916.0,692,29,4.75,147.0400000000348,2022-09-23T09:32:00-04:00,0.0,4.699999999999989,247.04000000005752,2022-09-23T09:33:00-04:00,0.0,4.75,147.0400000000348,2022-09-23T09:36:00-04:00,0.0,5.850000000000023,-2052.9600000000105,2022-09-23T09:41:00-04:00,0.0,5.350000000000023,-1052.9600000000107,2022-09-23T09:46:00-04:00,0.0,5.549999999999983,-1452.9599999999311,2022-09-23T10:01:00-04:00,0.0,5.399999999999977,-1152.9599999999198,2022-09-23T10:31:00-04:00,0.0,6.800000000000011,-3952.9599999999878,2022-09-23T11:31:00-04:00,0.0,5.200000000000017,-752.9599999999994,2022-09-23T16:00:00-04:00,0.0,,,2022-09-23T16:15:00-04:00,85500.0,,,2022-09-23T16:15:00-04:00,171900.0,9.199999999999989,-8752.959999999943,2022-09-26T16:00:00-04:00,0.0,0.0,hit,0.0,hit,4351.0,hit,4374.0,hit,,never_hit,,never_hit,,never_hit,6.0,hit,6.0,hit,79.0,hit,171.0,hit,4540.0,hit,4573.0,hit,8.899999999999977,405,True,True,False,False,,,,True,True,True,False,2.2500000000000213,,,True,True,True,False,2.2500000000000213,,,True,True,True,False,2.2500000000000213,4374.0,2022-09-26T10:25:00-04:00,2.6999999999999957,4247.040000000044,,,,,,,,,4375.0,2022-09-26T10:26:00-04:00,3.299999999999997,3047.0400000000404,,,,,,,,,,,,,,,,,,,,,,,,,,,,,,,,,,,,,,,,,,,,,,,,,540
2022-09-23,2022-09-26,3,6.0,2022-09-23T09:31:00-04:00,5.899999999999977,NDXP  220926P11460000,NDXP  220926P11450000,development,False,False,0,0,0,8,0,787,available,False,2022-09-23T09:31:00-04:00,2022-09-26T15:59:00-04:00,9.900000000000034,-8252.960000000114,1.0,last_observed_quote_not_settlement,3916.0,675,72,6.099999999999994,-652.9600000000335,2022-09-23T09:32:00-04:00,0.0,6.400000000000006,-1252.9600000000562,2022-09-23T09:33:00-04:00,0.0,5.600000000000023,347.03999999990975,2022-09-23T09:36:00-04:00,0.0,5.150000000000006,1247.0399999999438,2022-09-23T09:41:00-04:00,0.0,6.150000000000006,-752.9600000000562,2022-09-23T09:46:00-04:00,0.0,6.949999999999989,-2352.960000000022,2022-09-23T10:01:00-04:00,0.0,6.549999999999983,-1552.9600000000107,2022-09-23T10:31:00-04:00,0.0,6.300000000000011,-1052.9600000000676,2022-09-23T11:31:00-04:00,0.0,7.000000000000028,-2452.9600000001014,2022-09-23T16:00:00-04:00,0.0,,,2022-09-23T16:15:00-04:00,85500.0,,,2022-09-23T16:15:00-04:00,171900.0,,,2022-09-26T15:59:00-04:00,60.0,4.0,hit,4.0,hit,4350.0,hit,,never_hit,,never_hit,,never_hit,,never_hit,2.0,hit,21.0,hit,21.0,hit,185.0,hit,305.0,hit,4497.0,hit,,,True,True,True,False,2.0499999999999687,,,True,True,True,False,2.0499999999999687,,,True,True,True,False,2.0499999999999687,,,True,True,True,False,2.0499999999999687,,,,,,,,,,,,,,,,,,,,,,,,,,,,,,,,,,,,,,,,,,,,,,,,,,,,,,,,,,,,,,,,,541
2022-09-23,2022-09-26,3,7.0,2022-09-23T09:31:00-04:00,6.849999999999994,NDXP  220926P11560000,NDXP  220926P11550000,development,False,False,0,0,0,35,0,760,available,False,2022-09-23T09:31:00-04:00,2022-09-26T16:00:00-04:00,9.550000000000011,-5652.9600000000355,0.0,last_observed_quote_not_settlement,3916.0,709,24,7.600000000000023,-1752.9600000000562,2022-09-23T09:32:00-04:00,0.0,6.849999999999994,-252.9599999999993,2022-09-23T09:33:00-04:00,0.0,6.800000000000011,-152.9600000000334,2022-09-23T09:36:00-04:00,0.0,7.0,-552.9600000000107,2022-09-23T09:41:00-04:00,0.0,7.850000000000023,-2252.960000000056,2022-09-23T09:46:00-04:00,0.0,8.0,-2552.9600000000123,2022-09-23T10:01:00-04:00,0.0,7.600000000000023,-1752.9600000000562,2022-09-23T10:31:00-04:00,0.0,7.699999999999989,-1952.959999999988,2022-09-23T11:31:00-04:00,0.0,7.949999999999989,-2452.9599999999878,2022-09-23T16:00:00-04:00,0.0,,,2022-09-23T16:15:00-04:00,85500.0,,,2022-09-23T16:15:00-04:00,171900.0,9.550000000000011,-5652.9600000000355,2022-09-26T16:00:00-04:00,0.0,,never_hit,,never_hit,,never_hit,,never_hit,,never_hit,,never_hit,,never_hit,1.0,hit,15.0,hit,1.0,hit,21.0,hit,284.0,hit,321.0,hit,,,True,True,True,False,0.9000000000000057,,,True,True,True,False,0.9000000000000057,,,True,True,True,False,0.9000000000000057,,,True,True,True,False,0.9000000000000057,,,,,,,,,,,,,,,,,,,,,,,,,,,,,,,,,,,,,,,,,,,,,,,,,,,,,,,,,,,,,,,,,542
2022-09-26,2022-09-28,2,5.0,2022-09-26T09:31:00-04:00,4.999999999999972,NDXP  220928P11410000,NDXP  220928P11400000,development,False,False,0,0,0,0,15,1200,available,False,2022-09-26T09:31:00-04:00,2022-09-28T16:00:00-04:00,0.0,9747.039999999944,0.0,last_observed_quote_not_settlement,1036.0,766,112,5.850000000000023,-1952.9600000001017,2022-09-26T09:32:00-04:00,0.0,5.25,-752.9600000000562,2022-09-26T09:33:00-04:00,0.0,4.850000000000023,47.03999999989839,2022-09-26T09:36:00-04:00,0.0,4.099999999999994,1547.0399999999552,2022-09-26T09:41:00-04:00,0.0,5.150000000000006,-552.9600000000676,2022-09-26T09:46:00-04:00,0.0,4.300000000000011,1147.039999999921,2022-09-26T10:01:00-04:00,0.0,4.250000000000014,1247.0399999999154,2022-09-26T10:31:00-04:00,0.0,6.449999999999989,-3152.9600000000332,2022-09-26T11:31:00-04:00,0.0,5.900000000000006,-2052.9600000000673,2022-09-26T16:00:00-04:00,0.0,7.300000000000011,-4852.960000000079,2022-09-27T16:00:00-04:00,0.0,0.0,9747.039999999944,2022-09-28T16:00:00-04:00,0.0,,,,,0.0,hit,0.0,hit,4.0,hit,2946.0,hit,3186.0,hit,3216.0,hit,3221.0,hit,1.0,hit,79.0,hit,193.0,hit,1608.0,hit,1608.0,hit,,never_hit,9.149999999999977,693,True,True,True,True,,9.149999999999977,766,True,True,True,True,,9.149999999999977,766,True,True,True,True,,9.149999999999977,766,True,True,True,True,,2946.0,2022-09-28T10:37:00-04:00,2.799999999999997,4147.03999999995,3110.0,2022-09-28T13:21:00-04:00,2.900000000000002,3947.0399999999395,3184.0,2022-09-28T14:35:00-04:00,2.3499999999999996,5047.0399999999445,2947.0,2022-09-28T10:38:00-04:00,5.299999999999997,-852.9600000000505,3188.0,2022-09-28T14:39:00-04:00,1.5999999999999996,6547.0399999999445,3189.0,2022-09-28T14:40:00-04:00,1.8999999999999986,5947.039999999946,3213.0,2022-09-28T15:04:00-04:00,1.1000000000000005,7547.039999999943,3189.0,2022-09-28T14:40:00-04:00,1.8999999999999986,5947.039999999946,3216.0,2022-09-28T15:07:00-04:00,0.6999999999999997,8347.039999999944,3217.0,2022-09-28T15:08:00-04:00,0.625,8497.039999999944,3218.0,2022-09-28T15:09:00-04:00,0.625,8497.039999999944,3217.0,2022-09-28T15:08:00-04:00,0.625,8497.039999999944,3235.0,2022-09-28T15:26:00-04:00,0.3999999999999999,8947.039999999944,3236.0,2022-09-28T15:27:00-04:00,0.30000000000000004,9147.039999999944,3237.0,2022-09-28T15:28:00-04:00,0.3999999999999999,8947.039999999944,3236.0,2022-09-28T15:27:00-04:00,0.30000000000000004,9147.039999999944,543
2022-09-26,2022-09-28,2,6.0,2022-09-26T09:31:00-04:00,6.0,NDXP  220928P11480000,NDXP  220928P11470000,development,False,False,0,0,0,2,15,1198,available,False,2022-09-26T09:31:00-04:00,2022-09-28T16:00:00-04:00,0.5,10747.04,0.0,last_observed_quote_not_settlement,1036.0,902,52,6.5,-1252.9599999999994,2022-09-26T09:32:00-04:00,0.0,6.149999999999977,-552.9599999999539,2022-09-26T09:33:00-04:00,0.0,5.700000000000017,347.0399999999666,2022-09-26T09:36:00-04:00,0.0,5.599999999999994,547.040000000012,2022-09-26T09:41:00-04:00,0.0,5.849999999999994,47.04000000001208,2022-09-26T09:46:00-04:00,0.0,3.8000000000000114,4147.039999999978,2022-09-26T10:01:00-04:00,0.0,4.900000000000006,1947.0399999999893,2022-09-26T10:31:00-04:00,0.0,6.25,-752.9599999999994,2022-09-26T11:31:00-04:00,0.0,6.749999999999943,-1752.9599999998857,2022-09-26T16:00:00-04:00,0.0,8.75,-5752.960000000001,2022-09-27T16:00:00-04:00,0.0,0.5,10747.04,2022-09-28T16:00:00-04:00,0.0,,,,,6.0,hit,6.0,hit,30.0,hit,3221.0,hit,3240.0,hit,3252.0,hit,3257.0,hit,1.0,hit,180.0,hit,180.0,hit,1603.0,hit,1743.0,hit,1743.0,hit,9.650000000000034,902,True,True,True,True,,9.650000000000034,902,True,True,True,True,,9.650000000000034,902,True,True,True,True,,9.650000000000034,902,True,True,True,True,,3221.0,2022-09-28T15:12:00-04:00,2.8500000000000014,6047.039999999998,3222.0,2022-09-28T15:13:00-04:00,2.849999999999998,6047.0400000000045,3223.0,2022-09-28T15:14:00-04:00,2.8500000000000014,6047.039999999998,3222.0,2022-09-28T15:13:00-04:00,2.849999999999998,6047.0400000000045,3240.0,2022-09-28T15:31:00-04:00,1.8500000000000005,8047.04,3245.0,2022-09-28T15:36:00-04:00,1.3499999999999996,9047.040000000003,3246.0,2022-09-28T15:37:00-04:00,1.5000000000000004,8747.039999999999,3241.0,2022-09-28T15:32:00-04:00,2.1999999999999984,7347.040000000004,3253.0,2022-09-28T15:44:00-04:00,0.875,9997.04,3254.0,2022-09-28T15:45:00-04:00,0.7000000000000002,10347.04,3255.0,2022-09-28T15:46:00-04:00,0.8500000000000001,10047.04,3254.0,2022-09-28T15:45:00-04:00,0.7000000000000002,10347.04,3258.0,2022-09-28T15:49:00-04:00,0.3,11147.040000000003,3261.0,2022-09-28T15:52:00-04:00,0.24999999999999994,11247.04,3262.0,2022-09-28T15:53:00-04:00,0.07500000000000001,11597.04,,,,,544
2022-09-26,2022-09-28,2,7.0,2022-09-26T09:31:00-04:00,7.0,NDXP  220928P11530000,NDXP  220928P11520000,development,False,False,0,0,0,3,15,1197,available,False,2022-09-26T09:31:00-04:00,2022-09-28T15:59:00-04:00,9.799999999999997,-5852.9599999999955,1.0,last_observed_quote_not_settlement,1036.0,814,50,6.949999999999989,-152.95999999997656,2022-09-26T09:32:00-04:00,0.0,6.25,1247.0400000000006,2022-09-26T09:33:00-04:00,0.0,6.150000000000006,1447.0399999999893,2022-09-26T09:36:00-04:00,0.0,6.049999999999983,1647.0400000000348,2022-09-26T09:41:00-04:00,0.0,6.299999999999983,1147.0400000000348,2022-09-26T09:46:00-04:00,0.0,5.549999999999983,2647.040000000035,2022-09-26T10:01:00-04:00,0.0,5.399999999999977,2947.0400000000463,2022-09-26T10:31:00-04:00,0.0,6.800000000000011,147.03999999997797,2022-09-26T11:31:00-04:00,0.0,6.550000000000011,647.0399999999779,2022-09-26T16:00:00-04:00,0.0,8.450000000000045,-3152.960000000092,2022-09-27T16:00:00-04:00,0.0,,,2022-09-28T15:59:00-04:00,60.0,,,,,33.0,hit,33.0,hit,3244.0,hit,3255.0,hit,3263.0,hit,,never_hit,,never_hit,174.0,hit,174.0,hit,0.0,hit,174.0,hit,1604.0,hit,1653.0,hit,9.849999999999966,814,True,True,True,True,,9.849999999999966,814,True,True,True,True,,,,True,True,True,False,5.324999999999999,,,True,True,True,False,5.324999999999999,3260.0,2022-09-28T15:51:00-04:00,2.7,8347.04,,,,,,,,,3261.0,2022-09-28T15:52:00-04:00,3.25,7247.040000000001,3263.0,2022-09-28T15:54:00-04:00,1.6750000000000003,10397.04,,,,,,,,,3264.0,2022-09-28T15:55:00-04:00,4.0,5747.040000000001,,,,,,,,,,,,,,,,,,,,,,,,,,,,,,,,,545
2022-09-26,2022-09-29,3,5.0,2022-09-26T09:31:00-04:00,4.950000000000017,NDXP  220929P11330000,NDXP  220929P11320000,development,False,False,0,0,0,86,0,1519,available,False,2022-09-26T09:31:00-04:00,2022-09-29T16:00:00-04:00,10.0,-10252.959999999965,0.0,last_observed_quote_not_settlement,1036.0,735,91,4.599999999999994,447.0400000000462,2022-09-26T09:32:00-04:00,0.0,4.0,1647.0400000000348,2022-09-26T09:33:00-04:00,0.0,4.799999999999983,47.04000000006892,2022-09-26T09:36:00-04:00,0.0,4.0,1647.0400000000348,2022-09-26T09:41:00-04:00,0.0,4.900000000000034,-152.9600000000334,2022-09-26T09:46:00-04:00,0.0,3.6999999999999886,2247.0400000000577,2022-09-26T10:01:00-04:00,0.0,3.799999999999997,2047.0400000000404,2022-09-26T10:31:00-04:00,0.0,4.599999999999994,447.0400000000462,2022-09-26T11:31:00-04:00,0.0,5.250000000000028,-852.9600000000221,2022-09-26T16:00:00-04:00,0.0,5.449999999999989,-1252.9599999999425,2022-09-27T16:00:00-04:00,0.0,2.1999999999999957,5247.040000000044,2022-09-28T16:00:00-04:00,0.0,10.0,-10252.959999999965,2022-09-29T16:00:00-04:00,0.0,0.0,hit,0.0,hit,2.0,hit,1457.0,hit,3221.0,hit,,never_hit,,never_hit,119.0,hit,119.0,hit,1787.0,hit,4352.0,hit,4360.0,hit,4394.0,hit,6.25,169,False,False,False,False,,7.150000000000006,473,True,False,False,False,,,,True,True,True,False,3.40000000000002,,,True,True,True,False,3.40000000000002,1457.0,2022-09-27T09:48:00-04:00,2.5999999999999943,4447.040000000046,3106.0,2022-09-28T13:17:00-04:00,2.75,4147.0400000000345,3107.0,2022-09-28T13:18:00-04:00,2.799999999999997,4047.040000000041,1458.0,2022-09-27T09:49:00-04:00,3.3499999999999943,2947.0400000000463,3240.0,2022-09-28T15:31:00-04:00,1.8500000000000014,5947.040000000032,3245.0,2022-09-28T15:36:00-04:00,1.8999999999999986,5847.040000000037,3254.0,2022-09-28T15:45:00-04:00,1.7999999999999972,6047.040000000041,3241.0,2022-09-28T15:32:00-04:00,2.0500000000000043,5547.040000000026,,,,,,,,,,,,,,,,,,,,,,,,,,,,,,,,,546
2022-09-26,2022-09-29,3,6.0,2022-09-26T09:31:00-04:00,6.0,NDXP  220929P11480000,NDXP  220929P11470000,development,False,False,0,0,0,67,0,1538,available,False,2022-09-26T09:31:00-04:00,2022-09-29T16:00:00-04:00,10.0,-8152.96,0.0,last_observed_quote_not_settlement,1036.0,936,88,6.149999999999977,-552.9599999999539,2022-09-26T09:32:00-04:00,0.0,5.2999999999999545,1147.0400000000916,2022-09-26T09:33:00-04:00,0.0,5.5,747.0400000000006,2022-09-26T09:36:00-04:00,0.0,5.400000000000006,947.0399999999893,2022-09-26T09:41:00-04:00,0.0,5.599999999999966,547.0400000000689,2022-09-26T09:46:00-04:00,0.0,4.899999999999977,1947.0400000000461,2022-09-26T10:01:00-04:00,0.0,4.800000000000011,2147.039999999978,2022-09-26T10:31:00-04:00,0.0,5.949999999999989,-152.95999999997656,2022-09-26T11:31:00-04:00,0.0,7.900000000000091,-4052.960000000181,2022-09-26T16:00:00-04:00,0.0,6.900000000000006,-2052.9600000000105,2022-09-27T16:00:00-04:00,0.0,4.400000000000006,2947.0399999999895,2022-09-28T16:00:00-04:00,0.0,10.0,-8152.96,2022-09-29T16:00:00-04:00,0.0,2.0,hit,30.0,hit,33.0,hit,1456.0,hit,,never_hit,,never_hit,,never_hit,50.0,hit,238.0,hit,238.0,hit,1803.0,hit,2902.0,hit,4336.0,hit,7.900000000000091,235,True,False,False,False,,,,True,True,True,False,3.200000000000017,,,True,True,True,False,3.200000000000017,,,True,True,True,False,3.200000000000017,1456.0,2022-09-27T09:47:00-04:00,2.799999999999983,6147.0400000000345,,,,,,,,,1457.0,2022-09-27T09:48:00-04:00,4.5,2747.040000000001,,,,,,,,,,,,,,,,,,,,,,,,,,,,,,,,,,,,,,,,,,,,,,,,,547
2022-09-26,2022-09-29,3,7.0,2022-09-26T09:31:00-04:00,7.0,NDXP  220929P11600000,NDXP  220929P11590000,development,False,False,0,0,0,111,0,1494,available,False,2022-09-26T09:31:00-04:00,2022-09-29T16:00:00-04:00,9.199999999999989,-4652.959999999978,0.0,last_observed_quote_not_settlement,1036.0,1009,156,7.100000000000023,-452.9600000000448,2022-09-26T09:32:00-04:00,0.0,6.800000000000011,147.03999999997797,2022-09-26T09:33:00-04:00,0.0,6.400000000000034,947.0399999999324,2022-09-26T09:36:00-04:00,0.0,6.400000000000034,947.0399999999324,2022-09-26T09:41:00-04:00,0.0,6.599999999999966,547.0400000000689,2022-09-26T09:46:00-04:00,0.0,5.850000000000023,2047.0399999999554,2022-09-26T10:01:00-04:00,0.0,4.900000000000034,3947.0399999999327,2022-09-26T10:31:00-04:00,0.0,6.5499999999999545,647.0400000000916,2022-09-26T11:31:00-04:00,0.0,8.449999999999989,-3152.959999999978,2022-09-26T16:00:00-04:00,0.0,7.650000000000034,-1552.9600000000676,2022-09-27T16:00:00-04:00,0.0,5.949999999999989,1847.0400000000234,2022-09-28T16:00:00-04:00,0.0,9.199999999999989,-4652.959999999978,2022-09-29T16:00:00-04:00,0.0,32.0,hit,32.0,hit,50.0,hit,,never_hit,,never_hit,,never_hit,,never_hit,141.0,hit,147.0,hit,0.0,hit,147.0,hit,395.0,hit,395.0,hit,,,True,True,True,False,3.3999999999999773,,,True,True,True,False,3.3999999999999773,,,True,True,True,False,3.3999999999999773,,,True,True,True,False,3.3999999999999773,,,,,,,,,,,,,,,,,,,,,,,,,,,,,,,,,,,,,,,,,,,,,,,,,,,,,,,,,,,,,,,,,548
2022-09-27,2022-09-29,2,5.0,2022-09-27T09:31:00-04:00,4.950000000000017,NDXP  220929P11440000,NDXP  220929P11430000,development,False,False,0,0,0,72,15,1128,available,False,2022-09-27T09:31:00-04:00,2022-09-29T15:58:00-04:00,10.0,-10252.959999999965,2.0,last_observed_quote_not_settlement,1036.0,839,96,4.25,1147.0400000000348,2022-09-27T09:32:00-04:00,0.0,4.600000000000023,447.03999999998933,2022-09-27T09:33:00-04:00,0.0,4.5,647.0400000000348,2022-09-27T09:36:00-04:00,0.0,3.75,2147.040000000035,2022-09-27T09:41:00-04:00,0.0,4.5,647.0400000000348,2022-09-27T09:46:00-04:00,0.0,4.849999999999994,-52.959999999953816,2022-09-27T10:01:00-04:00,0.0,5.0,-352.9599999999652,2022-09-27T10:31:00-04:00,0.0,5.899999999999977,-2152.9599999999195,2022-09-27T11:31:00-04:00,0.0,6.550000000000011,-3452.9599999999878,2022-09-27T16:00:00-04:00,0.0,3.8499999999999943,1947.0400000000461,2022-09-28T16:00:00-04:00,0.0,,,2022-09-29T15:58:00-04:00,120.0,,,,,0.0,hit,0.0,hit,3.0,hit,1656.0,hit,,never_hit,,never_hit,,never_hit,27.0,hit,27.0,hit,75.0,hit,1475.0,hit,2894.0,hit,2905.0,hit,8.400000000000034,534,True,True,False,False,,,,True,True,True,False,2.2500000000000213,,,True,True,True,False,2.2500000000000213,,,True,True,True,False,2.2500000000000213,1656.0,2022-09-28T13:07:00-04:00,2.700000000000003,4247.040000000029,,,,,,,,,1657.0,2022-09-28T13:08:00-04:00,6.800000000000011,-3952.9599999999878,,,,,,,,,,,,,,,,,,,,,,,,,,,,,,,,,,,,,,,,,,,,,,,,,549
2022-09-27,2022-09-29,2,6.0,2022-09-27T09:31:00-04:00,5.899999999999864,NDXP  220929P12040000,NDXP  220929P12030000,development,False,False,0,0,0,164,15,1036,available,False,2022-09-27T09:31:00-04:00,2022-09-29T16:00:00-04:00,7.899999999999977,-4252.9600000002265,0.0,last_observed_quote_not_settlement,1038.0,897,10,,,2022-09-27T09:31:00-04:00,60.0,9.600000000000023,-7652.960000000319,2022-09-27T09:33:00-04:00,0.0,,,2022-09-27T09:35:00-04:00,60.0,9.5,-7452.960000000274,2022-09-27T09:41:00-04:00,0.0,9.599999999999909,-7652.960000000092,2022-09-27T09:46:00-04:00,0.0,9.100000000000136,-6652.960000000547,2022-09-27T10:01:00-04:00,0.0,9.599999999999909,-7652.960000000092,2022-09-27T10:31:00-04:00,0.0,9.699999999999932,-7852.960000000137,2022-09-27T11:31:00-04:00,0.0,,,2022-09-27T15:59:00-04:00,60.0,10.0,-8352.960000000272,2022-09-28T16:00:00-04:00,0.0,7.899999999999977,-4252.9600000002265,2022-09-29T16:00:00-04:00,0.0,,,,,223.0,hit,223.0,hit,223.0,hit,223.0,hit,,never_hit,,never_hit,,never_hit,2.0,hit,2.0,hit,2.0,hit,2.0,hit,2.0,hit,2.0,hit,10.0,190,True,True,True,True,,,,True,True,True,False,3.049999999999841,,,True,True,True,False,3.049999999999841,,,True,True,True,False,3.049999999999841,223.0,2022-09-27T13:14:00-04:00,2.8500000000000227,5847.039999999683,,,,,,,,,224.0,2022-09-27T13:15:00-04:00,9.949999999999932,-8352.960000000137,,,,,,,,,,,,,,,,,,,,,,,,,,,,,,,,,,,,,,,,,,,,,,,,,550
2022-09-27,2022-09-29,2,7.0,2022-09-27T09:31:00-04:00,6.9500000000000455,NDXP  220929P11650000,NDXP  220929P11640000,development,False,False,0,0,0,108,15,1092,available,False,2022-09-27T09:31:00-04:00,2022-09-29T16:00:00-04:00,10.0,-6252.959999999909,0.0,last_observed_quote_not_settlement,1036.0,932,67,7.150000000000034,-652.9599999999766,2022-09-27T09:32:00-04:00,0.0,6.649999999999977,347.0400000001371,2022-09-27T09:33:00-04:00,0.0,6.800000000000011,47.04000000006892,2022-09-27T09:36:00-04:00,0.0,5.900000000000006,1847.0400000000802,2022-09-27T09:41:00-04:00,0.0,7.0,-352.95999999990835,2022-09-27T09:46:00-04:00,0.0,7.25,-852.9599999999084,2022-09-27T10:01:00-04:00,0.0,7.2000000000000455,-752.9599999999994,2022-09-27T10:31:00-04:00,0.0,8.050000000000011,-2452.9599999999327,2022-09-27T11:31:00-04:00,0.0,8.600000000000023,-3552.9599999999555,2022-09-27T16:00:00-04:00,0.0,7.650000000000006,-1652.9599999999198,2022-09-28T16:00:00-04:00,0.0,10.0,-6252.959999999909,2022-09-29T16:00:00-04:00,0.0,,,,,2896.0,hit,2896.0,hit,2896.0,hit,,never_hit,,never_hit,,never_hit,,never_hit,3.0,hit,18.0,hit,1.0,hit,18.0,hit,193.0,hit,193.0,hit,,,True,True,True,False,3.650000000000034,,,True,True,True,False,3.650000000000034,,,True,True,True,False,3.650000000000034,,,True,True,True,False,3.650000000000034,,,,,,,,,,,,,,,,,,,,,,,,,,,,,,,,,,,,,,,,,,,,,,,,,,,,,,,,,,,,,,,,,551
2022-09-27,2022-09-30,3,5.0,2022-09-27T09:31:00-04:00,5.0,NDXP  220930P11440000,NDXP  220930P11430000,development,False,False,0,0,0,56,0,1548,available,False,2022-09-27T09:31:00-04:00,2022-09-30T15:58:00-04:00,9.950000000000045,-10152.96,2.0,last_observed_quote_not_settlement,1036.0,1221,97,4.750000000000028,247.03999999994383,2022-09-27T09:32:00-04:00,0.0,5.049999999999983,-352.9599999999652,2022-09-27T09:33:00-04:00,0.0,4.5,747.0400000000006,2022-09-27T09:36:00-04:00,0.0,3.8000000000000114,2147.039999999978,2022-09-27T09:41:00-04:00,0.0,4.400000000000006,947.0399999999893,2022-09-27T09:46:00-04:00,0.0,4.800000000000011,147.03999999997797,2022-09-27T10:01:00-04:00,0.0,5.0,-252.9599999999993,2022-09-27T10:31:00-04:00,0.0,5.600000000000023,-1452.9600000000448,2022-09-27T11:31:00-04:00,0.0,6.0,-2252.959999999999,2022-09-27T16:00:00-04:00,0.0,4.0,1747.0400000000006,2022-09-28T16:00:00-04:00,0.0,8.399999999999977,-7052.9599999999555,2022-09-29T16:00:00-04:00,0.0,,,2022-09-30T15:58:00-04:00,120.0,0.0,hit,0.0,hit,10.0,hit,4704.0,hit,,never_hit,,never_hit,,never_hit,27.0,hit,98.0,hit,118.0,hit,211.0,hit,3002.0,hit,3146.0,hit,10.0,1220,True,True,True,True,,,,True,True,True,False,2.6499999999999773,,,True,True,True,False,2.6499999999999773,,,True,True,True,False,2.6499999999999773,4704.0,2022-09-30T15:55:00-04:00,2.3500000000000227,5047.039999999955,,,,,,,,,,,,,,,,,,,,,,,,,,,,,,,,,,,,,,,,,,,,,,,,,,,,,,,,,,,,,552
2022-09-27,2022-09-30,3,6.0,2022-09-27T09:31:00-04:00,6.0,NDXP  220930P11520000,NDXP  220930P11510000,development,False,False,0,0,0,65,0,1539,available,False,2022-09-27T09:31:00-04:00,2022-09-30T15:59:00-04:00,8.799999999999955,-5852.95999999991,1.0,last_observed_quote_not_settlement,1036.0,1158,72,5.049999999999983,1647.0400000000348,2022-09-27T09:32:00-04:00,0.0,4.599999999999994,2547.0400000000122,2022-09-27T09:33:00-04:00,0.0,5.099999999999994,1547.040000000012,2022-09-27T09:36:00-04:00,0.0,4.800000000000011,2147.039999999978,2022-09-27T09:41:00-04:00,0.0,5.150000000000006,1447.0399999999893,2022-09-27T09:46:00-04:00,0.0,5.5,747.0400000000006,2022-09-27T10:01:00-04:00,0.0,5.349999999999994,1047.040000000012,2022-09-27T10:31:00-04:00,0.0,5.650000000000034,447.0399999999325,2022-09-27T11:31:00-04:00,0.0,7.149999999999977,-2552.9599999999537,2022-09-27T16:00:00-04:00,0.0,5.349999999999994,1047.040000000012,2022-09-28T16:00:00-04:00,0.0,9.250000000000057,-6752.960000000115,2022-09-29T16:00:00-04:00,0.0,,,2022-09-30T15:59:00-04:00,60.0,1.0,hit,2.0,hit,1789.0,hit,,never_hit,,never_hit,,never_hit,,never_hit,35.0,hit,45.0,hit,45.0,hit,162.0,hit,378.0,hit,2924.0,hit,,,True,True,True,False,2.0500000000000114,,,True,True,True,False,2.0500000000000114,,,True,True,True,False,2.0500000000000114,,,True,True,True,False,2.0500000000000114,,,,,,,,,,,,,,,,,,,,,,,,,,,,,,,,,,,,,,,,,,,,,,,,,,,,,,,,,,,,,,,,,553
2022-09-27,2022-09-30,3,7.0,2022-09-27T09:31:00-04:00,7.0,NDXP  220930P11700000,NDXP  220930P11690000,development,False,False,0,0,0,193,0,1411,available,False,2022-09-27T09:31:00-04:00,2022-09-30T15:54:00-04:00,9.550000000000068,-5352.960000000137,6.0,last_observed_quote_not_settlement,1037.0,1140,81,6.650000000000034,447.0399999999325,2022-09-27T09:32:00-04:00,0.0,6.649999999999977,447.0400000000462,2022-09-27T09:33:00-04:00,0.0,6.75,247.04000000000067,2022-09-27T09:36:00-04:00,0.0,6.25,1247.0400000000006,2022-09-27T09:41:00-04:00,0.0,6.600000000000023,547.0399999999552,2022-09-27T09:46:00-04:00,0.0,7.349999999999966,-952.9599999999311,2022-09-27T10:01:00-04:00,0.0,7.149999999999977,-552.9599999999539,2022-09-27T10:31:00-04:00,0.0,7.7999999999999545,-1852.9599999999084,2022-09-27T11:31:00-04:00,0.0,10.0,-6152.96,2022-09-27T16:00:00-04:00,0.0,8.099999999999966,-2452.9599999999327,2022-09-28T16:00:00-04:00,0.0,9.050000000000068,-4352.960000000137,2022-09-29T16:00:00-04:00,0.0,,,2022-09-30T15:54:00-04:00,360.0,18.0,hit,347.0,hit,347.0,hit,,never_hit,,never_hit,,never_hit,,never_hit,23.0,hit,92.0,hit,0.0,hit,92.0,hit,163.0,hit,163.0,hit,,,True,True,True,False,3.2000000000000455,,,True,True,True,False,3.2000000000000455,,,True,True,True,False,3.2000000000000455,,,True,True,True,False,3.2000000000000455,,,,,,,,,,,,,,,,,,,,,,,,,,,,,,,,,,,,,,,,,,,,,,,,,,,,,,,,,,,,,,,,,554
2022-09-28,2022-09-30,2,5.0,2022-09-28T09:31:00-04:00,5.0,NDXP  220930P11320000,NDXP  220930P11310000,development,False,False,0,0,0,19,0,1180,available,False,2022-09-28T09:31:00-04:00,2022-09-30T15:59:00-04:00,10.0,-10152.96,1.0,last_observed_quote_not_settlement,1036.0,798,22,5.099999999999966,-452.9599999999311,2022-09-28T09:32:00-04:00,0.0,4.800000000000011,147.03999999997797,2022-09-28T09:33:00-04:00,0.0,5.700000000000017,-1652.9600000000335,2022-09-28T09:36:00-04:00,0.0,5.599999999999994,-1452.959999999988,2022-09-28T09:41:00-04:00,0.0,5.049999999999983,-352.9599999999652,2022-09-28T09:46:00-04:00,0.0,2.25,5247.040000000001,2022-09-28T10:01:00-04:00,0.0,4.349999999999994,1047.040000000012,2022-09-28T10:31:00-04:00,0.0,4.199999999999989,1347.0400000000234,2022-09-28T11:31:00-04:00,0.0,2.8000000000000114,4147.039999999978,2022-09-28T16:00:00-04:00,0.0,6.75,-3752.959999999999,2022-09-29T16:00:00-04:00,0.0,,,2022-09-30T15:59:00-04:00,60.0,,,,,0.0,hit,0.0,hit,22.0,hit,30.0,hit,390.0,hit,,never_hit,,never_hit,3.0,hit,12.0,hit,1469.0,hit,1567.0,hit,2888.0,hit,3097.0,hit,6.399999999999977,23,False,False,False,False,,6.5,48,False,False,False,False,,,,True,True,True,False,3.0,,,True,True,True,False,3.0,30.0,2022-09-28T10:01:00-04:00,2.25,5247.040000000001,336.0,2022-09-28T15:07:00-04:00,2.700000000000003,4347.039999999995,337.0,2022-09-28T15:08:00-04:00,2.750000000000014,4247.039999999973,31.0,2022-09-28T10:02:00-04:00,5.050000000000011,-352.96000000002203,,,,,,,,,,,,,,,,,,,,,,,,,,,,,,,,,,,,,,,,,,,,,,,,,555
2022-09-28,2022-09-30,2,6.0,2022-09-28T09:31:00-04:00,6.099999999999909,NDXP  220930P12080000,NDXP  220930P12070000,development,False,False,0,0,0,147,0,1052,available,False,2022-09-28T09:31:00-04:00,2022-09-30T15:58:00-04:00,10.0,-7952.960000000182,2.0,last_observed_quote_not_settlement,1038.0,940,7,7.5499999999999545,-3152.96000000009,2022-09-28T09:32:00-04:00,0.0,8.699999999999932,-5452.960000000046,2022-09-28T09:33:00-04:00,0.0,,,2022-09-28T09:35:00-04:00,60.0,,,2022-09-28T09:35:00-04:00,360.0,,,2022-09-28T09:44:00-04:00,120.0,9.650000000000091,-7352.960000000365,2022-09-28T10:01:00-04:00,0.0,10.0,-7952.960000000182,2022-09-28T10:31:00-04:00,0.0,9.799999999999955,-7652.960000000092,2022-09-28T11:31:00-04:00,0.0,,,2022-09-28T15:59:00-04:00,60.0,9.799999999999955,-7652.960000000092,2022-09-29T16:00:00-04:00,0.0,,,2022-09-30T15:58:00-04:00,120.0,,,,,37.0,hit,37.0,hit,37.0,hit,1501.0,hit,1501.0,hit,1501.0,hit,1501.0,hit,1.0,hit,1.0,hit,1.0,hit,2.0,hit,3.0,hit,4.0,hit,10.0,391,True,True,True,True,,10.0,391,True,True,True,True,,10.0,391,True,True,True,True,,10.0,391,True,True,True,True,,1501.0,2022-09-29T10:32:00-04:00,0.0,11947.039999999819,,,,,,,,,1502.0,2022-09-29T10:33:00-04:00,10.0,-7952.960000000182,1501.0,2022-09-29T10:32:00-04:00,0.0,11947.039999999819,,,,,,,,,1502.0,2022-09-29T10:33:00-04:00,10.0,-7952.960000000182,1501.0,2022-09-29T10:32:00-04:00,0.0,11947.039999999819,,,,,,,,,1502.0,2022-09-29T10:33:00-04:00,10.0,-7952.960000000182,1501.0,2022-09-29T10:32:00-04:00,0.0,11947.039999999819,,,,,,,,,1502.0,2022-09-29T10:33:00-04:00,10.0,-7952.960000000182,556
2022-09-28,2022-09-30,2,7.0,2022-09-28T09:31:00-04:00,7.049999999999727,NDXP  220930P12850000,NDXP  220930P12840000,development,False,False,0,0,0,119,0,1080,available,False,2022-09-28T09:31:00-04:00,2022-09-30T15:59:00-04:00,10.0,-6052.960000000546,1.0,last_observed_quote_not_settlement,1036.0,970,24,8.400000000000091,-2952.9600000007285,2022-09-28T09:32:00-04:00,0.0,8.25,-2652.9600000005466,2022-09-28T09:33:00-04:00,0.0,8.199999999999818,-2552.960000000183,2022-09-28T09:36:00-04:00,0.0,,,2022-09-28T09:36:00-04:00,300.0,9.949999999999818,-6052.960000000183,2022-09-28T09:46:00-04:00,0.0,9.199999999999818,-4552.960000000183,2022-09-28T10:01:00-04:00,0.0,,,2022-09-28T10:29:00-04:00,120.0,10.0,-6052.960000000546,2022-09-28T11:31:00-04:00,0.0,6.599999999999909,647.0399999996368,2022-09-28T16:00:00-04:00,0.0,,,2022-09-29T15:59:00-04:00,60.0,,,2022-09-30T15:59:00-04:00,60.0,,,,,17.0,hit,216.0,hit,216.0,hit,216.0,hit,216.0,hit,216.0,hit,,never_hit,1.0,hit,1.0,hit,0.0,hit,1.0,hit,14.0,hit,15.0,hit,10.0,141,True,True,True,True,,10.0,141,True,True,True,True,,10.0,141,True,True,True,True,,,,True,True,True,False,6.399999999999864,216.0,2022-09-28T13:07:00-04:00,0.7000000000000455,12447.039999999364,,,,,,,,,217.0,2022-09-28T13:08:00-04:00,10.0,-6052.960000000546,216.0,2022-09-28T13:07:00-04:00,0.7000000000000455,12447.039999999364,,,,,,,,,217.0,2022-09-28T13:08:00-04:00,10.0,-6052.960000000546,216.0,2022-09-28T13:07:00-04:00,0.7000000000000455,12447.039999999364,,,,,,,,,217.0,2022-09-28T13:08:00-04:00,10.0,-6052.960000000546,,,,,,,,,,,,,,,,,557
2022-09-30,2022-10-03,3,5.0,2022-09-30T09:31:00-04:00,4.950000000000017,NDXP  221003P11170000,NDXP  221003P11160000,development,False,False,0,0,0,18,0,776,available,False,2022-09-30T09:31:00-04:00,2022-10-03T15:53:00-04:00,0.07499999999999996,9497.040000000035,7.0,last_observed_quote_not_settlement,3916.0,344,53,6.050000000000011,-2452.9599999999878,2022-09-30T09:32:00-04:00,0.0,4.550000000000011,547.040000000012,2022-09-30T09:33:00-04:00,0.0,3.1500000000000057,3347.0400000000236,2022-09-30T09:36:00-04:00,0.0,5.5,-1352.9599999999652,2022-09-30T09:41:00-04:00,0.0,4.449999999999989,747.0400000000575,2022-09-30T09:46:00-04:00,0.0,4.499999999999972,647.0400000000916,2022-09-30T10:01:00-04:00,0.0,4.299999999999983,1047.0400000000689,2022-09-30T10:31:00-04:00,0.0,3.3000000000000114,3047.0400000000122,2022-09-30T11:31:00-04:00,0.0,,,2022-09-30T15:59:00-04:00,60.0,,,2022-09-30T16:15:00-04:00,85500.0,,,2022-09-30T16:15:00-04:00,171900.0,,,2022-10-03T15:53:00-04:00,420.0,0.0,hit,0.0,hit,5.0,hit,20.0,hit,4596.0,hit,4610.0,hit,4632.0,hit,1.0,hit,1.0,hit,350.0,hit,4330.0,hit,,never_hit,,never_hit,6.199999999999989,10,False,False,False,False,,8.900000000000006,344,True,True,False,False,,8.900000000000006,344,True,True,False,False,,8.900000000000006,344,True,True,False,False,,20.0,2022-09-30T09:51:00-04:00,2.1000000000000227,5447.039999999989,106.0,2022-09-30T11:17:00-04:00,2.799999999999997,4047.040000000041,107.0,2022-09-30T11:18:00-04:00,2.6499999999999915,4347.040000000052,21.0,2022-09-30T09:52:00-04:00,6.75,-3852.959999999965,4596.0,2022-10-03T14:07:00-04:00,1.5,6647.0400000000345,4601.0,2022-10-03T14:12:00-04:00,1.5500000000000007,6547.040000000034,4602.0,2022-10-03T14:13:00-04:00,1.2999999999999998,7047.040000000035,4597.0,2022-10-03T14:08:00-04:00,2.0999999999999996,5447.040000000035,4612.0,2022-10-03T14:23:00-04:00,0.9250000000000003,7797.040000000034,4613.0,2022-10-03T14:24:00-04:00,0.8250000000000002,7997.0400000000345,4614.0,2022-10-03T14:25:00-04:00,0.7999999999999998,8047.040000000035,4613.0,2022-10-03T14:24:00-04:00,0.8250000000000002,7997.0400000000345,4634.0,2022-10-03T14:45:00-04:00,0.40000000000000013,8847.040000000035,4637.0,2022-10-03T14:48:00-04:00,0.32499999999999996,8997.040000000035,4638.0,2022-10-03T14:49:00-04:00,0.3500000000000001,8947.040000000035,4635.0,2022-10-03T14:46:00-04:00,0.4500000000000002,8747.040000000035,558
2022-09-30,2022-10-03,3,6.0,2022-09-30T09:31:00-04:00,6.0,NDXP  221003P11290000,NDXP  221003P11280000,development,False,False,0,0,0,2,0,792,available,False,2022-09-30T09:31:00-04:00,2022-10-03T15:59:00-04:00,9.649999999999999,-7552.959999999998,1.0,last_observed_quote_not_settlement,3916.0,617,60,6.150000000000034,-552.9600000000676,2022-09-30T09:32:00-04:00,0.0,6.149999999999977,-552.9599999999539,2022-09-30T09:33:00-04:00,0.0,6.099999999999994,-452.95999999998793,2022-09-30T09:36:00-04:00,0.0,7.25,-2752.959999999999,2022-09-30T09:41:00-04:00,0.0,5.049999999999983,1647.0400000000348,2022-09-30T09:46:00-04:00,0.0,6.300000000000011,-852.9600000000221,2022-09-30T10:01:00-04:00,0.0,5.5,747.0400000000006,2022-09-30T10:31:00-04:00,0.0,5.299999999999997,1147.0400000000063,2022-09-30T11:31:00-04:00,0.0,,,2022-09-30T15:59:00-04:00,60.0,,,2022-09-30T16:15:00-04:00,85500.0,,,2022-09-30T16:15:00-04:00,171900.0,,,2022-10-03T15:59:00-04:00,60.0,15.0,hit,67.0,hit,4647.0,hit,,never_hit,,never_hit,,never_hit,,never_hit,6.0,hit,7.0,hit,7.0,hit,7.0,hit,385.0,hit,385.0,hit,,,True,True,True,False,2.3000000000000007,,,True,True,True,False,2.3000000000000007,,,True,True,True,False,2.3000000000000007,,,True,True,True,False,2.3000000000000007,,,,,,,,,,,,,,,,,,,,,,,,,,,,,,,,,,,,,,,,,,,,,,,,,,,,,,,,,,,,,,,,,559
2022-09-30,2022-10-03,3,7.0,2022-09-30T09:31:00-04:00,6.9500000000000455,NDXP  221003P11370000,NDXP  221003P11360000,development,False,False,0,0,0,23,0,771,available,False,2022-09-30T09:31:00-04:00,2022-10-03T16:00:00-04:00,10.0,-6252.959999999909,0.0,last_observed_quote_not_settlement,3916.0,639,34,7.100000000000023,-552.9599999999539,2022-09-30T09:32:00-04:00,0.0,7.25,-852.9599999999084,2022-09-30T09:33:00-04:00,0.0,8.5,-3352.95999999991,2022-09-30T09:36:00-04:00,0.0,7.550000000000011,-1452.9599999999311,2022-09-30T09:41:00-04:00,0.0,6.94999999999996,-252.95999999982877,2022-09-30T09:46:00-04:00,0.0,7.849999999999994,-2052.959999999897,2022-09-30T10:01:00-04:00,0.0,6.199999999999989,1247.0400000001143,2022-09-30T10:31:00-04:00,0.0,6.099999999999994,1447.040000000103,2022-09-30T11:31:00-04:00,0.0,,,2022-09-30T15:59:00-04:00,60.0,,,2022-09-30T16:15:00-04:00,85500.0,,,2022-09-30T16:15:00-04:00,171900.0,10.0,-6252.959999999909,2022-10-03T16:00:00-04:00,0.0,12.0,hit,,never_hit,,never_hit,,never_hit,,never_hit,,never_hit,,never_hit,5.0,hit,5.0,hit,1.0,hit,5.0,hit,254.0,hit,344.0,hit,,,True,True,True,False,1.7000000000001023,,,True,True,True,False,1.7000000000001023,,,True,True,True,False,1.7000000000001023,,,True,True,True,False,1.7000000000001023,,,,,,,,,,,,,,,,,,,,,,,,,,,,,,,,,,,,,,,,,,,,,,,,,,,,,,,,,,,,,,,,,560
2022-10-03,2022-10-05,2,5.0,2022-10-03T09:31:00-04:00,5.049999999999983,NDXP  221005P11050000,NDXP  221005P11040000,development,False,False,0,0,0,25,15,1175,available,False,2022-10-03T09:31:00-04:00,2022-10-05T16:00:00-04:00,0.0,9847.039999999968,0.0,last_observed_quote_not_settlement,1036.0,13,10,4.949999999999989,-52.96000000001066,2022-10-03T09:32:00-04:00,0.0,5.25,-652.9600000000335,2022-10-03T09:33:00-04:00,0.0,6.199999999999989,-2552.9600000000105,2022-10-03T09:36:00-04:00,0.0,5.699999999999989,-1552.9600000000107,2022-10-03T09:41:00-04:00,0.0,5.099999999999994,-352.96000000002203,2022-10-03T09:46:00-04:00,0.0,4.199999999999989,1447.0399999999893,2022-10-03T10:01:00-04:00,0.0,3.5999999999999943,2647.039999999978,2022-10-03T10:31:00-04:00,0.0,3.3500000000000085,3147.0399999999495,2022-10-03T11:31:00-04:00,0.0,3.3000000000000043,3247.039999999958,2022-10-03T16:00:00-04:00,0.0,0.09999999999999964,9647.039999999968,2022-10-04T16:00:00-04:00,0.0,0.0,9847.039999999968,2022-10-05T16:00:00-04:00,0.0,,,,,0.0,hit,1.0,hit,35.0,hit,35.0,hit,35.0,hit,1440.0,hit,1442.0,hit,3.0,hit,3.0,hit,,never_hit,,never_hit,,never_hit,,never_hit,6.700000000000017,13,False,False,False,False,,6.700000000000017,13,False,False,False,False,,6.700000000000017,13,False,False,False,False,,6.700000000000017,13,False,False,False,False,,35.0,2022-10-03T10:06:00-04:00,1.0499999999999972,7747.039999999973,239.0,2022-10-03T13:30:00-04:00,2.9499999999999886,3947.0399999999895,243.0,2022-10-03T13:34:00-04:00,2.8000000000000114,4247.039999999944,36.0,2022-10-03T10:07:00-04:00,4.25,1347.0399999999665,35.0,2022-10-03T10:06:00-04:00,1.0499999999999972,7747.039999999973,338.0,2022-10-03T15:09:00-04:00,1.8999999999999986,6047.039999999969,339.0,2022-10-03T15:10:00-04:00,1.8500000000000085,6147.03999999995,36.0,2022-10-03T10:07:00-04:00,4.25,1347.0399999999665,1440.0,2022-10-04T09:31:00-04:00,0.5499999999999989,8747.03999999997,1441.0,2022-10-04T09:32:00-04:00,0.5500000000000007,8747.039999999966,1442.0,2022-10-04T09:33:00-04:00,0.3500000000000014,9147.039999999964,1441.0,2022-10-04T09:32:00-04:00,0.5500000000000007,8747.039999999966,1442.0,2022-10-04T09:33:00-04:00,0.3500000000000014,9147.039999999964,1446.0,2022-10-04T09:37:00-04:00,0.4499999999999993,8947.039999999968,1447.0,2022-10-04T09:38:00-04:00,0.3500000000000014,9147.039999999964,1443.0,2022-10-04T09:34:00-04:00,0.5,8847.039999999968,561
2022-10-03,2022-10-05,2,6.0,2022-10-03T09:31:00-04:00,5.950000000000017,NDXP  221005P11150000,NDXP  221005P11140000,development,False,False,0,0,0,28,15,1172,available,False,2022-10-03T09:31:00-04:00,2022-10-05T16:00:00-04:00,0.0,11647.040000000035,0.0,last_observed_quote_not_settlement,1036.0,24,15,6.5,-1352.9599999999652,2022-10-03T09:32:00-04:00,0.0,6.199999999999989,-752.9599999999425,2022-10-03T09:33:00-04:00,0.0,7.899999999999977,-4152.95999999992,2022-10-03T09:36:00-04:00,0.0,6.799999999999983,-1952.9599999999311,2022-10-03T09:41:00-04:00,0.0,6.550000000000011,-1452.959999999988,2022-10-03T09:46:00-04:00,0.0,6.549999999999983,-1452.9599999999311,2022-10-03T10:01:00-04:00,0.0,4.549999999999983,2547.040000000069,2022-10-03T10:31:00-04:00,0.0,4.249999999999986,3147.040000000063,2022-10-03T11:31:00-04:00,0.0,3.5,4647.0400000000345,2022-10-03T16:00:00-04:00,0.0,0.25,11147.040000000035,2022-10-04T16:00:00-04:00,0.0,0.0,11647.040000000035,2022-10-05T16:00:00-04:00,0.0,,,,,7.0,hit,20.0,hit,67.0,hit,316.0,hit,1440.0,hit,1443.0,hit,1471.0,hit,1.0,hit,5.0,hit,5.0,hit,,never_hit,,never_hit,,never_hit,7.899999999999977,24,True,False,False,False,,7.899999999999977,24,True,False,False,False,,7.899999999999977,24,True,False,False,False,,7.899999999999977,24,True,False,False,False,,317.0,2022-10-03T14:48:00-04:00,2.9000000000000057,5847.040000000024,328.0,2022-10-03T14:59:00-04:00,2.750000000000007,6147.040000000021,338.0,2022-10-03T15:09:00-04:00,2.8500000000000085,5947.040000000018,318.0,2022-10-03T14:49:00-04:00,3.0500000000000114,5547.040000000012,1440.0,2022-10-04T09:31:00-04:00,1.4500000000000028,8747.04000000003,1441.0,2022-10-04T09:32:00-04:00,1.0500000000000007,9547.040000000034,1442.0,2022-10-04T09:33:00-04:00,1.1000000000000014,9447.040000000034,1441.0,2022-10-04T09:32:00-04:00,1.0500000000000007,9547.040000000034,1443.0,2022-10-04T09:34:00-04:00,0.9000000000000021,9847.040000000032,1444.0,2022-10-04T09:35:00-04:00,0.9499999999999993,9747.040000000037,1450.0,2022-10-04T09:41:00-04:00,0.9000000000000004,9847.040000000035,1444.0,2022-10-04T09:35:00-04:00,0.9499999999999993,9747.040000000037,1471.0,2022-10-04T10:02:00-04:00,0.3999999999999986,10847.040000000039,1483.0,2022-10-04T10:14:00-04:00,0.4499999999999993,10747.040000000037,1484.0,2022-10-04T10:15:00-04:00,0.4499999999999993,10747.040000000037,1472.0,2022-10-04T10:03:00-04:00,0.6500000000000004,10347.040000000035,562
2022-10-03,2022-10-05,2,7.0,2022-10-03T09:31:00-04:00,7.0,NDXP  221005P11280000,NDXP  221005P11270000,development,False,False,0,0,0,5,15,1195,available,False,2022-10-03T09:31:00-04:00,2022-10-05T16:00:00-04:00,0.0,13747.04,0.0,last_observed_quote_not_settlement,1036.0,29,17,7.100000000000023,-452.9600000000448,2022-10-03T09:32:00-04:00,0.0,7.399999999999977,-1052.9599999999539,2022-10-03T09:33:00-04:00,0.0,7.449999999999989,-1152.9599999999766,2022-10-03T09:36:00-04:00,0.0,7.800000000000011,-1852.960000000022,2022-10-03T09:41:00-04:00,0.0,7.050000000000011,-352.96000000002203,2022-10-03T09:46:00-04:00,0.0,8.25,-2752.960000000001,2022-10-03T10:01:00-04:00,0.0,5.949999999999989,1847.0400000000234,2022-10-03T10:31:00-04:00,0.0,5.900000000000034,1947.0399999999324,2022-10-03T11:31:00-04:00,0.0,5.149999999999977,3447.0400000000463,2022-10-03T16:00:00-04:00,0.0,0.6000000000000014,12547.039999999999,2022-10-04T16:00:00-04:00,0.0,0.0,13747.04,2022-10-05T16:00:00-04:00,0.0,,,,,25.0,hit,64.0,hit,385.0,hit,1440.0,hit,1444.0,hit,1482.0,hit,1819.0,hit,9.0,hit,30.0,hit,0.0,hit,30.0,hit,,never_hit,,never_hit,8.25,29,True,True,False,False,,8.25,29,True,True,False,False,,8.25,29,True,True,False,False,,8.25,29,True,True,False,False,,1440.0,2022-10-04T09:31:00-04:00,2.1500000000000057,9447.03999999999,1441.0,2022-10-04T09:32:00-04:00,2.25,9247.04,1442.0,2022-10-04T09:33:00-04:00,2.0500000000000043,9647.039999999994,1441.0,2022-10-04T09:32:00-04:00,2.25,9247.04,1444.0,2022-10-04T09:35:00-04:00,1.9499999999999957,9847.04000000001,1450.0,2022-10-04T09:41:00-04:00,1.9000000000000057,9947.03999999999,1454.0,2022-10-04T09:45:00-04:00,1.9499999999999957,9847.04000000001,1445.0,2022-10-04T09:36:00-04:00,2.200000000000003,9347.039999999995,1485.0,2022-10-04T10:16:00-04:00,0.9000000000000057,11947.03999999999,1512.0,2022-10-04T10:43:00-04:00,0.9000000000000021,11947.039999999997,1513.0,2022-10-04T10:44:00-04:00,0.9000000000000004,11947.04,1486.0,2022-10-04T10:17:00-04:00,1.0499999999999972,11647.040000000008,1819.0,2022-10-04T15:50:00-04:00,0.40000000000000213,12947.039999999997,3042.0,2022-10-05T12:13:00-04:00,0.375,12997.04,3043.0,2022-10-05T12:14:00-04:00,0.42500000000000027,12897.04,1820.0,2022-10-04T15:51:00-04:00,0.8000000000000007,12147.04,563
2022-10-03,2022-10-06,3,5.0,2022-10-03T09:31:00-04:00,5.050000000000011,NDXP  221006P11080000,NDXP  221006P11070000,development,False,False,0,0,0,7,0,1597,available,False,2022-10-03T09:31:00-04:00,2022-10-06T16:00:00-04:00,0.0,9847.040000000025,0.0,last_observed_quote_not_settlement,1037.0,19,12,4.949999999999989,-52.959999999953816,2022-10-03T09:32:00-04:00,0.0,5.400000000000006,-952.959999999988,2022-10-03T09:33:00-04:00,0.0,5.699999999999989,-1552.9599999999539,2022-10-03T09:36:00-04:00,0.0,5.499999999999972,-1152.9599999999198,2022-10-03T09:41:00-04:00,0.0,4.900000000000006,47.04000000001208,2022-10-03T09:46:00-04:00,0.0,4.800000000000011,247.04000000000067,2022-10-03T10:01:00-04:00,0.0,3.950000000000003,1947.0400000000177,2022-10-03T10:31:00-04:00,0.0,3.9000000000000057,2047.0400000000122,2022-10-03T11:31:00-04:00,0.0,2.6500000000000057,4547.040000000012,2022-10-03T16:00:00-04:00,0.0,0.40000000000000036,9047.040000000023,2022-10-04T16:00:00-04:00,0.0,,,2022-10-05T15:59:00-04:00,60.0,0.0,9847.040000000025,2022-10-06T16:00:00-04:00,0.0,0.0,hit,1.0,hit,51.0,hit,257.0,hit,379.0,hit,1448.0,hit,1511.0,hit,5.0,hit,135.0,hit,,never_hit,,never_hit,,never_hit,,never_hit,6.099999999999994,19,False,False,False,False,,6.099999999999994,19,False,False,False,False,,6.099999999999994,19,False,False,False,False,,6.099999999999994,19,False,False,False,False,,257.0,2022-10-03T13:48:00-04:00,2.5999999999999943,4647.0400000000345,263.0,2022-10-03T13:54:00-04:00,2.75,4347.040000000024,295.0,2022-10-03T14:26:00-04:00,2.9499999999999886,3947.0400000000463,258.0,2022-10-03T13:49:00-04:00,3.299999999999997,3247.040000000029,379.0,2022-10-03T15:50:00-04:00,1.3999999999999915,7047.040000000041,1441.0,2022-10-04T09:32:00-04:00,1.0000000000000036,7847.040000000016,1442.0,2022-10-04T09:33:00-04:00,1.0999999999999979,7647.040000000027,380.0,2022-10-03T15:51:00-04:00,3.1999999999999886,3447.0400000000463,1450.0,2022-10-04T09:41:00-04:00,0.9499999999999993,7947.0400000000245,1457.0,2022-10-04T09:48:00-04:00,0.6999999999999957,8447.040000000034,1458.0,2022-10-04T09:49:00-04:00,0.9499999999999993,7947.0400000000245,1451.0,2022-10-04T09:42:00-04:00,1.0,7847.040000000024,1517.0,2022-10-04T10:48:00-04:00,0.4499999999999993,8947.040000000026,1761.0,2022-10-04T14:52:00-04:00,0.29999999999999893,9247.040000000026,1762.0,2022-10-04T14:53:00-04:00,0.40000000000000036,9047.040000000023,1518.0,2022-10-04T10:49:00-04:00,0.5500000000000007,8747.040000000023,564
2022-10-03,2022-10-06,3,6.0,2022-10-03T09:31:00-04:00,5.949999999999989,NDXP  221006P11200000,NDXP  221006P11190000,development,False,False,0,0,0,2,0,1603,available,False,2022-10-03T09:31:00-04:00,2022-10-06T16:00:00-04:00,0.0,11647.039999999979,0.0,last_observed_quote_not_settlement,1036.0,34,27,7.050000000000011,-2452.9600000000446,2022-10-03T09:32:00-04:00,0.0,5.399999999999977,847.0400000000234,2022-10-03T09:33:00-04:00,0.0,6.050000000000011,-452.9600000000448,2022-10-03T09:36:00-04:00,0.0,7.300000000000068,-2952.9600000001583,2022-10-03T09:41:00-04:00,0.0,6.300000000000011,-952.9600000000448,2022-10-03T09:46:00-04:00,0.0,8.049999999999983,-4452.95999999999,2022-10-03T10:01:00-04:00,0.0,4.800000000000011,2047.0399999999554,2022-10-03T10:31:00-04:00,0.0,5.299999999999983,1047.040000000012,2022-10-03T11:31:00-04:00,0.0,4.250000000000014,3147.0399999999495,2022-10-03T16:00:00-04:00,0.0,0.8499999999999996,9947.039999999979,2022-10-04T16:00:00-04:00,0.0,0.40000000000000036,10847.039999999979,2022-10-05T16:00:00-04:00,0.0,0.0,11647.039999999979,2022-10-06T16:00:00-04:00,0.0,2.0,hit,20.0,hit,106.0,hit,1440.0,hit,1441.0,hit,1487.0,hit,3098.0,hit,1.0,hit,1.0,hit,1.0,hit,30.0,hit,,never_hit,,never_hit,8.049999999999983,34,True,True,False,False,,8.049999999999983,34,True,True,False,False,,8.049999999999983,34,True,True,False,False,,8.049999999999983,34,True,True,False,False,,1440.0,2022-10-04T09:31:00-04:00,2.299999999999997,7047.039999999984,1441.0,2022-10-04T09:32:00-04:00,1.9499999999999957,7747.039999999986,1442.0,2022-10-04T09:33:00-04:00,1.5499999999999972,8547.039999999985,1441.0,2022-10-04T09:32:00-04:00,1.9499999999999957,7747.039999999986,1441.0,2022-10-04T09:32:00-04:00,1.9499999999999957,7747.039999999986,1442.0,2022-10-04T09:33:00-04:00,1.5499999999999972,8547.039999999985,1443.0,2022-10-04T09:34:00-04:00,1.7999999999999972,8047.039999999984,1442.0,2022-10-04T09:33:00-04:00,1.5499999999999972,8547.039999999985,1513.0,2022-10-04T10:44:00-04:00,0.9000000000000021,9847.039999999975,1529.0,2022-10-04T11:00:00-04:00,0.9499999999999993,9747.03999999998,1764.0,2022-10-04T14:55:00-04:00,0.8999999999999986,9847.03999999998,1514.0,2022-10-04T10:45:00-04:00,1.0,9647.039999999979,3101.0,2022-10-05T13:12:00-04:00,0.05000000000000071,11547.039999999977,3202.0,2022-10-05T14:53:00-04:00,0.40000000000000036,10847.039999999979,3203.0,2022-10-05T14:54:00-04:00,0.40000000000000036,10847.039999999979,3102.0,2022-10-05T13:13:00-04:00,0.6999999999999993,10247.03999999998,565
2022-10-03,2022-10-06,3,7.0,2022-10-03T09:31:00-04:00,7.050000000000011,NDXP  221006P11450000,NDXP  221006P11440000,development,False,False,0,0,0,4,0,1601,available,False,2022-10-03T09:31:00-04:00,2022-10-06T16:00:00-04:00,0.04999999999999999,13747.040000000025,0.0,last_observed_quote_not_settlement,1036.0,274,45,8.149999999999977,-2452.9599999999327,2022-10-03T09:32:00-04:00,0.0,8.100000000000023,-2352.9600000000237,2022-10-03T09:33:00-04:00,0.0,,,2022-10-03T09:35:00-04:00,60.0,7.550000000000011,-1252.9599999999994,2022-10-03T09:41:00-04:00,0.0,7.100000000000023,-352.96000000002203,2022-10-03T09:46:00-04:00,0.0,8.050000000000011,-2252.960000000001,2022-10-03T10:01:00-04:00,0.0,7.350000000000023,-852.9600000000221,2022-10-03T10:31:00-04:00,0.0,7.75,-1652.9599999999766,2022-10-03T11:31:00-04:00,0.0,7.849999999999966,-1852.9599999999084,2022-10-03T16:00:00-04:00,0.0,3.0,7847.040000000024,2022-10-04T16:00:00-04:00,0.0,2.3999999999999986,9047.040000000026,2022-10-05T16:00:00-04:00,0.0,0.04999999999999999,13747.040000000025,2022-10-06T16:00:00-04:00,0.0,1440.0,hit,1440.0,hit,1442.0,hit,1470.0,hit,1499.0,hit,4330.0,hit,4679.0,hit,1.0,hit,1.0,hit,0.0,hit,1.0,hit,26.0,hit,,never_hit,9.300000000000011,266,True,True,True,True,,9.300000000000011,266,True,True,True,True,,9.300000000000011,274,True,True,True,True,,9.300000000000011,274,True,True,True,True,,1471.0,2022-10-04T10:02:00-04:00,2.9000000000000057,8047.040000000012,1512.0,2022-10-04T10:43:00-04:00,2.9000000000000057,8047.040000000012,1513.0,2022-10-04T10:44:00-04:00,2.8000000000000114,8247.04,1472.0,2022-10-04T10:03:00-04:00,3.0999999999999943,7647.0400000000345,1665.0,2022-10-04T13:16:00-04:00,1.9000000000000057,10047.040000000014,3224.0,2022-10-05T15:15:00-04:00,1.6999999999999993,10447.040000000026,3225.0,2022-10-05T15:16:00-04:00,1.6500000000000021,10547.04000000002,1666.0,2022-10-04T13:17:00-04:00,4.100000000000023,5647.039999999978,4330.0,2022-10-06T09:41:00-04:00,0.9499999999999993,11947.040000000026,4333.0,2022-10-06T09:44:00-04:00,0.75,12347.040000000025,4334.0,2022-10-06T09:45:00-04:00,0.8999999999999995,12047.040000000025,4331.0,2022-10-06T09:42:00-04:00,1.25,11347.040000000025,4682.0,2022-10-06T15:33:00-04:00,0.4249999999999998,12997.040000000025,4683.0,2022-10-06T15:34:00-04:00,0.32499999999999996,13197.040000000025,4706.0,2022-10-06T15:57:00-04:00,0.25,13347.040000000025,4683.0,2022-10-06T15:34:00-04:00,0.32499999999999996,13197.040000000025,566
2022-10-04,2022-10-06,2,5.0,2022-10-04T09:31:00-04:00,4.949999999999989,NDXP  221006P11430000,NDXP  221006P11420000,development,False,False,0,0,0,0,15,1200,available,False,2022-10-04T09:31:00-04:00,2022-10-06T16:00:00-04:00,0.0,9647.039999999979,0.0,last_observed_quote_not_settlement,1036.0,125,16,4.150000000000006,1347.0399999999665,2022-10-04T09:32:00-04:00,0.0,3.8999999999999915,1847.039999999995,2022-10-04T09:33:00-04:00,0.0,3.700000000000003,2247.039999999972,2022-10-04T09:36:00-04:00,0.0,3.75,2147.039999999978,2022-10-04T09:41:00-04:00,0.0,3.6000000000000085,2447.039999999961,2022-10-04T09:46:00-04:00,0.0,3.0,3647.039999999978,2022-10-04T10:01:00-04:00,0.0,3.1500000000000057,3347.0399999999668,2022-10-04T10:31:00-04:00,0.0,2.8000000000000043,4047.039999999969,2022-10-04T11:31:00-04:00,0.0,2.6499999999999986,4347.039999999981,2022-10-04T16:00:00-04:00,0.0,1.9499999999999957,5747.039999999986,2022-10-05T16:00:00-04:00,0.0,0.0,9647.039999999979,2022-10-06T16:00:00-04:00,0.0,,,,,0.0,hit,0.0,hit,2.0,hit,30.0,hit,1738.0,hit,2889.0,hit,3138.0,hit,1452.0,hit,1452.0,hit,1453.0,hit,,never_hit,,never_hit,,never_hit,4.949999999999989,0,False,False,False,False,,7.949999999999989,125,True,False,False,False,,7.949999999999989,125,True,False,False,False,,7.949999999999989,125,True,False,False,False,,31.0,2022-10-04T10:02:00-04:00,2.9000000000000057,3847.0399999999668,32.0,2022-10-04T10:03:00-04:00,2.8499999999999943,3947.0399999999895,33.0,2022-10-04T10:04:00-04:00,2.9000000000000057,3847.0399999999668,32.0,2022-10-04T10:03:00-04:00,2.8499999999999943,3947.0399999999895,1738.0,2022-10-05T14:29:00-04:00,1.8499999999999943,5947.039999999989,1772.0,2022-10-05T15:03:00-04:00,1.6500000000000021,6347.039999999974,1773.0,2022-10-05T15:04:00-04:00,1.75,6147.039999999978,1739.0,2022-10-05T14:30:00-04:00,2.6499999999999986,4347.039999999981,2889.0,2022-10-06T09:40:00-04:00,0.9000000000000004,7847.039999999977,2890.0,2022-10-06T09:41:00-04:00,0.7999999999999989,8047.03999999998,2891.0,2022-10-06T09:42:00-04:00,0.8499999999999996,7947.039999999979,2890.0,2022-10-06T09:41:00-04:00,0.7999999999999989,8047.03999999998,3145.0,2022-10-06T13:56:00-04:00,0.375,8897.039999999979,3146.0,2022-10-06T13:57:00-04:00,0.42500000000000004,8797.039999999979,3253.0,2022-10-06T15:44:00-04:00,0.275,9097.039999999979,3146.0,2022-10-06T13:57:00-04:00,0.42500000000000004,8797.039999999979,567
2022-10-04,2022-10-06,2,6.0,2022-10-04T09:31:00-04:00,6.000000000000028,NDXP  221006P11510000,NDXP  221006P11500000,development,False,False,0,0,0,0,15,1200,available,False,2022-10-04T09:31:00-04:00,2022-10-06T16:00:00-04:00,9.999999999999996,-8152.959999999943,0.0,last_observed_quote_not_settlement,1036.0,189,46,3.8499999999999943,4047.040000000069,2022-10-04T09:32:00-04:00,0.0,5.650000000000006,447.0400000000462,2022-10-04T09:33:00-04:00,0.0,5.7000000000000455,347.0399999999666,2022-10-04T09:36:00-04:00,0.0,5.25,1247.0400000000575,2022-10-04T09:41:00-04:00,0.0,5.300000000000011,1147.0400000000348,2022-10-04T09:46:00-04:00,0.0,3.8500000000000085,4047.040000000041,2022-10-04T10:01:00-04:00,0.0,3.8499999999999943,4047.040000000069,2022-10-04T10:31:00-04:00,0.0,3.3499999999999943,5047.040000000069,2022-10-04T11:31:00-04:00,0.0,4.800000000000011,2147.040000000035,2022-10-04T16:00:00-04:00,0.0,3.9000000000000057,3947.0400000000463,2022-10-05T16:00:00-04:00,0.0,9.999999999999996,-8152.959999999943,2022-10-06T16:00:00-04:00,0.0,,,,,1.0,hit,1.0,hit,1.0,hit,44.0,hit,2890.0,hit,,never_hit,,never_hit,6.0,hit,1444.0,hit,1444.0,hit,1446.0,hit,1489.0,hit,3268.0,hit,6.550000000000011,3,False,False,False,False,,9.25,175,True,True,True,True,,,,True,True,True,False,4.700000000000031,,,True,True,True,False,4.700000000000031,44.0,2022-10-04T10:15:00-04:00,2.6000000000000227,6547.040000000012,1773.0,2022-10-05T15:04:00-04:00,2.8999999999999986,5947.04000000006,1774.0,2022-10-05T15:05:00-04:00,2.3999999999999986,6947.04000000006,45.0,2022-10-04T10:16:00-04:00,3.5999999999999943,4547.040000000069,2890.0,2022-10-06T09:41:00-04:00,1.7999999999999972,8147.040000000064,2891.0,2022-10-06T09:42:00-04:00,1.8499999999999979,8047.040000000062,2892.0,2022-10-06T09:43:00-04:00,1.5999999999999996,8547.040000000059,2891.0,2022-10-06T09:42:00-04:00,1.8499999999999979,8047.040000000062,,,,,,,,,,,,,,,,,,,,,,,,,,,,,,,,,568
2022-10-04,2022-10-06,2,7.0,2022-10-04T09:31:00-04:00,6.950000000000017,NDXP  221006P11660000,NDXP  221006P11650000,development,False,False,0,0,0,29,15,1171,available,False,2022-10-04T09:31:00-04:00,2022-10-06T16:00:00-04:00,10.0,-6252.9599999999655,0.0,last_observed_quote_not_settlement,1036.0,665,125,6.049999999999983,1547.0400000000689,2022-10-04T09:32:00-04:00,0.0,7.449999999999989,-1252.9599999999425,2022-10-04T09:33:00-04:00,0.0,6.549999999999983,547.0400000000689,2022-10-04T09:36:00-04:00,0.0,6.950000000000017,-252.9599999999993,2022-10-04T09:41:00-04:00,0.0,7.5,-1352.9599999999652,2022-10-04T09:46:00-04:00,0.0,5.450000000000017,2747.040000000001,2022-10-04T10:01:00-04:00,0.0,6.099999999999994,1447.0400000000461,2022-10-04T10:31:00-04:00,0.0,5.199999999999989,3247.0400000000577,2022-10-04T11:31:00-04:00,0.0,5.749999999999972,2147.040000000092,2022-10-04T16:00:00-04:00,0.0,5.75,2147.040000000035,2022-10-05T16:00:00-04:00,0.0,10.0,-6252.9599999999655,2022-10-06T16:00:00-04:00,0.0,,,,,30.0,hit,36.0,hit,155.0,hit,,never_hit,,never_hit,,never_hit,,never_hit,15.0,hit,230.0,hit,2.0,hit,230.0,hit,1472.0,hit,1472.0,hit,,,True,True,True,False,3.049999999999983,,,True,True,True,False,3.049999999999983,,,True,True,True,False,3.049999999999983,,,True,True,True,False,3.049999999999983,,,,,,,,,,,,,,,,,,,,,,,,,,,,,,,,,,,,,,,,,,,,,,,,,,,,,,,,,,,,,,,,,569
2022-10-04,2022-10-07,3,5.0,2022-10-04T09:31:00-04:00,5.050000000000011,NDXP  221007P11540000,NDXP  221007P11530000,development,False,False,0,0,0,126,0,1479,available,False,2022-10-04T09:31:00-04:00,2022-10-07T16:00:00-04:00,9.800000000000011,-9752.960000000001,0.0,last_observed_quote_not_settlement,1036.0,569,125,5.299999999999983,-752.9599999999425,2022-10-04T09:32:00-04:00,0.0,5.550000000000011,-1252.9599999999994,2022-10-04T09:33:00-04:00,0.0,5.400000000000006,-952.959999999988,2022-10-04T09:36:00-04:00,0.0,4.750000000000028,347.0399999999666,2022-10-04T09:41:00-04:00,0.0,4.5,847.0400000000234,2022-10-04T09:46:00-04:00,0.0,4.299999999999983,1247.0400000000575,2022-10-04T10:01:00-04:00,0.0,4.199999999999989,1447.0400000000461,2022-10-04T10:31:00-04:00,0.0,4.199999999999989,1447.0400000000461,2022-10-04T11:31:00-04:00,0.0,5.650000000000006,-1452.959999999988,2022-10-04T16:00:00-04:00,0.0,3.9499999999999886,1947.0400000000461,2022-10-05T16:00:00-04:00,0.0,5.300000000000011,-752.9599999999994,2022-10-06T16:00:00-04:00,0.0,9.800000000000011,-9752.960000000001,2022-10-07T16:00:00-04:00,0.0,0.0,hit,3.0,hit,31.0,hit,81.0,hit,,never_hit,,never_hit,,never_hit,2.0,hit,20.0,hit,1470.0,hit,1479.0,hit,4320.0,hit,4322.0,hit,6.800000000000011,12,False,False,False,False,,,,True,True,True,False,2.5500000000000114,,,True,True,True,False,2.5500000000000114,,,True,True,True,False,2.5500000000000114,81.0,2022-10-04T10:52:00-04:00,2.8999999999999773,4047.040000000069,2895.0,2022-10-06T09:46:00-04:00,2.9000000000000057,4047.040000000012,2896.0,2022-10-06T09:47:00-04:00,2.5,4847.040000000024,82.0,2022-10-04T10:53:00-04:00,4.150000000000006,1547.040000000012,,,,,,,,,,,,,,,,,,,,,,,,,,,,,,,,,,,,,,,,,,,,,,,,,570
2022-10-04,2022-10-07,3,6.0,2022-10-04T09:31:00-04:00,5.949999999999989,NDXP  221007P11580000,NDXP  221007P11570000,development,False,False,0,0,0,64,0,1541,available,False,2022-10-04T09:31:00-04:00,2022-10-07T16:00:00-04:00,10.0,-8252.960000000021,0.0,last_observed_quote_not_settlement,1036.0,517,75,5.25,1147.039999999978,2022-10-04T09:32:00-04:00,0.0,6.050000000000011,-452.9600000000448,2022-10-04T09:33:00-04:00,0.0,4.400000000000006,2847.0399999999668,2022-10-04T09:36:00-04:00,0.0,5.25,1147.039999999978,2022-10-04T09:41:00-04:00,0.0,5.699999999999989,247.04000000000067,2022-10-04T09:46:00-04:00,0.0,4.949999999999989,1747.0400000000006,2022-10-04T10:01:00-04:00,0.0,4.700000000000017,2247.039999999944,2022-10-04T10:31:00-04:00,0.0,4.400000000000034,2847.03999999991,2022-10-04T11:31:00-04:00,0.0,4.350000000000023,2947.0399999999327,2022-10-04T16:00:00-04:00,0.0,5.900000000000006,-152.9600000000334,2022-10-05T16:00:00-04:00,0.0,6.0,-352.96000000002203,2022-10-06T16:00:00-04:00,0.0,10.0,-8252.960000000021,2022-10-07T16:00:00-04:00,0.0,1.0,hit,5.0,hit,338.0,hit,,never_hit,,never_hit,,never_hit,,never_hit,1452.0,hit,1454.0,hit,1454.0,hit,1483.0,hit,4320.0,hit,4321.0,hit,,,True,True,True,False,2.549999999999983,,,True,True,True,False,2.549999999999983,,,True,True,True,False,2.549999999999983,,,True,True,True,False,2.549999999999983,,,,,,,,,,,,,,,,,,,,,,,,,,,,,,,,,,,,,,,,,,,,,,,,,,,,,,,,,,,,,,,,,571
2022-10-04,2022-10-07,3,7.0,2022-10-04T09:31:00-04:00,7.0,NDXP  221007P11710000,NDXP  221007P11700000,development,False,False,0,0,0,48,0,1557,available,False,2022-10-04T09:31:00-04:00,2022-10-07T16:00:00-04:00,9.299999999999955,-4852.95999999991,0.0,last_observed_quote_not_settlement,1036.0,886,183,7.149999999999977,-552.9599999999539,2022-10-04T09:32:00-04:00,0.0,8.050000000000011,-2352.9600000000237,2022-10-04T09:33:00-04:00,0.0,6.599999999999966,547.0400000000689,2022-10-04T09:36:00-04:00,0.0,6.600000000000023,547.0399999999552,2022-10-04T09:41:00-04:00,0.0,7.149999999999977,-552.9599999999539,2022-10-04T09:46:00-04:00,0.0,6.5,747.0400000000006,2022-10-04T10:01:00-04:00,0.0,6.449999999999989,847.0400000000234,2022-10-04T10:31:00-04:00,0.0,5.400000000000006,2947.0399999999895,2022-10-04T11:31:00-04:00,0.0,5.849999999999994,2047.0400000000122,2022-10-04T16:00:00-04:00,0.0,6.799999999999983,147.0400000000348,2022-10-05T16:00:00-04:00,0.0,8.049999999999983,-2352.959999999967,2022-10-06T16:00:00-04:00,0.0,9.299999999999955,-4852.95999999991,2022-10-07T16:00:00-04:00,0.0,43.0,hit,99.0,hit,,never_hit,,never_hit,,never_hit,,never_hit,,never_hit,2.0,hit,2.0,hit,0.0,hit,2.0,hit,1492.0,hit,1495.0,hit,,,True,True,True,False,2.25,,,True,True,True,False,2.25,,,True,True,True,False,2.25,,,True,True,True,False,2.25,,,,,,,,,,,,,,,,,,,,,,,,,,,,,,,,,,,,,,,,,,,,,,,,,,,,,,,,,,,,,,,,,572
2022-10-05,2022-10-07,2,5.0,2022-10-05T09:31:00-04:00,4.999999999999972,NDXP  221007P11490000,NDXP  221007P11480000,development,False,False,0,0,0,151,0,1049,available,False,2022-10-05T09:31:00-04:00,2022-10-07T15:54:00-04:00,9.049999999999955,-8352.959999999966,6.0,last_observed_quote_not_settlement,1036.0,368,44,4.649999999999977,447.03999999998933,2022-10-05T09:32:00-04:00,0.0,4.349999999999966,1047.040000000012,2022-10-05T09:33:00-04:00,0.0,5.049999999999983,-352.96000000002203,2022-10-05T09:36:00-04:00,0.0,6.75,-3752.960000000056,2022-10-05T09:41:00-04:00,0.0,5.449999999999989,-1152.9600000000335,2022-10-05T09:46:00-04:00,0.0,5.850000000000023,-1952.9600000001017,2022-10-05T10:01:00-04:00,0.0,7.25,-4752.960000000056,2022-10-05T10:31:00-04:00,0.0,6.25,-2752.960000000056,2022-10-05T11:31:00-04:00,0.0,1.25,7247.039999999944,2022-10-05T16:00:00-04:00,0.0,4.949999999999989,-152.9600000000334,2022-10-06T16:00:00-04:00,0.0,,,2022-10-07T15:54:00-04:00,360.0,,,,,0.0,hit,0.0,hit,226.0,hit,335.0,hit,389.0,hit,,never_hit,,never_hit,3.0,hit,10.0,hit,59.0,hit,59.0,hit,2885.0,hit,2893.0,hit,8.850000000000023,173,True,True,False,False,,8.850000000000023,173,True,True,False,False,,,,True,True,True,False,3.7499999999999716,,,True,True,True,False,3.7499999999999716,335.0,2022-10-05T15:06:00-04:00,2.799999999999997,4147.03999999995,349.0,2022-10-05T15:20:00-04:00,2.799999999999997,4147.03999999995,350.0,2022-10-05T15:21:00-04:00,2.8500000000000014,4047.039999999941,336.0,2022-10-05T15:07:00-04:00,3.1999999999999886,3347.0399999999668,389.0,2022-10-05T16:00:00-04:00,1.25,7247.039999999944,,,,,,,,,390.0,2022-10-05T16:01:00-04:00,3.3500000000000227,3047.0399999998986,,,,,,,,,,,,,,,,,,,,,,,,,,,,,,,,,573
2022-10-05,2022-10-07,2,6.0,2022-10-05T09:31:00-04:00,6.0,NDXP  221007P11510000,NDXP  221007P11500000,development,False,False,0,0,0,100,0,1100,available,False,2022-10-05T09:31:00-04:00,2022-10-07T16:00:00-04:00,8.0,-4252.960000000001,0.0,last_observed_quote_not_settlement,1036.0,368,80,4.949999999999989,1847.0400000000234,2022-10-05T09:32:00-04:00,0.0,4.75,2247.040000000001,2022-10-05T09:33:00-04:00,0.0,6.150000000000034,-552.9600000000676,2022-10-05T09:36:00-04:00,0.0,5.699999999999989,347.04000000002344,2022-10-05T09:41:00-04:00,0.0,6.25,-752.9599999999994,2022-10-05T09:46:00-04:00,0.0,6.400000000000034,-1052.9600000000676,2022-10-05T10:01:00-04:00,0.0,7.199999999999989,-2652.9599999999764,2022-10-05T10:31:00-04:00,0.0,6.600000000000023,-1452.9600000000448,2022-10-05T11:31:00-04:00,0.0,4.6499999999999915,2447.0400000000177,2022-10-05T16:00:00-04:00,0.0,6.700000000000003,-1652.960000000005,2022-10-06T16:00:00-04:00,0.0,8.0,-4252.960000000001,2022-10-07T16:00:00-04:00,0.0,,,,,1.0,hit,1.0,hit,65.0,hit,348.0,hit,,never_hit,,never_hit,,never_hit,9.0,hit,14.0,hit,14.0,hit,14.0,hit,2881.0,hit,2885.0,hit,8.699999999999989,123,True,True,False,False,,,,True,True,True,False,3.4000000000000057,,,True,True,True,False,3.4000000000000057,,,True,True,True,False,3.4000000000000057,363.0,2022-10-05T15:34:00-04:00,2.9000000000000057,5947.039999999989,,,,,,,,,364.0,2022-10-05T15:35:00-04:00,3.1500000000000057,5447.039999999989,,,,,,,,,,,,,,,,,,,,,,,,,,,,,,,,,,,,,,,,,,,,,,,,,574
2022-10-05,2022-10-07,2,7.0,2022-10-05T09:31:00-04:00,7.100000000000023,NDXP  221007P11670000,NDXP  221007P11660000,development,False,False,0,0,0,54,0,1146,available,False,2022-10-05T09:31:00-04:00,2022-10-07T15:59:00-04:00,9.849999999999909,-5752.959999999774,1.0,last_observed_quote_not_settlement,1036.0,557,78,6.900000000000034,147.03999999997797,2022-10-05T09:32:00-04:00,0.0,7.2999999999999545,-652.9599999998629,2022-10-05T09:33:00-04:00,0.0,6.0,1947.0400000000461,2022-10-05T09:36:00-04:00,0.0,7.0,-52.959999999953816,2022-10-05T09:41:00-04:00,0.0,7.600000000000023,-1252.9599999999994,2022-10-05T09:46:00-04:00,0.0,7.75,-1552.9599999999539,2022-10-05T10:01:00-04:00,0.0,8.350000000000023,-2752.960000000001,2022-10-05T10:31:00-04:00,0.0,8.550000000000011,-3152.959999999978,2022-10-05T11:31:00-04:00,0.0,5.649999999999977,2647.040000000092,2022-10-05T16:00:00-04:00,0.0,7.250000000000028,-552.9600000000107,2022-10-06T16:00:00-04:00,0.0,,,2022-10-07T15:59:00-04:00,60.0,,,,,287.0,hit,338.0,hit,1464.0,hit,,never_hit,,never_hit,,never_hit,,never_hit,15.0,hit,34.0,hit,0.0,hit,33.0,hit,48.0,hit,48.0,hit,,,True,True,True,False,3.100000000000037,,,True,True,True,False,3.100000000000037,,,True,True,True,False,3.100000000000037,,,True,True,True,False,3.100000000000037,,,,,,,,,,,,,,,,,,,,,,,,,,,,,,,,,,,,,,,,,,,,,,,,,,,,,,,,,,,,,,,,,575
2022-10-07,2022-10-10,3,5.0,2022-10-07T09:31:00-04:00,5.0,NDXP  221010P11770000,NDXP  221010P11760000,development,False,False,0,0,0,47,0,748,available,False,2022-10-07T09:31:00-04:00,2022-10-10T16:00:00-04:00,10.0,-10152.96,0.0,last_observed_quote_not_settlement,3917.0,703,1,,,2022-10-07T09:31:00-04:00,60.0,7.699999999999932,-5652.959999999863,2022-10-07T09:33:00-04:00,0.0,9.800000000000011,-9852.960000000023,2022-10-07T09:36:00-04:00,0.0,,,2022-10-07T09:40:00-04:00,60.0,10.0,-10152.96,2022-10-07T09:46:00-04:00,0.0,,,2022-10-07T10:00:00-04:00,60.0,9.800000000000068,-9852.960000000137,2022-10-07T10:31:00-04:00,0.0,9.899999999999977,-10052.959999999955,2022-10-07T11:31:00-04:00,0.0,,,2022-10-07T15:59:00-04:00,60.0,,,2022-10-07T16:14:00-04:00,85560.0,,,2022-10-07T16:14:00-04:00,171960.0,10.0,-10152.96,2022-10-10T16:00:00-04:00,0.0,0.0,hit,0.0,hit,,never_hit,,never_hit,,never_hit,,never_hit,,never_hit,2.0,hit,2.0,hit,2.0,hit,3.0,hit,3.0,hit,3.0,hit,,,True,True,True,False,0.5,,,True,True,True,False,0.5,,,True,True,True,False,0.5,,,True,True,True,False,0.5,,,,,,,,,,,,,,,,,,,,,,,,,,,,,,,,,,,,,,,,,,,,,,,,,,,,,,,,,,,,,,,,,576
2022-10-07,2022-10-10,3,6.0,2022-10-07T09:31:00-04:00,6.099999999999966,NDXP  221010P11380000,NDXP  221010P11370000,development,False,False,0,0,0,101,0,694,available,False,2022-10-07T09:31:00-04:00,2022-10-10T16:00:00-04:00,10.0,-7952.960000000068,0.0,last_observed_quote_not_settlement,3917.0,613,12,5.950000000000017,47.03999999989839,2022-10-07T09:32:00-04:00,0.0,6.650000000000006,-1352.960000000079,2022-10-07T09:33:00-04:00,0.0,6.099999999999994,-252.96000000005614,2022-10-07T09:36:00-04:00,0.0,6.049999999999983,-152.9600000000334,2022-10-07T09:41:00-04:00,0.0,7.0,-2052.9600000000673,2022-10-07T09:46:00-04:00,0.0,7.450000000000017,-2952.9600000001014,2022-10-07T10:01:00-04:00,0.0,5.800000000000011,347.03999999990975,2022-10-07T10:31:00-04:00,0.0,7.699999999999989,-3452.9600000000446,2022-10-07T11:31:00-04:00,0.0,9.150000000000034,-6352.960000000137,2022-10-07T16:00:00-04:00,0.0,,,2022-10-07T16:15:00-04:00,85500.0,,,2022-10-07T16:15:00-04:00,171900.0,10.0,-7952.960000000068,2022-10-10T16:00:00-04:00,0.0,4387.0,hit,4700.0,hit,,never_hit,,never_hit,,never_hit,,never_hit,,never_hit,2.0,hit,23.0,hit,15.0,hit,24.0,hit,176.0,hit,267.0,hit,,,True,True,True,False,1.1000000000000227,,,True,True,True,False,1.1000000000000227,,,True,True,True,False,1.1000000000000227,,,True,True,True,False,1.1000000000000227,,,,,,,,,,,,,,,,,,,,,,,,,,,,,,,,,,,,,,,,,,,,,,,,,,,,,,,,,,,,,,,,,577
2022-10-07,2022-10-10,3,7.0,2022-10-07T09:31:00-04:00,7.0499999999999545,NDXP  221010P11860000,NDXP  221010P11850000,development,False,False,0,0,0,120,0,675,available,False,2022-10-07T09:31:00-04:00,2022-10-10T16:00:00-04:00,10.0,-6052.960000000091,0.0,last_observed_quote_not_settlement,3917.0,580,11,9.300000000000068,-4752.960000000228,2022-10-07T09:32:00-04:00,0.0,,,2022-10-07T09:32:00-04:00,60.0,,,2022-10-07T09:32:00-04:00,240.0,,,2022-10-07T09:40:00-04:00,60.0,,,2022-10-07T09:45:00-04:00,60.0,9.5,-5152.960000000092,2022-10-07T10:01:00-04:00,0.0,9.900000000000091,-5952.960000000274,2022-10-07T10:31:00-04:00,0.0,9.949999999999932,-6052.9599999999555,2022-10-07T11:31:00-04:00,0.0,7.25,-652.9600000000903,2022-10-07T16:00:00-04:00,0.0,,,2022-10-07T16:14:00-04:00,85560.0,,,2022-10-07T16:14:00-04:00,171960.0,10.0,-6052.960000000091,2022-10-10T16:00:00-04:00,0.0,4472.0,hit,4472.0,hit,4699.0,hit,4699.0,hit,4699.0,hit,4699.0,hit,,never_hit,1.0,hit,1.0,hit,0.0,hit,1.0,hit,1.0,hit,7.0,hit,10.0,578,True,True,True,True,,10.0,578,True,True,True,True,,10.0,578,True,True,True,True,,,,True,True,True,False,6.449999999999932,4699.0,2022-10-10T15:50:00-04:00,0.6000000000000227,12647.039999999864,,,,,,,,,4700.0,2022-10-10T15:51:00-04:00,4.5,4847.03999999991,4699.0,2022-10-10T15:50:00-04:00,0.6000000000000227,12647.039999999864,,,,,,,,,4700.0,2022-10-10T15:51:00-04:00,4.5,4847.03999999991,4699.0,2022-10-10T15:50:00-04:00,0.6000000000000227,12647.039999999864,,,,,,,,,4700.0,2022-10-10T15:51:00-04:00,4.5,4847.03999999991,,,,,,,,,,,,,,,,,578
2022-10-10,2022-10-12,2,5.0,2022-10-10T09:31:00-04:00,4.949999999999989,NDXP  221012P11060000,NDXP  221012P11050000,development,False,False,0,0,0,51,15,1149,available,False,2022-10-10T09:31:00-04:00,2022-10-12T15:57:00-04:00,9.899999999999977,-10152.959999999977,3.0,last_observed_quote_not_settlement,1036.0,1102,14,5.099999999999966,-552.9599999999539,2022-10-10T09:32:00-04:00,0.0,5.049999999999983,-452.95999999998793,2022-10-10T09:33:00-04:00,0.0,4.450000000000017,747.0399999999438,2022-10-10T09:36:00-04:00,0.0,5.25,-852.9600000000221,2022-10-10T09:41:00-04:00,0.0,5.150000000000006,-652.9600000000335,2022-10-10T09:46:00-04:00,0.0,6.149999999999977,-2652.9599999999764,2022-10-10T10:01:00-04:00,0.0,5.450000000000017,-1252.9600000000562,2022-10-10T10:31:00-04:00,0.0,7.950000000000017,-6252.960000000058,2022-10-10T11:31:00-04:00,0.0,5.949999999999989,-2252.959999999999,2022-10-10T16:00:00-04:00,0.0,8.800000000000011,-7952.960000000046,2022-10-11T16:00:00-04:00,0.0,,,2022-10-12T15:57:00-04:00,180.0,,,,,0.0,hit,0.0,hit,,never_hit,,never_hit,,never_hit,,never_hit,,never_hit,4.0,hit,6.0,hit,40.0,hit,71.0,hit,121.0,hit,1488.0,hit,,,True,True,True,False,0.8000000000000114,,,True,True,True,False,0.8000000000000114,,,True,True,True,False,0.8000000000000114,,,True,True,True,False,0.8000000000000114,,,,,,,,,,,,,,,,,,,,,,,,,,,,,,,,,,,,,,,,,,,,,,,,,,,,,,,,,,,,,,,,,579
2022-10-10,2022-10-12,2,6.0,2022-10-10T09:31:00-04:00,6.000000000000028,NDXP  221012P11180000,NDXP  221012P11170000,development,False,False,0,0,0,171,15,1029,available,False,2022-10-10T09:31:00-04:00,2022-10-12T16:00:00-04:00,10.0,-8152.959999999943,0.0,last_observed_quote_not_settlement,1036.0,925,2,6.550000000000011,-1352.9599999999652,2022-10-10T09:32:00-04:00,0.0,6.300000000000011,-852.9599999999652,2022-10-10T09:33:00-04:00,0.0,6.699999999999989,-1652.9599999999198,2022-10-10T09:36:00-04:00,0.0,6.699999999999989,-1652.9599999999198,2022-10-10T09:41:00-04:00,0.0,6.799999999999983,-1852.9599999999084,2022-10-10T09:46:00-04:00,0.0,7.199999999999932,-2652.959999999806,2022-10-10T10:01:00-04:00,0.0,6.950000000000017,-2152.9599999999764,2022-10-10T10:31:00-04:00,0.0,7.800000000000068,-3852.9600000000787,2022-10-10T11:31:00-04:00,0.0,7.899999999999977,-4052.959999999897,2022-10-10T16:00:00-04:00,0.0,,,2022-10-11T15:59:00-04:00,60.0,10.0,-8152.959999999943,2022-10-12T16:00:00-04:00,0.0,,,,,,never_hit,,never_hit,,never_hit,,never_hit,,never_hit,,never_hit,,never_hit,1.0,hit,6.0,hit,6.0,hit,81.0,hit,1440.0,hit,1449.0,hit,,,True,True,True,False,0.4000000000000341,,,True,True,True,False,0.4000000000000341,,,True,True,True,False,0.4000000000000341,,,True,True,True,False,0.4000000000000341,,,,,,,,,,,,,,,,,,,,,,,,,,,,,,,,,,,,,,,,,,,,,,,,,,,,,,,,,,,,,,,,,580
2022-10-10,2022-10-12,2,7.0,2022-10-10T09:31:00-04:00,6.9500000000000455,NDXP  221012P11270000,NDXP  221012P11260000,development,False,False,0,0,1,128,15,1071,available,False,2022-10-10T09:31:00-04:00,2022-10-12T15:58:00-04:00,9.25,-4852.95999999991,2.0,last_observed_quote_not_settlement,1037.0,969,10,7.149999999999977,-652.9599999998629,2022-10-10T09:32:00-04:00,0.0,7.7000000000000455,-1752.9599999999994,2022-10-10T09:33:00-04:00,0.0,7.149999999999977,-652.9599999998629,2022-10-10T09:36:00-04:00,0.0,7.649999999999977,-1652.959999999863,2022-10-10T09:41:00-04:00,0.0,8.050000000000011,-2452.9599999999327,2022-10-10T09:46:00-04:00,0.0,8.199999999999932,-2752.9599999997736,2022-10-10T10:01:00-04:00,0.0,7.800000000000011,-1952.9599999999311,2022-10-10T10:31:00-04:00,0.0,8.150000000000034,-2652.959999999978,2022-10-10T11:31:00-04:00,0.0,,,2022-10-10T15:59:00-04:00,60.0,9.5,-5352.95999999991,2022-10-11T16:00:00-04:00,0.0,,,2022-10-12T15:58:00-04:00,120.0,,,,,2900.0,hit,3265.0,hit,,never_hit,,never_hit,,never_hit,,never_hit,,never_hit,2.0,hit,15.0,hit,1.0,hit,15.0,hit,76.0,hit,90.0,hit,,,True,True,True,False,2.300000000000068,,,True,True,True,False,2.300000000000068,,,True,True,True,False,2.300000000000068,,,True,True,True,False,2.300000000000068,,,,,,,,,,,,,,,,,,,,,,,,,,,,,,,,,,,,,,,,,,,,,,,,,,,,,,,,,,,,,,,,,581
2022-10-10,2022-10-13,3,5.0,2022-10-10T09:31:00-04:00,5.0,NDXP  221013P11090000,NDXP  221013P11080000,development,False,False,0,0,0,41,0,1563,available,False,2022-10-10T09:31:00-04:00,2022-10-13T16:00:00-04:00,10.0,-10152.96,0.0,last_observed_quote_not_settlement,1036.0,1516,11,4.850000000000023,47.039999999955235,2022-10-10T09:32:00-04:00,0.0,5.25,-752.9599999999994,2022-10-10T09:33:00-04:00,0.0,5.5,-1252.9599999999994,2022-10-10T09:36:00-04:00,0.0,5.349999999999994,-952.959999999988,2022-10-10T09:41:00-04:00,0.0,5.750000000000028,-1752.9600000000562,2022-10-10T09:46:00-04:00,0.0,5.5499999999999545,-1352.9599999999084,2022-10-10T10:01:00-04:00,0.0,5.600000000000023,-1452.9600000000448,2022-10-10T10:31:00-04:00,0.0,6.2000000000000455,-2652.96000000009,2022-10-10T11:31:00-04:00,0.0,5.399999999999977,-1052.9599999999539,2022-10-10T16:00:00-04:00,0.0,7.800000000000011,-5852.960000000022,2022-10-11T16:00:00-04:00,0.0,7.800000000000068,-5852.960000000136,2022-10-12T16:00:00-04:00,0.0,10.0,-10152.96,2022-10-13T16:00:00-04:00,0.0,0.0,hit,0.0,hit,4326.0,hit,4326.0,hit,4326.0,hit,,never_hit,,never_hit,5.0,hit,22.0,hit,214.0,hit,1453.0,hit,1453.0,hit,2966.0,hit,10.0,1208,True,True,True,True,,10.0,1208,True,True,True,True,,,,True,True,True,False,3.2999999999999545,,,True,True,True,False,3.2999999999999545,4326.0,2022-10-13T09:37:00-04:00,1.7000000000000455,6347.03999999991,,,,,,,,,,,,,4326.0,2022-10-13T09:37:00-04:00,1.7000000000000455,6347.03999999991,,,,,,,,,,,,,,,,,,,,,,,,,,,,,,,,,,,,,,,,,,,,,582
2022-10-10,2022-10-13,3,6.0,2022-10-10T09:31:00-04:00,6.0,NDXP  221013P11230000,NDXP  221013P11220000,development,False,False,0,0,0,207,0,1395,available,False,2022-10-10T09:31:00-04:00,2022-10-13T15:54:00-04:00,9.050000000000011,-6352.960000000024,6.0,last_observed_quote_not_settlement,1041.0,1231,41,6.099999999999966,-452.9599999999311,2022-10-10T09:32:00-04:00,0.0,5.849999999999966,47.04000000006892,2022-10-10T09:33:00-04:00,0.0,6.699999999999989,-1652.9599999999766,2022-10-10T09:36:00-04:00,0.0,6.599999999999966,-1452.9599999999311,2022-10-10T09:41:00-04:00,0.0,6.449999999999932,-1152.959999999863,2022-10-10T09:46:00-04:00,0.0,6.850000000000023,-1952.9600000000448,2022-10-10T10:01:00-04:00,0.0,6.699999999999989,-1652.9599999999766,2022-10-10T10:31:00-04:00,0.0,7.599999999999966,-3452.959999999931,2022-10-10T11:31:00-04:00,0.0,7.600000000000023,-3452.9600000000446,2022-10-10T16:00:00-04:00,0.0,,,2022-10-11T15:57:00-04:00,180.0,8.999999999999943,-6252.959999999887,2022-10-12T16:00:00-04:00,0.0,,,2022-10-13T15:54:00-04:00,360.0,379.0,hit,1538.0,hit,1819.0,hit,1819.0,hit,,never_hit,,never_hit,,never_hit,3.0,hit,22.0,hit,22.0,hit,175.0,hit,1472.0,hit,1495.0,hit,9.850000000000023,739,True,True,True,True,,,,True,True,True,False,3.849999999999966,,,True,True,True,False,3.849999999999966,,,True,True,True,False,3.849999999999966,1819.0,2022-10-11T15:50:00-04:00,2.400000000000034,6947.039999999933,,,,,,,,,1820.0,2022-10-11T15:51:00-04:00,5.5,747.0400000000006,,,,,,,,,,,,,,,,,,,,,,,,,,,,,,,,,,,,,,,,,,,,,,,,,583
2022-10-10,2022-10-13,3,7.0,2022-10-10T09:31:00-04:00,7.0,NDXP  221013P11360000,NDXP  221013P11350000,development,False,False,0,0,0,248,0,1355,available,False,2022-10-10T09:31:00-04:00,2022-10-13T15:59:00-04:00,10.0,-6152.96,1.0,last_observed_quote_not_settlement,1037.0,1127,78,7.149999999999977,-552.9599999999539,2022-10-10T09:32:00-04:00,0.0,6.2999999999999545,1147.0400000000916,2022-10-10T09:33:00-04:00,0.0,9.600000000000023,-5452.960000000046,2022-10-10T09:36:00-04:00,0.0,7.7999999999999545,-1852.9599999999084,2022-10-10T09:41:00-04:00,0.0,7.800000000000068,-1852.9600000001358,2022-10-10T09:46:00-04:00,0.0,7.899999999999977,-2052.9599999999537,2022-10-10T10:01:00-04:00,0.0,7.7000000000000455,-1652.9600000000903,2022-10-10T10:31:00-04:00,0.0,8.199999999999932,-2652.9599999998645,2022-10-10T11:31:00-04:00,0.0,8.049999999999955,-2352.95999999991,2022-10-10T16:00:00-04:00,0.0,9.400000000000091,-5052.960000000183,2022-10-11T16:00:00-04:00,0.0,9.449999999999932,-5152.9599999998645,2022-10-12T16:00:00-04:00,0.0,,,2022-10-13T15:59:00-04:00,60.0,61.0,hit,61.0,hit,61.0,hit,67.0,hit,379.0,hit,379.0,hit,,never_hit,3.0,hit,5.0,hit,0.0,hit,5.0,hit,5.0,hit,5.0,hit,9.650000000000034,61,True,True,True,True,,9.950000000000045,360,True,True,True,True,,9.950000000000045,360,True,True,True,True,,,,True,True,True,False,6.399999999999977,67.0,2022-10-10T10:38:00-04:00,2.949999999999932,7847.040000000137,,,,,,,,,68.0,2022-10-10T10:39:00-04:00,8.150000000000034,-2552.960000000069,379.0,2022-10-10T15:50:00-04:00,0.6000000000000227,12547.039999999955,,,,,,,,,,,,,379.0,2022-10-10T15:50:00-04:00,0.6000000000000227,12547.039999999955,,,,,,,,,,,,,,,,,,,,,,,,,,,,,584
2022-10-11,2022-10-13,2,5.0,2022-10-11T09:31:00-04:00,5.099999999999966,NDXP  221013P10890000,NDXP  221013P10880000,development,False,False,0,0,0,17,15,1183,available,False,2022-10-11T09:31:00-04:00,2022-10-13T16:00:00-04:00,0.0,9947.039999999934,0.0,last_observed_quote_not_settlement,1036.0,646,139,5.150000000000006,-352.9600000000789,2022-10-11T09:32:00-04:00,0.0,4.949999999999989,47.039999999955235,2022-10-11T09:33:00-04:00,0.0,5.349999999999994,-752.9600000000562,2022-10-11T09:36:00-04:00,0.0,5.600000000000023,-1252.960000000113,2022-10-11T09:41:00-04:00,0.0,5.899999999999977,-1852.960000000022,2022-10-11T09:46:00-04:00,0.0,4.849999999999966,247.04000000000067,2022-10-11T10:01:00-04:00,0.0,6.049999999999983,-2152.9600000000332,2022-10-11T10:31:00-04:00,0.0,5.700000000000017,-1452.9600000001017,2022-10-11T11:31:00-04:00,0.0,5.099999999999994,-252.96000000005614,2022-10-11T16:00:00-04:00,0.0,5.849999999999994,-1752.9600000000562,2022-10-12T16:00:00-04:00,0.0,0.0,9947.039999999934,2022-10-13T16:00:00-04:00,0.0,,,,,0.0,hit,2.0,hit,124.0,hit,2990.0,hit,2990.0,hit,3120.0,hit,3198.0,hit,10.0,hit,13.0,hit,37.0,hit,348.0,hit,2880.0,hit,2880.0,hit,10.0,625,True,True,True,True,,10.0,625,True,True,True,True,,10.0,646,True,True,True,True,,10.0,646,True,True,True,True,,2990.0,2022-10-13T11:21:00-04:00,1.6000000000000014,6747.03999999993,3009.0,2022-10-13T11:40:00-04:00,2.549999999999997,4847.039999999938,3010.0,2022-10-13T11:41:00-04:00,1.5,6947.039999999933,2991.0,2022-10-13T11:22:00-04:00,4.700000000000003,547.0399999999267,2990.0,2022-10-13T11:21:00-04:00,1.6000000000000014,6747.03999999993,3111.0,2022-10-13T13:22:00-04:00,1.75,6447.039999999933,3112.0,2022-10-13T13:23:00-04:00,1.5500000000000007,6847.039999999931,2991.0,2022-10-13T11:22:00-04:00,4.700000000000003,547.0399999999267,3122.0,2022-10-13T13:33:00-04:00,0.8500000000000005,8247.039999999932,3123.0,2022-10-13T13:34:00-04:00,0.7000000000000002,8547.039999999934,3124.0,2022-10-13T13:35:00-04:00,0.6500000000000004,8647.039999999932,3123.0,2022-10-13T13:34:00-04:00,0.7000000000000002,8547.039999999934,3201.0,2022-10-13T14:52:00-04:00,0.3999999999999999,9147.039999999932,3202.0,2022-10-13T14:53:00-04:00,0.2999999999999998,9347.039999999934,3203.0,2022-10-13T14:54:00-04:00,0.20000000000000018,9547.039999999934,3202.0,2022-10-13T14:53:00-04:00,0.2999999999999998,9347.039999999934,585
2022-10-11,2022-10-13,2,6.0,2022-10-11T09:31:00-04:00,6.0,NDXP  221013P10990000,NDXP  221013P10980000,development,False,False,0,0,0,33,15,1166,available,False,2022-10-11T09:31:00-04:00,2022-10-13T16:00:00-04:00,0.04999999999999999,11647.040000000003,0.0,last_observed_quote_not_settlement,1036.0,731,184,5.849999999999966,47.04000000006892,2022-10-11T09:32:00-04:00,0.0,5.700000000000017,347.0399999999666,2022-10-11T09:33:00-04:00,0.0,6.300000000000011,-852.9600000000221,2022-10-11T09:36:00-04:00,0.0,6.350000000000023,-952.9600000000448,2022-10-11T09:41:00-04:00,0.0,6.25,-752.9599999999994,2022-10-11T09:46:00-04:00,0.0,6.749999999999943,-1752.9599999998857,2022-10-11T10:01:00-04:00,0.0,6.75,-1752.9599999999994,2022-10-11T10:31:00-04:00,0.0,5.349999999999966,1047.0400000000689,2022-10-11T11:31:00-04:00,0.0,6.650000000000034,-1552.9600000000676,2022-10-11T16:00:00-04:00,0.0,6.899999999999977,-2052.9599999999537,2022-10-12T16:00:00-04:00,0.0,0.04999999999999999,11647.040000000003,2022-10-13T16:00:00-04:00,0.0,,,,,17.0,hit,17.0,hit,137.0,hit,3124.0,hit,3207.0,hit,3217.0,hit,3257.0,hit,24.0,hit,31.0,hit,31.0,hit,1464.0,hit,2880.0,hit,2880.0,hit,10.0,729,True,True,True,True,,10.0,731,True,True,True,True,,10.0,731,True,True,True,True,,10.0,731,True,True,True,True,,3124.0,2022-10-13T13:35:00-04:00,2.6000000000000014,6547.039999999998,3202.0,2022-10-13T14:53:00-04:00,2.9499999999999993,5847.040000000002,3203.0,2022-10-13T14:54:00-04:00,2.9000000000000004,5947.04,3125.0,2022-10-13T13:36:00-04:00,3.0500000000000007,5647.039999999999,3207.0,2022-10-13T14:58:00-04:00,1.9000000000000004,7947.04,3208.0,2022-10-13T14:59:00-04:00,1.4000000000000004,8947.04,3209.0,2022-10-13T15:00:00-04:00,1.9499999999999993,7847.040000000002,3208.0,2022-10-13T14:59:00-04:00,1.4000000000000004,8947.04,3219.0,2022-10-13T15:10:00-04:00,0.7250000000000001,10297.04,3220.0,2022-10-13T15:11:00-04:00,0.6000000000000005,10547.04,3221.0,2022-10-13T15:12:00-04:00,0.7250000000000001,10297.04,3220.0,2022-10-13T15:11:00-04:00,0.6000000000000005,10547.04,3257.0,2022-10-13T15:48:00-04:00,0.3999999999999999,10947.04,3262.0,2022-10-13T15:53:00-04:00,0.1499999999999999,11447.04,3263.0,2022-10-13T15:54:00-04:00,0.0,11747.04,3258.0,2022-10-13T15:49:00-04:00,0.5000000000000002,10747.04,586
2022-10-11,2022-10-13,2,7.0,2022-10-11T09:31:00-04:00,7.0,NDXP  221013P11120000,NDXP  221013P11110000,development,False,False,0,0,0,38,15,1161,available,False,2022-10-11T09:31:00-04:00,2022-10-13T16:00:00-04:00,9.899999999999991,-6052.959999999984,0.0,last_observed_quote_not_settlement,1036.0,884,121,7.100000000000023,-452.9600000000448,2022-10-11T09:32:00-04:00,0.0,6.75,247.04000000000067,2022-10-11T09:33:00-04:00,0.0,7.550000000000068,-1352.9600000001358,2022-10-11T09:36:00-04:00,0.0,7.399999999999977,-1052.9599999999539,2022-10-11T09:41:00-04:00,0.0,7.0,-252.9599999999993,2022-10-11T09:46:00-04:00,0.0,8.149999999999977,-2552.9599999999555,2022-10-11T10:01:00-04:00,0.0,7.75,-1752.9599999999994,2022-10-11T10:31:00-04:00,0.0,7.149999999999977,-552.9599999999539,2022-10-11T11:31:00-04:00,0.0,8.049999999999955,-2352.95999999991,2022-10-11T16:00:00-04:00,0.0,7.949999999999989,-2152.9599999999764,2022-10-12T16:00:00-04:00,0.0,9.899999999999991,-6052.959999999984,2022-10-13T16:00:00-04:00,0.0,,,,,57.0,hit,2886.0,hit,2886.0,hit,,never_hit,,never_hit,,never_hit,,never_hit,5.0,hit,30.0,hit,0.0,hit,30.0,hit,46.0,hit,341.0,hit,,,True,True,True,False,3.5,,,True,True,True,False,3.5,,,True,True,True,False,3.5,,,True,True,True,False,3.5,,,,,,,,,,,,,,,,,,,,,,,,,,,,,,,,,,,,,,,,,,,,,,,,,,,,,,,,,,,,,,,,,587
2022-10-11,2022-10-14,3,5.0,2022-10-11T09:31:00-04:00,4.900000000000034,NDXP  221014P10870000,NDXP  221014P10860000,development,False,False,0,0,0,7,0,1598,available,False,2022-10-11T09:31:00-04:00,2022-10-14T15:58:00-04:00,9.300000000000011,-9052.959999999955,2.0,last_observed_quote_not_settlement,1036.0,965,156,4.800000000000011,-52.959999999953816,2022-10-11T09:32:00-04:00,0.0,4.899999999999977,-252.9599999998856,2022-10-11T09:33:00-04:00,0.0,5.150000000000006,-752.9599999999425,2022-10-11T09:36:00-04:00,0.0,4.950000000000017,-352.9599999999652,2022-10-11T09:41:00-04:00,0.0,5.899999999999977,-2252.9599999998854,2022-10-11T09:46:00-04:00,0.0,6.050000000000011,-2552.9599999999537,2022-10-11T10:01:00-04:00,0.0,5.699999999999989,-1852.9599999999084,2022-10-11T10:31:00-04:00,0.0,4.849999999999994,-152.95999999991972,2022-10-11T11:31:00-04:00,0.0,5.099999999999966,-652.9599999998629,2022-10-11T16:00:00-04:00,0.0,5.850000000000023,-2152.9599999999764,2022-10-12T16:00:00-04:00,0.0,2.3999999999999986,4747.040000000072,2022-10-13T16:00:00-04:00,0.0,,,2022-10-14T15:58:00-04:00,120.0,0.0,hit,0.0,hit,196.0,hit,3100.0,hit,3217.0,hit,3259.0,hit,,never_hit,12.0,hit,30.0,hit,109.0,hit,2880.0,hit,2882.0,hit,2882.0,hit,9.849999999999966,675,True,True,True,True,,9.849999999999966,675,True,True,True,True,,9.849999999999966,675,True,True,True,True,,,,True,True,True,False,4.300000000000033,3100.0,2022-10-13T13:11:00-04:00,2.9000000000000057,3747.0400000000577,3117.0,2022-10-13T13:28:00-04:00,2.75,4047.040000000069,3118.0,2022-10-13T13:29:00-04:00,2.700000000000003,4147.040000000064,3101.0,2022-10-13T13:12:00-04:00,3.249999999999986,3047.0400000000973,3218.0,2022-10-13T15:09:00-04:00,1.9499999999999957,5647.040000000077,3219.0,2022-10-13T15:10:00-04:00,1.8999999999999986,5747.040000000072,3220.0,2022-10-13T15:11:00-04:00,1.8500000000000014,5847.040000000066,3219.0,2022-10-13T15:10:00-04:00,1.8999999999999986,5747.040000000072,3259.0,2022-10-13T15:50:00-04:00,0.6000000000000014,8347.040000000066,,,,,,,,,3260.0,2022-10-13T15:51:00-04:00,2.299999999999997,4947.0400000000745,,,,,,,,,,,,,,,,,588
2022-10-11,2022-10-14,3,6.0,2022-10-11T09:31:00-04:00,6.0,NDXP  221014P10980000,NDXP  221014P10970000,development,False,False,0,0,0,42,0,1563,available,False,2022-10-11T09:31:00-04:00,2022-10-14T15:59:00-04:00,8.849999999999966,-5952.959999999933,1.0,last_observed_quote_not_settlement,1036.0,855,184,5.849999999999966,47.04000000006892,2022-10-11T09:32:00-04:00,0.0,5.5499999999999545,647.0400000000916,2022-10-11T09:33:00-04:00,0.0,5.949999999999989,-152.95999999997656,2022-10-11T09:36:00-04:00,0.0,6.0,-252.9599999999993,2022-10-11T09:41:00-04:00,0.0,5.75,247.04000000000067,2022-10-11T09:46:00-04:00,0.0,6.150000000000034,-552.9600000000676,2022-10-11T10:01:00-04:00,0.0,6.5,-1252.9599999999994,2022-10-11T10:31:00-04:00,0.0,5.75,247.04000000000067,2022-10-11T11:31:00-04:00,0.0,6.099999999999966,-452.9599999999311,2022-10-11T16:00:00-04:00,0.0,6.350000000000023,-952.9600000000448,2022-10-12T16:00:00-04:00,0.0,4.1000000000000085,3547.0399999999836,2022-10-13T16:00:00-04:00,0.0,,,2022-10-14T15:59:00-04:00,60.0,6.0,hit,55.0,hit,2905.0,hit,4320.0,hit,,never_hit,,never_hit,,never_hit,17.0,hit,25.0,hit,25.0,hit,2880.0,hit,2880.0,hit,2882.0,hit,9.800000000000011,567,True,True,True,True,,,,True,True,True,False,3.8000000000000043,,,True,True,True,False,3.8000000000000043,,,True,True,True,False,3.8000000000000043,4320.0,2022-10-14T09:31:00-04:00,2.1999999999999957,7347.040000000009,4321.0,2022-10-14T09:32:00-04:00,2.450000000000003,6847.039999999995,4322.0,2022-10-14T09:33:00-04:00,2.200000000000003,7347.039999999995,4321.0,2022-10-14T09:32:00-04:00,2.450000000000003,6847.039999999995,,,,,,,,,,,,,,,,,,,,,,,,,,,,,,,,,,,,,,,,,,,,,,,,,589
2022-10-11,2022-10-14,3,7.0,2022-10-11T09:31:00-04:00,7.0,NDXP  221014P11030000,NDXP  221014P11020000,development,False,False,0,0,1,83,0,1521,available,False,2022-10-11T09:31:00-04:00,2022-10-14T16:00:00-04:00,10.0,-6152.96,0.0,last_observed_quote_not_settlement,1036.0,360,70,6.300000000000011,1147.039999999978,2022-10-11T09:32:00-04:00,0.0,6.0,1747.0400000000006,2022-10-11T09:33:00-04:00,0.0,6.300000000000011,1147.039999999978,2022-10-11T09:36:00-04:00,0.0,6.650000000000034,447.0399999999325,2022-10-11T09:41:00-04:00,0.0,6.2999999999999545,1147.0400000000916,2022-10-11T09:46:00-04:00,0.0,6.600000000000023,547.0399999999552,2022-10-11T10:01:00-04:00,0.0,7.0,-252.9599999999993,2022-10-11T10:31:00-04:00,0.0,6.100000000000023,1547.0399999999552,2022-10-11T11:31:00-04:00,0.0,6.550000000000011,647.0399999999779,2022-10-11T16:00:00-04:00,0.0,6.75,247.04000000000067,2022-10-12T16:00:00-04:00,0.0,4.5,4747.040000000001,2022-10-13T16:00:00-04:00,0.0,10.0,-6152.96,2022-10-14T16:00:00-04:00,0.0,17.0,hit,221.0,hit,3010.0,hit,3010.0,hit,4328.0,hit,,never_hit,,never_hit,52.0,hit,2880.0,hit,0.0,hit,2880.0,hit,2880.0,hit,2880.0,hit,10.0,103,True,True,True,True,,10.0,105,True,True,True,True,,,,True,True,True,False,5.299999999999997,,,True,True,True,False,5.299999999999997,3010.0,2022-10-13T11:41:00-04:00,2.799999999999997,8147.040000000007,4329.0,2022-10-14T09:40:00-04:00,2.749999999999993,8247.040000000015,4330.0,2022-10-14T09:41:00-04:00,1.9500000000000028,9847.039999999995,3011.0,2022-10-13T11:42:00-04:00,5.0,3747.040000000001,4328.0,2022-10-14T09:39:00-04:00,1.7000000000000028,10347.039999999995,,,,,,,,,4329.0,2022-10-14T09:40:00-04:00,2.749999999999993,8247.040000000015,,,,,,,,,,,,,,,,,,,,,,,,,,,,,,,,,590
2022-10-12,2022-10-14,2,5.0,2022-10-12T09:31:00-04:00,4.949999999999989,NDXP  221014P10890000,NDXP  221014P10880000,development,False,False,0,0,0,12,0,1188,available,False,2022-10-12T09:31:00-04:00,2022-10-14T16:00:00-04:00,10.0,-10252.960000000021,0.0,last_observed_quote_not_settlement,1036.0,707,164,6.699999999999989,-3752.959999999999,2022-10-12T09:32:00-04:00,0.0,6.199999999999989,-2752.959999999999,2022-10-12T09:33:00-04:00,0.0,5.749999999999972,-1852.9599999999652,2022-10-12T09:36:00-04:00,0.0,4.800000000000011,47.039999999955235,2022-10-12T09:41:00-04:00,0.0,4.999999999999972,-352.9599999999652,2022-10-12T09:46:00-04:00,0.0,5.749999999999972,-1852.9599999999652,2022-10-12T10:01:00-04:00,0.0,5.200000000000017,-752.9600000000562,2022-10-12T10:31:00-04:00,0.0,4.849999999999994,-52.96000000001066,2022-10-12T11:31:00-04:00,0.0,5.650000000000006,-1652.9600000000335,2022-10-12T16:00:00-04:00,0.0,2.9499999999999957,3747.0399999999863,2022-10-13T16:00:00-04:00,0.0,10.0,-10252.960000000021,2022-10-14T16:00:00-04:00,0.0,,,,,0.0,hit,0.0,hit,9.0,hit,9.0,hit,9.0,hit,,never_hit,,never_hit,1.0,hit,1.0,hit,305.0,hit,1440.0,hit,1440.0,hit,1442.0,hit,6.699999999999989,6,False,False,False,False,,6.699999999999989,6,False,False,False,False,,,,True,True,True,False,3.849999999999989,,,True,True,True,False,3.849999999999989,9.0,2022-10-12T09:40:00-04:00,1.849999999999966,5947.040000000046,1678.0,2022-10-13T13:29:00-04:00,2.8999999999999915,3847.039999999995,1682.0,2022-10-13T13:33:00-04:00,2.799999999999997,4047.0399999999836,10.0,2022-10-12T09:41:00-04:00,4.800000000000011,47.039999999955235,9.0,2022-10-12T09:40:00-04:00,1.849999999999966,5947.040000000046,2881.0,2022-10-14T09:32:00-04:00,1.3500000000000014,6947.039999999975,2882.0,2022-10-14T09:33:00-04:00,1.4499999999999957,6747.039999999986,10.0,2022-10-12T09:41:00-04:00,4.800000000000011,47.039999999955235,,,,,,,,,,,,,,,,,,,,,,,,,,,,,,,,,591
2022-10-12,2022-10-14,2,6.0,2022-10-12T09:31:00-04:00,6.0,NDXP  221014P10880000,NDXP  221014P10870000,development,False,False,0,0,0,8,0,1192,available,False,2022-10-12T09:31:00-04:00,2022-10-14T16:00:00-04:00,9.700000000000017,-7652.9600000000355,0.0,last_observed_quote_not_settlement,1036.0,389,80,4.350000000000023,3047.0399999999554,2022-10-12T09:32:00-04:00,0.0,6.0,-252.9599999999993,2022-10-12T09:33:00-04:00,0.0,5.050000000000011,1647.039999999978,2022-10-12T09:36:00-04:00,0.0,5.050000000000011,1647.039999999978,2022-10-12T09:41:00-04:00,0.0,5.0,1747.0400000000006,2022-10-12T09:46:00-04:00,0.0,5.450000000000017,847.0399999999665,2022-10-12T10:01:00-04:00,0.0,5.399999999999977,947.0400000000461,2022-10-12T10:31:00-04:00,0.0,5.299999999999983,1147.0400000000348,2022-10-12T11:31:00-04:00,0.0,5.599999999999966,547.0400000000689,2022-10-12T16:00:00-04:00,0.0,2.3500000000000085,7047.039999999984,2022-10-13T16:00:00-04:00,0.0,9.700000000000017,-7652.9600000000355,2022-10-14T16:00:00-04:00,0.0,,,,,1.0,hit,1.0,hit,14.0,hit,1442.0,hit,1570.0,hit,2889.0,hit,,never_hit,9.0,hit,268.0,hit,268.0,hit,1440.0,hit,1441.0,hit,1441.0,hit,9.599999999999966,23,True,True,True,True,,9.599999999999966,120,True,True,True,True,,9.599999999999966,120,True,True,True,True,,,,True,True,True,False,5.0,1442.0,2022-10-13T09:33:00-04:00,2.949999999999932,5847.040000000137,1570.0,2022-10-13T11:41:00-04:00,1.3999999999999986,8947.040000000005,1679.0,2022-10-13T13:30:00-04:00,2.8999999999999915,5947.040000000018,1443.0,2022-10-13T09:34:00-04:00,4.600000000000023,2547.0399999999554,1570.0,2022-10-13T11:41:00-04:00,1.3999999999999986,8947.040000000005,2881.0,2022-10-14T09:32:00-04:00,1.25,9247.04,2882.0,2022-10-14T09:33:00-04:00,1.2500000000000036,9247.039999999994,1571.0,2022-10-13T11:42:00-04:00,3.1000000000000085,5547.039999999984,,,,,,,,,,,,,,,,,,,,,,,,,,,,,,,,,592
2022-10-12,2022-10-14,2,7.0,2022-10-12T09:31:00-04:00,6.900000000000034,NDXP  221014P11070000,NDXP  221014P11060000,development,False,False,0,0,0,57,0,1143,available,False,2022-10-12T09:31:00-04:00,2022-10-14T16:00:00-04:00,8.0,-2452.9599999999327,0.0,last_observed_quote_not_settlement,1036.0,780,97,6.600000000000023,347.04000000002344,2022-10-12T09:32:00-04:00,0.0,7.7999999999999545,-2052.95999999984,2022-10-12T09:33:00-04:00,0.0,6.75,47.04000000006892,2022-10-12T09:36:00-04:00,0.0,7.849999999999966,-2152.9599999998627,2022-10-12T09:41:00-04:00,0.0,6.800000000000011,-52.959999999953816,2022-10-12T09:46:00-04:00,0.0,7.149999999999977,-752.9599999998857,2022-10-12T10:01:00-04:00,0.0,6.800000000000011,-52.959999999953816,2022-10-12T10:31:00-04:00,0.0,6.699999999999989,147.04000000009165,2022-10-12T11:31:00-04:00,0.0,7.399999999999977,-1252.9599999998857,2022-10-12T16:00:00-04:00,0.0,5.549999999999997,2447.0400000000745,2022-10-13T16:00:00-04:00,0.0,8.0,-2452.9599999999327,2022-10-14T16:00:00-04:00,0.0,,,,,1568.0,hit,1570.0,hit,1764.0,hit,2895.0,hit,,never_hit,,never_hit,,never_hit,2.0,hit,21.0,hit,2.0,hit,21.0,hit,62.0,hit,62.0,hit,10.0,495,True,True,True,True,,,,True,True,True,False,4.000000000000028,,,True,True,True,False,4.000000000000028,,,True,True,True,False,4.000000000000028,2895.0,2022-10-14T09:46:00-04:00,2.9000000000000057,7747.040000000057,,,,,,,,,2896.0,2022-10-14T09:47:00-04:00,5.599999999999994,2347.0400000000805,,,,,,,,,,,,,,,,,,,,,,,,,,,,,,,,,,,,,,,,,,,,,,,,,593
2022-10-14,2022-10-17,3,5.0,2022-10-14T09:31:00-04:00,5.049999999999983,NDXP  221017P11170000,NDXP  221017P11160000,development,False,False,0,0,1,53,0,741,available,False,2022-10-14T09:31:00-04:00,2022-10-17T15:58:00-04:00,10.0,-10052.960000000034,2.0,last_observed_quote_not_settlement,3921.0,703,6,4.399999999999977,1047.040000000012,2022-10-14T09:32:00-04:00,0.0,5.199999999999989,-552.9600000000107,2022-10-14T09:33:00-04:00,0.0,7.049999999999983,-4252.959999999999,2022-10-14T09:36:00-04:00,0.0,6.400000000000006,-2952.9600000000446,2022-10-14T09:41:00-04:00,0.0,6.449999999999989,-3052.9600000000105,2022-10-14T09:46:00-04:00,0.0,5.699999999999989,-1552.9600000000107,2022-10-14T10:01:00-04:00,0.0,8.449999999999932,-7052.959999999899,2022-10-14T10:31:00-04:00,0.0,8.449999999999989,-7052.960000000013,2022-10-14T11:31:00-04:00,0.0,3.3999999999999773,3047.0400000000122,2022-10-14T16:00:00-04:00,0.0,,,2022-10-14T16:10:00-04:00,85800.0,,,2022-10-14T16:10:00-04:00,172200.0,,,2022-10-17T15:58:00-04:00,120.0,0.0,hit,1.0,hit,166.0,hit,,never_hit,,never_hit,,never_hit,,never_hit,3.0,hit,5.0,hit,5.0,hit,17.0,hit,32.0,hit,135.0,hit,,,True,True,True,False,1.6500000000000057,,,True,True,True,False,1.6500000000000057,,,True,True,True,False,1.6500000000000057,,,True,True,True,False,1.6500000000000057,,,,,,,,,,,,,,,,,,,,,,,,,,,,,,,,,,,,,,,,,,,,,,,,,,,,,,,,,,,,,,,,,594
2022-10-14,2022-10-17,3,6.0,2022-10-14T09:31:00-04:00,5.900000000000034,NDXP  221017P11250000,NDXP  221017P11240000,development,False,False,0,0,0,85,0,709,available,False,2022-10-14T09:31:00-04:00,2022-10-17T16:00:00-04:00,10.0,-8352.95999999993,0.0,last_observed_quote_not_settlement,3916.0,633,36,6.25,-952.9599999999311,2022-10-14T09:32:00-04:00,0.0,7.350000000000023,-3152.9599999999764,2022-10-14T09:33:00-04:00,0.0,6.800000000000011,-2052.9599999999537,2022-10-14T09:36:00-04:00,0.0,5.899999999999977,-252.9599999998856,2022-10-14T09:41:00-04:00,0.0,7.350000000000023,-3152.9599999999764,2022-10-14T09:46:00-04:00,0.0,6.699999999999989,-1852.9599999999084,2022-10-14T10:01:00-04:00,0.0,8.649999999999977,-5752.959999999887,2022-10-14T10:31:00-04:00,0.0,8.649999999999977,-5752.959999999887,2022-10-14T11:31:00-04:00,0.0,,,2022-10-14T15:59:00-04:00,60.0,,,2022-10-14T16:15:00-04:00,85500.0,,,2022-10-14T16:15:00-04:00,171900.0,10.0,-8352.95999999993,2022-10-17T16:00:00-04:00,0.0,3.0,hit,3.0,hit,3.0,hit,3.0,hit,,never_hit,,never_hit,,never_hit,2.0,hit,2.0,hit,2.0,hit,18.0,hit,19.0,hit,45.0,hit,7.350000000000023,2,True,False,False,False,,,,True,True,True,False,3.6999999999999886,,,True,True,True,False,3.6999999999999886,,,True,True,True,False,3.6999999999999886,3.0,2022-10-14T09:34:00-04:00,2.4000000000000057,6747.040000000057,,,,,,,,,4.0,2022-10-14T09:35:00-04:00,5.899999999999977,-252.9599999998856,,,,,,,,,,,,,,,,,,,,,,,,,,,,,,,,,,,,,,,,,,,,,,,,,595
2022-10-14,2022-10-17,3,7.0,2022-10-14T09:31:00-04:00,6.9500000000000455,NDXP  221017P11340000,NDXP  221017P11330000,development,False,False,0,0,0,138,0,656,available,False,2022-10-14T09:31:00-04:00,2022-10-17T15:59:00-04:00,10.0,-6252.959999999909,1.0,last_observed_quote_not_settlement,3917.0,546,8,7.099999999999909,-552.9599999997265,2022-10-14T09:32:00-04:00,0.0,7.25,-852.9599999999084,2022-10-14T09:33:00-04:00,0.0,7.449999999999989,-1252.9599999998857,2022-10-14T09:36:00-04:00,0.0,6.5,647.0400000000916,2022-10-14T09:41:00-04:00,0.0,8.350000000000023,-3052.9599999999555,2022-10-14T09:46:00-04:00,0.0,8.75,-3852.95999999991,2022-10-14T10:01:00-04:00,0.0,9.699999999999989,-5752.959999999887,2022-10-14T10:31:00-04:00,0.0,8.950000000000045,-4252.960000000001,2022-10-14T11:31:00-04:00,0.0,,,2022-10-14T15:59:00-04:00,60.0,,,2022-10-14T16:15:00-04:00,85500.0,,,2022-10-14T16:15:00-04:00,171900.0,,,2022-10-17T15:59:00-04:00,60.0,93.0,hit,93.0,hit,93.0,hit,93.0,hit,,never_hit,,never_hit,,never_hit,3.0,hit,14.0,hit,1.0,hit,14.0,hit,25.0,hit,36.0,hit,10.0,84,True,True,True,True,,,,True,True,True,False,4.000000000000057,,,True,True,True,False,4.000000000000057,,,True,True,True,False,4.000000000000057,93.0,2022-10-14T11:04:00-04:00,2.9499999999999886,7747.040000000115,,,,,,,,,94.0,2022-10-14T11:05:00-04:00,8.799999999999955,-3952.959999999819,,,,,,,,,,,,,,,,,,,,,,,,,,,,,,,,,,,,,,,,,,,,,,,,,596
2022-10-17,2022-10-19,2,5.0,2022-10-17T09:31:00-04:00,6.050000000000011,NDXP  221019P11110000,NDXP  221019P11100000,development,False,False,0,0,0,1,15,1199,available,False,2022-10-17T09:31:00-04:00,2022-10-19T16:00:00-04:00,5.0,1847.0400000000234,0.0,last_observed_quote_not_settlement,1036.0,210,92,3.9499999999999886,3947.0400000000463,2022-10-17T09:32:00-04:00,0.0,5.349999999999994,1147.0400000000348,2022-10-17T09:33:00-04:00,0.0,4.800000000000011,2247.040000000001,2022-10-17T09:36:00-04:00,0.0,3.75,4347.040000000024,2022-10-17T09:41:00-04:00,0.0,5.049999999999983,1747.0400000000575,2022-10-17T09:46:00-04:00,0.0,4.800000000000011,2247.040000000001,2022-10-17T10:01:00-04:00,0.0,5.649999999999977,547.0400000000689,2022-10-17T10:31:00-04:00,0.0,5.849999999999994,147.0400000000348,2022-10-17T11:31:00-04:00,0.0,5.549999999999983,747.0400000000575,2022-10-17T16:00:00-04:00,0.0,3.8500000000000085,4147.040000000006,2022-10-18T16:00:00-04:00,0.0,5.0,1847.0400000000234,2022-10-19T16:00:00-04:00,0.0,,,,,1.0,hit,1.0,hit,1.0,hit,1440.0,hit,1440.0,hit,,never_hit,,never_hit,65.0,hit,1755.0,hit,1755.0,hit,3093.0,hit,3252.0,hit,3258.0,hit,6.799999999999983,26,False,False,False,False,,6.799999999999983,26,False,False,False,False,,,,True,True,True,False,4.350000000000016,,,True,True,True,False,4.350000000000016,1440.0,2022-10-18T09:31:00-04:00,1.749999999999993,8347.040000000039,1441.0,2022-10-18T09:32:00-04:00,1.8999999999999915,8047.040000000041,1442.0,2022-10-18T09:33:00-04:00,1.6999999999999957,8447.040000000034,1441.0,2022-10-18T09:32:00-04:00,1.8999999999999915,8047.040000000041,1440.0,2022-10-18T09:31:00-04:00,1.749999999999993,8347.040000000039,1441.0,2022-10-18T09:32:00-04:00,1.8999999999999915,8047.040000000041,1442.0,2022-10-18T09:33:00-04:00,1.6999999999999957,8447.040000000034,1441.0,2022-10-18T09:32:00-04:00,1.8999999999999915,8047.040000000041,,,,,,,,,,,,,,,,,,,,,,,,,,,,,,,,,597
2022-10-17,2022-10-19,2,6.0,2022-10-17T09:31:00-04:00,6.050000000000011,NDXP  221019P11110000,NDXP  221019P11100000,development,False,False,0,0,0,1,15,1199,available,False,2022-10-17T09:31:00-04:00,2022-10-19T16:00:00-04:00,5.0,1847.0400000000234,0.0,last_observed_quote_not_settlement,1036.0,210,92,3.9499999999999886,3947.0400000000463,2022-10-17T09:32:00-04:00,0.0,5.349999999999994,1147.0400000000348,2022-10-17T09:33:00-04:00,0.0,4.800000000000011,2247.040000000001,2022-10-17T09:36:00-04:00,0.0,3.75,4347.040000000024,2022-10-17T09:41:00-04:00,0.0,5.049999999999983,1747.0400000000575,2022-10-17T09:46:00-04:00,0.0,4.800000000000011,2247.040000000001,2022-10-17T10:01:00-04:00,0.0,5.649999999999977,547.0400000000689,2022-10-17T10:31:00-04:00,0.0,5.849999999999994,147.0400000000348,2022-10-17T11:31:00-04:00,0.0,5.549999999999983,747.0400000000575,2022-10-17T16:00:00-04:00,0.0,3.8500000000000085,4147.040000000006,2022-10-18T16:00:00-04:00,0.0,5.0,1847.0400000000234,2022-10-19T16:00:00-04:00,0.0,,,,,1.0,hit,1.0,hit,1.0,hit,1440.0,hit,1440.0,hit,,never_hit,,never_hit,65.0,hit,1755.0,hit,1755.0,hit,3093.0,hit,3252.0,hit,3258.0,hit,6.799999999999983,26,False,False,False,False,,6.799999999999983,26,False,False,False,False,,,,True,True,True,False,4.350000000000016,,,True,True,True,False,4.350000000000016,1440.0,2022-10-18T09:31:00-04:00,1.749999999999993,8347.040000000039,1441.0,2022-10-18T09:32:00-04:00,1.8999999999999915,8047.040000000041,1442.0,2022-10-18T09:33:00-04:00,1.6999999999999957,8447.040000000034,1441.0,2022-10-18T09:32:00-04:00,1.8999999999999915,8047.040000000041,1440.0,2022-10-18T09:31:00-04:00,1.749999999999993,8347.040000000039,1441.0,2022-10-18T09:32:00-04:00,1.8999999999999915,8047.040000000041,1442.0,2022-10-18T09:33:00-04:00,1.6999999999999957,8447.040000000034,1441.0,2022-10-18T09:32:00-04:00,1.8999999999999915,8047.040000000041,,,,,,,,,,,,,,,,,,,,,,,,,,,,,,,,,598
2022-10-17,2022-10-19,2,7.0,2022-10-17T09:31:00-04:00,6.950000000000017,NDXP  221019P11180000,NDXP  221019P11170000,development,False,False,0,0,0,9,15,1191,available,False,2022-10-17T09:31:00-04:00,2022-10-19T16:00:00-04:00,9.999999999999993,-6252.9599999999655,0.0,last_observed_quote_not_settlement,1036.0,222,46,7.0,-352.9599999999652,2022-10-17T09:32:00-04:00,0.0,7.049999999999983,-452.9599999999311,2022-10-17T09:33:00-04:00,0.0,6.5,647.0400000000348,2022-10-17T09:36:00-04:00,0.0,5.849999999999994,1947.0400000000461,2022-10-17T09:41:00-04:00,0.0,6.299999999999983,1047.0400000000689,2022-10-17T09:46:00-04:00,0.0,6.400000000000034,847.0399999999665,2022-10-17T10:01:00-04:00,0.0,6.299999999999983,1047.0400000000689,2022-10-17T10:31:00-04:00,0.0,6.449999999999989,747.0400000000575,2022-10-17T11:31:00-04:00,0.0,5.699999999999989,2247.0400000000577,2022-10-17T16:00:00-04:00,0.0,4.75,4147.0400000000345,2022-10-18T16:00:00-04:00,0.0,9.999999999999993,-6252.9599999999655,2022-10-19T16:00:00-04:00,0.0,,,,,137.0,hit,1440.0,hit,1440.0,hit,1440.0,hit,,never_hit,,never_hit,,never_hit,198.0,hit,3071.0,hit,1.0,hit,3071.0,hit,3093.0,hit,3094.0,hit,7.650000000000006,9,True,False,False,False,,,,True,True,True,False,4.550000000000011,,,True,True,True,False,4.550000000000011,,,True,True,True,False,4.550000000000011,1440.0,2022-10-18T09:31:00-04:00,2.75,8147.0400000000345,1441.0,2022-10-18T09:32:00-04:00,2.5999999999999943,8447.040000000046,1442.0,2022-10-18T09:33:00-04:00,2.4000000000000057,8847.040000000025,1441.0,2022-10-18T09:32:00-04:00,2.5999999999999943,8447.040000000046,,,,,,,,,,,,,,,,,,,,,,,,,,,,,,,,,,,,,,,,,,,,,,,,,599
2022-10-17,2022-10-20,3,5.0,2022-10-17T09:31:00-04:00,4.900000000000006,NDXP  221020P11110000,NDXP  221020P11100000,development,False,False,0,0,0,3,0,1602,available,False,2022-10-17T09:31:00-04:00,2022-10-20T16:00:00-04:00,9.899999999999999,-10252.959999999986,0.0,last_observed_quote_not_settlement,1036.0,640,289,3.9499999999999886,1647.0400000000348,2022-10-17T09:32:00-04:00,0.0,3.9000000000000057,1747.0400000000006,2022-10-17T09:33:00-04:00,0.0,4.0,1547.040000000012,2022-10-17T09:36:00-04:00,0.0,3.3000000000000114,2947.0399999999895,2022-10-17T09:41:00-04:00,0.0,2.700000000000017,4147.039999999978,2022-10-17T09:46:00-04:00,0.0,5.599999999999966,-1652.9599999999198,2022-10-17T10:01:00-04:00,0.0,5.200000000000017,-852.9600000000221,2022-10-17T10:31:00-04:00,0.0,5.550000000000011,-1552.9600000000107,2022-10-17T11:31:00-04:00,0.0,5.549999999999983,-1552.9599999999539,2022-10-17T16:00:00-04:00,0.0,4.200000000000003,1147.0400000000063,2022-10-18T16:00:00-04:00,0.0,5.049999999999983,-552.9599999999539,2022-10-19T16:00:00-04:00,0.0,9.899999999999999,-10252.959999999986,2022-10-20T16:00:00-04:00,0.0,0.0,hit,0.0,hit,1.0,hit,12.0,hit,225.0,hit,1469.0,hit,,never_hit,30.0,hit,37.0,hit,2981.0,hit,3277.0,hit,4580.0,hit,4614.0,hit,4.900000000000006,0,False,False,False,False,,6.949999999999989,129,False,False,False,False,,6.949999999999989,208,False,False,False,False,,,,True,True,True,False,4.300000000000011,12.0,2022-10-17T09:43:00-04:00,2.700000000000017,4147.039999999978,1441.0,2022-10-18T09:32:00-04:00,2.249999999999993,5047.040000000026,1442.0,2022-10-18T09:33:00-04:00,2.000000000000007,5547.039999999998,13.0,2022-10-17T09:44:00-04:00,3.3500000000000227,2847.0399999999668,225.0,2022-10-17T13:16:00-04:00,1.9000000000000057,5747.040000000001,4359.0,2022-10-20T10:10:00-04:00,1.75,6047.040000000012,4360.0,2022-10-20T10:11:00-04:00,1.6999999999999975,6147.040000000017,226.0,2022-10-17T13:17:00-04:00,4.25,1047.040000000012,1469.0,2022-10-18T10:00:00-04:00,0.5999999999999943,8347.040000000025,4422.0,2022-10-20T11:13:00-04:00,0.9499999999999993,7647.040000000014,4423.0,2022-10-20T11:14:00-04:00,0.8000000000000007,7947.040000000011,1470.0,2022-10-18T10:01:00-04:00,3.049999999999997,3447.0400000000177,,,,,,,,,,,,,,,,,600
2022-10-17,2022-10-20,3,6.0,2022-10-17T09:31:00-04:00,6.0,NDXP  221020P11120000,NDXP  221020P11110000,development,False,False,0,0,0,11,0,1594,available,False,2022-10-17T09:31:00-04:00,2022-10-20T16:00:00-04:00,10.0,-8152.96,0.0,last_observed_quote_not_settlement,1036.0,255,151,5.950000000000017,-152.9600000000334,2022-10-17T09:32:00-04:00,0.0,6.550000000000011,-1352.960000000022,2022-10-17T09:33:00-04:00,0.0,5.600000000000023,547.0399999999552,2022-10-17T09:36:00-04:00,0.0,5.25,1247.0400000000006,2022-10-17T09:41:00-04:00,0.0,5.250000000000028,1247.0399999999438,2022-10-17T09:46:00-04:00,0.0,6.0,-252.9599999999993,2022-10-17T10:01:00-04:00,0.0,6.499999999999972,-1252.9599999999425,2022-10-17T10:31:00-04:00,0.0,5.949999999999989,-152.95999999997656,2022-10-17T11:31:00-04:00,0.0,3.799999999999983,4147.0400000000345,2022-10-17T16:00:00-04:00,0.0,3.549999999999983,4647.0400000000345,2022-10-18T16:00:00-04:00,0.0,4.849999999999994,2047.0400000000122,2022-10-19T16:00:00-04:00,0.0,10.0,-8152.96,2022-10-20T16:00:00-04:00,0.0,8.0,hit,16.0,hit,188.0,hit,1440.0,hit,1470.0,hit,1470.0,hit,,never_hit,2.0,hit,1781.0,hit,1781.0,hit,4537.0,hit,4537.0,hit,4537.0,hit,6.799999999999983,46,False,False,False,False,,6.799999999999983,46,False,False,False,False,,6.799999999999983,46,False,False,False,False,,,,True,True,True,False,5.3999999999999915,1440.0,2022-10-18T09:31:00-04:00,2.1000000000000014,7547.039999999998,1441.0,2022-10-18T09:32:00-04:00,2.4499999999999957,6847.040000000009,1442.0,2022-10-18T09:33:00-04:00,2.3499999999999943,7047.040000000012,1441.0,2022-10-18T09:32:00-04:00,2.4499999999999957,6847.040000000009,1470.0,2022-10-18T10:01:00-04:00,0.6000000000000085,10547.039999999985,4360.0,2022-10-20T10:11:00-04:00,1.8500000000000014,8047.039999999998,4361.0,2022-10-20T10:12:00-04:00,1.8499999999999979,8047.0400000000045,1471.0,2022-10-18T10:02:00-04:00,3.3499999999999943,5047.040000000012,1470.0,2022-10-18T10:01:00-04:00,0.6000000000000085,10547.039999999985,4424.0,2022-10-20T11:15:00-04:00,0.8999999999999995,9947.040000000003,4463.0,2022-10-20T11:54:00-04:00,0.9000000000000004,9947.04,1471.0,2022-10-18T10:02:00-04:00,3.3499999999999943,5047.040000000012,,,,,,,,,,,,,,,,,601
2022-10-17,2022-10-20,3,7.0,2022-10-17T09:31:00-04:00,7.0,NDXP  221020P11230000,NDXP  221020P11220000,development,False,False,0,0,0,58,0,1547,available,False,2022-10-17T09:31:00-04:00,2022-10-20T16:00:00-04:00,10.0,-6152.96,0.0,last_observed_quote_not_settlement,1036.0,365,138,7.550000000000011,-1352.960000000022,2022-10-17T09:32:00-04:00,0.0,7.149999999999977,-552.9599999999539,2022-10-17T09:33:00-04:00,0.0,6.699999999999989,347.04000000002344,2022-10-17T09:36:00-04:00,0.0,6.150000000000034,1447.0399999999324,2022-10-17T09:41:00-04:00,0.0,6.5,747.0400000000006,2022-10-17T09:46:00-04:00,0.0,7.0,-252.9599999999993,2022-10-17T10:01:00-04:00,0.0,6.400000000000091,947.0399999998187,2022-10-17T10:31:00-04:00,0.0,6.600000000000023,547.0399999999552,2022-10-17T11:31:00-04:00,0.0,6.5,747.0400000000006,2022-10-17T16:00:00-04:00,0.0,6.849999999999994,47.04000000001208,2022-10-18T16:00:00-04:00,0.0,6.900000000000006,-52.96000000001066,2022-10-19T16:00:00-04:00,0.0,10.0,-6152.96,2022-10-20T16:00:00-04:00,0.0,69.0,hit,231.0,hit,1440.0,hit,,never_hit,,never_hit,,never_hit,,never_hit,1.0,hit,327.0,hit,0.0,hit,327.0,hit,4518.0,hit,4542.0,hit,,,True,True,True,False,3.9499999999999993,,,True,True,True,False,3.9499999999999993,,,True,True,True,False,3.9499999999999993,,,True,True,True,False,3.9499999999999993,,,,,,,,,,,,,,,,,,,,,,,,,,,,,,,,,,,,,,,,,,,,,,,,,,,,,,,,,,,,,,,,,602
2022-10-18,2022-10-20,2,5.0,2022-10-18T09:31:00-04:00,4.949999999999989,NDXP  221020P11390000,NDXP  221020P11380000,development,False,False,0,0,1,68,0,1131,available,False,2022-10-18T09:31:00-04:00,2022-10-20T16:00:00-04:00,9.5,-9352.960000000023,0.0,last_observed_quote_not_settlement,1036.0,1078,6,5.099999999999966,-552.9599999999539,2022-10-18T09:32:00-04:00,0.0,4.349999999999994,947.0399999999893,2022-10-18T09:33:00-04:00,0.0,5.349999999999994,-1052.9600000000107,2022-10-18T09:36:00-04:00,0.0,5.600000000000023,-1552.9600000000676,2022-10-18T09:41:00-04:00,0.0,5.950000000000017,-2252.960000000056,2022-10-18T09:46:00-04:00,0.0,6.099999999999994,-2552.9600000000105,2022-10-18T10:01:00-04:00,0.0,6.550000000000011,-3452.9600000000446,2022-10-18T10:31:00-04:00,0.0,8.200000000000045,-6752.960000000115,2022-10-18T11:31:00-04:00,0.0,7.5,-5352.960000000022,2022-10-18T16:00:00-04:00,0.0,9.799999999999955,-9952.959999999932,2022-10-19T16:00:00-04:00,0.0,9.5,-9352.960000000023,2022-10-20T16:00:00-04:00,0.0,,,,,0.0,hit,0.0,hit,,never_hit,,never_hit,,never_hit,,never_hit,,never_hit,8.0,hit,8.0,hit,28.0,hit,115.0,hit,116.0,hit,1461.0,hit,,,True,True,True,False,0.5999999999999943,,,True,True,True,False,0.5999999999999943,,,True,True,True,False,0.5999999999999943,,,True,True,True,False,0.5999999999999943,,,,,,,,,,,,,,,,,,,,,,,,,,,,,,,,,,,,,,,,,,,,,,,,,,,,,,,,,,,,,,,,,603
2022-10-18,2022-10-20,2,6.0,2022-10-18T09:31:00-04:00,5.999999999999972,NDXP  221020P11480000,NDXP  221020P11470000,development,False,False,0,0,0,152,0,1047,available,False,2022-10-18T09:31:00-04:00,2022-10-20T16:00:00-04:00,0.8999999999999773,9947.03999999999,0.0,last_observed_quote_not_settlement,1036.0,931,21,5.599999999999994,547.0399999999552,2022-10-18T09:32:00-04:00,0.0,5.900000000000006,-52.9600000000675,2022-10-18T09:33:00-04:00,0.0,6.2999999999999545,-852.9599999999652,2022-10-18T09:36:00-04:00,0.0,6.75,-1752.9600000000562,2022-10-18T09:41:00-04:00,0.0,5.700000000000017,347.03999999990975,2022-10-18T09:46:00-04:00,0.0,8.5,-5252.960000000058,2022-10-18T10:01:00-04:00,0.0,7.4500000000000455,-3152.960000000147,2022-10-18T10:31:00-04:00,0.0,8.899999999999977,-6052.960000000013,2022-10-18T11:31:00-04:00,0.0,6.699999999999989,-1652.9600000000335,2022-10-18T16:00:00-04:00,0.0,9.550000000000011,-7352.960000000081,2022-10-19T16:00:00-04:00,0.0,0.8999999999999773,9947.03999999999,2022-10-20T16:00:00-04:00,0.0,,,,,320.0,hit,320.0,hit,320.0,hit,1653.0,hit,3269.0,hit,3269.0,hit,,never_hit,7.0,hit,24.0,hit,24.0,hit,30.0,hit,103.0,hit,123.0,hit,10.0,582,True,True,True,True,,10.0,931,True,True,True,True,,10.0,931,True,True,True,True,,,,True,True,True,False,5.099999999999994,1653.0,2022-10-19T13:04:00-04:00,2.550000000000068,6647.039999999807,,,,,,,,,,,,,3269.0,2022-10-20T16:00:00-04:00,0.8999999999999773,9947.03999999999,,,,,,,,,,,,,3269.0,2022-10-20T16:00:00-04:00,0.8999999999999773,9947.03999999999,,,,,,,,,,,,,,,,,,,,,,,,,,,,,604
2022-10-18,2022-10-20,2,7.0,2022-10-18T09:31:00-04:00,7.050000000000011,NDXP  221020P11590000,NDXP  221020P11580000,development,False,False,0,0,0,250,0,950,available,False,2022-10-18T09:31:00-04:00,2022-10-20T15:59:00-04:00,10.0,-6052.959999999977,1.0,last_observed_quote_not_settlement,1036.0,736,41,7.699999999999989,-1552.9599999999539,2022-10-18T09:32:00-04:00,0.0,6.949999999999989,-52.959999999953816,2022-10-18T09:33:00-04:00,0.0,7.449999999999989,-1052.9599999999539,2022-10-18T09:36:00-04:00,0.0,8.049999999999955,-2252.9599999998873,2022-10-18T09:41:00-04:00,0.0,7.899999999999977,-1952.9599999999311,2022-10-18T09:46:00-04:00,0.0,7.5,-1152.9599999999766,2022-10-18T10:01:00-04:00,0.0,8.950000000000045,-4052.960000000069,2022-10-18T10:31:00-04:00,0.0,9.300000000000068,-4752.960000000115,2022-10-18T11:31:00-04:00,0.0,7.100000000000023,-352.96000000002203,2022-10-18T16:00:00-04:00,0.0,9.899999999999977,-5952.959999999933,2022-10-19T16:00:00-04:00,0.0,,,2022-10-20T15:59:00-04:00,60.0,,,,,184.0,hit,186.0,hit,186.0,hit,,never_hit,,never_hit,,never_hit,,never_hit,1.0,hit,12.0,hit,0.0,hit,9.0,hit,48.0,hit,48.0,hit,,,True,True,True,False,3.349999999999966,,,True,True,True,False,3.349999999999966,,,True,True,True,False,3.349999999999966,,,True,True,True,False,3.349999999999966,,,,,,,,,,,,,,,,,,,,,,,,,,,,,,,,,,,,,,,,,,,,,,,,,,,,,,,,,,,,,,,,,605
2022-10-21,2022-10-24,3,5.0,2022-10-21T09:31:00-04:00,5.0,NDXP  221024P10990000,NDXP  221024P10980000,development,False,False,0,0,0,0,0,794,available,False,2022-10-21T09:31:00-04:00,2022-10-24T16:00:00-04:00,0.0,9747.04,0.0,last_observed_quote_not_settlement,3916.0,6,6,4.8999999999999915,-52.95999999998224,2022-10-21T09:32:00-04:00,0.0,4.200000000000003,1347.039999999995,2022-10-21T09:33:00-04:00,0.0,5.049999999999997,-352.9599999999936,2022-10-21T09:36:00-04:00,0.0,2.75,4247.040000000001,2022-10-21T09:41:00-04:00,0.0,3.0999999999999943,3547.0400000000122,2022-10-21T09:46:00-04:00,0.0,3.049999999999997,3647.0400000000063,2022-10-21T10:01:00-04:00,0.0,3.500000000000014,2747.039999999972,2022-10-21T10:31:00-04:00,0.0,3.0500000000000043,3647.0399999999922,2022-10-21T11:31:00-04:00,0.0,0.75,8247.04,2022-10-21T16:00:00-04:00,0.0,,,2022-10-21T16:15:00-04:00,85500.0,,,2022-10-21T16:15:00-04:00,171900.0,0.0,9747.04,2022-10-24T16:00:00-04:00,0.0,0.0,hit,0.0,hit,10.0,hit,10.0,hit,153.0,hit,345.0,hit,4320.0,hit,11.0,hit,12.0,hit,,never_hit,,never_hit,,never_hit,,never_hit,5.049999999999997,2,False,False,False,False,,6.349999999999994,6,False,False,False,False,,6.349999999999994,6,False,False,False,False,,6.349999999999994,6,False,False,False,False,,10.0,2022-10-21T09:41:00-04:00,2.75,4247.040000000001,36.0,2022-10-21T10:07:00-04:00,2.700000000000003,4347.039999999995,37.0,2022-10-21T10:08:00-04:00,2.5,4747.040000000001,11.0,2022-10-21T09:42:00-04:00,5.849999999999994,-1952.959999999988,200.0,2022-10-21T12:51:00-04:00,1.8999999999999986,5947.040000000004,201.0,2022-10-21T12:52:00-04:00,1.8500000000000014,6047.039999999998,213.0,2022-10-21T13:04:00-04:00,1.7999999999999972,6147.040000000006,201.0,2022-10-21T12:52:00-04:00,1.8500000000000014,6047.039999999998,347.0,2022-10-21T15:18:00-04:00,0.9499999999999993,7847.040000000002,348.0,2022-10-21T15:19:00-04:00,0.9499999999999993,7847.040000000002,349.0,2022-10-21T15:20:00-04:00,0.8999999999999986,7947.040000000004,348.0,2022-10-21T15:19:00-04:00,0.9499999999999993,7847.040000000002,4320.0,2022-10-24T09:31:00-04:00,0.3500000000000001,9047.04,4326.0,2022-10-24T09:37:00-04:00,0.375,8997.04,4327.0,2022-10-24T09:38:00-04:00,0.2749999999999999,9197.04,4321.0,2022-10-24T09:32:00-04:00,0.5,8747.04,606
2022-10-21,2022-10-24,3,6.0,2022-10-21T09:31:00-04:00,6.0,NDXP  221024P11070000,NDXP  221024P11060000,development,False,False,0,0,0,1,0,793,available,False,2022-10-21T09:31:00-04:00,2022-10-24T16:00:00-04:00,0.049999999999999996,11647.040000000003,0.0,last_observed_quote_not_settlement,3916.0,10,13,6.100000000000023,-452.9600000000448,2022-10-21T09:32:00-04:00,0.0,5.200000000000017,1347.0399999999665,2022-10-21T09:33:00-04:00,0.0,6.150000000000006,-552.9600000000107,2022-10-21T09:36:00-04:00,0.0,5.600000000000023,547.0399999999552,2022-10-21T09:41:00-04:00,0.0,5.3999999999999915,947.0400000000177,2022-10-21T09:46:00-04:00,0.0,4.049999999999983,3647.040000000035,2022-10-21T10:01:00-04:00,0.0,4.650000000000006,2447.0399999999895,2022-10-21T10:31:00-04:00,0.0,4.200000000000017,3347.0399999999668,2022-10-21T11:31:00-04:00,0.0,1.3500000000000014,9047.039999999999,2022-10-21T16:00:00-04:00,0.0,,,2022-10-21T16:15:00-04:00,85500.0,,,2022-10-21T16:15:00-04:00,171900.0,0.049999999999999996,11647.040000000003,2022-10-24T16:00:00-04:00,0.0,2.0,hit,16.0,hit,35.0,hit,150.0,hit,273.0,hit,394.0,hit,4335.0,hit,6.0,hit,11.0,hit,11.0,hit,,never_hit,,never_hit,,never_hit,7.799999999999983,10,True,False,False,False,,7.799999999999983,10,True,False,False,False,,7.799999999999983,10,True,False,False,False,,7.799999999999983,10,True,False,False,False,,152.0,2022-10-21T12:03:00-04:00,2.8499999999999943,6047.040000000012,153.0,2022-10-21T12:04:00-04:00,2.8999999999999986,5947.040000000004,154.0,2022-10-21T12:05:00-04:00,2.8500000000000085,6047.039999999984,153.0,2022-10-21T12:04:00-04:00,2.8999999999999986,5947.040000000004,277.0,2022-10-21T14:08:00-04:00,1.899999999999995,7947.040000000011,278.0,2022-10-21T14:09:00-04:00,1.8999999999999986,7947.040000000004,279.0,2022-10-21T14:10:00-04:00,1.9000000000000057,7947.039999999989,278.0,2022-10-21T14:09:00-04:00,1.8999999999999986,7947.040000000004,394.0,2022-10-21T16:05:00-04:00,0.9499999999999993,9847.040000000003,4326.0,2022-10-24T09:37:00-04:00,0.9000000000000004,9947.04,4327.0,2022-10-24T09:38:00-04:00,0.5999999999999996,10547.040000000003,395.0,2022-10-21T16:06:00-04:00,1.2500000000000018,9247.039999999997,4335.0,2022-10-24T09:46:00-04:00,0.42500000000000027,10897.04,4336.0,2022-10-24T09:47:00-04:00,0.4249999999999998,10897.040000000003,4411.0,2022-10-24T11:02:00-04:00,0.3999999999999999,10947.04,4336.0,2022-10-24T09:47:00-04:00,0.4249999999999998,10897.040000000003,607
2022-10-21,2022-10-24,3,7.0,2022-10-21T09:31:00-04:00,7.0,NDXP  221024P11170000,NDXP  221024P11160000,development,False,False,0,0,0,0,0,794,available,False,2022-10-21T09:31:00-04:00,2022-10-24T16:00:00-04:00,0.0,13747.04,0.0,last_observed_quote_not_settlement,3916.0,30,34,6.099999999999994,1547.040000000012,2022-10-21T09:32:00-04:00,0.0,6.600000000000023,547.0399999999552,2022-10-21T09:33:00-04:00,0.0,7.449999999999989,-1152.9599999999766,2022-10-21T09:36:00-04:00,0.0,7.050000000000011,-352.96000000002203,2022-10-21T09:41:00-04:00,0.0,6.599999999999994,547.040000000012,2022-10-21T09:46:00-04:00,0.0,5.75,2247.040000000001,2022-10-21T10:01:00-04:00,0.0,5.899999999999977,1947.0400000000461,2022-10-21T10:31:00-04:00,0.0,6.400000000000006,947.0399999999893,2022-10-21T11:31:00-04:00,0.0,2.5,8747.04,2022-10-21T16:00:00-04:00,0.0,,,2022-10-21T16:15:00-04:00,85500.0,,,2022-10-21T16:15:00-04:00,171900.0,0.0,13747.04,2022-10-24T16:00:00-04:00,0.0,36.0,hit,36.0,hit,43.0,hit,174.0,hit,4325.0,hit,4434.0,hit,4462.0,hit,3.0,hit,3.0,hit,0.0,hit,3.0,hit,,never_hit,,never_hit,8.650000000000034,30,True,True,False,False,,8.650000000000034,30,True,True,False,False,,8.650000000000034,30,True,True,False,False,,8.650000000000034,30,True,True,False,False,,174.0,2022-10-21T12:25:00-04:00,2.5500000000000114,8647.039999999979,343.0,2022-10-21T15:14:00-04:00,2.8999999999999986,7947.040000000004,344.0,2022-10-21T15:15:00-04:00,2.700000000000003,8347.039999999995,175.0,2022-10-21T12:26:00-04:00,4.5,4747.040000000001,4327.0,2022-10-24T09:38:00-04:00,1.6000000000000014,10547.039999999999,4328.0,2022-10-24T09:39:00-04:00,1.6499999999999986,10447.040000000005,4329.0,2022-10-24T09:40:00-04:00,1.8999999999999986,9947.040000000005,4328.0,2022-10-24T09:39:00-04:00,1.6499999999999986,10447.040000000005,4434.0,2022-10-24T11:25:00-04:00,0.9000000000000004,11947.04,4446.0,2022-10-24T11:37:00-04:00,0.5999999999999996,12547.040000000003,4447.0,2022-10-24T11:38:00-04:00,0.5999999999999996,12547.040000000003,4435.0,2022-10-24T11:26:00-04:00,1.0499999999999998,11647.040000000003,4462.0,2022-10-24T11:53:00-04:00,0.44999999999999973,12847.04,4469.0,2022-10-24T12:00:00-04:00,0.3999999999999999,12947.04,4470.0,2022-10-24T12:01:00-04:00,0.3999999999999999,12947.04,4463.0,2022-10-24T11:54:00-04:00,0.5000000000000004,12747.039999999999,608
2022-10-24,2022-10-26,2,5.0,2022-10-24T09:31:00-04:00,4.949999999999989,NDXP  221026P11270000,NDXP  221026P11260000,development,False,False,0,0,0,3,15,1197,available,False,2022-10-24T09:31:00-04:00,2022-10-26T16:00:00-04:00,9.875,-10102.960000000023,0.0,last_observed_quote_not_settlement,1036.0,41,17,4.450000000000017,747.0399999999438,2022-10-24T09:32:00-04:00,0.0,5.149999999999977,-652.9599999999766,2022-10-24T09:33:00-04:00,0.0,4.0,1647.039999999978,2022-10-24T09:36:00-04:00,0.0,3.0,3647.039999999978,2022-10-24T09:41:00-04:00,0.0,3.75,2147.039999999978,2022-10-24T09:46:00-04:00,0.0,4.75,147.03999999997797,2022-10-24T10:01:00-04:00,0.0,5.200000000000017,-752.9600000000562,2022-10-24T10:31:00-04:00,0.0,4.299999999999983,1047.040000000012,2022-10-24T11:31:00-04:00,0.0,2.8999999999999986,3847.039999999981,2022-10-24T16:00:00-04:00,0.0,0.45000000000000107,8747.039999999977,2022-10-25T16:00:00-04:00,0.0,9.875,-10102.960000000023,2022-10-26T16:00:00-04:00,0.0,,,,,0.0,hit,0.0,hit,3.0,hit,10.0,hit,379.0,hit,1537.0,hit,1729.0,hit,32.0,hit,39.0,hit,3269.0,hit,3269.0,hit,3269.0,hit,3269.0,hit,5.149999999999977,1,False,False,False,False,,6.0,41,False,False,False,False,,6.0,41,False,False,False,False,,6.0,41,False,False,False,False,,14.0,2022-10-24T09:45:00-04:00,2.700000000000017,4247.039999999944,334.0,2022-10-24T15:05:00-04:00,2.750000000000007,4147.039999999964,335.0,2022-10-24T15:06:00-04:00,2.8500000000000014,3947.039999999975,15.0,2022-10-24T09:46:00-04:00,3.75,2147.039999999978,1447.0,2022-10-25T09:38:00-04:00,1.9499999999999957,5747.039999999986,1457.0,2022-10-25T09:48:00-04:00,1.5,6647.039999999978,1458.0,2022-10-25T09:49:00-04:00,1.4000000000000057,6847.039999999966,1448.0,2022-10-25T09:39:00-04:00,2.200000000000003,5247.039999999973,1539.0,2022-10-25T11:10:00-04:00,0.8999999999999986,7847.039999999981,1540.0,2022-10-25T11:11:00-04:00,0.8499999999999996,7947.039999999979,1553.0,2022-10-25T11:24:00-04:00,0.9000000000000004,7847.039999999977,1540.0,2022-10-25T11:11:00-04:00,0.8499999999999996,7947.039999999979,1745.0,2022-10-25T14:36:00-04:00,0.35000000000000053,8947.039999999977,1796.0,2022-10-25T15:27:00-04:00,0.40000000000000036,8847.039999999979,1800.0,2022-10-25T15:31:00-04:00,0.2999999999999998,9047.039999999979,1746.0,2022-10-25T14:37:00-04:00,0.5,8647.039999999979,609
2022-10-24,2022-10-26,2,6.0,2022-10-24T09:31:00-04:00,5.950000000000017,NDXP  221026P11420000,NDXP  221026P11410000,development,False,False,0,0,1,1,15,1198,available,False,2022-10-24T09:31:00-04:00,2022-10-26T16:00:00-04:00,3.0000000000000018,5647.040000000031,0.0,last_observed_quote_not_settlement,1036.0,122,78,6.0,-352.9599999999652,2022-10-24T09:32:00-04:00,0.0,6.100000000000023,-552.9600000000107,2022-10-24T09:33:00-04:00,0.0,5.450000000000017,747.0400000000006,2022-10-24T09:36:00-04:00,0.0,6.25,-852.9599999999652,2022-10-24T09:41:00-04:00,0.0,4.949999999999989,1747.0400000000575,2022-10-24T09:46:00-04:00,0.0,6.349999999999994,-1052.9599999999539,2022-10-24T10:01:00-04:00,0.0,6.2000000000000455,-752.9600000000562,2022-10-24T10:31:00-04:00,0.0,5.349999999999994,947.0400000000461,2022-10-24T11:31:00-04:00,0.0,4.6499999999999915,2347.040000000052,2022-10-24T16:00:00-04:00,0.0,1.5,8647.040000000035,2022-10-25T16:00:00-04:00,0.0,3.0000000000000018,5647.040000000031,2022-10-26T16:00:00-04:00,0.0,,,,,5.0,hit,15.0,hit,310.0,hit,1457.0,hit,1557.0,hit,2948.0,hit,2956.0,hit,3.0,hit,3.0,hit,3.0,hit,3267.0,hit,3267.0,hit,,never_hit,7.75,113,True,False,False,False,,7.75,113,True,False,False,False,,7.75,114,True,False,False,False,,7.75,114,True,False,False,False,,1458.0,2022-10-25T09:49:00-04:00,2.9499999999999957,5747.040000000044,1459.0,2022-10-25T09:50:00-04:00,2.75,6147.0400000000345,1460.0,2022-10-25T09:51:00-04:00,2.8999999999999986,5847.040000000037,1459.0,2022-10-25T09:50:00-04:00,2.75,6147.0400000000345,1557.0,2022-10-25T11:28:00-04:00,1.9000000000000021,7847.040000000031,1567.0,2022-10-25T11:38:00-04:00,1.9499999999999993,7747.040000000036,1568.0,2022-10-25T11:39:00-04:00,1.8999999999999986,7847.040000000037,1558.0,2022-10-25T11:29:00-04:00,2.0999999999999943,7447.040000000046,2949.0,2022-10-26T10:40:00-04:00,0.9000000000000004,9847.040000000035,2950.0,2022-10-26T10:41:00-04:00,0.8499999999999996,9947.040000000037,2951.0,2022-10-26T10:42:00-04:00,0.9000000000000004,9847.040000000035,2950.0,2022-10-26T10:41:00-04:00,0.8499999999999996,9947.040000000037,2956.0,2022-10-26T10:47:00-04:00,0.44999999999999973,10747.040000000035,2957.0,2022-10-26T10:48:00-04:00,0.42500000000000027,10797.040000000034,2958.0,2022-10-26T10:49:00-04:00,0.44999999999999973,10747.040000000035,2957.0,2022-10-26T10:48:00-04:00,0.42500000000000027,10797.040000000034,610
2022-10-24,2022-10-26,2,7.0,2022-10-24T09:31:00-04:00,7.0499999999999545,NDXP  221026P11560000,NDXP  221026P11550000,development,False,False,0,0,1,19,15,1178,available,False,2022-10-24T09:31:00-04:00,2022-10-26T16:00:00-04:00,10.0,-6052.960000000091,0.0,last_observed_quote_not_settlement,1036.0,379,125,7.649999999999977,-1452.9600000000448,2022-10-24T09:32:00-04:00,0.0,7.5,-1152.9600000000903,2022-10-24T09:33:00-04:00,0.0,7.149999999999977,-452.9600000000448,2022-10-24T09:36:00-04:00,0.0,7.75,-1652.9600000000903,2022-10-24T09:41:00-04:00,0.0,6.800000000000011,247.039999999887,2022-10-24T09:46:00-04:00,0.0,7.400000000000034,-952.9600000001585,2022-10-24T10:01:00-04:00,0.0,8.599999999999966,-3352.9600000000237,2022-10-24T10:31:00-04:00,0.0,7.2999999999999545,-752.9599999999994,2022-10-24T11:31:00-04:00,0.0,5.550000000000011,2747.039999999887,2022-10-24T16:00:00-04:00,0.0,3.1000000000000085,7647.039999999893,2022-10-25T16:00:00-04:00,0.0,10.0,-6052.960000000091,2022-10-26T16:00:00-04:00,0.0,,,,,197.0,hit,330.0,hit,347.0,hit,1800.0,hit,2988.0,hit,,never_hit,,never_hit,1.0,hit,25.0,hit,0.0,hit,25.0,hit,46.0,hit,53.0,hit,9.5,200,True,True,True,True,,9.5,238,True,True,True,True,,,,True,True,True,False,5.7999999999999545,,,True,True,True,False,5.7999999999999545,1802.0,2022-10-25T15:33:00-04:00,2.9000000000000057,8047.039999999898,2976.0,2022-10-26T11:07:00-04:00,2.75,8347.03999999991,2981.0,2022-10-26T11:12:00-04:00,2.7499999999999964,8347.039999999917,1803.0,2022-10-25T15:34:00-04:00,3.0,7847.03999999991,2992.0,2022-10-26T11:23:00-04:00,1.8999999999999986,10047.039999999914,2999.0,2022-10-26T11:30:00-04:00,1.8000000000000007,10247.03999999991,3000.0,2022-10-26T11:31:00-04:00,1.9499999999999993,9947.039999999912,2993.0,2022-10-26T11:24:00-04:00,2.3500000000000014,9147.039999999908,,,,,,,,,,,,,,,,,,,,,,,,,,,,,,,,,611
2022-10-24,2022-10-27,3,5.0,2022-10-24T09:31:00-04:00,5.0,NDXP  221027P11320000,NDXP  221027P11310000,development,False,False,0,0,2,6,0,1597,available,False,2022-10-24T09:31:00-04:00,2022-10-27T16:00:00-04:00,10.0,-10152.96,0.0,last_observed_quote_not_settlement,1036.0,378,57,4.300000000000011,1147.039999999978,2022-10-24T09:32:00-04:00,0.0,5.25,-752.9599999999994,2022-10-24T09:33:00-04:00,0.0,4.900000000000034,-52.9600000000675,2022-10-24T09:36:00-04:00,0.0,5.199999999999989,-652.9599999999766,2022-10-24T09:41:00-04:00,0.0,4.5,747.0400000000006,2022-10-24T09:46:00-04:00,0.0,4.900000000000034,-52.9600000000675,2022-10-24T10:01:00-04:00,0.0,6.25,-2752.959999999999,2022-10-24T10:31:00-04:00,0.0,4.849999999999994,47.04000000001208,2022-10-24T11:31:00-04:00,0.0,3.5999999999999943,2547.0400000000122,2022-10-24T16:00:00-04:00,0.0,1.4000000000000021,6947.039999999996,2022-10-25T16:00:00-04:00,0.0,3.0,3747.040000000001,2022-10-26T16:00:00-04:00,0.0,10.0,-10152.96,2022-10-27T16:00:00-04:00,0.0,0.0,hit,0.0,hit,26.0,hit,379.0,hit,1468.0,hit,2976.0,hit,,never_hit,12.0,hit,12.0,hit,4343.0,hit,4494.0,hit,4560.0,hit,4592.0,hit,6.449999999999989,73,False,False,False,False,,6.449999999999989,73,False,False,False,False,,6.449999999999989,73,False,False,False,False,,,,True,True,True,False,4.350000000000001,1447.0,2022-10-25T09:38:00-04:00,2.8499999999999943,4047.040000000012,1456.0,2022-10-25T09:47:00-04:00,2.75,4247.040000000001,1457.0,2022-10-25T09:48:00-04:00,2.4499999999999957,4847.040000000009,1448.0,2022-10-25T09:39:00-04:00,3.1000000000000085,3547.0399999999836,1538.0,2022-10-25T11:09:00-04:00,1.9499999999999957,5847.040000000009,1539.0,2022-10-25T11:10:00-04:00,1.9000000000000057,5947.039999999989,1540.0,2022-10-25T11:11:00-04:00,1.8999999999999986,5947.040000000004,1539.0,2022-10-25T11:10:00-04:00,1.9000000000000057,5947.039999999989,2982.0,2022-10-26T11:13:00-04:00,0.9000000000000004,7947.04,2983.0,2022-10-26T11:14:00-04:00,0.8499999999999979,8047.0400000000045,2984.0,2022-10-26T11:15:00-04:00,0.75,8247.04,2983.0,2022-10-26T11:14:00-04:00,0.8499999999999979,8047.0400000000045,,,,,,,,,,,,,,,,,612
2022-10-24,2022-10-27,3,6.0,2022-10-24T09:31:00-04:00,6.0,NDXP  221027P11440000,NDXP  221027P11430000,development,False,False,0,0,0,59,0,1544,available,False,2022-10-24T09:31:00-04:00,2022-10-27T15:48:00-04:00,9.599999999999994,-7452.95999999999,12.0,last_observed_quote_not_settlement,1036.0,445,112,6.099999999999966,-452.9599999999311,2022-10-24T09:32:00-04:00,0.0,6.25,-752.9599999999994,2022-10-24T09:33:00-04:00,0.0,6.099999999999994,-452.95999999998793,2022-10-24T09:36:00-04:00,0.0,6.100000000000023,-452.9600000000448,2022-10-24T09:41:00-04:00,0.0,5.449999999999989,847.0400000000234,2022-10-24T09:46:00-04:00,0.0,6.25,-752.9599999999994,2022-10-24T10:01:00-04:00,0.0,7.099999999999966,-2452.959999999931,2022-10-24T10:31:00-04:00,0.0,6.0,-252.9599999999993,2022-10-24T11:31:00-04:00,0.0,3.4000000000000057,4947.039999999989,2022-10-24T16:00:00-04:00,0.0,2.3000000000000043,7147.039999999992,2022-10-25T16:00:00-04:00,0.0,5.1499999999999915,1447.0400000000177,2022-10-26T16:00:00-04:00,0.0,,,2022-10-27T15:48:00-04:00,720.0,14.0,hit,117.0,hit,299.0,hit,383.0,hit,1481.0,hit,1481.0,hit,1481.0,hit,12.0,hit,32.0,hit,32.0,hit,4338.0,hit,4341.0,hit,4346.0,hit,7.599999999999994,128,True,False,False,False,,7.599999999999994,128,True,False,False,False,,7.599999999999994,128,True,False,False,False,,7.599999999999994,128,True,False,False,False,,383.0,2022-10-24T15:54:00-04:00,2.6499999999999773,6447.040000000046,400.0,2022-10-24T16:11:00-04:00,2.9000000000000057,5947.039999999989,1552.0,2022-10-25T11:23:00-04:00,2.9499999999999886,5847.040000000024,384.0,2022-10-24T15:55:00-04:00,4.400000000000006,2947.0399999999895,1481.0,2022-10-25T10:12:00-04:00,0.3499999999999943,11047.040000000014,2989.0,2022-10-26T11:20:00-04:00,1.9499999999999993,7847.040000000002,2997.0,2022-10-26T11:28:00-04:00,1.9000000000000021,7947.039999999996,1482.0,2022-10-25T10:13:00-04:00,3.200000000000003,5347.039999999995,1481.0,2022-10-25T10:12:00-04:00,0.3499999999999943,11047.040000000014,,,,,,,,,1482.0,2022-10-25T10:13:00-04:00,3.200000000000003,5347.039999999995,1481.0,2022-10-25T10:12:00-04:00,0.3499999999999943,11047.040000000014,,,,,,,,,1482.0,2022-10-25T10:13:00-04:00,3.200000000000003,5347.039999999995,613
2022-10-24,2022-10-27,3,7.0,2022-10-24T09:31:00-04:00,7.0,NDXP  221027P11560000,NDXP  221027P11550000,development,False,False,0,0,0,71,0,1532,available,False,2022-10-24T09:31:00-04:00,2022-10-27T15:59:00-04:00,9.950000000000045,-6152.96,1.0,last_observed_quote_not_settlement,1036.0,479,125,7.449999999999989,-1152.9599999999766,2022-10-24T09:32:00-04:00,0.0,7.149999999999977,-552.9599999999539,2022-10-24T09:33:00-04:00,0.0,7.0499999999999545,-352.95999999990835,2022-10-24T09:36:00-04:00,0.0,6.5,747.0400000000006,2022-10-24T09:41:00-04:00,0.0,4.849999999999966,4047.040000000069,2022-10-24T09:46:00-04:00,0.0,5.650000000000034,2447.0399999999327,2022-10-24T10:01:00-04:00,0.0,8.199999999999989,-2652.959999999978,2022-10-24T10:31:00-04:00,0.0,7.050000000000011,-352.96000000002203,2022-10-24T11:31:00-04:00,0.0,4.25,5247.040000000001,2022-10-24T16:00:00-04:00,0.0,3.6500000000000057,6447.039999999989,2022-10-25T16:00:00-04:00,0.0,7.350000000000023,-952.9600000000448,2022-10-26T16:00:00-04:00,0.0,,,2022-10-27T15:59:00-04:00,60.0,9.0,hit,15.0,hit,332.0,hit,1474.0,hit,1474.0,hit,,never_hit,,never_hit,4.0,hit,39.0,hit,0.0,hit,39.0,hit,4329.0,hit,4331.0,hit,8.899999999999977,107,True,True,False,False,,8.899999999999977,107,True,True,False,False,,,,True,True,True,False,5.000000000000014,,,True,True,True,False,5.000000000000014,1474.0,2022-10-25T10:05:00-04:00,1.9999999999999858,9747.04000000003,,,,,,,,,1475.0,2022-10-25T10:06:00-04:00,4.900000000000006,3947.0399999999895,,,,,,,,,,,,,,,,,,,,,,,,,,,,,,,,,,,,,,,,,,,,,,,,,614
2022-10-25,2022-10-27,2,5.0,2022-10-25T09:31:00-04:00,5.0,NDXP  221027P11510000,NDXP  221027P11500000,development,False,False,0,0,1,68,15,1131,available,False,2022-10-25T09:31:00-04:00,2022-10-27T16:00:00-04:00,10.0,-10152.96,0.0,last_observed_quote_not_settlement,1036.0,488,40,4.649999999999977,447.0400000000462,2022-10-25T09:32:00-04:00,0.0,4.800000000000011,147.03999999997797,2022-10-25T09:33:00-04:00,0.0,4.949999999999989,-152.95999999997656,2022-10-25T09:36:00-04:00,0.0,5.699999999999989,-1652.9599999999766,2022-10-25T09:41:00-04:00,0.0,4.600000000000023,547.0399999999552,2022-10-25T09:46:00-04:00,0.0,3.75,2247.040000000001,2022-10-25T10:01:00-04:00,0.0,4.1499999999999915,1447.0400000000177,2022-10-25T10:31:00-04:00,0.0,3.6000000000000085,2547.0399999999836,2022-10-25T11:31:00-04:00,0.0,3.0,3747.040000000001,2022-10-25T16:00:00-04:00,0.0,6.5,-3252.959999999999,2022-10-26T16:00:00-04:00,0.0,10.0,-10152.96,2022-10-27T16:00:00-04:00,0.0,,,,,0.0,hit,0.0,hit,25.0,hit,32.0,hit,,never_hit,,never_hit,,never_hit,10.0,hit,1440.0,hit,1440.0,hit,1443.0,hit,2892.0,hit,2901.0,hit,5.799999999999983,5,False,False,False,False,,,,True,True,True,False,2.6000000000000014,,,True,True,True,False,2.6000000000000014,,,True,True,True,False,2.6000000000000014,100.0,2022-10-25T11:11:00-04:00,2.9499999999999886,3847.0400000000236,357.0,2022-10-25T15:28:00-04:00,2.9499999999999957,3847.040000000009,358.0,2022-10-25T15:29:00-04:00,2.8500000000000014,4047.039999999998,101.0,2022-10-25T11:12:00-04:00,3.750000000000014,2247.039999999972,,,,,,,,,,,,,,,,,,,,,,,,,,,,,,,,,,,,,,,,,,,,,,,,,615
2022-10-25,2022-10-27,2,6.0,2022-10-25T09:31:00-04:00,6.0,NDXP  221027P11600000,NDXP  221027P11590000,development,False,False,0,0,0,78,15,1120,available,False,2022-10-25T09:31:00-04:00,2022-10-27T16:00:00-04:00,10.0,-8152.96,0.0,last_observed_quote_not_settlement,1036.0,507,59,5.549999999999983,647.0400000000348,2022-10-25T09:32:00-04:00,0.0,6.649999999999977,-1552.9599999999539,2022-10-25T09:33:00-04:00,0.0,5.050000000000011,1647.039999999978,2022-10-25T09:36:00-04:00,0.0,6.100000000000023,-452.9600000000448,2022-10-25T09:41:00-04:00,0.0,4.949999999999989,1847.0400000000234,2022-10-25T09:46:00-04:00,0.0,4.950000000000017,1847.0399999999665,2022-10-25T10:01:00-04:00,0.0,4.800000000000011,2147.039999999978,2022-10-25T10:31:00-04:00,0.0,4.5,2747.040000000001,2022-10-25T11:31:00-04:00,0.0,4.299999999999997,3147.0400000000063,2022-10-25T16:00:00-04:00,0.0,8.900000000000006,-6052.960000000013,2022-10-26T16:00:00-04:00,0.0,10.0,-8152.96,2022-10-27T16:00:00-04:00,0.0,,,,,3.0,hit,15.0,hit,29.0,hit,,never_hit,,never_hit,,never_hit,,never_hit,2.0,hit,4.0,hit,4.0,hit,1494.0,hit,2884.0,hit,2887.0,hit,,,True,True,True,False,2.549999999999983,,,True,True,True,False,2.549999999999983,,,True,True,True,False,2.549999999999983,,,True,True,True,False,2.549999999999983,,,,,,,,,,,,,,,,,,,,,,,,,,,,,,,,,,,,,,,,,,,,,,,,,,,,,,,,,,,,,,,,,616
2022-10-25,2022-10-27,2,7.0,2022-10-25T09:31:00-04:00,6.7999999999999545,NDXP  221027P11700000,NDXP  221027P11690000,development,False,False,0,0,0,123,15,1075,available,False,2022-10-25T09:31:00-04:00,2022-10-27T16:00:00-04:00,10.0,-6552.960000000091,0.0,last_observed_quote_not_settlement,1037.0,573,162,6.75,-152.96000000009025,2022-10-25T09:32:00-04:00,0.0,7.099999999999966,-852.9600000000221,2022-10-25T09:33:00-04:00,0.0,6.800000000000011,-252.96000000011298,2022-10-25T09:36:00-04:00,0.0,6.150000000000034,1047.0399999998415,2022-10-25T09:41:00-04:00,0.0,6.5,347.03999999990975,2022-10-25T09:46:00-04:00,0.0,6.5,347.03999999990975,2022-10-25T10:01:00-04:00,0.0,5.400000000000006,2547.0399999998986,2022-10-25T10:31:00-04:00,0.0,6.050000000000011,1247.039999999887,2022-10-25T11:31:00-04:00,0.0,5.150000000000006,3047.0399999998986,2022-10-25T16:00:00-04:00,0.0,9.25,-5152.960000000092,2022-10-26T16:00:00-04:00,0.0,10.0,-6552.960000000091,2022-10-27T16:00:00-04:00,0.0,,,,,17.0,hit,32.0,hit,34.0,hit,,never_hit,,never_hit,,never_hit,,never_hit,18.0,hit,224.0,hit,2.0,hit,225.0,hit,1648.0,hit,1648.0,hit,,,True,True,True,False,3.5999999999999375,,,True,True,True,False,3.5999999999999375,,,True,True,True,False,3.5999999999999375,,,True,True,True,False,3.5999999999999375,,,,,,,,,,,,,,,,,,,,,,,,,,,,,,,,,,,,,,,,,,,,,,,,,,,,,,,,,,,,,,,,,617
2022-10-25,2022-10-28,3,5.0,2022-10-25T09:31:00-04:00,4.950000000000017,NDXP  221028P11460000,NDXP  221028P11450000,development,False,False,0,0,2,2,0,1601,available,False,2022-10-25T09:31:00-04:00,2022-10-28T16:00:00-04:00,0.07500000000000001,9497.040000000035,0.0,last_observed_quote_not_settlement,1036.0,613,120,5.0,-352.9599999999652,2022-10-25T09:32:00-04:00,0.0,4.449999999999989,747.0400000000575,2022-10-25T09:33:00-04:00,0.0,4.5,647.0400000000348,2022-10-25T09:36:00-04:00,0.0,4.400000000000006,847.0400000000234,2022-10-25T09:41:00-04:00,0.0,4.199999999999989,1247.0400000000575,2022-10-25T09:46:00-04:00,0.0,3.6999999999999886,2247.0400000000577,2022-10-25T10:01:00-04:00,0.0,3.9000000000000057,1847.0400000000234,2022-10-25T10:31:00-04:00,0.0,3.3999999999999915,2847.040000000052,2022-10-25T11:31:00-04:00,0.0,3.049999999999997,3547.0400000000404,2022-10-25T16:00:00-04:00,0.0,5.450000000000017,-1252.9599999999994,2022-10-26T16:00:00-04:00,0.0,8.200000000000045,-6752.960000000058,2022-10-27T16:00:00-04:00,0.0,0.07500000000000001,9497.040000000035,2022-10-28T16:00:00-04:00,0.0,0.0,hit,0.0,hit,17.0,hit,32.0,hit,41.0,hit,4624.0,hit,4671.0,hit,1443.0,hit,1767.0,hit,2882.0,hit,2909.0,hit,3154.0,hit,3278.0,hit,5.0,1,False,False,False,False,,5.0,1,False,False,False,False,,9.900000000000034,613,True,True,True,True,,9.900000000000034,613,True,True,True,True,,32.0,2022-10-25T10:03:00-04:00,2.6500000000000057,4347.040000000024,365.0,2022-10-25T15:36:00-04:00,2.8999999999999915,3847.040000000052,366.0,2022-10-25T15:37:00-04:00,2.9499999999999886,3747.0400000000577,33.0,2022-10-25T10:04:00-04:00,3.5999999999999943,2447.0400000000463,4605.0,2022-10-28T14:16:00-04:00,1.9499999999999993,5747.040000000036,4608.0,2022-10-28T14:19:00-04:00,1.6500000000000004,6347.0400000000345,4609.0,2022-10-28T14:20:00-04:00,1.9000000000000012,5847.040000000033,4606.0,2022-10-28T14:17:00-04:00,1.950000000000002,5747.040000000031,4632.0,2022-10-28T14:43:00-04:00,0.5250000000000004,8597.040000000035,4633.0,2022-10-28T14:44:00-04:00,0.7000000000000002,8247.040000000035,4634.0,2022-10-28T14:45:00-04:00,0.8999999999999999,7847.0400000000345,4633.0,2022-10-28T14:44:00-04:00,0.7000000000000002,8247.040000000035,4672.0,2022-10-28T15:23:00-04:00,0.22499999999999998,9197.040000000035,4673.0,2022-10-28T15:24:00-04:00,0.17499999999999993,9297.040000000035,4674.0,2022-10-28T15:25:00-04:00,0.050000000000000044,9547.040000000035,4673.0,2022-10-28T15:24:00-04:00,0.17499999999999993,9297.040000000035,618
2022-10-25,2022-10-28,3,6.0,2022-10-25T09:31:00-04:00,6.099999999999966,NDXP  221028P11550000,NDXP  221028P11540000,development,False,False,0,0,1,7,0,1597,available,False,2022-10-25T09:31:00-04:00,2022-10-28T16:00:00-04:00,5.450000000000001,1047.0399999999304,0.0,last_observed_quote_not_settlement,1036.0,844,139,4.699999999999989,2547.0399999999554,2022-10-25T09:32:00-04:00,0.0,5.0,1947.0399999999324,2022-10-25T09:33:00-04:00,0.0,4.000000000000028,3947.039999999876,2022-10-25T09:36:00-04:00,0.0,5.849999999999994,247.03999999994383,2022-10-25T09:41:00-04:00,0.0,6.0,-52.9600000000675,2022-10-25T09:46:00-04:00,0.0,4.549999999999983,2847.0399999999668,2022-10-25T10:01:00-04:00,0.0,4.350000000000023,3247.039999999887,2022-10-25T10:31:00-04:00,0.0,4.200000000000017,3547.0399999998986,2022-10-25T11:31:00-04:00,0.0,3.6499999999999915,4647.03999999995,2022-10-25T16:00:00-04:00,0.0,7.099999999999994,-2252.960000000056,2022-10-26T16:00:00-04:00,0.0,9.399999999999977,-6852.960000000024,2022-10-27T16:00:00-04:00,0.0,5.450000000000001,1047.0399999999304,2022-10-28T16:00:00-04:00,0.0,1.0,hit,1.0,hit,16.0,hit,42.0,hit,,never_hit,,never_hit,,never_hit,1441.0,hit,1441.0,hit,1441.0,hit,2894.0,hit,2905.0,hit,2905.0,hit,6.099999999999966,0,False,False,False,False,,,,True,True,True,False,3.999999999999943,,,True,True,True,False,3.999999999999943,,,True,True,True,False,3.999999999999943,42.0,2022-10-25T10:13:00-04:00,2.1000000000000227,7747.039999999887,4704.0,2022-10-28T15:55:00-04:00,2.7500000000000004,6447.039999999932,,,,,43.0,2022-10-25T10:14:00-04:00,4.549999999999983,2847.0399999999668,,,,,,,,,,,,,,,,,,,,,,,,,,,,,,,,,,,,,,,,,,,,,,,,,619
2022-10-25,2022-10-28,3,7.0,2022-10-25T09:31:00-04:00,6.850000000000023,NDXP  221028P11690000,NDXP  221028P11680000,development,False,False,0,0,1,152,0,1449,available,False,2022-10-25T09:31:00-04:00,2022-10-28T15:58:00-04:00,10.0,-6452.959999999955,2.0,last_observed_quote_not_settlement,1038.0,767,94,6.399999999999977,647.0400000000916,2022-10-25T09:32:00-04:00,0.0,6.199999999999989,1047.0400000000689,2022-10-25T09:33:00-04:00,0.0,7.100000000000023,-752.9599999999994,2022-10-25T09:36:00-04:00,0.0,5.600000000000023,2247.040000000001,2022-10-25T09:41:00-04:00,0.0,6.149999999999977,1147.0400000000916,2022-10-25T09:46:00-04:00,0.0,5.650000000000006,2147.040000000035,2022-10-25T10:01:00-04:00,0.0,6.700000000000017,47.04000000001208,2022-10-25T10:31:00-04:00,0.0,5.099999999999994,3247.0400000000577,2022-10-25T11:31:00-04:00,0.0,5.150000000000006,3147.040000000035,2022-10-25T16:00:00-04:00,0.0,8.099999999999966,-2752.9599999998873,2022-10-26T16:00:00-04:00,0.0,9.349999999999966,-5252.959999999887,2022-10-27T16:00:00-04:00,0.0,,,2022-10-28T15:58:00-04:00,120.0,24.0,hit,32.0,hit,59.0,hit,,never_hit,,never_hit,,never_hit,,never_hit,243.0,hit,1442.0,hit,5.0,hit,1442.0,hit,1658.0,hit,2900.0,hit,,,True,True,True,False,3.6000000000000227,,,True,True,True,False,3.6000000000000227,,,True,True,True,False,3.6000000000000227,,,True,True,True,False,3.6000000000000227,,,,,,,,,,,,,,,,,,,,,,,,,,,,,,,,,,,,,,,,,,,,,,,,,,,,,,,,,,,,,,,,,620
2022-10-26,2022-10-28,2,5.0,2022-10-26T09:31:00-04:00,5.099999999999966,NDXP  221028P11420000,NDXP  221028P11410000,development,False,False,0,0,1,0,0,1198,available,False,2022-10-26T09:31:00-04:00,2022-10-28T16:00:00-04:00,0.0,9947.039999999934,0.0,last_observed_quote_not_settlement,1036.0,488,42,4.550000000000011,847.0399999999097,2022-10-26T09:32:00-04:00,0.0,5.299999999999983,-652.9600000000335,2022-10-26T09:33:00-04:00,0.0,4.849999999999994,247.03999999994383,2022-10-26T09:36:00-04:00,0.0,4.799999999999983,347.0399999999666,2022-10-26T09:41:00-04:00,0.0,3.6500000000000057,2647.0399999999213,2022-10-26T09:46:00-04:00,0.0,4.200000000000003,1547.0399999999267,2022-10-26T10:01:00-04:00,0.0,3.450000000000003,3047.0399999999267,2022-10-26T10:31:00-04:00,0.0,2.5500000000000043,4847.039999999924,2022-10-26T11:31:00-04:00,0.0,5.0,-52.9600000000675,2022-10-26T16:00:00-04:00,0.0,7.900000000000006,-5852.960000000079,2022-10-27T16:00:00-04:00,0.0,0.0,9947.039999999934,2022-10-28T16:00:00-04:00,0.0,,,,,0.0,hit,1.0,hit,15.0,hit,75.0,hit,3067.0,hit,3127.0,hit,3184.0,hit,356.0,hit,356.0,hit,1458.0,hit,1461.0,hit,1687.0,hit,1836.0,hit,5.299999999999983,2,False,False,False,False,,9.699999999999989,488,True,True,True,True,,9.699999999999989,488,True,True,True,True,,9.699999999999989,488,True,True,True,True,,76.0,2022-10-26T10:47:00-04:00,2.9499999999999886,4047.0399999999554,93.0,2022-10-26T11:04:00-04:00,2.8500000000000085,4247.039999999915,97.0,2022-10-26T11:08:00-04:00,2.6500000000000057,4647.039999999921,77.0,2022-10-26T10:48:00-04:00,2.950000000000003,4047.039999999927,3067.0,2022-10-28T12:38:00-04:00,1.8499999999999996,6247.039999999934,3068.0,2022-10-28T12:39:00-04:00,1.9499999999999993,6047.039999999934,3085.0,2022-10-28T12:56:00-04:00,1.8999999999999986,6147.039999999935,3068.0,2022-10-28T12:39:00-04:00,1.9499999999999993,6047.039999999934,3127.0,2022-10-28T13:38:00-04:00,0.9000000000000004,8147.039999999931,3166.0,2022-10-28T14:17:00-04:00,0.7249999999999996,8497.039999999934,3167.0,2022-10-28T14:18:00-04:00,0.6749999999999998,8597.039999999934,3128.0,2022-10-28T13:39:00-04:00,0.9500000000000002,8047.039999999932,3185.0,2022-10-28T14:36:00-04:00,0.3999999999999999,9147.039999999932,3186.0,2022-10-28T14:37:00-04:00,0.375,9197.039999999934,3187.0,2022-10-28T14:38:00-04:00,0.3500000000000001,9247.039999999932,3186.0,2022-10-28T14:37:00-04:00,0.375,9197.039999999934,621
2022-10-26,2022-10-28,2,6.0,2022-10-26T09:31:00-04:00,6.049999999999983,NDXP  221028P11500000,NDXP  221028P11490000,development,False,False,0,0,1,12,0,1187,available,False,2022-10-26T09:31:00-04:00,2022-10-28T15:55:00-04:00,0.0,11847.039999999968,5.0,last_observed_quote_not_settlement,1036.0,645,125,7.600000000000023,-3352.9600000000787,2022-10-26T09:32:00-04:00,0.0,5.25,1347.0399999999665,2022-10-26T09:33:00-04:00,0.0,7.049999999999983,-2252.959999999999,2022-10-26T09:36:00-04:00,0.0,5.900000000000006,47.039999999955235,2022-10-26T09:41:00-04:00,0.0,4.849999999999994,2147.039999999978,2022-10-26T09:46:00-04:00,0.0,4.699999999999989,2447.0399999999895,2022-10-26T10:01:00-04:00,0.0,4.749999999999986,2347.039999999995,2022-10-26T10:31:00-04:00,0.0,3.3000000000000114,5247.039999999944,2022-10-26T11:31:00-04:00,0.0,5.699999999999989,447.03999999998933,2022-10-26T16:00:00-04:00,0.0,8.900000000000034,-5952.960000000104,2022-10-27T16:00:00-04:00,0.0,,,2022-10-28T15:55:00-04:00,300.0,,,,,2.0,hit,12.0,hit,70.0,hit,3129.0,hit,3196.0,hit,3243.0,hit,3253.0,hit,1.0,hit,1.0,hit,1.0,hit,1463.0,hit,1467.0,hit,1719.0,hit,10.0,637,True,True,True,True,,10.0,645,True,True,True,True,,10.0,645,True,True,True,True,,10.0,645,True,True,True,True,,3129.0,2022-10-28T13:40:00-04:00,2.549999999999997,6747.039999999973,3186.0,2022-10-28T14:37:00-04:00,2.549999999999999,6747.039999999969,3187.0,2022-10-28T14:38:00-04:00,2.4499999999999993,6947.039999999968,3130.0,2022-10-28T13:41:00-04:00,4.75,2347.0399999999668,3196.0,2022-10-28T14:47:00-04:00,1.8499999999999988,8147.039999999969,3197.0,2022-10-28T14:48:00-04:00,1.5999999999999996,8647.039999999968,3198.0,2022-10-28T14:49:00-04:00,1.8999999999999986,8047.039999999969,3197.0,2022-10-28T14:48:00-04:00,1.5999999999999996,8647.039999999968,3243.0,2022-10-28T15:34:00-04:00,0.7249999999999999,10397.039999999968,3244.0,2022-10-28T15:35:00-04:00,0.7250000000000001,10397.039999999966,3245.0,2022-10-28T15:36:00-04:00,0.8750000000000002,10097.039999999968,3244.0,2022-10-28T15:35:00-04:00,0.7250000000000001,10397.039999999966,3253.0,2022-10-28T15:44:00-04:00,0.20000000000000007,11447.039999999966,3254.0,2022-10-28T15:45:00-04:00,0.125,11597.039999999968,3260.0,2022-10-28T15:51:00-04:00,0.0,11847.039999999968,3254.0,2022-10-28T15:45:00-04:00,0.125,11597.039999999968,622
2022-10-26,2022-10-28,2,7.0,2022-10-26T09:31:00-04:00,7.0499999999999545,NDXP  221028P11630000,NDXP  221028P11620000,development,False,False,0,0,0,44,0,1156,available,False,2022-10-26T09:31:00-04:00,2022-10-28T16:00:00-04:00,10.0,-6052.960000000091,0.0,last_observed_quote_not_settlement,1036.0,809,102,6.949999999999989,-52.9600000000675,2022-10-26T09:32:00-04:00,0.0,6.400000000000006,1047.0399999998983,2022-10-26T09:33:00-04:00,0.0,7.25,-652.9600000000903,2022-10-26T09:36:00-04:00,0.0,6.950000000000017,-52.960000000124346,2022-10-26T09:41:00-04:00,0.0,6.400000000000006,1047.0399999998983,2022-10-26T09:46:00-04:00,0.0,5.899999999999977,2047.0399999999554,2022-10-26T10:01:00-04:00,0.0,6.099999999999994,1647.039999999921,2022-10-26T10:31:00-04:00,0.0,4.550000000000011,4747.039999999887,2022-10-26T11:31:00-04:00,0.0,7.349999999999966,-852.9600000000221,2022-10-26T16:00:00-04:00,0.0,5.150000000000034,3547.0399999998417,2022-10-27T16:00:00-04:00,0.0,10.0,-6052.960000000091,2022-10-28T16:00:00-04:00,0.0,,,,,62.0,hit,76.0,hit,94.0,hit,,never_hit,,never_hit,,never_hit,,never_hit,4.0,hit,247.0,hit,0.0,hit,247.0,hit,314.0,hit,1469.0,hit,,,True,True,True,False,3.5,,,True,True,True,False,3.5,,,True,True,True,False,3.5,,,True,True,True,False,3.5,,,,,,,,,,,,,,,,,,,,,,,,,,,,,,,,,,,,,,,,,,,,,,,,,,,,,,,,,,,,,,,,,623
2022-10-28,2022-10-31,3,5.0,2022-10-28T09:31:00-04:00,5.0,NDXP  221031P11220000,NDXP  221031P11210000,development,False,False,0,0,0,7,0,788,available,False,2022-10-28T09:31:00-04:00,2022-10-31T16:00:00-04:00,0.0,9747.04,0.0,last_observed_quote_not_settlement,3916.0,0,0,4.75,247.04000000000067,2022-10-28T09:32:00-04:00,0.0,4.75,247.04000000000067,2022-10-28T09:33:00-04:00,0.0,4.299999999999997,1147.0400000000063,2022-10-28T09:36:00-04:00,0.0,3.799999999999983,2147.040000000035,2022-10-28T09:41:00-04:00,0.0,3.75,2247.040000000001,2022-10-28T09:46:00-04:00,0.0,3.700000000000003,2347.039999999995,2022-10-28T10:01:00-04:00,0.0,2.8500000000000085,4047.0399999999836,2022-10-28T10:31:00-04:00,0.0,2.0999999999999943,5547.040000000012,2022-10-28T11:31:00-04:00,0.0,0.5999999999999996,8547.040000000003,2022-10-28T16:00:00-04:00,0.0,,,2022-10-28T16:15:00-04:00,85500.0,,,2022-10-28T16:15:00-04:00,171900.0,0.0,9747.04,2022-10-31T16:00:00-04:00,0.0,0.0,hit,0.0,hit,9.0,hit,36.0,hit,99.0,hit,248.0,hit,403.0,hit,,never_hit,,never_hit,,never_hit,,never_hit,,never_hit,,never_hit,5.0,0,False,False,False,False,,5.0,0,False,False,False,False,,5.0,0,False,False,False,False,,5.0,0,False,False,False,False,,36.0,2022-10-28T10:07:00-04:00,2.049999999999983,5647.0400000000345,61.0,2022-10-28T10:32:00-04:00,2.799999999999997,4147.040000000006,62.0,2022-10-28T10:33:00-04:00,2.9000000000000057,3947.0399999999895,37.0,2022-10-28T10:08:00-04:00,3.8499999999999943,2047.0400000000122,100.0,2022-10-28T11:11:00-04:00,1.9000000000000021,5947.039999999996,101.0,2022-10-28T11:12:00-04:00,1.8999999999999986,5947.040000000004,102.0,2022-10-28T11:13:00-04:00,1.8999999999999986,5947.040000000004,101.0,2022-10-28T11:12:00-04:00,1.8999999999999986,5947.040000000004,249.0,2022-10-28T13:40:00-04:00,0.9499999999999993,7847.040000000002,304.0,2022-10-28T14:35:00-04:00,0.9000000000000004,7947.04,305.0,2022-10-28T14:36:00-04:00,0.9000000000000004,7947.04,250.0,2022-10-28T13:41:00-04:00,1.1000000000000014,7547.039999999998,4331.0,2022-10-31T09:42:00-04:00,0.0,9747.04,4435.0,2022-10-31T11:26:00-04:00,0.34999999999999987,9047.040000000003,4436.0,2022-10-31T11:27:00-04:00,0.32499999999999996,9097.04,4332.0,2022-10-31T09:43:00-04:00,0.9000000000000004,7947.04,624
2022-10-28,2022-10-31,3,6.0,2022-10-28T09:31:00-04:00,5.950000000000017,NDXP  221031P11280000,NDXP  221031P11270000,development,False,False,0,0,0,3,0,792,available,False,2022-10-28T09:31:00-04:00,2022-10-31T16:00:00-04:00,0.0,11647.040000000035,0.0,last_observed_quote_not_settlement,3916.0,3,6,5.649999999999977,347.0400000000803,2022-10-28T09:32:00-04:00,0.0,5.400000000000034,847.0399999999665,2022-10-28T09:33:00-04:00,0.0,4.599999999999994,2447.0400000000463,2022-10-28T09:36:00-04:00,0.0,4.5,2647.040000000035,2022-10-28T09:41:00-04:00,0.0,4.3500000000000085,2947.0400000000177,2022-10-28T09:46:00-04:00,0.0,4.5,2647.040000000035,2022-10-28T10:01:00-04:00,0.0,3.6999999999999886,4247.040000000057,2022-10-28T10:31:00-04:00,0.0,2.8999999999999986,5847.040000000037,2022-10-28T11:31:00-04:00,0.0,1.049999999999999,9547.040000000037,2022-10-28T16:00:00-04:00,0.0,,,2022-10-28T16:15:00-04:00,85500.0,,,2022-10-28T16:15:00-04:00,171900.0,0.0,11647.040000000035,2022-10-31T16:00:00-04:00,0.0,2.0,hit,5.0,hit,7.0,hit,77.0,hit,183.0,hit,381.0,hit,4335.0,hit,,never_hit,,never_hit,,never_hit,,never_hit,,never_hit,,never_hit,6.450000000000003,3,False,False,False,False,,6.450000000000003,3,False,False,False,False,,6.450000000000003,3,False,False,False,False,,6.450000000000003,3,False,False,False,False,,77.0,2022-10-28T10:48:00-04:00,2.9000000000000057,5847.040000000024,78.0,2022-10-28T10:49:00-04:00,2.8999999999999986,5847.040000000037,79.0,2022-10-28T10:50:00-04:00,2.799999999999997,6047.040000000041,78.0,2022-10-28T10:49:00-04:00,2.8999999999999986,5847.040000000037,217.0,2022-10-28T13:08:00-04:00,1.8999999999999986,7847.040000000037,218.0,2022-10-28T13:09:00-04:00,1.8499999999999979,7947.040000000039,219.0,2022-10-28T13:10:00-04:00,1.8500000000000014,7947.040000000032,218.0,2022-10-28T13:09:00-04:00,1.8499999999999979,7947.040000000039,396.0,2022-10-28T16:07:00-04:00,0.8499999999999996,9947.040000000037,403.0,2022-10-28T16:14:00-04:00,0.9499999999999993,9747.040000000037,404.0,2022-10-28T16:15:00-04:00,0.9499999999999993,9747.040000000037,397.0,2022-10-28T16:08:00-04:00,1.1000000000000014,9447.040000000034,4460.0,2022-10-31T11:51:00-04:00,0.40000000000000013,10847.040000000035,4461.0,2022-10-31T11:52:00-04:00,0.44999999999999996,10747.040000000035,4462.0,2022-10-31T11:53:00-04:00,0.32499999999999996,10997.040000000035,4461.0,2022-10-31T11:52:00-04:00,0.44999999999999996,10747.040000000035,625
2022-10-28,2022-10-31,3,7.0,2022-10-28T09:31:00-04:00,6.950000000000017,NDXP  221031P11350000,NDXP  221031P11340000,development,False,False,0,0,0,2,0,793,available,False,2022-10-28T09:31:00-04:00,2022-10-31T16:00:00-04:00,0.0,13647.040000000035,0.0,last_observed_quote_not_settlement,3916.0,0,0,6.649999999999977,347.0400000000803,2022-10-28T09:32:00-04:00,0.0,6.5,647.0400000000348,2022-10-28T09:33:00-04:00,0.0,6.0,1647.0400000000348,2022-10-28T09:36:00-04:00,0.0,5.799999999999983,2047.040000000069,2022-10-28T09:41:00-04:00,0.0,6.099999999999966,1447.040000000103,2022-10-28T09:46:00-04:00,0.0,5.400000000000006,2847.0400000000236,2022-10-28T10:01:00-04:00,0.0,4.450000000000003,4747.040000000029,2022-10-28T10:31:00-04:00,0.0,3.6500000000000057,6347.040000000024,2022-10-28T11:31:00-04:00,0.0,1.75,10147.040000000035,2022-10-28T16:00:00-04:00,0.0,,,2022-10-28T16:15:00-04:00,85500.0,,,2022-10-28T16:15:00-04:00,171900.0,0.0,13647.040000000035,2022-10-31T16:00:00-04:00,0.0,11.0,hit,11.0,hit,76.0,hit,102.0,hit,102.0,hit,102.0,hit,4626.0,hit,,never_hit,,never_hit,,never_hit,,never_hit,,never_hit,,never_hit,6.950000000000017,0,False,False,False,False,,6.950000000000017,0,False,False,False,False,,6.950000000000017,0,False,False,False,False,,6.950000000000017,0,False,False,False,False,,102.0,2022-10-28T11:13:00-04:00,0.5999999999999943,12447.040000000046,187.0,2022-10-28T12:38:00-04:00,2.8999999999999986,7847.040000000037,188.0,2022-10-28T12:39:00-04:00,2.6999999999999957,8247.040000000045,103.0,2022-10-28T11:14:00-04:00,3.5999999999999943,6447.040000000046,102.0,2022-10-28T11:13:00-04:00,0.5999999999999943,12447.040000000046,357.0,2022-10-28T15:28:00-04:00,1.9000000000000057,9847.040000000025,358.0,2022-10-28T15:29:00-04:00,1.9000000000000021,9847.040000000032,103.0,2022-10-28T11:14:00-04:00,3.5999999999999943,6447.040000000046,102.0,2022-10-28T11:13:00-04:00,0.5999999999999943,12447.040000000046,4563.0,2022-10-31T13:34:00-04:00,0.9249999999999998,11797.040000000035,4564.0,2022-10-31T13:35:00-04:00,0.7999999999999998,12047.040000000035,103.0,2022-10-28T11:14:00-04:00,3.5999999999999943,6447.040000000046,4626.0,2022-10-31T14:37:00-04:00,0.44999999999999996,12747.040000000035,4633.0,2022-10-31T14:44:00-04:00,0.3500000000000001,12947.040000000035,4634.0,2022-10-31T14:45:00-04:00,0.35,12947.040000000035,4627.0,2022-10-31T14:38:00-04:00,0.5,12647.040000000035,626
2022-10-31,2022-11-02,2,5.0,2022-10-31T09:31:00-04:00,4.949999999999989,NDXP  221102P11440000,NDXP  221102P11430000,development,False,False,0,0,3,10,15,1184,available,False,2022-10-31T09:31:00-04:00,2022-11-02T15:59:00-04:00,10.0,-10252.960000000021,1.0,last_observed_quote_not_settlement,1036.0,968,129,,,2022-10-31T09:31:00-04:00,60.0,5.0,-352.96000000002203,2022-10-31T09:33:00-04:00,0.0,5.349999999999966,-1052.9599999999539,2022-10-31T09:36:00-04:00,0.0,5.0,-352.96000000002203,2022-10-31T09:41:00-04:00,0.0,5.149999999999977,-652.9599999999766,2022-10-31T09:46:00-04:00,0.0,5.199999999999989,-752.9599999999994,2022-10-31T10:01:00-04:00,0.0,5.749999999999972,-1852.9599999999652,2022-10-31T10:31:00-04:00,0.0,5.100000000000023,-552.9600000000676,2022-10-31T11:31:00-04:00,0.0,4.799999999999983,47.04000000001208,2022-10-31T16:00:00-04:00,0.0,6.849999999999994,-4052.9600000000105,2022-11-01T16:00:00-04:00,0.0,,,2022-11-02T15:59:00-04:00,60.0,,,,,0.0,hit,0.0,hit,3.0,hit,3237.0,hit,3237.0,hit,3237.0,hit,,never_hit,13.0,hit,13.0,hit,82.0,hit,2882.0,hit,2888.0,hit,3118.0,hit,10.0,943,True,True,True,True,,10.0,943,True,True,True,True,,10.0,943,True,True,True,True,,,,True,True,True,False,4.350000000000023,3237.0,2022-11-02T15:28:00-04:00,0.5999999999999659,8447.040000000046,,,,,,,,,3238.0,2022-11-02T15:29:00-04:00,8.100000000000023,-6552.960000000069,3237.0,2022-11-02T15:28:00-04:00,0.5999999999999659,8447.040000000046,,,,,,,,,3238.0,2022-11-02T15:29:00-04:00,8.100000000000023,-6552.960000000069,3237.0,2022-11-02T15:28:00-04:00,0.5999999999999659,8447.040000000046,,,,,,,,,3238.0,2022-11-02T15:29:00-04:00,8.100000000000023,-6552.960000000069,,,,,,,,,,,,,,,,,627
2022-10-31,2022-11-02,2,6.0,2022-10-31T09:31:00-04:00,5.949999999999989,NDXP  221102P11510000,NDXP  221102P11500000,development,False,False,0,0,2,23,15,1171,available,False,2022-10-31T09:31:00-04:00,2022-11-02T15:59:00-04:00,10.0,-8252.960000000021,1.0,last_observed_quote_not_settlement,1036.0,896,184,,,2022-10-31T09:31:00-04:00,60.0,6.450000000000017,-1252.9600000000562,2022-10-31T09:33:00-04:00,0.0,4.699999999999989,2247.040000000001,2022-10-31T09:36:00-04:00,0.0,6.449999999999989,-1252.9599999999994,2022-10-31T09:41:00-04:00,0.0,5.550000000000011,547.0399999999552,2022-10-31T09:46:00-04:00,0.0,6.400000000000006,-1152.9600000000335,2022-10-31T10:01:00-04:00,0.0,6.550000000000011,-1452.9600000000448,2022-10-31T10:31:00-04:00,0.0,6.050000000000011,-452.9600000000448,2022-10-31T11:31:00-04:00,0.0,5.5,647.0399999999779,2022-10-31T16:00:00-04:00,0.0,6.75,-1852.960000000022,2022-11-01T16:00:00-04:00,0.0,,,2022-11-02T15:59:00-04:00,60.0,,,,,5.0,hit,5.0,hit,144.0,hit,3229.0,hit,3229.0,hit,3229.0,hit,3229.0,hit,2.0,hit,3.0,hit,3.0,hit,1489.0,hit,2911.0,hit,3066.0,hit,10.0,873,True,True,True,True,,10.0,873,True,True,True,True,,10.0,873,True,True,True,True,,10.0,873,True,True,True,True,,3229.0,2022-11-02T15:20:00-04:00,0.0999999999999659,11447.040000000046,,,,,,,,,3230.0,2022-11-02T15:21:00-04:00,3.7999999999999545,4047.040000000069,3229.0,2022-11-02T15:20:00-04:00,0.0999999999999659,11447.040000000046,,,,,,,,,3230.0,2022-11-02T15:21:00-04:00,3.7999999999999545,4047.040000000069,3229.0,2022-11-02T15:20:00-04:00,0.0999999999999659,11447.040000000046,,,,,,,,,3230.0,2022-11-02T15:21:00-04:00,3.7999999999999545,4047.040000000069,3229.0,2022-11-02T15:20:00-04:00,0.0999999999999659,11447.040000000046,,,,,,,,,3230.0,2022-11-02T15:21:00-04:00,3.7999999999999545,4047.040000000069,628
2022-10-31,2022-11-02,2,7.0,2022-10-31T09:31:00-04:00,7.099999999999966,NDXP  221102P11720000,NDXP  221102P11710000,development,False,False,0,0,2,231,15,959,available,False,2022-10-31T09:31:00-04:00,2022-11-02T16:00:00-04:00,10.0,-5952.960000000068,0.0,last_observed_quote_not_settlement,1037.0,787,82,,,2022-10-31T09:31:00-04:00,60.0,6.800000000000011,347.03999999990975,2022-10-31T09:33:00-04:00,0.0,7.399999999999977,-852.9600000000221,2022-10-31T09:36:00-04:00,0.0,7.649999999999977,-1352.960000000022,2022-10-31T09:41:00-04:00,0.0,7.4500000000000455,-952.9600000001585,2022-10-31T09:46:00-04:00,0.0,7.949999999999989,-1952.9600000000448,2022-10-31T10:01:00-04:00,0.0,8.300000000000011,-2652.960000000092,2022-10-31T10:31:00-04:00,0.0,7.749999999999943,-1552.9599999999539,2022-10-31T11:31:00-04:00,0.0,8.0,-2052.960000000069,2022-10-31T16:00:00-04:00,0.0,9.850000000000023,-5752.960000000115,2022-11-01T16:00:00-04:00,0.0,10.0,-5952.960000000068,2022-11-02T16:00:00-04:00,0.0,,,,,197.0,hit,,never_hit,,never_hit,,never_hit,,never_hit,,never_hit,,never_hit,8.0,hit,16.0,hit,0.0,hit,16.0,hit,29.0,hit,84.0,hit,,,True,True,True,False,1.6499999999999773,,,True,True,True,False,1.6499999999999773,,,True,True,True,False,1.6499999999999773,,,True,True,True,False,1.6499999999999773,,,,,,,,,,,,,,,,,,,,,,,,,,,,,,,,,,,,,,,,,,,,,,,,,,,,,,,,,,,,,,,,,629
2022-10-31,2022-11-03,3,5.0,2022-10-31T09:31:00-04:00,5.0,NDXP  221103P11490000,NDXP  221103P11480000,development,False,False,0,0,5,103,0,1493,available,False,2022-10-31T09:31:00-04:00,2022-11-03T15:59:00-04:00,10.0,-10152.96,1.0,last_observed_quote_not_settlement,1037.0,1280,130,,,2022-10-31T09:31:00-04:00,60.0,5.699999999999989,-1652.9599999999766,2022-10-31T09:33:00-04:00,0.0,5.0,-252.9599999999993,2022-10-31T09:36:00-04:00,0.0,4.949999999999989,-152.95999999997656,2022-10-31T09:41:00-04:00,0.0,5.350000000000023,-952.9600000000448,2022-10-31T09:46:00-04:00,0.0,5.350000000000023,-952.9600000000448,2022-10-31T10:01:00-04:00,0.0,6.600000000000023,-3452.9600000000446,2022-10-31T10:31:00-04:00,0.0,6.149999999999977,-2552.9599999999537,2022-10-31T11:31:00-04:00,0.0,7.300000000000011,-4852.960000000022,2022-10-31T16:00:00-04:00,0.0,6.699999999999989,-3652.9599999999764,2022-11-01T16:00:00-04:00,0.0,,,2022-11-02T15:59:00-04:00,60.0,,,2022-11-03T15:59:00-04:00,60.0,0.0,hit,0.0,hit,104.0,hit,3230.0,hit,,never_hit,,never_hit,,never_hit,2.0,hit,14.0,hit,99.0,hit,1638.0,hit,3203.0,hit,3206.0,hit,10.0,1011,True,True,True,True,,,,True,True,True,False,2.1000000000000227,,,True,True,True,False,2.1000000000000227,,,True,True,True,False,2.1000000000000227,3230.0,2022-11-02T15:21:00-04:00,2.8999999999999773,3947.0400000000463,,,,,,,,,3231.0,2022-11-02T15:22:00-04:00,9.649999999999977,-9552.959999999955,,,,,,,,,,,,,,,,,,,,,,,,,,,,,,,,,,,,,,,,,,,,,,,,,630
2022-10-31,2022-11-03,3,6.0,2022-10-31T09:31:00-04:00,6.100000000000023,NDXP  221103P11640000,NDXP  221103P11630000,development,False,False,0,0,2,238,0,1358,available,False,2022-10-31T09:31:00-04:00,2022-11-03T15:59:00-04:00,10.0,-7952.959999999955,1.0,last_observed_quote_not_settlement,1037.0,1161,78,,,2022-10-31T09:31:00-04:00,60.0,6.25,-552.9599999999539,2022-10-31T09:33:00-04:00,0.0,6.449999999999932,-952.9599999998175,2022-10-31T09:36:00-04:00,0.0,6.2999999999999545,-652.9599999998629,2022-10-31T09:41:00-04:00,0.0,4.25,3447.0400000000463,2022-10-31T09:46:00-04:00,0.0,6.75,-1552.9599999999539,2022-10-31T10:01:00-04:00,0.0,7.949999999999932,-3952.9599999998172,2022-10-31T10:31:00-04:00,0.0,6.350000000000023,-752.9599999999994,2022-10-31T11:31:00-04:00,0.0,,,2022-10-31T15:59:00-04:00,60.0,8.550000000000068,-5152.960000000092,2022-11-01T16:00:00-04:00,0.0,9.899999999999977,-7852.95999999991,2022-11-02T16:00:00-04:00,0.0,,,2022-11-03T15:59:00-04:00,60.0,11.0,hit,11.0,hit,11.0,hit,4695.0,hit,4695.0,hit,4695.0,hit,,never_hit,3.0,hit,33.0,hit,3.0,hit,63.0,hit,1585.0,hit,2907.0,hit,10.0,1154,True,True,True,True,,10.0,1154,True,True,True,True,,10.0,1154,True,True,True,True,,,,True,True,True,False,5.250000000000114,4695.0,2022-11-03T15:46:00-04:00,0.849999999999909,10247.040000000228,4696.0,2022-11-03T15:47:00-04:00,1.6999999999999318,8547.040000000183,,,,,4696.0,2022-11-03T15:47:00-04:00,1.6999999999999318,8547.040000000183,4695.0,2022-11-03T15:46:00-04:00,0.849999999999909,10247.040000000228,4696.0,2022-11-03T15:47:00-04:00,1.6999999999999318,8547.040000000183,,,,,4696.0,2022-11-03T15:47:00-04:00,1.6999999999999318,8547.040000000183,4695.0,2022-11-03T15:46:00-04:00,0.849999999999909,10247.040000000228,,,,,,,,,4696.0,2022-11-03T15:47:00-04:00,1.6999999999999318,8547.040000000183,,,,,,,,,,,,,,,,,631
2022-10-31,2022-11-03,3,7.0,2022-10-31T09:31:00-04:00,7.0,NDXP  221103P11750000,NDXP  221103P11740000,development,False,False,0,0,3,222,0,1373,available,False,2022-10-31T09:31:00-04:00,2022-11-03T16:00:00-04:00,10.0,-6152.96,0.0,last_observed_quote_not_settlement,1037.0,1141,128,,,2022-10-31T09:31:00-04:00,60.0,7.050000000000011,-352.96000000002203,2022-10-31T09:33:00-04:00,0.0,7.099999999999966,-452.9599999999311,2022-10-31T09:36:00-04:00,0.0,7.300000000000011,-852.9600000000221,2022-10-31T09:41:00-04:00,0.0,5.599999999999966,2547.040000000069,2022-10-31T09:46:00-04:00,0.0,7.4500000000000455,-1152.9600000000903,2022-10-31T10:01:00-04:00,0.0,6.800000000000068,147.03999999986428,2022-10-31T10:31:00-04:00,0.0,7.600000000000023,-1452.9600000000448,2022-10-31T11:31:00-04:00,0.0,,,2022-10-31T15:59:00-04:00,60.0,9.150000000000034,-4552.960000000069,2022-11-01T16:00:00-04:00,0.0,9.700000000000045,-5652.960000000092,2022-11-02T16:00:00-04:00,0.0,10.0,-6152.96,2022-11-03T16:00:00-04:00,0.0,1510.0,hit,1510.0,hit,1566.0,hit,3160.0,hit,3160.0,hit,4510.0,hit,,never_hit,12.0,hit,18.0,hit,0.0,hit,18.0,hit,51.0,hit,51.0,hit,10.0,780,True,True,True,True,,10.0,780,True,True,True,True,,10.0,981,True,True,True,True,,,,True,True,True,False,6.300000000000182,3160.0,2022-11-02T14:11:00-04:00,1.2999999999999545,11147.040000000092,4402.0,2022-11-03T10:53:00-04:00,1.7000000000000455,10347.03999999991,,,,,3161.0,2022-11-02T14:12:00-04:00,9.099999999999909,-4452.959999999819,3160.0,2022-11-02T14:11:00-04:00,1.2999999999999545,11147.040000000092,,,,,,,,,3161.0,2022-11-02T14:12:00-04:00,9.099999999999909,-4452.959999999819,4510.0,2022-11-03T12:41:00-04:00,0.6999999999998181,12347.040000000365,,,,,,,,,,,,,,,,,,,,,,,,,,,,,632
2022-11-01,2022-11-03,2,5.0,2022-11-01T09:31:00-04:00,5.050000000000011,NDXP  221103P11570000,NDXP  221103P11560000,development,False,False,0,0,2,106,15,1089,available,False,2022-11-01T09:31:00-04:00,2022-11-03T15:59:00-04:00,10.0,-10052.959999999975,1.0,last_observed_quote_not_settlement,1036.0,994,15,5.149999999999977,-452.9599999999311,2022-11-01T09:32:00-04:00,0.0,5.549999999999983,-1252.9599999999425,2022-11-01T09:33:00-04:00,0.0,5.650000000000006,-1452.959999999988,2022-11-01T09:36:00-04:00,0.0,4.850000000000023,147.03999999997797,2022-11-01T09:41:00-04:00,0.0,5.399999999999977,-952.9599999999311,2022-11-01T09:46:00-04:00,0.0,6.099999999999994,-2352.959999999965,2022-11-01T10:01:00-04:00,0.0,6.600000000000023,-3352.960000000022,2022-11-01T10:31:00-04:00,0.0,7.100000000000023,-4352.960000000022,2022-11-01T11:31:00-04:00,0.0,7.550000000000011,-5252.959999999999,2022-11-01T16:00:00-04:00,0.0,10.0,-10052.959999999975,2022-11-02T16:00:00-04:00,0.0,,,2022-11-03T15:59:00-04:00,60.0,,,,,0.0,hit,4.0,hit,1761.0,hit,1761.0,hit,2909.0,hit,2909.0,hit,2909.0,hit,5.0,hit,27.0,hit,43.0,hit,43.0,hit,110.0,hit,1601.0,hit,9.699999999999989,703,True,True,True,True,,10.0,776,True,True,True,True,,10.0,776,True,True,True,True,,10.0,776,True,True,True,True,,1761.0,2022-11-02T14:52:00-04:00,2.1000000000000227,5647.039999999978,,,,,,,,,,,,,2909.0,2022-11-03T10:00:00-04:00,0.3000000000000682,9247.039999999888,,,,,,,,,2910.0,2022-11-03T10:01:00-04:00,9.699999999999932,-9552.95999999984,2909.0,2022-11-03T10:00:00-04:00,0.3000000000000682,9247.039999999888,,,,,,,,,2910.0,2022-11-03T10:01:00-04:00,9.699999999999932,-9552.95999999984,2909.0,2022-11-03T10:00:00-04:00,0.3000000000000682,9247.039999999888,,,,,,,,,2910.0,2022-11-03T10:01:00-04:00,9.699999999999932,-9552.95999999984,633
2022-11-01,2022-11-03,2,6.0,2022-11-01T09:31:00-04:00,5.900000000000034,NDXP  221103P11740000,NDXP  221103P11730000,development,False,False,0,0,3,124,15,1070,available,False,2022-11-01T09:31:00-04:00,2022-11-03T16:00:00-04:00,10.0,-8352.95999999993,0.0,last_observed_quote_not_settlement,1036.0,933,52,6.550000000000011,-1552.9599999999539,2022-11-01T09:32:00-04:00,0.0,6.5,-1452.9599999999311,2022-11-01T09:33:00-04:00,0.0,6.5499999999999545,-1552.9599999998402,2022-11-01T09:36:00-04:00,0.0,6.550000000000011,-1552.9599999999539,2022-11-01T09:41:00-04:00,0.0,7.050000000000011,-2552.9599999999537,2022-11-01T09:46:00-04:00,0.0,7.5,-3452.959999999931,2022-11-01T10:01:00-04:00,0.0,8.0,-4452.959999999933,2022-11-01T10:31:00-04:00,0.0,8.149999999999977,-4752.959999999887,2022-11-01T11:31:00-04:00,0.0,8.399999999999977,-5252.959999999887,2022-11-01T16:00:00-04:00,0.0,9.449999999999932,-7352.959999999796,2022-11-02T16:00:00-04:00,0.0,10.0,-8352.95999999993,2022-11-03T16:00:00-04:00,0.0,,,,,73.0,hit,73.0,hit,79.0,hit,224.0,hit,,never_hit,,never_hit,,never_hit,1.0,hit,14.0,hit,14.0,hit,25.0,hit,42.0,hit,70.0,hit,10.0,174,True,True,True,True,,,,True,True,True,False,3.8000000000000114,,,True,True,True,False,3.8000000000000114,,,True,True,True,False,3.8000000000000114,224.0,2022-11-01T13:15:00-04:00,2.1000000000000227,7347.040000000024,,,,,,,,,225.0,2022-11-01T13:16:00-04:00,9.25,-6952.959999999933,,,,,,,,,,,,,,,,,,,,,,,,,,,,,,,,,,,,,,,,,,,,,,,,,634
2022-11-01,2022-11-03,2,7.0,2022-11-01T09:31:00-04:00,7.0,NDXP  221103P11800000,NDXP  221103P11790000,development,False,False,0,0,1,206,15,992,available,False,2022-11-01T09:31:00-04:00,2022-11-03T16:00:00-04:00,10.0,-6152.96,0.0,last_observed_quote_not_settlement,1036.0,783,57,7.0,-252.9599999999993,2022-11-01T09:32:00-04:00,0.0,7.0,-252.9599999999993,2022-11-01T09:33:00-04:00,0.0,7.250000000000057,-752.960000000113,2022-11-01T09:36:00-04:00,0.0,7.000000000000057,-252.96000000011298,2022-11-01T09:41:00-04:00,0.0,7.849999999999966,-1952.9599999999311,2022-11-01T09:46:00-04:00,0.0,8.050000000000011,-2352.9600000000237,2022-11-01T10:01:00-04:00,0.0,3.449999999999932,6847.040000000137,2022-11-01T10:31:00-04:00,0.0,7.199999999999932,-652.9599999998629,2022-11-01T11:31:00-04:00,0.0,9.149999999999977,-4552.9599999999555,2022-11-01T16:00:00-04:00,0.0,7.399999999999977,-1052.9599999999539,2022-11-02T16:00:00-04:00,0.0,10.0,-6152.96,2022-11-03T16:00:00-04:00,0.0,,,,,37.0,hit,43.0,hit,43.0,hit,1720.0,hit,1720.0,hit,1720.0,hit,,never_hit,15.0,hit,30.0,hit,0.0,hit,30.0,hit,62.0,hit,62.0,hit,10.0,434,True,True,True,True,,10.0,434,True,True,True,True,,10.0,434,True,True,True,True,,,,True,True,True,False,6.399999999999977,1720.0,2022-11-02T14:11:00-04:00,0.6000000000000227,12547.039999999955,,,,,,,,,1721.0,2022-11-02T14:12:00-04:00,5.2000000000000455,3347.03999999991,1720.0,2022-11-02T14:11:00-04:00,0.6000000000000227,12547.039999999955,,,,,,,,,1721.0,2022-11-02T14:12:00-04:00,5.2000000000000455,3347.03999999991,1720.0,2022-11-02T14:11:00-04:00,0.6000000000000227,12547.039999999955,,,,,,,,,1721.0,2022-11-02T14:12:00-04:00,5.2000000000000455,3347.03999999991,,,,,,,,,,,,,,,,,635
2022-11-01,2022-11-04,3,5.0,2022-11-01T09:31:00-04:00,5.099999999999994,NDXP  221104P11570000,NDXP  221104P11560000,development,False,False,0,0,0,116,0,1486,available,False,2022-11-01T09:31:00-04:00,2022-11-04T16:00:00-04:00,10.0,-9952.96000000001,0.0,last_observed_quote_not_settlement,1037.0,1371,17,4.950000000000017,47.039999999955235,2022-11-01T09:32:00-04:00,0.0,3.950000000000017,2047.0399999999554,2022-11-01T09:33:00-04:00,0.0,4.5,947.0399999999893,2022-11-01T09:36:00-04:00,0.0,5.0,-52.96000000001066,2022-11-01T09:41:00-04:00,0.0,6.350000000000023,-2752.960000000056,2022-11-01T09:46:00-04:00,0.0,5.899999999999977,-1852.9599999999652,2022-11-01T10:01:00-04:00,0.0,6.400000000000034,-2852.9600000000787,2022-11-01T10:31:00-04:00,0.0,6.649999999999977,-3352.959999999965,2022-11-01T11:31:00-04:00,0.0,6.9500000000000455,-3952.9600000001014,2022-11-01T16:00:00-04:00,0.0,9.75,-9552.960000000012,2022-11-02T16:00:00-04:00,0.0,10.0,-9952.96000000001,2022-11-03T16:00:00-04:00,0.0,10.0,-9952.96000000001,2022-11-04T16:00:00-04:00,0.0,0.0,hit,1.0,hit,2.0,hit,2909.0,hit,2909.0,hit,2909.0,hit,4625.0,hit,9.0,hit,15.0,hit,42.0,hit,137.0,hit,1508.0,hit,1636.0,hit,10.0,787,True,True,True,True,,10.0,787,True,True,True,True,,10.0,787,True,True,True,True,,10.0,1314,True,True,True,True,,2909.0,2022-11-03T10:00:00-04:00,0.6999999999999318,8547.040000000126,,,,,,,,,2910.0,2022-11-03T10:01:00-04:00,9.950000000000045,-9952.96000000001,2909.0,2022-11-03T10:00:00-04:00,0.6999999999999318,8547.040000000126,,,,,,,,,2910.0,2022-11-03T10:01:00-04:00,9.950000000000045,-9952.96000000001,2909.0,2022-11-03T10:00:00-04:00,0.6999999999999318,8547.040000000126,,,,,,,,,2910.0,2022-11-03T10:01:00-04:00,9.950000000000045,-9952.96000000001,4625.0,2022-11-04T14:36:00-04:00,0.3000000000000682,9347.039999999854,,,,,,,,,4626.0,2022-11-04T14:37:00-04:00,10.0,-9952.96000000001,636
2022-11-01,2022-11-04,3,6.0,2022-11-01T09:31:00-04:00,6.0,NDXP  221104P11630000,NDXP  221104P11620000,development,False,False,0,0,4,162,0,1437,available,False,2022-11-01T09:31:00-04:00,2022-11-04T16:00:00-04:00,10.0,-8152.96,0.0,last_observed_quote_not_settlement,1036.0,1293,28,6.049999999999983,-352.9599999999652,2022-11-01T09:32:00-04:00,0.0,6.650000000000006,-1552.9600000000107,2022-11-01T09:33:00-04:00,0.0,4.850000000000023,2047.0399999999554,2022-11-01T09:36:00-04:00,0.0,5.049999999999983,1647.0400000000348,2022-11-01T09:41:00-04:00,0.0,5.9500000000000455,-152.96000000009025,2022-11-01T09:46:00-04:00,0.0,5.9500000000000455,-152.96000000009025,2022-11-01T10:01:00-04:00,0.0,5.850000000000023,47.039999999955235,2022-11-01T10:31:00-04:00,0.0,7.100000000000023,-2452.9600000000446,2022-11-01T11:31:00-04:00,0.0,7.850000000000023,-3952.9600000000446,2022-11-01T16:00:00-04:00,0.0,9.850000000000136,-7952.960000000274,2022-11-02T16:00:00-04:00,0.0,,,2022-11-03T15:57:00-04:00,180.0,10.0,-8152.96,2022-11-04T16:00:00-04:00,0.0,3.0,hit,5.0,hit,2881.0,hit,2881.0,hit,2881.0,hit,4334.0,hit,,never_hit,2.0,hit,40.0,hit,40.0,hit,70.0,hit,333.0,hit,1548.0,hit,10.0,724,True,True,True,True,,10.0,724,True,True,True,True,,10.0,1000,True,True,True,True,,,,True,True,True,False,5.0,2881.0,2022-11-03T09:32:00-04:00,1.1499999999998636,9447.040000000274,,,,,,,,,2882.0,2022-11-03T09:33:00-04:00,8.899999999999977,-6052.9599999999555,2881.0,2022-11-03T09:32:00-04:00,1.1499999999998636,9447.040000000274,,,,,,,,,2882.0,2022-11-03T09:33:00-04:00,8.899999999999977,-6052.9599999999555,,,,,,,,,,,,,,,,,,,,,,,,,,,,,,,,,637
2022-11-01,2022-11-04,3,7.0,2022-11-01T09:31:00-04:00,7.0,NDXP  221104P11650000,NDXP  221104P11640000,development,False,False,0,0,2,198,0,1403,available,False,2022-11-01T09:31:00-04:00,2022-11-04T16:00:00-04:00,10.0,-6152.96,0.0,last_observed_quote_not_settlement,1038.0,1159,141,6.75,247.04000000000067,2022-11-01T09:32:00-04:00,0.0,6.100000000000023,1547.0399999999552,2022-11-01T09:33:00-04:00,0.0,8.849999999999966,-3952.9599999999327,2022-11-01T09:36:00-04:00,0.0,6.449999999999989,847.0400000000234,2022-11-01T09:41:00-04:00,0.0,7.399999999999977,-1052.9599999999539,2022-11-01T09:46:00-04:00,0.0,7.150000000000034,-552.9600000000676,2022-11-01T10:01:00-04:00,0.0,8.400000000000034,-3052.960000000069,2022-11-01T10:31:00-04:00,0.0,6.5,747.0400000000006,2022-11-01T11:31:00-04:00,0.0,7.849999999999966,-1952.9599999999311,2022-11-01T16:00:00-04:00,0.0,,,2022-11-02T15:57:00-04:00,180.0,,,2022-11-03T15:59:00-04:00,60.0,10.0,-6152.96,2022-11-04T16:00:00-04:00,0.0,3.0,hit,14.0,hit,4337.0,hit,4337.0,hit,,never_hit,,never_hit,,never_hit,5.0,hit,5.0,hit,0.0,hit,5.0,hit,41.0,hit,123.0,hit,10.0,902,True,True,True,True,,,,True,True,True,False,4.199999999999932,,,True,True,True,False,4.199999999999932,,,True,True,True,False,4.199999999999932,4337.0,2022-11-04T09:48:00-04:00,2.800000000000068,8147.0399999998635,,,,,,,,,4338.0,2022-11-04T09:49:00-04:00,3.4500000000000455,6847.03999999991,,,,,,,,,,,,,,,,,,,,,,,,,,,,,,,,,,,,,,,,,,,,,,,,,638
2022-11-02,2022-11-04,2,5.0,2022-11-02T09:31:00-04:00,5.049999999999983,NDXP  221104P11320000,NDXP  221104P11310000,development,False,False,0,0,3,124,0,1073,available,False,2022-11-02T09:31:00-04:00,2022-11-04T16:00:00-04:00,10.0,-10052.960000000034,0.0,last_observed_quote_not_settlement,1038.0,945,23,5.7999999999999545,-1752.9599999999425,2022-11-02T09:32:00-04:00,0.0,7.150000000000006,-4452.960000000045,2022-11-02T09:33:00-04:00,0.0,5.300000000000011,-752.9600000000562,2022-11-02T09:36:00-04:00,0.0,4.800000000000011,247.03999999994383,2022-11-02T09:41:00-04:00,0.0,5.550000000000011,-1252.9600000000562,2022-11-02T09:46:00-04:00,0.0,5.450000000000017,-1052.9600000000676,2022-11-02T10:01:00-04:00,0.0,5.650000000000006,-1452.9600000000448,2022-11-02T10:31:00-04:00,0.0,6.000000000000028,-2152.96000000009,2022-11-02T11:31:00-04:00,0.0,,,2022-11-02T15:59:00-04:00,60.0,9.900000000000091,-9952.960000000216,2022-11-03T16:00:00-04:00,0.0,10.0,-10052.960000000034,2022-11-04T16:00:00-04:00,0.0,,,,,0.0,hit,10.0,hit,280.0,hit,280.0,hit,,never_hit,,never_hit,,never_hit,1.0,hit,2.0,hit,2.0,hit,186.0,hit,356.0,hit,387.0,hit,8.200000000000017,263,True,True,False,False,,,,True,True,True,False,2.3499999999999943,,,True,True,True,False,2.3499999999999943,,,True,True,True,False,2.3499999999999943,280.0,2022-11-02T14:11:00-04:00,2.6999999999999886,4447.039999999989,,,,,,,,,281.0,2022-11-02T14:12:00-04:00,4.949999999999989,-52.96000000001066,,,,,,,,,,,,,,,,,,,,,,,,,,,,,,,,,,,,,,,,,,,,,,,,,639
2022-11-02,2022-11-04,2,6.0,2022-11-02T09:31:00-04:00,6.0,NDXP  221104P11420000,NDXP  221104P11410000,development,False,False,0,0,0,151,0,1045,available,False,2022-11-02T09:31:00-04:00,2022-11-04T16:00:00-04:00,10.0,-8152.96,0.0,last_observed_quote_not_settlement,1040.0,897,23,6.100000000000023,-452.9600000000448,2022-11-02T09:32:00-04:00,0.0,6.7999999999999545,-1852.9599999999084,2022-11-02T09:33:00-04:00,0.0,7.050000000000011,-2352.960000000022,2022-11-02T09:36:00-04:00,0.0,5.949999999999989,-152.95999999997656,2022-11-02T09:41:00-04:00,0.0,6.599999999999966,-1452.9599999999311,2022-11-02T09:46:00-04:00,0.0,6.350000000000023,-952.9600000000448,2022-11-02T10:01:00-04:00,0.0,7.099999999999966,-2452.959999999931,2022-11-02T10:31:00-04:00,0.0,6.7999999999999545,-1852.9599999999084,2022-11-02T11:31:00-04:00,0.0,7.699999999999932,-3652.9599999998627,2022-11-02T16:00:00-04:00,0.0,,,2022-11-03T15:57:00-04:00,180.0,10.0,-8152.96,2022-11-04T16:00:00-04:00,0.0,,,,,273.0,hit,274.0,hit,274.0,hit,,never_hit,,never_hit,,never_hit,,never_hit,2.0,hit,5.0,hit,5.0,hit,147.0,hit,187.0,hit,359.0,hit,,,True,True,True,False,2.049999999999983,,,True,True,True,False,2.049999999999983,,,True,True,True,False,2.049999999999983,,,True,True,True,False,2.049999999999983,,,,,,,,,,,,,,,,,,,,,,,,,,,,,,,,,,,,,,,,,,,,,,,,,,,,,,,,,,,,,,,,,640
2022-11-02,2022-11-04,2,7.0,2022-11-02T09:31:00-04:00,7.0,NDXP  221104P11680000,NDXP  221104P11670000,development,False,False,0,0,1,153,0,1044,available,False,2022-11-02T09:31:00-04:00,2022-11-04T16:00:00-04:00,5.0,3747.040000000001,0.0,last_observed_quote_not_settlement,1036.0,907,36,8.099999999999966,-2452.9599999999327,2022-11-02T09:32:00-04:00,0.0,8.349999999999909,-2952.959999999819,2022-11-02T09:33:00-04:00,0.0,7.699999999999989,-1652.9599999999766,2022-11-02T09:36:00-04:00,0.0,8.949999999999989,-4152.959999999978,2022-11-02T09:41:00-04:00,0.0,8.099999999999966,-2452.9599999999327,2022-11-02T09:46:00-04:00,0.0,8.099999999999966,-2452.9599999999327,2022-11-02T10:01:00-04:00,0.0,8.150000000000034,-2552.960000000069,2022-11-02T10:31:00-04:00,0.0,8.400000000000034,-3052.960000000069,2022-11-02T11:31:00-04:00,0.0,,,2022-11-02T15:59:00-04:00,60.0,8.25,-2752.960000000001,2022-11-03T16:00:00-04:00,0.0,5.0,3747.040000000001,2022-11-04T16:00:00-04:00,0.0,,,,,314.0,hit,314.0,hit,314.0,hit,1583.0,hit,1583.0,hit,1583.0,hit,1583.0,hit,1.0,hit,1.0,hit,0.0,hit,1.0,hit,20.0,hit,108.0,hit,10.0,441,True,True,True,True,,10.0,441,True,True,True,True,,10.0,441,True,True,True,True,,10.0,441,True,True,True,True,,1583.0,2022-11-03T11:54:00-04:00,0.1999999999999318,13347.040000000137,,,,,,,,,1584.0,2022-11-03T11:55:00-04:00,9.399999999999977,-5052.9599999999555,1583.0,2022-11-03T11:54:00-04:00,0.1999999999999318,13347.040000000137,,,,,,,,,1584.0,2022-11-03T11:55:00-04:00,9.399999999999977,-5052.9599999999555,1583.0,2022-11-03T11:54:00-04:00,0.1999999999999318,13347.040000000137,,,,,,,,,1584.0,2022-11-03T11:55:00-04:00,9.399999999999977,-5052.9599999999555,1583.0,2022-11-03T11:54:00-04:00,0.1999999999999318,13347.040000000137,,,,,,,,,1584.0,2022-11-03T11:55:00-04:00,9.399999999999977,-5052.9599999999555,641
2022-11-04,2022-11-07,3,5.0,2022-11-04T09:31:00-04:00,5.099999999999994,NDXP  221107P10900000,NDXP  221107P10890000,development,False,False,0,0,0,15,0,780,available,False,2022-11-04T09:31:00-04:00,2022-11-07T15:45:00-05:00,0.0,9947.03999999999,15.0,last_observed_quote_not_settlement,3916.0,546,96,5.25,-552.9600000000107,2022-11-04T09:32:00-04:00,0.0,2.700000000000017,4547.039999999955,2022-11-04T09:33:00-04:00,0.0,4.5,947.0399999999893,2022-11-04T09:36:00-04:00,0.0,6.900000000000006,-3852.960000000022,2022-11-04T09:41:00-04:00,0.0,6.050000000000011,-2152.9600000000332,2022-11-04T09:46:00-04:00,0.0,6.500000000000028,-3052.9600000000673,2022-11-04T10:01:00-04:00,0.0,4.800000000000011,347.0399999999666,2022-11-04T10:31:00-04:00,0.0,5.799999999999983,-1652.9599999999766,2022-11-04T11:31:00-04:00,0.0,5.400000000000006,-852.9600000000221,2022-11-04T16:00:00-04:00,0.0,,,2022-11-04T16:15:00-04:00,85500.0,,,2022-11-04T16:15:00-04:00,171900.0,,,2022-11-07T15:45:00-05:00,900.0,0.0,hit,2.0,hit,2.0,hit,2.0,hit,4665.0,hit,4676.0,hit,4690.0,hit,4.0,hit,8.0,hit,8.0,hit,26.0,hit,230.0,hit,,never_hit,5.25,1,False,False,False,False,,9.050000000000011,546,True,True,True,True,,9.050000000000011,546,True,True,True,True,,9.050000000000011,546,True,True,True,True,,2.0,2022-11-04T09:33:00-04:00,2.700000000000017,4547.039999999955,4663.0,2022-11-07T14:14:00-05:00,2.6500000000000004,4647.039999999989,4664.0,2022-11-07T14:15:00-05:00,2.3499999999999996,5247.03999999999,3.0,2022-11-04T09:34:00-04:00,5.0,-52.96000000001066,4665.0,2022-11-07T14:16:00-05:00,1.9500000000000002,6047.039999999989,4669.0,2022-11-07T14:20:00-05:00,1.75,6447.039999999989,4670.0,2022-11-07T14:21:00-05:00,1.3999999999999995,7147.03999999999,4666.0,2022-11-07T14:17:00-05:00,2.0,5947.039999999989,4676.0,2022-11-07T14:27:00-05:00,0.9000000000000004,8147.039999999989,4685.0,2022-11-07T14:36:00-05:00,0.7749999999999999,8397.03999999999,4686.0,2022-11-07T14:37:00-05:00,0.7749999999999999,8397.03999999999,4677.0,2022-11-07T14:28:00-05:00,1.3500000000000005,7247.039999999988,4700.0,2022-11-07T14:51:00-05:00,0.44999999999999996,9047.03999999999,4701.0,2022-11-07T14:52:00-05:00,0.375,9197.03999999999,4721.0,2022-11-07T15:12:00-05:00,0.25,9447.03999999999,4701.0,2022-11-07T14:52:00-05:00,0.375,9197.03999999999,642
2022-11-04,2022-11-07,3,6.0,2022-11-04T09:31:00-04:00,6.0,NDXP  221107P10990000,NDXP  221107P10980000,development,False,False,0,0,0,2,0,793,available,False,2022-11-04T09:31:00-04:00,2022-11-07T16:00:00-05:00,4.925,1897.040000000001,0.0,last_observed_quote_not_settlement,3916.0,721,23,6.25,-752.9599999999994,2022-11-04T09:32:00-04:00,0.0,6.949999999999989,-2152.9599999999764,2022-11-04T09:33:00-04:00,0.0,7.0,-2252.959999999999,2022-11-04T09:36:00-04:00,0.0,8.0,-4252.960000000001,2022-11-04T09:41:00-04:00,0.0,8.25,-4752.960000000001,2022-11-04T09:46:00-04:00,0.0,6.200000000000017,-652.9600000000335,2022-11-04T10:01:00-04:00,0.0,6.25,-752.9599999999994,2022-11-04T10:31:00-04:00,0.0,7.649999999999977,-3552.9599999999537,2022-11-04T11:31:00-04:00,0.0,7.300000000000011,-2852.960000000022,2022-11-04T16:00:00-04:00,0.0,,,2022-11-04T16:15:00-04:00,85500.0,,,2022-11-04T16:15:00-04:00,171900.0,4.925,1897.040000000001,2022-11-07T16:00:00-05:00,0.0,4684.0,hit,4684.0,hit,4728.0,hit,4759.0,hit,4759.0,hit,4759.0,hit,4759.0,hit,2.0,hit,3.0,hit,3.0,hit,10.0,hit,119.0,hit,148.0,hit,10.0,716,True,True,True,True,,10.0,716,True,True,True,True,,10.0,716,True,True,True,True,,10.0,716,True,True,True,True,,4759.0,2022-11-07T15:50:00-05:00,0.0,11747.04,,,,,,,,,4760.0,2022-11-07T15:51:00-05:00,4.050000000000001,3647.039999999999,4759.0,2022-11-07T15:50:00-05:00,0.0,11747.04,,,,,,,,,4760.0,2022-11-07T15:51:00-05:00,4.050000000000001,3647.039999999999,4759.0,2022-11-07T15:50:00-05:00,0.0,11747.04,,,,,,,,,4760.0,2022-11-07T15:51:00-05:00,4.050000000000001,3647.039999999999,4759.0,2022-11-07T15:50:00-05:00,0.0,11747.04,,,,,,,,,4760.0,2022-11-07T15:51:00-05:00,4.050000000000001,3647.039999999999,643
2022-11-04,2022-11-07,3,7.0,2022-11-04T09:31:00-04:00,6.950000000000017,NDXP  221107P11060000,NDXP  221107P11050000,development,False,False,0,0,0,33,0,762,available,False,2022-11-04T09:31:00-04:00,2022-11-07T16:00:00-05:00,10.0,-6252.9599999999655,0.0,last_observed_quote_not_settlement,3916.0,739,4,7.699999999999989,-1752.9599999999425,2022-11-04T09:32:00-04:00,0.0,7.150000000000006,-652.9599999999766,2022-11-04T09:33:00-04:00,0.0,8.0,-2352.959999999967,2022-11-04T09:36:00-04:00,0.0,8.949999999999932,-4252.959999999831,2022-11-04T09:41:00-04:00,0.0,9.100000000000023,-4552.960000000013,2022-11-04T09:46:00-04:00,0.0,9.349999999999994,-5052.9599999999555,2022-11-04T10:01:00-04:00,0.0,7.599999999999966,-1552.959999999897,2022-11-04T10:31:00-04:00,0.0,8.900000000000091,-4152.960000000149,2022-11-04T11:31:00-04:00,0.0,8.300000000000011,-2952.9599999999896,2022-11-04T16:00:00-04:00,0.0,,,2022-11-04T16:15:00-04:00,85500.0,,,2022-11-04T16:15:00-04:00,171900.0,10.0,-6252.9599999999655,2022-11-07T16:00:00-05:00,0.0,,never_hit,,never_hit,,never_hit,,never_hit,,never_hit,,never_hit,,never_hit,1.0,hit,3.0,hit,1.0,hit,3.0,hit,15.0,hit,38.0,hit,,,True,True,True,False,0.35000000000002274,,,True,True,True,False,0.35000000000002274,,,True,True,True,False,0.35000000000002274,,,True,True,True,False,0.35000000000002274,,,,,,,,,,,,,,,,,,,,,,,,,,,,,,,,,,,,,,,,,,,,,,,,,,,,,,,,,,,,,,,,,644
2022-11-07,2022-11-09,2,5.0,2022-11-07T09:31:00-05:00,4.950000000000003,NDXP  221109P10920000,NDXP  221109P10910000,development,False,False,0,0,0,2,15,1198,available,False,2022-11-07T09:31:00-05:00,2022-11-09T15:59:00-05:00,9.349999999999994,-9052.959999999983,1.0,last_observed_quote_not_settlement,1036.0,438,64,5.199999999999989,-752.9599999999709,2022-11-07T09:32:00-05:00,0.0,5.249999999999972,-852.9599999999368,2022-11-07T09:33:00-05:00,0.0,5.450000000000017,-1252.9600000000278,2022-11-07T09:36:00-05:00,0.0,5.400000000000006,-1152.960000000005,2022-11-07T09:41:00-05:00,0.0,5.650000000000006,-1652.960000000005,2022-11-07T09:46:00-05:00,0.0,5.599999999999994,-1552.9599999999823,2022-11-07T10:01:00-05:00,0.0,6.200000000000017,-2752.960000000028,2022-11-07T10:31:00-05:00,0.0,4.700000000000003,247.04000000000067,2022-11-07T11:31:00-05:00,0.0,6.400000000000006,-3152.960000000005,2022-11-07T16:00:00-05:00,0.0,2.5,4647.040000000006,2022-11-08T16:00:00-05:00,0.0,,,2022-11-09T15:59:00-05:00,60.0,,,,,0.0,hit,0.0,hit,47.0,hit,1461.0,hit,1518.0,hit,,never_hit,,never_hit,3.0,hit,3.0,hit,3120.0,hit,3125.0,hit,3131.0,hit,3131.0,hit,6.949999999999989,247,False,False,False,False,,6.949999999999989,247,False,False,False,False,,,,True,True,True,False,3.8000000000000043,,,True,True,True,False,3.8000000000000043,1461.0,2022-11-08T09:52:00-05:00,2.799999999999997,4047.040000000012,1487.0,2022-11-08T10:18:00-05:00,2.8500000000000014,3947.0400000000036,1488.0,2022-11-08T10:19:00-05:00,2.750000000000007,4147.039999999992,1462.0,2022-11-08T09:53:00-05:00,3.200000000000003,3247.040000000001,1518.0,2022-11-08T10:49:00-05:00,1.9000000000000021,5847.040000000002,1541.0,2022-11-08T11:12:00-05:00,1.9499999999999957,5747.0400000000145,1542.0,2022-11-08T11:13:00-05:00,1.8000000000000007,6047.0400000000045,1519.0,2022-11-08T10:50:00-05:00,2.1999999999999957,5247.0400000000145,,,,,,,,,,,,,,,,,,,,,,,,,,,,,,,,,645
2022-11-07,2022-11-09,2,6.0,2022-11-07T09:31:00-05:00,6.049999999999983,NDXP  221109P11040000,NDXP  221109P11030000,development,False,False,0,0,0,34,15,1166,available,False,2022-11-07T09:31:00-05:00,2022-11-09T15:59:00-05:00,10.0,-8052.960000000034,1.0,last_observed_quote_not_settlement,1036.0,606,68,5.650000000000006,547.0399999999552,2022-11-07T09:32:00-05:00,0.0,6.150000000000006,-452.9600000000448,2022-11-07T09:33:00-05:00,0.0,7.0,-2152.9600000000332,2022-11-07T09:36:00-05:00,0.0,7.149999999999977,-2452.9599999999878,2022-11-07T09:41:00-05:00,0.0,6.949999999999989,-2052.9600000000105,2022-11-07T09:46:00-05:00,0.0,6.099999999999966,-352.9599999999652,2022-11-07T10:01:00-05:00,0.0,7.050000000000011,-2252.960000000056,2022-11-07T10:31:00-05:00,0.0,6.4500000000000455,-1052.9600000001244,2022-11-07T11:31:00-05:00,0.0,6.049999999999983,-252.9599999999993,2022-11-07T16:00:00-05:00,0.0,4.450000000000003,2947.039999999961,2022-11-08T16:00:00-05:00,0.0,,,2022-11-09T15:59:00-05:00,60.0,,,,,99.0,hit,226.0,hit,1519.0,hit,1559.0,hit,,never_hit,,never_hit,,never_hit,3.0,hit,8.0,hit,5.0,hit,140.0,hit,3046.0,hit,3086.0,hit,8.400000000000034,278,True,True,False,False,,,,True,True,True,False,3.6499999999999844,,,True,True,True,False,3.6499999999999844,,,True,True,True,False,3.6499999999999844,1560.0,2022-11-08T11:31:00-05:00,2.8499999999999943,6147.039999999978,1561.0,2022-11-08T11:32:00-05:00,2.9000000000000057,6047.039999999955,1562.0,2022-11-08T11:33:00-05:00,2.6500000000000057,6547.039999999955,1561.0,2022-11-08T11:32:00-05:00,2.9000000000000057,6047.039999999955,,,,,,,,,,,,,,,,,,,,,,,,,,,,,,,,,,,,,,,,,,,,,,,,,646
2022-11-07,2022-11-09,2,7.0,2022-11-07T09:31:00-05:00,6.950000000000017,NDXP  221109P11120000,NDXP  221109P11110000,development,False,False,0,0,0,37,15,1163,available,False,2022-11-07T09:31:00-05:00,2022-11-09T16:00:00-05:00,9.5,-5352.959999999967,0.0,last_observed_quote_not_settlement,1036.0,646,88,7.349999999999966,-1052.959999999897,2022-11-07T09:32:00-05:00,0.0,7.0,-352.9599999999652,2022-11-07T09:33:00-05:00,0.0,7.900000000000034,-2152.9600000000332,2022-11-07T09:36:00-05:00,0.0,7.600000000000023,-1552.9600000000107,2022-11-07T09:41:00-05:00,0.0,7.0499999999999545,-452.95999999987424,2022-11-07T09:46:00-05:00,0.0,7.849999999999909,-2052.959999999783,2022-11-07T10:01:00-05:00,0.0,8.0,-2352.959999999967,2022-11-07T10:31:00-05:00,0.0,7.399999999999977,-1152.9599999999198,2022-11-07T11:31:00-05:00,0.0,6.75,147.0400000000348,2022-11-07T16:00:00-05:00,0.0,5.950000000000003,1747.040000000029,2022-11-08T16:00:00-05:00,0.0,9.5,-5352.959999999967,2022-11-09T16:00:00-05:00,0.0,,,,,1491.0,hit,1520.0,hit,1561.0,hit,,never_hit,,never_hit,,never_hit,,never_hit,3.0,hit,14.0,hit,1.0,hit,14.0,hit,153.0,hit,153.0,hit,,,True,True,True,False,3.6000000000000227,,,True,True,True,False,3.6000000000000227,,,True,True,True,False,3.6000000000000227,,,True,True,True,False,3.6000000000000227,,,,,,,,,,,,,,,,,,,,,,,,,,,,,,,,,,,,,,,,,,,,,,,,,,,,,,,,,,,,,,,,,647
2022-11-07,2022-11-10,3,5.0,2022-11-07T09:31:00-05:00,4.949999999999989,NDXP  221110P10910000,NDXP  221110P10900000,development,False,False,0,0,0,32,0,1572,available,False,2022-11-07T09:31:00-05:00,2022-11-10T16:00:00-05:00,0.0,9647.039999999979,0.0,last_observed_quote_not_settlement,1038.0,189,143,4.949999999999989,-252.9599999999993,2022-11-07T09:32:00-05:00,0.0,3.3999999999999773,2847.0400000000236,2022-11-07T09:33:00-05:00,0.0,4.050000000000011,1547.0399999999552,2022-11-07T09:36:00-05:00,0.0,3.5999999999999943,2447.0399999999895,2022-11-07T09:41:00-05:00,0.0,4.050000000000011,1547.0399999999552,2022-11-07T09:46:00-05:00,0.0,4.300000000000011,1047.0399999999552,2022-11-07T10:01:00-05:00,0.0,4.75,147.03999999997797,2022-11-07T10:31:00-05:00,0.0,5.0,-352.96000000002203,2022-11-07T11:31:00-05:00,0.0,4.049999999999983,1547.040000000012,2022-11-07T16:00:00-05:00,0.0,3.299999999999997,3047.0399999999836,2022-11-08T16:00:00-05:00,0.0,6.899999999999977,-4152.959999999976,2022-11-09T16:00:00-05:00,0.0,0.0,9647.039999999979,2022-11-10T16:00:00-05:00,0.0,0.0,hit,0.0,hit,2.0,hit,4.0,hit,4322.0,hit,4322.0,hit,4322.0,hit,24.0,hit,379.0,hit,3169.0,hit,,never_hit,,never_hit,,never_hit,4.949999999999989,0,False,False,False,False,,7.150000000000006,189,True,False,False,False,,7.150000000000006,189,True,False,False,False,,7.150000000000006,189,True,False,False,False,,4.0,2022-11-07T09:35:00-05:00,2.450000000000017,4747.039999999944,12.0,2022-11-07T09:43:00-05:00,2.0500000000000114,5547.039999999955,1554.0,2022-11-08T11:25:00-05:00,2.799999999999983,4047.040000000012,5.0,2022-11-07T09:36:00-05:00,4.050000000000011,1547.0399999999552,4322.0,2022-11-10T09:33:00-05:00,0.10000000000000009,9447.039999999977,4323.0,2022-11-10T09:34:00-05:00,0.17499999999999982,9297.039999999979,4324.0,2022-11-10T09:35:00-05:00,0.10000000000000009,9447.039999999977,4323.0,2022-11-10T09:34:00-05:00,0.17499999999999982,9297.039999999979,4322.0,2022-11-10T09:33:00-05:00,0.10000000000000009,9447.039999999977,4323.0,2022-11-10T09:34:00-05:00,0.17499999999999982,9297.039999999979,4324.0,2022-11-10T09:35:00-05:00,0.10000000000000009,9447.039999999977,4323.0,2022-11-10T09:34:00-05:00,0.17499999999999982,9297.039999999979,4322.0,2022-11-10T09:33:00-05:00,0.10000000000000009,9447.039999999977,4323.0,2022-11-10T09:34:00-05:00,0.17499999999999982,9297.039999999979,4324.0,2022-11-10T09:35:00-05:00,0.10000000000000009,9447.039999999977,4323.0,2022-11-10T09:34:00-05:00,0.17499999999999982,9297.039999999979,648
2022-11-07,2022-11-10,3,6.0,2022-11-07T09:31:00-05:00,6.0,NDXP  221110P10950000,NDXP  221110P10940000,development,False,False,0,0,0,7,0,1598,available,False,2022-11-07T09:31:00-05:00,2022-11-10T16:00:00-05:00,0.0,11747.04,0.0,last_observed_quote_not_settlement,1036.0,347,179,5.199999999999989,1347.0400000000234,2022-11-07T09:32:00-05:00,0.0,7.199999999999989,-2652.9599999999764,2022-11-07T09:33:00-05:00,0.0,6.599999999999994,-1452.959999999988,2022-11-07T09:36:00-05:00,0.0,7.199999999999989,-2652.9599999999764,2022-11-07T09:41:00-05:00,0.0,7.350000000000023,-2952.9600000000446,2022-11-07T09:46:00-05:00,0.0,7.099999999999994,-2452.9599999999878,2022-11-07T10:01:00-05:00,0.0,5.75,247.04000000000067,2022-11-07T10:31:00-05:00,0.0,7.150000000000006,-2552.9600000000105,2022-11-07T11:31:00-05:00,0.0,5.199999999999989,1347.0400000000234,2022-11-07T16:00:00-05:00,0.0,3.6499999999999915,4447.040000000018,2022-11-08T16:00:00-05:00,0.0,5.300000000000011,1147.039999999978,2022-11-09T16:00:00-05:00,0.0,0.0,11747.04,2022-11-10T16:00:00-05:00,0.0,1.0,hit,44.0,hit,44.0,hit,1522.0,hit,2884.0,hit,4320.0,hit,4320.0,hit,2.0,hit,2.0,hit,2.0,hit,4.0,hit,,never_hit,,never_hit,8.700000000000017,219,True,True,False,False,,8.700000000000017,220,True,True,False,False,,8.700000000000017,347,True,True,False,False,,8.700000000000017,347,True,True,False,False,,1522.0,2022-11-08T10:53:00-05:00,2.8499999999999943,6047.040000000012,1563.0,2022-11-08T11:34:00-05:00,2.8499999999999943,6047.040000000012,1567.0,2022-11-08T11:38:00-05:00,2.8500000000000085,6047.039999999984,1523.0,2022-11-08T10:54:00-05:00,3.6499999999999915,4447.040000000018,2884.0,2022-11-09T09:35:00-05:00,1.049999999999983,9647.040000000035,4321.0,2022-11-10T09:32:00-05:00,0.15000000000000036,11447.04,4322.0,2022-11-10T09:33:00-05:00,0.1499999999999999,11447.04,2885.0,2022-11-09T09:36:00-05:00,4.799999999999983,2147.040000000035,4320.0,2022-11-10T09:31:00-05:00,0.10000000000000009,11547.04,4321.0,2022-11-10T09:32:00-05:00,0.15000000000000036,11447.04,4322.0,2022-11-10T09:33:00-05:00,0.1499999999999999,11447.04,4321.0,2022-11-10T09:32:00-05:00,0.15000000000000036,11447.04,4320.0,2022-11-10T09:31:00-05:00,0.10000000000000009,11547.04,4321.0,2022-11-10T09:32:00-05:00,0.15000000000000036,11447.04,4322.0,2022-11-10T09:33:00-05:00,0.1499999999999999,11447.04,4321.0,2022-11-10T09:32:00-05:00,0.15000000000000036,11447.04,649
2022-11-07,2022-11-10,3,7.0,2022-11-07T09:31:00-05:00,7.0,NDXP  221110P11200000,NDXP  221110P11190000,development,False,False,0,0,1,4,0,1599,available,False,2022-11-07T09:31:00-05:00,2022-11-10T16:00:00-05:00,0.0,13747.04,0.0,last_observed_quote_not_settlement,1037.0,642,182,5.75,2247.040000000001,2022-11-07T09:32:00-05:00,0.0,7.050000000000011,-352.96000000002203,2022-11-07T09:33:00-05:00,0.0,7.850000000000023,-1952.9600000000448,2022-11-07T09:36:00-05:00,0.0,7.25,-752.9599999999994,2022-11-07T09:41:00-05:00,0.0,7.399999999999977,-1052.9599999999539,2022-11-07T09:46:00-05:00,0.0,7.5,-1252.9599999999994,2022-11-07T10:01:00-05:00,0.0,7.75,-1752.9599999999994,2022-11-07T10:31:00-05:00,0.0,7.249999999999943,-752.9599999998857,2022-11-07T11:31:00-05:00,0.0,6.699999999999989,347.04000000002344,2022-11-07T16:00:00-05:00,0.0,7.149999999999977,-552.9599999999539,2022-11-08T16:00:00-05:00,0.0,8.849999999999966,-3952.9599999999327,2022-11-09T16:00:00-05:00,0.0,0.0,13747.04,2022-11-10T16:00:00-05:00,0.0,377.0,hit,377.0,hit,1585.0,hit,4320.0,hit,4320.0,hit,4348.0,hit,4386.0,hit,3.0,hit,7.0,hit,0.0,hit,7.0,hit,21.0,hit,3229.0,hit,9.849999999999966,641,True,True,True,True,,9.849999999999966,641,True,True,True,True,,9.849999999999966,641,True,True,True,True,,9.849999999999966,641,True,True,True,True,,4320.0,2022-11-10T09:31:00-05:00,1.7000000000000028,10347.039999999995,4321.0,2022-11-10T09:32:00-05:00,2.8999999999999986,7947.040000000004,4322.0,2022-11-10T09:33:00-05:00,1.8999999999999986,9947.040000000005,4321.0,2022-11-10T09:32:00-05:00,2.8999999999999986,7947.040000000004,4320.0,2022-11-10T09:31:00-05:00,1.7000000000000028,10347.039999999995,4340.0,2022-11-10T09:51:00-05:00,1.6999999999999957,10347.04000000001,4341.0,2022-11-10T09:52:00-05:00,1.9000000000000021,9947.039999999997,4321.0,2022-11-10T09:32:00-05:00,2.8999999999999986,7947.040000000004,4349.0,2022-11-10T10:00:00-05:00,0.9000000000000004,11947.04,4350.0,2022-11-10T10:01:00-05:00,0.8999999999999986,11947.040000000005,4351.0,2022-11-10T10:02:00-05:00,0.7999999999999989,12147.040000000005,4350.0,2022-11-10T10:01:00-05:00,0.8999999999999986,11947.040000000005,4389.0,2022-11-10T10:40:00-05:00,0.15000000000000036,13447.04,4441.0,2022-11-10T11:32:00-05:00,0.3500000000000001,13047.04,4442.0,2022-11-10T11:33:00-05:00,0.3250000000000002,13097.04,4390.0,2022-11-10T10:41:00-05:00,1.299999999999999,11147.040000000005,650
2022-11-08,2022-11-10,2,5.0,2022-11-08T09:31:00-05:00,5.0,NDXP  221110P11040000,NDXP  221110P11030000,development,False,False,0,0,0,1,15,1199,available,False,2022-11-08T09:31:00-05:00,2022-11-10T16:00:00-05:00,0.0,9747.04,0.0,last_observed_quote_not_settlement,1036.0,460,70,4.5,747.0400000000006,2022-11-08T09:32:00-05:00,0.0,6.400000000000006,-3052.9600000000105,2022-11-08T09:33:00-05:00,0.0,4.800000000000011,147.03999999997797,2022-11-08T09:36:00-05:00,0.0,5.250000000000028,-752.9600000000562,2022-11-08T09:41:00-05:00,0.0,5.449999999999989,-1152.9599999999766,2022-11-08T09:46:00-05:00,0.0,3.25,3247.040000000001,2022-11-08T10:01:00-05:00,0.0,4.899999999999977,-52.959999999953816,2022-11-08T10:31:00-05:00,0.0,3.799999999999997,2147.0400000000063,2022-11-08T11:31:00-05:00,0.0,4.5,747.0400000000006,2022-11-08T16:00:00-05:00,0.0,7.350000000000023,-4952.960000000045,2022-11-09T16:00:00-05:00,0.0,0.0,9747.04,2022-11-10T16:00:00-05:00,0.0,,,,,0.0,hit,0.0,hit,30.0,hit,42.0,hit,2880.0,hit,2880.0,hit,2880.0,hit,2.0,hit,2.0,hit,1525.0,hit,1680.0,hit,,never_hit,,never_hit,6.400000000000006,19,False,False,False,False,,8.399999999999977,460,True,True,False,False,,8.399999999999977,460,True,True,False,False,,8.399999999999977,460,True,True,False,False,,42.0,2022-11-08T10:13:00-05:00,2.75,4247.040000000001,2881.0,2022-11-10T09:32:00-05:00,0.5000000000000009,8747.039999999999,2882.0,2022-11-10T09:33:00-05:00,0.5749999999999993,8597.040000000003,43.0,2022-11-08T10:14:00-05:00,4.699999999999989,347.04000000002344,2880.0,2022-11-10T09:31:00-05:00,0.47499999999999964,8797.040000000003,2881.0,2022-11-10T09:32:00-05:00,0.5000000000000009,8747.039999999999,2882.0,2022-11-10T09:33:00-05:00,0.5749999999999993,8597.040000000003,2881.0,2022-11-10T09:32:00-05:00,0.5000000000000009,8747.039999999999,2880.0,2022-11-10T09:31:00-05:00,0.47499999999999964,8797.040000000003,2881.0,2022-11-10T09:32:00-05:00,0.5000000000000009,8747.039999999999,2882.0,2022-11-10T09:33:00-05:00,0.5749999999999993,8597.040000000003,2881.0,2022-11-10T09:32:00-05:00,0.5000000000000009,8747.039999999999,2899.0,2022-11-10T09:50:00-05:00,0.375,8997.04,2900.0,2022-11-10T09:51:00-05:00,0.3500000000000001,9047.04,2901.0,2022-11-10T09:52:00-05:00,0.39999999999999947,8947.040000000003,2900.0,2022-11-10T09:51:00-05:00,0.3500000000000001,9047.04,651
2022-11-08,2022-11-10,2,6.0,2022-11-08T09:31:00-05:00,6.0,NDXP  221110P11170000,NDXP  221110P11160000,development,False,False,0,0,1,13,15,1186,available,False,2022-11-08T09:31:00-05:00,2022-11-10T16:00:00-05:00,0.0,11747.04,0.0,last_observed_quote_not_settlement,1037.0,536,111,6.299999999999983,-852.9599999999652,2022-11-08T09:32:00-05:00,0.0,6.150000000000006,-552.9600000000107,2022-11-08T09:33:00-05:00,0.0,6.199999999999989,-652.9599999999766,2022-11-08T09:36:00-05:00,0.0,6.350000000000023,-952.9600000000448,2022-11-08T09:41:00-05:00,0.0,6.699999999999989,-1652.9599999999766,2022-11-08T09:46:00-05:00,0.0,6.799999999999983,-1852.9599999999652,2022-11-08T10:01:00-05:00,0.0,5.299999999999983,1147.0400000000348,2022-11-08T10:31:00-05:00,0.0,4.199999999999989,3347.0400000000236,2022-11-08T11:31:00-05:00,0.0,6.050000000000011,-352.96000000002203,2022-11-08T16:00:00-05:00,0.0,8.399999999999977,-5052.9599999999555,2022-11-09T16:00:00-05:00,0.0,0.0,11747.04,2022-11-10T16:00:00-05:00,0.0,,,,,33.0,hit,43.0,hit,140.0,hit,2880.0,hit,2880.0,hit,2905.0,hit,2911.0,hit,8.0,hit,44.0,hit,44.0,hit,1571.0,hit,,never_hit,,never_hit,8.900000000000034,536,True,True,False,False,,8.900000000000034,536,True,True,False,False,,8.900000000000034,536,True,True,False,False,,8.900000000000034,536,True,True,False,False,,2880.0,2022-11-10T09:31:00-05:00,1.2999999999999972,9147.040000000008,2883.0,2022-11-10T09:34:00-05:00,2.0,7747.040000000001,2884.0,2022-11-10T09:35:00-05:00,2.1999999999999957,7347.040000000009,2881.0,2022-11-10T09:32:00-05:00,3.099999999999998,5547.0400000000045,2880.0,2022-11-10T09:31:00-05:00,1.2999999999999972,9147.040000000008,2886.0,2022-11-10T09:37:00-05:00,1.9000000000000021,7947.039999999996,2899.0,2022-11-10T09:50:00-05:00,1.5,8747.04,2881.0,2022-11-10T09:32:00-05:00,3.099999999999998,5547.0400000000045,2907.0,2022-11-10T09:58:00-05:00,0.9499999999999993,9847.040000000003,2908.0,2022-11-10T09:59:00-05:00,0.75,10247.04,2909.0,2022-11-10T10:00:00-05:00,0.5999999999999996,10547.040000000003,2908.0,2022-11-10T09:59:00-05:00,0.75,10247.04,2959.0,2022-11-10T10:50:00-05:00,0.40000000000000036,10947.04,2960.0,2022-11-10T10:51:00-05:00,0.3999999999999999,10947.04,2961.0,2022-11-10T10:52:00-05:00,0.375,10997.04,2960.0,2022-11-10T10:51:00-05:00,0.3999999999999999,10947.04,652
2022-11-08,2022-11-10,2,7.0,2022-11-08T09:31:00-05:00,6.9500000000000455,NDXP  221110P11250000,NDXP  221110P11240000,development,False,False,0,0,0,11,15,1187,available,False,2022-11-08T09:31:00-05:00,2022-11-10T16:00:00-05:00,0.0,13647.040000000092,0.0,last_observed_quote_not_settlement,1037.0,426,154,6.75,147.04000000009165,2022-11-08T09:32:00-05:00,0.0,7.0,-352.95999999990835,2022-11-08T09:33:00-05:00,0.0,6.899999999999977,-152.95999999986287,2022-11-08T09:36:00-05:00,0.0,7.050000000000011,-452.9599999999311,2022-11-08T09:41:00-05:00,0.0,6.550000000000011,547.0400000000689,2022-11-08T09:46:00-05:00,0.0,6.75,147.04000000009165,2022-11-08T10:01:00-05:00,0.0,6.649999999999977,347.0400000001371,2022-11-08T10:31:00-05:00,0.0,6.5,647.0400000000916,2022-11-08T11:31:00-05:00,0.0,7.150000000000034,-652.9599999999766,2022-11-08T16:00:00-05:00,0.0,8.899999999999977,-4152.9599999998645,2022-11-09T16:00:00-05:00,0.0,0.0,13647.040000000092,2022-11-10T16:00:00-05:00,0.0,,,,,33.0,hit,101.0,hit,112.0,hit,2880.0,hit,2905.0,hit,2961.0,hit,3008.0,hit,54.0,hit,239.0,hit,2.0,hit,240.0,hit,1442.0,hit,1690.0,hit,9.949999999999932,426,True,True,True,True,,9.949999999999932,426,True,True,True,True,,9.949999999999932,426,True,True,True,True,,9.949999999999932,426,True,True,True,True,,2880.0,2022-11-10T09:31:00-05:00,2.8500000000000014,7947.040000000089,2900.0,2022-11-10T09:51:00-05:00,2.3999999999999986,8847.040000000095,2901.0,2022-11-10T09:52:00-05:00,2.799999999999997,8047.040000000097,2881.0,2022-11-10T09:32:00-05:00,3.5,6647.040000000092,2905.0,2022-11-10T09:56:00-05:00,1.8999999999999986,9847.040000000095,2908.0,2022-11-10T09:59:00-05:00,1.5,10647.040000000092,2909.0,2022-11-10T10:00:00-05:00,1.299999999999999,11047.040000000095,2906.0,2022-11-10T09:57:00-05:00,2.1999999999999993,9247.040000000094,2961.0,2022-11-10T10:52:00-05:00,0.9499999999999993,11747.040000000094,2987.0,2022-11-10T11:18:00-05:00,0.5999999999999996,12447.040000000094,2988.0,2022-11-10T11:19:00-05:00,0.6500000000000004,12347.040000000092,2962.0,2022-11-10T10:53:00-05:00,0.9999999999999991,11647.040000000094,3009.0,2022-11-10T11:40:00-05:00,0.42500000000000027,12797.040000000092,3025.0,2022-11-10T11:56:00-05:00,0.3999999999999999,12847.040000000092,3026.0,2022-11-10T11:57:00-05:00,0.375,12897.040000000092,3010.0,2022-11-10T11:41:00-05:00,0.5750000000000002,12497.040000000092,653
2022-11-08,2022-11-11,3,5.0,2022-11-08T09:31:00-05:00,5.099999999999994,NDXP  221111P11020000,NDXP  221111P11010000,development,False,False,0,0,0,14,0,1591,available,False,2022-11-08T09:31:00-05:00,2022-11-11T16:00:00-05:00,0.0,9947.03999999999,0.0,last_observed_quote_not_settlement,1036.0,437,46,4.949999999999989,47.04000000001208,2022-11-08T09:32:00-05:00,0.0,5.0,-52.96000000001066,2022-11-08T09:33:00-05:00,0.0,4.800000000000011,347.0399999999666,2022-11-08T09:36:00-05:00,0.0,5.549999999999983,-1152.9599999999766,2022-11-08T09:41:00-05:00,0.0,4.049999999999983,1847.0400000000234,2022-11-08T09:46:00-05:00,0.0,4.75,447.03999999998933,2022-11-08T10:01:00-05:00,0.0,4.599999999999994,747.0400000000006,2022-11-08T10:31:00-05:00,0.0,3.9000000000000057,2147.039999999978,2022-11-08T11:31:00-05:00,0.0,4.5,947.0399999999893,2022-11-08T16:00:00-05:00,0.0,7.899999999999977,-5852.9599999999655,2022-11-09T16:00:00-05:00,0.0,0.07499999999999973,9797.03999999999,2022-11-10T16:00:00-05:00,0.0,0.0,9947.03999999999,2022-11-11T16:00:00-05:00,0.0,0.0,hit,1.0,hit,97.0,hit,2880.0,hit,2880.0,hit,2902.0,hit,2931.0,hit,11.0,hit,301.0,hit,1442.0,hit,1699.0,hit,,never_hit,,never_hit,8.800000000000011,437,True,True,False,False,,8.800000000000011,437,True,True,False,False,,8.800000000000011,437,True,True,False,False,,8.800000000000011,437,True,True,False,False,,2880.0,2022-11-10T09:31:00-05:00,1.0499999999999972,7847.039999999995,2883.0,2022-11-10T09:34:00-05:00,1.2000000000000028,7547.039999999984,2884.0,2022-11-10T09:35:00-05:00,1.4499999999999957,7047.039999999998,,,,,2880.0,2022-11-10T09:31:00-05:00,1.0499999999999972,7847.039999999995,2883.0,2022-11-10T09:34:00-05:00,1.2000000000000028,7547.039999999984,2884.0,2022-11-10T09:35:00-05:00,1.4499999999999957,7047.039999999998,,,,,2902.0,2022-11-10T09:53:00-05:00,0.8500000000000014,8247.039999999988,2906.0,2022-11-10T09:57:00-05:00,0.9000000000000004,8147.039999999989,2907.0,2022-11-10T09:58:00-05:00,0.8500000000000014,8247.039999999988,2903.0,2022-11-10T09:54:00-05:00,1.0500000000000007,7847.039999999988,2931.0,2022-11-10T10:22:00-05:00,0.40000000000000036,9147.03999999999,2989.0,2022-11-10T11:20:00-05:00,0.4499999999999993,9047.039999999992,3021.0,2022-11-10T11:52:00-05:00,0.4499999999999993,9047.039999999992,2932.0,2022-11-10T10:23:00-05:00,0.7000000000000028,8547.039999999985,654
2022-11-08,2022-11-11,3,6.0,2022-11-08T09:31:00-05:00,5.949999999999989,NDXP  221111P11170000,NDXP  221111P11160000,development,False,False,0,0,0,12,0,1593,available,False,2022-11-08T09:31:00-05:00,2022-11-11T16:00:00-05:00,0.0,11647.039999999979,0.0,last_observed_quote_not_settlement,1036.0,602,85,6.25,-852.9600000000221,2022-11-08T09:32:00-05:00,0.0,7.050000000000011,-2452.9600000000446,2022-11-08T09:33:00-05:00,0.0,6.25,-852.9600000000221,2022-11-08T09:36:00-05:00,0.0,7.0,-2352.960000000022,2022-11-08T09:41:00-05:00,0.0,6.5499999999999545,-1452.9599999999311,2022-11-08T09:46:00-05:00,0.0,6.799999999999983,-1952.959999999988,2022-11-08T10:01:00-05:00,0.0,6.150000000000006,-652.9600000000335,2022-11-08T10:31:00-05:00,0.0,4.800000000000011,2047.0399999999554,2022-11-08T11:31:00-05:00,0.0,6.500000000000028,-1352.960000000079,2022-11-08T16:00:00-05:00,0.0,8.0,-4352.960000000024,2022-11-09T16:00:00-05:00,0.0,0.35000000000000053,10947.039999999977,2022-11-10T16:00:00-05:00,0.0,0.0,11647.039999999979,2022-11-11T16:00:00-05:00,0.0,29.0,hit,114.0,hit,264.0,hit,2880.0,hit,2905.0,hit,3004.0,hit,3224.0,hit,2.0,hit,2.0,hit,2.0,hit,33.0,hit,1687.0,hit,,never_hit,9.349999999999966,601,True,True,True,True,,9.349999999999966,602,True,True,True,True,,9.349999999999966,602,True,True,True,True,,9.349999999999966,602,True,True,True,True,,2880.0,2022-11-10T09:31:00-05:00,2.5,6647.039999999978,2883.0,2022-11-10T09:34:00-05:00,2.8999999999999986,5847.039999999981,2899.0,2022-11-10T09:50:00-05:00,2.450000000000003,6747.039999999973,2881.0,2022-11-10T09:32:00-05:00,3.450000000000003,4747.039999999973,2905.0,2022-11-10T09:56:00-05:00,1.75,8147.039999999978,2909.0,2022-11-10T10:00:00-05:00,1.7000000000000028,8247.039999999974,2910.0,2022-11-10T10:01:00-05:00,1.9000000000000021,7847.039999999974,2906.0,2022-11-10T09:57:00-05:00,2.1000000000000014,7447.039999999975,3023.0,2022-11-10T11:54:00-05:00,0.9499999999999993,9747.03999999998,3138.0,2022-11-10T13:49:00-05:00,0.8499999999999979,9947.039999999983,3139.0,2022-11-10T13:50:00-05:00,0.9499999999999993,9747.03999999998,3024.0,2022-11-10T11:55:00-05:00,1.0999999999999979,9447.039999999983,3240.0,2022-11-10T15:31:00-05:00,0.39999999999999947,10847.039999999979,3241.0,2022-11-10T15:32:00-05:00,0.40000000000000036,10847.039999999979,3242.0,2022-11-10T15:33:00-05:00,0.3999999999999986,10847.03999999998,3241.0,2022-11-10T15:32:00-05:00,0.40000000000000036,10847.039999999979,655
2022-11-08,2022-11-11,3,7.0,2022-11-08T09:31:00-05:00,7.0,NDXP  221111P11310000,NDXP  221111P11300000,development,False,False,0,0,0,43,0,1562,available,False,2022-11-08T09:31:00-05:00,2022-11-11T16:00:00-05:00,0.2,13347.04,0.0,last_observed_quote_not_settlement,1036.0,477,79,7.149999999999977,-552.9599999999539,2022-11-08T09:32:00-05:00,0.0,7.0499999999999545,-352.95999999990835,2022-11-08T09:33:00-05:00,0.0,7.100000000000023,-452.9600000000448,2022-11-08T09:36:00-05:00,0.0,7.0499999999999545,-352.95999999990835,2022-11-08T09:41:00-05:00,0.0,7.5499999999999545,-1352.9599999999084,2022-11-08T09:46:00-05:00,0.0,6.699999999999989,347.04000000002344,2022-11-08T10:01:00-05:00,0.0,7.349999999999966,-952.9599999999311,2022-11-08T10:31:00-05:00,0.0,4.350000000000023,5047.039999999955,2022-11-08T11:31:00-05:00,0.0,7.350000000000023,-952.9600000000448,2022-11-08T16:00:00-05:00,0.0,9.450000000000045,-5152.960000000092,2022-11-09T16:00:00-05:00,0.0,0.8999999999999986,11947.040000000005,2022-11-10T16:00:00-05:00,0.0,0.2,13347.04,2022-11-11T16:00:00-05:00,0.0,113.0,hit,114.0,hit,141.0,hit,294.0,hit,3091.0,hit,3091.0,hit,4320.0,hit,8.0,hit,296.0,hit,0.0,hit,296.0,hit,1599.0,hit,1686.0,hit,7.7000000000000455,36,True,False,False,False,,9.699999999999932,476,True,True,True,True,,9.699999999999932,476,True,True,True,True,,9.699999999999932,476,True,True,True,True,,294.0,2022-11-08T14:25:00-05:00,2.5499999999999545,8647.040000000092,3000.0,2022-11-10T11:31:00-05:00,2.8500000000000085,8047.039999999984,3001.0,2022-11-10T11:32:00-05:00,2.9000000000000057,7947.039999999989,295.0,2022-11-08T14:26:00-05:00,6.899999999999977,-52.959999999953816,3091.0,2022-11-10T13:02:00-05:00,0.5500000000000114,12647.039999999979,3204.0,2022-11-10T14:55:00-05:00,1.7999999999999972,10147.040000000008,3205.0,2022-11-10T14:56:00-05:00,1.9000000000000021,9947.039999999997,3092.0,2022-11-10T13:03:00-05:00,3.0999999999999943,7547.040000000012,3091.0,2022-11-10T13:02:00-05:00,0.5500000000000114,12647.039999999979,3273.0,2022-11-10T16:04:00-05:00,0.8499999999999979,12047.040000000006,3274.0,2022-11-10T16:05:00-05:00,0.9499999999999993,11847.040000000003,3092.0,2022-11-10T13:03:00-05:00,3.0999999999999943,7547.040000000012,4320.0,2022-11-11T09:31:00-05:00,0.3999999999999986,12947.040000000005,4336.0,2022-11-11T09:47:00-05:00,0.29999999999999893,13147.040000000005,4337.0,2022-11-11T09:48:00-05:00,0.375,12997.04,4321.0,2022-11-11T09:32:00-05:00,0.6999999999999993,12347.040000000003,656
2022-11-09,2022-11-11,2,5.0,2022-11-09T09:31:00-05:00,4.899999999999977,NDXP  221111P10970000,NDXP  221111P10960000,development,False,False,0,0,0,0,0,1200,available,False,2022-11-09T09:31:00-05:00,2022-11-11T16:00:00-05:00,0.0,9547.039999999955,0.0,last_observed_quote_not_settlement,1036.0,330,51,4.849999999999994,-152.9600000000334,2022-11-09T09:32:00-05:00,0.0,4.350000000000023,847.0399999999097,2022-11-09T09:33:00-05:00,0.0,4.699999999999989,147.03999999997797,2022-11-09T09:36:00-05:00,0.0,4.900000000000034,-252.96000000011298,2022-11-09T09:41:00-05:00,0.0,4.600000000000023,347.03999999990975,2022-11-09T09:46:00-05:00,0.0,5.0,-452.9600000000448,2022-11-09T10:01:00-05:00,0.0,4.949999999999989,-352.96000000002203,2022-11-09T10:31:00-05:00,0.0,4.849999999999994,-152.9600000000334,2022-11-09T11:31:00-05:00,0.0,7.449999999999989,-5352.960000000022,2022-11-09T16:00:00-05:00,0.0,0.02499999999999991,9497.039999999955,2022-11-10T16:00:00-05:00,0.0,0.0,9547.039999999955,2022-11-11T16:00:00-05:00,0.0,,,,,0.0,hit,0.0,hit,50.0,hit,50.0,hit,1442.0,hit,1459.0,hit,1469.0,hit,3.0,hit,73.0,hit,226.0,hit,323.0,hit,,never_hit,,never_hit,5.849999999999994,18,False,False,False,False,,8.349999999999994,330,True,True,False,False,,8.349999999999994,330,True,True,False,False,,8.349999999999994,330,True,True,False,False,,50.0,2022-11-09T10:21:00-05:00,2.049999999999983,5447.039999999989,1441.0,2022-11-10T09:32:00-05:00,2.4999999999999964,4547.039999999963,1442.0,2022-11-10T09:33:00-05:00,1.0000000000000018,7547.039999999952,51.0,2022-11-09T10:22:00-05:00,4.2000000000000455,1147.0399999998642,1442.0,2022-11-10T09:33:00-05:00,1.0000000000000018,7547.039999999952,1443.0,2022-11-10T09:34:00-05:00,1.1500000000000021,7247.039999999951,1444.0,2022-11-10T09:35:00-05:00,1.049999999999999,7447.039999999957,1443.0,2022-11-10T09:34:00-05:00,1.1500000000000021,7247.039999999951,1459.0,2022-11-10T09:50:00-05:00,0.9000000000000004,7747.0399999999545,1460.0,2022-11-10T09:51:00-05:00,0.8499999999999996,7847.039999999956,1461.0,2022-11-10T09:52:00-05:00,0.8500000000000014,7847.039999999953,1460.0,2022-11-10T09:51:00-05:00,0.8499999999999996,7847.039999999956,1469.0,2022-11-10T10:00:00-05:00,0.1999999999999993,9147.039999999957,1470.0,2022-11-10T10:01:00-05:00,0.2500000000000018,9047.039999999952,1522.0,2022-11-10T10:53:00-05:00,0.40000000000000036,8747.039999999955,1470.0,2022-11-10T10:01:00-05:00,0.2500000000000018,9047.039999999952,657
2022-11-09,2022-11-11,2,6.0,2022-11-09T09:31:00-05:00,6.050000000000011,NDXP  221111P11120000,NDXP  221111P11110000,development,False,False,0,0,0,3,0,1197,available,False,2022-11-09T09:31:00-05:00,2022-11-11T16:00:00-05:00,0.0,11847.040000000025,0.0,last_observed_quote_not_settlement,1036.0,398,10,8.050000000000068,-4252.960000000115,2022-11-09T09:32:00-05:00,0.0,7.550000000000068,-3252.960000000113,2022-11-09T09:33:00-05:00,0.0,7.0,-2152.9599999999764,2022-11-09T09:36:00-05:00,0.0,6.899999999999977,-1952.9599999999311,2022-11-09T09:41:00-05:00,0.0,6.5,-1152.9599999999766,2022-11-09T09:46:00-05:00,0.0,7.149999999999977,-2452.959999999931,2022-11-09T10:01:00-05:00,0.0,6.94999999999996,-2052.959999999897,2022-11-09T10:31:00-05:00,0.0,7.75,-3652.9599999999764,2022-11-09T11:31:00-05:00,0.0,8.550000000000011,-5252.960000000001,2022-11-09T16:00:00-05:00,0.0,0.1499999999999999,11547.040000000023,2022-11-10T16:00:00-05:00,0.0,0.0,11847.040000000025,2022-11-11T16:00:00-05:00,0.0,,,,,45.0,hit,1440.0,hit,1440.0,hit,1440.0,hit,1440.0,hit,1478.0,hit,1664.0,hit,1.0,hit,1.0,hit,1.0,hit,1.0,hit,248.0,hit,379.0,hit,9.800000000000011,398,True,True,True,True,,9.800000000000011,398,True,True,True,True,,9.800000000000011,398,True,True,True,True,,9.800000000000011,398,True,True,True,True,,1440.0,2022-11-10T09:31:00-05:00,2.0,7847.040000000024,1441.0,2022-11-10T09:32:00-05:00,1.249999999999993,9347.040000000039,1442.0,2022-11-10T09:33:00-05:00,2.299999999999997,7247.040000000029,1441.0,2022-11-10T09:32:00-05:00,1.249999999999993,9347.040000000039,1441.0,2022-11-10T09:32:00-05:00,1.249999999999993,9347.040000000039,1464.0,2022-11-10T09:55:00-05:00,1.8999999999999986,8047.040000000026,1465.0,2022-11-10T09:56:00-05:00,1.5999999999999979,8647.040000000028,1442.0,2022-11-10T09:33:00-05:00,2.299999999999997,7247.040000000029,1478.0,2022-11-10T10:09:00-05:00,0.9499999999999993,9947.040000000026,1562.0,2022-11-10T11:33:00-05:00,0.9000000000000004,10047.040000000023,1563.0,2022-11-10T11:34:00-05:00,0.8500000000000014,10147.04000000002,1479.0,2022-11-10T10:10:00-05:00,1.2999999999999972,9247.04000000003,1754.0,2022-11-10T14:45:00-05:00,0.40000000000000036,11047.040000000023,1777.0,2022-11-10T15:08:00-05:00,0.35000000000000053,11147.040000000023,1778.0,2022-11-10T15:09:00-05:00,0.40000000000000036,11047.040000000023,1755.0,2022-11-10T14:46:00-05:00,0.5999999999999996,10647.040000000025,658
2022-11-09,2022-11-11,2,7.0,2022-11-09T09:31:00-05:00,7.0,NDXP  221111P11240000,NDXP  221111P11230000,development,False,False,0,0,0,7,0,1193,available,False,2022-11-09T09:31:00-05:00,2022-11-11T16:00:00-05:00,0.0,13747.04,0.0,last_observed_quote_not_settlement,1037.0,359,52,7.099999999999966,-452.9599999999311,2022-11-09T09:32:00-05:00,0.0,7.300000000000011,-852.9600000000221,2022-11-09T09:33:00-05:00,0.0,7.050000000000011,-352.96000000002203,2022-11-09T09:36:00-05:00,0.0,8.75,-3752.960000000001,2022-11-09T09:41:00-05:00,0.0,8.350000000000023,-2952.9600000000464,2022-11-09T09:46:00-05:00,0.0,8.450000000000045,-3152.960000000092,2022-11-09T10:01:00-05:00,0.0,8.0,-2252.960000000001,2022-11-09T10:31:00-05:00,0.0,7.550000000000068,-1352.9600000001358,2022-11-09T11:31:00-05:00,0.0,9.25,-4752.960000000001,2022-11-09T16:00:00-05:00,0.0,0.5,12747.04,2022-11-10T16:00:00-05:00,0.0,0.0,13747.04,2022-11-11T16:00:00-05:00,0.0,,,,,1440.0,hit,1440.0,hit,1440.0,hit,1440.0,hit,1440.0,hit,1779.0,hit,1823.0,hit,3.0,hit,3.0,hit,0.0,hit,3.0,hit,20.0,hit,121.0,hit,9.899999999999977,359,True,True,True,True,,9.899999999999977,359,True,True,True,True,,9.899999999999977,359,True,True,True,True,,9.899999999999977,359,True,True,True,True,,1440.0,2022-11-10T09:31:00-05:00,1.4500000000000028,10847.039999999995,1466.0,2022-11-10T09:57:00-05:00,2.8500000000000085,8047.039999999984,1467.0,2022-11-10T09:58:00-05:00,2.8999999999999986,7947.040000000004,1441.0,2022-11-10T09:32:00-05:00,4.150000000000006,5447.039999999989,1440.0,2022-11-10T09:31:00-05:00,1.4500000000000028,10847.039999999995,1562.0,2022-11-10T11:33:00-05:00,1.75,10247.04,1563.0,2022-11-10T11:34:00-05:00,1.7999999999999972,10147.040000000008,1441.0,2022-11-10T09:32:00-05:00,4.150000000000006,5447.039999999989,1779.0,2022-11-10T15:10:00-05:00,0.9499999999999993,11847.040000000003,1785.0,2022-11-10T15:16:00-05:00,0.8499999999999996,12047.040000000003,1786.0,2022-11-10T15:17:00-05:00,0.9000000000000004,11947.04,1780.0,2022-11-10T15:11:00-05:00,0.9500000000000011,11847.039999999999,1843.0,2022-11-10T16:14:00-05:00,0.40000000000000036,12947.04,2881.0,2022-11-11T09:32:00-05:00,0.2999999999999998,13147.040000000003,2889.0,2022-11-11T09:40:00-05:00,0.39999999999999947,12947.040000000003,1844.0,2022-11-10T16:15:00-05:00,0.5499999999999989,12647.040000000005,659
2022-11-11,2022-11-14,3,5.0,2022-11-11T09:31:00-05:00,4.849999999999994,NDXP  221114P11540000,NDXP  221114P11530000,development,False,False,0,0,0,0,0,795,available,False,2022-11-11T09:31:00-05:00,2022-11-14T16:00:00-05:00,0.0,9447.03999999999,0.0,last_observed_quote_not_settlement,3916.0,2,4,4.049999999999997,1347.039999999995,2022-11-11T09:32:00-05:00,0.0,4.3500000000000085,747.0399999999722,2022-11-11T09:33:00-05:00,0.0,4.349999999999994,747.0400000000006,2022-11-11T09:36:00-05:00,0.0,4.400000000000006,647.0399999999779,2022-11-11T09:41:00-05:00,0.0,3.799999999999997,1847.039999999995,2022-11-11T09:46:00-05:00,0.0,4.550000000000011,347.0399999999666,2022-11-11T10:01:00-05:00,0.0,2.3500000000000014,4747.039999999986,2022-11-11T10:31:00-05:00,0.0,3.750000000000014,1947.0399999999609,2022-11-11T11:31:00-05:00,0.0,0.9500000000000011,7547.039999999987,2022-11-11T16:00:00-05:00,0.0,,,2022-11-11T16:15:00-05:00,85500.0,,,2022-11-11T16:15:00-05:00,171900.0,0.0,9447.03999999999,2022-11-14T16:00:00-05:00,0.0,0.0,hit,0.0,hit,15.0,hit,38.0,hit,78.0,hit,260.0,hit,4357.0,hit,,never_hit,,never_hit,,never_hit,,never_hit,,never_hit,,never_hit,5.0,2,False,False,False,False,,5.0,2,False,False,False,False,,5.0,2,False,False,False,False,,5.0,2,False,False,False,False,,38.0,2022-11-11T10:09:00-05:00,2.9499999999999886,3547.0400000000122,44.0,2022-11-11T10:15:00-05:00,2.8500000000000014,3747.0399999999863,45.0,2022-11-11T10:16:00-05:00,2.799999999999997,3847.039999999995,39.0,2022-11-11T10:10:00-05:00,3.5500000000000114,2347.0399999999668,78.0,2022-11-11T10:49:00-05:00,1.8999999999999915,5647.040000000006,94.0,2022-11-11T11:05:00-05:00,1.9000000000000057,5647.039999999978,208.0,2022-11-11T12:59:00-05:00,1.8499999999999979,5747.039999999994,79.0,2022-11-11T10:50:00-05:00,1.999999999999993,5447.040000000004,303.0,2022-11-11T14:34:00-05:00,0.7999999999999972,7847.039999999995,315.0,2022-11-11T14:46:00-05:00,0.8499999999999996,7747.03999999999,384.0,2022-11-11T15:55:00-05:00,0.8499999999999996,7747.03999999999,304.0,2022-11-11T14:35:00-05:00,1.1000000000000014,7247.039999999986,4358.0,2022-11-14T10:09:00-05:00,0.22499999999999964,8997.039999999992,4367.0,2022-11-14T10:18:00-05:00,0.27499999999999947,8897.039999999992,4368.0,2022-11-14T10:19:00-05:00,0.375,8697.03999999999,4359.0,2022-11-14T10:10:00-05:00,0.47499999999999964,8497.039999999992,660
2022-11-11,2022-11-14,3,6.0,2022-11-11T09:31:00-05:00,6.0,NDXP  221114P11670000,NDXP  221114P11660000,development,False,False,0,0,0,5,0,790,available,False,2022-11-11T09:31:00-05:00,2022-11-14T15:57:00-05:00,0.325,11097.04,3.0,last_observed_quote_not_settlement,3916.0,12,6,5.849999999999994,47.04000000001208,2022-11-11T09:32:00-05:00,0.0,6.900000000000006,-2052.9600000000105,2022-11-11T09:33:00-05:00,0.0,6.349999999999966,-952.9599999999311,2022-11-11T09:36:00-05:00,0.0,6.25,-752.9599999999994,2022-11-11T09:41:00-05:00,0.0,5.699999999999989,347.04000000002344,2022-11-11T09:46:00-05:00,0.0,5.25,1247.0400000000006,2022-11-11T10:01:00-05:00,0.0,4.599999999999994,2547.0400000000122,2022-11-11T10:31:00-05:00,0.0,5.699999999999989,347.04000000002344,2022-11-11T11:31:00-05:00,0.0,2.3999999999999986,6947.040000000004,2022-11-11T16:00:00-05:00,0.0,,,2022-11-11T16:15:00-05:00,85500.0,,,2022-11-11T16:15:00-05:00,171900.0,,,2022-11-14T15:57:00-05:00,180.0,17.0,hit,41.0,hit,51.0,hit,228.0,hit,379.0,hit,379.0,hit,379.0,hit,2.0,hit,,never_hit,,never_hit,,never_hit,,never_hit,,never_hit,6.949999999999989,12,False,False,False,False,,6.949999999999989,12,False,False,False,False,,6.949999999999989,12,False,False,False,False,,6.949999999999989,12,False,False,False,False,,230.0,2022-11-11T13:21:00-05:00,2.9000000000000057,5947.039999999989,234.0,2022-11-11T13:25:00-05:00,2.8500000000000085,6047.039999999984,235.0,2022-11-11T13:26:00-05:00,2.8999999999999986,5947.040000000004,231.0,2022-11-11T13:22:00-05:00,3.049999999999997,5647.040000000006,379.0,2022-11-11T15:50:00-05:00,0.09999999999999432,11547.040000000014,4366.0,2022-11-14T10:17:00-05:00,1.9000000000000021,7947.039999999996,4367.0,2022-11-14T10:18:00-05:00,1.9499999999999993,7847.040000000002,380.0,2022-11-11T15:51:00-05:00,2.150000000000002,7447.039999999996,379.0,2022-11-11T15:50:00-05:00,0.09999999999999432,11547.040000000014,4473.0,2022-11-14T12:04:00-05:00,0.9499999999999993,9847.040000000003,4485.0,2022-11-14T12:16:00-05:00,0.8999999999999995,9947.040000000003,380.0,2022-11-11T15:51:00-05:00,2.150000000000002,7447.039999999996,379.0,2022-11-11T15:50:00-05:00,0.09999999999999432,11547.040000000014,4549.0,2022-11-14T13:20:00-05:00,0.32499999999999973,11097.04,4550.0,2022-11-14T13:21:00-05:00,0.25,11247.04,380.0,2022-11-11T15:51:00-05:00,2.150000000000002,7447.039999999996,661
2022-11-11,2022-11-14,3,7.0,2022-11-11T09:31:00-05:00,7.000000000000028,NDXP  221114P11650000,NDXP  221114P11640000,development,False,False,0,0,0,1,0,794,available,False,2022-11-11T09:31:00-05:00,2022-11-14T16:00:00-05:00,0.0,13747.040000000059,0.0,last_observed_quote_not_settlement,3916.0,0,0,5.699999999999989,2347.0400000000805,2022-11-11T09:32:00-05:00,0.0,5.949999999999989,1847.0400000000802,2022-11-11T09:33:00-05:00,0.0,6.0,1747.0400000000575,2022-11-11T09:36:00-05:00,0.0,5.75,2247.0400000000577,2022-11-11T09:41:00-05:00,0.0,5.799999999999983,2147.040000000092,2022-11-11T09:46:00-05:00,0.0,4.799999999999997,4147.040000000064,2022-11-11T10:01:00-05:00,0.0,3.950000000000003,5847.040000000052,2022-11-11T10:31:00-05:00,0.0,6.349999999999994,1047.0400000000689,2022-11-11T11:31:00-05:00,0.0,2.049999999999997,9647.040000000065,2022-11-11T16:00:00-05:00,0.0,,,2022-11-11T16:15:00-05:00,85500.0,,,2022-11-11T16:15:00-05:00,171900.0,0.0,13747.040000000059,2022-11-14T16:00:00-05:00,0.0,14.0,hit,16.0,hit,45.0,hit,219.0,hit,297.0,hit,4456.0,hit,4502.0,hit,,never_hit,,never_hit,0.0,hit,,never_hit,,never_hit,,never_hit,7.000000000000028,0,True,False,False,False,,7.000000000000028,0,True,False,False,False,,7.000000000000028,0,True,False,False,False,,7.000000000000028,0,True,False,False,False,,220.0,2022-11-11T13:11:00-05:00,2.9499999999999957,7847.040000000066,221.0,2022-11-11T13:12:00-05:00,2.8499999999999943,8047.040000000069,222.0,2022-11-11T13:13:00-05:00,2.8500000000000014,8047.0400000000545,221.0,2022-11-11T13:12:00-05:00,2.8499999999999943,8047.040000000069,313.0,2022-11-11T14:44:00-05:00,1.8999999999999986,9947.04000000006,328.0,2022-11-11T14:59:00-05:00,1.8500000000000014,10047.040000000055,329.0,2022-11-11T15:00:00-05:00,1.8500000000000014,10047.040000000055,314.0,2022-11-11T14:45:00-05:00,2.0500000000000043,9647.04000000005,4456.0,2022-11-14T11:47:00-05:00,0.7000000000000002,12347.040000000057,4459.0,2022-11-14T11:50:00-05:00,0.8500000000000005,12047.040000000057,4460.0,2022-11-14T11:51:00-05:00,0.9000000000000004,11947.040000000057,4457.0,2022-11-14T11:48:00-05:00,0.9500000000000011,11847.040000000055,4502.0,2022-11-14T12:33:00-05:00,0.42500000000000027,12897.040000000057,4503.0,2022-11-14T12:34:00-05:00,0.3500000000000001,13047.040000000057,4504.0,2022-11-14T12:35:00-05:00,0.3500000000000001,13047.040000000057,4503.0,2022-11-14T12:34:00-05:00,0.3500000000000001,13047.040000000057,662
2022-11-14,2022-11-16,2,5.0,2022-11-14T09:31:00-05:00,4.950000000000003,NDXP  221116P11720000,NDXP  221116P11710000,development,False,False,0,0,0,0,15,1200,available,False,2022-11-14T09:31:00-05:00,2022-11-16T16:00:00-05:00,7.300000000000001,-4952.9599999999955,0.0,last_observed_quote_not_settlement,1036.0,144,71,4.199999999999989,1247.040000000029,2022-11-14T09:32:00-05:00,0.0,4.75,147.0400000000064,2022-11-14T09:33:00-05:00,0.0,4.950000000000017,-252.96000000002772,2022-11-14T09:36:00-05:00,0.0,4.799999999999983,47.0400000000405,2022-11-14T09:41:00-05:00,0.0,5.350000000000023,-1052.9600000000391,2022-11-14T09:46:00-05:00,0.0,4.400000000000006,847.039999999995,2022-11-14T10:01:00-05:00,0.0,4.549999999999983,547.0400000000404,2022-11-14T10:31:00-05:00,0.0,4.450000000000017,747.0399999999722,2022-11-14T11:31:00-05:00,0.0,3.4000000000000057,2847.039999999995,2022-11-14T16:00:00-05:00,0.0,2.5500000000000043,4547.039999999998,2022-11-15T16:00:00-05:00,0.0,7.300000000000001,-4952.9599999999955,2022-11-16T16:00:00-05:00,0.0,,,,,0.0,hit,0.0,hit,8.0,hit,249.0,hit,1440.0,hit,1472.0,hit,,never_hit,19.0,hit,2958.0,hit,3219.0,hit,3228.0,hit,,never_hit,,never_hit,5.699999999999989,21,False,False,False,False,,5.700000000000003,25,False,False,False,False,,5.700000000000003,25,False,False,False,False,,,,True,True,False,False,4.350000000000003,249.0,2022-11-14T13:40:00-05:00,2.799999999999997,4047.040000000012,273.0,2022-11-14T14:04:00-05:00,2.75,4147.040000000006,1442.0,2022-11-15T09:33:00-05:00,1.1499999999999986,7347.040000000009,250.0,2022-11-14T13:41:00-05:00,3.1500000000000057,3347.039999999995,1440.0,2022-11-15T09:31:00-05:00,1.3000000000000007,7047.0400000000045,1441.0,2022-11-15T09:32:00-05:00,1.1999999999999957,7247.0400000000145,1442.0,2022-11-15T09:33:00-05:00,1.1499999999999986,7347.040000000009,1441.0,2022-11-15T09:32:00-05:00,1.1999999999999957,7247.0400000000145,1588.0,2022-11-15T11:59:00-05:00,0.9499999999999993,7747.040000000008,,,,,,,,,1589.0,2022-11-15T12:00:00-05:00,1.0,7647.040000000006,,,,,,,,,,,,,,,,,663
2022-11-14,2022-11-16,2,6.0,2022-11-14T09:31:00-05:00,5.949999999999989,NDXP  221116P11840000,NDXP  221116P11830000,development,False,False,0,0,0,16,15,1184,available,False,2022-11-14T09:31:00-05:00,2022-11-16T16:00:00-05:00,10.0,-8252.960000000021,0.0,last_observed_quote_not_settlement,1036.0,507,59,5.75,147.03999999997797,2022-11-14T09:32:00-05:00,0.0,6.550000000000011,-1452.9600000000448,2022-11-14T09:33:00-05:00,0.0,6.550000000000011,-1452.9600000000448,2022-11-14T09:36:00-05:00,0.0,6.449999999999989,-1252.9599999999994,2022-11-14T09:41:00-05:00,0.0,6.950000000000017,-2252.960000000056,2022-11-14T09:46:00-05:00,0.0,6.099999999999994,-552.9600000000107,2022-11-14T10:01:00-05:00,0.0,6.150000000000006,-652.9600000000335,2022-11-14T10:31:00-05:00,0.0,6.449999999999989,-1252.9599999999994,2022-11-14T11:31:00-05:00,0.0,7.199999999999989,-2752.959999999999,2022-11-14T16:00:00-05:00,0.0,4.050000000000011,3547.0399999999554,2022-11-15T16:00:00-05:00,0.0,10.0,-8252.960000000021,2022-11-16T16:00:00-05:00,0.0,,,,,41.0,hit,152.0,hit,158.0,hit,1440.0,hit,,never_hit,,never_hit,,never_hit,2.0,hit,15.0,hit,16.0,hit,2900.0,hit,2962.0,hit,2962.0,hit,7.899999999999977,134,True,False,False,False,,,,True,True,True,False,3.8999999999999844,,,True,True,True,False,3.8999999999999844,,,True,True,True,False,3.8999999999999844,1440.0,2022-11-15T09:31:00-05:00,2.8000000000000043,6047.039999999969,1441.0,2022-11-15T09:32:00-05:00,2.4499999999999957,6747.039999999986,1442.0,2022-11-15T09:33:00-05:00,2.25,7147.039999999978,1441.0,2022-11-15T09:32:00-05:00,2.4499999999999957,6747.039999999986,,,,,,,,,,,,,,,,,,,,,,,,,,,,,,,,,,,,,,,,,,,,,,,,,664
2022-11-14,2022-11-16,2,7.0,2022-11-14T09:31:00-05:00,7.050000000000011,NDXP  221116P11800000,NDXP  221116P11790000,development,False,False,0,0,1,14,15,1185,available,False,2022-11-14T09:31:00-05:00,2022-11-16T16:00:00-05:00,9.850000000000009,-5852.9599999999955,0.0,last_observed_quote_not_settlement,1036.0,280,85,6.550000000000011,747.0400000000006,2022-11-14T09:32:00-05:00,0.0,6.900000000000034,47.039999999955235,2022-11-14T09:33:00-05:00,0.0,6.850000000000023,147.03999999997797,2022-11-14T09:36:00-05:00,0.0,7.700000000000017,-1552.9600000000107,2022-11-14T09:41:00-05:00,0.0,7.800000000000011,-1752.9599999999994,2022-11-14T09:46:00-05:00,0.0,7.149999999999977,-452.9599999999311,2022-11-14T10:01:00-05:00,0.0,6.100000000000023,1647.039999999978,2022-11-14T10:31:00-05:00,0.0,6.25,1347.0400000000234,2022-11-14T11:31:00-05:00,0.0,4.699999999999989,4447.040000000046,2022-11-14T16:00:00-05:00,0.0,3.3999999999999986,7047.040000000026,2022-11-15T16:00:00-05:00,0.0,9.850000000000009,-5852.9599999999955,2022-11-16T16:00:00-05:00,0.0,,,,,45.0,hit,45.0,hit,45.0,hit,45.0,hit,1441.0,hit,,never_hit,,never_hit,7.0,hit,386.0,hit,0.0,hit,386.0,hit,387.0,hit,3161.0,hit,7.949999999999989,18,True,False,False,False,,9.200000000000017,41,True,True,True,True,,,,True,True,True,False,5.500000000000014,,,True,True,True,False,5.500000000000014,45.0,2022-11-14T10:16:00-05:00,2.8999999999999773,8047.040000000069,1441.0,2022-11-15T09:32:00-05:00,1.9500000000000028,9947.040000000019,1442.0,2022-11-15T09:33:00-05:00,1.9500000000000028,9947.040000000019,46.0,2022-11-14T10:17:00-05:00,7.100000000000023,-352.96000000002203,1470.0,2022-11-15T10:01:00-05:00,1.6500000000000021,10547.04000000002,1471.0,2022-11-15T10:02:00-05:00,1.7499999999999964,10347.040000000032,1472.0,2022-11-15T10:03:00-05:00,1.6999999999999957,10447.040000000034,1471.0,2022-11-15T10:02:00-05:00,1.7499999999999964,10347.040000000032,,,,,,,,,,,,,,,,,,,,,,,,,,,,,,,,,665
2022-11-14,2022-11-17,3,5.0,2022-11-14T09:31:00-05:00,5.050000000000011,NDXP  221117P11910000,NDXP  221117P11900000,development,False,False,0,0,0,61,0,1543,available,False,2022-11-14T09:31:00-05:00,2022-11-17T16:00:00-05:00,10.0,-10052.959999999975,0.0,last_observed_quote_not_settlement,1036.0,1084,164,6.049999999999983,-2252.9599999999423,2022-11-14T09:32:00-05:00,0.0,6.0,-2152.9599999999764,2022-11-14T09:33:00-05:00,0.0,4.5,847.0400000000234,2022-11-14T09:36:00-05:00,0.0,6.199999999999989,-2552.9599999999537,2022-11-14T09:41:00-05:00,0.0,6.350000000000023,-2852.960000000022,2022-11-14T09:46:00-05:00,0.0,5.699999999999989,-1552.9599999999539,2022-11-14T10:01:00-05:00,0.0,5.949999999999989,-2052.9599999999537,2022-11-14T10:31:00-05:00,0.0,5.199999999999989,-552.9599999999539,2022-11-14T11:31:00-05:00,0.0,6.750000000000028,-3652.9600000000332,2022-11-14T16:00:00-05:00,0.0,5.450000000000017,-1052.9600000000107,2022-11-15T16:00:00-05:00,0.0,8.150000000000006,-6452.95999999999,2022-11-16T16:00:00-05:00,0.0,10.0,-10052.959999999975,2022-11-17T16:00:00-05:00,0.0,0.0,hit,5.0,hit,46.0,hit,131.0,hit,,never_hit,,never_hit,,never_hit,1.0,hit,3.0,hit,4.0,hit,343.0,hit,2897.0,hit,4320.0,hit,7.900000000000006,115,True,False,False,False,,,,True,True,True,False,2.450000000000017,,,True,True,True,False,2.450000000000017,,,True,True,True,False,2.450000000000017,131.0,2022-11-14T11:42:00-05:00,2.75,4347.040000000024,,,,,,,,,132.0,2022-11-14T11:43:00-05:00,6.049999999999983,-2252.9599999999423,,,,,,,,,,,,,,,,,,,,,,,,,,,,,,,,,,,,,,,,,,,,,,,,,666
2022-11-14,2022-11-17,3,6.0,2022-11-14T09:31:00-05:00,6.149999999999977,NDXP  221117P11870000,NDXP  221117P11860000,development,False,False,0,0,0,51,0,1553,available,False,2022-11-14T09:31:00-05:00,2022-11-17T16:00:00-05:00,10.0,-7852.9600000000455,0.0,last_observed_quote_not_settlement,1037.0,824,118,5.5,1047.0399999999552,2022-11-14T09:32:00-05:00,0.0,5.2999999999999545,1447.0400000000461,2022-11-14T09:33:00-05:00,0.0,6.2999999999999545,-552.9599999999539,2022-11-14T09:36:00-05:00,0.0,5.749999999999972,547.040000000012,2022-11-14T09:41:00-05:00,0.0,5.899999999999977,247.04000000000067,2022-11-14T09:46:00-05:00,0.0,5.600000000000023,847.0399999999097,2022-11-14T10:01:00-05:00,0.0,5.350000000000023,1347.0399999999097,2022-11-14T10:31:00-05:00,0.0,6.999999999999972,-1952.959999999988,2022-11-14T11:31:00-05:00,0.0,7.449999999999989,-2852.960000000022,2022-11-14T16:00:00-05:00,0.0,2.3499999999999943,7347.039999999966,2022-11-15T16:00:00-05:00,0.0,7.949999999999989,-3852.960000000022,2022-11-16T16:00:00-05:00,0.0,10.0,-7852.9600000000455,2022-11-17T16:00:00-05:00,0.0,1.0,hit,187.0,hit,259.0,hit,1444.0,hit,,never_hit,,never_hit,,never_hit,13.0,hit,17.0,hit,17.0,hit,2961.0,hit,4321.0,hit,4321.0,hit,7.550000000000011,118,True,False,False,False,,,,True,True,True,False,3.799999999999983,,,True,True,True,False,3.799999999999983,,,True,True,True,False,3.799999999999983,1444.0,2022-11-15T09:35:00-05:00,2.6999999999999886,6647.039999999978,,,,,,,,,1445.0,2022-11-15T09:36:00-05:00,3.5,5047.039999999955,,,,,,,,,,,,,,,,,,,,,,,,,,,,,,,,,,,,,,,,,,,,,,,,,667
2022-11-14,2022-11-17,3,7.0,2022-11-14T09:31:00-05:00,6.9500000000000455,NDXP  221117P11920000,NDXP  221117P11910000,development,False,False,0,0,0,81,0,1523,available,False,2022-11-14T09:31:00-05:00,2022-11-17T16:00:00-05:00,10.0,-6252.959999999909,0.0,last_observed_quote_not_settlement,1036.0,726,82,5.949999999999989,1747.0400000001143,2022-11-14T09:32:00-05:00,0.0,6.5,647.0400000000916,2022-11-14T09:33:00-05:00,0.0,7.199999999999989,-752.9599999998857,2022-11-14T09:36:00-05:00,0.0,6.949999999999989,-252.9599999998856,2022-11-14T09:41:00-05:00,0.0,7.449999999999989,-1252.9599999998857,2022-11-14T09:46:00-05:00,0.0,6.800000000000011,47.04000000006892,2022-11-14T10:01:00-05:00,0.0,6.550000000000011,547.0400000000689,2022-11-14T10:31:00-05:00,0.0,8.300000000000011,-2952.9599999999327,2022-11-14T11:31:00-05:00,0.0,7.299999999999983,-952.9599999998743,2022-11-14T16:00:00-05:00,0.0,5.349999999999966,2947.04000000016,2022-11-15T16:00:00-05:00,0.0,8.75,-3852.95999999991,2022-11-16T16:00:00-05:00,0.0,10.0,-6252.959999999909,2022-11-17T16:00:00-05:00,0.0,177.0,hit,177.0,hit,1440.0,hit,,never_hit,,never_hit,,never_hit,,never_hit,12.0,hit,12.0,hit,5.0,hit,12.0,hit,2956.0,hit,3233.0,hit,,,True,True,True,False,3.900000000000034,,,True,True,True,False,3.900000000000034,,,True,True,True,False,3.900000000000034,,,True,True,True,False,3.900000000000034,,,,,,,,,,,,,,,,,,,,,,,,,,,,,,,,,,,,,,,,,,,,,,,,,,,,,,,,,,,,,,,,,668
2022-11-15,2022-11-17,2,5.0,2022-11-15T09:31:00-05:00,4.900000000000006,NDXP  221117P12000000,NDXP  221117P11990000,development,False,False,0,0,0,135,0,1064,available,False,2022-11-15T09:31:00-05:00,2022-11-17T16:00:00-05:00,10.0,-10352.959999999988,0.0,last_observed_quote_not_settlement,1036.0,903,71,4.650000000000006,247.04000000000067,2022-11-15T09:32:00-05:00,0.0,5.150000000000006,-752.9599999999994,2022-11-15T09:33:00-05:00,0.0,4.849999999999994,-152.95999999997656,2022-11-15T09:36:00-05:00,0.0,6.349999999999994,-3152.9599999999764,2022-11-15T09:41:00-05:00,0.0,6.499999999999972,-3452.959999999931,2022-11-15T09:46:00-05:00,0.0,4.849999999999994,-152.95999999997656,2022-11-15T10:01:00-05:00,0.0,4.599999999999994,347.04000000002344,2022-11-15T10:31:00-05:00,0.0,6.700000000000003,-3852.9599999999937,2022-11-15T11:31:00-05:00,0.0,7.25,-4952.959999999988,2022-11-15T16:00:00-05:00,0.0,,,2022-11-16T15:59:00-05:00,60.0,10.0,-10352.959999999988,2022-11-17T16:00:00-05:00,0.0,,,,,0.0,hit,0.0,hit,182.0,hit,,never_hit,,never_hit,,never_hit,,never_hit,8.0,hit,10.0,hit,16.0,hit,24.0,hit,1449.0,hit,1527.0,hit,,,True,True,True,False,1.200000000000017,,,True,True,True,False,1.200000000000017,,,True,True,True,False,1.200000000000017,,,True,True,True,False,1.200000000000017,,,,,,,,,,,,,,,,,,,,,,,,,,,,,,,,,,,,,,,,,,,,,,,,,,,,,,,,,,,,,,,,,669
2022-11-15,2022-11-17,2,6.0,2022-11-15T09:31:00-05:00,4.900000000000006,NDXP  221117P12000000,NDXP  221117P11990000,development,False,False,0,0,0,135,0,1064,available,False,2022-11-15T09:31:00-05:00,2022-11-17T16:00:00-05:00,10.0,-10352.959999999988,0.0,last_observed_quote_not_settlement,1036.0,903,71,4.650000000000006,247.04000000000067,2022-11-15T09:32:00-05:00,0.0,5.150000000000006,-752.9599999999994,2022-11-15T09:33:00-05:00,0.0,4.849999999999994,-152.95999999997656,2022-11-15T09:36:00-05:00,0.0,6.349999999999994,-3152.9599999999764,2022-11-15T09:41:00-05:00,0.0,6.499999999999972,-3452.959999999931,2022-11-15T09:46:00-05:00,0.0,4.849999999999994,-152.95999999997656,2022-11-15T10:01:00-05:00,0.0,4.599999999999994,347.04000000002344,2022-11-15T10:31:00-05:00,0.0,6.700000000000003,-3852.9599999999937,2022-11-15T11:31:00-05:00,0.0,7.25,-4952.959999999988,2022-11-15T16:00:00-05:00,0.0,,,2022-11-16T15:59:00-05:00,60.0,10.0,-10352.959999999988,2022-11-17T16:00:00-05:00,0.0,,,,,0.0,hit,0.0,hit,182.0,hit,,never_hit,,never_hit,,never_hit,,never_hit,8.0,hit,10.0,hit,16.0,hit,24.0,hit,1449.0,hit,1527.0,hit,,,True,True,True,False,1.200000000000017,,,True,True,True,False,1.200000000000017,,,True,True,True,False,1.200000000000017,,,True,True,True,False,1.200000000000017,,,,,,,,,,,,,,,,,,,,,,,,,,,,,,,,,,,,,,,,,,,,,,,,,,,,,,,,,,,,,,,,,670
2022-11-15,2022-11-17,2,7.0,2022-11-15T09:31:00-05:00,4.900000000000006,NDXP  221117P12000000,NDXP  221117P11990000,development,False,False,0,0,0,135,0,1064,available,False,2022-11-15T09:31:00-05:00,2022-11-17T16:00:00-05:00,10.0,-10352.959999999988,0.0,last_observed_quote_not_settlement,1036.0,903,71,4.650000000000006,247.04000000000067,2022-11-15T09:32:00-05:00,0.0,5.150000000000006,-752.9599999999994,2022-11-15T09:33:00-05:00,0.0,4.849999999999994,-152.95999999997656,2022-11-15T09:36:00-05:00,0.0,6.349999999999994,-3152.9599999999764,2022-11-15T09:41:00-05:00,0.0,6.499999999999972,-3452.959999999931,2022-11-15T09:46:00-05:00,0.0,4.849999999999994,-152.95999999997656,2022-11-15T10:01:00-05:00,0.0,4.599999999999994,347.04000000002344,2022-11-15T10:31:00-05:00,0.0,6.700000000000003,-3852.9599999999937,2022-11-15T11:31:00-05:00,0.0,7.25,-4952.959999999988,2022-11-15T16:00:00-05:00,0.0,,,2022-11-16T15:59:00-05:00,60.0,10.0,-10352.959999999988,2022-11-17T16:00:00-05:00,0.0,,,,,0.0,hit,0.0,hit,182.0,hit,,never_hit,,never_hit,,never_hit,,never_hit,8.0,hit,10.0,hit,16.0,hit,24.0,hit,1449.0,hit,1527.0,hit,,,True,True,True,False,1.200000000000017,,,True,True,True,False,1.200000000000017,,,True,True,True,False,1.200000000000017,,,True,True,True,False,1.200000000000017,,,,,,,,,,,,,,,,,,,,,,,,,,,,,,,,,,,,,,,,,,,,,,,,,,,,,,,,,,,,,,,,,671
2022-11-18,2022-11-21,3,5.0,2022-11-18T09:31:00-05:00,4.900000000000006,NDXP  221121P11790000,NDXP  221121P11780000,development,False,False,0,0,0,96,0,699,available,False,2022-11-18T09:31:00-05:00,2022-11-21T16:00:00-05:00,10.0,-10352.959999999988,0.0,last_observed_quote_not_settlement,3916.0,638,2,5.5,-1452.959999999988,2022-11-18T09:32:00-05:00,0.0,7.1499999999999915,-4752.959999999971,2022-11-18T09:33:00-05:00,0.0,5.300000000000011,-1052.9600000000107,2022-11-18T09:36:00-05:00,0.0,5.75,-1952.959999999988,2022-11-18T09:41:00-05:00,0.0,5.199999999999989,-852.9599999999652,2022-11-18T09:46:00-05:00,0.0,6.25,-2952.9599999999878,2022-11-18T10:01:00-05:00,0.0,6.449999999999989,-3352.959999999965,2022-11-18T10:31:00-05:00,0.0,6.900000000000006,-4252.959999999999,2022-11-18T11:31:00-05:00,0.0,8.100000000000023,-6652.9600000000355,2022-11-18T16:00:00-05:00,0.0,,,2022-11-18T16:15:00-05:00,85500.0,,,2022-11-18T16:15:00-05:00,171900.0,10.0,-10352.959999999988,2022-11-21T16:00:00-05:00,0.0,0.0,hit,0.0,hit,,never_hit,,never_hit,,never_hit,,never_hit,,never_hit,1.0,hit,2.0,hit,2.0,hit,58.0,hit,4325.0,hit,4328.0,hit,,,True,True,True,False,0.20000000000001705,,,True,True,True,False,0.20000000000001705,,,True,True,True,False,0.20000000000001705,,,True,True,True,False,0.20000000000001705,,,,,,,,,,,,,,,,,,,,,,,,,,,,,,,,,,,,,,,,,,,,,,,,,,,,,,,,,,,,,,,,,672
2022-11-18,2022-11-21,3,6.0,2022-11-18T09:31:00-05:00,6.0,NDXP  221121P11870000,NDXP  221121P11860000,development,False,False,0,0,0,91,0,704,available,False,2022-11-18T09:31:00-05:00,2022-11-21T16:00:00-05:00,10.0,-8152.96,0.0,last_observed_quote_not_settlement,3916.0,638,0,6.800000000000011,-1852.960000000022,2022-11-18T09:32:00-05:00,0.0,6.75,-1752.9599999999994,2022-11-18T09:33:00-05:00,0.0,6.549999999999983,-1352.9599999999652,2022-11-18T09:36:00-05:00,0.0,7.199999999999989,-2652.9599999999764,2022-11-18T09:41:00-05:00,0.0,8.700000000000017,-5652.9600000000355,2022-11-18T09:46:00-05:00,0.0,6.949999999999989,-2152.9599999999764,2022-11-18T10:01:00-05:00,0.0,7.75,-3752.959999999999,2022-11-18T10:31:00-05:00,0.0,8.200000000000017,-4652.9600000000355,2022-11-18T11:31:00-05:00,0.0,8.599999999999994,-5452.95999999999,2022-11-18T16:00:00-05:00,0.0,,,2022-11-18T16:15:00-05:00,85500.0,,,2022-11-18T16:15:00-05:00,171900.0,10.0,-8152.96,2022-11-21T16:00:00-05:00,0.0,,never_hit,,never_hit,,never_hit,,never_hit,,never_hit,,never_hit,,never_hit,1.0,hit,8.0,hit,8.0,hit,9.0,hit,32.0,hit,69.0,hit,,,True,True,True,False,0.0,,,True,True,True,False,0.0,,,True,True,True,False,0.0,,,True,True,True,False,0.0,,,,,,,,,,,,,,,,,,,,,,,,,,,,,,,,,,,,,,,,,,,,,,,,,,,,,,,,,,,,,,,,,673
2022-11-18,2022-11-21,3,7.0,2022-11-18T09:31:00-05:00,7.0,NDXP  221121P11820000,NDXP  221121P11810000,development,False,False,0,0,0,100,0,695,available,False,2022-11-18T09:31:00-05:00,2022-11-21T15:58:00-05:00,9.949999999999989,-6152.959999999978,2.0,last_observed_quote_not_settlement,3916.0,590,21,5.999999999999972,1747.0400000000575,2022-11-18T09:32:00-05:00,0.0,6.449999999999989,847.0400000000234,2022-11-18T09:33:00-05:00,0.0,6.200000000000003,1347.039999999995,2022-11-18T09:36:00-05:00,0.0,6.700000000000017,347.0399999999666,2022-11-18T09:41:00-05:00,0.0,6.199999999999989,1347.0400000000234,2022-11-18T09:46:00-05:00,0.0,7.25,-752.9599999999994,2022-11-18T10:01:00-05:00,0.0,8.149999999999977,-2552.9599999999555,2022-11-18T10:31:00-05:00,0.0,7.199999999999989,-652.9599999999766,2022-11-18T11:31:00-05:00,0.0,7.650000000000006,-1552.9600000000107,2022-11-18T16:00:00-05:00,0.0,,,2022-11-18T16:15:00-05:00,85500.0,,,2022-11-18T16:15:00-05:00,171900.0,,,2022-11-21T15:58:00-05:00,120.0,4.0,hit,4.0,hit,,never_hit,,never_hit,,never_hit,,never_hit,,never_hit,22.0,hit,33.0,hit,0.0,hit,33.0,hit,58.0,hit,58.0,hit,,,True,True,True,False,2.75,,,True,True,True,False,2.75,,,True,True,True,False,2.75,,,True,True,True,False,2.75,,,,,,,,,,,,,,,,,,,,,,,,,,,,,,,,,,,,,,,,,,,,,,,,,,,,,,,,,,,,,,,,,674
2022-11-21,2022-11-23,2,5.0,2022-11-21T09:31:00-05:00,5.0,NDXP  221123P11700000,NDXP  221123P11690000,development,False,False,0,0,0,6,0,1194,available,False,2022-11-21T09:31:00-05:00,2022-11-23T16:00:00-05:00,0.0,9747.04,0.0,last_observed_quote_not_settlement,1036.0,686,40,4.700000000000017,347.0399999999666,2022-11-21T09:32:00-05:00,0.0,5.400000000000006,-1052.9600000000107,2022-11-21T09:33:00-05:00,0.0,5.099999999999994,-452.95999999998793,2022-11-21T09:36:00-05:00,0.0,5.399999999999977,-1052.9599999999539,2022-11-21T09:41:00-05:00,0.0,5.700000000000017,-1652.9600000000335,2022-11-21T09:46:00-05:00,0.0,5.799999999999997,-1852.9599999999937,2022-11-21T10:01:00-05:00,0.0,7.349999999999966,-4952.959999999931,2022-11-21T10:31:00-05:00,0.0,6.5,-3252.959999999999,2022-11-21T11:31:00-05:00,0.0,6.999999999999972,-4252.959999999943,2022-11-21T16:00:00-05:00,0.0,3.9000000000000057,1947.0399999999893,2022-11-22T16:00:00-05:00,0.0,0.0,9747.04,2022-11-23T16:00:00-05:00,0.0,,,,,0.0,hit,0.0,hit,1683.0,hit,2885.0,hit,2889.0,hit,2909.0,hit,2909.0,hit,3.0,hit,25.0,hit,50.0,hit,63.0,hit,1466.0,hit,,never_hit,9.150000000000006,686,True,True,True,True,,9.150000000000006,686,True,True,True,True,,9.150000000000006,686,True,True,True,True,,9.150000000000006,686,True,True,True,True,,2885.0,2022-11-23T09:36:00-05:00,2.9499999999999993,3847.0400000000022,2889.0,2022-11-23T09:40:00-05:00,1.5,6747.040000000001,2890.0,2022-11-23T09:41:00-05:00,2.700000000000003,4347.039999999995,2886.0,2022-11-23T09:37:00-05:00,2.9999999999999964,3747.0400000000077,2889.0,2022-11-23T09:40:00-05:00,1.5,6747.040000000001,2898.0,2022-11-23T09:49:00-05:00,1.8500000000000014,6047.039999999998,2902.0,2022-11-23T09:53:00-05:00,1.6999999999999993,6347.040000000002,2890.0,2022-11-23T09:41:00-05:00,2.700000000000003,4347.039999999995,2909.0,2022-11-23T10:00:00-05:00,0.19999999999999574,9347.04000000001,2952.0,2022-11-23T10:43:00-05:00,0.8499999999999996,8047.040000000002,2953.0,2022-11-23T10:44:00-05:00,0.7999999999999989,8147.040000000004,2910.0,2022-11-23T10:01:00-05:00,1.6000000000000014,6547.039999999998,2909.0,2022-11-23T10:00:00-05:00,0.19999999999999574,9347.04000000001,2977.0,2022-11-23T11:08:00-05:00,0.4499999999999993,8847.040000000003,3174.0,2022-11-23T14:25:00-05:00,0.2999999999999998,9147.040000000003,2910.0,2022-11-23T10:01:00-05:00,1.6000000000000014,6547.039999999998,675
2022-11-21,2022-11-23,2,6.0,2022-11-21T09:31:00-05:00,6.149999999999977,NDXP  221123P11740000,NDXP  221123P11730000,development,False,False,0,0,0,1,0,1199,available,False,2022-11-21T09:31:00-05:00,2022-11-23T16:00:00-05:00,0.0,12047.039999999955,0.0,last_observed_quote_not_settlement,1036.0,727,21,5.800000000000011,447.0399999999325,2022-11-21T09:32:00-05:00,0.0,7.25,-2452.9600000000446,2022-11-21T09:33:00-05:00,0.0,6.399999999999977,-752.9599999999994,2022-11-21T09:36:00-05:00,0.0,6.299999999999983,-552.9600000000107,2022-11-21T09:41:00-05:00,0.0,6.350000000000023,-652.9600000000903,2022-11-21T09:46:00-05:00,0.0,6.199999999999989,-352.96000000002203,2022-11-21T10:01:00-05:00,0.0,7.150000000000006,-2252.960000000056,2022-11-21T10:31:00-05:00,0.0,7.25,-2452.9600000000446,2022-11-21T11:31:00-05:00,0.0,7.599999999999966,-3152.9599999999764,2022-11-21T16:00:00-05:00,0.0,5.550000000000011,947.0399999999324,2022-11-22T16:00:00-05:00,0.0,0.0,12047.039999999955,2022-11-23T16:00:00-05:00,0.0,,,,,19.0,hit,1806.0,hit,1837.0,hit,2896.0,hit,2904.0,hit,2909.0,hit,2909.0,hit,2.0,hit,2.0,hit,2.0,hit,75.0,hit,211.0,hit,,never_hit,9.200000000000017,726,True,True,True,True,,9.200000000000017,726,True,True,True,True,,9.200000000000017,726,True,True,True,True,,9.200000000000017,726,True,True,True,True,,2896.0,2022-11-23T09:47:00-05:00,2.6499999999999986,6747.039999999958,2901.0,2022-11-23T09:52:00-05:00,2.25,7547.039999999955,2902.0,2022-11-23T09:53:00-05:00,2.5500000000000007,6947.039999999954,2897.0,2022-11-23T09:48:00-05:00,3.0,6047.039999999955,2909.0,2022-11-23T10:00:00-05:00,0.0,12047.039999999955,2917.0,2022-11-23T10:08:00-05:00,1.75,8547.039999999955,2918.0,2022-11-23T10:09:00-05:00,1.9499999999999993,8147.039999999956,2910.0,2022-11-23T10:01:00-05:00,2.650000000000002,6747.039999999951,2909.0,2022-11-23T10:00:00-05:00,0.0,12047.039999999955,2985.0,2022-11-23T11:16:00-05:00,0.9499999999999993,10147.039999999957,2986.0,2022-11-23T11:17:00-05:00,0.9499999999999993,10147.039999999957,2910.0,2022-11-23T10:01:00-05:00,2.650000000000002,6747.039999999951,2909.0,2022-11-23T10:00:00-05:00,0.0,12047.039999999955,3178.0,2022-11-23T14:29:00-05:00,0.34999999999999987,11347.039999999957,3179.0,2022-11-23T14:30:00-05:00,0.25,11547.039999999955,2910.0,2022-11-23T10:01:00-05:00,2.650000000000002,6747.039999999951,676
2022-11-21,2022-11-23,2,7.0,2022-11-21T09:31:00-05:00,7.050000000000011,NDXP  221123P12070000,NDXP  221123P12060000,development,False,False,0,0,0,249,0,951,available,False,2022-11-21T09:31:00-05:00,2022-11-23T16:00:00-05:00,10.0,-6052.959999999977,0.0,last_observed_quote_not_settlement,1036.0,771,1,,,2022-11-21T09:31:00-05:00,60.0,5.199999999999989,3447.0400000000463,2022-11-21T09:33:00-05:00,0.0,9.5,-5152.959999999978,2022-11-21T09:36:00-05:00,0.0,9.449999999999989,-5052.9599999999555,2022-11-21T09:41:00-05:00,0.0,10.0,-6052.959999999977,2022-11-21T09:46:00-05:00,0.0,9.399999999999977,-4952.959999999933,2022-11-21T10:01:00-05:00,0.0,9.749999999999943,-5652.9599999998645,2022-11-21T10:31:00-05:00,0.0,,,2022-11-21T11:30:00-05:00,60.0,9.899999999999977,-5952.959999999933,2022-11-21T16:00:00-05:00,0.0,9.949999999999989,-6052.9599999999555,2022-11-22T16:00:00-05:00,0.0,10.0,-6052.959999999977,2022-11-23T16:00:00-05:00,0.0,,,,,2.0,hit,,never_hit,,never_hit,,never_hit,,never_hit,,never_hit,,never_hit,3.0,hit,3.0,hit,0.0,hit,3.0,hit,3.0,hit,4.0,hit,,,True,True,True,False,1.8500000000000227,,,True,True,True,False,1.8500000000000227,,,True,True,True,False,1.8500000000000227,,,True,True,True,False,1.8500000000000227,,,,,,,,,,,,,,,,,,,,,,,,,,,,,,,,,,,,,,,,,,,,,,,,,,,,,,,,,,,,,,,,,677
2022-11-22,2022-11-25,3,5.0,2022-11-22T09:31:00-05:00,4.900000000000006,NDXP  221125P11590000,NDXP  221125P11580000,development,False,False,0,0,0,1,0,1199,available,False,2022-11-22T09:31:00-05:00,2022-11-25T16:00:00-05:00,0.0,9547.040000000014,0.0,last_observed_quote_not_settlement,2476.0,54,13,5.0,-452.95999999998793,2022-11-22T09:32:00-05:00,0.0,5.049999999999997,-552.9599999999823,2022-11-22T09:33:00-05:00,0.0,5.099999999999994,-652.9599999999766,2022-11-22T09:36:00-05:00,0.0,4.849999999999994,-152.95999999997656,2022-11-22T09:41:00-05:00,0.0,6.100000000000023,-2652.9600000000332,2022-11-22T09:46:00-05:00,0.0,5.8500000000000085,-2152.960000000005,2022-11-22T10:01:00-05:00,0.0,5.650000000000006,-1752.9599999999994,2022-11-22T10:31:00-05:00,0.0,4.099999999999994,1347.0400000000234,2022-11-22T11:31:00-05:00,0.0,2.1000000000000014,5347.040000000009,2022-11-22T16:00:00-05:00,0.0,0.07500000000000018,9397.040000000012,2022-11-23T16:00:00-05:00,0.0,,,2022-11-23T16:15:00-05:00,85500.0,0.0,9547.040000000014,2022-11-25T16:00:00-05:00,0.0,0.0,hit,0.0,hit,55.0,hit,237.0,hit,379.0,hit,1461.0,hit,1469.0,hit,3.0,hit,9.0,hit,11.0,hit,11.0,hit,,never_hit,,never_hit,8.100000000000023,54,True,True,False,False,,8.100000000000023,54,True,True,False,False,,8.100000000000023,54,True,True,False,False,,8.100000000000023,54,True,True,False,False,,237.0,2022-11-22T13:28:00-05:00,2.9499999999999957,3647.0400000000204,308.0,2022-11-22T14:39:00-05:00,2.8999999999999986,3747.040000000015,332.0,2022-11-22T15:03:00-05:00,2.799999999999997,3947.0400000000177,238.0,2022-11-22T13:29:00-05:00,3.0,3547.0400000000122,379.0,2022-11-22T15:50:00-05:00,1.25,7047.040000000012,1444.0,2022-11-23T09:35:00-05:00,1.75,6047.040000000012,1445.0,2022-11-23T09:36:00-05:00,1.5500000000000007,6447.040000000011,380.0,2022-11-22T15:51:00-05:00,2.250000000000007,5047.039999999998,1461.0,2022-11-23T09:52:00-05:00,0.9000000000000004,7747.040000000011,1462.0,2022-11-23T09:53:00-05:00,0.9499999999999993,7647.040000000014,1463.0,2022-11-23T09:54:00-05:00,0.8499999999999996,7847.040000000013,1462.0,2022-11-23T09:53:00-05:00,0.9499999999999993,7647.040000000014,1469.0,2022-11-23T10:00:00-05:00,0.0,9547.040000000014,1540.0,2022-11-23T11:11:00-05:00,0.39999999999999947,8747.040000000014,1738.0,2022-11-23T14:29:00-05:00,0.34999999999999964,8847.040000000014,1470.0,2022-11-23T10:01:00-05:00,1.25,7047.040000000012,678
2022-11-22,2022-11-25,3,6.0,2022-11-22T09:31:00-05:00,5.8500000000000085,NDXP  221125P11610000,NDXP  221125P11600000,development,False,False,0,0,0,3,0,1197,available,False,2022-11-22T09:31:00-05:00,2022-11-25T16:00:00-05:00,0.0,11447.040000000019,0.0,last_observed_quote_not_settlement,2476.0,40,26,5.200000000000003,1047.040000000012,2022-11-22T09:32:00-05:00,0.0,5.3999999999999915,647.0400000000348,2022-11-22T09:33:00-05:00,0.0,5.700000000000003,47.04000000001208,2022-11-22T09:36:00-05:00,0.0,5.699999999999989,47.0400000000405,2022-11-22T09:41:00-05:00,0.0,6.0,-552.9599999999823,2022-11-22T09:46:00-05:00,0.0,5.949999999999989,-452.9599999999595,2022-11-22T10:01:00-05:00,0.0,6.1000000000000085,-752.9599999999994,2022-11-22T10:31:00-05:00,0.0,4.549999999999997,2347.0400000000236,2022-11-22T11:31:00-05:00,0.0,2.1000000000000014,7247.0400000000145,2022-11-22T16:00:00-05:00,0.0,0.7000000000000002,10047.040000000019,2022-11-23T16:00:00-05:00,0.0,,,2022-11-23T16:15:00-05:00,85500.0,0.0,11447.040000000019,2022-11-25T16:00:00-05:00,0.0,1.0,hit,41.0,hit,173.0,hit,334.0,hit,387.0,hit,1454.0,hit,1454.0,hit,7.0,hit,9.0,hit,9.0,hit,,never_hit,,never_hit,,never_hit,7.100000000000023,40,True,False,False,False,,7.100000000000023,40,True,False,False,False,,7.100000000000023,40,True,False,False,False,,7.100000000000023,40,True,False,False,False,,335.0,2022-11-22T15:06:00-05:00,2.9499999999999957,5547.040000000026,351.0,2022-11-22T15:22:00-05:00,2.75,5947.040000000018,352.0,2022-11-22T15:23:00-05:00,2.8499999999999943,5747.040000000029,336.0,2022-11-22T15:07:00-05:00,3.049999999999997,5347.040000000024,387.0,2022-11-22T15:58:00-05:00,1.6499999999999986,8147.04000000002,388.0,2022-11-22T15:59:00-05:00,1.8500000000000014,7747.0400000000145,1446.0,2022-11-23T09:37:00-05:00,1.6000000000000014,8247.040000000015,388.0,2022-11-22T15:59:00-05:00,1.8500000000000014,7747.0400000000145,1454.0,2022-11-23T09:45:00-05:00,0.05000000000000071,11347.040000000017,1477.0,2022-11-23T10:08:00-05:00,0.8499999999999996,9747.040000000019,1496.0,2022-11-23T10:27:00-05:00,0.9000000000000021,9647.040000000014,1455.0,2022-11-23T09:46:00-05:00,1.5,8447.040000000019,1454.0,2022-11-23T09:45:00-05:00,0.05000000000000071,11347.040000000017,1754.0,2022-11-23T14:45:00-05:00,0.34999999999999964,10747.040000000019,1755.0,2022-11-23T14:46:00-05:00,0.34999999999999964,10747.040000000019,1455.0,2022-11-23T09:46:00-05:00,1.5,8447.040000000019,679
2022-11-22,2022-11-25,3,7.0,2022-11-22T09:31:00-05:00,6.950000000000017,NDXP  221125P11740000,NDXP  221125P11730000,development,False,False,0,0,0,181,0,1019,available,False,2022-11-22T09:31:00-05:00,2022-11-25T12:59:00-05:00,0.15,13347.040000000035,181.0,last_observed_quote_not_settlement,2476.0,135,47,7.199999999999989,-752.9599999999425,2022-11-22T09:32:00-05:00,0.0,6.850000000000023,-52.96000000001066,2022-11-22T09:33:00-05:00,0.0,7.5,-1352.9599999999652,2022-11-22T09:36:00-05:00,0.0,8.25,-2852.959999999967,2022-11-22T09:41:00-05:00,0.0,8.349999999999994,-3052.9599999999555,2022-11-22T09:46:00-05:00,0.0,8.199999999999989,-2752.959999999944,2022-11-22T10:01:00-05:00,0.0,7.400000000000006,-1152.9599999999766,2022-11-22T10:31:00-05:00,0.0,7.0,-352.9599999999652,2022-11-22T11:31:00-05:00,0.0,4.699999999999989,4247.040000000057,2022-11-22T16:00:00-05:00,0.0,1.6000000000000014,10447.040000000034,2022-11-23T16:00:00-05:00,0.0,,,2022-11-23T16:15:00-05:00,85500.0,,,2022-11-25T12:59:00-05:00,10860.0,349.0,hit,361.0,hit,1448.0,hit,1461.0,hit,1505.0,hit,4394.0,hit,4498.0,hit,3.0,hit,8.0,hit,1.0,hit,8.0,hit,,never_hit,,never_hit,8.600000000000023,135,True,True,False,False,,8.600000000000023,135,True,True,False,False,,8.600000000000023,135,True,True,False,False,,8.600000000000023,135,True,True,False,False,,1461.0,2022-11-23T09:52:00-05:00,2.9499999999999957,7747.040000000044,1462.0,2022-11-23T09:53:00-05:00,2.799999999999997,8047.040000000041,1463.0,2022-11-23T09:54:00-05:00,2.799999999999997,8047.040000000041,1462.0,2022-11-23T09:53:00-05:00,2.799999999999997,8047.040000000041,1505.0,2022-11-23T10:36:00-05:00,1.9499999999999993,9747.040000000037,1546.0,2022-11-23T11:17:00-05:00,1.75,10147.040000000035,1547.0,2022-11-23T11:18:00-05:00,1.9000000000000057,9847.040000000025,1506.0,2022-11-23T10:37:00-05:00,2.1499999999999986,9347.040000000039,4394.0,2022-11-25T10:45:00-05:00,0.75,12147.040000000035,4395.0,2022-11-25T10:46:00-05:00,0.9499999999999993,11747.040000000037,4416.0,2022-11-25T11:07:00-05:00,0.8249999999999997,11997.040000000035,4395.0,2022-11-25T10:46:00-05:00,0.9499999999999993,11747.040000000037,4498.0,2022-11-25T12:29:00-05:00,0.375,12897.040000000035,4499.0,2022-11-25T12:30:00-05:00,0.375,12897.040000000035,4500.0,2022-11-25T12:31:00-05:00,0.44999999999999996,12747.040000000035,4499.0,2022-11-25T12:30:00-05:00,0.375,12897.040000000035,680
2022-11-23,2022-11-25,2,5.0,2022-11-23T09:31:00-05:00,4.950000000000003,NDXP  221125P11740000,NDXP  221125P11730000,development,False,False,0,0,0,181,0,614,available,False,2022-11-23T09:31:00-05:00,2022-11-25T12:59:00-05:00,0.15,9347.040000000006,181.0,last_observed_quote_not_settlement,2476.0,2,4,4.849999999999994,-52.95999999998224,2022-11-23T09:32:00-05:00,0.0,4.549999999999997,547.040000000012,2022-11-23T09:33:00-05:00,0.0,4.25,1147.0400000000063,2022-11-23T09:36:00-05:00,0.0,4.199999999999989,1247.040000000029,2022-11-23T09:41:00-05:00,0.0,3.6500000000000057,2347.039999999995,2022-11-23T09:46:00-05:00,0.0,3.5,2647.0400000000063,2022-11-23T10:01:00-05:00,0.0,2.4499999999999993,4747.040000000008,2022-11-23T10:31:00-05:00,0.0,2.3000000000000007,5047.0400000000045,2022-11-23T11:31:00-05:00,0.0,1.6000000000000014,6447.040000000004,2022-11-23T16:00:00-05:00,0.0,,,2022-11-23T16:15:00-05:00,85500.0,,,2022-11-25T12:59:00-05:00,10860.0,,,,,0.0,hit,0.0,hit,8.0,hit,21.0,hit,65.0,hit,2954.0,hit,3058.0,hit,379.0,hit,,never_hit,,never_hit,,never_hit,,never_hit,,never_hit,4.950000000000003,0,False,False,False,False,,4.950000000000003,0,False,False,False,False,,5.599999999999998,2,False,False,False,False,,5.599999999999998,2,False,False,False,False,,21.0,2022-11-23T09:52:00-05:00,2.9499999999999957,3747.040000000015,22.0,2022-11-23T09:53:00-05:00,2.799999999999997,4047.040000000012,23.0,2022-11-23T09:54:00-05:00,2.799999999999997,4047.040000000012,22.0,2022-11-23T09:53:00-05:00,2.799999999999997,4047.040000000012,65.0,2022-11-23T10:36:00-05:00,1.9499999999999993,5747.040000000008,106.0,2022-11-23T11:17:00-05:00,1.75,6147.040000000006,107.0,2022-11-23T11:18:00-05:00,1.9000000000000057,5847.039999999995,66.0,2022-11-23T10:37:00-05:00,2.1499999999999986,5347.040000000009,2954.0,2022-11-25T10:45:00-05:00,0.75,8147.040000000007,2955.0,2022-11-25T10:46:00-05:00,0.9499999999999993,7747.040000000008,2976.0,2022-11-25T11:07:00-05:00,0.8249999999999997,7997.040000000006,2955.0,2022-11-25T10:46:00-05:00,0.9499999999999993,7747.040000000008,3058.0,2022-11-25T12:29:00-05:00,0.375,8897.040000000008,3059.0,2022-11-25T12:30:00-05:00,0.375,8897.040000000008,3060.0,2022-11-25T12:31:00-05:00,0.44999999999999996,8747.040000000006,3059.0,2022-11-25T12:30:00-05:00,0.375,8897.040000000008,681
2022-11-23,2022-11-25,2,6.0,2022-11-23T09:31:00-05:00,6.25,NDXP  221125P11760000,NDXP  221125P11750000,development,False,False,0,0,0,0,0,795,available,False,2022-11-23T09:31:00-05:00,2022-11-25T16:00:00-05:00,3.4000000000000004,5447.04,0.0,last_observed_quote_not_settlement,2476.0,3,6,4.599999999999994,3047.0400000000122,2022-11-23T09:32:00-05:00,0.0,5.049999999999997,2147.0400000000063,2022-11-23T09:33:00-05:00,0.0,5.8999999999999915,447.04000000001776,2022-11-23T09:36:00-05:00,0.0,4.200000000000003,3847.039999999995,2022-11-23T09:41:00-05:00,0.0,4.25,3747.040000000001,2022-11-23T09:46:00-05:00,0.0,3.549999999999997,5147.040000000006,2022-11-23T10:01:00-05:00,0.0,2.8999999999999915,6447.040000000018,2022-11-23T10:31:00-05:00,0.0,2.699999999999992,6847.040000000016,2022-11-23T11:31:00-05:00,0.0,1.7999999999999972,8647.040000000008,2022-11-23T16:00:00-05:00,0.0,,,2022-11-23T16:15:00-05:00,85500.0,3.4000000000000004,5447.04,2022-11-25T16:00:00-05:00,0.0,,,,,1.0,hit,1.0,hit,11.0,hit,36.0,hit,320.0,hit,3062.0,hit,,never_hit,,never_hit,,never_hit,,never_hit,,never_hit,,never_hit,,never_hit,6.25,0,False,False,False,False,,6.450000000000003,3,False,False,False,False,,6.450000000000003,3,False,False,False,False,,,,False,False,False,False,5.45,36.0,2022-11-23T10:07:00-05:00,2.9499999999999957,6347.040000000009,37.0,2022-11-23T10:08:00-05:00,2.700000000000003,6847.039999999995,56.0,2022-11-23T10:27:00-05:00,2.8000000000000043,6647.039999999992,37.0,2022-11-23T10:08:00-05:00,2.700000000000003,6847.039999999995,320.0,2022-11-23T14:51:00-05:00,1.9499999999999957,8347.04000000001,321.0,2022-11-23T14:52:00-05:00,1.9000000000000021,8447.039999999997,349.0,2022-11-23T15:20:00-05:00,1.6500000000000004,8947.04,321.0,2022-11-23T14:52:00-05:00,1.9000000000000021,8447.039999999997,3062.0,2022-11-25T12:33:00-05:00,0.7999999999999998,10647.040000000003,,,,,,,,,3063.0,2022-11-25T12:34:00-05:00,2.05,8147.040000000002,,,,,,,,,,,,,,,,,682
2022-11-23,2022-11-25,2,7.0,2022-11-23T09:31:00-05:00,7.099999999999966,NDXP  221125P11870000,NDXP  221125P11860000,development,False,False,0,0,0,18,0,777,available,False,2022-11-23T09:31:00-05:00,2022-11-25T16:00:00-05:00,10.0,-5952.960000000068,0.0,last_observed_quote_not_settlement,2476.0,475,33,7.5,-1052.9600000000676,2022-11-23T09:32:00-05:00,0.0,7.299999999999983,-652.9600000000335,2022-11-23T09:33:00-05:00,0.0,7.249999999999972,-552.9600000000107,2022-11-23T09:36:00-05:00,0.0,6.8999999999999915,147.03999999994954,2022-11-23T09:41:00-05:00,0.0,8.599999999999994,-3252.960000000058,2022-11-23T09:46:00-05:00,0.0,6.800000000000011,347.03999999990975,2022-11-23T10:01:00-05:00,0.0,4.299999999999983,5347.039999999966,2022-11-23T10:31:00-05:00,0.0,5.1499999999999915,3647.0399999999495,2022-11-23T11:31:00-05:00,0.0,6.349999999999994,1247.0399999999438,2022-11-23T16:00:00-05:00,0.0,,,2022-11-23T16:15:00-05:00,85500.0,10.0,-5952.960000000068,2022-11-25T16:00:00-05:00,0.0,,,,,36.0,hit,36.0,hit,61.0,hit,,never_hit,,never_hit,,never_hit,,never_hit,6.0,hit,11.0,hit,0.0,hit,11.0,hit,208.0,hit,2880.0,hit,,,True,True,True,False,3.099999999999966,,,True,True,True,False,3.099999999999966,,,True,True,True,False,3.099999999999966,,,True,True,True,False,3.099999999999966,,,,,,,,,,,,,,,,,,,,,,,,,,,,,,,,,,,,,,,,,,,,,,,,,,,,,,,,,,,,,,,,,683
2022-11-25,2022-11-28,3,5.0,2022-11-25T09:31:00-05:00,5.0,NDXP  221128P11810000,NDXP  221128P11800000,development,False,False,0,0,0,42,0,753,available,False,2022-11-25T09:31:00-05:00,2022-11-28T15:57:00-05:00,9.950000000000017,-10152.96,3.0,last_observed_quote_not_settlement,3916.0,642,58,5.650000000000006,-1552.9600000000107,2022-11-25T09:32:00-05:00,0.0,5.799999999999997,-1852.9599999999937,2022-11-25T09:33:00-05:00,0.0,5.75,-1752.9599999999994,2022-11-25T09:36:00-05:00,0.0,5.1499999999999915,-552.9599999999823,2022-11-25T09:41:00-05:00,0.0,5.499999999999986,-1252.959999999971,2022-11-25T09:46:00-05:00,0.0,5.1000000000000085,-452.96000000001635,2022-11-25T10:01:00-05:00,0.0,4.599999999999994,547.040000000012,2022-11-25T10:31:00-05:00,0.0,5.75,-1752.9599999999994,2022-11-25T11:31:00-05:00,0.0,6.349999999999994,-2952.9599999999878,2022-11-25T16:00:00-05:00,0.0,,,2022-11-25T16:15:00-05:00,85500.0,,,2022-11-25T16:15:00-05:00,171900.0,,,2022-11-28T15:57:00-05:00,180.0,0.0,hit,0.0,hit,,never_hit,,never_hit,,never_hit,,never_hit,,never_hit,1.0,hit,4.0,hit,214.0,hit,4320.0,hit,4373.0,hit,4374.0,hit,,,True,True,True,False,0.9499999999999957,,,True,True,True,False,0.9499999999999957,,,True,True,True,False,0.9499999999999957,,,True,True,True,False,0.9499999999999957,,,,,,,,,,,,,,,,,,,,,,,,,,,,,,,,,,,,,,,,,,,,,,,,,,,,,,,,,,,,,,,,,684
2022-11-25,2022-11-28,3,6.0,2022-11-25T09:31:00-05:00,5.8999999999999915,NDXP  221128P11820000,NDXP  221128P11810000,development,False,False,0,0,0,35,0,760,available,False,2022-11-25T09:31:00-05:00,2022-11-28T16:00:00-05:00,10.0,-8352.960000000015,0.0,last_observed_quote_not_settlement,3916.0,623,58,6.0,-452.96000000001635,2022-11-25T09:32:00-05:00,0.0,5.450000000000003,647.0399999999779,2022-11-25T09:33:00-05:00,0.0,6.6499999999999915,-1752.9599999999994,2022-11-25T09:36:00-05:00,0.0,5.650000000000006,247.03999999997225,2022-11-25T09:41:00-05:00,0.0,5.750000000000014,47.039999999955235,2022-11-25T09:46:00-05:00,0.0,6.1000000000000085,-652.9600000000335,2022-11-25T10:01:00-05:00,0.0,5.900000000000006,-252.96000000002772,2022-11-25T10:31:00-05:00,0.0,5.799999999999997,-52.96000000001066,2022-11-25T11:31:00-05:00,0.0,6.5,-1452.9600000000164,2022-11-25T16:00:00-05:00,0.0,,,2022-11-25T16:15:00-05:00,85500.0,,,2022-11-25T16:15:00-05:00,171900.0,10.0,-8352.960000000015,2022-11-28T16:00:00-05:00,0.0,2.0,hit,46.0,hit,,never_hit,,never_hit,,never_hit,,never_hit,,never_hit,5.0,hit,152.0,hit,152.0,hit,4320.0,hit,4370.0,hit,4375.0,hit,,,True,True,True,False,1.59999999999998,,,True,True,True,False,1.59999999999998,,,True,True,True,False,1.59999999999998,,,True,True,True,False,1.59999999999998,,,,,,,,,,,,,,,,,,,,,,,,,,,,,,,,,,,,,,,,,,,,,,,,,,,,,,,,,,,,,,,,,685
2022-11-25,2022-11-28,3,7.0,2022-11-25T09:31:00-05:00,7.050000000000011,NDXP  221128P11880000,NDXP  221128P11870000,development,False,False,0,0,0,109,0,686,available,False,2022-11-25T09:31:00-05:00,2022-11-28T16:00:00-05:00,10.0,-6052.959999999977,0.0,last_observed_quote_not_settlement,3916.0,598,46,7.1499999999999915,-452.9599999999595,2022-11-25T09:32:00-05:00,0.0,6.75,347.04000000002344,2022-11-25T09:33:00-05:00,0.0,7.549999999999983,-1252.9599999999425,2022-11-25T09:36:00-05:00,0.0,6.650000000000006,547.040000000012,2022-11-25T09:41:00-05:00,0.0,6.700000000000017,447.03999999998933,2022-11-25T09:46:00-05:00,0.0,7.400000000000006,-952.959999999988,2022-11-25T10:01:00-05:00,0.0,6.950000000000003,-52.95999999998224,2022-11-25T10:31:00-05:00,0.0,7.449999999999989,-1052.9599999999539,2022-11-25T11:31:00-05:00,0.0,8.099999999999994,-2352.959999999967,2022-11-25T16:00:00-05:00,0.0,,,2022-11-25T16:15:00-05:00,85500.0,,,2022-11-25T16:15:00-05:00,171900.0,10.0,-6052.959999999977,2022-11-28T16:00:00-05:00,0.0,,never_hit,,never_hit,,never_hit,,never_hit,,never_hit,,never_hit,,never_hit,3.0,hit,4.0,hit,0.0,hit,4.0,hit,198.0,hit,4328.0,hit,,,True,True,True,False,0.950000000000017,,,True,True,True,False,0.950000000000017,,,True,True,True,False,0.950000000000017,,,True,True,True,False,0.950000000000017,,,,,,,,,,,,,,,,,,,,,,,,,,,,,,,,,,,,,,,,,,,,,,,,,,,,,,,,,,,,,,,,,686
2022-11-28,2022-11-30,2,5.0,2022-11-28T09:31:00-05:00,4.949999999999989,NDXP  221130P11710000,NDXP  221130P11700000,development,False,False,0,0,0,1,15,1198,available,False,2022-11-28T09:31:00-05:00,2022-11-30T16:00:00-05:00,0.0,9647.039999999979,0.0,last_observed_quote_not_settlement,1037.0,827,108,4.200000000000017,1247.0399999999438,2022-11-28T09:32:00-05:00,0.0,4.500000000000014,647.0399999999495,2022-11-28T09:33:00-05:00,0.0,4.1000000000000085,1447.0399999999609,2022-11-28T09:36:00-05:00,0.0,4.0,1647.039999999978,2022-11-28T09:41:00-05:00,0.0,3.549999999999983,2547.0400000000122,2022-11-28T09:46:00-05:00,0.0,4.200000000000017,1247.0399999999438,2022-11-28T10:01:00-05:00,0.0,5.75,-1852.960000000022,2022-11-28T10:31:00-05:00,0.0,4.950000000000003,-252.96000000002772,2022-11-28T11:31:00-05:00,0.0,6.25,-2852.960000000022,2022-11-28T16:00:00-05:00,0.0,7.799999999999983,-5952.959999999988,2022-11-29T16:00:00-05:00,0.0,0.0,9647.039999999979,2022-11-30T16:00:00-05:00,0.0,,,,,0.0,hit,0.0,hit,6.0,hit,203.0,hit,3155.0,hit,3157.0,hit,3168.0,hit,52.0,hit,52.0,hit,288.0,hit,1471.0,hit,1572.0,hit,1675.0,hit,6.349999999999994,40,False,False,False,False,,9.950000000000017,826,True,True,True,True,,9.950000000000017,826,True,True,True,True,,9.950000000000017,826,True,True,True,True,,203.0,2022-11-28T12:54:00-05:00,2.8500000000000085,3947.039999999961,3153.0,2022-11-30T14:04:00-05:00,2.1999999999999957,5247.039999999986,3154.0,2022-11-30T14:05:00-05:00,2.6000000000000014,4447.039999999975,204.0,2022-11-28T12:55:00-05:00,4.25,1147.039999999978,3155.0,2022-11-30T14:06:00-05:00,1.799999999999999,6047.03999999998,3156.0,2022-11-30T14:07:00-05:00,1.4499999999999993,6747.039999999979,3157.0,2022-11-30T14:08:00-05:00,1.0,7647.039999999978,3156.0,2022-11-30T14:07:00-05:00,1.4499999999999993,6747.039999999979,3165.0,2022-11-30T14:16:00-05:00,0.8999999999999995,7847.039999999979,3168.0,2022-11-30T14:19:00-05:00,0.375,8897.039999999979,3169.0,2022-11-30T14:20:00-05:00,0.15000000000000013,9347.039999999979,3166.0,2022-11-30T14:17:00-05:00,1.3999999999999995,6847.039999999979,3168.0,2022-11-30T14:19:00-05:00,0.375,8897.039999999979,3169.0,2022-11-30T14:20:00-05:00,0.15000000000000013,9347.039999999979,3170.0,2022-11-30T14:21:00-05:00,0.1499999999999999,9347.039999999979,3169.0,2022-11-30T14:20:00-05:00,0.15000000000000013,9347.039999999979,687
2022-11-28,2022-11-30,2,6.0,2022-11-28T09:31:00-05:00,6.0,NDXP  221130P11800000,NDXP  221130P11790000,development,False,False,0,0,0,31,15,1168,available,False,2022-11-28T09:31:00-05:00,2022-11-30T16:00:00-05:00,0.0,11747.04,0.0,last_observed_quote_not_settlement,1036.0,1015,37,6.750000000000028,-1752.9600000000562,2022-11-28T09:32:00-05:00,0.0,6.049999999999983,-352.9599999999652,2022-11-28T09:33:00-05:00,0.0,6.699999999999989,-1652.9599999999766,2022-11-28T09:36:00-05:00,0.0,6.25,-752.9599999999994,2022-11-28T09:41:00-05:00,0.0,5.8500000000000085,47.03999999998366,2022-11-28T09:46:00-05:00,0.0,6.0,-252.9599999999993,2022-11-28T10:01:00-05:00,0.0,5.899999999999977,-52.959999999953816,2022-11-28T10:31:00-05:00,0.0,7.649999999999977,-3552.9599999999537,2022-11-28T11:31:00-05:00,0.0,8.000000000000028,-4252.960000000058,2022-11-28T16:00:00-05:00,0.0,9.300000000000011,-6852.960000000024,2022-11-29T16:00:00-05:00,0.0,0.0,11747.04,2022-11-30T16:00:00-05:00,0.0,,,,,17.0,hit,17.0,hit,3159.0,hit,3159.0,hit,3166.0,hit,3175.0,hit,3175.0,hit,1.0,hit,19.0,hit,19.0,hit,63.0,hit,100.0,hit,103.0,hit,10.0,1015,True,True,True,True,,10.0,1015,True,True,True,True,,10.0,1015,True,True,True,True,,10.0,1015,True,True,True,True,,3159.0,2022-11-30T14:10:00-05:00,2.299999999999997,7147.040000000006,3167.0,2022-11-30T14:18:00-05:00,2.1999999999999993,7347.040000000002,3168.0,2022-11-30T14:19:00-05:00,1.9499999999999993,7847.040000000002,3160.0,2022-11-30T14:11:00-05:00,4.500000000000007,2747.0399999999863,3166.0,2022-11-30T14:17:00-05:00,1.6499999999999986,8447.040000000005,3169.0,2022-11-30T14:20:00-05:00,1.3000000000000007,9147.04,3170.0,2022-11-30T14:21:00-05:00,1.4000000000000004,8947.04,3167.0,2022-11-30T14:18:00-05:00,2.1999999999999993,7347.040000000002,3175.0,2022-11-30T14:26:00-05:00,0.20000000000000018,11347.04,3192.0,2022-11-30T14:43:00-05:00,0.5,10747.04,3214.0,2022-11-30T15:05:00-05:00,0.675,10397.04,,,,,3175.0,2022-11-30T14:26:00-05:00,0.20000000000000018,11347.04,3220.0,2022-11-30T15:11:00-05:00,0.07499999999999996,11597.04,3221.0,2022-11-30T15:12:00-05:00,0.0,11747.04,,,,,688
2022-11-28,2022-11-30,2,7.0,2022-11-28T09:31:00-05:00,6.949999999999989,NDXP  221130P11850000,NDXP  221130P11840000,development,False,False,0,0,0,55,15,1144,available,False,2022-11-28T09:31:00-05:00,2022-11-30T15:50:00-05:00,0.32499999999999996,12997.039999999979,10.0,last_observed_quote_not_settlement,1038.0,922,56,6.349999999999994,947.0399999999893,2022-11-28T09:32:00-05:00,0.0,6.599999999999994,447.03999999998933,2022-11-28T09:33:00-05:00,0.0,6.350000000000023,947.0399999999324,2022-11-28T09:36:00-05:00,0.0,6.300000000000011,1047.0399999999552,2022-11-28T09:41:00-05:00,0.0,5.950000000000017,1747.0399999999438,2022-11-28T09:46:00-05:00,0.0,6.349999999999994,947.0399999999893,2022-11-28T10:01:00-05:00,0.0,8.100000000000023,-2552.960000000069,2022-11-28T10:31:00-05:00,0.0,7.099999999999994,-552.9600000000107,2022-11-28T11:31:00-05:00,0.0,9.700000000000045,-5752.960000000115,2022-11-28T16:00:00-05:00,0.0,9.199999999999932,-4752.959999999887,2022-11-29T16:00:00-05:00,0.0,,,2022-11-30T15:50:00-05:00,600.0,,,,,3165.0,hit,3165.0,hit,3169.0,hit,3169.0,hit,3213.0,hit,3215.0,hit,3226.0,hit,54.0,hit,57.0,hit,36.0,hit,57.0,hit,238.0,hit,266.0,hit,10.0,922,True,True,True,True,,10.0,922,True,True,True,True,,10.0,922,True,True,True,True,,10.0,922,True,True,True,True,,3169.0,2022-11-30T14:20:00-05:00,2.849999999999998,7947.039999999982,3172.0,2022-11-30T14:23:00-05:00,2.8000000000000007,8047.039999999976,3177.0,2022-11-30T14:28:00-05:00,2.4499999999999993,8747.03999999998,3170.0,2022-11-30T14:21:00-05:00,3.5000000000000036,6647.039999999971,3213.0,2022-11-30T15:04:00-05:00,1.9499999999999993,9747.03999999998,3214.0,2022-11-30T15:05:00-05:00,1.6999999999999993,10247.03999999998,3215.0,2022-11-30T15:06:00-05:00,0.7999999999999998,12047.039999999979,3214.0,2022-11-30T15:05:00-05:00,1.6999999999999993,10247.03999999998,3215.0,2022-11-30T15:06:00-05:00,0.7999999999999998,12047.039999999979,3225.0,2022-11-30T15:16:00-05:00,0.9250000000000003,11797.039999999977,3226.0,2022-11-30T15:17:00-05:00,0.2749999999999999,13097.039999999979,3216.0,2022-11-30T15:07:00-05:00,1.5500000000000007,10547.039999999977,3226.0,2022-11-30T15:17:00-05:00,0.2749999999999999,13097.039999999979,3227.0,2022-11-30T15:18:00-05:00,0.25,13147.039999999979,3231.0,2022-11-30T15:22:00-05:00,0.02499999999999991,13597.039999999979,3227.0,2022-11-30T15:18:00-05:00,0.25,13147.039999999979,689
2022-11-28,2022-12-01,3,5.0,2022-11-28T09:31:00-05:00,4.949999999999989,NDXP  221201P11730000,NDXP  221201P11720000,development,False,False,0,0,0,41,0,1562,available,False,2022-11-28T09:31:00-05:00,2022-12-01T16:00:00-05:00,0.0,9647.039999999979,0.0,last_observed_quote_not_settlement,1037.0,982,68,4.700000000000017,247.03999999994383,2022-11-28T09:32:00-05:00,0.0,4.6000000000000085,447.0399999999609,2022-11-28T09:33:00-05:00,0.0,4.449999999999989,747.0400000000006,2022-11-28T09:36:00-05:00,0.0,4.1499999999999915,1347.039999999995,2022-11-28T09:41:00-05:00,0.0,4.050000000000011,1547.0399999999552,2022-11-28T09:46:00-05:00,0.0,4.450000000000017,747.0399999999438,2022-11-28T10:01:00-05:00,0.0,5.449999999999989,-1252.9599999999994,2022-11-28T10:31:00-05:00,0.0,5.300000000000011,-952.9600000000448,2022-11-28T11:31:00-05:00,0.0,6.400000000000006,-3152.9600000000332,2022-11-28T16:00:00-05:00,0.0,6.799999999999983,-3952.9599999999878,2022-11-29T16:00:00-05:00,0.0,,,2022-11-30T15:59:00-05:00,60.0,0.0,9647.039999999979,2022-12-01T16:00:00-05:00,0.0,0.0,hit,0.0,hit,4.0,hit,3157.0,hit,3169.0,hit,3182.0,hit,3258.0,hit,42.0,hit,42.0,hit,287.0,hit,1536.0,hit,1563.0,hit,1684.0,hit,10.0,982,True,True,True,True,,10.0,982,True,True,True,True,,10.0,982,True,True,True,True,,10.0,982,True,True,True,True,,3163.0,2022-11-30T14:14:00-05:00,2.8000000000000043,4047.039999999969,3164.0,2022-11-30T14:15:00-05:00,2.8999999999999915,3847.039999999995,3165.0,2022-11-30T14:16:00-05:00,2.8500000000000085,3947.039999999961,3164.0,2022-11-30T14:15:00-05:00,2.8999999999999915,3847.039999999995,3177.0,2022-11-30T14:28:00-05:00,1.6500000000000021,6347.039999999974,3178.0,2022-11-30T14:29:00-05:00,1.8000000000000007,6047.039999999976,3214.0,2022-11-30T15:05:00-05:00,1.8000000000000007,6047.039999999976,3178.0,2022-11-30T14:29:00-05:00,1.8000000000000007,6047.039999999976,3241.0,2022-11-30T15:32:00-05:00,0.8500000000000014,7947.039999999975,3242.0,2022-11-30T15:33:00-05:00,0.9000000000000004,7847.039999999977,3243.0,2022-11-30T15:34:00-05:00,0.7999999999999989,8047.03999999998,3242.0,2022-11-30T15:33:00-05:00,0.9000000000000004,7847.039999999977,3258.0,2022-11-30T15:49:00-05:00,0.3000000000000007,9047.039999999977,4325.0,2022-12-01T09:36:00-05:00,0.07499999999999996,9497.039999999979,4326.0,2022-12-01T09:37:00-05:00,0.025000000000000133,9597.039999999979,3259.0,2022-11-30T15:50:00-05:00,0.8499999999999996,7947.039999999979,690
2022-11-28,2022-12-01,3,6.0,2022-11-28T09:31:00-05:00,6.050000000000011,NDXP  221201P11860000,NDXP  221201P11850000,development,False,False,0,0,0,20,0,1584,available,False,2022-11-28T09:31:00-05:00,2022-12-01T16:00:00-05:00,0.0,11847.040000000025,0.0,last_observed_quote_not_settlement,1036.0,978,84,5.75,347.04000000002344,2022-11-28T09:32:00-05:00,0.0,7.349999999999966,-2852.959999999908,2022-11-28T09:33:00-05:00,0.0,5.600000000000023,647.0399999999779,2022-11-28T09:36:00-05:00,0.0,6.549999999999983,-1252.9599999999425,2022-11-28T09:41:00-05:00,0.0,6.25,-652.9599999999766,2022-11-28T09:46:00-05:00,0.0,6.700000000000017,-1552.9600000000107,2022-11-28T10:01:00-05:00,0.0,8.849999999999966,-5852.95999999991,2022-11-28T10:31:00-05:00,0.0,6.400000000000034,-952.9600000000448,2022-11-28T11:31:00-05:00,0.0,8.350000000000023,-4852.960000000024,2022-11-28T16:00:00-05:00,0.0,9.200000000000045,-6552.960000000069,2022-11-29T16:00:00-05:00,0.0,0.6499999999999986,10547.040000000026,2022-11-30T16:00:00-05:00,0.0,0.0,11847.040000000025,2022-12-01T16:00:00-05:00,0.0,16.0,hit,74.0,hit,103.0,hit,3174.0,hit,3263.0,hit,3269.0,hit,4325.0,hit,2.0,hit,2.0,hit,2.0,hit,52.0,hit,303.0,hit,1523.0,hit,10.0,977,True,True,True,True,,10.0,977,True,True,True,True,,10.0,977,True,True,True,True,,10.0,977,True,True,True,True,,3174.0,2022-11-30T14:25:00-05:00,2.6999999999999886,6447.040000000046,3227.0,2022-11-30T15:18:00-05:00,2.9000000000000057,6047.040000000012,3237.0,2022-11-30T15:28:00-05:00,2.799999999999997,6247.040000000029,3175.0,2022-11-30T14:26:00-05:00,4.349999999999994,3147.040000000035,3266.0,2022-11-30T15:57:00-05:00,1.9000000000000021,8047.040000000019,3269.0,2022-11-30T16:00:00-05:00,0.6499999999999986,10547.040000000026,3270.0,2022-11-30T16:01:00-05:00,1.75,8347.040000000025,3267.0,2022-11-30T15:58:00-05:00,2.1499999999999986,7547.040000000026,3269.0,2022-11-30T16:00:00-05:00,0.6499999999999986,10547.040000000026,4323.0,2022-12-01T09:34:00-05:00,0.8500000000000005,10147.040000000023,4327.0,2022-12-01T09:38:00-05:00,0.8499999999999996,10147.040000000025,3270.0,2022-11-30T16:01:00-05:00,1.75,8347.040000000025,4325.0,2022-12-01T09:36:00-05:00,0.4499999999999993,10947.040000000026,4336.0,2022-12-01T09:47:00-05:00,0.40000000000000036,11047.040000000023,4337.0,2022-12-01T09:48:00-05:00,0.050000000000000266,11747.040000000023,4326.0,2022-12-01T09:37:00-05:00,0.7000000000000002,10447.040000000025,691
2022-11-28,2022-12-01,3,7.0,2022-11-28T09:31:00-05:00,6.949999999999989,NDXP  221201P11870000,NDXP  221201P11860000,development,False,False,0,0,0,40,0,1564,available,False,2022-11-28T09:31:00-05:00,2022-12-01T16:00:00-05:00,0.0,13647.039999999979,0.0,last_observed_quote_not_settlement,1037.0,928,82,6.699999999999989,247.04000000000067,2022-11-28T09:32:00-05:00,0.0,6.550000000000011,547.0399999999552,2022-11-28T09:33:00-05:00,0.0,6.649999999999977,347.04000000002344,2022-11-28T09:36:00-05:00,0.0,6.25,1147.039999999978,2022-11-28T09:41:00-05:00,0.0,5.950000000000017,1747.0399999999438,2022-11-28T09:46:00-05:00,0.0,6.549999999999983,547.040000000012,2022-11-28T10:01:00-05:00,0.0,7.700000000000017,-1752.9600000000562,2022-11-28T10:31:00-05:00,0.0,7.699999999999989,-1752.9599999999994,2022-11-28T11:31:00-05:00,0.0,8.199999999999932,-2752.9599999998873,2022-11-28T16:00:00-05:00,0.0,9.249999999999943,-4852.95999999991,2022-11-29T16:00:00-05:00,0.0,3.849999999999998,5947.039999999982,2022-11-30T16:00:00-05:00,0.0,0.0,13647.039999999979,2022-12-01T16:00:00-05:00,0.0,3156.0,hit,3167.0,hit,3169.0,hit,3227.0,hit,3270.0,hit,4320.0,hit,4334.0,hit,58.0,hit,88.0,hit,4.0,hit,88.0,hit,291.0,hit,370.0,hit,10.0,928,True,True,True,True,,10.0,928,True,True,True,True,,10.0,928,True,True,True,True,,10.0,928,True,True,True,True,,3241.0,2022-11-30T15:32:00-05:00,2.8500000000000014,7947.039999999975,3242.0,2022-11-30T15:33:00-05:00,2.6999999999999957,8247.039999999988,3243.0,2022-11-30T15:34:00-05:00,2.75,8147.039999999978,3242.0,2022-11-30T15:33:00-05:00,2.6999999999999957,8247.039999999988,3270.0,2022-11-30T16:01:00-05:00,1.8500000000000014,9947.039999999975,3271.0,2022-11-30T16:02:00-05:00,1.6000000000000014,10447.039999999975,3272.0,2022-11-30T16:03:00-05:00,1.9000000000000021,9847.039999999975,3271.0,2022-11-30T16:02:00-05:00,1.6000000000000014,10447.039999999975,4320.0,2022-12-01T09:31:00-05:00,0.8499999999999996,11947.039999999979,4323.0,2022-12-01T09:34:00-05:00,0.8999999999999986,11847.03999999998,4324.0,2022-12-01T09:35:00-05:00,0.5500000000000007,12547.039999999977,4321.0,2022-12-01T09:32:00-05:00,1.1500000000000004,11347.039999999979,4334.0,2022-12-01T09:45:00-05:00,0.0,13647.039999999979,4337.0,2022-12-01T09:48:00-05:00,0.0,13647.039999999979,4338.0,2022-12-01T09:49:00-05:00,0.1499999999999999,13347.039999999979,4335.0,2022-12-01T09:46:00-05:00,0.7250000000000005,12197.039999999977,692
2022-11-29,2022-12-01,2,5.0,2022-11-29T09:31:00-05:00,4.949999999999989,NDXP  221201P11620000,NDXP  221201P11610000,development,False,False,0,0,0,7,15,1191,available,False,2022-11-29T09:31:00-05:00,2022-12-01T16:00:00-05:00,0.0,9647.039999999979,0.0,last_observed_quote_not_settlement,1037.0,599,55,4.650000000000006,347.0399999999666,2022-11-29T09:32:00-05:00,0.0,4.999999999999986,-352.9599999999936,2022-11-29T09:33:00-05:00,0.0,5.5,-1352.960000000022,2022-11-29T09:36:00-05:00,0.0,4.900000000000006,-152.9600000000334,2022-11-29T09:41:00-05:00,0.0,5.550000000000011,-1452.9600000000448,2022-11-29T09:46:00-05:00,0.0,4.649999999999977,347.04000000002344,2022-11-29T10:01:00-05:00,0.0,4.3999999999999915,847.039999999995,2022-11-29T10:31:00-05:00,0.0,6.399999999999977,-3152.9599999999764,2022-11-29T11:31:00-05:00,0.0,6.2999999999999545,-2952.959999999931,2022-11-29T16:00:00-05:00,0.0,0.3250000000000002,8997.039999999979,2022-11-30T16:00:00-05:00,0.0,0.0,9647.039999999979,2022-12-01T16:00:00-05:00,0.0,,,,,0.0,hit,0.0,hit,47.0,hit,90.0,hit,1716.0,hit,1729.0,hit,1738.0,hit,4.0,hit,27.0,hit,27.0,hit,244.0,hit,,never_hit,,never_hit,7.25,53,True,False,False,False,,8.100000000000023,599,True,True,False,False,,8.100000000000023,599,True,True,False,False,,8.100000000000023,599,True,True,False,False,,90.0,2022-11-29T11:01:00-05:00,2.8999999999999773,3847.0400000000236,1709.0,2022-11-30T14:00:00-05:00,2.75,4147.039999999978,1710.0,2022-11-30T14:01:00-05:00,2.3000000000000043,5047.039999999969,91.0,2022-11-29T11:02:00-05:00,4.899999999999977,-152.95999999997656,1716.0,2022-11-30T14:07:00-05:00,1.7999999999999972,6047.039999999984,1721.0,2022-11-30T14:12:00-05:00,1.9499999999999993,5747.039999999979,1722.0,2022-11-30T14:13:00-05:00,1.7000000000000028,6247.039999999973,1717.0,2022-11-30T14:08:00-05:00,1.9500000000000028,5747.039999999973,1729.0,2022-11-30T14:20:00-05:00,0.8499999999999979,7947.039999999982,1730.0,2022-11-30T14:21:00-05:00,0.8000000000000007,8047.039999999976,1764.0,2022-11-30T14:55:00-05:00,0.7999999999999989,8047.03999999998,1730.0,2022-11-30T14:21:00-05:00,0.8000000000000007,8047.039999999976,1738.0,2022-11-30T14:29:00-05:00,0.4499999999999993,8747.03999999998,1794.0,2022-11-30T15:25:00-05:00,0.39999999999999947,8847.039999999979,1795.0,2022-11-30T15:26:00-05:00,0.40000000000000036,8847.039999999979,1739.0,2022-11-30T14:30:00-05:00,1.0,7647.039999999978,693
2022-11-29,2022-12-01,2,6.0,2022-11-29T09:31:00-05:00,5.949999999999989,NDXP  221201P11760000,NDXP  221201P11750000,development,False,False,0,0,1,28,15,1170,available,False,2022-11-29T09:31:00-05:00,2022-12-01T15:57:00-05:00,0.0,11647.039999999979,3.0,last_observed_quote_not_settlement,1037.0,623,55,6.199999999999989,-752.9599999999994,2022-11-29T09:32:00-05:00,0.0,5.550000000000011,547.0399999999552,2022-11-29T09:33:00-05:00,0.0,5.900000000000034,-152.96000000009025,2022-11-29T09:36:00-05:00,0.0,7.25,-2852.960000000022,2022-11-29T09:41:00-05:00,0.0,5.899999999999977,-152.95999999997656,2022-11-29T09:46:00-05:00,0.0,5.0,1647.039999999978,2022-11-29T10:01:00-05:00,0.0,7.150000000000034,-2652.96000000009,2022-11-29T10:31:00-05:00,0.0,8.799999999999955,-5952.959999999933,2022-11-29T11:31:00-05:00,0.0,7.949999999999932,-4252.959999999885,2022-11-29T16:00:00-05:00,0.0,0.5999999999999996,10447.039999999979,2022-11-30T16:00:00-05:00,0.0,,,2022-12-01T15:57:00-05:00,180.0,,,,,3.0,hit,4.0,hit,1710.0,hit,1719.0,hit,1734.0,hit,1820.0,hit,2881.0,hit,6.0,hit,6.0,hit,6.0,hit,7.0,hit,108.0,hit,199.0,hit,9.899999999999977,623,True,True,True,True,,9.899999999999977,623,True,True,True,True,,9.899999999999977,623,True,True,True,True,,9.899999999999977,623,True,True,True,True,,1719.0,2022-11-30T14:10:00-05:00,2.9000000000000057,5847.039999999966,1727.0,2022-11-30T14:18:00-05:00,2.799999999999997,6047.039999999984,1728.0,2022-11-30T14:19:00-05:00,2.700000000000003,6247.039999999973,1720.0,2022-11-30T14:11:00-05:00,3.5999999999999943,4447.039999999989,1734.0,2022-11-30T14:25:00-05:00,1.7000000000000028,8247.039999999974,1783.0,2022-11-30T15:14:00-05:00,1.9499999999999993,7747.039999999979,1784.0,2022-11-30T15:15:00-05:00,1.8999999999999986,7847.039999999981,1735.0,2022-11-30T14:26:00-05:00,2.700000000000003,6247.039999999973,1825.0,2022-11-30T15:56:00-05:00,0.8500000000000014,9947.039999999975,1826.0,2022-11-30T15:57:00-05:00,0.9000000000000004,9847.039999999979,1827.0,2022-11-30T15:58:00-05:00,0.7999999999999989,10047.03999999998,1826.0,2022-11-30T15:57:00-05:00,0.9000000000000004,9847.039999999979,2881.0,2022-12-01T09:32:00-05:00,0.3250000000000002,10997.039999999979,2882.0,2022-12-01T09:33:00-05:00,0.35000000000000053,10947.039999999977,2883.0,2022-12-01T09:34:00-05:00,0.14999999999999947,11347.039999999979,2882.0,2022-12-01T09:33:00-05:00,0.35000000000000053,10947.039999999977,694
2022-11-29,2022-12-01,2,7.0,2022-11-29T09:31:00-05:00,7.0,NDXP  221201P11750000,NDXP  221201P11740000,development,False,False,0,0,0,5,15,1193,available,False,2022-11-29T09:31:00-05:00,2022-12-01T16:00:00-05:00,0.0,13747.04,0.0,last_observed_quote_not_settlement,1037.0,564,116,7.099999999999994,-452.95999999998793,2022-11-29T09:32:00-05:00,0.0,8.199999999999989,-2652.959999999978,2022-11-29T09:33:00-05:00,0.0,7.75,-1752.9599999999994,2022-11-29T09:36:00-05:00,0.0,7.299999999999983,-852.9599999999652,2022-11-29T09:41:00-05:00,0.0,8.050000000000011,-2352.9600000000237,2022-11-29T09:46:00-05:00,0.0,6.750000000000028,247.03999999994383,2022-11-29T10:01:00-05:00,0.0,6.099999999999966,1547.0400000000689,2022-11-29T10:31:00-05:00,0.0,7.600000000000023,-1452.9600000000448,2022-11-29T11:31:00-05:00,0.0,7.899999999999977,-2052.9599999999537,2022-11-29T16:00:00-05:00,0.0,0.5750000000000002,12597.04,2022-11-30T16:00:00-05:00,0.0,0.0,13747.04,2022-12-01T16:00:00-05:00,0.0,,,,,31.0,hit,1689.0,hit,1708.0,hit,1724.0,hit,1735.0,hit,1804.0,hit,1824.0,hit,2.0,hit,2.0,hit,0.0,hit,2.0,hit,25.0,hit,257.0,hit,9.75,563,True,True,True,True,,9.75,563,True,True,True,True,,9.75,563,True,True,True,True,,9.75,563,True,True,True,True,,1724.0,2022-11-30T14:15:00-05:00,2.9499999999999886,7847.040000000024,1727.0,2022-11-30T14:18:00-05:00,2.549999999999997,8647.040000000008,1728.0,2022-11-30T14:19:00-05:00,2.549999999999997,8647.040000000008,1725.0,2022-11-30T14:16:00-05:00,2.999999999999993,7747.0400000000145,1744.0,2022-11-30T14:35:00-05:00,1.75,10247.04,1776.0,2022-11-30T15:07:00-05:00,1.8999999999999986,9947.040000000005,1780.0,2022-11-30T15:11:00-05:00,1.7000000000000028,10347.039999999995,1745.0,2022-11-30T14:36:00-05:00,2.3499999999999943,9047.040000000014,1804.0,2022-11-30T15:35:00-05:00,0.8999999999999986,11947.040000000005,1821.0,2022-11-30T15:52:00-05:00,0.9499999999999993,11847.040000000003,1825.0,2022-11-30T15:56:00-05:00,0.8000000000000007,12147.04,1805.0,2022-11-30T15:36:00-05:00,1.049999999999999,11647.040000000005,2881.0,2022-12-01T09:32:00-05:00,0.3249999999999993,13097.040000000003,2882.0,2022-12-01T09:33:00-05:00,0.2999999999999998,13147.040000000003,2883.0,2022-12-01T09:34:00-05:00,0.15000000000000036,13447.04,2882.0,2022-12-01T09:33:00-05:00,0.2999999999999998,13147.040000000003,695
2022-11-29,2022-12-02,3,5.0,2022-11-29T09:31:00-05:00,5.050000000000011,NDXP  221202P11630000,NDXP  221202P11620000,development,False,False,0,0,0,75,0,1528,available,False,2022-11-29T09:31:00-05:00,2022-12-02T16:00:00-05:00,0.0,9847.040000000025,0.0,last_observed_quote_not_settlement,1037.0,571,64,5.199999999999989,-552.9599999999539,2022-11-29T09:32:00-05:00,0.0,5.050000000000011,-252.9599999999993,2022-11-29T09:33:00-05:00,0.0,5.25,-652.9599999999766,2022-11-29T09:36:00-05:00,0.0,5.099999999999994,-352.9599999999652,2022-11-29T09:41:00-05:00,0.0,5.400000000000006,-952.959999999988,2022-11-29T09:46:00-05:00,0.0,5.650000000000006,-1452.959999999988,2022-11-29T10:01:00-05:00,0.0,4.800000000000011,247.04000000000067,2022-11-29T10:31:00-05:00,0.0,6.300000000000011,-2752.959999999999,2022-11-29T11:31:00-05:00,0.0,6.049999999999983,-2252.9599999999423,2022-11-29T16:00:00-05:00,0.0,1.5,6847.040000000024,2022-11-30T16:00:00-05:00,0.0,0.25,9347.040000000025,2022-12-01T16:00:00-05:00,0.0,0.0,9847.040000000025,2022-12-02T16:00:00-05:00,0.0,0.0,hit,3.0,hit,1658.0,hit,1710.0,hit,1719.0,hit,1820.0,hit,1827.0,hit,19.0,hit,19.0,hit,245.0,hit,,never_hit,,never_hit,,never_hit,7.349999999999994,571,True,False,False,False,,7.349999999999994,571,True,False,False,False,,7.349999999999994,571,True,False,False,False,,7.349999999999994,571,True,False,False,False,,1715.0,2022-11-30T14:06:00-05:00,2.8500000000000085,4147.040000000006,1716.0,2022-11-30T14:07:00-05:00,2.75,4347.040000000024,1717.0,2022-11-30T14:08:00-05:00,2.8999999999999915,4047.040000000041,1716.0,2022-11-30T14:07:00-05:00,2.75,4347.040000000024,1719.0,2022-11-30T14:10:00-05:00,1.3000000000000043,7247.0400000000145,1730.0,2022-11-30T14:21:00-05:00,1.8999999999999986,6047.040000000026,1731.0,2022-11-30T14:22:00-05:00,1.5500000000000043,6747.0400000000145,1720.0,2022-11-30T14:11:00-05:00,2.75,4347.040000000024,1821.0,2022-11-30T15:52:00-05:00,0.8000000000000007,8247.040000000023,1822.0,2022-11-30T15:53:00-05:00,0.9000000000000004,8047.040000000023,1823.0,2022-11-30T15:54:00-05:00,0.9499999999999993,7947.0400000000245,1822.0,2022-11-30T15:53:00-05:00,0.9000000000000004,8047.040000000023,2885.0,2022-12-01T09:36:00-05:00,0.40000000000000036,9047.040000000023,2896.0,2022-12-01T09:47:00-05:00,0.3500000000000014,9147.04000000002,2897.0,2022-12-01T09:48:00-05:00,0.39999999999999947,9047.040000000025,2886.0,2022-12-01T09:37:00-05:00,0.6000000000000005,8647.040000000023,696
2022-11-29,2022-12-02,3,6.0,2022-11-29T09:31:00-05:00,6.0,NDXP  221202P11730000,NDXP  221202P11720000,development,False,False,0,0,0,33,0,1571,available,False,2022-11-29T09:31:00-05:00,2022-12-02T16:00:00-05:00,0.0,11747.04,0.0,last_observed_quote_not_settlement,1036.0,595,58,6.199999999999989,-652.9599999999766,2022-11-29T09:32:00-05:00,0.0,6.099999999999994,-452.95999999998793,2022-11-29T09:33:00-05:00,0.0,6.100000000000023,-452.9600000000448,2022-11-29T09:36:00-05:00,0.0,6.149999999999977,-552.9599999999539,2022-11-29T09:41:00-05:00,0.0,6.350000000000023,-952.9600000000448,2022-11-29T09:46:00-05:00,0.0,5.400000000000006,947.0399999999893,2022-11-29T10:01:00-05:00,0.0,6.099999999999966,-452.9599999999311,2022-11-29T10:31:00-05:00,0.0,7.100000000000023,-2452.9600000000446,2022-11-29T11:31:00-05:00,0.0,6.949999999999989,-2152.9599999999764,2022-11-29T16:00:00-05:00,0.0,,,2022-11-30T15:59:00-05:00,60.0,0.6999999999999993,10347.040000000003,2022-12-01T16:00:00-05:00,0.0,0.0,11747.04,2022-12-02T16:00:00-05:00,0.0,21.0,hit,1606.0,hit,1715.0,hit,1718.0,hit,1802.0,hit,2886.0,hit,2894.0,hit,17.0,hit,99.0,hit,99.0,hit,109.0,hit,,never_hit,,never_hit,8.700000000000045,595,True,True,False,False,,8.700000000000045,595,True,True,False,False,,8.700000000000045,595,True,True,False,False,,8.700000000000045,595,True,True,False,False,,1729.0,2022-11-30T14:20:00-05:00,2.5,6747.040000000001,1730.0,2022-11-30T14:21:00-05:00,2.9499999999999957,5847.040000000009,1731.0,2022-11-30T14:22:00-05:00,2.8999999999999986,5947.040000000004,1730.0,2022-11-30T14:21:00-05:00,2.9499999999999957,5847.040000000009,1804.0,2022-11-30T15:35:00-05:00,1.8499999999999979,8047.0400000000045,1805.0,2022-11-30T15:36:00-05:00,1.9000000000000057,7947.039999999989,1806.0,2022-11-30T15:37:00-05:00,1.8999999999999986,7947.040000000004,1805.0,2022-11-30T15:36:00-05:00,1.9000000000000057,7947.039999999989,2888.0,2022-12-01T09:39:00-05:00,0.9499999999999993,9847.040000000003,2894.0,2022-12-01T09:45:00-05:00,0.45000000000000107,10847.039999999999,2895.0,2022-12-01T09:46:00-05:00,0.8999999999999986,9947.040000000005,2889.0,2022-12-01T09:40:00-05:00,1.0999999999999979,9547.040000000006,2909.0,2022-12-01T10:00:00-05:00,0.29999999999999716,11147.040000000008,4439.0,2022-12-02T11:30:00-05:00,0.3249999999999993,11097.040000000003,4440.0,2022-12-02T11:31:00-05:00,0.42500000000000027,10897.04,2910.0,2022-12-01T10:01:00-05:00,0.8000000000000007,10147.04,697
2022-11-29,2022-12-02,3,7.0,2022-11-29T09:31:00-05:00,6.899999999999977,NDXP  221202P11800000,NDXP  221202P11790000,development,False,False,0,0,0,42,0,1562,available,False,2022-11-29T09:31:00-05:00,2022-12-02T16:00:00-05:00,0.0,13547.039999999955,0.0,last_observed_quote_not_settlement,1036.0,526,151,6.550000000000011,447.0399999999325,2022-11-29T09:32:00-05:00,0.0,7.449999999999989,-1352.960000000022,2022-11-29T09:33:00-05:00,0.0,6.800000000000011,-52.9600000000675,2022-11-29T09:36:00-05:00,0.0,6.75,47.039999999955235,2022-11-29T09:41:00-05:00,0.0,7.5,-1452.9600000000448,2022-11-29T09:46:00-05:00,0.0,6.75,47.039999999955235,2022-11-29T10:01:00-05:00,0.0,7.5,-1452.9600000000448,2022-11-29T10:31:00-05:00,0.0,8.049999999999955,-2552.9599999999555,2022-11-29T11:31:00-05:00,0.0,6.150000000000034,1247.039999999887,2022-11-29T16:00:00-05:00,0.0,0.9999999999999929,11547.03999999997,2022-11-30T16:00:00-05:00,0.0,1.25,11047.039999999955,2022-12-01T16:00:00-05:00,0.0,0.0,13547.039999999955,2022-12-02T16:00:00-05:00,0.0,40.0,hit,1713.0,hit,1715.0,hit,1787.0,hit,1829.0,hit,1829.0,hit,2909.0,hit,2.0,hit,4.0,hit,2.0,hit,4.0,hit,109.0,hit,306.0,hit,9.799999999999955,526,True,True,True,True,,9.799999999999955,526,True,True,True,True,,9.799999999999955,526,True,True,True,True,,9.799999999999955,526,True,True,True,True,,1787.0,2022-11-30T15:18:00-05:00,2.8999999999999986,7747.039999999958,1792.0,2022-11-30T15:23:00-05:00,2.8999999999999915,7747.039999999973,1797.0,2022-11-30T15:28:00-05:00,2.9000000000000057,7747.039999999944,1788.0,2022-11-30T15:19:00-05:00,3.0500000000000043,7447.039999999946,1829.0,2022-11-30T16:00:00-05:00,0.9999999999999929,11547.03999999997,1836.0,2022-11-30T16:07:00-05:00,1.8500000000000014,9847.039999999954,1837.0,2022-11-30T16:08:00-05:00,1.8999999999999986,9747.039999999959,1830.0,2022-11-30T16:01:00-05:00,2.1499999999999986,9247.039999999959,2894.0,2022-12-01T09:45:00-05:00,0.6500000000000021,12247.039999999952,4451.0,2022-12-02T11:42:00-05:00,0.5750000000000002,12397.039999999955,4452.0,2022-12-02T11:43:00-05:00,0.6999999999999993,12147.039999999957,2895.0,2022-12-01T09:46:00-05:00,1.3499999999999979,10847.03999999996,2909.0,2022-12-01T10:00:00-05:00,0.0,13547.039999999955,4456.0,2022-12-02T11:47:00-05:00,0.44999999999999973,12647.039999999955,4483.0,2022-12-02T12:14:00-05:00,0.40000000000000036,12747.039999999955,2910.0,2022-12-01T10:01:00-05:00,1.3999999999999986,10747.039999999959,698
2022-11-30,2022-12-02,2,5.0,2022-11-30T09:31:00-05:00,4.949999999999989,NDXP  221202P11560000,NDXP  221202P11550000,development,False,False,0,0,0,165,0,1033,available,False,2022-11-30T09:31:00-05:00,2022-12-02T15:54:00-05:00,0.0,9647.039999999979,6.0,last_observed_quote_not_settlement,1037.0,71,87,5.450000000000017,-1252.9600000000562,2022-11-30T09:32:00-05:00,0.0,4.849999999999994,-52.96000000001066,2022-11-30T09:33:00-05:00,0.0,4.850000000000023,-52.9600000000675,2022-11-30T09:36:00-05:00,0.0,5.5,-1352.960000000022,2022-11-30T09:41:00-05:00,0.0,5.100000000000023,-552.9600000000676,2022-11-30T09:46:00-05:00,0.0,5.0,-352.96000000002203,2022-11-30T10:01:00-05:00,0.0,3.4000000000000057,2847.0399999999668,2022-11-30T10:31:00-05:00,0.0,5.100000000000023,-552.9600000000676,2022-11-30T11:31:00-05:00,0.0,0.29999999999999893,9047.03999999998,2022-11-30T16:00:00-05:00,0.0,,,2022-12-01T15:59:00-05:00,60.0,,,2022-12-02T15:54:00-05:00,360.0,,,,,0.0,hit,0.0,hit,9.0,hit,267.0,hit,276.0,hit,294.0,hit,379.0,hit,1.0,hit,85.0,hit,201.0,hit,,never_hit,,never_hit,,never_hit,7.100000000000023,70,True,False,False,False,,7.100000000000023,70,True,False,False,False,,7.100000000000023,70,True,False,False,False,,7.100000000000023,70,True,False,False,False,,268.0,2022-11-30T13:59:00-05:00,2.5999999999999943,4447.039999999989,269.0,2022-11-30T14:00:00-05:00,2.500000000000007,4647.039999999964,270.0,2022-11-30T14:01:00-05:00,2.5,4647.039999999978,269.0,2022-11-30T14:00:00-05:00,2.500000000000007,4647.039999999964,276.0,2022-11-30T14:07:00-05:00,1.8999999999999986,5847.039999999981,277.0,2022-11-30T14:08:00-05:00,1.6499999999999986,6347.039999999981,281.0,2022-11-30T14:12:00-05:00,1.4500000000000028,6747.039999999973,277.0,2022-11-30T14:08:00-05:00,1.6499999999999986,6347.039999999981,299.0,2022-11-30T14:30:00-05:00,0.7999999999999972,8047.039999999984,339.0,2022-11-30T15:10:00-05:00,0.8999999999999986,7847.039999999981,340.0,2022-11-30T15:11:00-05:00,0.9499999999999993,7747.039999999979,300.0,2022-11-30T14:31:00-05:00,1.4499999999999993,6747.039999999979,379.0,2022-11-30T15:50:00-05:00,0.0,9647.039999999979,404.0,2022-11-30T16:15:00-05:00,0.39999999999999947,8847.039999999979,1443.0,2022-12-01T09:34:00-05:00,0.3000000000000007,9047.039999999977,380.0,2022-11-30T15:51:00-05:00,0.5999999999999979,8447.039999999983,699
2022-11-30,2022-12-02,2,6.0,2022-11-30T09:31:00-05:00,6.050000000000011,NDXP  221202P11650000,NDXP  221202P11640000,development,False,False,0,0,1,2,0,1196,available,False,2022-11-30T09:31:00-05:00,2022-12-02T16:00:00-05:00,0.0,11847.040000000025,0.0,last_observed_quote_not_settlement,1037.0,92,100,4.950000000000017,1947.0399999999893,2022-11-30T09:32:00-05:00,0.0,7.5,-3152.9599999999764,2022-11-30T09:33:00-05:00,0.0,5.550000000000011,747.0400000000006,2022-11-30T09:36:00-05:00,0.0,5.150000000000006,1547.040000000012,2022-11-30T09:41:00-05:00,0.0,5.5,847.0400000000234,2022-11-30T09:46:00-05:00,0.0,5.900000000000006,47.04000000001208,2022-11-30T10:01:00-05:00,0.0,5.749999999999972,347.0400000000803,2022-11-30T10:31:00-05:00,0.0,5.549999999999983,747.0400000000575,2022-11-30T11:31:00-05:00,0.0,3.049999999999999,5747.040000000025,2022-11-30T16:00:00-05:00,0.0,0.2749999999999999,11297.040000000023,2022-12-01T16:00:00-05:00,0.0,0.0,11847.040000000025,2022-12-02T16:00:00-05:00,0.0,,,,,1.0,hit,1.0,hit,8.0,hit,250.0,hit,289.0,hit,364.0,hit,1446.0,hit,2.0,hit,2.0,hit,2.0,hit,,never_hit,,never_hit,,never_hit,7.800000000000011,92,True,False,False,False,,7.800000000000011,92,True,False,False,False,,7.800000000000011,92,True,False,False,False,,7.800000000000011,92,True,False,False,False,,250.0,2022-11-30T13:41:00-05:00,2.75,6347.040000000024,281.0,2022-11-30T14:12:00-05:00,2.8500000000000014,6147.040000000021,282.0,2022-11-30T14:13:00-05:00,2.8999999999999986,6047.040000000026,251.0,2022-11-30T13:42:00-05:00,4.25,3347.0400000000236,298.0,2022-11-30T14:29:00-05:00,1.9499999999999957,7947.040000000032,332.0,2022-11-30T15:03:00-05:00,1.9499999999999957,7947.040000000032,333.0,2022-11-30T15:04:00-05:00,1.8999999999999915,8047.040000000041,299.0,2022-11-30T14:30:00-05:00,2.0,7847.040000000024,374.0,2022-11-30T15:45:00-05:00,0.8999999999999986,10047.040000000026,391.0,2022-11-30T16:02:00-05:00,0.9000000000000004,10047.040000000023,392.0,2022-11-30T16:03:00-05:00,0.8499999999999996,10147.040000000025,375.0,2022-11-30T15:46:00-05:00,1.25,9347.040000000025,1446.0,2022-12-01T09:37:00-05:00,0.3999999999999986,11047.040000000026,1455.0,2022-12-01T09:46:00-05:00,0.4499999999999993,10947.040000000026,1456.0,2022-12-01T09:47:00-05:00,0.40000000000000036,11047.040000000023,1447.0,2022-12-01T09:38:00-05:00,0.6500000000000021,10547.04000000002,700
2022-11-30,2022-12-02,2,7.0,2022-11-30T09:31:00-05:00,7.0,NDXP  221202P11740000,NDXP  221202P11730000,development,False,False,0,0,0,17,0,1182,available,False,2022-11-30T09:31:00-05:00,2022-12-02T16:00:00-05:00,0.0,13747.04,0.0,last_observed_quote_not_settlement,1036.0,78,78,7.599999999999966,-1452.9599999999311,2022-11-30T09:32:00-05:00,0.0,7.449999999999989,-1152.9599999999766,2022-11-30T09:33:00-05:00,0.0,6.599999999999994,547.040000000012,2022-11-30T09:36:00-05:00,0.0,6.850000000000023,47.039999999955235,2022-11-30T09:41:00-05:00,0.0,6.25,1247.0400000000006,2022-11-30T09:46:00-05:00,0.0,6.75,247.04000000000067,2022-11-30T10:01:00-05:00,0.0,7.25,-752.9599999999994,2022-11-30T10:31:00-05:00,0.0,6.749999999999972,247.04000000005752,2022-11-30T11:31:00-05:00,0.0,1.4000000000000021,10947.039999999997,2022-11-30T16:00:00-05:00,0.0,0.7500000000000018,12247.039999999997,2022-12-01T16:00:00-05:00,0.0,0.0,13747.04,2022-12-02T16:00:00-05:00,0.0,,,,,141.0,hit,141.0,hit,250.0,hit,279.0,hit,279.0,hit,1446.0,hit,1763.0,hit,1.0,hit,8.0,hit,0.0,hit,8.0,hit,8.0,hit,,never_hit,9.099999999999966,78,True,True,True,True,,9.099999999999966,78,True,True,True,True,,9.099999999999966,78,True,True,True,True,,9.099999999999966,78,True,True,True,True,,279.0,2022-11-30T14:10:00-05:00,1.9499999999999886,9847.040000000025,292.0,2022-11-30T14:23:00-05:00,2.8500000000000014,8047.039999999998,293.0,2022-11-30T14:24:00-05:00,2.9499999999999957,7847.040000000009,280.0,2022-11-30T14:11:00-05:00,4.550000000000011,4647.039999999978,279.0,2022-11-30T14:10:00-05:00,1.9499999999999886,9847.040000000025,381.0,2022-11-30T15:52:00-05:00,1.8499999999999979,10047.040000000006,387.0,2022-11-30T15:58:00-05:00,1.5999999999999979,10547.040000000006,280.0,2022-11-30T14:11:00-05:00,4.550000000000011,4647.039999999978,1453.0,2022-12-01T09:44:00-05:00,0.9000000000000021,11947.039999999997,1454.0,2022-12-01T09:45:00-05:00,0.5499999999999989,12647.040000000005,1455.0,2022-12-01T09:46:00-05:00,0.9000000000000021,11947.039999999997,1454.0,2022-12-01T09:45:00-05:00,0.5499999999999989,12647.040000000005,1819.0,2022-12-01T15:50:00-05:00,0.025000000000000355,13697.04,2997.0,2022-12-02T11:28:00-05:00,0.375,12997.04,2998.0,2022-12-02T11:29:00-05:00,0.375,12997.04,1820.0,2022-12-01T15:51:00-05:00,0.6000000000000014,12547.039999999999,701
2022-12-02,2022-12-05,3,5.0,2022-12-02T09:31:00-05:00,5.0,NDXP  221205P11870000,NDXP  221205P11860000,development,False,False,0,0,0,33,0,762,available,False,2022-12-02T09:31:00-05:00,2022-12-05T16:00:00-05:00,10.0,-10152.96,0.0,last_observed_quote_not_settlement,3916.0,210,42,6.6499999999999915,-3552.9599999999823,2022-12-02T09:32:00-05:00,0.0,4.400000000000006,947.0399999999893,2022-12-02T09:33:00-05:00,0.0,4.699999999999989,347.04000000002344,2022-12-02T09:36:00-05:00,0.0,4.599999999999994,547.040000000012,2022-12-02T09:41:00-05:00,0.0,4.900000000000006,-52.96000000001066,2022-12-02T09:46:00-05:00,0.0,4.5,747.0400000000006,2022-12-02T10:01:00-05:00,0.0,4.3999999999999915,947.0400000000177,2022-12-02T10:31:00-05:00,0.0,4.149999999999999,1447.0400000000036,2022-12-02T11:31:00-05:00,0.0,1.8999999999999986,5947.040000000004,2022-12-02T16:00:00-05:00,0.0,,,2022-12-02T16:15:00-05:00,85500.0,,,2022-12-02T16:15:00-05:00,171900.0,10.0,-10152.96,2022-12-05T16:00:00-05:00,0.0,0.0,hit,0.0,hit,19.0,hit,161.0,hit,327.0,hit,379.0,hit,,never_hit,1.0,hit,1.0,hit,4471.0,hit,4505.0,hit,4512.0,hit,4523.0,hit,6.949999999999989,12,False,False,False,False,,6.949999999999989,12,False,False,False,False,,6.949999999999989,12,False,False,False,False,,,,True,True,True,False,4.400000000000002,164.0,2022-12-02T12:15:00-05:00,2.9000000000000057,3947.0399999999895,323.0,2022-12-02T14:54:00-05:00,2.7500000000000036,4247.039999999994,324.0,2022-12-02T14:55:00-05:00,2.6499999999999986,4447.040000000004,165.0,2022-12-02T12:16:00-05:00,3.1499999999999986,3447.0400000000036,335.0,2022-12-02T15:06:00-05:00,1.8000000000000007,6147.039999999999,342.0,2022-12-02T15:13:00-05:00,1.75,6247.040000000001,343.0,2022-12-02T15:14:00-05:00,1.7000000000000028,6347.039999999995,336.0,2022-12-02T15:07:00-05:00,2.400000000000002,4947.039999999996,379.0,2022-12-02T15:50:00-05:00,0.5999999999999979,8547.040000000006,,,,,,,,,380.0,2022-12-02T15:51:00-05:00,2.5,4747.040000000001,,,,,,,,,,,,,,,,,702
2022-12-02,2022-12-05,3,6.0,2022-12-02T09:31:00-05:00,6.0,NDXP  221205P11930000,NDXP  221205P11920000,development,False,False,0,0,0,12,0,783,available,False,2022-12-02T09:31:00-05:00,2022-12-05T16:00:00-05:00,10.0,-8152.96,0.0,last_observed_quote_not_settlement,3916.0,334,63,5.75,247.04000000000067,2022-12-02T09:32:00-05:00,0.0,4.799999999999997,2147.0400000000063,2022-12-02T09:33:00-05:00,0.0,5.400000000000006,947.0399999999893,2022-12-02T09:36:00-05:00,0.0,5.650000000000006,447.03999999998933,2022-12-02T09:41:00-05:00,0.0,5.750000000000014,247.03999999997225,2022-12-02T09:46:00-05:00,0.0,6.3500000000000085,-952.9600000000164,2022-12-02T10:01:00-05:00,0.0,6.549999999999997,-1352.9599999999937,2022-12-02T10:31:00-05:00,0.0,5.1499999999999915,1447.0400000000177,2022-12-02T11:31:00-05:00,0.0,3.0,5747.040000000001,2022-12-02T16:00:00-05:00,0.0,,,2022-12-02T16:15:00-05:00,85500.0,,,2022-12-02T16:15:00-05:00,171900.0,10.0,-8152.96,2022-12-05T16:00:00-05:00,0.0,2.0,hit,2.0,hit,9.0,hit,339.0,hit,,never_hit,,never_hit,,never_hit,11.0,hit,25.0,hit,25.0,hit,4382.0,hit,4445.0,hit,4484.0,hit,7.5,31,True,False,False,False,,,,True,True,True,False,3.5,,,True,True,True,False,3.5,,,True,True,True,False,3.5,339.0,2022-12-02T15:10:00-05:00,2.8499999999999943,6047.040000000012,342.0,2022-12-02T15:13:00-05:00,2.849999999999998,6047.0400000000045,343.0,2022-12-02T15:14:00-05:00,2.6999999999999957,6347.040000000009,340.0,2022-12-02T15:11:00-05:00,3.0,5747.040000000001,,,,,,,,,,,,,,,,,,,,,,,,,,,,,,,,,,,,,,,,,,,,,,,,,703
2022-12-02,2022-12-05,3,7.0,2022-12-02T09:31:00-05:00,7.0,NDXP  221205P12270000,NDXP  221205P12260000,development,False,False,0,0,0,137,0,658,available,False,2022-12-02T09:31:00-05:00,2022-12-05T16:00:00-05:00,10.0,-6152.96,0.0,last_observed_quote_not_settlement,3917.0,559,6,9.599999999999966,-5452.959999999933,2022-12-02T09:32:00-05:00,0.0,9.549999999999955,-5352.95999999991,2022-12-02T09:33:00-05:00,0.0,9.5,-5252.960000000001,2022-12-02T09:36:00-05:00,0.0,9.600000000000023,-5452.960000000046,2022-12-02T09:41:00-05:00,0.0,9.550000000000068,-5352.960000000137,2022-12-02T09:46:00-05:00,0.0,9.699999999999932,-5652.9599999998645,2022-12-02T10:01:00-05:00,0.0,9.599999999999909,-5452.959999999819,2022-12-02T10:31:00-05:00,0.0,9.699999999999989,-5652.959999999978,2022-12-02T11:31:00-05:00,0.0,9.699999999999932,-5652.9599999998645,2022-12-02T16:00:00-05:00,0.0,,,2022-12-02T16:15:00-05:00,85500.0,,,2022-12-02T16:15:00-05:00,171900.0,10.0,-6152.96,2022-12-05T16:00:00-05:00,0.0,4668.0,hit,4673.0,hit,4681.0,hit,4681.0,hit,,never_hit,,never_hit,,never_hit,1.0,hit,1.0,hit,0.0,hit,1.0,hit,1.0,hit,1.0,hit,10.0,550,True,True,True,True,,,,True,True,True,False,4.099999999999966,,,True,True,True,False,4.099999999999966,,,True,True,True,False,4.099999999999966,4681.0,2022-12-05T15:32:00-05:00,2.900000000000034,7947.039999999933,,,,,,,,,,,,,,,,,,,,,,,,,,,,,,,,,,,,,,,,,,,,,,,,,,,,,,,,,,,,,704
2022-12-05,2022-12-07,2,5.0,2022-12-05T09:31:00-05:00,4.8500000000000085,NDXP  221207P11920000,NDXP  221207P11910000,development,False,False,0,0,0,235,15,965,available,False,2022-12-05T09:31:00-05:00,2022-12-07T15:59:00-05:00,8.699999999999932,-7952.959999999847,1.0,last_observed_quote_not_settlement,1037.0,768,25,4.75,-52.95999999998224,2022-12-05T09:32:00-05:00,0.0,4.800000000000011,-152.96000000000498,2022-12-05T09:33:00-05:00,0.0,4.349999999999994,747.0400000000291,2022-12-05T09:36:00-05:00,0.0,4.349999999999994,747.0400000000291,2022-12-05T09:41:00-05:00,0.0,4.400000000000006,647.0400000000063,2022-12-05T09:46:00-05:00,0.0,5.599999999999994,-1752.959999999971,2022-12-05T10:01:00-05:00,0.0,6.099999999999994,-2752.959999999971,2022-12-05T10:31:00-05:00,0.0,5.5,-1552.9599999999823,2022-12-05T11:31:00-05:00,0.0,6.849999999999994,-4252.959999999971,2022-12-05T16:00:00-05:00,0.0,9.0,-8552.959999999983,2022-12-06T16:00:00-05:00,0.0,,,2022-12-07T15:59:00-05:00,60.0,,,,,0.0,hit,0.0,hit,14.0,hit,,never_hit,,never_hit,,never_hit,,never_hit,30.0,hit,33.0,hit,134.0,hit,234.0,hit,270.0,hit,347.0,hit,,,True,True,True,False,1.1000000000000085,,,True,True,True,False,1.1000000000000085,,,True,True,True,False,1.1000000000000085,,,True,True,True,False,1.1000000000000085,,,,,,,,,,,,,,,,,,,,,,,,,,,,,,,,,,,,,,,,,,,,,,,,,,,,,,,,,,,,,,,,,705
2022-12-05,2022-12-07,2,6.0,2022-12-05T09:31:00-05:00,5.900000000000006,NDXP  221207P11990000,NDXP  221207P11980000,development,False,False,0,0,0,223,15,977,available,False,2022-12-05T09:31:00-05:00,2022-12-07T16:00:00-05:00,6.350000000000023,-1152.9600000000335,0.0,last_observed_quote_not_settlement,1036.0,785,21,6.000000000000014,-452.96000000001635,2022-12-05T09:32:00-05:00,0.0,5.949999999999989,-352.9599999999652,2022-12-05T09:33:00-05:00,0.0,5.549999999999997,447.04000000001776,2022-12-05T09:36:00-05:00,0.0,5.700000000000003,147.0400000000064,2022-12-05T09:41:00-05:00,0.0,6.200000000000003,-852.9599999999937,2022-12-05T09:46:00-05:00,0.0,6.150000000000006,-752.9599999999994,2022-12-05T10:01:00-05:00,0.0,7.0,-2452.9599999999878,2022-12-05T10:31:00-05:00,0.0,5.650000000000006,247.04000000000067,2022-12-05T11:31:00-05:00,0.0,8.599999999999994,-5652.959999999978,2022-12-05T16:00:00-05:00,0.0,,,2022-12-06T15:59:00-05:00,60.0,6.350000000000023,-1152.9600000000335,2022-12-07T16:00:00-05:00,0.0,,,,,9.0,hit,1819.0,hit,,never_hit,,never_hit,,never_hit,,never_hit,,never_hit,6.0,hit,25.0,hit,33.0,hit,126.0,hit,134.0,hit,273.0,hit,,,True,True,True,False,1.5000000000000284,,,True,True,True,False,1.5000000000000284,,,True,True,True,False,1.5000000000000284,,,True,True,True,False,1.5000000000000284,,,,,,,,,,,,,,,,,,,,,,,,,,,,,,,,,,,,,,,,,,,,,,,,,,,,,,,,,,,,,,,,,706
2022-12-05,2022-12-07,2,7.0,2022-12-05T09:31:00-05:00,7.0,NDXP  221207P12020000,NDXP  221207P12010000,development,False,False,0,0,0,260,15,940,available,False,2022-12-05T09:31:00-05:00,2022-12-07T16:00:00-05:00,10.0,-6152.96,0.0,last_observed_quote_not_settlement,1038.0,689,44,6.400000000000006,947.0399999999893,2022-12-05T09:32:00-05:00,0.0,6.5,747.0400000000006,2022-12-05T09:33:00-05:00,0.0,6.550000000000011,647.0399999999779,2022-12-05T09:36:00-05:00,0.0,6.200000000000017,1347.0399999999665,2022-12-05T09:41:00-05:00,0.0,6.25,1247.0400000000006,2022-12-05T09:46:00-05:00,0.0,6.5,747.0400000000006,2022-12-05T10:01:00-05:00,0.0,8.949999999999989,-4152.959999999978,2022-12-05T10:31:00-05:00,0.0,7.550000000000011,-1352.960000000022,2022-12-05T11:31:00-05:00,0.0,8.699999999999989,-3652.959999999978,2022-12-05T16:00:00-05:00,0.0,4.599999999999966,4547.040000000069,2022-12-06T16:00:00-05:00,0.0,10.0,-6152.96,2022-12-07T16:00:00-05:00,0.0,,,,,17.0,hit,1829.0,hit,,never_hit,,never_hit,,never_hit,,never_hit,,never_hit,16.0,hit,50.0,hit,0.0,hit,50.0,hit,164.0,hit,205.0,hit,,,True,True,True,False,2.400000000000034,,,True,True,True,False,2.400000000000034,,,True,True,True,False,2.400000000000034,,,True,True,True,False,2.400000000000034,,,,,,,,,,,,,,,,,,,,,,,,,,,,,,,,,,,,,,,,,,,,,,,,,,,,,,,,,,,,,,,,,707
2022-12-05,2022-12-08,3,5.0,2022-12-05T09:31:00-05:00,5.050000000000011,NDXP  221208P11940000,NDXP  221208P11930000,development,False,False,0,0,0,386,0,1219,available,False,2022-12-05T09:31:00-05:00,2022-12-08T16:00:00-05:00,10.0,-10052.959999999975,0.0,last_observed_quote_not_settlement,1037.0,950,17,4.749999999999986,347.04000000005186,2022-12-05T09:32:00-05:00,0.0,4.950000000000003,-52.95999999998224,2022-12-05T09:33:00-05:00,0.0,4.650000000000006,547.040000000012,2022-12-05T09:36:00-05:00,0.0,4.900000000000006,47.04000000001208,2022-12-05T09:41:00-05:00,0.0,4.650000000000006,547.040000000012,2022-12-05T09:46:00-05:00,0.0,5.900000000000006,-1952.959999999988,2022-12-05T10:01:00-05:00,0.0,6.0499999999999545,-2252.9599999998854,2022-12-05T10:31:00-05:00,0.0,5.75,-1652.9599999999766,2022-12-05T11:31:00-05:00,0.0,6.75,-3652.9599999999764,2022-12-05T16:00:00-05:00,0.0,9.399999999999977,-8952.959999999932,2022-12-06T16:00:00-05:00,0.0,,,2022-12-07T15:55:00-05:00,300.0,10.0,-10052.959999999975,2022-12-08T16:00:00-05:00,0.0,0.0,hit,1.0,hit,28.0,hit,,never_hit,,never_hit,,never_hit,,never_hit,30.0,hit,32.0,hit,38.0,hit,277.0,hit,278.0,hit,1468.0,hit,,,True,True,True,False,1.8500000000000227,,,True,True,True,False,1.8500000000000227,,,True,True,True,False,1.8500000000000227,,,True,True,True,False,1.8500000000000227,,,,,,,,,,,,,,,,,,,,,,,,,,,,,,,,,,,,,,,,,,,,,,,,,,,,,,,,,,,,,,,,,708
2022-12-05,2022-12-08,3,6.0,2022-12-05T09:31:00-05:00,6.099999999999994,NDXP  221208P12010000,NDXP  221208P12000000,development,False,False,0,0,0,419,0,1186,available,False,2022-12-05T09:31:00-05:00,2022-12-08T16:00:00-05:00,9.950000000000045,-7952.960000000011,0.0,last_observed_quote_not_settlement,1037.0,864,89,5.849999999999994,247.04000000000067,2022-12-05T09:32:00-05:00,0.0,5.899999999999977,147.0400000000348,2022-12-05T09:33:00-05:00,0.0,5.75,447.03999999998933,2022-12-05T09:36:00-05:00,0.0,5.75,447.03999999998933,2022-12-05T09:41:00-05:00,0.0,6.300000000000011,-652.9600000000335,2022-12-05T09:46:00-05:00,0.0,5.75,447.03999999998933,2022-12-05T10:01:00-05:00,0.0,7.300000000000011,-2652.9600000000332,2022-12-05T10:31:00-05:00,0.0,5.700000000000017,547.0399999999552,2022-12-05T11:31:00-05:00,0.0,8.150000000000034,-4352.960000000081,2022-12-05T16:00:00-05:00,0.0,7.599999999999966,-3252.9599999999423,2022-12-06T16:00:00-05:00,0.0,7.399999999999977,-2852.959999999965,2022-12-07T16:00:00-05:00,0.0,9.950000000000045,-7952.960000000011,2022-12-08T16:00:00-05:00,0.0,4.0,hit,12.0,hit,13.0,hit,,never_hit,,never_hit,,never_hit,,never_hit,26.0,hit,26.0,hit,26.0,hit,128.0,hit,166.0,hit,262.0,hit,,,True,True,True,False,2.19999999999996,,,True,True,True,False,2.19999999999996,,,True,True,True,False,2.19999999999996,,,True,True,True,False,2.19999999999996,,,,,,,,,,,,,,,,,,,,,,,,,,,,,,,,,,,,,,,,,,,,,,,,,,,,,,,,,,,,,,,,,709
2022-12-05,2022-12-08,3,7.0,2022-12-05T09:31:00-05:00,7.0,NDXP  221208P12090000,NDXP  221208P12080000,development,False,False,0,0,0,363,0,1242,available,False,2022-12-05T09:31:00-05:00,2022-12-08T16:00:00-05:00,10.0,-6152.96,0.0,last_observed_quote_not_settlement,1040.0,977,50,6.599999999999994,547.040000000012,2022-12-05T09:32:00-05:00,0.0,6.399999999999977,947.0400000000461,2022-12-05T09:33:00-05:00,0.0,6.5,747.0400000000006,2022-12-05T09:36:00-05:00,0.0,6.849999999999994,47.04000000001208,2022-12-05T09:41:00-05:00,0.0,6.599999999999994,547.040000000012,2022-12-05T09:46:00-05:00,0.0,7.200000000000017,-652.9600000000335,2022-12-05T10:01:00-05:00,0.0,8.050000000000011,-2352.9600000000237,2022-12-05T10:31:00-05:00,0.0,7.499999999999972,-1252.9599999999425,2022-12-05T11:31:00-05:00,0.0,8.849999999999966,-3952.9599999999327,2022-12-05T16:00:00-05:00,0.0,4.649999999999977,4447.040000000046,2022-12-06T16:00:00-05:00,0.0,7.4500000000000455,-1152.9600000000903,2022-12-07T16:00:00-05:00,0.0,10.0,-6152.96,2022-12-08T16:00:00-05:00,0.0,22.0,hit,1829.0,hit,,never_hit,,never_hit,,never_hit,,never_hit,,never_hit,4.0,hit,13.0,hit,0.0,hit,13.0,hit,44.0,hit,112.0,hit,,,True,True,True,False,2.3500000000000227,,,True,True,True,False,2.3500000000000227,,,True,True,True,False,2.3500000000000227,,,True,True,True,False,2.3500000000000227,,,,,,,,,,,,,,,,,,,,,,,,,,,,,,,,,,,,,,,,,,,,,,,,,,,,,,,,,,,,,,,,,710
2022-12-06,2022-12-08,2,5.0,2022-12-06T09:31:00-05:00,5.200000000000003,NDXP  221208P11820000,NDXP  221208P11810000,development,False,False,0,0,0,116,15,1084,available,False,2022-12-06T09:31:00-05:00,2022-12-08T16:00:00-05:00,9.949999999999989,-9752.959999999972,0.0,last_observed_quote_not_settlement,1038.0,989,4,5.699999999999989,-1252.959999999971,2022-12-06T09:32:00-05:00,0.0,3.25,3647.0400000000063,2022-12-06T09:33:00-05:00,0.0,6.750000000000014,-3352.960000000022,2022-12-06T09:36:00-05:00,0.0,6.099999999999994,-2052.9599999999823,2022-12-06T09:41:00-05:00,0.0,7.300000000000011,-4452.960000000016,2022-12-06T09:46:00-05:00,0.0,7.450000000000017,-4752.960000000027,2022-12-06T10:01:00-05:00,0.0,7.699999999999989,-5252.959999999971,2022-12-06T10:31:00-05:00,0.0,8.949999999999989,-7752.959999999973,2022-12-06T11:31:00-05:00,0.0,8.550000000000068,-6952.960000000132,2022-12-06T16:00:00-05:00,0.0,9.149999999999977,-8152.95999999995,2022-12-07T16:00:00-05:00,0.0,9.949999999999989,-9752.959999999972,2022-12-08T16:00:00-05:00,0.0,,,,,0.0,hit,2.0,hit,2.0,hit,,never_hit,,never_hit,,never_hit,,never_hit,5.0,hit,5.0,hit,15.0,hit,29.0,hit,87.0,hit,195.0,hit,,,True,True,True,False,1.9500000000000028,,,True,True,True,False,1.9500000000000028,,,True,True,True,False,1.9500000000000028,,,True,True,True,False,1.9500000000000028,,,,,,,,,,,,,,,,,,,,,,,,,,,,,,,,,,,,,,,,,,,,,,,,,,,,,,,,,,,,,,,,,711
2022-12-06,2022-12-08,2,6.0,2022-12-06T09:31:00-05:00,6.100000000000023,NDXP  221208P11890000,NDXP  221208P11880000,development,False,False,0,0,0,278,15,922,available,False,2022-12-06T09:31:00-05:00,2022-12-08T16:00:00-05:00,9.949999999999989,-7952.959999999933,0.0,last_observed_quote_not_settlement,1037.0,748,4,6.599999999999994,-1252.9599999999425,2022-12-06T09:32:00-05:00,0.0,6.000000000000028,-52.96000000001066,2022-12-06T09:33:00-05:00,0.0,8.0,-4052.9599999999555,2022-12-06T09:36:00-05:00,0.0,6.900000000000006,-1852.9599999999652,2022-12-06T09:41:00-05:00,0.0,7.449999999999989,-2952.959999999931,2022-12-06T09:46:00-05:00,0.0,8.199999999999989,-4452.959999999933,2022-12-06T10:01:00-05:00,0.0,8.899999999999977,-5852.95999999991,2022-12-06T10:31:00-05:00,0.0,9.350000000000023,-6752.960000000001,2022-12-06T11:31:00-05:00,0.0,8.899999999999977,-5852.95999999991,2022-12-06T16:00:00-05:00,0.0,9.050000000000068,-6152.960000000092,2022-12-07T16:00:00-05:00,0.0,9.949999999999989,-7952.959999999933,2022-12-08T16:00:00-05:00,0.0,,,,,,never_hit,,never_hit,,never_hit,,never_hit,,never_hit,,never_hit,,never_hit,3.0,hit,5.0,hit,5.0,hit,5.0,hit,44.0,hit,111.0,hit,,,True,True,True,False,0.20000000000004547,,,True,True,True,False,0.20000000000004547,,,True,True,True,False,0.20000000000004547,,,True,True,True,False,0.20000000000004547,,,,,,,,,,,,,,,,,,,,,,,,,,,,,,,,,,,,,,,,,,,,,,,,,,,,,,,,,,,,,,,,,712
2022-12-06,2022-12-08,2,7.0,2022-12-06T09:31:00-05:00,7.0,NDXP  221208P11880000,NDXP  221208P11870000,development,False,False,0,0,0,253,15,947,available,False,2022-12-06T09:31:00-05:00,2022-12-08T15:59:00-05:00,10.0,-6152.96,1.0,last_observed_quote_not_settlement,1036.0,753,11,6.400000000000006,947.0399999999893,2022-12-06T09:32:00-05:00,0.0,6.899999999999977,-52.959999999953816,2022-12-06T09:33:00-05:00,0.0,6.050000000000011,1647.039999999978,2022-12-06T09:36:00-05:00,0.0,6.900000000000006,-52.96000000001066,2022-12-06T09:41:00-05:00,0.0,7.699999999999989,-1652.9599999999766,2022-12-06T09:46:00-05:00,0.0,8.900000000000006,-4052.9600000000123,2022-12-06T10:01:00-05:00,0.0,8.449999999999989,-3152.959999999978,2022-12-06T10:31:00-05:00,0.0,10.0,-6152.96,2022-12-06T11:31:00-05:00,0.0,9.200000000000045,-4652.960000000092,2022-12-06T16:00:00-05:00,0.0,,,2022-12-07T15:59:00-05:00,60.0,,,2022-12-08T15:59:00-05:00,60.0,,,,,169.0,hit,169.0,hit,,never_hit,,never_hit,,never_hit,,never_hit,,never_hit,11.0,hit,12.0,hit,0.0,hit,12.0,hit,16.0,hit,16.0,hit,,,True,True,True,False,2.3500000000000227,,,True,True,True,False,2.3500000000000227,,,True,True,True,False,2.3500000000000227,,,True,True,True,False,2.3500000000000227,,,,,,,,,,,,,,,,,,,,,,,,,,,,,,,,,,,,,,,,,,,,,,,,,,,,,,,,,,,,,,,,,713
2022-12-06,2022-12-09,3,5.0,2022-12-06T09:31:00-05:00,4.999999999999986,NDXP  221209P11820000,NDXP  221209P11810000,development,False,False,0,0,0,40,0,1565,available,False,2022-12-06T09:31:00-05:00,2022-12-09T16:00:00-05:00,10.0,-10152.960000000026,0.0,last_observed_quote_not_settlement,1036.0,1526,3,4.049999999999997,1647.039999999978,2022-12-06T09:32:00-05:00,0.0,2.8999999999999773,3947.0400000000177,2022-12-06T09:33:00-05:00,0.0,5.350000000000023,-952.9600000000733,2022-12-06T09:36:00-05:00,0.0,5.699999999999989,-1652.960000000005,2022-12-06T09:41:00-05:00,0.0,6.700000000000017,-3652.960000000062,2022-12-06T09:46:00-05:00,0.0,7.049999999999983,-4352.959999999994,2022-12-06T10:01:00-05:00,0.0,8.400000000000006,-7052.960000000041,2022-12-06T10:31:00-05:00,0.0,8.799999999999983,-7852.9599999999955,2022-12-06T11:31:00-05:00,0.0,8.449999999999989,-7152.960000000006,2022-12-06T16:00:00-05:00,0.0,8.600000000000023,-7452.960000000075,2022-12-07T16:00:00-05:00,0.0,8.249999999999972,-6752.959999999973,2022-12-08T16:00:00-05:00,0.0,10.0,-10152.960000000026,2022-12-09T16:00:00-05:00,0.0,0.0,hit,0.0,hit,2.0,hit,2.0,hit,,never_hit,,never_hit,,never_hit,4.0,hit,4.0,hit,27.0,hit,37.0,hit,49.0,hit,71.0,hit,4.999999999999986,0,False,False,False,False,,,,True,True,True,False,2.1000000000000085,,,True,True,True,False,2.1000000000000085,,,True,True,True,False,2.1000000000000085,2.0,2022-12-06T09:33:00-05:00,2.8999999999999773,3947.0400000000177,,,,,,,,,3.0,2022-12-06T09:34:00-05:00,5.450000000000017,-1152.9600000000619,,,,,,,,,,,,,,,,,,,,,,,,,,,,,,,,,,,,,,,,,,,,,,,,,714
2022-12-06,2022-12-09,3,6.0,2022-12-06T09:31:00-05:00,6.099999999999994,NDXP  221209P11840000,NDXP  221209P11830000,development,False,False,0,0,0,97,0,1508,available,False,2022-12-06T09:31:00-05:00,2022-12-09T16:00:00-05:00,10.0,-7952.960000000011,0.0,last_observed_quote_not_settlement,1036.0,1428,6,6.650000000000006,-1352.960000000022,2022-12-06T09:32:00-05:00,0.0,6.700000000000017,-1452.9600000000448,2022-12-06T09:33:00-05:00,0.0,7.450000000000017,-2952.9600000000446,2022-12-06T09:36:00-05:00,0.0,6.0,-52.96000000001066,2022-12-06T09:41:00-05:00,0.0,8.050000000000011,-4152.9600000000355,2022-12-06T09:46:00-05:00,0.0,8.699999999999989,-5452.95999999999,2022-12-06T10:01:00-05:00,0.0,7.799999999999983,-3652.9599999999764,2022-12-06T10:31:00-05:00,0.0,6.650000000000006,-1352.960000000022,2022-12-06T11:31:00-05:00,0.0,9.299999999999955,-6652.959999999922,2022-12-06T16:00:00-05:00,0.0,9.149999999999977,-6352.959999999967,2022-12-07T16:00:00-05:00,0.0,8.050000000000011,-4152.9600000000355,2022-12-08T16:00:00-05:00,0.0,10.0,-7952.960000000011,2022-12-09T16:00:00-05:00,0.0,,never_hit,,never_hit,,never_hit,,never_hit,,never_hit,,never_hit,,never_hit,1.0,hit,3.0,hit,3.0,hit,15.0,hit,31.0,hit,165.0,hit,,,True,True,True,False,0.45000000000001705,,,True,True,True,False,0.45000000000001705,,,True,True,True,False,0.45000000000001705,,,True,True,True,False,0.45000000000001705,,,,,,,,,,,,,,,,,,,,,,,,,,,,,,,,,,,,,,,,,,,,,,,,,,,,,,,,,,,,,,,,,715
2022-12-06,2022-12-09,3,7.0,2022-12-06T09:31:00-05:00,7.0,NDXP  221209P11920000,NDXP  221209P11910000,development,False,False,0,0,0,215,0,1390,available,False,2022-12-06T09:31:00-05:00,2022-12-09T16:00:00-05:00,10.0,-6152.96,0.0,last_observed_quote_not_settlement,1037.0,1226,16,6.599999999999994,547.040000000012,2022-12-06T09:32:00-05:00,0.0,9.899999999999977,-6052.9599999999555,2022-12-06T09:33:00-05:00,0.0,7.5,-1252.9599999999994,2022-12-06T09:36:00-05:00,0.0,6.599999999999966,547.0400000000689,2022-12-06T09:41:00-05:00,0.0,8.999999999999972,-4252.959999999945,2022-12-06T09:46:00-05:00,0.0,7.899999999999977,-2052.9599999999537,2022-12-06T10:01:00-05:00,0.0,8.349999999999966,-2952.9599999999327,2022-12-06T10:31:00-05:00,0.0,8.799999999999955,-3852.95999999991,2022-12-06T11:31:00-05:00,0.0,9.049999999999955,-4352.95999999991,2022-12-06T16:00:00-05:00,0.0,,,2022-12-07T15:59:00-05:00,60.0,9.350000000000023,-4952.960000000046,2022-12-08T16:00:00-05:00,0.0,10.0,-6152.96,2022-12-09T16:00:00-05:00,0.0,1484.0,hit,1484.0,hit,1484.0,hit,1484.0,hit,,never_hit,,never_hit,,never_hit,2.0,hit,2.0,hit,0.0,hit,2.0,hit,2.0,hit,2.0,hit,10.0,435,True,True,True,True,,,,True,True,True,False,4.550000000000011,,,True,True,True,False,4.550000000000011,,,True,True,True,False,4.550000000000011,1484.0,2022-12-07T10:15:00-05:00,2.4499999999999886,8847.040000000025,,,,,,,,,1485.0,2022-12-07T10:16:00-05:00,9.450000000000045,-5152.960000000092,,,,,,,,,,,,,,,,,,,,,,,,,,,,,,,,,,,,,,,,,,,,,,,,,716
2022-12-07,2022-12-09,2,5.0,2022-12-07T09:31:00-05:00,4.549999999999997,NDXP  221209P11500000,NDXP  221209P11490000,development,False,False,0,0,0,11,0,1189,available,False,2022-12-07T09:31:00-05:00,2022-12-09T16:00:00-05:00,0.0,8847.039999999995,0.0,last_observed_quote_not_settlement,1036.0,258,113,4.450000000000003,-52.96000000001066,2022-12-07T09:32:00-05:00,0.0,5.1000000000000085,-1352.960000000022,2022-12-07T09:33:00-05:00,0.0,4.050000000000011,747.0399999999722,2022-12-07T09:36:00-05:00,0.0,3.8499999999999943,1147.0400000000063,2022-12-07T09:41:00-05:00,0.0,4.900000000000006,-952.9600000000164,2022-12-07T09:46:00-05:00,0.0,6.0,-3152.960000000005,2022-12-07T10:01:00-05:00,0.0,4.75,-652.960000000005,2022-12-07T10:31:00-05:00,0.0,5.699999999999989,-2552.9599999999823,2022-12-07T11:31:00-05:00,0.0,4.950000000000003,-1052.9600000000107,2022-12-07T16:00:00-05:00,0.0,2.1999999999999993,4447.039999999996,2022-12-08T16:00:00-05:00,0.0,0.0,8847.039999999995,2022-12-09T16:00:00-05:00,0.0,,,,,0.0,hit,0.0,hit,6.0,hit,1455.0,hit,1680.0,hit,2941.0,hit,2968.0,hit,2.0,hit,20.0,hit,29.0,hit,,never_hit,,never_hit,,never_hit,7.0,254,True,False,False,False,,7.0,257,True,False,False,False,,7.0,257,True,False,False,False,,7.0,257,True,False,False,False,,1455.0,2022-12-08T09:46:00-05:00,2.450000000000003,3947.0399999999895,1477.0,2022-12-08T10:08:00-05:00,2.75,3347.039999999995,1478.0,2022-12-08T10:09:00-05:00,2.6000000000000085,3647.039999999978,1456.0,2022-12-08T09:47:00-05:00,5.599999999999994,-2352.9599999999937,1681.0,2022-12-08T13:32:00-05:00,1.9499999999999993,4947.039999999996,1682.0,2022-12-08T13:33:00-05:00,1.75,5347.039999999995,1691.0,2022-12-08T13:42:00-05:00,1.75,5347.039999999995,1682.0,2022-12-08T13:33:00-05:00,1.75,5347.039999999995,2941.0,2022-12-09T10:32:00-05:00,0.6999999999999997,7447.0399999999945,2942.0,2022-12-09T10:33:00-05:00,0.8999999999999995,7047.039999999996,2949.0,2022-12-09T10:40:00-05:00,0.6750000000000003,7497.039999999994,2942.0,2022-12-09T10:33:00-05:00,0.8999999999999995,7047.039999999996,2968.0,2022-12-09T10:59:00-05:00,0.22499999999999964,8397.039999999997,2969.0,2022-12-09T11:00:00-05:00,0.32499999999999996,8197.039999999995,2970.0,2022-12-09T11:01:00-05:00,0.32499999999999973,8197.039999999995,2969.0,2022-12-09T11:00:00-05:00,0.32499999999999996,8197.039999999995,717
2022-12-07,2022-12-09,2,6.0,2022-12-07T09:31:00-05:00,6.099999999999994,NDXP  221209P11620000,NDXP  221209P11610000,development,False,False,0,0,0,2,0,1198,available,False,2022-12-07T09:31:00-05:00,2022-12-09T15:59:00-05:00,9.850000000000001,-7752.9600000000155,1.0,last_observed_quote_not_settlement,1036.0,382,103,6.649999999999977,-1352.9599999999652,2022-12-07T09:32:00-05:00,0.0,6.650000000000034,-1352.960000000079,2022-12-07T09:33:00-05:00,0.0,5.599999999999966,747.0400000000575,2022-12-07T09:36:00-05:00,0.0,5.950000000000017,47.039999999955235,2022-12-07T09:41:00-05:00,0.0,6.449999999999989,-952.959999999988,2022-12-07T09:46:00-05:00,0.0,7.599999999999994,-3252.959999999999,2022-12-07T10:01:00-05:00,0.0,6.900000000000034,-1852.960000000079,2022-12-07T10:31:00-05:00,0.0,6.850000000000023,-1752.9600000000562,2022-12-07T11:31:00-05:00,0.0,7.399999999999977,-2852.959999999965,2022-12-07T16:00:00-05:00,0.0,5.1000000000000085,1747.0399999999722,2022-12-08T16:00:00-05:00,0.0,,,2022-12-09T15:59:00-05:00,60.0,,,,,7.0,hit,8.0,hit,1487.0,hit,1608.0,hit,2969.0,hit,3217.0,hit,,never_hit,1.0,hit,3.0,hit,3.0,hit,25.0,hit,3251.0,hit,3251.0,hit,8.699999999999989,359,True,True,False,False,,8.699999999999989,366,True,True,False,False,,8.699999999999989,366,True,True,False,False,,,,True,True,True,False,5.199999999999994,1608.0,2022-12-08T12:19:00-05:00,2.6000000000000085,6747.039999999973,2968.0,2022-12-09T10:59:00-05:00,2.5,6947.039999999989,2969.0,2022-12-09T11:00:00-05:00,2.0,7947.039999999989,1609.0,2022-12-08T12:20:00-05:00,4.099999999999994,3747.040000000001,2973.0,2022-12-09T11:04:00-05:00,1.9499999999999993,8047.039999999991,2974.0,2022-12-09T11:05:00-05:00,1.8499999999999979,8247.039999999994,3016.0,2022-12-09T11:47:00-05:00,1.6999999999999993,8547.039999999992,2974.0,2022-12-09T11:05:00-05:00,1.8499999999999979,8247.039999999994,3217.0,2022-12-09T15:08:00-05:00,0.9000000000000001,10147.03999999999,,,,,,,,,3218.0,2022-12-09T15:09:00-05:00,1.4499999999999997,9047.03999999999,,,,,,,,,,,,,,,,,718
2022-12-07,2022-12-09,2,7.0,2022-12-07T09:31:00-05:00,6.849999999999994,NDXP  221209P11650000,NDXP  221209P11640000,development,False,False,0,0,0,7,0,1193,available,False,2022-12-07T09:31:00-05:00,2022-12-09T15:57:00-05:00,10.0,-6452.960000000011,3.0,last_observed_quote_not_settlement,1036.0,195,192,6.599999999999994,247.04000000000067,2022-12-07T09:32:00-05:00,0.0,7.099999999999966,-752.9599999999425,2022-12-07T09:33:00-05:00,0.0,5.25,2947.0399999999895,2022-12-07T09:36:00-05:00,0.0,6.449999999999989,547.040000000012,2022-12-07T09:41:00-05:00,0.0,6.75,-52.96000000001066,2022-12-07T09:46:00-05:00,0.0,8.849999999999966,-4252.959999999945,2022-12-07T10:01:00-05:00,0.0,5.650000000000006,2147.039999999978,2022-12-07T10:31:00-05:00,0.0,6.299999999999983,847.0400000000234,2022-12-07T11:31:00-05:00,0.0,6.199999999999989,1047.040000000012,2022-12-07T16:00:00-05:00,0.0,5.5,2447.0399999999895,2022-12-08T16:00:00-05:00,0.0,,,2022-12-09T15:57:00-05:00,180.0,,,,,5.0,hit,6.0,hit,6.0,hit,2969.0,hit,3040.0,hit,,never_hit,,never_hit,14.0,hit,14.0,hit,2.0,hit,20.0,hit,3249.0,hit,3249.0,hit,8.950000000000017,178,True,True,False,False,,8.950000000000017,178,True,True,False,False,,,,True,True,True,False,4.899999999999993,,,True,True,True,False,4.899999999999993,2969.0,2022-12-09T11:00:00-05:00,2.900000000000002,7647.039999999985,2973.0,2022-12-09T11:04:00-05:00,2.700000000000003,8047.039999999984,2974.0,2022-12-09T11:05:00-05:00,2.8500000000000014,7747.039999999986,2970.0,2022-12-09T11:01:00-05:00,3.549999999999997,6347.039999999995,,,,,,,,,,,,,,,,,,,,,,,,,,,,,,,,,,,,,,,,,,,,,,,,,719
2022-12-09,2022-12-12,3,5.0,2022-12-09T09:31:00-05:00,5.1499999999999915,NDXP  221212P11610000,NDXP  221212P11600000,development,False,False,0,0,0,5,0,790,available,False,2022-12-09T09:31:00-05:00,2022-12-12T16:00:00-05:00,0.0,10047.039999999985,0.0,last_observed_quote_not_settlement,3916.0,289,84,6.3999999999999915,-2752.959999999999,2022-12-09T09:32:00-05:00,0.0,5.0,47.03999999998366,2022-12-09T09:33:00-05:00,0.0,5.799999999999997,-1552.9600000000107,2022-12-09T09:36:00-05:00,0.0,4.650000000000006,747.0399999999722,2022-12-09T09:41:00-05:00,0.0,4.0,2047.0399999999836,2022-12-09T09:46:00-05:00,0.0,4.800000000000011,447.0399999999609,2022-12-09T10:01:00-05:00,0.0,3.950000000000003,2147.039999999978,2022-12-09T10:31:00-05:00,0.0,3.1000000000000014,3847.039999999981,2022-12-09T11:31:00-05:00,0.0,5.950000000000003,-1852.960000000022,2022-12-09T16:00:00-05:00,0.0,,,2022-12-09T16:15:00-05:00,85500.0,,,2022-12-09T16:15:00-05:00,171900.0,0.0,10047.039999999985,2022-12-12T16:00:00-05:00,0.0,0.0,hit,2.0,hit,9.0,hit,63.0,hit,65.0,hit,4656.0,hit,4661.0,hit,1.0,hit,1.0,hit,376.0,hit,4332.0,hit,4399.0,hit,,never_hit,6.5,9,False,False,False,False,,6.5,9,False,False,False,False,,9.25,289,True,True,True,True,,9.25,289,True,True,True,True,,65.0,2022-12-09T10:36:00-05:00,1.6500000000000057,6747.039999999973,94.0,2022-12-09T11:05:00-05:00,2.9000000000000057,4247.039999999973,139.0,2022-12-09T11:50:00-05:00,2.9499999999999957,4147.039999999992,66.0,2022-12-09T10:37:00-05:00,3.700000000000003,2647.039999999978,65.0,2022-12-09T10:36:00-05:00,1.6500000000000057,6747.039999999973,4647.0,2022-12-12T14:58:00-05:00,1.9500000000000002,6147.039999999984,4654.0,2022-12-12T15:05:00-05:00,1.3499999999999996,7347.0399999999845,66.0,2022-12-09T10:37:00-05:00,3.700000000000003,2647.039999999978,4656.0,2022-12-12T15:07:00-05:00,0.5499999999999998,8947.039999999985,4657.0,2022-12-12T15:08:00-05:00,0.8500000000000001,8347.039999999983,4658.0,2022-12-12T15:09:00-05:00,0.7749999999999997,8497.039999999985,4657.0,2022-12-12T15:08:00-05:00,0.8500000000000001,8347.039999999983,4661.0,2022-12-12T15:12:00-05:00,0.32499999999999996,9397.039999999985,4674.0,2022-12-12T15:25:00-05:00,0.15000000000000002,9747.039999999985,4675.0,2022-12-12T15:26:00-05:00,0.25,9547.039999999985,4662.0,2022-12-12T15:13:00-05:00,0.7000000000000002,8647.039999999985,720
2022-12-09,2022-12-12,3,6.0,2022-12-09T09:31:00-05:00,6.0,NDXP  221212P11650000,NDXP  221212P11640000,development,False,False,0,0,0,1,0,794,available,False,2022-12-09T09:31:00-05:00,2022-12-12T16:00:00-05:00,0.0,11747.04,0.0,last_observed_quote_not_settlement,3916.0,360,32,5.050000000000011,1647.039999999978,2022-12-09T09:32:00-05:00,0.0,4.5,2747.040000000001,2022-12-09T09:33:00-05:00,0.0,3.8000000000000114,4147.039999999978,2022-12-09T09:36:00-05:00,0.0,5.400000000000006,947.0399999999893,2022-12-09T09:41:00-05:00,0.0,4.599999999999994,2547.0400000000122,2022-12-09T09:46:00-05:00,0.0,6.099999999999994,-452.95999999998793,2022-12-09T10:01:00-05:00,0.0,4.700000000000003,2347.039999999995,2022-12-09T10:31:00-05:00,0.0,3.8499999999999943,4047.040000000012,2022-12-09T11:31:00-05:00,0.0,6.549999999999997,-1352.9599999999937,2022-12-09T16:00:00-05:00,0.0,,,2022-12-09T16:15:00-05:00,85500.0,,,2022-12-09T16:15:00-05:00,171900.0,0.0,11747.04,2022-12-12T16:00:00-05:00,0.0,1.0,hit,2.0,hit,5.0,hit,4658.0,hit,4674.0,hit,4682.0,hit,4702.0,hit,48.0,hit,379.0,hit,379.0,hit,379.0,hit,4396.0,hit,4399.0,hit,9.75,360,True,True,True,True,,9.75,360,True,True,True,True,,9.75,360,True,True,True,True,,9.75,360,True,True,True,True,,4660.0,2022-12-12T15:11:00-05:00,2.5,6747.040000000001,4661.0,2022-12-12T15:12:00-05:00,2.6999999999999993,6347.040000000002,4673.0,2022-12-12T15:24:00-05:00,2.15,7447.040000000001,4661.0,2022-12-12T15:12:00-05:00,2.6999999999999993,6347.040000000002,4674.0,2022-12-12T15:25:00-05:00,1.4249999999999998,8897.040000000003,4675.0,2022-12-12T15:26:00-05:00,1.8499999999999996,8047.040000000002,4676.0,2022-12-12T15:27:00-05:00,1.3500000000000005,9047.04,4675.0,2022-12-12T15:26:00-05:00,1.8499999999999996,8047.040000000002,4686.0,2022-12-12T15:37:00-05:00,0.8000000000000005,10147.04,4687.0,2022-12-12T15:38:00-05:00,0.8250000000000002,10097.04,4704.0,2022-12-12T15:55:00-05:00,0.275,11197.04,4687.0,2022-12-12T15:38:00-05:00,0.8250000000000002,10097.04,4702.0,2022-12-12T15:53:00-05:00,0.4,10947.04,4703.0,2022-12-12T15:54:00-05:00,0.30000000000000004,11147.040000000003,4704.0,2022-12-12T15:55:00-05:00,0.275,11197.04,4703.0,2022-12-12T15:54:00-05:00,0.30000000000000004,11147.040000000003,721
2022-12-09,2022-12-12,3,7.0,2022-12-09T09:31:00-05:00,7.0,NDXP  221212P11740000,NDXP  221212P11730000,development,False,False,0,0,0,55,0,740,available,False,2022-12-09T09:31:00-05:00,2022-12-12T16:00:00-05:00,10.0,-6152.96,0.0,last_observed_quote_not_settlement,3916.0,399,68,7.300000000000011,-852.9600000000221,2022-12-09T09:32:00-05:00,0.0,7.300000000000011,-852.9600000000221,2022-12-09T09:33:00-05:00,0.0,6.0,1747.0400000000006,2022-12-09T09:36:00-05:00,0.0,6.549999999999983,647.0400000000348,2022-12-09T09:41:00-05:00,0.0,6.099999999999994,1547.040000000012,2022-12-09T09:46:00-05:00,0.0,6.199999999999989,1347.0400000000234,2022-12-09T10:01:00-05:00,0.0,5.6499999999999915,2447.0400000000177,2022-12-09T10:31:00-05:00,0.0,5.650000000000006,2447.0399999999895,2022-12-09T11:31:00-05:00,0.0,8.350000000000023,-2952.9600000000464,2022-12-09T16:00:00-05:00,0.0,,,2022-12-09T16:15:00-05:00,85500.0,,,2022-12-09T16:15:00-05:00,171900.0,10.0,-6152.96,2022-12-12T16:00:00-05:00,0.0,17.0,hit,,never_hit,,never_hit,,never_hit,,never_hit,,never_hit,,never_hit,9.0,hit,28.0,hit,0.0,hit,28.0,hit,383.0,hit,388.0,hit,,,True,True,True,False,1.8499999999999943,,,True,True,True,False,1.8499999999999943,,,True,True,True,False,1.8499999999999943,,,True,True,True,False,1.8499999999999943,,,,,,,,,,,,,,,,,,,,,,,,,,,,,,,,,,,,,,,,,,,,,,,,,,,,,,,,,,,,,,,,,722
2022-12-12,2022-12-14,2,5.0,2022-12-12T09:31:00-05:00,5.0,NDXP  221214P11570000,NDXP  221214P11560000,development,False,False,0,0,0,1,15,1191,available,False,2022-12-12T09:31:00-05:00,2022-12-14T16:00:00-05:00,0.0,9747.04,0.0,last_observed_quote_not_settlement,1036.0,25,32,4.550000000000011,647.0399999999779,2022-12-12T09:32:00-05:00,0.0,4.349999999999966,1047.0400000000689,2022-12-12T09:33:00-05:00,0.0,4.75,247.04000000000067,2022-12-12T09:36:00-05:00,0.0,4.899999999999977,-52.959999999953816,2022-12-12T09:41:00-05:00,0.0,4.949999999999989,-152.95999999997656,2022-12-12T09:46:00-05:00,0.0,4.799999999999983,147.0400000000348,2022-12-12T10:01:00-05:00,0.0,5.050000000000011,-352.96000000002203,2022-12-12T10:31:00-05:00,0.0,4.849999999999994,47.04000000001208,2022-12-12T11:31:00-05:00,0.0,4.050000000000011,1647.039999999978,2022-12-12T16:00:00-05:00,0.0,2.3000000000000114,5147.039999999978,2022-12-13T16:00:00-05:00,0.0,0.0,9747.04,2022-12-14T16:00:00-05:00,0.0,,,,,0.0,hit,0.0,hit,364.0,hit,1440.0,hit,1440.0,hit,1440.0,hit,1440.0,hit,12.0,hit,51.0,hit,,never_hit,,never_hit,,never_hit,,never_hit,6.449999999999989,25,False,False,False,False,,6.449999999999989,25,False,False,False,False,,6.449999999999989,25,False,False,False,False,,6.449999999999989,25,False,False,False,False,,1440.0,2022-12-13T09:31:00-05:00,0.39999999999999947,8947.040000000003,1441.0,2022-12-13T09:32:00-05:00,0.5,8747.04,1442.0,2022-12-13T09:33:00-05:00,0.5,8747.04,1441.0,2022-12-13T09:32:00-05:00,0.5,8747.04,1440.0,2022-12-13T09:31:00-05:00,0.39999999999999947,8947.040000000003,1441.0,2022-12-13T09:32:00-05:00,0.5,8747.04,1442.0,2022-12-13T09:33:00-05:00,0.5,8747.04,1441.0,2022-12-13T09:32:00-05:00,0.5,8747.04,1440.0,2022-12-13T09:31:00-05:00,0.39999999999999947,8947.040000000003,1441.0,2022-12-13T09:32:00-05:00,0.5,8747.04,1442.0,2022-12-13T09:33:00-05:00,0.5,8747.04,1441.0,2022-12-13T09:32:00-05:00,0.5,8747.04,1440.0,2022-12-13T09:31:00-05:00,0.39999999999999947,8947.040000000003,3221.0,2022-12-14T15:12:00-05:00,0.10000000000000009,9547.04,3222.0,2022-12-14T15:13:00-05:00,0.09999999999999987,9547.040000000003,1441.0,2022-12-13T09:32:00-05:00,0.5,8747.04,723
2022-12-12,2022-12-14,2,6.0,2022-12-12T09:31:00-05:00,5.999999999999943,NDXP  221214P11740000,NDXP  221214P11730000,development,False,False,0,0,2,0,15,1187,available,False,2022-12-12T09:31:00-05:00,2022-12-14T16:00:00-05:00,5.0,1747.039999999887,0.0,last_observed_quote_not_settlement,1036.0,60,85,6.599999999999966,-1452.9600000000448,2022-12-12T09:32:00-05:00,0.0,5.250000000000057,1247.0399999997733,2022-12-12T09:33:00-05:00,0.0,5.649999999999977,447.0399999999325,2022-12-12T09:36:00-05:00,0.0,6.100000000000023,-452.96000000015846,2022-12-12T09:41:00-05:00,0.0,6.0,-252.96000000011298,2022-12-12T09:46:00-05:00,0.0,5.600000000000023,547.0399999998415,2022-12-12T10:01:00-05:00,0.0,6.0,-252.96000000011298,2022-12-12T10:31:00-05:00,0.0,5.75,247.039999999887,2022-12-12T11:31:00-05:00,0.0,4.75,2247.039999999887,2022-12-12T16:00:00-05:00,0.0,7.25,-2752.960000000113,2022-12-13T16:00:00-05:00,0.0,5.0,1747.039999999887,2022-12-14T16:00:00-05:00,0.0,,,,,2.0,hit,3.0,hit,1440.0,hit,1440.0,hit,1440.0,hit,1464.0,hit,,never_hit,1.0,hit,1651.0,hit,1651.0,hit,1651.0,hit,,never_hit,,never_hit,6.699999999999989,37,False,False,False,False,,6.699999999999989,37,False,False,False,False,,6.699999999999989,37,False,False,False,False,,,,True,True,False,False,5.3999999999999435,1440.0,2022-12-13T09:31:00-05:00,1.25,9247.039999999888,1441.0,2022-12-13T09:32:00-05:00,1.3499999999999979,9047.039999999892,1442.0,2022-12-13T09:33:00-05:00,1.2499999999999964,9247.039999999895,1441.0,2022-12-13T09:32:00-05:00,1.3499999999999979,9047.039999999892,1440.0,2022-12-13T09:31:00-05:00,1.25,9247.039999999888,1441.0,2022-12-13T09:32:00-05:00,1.3499999999999979,9047.039999999892,1442.0,2022-12-13T09:33:00-05:00,1.2499999999999964,9247.039999999895,1441.0,2022-12-13T09:32:00-05:00,1.3499999999999979,9047.039999999892,1464.0,2022-12-13T09:55:00-05:00,0.9000000000000021,9947.039999999884,1467.0,2022-12-13T09:58:00-05:00,0.7999999999999972,10147.039999999894,,,,,1465.0,2022-12-13T09:56:00-05:00,1.1999999999999993,9347.03999999989,,,,,,,,,,,,,,,,,724
2022-12-12,2022-12-14,2,7.0,2022-12-12T09:31:00-05:00,6.949999999999932,NDXP  221214P12130000,NDXP  221214P12120000,development,False,False,0,0,0,45,15,1144,available,False,2022-12-12T09:31:00-05:00,2022-12-14T16:00:00-05:00,8.0,-2352.9600000001374,0.0,last_observed_quote_not_settlement,1036.0,918,122,9.350000000000023,-5052.960000000183,2022-12-12T09:32:00-05:00,0.0,7.650000000000091,-1652.9600000003177,2022-12-12T09:33:00-05:00,0.0,8.5,-3352.9600000001374,2022-12-12T09:36:00-05:00,0.0,8.900000000000091,-4152.960000000319,2022-12-12T09:41:00-05:00,0.0,8.900000000000091,-4152.960000000319,2022-12-12T09:46:00-05:00,0.0,8.799999999999955,-3952.9600000000464,2022-12-12T10:01:00-05:00,0.0,8.5,-3352.9600000001374,2022-12-12T10:31:00-05:00,0.0,9.299999999999955,-4952.960000000046,2022-12-12T11:31:00-05:00,0.0,,,2022-12-12T15:59:00-05:00,60.0,8.000000000000057,-2352.960000000251,2022-12-13T16:00:00-05:00,0.0,8.0,-2352.9600000001374,2022-12-14T16:00:00-05:00,0.0,,,,,1440.0,hit,1440.0,hit,,never_hit,,never_hit,,never_hit,,never_hit,,never_hit,1.0,hit,1.0,hit,1.0,hit,1.0,hit,1.0,hit,38.0,hit,,,True,True,True,False,2.8999999999999204,,,True,True,True,False,2.8999999999999204,,,True,True,True,False,2.8999999999999204,,,True,True,True,False,2.8999999999999204,,,,,,,,,,,,,,,,,,,,,,,,,,,,,,,,,,,,,,,,,,,,,,,,,,,,,,,,,,,,,,,,,725
2022-12-12,2022-12-15,3,5.0,2022-12-12T09:31:00-05:00,4.999999999999886,NDXP  221215P12500000,NDXP  221215P12490000,development,False,False,0,0,1,235,0,1363,available,False,2022-12-12T09:31:00-05:00,2022-12-15T15:59:00-05:00,10.0,-10152.960000000227,1.0,last_observed_quote_not_settlement,1046.0,1197,2,,,2022-12-12T09:31:00-05:00,60.0,5.649999999999977,-1552.9600000001813,2022-12-12T09:33:00-05:00,0.0,9.75,-9752.960000000228,2022-12-12T09:36:00-05:00,0.0,,,2022-12-12T09:40:00-05:00,60.0,9.75,-9752.960000000228,2022-12-12T09:46:00-05:00,0.0,9.75,-9752.960000000228,2022-12-12T10:01:00-05:00,0.0,9.75,-9752.960000000228,2022-12-12T10:31:00-05:00,0.0,9.599999999999909,-9452.960000000046,2022-12-12T11:31:00-05:00,0.0,,,2022-12-12T15:59:00-05:00,60.0,9.549999999999955,-9352.960000000137,2022-12-13T16:00:00-05:00,0.0,10.0,-10152.960000000227,2022-12-14T16:00:00-05:00,0.0,,,2022-12-15T15:59:00-05:00,60.0,0.0,hit,0.0,hit,,never_hit,,never_hit,,never_hit,,never_hit,,never_hit,2.0,hit,4.0,hit,4.0,hit,4.0,hit,4.0,hit,4.0,hit,,,True,True,True,False,0.5000000000001137,,,True,True,True,False,0.5000000000001137,,,True,True,True,False,0.5000000000001137,,,True,True,True,False,0.5000000000001137,,,,,,,,,,,,,,,,,,,,,,,,,,,,,,,,,,,,,,,,,,,,,,,,,,,,,,,,,,,,,,,,,726
2022-12-12,2022-12-15,3,6.0,2022-12-12T09:31:00-05:00,5.949999999999989,NDXP  221215P11700000,NDXP  221215P11690000,development,False,False,0,0,0,87,0,1512,available,False,2022-12-12T09:31:00-05:00,2022-12-15T16:00:00-05:00,10.0,-8252.960000000021,0.0,last_observed_quote_not_settlement,1036.0,248,23,3.9499999999999886,3747.040000000001,2022-12-12T09:32:00-05:00,0.0,5.4500000000000455,747.039999999887,2022-12-12T09:33:00-05:00,0.0,6.649999999999977,-1652.9599999999766,2022-12-12T09:36:00-05:00,0.0,5.949999999999989,-252.9599999999993,2022-12-12T09:41:00-05:00,0.0,5.050000000000011,1547.0399999999552,2022-12-12T09:46:00-05:00,0.0,5.149999999999977,1347.0400000000234,2022-12-12T10:01:00-05:00,0.0,3.9500000000000455,3747.039999999887,2022-12-12T10:31:00-05:00,0.0,5.5,647.0399999999779,2022-12-12T11:31:00-05:00,0.0,4.699999999999989,2247.040000000001,2022-12-12T16:00:00-05:00,0.0,3.5500000000000114,4547.039999999955,2022-12-13T16:00:00-05:00,0.0,4.650000000000006,2347.0399999999668,2022-12-14T16:00:00-05:00,0.0,10.0,-8252.960000000021,2022-12-15T16:00:00-05:00,0.0,1.0,hit,1.0,hit,1.0,hit,102.0,hit,1440.0,hit,,never_hit,,never_hit,3.0,hit,3.0,hit,107.0,hit,3186.0,hit,4326.0,hit,4337.0,hit,6.949999999999989,6,False,False,False,False,,7.300000000000011,8,True,False,False,False,,,,True,True,True,False,4.7999999999999865,,,True,True,True,False,4.7999999999999865,102.0,2022-12-12T11:13:00-05:00,2.5,6647.039999999978,1441.0,2022-12-13T09:32:00-05:00,1.3000000000000007,9047.039999999977,1442.0,2022-12-13T09:33:00-05:00,1.3500000000000014,8947.039999999975,103.0,2022-12-12T11:14:00-05:00,4.25,3147.039999999978,1440.0,2022-12-13T09:31:00-05:00,1.1999999999999993,9247.03999999998,1441.0,2022-12-13T09:32:00-05:00,1.3000000000000007,9047.039999999977,1442.0,2022-12-13T09:33:00-05:00,1.3500000000000014,8947.039999999975,1441.0,2022-12-13T09:32:00-05:00,1.3000000000000007,9047.039999999977,,,,,,,,,,,,,,,,,,,,,,,,,,,,,,,,,727
2022-12-12,2022-12-15,3,7.0,2022-12-12T09:31:00-05:00,7.050000000000011,NDXP  221215P11910000,NDXP  221215P11900000,development,False,False,0,0,0,108,0,1489,available,False,2022-12-12T09:31:00-05:00,2022-12-15T16:00:00-05:00,10.0,-6052.959999999977,0.0,last_observed_quote_not_settlement,1037.0,610,207,8.550000000000011,-3252.960000000001,2022-12-12T09:32:00-05:00,0.0,7.650000000000034,-1452.9600000000448,2022-12-12T09:33:00-05:00,0.0,6.649999999999977,547.0400000000689,2022-12-12T09:36:00-05:00,0.0,3.1000000000000227,7647.039999999978,2022-12-12T09:41:00-05:00,0.0,8.200000000000045,-2552.960000000069,2022-12-12T09:46:00-05:00,0.0,7.5,-1152.9599999999766,2022-12-12T10:01:00-05:00,0.0,9.100000000000023,-4352.960000000024,2022-12-12T10:31:00-05:00,0.0,6.900000000000034,47.039999999955235,2022-12-12T11:31:00-05:00,0.0,6.25,1347.0400000000234,2022-12-12T16:00:00-05:00,0.0,4.549999999999983,4747.040000000057,2022-12-13T16:00:00-05:00,0.0,7.25,-652.9599999999766,2022-12-14T16:00:00-05:00,0.0,10.0,-6052.959999999977,2022-12-15T16:00:00-05:00,0.0,9.0,hit,9.0,hit,10.0,hit,1440.0,hit,,never_hit,,never_hit,,never_hit,1.0,hit,1.0,hit,0.0,hit,1.0,hit,8.0,hit,11.0,hit,9.800000000000011,282,True,True,True,True,,,,True,True,True,False,4.850000000000023,,,True,True,True,False,4.850000000000023,,,True,True,True,False,4.850000000000023,1440.0,2022-12-13T09:31:00-05:00,2.700000000000003,8447.040000000019,1441.0,2022-12-13T09:32:00-05:00,2.3999999999999915,9047.04000000004,1455.0,2022-12-13T09:46:00-05:00,2.75,8347.040000000025,1441.0,2022-12-13T09:32:00-05:00,2.3999999999999915,9047.04000000004,,,,,,,,,,,,,,,,,,,,,,,,,,,,,,,,,,,,,,,,,,,,,,,,,728
2022-12-13,2022-12-15,2,5.0,2022-12-13T09:31:00-05:00,4.949999999999989,NDXP  221215P12180000,NDXP  221215P12170000,development,False,False,0,0,1,119,0,1073,available,False,2022-12-13T09:31:00-05:00,2022-12-15T16:00:00-05:00,7.800000000000068,-5952.960000000158,0.0,last_observed_quote_not_settlement,1037.0,986,20,5.0,-352.96000000002203,2022-12-13T09:32:00-05:00,0.0,5.399999999999977,-1152.9599999999766,2022-12-13T09:33:00-05:00,0.0,5.350000000000023,-1052.9600000000676,2022-12-13T09:36:00-05:00,0.0,4.799999999999983,47.04000000001208,2022-12-13T09:41:00-05:00,0.0,4.550000000000011,547.0399999999552,2022-12-13T09:46:00-05:00,0.0,5.299999999999983,-952.959999999988,2022-12-13T10:01:00-05:00,0.0,6.75,-3852.960000000022,2022-12-13T10:31:00-05:00,0.0,6.850000000000023,-4052.9600000000673,2022-12-13T11:31:00-05:00,0.0,7.2000000000000455,-4752.960000000113,2022-12-13T16:00:00-05:00,0.0,,,2022-12-14T15:55:00-05:00,300.0,7.800000000000068,-5952.960000000158,2022-12-15T16:00:00-05:00,0.0,,,,,0.0,hit,0.0,hit,18.0,hit,192.0,hit,211.0,hit,,never_hit,,never_hit,3.0,hit,26.0,hit,63.0,hit,140.0,hit,168.0,hit,168.0,hit,9.950000000000045,179,True,True,True,True,,9.950000000000045,195,True,True,True,True,,,,True,True,True,False,3.349999999999966,,,True,True,True,False,3.349999999999966,192.0,2022-12-13T12:43:00-05:00,2.1499999999999773,5347.040000000024,,,,,,,,,193.0,2022-12-13T12:44:00-05:00,8.400000000000034,-7152.960000000092,211.0,2022-12-13T13:02:00-05:00,1.6000000000000227,6447.039999999933,,,,,,,,,212.0,2022-12-13T13:03:00-05:00,8.199999999999989,-6752.960000000001,,,,,,,,,,,,,,,,,,,,,,,,,,,,,,,,,729
2022-12-13,2022-12-15,2,6.0,2022-12-13T09:31:00-05:00,6.050000000000011,NDXP  221215P12260000,NDXP  221215P12250000,development,False,False,0,0,0,150,0,1043,available,False,2022-12-13T09:31:00-05:00,2022-12-15T16:00:00-05:00,6.2000000000000455,-552.9600000000676,0.0,last_observed_quote_not_settlement,1038.0,916,41,3.75,4347.040000000024,2022-12-13T09:32:00-05:00,0.0,6.300000000000011,-752.9599999999994,2022-12-13T09:33:00-05:00,0.0,5.849999999999994,147.0400000000348,2022-12-13T09:36:00-05:00,0.0,6.75,-1652.9599999999766,2022-12-13T09:41:00-05:00,0.0,6.299999999999983,-752.9599999999425,2022-12-13T09:46:00-05:00,0.0,6.699999999999989,-1552.9599999999539,2022-12-13T10:01:00-05:00,0.0,6.449999999999989,-1052.9599999999539,2022-12-13T10:31:00-05:00,0.0,7.75,-3652.9599999999764,2022-12-13T11:31:00-05:00,0.0,2.849999999999966,6147.040000000092,2022-12-13T16:00:00-05:00,0.0,9.900000000000034,-7952.960000000046,2022-12-14T16:00:00-05:00,0.0,6.2000000000000455,-552.9600000000676,2022-12-15T16:00:00-05:00,0.0,,,,,1.0,hit,1.0,hit,1.0,hit,160.0,hit,160.0,hit,,never_hit,,never_hit,6.0,hit,6.0,hit,6.0,hit,7.0,hit,55.0,hit,182.0,hit,9.449999999999989,144,True,True,True,True,,9.449999999999989,144,True,True,True,True,,,,True,True,True,False,4.599999999999966,,,True,True,True,False,4.599999999999966,160.0,2022-12-13T12:11:00-05:00,1.9500000000000455,7947.039999999933,3253.0,2022-12-15T15:44:00-05:00,1.6000000000000227,8647.039999999979,3254.0,2022-12-15T15:45:00-05:00,1.6000000000000227,8647.039999999979,,,,,3249.0,2022-12-15T15:40:00-05:00,1.4500000000000455,8947.039999999934,3253.0,2022-12-15T15:44:00-05:00,1.6000000000000227,8647.039999999979,3254.0,2022-12-15T15:45:00-05:00,1.6000000000000227,8647.039999999979,,,,,,,,,,,,,,,,,,,,,,,,,,,,,,,,,,,,,730
2022-12-13,2022-12-15,2,7.0,2022-12-13T09:31:00-05:00,6.949999999999989,NDXP  221215P12380000,NDXP  221215P12370000,development,False,False,0,0,0,82,0,1111,available,False,2022-12-13T09:31:00-05:00,2022-12-15T16:00:00-05:00,9.900000000000091,-6152.960000000206,0.0,last_observed_quote_not_settlement,1037.0,1009,38,7.099999999999966,-552.9599999999539,2022-12-13T09:32:00-05:00,0.0,7.449999999999989,-1252.9599999999994,2022-12-13T09:33:00-05:00,0.0,8.049999999999955,-2452.9599999999327,2022-12-13T09:36:00-05:00,0.0,7.050000000000011,-452.9600000000448,2022-12-13T09:41:00-05:00,0.0,7.050000000000011,-452.9600000000448,2022-12-13T09:46:00-05:00,0.0,6.850000000000023,-52.9600000000675,2022-12-13T10:01:00-05:00,0.0,7.650000000000034,-1652.9600000000903,2022-12-13T10:31:00-05:00,0.0,7.699999999999989,-1752.9599999999994,2022-12-13T11:31:00-05:00,0.0,6.649999999999977,347.04000000002344,2022-12-13T16:00:00-05:00,0.0,10.0,-6252.960000000023,2022-12-14T16:00:00-05:00,0.0,9.900000000000091,-6152.960000000206,2022-12-15T16:00:00-05:00,0.0,,,,,87.0,hit,87.0,hit,1795.0,hit,1795.0,hit,1795.0,hit,,never_hit,,never_hit,2.0,hit,5.0,hit,1.0,hit,5.0,hit,57.0,hit,71.0,hit,10.0,659,True,True,True,True,,10.0,659,True,True,True,True,,,,True,True,True,False,5.349999999999966,,,True,True,True,False,5.349999999999966,1795.0,2022-12-14T15:26:00-05:00,1.6000000000000227,10447.039999999934,,,,,,,,,1796.0,2022-12-14T15:27:00-05:00,9.200000000000045,-4752.960000000115,1795.0,2022-12-14T15:26:00-05:00,1.6000000000000227,10447.039999999934,,,,,,,,,1796.0,2022-12-14T15:27:00-05:00,9.200000000000045,-4752.960000000115,,,,,,,,,,,,,,,,,,,,,,,,,,,,,,,,,731
2022-12-16,2022-12-19,3,5.0,2022-12-16T09:31:00-05:00,5.099999999999994,NDXP  221219P11310000,NDXP  221219P11300000,development,False,False,0,0,0,49,0,746,available,False,2022-12-16T09:31:00-05:00,2022-12-19T15:57:00-05:00,9.550000000000011,-9152.960000000034,3.0,last_observed_quote_not_settlement,3916.0,640,37,4.050000000000011,1847.0399999999665,2022-12-16T09:32:00-05:00,0.0,4.400000000000006,1147.039999999978,2022-12-16T09:33:00-05:00,0.0,4.0,1947.0399999999893,2022-12-16T09:36:00-05:00,0.0,3.6999999999999886,2547.0400000000122,2022-12-16T09:41:00-05:00,0.0,3.9000000000000057,2147.039999999978,2022-12-16T09:46:00-05:00,0.0,4.75,447.03999999998933,2022-12-16T10:01:00-05:00,0.0,6.25,-2552.9600000000105,2022-12-16T10:31:00-05:00,0.0,6.600000000000023,-3252.960000000056,2022-12-16T11:31:00-05:00,0.0,6.349999999999994,-2752.959999999999,2022-12-16T16:00:00-05:00,0.0,,,2022-12-16T16:15:00-05:00,85500.0,,,2022-12-16T16:15:00-05:00,171900.0,,,2022-12-19T15:57:00-05:00,180.0,0.0,hit,1.0,hit,4.0,hit,14.0,hit,,never_hit,,never_hit,,never_hit,35.0,hit,35.0,hit,35.0,hit,143.0,hit,4342.0,hit,4342.0,hit,5.099999999999994,0,False,False,False,False,,,,True,True,True,False,2.299999999999983,,,True,True,True,False,2.299999999999983,,,True,True,True,False,2.299999999999983,14.0,2022-12-16T09:45:00-05:00,2.8000000000000114,4347.039999999966,,,,,,,,,15.0,2022-12-16T09:46:00-05:00,3.9000000000000057,2147.039999999978,,,,,,,,,,,,,,,,,,,,,,,,,,,,,,,,,,,,,,,,,,,,,,,,,732
2022-12-16,2022-12-19,3,6.0,2022-12-16T09:31:00-05:00,6.0,NDXP  221219P11390000,NDXP  221219P11380000,development,False,False,0,0,0,64,0,731,available,False,2022-12-16T09:31:00-05:00,2022-12-19T16:00:00-05:00,8.300000000000011,-4852.960000000024,0.0,last_observed_quote_not_settlement,3916.0,653,15,5.299999999999983,1147.0400000000348,2022-12-16T09:32:00-05:00,0.0,5.449999999999989,847.0400000000234,2022-12-16T09:33:00-05:00,0.0,5.599999999999994,547.040000000012,2022-12-16T09:36:00-05:00,0.0,6.150000000000034,-552.9600000000676,2022-12-16T09:41:00-05:00,0.0,5.599999999999994,547.040000000012,2022-12-16T09:46:00-05:00,0.0,6.0,-252.9599999999993,2022-12-16T10:01:00-05:00,0.0,7.599999999999966,-3452.959999999931,2022-12-16T10:31:00-05:00,0.0,8.399999999999977,-5052.9599999999555,2022-12-16T11:31:00-05:00,0.0,7.899999999999977,-4052.9599999999537,2022-12-16T16:00:00-05:00,0.0,,,2022-12-16T16:15:00-05:00,85500.0,,,2022-12-16T16:15:00-05:00,171900.0,8.300000000000011,-4852.960000000024,2022-12-19T16:00:00-05:00,0.0,1.0,hit,13.0,hit,22.0,hit,,never_hit,,never_hit,,never_hit,,never_hit,23.0,hit,43.0,hit,43.0,hit,59.0,hit,141.0,hit,305.0,hit,,,True,True,True,False,2.4000000000000057,,,True,True,True,False,2.4000000000000057,,,True,True,True,False,2.4000000000000057,,,True,True,True,False,2.4000000000000057,,,,,,,,,,,,,,,,,,,,,,,,,,,,,,,,,,,,,,,,,,,,,,,,,,,,,,,,,,,,,,,,,733
2022-12-16,2022-12-19,3,7.0,2022-12-16T09:31:00-05:00,7.049999999999983,NDXP  221219P11360000,NDXP  221219P11350000,development,False,False,0,0,0,59,0,736,available,False,2022-12-16T09:31:00-05:00,2022-12-19T16:00:00-05:00,9.099999999999966,-4352.959999999967,0.0,last_observed_quote_not_settlement,3916.0,528,63,5.200000000000003,3447.039999999961,2022-12-16T09:32:00-05:00,0.0,4.600000000000023,4647.039999999921,2022-12-16T09:33:00-05:00,0.0,5.1499999999999915,3547.0399999999836,2022-12-16T09:36:00-05:00,0.0,5.200000000000017,3447.0399999999327,2022-12-16T09:41:00-05:00,0.0,6.150000000000006,1547.0399999999552,2022-12-16T09:46:00-05:00,0.0,5.049999999999997,3747.039999999972,2022-12-16T10:01:00-05:00,0.0,7.25,-652.9600000000335,2022-12-16T10:31:00-05:00,0.0,7.600000000000023,-1352.960000000079,2022-12-16T11:31:00-05:00,0.0,7.25,-652.9600000000335,2022-12-16T16:00:00-05:00,0.0,,,2022-12-16T16:15:00-05:00,85500.0,,,2022-12-16T16:15:00-05:00,171900.0,9.099999999999966,-4352.959999999967,2022-12-19T16:00:00-05:00,0.0,1.0,hit,2.0,hit,,never_hit,,never_hit,,never_hit,,never_hit,,never_hit,77.0,hit,156.0,hit,0.0,hit,156.0,hit,4325.0,hit,4325.0,hit,,,True,True,True,False,2.84999999999998,,,True,True,True,False,2.84999999999998,,,True,True,True,False,2.84999999999998,,,True,True,True,False,2.84999999999998,,,,,,,,,,,,,,,,,,,,,,,,,,,,,,,,,,,,,,,,,,,,,,,,,,,,,,,,,,,,,,,,,734
2022-12-19,2022-12-21,2,5.0,2022-12-19T09:31:00-05:00,4.949999999999989,NDXP  221221P11220000,NDXP  221221P11210000,development,False,False,0,0,0,3,15,1197,available,False,2022-12-19T09:31:00-05:00,2022-12-21T16:00:00-05:00,0.32499999999999996,8997.039999999979,0.0,last_observed_quote_not_settlement,1036.0,868,30,4.849999999999994,-52.96000000001066,2022-12-19T09:32:00-05:00,0.0,4.549999999999983,547.040000000012,2022-12-19T09:33:00-05:00,0.0,5.450000000000003,-1252.9600000000278,2022-12-19T09:36:00-05:00,0.0,4.550000000000011,547.0399999999552,2022-12-19T09:41:00-05:00,0.0,5.049999999999983,-452.95999999998793,2022-12-19T09:46:00-05:00,0.0,6.050000000000011,-2452.9600000000446,2022-12-19T10:01:00-05:00,0.0,5.349999999999994,-1052.9600000000107,2022-12-19T10:31:00-05:00,0.0,6.5,-3352.960000000022,2022-12-19T11:31:00-05:00,0.0,6.649999999999977,-3652.9599999999764,2022-12-19T16:00:00-05:00,0.0,8.199999999999989,-6752.960000000001,2022-12-20T16:00:00-05:00,0.0,0.32499999999999996,8997.039999999979,2022-12-21T16:00:00-05:00,0.0,,,,,0.0,hit,0.0,hit,16.0,hit,2971.0,hit,3094.0,hit,3156.0,hit,3259.0,hit,4.0,hit,4.0,hit,21.0,hit,271.0,hit,285.0,hit,285.0,hit,9.900000000000006,854,True,True,True,True,,9.900000000000006,864,True,True,True,True,,9.900000000000006,864,True,True,True,True,,9.900000000000006,864,True,True,True,True,,2971.0,2022-12-21T11:02:00-05:00,2.6999999999999993,4247.039999999979,2972.0,2022-12-21T11:03:00-05:00,2.8499999999999943,3947.0399999999895,2973.0,2022-12-21T11:04:00-05:00,2.8000000000000007,4047.0399999999763,2972.0,2022-12-21T11:03:00-05:00,2.8499999999999943,3947.0399999999895,3094.0,2022-12-21T13:05:00-05:00,1.8999999999999986,5847.039999999981,3151.0,2022-12-21T14:02:00-05:00,1.9000000000000004,5847.039999999977,3152.0,2022-12-21T14:03:00-05:00,1.4499999999999993,6747.039999999979,3095.0,2022-12-21T13:06:00-05:00,2.000000000000001,5647.039999999976,3156.0,2022-12-21T14:07:00-05:00,0.6500000000000004,8347.039999999979,3162.0,2022-12-21T14:13:00-05:00,0.75,8147.039999999978,3163.0,2022-12-21T14:14:00-05:00,0.6499999999999999,8347.039999999979,3157.0,2022-12-21T14:08:00-05:00,0.9750000000000001,7697.039999999977,3259.0,2022-12-21T15:50:00-05:00,0.0,9647.039999999979,,,,,,,,,3260.0,2022-12-21T15:51:00-05:00,5.325,-1002.9600000000224,735
2022-12-19,2022-12-21,2,6.0,2022-12-19T09:31:00-05:00,5.800000000000011,NDXP  221221P11290000,NDXP  221221P11280000,development,False,False,0,0,0,23,15,1177,available,False,2022-12-19T09:31:00-05:00,2022-12-21T16:00:00-05:00,10.0,-8552.959999999975,0.0,last_observed_quote_not_settlement,1037.0,1126,30,6.050000000000011,-752.9599999999994,2022-12-19T09:32:00-05:00,0.0,6.5,-1652.9599999999766,2022-12-19T09:33:00-05:00,0.0,6.699999999999989,-2052.9599999999537,2022-12-19T09:36:00-05:00,0.0,6.75,-2152.9599999999764,2022-12-19T09:41:00-05:00,0.0,6.099999999999966,-852.9599999999084,2022-12-19T09:46:00-05:00,0.0,7.900000000000034,-4452.960000000045,2022-12-19T10:01:00-05:00,0.0,6.400000000000006,-1452.959999999988,2022-12-19T10:31:00-05:00,0.0,7.75,-4152.959999999976,2022-12-19T11:31:00-05:00,0.0,6.650000000000006,-1952.959999999988,2022-12-19T16:00:00-05:00,0.0,9.599999999999994,-7852.959999999967,2022-12-20T16:00:00-05:00,0.0,10.0,-8552.959999999975,2022-12-21T16:00:00-05:00,0.0,,,,,7.0,hit,39.0,hit,3157.0,hit,,never_hit,,never_hit,,never_hit,,never_hit,2.0,hit,6.0,hit,17.0,hit,34.0,hit,124.0,hit,323.0,hit,,,True,True,True,False,2.050000000000008,,,True,True,True,False,2.050000000000008,,,True,True,True,False,2.050000000000008,,,True,True,True,False,2.050000000000008,,,,,,,,,,,,,,,,,,,,,,,,,,,,,,,,,,,,,,,,,,,,,,,,,,,,,,,,,,,,,,,,,736
2022-12-19,2022-12-21,2,7.0,2022-12-19T09:31:00-05:00,7.049999999999983,NDXP  221221P11390000,NDXP  221221P11380000,development,False,False,0,0,0,128,15,1072,available,False,2022-12-19T09:31:00-05:00,2022-12-21T16:00:00-05:00,10.0,-6052.960000000034,0.0,last_observed_quote_not_settlement,1037.0,954,22,7.0,-152.9600000000334,2022-12-19T09:32:00-05:00,0.0,9.0,-4152.9600000000355,2022-12-19T09:33:00-05:00,0.0,8.099999999999994,-2352.9600000000237,2022-12-19T09:36:00-05:00,0.0,7.7999999999999545,-1752.9599999999425,2022-12-19T09:41:00-05:00,0.0,8.599999999999966,-3352.959999999967,2022-12-19T09:46:00-05:00,0.0,8.200000000000017,-2552.960000000069,2022-12-19T10:01:00-05:00,0.0,9.150000000000034,-4452.960000000104,2022-12-19T10:31:00-05:00,0.0,8.949999999999989,-4052.9600000000123,2022-12-19T11:31:00-05:00,0.0,9.25,-4652.9600000000355,2022-12-19T16:00:00-05:00,0.0,,,2022-12-20T15:57:00-05:00,180.0,10.0,-6052.960000000034,2022-12-21T16:00:00-05:00,0.0,,,,,,never_hit,,never_hit,,never_hit,,never_hit,,never_hit,,never_hit,,never_hit,2.0,hit,2.0,hit,0.0,hit,2.0,hit,2.0,hit,34.0,hit,,,True,True,True,False,1.299999999999983,,,True,True,True,False,1.299999999999983,,,True,True,True,False,1.299999999999983,,,True,True,True,False,1.299999999999983,,,,,,,,,,,,,,,,,,,,,,,,,,,,,,,,,,,,,,,,,,,,,,,,,,,,,,,,,,,,,,,,,737
2022-12-19,2022-12-22,3,5.0,2022-12-19T09:31:00-05:00,5.200000000000017,NDXP  221222P11330000,NDXP  221222P11320000,development,False,False,0,0,0,159,0,1446,available,False,2022-12-19T09:31:00-05:00,2022-12-22T16:00:00-05:00,10.0,-9752.959999999965,0.0,last_observed_quote_not_settlement,1036.0,1365,16,6.5,-2852.959999999965,2022-12-19T09:32:00-05:00,0.0,6.25,-2352.959999999965,2022-12-19T09:33:00-05:00,0.0,6.5,-2852.959999999965,2022-12-19T09:36:00-05:00,0.0,6.300000000000011,-2452.9599999999878,2022-12-19T09:41:00-05:00,0.0,6.400000000000006,-2652.9599999999764,2022-12-19T09:46:00-05:00,0.0,6.300000000000011,-2452.9599999999878,2022-12-19T10:01:00-05:00,0.0,6.799999999999983,-3452.959999999931,2022-12-19T10:31:00-05:00,0.0,7.550000000000011,-4952.959999999988,2022-12-19T11:31:00-05:00,0.0,7.100000000000023,-4052.9600000000105,2022-12-19T16:00:00-05:00,0.0,7.600000000000023,-5052.960000000011,2022-12-20T16:00:00-05:00,0.0,7.6499999999999915,-5152.959999999948,2022-12-21T16:00:00-05:00,0.0,10.0,-9752.959999999965,2022-12-22T16:00:00-05:00,0.0,0.0,hit,3097.0,hit,4515.0,hit,,never_hit,,never_hit,,never_hit,,never_hit,1.0,hit,1.0,hit,12.0,hit,58.0,hit,292.0,hit,348.0,hit,,,True,True,True,False,2.0000000000000284,,,True,True,True,False,2.0000000000000284,,,True,True,True,False,2.0000000000000284,,,True,True,True,False,2.0000000000000284,,,,,,,,,,,,,,,,,,,,,,,,,,,,,,,,,,,,,,,,,,,,,,,,,,,,,,,,,,,,,,,,,738
2022-12-19,2022-12-22,3,6.0,2022-12-19T09:31:00-05:00,6.0,NDXP  221222P11270000,NDXP  221222P11260000,development,False,False,0,0,0,121,0,1484,available,False,2022-12-19T09:31:00-05:00,2022-12-22T16:00:00-05:00,9.050000000000011,-6352.960000000024,0.0,last_observed_quote_not_settlement,1036.0,1079,138,5.199999999999989,1347.0400000000234,2022-12-19T09:32:00-05:00,0.0,6.549999999999983,-1352.9599999999652,2022-12-19T09:33:00-05:00,0.0,5.450000000000017,847.0399999999665,2022-12-19T09:36:00-05:00,0.0,5.349999999999994,1047.040000000012,2022-12-19T09:41:00-05:00,0.0,7.100000000000023,-2452.9600000000446,2022-12-19T09:46:00-05:00,0.0,6.599999999999994,-1452.959999999988,2022-12-19T10:01:00-05:00,0.0,5.800000000000011,147.03999999997797,2022-12-19T10:31:00-05:00,0.0,6.749999999999972,-1752.9599999999425,2022-12-19T11:31:00-05:00,0.0,5.75,247.04000000000067,2022-12-19T16:00:00-05:00,0.0,7.25,-2752.959999999999,2022-12-20T16:00:00-05:00,0.0,5.299999999999997,1147.0400000000063,2022-12-21T16:00:00-05:00,0.0,9.050000000000011,-6352.960000000024,2022-12-22T16:00:00-05:00,0.0,1.0,hit,13.0,hit,14.0,hit,3197.0,hit,,never_hit,,never_hit,,never_hit,2.0,hit,15.0,hit,15.0,hit,135.0,hit,295.0,hit,295.0,hit,9.949999999999989,867,True,True,True,True,,,,True,True,True,False,3.4499999999999957,,,True,True,True,False,3.4499999999999957,,,True,True,True,False,3.4499999999999957,3197.0,2022-12-21T14:48:00-05:00,2.5500000000000043,6647.039999999992,,,,,,,,,3198.0,2022-12-21T14:49:00-05:00,5.249999999999993,1247.040000000015,,,,,,,,,,,,,,,,,,,,,,,,,,,,,,,,,,,,,,,,,,,,,,,,,739
2022-12-19,2022-12-22,3,7.0,2022-12-19T09:31:00-05:00,7.0,NDXP  221222P11450000,NDXP  221222P11440000,development,False,False,0,0,0,197,0,1408,available,False,2022-12-19T09:31:00-05:00,2022-12-22T15:59:00-05:00,9.999999999999943,-6152.96,1.0,last_observed_quote_not_settlement,1036.0,1232,44,7.800000000000011,-1852.960000000022,2022-12-19T09:32:00-05:00,0.0,7.600000000000023,-1452.9600000000448,2022-12-19T09:33:00-05:00,0.0,8.549999999999955,-3352.95999999991,2022-12-19T09:36:00-05:00,0.0,8.349999999999966,-2952.9599999999327,2022-12-19T09:41:00-05:00,0.0,8.650000000000034,-3552.960000000069,2022-12-19T09:46:00-05:00,0.0,8.350000000000023,-2952.9600000000464,2022-12-19T10:01:00-05:00,0.0,7.649999999999977,-1552.9599999999539,2022-12-19T10:31:00-05:00,0.0,8.899999999999977,-4052.9599999999555,2022-12-19T11:31:00-05:00,0.0,9.5,-5252.960000000001,2022-12-19T16:00:00-05:00,0.0,9.5,-5252.960000000001,2022-12-20T16:00:00-05:00,0.0,9.200000000000017,-4652.9600000000355,2022-12-21T16:00:00-05:00,0.0,,,2022-12-22T15:59:00-05:00,60.0,4335.0,hit,4335.0,hit,4339.0,hit,4417.0,hit,,never_hit,,never_hit,,never_hit,1.0,hit,5.0,hit,0.0,hit,5.0,hit,16.0,hit,16.0,hit,10.0,1084,True,True,True,True,,,,True,True,True,False,4.0,,,True,True,True,False,4.0,,,True,True,True,False,4.0,,,,,,,,,,,,,,,,,,,,,,,,,,,,,,,,,,,,,,,,,,,,,,,,,,,,,,,,,,,,,,,,,740
2022-12-20,2022-12-22,2,5.0,2022-12-20T09:31:00-05:00,4.849999999999994,NDXP  221222P11030000,NDXP  221222P11020000,development,False,False,0,0,0,33,15,1167,available,False,2022-12-20T09:31:00-05:00,2022-12-22T16:00:00-05:00,10.0,-10452.96000000001,0.0,last_observed_quote_not_settlement,1036.0,341,28,5.0,-552.9600000000107,2022-12-20T09:32:00-05:00,0.0,4.649999999999977,147.0400000000348,2022-12-20T09:33:00-05:00,0.0,4.3500000000000085,747.0399999999722,2022-12-20T09:36:00-05:00,0.0,5.1000000000000085,-752.9600000000278,2022-12-20T09:41:00-05:00,0.0,5.549999999999997,-1652.960000000005,2022-12-20T09:46:00-05:00,0.0,3.950000000000003,1547.0399999999836,2022-12-20T10:01:00-05:00,0.0,3.249999999999993,2947.0400000000036,2022-12-20T10:31:00-05:00,0.0,4.799999999999983,-152.95999999997656,2022-12-20T11:31:00-05:00,0.0,3.799999999999983,1847.0400000000234,2022-12-20T16:00:00-05:00,0.0,0.6500000000000004,8147.039999999989,2022-12-21T16:00:00-05:00,0.0,10.0,-10452.96000000001,2022-12-22T16:00:00-05:00,0.0,,,,,0.0,hit,0.0,hit,30.0,hit,62.0,hit,1458.0,hit,1509.0,hit,1656.0,hit,6.0,hit,16.0,hit,2892.0,hit,2934.0,hit,2943.0,hit,3011.0,hit,6.049999999999983,16,False,False,False,False,,6.050000000000011,25,False,False,False,False,,6.050000000000011,25,False,False,False,False,,6.050000000000011,25,False,False,False,False,,66.0,2022-12-20T10:37:00-05:00,2.75,3947.0399999999895,1450.0,2022-12-21T09:41:00-05:00,2.8999999999999986,3647.0399999999922,1454.0,2022-12-21T09:45:00-05:00,2.75,3947.0399999999895,67.0,2022-12-20T10:38:00-05:00,3.049999999999997,3347.039999999995,1458.0,2022-12-21T09:49:00-05:00,1.8499999999999979,5747.039999999994,1459.0,2022-12-21T09:50:00-05:00,1.8999999999999986,5647.039999999992,1479.0,2022-12-21T10:10:00-05:00,1.6000000000000014,6247.039999999986,1459.0,2022-12-21T09:50:00-05:00,1.8999999999999986,5647.039999999992,1511.0,2022-12-21T10:42:00-05:00,0.9000000000000004,7647.039999999989,1512.0,2022-12-21T10:43:00-05:00,0.8500000000000014,7747.039999999986,1527.0,2022-12-21T10:58:00-05:00,0.8999999999999986,7647.039999999992,1512.0,2022-12-21T10:43:00-05:00,0.8500000000000014,7747.039999999986,1656.0,2022-12-21T13:07:00-05:00,0.4499999999999993,8547.039999999992,1723.0,2022-12-21T14:14:00-05:00,0.39999999999999947,8647.039999999992,1724.0,2022-12-21T14:15:00-05:00,0.2999999999999998,8847.03999999999,1657.0,2022-12-21T13:08:00-05:00,0.5,8447.03999999999,741
2022-12-20,2022-12-22,2,6.0,2022-12-20T09:31:00-05:00,6.100000000000023,NDXP  221222P11140000,NDXP  221222P11130000,development,False,False,0,0,0,65,15,1135,available,False,2022-12-20T09:31:00-05:00,2022-12-22T16:00:00-05:00,10.0,-7952.959999999955,0.0,last_observed_quote_not_settlement,1036.0,373,90,6.299999999999983,-652.9599999999198,2022-12-20T09:32:00-05:00,0.0,6.349999999999994,-752.9599999999425,2022-12-20T09:33:00-05:00,0.0,6.599999999999966,-1252.9599999998857,2022-12-20T09:36:00-05:00,0.0,6.450000000000017,-952.959999999988,2022-12-20T09:41:00-05:00,0.0,6.800000000000011,-1652.9599999999766,2022-12-20T09:46:00-05:00,0.0,6.100000000000023,-252.9599999999993,2022-12-20T10:01:00-05:00,0.0,4.450000000000003,3047.0400000000404,2022-12-20T10:31:00-05:00,0.0,6.849999999999994,-1752.9599999999425,2022-12-20T11:31:00-05:00,0.0,5.6000000000000085,747.0400000000291,2022-12-20T16:00:00-05:00,0.0,2.0500000000000007,7847.0400000000445,2022-12-21T16:00:00-05:00,0.0,10.0,-7952.959999999955,2022-12-22T16:00:00-05:00,0.0,,,,,28.0,hit,36.0,hit,55.0,hit,284.0,hit,1533.0,hit,,never_hit,,never_hit,12.0,hit,12.0,hit,12.0,hit,2884.0,hit,2899.0,hit,2912.0,hit,7.649999999999977,82,True,False,False,False,,7.649999999999977,100,True,False,False,False,,,,True,True,True,False,4.850000000000023,,,True,True,True,False,4.850000000000023,1502.0,2022-12-21T10:33:00-05:00,2.8500000000000085,6247.040000000029,1503.0,2022-12-21T10:34:00-05:00,2.850000000000005,6247.040000000036,1504.0,2022-12-21T10:35:00-05:00,2.7500000000000036,6447.040000000039,1503.0,2022-12-21T10:34:00-05:00,2.850000000000005,6247.040000000036,1534.0,2022-12-21T11:05:00-05:00,1.8999999999999986,8147.040000000049,1541.0,2022-12-21T11:12:00-05:00,1.8500000000000014,8247.040000000045,1654.0,2022-12-21T13:05:00-05:00,1.6999999999999993,8547.040000000048,1535.0,2022-12-21T11:06:00-05:00,2.0,7947.040000000046,,,,,,,,,,,,,,,,,,,,,,,,,,,,,,,,,742
2022-12-20,2022-12-22,2,7.0,2022-12-20T09:31:00-05:00,7.0,NDXP  221222P11160000,NDXP  221222P11150000,development,False,False,0,0,0,95,15,1105,available,False,2022-12-20T09:31:00-05:00,2022-12-22T16:00:00-05:00,9.0,-4252.960000000001,0.0,last_observed_quote_not_settlement,1036.0,305,106,6.099999999999966,1547.0400000000689,2022-12-20T09:32:00-05:00,0.0,7.900000000000006,-2052.9600000000105,2022-12-20T09:33:00-05:00,0.0,7.299999999999983,-852.9599999999652,2022-12-20T09:36:00-05:00,0.0,7.750000000000028,-1752.9600000000562,2022-12-20T09:41:00-05:00,0.0,8.700000000000017,-3652.960000000035,2022-12-20T09:46:00-05:00,0.0,5.850000000000023,2047.0399999999554,2022-12-20T10:01:00-05:00,0.0,4.5,4747.040000000001,2022-12-20T10:31:00-05:00,0.0,7.649999999999977,-1552.9599999999539,2022-12-20T11:31:00-05:00,0.0,6.599999999999994,547.040000000012,2022-12-20T16:00:00-05:00,0.0,2.8000000000000007,8147.04,2022-12-21T16:00:00-05:00,0.0,9.0,-4252.960000000001,2022-12-22T16:00:00-05:00,0.0,,,,,9.0,hit,43.0,hit,211.0,hit,1504.0,hit,1654.0,hit,,never_hit,,never_hit,2.0,hit,15.0,hit,0.0,hit,15.0,hit,2892.0,hit,2892.0,hit,8.700000000000017,78,True,True,False,False,,8.700000000000017,78,True,True,False,False,,,,True,True,True,False,5.450000000000003,,,True,True,True,False,5.450000000000003,1504.0,2022-12-21T10:35:00-05:00,2.9499999999999957,7847.040000000009,1510.0,2022-12-21T10:41:00-05:00,2.9499999999999957,7847.040000000009,1511.0,2022-12-21T10:42:00-05:00,2.9499999999999957,7847.040000000009,1505.0,2022-12-21T10:36:00-05:00,3.4000000000000057,6947.039999999989,1655.0,2022-12-21T13:06:00-05:00,1.8999999999999986,9947.040000000005,1714.0,2022-12-21T14:05:00-05:00,1.8499999999999979,10047.040000000006,1715.0,2022-12-21T14:06:00-05:00,1.9499999999999993,9847.040000000003,1656.0,2022-12-21T13:07:00-05:00,2.3000000000000007,9147.04,,,,,,,,,,,,,,,,,,,,,,,,,,,,,,,,,743
2022-12-20,2022-12-23,3,5.0,2022-12-20T09:31:00-05:00,5.099999999999966,NDXP  221223P11440000,NDXP  221223P11430000,development,False,False,0,0,0,155,0,1450,available,False,2022-12-20T09:31:00-05:00,2022-12-23T16:00:00-05:00,6.800000000000011,-3652.96000000009,0.0,last_observed_quote_not_settlement,1038.0,1342,0,9.199999999999989,-8452.960000000046,2022-12-20T09:32:00-05:00,0.0,8.149999999999977,-6352.960000000024,2022-12-20T09:33:00-05:00,0.0,,,2022-12-20T09:35:00-05:00,60.0,7.050000000000068,-4152.960000000204,2022-12-20T09:41:00-05:00,0.0,10.0,-9952.960000000066,2022-12-20T09:46:00-05:00,0.0,8.499999999999943,-7052.9599999999555,2022-12-20T10:01:00-05:00,0.0,8.650000000000034,-7352.960000000137,2022-12-20T10:31:00-05:00,0.0,10.0,-9952.960000000066,2022-12-20T11:31:00-05:00,0.0,9.099999999999966,-8252.960000000001,2022-12-20T16:00:00-05:00,0.0,8.899999999999977,-7852.960000000024,2022-12-21T16:00:00-05:00,0.0,9.899999999999977,-9852.960000000023,2022-12-22T16:00:00-05:00,0.0,6.800000000000011,-3652.96000000009,2022-12-23T16:00:00-05:00,0.0,0.0,hit,4330.0,hit,,never_hit,,never_hit,,never_hit,,never_hit,,never_hit,1.0,hit,1.0,hit,1.0,hit,1.0,hit,1.0,hit,6.0,hit,,,True,True,True,False,0.3999999999999204,,,True,True,True,False,0.3999999999999204,,,True,True,True,False,0.3999999999999204,,,True,True,True,False,0.3999999999999204,,,,,,,,,,,,,,,,,,,,,,,,,,,,,,,,,,,,,,,,,,,,,,,,,,,,,,,,,,,,,,,,,744
2022-12-20,2022-12-23,3,6.0,2022-12-20T09:31:00-05:00,6.049999999999983,NDXP  221223P11150000,NDXP  221223P11140000,development,False,False,0,0,0,63,0,1542,available,False,2022-12-20T09:31:00-05:00,2022-12-23T16:00:00-05:00,10.0,-8052.960000000034,0.0,last_observed_quote_not_settlement,1036.0,720,76,4.900000000000006,2047.0399999999554,2022-12-20T09:32:00-05:00,0.0,5.75,347.0399999999666,2022-12-20T09:33:00-05:00,0.0,5.799999999999983,247.04000000000067,2022-12-20T09:36:00-05:00,0.0,4.850000000000023,2147.0399999999213,2022-12-20T09:41:00-05:00,0.0,5.400000000000034,1047.0399999998983,2022-12-20T09:46:00-05:00,0.0,4.200000000000017,3447.0399999999327,2022-12-20T10:01:00-05:00,0.0,4.150000000000006,3547.0399999999554,2022-12-20T10:31:00-05:00,0.0,3.950000000000017,3947.0399999999327,2022-12-20T11:31:00-05:00,0.0,4.649999999999977,2547.0400000000122,2022-12-20T16:00:00-05:00,0.0,2.8999999999999986,6047.039999999969,2022-12-21T16:00:00-05:00,0.0,8.350000000000023,-4852.960000000081,2022-12-22T16:00:00-05:00,0.0,10.0,-8052.960000000034,2022-12-23T16:00:00-05:00,0.0,1.0,hit,1.0,hit,28.0,hit,35.0,hit,,never_hit,,never_hit,,never_hit,9.0,hit,9.0,hit,9.0,hit,2899.0,hit,2925.0,hit,2925.0,hit,7.400000000000006,8,True,False,False,False,,,,True,True,True,False,3.9499999999999815,,,True,True,True,False,3.9499999999999815,,,True,True,True,False,3.9499999999999815,47.0,2022-12-20T10:18:00-05:00,2.8499999999999943,6147.039999999978,48.0,2022-12-20T10:19:00-05:00,2.799999999999983,6247.040000000001,1532.0,2022-12-21T11:03:00-05:00,2.75,6347.039999999966,48.0,2022-12-20T10:19:00-05:00,2.799999999999983,6247.040000000001,,,,,,,,,,,,,,,,,,,,,,,,,,,,,,,,,,,,,,,,,,,,,,,,,745
2022-12-20,2022-12-23,3,7.0,2022-12-20T09:31:00-05:00,6.800000000000068,NDXP  221223P11510000,NDXP  221223P11500000,development,False,False,0,0,0,148,0,1457,available,False,2022-12-20T09:31:00-05:00,2022-12-23T16:00:00-05:00,9.5,-5652.9599999998645,0.0,last_observed_quote_not_settlement,1037.0,1328,10,7.199999999999989,-1052.9599999998402,2022-12-20T09:32:00-05:00,0.0,8.050000000000011,-2752.9599999998873,2022-12-20T09:33:00-05:00,0.0,,,2022-12-20T09:35:00-05:00,60.0,9.699999999999989,-6052.959999999842,2022-12-20T09:41:00-05:00,0.0,9.749999999999886,-6152.959999999637,2022-12-20T09:46:00-05:00,0.0,,,2022-12-20T10:00:00-05:00,60.0,9.049999999999955,-4752.959999999774,2022-12-20T10:31:00-05:00,0.0,8.799999999999955,-4252.959999999774,2022-12-20T11:31:00-05:00,0.0,9.950000000000045,-6552.959999999864,2022-12-20T16:00:00-05:00,0.0,9.449999999999932,-5552.959999999728,2022-12-21T16:00:00-05:00,0.0,,,2022-12-22T15:59:00-05:00,60.0,9.5,-5652.9599999998645,2022-12-23T16:00:00-05:00,0.0,46.0,hit,46.0,hit,,never_hit,,never_hit,,never_hit,,never_hit,,never_hit,2.0,hit,2.0,hit,1.0,hit,2.0,hit,3.0,hit,8.0,hit,,,True,True,True,False,2.650000000000091,,,True,True,True,False,2.650000000000091,,,True,True,True,False,2.650000000000091,,,True,True,True,False,2.650000000000091,,,,,,,,,,,,,,,,,,,,,,,,,,,,,,,,,,,,,,,,,,,,,,,,,,,,,,,,,,,,,,,,,746
2022-12-21,2022-12-23,2,5.0,2022-12-21T09:31:00-05:00,4.900000000000006,NDXP  221223P11170000,NDXP  221223P11160000,development,False,False,0,0,0,101,0,1099,available,False,2022-12-21T09:31:00-05:00,2022-12-23T15:59:00-05:00,10.0,-10352.959999999988,1.0,last_observed_quote_not_settlement,1036.0,642,15,5.6499999999999915,-1752.959999999971,2022-12-21T09:32:00-05:00,0.0,6.050000000000011,-2552.9600000000105,2022-12-21T09:33:00-05:00,0.0,6.849999999999994,-4152.959999999976,2022-12-21T09:36:00-05:00,0.0,5.3500000000000085,-1152.960000000005,2022-12-21T09:41:00-05:00,0.0,5.550000000000011,-1552.9600000000107,2022-12-21T09:46:00-05:00,0.0,5.0,-452.95999999998793,2022-12-21T10:01:00-05:00,0.0,4.549999999999983,447.0400000000462,2022-12-21T10:31:00-05:00,0.0,3.1500000000000057,3247.040000000001,2022-12-21T11:31:00-05:00,0.0,3.3500000000000014,2847.040000000009,2022-12-21T16:00:00-05:00,0.0,8.0,-6452.95999999999,2022-12-22T16:00:00-05:00,0.0,,,2022-12-23T15:59:00-05:00,60.0,,,,,0.0,hit,0.0,hit,48.0,hit,91.0,hit,,never_hit,,never_hit,,never_hit,1.0,hit,2.0,hit,6.0,hit,1448.0,hit,1471.0,hit,1471.0,hit,7.150000000000006,27,True,False,False,False,,,,True,True,True,False,2.4000000000000057,,,True,True,True,False,2.4000000000000057,,,True,True,True,False,2.4000000000000057,94.0,2022-12-21T11:05:00-05:00,2.8999999999999986,3747.040000000015,99.0,2022-12-21T11:10:00-05:00,2.9499999999999957,3647.0400000000204,100.0,2022-12-21T11:11:00-05:00,2.8000000000000043,3947.0400000000036,95.0,2022-12-21T11:06:00-05:00,3.249999999999993,3047.0400000000263,,,,,,,,,,,,,,,,,,,,,,,,,,,,,,,,,,,,,,,,,,,,,,,,,747
2022-12-21,2022-12-23,2,6.0,2022-12-21T09:31:00-05:00,5.8999999999999915,NDXP  221223P11180000,NDXP  221223P11170000,development,False,False,0,0,0,141,0,1059,available,False,2022-12-21T09:31:00-05:00,2022-12-23T15:59:00-05:00,10.0,-8352.960000000015,1.0,last_observed_quote_not_settlement,1036.0,586,14,5.800000000000011,-52.96000000003908,2022-12-21T09:32:00-05:00,0.0,6.099999999999994,-652.960000000005,2022-12-21T09:33:00-05:00,0.0,4.900000000000006,1747.0399999999722,2022-12-21T09:36:00-05:00,0.0,5.750000000000014,47.039999999955235,2022-12-21T09:41:00-05:00,0.0,5.5,547.0399999999836,2022-12-21T09:46:00-05:00,0.0,4.450000000000017,2647.0399999999495,2022-12-21T10:01:00-05:00,0.0,3.950000000000017,3647.0399999999495,2022-12-21T10:31:00-05:00,0.0,3.3499999999999943,4847.039999999995,2022-12-21T11:31:00-05:00,0.0,3.799999999999997,3947.0399999999895,2022-12-21T16:00:00-05:00,0.0,9.200000000000017,-6852.960000000052,2022-12-22T16:00:00-05:00,0.0,,,2022-12-23T15:59:00-05:00,60.0,,,,,5.0,hit,5.0,hit,16.0,hit,16.0,hit,16.0,hit,,never_hit,,never_hit,1440.0,hit,1442.0,hit,1442.0,hit,1450.0,hit,1477.0,hit,1478.0,hit,6.25,3,False,False,False,False,,6.25,3,False,False,False,False,,,,True,True,True,False,4.3999999999999915,,,True,True,True,False,4.3999999999999915,16.0,2022-12-21T09:47:00-05:00,1.5,8547.039999999985,276.0,2022-12-21T14:07:00-05:00,2.9000000000000057,5747.039999999973,277.0,2022-12-21T14:08:00-05:00,2.799999999999997,5947.039999999989,17.0,2022-12-21T09:48:00-05:00,5.900000000000006,-252.96000000002772,16.0,2022-12-21T09:47:00-05:00,1.5,8547.039999999985,,,,,,,,,17.0,2022-12-21T09:48:00-05:00,5.900000000000006,-252.96000000002772,,,,,,,,,,,,,,,,,,,,,,,,,,,,,,,,,748
2022-12-21,2022-12-23,2,7.0,2022-12-21T09:31:00-05:00,6.950000000000017,NDXP  221223P11280000,NDXP  221223P11270000,development,False,False,0,0,0,133,0,1067,available,False,2022-12-21T09:31:00-05:00,2022-12-23T16:00:00-05:00,10.0,-6252.9599999999655,0.0,last_observed_quote_not_settlement,1037.0,591,37,7.25,-852.9599999999652,2022-12-21T09:32:00-05:00,0.0,8.050000000000011,-2452.9599999999896,2022-12-21T09:33:00-05:00,0.0,8.050000000000011,-2452.9599999999896,2022-12-21T09:36:00-05:00,0.0,7.550000000000011,-1452.959999999988,2022-12-21T09:41:00-05:00,0.0,6.849999999999994,-52.959999999953816,2022-12-21T09:46:00-05:00,0.0,5.849999999999966,1947.040000000103,2022-12-21T10:01:00-05:00,0.0,5.949999999999989,1747.0400000000575,2022-12-21T10:31:00-05:00,0.0,5.599999999999994,2447.0400000000463,2022-12-21T11:31:00-05:00,0.0,5.6499999999999915,2347.040000000052,2022-12-21T16:00:00-05:00,0.0,10.0,-6252.9599999999655,2022-12-22T16:00:00-05:00,0.0,10.0,-6252.9599999999655,2022-12-23T16:00:00-05:00,0.0,,,,,50.0,hit,70.0,hit,129.0,hit,129.0,hit,,never_hit,,never_hit,,never_hit,2.0,hit,2.0,hit,1.0,hit,2.0,hit,1445.0,hit,1449.0,hit,8.300000000000011,25,True,True,False,False,,,,True,True,True,False,4.5,,,True,True,True,False,4.5,,,True,True,True,False,4.5,129.0,2022-12-21T11:40:00-05:00,2.700000000000003,8247.04000000003,,,,,,,,,130.0,2022-12-21T11:41:00-05:00,5.5,2647.040000000035,,,,,,,,,,,,,,,,,,,,,,,,,,,,,,,,,,,,,,,,,,,,,,,,,749
2022-12-27,2022-12-29,2,5.0,2022-12-27T09:31:00-05:00,5.049999999999997,NDXP  221229P10970000,NDXP  221229P10960000,development,False,False,0,0,0,26,15,1174,available,False,2022-12-27T09:31:00-05:00,2022-12-29T15:59:00-05:00,8.7,-7552.9600000000055,1.0,last_observed_quote_not_settlement,1037.0,1040,66,5.200000000000017,-552.9600000000391,2022-12-27T09:32:00-05:00,0.0,6.0,-2152.960000000005,2022-12-27T09:33:00-05:00,0.0,5.550000000000011,-1252.9600000000278,2022-12-27T09:36:00-05:00,0.0,5.699999999999989,-1552.9599999999823,2022-12-27T09:41:00-05:00,0.0,6.900000000000034,-3952.9600000000733,2022-12-27T09:46:00-05:00,0.0,6.800000000000011,-3752.960000000028,2022-12-27T10:01:00-05:00,0.0,6.049999999999983,-2252.959999999971,2022-12-27T10:31:00-05:00,0.0,6.25,-2652.960000000005,2022-12-27T11:31:00-05:00,0.0,7.099999999999994,-4352.959999999994,2022-12-27T16:00:00-05:00,0.0,9.75,-9652.960000000006,2022-12-28T16:00:00-05:00,0.0,,,2022-12-29T15:59:00-05:00,60.0,,,,,0.0,hit,20.0,hit,3002.0,hit,3035.0,hit,3254.0,hit,3259.0,hit,3259.0,hit,2.0,hit,7.0,hit,22.0,hit,294.0,hit,1517.0,hit,1522.0,hit,9.950000000000017,877,True,True,True,True,,9.950000000000017,1037,True,True,True,True,,9.950000000000017,1037,True,True,True,True,,9.950000000000017,1037,True,True,True,True,,3035.0,2022-12-29T12:06:00-05:00,2.4499999999999993,4947.039999999996,3257.0,2022-12-29T15:48:00-05:00,2.3000000000000003,5247.0399999999945,3258.0,2022-12-29T15:49:00-05:00,2.3249999999999993,5197.039999999996,3036.0,2022-12-29T12:07:00-05:00,3.3000000000000007,3247.0399999999936,3254.0,2022-12-29T15:45:00-05:00,1.8999999999999995,6047.039999999996,,,,,,,,,3255.0,2022-12-29T15:46:00-05:00,3.7750000000000004,2297.0399999999945,3259.0,2022-12-29T15:50:00-05:00,0.5,8847.039999999995,,,,,,,,,3260.0,2022-12-29T15:51:00-05:00,3.4,3047.039999999995,,,,,,,,,,,,,,,,,750
2022-12-27,2022-12-29,2,6.0,2022-12-27T09:31:00-05:00,6.0,NDXP  221229P11030000,NDXP  221229P11020000,development,False,False,0,0,0,57,15,1143,available,False,2022-12-27T09:31:00-05:00,2022-12-29T15:58:00-05:00,9.75,-7752.960000000001,2.0,last_observed_quote_not_settlement,1036.0,1096,14,6.25,-752.9599999999994,2022-12-27T09:32:00-05:00,0.0,6.5,-1252.9599999999994,2022-12-27T09:33:00-05:00,0.0,5.699999999999989,347.04000000002344,2022-12-27T09:36:00-05:00,0.0,7.949999999999989,-4152.959999999976,2022-12-27T09:41:00-05:00,0.0,6.050000000000011,-352.96000000002203,2022-12-27T09:46:00-05:00,0.0,8.050000000000011,-4352.960000000024,2022-12-27T10:01:00-05:00,0.0,6.050000000000011,-352.96000000002203,2022-12-27T10:31:00-05:00,0.0,5.699999999999989,347.04000000002344,2022-12-27T11:31:00-05:00,0.0,7.950000000000017,-4152.9600000000355,2022-12-27T16:00:00-05:00,0.0,9.600000000000023,-7452.960000000046,2022-12-28T16:00:00-05:00,0.0,,,2022-12-29T15:58:00-05:00,120.0,,,,,,never_hit,,never_hit,,never_hit,,never_hit,,never_hit,,never_hit,,never_hit,2.0,hit,8.0,hit,8.0,hit,17.0,hit,33.0,hit,313.0,hit,,,True,True,True,False,0.39999999999997726,,,True,True,True,False,0.39999999999997726,,,True,True,True,False,0.39999999999997726,,,True,True,True,False,0.39999999999997726,,,,,,,,,,,,,,,,,,,,,,,,,,,,,,,,,,,,,,,,,,,,,,,,,,,,,,,,,,,,,,,,,751
2022-12-27,2022-12-29,2,7.0,2022-12-27T09:31:00-05:00,7.0,NDXP  221229P11050000,NDXP  221229P11040000,development,False,False,0,0,0,74,15,1126,available,False,2022-12-27T09:31:00-05:00,2022-12-29T16:00:00-05:00,10.0,-6152.96,0.0,last_observed_quote_not_settlement,1038.0,1004,76,7.149999999999977,-552.9599999999539,2022-12-27T09:32:00-05:00,0.0,6.200000000000017,1347.0399999999665,2022-12-27T09:33:00-05:00,0.0,8.049999999999983,-2352.959999999967,2022-12-27T09:36:00-05:00,0.0,7.0,-252.9599999999993,2022-12-27T09:41:00-05:00,0.0,7.850000000000023,-1952.9600000000448,2022-12-27T09:46:00-05:00,0.0,7.300000000000011,-852.9600000000221,2022-12-27T10:01:00-05:00,0.0,7.550000000000011,-1352.960000000022,2022-12-27T10:31:00-05:00,0.0,7.5,-1252.9599999999994,2022-12-27T11:31:00-05:00,0.0,8.449999999999989,-3152.959999999978,2022-12-27T16:00:00-05:00,0.0,9.75,-5752.960000000001,2022-12-28T16:00:00-05:00,0.0,10.0,-6152.96,2022-12-29T16:00:00-05:00,0.0,,,,,,never_hit,,never_hit,,never_hit,,never_hit,,never_hit,,never_hit,,never_hit,3.0,hit,5.0,hit,0.0,hit,5.0,hit,16.0,hit,16.0,hit,,,True,True,True,False,0.799999999999983,,,True,True,True,False,0.799999999999983,,,True,True,True,False,0.799999999999983,,,True,True,True,False,0.799999999999983,,,,,,,,,,,,,,,,,,,,,,,,,,,,,,,,,,,,,,,,,,,,,,,,,,,,,,,,,,,,,,,,,752
2022-12-27,2022-12-30,3,5.0,2022-12-27T09:31:00-05:00,5.0,NDXP  221230P10940000,NDXP  221230P10930000,development,False,False,0,0,0,3,0,1602,available,False,2022-12-27T09:31:00-05:00,2022-12-30T16:00:00-05:00,9.975,-10152.96,0.0,last_observed_quote_not_settlement,1036.0,1207,70,4.450000000000003,847.039999999995,2022-12-27T09:32:00-05:00,0.0,4.049999999999997,1647.0400000000063,2022-12-27T09:33:00-05:00,0.0,3.6500000000000057,2447.0399999999895,2022-12-27T09:36:00-05:00,0.0,4.899999999999977,-52.959999999953816,2022-12-27T09:41:00-05:00,0.0,6.600000000000023,-3452.9600000000446,2022-12-27T09:46:00-05:00,0.0,6.449999999999989,-3152.9599999999764,2022-12-27T10:01:00-05:00,0.0,6.050000000000011,-2352.960000000022,2022-12-27T10:31:00-05:00,0.0,5.25,-752.9599999999994,2022-12-27T11:31:00-05:00,0.0,5.549999999999983,-1352.9599999999652,2022-12-27T16:00:00-05:00,0.0,8.549999999999955,-7352.95999999991,2022-12-28T16:00:00-05:00,0.0,4.299999999999997,1147.0400000000063,2022-12-29T16:00:00-05:00,0.0,9.975,-10152.96,2022-12-30T16:00:00-05:00,0.0,0.0,hit,0.0,hit,3.0,hit,3248.0,hit,,never_hit,,never_hit,,never_hit,6.0,hit,13.0,hit,18.0,hit,250.0,hit,1544.0,hit,1584.0,hit,10.0,825,True,True,True,True,,,,True,True,True,False,2.200000000000003,,,True,True,True,False,2.200000000000003,,,True,True,True,False,2.200000000000003,3248.0,2022-12-29T15:39:00-05:00,2.799999999999997,4147.040000000006,,,,,,,,,3249.0,2022-12-29T15:40:00-05:00,3.8999999999999986,1947.0400000000036,,,,,,,,,,,,,,,,,,,,,,,,,,,,,,,,,,,,,,,,,,,,,,,,,753
2022-12-27,2022-12-30,3,6.0,2022-12-27T09:31:00-05:00,5.949999999999989,NDXP  221230P11030000,NDXP  221230P11020000,development,False,False,0,0,0,44,0,1561,available,False,2022-12-27T09:31:00-05:00,2022-12-30T16:00:00-05:00,9.0,-6352.960000000024,0.0,last_observed_quote_not_settlement,1036.0,1499,41,5.699999999999989,247.04000000000067,2022-12-27T09:32:00-05:00,0.0,4.699999999999989,2247.040000000001,2022-12-27T09:33:00-05:00,0.0,5.999999999999972,-352.9599999999652,2022-12-27T09:36:00-05:00,0.0,6.800000000000011,-1952.9600000000448,2022-12-27T09:41:00-05:00,0.0,7.099999999999966,-2552.9599999999537,2022-12-27T09:46:00-05:00,0.0,7.300000000000011,-2952.9600000000446,2022-12-27T10:01:00-05:00,0.0,6.900000000000006,-2152.9600000000332,2022-12-27T10:31:00-05:00,0.0,5.800000000000011,47.039999999955235,2022-12-27T11:31:00-05:00,0.0,7.449999999999989,-3252.959999999999,2022-12-27T16:00:00-05:00,0.0,9.099999999999966,-6552.9599999999555,2022-12-28T16:00:00-05:00,0.0,7.200000000000003,-2752.960000000028,2022-12-29T16:00:00-05:00,0.0,9.0,-6352.960000000024,2022-12-30T16:00:00-05:00,0.0,2.0,hit,2.0,hit,,never_hit,,never_hit,,never_hit,,never_hit,,never_hit,6.0,hit,11.0,hit,11.0,hit,187.0,hit,255.0,hit,1552.0,hit,,,True,True,True,False,1.25,,,True,True,True,False,1.25,,,True,True,True,False,1.25,,,True,True,True,False,1.25,,,,,,,,,,,,,,,,,,,,,,,,,,,,,,,,,,,,,,,,,,,,,,,,,,,,,,,,,,,,,,,,,754
2022-12-27,2022-12-30,3,7.0,2022-12-27T09:31:00-05:00,7.0,NDXP  221230P11120000,NDXP  221230P11110000,development,False,False,0,0,0,99,0,1506,available,False,2022-12-27T09:31:00-05:00,2022-12-30T16:00:00-05:00,7.899999999999977,-2052.9599999999537,0.0,last_observed_quote_not_settlement,1036.0,1410,32,7.149999999999977,-552.9599999999539,2022-12-27T09:32:00-05:00,0.0,7.5,-1252.9599999999994,2022-12-27T09:33:00-05:00,0.0,7.700000000000017,-1652.9600000000335,2022-12-27T09:36:00-05:00,0.0,8.400000000000091,-3052.960000000183,2022-12-27T09:41:00-05:00,0.0,7.649999999999977,-1552.9599999999539,2022-12-27T09:46:00-05:00,0.0,8.899999999999977,-4052.9599999999555,2022-12-27T10:01:00-05:00,0.0,7.75,-1752.9599999999994,2022-12-27T10:31:00-05:00,0.0,6.75,247.04000000000067,2022-12-27T11:31:00-05:00,0.0,8.000000000000057,-2252.9600000001146,2022-12-27T16:00:00-05:00,0.0,4.5,4747.040000000001,2022-12-28T16:00:00-05:00,0.0,8.650000000000034,-3552.960000000069,2022-12-29T16:00:00-05:00,0.0,7.899999999999977,-2052.9599999999537,2022-12-30T16:00:00-05:00,0.0,1829.0,hit,1829.0,hit,,never_hit,,never_hit,,never_hit,,never_hit,,never_hit,2.0,hit,3.0,hit,0.0,hit,3.0,hit,14.0,hit,25.0,hit,,,True,True,True,False,2.5,,,True,True,True,False,2.5,,,True,True,True,False,2.5,,,True,True,True,False,2.5,,,,,,,,,,,,,,,,,,,,,,,,,,,,,,,,,,,,,,,,,,,,,,,,,,,,,,,,,,,,,,,,,755
2022-12-28,2022-12-30,2,5.0,2022-12-28T09:31:00-05:00,4.949999999999989,NDXP  221230P10850000,NDXP  221230P10840000,development,False,False,0,0,0,0,0,1200,available,False,2022-12-28T09:31:00-05:00,2022-12-30T16:00:00-05:00,0.0,9647.039999999979,0.0,last_observed_quote_not_settlement,1036.0,462,86,5.549999999999997,-1452.9600000000164,2022-12-28T09:32:00-05:00,0.0,4.599999999999994,447.03999999998933,2022-12-28T09:33:00-05:00,0.0,4.099999999999994,1447.0399999999893,2022-12-28T09:36:00-05:00,0.0,4.1499999999999915,1347.039999999995,2022-12-28T09:41:00-05:00,0.0,4.099999999999994,1447.0399999999893,2022-12-28T09:46:00-05:00,0.0,3.9000000000000057,1847.0399999999665,2022-12-28T10:01:00-05:00,0.0,4.599999999999994,447.03999999998933,2022-12-28T10:31:00-05:00,0.0,5.900000000000006,-2152.9600000000332,2022-12-28T11:31:00-05:00,0.0,7.349999999999994,-5052.960000000011,2022-12-28T16:00:00-05:00,0.0,2.299999999999997,5047.039999999984,2022-12-29T16:00:00-05:00,0.0,0.0,9647.039999999979,2022-12-30T16:00:00-05:00,0.0,,,,,0.0,hit,0.0,hit,3.0,hit,1451.0,hit,1451.0,hit,1819.0,hit,3256.0,hit,1.0,hit,74.0,hit,78.0,hit,111.0,hit,153.0,hit,332.0,hit,10.0,306,True,True,True,True,,10.0,306,True,True,True,True,,10.0,306,True,True,True,True,,10.0,462,True,True,True,True,,1451.0,2022-12-29T09:42:00-05:00,1.1500000000000057,7347.039999999966,1490.0,2022-12-29T10:21:00-05:00,2.799999999999997,4047.0399999999836,1506.0,2022-12-29T10:37:00-05:00,2.799999999999997,4047.0399999999836,1452.0,2022-12-29T09:43:00-05:00,3.8999999999999915,1847.039999999995,1451.0,2022-12-29T09:42:00-05:00,1.1500000000000057,7347.039999999966,1582.0,2022-12-29T11:53:00-05:00,1.8999999999999986,5847.039999999981,1583.0,2022-12-29T11:54:00-05:00,1.9000000000000057,5847.039999999966,1452.0,2022-12-29T09:43:00-05:00,3.8999999999999915,1847.039999999995,3254.0,2022-12-30T15:45:00-05:00,0.95,7747.039999999977,3257.0,2022-12-30T15:48:00-05:00,0.10000000000000009,9447.039999999977,3258.0,2022-12-30T15:49:00-05:00,0.10000000000000009,9447.039999999977,3255.0,2022-12-30T15:46:00-05:00,0.9500000000000002,7747.039999999977,3256.0,2022-12-30T15:47:00-05:00,0.22499999999999987,9197.039999999979,3257.0,2022-12-30T15:48:00-05:00,0.10000000000000009,9447.039999999977,3258.0,2022-12-30T15:49:00-05:00,0.10000000000000009,9447.039999999977,3257.0,2022-12-30T15:48:00-05:00,0.10000000000000009,9447.039999999977,756
2022-12-28,2022-12-30,2,6.0,2022-12-28T09:31:00-05:00,6.0,NDXP  221230P10880000,NDXP  221230P10870000,development,False,False,0,0,0,0,0,1200,available,False,2022-12-28T09:31:00-05:00,2022-12-30T16:00:00-05:00,0.0,11747.04,0.0,last_observed_quote_not_settlement,1036.0,554,88,5.899999999999977,-52.959999999953816,2022-12-28T09:32:00-05:00,0.0,4.799999999999997,2147.0400000000063,2022-12-28T09:33:00-05:00,0.0,4.25,3247.040000000001,2022-12-28T09:36:00-05:00,0.0,4.749999999999986,2247.040000000029,2022-12-28T09:41:00-05:00,0.0,4.549999999999997,2647.0400000000063,2022-12-28T09:46:00-05:00,0.0,4.800000000000011,2147.039999999978,2022-12-28T10:01:00-05:00,0.0,6.0,-252.9599999999993,2022-12-28T10:31:00-05:00,0.0,6.849999999999994,-1952.959999999988,2022-12-28T11:31:00-05:00,0.0,6.650000000000034,-1552.9600000000676,2022-12-28T16:00:00-05:00,0.0,2.8999999999999986,5947.040000000004,2022-12-29T16:00:00-05:00,0.0,0.0,11747.04,2022-12-30T16:00:00-05:00,0.0,,,,,2.0,hit,2.0,hit,1453.0,hit,1484.0,hit,3257.0,hit,3257.0,hit,3260.0,hit,21.0,hit,67.0,hit,67.0,hit,100.0,hit,164.0,hit,,never_hit,9.449999999999989,332,True,True,True,True,,9.449999999999989,553,True,True,True,True,,9.449999999999989,553,True,True,True,True,,9.449999999999989,554,True,True,True,True,,1484.0,2022-12-29T10:15:00-05:00,2.9499999999999957,5847.040000000009,1562.0,2022-12-29T11:33:00-05:00,2.6500000000000057,6447.039999999989,1563.0,2022-12-29T11:34:00-05:00,2.75,6247.040000000001,1485.0,2022-12-29T10:16:00-05:00,3.75,4247.040000000001,3257.0,2022-12-30T15:48:00-05:00,0.8999999999999999,9947.04,3258.0,2022-12-30T15:49:00-05:00,0.8999999999999999,9947.04,3262.0,2022-12-30T15:53:00-05:00,0.17500000000000004,11397.040000000003,3258.0,2022-12-30T15:49:00-05:00,0.8999999999999999,9947.04,3257.0,2022-12-30T15:48:00-05:00,0.8999999999999999,9947.04,3258.0,2022-12-30T15:49:00-05:00,0.8999999999999999,9947.04,3262.0,2022-12-30T15:53:00-05:00,0.17500000000000004,11397.040000000003,3258.0,2022-12-30T15:49:00-05:00,0.8999999999999999,9947.04,3260.0,2022-12-30T15:51:00-05:00,0.19999999999999996,11347.04,3261.0,2022-12-30T15:52:00-05:00,0.15000000000000013,11447.04,3262.0,2022-12-30T15:53:00-05:00,0.17500000000000004,11397.040000000003,3261.0,2022-12-30T15:52:00-05:00,0.15000000000000013,11447.04,757
2022-12-28,2022-12-30,2,7.0,2022-12-28T09:31:00-05:00,6.900000000000006,NDXP  221230P10900000,NDXP  221230P10890000,development,False,False,0,0,0,2,0,1198,available,False,2022-12-28T09:31:00-05:00,2022-12-30T16:00:00-05:00,0.0,13547.040000000014,0.0,last_observed_quote_not_settlement,1036.0,486,177,7.049999999999983,-552.9599999999539,2022-12-28T09:32:00-05:00,0.0,4.700000000000003,4147.040000000006,2022-12-28T09:33:00-05:00,0.0,4.5,4547.040000000012,2022-12-28T09:36:00-05:00,0.0,5.150000000000006,3247.040000000001,2022-12-28T09:41:00-05:00,0.0,5.500000000000014,2547.0399999999836,2022-12-28T09:46:00-05:00,0.0,4.150000000000006,5247.040000000001,2022-12-28T10:01:00-05:00,0.0,6.0,1547.040000000012,2022-12-28T10:31:00-05:00,0.0,6.099999999999994,1347.0400000000234,2022-12-28T11:31:00-05:00,0.0,8.550000000000011,-3552.9600000000123,2022-12-28T16:00:00-05:00,0.0,0.5,12547.040000000014,2022-12-29T16:00:00-05:00,0.0,0.0,13547.040000000014,2022-12-30T16:00:00-05:00,0.0,,,,,2.0,hit,2.0,hit,21.0,hit,29.0,hit,1819.0,hit,1829.0,hit,1829.0,hit,88.0,hit,88.0,hit,1.0,hit,89.0,hit,112.0,hit,165.0,hit,7.049999999999983,1,True,False,False,False,,10.0,213,True,True,True,True,,10.0,213,True,True,True,True,,10.0,213,True,True,True,True,,1568.0,2022-12-29T11:39:00-05:00,2.3500000000000014,8847.04000000001,1582.0,2022-12-29T11:53:00-05:00,2.8000000000000043,7947.040000000004,1586.0,2022-12-29T11:57:00-05:00,2.8999999999999986,7747.0400000000145,1569.0,2022-12-29T11:40:00-05:00,3.3000000000000043,6947.040000000004,1819.0,2022-12-29T15:50:00-05:00,1.1999999999999993,11147.040000000014,3261.0,2022-12-30T15:52:00-05:00,0.7249999999999999,12097.040000000014,3262.0,2022-12-30T15:53:00-05:00,1.45,10647.040000000012,1820.0,2022-12-29T15:51:00-05:00,2.850000000000005,7847.040000000002,1829.0,2022-12-29T16:00:00-05:00,0.5,12547.040000000014,3265.0,2022-12-30T15:56:00-05:00,0.0,13547.040000000014,3269.0,2022-12-30T16:00:00-05:00,0.0,13547.040000000014,1830.0,2022-12-29T16:01:00-05:00,3.3999999999999986,6747.0400000000145,3264.0,2022-12-30T15:55:00-05:00,0.0,13547.040000000014,3265.0,2022-12-30T15:56:00-05:00,0.0,13547.040000000014,,,,,3265.0,2022-12-30T15:56:00-05:00,0.0,13547.040000000014,758
2023-01-03,2023-01-05,2,5.0,2023-01-03T09:31:00-05:00,5.1499999999999915,NDXP  230105P11040000,NDXP  230105P11030000,development,False,False,0,0,0,131,15,1069,available,False,2023-01-03T09:31:00-05:00,2023-01-05T16:00:00-05:00,10.0,-9852.960000000015,0.0,last_observed_quote_not_settlement,1036.0,969,11,5.049999999999997,-52.96000000001066,2023-01-03T09:32:00-05:00,0.0,5.049999999999997,-52.96000000001066,2023-01-03T09:33:00-05:00,0.0,4.5,1047.0399999999836,2023-01-03T09:36:00-05:00,0.0,4.0,2047.0399999999836,2023-01-03T09:41:00-05:00,0.0,4.799999999999983,447.04000000001776,2023-01-03T09:46:00-05:00,0.0,6.349999999999994,-2652.960000000005,2023-01-03T10:01:00-05:00,0.0,7.199999999999989,-4352.959999999994,2023-01-03T10:31:00-05:00,0.0,7.800000000000011,-5552.960000000039,2023-01-03T11:31:00-05:00,0.0,7.400000000000034,-4752.960000000085,2023-01-03T16:00:00-05:00,0.0,7.650000000000006,-5252.960000000027,2023-01-04T16:00:00-05:00,0.0,10.0,-9852.960000000015,2023-01-05T16:00:00-05:00,0.0,,,,,0.0,hit,4.0,hit,10.0,hit,14.0,hit,14.0,hit,,never_hit,,never_hit,6.0,hit,6.0,hit,43.0,hit,59.0,hit,59.0,hit,1742.0,hit,6.299999999999983,3,False,False,False,False,,6.299999999999983,3,False,False,False,False,,,,True,True,True,False,3.950000000000003,,,True,True,True,False,3.950000000000003,14.0,2023-01-03T09:45:00-05:00,1.1999999999999886,7647.040000000006,,,,,,,,,15.0,2023-01-03T09:46:00-05:00,4.799999999999983,447.04000000001776,14.0,2023-01-03T09:45:00-05:00,1.1999999999999886,7647.040000000006,,,,,,,,,15.0,2023-01-03T09:46:00-05:00,4.799999999999983,447.04000000001776,,,,,,,,,,,,,,,,,,,,,,,,,,,,,,,,,759
2023-01-03,2023-01-05,2,6.0,2023-01-03T09:31:00-05:00,5.800000000000011,NDXP  230105P11170000,NDXP  230105P11160000,development,False,False,0,0,0,175,15,1025,available,False,2023-01-03T09:31:00-05:00,2023-01-05T16:00:00-05:00,9.549999999999955,-7752.959999999887,0.0,last_observed_quote_not_settlement,1036.0,904,2,6.900000000000006,-2452.9599999999878,2023-01-03T09:32:00-05:00,0.0,6.949999999999989,-2552.9599999999537,2023-01-03T09:33:00-05:00,0.0,7.400000000000006,-3452.9599999999878,2023-01-03T09:36:00-05:00,0.0,5.850000000000023,-352.96000000002203,2023-01-03T09:41:00-05:00,0.0,6.599999999999994,-1852.9599999999652,2023-01-03T09:46:00-05:00,0.0,8.099999999999966,-4852.95999999991,2023-01-03T10:01:00-05:00,0.0,8.549999999999955,-5752.959999999887,2023-01-03T10:31:00-05:00,0.0,8.949999999999989,-6552.9599999999555,2023-01-03T11:31:00-05:00,0.0,8.949999999999932,-6552.959999999842,2023-01-03T16:00:00-05:00,0.0,9.900000000000006,-8452.959999999988,2023-01-04T16:00:00-05:00,0.0,9.549999999999955,-7752.959999999887,2023-01-05T16:00:00-05:00,0.0,,,,,11.0,hit,,never_hit,,never_hit,,never_hit,,never_hit,,never_hit,,never_hit,1.0,hit,1.0,hit,5.0,hit,28.0,hit,45.0,hit,74.0,hit,,,True,True,True,False,0.6499999999999773,,,True,True,True,False,0.6499999999999773,,,True,True,True,False,0.6499999999999773,,,True,True,True,False,0.6499999999999773,,,,,,,,,,,,,,,,,,,,,,,,,,,,,,,,,,,,,,,,,,,,,,,,,,,,,,,,,,,,,,,,,760
2023-01-03,2023-01-05,2,7.0,2023-01-03T09:31:00-05:00,6.949999999999989,NDXP  230105P11180000,NDXP  230105P11170000,development,False,False,0,0,0,199,15,1001,available,False,2023-01-03T09:31:00-05:00,2023-01-05T16:00:00-05:00,9.100000000000023,-4552.960000000069,0.0,last_observed_quote_not_settlement,1036.0,851,5,6.599999999999994,447.03999999998933,2023-01-03T09:32:00-05:00,0.0,6.949999999999989,-252.9599999999993,2023-01-03T09:33:00-05:00,0.0,6.350000000000023,947.0399999999324,2023-01-03T09:36:00-05:00,0.0,6.300000000000011,1047.0399999999552,2023-01-03T09:41:00-05:00,0.0,6.75,147.03999999997797,2023-01-03T09:46:00-05:00,0.0,8.099999999999966,-2552.9599999999555,2023-01-03T10:01:00-05:00,0.0,8.450000000000045,-3252.9600000001146,2023-01-03T10:31:00-05:00,0.0,9.300000000000011,-4952.960000000046,2023-01-03T11:31:00-05:00,0.0,9.100000000000023,-4552.960000000069,2023-01-03T16:00:00-05:00,0.0,9.700000000000045,-5752.960000000115,2023-01-04T16:00:00-05:00,0.0,9.100000000000023,-4552.960000000069,2023-01-05T16:00:00-05:00,0.0,,,,,13.0,hit,3259.0,hit,,never_hit,,never_hit,,never_hit,,never_hit,,never_hit,18.0,hit,22.0,hit,3.0,hit,22.0,hit,43.0,hit,67.0,hit,,,True,True,True,False,2.75,,,True,True,True,False,2.75,,,True,True,True,False,2.75,,,True,True,True,False,2.75,,,,,,,,,,,,,,,,,,,,,,,,,,,,,,,,,,,,,,,,,,,,,,,,,,,,,,,,,,,,,,,,,761
2023-01-03,2023-01-06,3,5.0,2023-01-03T09:31:00-05:00,5.050000000000011,NDXP  230106P11040000,NDXP  230106P11030000,development,False,False,0,0,0,12,0,1593,available,False,2023-01-03T09:31:00-05:00,2023-01-06T16:00:00-05:00,1.225,7397.040000000023,0.0,last_observed_quote_not_settlement,1036.0,1458,25,5.0,-152.95999999997656,2023-01-03T09:32:00-05:00,0.0,5.5,-1152.9599999999766,2023-01-03T09:33:00-05:00,0.0,4.749999999999972,347.0400000000803,2023-01-03T09:36:00-05:00,0.0,4.299999999999997,1247.040000000029,2023-01-03T09:41:00-05:00,0.0,4.599999999999994,647.0400000000348,2023-01-03T09:46:00-05:00,0.0,5.850000000000023,-1852.960000000022,2023-01-03T10:01:00-05:00,0.0,6.550000000000011,-3252.959999999999,2023-01-03T10:31:00-05:00,0.0,7.050000000000011,-4252.959999999999,2023-01-03T11:31:00-05:00,0.0,6.100000000000023,-2352.960000000022,2023-01-03T16:00:00-05:00,0.0,5.900000000000006,-1952.959999999988,2023-01-04T16:00:00-05:00,0.0,8.949999999999932,-8052.959999999842,2023-01-05T16:00:00-05:00,0.0,1.225,7397.040000000023,2023-01-06T16:00:00-05:00,0.0,0.0,hit,1.0,hit,8.0,hit,4641.0,hit,4652.0,hit,4665.0,hit,4697.0,hit,6.0,hit,23.0,hit,23.0,hit,43.0,hit,1479.0,hit,2898.0,hit,10.0,1452,True,True,True,True,,10.0,1452,True,True,True,True,,10.0,1452,True,True,True,True,,10.0,1452,True,True,True,True,,4642.0,2023-01-06T14:53:00-05:00,2.5999999999999996,4647.0400000000245,4643.0,2023-01-06T14:54:00-05:00,2.4000000000000004,5047.040000000023,4644.0,2023-01-06T14:55:00-05:00,2.6499999999999986,4547.040000000026,4643.0,2023-01-06T14:54:00-05:00,2.4000000000000004,5047.040000000023,4652.0,2023-01-06T15:03:00-05:00,1.8999999999999995,6047.0400000000245,4653.0,2023-01-06T15:04:00-05:00,1.3499999999999996,7147.0400000000245,4654.0,2023-01-06T15:05:00-05:00,1.5999999999999996,6647.0400000000245,4653.0,2023-01-06T15:04:00-05:00,1.3499999999999996,7147.0400000000245,4694.0,2023-01-06T15:45:00-05:00,0.8749999999999998,8097.040000000024,4695.0,2023-01-06T15:46:00-05:00,0.7750000000000001,8297.040000000023,4696.0,2023-01-06T15:47:00-05:00,0.55,8747.040000000023,4695.0,2023-01-06T15:46:00-05:00,0.7750000000000001,8297.040000000023,4697.0,2023-01-06T15:48:00-05:00,0.30000000000000004,9247.040000000025,4698.0,2023-01-06T15:49:00-05:00,0.25,9347.040000000025,,,,,4698.0,2023-01-06T15:49:00-05:00,0.25,9347.040000000025,762
2023-01-03,2023-01-06,3,6.0,2023-01-03T09:31:00-05:00,6.000000000000028,NDXP  230106P11200000,NDXP  230106P11190000,development,False,False,0,0,0,166,0,1439,available,False,2023-01-03T09:31:00-05:00,2023-01-06T15:59:00-05:00,9.950000000000017,-8152.959999999943,1.0,last_observed_quote_not_settlement,1037.0,1327,7,6.75,-1752.9599999999425,2023-01-03T09:32:00-05:00,0.0,6.600000000000023,-1452.959999999988,2023-01-03T09:33:00-05:00,0.0,6.099999999999994,-452.9599999999311,2023-01-03T09:36:00-05:00,0.0,3.9999999999999716,3747.0400000001146,2023-01-03T09:41:00-05:00,0.0,6.449999999999989,-1152.9599999999198,2023-01-03T09:46:00-05:00,0.0,7.649999999999977,-3552.959999999897,2023-01-03T10:01:00-05:00,0.0,8.199999999999989,-4652.959999999922,2023-01-03T10:31:00-05:00,0.0,8.5,-5252.959999999945,2023-01-03T11:31:00-05:00,0.0,8.449999999999989,-5152.959999999922,2023-01-03T16:00:00-05:00,0.0,8.800000000000011,-5852.959999999967,2023-01-04T16:00:00-05:00,0.0,,,2023-01-05T15:59:00-05:00,60.0,,,2023-01-06T15:59:00-05:00,60.0,7.0,hit,10.0,hit,10.0,hit,11.0,hit,,never_hit,,never_hit,,never_hit,1.0,hit,14.0,hit,14.0,hit,20.0,hit,104.0,hit,223.0,hit,6.75,4,False,False,False,False,,,,True,True,True,False,3.4000000000000057,,,True,True,True,False,3.4000000000000057,,,True,True,True,False,3.4000000000000057,11.0,2023-01-03T09:42:00-05:00,2.6000000000000227,6547.040000000012,,,,,,,,,12.0,2023-01-03T09:43:00-05:00,6.350000000000023,-952.959999999988,,,,,,,,,,,,,,,,,,,,,,,,,,,,,,,,,,,,,,,,,,,,,,,,,763
2023-01-03,2023-01-06,3,7.0,2023-01-03T09:31:00-05:00,7.0499999999999545,NDXP  230106P11420000,NDXP  230106P11410000,development,False,False,0,0,0,231,0,1374,available,False,2023-01-03T09:31:00-05:00,2023-01-06T16:00:00-05:00,9.800000000000011,-5752.960000000115,0.0,last_observed_quote_not_settlement,1036.0,1192,2,7.300000000000011,-752.960000000113,2023-01-03T09:32:00-05:00,0.0,8.250000000000057,-2652.9600000002056,2023-01-03T09:33:00-05:00,0.0,,,2023-01-03T09:34:00-05:00,120.0,8.899999999999977,-3952.9600000000464,2023-01-03T09:41:00-05:00,0.0,8.25,-2652.960000000092,2023-01-03T09:46:00-05:00,0.0,8.749999999999943,-3652.959999999978,2023-01-03T10:01:00-05:00,0.0,9.299999999999955,-4752.960000000001,2023-01-03T10:31:00-05:00,0.0,9.600000000000023,-5352.960000000137,2023-01-03T11:31:00-05:00,0.0,9.75,-5652.960000000092,2023-01-03T16:00:00-05:00,0.0,9.050000000000011,-4252.960000000115,2023-01-04T16:00:00-05:00,0.0,,,2023-01-05T15:59:00-05:00,60.0,9.800000000000011,-5752.960000000115,2023-01-06T16:00:00-05:00,0.0,,never_hit,,never_hit,,never_hit,,never_hit,,never_hit,,never_hit,,never_hit,2.0,hit,2.0,hit,0.0,hit,2.0,hit,13.0,hit,18.0,hit,,,True,True,True,False,0.75,,,True,True,True,False,0.75,,,True,True,True,False,0.75,,,True,True,True,False,0.75,,,,,,,,,,,,,,,,,,,,,,,,,,,,,,,,,,,,,,,,,,,,,,,,,,,,,,,,,,,,,,,,,764
2023-01-04,2023-01-06,2,5.0,2023-01-04T09:31:00-05:00,5.0,NDXP  230106P10920000,NDXP  230106P10910000,development,False,False,0,0,0,3,0,1197,available,False,2023-01-04T09:31:00-05:00,2023-01-06T16:00:00-05:00,0.0,9747.04,0.0,last_observed_quote_not_settlement,1036.0,630,79,4.800000000000011,147.03999999997797,2023-01-04T09:32:00-05:00,0.0,4.399999999999977,947.0400000000461,2023-01-04T09:33:00-05:00,0.0,4.650000000000006,447.03999999998933,2023-01-04T09:36:00-05:00,0.0,4.349999999999994,1047.040000000012,2023-01-04T09:41:00-05:00,0.0,5.199999999999989,-652.9599999999766,2023-01-04T09:46:00-05:00,0.0,6.249999999999972,-2752.9599999999423,2023-01-04T10:01:00-05:00,0.0,5.899999999999977,-2052.9599999999537,2023-01-04T10:31:00-05:00,0.0,4.450000000000017,847.0399999999665,2023-01-04T11:31:00-05:00,0.0,4.649999999999977,447.0400000000462,2023-01-04T16:00:00-05:00,0.0,7.650000000000034,-5552.960000000067,2023-01-05T16:00:00-05:00,0.0,0.0,9747.04,2023-01-06T16:00:00-05:00,0.0,,,,,0.0,hit,0.0,hit,24.0,hit,274.0,hit,3120.0,hit,3147.0,hit,3161.0,hit,23.0,hit,30.0,hit,89.0,hit,89.0,hit,2890.0,hit,2895.0,hit,8.25,76,True,True,False,False,,9.650000000000006,630,True,True,True,True,,9.650000000000006,630,True,True,True,True,,9.650000000000006,630,True,True,True,True,,274.0,2023-01-04T14:05:00-05:00,2.1500000000000057,5447.039999999989,3022.0,2023-01-06T11:53:00-05:00,2.900000000000002,3947.0399999999963,3023.0,2023-01-06T11:54:00-05:00,2.6999999999999993,4347.040000000002,275.0,2023-01-04T14:06:00-05:00,4.449999999999989,847.0400000000234,3120.0,2023-01-06T13:31:00-05:00,1.8499999999999996,6047.040000000002,3123.0,2023-01-06T13:34:00-05:00,1.6500000000000012,6447.039999999998,3124.0,2023-01-06T13:35:00-05:00,1.5999999999999996,6547.040000000002,3121.0,2023-01-06T13:32:00-05:00,1.950000000000001,5847.039999999998,3150.0,2023-01-06T14:01:00-05:00,0.8000000000000003,8147.04,3151.0,2023-01-06T14:02:00-05:00,0.8499999999999996,8047.040000000002,3152.0,2023-01-06T14:03:00-05:00,0.9499999999999993,7847.040000000002,3151.0,2023-01-06T14:02:00-05:00,0.8499999999999996,8047.040000000002,3162.0,2023-01-06T14:13:00-05:00,0.25,9247.04,3165.0,2023-01-06T14:16:00-05:00,0.2749999999999999,9197.04,3166.0,2023-01-06T14:17:00-05:00,0.30000000000000027,9147.04,3163.0,2023-01-06T14:14:00-05:00,0.5249999999999999,8697.04,765
2023-01-04,2023-01-06,2,6.0,2023-01-04T09:31:00-05:00,6.0,NDXP  230106P11040000,NDXP  230106P11030000,development,False,False,0,0,0,12,0,1188,available,False,2023-01-04T09:31:00-05:00,2023-01-06T16:00:00-05:00,1.225,9297.04,0.0,last_observed_quote_not_settlement,1036.0,948,73,6.599999999999966,-1452.9599999999311,2023-01-04T09:32:00-05:00,0.0,6.650000000000006,-1552.9600000000107,2023-01-04T09:33:00-05:00,0.0,5.150000000000034,1447.0399999999324,2023-01-04T09:36:00-05:00,0.0,5.549999999999983,647.0400000000348,2023-01-04T09:41:00-05:00,0.0,7.399999999999977,-3052.9599999999537,2023-01-04T09:46:00-05:00,0.0,6.349999999999966,-952.9599999999311,2023-01-04T10:01:00-05:00,0.0,7.400000000000034,-3052.9600000000673,2023-01-04T10:31:00-05:00,0.0,5.75,247.04000000000067,2023-01-04T11:31:00-05:00,0.0,5.900000000000006,-52.96000000001066,2023-01-04T16:00:00-05:00,0.0,8.949999999999932,-6152.9599999998645,2023-01-05T16:00:00-05:00,0.0,1.225,9297.04,2023-01-06T16:00:00-05:00,0.0,,,,,5.0,hit,12.0,hit,3170.0,hit,3201.0,hit,3212.0,hit,3225.0,hit,3257.0,hit,1.0,hit,4.0,hit,4.0,hit,38.0,hit,39.0,hit,1458.0,hit,10.0,945,True,True,True,True,,10.0,945,True,True,True,True,,10.0,945,True,True,True,True,,10.0,945,True,True,True,True,,3202.0,2023-01-06T14:53:00-05:00,2.5999999999999996,6547.040000000002,3203.0,2023-01-06T14:54:00-05:00,2.4000000000000004,6947.04,3204.0,2023-01-06T14:55:00-05:00,2.6499999999999986,6447.040000000004,3203.0,2023-01-06T14:54:00-05:00,2.4000000000000004,6947.04,3212.0,2023-01-06T15:03:00-05:00,1.8999999999999995,7947.040000000002,3213.0,2023-01-06T15:04:00-05:00,1.3499999999999996,9047.040000000003,3214.0,2023-01-06T15:05:00-05:00,1.5999999999999996,8547.040000000003,3213.0,2023-01-06T15:04:00-05:00,1.3499999999999996,9047.040000000003,3254.0,2023-01-06T15:45:00-05:00,0.8749999999999998,9997.04,3255.0,2023-01-06T15:46:00-05:00,0.7750000000000001,10197.04,3256.0,2023-01-06T15:47:00-05:00,0.55,10647.04,3255.0,2023-01-06T15:46:00-05:00,0.7750000000000001,10197.04,3257.0,2023-01-06T15:48:00-05:00,0.30000000000000004,11147.040000000003,3258.0,2023-01-06T15:49:00-05:00,0.25,11247.04,,,,,3258.0,2023-01-06T15:49:00-05:00,0.25,11247.04,766
2023-01-04,2023-01-06,2,7.0,2023-01-04T09:31:00-05:00,6.949999999999989,NDXP  230106P11120000,NDXP  230106P11110000,development,False,False,0,0,0,67,0,1133,available,False,2023-01-04T09:31:00-05:00,2023-01-06T16:00:00-05:00,9.899999999999977,-6152.959999999978,0.0,last_observed_quote_not_settlement,1036.0,937,66,7.0,-352.96000000002203,2023-01-04T09:32:00-05:00,0.0,7.149999999999977,-652.9599999999766,2023-01-04T09:33:00-05:00,0.0,7.050000000000011,-452.9600000000448,2023-01-04T09:36:00-05:00,0.0,6.649999999999977,347.04000000002344,2023-01-04T09:41:00-05:00,0.0,6.800000000000011,47.039999999955235,2023-01-04T09:46:00-05:00,0.0,8.5,-3352.9600000000237,2023-01-04T10:01:00-05:00,0.0,8.5,-3352.9600000000237,2023-01-04T10:31:00-05:00,0.0,7.200000000000017,-752.9600000000562,2023-01-04T11:31:00-05:00,0.0,7.25,-852.9600000000221,2023-01-04T16:00:00-05:00,0.0,9.5,-5352.960000000024,2023-01-05T16:00:00-05:00,0.0,9.899999999999977,-6152.959999999978,2023-01-06T16:00:00-05:00,0.0,,,,,28.0,hit,28.0,hit,,never_hit,,never_hit,,never_hit,,never_hit,,never_hit,4.0,hit,24.0,hit,1.0,hit,24.0,hit,302.0,hit,1451.0,hit,,,True,True,True,False,2.150000000000034,,,True,True,True,False,2.150000000000034,,,True,True,True,False,2.150000000000034,,,True,True,True,False,2.150000000000034,,,,,,,,,,,,,,,,,,,,,,,,,,,,,,,,,,,,,,,,,,,,,,,,,,,,,,,,,,,,,,,,,767
2023-01-06,2023-01-09,3,5.0,2023-01-06T09:31:00-05:00,5.0,NDXP  230109P10820000,NDXP  230109P10810000,development,False,False,0,0,0,0,0,795,available,False,2023-01-06T09:31:00-05:00,2023-01-09T16:00:00-05:00,0.0,9747.04,0.0,last_observed_quote_not_settlement,3916.0,36,13,5.299999999999983,-852.9599999999652,2023-01-06T09:32:00-05:00,0.0,4.950000000000003,-152.96000000000498,2023-01-06T09:33:00-05:00,0.0,3.950000000000003,1847.039999999995,2023-01-06T09:36:00-05:00,0.0,6.1499999999999915,-2552.9599999999823,2023-01-06T09:41:00-05:00,0.0,7.300000000000011,-4852.960000000022,2023-01-06T09:46:00-05:00,0.0,6.400000000000006,-3052.9600000000105,2023-01-06T10:01:00-05:00,0.0,4.449999999999989,847.0400000000234,2023-01-06T10:31:00-05:00,0.0,2.950000000000003,3847.039999999995,2023-01-06T11:31:00-05:00,0.0,0.6999999999999993,8347.040000000003,2023-01-06T16:00:00-05:00,0.0,,,2023-01-06T16:15:00-05:00,85500.0,,,2023-01-06T16:15:00-05:00,171900.0,0.0,9747.04,2023-01-09T16:00:00-05:00,0.0,0.0,hit,0.0,hit,4.0,hit,88.0,hit,143.0,hit,290.0,hit,353.0,hit,9.0,hit,10.0,hit,15.0,hit,,never_hit,,never_hit,,never_hit,7.300000000000011,36,True,False,False,False,,7.300000000000011,36,True,False,False,False,,7.300000000000011,36,True,False,False,False,,7.300000000000011,36,True,False,False,False,,91.0,2023-01-06T11:02:00-05:00,2.8999999999999986,3947.0400000000036,92.0,2023-01-06T11:03:00-05:00,2.8500000000000085,4047.0399999999836,93.0,2023-01-06T11:04:00-05:00,2.9000000000000057,3947.0399999999895,92.0,2023-01-06T11:03:00-05:00,2.8500000000000085,4047.0399999999836,229.0,2023-01-06T13:20:00-05:00,1.8999999999999986,5947.040000000004,237.0,2023-01-06T13:28:00-05:00,1.9000000000000021,5947.039999999996,238.0,2023-01-06T13:29:00-05:00,1.8000000000000007,6147.039999999999,230.0,2023-01-06T13:21:00-05:00,2.1000000000000014,5547.039999999998,290.0,2023-01-06T14:21:00-05:00,0.9000000000000004,7947.04,291.0,2023-01-06T14:22:00-05:00,0.9499999999999993,7847.040000000002,292.0,2023-01-06T14:23:00-05:00,0.9499999999999993,7847.040000000002,291.0,2023-01-06T14:22:00-05:00,0.9499999999999993,7847.040000000002,374.0,2023-01-06T15:45:00-05:00,0.4499999999999993,8847.040000000003,4321.0,2023-01-09T09:32:00-05:00,0.050000000000000044,9647.040000000003,4322.0,2023-01-09T09:33:00-05:00,0.025000000000000022,9697.04,375.0,2023-01-06T15:46:00-05:00,0.5,8747.04,768
2023-01-06,2023-01-09,3,6.0,2023-01-06T09:31:00-05:00,6.150000000000006,NDXP  230109P10890000,NDXP  230109P10880000,development,False,False,0,0,0,1,0,794,available,False,2023-01-06T09:31:00-05:00,2023-01-09T16:00:00-05:00,0.0,12047.040000000014,0.0,last_observed_quote_not_settlement,3917.0,35,11,6.449999999999989,-852.9599999999652,2023-01-06T09:32:00-05:00,0.0,5.650000000000006,747.0400000000006,2023-01-06T09:33:00-05:00,0.0,5.700000000000003,647.0400000000063,2023-01-06T09:36:00-05:00,0.0,7.0,-1952.959999999988,2023-01-06T09:41:00-05:00,0.0,7.25,-2452.9599999999878,2023-01-06T09:46:00-05:00,0.0,8.299999999999983,-4552.9599999999555,2023-01-06T10:01:00-05:00,0.0,5.6000000000000085,847.039999999995,2023-01-06T10:31:00-05:00,0.0,4.400000000000006,3247.040000000001,2023-01-06T11:31:00-05:00,0.0,1.5999999999999996,8847.040000000014,2023-01-06T16:00:00-05:00,0.0,,,2023-01-06T16:15:00-05:00,85500.0,,,2023-01-06T16:15:00-05:00,171900.0,0.0,12047.040000000014,2023-01-09T16:00:00-05:00,0.0,3.0,hit,43.0,hit,96.0,hit,156.0,hit,282.0,hit,343.0,hit,379.0,hit,8.0,hit,13.0,hit,9.0,hit,19.0,hit,,never_hit,,never_hit,8.299999999999983,35,True,True,False,False,,8.299999999999983,35,True,True,False,False,,8.299999999999983,35,True,True,False,False,,8.299999999999983,35,True,True,False,False,,242.0,2023-01-06T13:33:00-05:00,2.8999999999999986,6247.0400000000145,243.0,2023-01-06T13:34:00-05:00,2.8499999999999943,6347.040000000024,244.0,2023-01-06T13:35:00-05:00,2.850000000000005,6347.040000000002,243.0,2023-01-06T13:34:00-05:00,2.8499999999999943,6347.040000000024,282.0,2023-01-06T14:13:00-05:00,1.8999999999999986,8247.040000000015,291.0,2023-01-06T14:22:00-05:00,1.7000000000000028,8647.040000000008,292.0,2023-01-06T14:23:00-05:00,1.8500000000000014,8347.04000000001,283.0,2023-01-06T14:14:00-05:00,2.0,8047.040000000012,379.0,2023-01-06T15:50:00-05:00,0.0,12047.040000000014,4322.0,2023-01-09T09:33:00-05:00,0.17500000000000027,11697.040000000012,4323.0,2023-01-09T09:34:00-05:00,0.15000000000000036,11747.040000000012,380.0,2023-01-06T15:51:00-05:00,1.4000000000000004,9247.040000000012,379.0,2023-01-06T15:50:00-05:00,0.0,12047.040000000014,4322.0,2023-01-09T09:33:00-05:00,0.17500000000000027,11697.040000000012,4323.0,2023-01-09T09:34:00-05:00,0.15000000000000036,11747.040000000012,380.0,2023-01-06T15:51:00-05:00,1.4000000000000004,9247.040000000012,769
2023-01-06,2023-01-09,3,7.0,2023-01-06T09:31:00-05:00,6.950000000000017,NDXP  230109P10930000,NDXP  230109P10920000,development,False,False,0,0,0,10,0,785,available,False,2023-01-06T09:31:00-05:00,2023-01-09T15:52:00-05:00,0.0,13647.040000000035,8.0,last_observed_quote_not_settlement,3916.0,35,12,6.800000000000011,47.04000000001208,2023-01-06T09:32:00-05:00,0.0,7.349999999999994,-1052.9599999999539,2023-01-06T09:33:00-05:00,0.0,6.049999999999983,1547.0400000000689,2023-01-06T09:36:00-05:00,0.0,8.199999999999989,-2752.959999999944,2023-01-06T09:41:00-05:00,0.0,8.149999999999977,-2652.9599999999214,2023-01-06T09:46:00-05:00,0.0,8.449999999999989,-3252.959999999944,2023-01-06T10:01:00-05:00,0.0,6.25,1147.0400000000348,2023-01-06T10:31:00-05:00,0.0,5.200000000000003,3247.040000000029,2023-01-06T11:31:00-05:00,0.0,2.1999999999999993,9247.040000000037,2023-01-06T16:00:00-05:00,0.0,,,2023-01-06T16:15:00-05:00,85500.0,,,2023-01-06T16:15:00-05:00,171900.0,,,2023-01-09T15:52:00-05:00,480.0,42.0,hit,91.0,hit,141.0,hit,274.0,hit,321.0,hit,4320.0,hit,4320.0,hit,7.0,hit,9.0,hit,2.0,hit,9.0,hit,28.0,hit,,never_hit,9.150000000000006,35,True,True,True,True,,9.150000000000006,35,True,True,True,True,,9.150000000000006,35,True,True,True,True,,9.150000000000006,35,True,True,True,True,,280.0,2023-01-06T14:11:00-05:00,2.799999999999997,8047.040000000041,281.0,2023-01-06T14:12:00-05:00,2.8999999999999986,7847.040000000037,282.0,2023-01-06T14:13:00-05:00,2.6499999999999986,8347.040000000039,281.0,2023-01-06T14:12:00-05:00,2.8999999999999986,7847.040000000037,323.0,2023-01-06T14:54:00-05:00,1.9000000000000057,9847.040000000025,324.0,2023-01-06T14:55:00-05:00,1.8999999999999986,9847.040000000039,325.0,2023-01-06T14:56:00-05:00,1.8999999999999986,9847.040000000039,324.0,2023-01-06T14:55:00-05:00,1.8999999999999986,9847.040000000039,4320.0,2023-01-09T09:31:00-05:00,0.37499999999999956,12897.040000000035,4321.0,2023-01-09T09:32:00-05:00,0.3999999999999999,12847.040000000035,4322.0,2023-01-09T09:33:00-05:00,0.37500000000000044,12897.040000000034,4321.0,2023-01-09T09:32:00-05:00,0.3999999999999999,12847.040000000035,4320.0,2023-01-09T09:31:00-05:00,0.37499999999999956,12897.040000000035,4321.0,2023-01-09T09:32:00-05:00,0.3999999999999999,12847.040000000035,4322.0,2023-01-09T09:33:00-05:00,0.37500000000000044,12897.040000000034,4321.0,2023-01-09T09:32:00-05:00,0.3999999999999999,12847.040000000035,770
2023-01-09,2023-01-11,2,5.0,2023-01-09T09:31:00-05:00,5.049999999999983,NDXP  230111P11180000,NDXP  230111P11170000,development,False,False,0,0,0,21,15,1179,available,False,2023-01-09T09:31:00-05:00,2023-01-11T16:00:00-05:00,0.0,9847.039999999968,0.0,last_observed_quote_not_settlement,1036.0,350,95,4.8999999999999915,47.03999999998366,2023-01-09T09:32:00-05:00,0.0,6.200000000000017,-2552.9600000000673,2023-01-09T09:33:00-05:00,0.0,4.300000000000011,1247.0399999999438,2023-01-09T09:36:00-05:00,0.0,5.199999999999989,-552.9600000000107,2023-01-09T09:41:00-05:00,0.0,4.800000000000011,247.03999999994383,2023-01-09T09:46:00-05:00,0.0,3.75,2347.0399999999668,2023-01-09T10:01:00-05:00,0.0,3.8500000000000085,2147.0399999999495,2023-01-09T10:31:00-05:00,0.0,2.8000000000000043,4247.039999999958,2023-01-09T11:31:00-05:00,0.0,6.1000000000000085,-2352.9600000000505,2023-01-09T16:00:00-05:00,0.0,2.75,4347.039999999966,2023-01-10T16:00:00-05:00,0.0,0.0,9847.039999999968,2023-01-11T16:00:00-05:00,0.0,,,,,0.0,hit,1.0,hit,23.0,hit,69.0,hit,2892.0,hit,2932.0,hit,3030.0,hit,2.0,hit,2.0,hit,378.0,hit,,never_hit,,never_hit,,never_hit,6.200000000000017,11,False,False,False,False,,7.699999999999989,350,True,False,False,False,,7.699999999999989,350,True,False,False,False,,7.699999999999989,350,True,False,False,False,,69.0,2023-01-09T10:40:00-05:00,2.9499999999999957,3947.039999999975,104.0,2023-01-09T11:15:00-05:00,2.8500000000000014,4147.039999999964,105.0,2023-01-09T11:16:00-05:00,2.700000000000003,4447.039999999961,70.0,2023-01-09T10:41:00-05:00,3.499999999999993,2847.039999999981,2892.0,2023-01-11T09:43:00-05:00,1.8999999999999986,6047.039999999969,2898.0,2023-01-11T09:49:00-05:00,1.8499999999999996,6147.039999999967,2902.0,2023-01-11T09:53:00-05:00,1.6999999999999993,6447.039999999968,2893.0,2023-01-11T09:44:00-05:00,2.049999999999997,5747.039999999973,2932.0,2023-01-11T10:23:00-05:00,0.75,8347.039999999968,2938.0,2023-01-11T10:29:00-05:00,0.7999999999999989,8247.03999999997,2939.0,2023-01-11T10:30:00-05:00,0.9000000000000004,8047.039999999965,2933.0,2023-01-11T10:24:00-05:00,1.0,7847.039999999966,3034.0,2023-01-11T12:05:00-05:00,0.4249999999999998,8997.039999999968,3035.0,2023-01-11T12:06:00-05:00,0.3999999999999999,9047.039999999966,3036.0,2023-01-11T12:07:00-05:00,0.34999999999999964,9147.039999999968,3035.0,2023-01-11T12:06:00-05:00,0.3999999999999999,9047.039999999966,771
2023-01-09,2023-01-11,2,6.0,2023-01-09T09:31:00-05:00,5.900000000000006,NDXP  230111P11220000,NDXP  230111P11210000,development,False,False,0,0,0,18,15,1182,available,False,2023-01-09T09:31:00-05:00,2023-01-11T16:00:00-05:00,0.0,11547.040000000014,0.0,last_observed_quote_not_settlement,1036.0,407,59,6.349999999999994,-1152.9599999999766,2023-01-09T09:32:00-05:00,0.0,5.599999999999994,347.04000000002344,2023-01-09T09:33:00-05:00,0.0,5.950000000000017,-352.96000000002203,2023-01-09T09:36:00-05:00,0.0,5.699999999999989,147.0400000000348,2023-01-09T09:41:00-05:00,0.0,5.299999999999997,947.0400000000177,2023-01-09T09:46:00-05:00,0.0,4.349999999999994,2847.0400000000236,2023-01-09T10:01:00-05:00,0.0,4.349999999999994,2847.0400000000236,2023-01-09T10:31:00-05:00,0.0,3.299999999999997,4947.040000000018,2023-01-09T11:31:00-05:00,0.0,6.800000000000011,-2052.9600000000105,2023-01-09T16:00:00-05:00,0.0,5.200000000000003,1147.0400000000063,2023-01-10T16:00:00-05:00,0.0,0.0,11547.040000000014,2023-01-11T16:00:00-05:00,0.0,,,,,15.0,hit,17.0,hit,33.0,hit,139.0,hit,2932.0,hit,3014.0,hit,3046.0,hit,7.0,hit,7.0,hit,383.0,hit,1440.0,hit,3259.0,hit,3259.0,hit,6.950000000000017,6,False,False,False,False,,8.300000000000011,406,True,True,False,False,,8.300000000000011,406,True,True,False,False,,8.300000000000011,406,True,True,False,False,,213.0,2023-01-09T13:04:00-05:00,2.6499999999999986,6247.0400000000145,2894.0,2023-01-11T09:45:00-05:00,2.6499999999999986,6247.0400000000145,2899.0,2023-01-11T09:50:00-05:00,2.8000000000000007,5947.040000000011,214.0,2023-01-09T13:05:00-05:00,3.700000000000003,4147.040000000006,2933.0,2023-01-11T10:24:00-05:00,1.8000000000000007,7947.040000000011,2936.0,2023-01-11T10:27:00-05:00,1.6999999999999993,8147.040000000013,2937.0,2023-01-11T10:28:00-05:00,1.6500000000000004,8247.040000000012,2934.0,2023-01-11T10:25:00-05:00,1.950000000000001,7647.04000000001,3014.0,2023-01-11T11:45:00-05:00,0.9000000000000004,9747.040000000012,3033.0,2023-01-11T12:04:00-05:00,0.8499999999999996,9847.040000000014,3037.0,2023-01-11T12:08:00-05:00,0.7000000000000011,10147.04000000001,3015.0,2023-01-11T11:46:00-05:00,1.1000000000000014,9347.04000000001,3046.0,2023-01-11T12:17:00-05:00,0.40000000000000036,10747.040000000012,3093.0,2023-01-11T13:04:00-05:00,0.1499999999999999,11247.040000000012,3094.0,2023-01-11T13:05:00-05:00,0.0,11547.040000000014,3047.0,2023-01-11T12:18:00-05:00,0.7250000000000005,10097.040000000012,772
2023-01-09,2023-01-11,2,7.0,2023-01-09T09:31:00-05:00,7.050000000000011,NDXP  230111P11290000,NDXP  230111P11280000,development,False,False,0,0,0,15,15,1185,available,False,2023-01-09T09:31:00-05:00,2023-01-11T16:00:00-05:00,0.0,13847.040000000025,0.0,last_observed_quote_not_settlement,1036.0,454,40,6.799999999999983,247.04000000005752,2023-01-09T09:32:00-05:00,0.0,7.049999999999983,-252.95999999994245,2023-01-09T09:33:00-05:00,0.0,7.050000000000011,-252.9599999999993,2023-01-09T09:36:00-05:00,0.0,7.050000000000011,-252.9599999999993,2023-01-09T09:41:00-05:00,0.0,6.549999999999983,747.0400000000575,2023-01-09T09:46:00-05:00,0.0,5.5,2847.0400000000236,2023-01-09T10:01:00-05:00,0.0,5.650000000000006,2547.0400000000122,2023-01-09T10:31:00-05:00,0.0,4.400000000000006,5047.040000000012,2023-01-09T11:31:00-05:00,0.0,8.200000000000017,-2552.9600000000123,2023-01-09T16:00:00-05:00,0.0,6.650000000000006,547.040000000012,2023-01-10T16:00:00-05:00,0.0,0.0,13847.040000000025,2023-01-11T16:00:00-05:00,0.0,,,,,29.0,hit,29.0,hit,87.0,hit,3040.0,hit,3052.0,hit,3173.0,hit,3187.0,hit,343.0,hit,347.0,hit,0.0,hit,343.0,hit,393.0,hit,1506.0,hit,9.800000000000011,454,True,True,True,True,,9.800000000000011,454,True,True,True,True,,9.800000000000011,454,True,True,True,True,,9.800000000000011,454,True,True,True,True,,3041.0,2023-01-11T12:12:00-05:00,2.8000000000000007,8247.040000000023,3042.0,2023-01-11T12:13:00-05:00,2.9499999999999993,7947.0400000000245,3043.0,2023-01-11T12:14:00-05:00,2.900000000000002,8047.040000000019,3042.0,2023-01-11T12:13:00-05:00,2.9499999999999993,7947.0400000000245,3052.0,2023-01-11T12:23:00-05:00,1.9000000000000004,10047.040000000023,3062.0,2023-01-11T12:33:00-05:00,1.549999999999999,10747.040000000026,3093.0,2023-01-11T13:04:00-05:00,1.9000000000000004,10047.040000000023,3053.0,2023-01-11T12:24:00-05:00,2.3999999999999986,9047.040000000026,3173.0,2023-01-11T14:24:00-05:00,0.9000000000000004,12047.040000000023,3182.0,2023-01-11T14:33:00-05:00,0.8499999999999992,12147.040000000025,3183.0,2023-01-11T14:34:00-05:00,0.5499999999999998,12747.040000000025,3174.0,2023-01-11T14:25:00-05:00,1.2999999999999998,11247.040000000025,3187.0,2023-01-11T14:38:00-05:00,0.3999999999999999,13047.040000000023,3215.0,2023-01-11T15:06:00-05:00,0.32499999999999996,13197.040000000025,3216.0,2023-01-11T15:07:00-05:00,0.375,13097.040000000025,3188.0,2023-01-11T14:39:00-05:00,0.7500000000000002,12347.040000000025,773
2023-01-09,2023-01-12,3,5.0,2023-01-09T09:31:00-05:00,5.0,NDXP  230112P11180000,NDXP  230112P11170000,development,False,False,0,0,0,37,0,1568,available,False,2023-01-09T09:31:00-05:00,2023-01-12T16:00:00-05:00,0.0,9747.04,0.0,last_observed_quote_not_settlement,1036.0,239,76,4.949999999999989,-152.95999999997656,2023-01-09T09:32:00-05:00,0.0,4.600000000000023,547.0399999999552,2023-01-09T09:33:00-05:00,0.0,5.899999999999977,-2052.9599999999537,2023-01-09T09:36:00-05:00,0.0,5.0,-252.9599999999993,2023-01-09T09:41:00-05:00,0.0,4.800000000000011,147.03999999997797,2023-01-09T09:46:00-05:00,0.0,4.199999999999989,1347.0400000000234,2023-01-09T10:01:00-05:00,0.0,4.25,1247.0400000000006,2023-01-09T10:31:00-05:00,0.0,3.700000000000003,2347.039999999995,2023-01-09T11:31:00-05:00,0.0,5.150000000000006,-552.9600000000107,2023-01-09T16:00:00-05:00,0.0,4.400000000000006,947.0399999999893,2023-01-10T16:00:00-05:00,0.0,2.799999999999997,4147.040000000006,2023-01-11T16:00:00-05:00,0.0,0.0,9747.04,2023-01-12T16:00:00-05:00,0.0,0.0,hit,0.0,hit,34.0,hit,3059.0,hit,4320.0,hit,4320.0,hit,4362.0,hit,5.0,hit,1440.0,hit,1440.0,hit,,never_hit,,never_hit,,never_hit,7.600000000000023,239,True,False,False,False,,7.600000000000023,239,True,False,False,False,,7.600000000000023,239,True,False,False,False,,7.600000000000023,239,True,False,False,False,,3059.0,2023-01-11T12:30:00-05:00,2.9000000000000057,3947.0399999999895,3262.0,2023-01-11T15:53:00-05:00,2.8999999999999915,3947.0400000000177,3263.0,2023-01-11T15:54:00-05:00,2.8999999999999915,3947.0400000000177,3060.0,2023-01-11T12:31:00-05:00,3.25,3247.040000000001,4320.0,2023-01-12T09:31:00-05:00,0.7999999999999998,8147.040000000002,4321.0,2023-01-12T09:32:00-05:00,0.8499999999999996,8047.040000000002,4322.0,2023-01-12T09:33:00-05:00,1.4000000000000004,6947.04,4321.0,2023-01-12T09:32:00-05:00,0.8499999999999996,8047.040000000002,4320.0,2023-01-12T09:31:00-05:00,0.7999999999999998,8147.040000000002,4321.0,2023-01-12T09:32:00-05:00,0.8499999999999996,8047.040000000002,4363.0,2023-01-12T10:14:00-05:00,0.44999999999999973,8847.04,4321.0,2023-01-12T09:32:00-05:00,0.8499999999999996,8047.040000000002,4362.0,2023-01-12T10:13:00-05:00,0.375,8997.04,4363.0,2023-01-12T10:14:00-05:00,0.44999999999999973,8847.04,4364.0,2023-01-12T10:15:00-05:00,0.3999999999999999,8947.04,4363.0,2023-01-12T10:14:00-05:00,0.44999999999999973,8847.04,774
2023-01-09,2023-01-12,3,6.0,2023-01-09T09:31:00-05:00,6.000000000000028,NDXP  230112P11280000,NDXP  230112P11270000,development,False,False,0,0,0,5,0,1600,available,False,2023-01-09T09:31:00-05:00,2023-01-12T16:00:00-05:00,0.0,11747.040000000059,0.0,last_observed_quote_not_settlement,1036.0,203,111,7.700000000000017,-3652.9599999999764,2023-01-09T09:32:00-05:00,0.0,5.649999999999977,447.040000000103,2023-01-09T09:33:00-05:00,0.0,5.099999999999994,1547.0400000000689,2023-01-09T09:36:00-05:00,0.0,5.899999999999977,-52.95999999989697,2023-01-09T09:41:00-05:00,0.0,6.149999999999977,-552.959999999897,2023-01-09T09:46:00-05:00,0.0,5.0,1747.0400000000575,2023-01-09T10:01:00-05:00,0.0,5.099999999999994,1547.0400000000689,2023-01-09T10:31:00-05:00,0.0,4.5,2747.0400000000577,2023-01-09T11:31:00-05:00,0.0,6.150000000000006,-552.9599999999539,2023-01-09T16:00:00-05:00,0.0,5.25,1247.0400000000575,2023-01-10T16:00:00-05:00,0.0,3.700000000000003,4347.040000000052,2023-01-11T16:00:00-05:00,0.0,0.0,11747.040000000059,2023-01-12T16:00:00-05:00,0.0,5.0,hit,7.0,hit,66.0,hit,4320.0,hit,4320.0,hit,4365.0,hit,4478.0,hit,1.0,hit,1.0,hit,1.0,hit,1453.0,hit,,never_hit,,never_hit,8.000000000000028,203,True,True,False,False,,8.000000000000028,203,True,True,False,False,,8.000000000000028,203,True,True,False,False,,8.000000000000028,203,True,True,False,False,,4320.0,2023-01-12T09:31:00-05:00,1.6999999999999993,8347.040000000059,4321.0,2023-01-12T09:32:00-05:00,2.25,7247.040000000057,4322.0,2023-01-12T09:33:00-05:00,2.9499999999999957,5847.040000000066,4321.0,2023-01-12T09:32:00-05:00,2.25,7247.040000000057,4320.0,2023-01-12T09:31:00-05:00,1.6999999999999993,8347.040000000059,4362.0,2023-01-12T10:13:00-05:00,1.5500000000000007,8647.040000000057,4363.0,2023-01-12T10:14:00-05:00,1.6500000000000004,8447.040000000057,4321.0,2023-01-12T09:32:00-05:00,2.25,7247.040000000057,4467.0,2023-01-12T11:58:00-05:00,0.8500000000000005,10047.040000000057,4468.0,2023-01-12T11:59:00-05:00,0.9000000000000004,9947.040000000057,4469.0,2023-01-12T12:00:00-05:00,0.6499999999999995,10447.040000000059,4468.0,2023-01-12T11:59:00-05:00,0.9000000000000004,9947.040000000057,4479.0,2023-01-12T12:10:00-05:00,0.40000000000000036,10947.040000000057,4480.0,2023-01-12T12:11:00-05:00,0.3250000000000002,11097.040000000057,4481.0,2023-01-12T12:12:00-05:00,0.3500000000000001,11047.040000000057,4480.0,2023-01-12T12:11:00-05:00,0.3250000000000002,11097.040000000057,775
2023-01-09,2023-01-12,3,7.0,2023-01-09T09:31:00-05:00,7.050000000000068,NDXP  230112P11400000,NDXP  230112P11390000,development,False,False,0,0,0,0,0,1605,available,False,2023-01-09T09:31:00-05:00,2023-01-12T16:00:00-05:00,0.0,13847.040000000137,0.0,last_observed_quote_not_settlement,1036.0,274,144,6.850000000000023,147.04000000009165,2023-01-09T09:32:00-05:00,0.0,4.949999999999989,3947.04000000016,2023-01-09T09:33:00-05:00,0.0,7.0,-152.95999999986287,2023-01-09T09:36:00-05:00,0.0,6.149999999999977,1547.0400000001825,2023-01-09T09:41:00-05:00,0.0,7.150000000000034,-452.9599999999311,2023-01-09T09:46:00-05:00,0.0,5.850000000000023,2147.040000000092,2023-01-09T10:01:00-05:00,0.0,6.499999999999972,847.0400000001939,2023-01-09T10:31:00-05:00,0.0,6.550000000000011,747.0400000001143,2023-01-09T11:31:00-05:00,0.0,7.5,-1152.959999999863,2023-01-09T16:00:00-05:00,0.0,5.5,2847.0400000001373,2023-01-10T16:00:00-05:00,0.0,4.75,4347.040000000137,2023-01-11T16:00:00-05:00,0.0,0.0,13847.040000000137,2023-01-12T16:00:00-05:00,0.0,2.0,hit,2.0,hit,2889.0,hit,4481.0,hit,4497.0,hit,4545.0,hit,4550.0,hit,39.0,hit,383.0,hit,0.0,hit,337.0,hit,385.0,hit,,never_hit,9.0,274,True,True,True,True,,9.0,274,True,True,True,True,,9.0,274,True,True,True,True,,9.0,274,True,True,True,True,,4481.0,2023-01-12T12:12:00-05:00,2.8500000000000014,8147.040000000135,4482.0,2023-01-12T12:13:00-05:00,2.8000000000000007,8247.040000000137,4483.0,2023-01-12T12:14:00-05:00,2.8000000000000007,8247.040000000137,4482.0,2023-01-12T12:13:00-05:00,2.8000000000000007,8247.040000000137,4497.0,2023-01-12T12:28:00-05:00,1.9000000000000021,10047.040000000134,4498.0,2023-01-12T12:29:00-05:00,1.6500000000000004,10547.040000000137,4499.0,2023-01-12T12:30:00-05:00,1.6500000000000004,10547.040000000137,4498.0,2023-01-12T12:29:00-05:00,1.6500000000000004,10547.040000000137,4546.0,2023-01-12T13:17:00-05:00,0.8999999999999995,12047.04000000014,4550.0,2023-01-12T13:21:00-05:00,0.2999999999999998,13247.04000000014,4551.0,2023-01-12T13:22:00-05:00,0.7000000000000002,12447.040000000137,4547.0,2023-01-12T13:18:00-05:00,0.9500000000000002,11947.040000000137,4550.0,2023-01-12T13:21:00-05:00,0.2999999999999998,13247.04000000014,4692.0,2023-01-12T15:43:00-05:00,0.44999999999999996,12947.040000000137,4701.0,2023-01-12T15:52:00-05:00,0.325,13197.040000000137,4551.0,2023-01-12T13:22:00-05:00,0.7000000000000002,12447.040000000137,776
2023-01-10,2023-01-12,2,5.0,2023-01-10T09:31:00-05:00,5.099999999999994,NDXP  230112P11080000,NDXP  230112P11070000,development,False,False,0,0,0,7,15,1193,available,False,2023-01-10T09:31:00-05:00,2023-01-12T16:00:00-05:00,0.0,9947.03999999999,0.0,last_observed_quote_not_settlement,1036.0,2,4,4.949999999999989,47.04000000001208,2023-01-10T09:32:00-05:00,0.0,5.199999999999989,-452.95999999998793,2023-01-10T09:33:00-05:00,0.0,4.200000000000017,1547.0399999999552,2023-01-10T09:36:00-05:00,0.0,4.199999999999989,1547.040000000012,2023-01-10T09:41:00-05:00,0.0,4.450000000000017,1047.0399999999552,2023-01-10T09:46:00-05:00,0.0,4.450000000000017,1047.0399999999552,2023-01-10T10:01:00-05:00,0.0,4.25,1447.0399999999893,2023-01-10T10:31:00-05:00,0.0,4.349999999999994,1247.0400000000006,2023-01-10T11:31:00-05:00,0.0,3.3999999999999915,3147.0400000000063,2023-01-10T16:00:00-05:00,0.0,1.9499999999999957,6047.039999999998,2023-01-11T16:00:00-05:00,0.0,0.0,9947.03999999999,2023-01-12T16:00:00-05:00,0.0,,,,,0.0,hit,1.0,hit,7.0,hit,1454.0,hit,1810.0,hit,2880.0,hit,2880.0,hit,,never_hit,,never_hit,,never_hit,,never_hit,,never_hit,,never_hit,5.25,2,False,False,False,False,,5.25,2,False,False,False,False,,5.25,2,False,False,False,False,,5.25,2,False,False,False,False,,1479.0,2023-01-11T10:10:00-05:00,2.6499999999999915,4647.040000000006,1491.0,2023-01-11T10:22:00-05:00,2.3500000000000085,5247.039999999973,1492.0,2023-01-11T10:23:00-05:00,2.9000000000000057,4147.039999999978,1480.0,2023-01-11T10:11:00-05:00,3.0,3947.0399999999895,1810.0,2023-01-11T15:41:00-05:00,1.9499999999999957,6047.039999999998,1828.0,2023-01-11T15:59:00-05:00,1.9000000000000057,6147.039999999978,1829.0,2023-01-11T16:00:00-05:00,1.9499999999999957,6047.039999999998,1811.0,2023-01-11T15:42:00-05:00,2.25,5447.039999999989,2880.0,2023-01-12T09:31:00-05:00,0.17499999999999982,9597.03999999999,2881.0,2023-01-12T09:32:00-05:00,0.2749999999999999,9397.03999999999,2882.0,2023-01-12T09:33:00-05:00,0.4249999999999998,9097.03999999999,2881.0,2023-01-12T09:32:00-05:00,0.2749999999999999,9397.03999999999,2880.0,2023-01-12T09:31:00-05:00,0.17499999999999982,9597.03999999999,2881.0,2023-01-12T09:32:00-05:00,0.2749999999999999,9397.03999999999,2882.0,2023-01-12T09:33:00-05:00,0.4249999999999998,9097.03999999999,2881.0,2023-01-12T09:32:00-05:00,0.2749999999999999,9397.03999999999,777
2023-01-10,2023-01-12,2,6.0,2023-01-10T09:31:00-05:00,6.0,NDXP  230112P11220000,NDXP  230112P11210000,development,False,False,0,0,0,18,15,1182,available,False,2023-01-10T09:31:00-05:00,2023-01-12T16:00:00-05:00,0.0,11747.04,0.0,last_observed_quote_not_settlement,1036.0,39,56,5.850000000000023,47.039999999955235,2023-01-10T09:32:00-05:00,0.0,4.099999999999994,3547.0400000000122,2023-01-10T09:33:00-05:00,0.0,4.150000000000006,3447.0399999999895,2023-01-10T09:36:00-05:00,0.0,5.350000000000023,1047.0399999999552,2023-01-10T09:41:00-05:00,0.0,5.5,747.0400000000006,2023-01-10T09:46:00-05:00,0.0,5.550000000000011,647.0399999999779,2023-01-10T10:01:00-05:00,0.0,5.650000000000006,447.03999999998933,2023-01-10T10:31:00-05:00,0.0,5.7000000000000455,347.03999999990975,2023-01-10T11:31:00-05:00,0.0,4.5,2747.040000000001,2023-01-10T16:00:00-05:00,0.0,3.200000000000003,5347.039999999995,2023-01-11T16:00:00-05:00,0.0,0.0,11747.04,2023-01-12T16:00:00-05:00,0.0,,,,,2.0,hit,2.0,hit,23.0,hit,398.0,hit,2880.0,hit,2880.0,hit,2935.0,hit,6.0,hit,6.0,hit,6.0,hit,,never_hit,,never_hit,,never_hit,7.199999999999989,39,True,False,False,False,,7.199999999999989,39,True,False,False,False,,7.199999999999989,39,True,False,False,False,,7.199999999999989,39,True,False,False,False,,1844.0,2023-01-11T16:15:00-05:00,2.8999999999999915,5947.040000000018,2881.0,2023-01-12T09:32:00-05:00,1.6500000000000004,8447.04,2882.0,2023-01-12T09:33:00-05:00,2.0,7747.040000000001,,,,,2880.0,2023-01-12T09:31:00-05:00,0.6500000000000004,10447.04,2881.0,2023-01-12T09:32:00-05:00,1.6500000000000004,8447.04,2890.0,2023-01-12T09:41:00-05:00,1.5500000000000007,8647.04,2881.0,2023-01-12T09:32:00-05:00,1.6500000000000004,8447.04,2880.0,2023-01-12T09:31:00-05:00,0.6500000000000004,10447.04,2922.0,2023-01-12T10:13:00-05:00,0.75,10247.04,2923.0,2023-01-12T10:14:00-05:00,0.7999999999999998,10147.040000000003,2881.0,2023-01-12T09:32:00-05:00,1.6500000000000004,8447.04,2984.0,2023-01-12T11:15:00-05:00,0.4250000000000007,10897.04,3015.0,2023-01-12T11:46:00-05:00,0.35000000000000053,11047.04,3016.0,2023-01-12T11:47:00-05:00,0.4249999999999998,10897.040000000003,2985.0,2023-01-12T11:16:00-05:00,0.8000000000000007,10147.04,778
2023-01-10,2023-01-12,2,7.0,2023-01-10T09:31:00-05:00,7.0,NDXP  230112P11310000,NDXP  230112P11300000,development,False,False,0,0,0,3,15,1197,available,False,2023-01-10T09:31:00-05:00,2023-01-12T16:00:00-05:00,0.0,13747.04,0.0,last_observed_quote_not_settlement,1036.0,59,70,6.100000000000023,1547.0399999999552,2023-01-10T09:32:00-05:00,0.0,7.25,-752.9599999999994,2023-01-10T09:33:00-05:00,0.0,5.049999999999983,3647.040000000035,2023-01-10T09:36:00-05:00,0.0,6.19999999999996,1347.0400000000802,2023-01-10T09:41:00-05:00,0.0,5.399999999999977,2947.0400000000463,2023-01-10T09:46:00-05:00,0.0,5.5499999999999545,2647.040000000092,2023-01-10T10:01:00-05:00,0.0,7.0,-252.9599999999993,2023-01-10T10:31:00-05:00,0.0,6.0,1747.0400000000006,2023-01-10T11:31:00-05:00,0.0,4.949999999999989,3847.0400000000236,2023-01-10T16:00:00-05:00,0.0,4.049999999999983,5647.0400000000345,2023-01-11T16:00:00-05:00,0.0,0.0,13747.04,2023-01-12T16:00:00-05:00,0.0,,,,,4.0,hit,4.0,hit,398.0,hit,1826.0,hit,1826.0,hit,2935.0,hit,3050.0,hit,12.0,hit,17.0,hit,0.0,hit,17.0,hit,,never_hit,,never_hit,8.350000000000023,56,True,True,False,False,,8.350000000000023,56,True,True,False,False,,8.350000000000023,59,True,True,False,False,,8.350000000000023,59,True,True,False,False,,1826.0,2023-01-11T15:57:00-05:00,1.799999999999983,10147.040000000035,2881.0,2023-01-12T09:32:00-05:00,2.3999999999999986,8947.040000000005,2924.0,2023-01-12T10:15:00-05:00,2.349999999999998,9047.040000000006,1827.0,2023-01-11T15:58:00-05:00,4.099999999999994,5547.040000000012,1826.0,2023-01-11T15:57:00-05:00,1.799999999999983,10147.040000000035,2930.0,2023-01-12T10:21:00-05:00,1.6999999999999993,10347.040000000003,2934.0,2023-01-12T10:25:00-05:00,1.6500000000000021,10447.039999999997,1827.0,2023-01-11T15:58:00-05:00,4.099999999999994,5547.040000000012,2935.0,2023-01-12T10:26:00-05:00,0.9000000000000004,11947.04,3038.0,2023-01-12T12:09:00-05:00,0.7999999999999998,12147.040000000003,3039.0,2023-01-12T12:10:00-05:00,0.8500000000000005,12047.04,2936.0,2023-01-12T10:27:00-05:00,2.8000000000000025,8147.039999999996,3050.0,2023-01-12T12:21:00-05:00,0.4249999999999998,12897.040000000003,3057.0,2023-01-12T12:28:00-05:00,0.3999999999999999,12947.04,3058.0,2023-01-12T12:29:00-05:00,0.3500000000000003,13047.04,3051.0,2023-01-12T12:22:00-05:00,0.5750000000000002,12597.04,779
2023-01-10,2023-01-13,3,5.0,2023-01-10T09:31:00-05:00,5.0,NDXP  230113P11190000,NDXP  230113P11180000,development,False,False,0,0,0,1,0,1604,available,False,2023-01-10T09:31:00-05:00,2023-01-13T16:00:00-05:00,0.0,9747.04,0.0,last_observed_quote_not_settlement,1036.0,145,101,5.650000000000006,-1552.9600000000107,2023-01-10T09:32:00-05:00,0.0,5.099999999999994,-452.95999999998793,2023-01-10T09:33:00-05:00,0.0,5.25,-752.9599999999994,2023-01-10T09:36:00-05:00,0.0,5.900000000000034,-2052.9600000000673,2023-01-10T09:41:00-05:00,0.0,5.25,-752.9599999999994,2023-01-10T09:46:00-05:00,0.0,5.25,-752.9599999999994,2023-01-10T10:01:00-05:00,0.0,5.25,-752.9599999999994,2023-01-10T10:31:00-05:00,0.0,5.649999999999977,-1552.9599999999539,2023-01-10T11:31:00-05:00,0.0,4.300000000000011,1147.039999999978,2023-01-10T16:00:00-05:00,0.0,3.049999999999997,3647.0400000000063,2023-01-11T16:00:00-05:00,0.0,0.5249999999999995,8697.040000000003,2023-01-12T16:00:00-05:00,0.0,0.0,9747.04,2023-01-13T16:00:00-05:00,0.0,0.0,hit,0.0,hit,50.0,hit,1825.0,hit,2881.0,hit,2935.0,hit,3048.0,hit,1.0,hit,13.0,hit,,never_hit,,never_hit,,never_hit,,never_hit,6.800000000000011,145,False,False,False,False,,6.800000000000011,145,False,False,False,False,,6.800000000000011,145,False,False,False,False,,6.800000000000011,145,False,False,False,False,,1825.0,2023-01-11T15:56:00-05:00,2.9000000000000057,3947.0399999999895,1826.0,2023-01-11T15:57:00-05:00,2.8500000000000085,4047.0399999999836,2883.0,2023-01-12T09:34:00-05:00,2.3999999999999986,4947.040000000004,1826.0,2023-01-11T15:57:00-05:00,2.8500000000000085,4047.0399999999836,2881.0,2023-01-12T09:32:00-05:00,1.75,6247.040000000001,2922.0,2023-01-12T10:13:00-05:00,1.3499999999999979,7047.0400000000045,2923.0,2023-01-12T10:14:00-05:00,1.6999999999999993,6347.040000000002,2882.0,2023-01-12T09:33:00-05:00,2.400000000000002,4947.039999999996,2942.0,2023-01-12T10:33:00-05:00,0.9499999999999993,7847.040000000002,3038.0,2023-01-12T12:09:00-05:00,0.8000000000000007,8147.04,3044.0,2023-01-12T12:15:00-05:00,0.6999999999999993,8347.040000000003,2943.0,2023-01-12T10:34:00-05:00,1.4999999999999964,6747.040000000008,3081.0,2023-01-12T12:52:00-05:00,0.4499999999999993,8847.040000000003,3145.0,2023-01-12T13:56:00-05:00,0.40000000000000036,8947.04,3146.0,2023-01-12T13:57:00-05:00,0.40000000000000036,8947.04,3082.0,2023-01-12T12:53:00-05:00,0.5,8747.04,780
2023-01-10,2023-01-13,3,6.0,2023-01-10T09:31:00-05:00,6.0,NDXP  230113P10970000,NDXP  230113P10960000,development,False,False,0,0,0,3,0,1602,available,False,2023-01-10T09:31:00-05:00,2023-01-13T16:00:00-05:00,0.0,11747.04,0.0,last_observed_quote_not_settlement,1036.0,0,0,3.6500000000000057,4447.039999999989,2023-01-10T09:32:00-05:00,0.0,3.6499999999999915,4447.040000000018,2023-01-10T09:33:00-05:00,0.0,3.5999999999999943,4547.040000000012,2023-01-10T09:36:00-05:00,0.0,3.5500000000000114,4647.039999999978,2023-01-10T09:41:00-05:00,0.0,3.549999999999997,4647.040000000006,2023-01-10T09:46:00-05:00,0.0,3.6999999999999886,4347.040000000024,2023-01-10T10:01:00-05:00,0.0,3.700000000000003,4347.039999999995,2023-01-10T10:31:00-05:00,0.0,3.5999999999999943,4547.040000000012,2023-01-10T11:31:00-05:00,0.0,2.700000000000003,6347.039999999995,2023-01-10T16:00:00-05:00,0.0,1.4000000000000021,8947.039999999997,2023-01-11T16:00:00-05:00,0.0,0.025000000000000022,11697.04,2023-01-12T16:00:00-05:00,0.0,0.0,11747.04,2023-01-13T16:00:00-05:00,0.0,1.0,hit,1.0,hit,1.0,hit,46.0,hit,1490.0,hit,2880.0,hit,2880.0,hit,,never_hit,,never_hit,,never_hit,,never_hit,,never_hit,,never_hit,6.0,0,False,False,False,False,,6.0,0,False,False,False,False,,6.0,0,False,False,False,False,,6.0,0,False,False,False,False,,272.0,2023-01-10T14:03:00-05:00,2.9499999999999886,5847.040000000024,390.0,2023-01-10T16:01:00-05:00,2.8500000000000014,6047.039999999998,391.0,2023-01-10T16:02:00-05:00,2.849999999999987,6047.040000000026,273.0,2023-01-10T14:04:00-05:00,3.1500000000000057,5447.039999999989,1490.0,2023-01-11T10:21:00-05:00,1.8999999999999915,7947.040000000018,1594.0,2023-01-11T12:05:00-05:00,1.8999999999999986,7947.040000000004,1595.0,2023-01-11T12:06:00-05:00,1.9499999999999957,7847.040000000009,1491.0,2023-01-11T10:22:00-05:00,2.6500000000000057,6447.039999999989,2880.0,2023-01-12T09:31:00-05:00,0.27499999999999947,11197.040000000003,2881.0,2023-01-12T09:32:00-05:00,0.27499999999999947,11197.040000000003,2882.0,2023-01-12T09:33:00-05:00,0.4500000000000002,10847.04,2881.0,2023-01-12T09:32:00-05:00,0.27499999999999947,11197.040000000003,2880.0,2023-01-12T09:31:00-05:00,0.27499999999999947,11197.040000000003,2881.0,2023-01-12T09:32:00-05:00,0.27499999999999947,11197.040000000003,2923.0,2023-01-12T10:14:00-05:00,0.22499999999999964,11297.040000000003,2881.0,2023-01-12T09:32:00-05:00,0.27499999999999947,11197.040000000003,781
2023-01-10,2023-01-13,3,7.0,2023-01-10T09:31:00-05:00,7.0,NDXP  230113P11400000,NDXP  230113P11390000,development,False,False,0,0,0,0,0,1605,available,False,2023-01-10T09:31:00-05:00,2023-01-13T16:00:00-05:00,0.0,13747.04,0.0,last_observed_quote_not_settlement,1036.0,156,77,7.199999999999989,-652.9599999999766,2023-01-10T09:32:00-05:00,0.0,6.9500000000000455,-152.96000000009025,2023-01-10T09:33:00-05:00,0.0,6.899999999999977,-52.959999999953816,2023-01-10T09:36:00-05:00,0.0,7.000000000000057,-252.96000000011298,2023-01-10T09:41:00-05:00,0.0,5.899999999999977,1947.0400000000461,2023-01-10T09:46:00-05:00,0.0,6.350000000000023,1047.0399999999552,2023-01-10T10:01:00-05:00,0.0,7.550000000000068,-1352.9600000001358,2023-01-10T10:31:00-05:00,0.0,7.300000000000011,-852.9600000000221,2023-01-10T11:31:00-05:00,0.0,7.5,-1252.9599999999994,2023-01-10T16:00:00-05:00,0.0,4.650000000000006,4447.039999999989,2023-01-11T16:00:00-05:00,0.0,3.1499999999999986,7447.040000000004,2023-01-12T16:00:00-05:00,0.0,0.0,13747.04,2023-01-13T16:00:00-05:00,0.0,1443.0,hit,1443.0,hit,1449.0,hit,1844.0,hit,4495.0,hit,4569.0,hit,4573.0,hit,11.0,hit,13.0,hit,0.0,hit,13.0,hit,,never_hit,,never_hit,8.450000000000045,150,True,True,False,False,,8.450000000000045,156,True,True,False,False,,8.450000000000045,156,True,True,False,False,,8.450000000000045,156,True,True,False,False,,1844.0,2023-01-11T16:15:00-05:00,2.6500000000000057,8447.03999999999,3066.0,2023-01-12T12:37:00-05:00,2.8500000000000014,8047.039999999998,3067.0,2023-01-12T12:38:00-05:00,2.8999999999999986,7947.040000000004,,,,,4505.0,2023-01-13T12:36:00-05:00,1.8999999999999986,9947.040000000005,4517.0,2023-01-13T12:48:00-05:00,1.8999999999999986,9947.040000000005,4531.0,2023-01-13T13:02:00-05:00,1.4499999999999993,10847.040000000003,4506.0,2023-01-13T12:37:00-05:00,2.6499999999999986,8447.040000000005,4569.0,2023-01-13T13:40:00-05:00,0.6499999999999999,12447.04,4570.0,2023-01-13T13:41:00-05:00,0.675,12397.04,4571.0,2023-01-13T13:42:00-05:00,0.7749999999999999,12197.04,4570.0,2023-01-13T13:41:00-05:00,0.675,12397.04,4573.0,2023-01-13T13:44:00-05:00,0.44999999999999973,12847.04,4574.0,2023-01-13T13:45:00-05:00,0.44999999999999996,12847.04,4596.0,2023-01-13T14:07:00-05:00,0.44999999999999996,12847.04,4574.0,2023-01-13T13:45:00-05:00,0.44999999999999996,12847.04,782
2023-01-11,2023-01-13,2,5.0,2023-01-11T09:31:00-05:00,5.0,NDXP  230113P11270000,NDXP  230113P11260000,development,False,False,0,0,0,0,0,1200,available,False,2023-01-11T09:31:00-05:00,2023-01-13T16:00:00-05:00,0.0,9747.04,0.0,last_observed_quote_not_settlement,1036.0,10,17,5.300000000000011,-852.9600000000221,2023-01-11T09:32:00-05:00,0.0,4.300000000000011,1147.039999999978,2023-01-11T09:33:00-05:00,0.0,5.200000000000017,-652.9600000000335,2023-01-11T09:36:00-05:00,0.0,4.800000000000011,147.03999999997797,2023-01-11T09:41:00-05:00,0.0,4.75,247.04000000000067,2023-01-11T09:46:00-05:00,0.0,4.800000000000011,147.03999999997797,2023-01-11T10:01:00-05:00,0.0,4.400000000000006,947.0399999999893,2023-01-11T10:31:00-05:00,0.0,4.400000000000006,947.0399999999893,2023-01-11T11:31:00-05:00,0.0,3.5999999999999943,2547.0400000000122,2023-01-11T16:00:00-05:00,0.0,0.8999999999999986,7947.040000000004,2023-01-12T16:00:00-05:00,0.0,0.0,9747.04,2023-01-13T16:00:00-05:00,0.0,,,,,0.0,hit,0.0,hit,93.0,hit,1440.0,hit,1487.0,hit,1623.0,hit,1819.0,hit,63.0,hit,1463.0,hit,,never_hit,,never_hit,,never_hit,,never_hit,5.900000000000006,8,False,False,False,False,,6.0,10,False,False,False,False,,6.0,10,False,False,False,False,,6.0,10,False,False,False,False,,1440.0,2023-01-12T09:31:00-05:00,2.75,4247.040000000001,1441.0,2023-01-12T09:32:00-05:00,2.6499999999999986,4447.040000000004,1484.0,2023-01-12T10:15:00-05:00,2.350000000000005,5047.039999999991,1441.0,2023-01-12T09:32:00-05:00,2.6499999999999986,4447.040000000004,1487.0,2023-01-12T10:18:00-05:00,1.8999999999999986,5947.040000000004,1595.0,2023-01-12T12:06:00-05:00,1.9000000000000021,5947.039999999996,1596.0,2023-01-12T12:07:00-05:00,1.8499999999999979,6047.0400000000045,1488.0,2023-01-12T10:19:00-05:00,2.200000000000003,5347.039999999995,1623.0,2023-01-12T12:34:00-05:00,0.8499999999999996,8047.040000000002,1667.0,2023-01-12T13:18:00-05:00,0.5999999999999996,8547.040000000003,1668.0,2023-01-12T13:19:00-05:00,0.9499999999999993,7847.040000000002,1624.0,2023-01-12T12:35:00-05:00,1.0999999999999996,7547.040000000002,1819.0,2023-01-12T15:50:00-05:00,0.0,9747.04,2940.0,2023-01-13T10:31:00-05:00,0.3250000000000002,9097.04,2952.0,2023-01-13T10:43:00-05:00,0.3500000000000001,9047.04,1820.0,2023-01-12T15:51:00-05:00,1.1999999999999993,7347.040000000002,783
2023-01-11,2023-01-13,2,6.0,2023-01-11T09:31:00-05:00,6.149999999999977,NDXP  230113P11530000,NDXP  230113P11520000,development,False,False,0,0,0,0,0,1200,available,False,2023-01-11T09:31:00-05:00,2023-01-13T16:00:00-05:00,0.25,11547.039999999955,0.0,last_observed_quote_not_settlement,1036.0,1007,63,7.75,-3452.9600000000446,2023-01-11T09:32:00-05:00,0.0,7.5,-2952.9600000000446,2023-01-11T09:33:00-05:00,0.0,8.049999999999955,-4052.9599999999555,2023-01-11T09:36:00-05:00,0.0,6.75,-1452.9600000000448,2023-01-11T09:41:00-05:00,0.0,6.550000000000011,-1052.9600000000676,2023-01-11T09:46:00-05:00,0.0,7.0,-1952.9600000000448,2023-01-11T10:01:00-05:00,0.0,6.7999999999999545,-1552.9599999999539,2023-01-11T10:31:00-05:00,0.0,6.9500000000000455,-1852.9600000001358,2023-01-11T11:31:00-05:00,0.0,6.0,47.039999999955235,2023-01-11T16:00:00-05:00,0.0,6.25,-452.9600000000448,2023-01-12T16:00:00-05:00,0.0,0.25,11547.039999999955,2023-01-13T16:00:00-05:00,0.0,,,,,385.0,hit,1709.0,hit,3243.0,hit,3247.0,hit,3248.0,hit,3259.0,hit,3259.0,hit,1.0,hit,1.0,hit,1.0,hit,5.0,hit,1459.0,hit,2888.0,hit,9.949999999999989,1005,True,True,True,True,,9.949999999999989,1005,True,True,True,True,,9.949999999999989,1006,True,True,True,True,,9.949999999999989,1006,True,True,True,True,,3247.0,2023-01-13T15:38:00-05:00,2.35,7347.039999999955,3248.0,2023-01-13T15:39:00-05:00,1.9500000000000006,8147.039999999953,3249.0,2023-01-13T15:40:00-05:00,1.25,9547.039999999955,3248.0,2023-01-13T15:39:00-05:00,1.9500000000000006,8147.039999999953,3249.0,2023-01-13T15:40:00-05:00,1.25,9547.039999999955,3250.0,2023-01-13T15:41:00-05:00,1.5,9047.039999999955,3254.0,2023-01-13T15:45:00-05:00,1.5249999999999995,8997.039999999957,3250.0,2023-01-13T15:41:00-05:00,1.5,9047.039999999955,3259.0,2023-01-13T15:50:00-05:00,0.3500000000000014,11347.039999999954,3266.0,2023-01-13T15:57:00-05:00,0.025000000000000022,11997.039999999955,3267.0,2023-01-13T15:58:00-05:00,0.175,11697.039999999957,3260.0,2023-01-13T15:51:00-05:00,5.300000000000001,1447.0399999999538,3259.0,2023-01-13T15:50:00-05:00,0.3500000000000014,11347.039999999954,3267.0,2023-01-13T15:58:00-05:00,0.175,11697.039999999957,,,,,3260.0,2023-01-13T15:51:00-05:00,5.300000000000001,1447.0399999999538,784
2023-01-11,2023-01-13,2,7.0,2023-01-11T09:31:00-05:00,7.0,NDXP  230113P11500000,NDXP  230113P11490000,development,False,False,0,0,0,1,0,1199,available,False,2023-01-11T09:31:00-05:00,2023-01-13T16:00:00-05:00,0.0,13747.04,0.0,last_observed_quote_not_settlement,1036.0,310,106,7.000000000000057,-252.96000000011298,2023-01-11T09:32:00-05:00,0.0,7.4500000000000455,-1152.9600000000903,2023-01-11T09:33:00-05:00,0.0,7.149999999999977,-552.9599999999539,2023-01-11T09:36:00-05:00,0.0,7.149999999999977,-552.9599999999539,2023-01-11T09:41:00-05:00,0.0,6.350000000000023,1047.0399999999552,2023-01-11T09:46:00-05:00,0.0,6.5,747.0400000000006,2023-01-11T10:01:00-05:00,0.0,6.550000000000011,647.0399999999779,2023-01-11T10:31:00-05:00,0.0,6.449999999999989,847.0400000000234,2023-01-11T11:31:00-05:00,0.0,6.500000000000028,747.0399999999438,2023-01-11T16:00:00-05:00,0.0,5.650000000000006,2447.0399999999895,2023-01-12T16:00:00-05:00,0.0,0.0,13747.04,2023-01-13T16:00:00-05:00,0.0,,,,,343.0,hit,343.0,hit,1751.0,hit,3228.0,hit,3235.0,hit,3238.0,hit,3246.0,hit,6.0,hit,1451.0,hit,0.0,hit,1451.0,hit,2894.0,hit,,never_hit,9.350000000000009,310,True,True,True,True,,9.350000000000009,310,True,True,True,True,,9.350000000000009,310,True,True,True,True,,9.350000000000009,310,True,True,True,True,,3228.0,2023-01-13T15:19:00-05:00,2.55,8647.040000000003,3231.0,2023-01-13T15:22:00-05:00,2.3250000000000006,9097.039999999999,3232.0,2023-01-13T15:23:00-05:00,2.4000000000000004,8947.04,3229.0,2023-01-13T15:20:00-05:00,3.1000000000000005,7547.04,3235.0,2023-01-13T15:26:00-05:00,1.8250000000000002,10097.04,3236.0,2023-01-13T15:27:00-05:00,1.3250000000000002,11097.04,3237.0,2023-01-13T15:28:00-05:00,1.7750000000000004,10197.04,3236.0,2023-01-13T15:27:00-05:00,1.3250000000000002,11097.04,3238.0,2023-01-13T15:29:00-05:00,0.9249999999999998,11897.040000000003,3244.0,2023-01-13T15:35:00-05:00,0.6499999999999999,12447.04,3245.0,2023-01-13T15:36:00-05:00,0.7000000000000001,12347.04,3239.0,2023-01-13T15:30:00-05:00,1.2249999999999999,11297.040000000003,3246.0,2023-01-13T15:37:00-05:00,0.3500000000000001,13047.04,3247.0,2023-01-13T15:38:00-05:00,0.19999999999999996,13347.04,3248.0,2023-01-13T15:39:00-05:00,0.25,13247.04,3247.0,2023-01-13T15:38:00-05:00,0.19999999999999996,13347.04,785
2023-01-17,2023-01-19,2,5.0,2023-01-17T09:31:00-05:00,4.900000000000006,NDXP  230119P11570000,NDXP  230119P11560000,development,False,False,0,0,0,100,0,1100,available,False,2023-01-17T09:31:00-05:00,2023-01-19T16:00:00-05:00,9.699999999999989,-9852.959999999966,0.0,last_observed_quote_not_settlement,1036.0,662,83,4.349999999999994,847.0400000000234,2023-01-17T09:32:00-05:00,0.0,3.8499999999999943,1847.0400000000234,2023-01-17T09:33:00-05:00,0.0,5.75,-1952.959999999988,2023-01-17T09:36:00-05:00,0.0,4.900000000000006,-252.9599999999993,2023-01-17T09:41:00-05:00,0.0,6.800000000000011,-4052.9600000000105,2023-01-17T09:46:00-05:00,0.0,4.400000000000006,747.0400000000006,2023-01-17T10:01:00-05:00,0.0,4.150000000000006,1247.0400000000006,2023-01-17T10:31:00-05:00,0.0,5.3999999999999915,-1252.959999999971,2023-01-17T11:31:00-05:00,0.0,5.25,-952.959999999988,2023-01-17T16:00:00-05:00,0.0,8.650000000000034,-7752.960000000058,2023-01-18T16:00:00-05:00,0.0,9.699999999999989,-9852.959999999966,2023-01-19T16:00:00-05:00,0.0,,,,,0.0,hit,0.0,hit,2.0,hit,25.0,hit,1478.0,hit,,never_hit,,never_hit,3.0,hit,4.0,hit,1563.0,hit,1642.0,hit,1827.0,hit,2880.0,hit,6.800000000000011,13,False,False,False,False,,6.800000000000011,124,False,False,False,False,,,,True,True,True,False,3.1500000000000057,,,True,True,True,False,3.1500000000000057,25.0,2023-01-17T09:56:00-05:00,2.6500000000000057,4247.040000000001,401.0,2023-01-17T16:12:00-05:00,2.700000000000003,4147.040000000006,1462.0,2023-01-18T09:53:00-05:00,2.8499999999999943,3847.0400000000236,26.0,2023-01-17T09:57:00-05:00,4.8999999999999915,-252.95999999997088,1478.0,2023-01-18T10:09:00-05:00,1.75,6047.040000000012,,,,,,,,,1479.0,2023-01-18T10:10:00-05:00,2.3000000000000007,4947.040000000011,,,,,,,,,,,,,,,,,,,,,,,,,,,,,,,,,786
2023-01-17,2023-01-19,2,6.0,2023-01-17T09:31:00-05:00,6.0,NDXP  230119P12030000,NDXP  230119P12020000,development,False,False,0,0,0,213,0,987,available,False,2023-01-17T09:31:00-05:00,2023-01-19T15:59:00-05:00,10.0,-8152.96,1.0,last_observed_quote_not_settlement,1036.0,828,4,7.650000000000034,-3552.9600000000673,2023-01-17T09:32:00-05:00,0.0,9.900000000000034,-8052.960000000069,2023-01-17T09:33:00-05:00,0.0,8.749999999999943,-5752.959999999887,2023-01-17T09:36:00-05:00,0.0,,,2023-01-17T09:39:00-05:00,120.0,9.75,-7752.960000000001,2023-01-17T09:46:00-05:00,0.0,9.650000000000034,-7552.960000000069,2023-01-17T10:01:00-05:00,0.0,9.100000000000023,-6452.960000000046,2023-01-17T10:31:00-05:00,0.0,,,2023-01-17T11:29:00-05:00,120.0,,,2023-01-17T15:59:00-05:00,60.0,10.0,-8152.96,2023-01-18T16:00:00-05:00,0.0,,,2023-01-19T15:59:00-05:00,60.0,,,,,1649.0,hit,1649.0,hit,1657.0,hit,,never_hit,,never_hit,,never_hit,,never_hit,1.0,hit,1.0,hit,1.0,hit,2.0,hit,2.0,hit,2.0,hit,,,True,True,True,False,2.2000000000000455,,,True,True,True,False,2.2000000000000455,,,True,True,True,False,2.2000000000000455,,,True,True,True,False,2.2000000000000455,,,,,,,,,,,,,,,,,,,,,,,,,,,,,,,,,,,,,,,,,,,,,,,,,,,,,,,,,,,,,,,,,787
2023-01-17,2023-01-19,2,7.0,2023-01-17T09:31:00-05:00,7.050000000000011,NDXP  230119P11650000,NDXP  230119P11640000,development,False,False,0,0,0,80,0,1120,available,False,2023-01-17T09:31:00-05:00,2023-01-19T15:59:00-05:00,10.0,-6052.959999999977,1.0,last_observed_quote_not_settlement,1036.0,640,97,6.249999999999972,1347.0400000000802,2023-01-17T09:32:00-05:00,0.0,6.700000000000017,447.03999999998933,2023-01-17T09:33:00-05:00,0.0,7.050000000000011,-252.9599999999993,2023-01-17T09:36:00-05:00,0.0,7.199999999999989,-552.9599999999539,2023-01-17T09:41:00-05:00,0.0,6.349999999999994,1147.0400000000348,2023-01-17T09:46:00-05:00,0.0,5.300000000000011,3247.040000000001,2023-01-17T10:01:00-05:00,0.0,5.25,3347.0400000000236,2023-01-17T10:31:00-05:00,0.0,6.600000000000023,647.0399999999779,2023-01-17T11:31:00-05:00,0.0,5.949999999999989,1947.0400000000461,2023-01-17T16:00:00-05:00,0.0,9.150000000000006,-4452.95999999999,2023-01-18T16:00:00-05:00,0.0,,,2023-01-19T15:59:00-05:00,60.0,,,,,30.0,hit,32.0,hit,1453.0,hit,1453.0,hit,,never_hit,,never_hit,,never_hit,16.0,hit,100.0,hit,0.0,hit,100.0,hit,1569.0,hit,1635.0,hit,8.699999999999989,72,True,True,False,False,,,,True,True,True,False,4.300000000000011,,,True,True,True,False,4.300000000000011,,,True,True,True,False,4.300000000000011,1453.0,2023-01-18T09:44:00-05:00,2.75,8347.040000000025,,,,,,,,,1454.0,2023-01-18T09:45:00-05:00,5.950000000000017,1947.0399999999893,,,,,,,,,,,,,,,,,,,,,,,,,,,,,,,,,,,,,,,,,,,,,,,,,788
2023-01-20,2023-01-23,3,5.0,2023-01-20T09:31:00-05:00,7.349999999999909,NDXP  230123P11950000,NDXP  230123P11940000,development,False,False,0,0,0,198,0,597,available,False,2023-01-20T09:31:00-05:00,2023-01-23T16:00:00-05:00,10.0,-5452.960000000182,0.0,last_observed_quote_not_settlement,3918.0,466,16,10.0,-5452.960000000182,2023-01-20T09:32:00-05:00,0.0,10.0,-5452.960000000182,2023-01-20T09:33:00-05:00,0.0,,,2023-01-20T09:33:00-05:00,180.0,,,2023-01-20T09:40:00-05:00,60.0,,,2023-01-20T09:45:00-05:00,60.0,,,2023-01-20T10:00:00-05:00,60.0,,,2023-01-20T10:30:00-05:00,60.0,,,2023-01-20T11:30:00-05:00,60.0,9.949999999999989,-5452.96000000016,2023-01-20T16:00:00-05:00,0.0,,,2023-01-20T16:13:00-05:00,85620.0,,,2023-01-20T16:13:00-05:00,172020.0,10.0,-5452.960000000182,2023-01-23T16:00:00-05:00,0.0,,never_hit,,never_hit,,never_hit,,never_hit,,never_hit,,never_hit,,never_hit,1.0,hit,1.0,hit,0.0,hit,1.0,hit,1.0,hit,1.0,hit,,,True,True,True,False,1.5499999999999545,,,True,True,True,False,1.5499999999999545,,,True,True,True,False,1.5499999999999545,,,True,True,True,False,1.5499999999999545,,,,,,,,,,,,,,,,,,,,,,,,,,,,,,,,,,,,,,,,,,,,,,,,,,,,,,,,,,,,,,,,,789
2023-01-20,2023-01-23,3,6.0,2023-01-20T09:31:00-05:00,7.349999999999909,NDXP  230123P11950000,NDXP  230123P11940000,development,False,False,0,0,0,198,0,597,available,False,2023-01-20T09:31:00-05:00,2023-01-23T16:00:00-05:00,10.0,-5452.960000000182,0.0,last_observed_quote_not_settlement,3918.0,466,16,10.0,-5452.960000000182,2023-01-20T09:32:00-05:00,0.0,10.0,-5452.960000000182,2023-01-20T09:33:00-05:00,0.0,,,2023-01-20T09:33:00-05:00,180.0,,,2023-01-20T09:40:00-05:00,60.0,,,2023-01-20T09:45:00-05:00,60.0,,,2023-01-20T10:00:00-05:00,60.0,,,2023-01-20T10:30:00-05:00,60.0,,,2023-01-20T11:30:00-05:00,60.0,9.949999999999989,-5452.96000000016,2023-01-20T16:00:00-05:00,0.0,,,2023-01-20T16:13:00-05:00,85620.0,,,2023-01-20T16:13:00-05:00,172020.0,10.0,-5452.960000000182,2023-01-23T16:00:00-05:00,0.0,,never_hit,,never_hit,,never_hit,,never_hit,,never_hit,,never_hit,,never_hit,1.0,hit,1.0,hit,0.0,hit,1.0,hit,1.0,hit,1.0,hit,,,True,True,True,False,1.5499999999999545,,,True,True,True,False,1.5499999999999545,,,True,True,True,False,1.5499999999999545,,,True,True,True,False,1.5499999999999545,,,,,,,,,,,,,,,,,,,,,,,,,,,,,,,,,,,,,,,,,,,,,,,,,,,,,,,,,,,,,,,,,790
2023-01-20,2023-01-23,3,7.0,2023-01-20T09:31:00-05:00,7.349999999999909,NDXP  230123P11950000,NDXP  230123P11940000,development,False,False,0,0,0,198,0,597,available,False,2023-01-20T09:31:00-05:00,2023-01-23T16:00:00-05:00,10.0,-5452.960000000182,0.0,last_observed_quote_not_settlement,3918.0,466,16,10.0,-5452.960000000182,2023-01-20T09:32:00-05:00,0.0,10.0,-5452.960000000182,2023-01-20T09:33:00-05:00,0.0,,,2023-01-20T09:33:00-05:00,180.0,,,2023-01-20T09:40:00-05:00,60.0,,,2023-01-20T09:45:00-05:00,60.0,,,2023-01-20T10:00:00-05:00,60.0,,,2023-01-20T10:30:00-05:00,60.0,,,2023-01-20T11:30:00-05:00,60.0,9.949999999999989,-5452.96000000016,2023-01-20T16:00:00-05:00,0.0,,,2023-01-20T16:13:00-05:00,85620.0,,,2023-01-20T16:13:00-05:00,172020.0,10.0,-5452.960000000182,2023-01-23T16:00:00-05:00,0.0,,never_hit,,never_hit,,never_hit,,never_hit,,never_hit,,never_hit,,never_hit,1.0,hit,1.0,hit,0.0,hit,1.0,hit,1.0,hit,1.0,hit,,,True,True,True,False,1.5499999999999545,,,True,True,True,False,1.5499999999999545,,,True,True,True,False,1.5499999999999545,,,True,True,True,False,1.5499999999999545,,,,,,,,,,,,,,,,,,,,,,,,,,,,,,,,,,,,,,,,,,,,,,,,,,,,,,,,,,,,,,,,,791
2023-01-23,2023-01-25,2,5.0,2023-01-23T09:31:00-05:00,5.099999999999994,NDXP  230125P11670000,NDXP  230125P11660000,development,False,False,0,0,0,0,15,1198,available,False,2023-01-23T09:31:00-05:00,2023-01-25T16:00:00-05:00,0.0,9947.03999999999,0.0,last_observed_quote_not_settlement,1036.0,108,16,5.6499999999999915,-1352.9599999999937,2023-01-23T09:32:00-05:00,0.0,4.549999999999997,847.039999999995,2023-01-23T09:33:00-05:00,0.0,4.849999999999994,247.04000000000067,2023-01-23T09:36:00-05:00,0.0,4.6000000000000085,747.0399999999722,2023-01-23T09:41:00-05:00,0.0,4.0,1947.0399999999893,2023-01-23T09:46:00-05:00,0.0,3.1500000000000057,3647.039999999978,2023-01-23T10:01:00-05:00,0.0,2.700000000000003,4547.039999999984,2023-01-23T10:31:00-05:00,0.0,2.0500000000000043,5847.039999999981,2023-01-23T11:31:00-05:00,0.0,1.6000000000000014,6747.039999999986,2023-01-23T16:00:00-05:00,0.0,1.6999999999999957,6547.039999999998,2023-01-24T16:00:00-05:00,0.0,0.0,9947.03999999999,2023-01-25T16:00:00-05:00,0.0,,,,,0.0,hit,2.0,hit,15.0,hit,49.0,hit,97.0,hit,1833.0,hit,1833.0,hit,1.0,hit,7.0,hit,2904.0,hit,2908.0,hit,,never_hit,,never_hit,6.599999999999994,3,False,False,False,False,,6.599999999999994,3,False,False,False,False,,6.599999999999994,3,False,False,False,False,,6.599999999999994,3,False,False,False,False,,52.0,2023-01-23T10:23:00-05:00,2.8999999999999986,4147.039999999992,53.0,2023-01-23T10:24:00-05:00,2.799999999999997,4347.039999999995,54.0,2023-01-23T10:25:00-05:00,2.75,4447.039999999989,53.0,2023-01-23T10:24:00-05:00,2.799999999999997,4347.039999999995,99.0,2023-01-23T11:10:00-05:00,1.9499999999999957,6047.039999999998,100.0,2023-01-23T11:11:00-05:00,1.9000000000000057,6147.039999999978,101.0,2023-01-23T11:12:00-05:00,1.899999999999995,6147.039999999999,100.0,2023-01-23T11:11:00-05:00,1.9000000000000057,6147.039999999978,1833.0,2023-01-24T16:04:00-05:00,0.3249999999999993,9297.039999999992,1834.0,2023-01-24T16:05:00-05:00,0.5999999999999996,8747.039999999992,1835.0,2023-01-24T16:06:00-05:00,0.9000000000000004,8147.039999999989,1834.0,2023-01-24T16:05:00-05:00,0.5999999999999996,8747.039999999992,1833.0,2023-01-24T16:04:00-05:00,0.3249999999999993,9297.039999999992,3141.0,2023-01-25T13:52:00-05:00,0.32499999999999996,9297.03999999999,3163.0,2023-01-25T14:14:00-05:00,0.30000000000000004,9347.03999999999,1834.0,2023-01-24T16:05:00-05:00,0.5999999999999996,8747.039999999992,792
2023-01-23,2023-01-25,2,6.0,2023-01-23T09:31:00-05:00,5.900000000000006,NDXP  230125P11730000,NDXP  230125P11720000,development,False,False,0,0,0,2,15,1196,available,False,2023-01-23T09:31:00-05:00,2023-01-25T16:00:00-05:00,0.0,11547.040000000014,0.0,last_observed_quote_not_settlement,1036.0,206,12,6.300000000000011,-1052.9600000000107,2023-01-23T09:32:00-05:00,0.0,6.25,-952.959999999988,2023-01-23T09:33:00-05:00,0.0,5.700000000000017,147.03999999997797,2023-01-23T09:36:00-05:00,0.0,5.400000000000006,747.0400000000006,2023-01-23T09:41:00-05:00,0.0,5.200000000000017,1147.039999999978,2023-01-23T09:46:00-05:00,0.0,4.450000000000017,2647.039999999978,2023-01-23T10:01:00-05:00,0.0,3.3999999999999986,4747.0400000000145,2023-01-23T10:31:00-05:00,0.0,2.6999999999999957,6147.040000000021,2023-01-23T11:31:00-05:00,0.0,2.3500000000000085,6847.039999999995,2023-01-23T16:00:00-05:00,0.0,2.25,7047.040000000012,2023-01-24T16:00:00-05:00,0.0,0.0,11547.040000000014,2023-01-25T16:00:00-05:00,0.0,,,,,6.0,hit,17.0,hit,33.0,hit,94.0,hit,240.0,hit,3166.0,hit,3205.0,hit,2880.0,hit,2880.0,hit,2880.0,hit,2895.0,hit,2907.0,hit,2923.0,hit,6.300000000000011,5,False,False,False,False,,6.300000000000011,5,False,False,False,False,,9.849999999999994,206,True,True,True,True,,9.849999999999994,206,True,True,True,True,,95.0,2023-01-23T11:06:00-05:00,2.8000000000000114,5947.039999999989,96.0,2023-01-23T11:07:00-05:00,2.799999999999997,5947.040000000018,97.0,2023-01-23T11:08:00-05:00,2.5,6547.040000000012,96.0,2023-01-23T11:07:00-05:00,2.799999999999997,5947.040000000018,240.0,2023-01-23T13:31:00-05:00,1.9499999999999957,7647.040000000021,255.0,2023-01-23T13:46:00-05:00,1.9499999999999957,7647.040000000021,256.0,2023-01-23T13:47:00-05:00,1.9499999999999957,7647.040000000021,241.0,2023-01-23T13:32:00-05:00,2.0500000000000043,7447.040000000004,3166.0,2023-01-25T14:17:00-05:00,0.8249999999999993,9897.040000000014,3167.0,2023-01-25T14:18:00-05:00,0.7250000000000001,10097.040000000012,3171.0,2023-01-25T14:22:00-05:00,0.9000000000000004,9747.040000000012,3167.0,2023-01-25T14:18:00-05:00,0.7250000000000001,10097.040000000012,3210.0,2023-01-25T15:01:00-05:00,0.3999999999999999,10747.040000000012,3211.0,2023-01-25T15:02:00-05:00,0.17499999999999993,11197.040000000014,3212.0,2023-01-25T15:03:00-05:00,0.19999999999999996,11147.040000000012,3211.0,2023-01-25T15:02:00-05:00,0.17499999999999993,11197.040000000014,793
2023-01-23,2023-01-25,2,7.0,2023-01-23T09:31:00-05:00,7.150000000000006,NDXP  230125P11810000,NDXP  230125P11800000,development,False,False,0,0,1,7,15,1192,available,False,2023-01-23T09:31:00-05:00,2023-01-25T15:59:00-05:00,1.7,10647.040000000012,1.0,last_observed_quote_not_settlement,1036.0,283,24,7.300000000000011,-552.9600000000107,2023-01-23T09:32:00-05:00,0.0,7.25,-452.95999999998793,2023-01-23T09:33:00-05:00,0.0,6.75,547.040000000012,2023-01-23T09:36:00-05:00,0.0,6.149999999999977,1747.0400000000575,2023-01-23T09:41:00-05:00,0.0,6.650000000000006,747.0400000000006,2023-01-23T09:46:00-05:00,0.0,5.049999999999997,3947.0400000000177,2023-01-23T10:01:00-05:00,0.0,4.0,6047.040000000012,2023-01-23T10:31:00-05:00,0.0,4.0,6047.040000000012,2023-01-23T11:31:00-05:00,0.0,3.6499999999999986,6747.0400000000145,2023-01-23T16:00:00-05:00,0.0,2.25,9547.040000000014,2023-01-24T16:00:00-05:00,0.0,,,2023-01-25T15:59:00-05:00,60.0,,,,,18.0,hit,19.0,hit,54.0,hit,244.0,hit,1833.0,hit,,never_hit,,never_hit,2880.0,hit,2880.0,hit,0.0,hit,2880.0,hit,2880.0,hit,2883.0,hit,7.649999999999977,10,True,False,False,False,,7.649999999999977,10,True,False,False,False,,,,True,True,True,False,5.950000000000006,,,True,True,True,False,5.950000000000006,251.0,2023-01-23T13:42:00-05:00,2.9499999999999957,8147.04000000002,258.0,2023-01-23T13:49:00-05:00,2.8999999999999986,8247.040000000015,259.0,2023-01-23T13:50:00-05:00,2.799999999999997,8447.040000000019,252.0,2023-01-23T13:43:00-05:00,3.0,8047.040000000012,1833.0,2023-01-24T16:04:00-05:00,1.9499999999999993,10147.040000000014,,,,,,,,,1834.0,2023-01-24T16:05:00-05:00,2.3000000000000043,9447.040000000005,,,,,,,,,,,,,,,,,,,,,,,,,,,,,,,,,794
2023-01-23,2023-01-26,3,5.0,2023-01-23T09:31:00-05:00,4.949999999999989,NDXP  230126P11670000,NDXP  230126P11660000,development,False,False,0,0,0,0,0,1603,available,False,2023-01-23T09:31:00-05:00,2023-01-26T16:00:00-05:00,0.0,9647.039999999979,0.0,last_observed_quote_not_settlement,1036.0,110,14,5.199999999999989,-752.9599999999994,2023-01-23T09:32:00-05:00,0.0,5.400000000000006,-1152.9600000000335,2023-01-23T09:33:00-05:00,0.0,4.5,647.0399999999779,2023-01-23T09:36:00-05:00,0.0,4.5,647.0399999999779,2023-01-23T09:41:00-05:00,0.0,4.25,1147.039999999978,2023-01-23T09:46:00-05:00,0.0,3.25,3147.039999999978,2023-01-23T10:01:00-05:00,0.0,2.9000000000000057,3847.0399999999668,2023-01-23T10:31:00-05:00,0.0,2.3500000000000085,4947.039999999961,2023-01-23T11:31:00-05:00,0.0,2.0,5647.039999999978,2023-01-23T16:00:00-05:00,0.0,2.1499999999999986,5347.039999999981,2023-01-24T16:00:00-05:00,0.0,1.75,6147.039999999978,2023-01-25T16:00:00-05:00,0.0,0.0,9647.039999999979,2023-01-26T16:00:00-05:00,0.0,0.0,hit,0.0,hit,17.0,hit,52.0,hit,111.0,hit,4320.0,hit,4320.0,hit,4.0,hit,2883.0,hit,2911.0,hit,,never_hit,,never_hit,,never_hit,5.550000000000011,4,False,False,False,False,,5.550000000000011,4,False,False,False,False,,7.200000000000017,110,True,False,False,False,,7.200000000000017,110,True,False,False,False,,54.0,2023-01-23T10:25:00-05:00,2.8999999999999986,3847.039999999981,57.0,2023-01-23T10:28:00-05:00,2.9499999999999957,3747.0399999999863,58.0,2023-01-23T10:29:00-05:00,2.8000000000000114,4047.0399999999554,55.0,2023-01-23T10:26:00-05:00,3.049999999999997,3547.0399999999836,112.0,2023-01-23T11:23:00-05:00,1.8999999999999986,5847.039999999981,212.0,2023-01-23T13:03:00-05:00,1.9000000000000057,5847.039999999966,213.0,2023-01-23T13:04:00-05:00,1.7000000000000028,6247.039999999973,113.0,2023-01-23T11:24:00-05:00,2.0500000000000043,5547.039999999969,4320.0,2023-01-26T09:31:00-05:00,0.25,9147.039999999979,4321.0,2023-01-26T09:32:00-05:00,0.10000000000000009,9447.039999999977,4322.0,2023-01-26T09:33:00-05:00,0.1499999999999999,9347.039999999979,4321.0,2023-01-26T09:32:00-05:00,0.10000000000000009,9447.039999999977,4320.0,2023-01-26T09:31:00-05:00,0.25,9147.039999999979,4321.0,2023-01-26T09:32:00-05:00,0.10000000000000009,9447.039999999977,4322.0,2023-01-26T09:33:00-05:00,0.1499999999999999,9347.039999999979,4321.0,2023-01-26T09:32:00-05:00,0.10000000000000009,9447.039999999977,795
2023-01-23,2023-01-26,3,6.0,2023-01-23T09:31:00-05:00,6.050000000000011,NDXP  230126P11810000,NDXP  230126P11800000,development,False,False,0,0,0,3,0,1600,available,False,2023-01-23T09:31:00-05:00,2023-01-26T16:00:00-05:00,0.0,11847.040000000025,0.0,last_observed_quote_not_settlement,1037.0,266,21,8.099999999999994,-4352.959999999967,2023-01-23T09:32:00-05:00,0.0,8.099999999999966,-4352.95999999991,2023-01-23T09:33:00-05:00,0.0,6.600000000000023,-1352.960000000022,2023-01-23T09:36:00-05:00,0.0,6.100000000000023,-352.96000000002203,2023-01-23T09:41:00-05:00,0.0,6.649999999999977,-1452.9599999999311,2023-01-23T09:46:00-05:00,0.0,6.449999999999989,-1052.9599999999539,2023-01-23T10:01:00-05:00,0.0,4.1499999999999915,3547.0400000000404,2023-01-23T10:31:00-05:00,0.0,3.8499999999999943,4147.0400000000345,2023-01-23T11:31:00-05:00,0.0,3.700000000000003,4447.040000000018,2023-01-23T16:00:00-05:00,0.0,0.6000000000000085,10647.040000000008,2023-01-24T16:00:00-05:00,0.0,4.300000000000004,3247.040000000015,2023-01-25T16:00:00-05:00,0.0,0.0,11847.040000000025,2023-01-26T16:00:00-05:00,0.0,19.0,hit,24.0,hit,62.0,hit,256.0,hit,1829.0,hit,1829.0,hit,4479.0,hit,1.0,hit,1.0,hit,1.0,hit,1.0,hit,2902.0,hit,,never_hit,8.099999999999994,27,True,True,False,False,,8.099999999999994,28,True,True,False,False,,8.099999999999994,28,True,True,False,False,,9.300000000000011,266,True,True,True,True,,1829.0,2023-01-24T16:00:00-05:00,0.6000000000000085,10647.040000000008,1836.0,2023-01-24T16:07:00-05:00,2.5,6847.040000000024,1837.0,2023-01-24T16:08:00-05:00,2.5999999999999943,6647.0400000000345,1830.0,2023-01-24T16:01:00-05:00,3.9000000000000057,4047.040000000012,1829.0,2023-01-24T16:00:00-05:00,0.6000000000000085,10647.040000000008,4321.0,2023-01-26T09:32:00-05:00,1.049999999999999,9747.040000000026,4322.0,2023-01-26T09:33:00-05:00,0.7000000000000002,10447.040000000025,1830.0,2023-01-24T16:01:00-05:00,3.9000000000000057,4047.040000000012,1829.0,2023-01-24T16:00:00-05:00,0.6000000000000085,10647.040000000008,4323.0,2023-01-26T09:34:00-05:00,0.9000000000000004,10047.040000000023,4324.0,2023-01-26T09:35:00-05:00,0.9499999999999993,9947.040000000026,1830.0,2023-01-24T16:01:00-05:00,3.9000000000000057,4047.040000000012,4505.0,2023-01-26T12:36:00-05:00,0.44999999999999973,10947.040000000025,4511.0,2023-01-26T12:42:00-05:00,0.375,11097.040000000025,4512.0,2023-01-26T12:43:00-05:00,0.3999999999999999,11047.040000000023,4506.0,2023-01-26T12:37:00-05:00,0.4750000000000001,10897.040000000023,796
2023-01-23,2023-01-26,3,7.0,2023-01-23T09:31:00-05:00,7.200000000000017,NDXP  230126P11800000,NDXP  230126P11790000,development,False,False,0,0,1,20,0,1583,available,False,2023-01-23T09:31:00-05:00,2023-01-26T16:00:00-05:00,0.0,14147.040000000035,0.0,last_observed_quote_not_settlement,1037.0,133,26,6.900000000000006,347.04000000002344,2023-01-23T09:32:00-05:00,0.0,5.450000000000017,3247.040000000001,2023-01-23T09:33:00-05:00,0.0,6.5,1147.0400000000348,2023-01-23T09:36:00-05:00,0.0,6.799999999999983,547.0400000000689,2023-01-23T09:41:00-05:00,0.0,6.0,2147.040000000035,2023-01-23T09:46:00-05:00,0.0,3.8500000000000227,6447.039999999989,2023-01-23T10:01:00-05:00,0.0,4.5,5147.0400000000345,2023-01-23T10:31:00-05:00,0.0,3.8000000000000114,6547.040000000012,2023-01-23T11:31:00-05:00,0.0,3.549999999999997,7047.040000000041,2023-01-23T16:00:00-05:00,0.0,6.049999999999997,2047.0400000000404,2023-01-24T16:00:00-05:00,0.0,4.149999999999999,5847.040000000037,2023-01-25T16:00:00-05:00,0.0,0.0,14147.040000000035,2023-01-26T16:00:00-05:00,0.0,2.0,hit,17.0,hit,30.0,hit,247.0,hit,1834.0,hit,4320.0,hit,4480.0,hit,2882.0,hit,2903.0,hit,0.0,hit,2882.0,hit,2926.0,hit,,never_hit,7.200000000000017,0,True,False,False,False,,7.200000000000017,0,True,False,False,False,,9.049999999999983,133,True,True,True,True,,9.049999999999983,133,True,True,True,True,,248.0,2023-01-23T13:39:00-05:00,2.8000000000000114,8547.040000000014,1833.0,2023-01-24T16:04:00-05:00,2.549999999999997,9047.04000000004,1834.0,2023-01-24T16:05:00-05:00,1.8000000000000114,10547.040000000014,249.0,2023-01-23T13:40:00-05:00,3.0,8147.0400000000345,1834.0,2023-01-24T16:05:00-05:00,1.8000000000000114,10547.040000000014,4321.0,2023-01-26T09:32:00-05:00,0.7000000000000011,12747.040000000034,4322.0,2023-01-26T09:33:00-05:00,0.6000000000000005,12947.040000000035,1835.0,2023-01-24T16:06:00-05:00,3.3999999999999986,7347.040000000037,4320.0,2023-01-26T09:31:00-05:00,0.8499999999999996,12447.040000000037,4321.0,2023-01-26T09:32:00-05:00,0.7000000000000011,12747.040000000034,4322.0,2023-01-26T09:33:00-05:00,0.6000000000000005,12947.040000000035,4321.0,2023-01-26T09:32:00-05:00,0.7000000000000011,12747.040000000034,4480.0,2023-01-26T12:11:00-05:00,0.42500000000000027,13297.040000000034,4503.0,2023-01-26T12:34:00-05:00,0.3749999999999998,13397.040000000035,4504.0,2023-01-26T12:35:00-05:00,0.375,13397.040000000035,4481.0,2023-01-26T12:12:00-05:00,0.4500000000000002,13247.040000000035,797
2023-01-24,2023-01-26,2,5.0,2023-01-24T09:31:00-05:00,5.1499999999999915,NDXP  230126P11830000,NDXP  230126P11820000,development,False,False,0,0,1,18,15,1180,available,False,2023-01-24T09:31:00-05:00,2023-01-26T16:00:00-05:00,0.0,10047.039999999985,0.0,last_observed_quote_not_settlement,1037.0,346,28,5.049999999999983,-52.95999999998224,2023-01-24T09:32:00-05:00,0.0,5.150000000000006,-252.96000000002772,2023-01-24T09:33:00-05:00,0.0,5.0,47.03999999998366,2023-01-24T09:36:00-05:00,0.0,4.8500000000000085,347.0399999999666,2023-01-24T09:41:00-05:00,0.0,4.649999999999977,747.0400000000291,2023-01-24T09:46:00-05:00,0.0,5.0,47.03999999998366,2023-01-24T10:01:00-05:00,0.0,4.6000000000000085,847.0399999999665,2023-01-24T10:31:00-05:00,0.0,4.099999999999994,1847.039999999995,2023-01-24T11:31:00-05:00,0.0,4.400000000000006,1247.0399999999722,2023-01-24T16:00:00-05:00,0.0,4.950000000000003,147.03999999997797,2023-01-25T16:00:00-05:00,0.0,0.0,10047.039999999985,2023-01-26T16:00:00-05:00,0.0,,,,,0.0,hit,5.0,hit,23.0,hit,393.0,hit,2880.0,hit,2882.0,hit,2885.0,hit,22.0,hit,22.0,hit,1440.0,hit,1440.0,hit,1440.0,hit,1507.0,hit,6.300000000000011,13,False,False,False,False,,9.700000000000045,346,True,True,True,True,,9.700000000000045,346,True,True,True,True,,9.700000000000045,346,True,True,True,True,,394.0,2023-01-24T16:05:00-05:00,2.799999999999997,4447.039999999989,398.0,2023-01-24T16:09:00-05:00,2.799999999999997,4447.039999999989,399.0,2023-01-24T16:10:00-05:00,2.9000000000000057,4247.039999999973,395.0,2023-01-24T16:06:00-05:00,3.200000000000003,3647.039999999978,2880.0,2023-01-26T09:31:00-05:00,1.25,7547.039999999984,2881.0,2023-01-26T09:32:00-05:00,1.0500000000000007,7947.039999999982,2882.0,2023-01-26T09:33:00-05:00,0.8499999999999996,8347.039999999985,2881.0,2023-01-26T09:32:00-05:00,1.0500000000000007,7947.039999999982,2882.0,2023-01-26T09:33:00-05:00,0.8499999999999996,8347.039999999985,3041.0,2023-01-26T12:12:00-05:00,0.7999999999999998,8447.039999999985,3042.0,2023-01-26T12:13:00-05:00,0.7000000000000002,8647.039999999985,2883.0,2023-01-26T09:34:00-05:00,1.1999999999999993,7647.039999999985,2885.0,2023-01-26T09:36:00-05:00,0.25,9547.039999999985,3121.0,2023-01-26T13:32:00-05:00,0.3999999999999999,9247.039999999985,3127.0,2023-01-26T13:38:00-05:00,0.32499999999999996,9397.039999999985,2886.0,2023-01-26T09:37:00-05:00,1.0500000000000007,7947.039999999982,798
2023-01-24,2023-01-26,2,6.0,2023-01-24T09:31:00-05:00,6.049999999999983,NDXP  230126P11880000,NDXP  230126P11870000,development,False,False,0,0,1,6,15,1192,available,False,2023-01-24T09:31:00-05:00,2023-01-26T16:00:00-05:00,0.0,11847.039999999968,0.0,last_observed_quote_not_settlement,1036.0,373,25,5.949999999999989,-52.96000000001066,2023-01-24T09:32:00-05:00,0.0,5.950000000000017,-52.9600000000675,2023-01-24T09:33:00-05:00,0.0,5.75,347.0399999999666,2023-01-24T09:36:00-05:00,0.0,5.549999999999983,747.0400000000006,2023-01-24T09:41:00-05:00,0.0,5.550000000000011,747.0399999999438,2023-01-24T09:46:00-05:00,0.0,5.749999999999972,347.04000000002344,2023-01-24T10:01:00-05:00,0.0,4.450000000000003,2947.039999999961,2023-01-24T10:31:00-05:00,0.0,4.450000000000003,2947.039999999961,2023-01-24T11:31:00-05:00,0.0,5.199999999999989,1447.0399999999893,2023-01-24T16:00:00-05:00,0.0,6.049999999999983,-252.9599999999993,2023-01-25T16:00:00-05:00,0.0,0.0,11847.039999999968,2023-01-26T16:00:00-05:00,0.0,,,,,9.0,hit,11.0,hit,27.0,hit,2880.0,hit,2880.0,hit,3128.0,hit,3156.0,hit,4.0,hit,1440.0,hit,1440.0,hit,1440.0,hit,1444.0,hit,1447.0,hit,9.950000000000045,373,True,True,True,True,,9.950000000000045,373,True,True,True,True,,9.950000000000045,373,True,True,True,True,,9.950000000000045,373,True,True,True,True,,2880.0,2023-01-26T09:31:00-05:00,2.0,7847.039999999966,2881.0,2023-01-26T09:32:00-05:00,1.75,8347.039999999968,2882.0,2023-01-26T09:33:00-05:00,1.4000000000000004,9047.039999999966,2881.0,2023-01-26T09:32:00-05:00,1.75,8347.039999999968,2881.0,2023-01-26T09:32:00-05:00,1.75,8347.039999999968,2882.0,2023-01-26T09:33:00-05:00,1.4000000000000004,9047.039999999966,2883.0,2023-01-26T09:34:00-05:00,1.8999999999999986,8047.039999999969,2882.0,2023-01-26T09:33:00-05:00,1.4000000000000004,9047.039999999966,3128.0,2023-01-26T13:39:00-05:00,0.8500000000000005,10147.039999999966,3129.0,2023-01-26T13:40:00-05:00,0.75,10347.039999999968,3130.0,2023-01-26T13:41:00-05:00,0.7749999999999999,10297.039999999966,3129.0,2023-01-26T13:40:00-05:00,0.75,10347.039999999968,3159.0,2023-01-26T14:10:00-05:00,0.4249999999999998,10997.039999999968,3160.0,2023-01-26T14:11:00-05:00,0.375,11097.039999999968,3161.0,2023-01-26T14:12:00-05:00,0.2749999999999999,11297.039999999966,3160.0,2023-01-26T14:11:00-05:00,0.375,11097.039999999968,799
2023-01-24,2023-01-26,2,7.0,2023-01-24T09:31:00-05:00,7.0,NDXP  230126P11940000,NDXP  230126P11930000,development,False,False,0,0,0,17,15,1181,available,False,2023-01-24T09:31:00-05:00,2023-01-26T16:00:00-05:00,0.0,13747.04,0.0,last_observed_quote_not_settlement,1036.0,400,30,6.849999999999966,47.04000000006892,2023-01-24T09:32:00-05:00,0.0,6.549999999999983,647.0400000000348,2023-01-24T09:33:00-05:00,0.0,7.150000000000034,-552.9600000000676,2023-01-24T09:36:00-05:00,0.0,6.0,1747.0400000000006,2023-01-24T09:41:00-05:00,0.0,5.949999999999989,1847.0400000000234,2023-01-24T09:46:00-05:00,0.0,6.949999999999989,-152.95999999997656,2023-01-24T10:01:00-05:00,0.0,6.599999999999994,547.040000000012,2023-01-24T10:31:00-05:00,0.0,5.75,2247.040000000001,2023-01-24T11:31:00-05:00,0.0,5.149999999999977,3447.0400000000463,2023-01-24T16:00:00-05:00,0.0,7.500000000000028,-1252.9600000000562,2023-01-25T16:00:00-05:00,0.0,0.0,13747.04,2023-01-26T16:00:00-05:00,0.0,,,,,19.0,hit,23.0,hit,87.0,hit,2884.0,hit,3159.0,hit,3186.0,hit,3213.0,hit,36.0,hit,36.0,hit,0.0,hit,36.0,hit,1440.0,hit,1445.0,hit,10.0,381,True,True,True,True,,10.0,400,True,True,True,True,,10.0,400,True,True,True,True,,10.0,400,True,True,True,True,,2885.0,2023-01-26T09:36:00-05:00,2.4499999999999993,8847.040000000003,2886.0,2023-01-26T09:37:00-05:00,2.900000000000002,7947.039999999996,3131.0,2023-01-26T13:42:00-05:00,2.450000000000001,8847.039999999999,2886.0,2023-01-26T09:37:00-05:00,2.900000000000002,7947.039999999996,3159.0,2023-01-26T14:10:00-05:00,1.8999999999999986,9947.040000000005,3160.0,2023-01-26T14:11:00-05:00,1.799999999999999,10147.040000000005,3161.0,2023-01-26T14:12:00-05:00,1.6500000000000004,10447.04,3160.0,2023-01-26T14:11:00-05:00,1.799999999999999,10147.040000000005,3186.0,2023-01-26T14:37:00-05:00,0.9249999999999989,11897.040000000005,3192.0,2023-01-26T14:43:00-05:00,0.7999999999999998,12147.040000000003,3193.0,2023-01-26T14:44:00-05:00,0.9250000000000003,11897.04,3187.0,2023-01-26T14:38:00-05:00,1.0250000000000004,11697.04,3213.0,2023-01-26T15:04:00-05:00,0.42500000000000027,12897.04,3227.0,2023-01-26T15:18:00-05:00,0.32499999999999996,13097.04,3228.0,2023-01-26T15:19:00-05:00,0.32500000000000007,13097.04,3214.0,2023-01-26T15:05:00-05:00,0.6499999999999999,12447.04,800
2023-01-24,2023-01-27,3,5.0,2023-01-24T09:31:00-05:00,5.0,NDXP  230127P11820000,NDXP  230127P11810000,development,False,False,0,0,0,0,0,1604,available,False,2023-01-24T09:31:00-05:00,2023-01-27T16:00:00-05:00,0.0,9747.04,0.0,last_observed_quote_not_settlement,1036.0,310,31,5.049999999999983,-352.9599999999652,2023-01-24T09:32:00-05:00,0.0,3.799999999999997,2147.0400000000063,2023-01-24T09:33:00-05:00,0.0,4.650000000000006,447.03999999998933,2023-01-24T09:36:00-05:00,0.0,4.599999999999994,547.040000000012,2023-01-24T09:41:00-05:00,0.0,4.400000000000006,947.0399999999893,2023-01-24T09:46:00-05:00,0.0,4.849999999999994,47.04000000001208,2023-01-24T10:01:00-05:00,0.0,4.200000000000003,1347.039999999995,2023-01-24T10:31:00-05:00,0.0,3.8499999999999943,2047.0400000000122,2023-01-24T11:31:00-05:00,0.0,3.6500000000000057,2447.0399999999895,2023-01-24T16:00:00-05:00,0.0,4.6000000000000085,547.0399999999836,2023-01-25T16:00:00-05:00,0.0,1.0,7747.040000000001,2023-01-26T16:00:00-05:00,0.0,0.0,9747.04,2023-01-27T16:00:00-05:00,0.0,0.0,hit,0.0,hit,2.0,hit,392.0,hit,393.0,hit,3234.0,hit,3274.0,hit,22.0,hit,1440.0,hit,1441.0,hit,1443.0,hit,1456.0,hit,,never_hit,5.950000000000017,4,False,False,False,False,,5.950000000000017,4,False,False,False,False,,9.099999999999966,310,True,True,True,True,,9.099999999999966,310,True,True,True,True,,392.0,2023-01-24T16:03:00-05:00,2.6000000000000085,4547.039999999984,393.0,2023-01-24T16:04:00-05:00,1.5999999999999943,6547.040000000012,404.0,2023-01-24T16:15:00-05:00,2.6499999999999915,4447.040000000018,393.0,2023-01-24T16:04:00-05:00,1.5999999999999943,6547.040000000012,393.0,2023-01-24T16:04:00-05:00,1.5999999999999943,6547.040000000012,2881.0,2023-01-26T09:32:00-05:00,1.8000000000000043,6147.039999999992,2882.0,2023-01-26T09:33:00-05:00,1.6500000000000021,6447.039999999996,394.0,2023-01-24T16:05:00-05:00,3.25,3247.040000000001,3258.0,2023-01-26T15:49:00-05:00,0.9000000000000004,7947.04,3261.0,2023-01-26T15:52:00-05:00,0.9499999999999993,7847.040000000002,3262.0,2023-01-26T15:53:00-05:00,0.9499999999999993,7847.040000000002,3259.0,2023-01-26T15:50:00-05:00,1.0999999999999979,7547.0400000000045,3275.0,2023-01-26T16:06:00-05:00,0.3000000000000007,9147.04,3276.0,2023-01-26T16:07:00-05:00,0.3999999999999986,8947.040000000005,4336.0,2023-01-27T09:47:00-05:00,0.3999999999999999,8947.04,3276.0,2023-01-26T16:07:00-05:00,0.3999999999999986,8947.040000000005,801
2023-01-24,2023-01-27,3,6.0,2023-01-24T09:31:00-05:00,6.0,NDXP  230127P11890000,NDXP  230127P11880000,development,False,False,0,0,2,0,0,1602,available,False,2023-01-24T09:31:00-05:00,2023-01-27T16:00:00-05:00,0.0,11747.04,0.0,last_observed_quote_not_settlement,1037.0,371,60,5.950000000000017,-152.9600000000334,2023-01-24T09:32:00-05:00,0.0,5.550000000000011,647.0399999999779,2023-01-24T09:33:00-05:00,0.0,5.699999999999989,347.04000000002344,2023-01-24T09:36:00-05:00,0.0,5.550000000000011,647.0399999999779,2023-01-24T09:41:00-05:00,0.0,5.850000000000023,47.039999999955235,2023-01-24T09:46:00-05:00,0.0,6.75,-1752.9599999999994,2023-01-24T10:01:00-05:00,0.0,5.549999999999983,647.0400000000348,2023-01-24T10:31:00-05:00,0.0,4.8999999999999915,1947.0400000000177,2023-01-24T11:31:00-05:00,0.0,4.950000000000017,1847.0399999999665,2023-01-24T16:00:00-05:00,0.0,5.90000000000002,-52.96000000003908,2023-01-25T16:00:00-05:00,0.0,1.5500000000000007,8647.04,2023-01-26T16:00:00-05:00,0.0,0.0,11747.04,2023-01-27T16:00:00-05:00,0.0,8.0,hit,11.0,hit,23.0,hit,23.0,hit,3227.0,hit,4335.0,hit,4352.0,hit,4.0,hit,4.0,hit,4.0,hit,1440.0,hit,1455.0,hit,1469.0,hit,7.099999999999994,5,True,False,False,False,,9.950000000000045,371,True,True,True,True,,9.950000000000045,371,True,True,True,True,,9.950000000000045,371,True,True,True,True,,23.0,2023-01-24T09:54:00-05:00,2.75,6247.040000000001,2882.0,2023-01-26T09:33:00-05:00,2.549999999999997,6647.040000000006,2883.0,2023-01-26T09:34:00-05:00,2.8499999999999943,6047.040000000012,24.0,2023-01-24T09:55:00-05:00,4.650000000000006,2447.0399999999895,3234.0,2023-01-26T15:25:00-05:00,1.8000000000000007,8147.04,3235.0,2023-01-26T15:26:00-05:00,1.9499999999999993,7847.040000000002,3236.0,2023-01-26T15:27:00-05:00,1.6499999999999986,8447.040000000005,3235.0,2023-01-26T15:26:00-05:00,1.9499999999999993,7847.040000000002,4335.0,2023-01-27T09:46:00-05:00,0.7999999999999998,10147.040000000003,4339.0,2023-01-27T09:50:00-05:00,0.8499999999999996,10047.040000000003,4340.0,2023-01-27T09:51:00-05:00,0.6999999999999993,10347.040000000003,4336.0,2023-01-27T09:47:00-05:00,1.0999999999999979,9547.040000000006,4352.0,2023-01-27T10:03:00-05:00,0.44999999999999973,10847.04,4358.0,2023-01-27T10:09:00-05:00,0.19999999999999973,11347.04,4359.0,2023-01-27T10:10:00-05:00,0.375,10997.04,4353.0,2023-01-27T10:04:00-05:00,0.4500000000000002,10847.04,802
2023-01-24,2023-01-27,3,7.0,2023-01-24T09:31:00-05:00,7.099999999999994,NDXP  230127P11970000,NDXP  230127P11960000,development,False,False,0,0,0,2,0,1601,available,False,2023-01-24T09:31:00-05:00,2023-01-27T16:00:00-05:00,0.0,13947.03999999999,0.0,last_observed_quote_not_settlement,1036.0,399,38,7.099999999999994,-252.9599999999993,2023-01-24T09:32:00-05:00,0.0,6.75,447.03999999998933,2023-01-24T09:33:00-05:00,0.0,6.849999999999966,247.04000000005752,2023-01-24T09:36:00-05:00,0.0,7.100000000000023,-252.96000000005614,2023-01-24T09:41:00-05:00,0.0,6.449999999999989,1047.040000000012,2023-01-24T09:46:00-05:00,0.0,6.5,947.0399999999893,2023-01-24T10:01:00-05:00,0.0,6.400000000000006,1147.039999999978,2023-01-24T10:31:00-05:00,0.0,6.050000000000011,1847.0399999999665,2023-01-24T11:31:00-05:00,0.0,6.5,947.0399999999893,2023-01-24T16:00:00-05:00,0.0,7.400000000000034,-852.9600000000789,2023-01-25T16:00:00-05:00,0.0,2.8500000000000014,8247.039999999988,2023-01-26T16:00:00-05:00,0.0,0.0,13947.03999999999,2023-01-27T16:00:00-05:00,0.0,392.0,hit,393.0,hit,2881.0,hit,3266.0,hit,4332.0,hit,4332.0,hit,4332.0,hit,31.0,hit,1440.0,hit,0.0,hit,1440.0,hit,1440.0,hit,1449.0,hit,10.0,399,True,True,True,True,,10.0,399,True,True,True,True,,10.0,399,True,True,True,True,,10.0,399,True,True,True,True,,3268.0,2023-01-26T15:59:00-05:00,2.9499999999999957,8047.039999999998,3269.0,2023-01-26T16:00:00-05:00,2.8500000000000014,8247.039999999988,3270.0,2023-01-26T16:01:00-05:00,2.9000000000000057,8147.039999999978,3269.0,2023-01-26T16:00:00-05:00,2.8500000000000014,8247.039999999988,4332.0,2023-01-27T09:43:00-05:00,0.49999999999999645,12947.039999999997,4339.0,2023-01-27T09:50:00-05:00,1.8999999999999986,10147.039999999994,4340.0,2023-01-27T09:51:00-05:00,1.75,10447.03999999999,4333.0,2023-01-27T09:44:00-05:00,2.8500000000000014,8247.039999999988,4332.0,2023-01-27T09:43:00-05:00,0.49999999999999645,12947.039999999997,4381.0,2023-01-27T10:32:00-05:00,0.8499999999999996,12247.039999999992,4393.0,2023-01-27T10:44:00-05:00,0.75,12447.03999999999,4333.0,2023-01-27T09:44:00-05:00,2.8500000000000014,8247.039999999988,4443.0,2023-01-27T11:34:00-05:00,0.4249999999999998,13097.03999999999,4444.0,2023-01-27T11:35:00-05:00,0.2250000000000001,13497.03999999999,4448.0,2023-01-27T11:39:00-05:00,0.42500000000000027,13097.039999999988,4444.0,2023-01-27T11:35:00-05:00,0.2250000000000001,13497.03999999999,803
2023-01-25,2023-01-27,2,5.0,2023-01-25T09:31:00-05:00,4.950000000000003,NDXP  230127P11650000,NDXP  230127P11640000,development,False,False,0,0,0,18,0,1182,available,False,2023-01-25T09:31:00-05:00,2023-01-27T16:00:00-05:00,0.0,9647.040000000008,0.0,last_observed_quote_not_settlement,1036.0,89,10,4.799999999999983,47.0400000000405,2023-01-25T09:32:00-05:00,0.0,4.450000000000003,747.0400000000006,2023-01-25T09:33:00-05:00,0.0,6.200000000000017,-2752.960000000028,2023-01-25T09:36:00-05:00,0.0,4.550000000000011,547.0399999999836,2023-01-25T09:41:00-05:00,0.0,5.050000000000011,-452.96000000001635,2023-01-25T09:46:00-05:00,0.0,6.0,-2352.9599999999937,2023-01-25T10:01:00-05:00,0.0,5.099999999999994,-552.9599999999823,2023-01-25T10:31:00-05:00,0.0,4.200000000000003,1247.0400000000006,2023-01-25T11:31:00-05:00,0.0,2.25,5147.040000000006,2023-01-25T16:00:00-05:00,0.0,0.10000000000000009,9447.040000000006,2023-01-26T16:00:00-05:00,0.0,0.0,9647.040000000008,2023-01-27T16:00:00-05:00,0.0,,,,,0.0,hit,0.0,hit,22.0,hit,235.0,hit,335.0,hit,1440.0,hit,1442.0,hit,5.0,hit,5.0,hit,31.0,hit,,never_hit,,never_hit,,never_hit,7.300000000000011,89,True,False,False,False,,7.300000000000011,89,True,False,False,False,,7.300000000000011,89,True,False,False,False,,7.300000000000011,89,True,False,False,False,,235.0,2023-01-25T13:26:00-05:00,2.8999999999999986,3847.040000000009,236.0,2023-01-25T13:27:00-05:00,2.8999999999999986,3847.040000000009,257.0,2023-01-25T13:48:00-05:00,2.700000000000003,4247.040000000001,236.0,2023-01-25T13:27:00-05:00,2.8999999999999986,3847.040000000009,339.0,2023-01-25T15:10:00-05:00,1.9499999999999957,5747.0400000000145,340.0,2023-01-25T15:11:00-05:00,1.9000000000000021,5847.040000000002,1442.0,2023-01-26T09:33:00-05:00,0.4999999999999991,8647.040000000008,340.0,2023-01-25T15:11:00-05:00,1.9000000000000021,5847.040000000002,1440.0,2023-01-26T09:31:00-05:00,0.6500000000000004,8347.040000000006,1441.0,2023-01-26T09:32:00-05:00,0.6000000000000014,8447.040000000005,1442.0,2023-01-26T09:33:00-05:00,0.4999999999999991,8647.040000000008,1441.0,2023-01-26T09:32:00-05:00,0.6000000000000014,8447.040000000005,1469.0,2023-01-26T10:00:00-05:00,0.15000000000000036,9347.040000000006,1692.0,2023-01-26T13:43:00-05:00,0.35000000000000053,8947.040000000006,1693.0,2023-01-26T13:44:00-05:00,0.40000000000000036,8847.040000000006,1470.0,2023-01-26T10:01:00-05:00,1.0500000000000007,7547.0400000000045,804
2023-01-25,2023-01-27,2,6.0,2023-01-25T09:31:00-05:00,5.949999999999989,NDXP  230127P11720000,NDXP  230127P11710000,development,False,False,0,0,0,5,0,1195,available,False,2023-01-25T09:31:00-05:00,2023-01-27T16:00:00-05:00,0.0,11647.039999999979,0.0,last_observed_quote_not_settlement,1036.0,102,34,5.800000000000011,47.039999999955235,2023-01-25T09:32:00-05:00,0.0,6.800000000000011,-1952.9600000000448,2023-01-25T09:33:00-05:00,0.0,6.049999999999983,-452.95999999998793,2023-01-25T09:36:00-05:00,0.0,6.249999999999972,-852.9599999999652,2023-01-25T09:41:00-05:00,0.0,6.5,-1352.960000000022,2023-01-25T09:46:00-05:00,0.0,6.799999999999983,-1952.959999999988,2023-01-25T10:01:00-05:00,0.0,6.5,-1352.960000000022,2023-01-25T10:31:00-05:00,0.0,5.450000000000003,747.0399999999722,2023-01-25T11:31:00-05:00,0.0,2.950000000000003,5747.039999999973,2023-01-25T16:00:00-05:00,0.0,0.20000000000000018,11247.039999999979,2023-01-26T16:00:00-05:00,0.0,0.0,11647.039999999979,2023-01-27T16:00:00-05:00,0.0,,,,,109.0,hit,143.0,hit,154.0,hit,288.0,hit,398.0,hit,1441.0,hit,1752.0,hit,2.0,hit,27.0,hit,27.0,hit,,never_hit,,never_hit,,never_hit,7.800000000000011,102,True,False,False,False,,7.800000000000011,102,True,False,False,False,,7.800000000000011,102,True,False,False,False,,7.800000000000011,102,True,False,False,False,,332.0,2023-01-25T15:03:00-05:00,2.799999999999997,6047.039999999984,333.0,2023-01-25T15:04:00-05:00,2.9000000000000057,5847.039999999966,334.0,2023-01-25T15:05:00-05:00,2.8499999999999943,5947.039999999989,333.0,2023-01-25T15:04:00-05:00,2.9000000000000057,5847.039999999966,398.0,2023-01-25T16:09:00-05:00,1.8499999999999943,7947.039999999989,1441.0,2023-01-26T09:32:00-05:00,0.9499999999999975,9747.039999999985,1442.0,2023-01-26T09:33:00-05:00,0.8499999999999996,9947.039999999979,399.0,2023-01-25T16:10:00-05:00,2.6000000000000014,6447.039999999975,1441.0,2023-01-26T09:32:00-05:00,0.9499999999999975,9747.039999999985,1442.0,2023-01-26T09:33:00-05:00,0.8499999999999996,9947.039999999979,1447.0,2023-01-26T09:38:00-05:00,0.9000000000000004,9847.039999999979,1442.0,2023-01-26T09:33:00-05:00,0.8499999999999996,9947.039999999979,1786.0,2023-01-26T15:17:00-05:00,0.4499999999999993,10747.03999999998,1787.0,2023-01-26T15:18:00-05:00,0.4499999999999993,10747.03999999998,1796.0,2023-01-26T15:27:00-05:00,0.3500000000000001,10947.039999999977,1787.0,2023-01-26T15:18:00-05:00,0.4499999999999993,10747.03999999998,805
2023-01-25,2023-01-27,2,7.0,2023-01-25T09:31:00-05:00,6.800000000000011,NDXP  230127P11760000,NDXP  230127P11750000,development,False,False,0,0,0,4,0,1196,available,False,2023-01-25T09:31:00-05:00,2023-01-27T16:00:00-05:00,0.0,13347.040000000025,0.0,last_observed_quote_not_settlement,1036.0,64,32,6.349999999999966,647.0400000000916,2023-01-25T09:32:00-05:00,0.0,7.300000000000011,-1252.9599999999994,2023-01-25T09:33:00-05:00,0.0,6.800000000000011,-252.9599999999993,2023-01-25T09:36:00-05:00,0.0,6.649999999999977,47.04000000006892,2023-01-25T09:41:00-05:00,0.0,4.799999999999983,3747.0400000000577,2023-01-25T09:46:00-05:00,0.0,6.899999999999977,-452.9599999999311,2023-01-25T10:01:00-05:00,0.0,6.800000000000011,-252.9599999999993,2023-01-25T10:31:00-05:00,0.0,5.850000000000023,1647.039999999978,2023-01-25T11:31:00-05:00,0.0,3.5500000000000114,6247.040000000001,2023-01-25T16:00:00-05:00,0.0,0.8500000000000005,11647.040000000023,2023-01-26T16:00:00-05:00,0.0,0.0,13347.040000000025,2023-01-27T16:00:00-05:00,0.0,,,,,9.0,hit,15.0,hit,146.0,hit,391.0,hit,1440.0,hit,1695.0,hit,1797.0,hit,2.0,hit,67.0,hit,2.0,hit,67.0,hit,,never_hit,,never_hit,8.549999999999983,64,True,True,False,False,,8.549999999999983,64,True,True,False,False,,8.549999999999983,64,True,True,False,False,,8.549999999999983,64,True,True,False,False,,394.0,2023-01-25T16:05:00-05:00,2.9000000000000057,7547.040000000012,399.0,2023-01-25T16:10:00-05:00,2.4000000000000057,8547.040000000014,1442.0,2023-01-26T09:33:00-05:00,1.200000000000001,10947.040000000023,395.0,2023-01-25T16:06:00-05:00,3.700000000000003,5947.040000000018,1440.0,2023-01-26T09:31:00-05:00,1.3499999999999979,10647.040000000028,1441.0,2023-01-26T09:32:00-05:00,1.25,10847.040000000025,1442.0,2023-01-26T09:33:00-05:00,1.200000000000001,10947.040000000023,1441.0,2023-01-26T09:32:00-05:00,1.25,10847.040000000025,1695.0,2023-01-26T13:46:00-05:00,0.9499999999999993,11447.040000000026,1724.0,2023-01-26T14:15:00-05:00,0.9499999999999993,11447.040000000026,1732.0,2023-01-26T14:23:00-05:00,0.8499999999999996,11647.040000000025,1696.0,2023-01-26T13:47:00-05:00,1.049999999999999,11247.040000000026,1833.0,2023-01-26T16:04:00-05:00,0.40000000000000036,12547.040000000023,1836.0,2023-01-26T16:07:00-05:00,0.39999999999999947,12547.040000000025,1837.0,2023-01-26T16:08:00-05:00,0.40000000000000036,12547.040000000023,1834.0,2023-01-26T16:05:00-05:00,0.5499999999999998,12247.040000000025,806
2023-01-27,2023-01-30,3,5.0,2023-01-27T09:31:00-05:00,4.949999999999989,NDXP  230130P12030000,NDXP  230130P12020000,development,False,False,0,0,0,12,0,783,available,False,2023-01-27T09:31:00-05:00,2023-01-30T16:00:00-05:00,10.0,-10252.960000000021,0.0,last_observed_quote_not_settlement,3916.0,328,9,4.5,647.0399999999779,2023-01-27T09:32:00-05:00,0.0,4.549999999999997,547.0399999999836,2023-01-27T09:33:00-05:00,0.0,4.550000000000011,547.0399999999552,2023-01-27T09:36:00-05:00,0.0,4.650000000000006,347.0399999999666,2023-01-27T09:41:00-05:00,0.0,4.049999999999997,1547.0399999999836,2023-01-27T09:46:00-05:00,0.0,4.1000000000000085,1447.0399999999609,2023-01-27T10:01:00-05:00,0.0,2.950000000000003,3747.039999999972,2023-01-27T10:31:00-05:00,0.0,3.000000000000007,3647.0399999999636,2023-01-27T11:31:00-05:00,0.0,2.0,5647.039999999978,2023-01-27T16:00:00-05:00,0.0,,,2023-01-27T16:15:00-05:00,85500.0,,,2023-01-27T16:15:00-05:00,171900.0,10.0,-10252.960000000021,2023-01-30T16:00:00-05:00,0.0,0.0,hit,0.0,hit,17.0,hit,37.0,hit,49.0,hit,276.0,hit,,never_hit,4335.0,hit,4376.0,hit,4386.0,hit,4397.0,hit,4582.0,hit,4582.0,hit,4.949999999999989,0,False,False,False,False,,4.949999999999989,0,False,False,False,False,,4.949999999999989,0,False,False,False,False,,,,True,True,True,False,4.099999999999991,38.0,2023-01-27T10:09:00-05:00,2.75,4147.039999999978,39.0,2023-01-27T10:10:00-05:00,2.9499999999999957,3747.0399999999863,40.0,2023-01-27T10:11:00-05:00,2.5999999999999943,4447.039999999989,39.0,2023-01-27T10:10:00-05:00,2.9499999999999957,3747.0399999999863,49.0,2023-01-27T10:20:00-05:00,1.0500000000000043,7547.039999999969,168.0,2023-01-27T12:19:00-05:00,1.8999999999999986,5847.039999999981,186.0,2023-01-27T12:37:00-05:00,1.8500000000000014,5947.039999999975,50.0,2023-01-27T10:21:00-05:00,3.0,3647.039999999978,337.0,2023-01-27T15:08:00-05:00,0.9499999999999993,7747.039999999979,340.0,2023-01-27T15:11:00-05:00,0.8999999999999986,7847.039999999981,341.0,2023-01-27T15:12:00-05:00,0.9000000000000004,7847.039999999977,338.0,2023-01-27T15:09:00-05:00,1.0,7647.039999999978,,,,,,,,,,,,,,,,,807
2023-01-27,2023-01-30,3,6.0,2023-01-27T09:31:00-05:00,6.0,NDXP  230130P12080000,NDXP  230130P12070000,development,False,False,0,0,0,17,0,778,available,False,2023-01-27T09:31:00-05:00,2023-01-30T16:00:00-05:00,10.0,-8152.96,0.0,last_observed_quote_not_settlement,3916.0,330,9,5.900000000000006,-52.96000000001066,2023-01-27T09:32:00-05:00,0.0,5.6000000000000085,547.0399999999836,2023-01-27T09:33:00-05:00,0.0,5.450000000000003,847.039999999995,2023-01-27T09:36:00-05:00,0.0,5.6000000000000085,547.0399999999836,2023-01-27T09:41:00-05:00,0.0,5.099999999999994,1547.040000000012,2023-01-27T09:46:00-05:00,0.0,5.699999999999989,347.04000000002344,2023-01-27T10:01:00-05:00,0.0,3.999999999999993,3747.040000000015,2023-01-27T10:31:00-05:00,0.0,4.200000000000003,3347.039999999995,2023-01-27T11:31:00-05:00,0.0,2.6000000000000014,6547.039999999998,2023-01-27T16:00:00-05:00,0.0,,,2023-01-27T16:15:00-05:00,85500.0,,,2023-01-27T16:15:00-05:00,171900.0,10.0,-8152.96,2023-01-30T16:00:00-05:00,0.0,5.0,hit,17.0,hit,37.0,hit,165.0,hit,267.0,hit,,never_hit,,never_hit,4324.0,hit,4373.0,hit,4373.0,hit,4377.0,hit,4390.0,hit,4390.0,hit,6.0,0,False,False,False,False,,6.0,0,False,False,False,False,,,,True,True,True,False,4.600000000000001,,,True,True,True,False,4.600000000000001,165.0,2023-01-27T12:16:00-05:00,2.799999999999997,6147.040000000006,166.0,2023-01-27T12:17:00-05:00,2.799999999999997,6147.040000000006,167.0,2023-01-27T12:18:00-05:00,2.799999999999997,6147.040000000006,166.0,2023-01-27T12:17:00-05:00,2.799999999999997,6147.040000000006,268.0,2023-01-27T13:59:00-05:00,1.9499999999999993,7847.040000000002,286.0,2023-01-27T14:17:00-05:00,1.9499999999999993,7847.040000000002,287.0,2023-01-27T14:18:00-05:00,1.9000000000000057,7947.039999999989,269.0,2023-01-27T14:00:00-05:00,2.0,7747.040000000001,,,,,,,,,,,,,,,,,,,,,,,,,,,,,,,,,808
2023-01-27,2023-01-30,3,7.0,2023-01-27T09:31:00-05:00,7.0,NDXP  230130P12130000,NDXP  230130P12120000,development,False,False,0,0,0,30,0,765,available,False,2023-01-27T09:31:00-05:00,2023-01-30T16:00:00-05:00,10.0,-6152.96,0.0,last_observed_quote_not_settlement,3916.0,317,8,6.899999999999977,-52.959999999953816,2023-01-27T09:32:00-05:00,0.0,6.550000000000011,647.0399999999779,2023-01-27T09:33:00-05:00,0.0,6.650000000000006,447.03999999998933,2023-01-27T09:36:00-05:00,0.0,6.950000000000017,-152.9600000000334,2023-01-27T09:41:00-05:00,0.0,6.099999999999994,1547.040000000012,2023-01-27T09:46:00-05:00,0.0,5.950000000000003,1847.039999999995,2023-01-27T10:01:00-05:00,0.0,4.950000000000003,3847.039999999995,2023-01-27T10:31:00-05:00,0.0,5.300000000000011,3147.039999999978,2023-01-27T11:31:00-05:00,0.0,3.4000000000000057,6947.039999999989,2023-01-27T16:00:00-05:00,0.0,,,2023-01-27T16:15:00-05:00,85500.0,,,2023-01-27T16:15:00-05:00,171900.0,10.0,-6152.96,2023-01-30T16:00:00-05:00,0.0,19.0,hit,36.0,hit,163.0,hit,259.0,hit,,never_hit,,never_hit,,never_hit,4323.0,hit,4323.0,hit,0.0,hit,4323.0,hit,4378.0,hit,4387.0,hit,7.0,0,True,False,False,False,,,,True,True,True,False,4.949999999999999,,,True,True,True,False,4.949999999999999,,,True,True,True,False,4.949999999999999,267.0,2023-01-27T13:58:00-05:00,2.8999999999999915,7947.040000000018,268.0,2023-01-27T13:59:00-05:00,2.8500000000000014,8047.039999999998,269.0,2023-01-27T14:00:00-05:00,2.8500000000000085,8047.039999999984,268.0,2023-01-27T13:59:00-05:00,2.8500000000000014,8047.039999999998,,,,,,,,,,,,,,,,,,,,,,,,,,,,,,,,,,,,,,,,,,,,,,,,,809
2023-01-30,2023-02-01,2,5.0,2023-01-30T09:31:00-05:00,4.899999999999977,NDXP  230201P12040000,NDXP  230201P12030000,development,False,False,0,0,0,0,15,1199,available,False,2023-01-30T09:31:00-05:00,2023-02-01T16:00:00-05:00,0.0,9547.039999999955,0.0,last_observed_quote_not_settlement,1036.0,602,159,4.75,47.039999999955235,2023-01-30T09:32:00-05:00,0.0,4.699999999999989,147.03999999997797,2023-01-30T09:33:00-05:00,0.0,4.650000000000006,247.03999999994383,2023-01-30T09:36:00-05:00,0.0,4.75,47.039999999955235,2023-01-30T09:41:00-05:00,0.0,4.75,47.039999999955235,2023-01-30T09:46:00-05:00,0.0,4.699999999999989,147.03999999997797,2023-01-30T10:01:00-05:00,0.0,5.150000000000006,-752.9600000000562,2023-01-30T10:31:00-05:00,0.0,4.500000000000028,547.0399999998983,2023-01-30T11:31:00-05:00,0.0,6.099999999999994,-2652.9600000000332,2023-01-30T16:00:00-05:00,0.0,3.9000000000000057,1747.0399999999438,2023-01-31T16:00:00-05:00,0.0,0.0,9547.039999999955,2023-02-01T16:00:00-05:00,0.0,,,,,0.0,hit,0.0,hit,51.0,hit,3033.0,hit,3189.0,hit,3191.0,hit,3191.0,hit,25.0,hit,64.0,hit,311.0,hit,3183.0,hit,,never_hit,,never_hit,7.349999999999994,593,True,False,False,False,,8.799999999999997,602,True,True,False,False,,8.799999999999997,602,True,True,False,False,,8.799999999999997,602,True,True,False,False,,3033.0,2023-02-01T12:04:00-05:00,2.6499999999999915,4247.039999999973,3189.0,2023-02-01T14:40:00-05:00,1.8500000000000014,5847.039999999953,3190.0,2023-02-01T14:41:00-05:00,1.4000000000000004,6747.0399999999545,3034.0,2023-02-01T12:05:00-05:00,5.249999999999986,-952.9600000000164,3189.0,2023-02-01T14:40:00-05:00,1.8500000000000014,5847.039999999953,3190.0,2023-02-01T14:41:00-05:00,1.4000000000000004,6747.0399999999545,3191.0,2023-02-01T14:42:00-05:00,0.3500000000000014,8847.039999999954,3190.0,2023-02-01T14:41:00-05:00,1.4000000000000004,6747.0399999999545,3191.0,2023-02-01T14:42:00-05:00,0.3500000000000014,8847.039999999954,3194.0,2023-02-01T14:45:00-05:00,0.5249999999999999,8497.039999999955,3195.0,2023-02-01T14:46:00-05:00,0.6250000000000009,8297.039999999954,3192.0,2023-02-01T14:43:00-05:00,1.3999999999999986,6747.039999999958,3191.0,2023-02-01T14:42:00-05:00,0.3500000000000014,8847.039999999954,3199.0,2023-02-01T14:50:00-05:00,0.20000000000000018,9147.039999999955,3200.0,2023-02-01T14:51:00-05:00,0.1499999999999999,9247.039999999955,3192.0,2023-02-01T14:43:00-05:00,1.3999999999999986,6747.039999999958,810
2023-01-30,2023-02-01,2,6.0,2023-01-30T09:31:00-05:00,6.0499999999999545,NDXP  230201P12180000,NDXP  230201P12170000,development,False,False,0,0,0,2,15,1197,available,False,2023-01-30T09:31:00-05:00,2023-02-01T16:00:00-05:00,0.0,11847.03999999991,0.0,last_observed_quote_not_settlement,1036.0,1047,59,5.650000000000006,547.0399999998983,2023-01-30T09:32:00-05:00,0.0,6.25,-652.9600000000903,2023-01-30T09:33:00-05:00,0.0,6.600000000000023,-1352.9600000001358,2023-01-30T09:36:00-05:00,0.0,6.550000000000011,-1252.960000000113,2023-01-30T09:41:00-05:00,0.0,6.299999999999983,-752.9600000000562,2023-01-30T09:46:00-05:00,0.0,6.100000000000023,-352.9600000001357,2023-01-30T10:01:00-05:00,0.0,6.849999999999994,-1852.960000000079,2023-01-30T10:31:00-05:00,0.0,6.700000000000017,-1552.9600000001244,2023-01-30T11:31:00-05:00,0.0,7.849999999999966,-3852.960000000022,2023-01-30T16:00:00-05:00,0.0,5.950000000000017,-52.960000000124346,2023-01-31T16:00:00-05:00,0.0,0.0,11847.03999999991,2023-02-01T16:00:00-05:00,0.0,,,,,20.0,hit,227.0,hit,3192.0,hit,3194.0,hit,3196.0,hit,3212.0,hit,3216.0,hit,4.0,hit,4.0,hit,4.0,hit,285.0,hit,,never_hit,,never_hit,8.349999999999994,1047,True,True,False,False,,8.349999999999994,1047,True,True,False,False,,8.349999999999994,1047,True,True,False,False,,8.349999999999994,1047,True,True,False,False,,3194.0,2023-02-01T14:45:00-05:00,2.6499999999999986,6547.039999999913,3197.0,2023-02-01T14:48:00-05:00,2.0,7847.03999999991,3198.0,2023-02-01T14:49:00-05:00,1.5,8847.03999999991,3195.0,2023-02-01T14:46:00-05:00,3.1499999999999986,5547.039999999913,3196.0,2023-02-01T14:47:00-05:00,1.1000000000000014,9647.039999999908,3199.0,2023-02-01T14:50:00-05:00,1.8500000000000014,8147.039999999907,3200.0,2023-02-01T14:51:00-05:00,1.6500000000000004,8547.03999999991,3197.0,2023-02-01T14:48:00-05:00,2.0,7847.03999999991,3212.0,2023-02-01T15:03:00-05:00,0.8250000000000002,10197.03999999991,3213.0,2023-02-01T15:04:00-05:00,0.5250000000000004,10797.03999999991,3214.0,2023-02-01T15:05:00-05:00,0.7000000000000011,10447.039999999908,3213.0,2023-02-01T15:04:00-05:00,0.5250000000000004,10797.03999999991,3216.0,2023-02-01T15:07:00-05:00,0.20000000000000018,11447.03999999991,3217.0,2023-02-01T15:08:00-05:00,0.20000000000000018,11447.03999999991,3218.0,2023-02-01T15:09:00-05:00,0.19999999999999973,11447.03999999991,3217.0,2023-02-01T15:08:00-05:00,0.20000000000000018,11447.03999999991,811
2023-01-30,2023-02-01,2,7.0,2023-01-30T09:31:00-05:00,7.0,NDXP  230201P12250000,NDXP  230201P12240000,development,False,False,0,0,0,5,15,1194,available,False,2023-01-30T09:31:00-05:00,2023-02-01T15:59:00-05:00,0.025000000000000022,13697.04,1.0,last_observed_quote_not_settlement,1036.0,996,81,6.0499999999999545,1647.0400000000916,2023-01-30T09:32:00-05:00,0.0,5.949999999999989,1847.0400000000234,2023-01-30T09:33:00-05:00,0.0,6.850000000000023,47.039999999955235,2023-01-30T09:36:00-05:00,0.0,7.149999999999977,-552.9599999999539,2023-01-30T09:41:00-05:00,0.0,5.650000000000034,2447.0399999999327,2023-01-30T09:46:00-05:00,0.0,6.100000000000023,1547.0399999999552,2023-01-30T10:01:00-05:00,0.0,7.5499999999999545,-1352.9599999999084,2023-01-30T10:31:00-05:00,0.0,7.900000000000034,-2052.9600000000673,2023-01-30T11:31:00-05:00,0.0,8.199999999999989,-2652.959999999978,2023-01-30T16:00:00-05:00,0.0,6.949999999999989,-152.95999999997656,2023-01-31T16:00:00-05:00,0.0,,,2023-02-01T15:59:00-05:00,60.0,,,,,3.0,hit,46.0,hit,3194.0,hit,3202.0,hit,3213.0,hit,3218.0,hit,3238.0,hit,8.0,hit,64.0,hit,0.0,hit,64.0,hit,241.0,hit,1472.0,hit,9.949999999999989,996,True,True,True,True,,9.949999999999989,996,True,True,True,True,,9.949999999999989,996,True,True,True,True,,9.949999999999989,996,True,True,True,True,,3202.0,2023-02-01T14:53:00-05:00,2.75,8247.04,3203.0,2023-02-01T14:54:00-05:00,2.8000000000000007,8147.04,3212.0,2023-02-01T15:03:00-05:00,2.150000000000002,9447.039999999997,3203.0,2023-02-01T14:54:00-05:00,2.8000000000000007,8147.04,3215.0,2023-02-01T15:06:00-05:00,1.450000000000001,10847.039999999999,3216.0,2023-02-01T15:07:00-05:00,1.299999999999999,11147.040000000005,3217.0,2023-02-01T15:08:00-05:00,1.0750000000000002,11597.04,3216.0,2023-02-01T15:07:00-05:00,1.299999999999999,11147.040000000005,3218.0,2023-02-01T15:09:00-05:00,0.6999999999999993,12347.040000000003,3219.0,2023-02-01T15:10:00-05:00,0.6749999999999989,12397.040000000005,3220.0,2023-02-01T15:11:00-05:00,0.6000000000000005,12547.04,3219.0,2023-02-01T15:10:00-05:00,0.6749999999999989,12397.040000000005,3238.0,2023-02-01T15:29:00-05:00,0.3250000000000002,13097.04,3239.0,2023-02-01T15:30:00-05:00,0.25,13247.04,3240.0,2023-02-01T15:31:00-05:00,0.0,13747.04,3239.0,2023-02-01T15:30:00-05:00,0.25,13247.04,812
2023-01-30,2023-02-02,3,5.0,2023-01-30T09:31:00-05:00,4.799999999999983,NDXP  230202P12140000,NDXP  230202P12130000,development,False,False,0,0,0,46,0,1558,available,False,2023-01-30T09:31:00-05:00,2023-02-02T15:21:00-05:00,0.024999999999999967,9297.039999999966,39.0,last_observed_quote_not_settlement,1037.0,1091,32,5.949999999999989,-2552.9600000000105,2023-01-30T09:32:00-05:00,0.0,5.699999999999989,-2052.9600000000105,2023-01-30T09:33:00-05:00,0.0,5.450000000000017,-1552.9600000000676,2023-01-30T09:36:00-05:00,0.0,5.800000000000011,-2252.960000000056,2023-01-30T09:41:00-05:00,0.0,5.599999999999966,-1852.9599999999652,2023-01-30T09:46:00-05:00,0.0,5.299999999999983,-1252.9599999999994,2023-01-30T10:01:00-05:00,0.0,6.200000000000017,-3052.9600000000673,2023-01-30T10:31:00-05:00,0.0,6.0,-2652.9600000000332,2023-01-30T11:31:00-05:00,0.0,6.5,-3652.9600000000332,2023-01-30T16:00:00-05:00,0.0,4.849999999999994,-352.96000000002203,2023-01-31T16:00:00-05:00,0.0,0.8999999999999986,7547.039999999969,2023-02-01T16:00:00-05:00,0.0,,,2023-02-02T15:21:00-05:00,2340.0,0.0,hit,0.0,hit,1761.0,hit,3193.0,hit,3202.0,hit,3218.0,hit,3247.0,hit,1.0,hit,1.0,hit,344.0,hit,,never_hit,,never_hit,,never_hit,7.949999999999989,1091,True,False,False,False,,7.949999999999989,1091,True,False,False,False,,7.949999999999989,1091,True,False,False,False,,7.949999999999989,1091,True,False,False,False,,3193.0,2023-02-01T14:44:00-05:00,2.700000000000003,3947.039999999961,3194.0,2023-02-01T14:45:00-05:00,2.75,3847.0399999999668,3199.0,2023-02-01T14:50:00-05:00,2.6000000000000014,4147.039999999964,3194.0,2023-02-01T14:45:00-05:00,2.75,3847.0399999999668,3204.0,2023-02-01T14:55:00-05:00,1.75,5847.039999999966,3215.0,2023-02-01T15:06:00-05:00,1.5,6347.039999999966,3216.0,2023-02-01T15:07:00-05:00,1.4500000000000028,6447.039999999961,3205.0,2023-02-01T14:56:00-05:00,2.3500000000000014,4647.039999999964,3222.0,2023-02-01T15:13:00-05:00,0.8000000000000043,7747.039999999958,3236.0,2023-02-01T15:27:00-05:00,0.8500000000000014,7647.039999999964,3247.0,2023-02-01T15:38:00-05:00,0.45000000000000107,8447.039999999964,3223.0,2023-02-01T15:14:00-05:00,1.2999999999999972,6747.039999999973,3250.0,2023-02-01T15:41:00-05:00,0.4499999999999993,8447.039999999968,3251.0,2023-02-01T15:42:00-05:00,0.25,8847.039999999968,3252.0,2023-02-01T15:43:00-05:00,0.29999999999999893,8747.03999999997,3251.0,2023-02-01T15:42:00-05:00,0.25,8847.039999999968,813
2023-01-30,2023-02-02,3,6.0,2023-01-30T09:31:00-05:00,6.050000000000011,NDXP  230202P12190000,NDXP  230202P12180000,development,False,False,0,0,0,15,0,1589,available,False,2023-01-30T09:31:00-05:00,2023-02-02T16:00:00-05:00,0.0,11847.040000000025,0.0,last_observed_quote_not_settlement,1037.0,887,148,6.449999999999989,-1052.9599999999539,2023-01-30T09:32:00-05:00,0.0,6.0,-152.95999999997656,2023-01-30T09:33:00-05:00,0.0,5.800000000000011,247.04000000000067,2023-01-30T09:36:00-05:00,0.0,6.5,-1152.9599999999766,2023-01-30T09:41:00-05:00,0.0,5.799999999999983,247.04000000005752,2023-01-30T09:46:00-05:00,0.0,5.700000000000017,447.03999999998933,2023-01-30T10:01:00-05:00,0.0,6.650000000000034,-1452.9600000000448,2023-01-30T10:31:00-05:00,0.0,6.550000000000011,-1252.9599999999994,2023-01-30T11:31:00-05:00,0.0,7.699999999999989,-3552.9599999999537,2023-01-30T16:00:00-05:00,0.0,5.650000000000006,547.040000000012,2023-01-31T16:00:00-05:00,0.0,1.4499999999999993,8947.040000000026,2023-02-01T16:00:00-05:00,0.0,0.0,11847.040000000025,2023-02-02T16:00:00-05:00,0.0,26.0,hit,1761.0,hit,3193.0,hit,3198.0,hit,3216.0,hit,3245.0,hit,3282.0,hit,11.0,hit,11.0,hit,11.0,hit,144.0,hit,,never_hit,,never_hit,8.5,887,True,True,False,False,,8.5,887,True,True,False,False,,8.5,887,True,True,False,False,,8.5,887,True,True,False,False,,3202.0,2023-02-01T14:53:00-05:00,2.799999999999997,6247.040000000029,3203.0,2023-02-01T14:54:00-05:00,2.6500000000000057,6547.040000000012,3213.0,2023-02-01T15:04:00-05:00,2.1999999999999957,7447.040000000032,3203.0,2023-02-01T14:54:00-05:00,2.6500000000000057,6547.040000000012,3217.0,2023-02-01T15:08:00-05:00,1.8999999999999986,8047.040000000026,3218.0,2023-02-01T15:09:00-05:00,1.7999999999999972,8247.04000000003,3219.0,2023-02-01T15:10:00-05:00,1.7000000000000028,8447.040000000019,3218.0,2023-02-01T15:09:00-05:00,1.7999999999999972,8247.04000000003,3247.0,2023-02-01T15:38:00-05:00,0.8000000000000007,10247.040000000023,3248.0,2023-02-01T15:39:00-05:00,0.8499999999999996,10147.040000000025,3249.0,2023-02-01T15:40:00-05:00,0.8000000000000007,10247.040000000023,3248.0,2023-02-01T15:39:00-05:00,0.8499999999999996,10147.040000000025,3282.0,2023-02-01T16:13:00-05:00,0.34999999999999964,11147.040000000025,4321.0,2023-02-02T09:32:00-05:00,0.025000000000000022,11797.040000000023,4322.0,2023-02-02T09:33:00-05:00,0.025000000000000022,11797.040000000023,3283.0,2023-02-01T16:14:00-05:00,0.6499999999999995,10547.040000000025,814
2023-01-30,2023-02-02,3,7.0,2023-01-30T09:31:00-05:00,7.25,NDXP  230202P12250000,NDXP  230202P12240000,development,False,False,0,0,1,23,0,1580,available,False,2023-01-30T09:31:00-05:00,2023-02-02T16:00:00-05:00,0.0,14247.04,0.0,last_observed_quote_not_settlement,1037.0,486,258,7.900000000000034,-1552.9600000000676,2023-01-30T09:32:00-05:00,0.0,6.550000000000011,1147.039999999978,2023-01-30T09:33:00-05:00,0.0,6.5,1247.0400000000006,2023-01-30T09:36:00-05:00,0.0,6.149999999999977,1947.0400000000461,2023-01-30T09:41:00-05:00,0.0,5.900000000000034,2447.0399999999327,2023-01-30T09:46:00-05:00,0.0,7.0,247.04000000000067,2023-01-30T10:01:00-05:00,0.0,8.649999999999977,-3052.9599999999555,2023-01-30T10:31:00-05:00,0.0,7.350000000000023,-452.9600000000448,2023-01-30T11:31:00-05:00,0.0,7.949999999999989,-1652.9599999999766,2023-01-30T16:00:00-05:00,0.0,6.599999999999966,1047.0400000000689,2023-01-31T16:00:00-05:00,0.0,2.6000000000000014,9047.039999999999,2023-02-01T16:00:00-05:00,0.0,0.0,14247.04,2023-02-02T16:00:00-05:00,0.0,19.0,hit,3191.0,hit,3194.0,hit,3215.0,hit,3243.0,hit,3252.0,hit,4321.0,hit,1.0,hit,60.0,hit,0.0,hit,51.0,hit,,never_hit,,never_hit,8.950000000000045,486,True,True,False,False,,8.950000000000045,486,True,True,False,False,,8.950000000000045,486,True,True,False,False,,8.950000000000045,486,True,True,False,False,,3215.0,2023-02-01T15:06:00-05:00,2.8999999999999986,8447.040000000005,3216.0,2023-02-01T15:07:00-05:00,2.75,8747.04,3217.0,2023-02-01T15:08:00-05:00,2.3999999999999986,9447.040000000005,3216.0,2023-02-01T15:07:00-05:00,2.75,8747.04,3243.0,2023-02-01T15:34:00-05:00,1.8499999999999979,10547.040000000006,3246.0,2023-02-01T15:37:00-05:00,1.3500000000000014,11547.039999999999,3247.0,2023-02-01T15:38:00-05:00,1.2999999999999972,11647.040000000008,3244.0,2023-02-01T15:35:00-05:00,2.0,10247.04,4321.0,2023-02-02T09:32:00-05:00,0.050000000000000044,14147.040000000003,4322.0,2023-02-02T09:33:00-05:00,0.050000000000000044,14147.040000000003,4323.0,2023-02-02T09:34:00-05:00,0.0,14247.04,4322.0,2023-02-02T09:33:00-05:00,0.050000000000000044,14147.040000000003,4321.0,2023-02-02T09:32:00-05:00,0.050000000000000044,14147.040000000003,4322.0,2023-02-02T09:33:00-05:00,0.050000000000000044,14147.040000000003,4323.0,2023-02-02T09:34:00-05:00,0.0,14247.04,4322.0,2023-02-02T09:33:00-05:00,0.050000000000000044,14147.040000000003,815
2023-01-31,2023-02-02,2,5.0,2023-01-31T09:31:00-05:00,5.0,NDXP  230202P12050000,NDXP  230202P12040000,development,False,False,0,0,0,4,15,1195,available,False,2023-01-31T09:31:00-05:00,2023-02-02T16:00:00-05:00,0.0,9747.04,0.0,last_observed_quote_not_settlement,1036.0,181,89,5.950000000000017,-2152.9600000000332,2023-01-31T09:32:00-05:00,0.0,5.799999999999983,-1852.9599999999652,2023-01-31T09:33:00-05:00,0.0,6.199999999999989,-2652.9599999999764,2023-01-31T09:36:00-05:00,0.0,4.800000000000011,147.03999999997797,2023-01-31T09:41:00-05:00,0.0,4.400000000000006,947.0399999999893,2023-01-31T09:46:00-05:00,0.0,5.950000000000017,-2152.9600000000332,2023-01-31T10:01:00-05:00,0.0,6.050000000000011,-2352.960000000022,2023-01-31T10:31:00-05:00,0.0,4.900000000000006,-52.96000000001066,2023-01-31T11:31:00-05:00,0.0,3.700000000000003,2347.039999999995,2023-01-31T16:00:00-05:00,0.0,0.2999999999999998,9147.040000000003,2023-02-01T16:00:00-05:00,0.0,0.0,9747.04,2023-02-02T16:00:00-05:00,0.0,,,,,0.0,hit,0.0,hit,4.0,hit,1724.0,hit,1757.0,hit,1774.0,hit,1782.0,hit,1.0,hit,3.0,hit,41.0,hit,,never_hit,,never_hit,,never_hit,7.400000000000006,180,True,False,False,False,,7.400000000000006,181,True,False,False,False,,7.400000000000006,181,True,False,False,False,,7.400000000000006,181,True,False,False,False,,1724.0,2023-02-01T14:15:00-05:00,2.6999999999999886,4347.040000000024,1751.0,2023-02-01T14:42:00-05:00,2.6999999999999957,4347.040000000009,1752.0,2023-02-01T14:43:00-05:00,2.5999999999999943,4547.040000000012,1725.0,2023-02-01T14:16:00-05:00,3.950000000000017,1847.0399999999665,1757.0,2023-02-01T14:48:00-05:00,1.5999999999999979,6547.0400000000045,1758.0,2023-02-01T14:49:00-05:00,1.4499999999999957,6847.040000000009,1763.0,2023-02-01T14:54:00-05:00,1.3499999999999979,7047.0400000000045,1758.0,2023-02-01T14:49:00-05:00,1.4499999999999957,6847.040000000009,1774.0,2023-02-01T15:05:00-05:00,0.9000000000000004,7947.04,1775.0,2023-02-01T15:06:00-05:00,0.9499999999999993,7847.040000000002,1776.0,2023-02-01T15:07:00-05:00,0.8000000000000007,8147.04,1775.0,2023-02-01T15:06:00-05:00,0.9499999999999993,7847.040000000002,1782.0,2023-02-01T15:13:00-05:00,0.4499999999999993,8847.040000000003,1805.0,2023-02-01T15:36:00-05:00,0.35000000000000053,9047.04,1806.0,2023-02-01T15:37:00-05:00,0.34999999999999964,9047.040000000003,1783.0,2023-02-01T15:14:00-05:00,0.75,8247.04,816
2023-01-31,2023-02-02,2,6.0,2023-01-31T09:31:00-05:00,5.950000000000017,NDXP  230202P12000000,NDXP  230202P11990000,development,False,False,0,0,0,78,15,1121,available,False,2023-01-31T09:31:00-05:00,2023-02-02T16:00:00-05:00,0.0,11647.040000000035,0.0,last_observed_quote_not_settlement,1036.0,6,12,5.300000000000011,1047.040000000012,2023-01-31T09:32:00-05:00,0.0,5.799999999999983,47.04000000006892,2023-01-31T09:33:00-05:00,0.0,5.949999999999989,-252.95999999994245,2023-01-31T09:36:00-05:00,0.0,4.800000000000011,2047.0400000000122,2023-01-31T09:41:00-05:00,0.0,4.599999999999994,2447.0400000000463,2023-01-31T09:46:00-05:00,0.0,2.9499999999999886,5747.040000000057,2023-01-31T10:01:00-05:00,0.0,4.75,2147.040000000035,2023-01-31T10:31:00-05:00,0.0,4.5,2647.040000000035,2023-01-31T11:31:00-05:00,0.0,3.5500000000000114,4547.040000000012,2023-01-31T16:00:00-05:00,0.0,0.4249999999999998,10797.040000000035,2023-02-01T16:00:00-05:00,0.0,0.0,11647.040000000035,2023-02-02T16:00:00-05:00,0.0,,,,,1.0,hit,4.0,hit,4.0,hit,30.0,hit,1751.0,hit,1755.0,hit,1778.0,hit,43.0,hit,43.0,hit,43.0,hit,,never_hit,,never_hit,,never_hit,6.449999999999989,3,False,False,False,False,,7.400000000000006,6,True,False,False,False,,7.400000000000006,6,True,False,False,False,,7.400000000000006,6,True,False,False,False,,30.0,2023-01-31T10:01:00-05:00,2.9499999999999886,5747.040000000057,1751.0,2023-02-01T14:42:00-05:00,1.8000000000000043,8047.040000000026,1752.0,2023-02-01T14:43:00-05:00,2.049999999999997,7547.040000000041,31.0,2023-01-31T10:02:00-05:00,6.449999999999989,-1252.9599999999425,1751.0,2023-02-01T14:42:00-05:00,1.8000000000000043,8047.040000000026,1755.0,2023-02-01T14:46:00-05:00,0.9500000000000028,9747.04000000003,1759.0,2023-02-01T14:50:00-05:00,1.1999999999999993,9247.040000000037,1752.0,2023-02-01T14:43:00-05:00,2.049999999999997,7547.040000000041,1762.0,2023-02-01T14:53:00-05:00,0.9499999999999993,9747.040000000037,1773.0,2023-02-01T15:04:00-05:00,0.7499999999999982,10147.040000000039,1774.0,2023-02-01T15:05:00-05:00,0.8499999999999996,9947.040000000037,1763.0,2023-02-01T14:54:00-05:00,1.0500000000000007,9547.040000000034,1778.0,2023-02-01T15:09:00-05:00,0.4499999999999993,10747.040000000037,1802.0,2023-02-01T15:33:00-05:00,0.34999999999999964,10947.040000000037,1803.0,2023-02-01T15:34:00-05:00,0.2999999999999998,11047.040000000035,1779.0,2023-02-01T15:10:00-05:00,0.5499999999999989,10547.040000000037,817
2023-01-31,2023-02-02,2,7.0,2023-01-31T09:31:00-05:00,6.900000000000034,NDXP  230202P12400000,NDXP  230202P12390000,development,False,False,0,0,0,79,15,1119,available,False,2023-01-31T09:31:00-05:00,2023-02-02T16:00:00-05:00,0.0,13547.04000000007,0.0,last_observed_quote_not_settlement,1037.0,706,13,8.0,-2452.9599999999327,2023-01-31T09:32:00-05:00,0.0,9.199999999999989,-4852.95999999991,2023-01-31T09:33:00-05:00,0.0,8.200000000000045,-2852.9600000000237,2023-01-31T09:36:00-05:00,0.0,8.699999999999932,-3852.9599999997963,2023-01-31T09:41:00-05:00,0.0,8.199999999999989,-2852.95999999991,2023-01-31T09:46:00-05:00,0.0,3.3999999999999773,6747.040000000115,2023-01-31T10:01:00-05:00,0.0,8.25,-2952.9599999999327,2023-01-31T10:31:00-05:00,0.0,8.25,-2952.9599999999327,2023-01-31T11:31:00-05:00,0.0,7.800000000000011,-2052.9599999999537,2023-01-31T16:00:00-05:00,0.0,3.1000000000000085,7347.040000000052,2023-02-01T16:00:00-05:00,0.0,0.0,13547.04000000007,2023-02-02T16:00:00-05:00,0.0,,,,,11.0,hit,30.0,hit,30.0,hit,1811.0,hit,2881.0,hit,2881.0,hit,2883.0,hit,1.0,hit,1.0,hit,1.0,hit,1.0,hit,2.0,hit,32.0,hit,10.0,706,True,True,True,True,,10.0,706,True,True,True,True,,10.0,706,True,True,True,True,,10.0,706,True,True,True,True,,1811.0,2023-02-01T15:42:00-05:00,2.1500000000000057,9247.040000000059,2882.0,2023-02-02T09:33:00-05:00,1.2000000000000002,11147.04000000007,2883.0,2023-02-02T09:34:00-05:00,0.3999999999999999,12747.04000000007,1812.0,2023-02-01T15:43:00-05:00,3.6000000000000014,6347.040000000066,2881.0,2023-02-02T09:32:00-05:00,0.7750000000000004,11997.04000000007,2882.0,2023-02-02T09:33:00-05:00,1.2000000000000002,11147.04000000007,2883.0,2023-02-02T09:34:00-05:00,0.3999999999999999,12747.04000000007,2882.0,2023-02-02T09:33:00-05:00,1.2000000000000002,11147.04000000007,2881.0,2023-02-02T09:32:00-05:00,0.7750000000000004,11997.04000000007,2884.0,2023-02-02T09:35:00-05:00,0.3250000000000002,12897.04000000007,2885.0,2023-02-02T09:36:00-05:00,0.40000000000000036,12747.04000000007,2882.0,2023-02-02T09:33:00-05:00,1.2000000000000002,11147.04000000007,2883.0,2023-02-02T09:34:00-05:00,0.3999999999999999,12747.04000000007,2884.0,2023-02-02T09:35:00-05:00,0.3250000000000002,12897.04000000007,2885.0,2023-02-02T09:36:00-05:00,0.40000000000000036,12747.04000000007,2884.0,2023-02-02T09:35:00-05:00,0.3250000000000002,12897.04000000007,818
2023-01-31,2023-02-03,3,5.0,2023-01-31T09:31:00-05:00,5.0,NDXP  230203P11950000,NDXP  230203P11940000,development,False,False,0,0,0,7,0,1590,available,False,2023-01-31T09:31:00-05:00,2023-02-03T16:00:00-05:00,0.0,9747.04,0.0,last_observed_quote_not_settlement,1037.0,6,11,4.900000000000006,-52.96000000001066,2023-01-31T09:32:00-05:00,0.0,4.849999999999994,47.04000000001208,2023-01-31T09:33:00-05:00,0.0,4.800000000000011,147.03999999997797,2023-01-31T09:36:00-05:00,0.0,4.849999999999994,47.04000000001208,2023-01-31T09:41:00-05:00,0.0,4.900000000000006,-52.96000000001066,2023-01-31T09:46:00-05:00,0.0,5.549999999999983,-1352.9599999999652,2023-01-31T10:01:00-05:00,0.0,4.25,1247.0400000000006,2023-01-31T10:31:00-05:00,0.0,4.349999999999994,1047.040000000012,2023-01-31T11:31:00-05:00,0.0,3.200000000000003,3347.039999999995,2023-01-31T16:00:00-05:00,0.0,1.1499999999999986,7447.040000000004,2023-02-01T16:00:00-05:00,0.0,0.09999999999999964,9547.040000000003,2023-02-02T16:00:00-05:00,0.0,0.0,9747.04,2023-02-03T16:00:00-05:00,0.0,0.0,hit,0.0,hit,66.0,hit,66.0,hit,1748.0,hit,1763.0,hit,1763.0,hit,30.0,hit,,never_hit,,never_hit,,never_hit,,never_hit,,never_hit,5.549999999999983,3,False,False,False,False,,5.549999999999983,6,False,False,False,False,,5.549999999999983,6,False,False,False,False,,5.549999999999983,6,False,False,False,False,,66.0,2023-01-31T10:37:00-05:00,2.8000000000000114,4147.039999999978,1751.0,2023-02-01T14:42:00-05:00,2.5500000000000114,4647.039999999978,1752.0,2023-02-01T14:43:00-05:00,2.200000000000003,5347.039999999995,67.0,2023-01-31T10:38:00-05:00,4.300000000000011,1147.039999999978,1748.0,2023-02-01T14:39:00-05:00,1.9499999999999886,5847.040000000024,1761.0,2023-02-01T14:52:00-05:00,1.7000000000000028,6347.039999999995,1762.0,2023-02-01T14:53:00-05:00,1.6999999999999886,6347.040000000024,1749.0,2023-02-01T14:40:00-05:00,2.950000000000003,3847.039999999995,1763.0,2023-02-01T14:54:00-05:00,0.20000000000000284,9347.039999999995,1806.0,2023-02-01T15:37:00-05:00,0.8500000000000014,8047.039999999998,1807.0,2023-02-01T15:38:00-05:00,0.7999999999999972,8147.040000000007,1764.0,2023-02-01T14:55:00-05:00,1.9500000000000028,5847.039999999995,1763.0,2023-02-01T14:54:00-05:00,0.20000000000000284,9347.039999999995,2882.0,2023-02-02T09:33:00-05:00,0.17499999999999982,9397.040000000003,2883.0,2023-02-02T09:34:00-05:00,0.17499999999999982,9397.040000000003,1764.0,2023-02-01T14:55:00-05:00,1.9500000000000028,5847.039999999995,819
2023-01-31,2023-02-03,3,6.0,2023-01-31T09:31:00-05:00,5.950000000000017,NDXP  230203P11970000,NDXP  230203P11960000,development,False,False,0,0,0,33,0,1564,available,False,2023-01-31T09:31:00-05:00,2023-02-03T16:00:00-05:00,0.0,11647.040000000035,0.0,last_observed_quote_not_settlement,1037.0,1,2,5.0,1647.0400000000348,2023-01-31T09:32:00-05:00,0.0,4.199999999999989,3247.0400000000577,2023-01-31T09:33:00-05:00,0.0,5.199999999999989,1247.0400000000575,2023-01-31T09:36:00-05:00,0.0,4.900000000000006,1847.0400000000234,2023-01-31T09:41:00-05:00,0.0,5.400000000000034,847.0399999999665,2023-01-31T09:46:00-05:00,0.0,6.299999999999983,-952.9599999999311,2023-01-31T10:01:00-05:00,0.0,4.5,2647.040000000035,2023-01-31T10:31:00-05:00,0.0,4.400000000000006,2847.0400000000236,2023-01-31T11:31:00-05:00,0.0,3.75,4147.0400000000345,2023-01-31T16:00:00-05:00,0.0,1.4500000000000028,8747.04000000003,2023-02-01T16:00:00-05:00,0.0,0.02499999999999991,11597.040000000035,2023-02-02T16:00:00-05:00,0.0,0.0,11647.040000000035,2023-02-03T16:00:00-05:00,0.0,1.0,hit,1.0,hit,122.0,hit,1748.0,hit,1755.0,hit,1782.0,hit,1782.0,hit,,never_hit,,never_hit,,never_hit,,never_hit,,never_hit,,never_hit,6.299999999999983,1,False,False,False,False,,6.299999999999983,1,False,False,False,False,,6.299999999999983,1,False,False,False,False,,6.299999999999983,1,False,False,False,False,,1748.0,2023-02-01T14:39:00-05:00,2.4000000000000057,6847.040000000024,1749.0,2023-02-01T14:40:00-05:00,2.3499999999999943,6947.040000000046,1755.0,2023-02-01T14:46:00-05:00,1.8999999999999915,7847.040000000052,1749.0,2023-02-01T14:40:00-05:00,2.3499999999999943,6947.040000000046,1755.0,2023-02-01T14:46:00-05:00,1.8999999999999915,7847.040000000052,1762.0,2023-02-01T14:53:00-05:00,1.8500000000000014,7947.040000000032,1772.0,2023-02-01T15:03:00-05:00,1.7999999999999972,8047.040000000041,1756.0,2023-02-01T14:47:00-05:00,3.049999999999997,5547.040000000041,1782.0,2023-02-01T15:13:00-05:00,0.20000000000000284,11247.04000000003,1806.0,2023-02-01T15:37:00-05:00,0.9499999999999993,9747.040000000037,1807.0,2023-02-01T15:38:00-05:00,0.8500000000000014,9947.040000000034,1783.0,2023-02-01T15:14:00-05:00,1.5,8647.040000000035,1782.0,2023-02-01T15:13:00-05:00,0.20000000000000284,11247.04000000003,2882.0,2023-02-02T09:33:00-05:00,0.25,11147.040000000035,2883.0,2023-02-02T09:34:00-05:00,0.1999999999999993,11247.040000000037,1783.0,2023-02-01T15:14:00-05:00,1.5,8647.040000000035,820
2023-01-31,2023-02-03,3,7.0,2023-01-31T09:31:00-05:00,7.0,NDXP  230203P12200000,NDXP  230203P12190000,development,False,False,0,0,0,58,0,1540,available,False,2023-01-31T09:31:00-05:00,2023-02-03T16:00:00-05:00,9.85,-5952.96,0.0,last_observed_quote_not_settlement,1039.0,106,93,6.75,247.04000000000067,2023-01-31T09:32:00-05:00,0.0,6.7000000000000455,347.03999999990975,2023-01-31T09:33:00-05:00,0.0,6.2000000000000455,1347.0399999999097,2023-01-31T09:36:00-05:00,0.0,6.7999999999999545,147.04000000009165,2023-01-31T09:41:00-05:00,0.0,7.7000000000000455,-1652.9600000000903,2023-01-31T09:46:00-05:00,0.0,6.400000000000034,947.0399999999324,2023-01-31T10:01:00-05:00,0.0,6.2000000000000455,1347.0399999999097,2023-01-31T10:31:00-05:00,0.0,6.899999999999977,-52.959999999953816,2023-01-31T11:31:00-05:00,0.0,5.349999999999994,3047.0400000000122,2023-01-31T16:00:00-05:00,0.0,3.0500000000000114,7647.039999999978,2023-02-01T16:00:00-05:00,0.0,0.35000000000000053,13047.04,2023-02-02T16:00:00-05:00,0.0,9.85,-5952.96,2023-02-03T16:00:00-05:00,0.0,237.0,hit,237.0,hit,1718.0,hit,1778.0,hit,1836.0,hit,2880.0,hit,2909.0,hit,15.0,hit,1590.0,hit,0.0,hit,1590.0,hit,4709.0,hit,4709.0,hit,8.250000000000028,106,True,True,False,False,,8.250000000000028,106,True,True,False,False,,8.250000000000028,106,True,True,False,False,,8.250000000000028,106,True,True,False,False,,1778.0,2023-02-01T15:09:00-05:00,2.9000000000000057,7947.039999999989,1801.0,2023-02-01T15:32:00-05:00,2.8999999999999915,7947.040000000018,1802.0,2023-02-01T15:33:00-05:00,2.8499999999999943,8047.040000000012,1779.0,2023-02-01T15:10:00-05:00,2.950000000000003,7847.039999999995,1836.0,2023-02-01T16:07:00-05:00,1.75,10247.04,2881.0,2023-02-02T09:32:00-05:00,0.9500000000000028,11847.039999999995,2882.0,2023-02-02T09:33:00-05:00,0.8500000000000014,12047.039999999999,1837.0,2023-02-01T16:08:00-05:00,2.1999999999999957,9347.04000000001,2880.0,2023-02-02T09:31:00-05:00,0.7499999999999982,12247.040000000005,2883.0,2023-02-02T09:34:00-05:00,0.8000000000000007,12147.04,2884.0,2023-02-02T09:35:00-05:00,0.6999999999999993,12347.040000000003,2881.0,2023-02-02T09:32:00-05:00,0.9500000000000028,11847.039999999995,2909.0,2023-02-02T10:00:00-05:00,0.0,13747.04,2962.0,2023-02-02T10:53:00-05:00,0.40000000000000036,12947.04,2993.0,2023-02-02T11:24:00-05:00,0.25,13247.04,2910.0,2023-02-02T10:01:00-05:00,1.0999999999999979,11547.040000000006,821
2023-02-01,2023-02-03,2,5.0,2023-02-01T09:31:00-05:00,4.950000000000017,NDXP  230203P12140000,NDXP  230203P12130000,development,False,False,0,0,0,2,0,1190,available,False,2023-02-01T09:31:00-05:00,2023-02-03T16:00:00-05:00,0.0,9647.040000000035,0.0,last_observed_quote_not_settlement,1037.0,270,49,5.099999999999994,-552.9599999999539,2023-02-01T09:32:00-05:00,0.0,5.800000000000011,-1952.959999999988,2023-02-01T09:33:00-05:00,0.0,5.549999999999983,-1452.9599999999311,2023-02-01T09:36:00-05:00,0.0,4.850000000000023,-52.96000000001066,2023-02-01T09:41:00-05:00,0.0,6.099999999999994,-2552.9599999999537,2023-02-01T09:46:00-05:00,0.0,4.949999999999989,-252.95999999994245,2023-02-01T10:01:00-05:00,0.0,5.050000000000011,-452.95999999998793,2023-02-01T10:31:00-05:00,0.0,5.199999999999989,-752.9599999999425,2023-02-01T11:31:00-05:00,0.0,2.6499999999999986,4347.040000000037,2023-02-01T16:00:00-05:00,0.0,0.1999999999999993,9247.040000000037,2023-02-02T16:00:00-05:00,0.0,0.0,9647.040000000035,2023-02-03T16:00:00-05:00,0.0,,,,,0.0,hit,0.0,hit,58.0,hit,315.0,hit,323.0,hit,1441.0,hit,1444.0,hit,2.0,hit,15.0,hit,,never_hit,,never_hit,,never_hit,,never_hit,6.850000000000023,270,False,False,False,False,,6.850000000000023,270,False,False,False,False,,6.850000000000023,270,False,False,False,False,,6.850000000000023,270,False,False,False,False,,315.0,2023-02-01T14:46:00-05:00,2.450000000000003,4747.040000000029,336.0,2023-02-01T15:07:00-05:00,2.700000000000003,4247.040000000029,337.0,2023-02-01T15:08:00-05:00,2.700000000000003,4247.040000000029,316.0,2023-02-01T14:47:00-05:00,3.3999999999999915,2847.040000000052,323.0,2023-02-01T14:54:00-05:00,1.7999999999999972,6047.040000000041,367.0,2023-02-01T15:38:00-05:00,1.8000000000000114,6047.040000000012,368.0,2023-02-01T15:39:00-05:00,1.8999999999999986,5847.040000000037,324.0,2023-02-01T14:55:00-05:00,3.450000000000017,2747.040000000001,1441.0,2023-02-02T09:32:00-05:00,0.6500000000000004,8347.040000000035,1442.0,2023-02-02T09:33:00-05:00,0.6000000000000014,8447.040000000034,1443.0,2023-02-02T09:34:00-05:00,0.6000000000000014,8447.040000000034,1442.0,2023-02-02T09:33:00-05:00,0.6000000000000014,8447.040000000034,1458.0,2023-02-02T09:49:00-05:00,0.34999999999999964,8947.040000000037,1501.0,2023-02-02T10:32:00-05:00,0.39999999999999947,8847.040000000037,1505.0,2023-02-02T10:36:00-05:00,0.35000000000000053,8947.040000000035,1459.0,2023-02-02T09:50:00-05:00,0.5,8647.040000000035,822
2023-02-01,2023-02-03,2,6.0,2023-02-01T09:31:00-05:00,5.949999999999989,NDXP  230203P12210000,NDXP  230203P12200000,development,False,False,0,0,0,32,0,1161,available,False,2023-02-01T09:31:00-05:00,2023-02-03T16:00:00-05:00,0.0,11647.039999999979,0.0,last_observed_quote_not_settlement,1037.0,29,39,4.700000000000017,2247.039999999944,2023-02-01T09:32:00-05:00,0.0,5.699999999999989,247.04000000000067,2023-02-01T09:33:00-05:00,0.0,4.300000000000011,3047.0399999999554,2023-02-01T09:36:00-05:00,0.0,4.649999999999977,2347.0400000000236,2023-02-01T09:41:00-05:00,0.0,6.650000000000006,-1652.9600000000335,2023-02-01T09:46:00-05:00,0.0,6.300000000000011,-952.9600000000448,2023-02-01T10:01:00-05:00,0.0,5.300000000000011,1047.0399999999552,2023-02-01T10:31:00-05:00,0.0,4.75,2147.039999999978,2023-02-01T11:31:00-05:00,0.0,3.1500000000000057,5347.039999999966,2023-02-01T16:00:00-05:00,0.0,0.39999999999999947,10847.039999999979,2023-02-02T16:00:00-05:00,0.0,0.0,11647.039999999979,2023-02-03T16:00:00-05:00,0.0,,,,,1.0,hit,1.0,hit,150.0,hit,314.0,hit,1440.0,hit,1440.0,hit,1469.0,hit,11.0,hit,31.0,hit,31.0,hit,,never_hit,,never_hit,,never_hit,7.649999999999977,29,True,False,False,False,,7.649999999999977,29,True,False,False,False,,7.649999999999977,29,True,False,False,False,,7.649999999999977,29,True,False,False,False,,314.0,2023-02-01T14:45:00-05:00,2.299999999999983,7047.040000000012,367.0,2023-02-01T15:38:00-05:00,2.3000000000000043,7047.039999999969,368.0,2023-02-01T15:39:00-05:00,2.5,6647.039999999978,315.0,2023-02-01T14:46:00-05:00,4.25,3147.039999999978,1440.0,2023-02-02T09:31:00-05:00,0.9000000000000021,9847.039999999975,1441.0,2023-02-02T09:32:00-05:00,0.8999999999999986,9847.03999999998,1442.0,2023-02-02T09:33:00-05:00,0.8999999999999986,9847.03999999998,1441.0,2023-02-02T09:32:00-05:00,0.8999999999999986,9847.03999999998,1440.0,2023-02-02T09:31:00-05:00,0.9000000000000021,9847.039999999975,1441.0,2023-02-02T09:32:00-05:00,0.8999999999999986,9847.03999999998,1442.0,2023-02-02T09:33:00-05:00,0.8999999999999986,9847.03999999998,1441.0,2023-02-02T09:32:00-05:00,0.8999999999999986,9847.03999999998,1469.0,2023-02-02T10:00:00-05:00,0.0,11647.039999999979,1514.0,2023-02-02T10:45:00-05:00,0.4499999999999993,10747.03999999998,1515.0,2023-02-02T10:46:00-05:00,0.4499999999999993,10747.03999999998,1470.0,2023-02-02T10:01:00-05:00,1.1000000000000014,9447.039999999975,823
2023-02-01,2023-02-03,2,7.0,2023-02-01T09:31:00-05:00,6.9500000000000455,NDXP  230203P12360000,NDXP  230203P12350000,development,False,False,0,0,0,53,0,1141,available,False,2023-02-01T09:31:00-05:00,2023-02-03T16:00:00-05:00,9.85,-6052.959999999909,0.0,last_observed_quote_not_settlement,1036.0,230,54,7.050000000000011,-452.9599999999311,2023-02-01T09:32:00-05:00,0.0,6.7000000000000455,247.04000000000067,2023-02-01T09:33:00-05:00,0.0,8.149999999999977,-2652.9599999998645,2023-02-01T09:36:00-05:00,0.0,7.4500000000000455,-1252.9599999999994,2023-02-01T09:41:00-05:00,0.0,7.25,-852.9599999999084,2023-02-01T09:46:00-05:00,0.0,7.9500000000000455,-2252.960000000001,2023-02-01T10:01:00-05:00,0.0,7.0,-352.95999999990835,2023-02-01T10:31:00-05:00,0.0,7.0499999999999545,-452.9599999998174,2023-02-01T11:31:00-05:00,0.0,2.75,8147.040000000091,2023-02-01T16:00:00-05:00,0.0,0.9499999999999993,11747.040000000094,2023-02-02T16:00:00-05:00,0.0,9.85,-6052.959999999909,2023-02-03T16:00:00-05:00,0.0,,,,,269.0,hit,269.0,hit,269.0,hit,389.0,hit,401.0,hit,401.0,hit,401.0,hit,4.0,hit,5.0,hit,1.0,hit,5.0,hit,3269.0,hit,3269.0,hit,8.450000000000045,230,True,True,False,False,,8.450000000000045,230,True,True,False,False,,8.450000000000045,230,True,True,False,False,,8.450000000000045,230,True,True,False,False,,389.0,2023-02-01T16:00:00-05:00,2.75,8147.040000000091,402.0,2023-02-01T16:13:00-05:00,0.6999999999999886,12247.040000000115,1442.0,2023-02-02T09:33:00-05:00,1.7999999999999972,10047.0400000001,390.0,2023-02-01T16:01:00-05:00,5.799999999999983,2047.040000000126,401.0,2023-02-01T16:12:00-05:00,0.15000000000000568,13347.04000000008,402.0,2023-02-01T16:13:00-05:00,0.6999999999999886,12247.040000000115,1442.0,2023-02-02T09:33:00-05:00,1.7999999999999972,10047.0400000001,402.0,2023-02-01T16:13:00-05:00,0.6999999999999886,12247.040000000115,401.0,2023-02-01T16:12:00-05:00,0.15000000000000568,13347.04000000008,402.0,2023-02-01T16:13:00-05:00,0.6999999999999886,12247.040000000115,1626.0,2023-02-02T12:37:00-05:00,0.8000000000000007,12047.040000000092,402.0,2023-02-01T16:13:00-05:00,0.6999999999999886,12247.040000000115,401.0,2023-02-01T16:12:00-05:00,0.15000000000000568,13347.04000000008,2923.0,2023-02-03T10:14:00-05:00,0.35000000000000053,12947.040000000092,2924.0,2023-02-03T10:15:00-05:00,0.07500000000000018,13497.040000000092,402.0,2023-02-01T16:13:00-05:00,0.6999999999999886,12247.040000000115,824
2023-02-03,2023-02-06,3,5.0,2023-02-03T09:31:00-05:00,4.999999999999986,NDXP  230206P12560000,NDXP  230206P12550000,development,False,False,0,0,0,17,0,778,available,False,2023-02-03T09:31:00-05:00,2023-02-06T16:00:00-05:00,10.0,-10152.960000000026,0.0,last_observed_quote_not_settlement,3916.0,366,12,5.900000000000006,-2052.960000000039,2023-02-03T09:32:00-05:00,0.0,4.400000000000006,947.0399999999609,2023-02-03T09:33:00-05:00,0.0,4.75,247.03999999997225,2023-02-03T09:36:00-05:00,0.0,3.6999999999999886,2347.039999999995,2023-02-03T09:41:00-05:00,0.0,3.6499999999999915,2447.0399999999895,2023-02-03T09:46:00-05:00,0.0,3.250000000000014,3247.039999999944,2023-02-03T10:01:00-05:00,0.0,2.3999999999999986,4947.039999999975,2023-02-03T10:31:00-05:00,0.0,1.6499999999999986,6447.039999999975,2023-02-03T11:31:00-05:00,0.0,5.099999999999994,-452.96000000001635,2023-02-03T16:00:00-05:00,0.0,,,2023-02-03T16:15:00-05:00,85500.0,,,2023-02-03T16:15:00-05:00,171900.0,10.0,-10152.960000000026,2023-02-06T16:00:00-05:00,0.0,0.0,hit,0.0,hit,9.0,hit,22.0,hit,64.0,hit,,never_hit,,never_hit,1.0,hit,4320.0,hit,4320.0,hit,4369.0,hit,4382.0,hit,4650.0,hit,5.900000000000006,1,False,False,False,False,,5.900000000000006,1,False,False,False,False,,,,True,True,True,False,3.799999999999983,,,True,True,True,False,3.799999999999983,22.0,2023-02-03T09:53:00-05:00,2.8999999999999915,3947.0399999999895,43.0,2023-02-03T10:14:00-05:00,2.8499999999999943,4047.0399999999836,44.0,2023-02-03T10:15:00-05:00,2.6999999999999957,4347.039999999981,23.0,2023-02-03T09:54:00-05:00,3.200000000000003,3347.0399999999668,64.0,2023-02-03T10:35:00-05:00,1.6999999999999957,6347.039999999981,68.0,2023-02-03T10:39:00-05:00,1.75,6247.039999999973,69.0,2023-02-03T10:40:00-05:00,1.7999999999999972,6147.039999999978,65.0,2023-02-03T10:36:00-05:00,2.0,5747.039999999973,,,,,,,,,,,,,,,,,,,,,,,,,,,,,,,,,825
2023-02-03,2023-02-06,3,6.0,2023-02-03T09:31:00-05:00,6.000000000000028,NDXP  230206P12630000,NDXP  230206P12620000,development,False,False,0,0,0,16,0,779,available,False,2023-02-03T09:31:00-05:00,2023-02-06T16:00:00-05:00,10.0,-8152.959999999943,0.0,last_observed_quote_not_settlement,3916.0,391,23,5.799999999999983,147.04000000009165,2023-02-03T09:32:00-05:00,0.0,5.549999999999983,647.0400000000916,2023-02-03T09:33:00-05:00,0.0,5.799999999999983,147.04000000009165,2023-02-03T09:36:00-05:00,0.0,4.75,2247.0400000000577,2023-02-03T09:41:00-05:00,0.0,4.75,2247.0400000000577,2023-02-03T09:46:00-05:00,0.0,4.25,3247.0400000000577,2023-02-03T10:01:00-05:00,0.0,3.25,5247.040000000057,2023-02-03T10:31:00-05:00,0.0,2.3999999999999986,6947.04000000006,2023-02-03T11:31:00-05:00,0.0,5.1000000000000085,1547.0400000000404,2023-02-03T16:00:00-05:00,0.0,,,2023-02-03T16:15:00-05:00,85500.0,,,2023-02-03T16:15:00-05:00,171900.0,10.0,-8152.959999999943,2023-02-06T16:00:00-05:00,0.0,7.0,hit,9.0,hit,17.0,hit,47.0,hit,122.0,hit,,never_hit,,never_hit,330.0,hit,4320.0,hit,4320.0,hit,4320.0,hit,4343.0,hit,4371.0,hit,6.000000000000028,0,False,False,False,False,,6.000000000000028,0,False,False,False,False,,,,True,True,True,False,4.400000000000027,,,True,True,True,False,4.400000000000027,53.0,2023-02-03T10:24:00-05:00,2.8500000000000014,6047.0400000000545,54.0,2023-02-03T10:25:00-05:00,2.8999999999999986,5947.04000000006,55.0,2023-02-03T10:26:00-05:00,2.799999999999997,6147.040000000064,54.0,2023-02-03T10:25:00-05:00,2.8999999999999986,5947.04000000006,124.0,2023-02-03T11:35:00-05:00,1.6499999999999986,8447.04000000006,,,,,,,,,125.0,2023-02-03T11:36:00-05:00,2.049999999999997,7647.040000000064,,,,,,,,,,,,,,,,,,,,,,,,,,,,,,,,,826
2023-02-03,2023-02-06,3,7.0,2023-02-03T09:31:00-05:00,7.000000000000028,NDXP  230206P12680000,NDXP  230206P12670000,development,False,False,0,0,0,28,0,767,available,False,2023-02-03T09:31:00-05:00,2023-02-06T15:58:00-05:00,10.0,-6152.959999999943,2.0,last_observed_quote_not_settlement,3916.0,364,23,6.799999999999983,147.04000000009165,2023-02-03T09:32:00-05:00,0.0,6.300000000000011,1147.0400000000348,2023-02-03T09:33:00-05:00,0.0,6.599999999999994,547.0400000000689,2023-02-03T09:36:00-05:00,0.0,5.5,2747.0400000000577,2023-02-03T09:41:00-05:00,0.0,5.550000000000011,2647.040000000035,2023-02-03T09:46:00-05:00,0.0,5.050000000000011,3647.040000000035,2023-02-03T10:01:00-05:00,0.0,3.5999999999999943,6547.040000000069,2023-02-03T10:31:00-05:00,0.0,3.0,7747.040000000057,2023-02-03T11:31:00-05:00,0.0,6.849999999999994,47.04000000006892,2023-02-03T16:00:00-05:00,0.0,,,2023-02-03T16:15:00-05:00,85500.0,,,2023-02-03T16:15:00-05:00,171900.0,,,2023-02-06T15:58:00-05:00,120.0,10.0,hit,16.0,hit,47.0,hit,74.0,hit,,never_hit,,never_hit,,never_hit,330.0,hit,330.0,hit,0.0,hit,330.0,hit,4320.0,hit,4337.0,hit,7.000000000000028,0,True,False,False,False,,,,True,True,True,False,4.400000000000034,,,True,True,True,False,4.400000000000034,,,True,True,True,False,4.400000000000034,74.0,2023-02-03T10:45:00-05:00,2.9000000000000057,7947.040000000046,122.0,2023-02-03T11:33:00-05:00,2.749999999999993,8247.040000000072,123.0,2023-02-03T11:34:00-05:00,2.700000000000003,8347.040000000054,75.0,2023-02-03T10:46:00-05:00,3.1000000000000014,7547.0400000000545,,,,,,,,,,,,,,,,,,,,,,,,,,,,,,,,,,,,,,,,,,,,,,,,,827
2023-02-06,2023-02-08,2,5.0,2023-02-06T09:31:00-05:00,4.900000000000006,NDXP  230208P12450000,NDXP  230208P12440000,development,False,False,0,0,0,3,15,1197,available,False,2023-02-06T09:31:00-05:00,2023-02-08T16:00:00-05:00,0.0,9547.040000000014,0.0,last_observed_quote_not_settlement,1036.0,40,56,4.300000000000011,947.0399999999893,2023-02-06T09:32:00-05:00,0.0,4.049999999999983,1447.0400000000461,2023-02-06T09:33:00-05:00,0.0,4.299999999999997,947.0400000000177,2023-02-06T09:36:00-05:00,0.0,4.25,1047.040000000012,2023-02-06T09:41:00-05:00,0.0,3.950000000000003,1647.0400000000063,2023-02-06T09:46:00-05:00,0.0,4.300000000000011,947.0399999999893,2023-02-06T10:01:00-05:00,0.0,3.3499999999999943,2847.0400000000236,2023-02-06T10:31:00-05:00,0.0,3.75,2047.0400000000122,2023-02-06T11:31:00-05:00,0.0,3.8000000000000114,1947.0399999999893,2023-02-06T16:00:00-05:00,0.0,0.6500000000000004,8247.040000000012,2023-02-07T16:00:00-05:00,0.0,0.0,9547.040000000014,2023-02-08T16:00:00-05:00,0.0,,,,,0.0,hit,0.0,hit,15.0,hit,1635.0,hit,1642.0,hit,1643.0,hit,1817.0,hit,1453.0,hit,1651.0,hit,,never_hit,,never_hit,,never_hit,,never_hit,5.700000000000003,27,False,False,False,False,,5.700000000000003,27,False,False,False,False,,5.700000000000003,27,False,False,False,False,,6.0,40,False,False,False,False,,1635.0,2023-02-07T12:46:00-05:00,2.8999999999999986,3747.040000000015,1636.0,2023-02-07T12:47:00-05:00,2.749999999999993,4047.0400000000263,1637.0,2023-02-07T12:48:00-05:00,2.4000000000000057,4747.040000000001,1636.0,2023-02-07T12:47:00-05:00,2.749999999999993,4047.0400000000263,1642.0,2023-02-07T12:53:00-05:00,1.5499999999999972,6447.040000000018,1643.0,2023-02-07T12:54:00-05:00,0.7000000000000028,8147.040000000007,1644.0,2023-02-07T12:55:00-05:00,1.8500000000000014,5847.040000000009,1643.0,2023-02-07T12:54:00-05:00,0.7000000000000028,8147.040000000007,1643.0,2023-02-07T12:54:00-05:00,0.7000000000000028,8147.040000000007,1797.0,2023-02-07T15:28:00-05:00,0.7999999999999972,7947.040000000018,1804.0,2023-02-07T15:35:00-05:00,0.5500000000000007,8447.040000000012,1644.0,2023-02-07T12:55:00-05:00,1.8500000000000014,5847.040000000009,1819.0,2023-02-07T15:50:00-05:00,0.4499999999999993,8647.040000000014,2927.0,2023-02-08T10:18:00-05:00,0.2999999999999998,8947.040000000014,3252.0,2023-02-08T15:43:00-05:00,0.34999999999999987,8847.040000000014,1820.0,2023-02-07T15:51:00-05:00,0.6500000000000004,8247.040000000012,828
2023-02-06,2023-02-08,2,6.0,2023-02-06T09:31:00-05:00,6.199999999999989,NDXP  230208P12590000,NDXP  230208P12580000,development,False,False,0,0,0,1,15,1199,available,False,2023-02-06T09:31:00-05:00,2023-02-08T16:00:00-05:00,9.700000000000003,-7252.960000000029,0.0,last_observed_quote_not_settlement,1036.0,576,130,6.349999999999994,-552.9600000000107,2023-02-06T09:32:00-05:00,0.0,5.299999999999983,1547.040000000012,2023-02-06T09:33:00-05:00,0.0,4.300000000000011,3547.0399999999554,2023-02-06T09:36:00-05:00,0.0,6.25,-352.96000000002203,2023-02-06T09:41:00-05:00,0.0,6.0,147.03999999997797,2023-02-06T09:46:00-05:00,0.0,6.550000000000011,-952.9600000000448,2023-02-06T10:01:00-05:00,0.0,6.699999999999989,-1252.9599999999994,2023-02-06T10:31:00-05:00,0.0,5.5,1147.039999999978,2023-02-06T11:31:00-05:00,0.0,6.299999999999983,-452.95999999998793,2023-02-06T16:00:00-05:00,0.0,2.1000000000000014,7947.039999999975,2023-02-07T16:00:00-05:00,0.0,9.700000000000003,-7252.960000000029,2023-02-08T16:00:00-05:00,0.0,,,,,2.0,hit,5.0,hit,20.0,hit,1643.0,hit,1643.0,hit,,never_hit,,never_hit,7.0,hit,7.0,hit,7.0,hit,84.0,hit,3215.0,hit,3216.0,hit,8.150000000000006,263,True,True,False,False,,8.150000000000006,263,True,True,False,False,,,,True,True,True,False,4.799999999999997,,,True,True,True,False,4.799999999999997,1643.0,2023-02-07T12:54:00-05:00,1.3999999999999915,9347.039999999995,1797.0,2023-02-07T15:28:00-05:00,2.749999999999993,6647.039999999992,1798.0,2023-02-07T15:29:00-05:00,2.75,6647.039999999978,1644.0,2023-02-07T12:55:00-05:00,3.3499999999999943,5447.039999999989,1643.0,2023-02-07T12:54:00-05:00,1.3999999999999915,9347.039999999995,1820.0,2023-02-07T15:51:00-05:00,1.6499999999999986,8847.03999999998,1821.0,2023-02-07T15:52:00-05:00,1.8500000000000014,8447.039999999975,1644.0,2023-02-07T12:55:00-05:00,3.3499999999999943,5447.039999999989,,,,,,,,,,,,,,,,,,,,,,,,,,,,,,,,,829
2023-02-06,2023-02-08,2,7.0,2023-02-06T09:31:00-05:00,7.0,NDXP  230208P12640000,NDXP  230208P12630000,development,False,False,0,0,0,13,15,1187,available,False,2023-02-06T09:31:00-05:00,2023-02-08T16:00:00-05:00,9.900000000000006,-6052.960000000013,0.0,last_observed_quote_not_settlement,1036.0,494,110,7.849999999999994,-1952.959999999988,2023-02-06T09:32:00-05:00,0.0,6.350000000000023,1047.0399999999552,2023-02-06T09:33:00-05:00,0.0,6.699999999999989,347.04000000002344,2023-02-06T09:36:00-05:00,0.0,6.449999999999989,847.0400000000234,2023-02-06T09:41:00-05:00,0.0,6.25,1247.0400000000006,2023-02-06T09:46:00-05:00,0.0,6.549999999999983,647.0400000000348,2023-02-06T10:01:00-05:00,0.0,7.399999999999977,-1052.9599999999539,2023-02-06T10:31:00-05:00,0.0,6.050000000000011,1647.039999999978,2023-02-06T11:31:00-05:00,0.0,5.349999999999994,3047.0400000000122,2023-02-06T16:00:00-05:00,0.0,3.0500000000000043,7647.039999999992,2023-02-07T16:00:00-05:00,0.0,9.900000000000006,-6052.960000000013,2023-02-08T16:00:00-05:00,0.0,,,,,117.0,hit,1635.0,hit,1643.0,hit,1650.0,hit,,never_hit,,never_hit,,never_hit,1.0,hit,21.0,hit,0.0,hit,21.0,hit,404.0,hit,3118.0,hit,9.200000000000045,179,True,True,True,True,,,,True,True,True,False,4.649999999999999,,,True,True,True,False,4.649999999999999,,,True,True,True,False,4.649999999999999,1650.0,2023-02-07T13:01:00-05:00,2.6499999999999915,8447.040000000019,1817.0,2023-02-07T15:48:00-05:00,2.9000000000000057,7947.039999999989,1821.0,2023-02-07T15:52:00-05:00,2.5,8747.04,1651.0,2023-02-07T13:02:00-05:00,4.200000000000003,5347.039999999995,,,,,,,,,,,,,,,,,,,,,,,,,,,,,,,,,,,,,,,,,,,,,,,,,830
2023-02-06,2023-02-09,3,5.0,2023-02-06T09:31:00-05:00,5.049999999999983,NDXP  230209P12540000,NDXP  230209P12530000,development,False,False,0,0,0,10,0,1595,available,False,2023-02-06T09:31:00-05:00,2023-02-09T16:00:00-05:00,10.0,-10052.960000000034,0.0,last_observed_quote_not_settlement,1036.0,921,132,5.300000000000011,-752.9600000000562,2023-02-06T09:32:00-05:00,0.0,4.849999999999966,147.0400000000348,2023-02-06T09:33:00-05:00,0.0,5.149999999999977,-452.95999999998793,2023-02-06T09:36:00-05:00,0.0,5.850000000000023,-1852.960000000079,2023-02-06T09:41:00-05:00,0.0,5.400000000000006,-952.9600000000448,2023-02-06T09:46:00-05:00,0.0,5.199999999999989,-552.9600000000107,2023-02-06T10:01:00-05:00,0.0,6.050000000000011,-2252.960000000056,2023-02-06T10:31:00-05:00,0.0,4.450000000000017,947.0399999999324,2023-02-06T11:31:00-05:00,0.0,5.900000000000006,-1952.9600000000448,2023-02-06T16:00:00-05:00,0.0,2.1500000000000057,5547.039999999955,2023-02-07T16:00:00-05:00,0.0,5.6499999999999915,-1452.9600000000164,2023-02-08T16:00:00-05:00,0.0,10.0,-10052.960000000034,2023-02-09T16:00:00-05:00,0.0,0.0,hit,2.0,hit,31.0,hit,1644.0,hit,1821.0,hit,,never_hit,,never_hit,8.0,hit,18.0,hit,1703.0,hit,4522.0,hit,4583.0,hit,4614.0,hit,6.500000000000028,476,False,False,False,False,,7.0,508,True,False,False,False,,,,True,True,True,False,3.3499999999999837,,,True,True,True,False,3.3499999999999837,1645.0,2023-02-07T12:56:00-05:00,2.75,4347.039999999966,1646.0,2023-02-07T12:57:00-05:00,2.75,4347.039999999966,1647.0,2023-02-07T12:58:00-05:00,2.8999999999999986,4047.039999999969,1646.0,2023-02-07T12:57:00-05:00,2.75,4347.039999999966,1821.0,2023-02-07T15:52:00-05:00,1.8999999999999986,6047.039999999969,4366.0,2023-02-09T10:17:00-05:00,1.6999999999999993,6447.039999999968,4373.0,2023-02-09T10:24:00-05:00,1.9499999999999993,5947.039999999968,1822.0,2023-02-07T15:53:00-05:00,2.0500000000000043,5747.039999999958,,,,,,,,,,,,,,,,,,,,,,,,,,,,,,,,,831
2023-02-06,2023-02-09,3,6.0,2023-02-06T09:31:00-05:00,6.0,NDXP  230209P12640000,NDXP  230209P12630000,development,False,False,0,0,0,32,0,1573,available,False,2023-02-06T09:31:00-05:00,2023-02-09T16:00:00-05:00,10.0,-8152.96,0.0,last_observed_quote_not_settlement,1036.0,1172,75,6.100000000000023,-452.9600000000448,2023-02-06T09:32:00-05:00,0.0,6.0,-252.9599999999993,2023-02-06T09:33:00-05:00,0.0,6.25,-752.9599999999994,2023-02-06T09:36:00-05:00,0.0,6.949999999999989,-2152.9599999999764,2023-02-06T09:41:00-05:00,0.0,6.799999999999983,-1852.9599999999652,2023-02-06T09:46:00-05:00,0.0,6.200000000000017,-652.9600000000335,2023-02-06T10:01:00-05:00,0.0,7.25,-2752.959999999999,2023-02-06T10:31:00-05:00,0.0,5.799999999999983,147.0400000000348,2023-02-06T11:31:00-05:00,0.0,6.449999999999989,-1152.9599999999766,2023-02-06T16:00:00-05:00,0.0,3.1000000000000085,5547.039999999984,2023-02-07T16:00:00-05:00,0.0,7.550000000000011,-3352.960000000022,2023-02-08T16:00:00-05:00,0.0,10.0,-8152.96,2023-02-09T16:00:00-05:00,0.0,1635.0,hit,1639.0,hit,1643.0,hit,1650.0,hit,,never_hit,,never_hit,,never_hit,3.0,hit,7.0,hit,7.0,hit,20.0,hit,4497.0,hit,4497.0,hit,8.549999999999983,551,True,True,False,False,,,,True,True,True,False,3.3500000000000085,,,True,True,True,False,3.3500000000000085,,,True,True,True,False,3.3500000000000085,1650.0,2023-02-07T13:01:00-05:00,2.6499999999999915,6447.040000000018,1824.0,2023-02-07T15:55:00-05:00,2.75,6247.040000000001,,,,,1651.0,2023-02-07T13:02:00-05:00,3.8000000000000114,4147.039999999978,,,,,,,,,,,,,,,,,,,,,,,,,,,,,,,,,,,,,,,,,,,,,,,,,832
2023-02-06,2023-02-09,3,7.0,2023-02-06T09:31:00-05:00,7.050000000000011,NDXP  230209P12610000,NDXP  230209P12600000,development,False,False,0,0,0,25,0,1580,available,False,2023-02-06T09:31:00-05:00,2023-02-09T16:00:00-05:00,10.0,-6052.959999999977,0.0,last_observed_quote_not_settlement,1036.0,280,120,5.099999999999994,3647.040000000035,2023-02-06T09:32:00-05:00,0.0,5.549999999999983,2747.0400000000577,2023-02-06T09:33:00-05:00,0.0,5.649999999999977,2547.040000000069,2023-02-06T09:36:00-05:00,0.0,5.399999999999977,3047.040000000069,2023-02-06T09:41:00-05:00,0.0,6.349999999999994,1147.0400000000348,2023-02-06T09:46:00-05:00,0.0,5.550000000000011,2747.040000000001,2023-02-06T10:01:00-05:00,0.0,7.099999999999994,-352.9599999999652,2023-02-06T10:31:00-05:00,0.0,4.0,5847.040000000024,2023-02-06T11:31:00-05:00,0.0,6.25,1347.0400000000234,2023-02-06T16:00:00-05:00,0.0,3.049999999999997,7747.040000000029,2023-02-07T16:00:00-05:00,0.0,7.450000000000017,-1052.9600000000107,2023-02-08T16:00:00-05:00,0.0,10.0,-6052.959999999977,2023-02-09T16:00:00-05:00,0.0,1.0,hit,4.0,hit,120.0,hit,1648.0,hit,1648.0,hit,,never_hit,,never_hit,58.0,hit,63.0,hit,0.0,hit,63.0,hit,1716.0,hit,4518.0,hit,8.650000000000006,18,True,True,False,False,,8.650000000000006,18,True,True,False,False,,,,True,True,True,False,5.750000000000014,,,True,True,True,False,5.750000000000014,1648.0,2023-02-07T12:59:00-05:00,1.2999999999999972,11247.04000000003,1821.0,2023-02-07T15:52:00-05:00,2.700000000000003,8447.040000000019,1822.0,2023-02-07T15:53:00-05:00,2.799999999999997,8247.04000000003,1649.0,2023-02-07T13:00:00-05:00,3.799999999999997,6247.040000000029,1648.0,2023-02-07T12:59:00-05:00,1.2999999999999972,11247.04000000003,,,,,,,,,1649.0,2023-02-07T13:00:00-05:00,3.799999999999997,6247.040000000029,,,,,,,,,,,,,,,,,,,,,,,,,,,,,,,,,833
2023-02-07,2023-02-09,2,5.0,2023-02-07T09:31:00-05:00,4.850000000000023,NDXP  230209P12540000,NDXP  230209P12530000,development,False,False,0,0,0,10,15,1190,available,False,2023-02-07T09:31:00-05:00,2023-02-09T16:00:00-05:00,10.0,-10452.959999999954,0.0,last_observed_quote_not_settlement,1036.0,652,93,5.650000000000006,-1852.9599999999652,2023-02-07T09:32:00-05:00,0.0,5.75,-2052.9599999999537,2023-02-07T09:33:00-05:00,0.0,5.850000000000023,-2252.959999999999,2023-02-07T09:36:00-05:00,0.0,5.550000000000011,-1652.9599999999766,2023-02-07T09:41:00-05:00,0.0,5.550000000000011,-1652.9599999999766,2023-02-07T09:46:00-05:00,0.0,5.800000000000011,-2152.9599999999764,2023-02-07T10:01:00-05:00,0.0,5.699999999999989,-1952.9599999999311,2023-02-07T10:31:00-05:00,0.0,5.350000000000023,-1252.9599999999994,2023-02-07T11:31:00-05:00,0.0,2.1500000000000057,5147.0400000000345,2023-02-07T16:00:00-05:00,0.0,5.6499999999999915,-1852.9599999999368,2023-02-08T16:00:00-05:00,0.0,10.0,-10452.959999999954,2023-02-09T16:00:00-05:00,0.0,,,,,0.0,hit,0.0,hit,197.0,hit,204.0,hit,381.0,hit,,never_hit,,never_hit,1.0,hit,3.0,hit,263.0,hit,3082.0,hit,3143.0,hit,3174.0,hit,6.500000000000028,166,False,False,False,False,,7.0,203,True,False,False,False,,,,True,True,True,False,3.1500000000000234,,,True,True,True,False,3.1500000000000234,205.0,2023-02-07T12:56:00-05:00,2.75,3947.0400000000463,206.0,2023-02-07T12:57:00-05:00,2.75,3947.0400000000463,207.0,2023-02-07T12:58:00-05:00,2.8999999999999986,3647.040000000049,206.0,2023-02-07T12:57:00-05:00,2.75,3947.0400000000463,381.0,2023-02-07T15:52:00-05:00,1.8999999999999986,5647.040000000049,2926.0,2023-02-09T10:17:00-05:00,1.6999999999999993,6047.040000000047,2933.0,2023-02-09T10:24:00-05:00,1.9499999999999993,5547.040000000047,382.0,2023-02-07T15:53:00-05:00,2.0500000000000043,5347.040000000037,,,,,,,,,,,,,,,,,,,,,,,,,,,,,,,,,834
2023-02-07,2023-02-09,2,6.0,2023-02-07T09:31:00-05:00,5.849999999999994,NDXP  230209P12530000,NDXP  230209P12520000,development,False,False,0,0,0,16,15,1184,available,False,2023-02-07T09:31:00-05:00,2023-02-09T16:00:00-05:00,10.0,-8452.96000000001,0.0,last_observed_quote_not_settlement,1036.0,198,53,5.799999999999983,-152.95999999997656,2023-02-07T09:32:00-05:00,0.0,5.099999999999994,1247.0400000000006,2023-02-07T09:33:00-05:00,0.0,5.800000000000011,-152.9600000000334,2023-02-07T09:36:00-05:00,0.0,5.399999999999977,647.0400000000348,2023-02-07T09:41:00-05:00,0.0,5.400000000000006,647.0399999999779,2023-02-07T09:46:00-05:00,0.0,5.849999999999994,-252.9599999999993,2023-02-07T10:01:00-05:00,0.0,5.050000000000011,1347.0399999999665,2023-02-07T10:31:00-05:00,0.0,5.300000000000011,847.0399999999665,2023-02-07T11:31:00-05:00,0.0,2.049999999999997,7347.039999999995,2023-02-07T16:00:00-05:00,0.0,5.5,447.03999999998933,2023-02-08T16:00:00-05:00,0.0,10.0,-8452.96000000001,2023-02-09T16:00:00-05:00,0.0,,,,,2.0,hit,27.0,hit,191.0,hit,199.0,hit,203.0,hit,,never_hit,,never_hit,40.0,hit,242.0,hit,256.0,hit,3146.0,hit,3169.0,hit,3177.0,hit,6.549999999999983,10,False,False,False,False,,6.549999999999983,10,False,False,False,False,,,,True,True,True,False,4.499999999999995,,,True,True,True,False,4.499999999999995,199.0,2023-02-07T12:50:00-05:00,2.6500000000000057,6147.039999999978,203.0,2023-02-07T12:54:00-05:00,1.7999999999999972,7847.039999999995,208.0,2023-02-07T12:59:00-05:00,2.749999999999993,5947.040000000004,200.0,2023-02-07T12:51:00-05:00,3.499999999999986,4447.040000000018,203.0,2023-02-07T12:54:00-05:00,1.7999999999999972,7847.039999999995,382.0,2023-02-07T15:53:00-05:00,1.9499999999999957,7547.039999999998,383.0,2023-02-07T15:54:00-05:00,1.9499999999999957,7547.039999999998,204.0,2023-02-07T12:55:00-05:00,2.95000000000001,5547.039999999969,,,,,,,,,,,,,,,,,,,,,,,,,,,,,,,,,835
2023-02-07,2023-02-09,2,7.0,2023-02-07T09:31:00-05:00,6.949999999999989,NDXP  230209P12570000,NDXP  230209P12560000,development,False,False,0,0,0,18,15,1182,available,False,2023-02-07T09:31:00-05:00,2023-02-09T16:00:00-05:00,10.0,-6252.960000000023,0.0,last_observed_quote_not_settlement,1036.0,182,13,5.949999999999989,1747.0400000000006,2023-02-07T09:32:00-05:00,0.0,5.800000000000011,2047.0399999999554,2023-02-07T09:33:00-05:00,0.0,6.249999999999972,1147.0400000000348,2023-02-07T09:36:00-05:00,0.0,5.849999999999994,1947.0399999999893,2023-02-07T09:41:00-05:00,0.0,5.549999999999983,2547.0400000000122,2023-02-07T09:46:00-05:00,0.0,6.100000000000023,1447.0399999999324,2023-02-07T10:01:00-05:00,0.0,6.100000000000023,1447.0399999999324,2023-02-07T10:31:00-05:00,0.0,5.800000000000011,2047.0399999999554,2023-02-07T11:31:00-05:00,0.0,2.5,8647.039999999979,2023-02-07T16:00:00-05:00,0.0,6.299999999999997,1047.0399999999836,2023-02-08T16:00:00-05:00,0.0,10.0,-6252.960000000023,2023-02-09T16:00:00-05:00,0.0,,,,,9.0,hit,128.0,hit,197.0,hit,199.0,hit,,never_hit,,never_hit,,never_hit,244.0,hit,3067.0,hit,243.0,hit,3067.0,hit,3138.0,hit,3138.0,hit,6.949999999999989,0,False,False,False,False,,,,True,True,True,False,4.8999999999999915,,,True,True,True,False,4.8999999999999915,,,True,True,True,False,4.8999999999999915,199.0,2023-02-07T12:50:00-05:00,2.8499999999999943,7947.039999999989,358.0,2023-02-07T15:29:00-05:00,2.8500000000000014,7947.039999999975,359.0,2023-02-07T15:30:00-05:00,2.799999999999997,8047.039999999984,200.0,2023-02-07T12:51:00-05:00,4.0,5647.039999999978,,,,,,,,,,,,,,,,,,,,,,,,,,,,,,,,,,,,,,,,,,,,,,,,,836
2023-02-07,2023-02-10,3,5.0,2023-02-07T09:31:00-05:00,4.900000000000006,NDXP  230210P12460000,NDXP  230210P12450000,development,False,False,0,0,0,33,0,1570,available,False,2023-02-07T09:31:00-05:00,2023-02-10T16:00:00-05:00,10.0,-10352.959999999988,0.0,last_observed_quote_not_settlement,1036.0,489,62,5.0,-452.95999999998793,2023-02-07T09:32:00-05:00,0.0,4.549999999999983,447.0400000000462,2023-02-07T09:33:00-05:00,0.0,4.900000000000006,-252.9599999999993,2023-02-07T09:36:00-05:00,0.0,4.700000000000017,147.03999999997797,2023-02-07T09:41:00-05:00,0.0,4.75,47.04000000001208,2023-02-07T09:46:00-05:00,0.0,5.399999999999977,-1252.9599999999425,2023-02-07T10:01:00-05:00,0.0,4.850000000000023,-152.9600000000334,2023-02-07T10:31:00-05:00,0.0,4.349999999999994,847.0400000000234,2023-02-07T11:31:00-05:00,0.0,1.4500000000000028,6647.040000000006,2023-02-07T16:00:00-05:00,0.0,4.25,1047.040000000012,2023-02-08T16:00:00-05:00,0.0,6.300000000000011,-3052.9600000000105,2023-02-09T16:00:00-05:00,0.0,10.0,-10352.959999999988,2023-02-10T16:00:00-05:00,0.0,0.0,hit,0.0,hit,127.0,hit,191.0,hit,208.0,hit,,never_hit,,never_hit,7.0,hit,13.0,hit,276.0,hit,3255.0,hit,3255.0,hit,4403.0,hit,6.6499999999999915,19,False,False,False,False,,6.6499999999999915,20,False,False,False,False,,,,True,True,True,False,3.75,,,True,True,True,False,3.75,191.0,2023-02-07T12:42:00-05:00,2.6499999999999915,4247.040000000029,202.0,2023-02-07T12:53:00-05:00,2.650000000000013,4247.039999999986,203.0,2023-02-07T12:54:00-05:00,2.5500000000000043,4447.040000000004,192.0,2023-02-07T12:43:00-05:00,4.300000000000011,947.0399999999893,208.0,2023-02-07T12:59:00-05:00,1.5499999999999972,6447.040000000018,209.0,2023-02-07T13:00:00-05:00,1.8499999999999943,5847.040000000024,378.0,2023-02-07T15:49:00-05:00,1.8500000000000014,5847.040000000009,209.0,2023-02-07T13:00:00-05:00,1.8499999999999943,5847.040000000024,,,,,,,,,,,,,,,,,,,,,,,,,,,,,,,,,837
2023-02-07,2023-02-10,3,6.0,2023-02-07T09:31:00-05:00,6.0,NDXP  230210P12630000,NDXP  230210P12620000,development,False,False,0,0,0,87,0,1517,available,False,2023-02-07T09:31:00-05:00,2023-02-10T15:59:00-05:00,10.0,-8152.96,1.0,last_observed_quote_not_settlement,1036.0,956,87,6.350000000000023,-952.9600000000448,2023-02-07T09:32:00-05:00,0.0,5.849999999999994,47.04000000001208,2023-02-07T09:33:00-05:00,0.0,6.700000000000017,-1652.9600000000335,2023-02-07T09:36:00-05:00,0.0,6.400000000000006,-1052.9600000000107,2023-02-07T09:41:00-05:00,0.0,6.350000000000023,-952.9600000000448,2023-02-07T09:46:00-05:00,0.0,6.700000000000017,-1652.9600000000335,2023-02-07T10:01:00-05:00,0.0,6.7000000000000455,-1652.9600000000903,2023-02-07T10:31:00-05:00,0.0,6.099999999999994,-452.95999999998793,2023-02-07T11:31:00-05:00,0.0,4.1000000000000085,3547.0399999999836,2023-02-07T16:00:00-05:00,0.0,7.049999999999983,-2352.959999999965,2023-02-08T16:00:00-05:00,0.0,9.699999999999989,-7652.959999999978,2023-02-09T16:00:00-05:00,0.0,,,2023-02-10T15:59:00-05:00,60.0,186.0,hit,188.0,hit,199.0,hit,208.0,hit,,never_hit,,never_hit,,never_hit,3.0,hit,6.0,hit,6.0,hit,244.0,hit,3225.0,hit,3238.0,hit,7.5,132,True,False,False,False,,,,True,True,True,False,3.6999999999999886,,,True,True,True,False,3.6999999999999886,,,True,True,True,False,3.6999999999999886,208.0,2023-02-07T12:59:00-05:00,2.75,6247.040000000001,,,,,,,,,209.0,2023-02-07T13:00:00-05:00,3.3499999999999943,5047.040000000012,,,,,,,,,,,,,,,,,,,,,,,,,,,,,,,,,,,,,,,,,,,,,,,,,838
2023-02-07,2023-02-10,3,7.0,2023-02-07T09:31:00-05:00,7.050000000000011,NDXP  230210P12740000,NDXP  230210P12730000,development,False,False,0,0,0,90,0,1514,available,False,2023-02-07T09:31:00-05:00,2023-02-10T16:00:00-05:00,8.099999999999966,-2352.95999999991,0.0,last_observed_quote_not_settlement,1036.0,1112,91,7.550000000000011,-1252.9599999999994,2023-02-07T09:32:00-05:00,0.0,7.0,-152.95999999997656,2023-02-07T09:33:00-05:00,0.0,7.649999999999977,-1452.9599999999311,2023-02-07T09:36:00-05:00,0.0,7.600000000000023,-1352.960000000022,2023-02-07T09:41:00-05:00,0.0,6.75,347.04000000002344,2023-02-07T09:46:00-05:00,0.0,7.050000000000011,-252.9599999999993,2023-02-07T10:01:00-05:00,0.0,7.550000000000011,-1252.9599999999994,2023-02-07T10:31:00-05:00,0.0,7.150000000000034,-452.9600000000448,2023-02-07T11:31:00-05:00,0.0,4.800000000000011,4247.040000000001,2023-02-07T16:00:00-05:00,0.0,8.400000000000034,-2952.9600000000464,2023-02-08T16:00:00-05:00,0.0,9.899999999999977,-5952.959999999933,2023-02-09T16:00:00-05:00,0.0,8.099999999999966,-2352.95999999991,2023-02-10T16:00:00-05:00,0.0,202.0,hit,207.0,hit,391.0,hit,,never_hit,,never_hit,,never_hit,,never_hit,1.0,hit,6.0,hit,0.0,hit,6.0,hit,239.0,hit,3104.0,hit,,,True,True,True,False,3.1500000000000057,,,True,True,True,False,3.1500000000000057,,,True,True,True,False,3.1500000000000057,,,True,True,True,False,3.1500000000000057,,,,,,,,,,,,,,,,,,,,,,,,,,,,,,,,,,,,,,,,,,,,,,,,,,,,,,,,,,,,,,,,,839
2023-02-08,2023-02-10,2,5.0,2023-02-08T09:31:00-05:00,4.900000000000006,NDXP  230210P12750000,NDXP  230210P12740000,development,False,False,0,0,0,67,0,1132,available,False,2023-02-08T09:31:00-05:00,2023-02-10T16:00:00-05:00,10.0,-10352.959999999988,0.0,last_observed_quote_not_settlement,1038.0,1071,9,5.900000000000006,-2252.959999999999,2023-02-08T09:32:00-05:00,0.0,5.25,-952.959999999988,2023-02-08T09:33:00-05:00,0.0,4.600000000000023,347.0399999999666,2023-02-08T09:36:00-05:00,0.0,5.75,-1952.959999999988,2023-02-08T09:41:00-05:00,0.0,5.400000000000006,-1252.9599999999994,2023-02-08T09:46:00-05:00,0.0,5.899999999999977,-2252.9599999999423,2023-02-08T10:01:00-05:00,0.0,5.800000000000011,-2052.9600000000105,2023-02-08T10:31:00-05:00,0.0,7.949999999999989,-6352.9599999999655,2023-02-08T11:31:00-05:00,0.0,8.800000000000011,-8052.960000000013,2023-02-08T16:00:00-05:00,0.0,9.75,-9952.959999999988,2023-02-09T16:00:00-05:00,0.0,10.0,-10352.959999999988,2023-02-10T16:00:00-05:00,0.0,,,,,0.0,hit,0.0,hit,3.0,hit,3001.0,hit,,never_hit,,never_hit,,never_hit,1.0,hit,1.0,hit,31.0,hit,61.0,hit,341.0,hit,362.0,hit,10.0,865,True,True,True,True,,,,True,True,True,False,2.1500000000000625,,,True,True,True,False,2.1500000000000625,,,True,True,True,False,2.1500000000000625,3001.0,2023-02-10T11:32:00-05:00,2.749999999999943,4047.0400000001255,,,,,,,,,,,,,,,,,,,,,,,,,,,,,,,,,,,,,,,,,,,,,,,,,,,,,,,,,,,,,840
2023-02-08,2023-02-10,2,6.0,2023-02-08T09:31:00-05:00,5.949999999999989,NDXP  230210P12720000,NDXP  230210P12710000,development,False,False,0,0,0,98,0,1101,available,False,2023-02-08T09:31:00-05:00,2023-02-10T15:59:00-05:00,9.600000000000023,-7552.960000000069,1.0,last_observed_quote_not_settlement,1036.0,980,30,4.949999999999989,1747.0400000000006,2023-02-08T09:32:00-05:00,0.0,5.899999999999977,-152.95999999997656,2023-02-08T09:33:00-05:00,0.0,5.5,647.0399999999779,2023-02-08T09:36:00-05:00,0.0,5.0,1647.039999999978,2023-02-08T09:41:00-05:00,0.0,4.849999999999994,1947.0399999999893,2023-02-08T09:46:00-05:00,0.0,6.050000000000011,-452.9600000000448,2023-02-08T10:01:00-05:00,0.0,8.0,-4352.960000000024,2023-02-08T10:31:00-05:00,0.0,7.7000000000000455,-3752.960000000113,2023-02-08T11:31:00-05:00,0.0,7.749999999999972,-3852.959999999965,2023-02-08T16:00:00-05:00,0.0,9.800000000000011,-7952.960000000046,2023-02-09T16:00:00-05:00,0.0,,,2023-02-10T15:59:00-05:00,60.0,,,,,1.0,hit,1.0,hit,2976.0,hit,2976.0,hit,,never_hit,,never_hit,,never_hit,3.0,hit,23.0,hit,23.0,hit,60.0,hit,64.0,hit,116.0,hit,10.0,792,True,True,True,True,,,,True,True,True,False,3.650000000000034,,,True,True,True,False,3.650000000000034,,,True,True,True,False,3.650000000000034,2976.0,2023-02-10T11:07:00-05:00,2.2999999999999545,7047.040000000069,,,,,,,,,2977.0,2023-02-10T11:08:00-05:00,9.25,-6852.960000000024,,,,,,,,,,,,,,,,,,,,,,,,,,,,,,,,,,,,,,,,,,,,,,,,,841
2023-02-08,2023-02-10,2,7.0,2023-02-08T09:31:00-05:00,6.9500000000000455,NDXP  230210P13170000,NDXP  230210P13160000,development,False,False,0,0,0,94,0,1105,available,False,2023-02-08T09:31:00-05:00,2023-02-10T16:00:00-05:00,10.0,-6252.959999999909,0.0,last_observed_quote_not_settlement,1036.0,1014,4,9.5,-5352.95999999991,2023-02-08T09:32:00-05:00,0.0,9.899999999999977,-6152.9599999998645,2023-02-08T09:33:00-05:00,0.0,9.500000000000057,-5352.960000000024,2023-02-08T09:36:00-05:00,0.0,9.449999999999989,-5252.959999999887,2023-02-08T09:41:00-05:00,0.0,9.450000000000045,-5252.960000000001,2023-02-08T09:46:00-05:00,0.0,9.599999999999909,-5552.959999999728,2023-02-08T10:01:00-05:00,0.0,9.700000000000045,-5752.960000000001,2023-02-08T10:31:00-05:00,0.0,9.799999999999955,-5952.959999999819,2023-02-08T11:31:00-05:00,0.0,9.949999999999932,-6252.959999999774,2023-02-08T16:00:00-05:00,0.0,,,2023-02-09T15:59:00-05:00,60.0,10.0,-6252.959999999909,2023-02-10T16:00:00-05:00,0.0,,,,,280.0,hit,280.0,hit,280.0,hit,,never_hit,,never_hit,,never_hit,,never_hit,1.0,hit,1.0,hit,1.0,hit,1.0,hit,1.0,hit,1.0,hit,,,True,True,True,False,3.3999999999999773,,,True,True,True,False,3.3999999999999773,,,True,True,True,False,3.3999999999999773,,,True,True,True,False,3.3999999999999773,,,,,,,,,,,,,,,,,,,,,,,,,,,,,,,,,,,,,,,,,,,,,,,,,,,,,,,,,,,,,,,,,842
2023-02-10,2023-02-13,3,5.0,2023-02-10T09:31:00-05:00,4.75,NDXP  230213P12380000,NDXP  230213P12370000,development,False,False,0,0,0,1,0,793,available,False,2023-02-10T09:31:00-05:00,2023-02-13T16:00:00-05:00,0.0,9247.04,0.0,last_observed_quote_not_settlement,3916.0,417,15,5.599999999999994,-1952.959999999988,2023-02-10T09:32:00-05:00,0.0,5.649999999999977,-2052.9599999999537,2023-02-10T09:33:00-05:00,0.0,5.200000000000003,-1152.960000000005,2023-02-10T09:36:00-05:00,0.0,6.149999999999977,-3052.9599999999537,2023-02-10T09:41:00-05:00,0.0,5.949999999999989,-2652.9599999999764,2023-02-10T09:46:00-05:00,0.0,5.349999999999994,-1452.959999999988,2023-02-10T10:01:00-05:00,0.0,5.099999999999994,-952.959999999988,2023-02-10T10:31:00-05:00,0.0,6.199999999999989,-3152.9599999999764,2023-02-10T11:31:00-05:00,0.0,6.200000000000003,-3152.960000000005,2023-02-10T16:00:00-05:00,0.0,,,2023-02-10T16:15:00-05:00,85500.0,,,2023-02-10T16:15:00-05:00,171900.0,0.0,9247.04,2023-02-13T16:00:00-05:00,0.0,0.0,hit,0.0,hit,62.0,hit,62.0,hit,4405.0,hit,4430.0,hit,4556.0,hit,1.0,hit,8.0,hit,145.0,hit,,never_hit,,never_hit,,never_hit,6.75,59,False,False,False,False,,7.900000000000006,417,True,False,False,False,,7.900000000000006,417,True,False,False,False,,7.900000000000006,417,True,False,False,False,,4381.0,2023-02-13T10:32:00-05:00,2.1999999999999993,4847.040000000002,4398.0,2023-02-13T10:49:00-05:00,2.8999999999999986,3447.0400000000036,4399.0,2023-02-13T10:50:00-05:00,2.3999999999999986,4447.040000000004,4382.0,2023-02-13T10:33:00-05:00,3.25,2747.040000000001,4405.0,2023-02-13T10:56:00-05:00,1.9000000000000004,5447.04,4406.0,2023-02-13T10:57:00-05:00,1.8499999999999996,5547.040000000002,4413.0,2023-02-13T11:04:00-05:00,1.8999999999999986,5447.040000000004,4406.0,2023-02-13T10:57:00-05:00,1.8499999999999996,5547.040000000002,4453.0,2023-02-13T11:44:00-05:00,0.8999999999999995,7447.040000000002,4454.0,2023-02-13T11:45:00-05:00,0.8500000000000005,7547.04,4455.0,2023-02-13T11:46:00-05:00,0.8999999999999995,7447.040000000002,4454.0,2023-02-13T11:45:00-05:00,0.8500000000000005,7547.04,4556.0,2023-02-13T13:27:00-05:00,0.40000000000000036,8447.04,4557.0,2023-02-13T13:28:00-05:00,0.40000000000000013,8447.04,4558.0,2023-02-13T13:29:00-05:00,0.3999999999999999,8447.04,4557.0,2023-02-13T13:28:00-05:00,0.40000000000000013,8447.04,843
2023-02-10,2023-02-13,3,6.0,2023-02-10T09:31:00-05:00,6.0,NDXP  230213P12410000,NDXP  230213P12400000,development,False,False,0,0,0,0,0,794,available,False,2023-02-10T09:31:00-05:00,2023-02-13T16:00:00-05:00,4.65,2447.04,0.0,last_observed_quote_not_settlement,3916.0,378,16,5.999999999999972,-252.95999999994245,2023-02-10T09:32:00-05:00,0.0,5.700000000000017,347.0399999999666,2023-02-10T09:33:00-05:00,0.0,5.450000000000017,847.0399999999665,2023-02-10T09:36:00-05:00,0.0,7.0,-2252.959999999999,2023-02-10T09:41:00-05:00,0.0,6.349999999999994,-952.959999999988,2023-02-10T09:46:00-05:00,0.0,6.900000000000006,-2052.9600000000105,2023-02-10T10:01:00-05:00,0.0,5.549999999999997,647.0400000000063,2023-02-10T10:31:00-05:00,0.0,6.699999999999989,-1652.9599999999766,2023-02-10T11:31:00-05:00,0.0,7.0,-2252.959999999999,2023-02-10T16:00:00-05:00,0.0,,,2023-02-10T16:15:00-05:00,85500.0,,,2023-02-10T16:15:00-05:00,171900.0,4.65,2447.04,2023-02-13T16:00:00-05:00,0.0,5.0,hit,64.0,hit,4348.0,hit,4353.0,hit,4424.0,hit,4478.0,hit,4564.0,hit,9.0,hit,10.0,hit,10.0,hit,157.0,hit,,never_hit,,never_hit,8.600000000000023,378,True,True,False,False,,8.600000000000023,378,True,True,False,False,,8.600000000000023,378,True,True,False,False,,8.600000000000023,378,True,True,False,False,,4353.0,2023-02-13T10:04:00-05:00,2.700000000000003,6347.039999999995,4405.0,2023-02-13T10:56:00-05:00,2.6999999999999993,6347.040000000002,4406.0,2023-02-13T10:57:00-05:00,2.6999999999999993,6347.040000000002,4354.0,2023-02-13T10:05:00-05:00,4.599999999999994,2547.0400000000122,4425.0,2023-02-13T11:16:00-05:00,1.7999999999999972,8147.040000000007,4426.0,2023-02-13T11:17:00-05:00,1.8999999999999986,7947.040000000004,4453.0,2023-02-13T11:44:00-05:00,1.5000000000000009,8747.039999999999,4426.0,2023-02-13T11:17:00-05:00,1.8999999999999986,7947.040000000004,4478.0,2023-02-13T12:09:00-05:00,0.9000000000000004,9947.04,4489.0,2023-02-13T12:20:00-05:00,0.75,10247.04,4559.0,2023-02-13T13:30:00-05:00,0.8000000000000003,10147.04,4479.0,2023-02-13T12:10:00-05:00,1.3500000000000005,9047.04,4590.0,2023-02-13T14:01:00-05:00,0.44999999999999996,10847.04,4591.0,2023-02-13T14:02:00-05:00,0.07500000000000018,11597.04,4592.0,2023-02-13T14:03:00-05:00,0.1499999999999999,11447.04,4591.0,2023-02-13T14:02:00-05:00,0.07500000000000018,11597.04,844
2023-02-10,2023-02-13,3,7.0,2023-02-10T09:31:00-05:00,7.099999999999994,NDXP  230213P12460000,NDXP  230213P12450000,development,False,False,0,0,0,1,0,793,available,False,2023-02-10T09:31:00-05:00,2023-02-13T15:59:00-05:00,0.15000000000000002,13647.03999999999,1.0,last_observed_quote_not_settlement,3916.0,354,44,6.75,447.03999999998933,2023-02-10T09:32:00-05:00,0.0,6.199999999999989,1547.040000000012,2023-02-10T09:33:00-05:00,0.0,6.700000000000017,547.0399999999552,2023-02-10T09:36:00-05:00,0.0,7.050000000000011,-152.9600000000334,2023-02-10T09:41:00-05:00,0.0,7.150000000000034,-352.9600000000789,2023-02-10T09:46:00-05:00,0.0,7.849999999999994,-1752.9599999999994,2023-02-10T10:01:00-05:00,0.0,6.699999999999989,547.040000000012,2023-02-10T10:31:00-05:00,0.0,7.600000000000023,-1252.9600000000562,2023-02-10T11:31:00-05:00,0.0,7.849999999999994,-1752.9599999999994,2023-02-10T16:00:00-05:00,0.0,,,2023-02-10T16:15:00-05:00,85500.0,,,2023-02-10T16:15:00-05:00,171900.0,,,2023-02-13T15:59:00-05:00,60.0,4399.0,hit,4400.0,hit,4423.0,hit,4453.0,hit,4560.0,hit,4684.0,hit,4691.0,hit,26.0,hit,82.0,hit,0.0,hit,26.0,hit,283.0,hit,,never_hit,9.400000000000034,354,True,True,True,True,,9.400000000000034,354,True,True,True,True,,9.400000000000034,354,True,True,True,True,,9.400000000000034,354,True,True,True,True,,4453.0,2023-02-13T11:44:00-05:00,2.8000000000000007,8347.039999999988,4454.0,2023-02-13T11:45:00-05:00,2.700000000000003,8547.039999999985,4455.0,2023-02-13T11:46:00-05:00,2.900000000000002,8147.039999999985,4454.0,2023-02-13T11:45:00-05:00,2.700000000000003,8547.039999999985,4560.0,2023-02-13T13:31:00-05:00,1.75,10447.03999999999,4567.0,2023-02-13T13:38:00-05:00,1.8000000000000007,10347.039999999988,4568.0,2023-02-13T13:39:00-05:00,1.9000000000000004,10147.03999999999,4561.0,2023-02-13T13:32:00-05:00,2.099999999999998,9747.039999999994,4685.0,2023-02-13T15:36:00-05:00,0.6000000000000001,12747.03999999999,4686.0,2023-02-13T15:37:00-05:00,0.6999999999999997,12547.03999999999,4692.0,2023-02-13T15:43:00-05:00,0.675,12597.039999999988,4686.0,2023-02-13T15:37:00-05:00,0.6999999999999997,12547.03999999999,4691.0,2023-02-13T15:42:00-05:00,0.2250000000000001,13497.03999999999,4699.0,2023-02-13T15:50:00-05:00,0.02499999999999991,13897.03999999999,4706.0,2023-02-13T15:57:00-05:00,0.22499999999999998,13497.03999999999,4692.0,2023-02-13T15:43:00-05:00,0.675,12597.039999999988,845
2023-02-13,2023-02-15,2,5.0,2023-02-13T09:31:00-05:00,4.949999999999989,NDXP  230215P12480000,NDXP  230215P12470000,development,False,False,0,0,0,6,15,1194,available,False,2023-02-13T09:31:00-05:00,2023-02-15T16:00:00-05:00,0.0,9647.039999999979,0.0,last_observed_quote_not_settlement,1036.0,202,56,5.950000000000017,-2252.960000000056,2023-02-13T09:32:00-05:00,0.0,5.699999999999989,-1752.9599999999994,2023-02-13T09:33:00-05:00,0.0,6.149999999999977,-2652.9599999999764,2023-02-13T09:36:00-05:00,0.0,6.549999999999983,-3452.9599999999878,2023-02-13T09:41:00-05:00,0.0,5.549999999999983,-1452.959999999988,2023-02-13T09:46:00-05:00,0.0,5.249999999999972,-852.9599999999652,2023-02-13T10:01:00-05:00,0.0,5.25,-852.9600000000221,2023-02-13T10:31:00-05:00,0.0,4.650000000000006,347.0399999999666,2023-02-13T11:31:00-05:00,0.0,5.299999999999983,-952.959999999988,2023-02-13T16:00:00-05:00,0.0,2.3500000000000014,4947.039999999975,2023-02-14T16:00:00-05:00,0.0,0.0,9647.039999999979,2023-02-15T16:00:00-05:00,0.0,,,,,0.0,hit,0.0,hit,103.0,hit,381.0,hit,2976.0,hit,3010.0,hit,3025.0,hit,1.0,hit,1.0,hit,1517.0,hit,,never_hit,,never_hit,,never_hit,6.549999999999983,99,False,False,False,False,,7.150000000000006,202,True,False,False,False,,7.150000000000006,202,True,False,False,False,,7.150000000000006,202,True,False,False,False,,381.0,2023-02-13T15:52:00-05:00,2.7500000000000284,4147.039999999921,1482.0,2023-02-14T10:13:00-05:00,2.5999999999999943,4447.039999999989,1483.0,2023-02-14T10:14:00-05:00,2.9000000000000057,3847.0399999999668,382.0,2023-02-13T15:53:00-05:00,4.800000000000011,47.039999999955235,2976.0,2023-02-15T11:07:00-05:00,1.6999999999999993,6247.039999999979,2977.0,2023-02-15T11:08:00-05:00,1.6499999999999986,6347.039999999981,2998.0,2023-02-15T11:29:00-05:00,1.700000000000001,6247.039999999975,2977.0,2023-02-15T11:08:00-05:00,1.6499999999999986,6347.039999999981,3011.0,2023-02-15T11:42:00-05:00,0.9499999999999993,7747.039999999979,3012.0,2023-02-15T11:43:00-05:00,0.8499999999999996,7947.039999999979,3013.0,2023-02-15T11:44:00-05:00,0.8250000000000002,7997.039999999977,3012.0,2023-02-15T11:43:00-05:00,0.8499999999999996,7947.039999999979,3101.0,2023-02-15T13:12:00-05:00,0.4249999999999998,8797.039999999979,3104.0,2023-02-15T13:15:00-05:00,0.375,8897.039999999979,3105.0,2023-02-15T13:16:00-05:00,0.37500000000000044,8897.039999999977,3102.0,2023-02-15T13:13:00-05:00,0.4750000000000001,8697.039999999977,846
2023-02-13,2023-02-15,2,6.0,2023-02-13T09:31:00-05:00,6.049999999999983,NDXP  230215P12490000,NDXP  230215P12480000,development,False,False,0,0,0,16,15,1184,available,False,2023-02-13T09:31:00-05:00,2023-02-15T16:00:00-05:00,0.0,11847.039999999968,0.0,last_observed_quote_not_settlement,1036.0,40,29,5.800000000000011,247.03999999994383,2023-02-13T09:32:00-05:00,0.0,6.050000000000011,-252.96000000005614,2023-02-13T09:33:00-05:00,0.0,6.199999999999989,-552.9600000000107,2023-02-13T09:36:00-05:00,0.0,6.099999999999994,-352.96000000002203,2023-02-13T09:41:00-05:00,0.0,6.350000000000023,-852.9600000000789,2023-02-13T09:46:00-05:00,0.0,5.500000000000028,847.0399999999097,2023-02-13T10:01:00-05:00,0.0,5.300000000000011,1247.0399999999438,2023-02-13T10:31:00-05:00,0.0,4.0,3847.0399999999668,2023-02-13T11:31:00-05:00,0.0,6.900000000000006,-1952.9600000000448,2023-02-13T16:00:00-05:00,0.0,3.049999999999997,5747.039999999973,2023-02-14T16:00:00-05:00,0.0,0.0,11847.039999999968,2023-02-15T16:00:00-05:00,0.0,,,,,21.0,hit,21.0,hit,104.0,hit,380.0,hit,2881.0,hit,3012.0,hit,3109.0,hit,389.0,hit,1441.0,hit,1441.0,hit,1564.0,hit,,never_hit,,never_hit,6.5,12,False,False,False,False,,8.149999999999977,40,True,True,False,False,,8.149999999999977,40,True,True,False,False,,8.149999999999977,40,True,True,False,False,,380.0,2023-02-13T15:51:00-05:00,2.5,6847.039999999966,1747.0,2023-02-14T14:38:00-05:00,2.8500000000000014,6147.039999999964,1754.0,2023-02-14T14:45:00-05:00,2.6999999999999957,6447.039999999975,381.0,2023-02-13T15:52:00-05:00,4.449999999999989,2947.0399999999895,2996.0,2023-02-15T11:27:00-05:00,1.9000000000000004,8047.039999999965,2997.0,2023-02-15T11:28:00-05:00,1.8000000000000007,8247.039999999966,2998.0,2023-02-15T11:29:00-05:00,1.799999999999999,8247.03999999997,2997.0,2023-02-15T11:28:00-05:00,1.8000000000000007,8247.039999999966,3013.0,2023-02-15T11:44:00-05:00,0.8999999999999995,10047.039999999968,3014.0,2023-02-15T11:45:00-05:00,0.8500000000000005,10147.039999999966,3018.0,2023-02-15T11:49:00-05:00,0.6500000000000004,10547.039999999966,3014.0,2023-02-15T11:45:00-05:00,0.8500000000000005,10147.039999999966,3109.0,2023-02-15T13:20:00-05:00,0.44999999999999973,10947.039999999966,3115.0,2023-02-15T13:26:00-05:00,0.42500000000000027,10997.039999999966,3116.0,2023-02-15T13:27:00-05:00,0.42500000000000004,10997.039999999968,3110.0,2023-02-15T13:21:00-05:00,0.6000000000000001,10647.039999999966,847
2023-02-13,2023-02-15,2,7.0,2023-02-13T09:31:00-05:00,6.9500000000000455,NDXP  230215P12620000,NDXP  230215P12610000,development,False,False,0,0,0,2,15,1198,available,False,2023-02-13T09:31:00-05:00,2023-02-15T16:00:00-05:00,0.0,13647.040000000092,0.0,last_observed_quote_not_settlement,1036.0,243,76,7.050000000000011,-452.9599999999311,2023-02-13T09:32:00-05:00,0.0,6.150000000000034,1347.0400000000234,2023-02-13T09:33:00-05:00,0.0,7.350000000000023,-1052.9599999999539,2023-02-13T09:36:00-05:00,0.0,6.7000000000000455,247.04000000000067,2023-02-13T09:41:00-05:00,0.0,6.25,1147.0400000000916,2023-02-13T09:46:00-05:00,0.0,6.399999999999977,847.0400000001371,2023-02-13T10:01:00-05:00,0.0,6.5,647.0400000000916,2023-02-13T10:31:00-05:00,0.0,5.899999999999977,1847.040000000137,2023-02-13T11:31:00-05:00,0.0,5.899999999999977,1847.040000000137,2023-02-13T16:00:00-05:00,0.0,5.349999999999994,2947.040000000103,2023-02-14T16:00:00-05:00,0.0,0.0,13647.040000000092,2023-02-15T16:00:00-05:00,0.0,,,,,133.0,hit,229.0,hit,1667.0,hit,3152.0,hit,3159.0,hit,3255.0,hit,3257.0,hit,3.0,hit,45.0,hit,1.0,hit,45.0,hit,1515.0,hit,,never_hit,9.400000000000006,243,True,True,True,True,,9.400000000000006,243,True,True,True,True,,9.400000000000006,243,True,True,True,True,,9.400000000000006,243,True,True,True,True,,3152.0,2023-02-15T14:03:00-05:00,2.9000000000000004,7847.040000000091,3156.0,2023-02-15T14:07:00-05:00,2.6999999999999993,8247.040000000094,3157.0,2023-02-15T14:08:00-05:00,2.75,8147.040000000091,3153.0,2023-02-15T14:04:00-05:00,3.150000000000002,7347.040000000087,3161.0,2023-02-15T14:12:00-05:00,1.9500000000000002,9747.040000000092,3162.0,2023-02-15T14:13:00-05:00,1.8000000000000007,10047.040000000092,3163.0,2023-02-15T14:14:00-05:00,1.9500000000000002,9747.040000000092,3162.0,2023-02-15T14:13:00-05:00,1.8000000000000007,10047.040000000092,3255.0,2023-02-15T15:46:00-05:00,0.5749999999999997,12497.040000000092,3256.0,2023-02-15T15:47:00-05:00,0.625,12397.040000000092,3257.0,2023-02-15T15:48:00-05:00,0.30000000000000027,13047.040000000092,3256.0,2023-02-15T15:47:00-05:00,0.625,12397.040000000092,3257.0,2023-02-15T15:48:00-05:00,0.30000000000000027,13047.040000000092,3258.0,2023-02-15T15:49:00-05:00,0.3999999999999999,12847.040000000092,3267.0,2023-02-15T15:58:00-05:00,0.024999999999999994,13597.040000000092,3258.0,2023-02-15T15:49:00-05:00,0.3999999999999999,12847.040000000092,848
2023-02-13,2023-02-16,3,5.0,2023-02-13T09:31:00-05:00,4.849999999999994,NDXP  230216P12330000,NDXP  230216P12320000,development,False,False,0,0,0,42,0,1563,available,False,2023-02-13T09:31:00-05:00,2023-02-16T16:00:00-05:00,0.0,9447.03999999999,0.0,last_observed_quote_not_settlement,1036.0,1,2,4.700000000000017,47.039999999955235,2023-02-13T09:32:00-05:00,0.0,4.800000000000011,-152.9600000000334,2023-02-13T09:33:00-05:00,0.0,4.799999999999983,-152.95999999997656,2023-02-13T09:36:00-05:00,0.0,4.549999999999983,347.04000000002344,2023-02-13T09:41:00-05:00,0.0,4.450000000000017,547.0399999999552,2023-02-13T09:46:00-05:00,0.0,4.0,1447.0399999999893,2023-02-13T10:01:00-05:00,0.0,4.149999999999977,1147.0400000000348,2023-02-13T10:31:00-05:00,0.0,3.5,2447.0399999999895,2023-02-13T11:31:00-05:00,0.0,3.450000000000003,2547.0399999999836,2023-02-13T16:00:00-05:00,0.0,1.5,6447.039999999989,2023-02-14T16:00:00-05:00,0.0,,,2023-02-15T15:59:00-05:00,60.0,0.0,9447.03999999999,2023-02-16T16:00:00-05:00,0.0,0.0,hit,0.0,hit,28.0,hit,404.0,hit,404.0,hit,404.0,hit,404.0,hit,,never_hit,,never_hit,,never_hit,,never_hit,,never_hit,,never_hit,5.000000000000028,1,False,False,False,False,,5.000000000000028,1,False,False,False,False,,5.000000000000028,1,False,False,False,False,,5.000000000000028,1,False,False,False,False,,404.0,2023-02-13T16:15:00-05:00,0.3499999999999943,8747.04,1456.0,2023-02-14T09:47:00-05:00,2.8500000000000227,3747.039999999944,1457.0,2023-02-14T09:48:00-05:00,2.9499999999999886,3547.0400000000122,,,,,404.0,2023-02-13T16:15:00-05:00,0.3499999999999943,8747.04,1474.0,2023-02-14T10:05:00-05:00,1.75,5947.039999999989,1475.0,2023-02-14T10:06:00-05:00,1.9000000000000057,5647.039999999978,,,,,404.0,2023-02-13T16:15:00-05:00,0.3499999999999943,8747.04,3008.0,2023-02-15T11:39:00-05:00,0.9000000000000004,7647.039999999989,3009.0,2023-02-15T11:40:00-05:00,0.9000000000000004,7647.039999999989,,,,,404.0,2023-02-13T16:15:00-05:00,0.3499999999999943,8747.04,3152.0,2023-02-15T14:03:00-05:00,0.4499999999999993,8547.039999999992,3161.0,2023-02-15T14:12:00-05:00,0.3000000000000007,8847.039999999988,,,,,849
2023-02-13,2023-02-16,3,6.0,2023-02-13T09:31:00-05:00,5.950000000000017,NDXP  230216P12430000,NDXP  230216P12420000,development,False,False,0,0,0,10,0,1595,available,False,2023-02-13T09:31:00-05:00,2023-02-16T15:58:00-05:00,0.32500000000000007,10997.040000000035,2.0,last_observed_quote_not_settlement,1036.0,4,6,3.6999999999999886,4247.040000000057,2023-02-13T09:32:00-05:00,0.0,4.75,2147.040000000035,2023-02-13T09:33:00-05:00,0.0,6.100000000000023,-552.9600000000107,2023-02-13T09:36:00-05:00,0.0,5.450000000000017,747.0400000000006,2023-02-13T09:41:00-05:00,0.0,5.25,1147.0400000000348,2023-02-13T09:46:00-05:00,0.0,4.75,2147.040000000035,2023-02-13T10:01:00-05:00,0.0,4.649999999999977,2347.0400000000805,2023-02-13T10:31:00-05:00,0.0,4.199999999999989,3247.0400000000577,2023-02-13T11:31:00-05:00,0.0,1.5,8647.040000000035,2023-02-13T16:00:00-05:00,0.0,2.9499999999999957,5747.040000000044,2023-02-14T16:00:00-05:00,0.0,0.5999999999999996,10447.040000000037,2023-02-15T16:00:00-05:00,0.0,,,2023-02-16T15:58:00-05:00,120.0,1.0,hit,1.0,hit,1.0,hit,389.0,hit,389.0,hit,3134.0,hit,3259.0,hit,1573.0,hit,,never_hit,,never_hit,,never_hit,,never_hit,,never_hit,6.100000000000023,2,False,False,False,False,,6.100000000000023,2,False,False,False,False,,6.650000000000006,4,False,False,False,False,,6.650000000000006,4,False,False,False,False,,389.0,2023-02-13T16:00:00-05:00,1.5,8647.040000000035,1473.0,2023-02-14T10:04:00-05:00,2.75,6147.0400000000345,1474.0,2023-02-14T10:05:00-05:00,2.8000000000000043,6047.040000000026,390.0,2023-02-13T16:01:00-05:00,4.299999999999983,3047.040000000069,389.0,2023-02-13T16:00:00-05:00,1.5,8647.040000000035,3009.0,2023-02-15T11:40:00-05:00,1.8999999999999986,7847.040000000037,3010.0,2023-02-15T11:41:00-05:00,1.9000000000000021,7847.040000000031,390.0,2023-02-13T16:01:00-05:00,4.299999999999983,3047.040000000069,3147.0,2023-02-15T13:58:00-05:00,0.9499999999999993,9747.040000000037,3162.0,2023-02-15T14:13:00-05:00,0.9499999999999993,9747.040000000037,3163.0,2023-02-15T14:14:00-05:00,0.8499999999999979,9947.040000000039,3148.0,2023-02-15T13:59:00-05:00,1.049999999999999,9547.040000000037,3259.0,2023-02-15T15:50:00-05:00,0.0,11647.040000000035,4414.0,2023-02-16T11:05:00-05:00,0.37499999999999956,10897.040000000035,4457.0,2023-02-16T11:48:00-05:00,0.3250000000000002,10997.040000000035,3260.0,2023-02-15T15:51:00-05:00,0.8000000000000007,10047.040000000034,850
2023-02-13,2023-02-16,3,7.0,2023-02-13T09:31:00-05:00,7.0499999999999545,NDXP  230216P12600000,NDXP  230216P12590000,development,False,False,0,0,0,4,0,1601,available,False,2023-02-13T09:31:00-05:00,2023-02-16T16:00:00-05:00,10.0,-6052.960000000091,0.0,last_observed_quote_not_settlement,1036.0,159,130,6.7999999999999545,247.04000000000067,2023-02-13T09:32:00-05:00,0.0,7.349999999999966,-852.9600000000221,2023-02-13T09:33:00-05:00,0.0,7.25,-652.9600000000903,2023-02-13T09:36:00-05:00,0.0,5.150000000000034,3547.0399999998417,2023-02-13T09:41:00-05:00,0.0,6.699999999999989,447.0399999999325,2023-02-13T09:46:00-05:00,0.0,6.0,1847.0399999999097,2023-02-13T10:01:00-05:00,0.0,6.149999999999977,1547.0399999999552,2023-02-13T10:31:00-05:00,0.0,6.5,847.0399999999097,2023-02-13T11:31:00-05:00,0.0,5.650000000000006,2547.0399999998986,2023-02-13T16:00:00-05:00,0.0,4.75,4347.03999999991,2023-02-14T16:00:00-05:00,0.0,2.6499999999999986,8547.039999999914,2023-02-15T16:00:00-05:00,0.0,10.0,-6052.960000000091,2023-02-16T16:00:00-05:00,0.0,10.0,hit,181.0,hit,1495.0,hit,3165.0,hit,,never_hit,,never_hit,,never_hit,6.0,hit,6.0,hit,0.0,hit,6.0,hit,1564.0,hit,1564.0,hit,9.650000000000006,108,True,True,True,True,,,,True,True,True,False,4.849999999999955,,,True,True,True,False,4.849999999999955,,,True,True,True,False,4.849999999999955,3259.0,2023-02-15T15:50:00-05:00,2.8500000000000014,8147.039999999907,3268.0,2023-02-15T15:59:00-05:00,2.8500000000000014,8147.039999999907,3269.0,2023-02-15T16:00:00-05:00,2.6499999999999986,8547.039999999914,3260.0,2023-02-15T15:51:00-05:00,3.250000000000007,7347.039999999895,,,,,,,,,,,,,,,,,,,,,,,,,,,,,,,,,,,,,,,,,,,,,,,,,851
2023-02-14,2023-02-16,2,5.0,2023-02-14T09:31:00-05:00,4.850000000000023,NDXP  230216P12400000,NDXP  230216P12390000,development,False,False,0,0,0,37,0,1163,available,False,2023-02-14T09:31:00-05:00,2023-02-16T16:00:00-05:00,0.0,9447.040000000046,0.0,last_observed_quote_not_settlement,1036.0,10,13,7.450000000000017,-5452.959999999988,2023-02-14T09:32:00-05:00,0.0,5.050000000000011,-652.9599999999766,2023-02-14T09:33:00-05:00,0.0,4.900000000000034,-352.96000000002203,2023-02-14T09:36:00-05:00,0.0,4.599999999999994,247.04000000005752,2023-02-14T09:41:00-05:00,0.0,3.6000000000000085,2247.040000000029,2023-02-14T09:46:00-05:00,0.0,3.1000000000000014,3247.040000000043,2023-02-14T10:01:00-05:00,0.0,2.799999999999997,3847.040000000052,2023-02-14T10:31:00-05:00,0.0,4.799999999999983,-152.95999999991972,2023-02-14T11:31:00-05:00,0.0,1.8500000000000014,5747.040000000044,2023-02-14T16:00:00-05:00,0.0,0.6000000000000005,8247.040000000046,2023-02-15T16:00:00-05:00,0.0,0.0,9447.040000000046,2023-02-16T16:00:00-05:00,0.0,,,,,0.0,hit,0.0,hit,7.0,hit,27.0,hit,274.0,hit,1680.0,hit,1753.0,hit,1.0,hit,1.0,hit,1.0,hit,,never_hit,,never_hit,,never_hit,7.450000000000017,4,True,False,False,False,,7.450000000000017,10,True,False,False,False,,7.450000000000017,10,True,False,False,False,,7.450000000000017,10,True,False,False,False,,27.0,2023-02-14T09:58:00-05:00,2.9499999999999886,3547.040000000069,33.0,2023-02-14T10:04:00-05:00,2.5,4447.040000000046,34.0,2023-02-14T10:05:00-05:00,2.5,4447.040000000046,28.0,2023-02-14T09:59:00-05:00,3.5999999999999943,2247.0400000000577,274.0,2023-02-14T14:05:00-05:00,1.6999999999999957,6047.0400000000545,370.0,2023-02-14T15:41:00-05:00,1.8000000000000043,5847.040000000037,376.0,2023-02-14T15:47:00-05:00,1.8500000000000014,5747.040000000044,275.0,2023-02-14T14:06:00-05:00,3.1000000000000014,3247.040000000043,1680.0,2023-02-15T13:31:00-05:00,0.9499999999999993,7547.040000000047,1694.0,2023-02-15T13:45:00-05:00,0.9000000000000004,7647.040000000045,1695.0,2023-02-15T13:46:00-05:00,0.9000000000000004,7647.040000000045,1681.0,2023-02-15T13:32:00-05:00,1.0,7447.040000000046,1819.0,2023-02-15T15:50:00-05:00,0.0,9447.040000000046,1833.0,2023-02-15T16:04:00-05:00,0.04999999999999982,9347.040000000048,1837.0,2023-02-15T16:08:00-05:00,0.34999999999999964,8747.040000000048,1820.0,2023-02-15T15:51:00-05:00,0.6499999999999995,8147.040000000047,852
2023-02-14,2023-02-16,2,6.0,2023-02-14T09:31:00-05:00,5.900000000000034,NDXP  230216P12810000,NDXP  230216P12800000,development,False,False,0,0,0,47,0,1153,available,False,2023-02-14T09:31:00-05:00,2023-02-16T16:00:00-05:00,10.0,-8352.95999999993,0.0,last_observed_quote_not_settlement,1036.0,1112,2,7.2999999999999545,-3052.95999999984,2023-02-14T09:32:00-05:00,0.0,8.299999999999955,-5052.959999999842,2023-02-14T09:33:00-05:00,0.0,8.799999999999955,-6052.959999999842,2023-02-14T09:36:00-05:00,0.0,8.75,-5952.959999999933,2023-02-14T09:41:00-05:00,0.0,8.899999999999977,-6252.959999999887,2023-02-14T09:46:00-05:00,0.0,8.000000000000057,-4452.960000000046,2023-02-14T10:01:00-05:00,0.0,7.649999999999977,-3752.9599999998854,2023-02-14T10:31:00-05:00,0.0,8.049999999999955,-4552.959999999842,2023-02-14T11:31:00-05:00,0.0,8.0,-4452.959999999933,2023-02-14T16:00:00-05:00,0.0,7.149999999999977,-2752.9599999998854,2023-02-15T16:00:00-05:00,0.0,10.0,-8352.95999999993,2023-02-16T16:00:00-05:00,0.0,,,,,,never_hit,,never_hit,,never_hit,,never_hit,,never_hit,,never_hit,,never_hit,1.0,hit,1.0,hit,1.0,hit,2.0,hit,4.0,hit,4.0,hit,,,True,True,True,False,0.20000000000001705,,,True,True,True,False,0.20000000000001705,,,True,True,True,False,0.20000000000001705,,,True,True,True,False,0.20000000000001705,,,,,,,,,,,,,,,,,,,,,,,,,,,,,,,,,,,,,,,,,,,,,,,,,,,,,,,,,,,,,,,,,853
2023-02-14,2023-02-16,2,7.0,2023-02-14T09:31:00-05:00,6.9500000000000455,NDXP  230216P12590000,NDXP  230216P12580000,development,False,False,0,0,0,8,0,1192,available,False,2023-02-14T09:31:00-05:00,2023-02-16T16:00:00-05:00,10.0,-6252.959999999909,0.0,last_observed_quote_not_settlement,1036.0,63,34,6.699999999999989,247.04000000011436,2023-02-14T09:32:00-05:00,0.0,7.099999999999966,-552.9599999998402,2023-02-14T09:33:00-05:00,0.0,6.750000000000028,147.0400000000348,2023-02-14T09:36:00-05:00,0.0,6.449999999999989,747.0400000001143,2023-02-14T09:41:00-05:00,0.0,5.75,2147.040000000092,2023-02-14T09:46:00-05:00,0.0,4.849999999999994,3947.040000000103,2023-02-14T10:01:00-05:00,0.0,5.199999999999989,3247.0400000001146,2023-02-14T10:31:00-05:00,0.0,7.199999999999989,-752.9599999998857,2023-02-14T11:31:00-05:00,0.0,4.6000000000000085,4447.0400000000745,2023-02-14T16:00:00-05:00,0.0,,,2023-02-15T15:59:00-05:00,60.0,10.0,-6252.959999999909,2023-02-16T16:00:00-05:00,0.0,,,,,21.0,hit,26.0,hit,262.0,hit,1719.0,hit,1837.0,hit,,never_hit,,never_hit,75.0,hit,137.0,hit,2.0,hit,137.0,hit,3229.0,hit,3231.0,hit,8.050000000000011,21,True,True,False,False,,8.050000000000011,21,True,True,False,False,,,,True,True,True,False,5.350000000000046,,,True,True,True,False,5.350000000000046,1724.0,2023-02-15T14:15:00-05:00,2.8999999999999915,7847.040000000109,1725.0,2023-02-15T14:16:00-05:00,2.799999999999997,8047.040000000097,1726.0,2023-02-15T14:17:00-05:00,2.9499999999999957,7747.0400000001,1725.0,2023-02-15T14:16:00-05:00,2.799999999999997,8047.040000000097,3154.0,2023-02-16T14:05:00-05:00,1.8499999999999996,9947.040000000094,3187.0,2023-02-16T14:38:00-05:00,1.5999999999999996,10447.040000000094,3188.0,2023-02-16T14:39:00-05:00,1.8999999999999995,9847.040000000094,3155.0,2023-02-16T14:06:00-05:00,2.0,9647.040000000092,,,,,,,,,,,,,,,,,,,,,,,,,,,,,,,,,854
2023-02-21,2023-02-23,2,5.0,2023-02-21T09:31:00-05:00,5.000000000000014,NDXP  230223P12230000,NDXP  230223P12220000,development,False,False,0,0,0,6,15,1194,available,False,2023-02-21T09:31:00-05:00,2023-02-23T16:00:00-05:00,10.0,-10152.95999999997,0.0,last_observed_quote_not_settlement,1036.0,1147,22,5.099999999999994,-452.9599999999595,2023-02-21T09:32:00-05:00,0.0,4.6000000000000085,547.040000000012,2023-02-21T09:33:00-05:00,0.0,4.8500000000000085,47.04000000001208,2023-02-21T09:36:00-05:00,0.0,4.550000000000011,647.0400000000063,2023-02-21T09:41:00-05:00,0.0,4.700000000000003,347.04000000002344,2023-02-21T09:46:00-05:00,0.0,5.100000000000023,-452.96000000001635,2023-02-21T10:01:00-05:00,0.0,5.400000000000034,-1052.9600000000391,2023-02-21T10:31:00-05:00,0.0,6.050000000000011,-2352.9599999999937,2023-02-21T11:31:00-05:00,0.0,6.950000000000017,-4152.960000000005,2023-02-21T16:00:00-05:00,0.0,8.000000000000028,-6252.960000000029,2023-02-22T16:00:00-05:00,0.0,10.0,-10152.95999999997,2023-02-23T16:00:00-05:00,0.0,,,,,0.0,hit,2.0,hit,14.0,hit,31.0,hit,,never_hit,,never_hit,,never_hit,42.0,hit,67.0,hit,290.0,hit,1481.0,hit,1809.0,hit,2971.0,hit,5.349999999999994,4,False,False,False,False,,,,True,True,True,False,2.6000000000000227,,,True,True,True,False,2.6000000000000227,,,True,True,True,False,2.6000000000000227,31.0,2023-02-21T10:02:00-05:00,2.3999999999999915,4947.040000000046,,,,,,,,,32.0,2023-02-21T10:03:00-05:00,5.150000000000006,-552.9599999999823,,,,,,,,,,,,,,,,,,,,,,,,,,,,,,,,,,,,,,,,,,,,,,,,,855
2023-02-21,2023-02-23,2,6.0,2023-02-21T09:31:00-05:00,6.150000000000006,NDXP  230223P12320000,NDXP  230223P12310000,development,False,False,0,0,0,61,15,1138,available,False,2023-02-21T09:31:00-05:00,2023-02-23T16:00:00-05:00,10.0,-7852.959999999988,0.0,last_observed_quote_not_settlement,1036.0,1059,6,6.449999999999989,-852.9599999999652,2023-02-21T09:32:00-05:00,0.0,6.149999999999977,-252.95999999994245,2023-02-21T09:33:00-05:00,0.0,5.900000000000006,247.04000000000067,2023-02-21T09:36:00-05:00,0.0,5.800000000000011,447.03999999998933,2023-02-21T09:41:00-05:00,0.0,5.449999999999989,1147.0400000000348,2023-02-21T09:46:00-05:00,0.0,6.349999999999994,-652.9599999999766,2023-02-21T10:01:00-05:00,0.0,6.850000000000023,-1652.9600000000335,2023-02-21T10:31:00-05:00,0.0,6.900000000000006,-1752.9599999999994,2023-02-21T11:31:00-05:00,0.0,7.849999999999966,-3652.9599999999195,2023-02-21T16:00:00-05:00,0.0,9.250000000000028,-6452.960000000046,2023-02-22T16:00:00-05:00,0.0,10.0,-7852.959999999988,2023-02-23T16:00:00-05:00,0.0,,,,,15.0,hit,,never_hit,,never_hit,,never_hit,,never_hit,,never_hit,,never_hit,14.0,hit,97.0,hit,14.0,hit,131.0,hit,383.0,hit,1487.0,hit,,,True,True,True,False,0.700000000000017,,,True,True,True,False,0.700000000000017,,,True,True,True,False,0.700000000000017,,,True,True,True,False,0.700000000000017,,,,,,,,,,,,,,,,,,,,,,,,,,,,,,,,,,,,,,,,,,,,,,,,,,,,,,,,,,,,,,,,,856
2023-02-21,2023-02-23,2,7.0,2023-02-21T09:31:00-05:00,7.0,NDXP  230223P12380000,NDXP  230223P12370000,development,False,False,0,0,0,64,15,1135,available,False,2023-02-21T09:31:00-05:00,2023-02-23T16:00:00-05:00,10.0,-6152.96,0.0,last_observed_quote_not_settlement,1036.0,1050,10,7.049999999999983,-352.9599999999652,2023-02-21T09:32:00-05:00,0.0,7.050000000000011,-352.96000000002203,2023-02-21T09:33:00-05:00,0.0,6.249999999999972,1247.0400000000575,2023-02-21T09:36:00-05:00,0.0,6.5,747.0400000000006,2023-02-21T09:41:00-05:00,0.0,6.349999999999994,1047.040000000012,2023-02-21T09:46:00-05:00,0.0,6.750000000000028,247.03999999994383,2023-02-21T10:01:00-05:00,0.0,7.700000000000017,-1652.9600000000335,2023-02-21T10:31:00-05:00,0.0,8.049999999999955,-2352.95999999991,2023-02-21T11:31:00-05:00,0.0,9.050000000000068,-4352.960000000137,2023-02-21T16:00:00-05:00,0.0,9.700000000000045,-5652.960000000092,2023-02-22T16:00:00-05:00,0.0,10.0,-6152.96,2023-02-23T16:00:00-05:00,0.0,,,,,,never_hit,,never_hit,,never_hit,,never_hit,,never_hit,,never_hit,,never_hit,29.0,hit,40.0,hit,0.0,hit,40.0,hit,122.0,hit,313.0,hit,,,True,True,True,False,0.9000000000000057,,,True,True,True,False,0.9000000000000057,,,True,True,True,False,0.9000000000000057,,,True,True,True,False,0.9000000000000057,,,,,,,,,,,,,,,,,,,,,,,,,,,,,,,,,,,,,,,,,,,,,,,,,,,,,,,,,,,,,,,,,857
2023-02-21,2023-02-24,3,5.0,2023-02-21T09:31:00-05:00,5.050000000000011,NDXP  230224P12260000,NDXP  230224P12250000,development,False,False,0,0,0,52,0,1553,available,False,2023-02-21T09:31:00-05:00,2023-02-24T15:58:00-05:00,10.0,-10052.959999999975,2.0,last_observed_quote_not_settlement,1036.0,1459,31,4.549999999999983,747.0400000000575,2023-02-21T09:32:00-05:00,0.0,4.5,847.0400000000234,2023-02-21T09:33:00-05:00,0.0,5.249999999999972,-652.9599999999198,2023-02-21T09:36:00-05:00,0.0,4.550000000000011,747.0400000000006,2023-02-21T09:41:00-05:00,0.0,3.25,3347.0400000000236,2023-02-21T09:46:00-05:00,0.0,4.849999999999994,147.0400000000348,2023-02-21T10:01:00-05:00,0.0,6.499999999999972,-3152.9599999999195,2023-02-21T10:31:00-05:00,0.0,5.849999999999966,-1852.9599999999084,2023-02-21T11:31:00-05:00,0.0,7.0,-4152.959999999976,2023-02-21T16:00:00-05:00,0.0,8.400000000000006,-6952.95999999999,2023-02-22T16:00:00-05:00,0.0,6.3999999999999915,-2952.9599999999596,2023-02-23T16:00:00-05:00,0.0,,,2023-02-24T15:58:00-05:00,120.0,0.0,hit,1.0,hit,14.0,hit,,never_hit,,never_hit,,never_hit,,never_hit,35.0,hit,35.0,hit,275.0,hit,1469.0,hit,1819.0,hit,4320.0,hit,,,True,True,True,False,1.8000000000000114,,,True,True,True,False,1.8000000000000114,,,True,True,True,False,1.8000000000000114,,,True,True,True,False,1.8000000000000114,,,,,,,,,,,,,,,,,,,,,,,,,,,,,,,,,,,,,,,,,,,,,,,,,,,,,,,,,,,,,,,,,858
2023-02-21,2023-02-24,3,6.0,2023-02-21T09:31:00-05:00,5.950000000000017,NDXP  230224P12330000,NDXP  230224P12320000,development,False,False,0,0,0,94,0,1510,available,False,2023-02-21T09:31:00-05:00,2023-02-24T15:59:00-05:00,9.899999999999977,-8152.959999999922,1.0,last_observed_quote_not_settlement,1036.0,1408,25,5.900000000000006,-152.95999999997656,2023-02-21T09:32:00-05:00,0.0,5.749999999999972,147.04000000009165,2023-02-21T09:33:00-05:00,0.0,5.850000000000023,-52.96000000001066,2023-02-21T09:36:00-05:00,0.0,5.650000000000034,347.0399999999666,2023-02-21T09:41:00-05:00,0.0,5.399999999999977,847.0400000000802,2023-02-21T09:46:00-05:00,0.0,5.549999999999983,547.0400000000689,2023-02-21T10:01:00-05:00,0.0,6.900000000000006,-2152.9599999999764,2023-02-21T10:31:00-05:00,0.0,6.850000000000023,-2052.9600000000105,2023-02-21T11:31:00-05:00,0.0,7.800000000000068,-3952.9600000001014,2023-02-21T16:00:00-05:00,0.0,8.350000000000023,-5052.960000000013,2023-02-22T16:00:00-05:00,0.0,7.550000000000011,-3452.9599999999878,2023-02-23T16:00:00-05:00,0.0,,,2023-02-24T15:59:00-05:00,60.0,12.0,hit,,never_hit,,never_hit,,never_hit,,never_hit,,never_hit,,never_hit,14.0,hit,14.0,hit,14.0,hit,394.0,hit,1475.0,hit,1790.0,hit,,,True,True,True,False,0.9000000000000341,,,True,True,True,False,0.9000000000000341,,,True,True,True,False,0.9000000000000341,,,True,True,True,False,0.9000000000000341,,,,,,,,,,,,,,,,,,,,,,,,,,,,,,,,,,,,,,,,,,,,,,,,,,,,,,,,,,,,,,,,,859
2023-02-21,2023-02-24,3,7.0,2023-02-21T09:31:00-05:00,7.0,NDXP  230224P12360000,NDXP  230224P12350000,development,False,False,0,0,0,144,0,1460,available,False,2023-02-21T09:31:00-05:00,2023-02-24T16:00:00-05:00,10.0,-6152.96,0.0,last_observed_quote_not_settlement,1037.0,1208,94,6.450000000000017,847.0399999999665,2023-02-21T09:32:00-05:00,0.0,6.050000000000011,1647.039999999978,2023-02-21T09:33:00-05:00,0.0,6.300000000000011,1147.039999999978,2023-02-21T09:36:00-05:00,0.0,6.849999999999994,47.04000000001208,2023-02-21T09:41:00-05:00,0.0,3.8500000000000227,6047.039999999955,2023-02-21T09:46:00-05:00,0.0,6.25,1247.0400000000006,2023-02-21T10:01:00-05:00,0.0,7.099999999999994,-452.95999999998793,2023-02-21T10:31:00-05:00,0.0,6.25,1247.0400000000006,2023-02-21T11:31:00-05:00,0.0,7.649999999999977,-1552.9599999999539,2023-02-21T16:00:00-05:00,0.0,7.100000000000023,-452.9600000000448,2023-02-22T16:00:00-05:00,0.0,8.400000000000006,-3052.9600000000123,2023-02-23T16:00:00-05:00,0.0,10.0,-6152.96,2023-02-24T16:00:00-05:00,0.0,9.0,hit,14.0,hit,14.0,hit,14.0,hit,,never_hit,,never_hit,,never_hit,31.0,hit,31.0,hit,0.0,hit,31.0,hit,31.0,hit,1480.0,hit,7.349999999999994,1,True,False,False,False,,,,True,True,True,False,4.300000000000011,,,True,True,True,False,4.300000000000011,,,True,True,True,False,4.300000000000011,14.0,2023-02-21T09:45:00-05:00,2.6999999999999886,8347.040000000025,,,,,,,,,15.0,2023-02-21T09:46:00-05:00,3.8500000000000227,6047.039999999955,,,,,,,,,,,,,,,,,,,,,,,,,,,,,,,,,,,,,,,,,,,,,,,,,860
2023-02-22,2023-02-24,2,5.0,2023-02-22T09:31:00-05:00,5.000000000000014,NDXP  230224P12120000,NDXP  230224P12110000,development,False,False,0,0,0,18,0,1182,available,False,2023-02-22T09:31:00-05:00,2023-02-24T15:59:00-05:00,9.900000000000034,-10052.96000000004,1.0,last_observed_quote_not_settlement,1036.0,798,58,4.799999999999997,147.0400000000348,2023-02-22T09:32:00-05:00,0.0,4.750000000000014,247.04000000000067,2023-02-22T09:33:00-05:00,0.0,4.849999999999994,47.0400000000405,2023-02-22T09:36:00-05:00,0.0,4.650000000000006,447.04000000001776,2023-02-22T09:41:00-05:00,0.0,4.5,747.0400000000291,2023-02-22T09:46:00-05:00,0.0,5.0,-252.95999999997088,2023-02-22T10:01:00-05:00,0.0,6.000000000000028,-2252.960000000028,2023-02-22T10:31:00-05:00,0.0,5.400000000000034,-1052.9600000000391,2023-02-22T11:31:00-05:00,0.0,5.400000000000006,-1052.9599999999823,2023-02-22T16:00:00-05:00,0.0,1.3000000000000043,7147.040000000021,2023-02-23T16:00:00-05:00,0.0,,,2023-02-24T15:59:00-05:00,60.0,,,,,0.0,hit,1.0,hit,276.0,hit,1445.0,hit,1829.0,hit,,never_hit,,never_hit,32.0,hit,48.0,hit,1572.0,hit,1572.0,hit,2908.0,hit,2912.0,hit,6.900000000000006,245,False,False,False,False,,8.099999999999966,442,True,True,False,False,,,,True,True,True,False,3.70000000000001,,,True,True,True,False,3.70000000000001,1445.0,2023-02-23T09:36:00-05:00,2.8000000000000043,4147.040000000021,1798.0,2023-02-23T15:29:00-05:00,2.8999999999999986,3947.040000000032,1799.0,2023-02-23T15:30:00-05:00,2.8999999999999915,3947.0400000000463,1446.0,2023-02-23T09:37:00-05:00,3.5500000000000043,2647.0400000000204,1829.0,2023-02-23T16:00:00-05:00,1.3000000000000043,7147.040000000021,,,,,,,,,1830.0,2023-02-23T16:01:00-05:00,3.3999999999999986,2947.040000000032,,,,,,,,,,,,,,,,,,,,,,,,,,,,,,,,,861
2023-02-22,2023-02-24,2,6.0,2023-02-22T09:31:00-05:00,6.150000000000006,NDXP  230224P12220000,NDXP  230224P12210000,development,False,False,0,0,0,75,0,1125,available,False,2023-02-22T09:31:00-05:00,2023-02-24T15:59:00-05:00,9.900000000000006,-7752.960000000001,1.0,last_observed_quote_not_settlement,1036.0,823,61,5.949999999999989,147.0400000000348,2023-02-22T09:32:00-05:00,0.0,7.050000000000011,-2052.9600000000105,2023-02-22T09:33:00-05:00,0.0,6.650000000000006,-1252.9599999999994,2023-02-22T09:36:00-05:00,0.0,6.149999999999977,-252.95999999994245,2023-02-22T09:41:00-05:00,0.0,5.75,547.040000000012,2023-02-22T09:46:00-05:00,0.0,6.450000000000017,-852.9600000000221,2023-02-22T10:01:00-05:00,0.0,8.049999999999955,-4052.9599999998986,2023-02-22T10:31:00-05:00,0.0,6.849999999999966,-1652.9599999999198,2023-02-22T11:31:00-05:00,0.0,6.700000000000017,-1352.960000000022,2023-02-22T16:00:00-05:00,0.0,5.8999999999999915,247.0400000000291,2023-02-23T16:00:00-05:00,0.0,,,2023-02-24T15:59:00-05:00,60.0,,,,,254.0,hit,1440.0,hit,,never_hit,,never_hit,,never_hit,,never_hit,,never_hit,2.0,hit,39.0,hit,2.0,hit,43.0,hit,271.0,hit,1572.0,hit,,,True,True,True,False,1.7999999999999972,,,True,True,True,False,1.7999999999999972,,,True,True,True,False,1.7999999999999972,,,True,True,True,False,1.7999999999999972,,,,,,,,,,,,,,,,,,,,,,,,,,,,,,,,,,,,,,,,,,,,,,,,,,,,,,,,,,,,,,,,,862
2023-02-22,2023-02-24,2,7.0,2023-02-22T09:31:00-05:00,7.050000000000011,NDXP  230224P12250000,NDXP  230224P12240000,development,False,False,0,0,0,95,0,1105,available,False,2023-02-22T09:31:00-05:00,2023-02-24T15:59:00-05:00,10.0,-6052.959999999977,1.0,last_observed_quote_not_settlement,1036.0,653,103,5.699999999999989,2447.0400000000463,2023-02-22T09:32:00-05:00,0.0,6.199999999999989,1447.0400000000461,2023-02-22T09:33:00-05:00,0.0,6.799999999999983,247.04000000005752,2023-02-22T09:36:00-05:00,0.0,5.5,2847.0400000000236,2023-02-22T09:41:00-05:00,0.0,5.399999999999977,3047.040000000069,2023-02-22T09:46:00-05:00,0.0,7.749999999999972,-1652.9599999999198,2023-02-22T10:01:00-05:00,0.0,7.549999999999983,-1252.9599999999425,2023-02-22T10:31:00-05:00,0.0,7.150000000000006,-452.95999999998793,2023-02-22T11:31:00-05:00,0.0,6.400000000000006,1047.040000000012,2023-02-22T16:00:00-05:00,0.0,6.300000000000011,1247.0400000000006,2023-02-23T16:00:00-05:00,0.0,,,2023-02-24T15:59:00-05:00,60.0,,,,,10.0,hit,1466.0,hit,,never_hit,,never_hit,,never_hit,,never_hit,,never_hit,9.0,hit,44.0,hit,0.0,hit,44.0,hit,1589.0,hit,2880.0,hit,,,True,True,True,False,2.200000000000017,,,True,True,True,False,2.200000000000017,,,True,True,True,False,2.200000000000017,,,True,True,True,False,2.200000000000017,,,,,,,,,,,,,,,,,,,,,,,,,,,,,,,,,,,,,,,,,,,,,,,,,,,,,,,,,,,,,,,,,863
2023-02-24,2023-02-27,3,5.0,2023-02-24T09:31:00-05:00,5.050000000000011,NDXP  230227P12010000,NDXP  230227P12000000,development,False,False,0,0,0,3,0,792,available,False,2023-02-24T09:31:00-05:00,2023-02-27T16:00:00-05:00,0.0,9847.040000000025,0.0,last_observed_quote_not_settlement,3916.0,391,10,5.25,-652.9599999999766,2023-02-24T09:32:00-05:00,0.0,5.400000000000006,-952.959999999988,2023-02-24T09:33:00-05:00,0.0,4.8500000000000085,147.0400000000064,2023-02-24T09:36:00-05:00,0.0,5.050000000000011,-252.9599999999993,2023-02-24T09:41:00-05:00,0.0,5.25,-652.9599999999766,2023-02-24T09:46:00-05:00,0.0,5.849999999999994,-1852.9599999999652,2023-02-24T10:01:00-05:00,0.0,6.150000000000006,-2452.9599999999878,2023-02-24T10:31:00-05:00,0.0,5.749999999999986,-1652.9599999999482,2023-02-24T11:31:00-05:00,0.0,5.550000000000011,-1252.9599999999994,2023-02-24T16:00:00-05:00,0.0,,,2023-02-24T16:15:00-05:00,85500.0,,,2023-02-24T16:15:00-05:00,171900.0,0.0,9847.040000000025,2023-02-27T16:00:00-05:00,0.0,0.0,hit,3.0,hit,4320.0,hit,4320.0,hit,4326.0,hit,4358.0,hit,4358.0,hit,16.0,hit,36.0,hit,87.0,hit,,never_hit,,never_hit,,never_hit,7.099999999999994,391,True,False,False,False,,7.099999999999994,391,True,False,False,False,,7.099999999999994,391,True,False,False,False,,7.099999999999994,391,True,False,False,False,,4320.0,2023-02-27T09:31:00-05:00,2.099999999999998,5647.040000000027,4321.0,2023-02-27T09:32:00-05:00,2.549999999999997,4747.040000000029,4322.0,2023-02-27T09:33:00-05:00,2.25,5347.040000000024,4321.0,2023-02-27T09:32:00-05:00,2.549999999999997,4747.040000000029,4326.0,2023-02-27T09:37:00-05:00,1.8000000000000043,6247.0400000000145,4348.0,2023-02-27T09:59:00-05:00,1.6000000000000014,6647.040000000021,4349.0,2023-02-27T10:00:00-05:00,1.549999999999999,6747.040000000025,4327.0,2023-02-27T09:38:00-05:00,2.150000000000002,5547.040000000019,4358.0,2023-02-27T10:09:00-05:00,0.4500000000000002,8947.040000000025,4359.0,2023-02-27T10:10:00-05:00,0.9000000000000004,8047.040000000023,4360.0,2023-02-27T10:11:00-05:00,0.9000000000000004,8047.040000000023,4359.0,2023-02-27T10:10:00-05:00,0.9000000000000004,8047.040000000023,4586.0,2023-02-27T13:57:00-05:00,0.42500000000000027,8997.040000000023,4590.0,2023-02-27T14:01:00-05:00,0.40000000000000013,9047.040000000023,4591.0,2023-02-27T14:02:00-05:00,0.25,9347.040000000025,4587.0,2023-02-27T13:58:00-05:00,0.55,8747.040000000023,864
2023-02-24,2023-02-27,3,6.0,2023-02-24T09:31:00-05:00,5.899999999999977,NDXP  230227P12070000,NDXP  230227P12060000,development,False,False,0,0,0,1,0,794,available,False,2023-02-24T09:31:00-05:00,2023-02-27T16:00:00-05:00,6.8999999999999995,-2252.9600000000437,0.0,last_observed_quote_not_settlement,3916.0,437,25,6.300000000000011,-1052.9600000000676,2023-02-24T09:32:00-05:00,0.0,6.349999999999966,-1152.9599999999766,2023-02-24T09:33:00-05:00,0.0,5.849999999999994,-152.9600000000334,2023-02-24T09:36:00-05:00,0.0,6.050000000000011,-552.9600000000676,2023-02-24T09:41:00-05:00,0.0,6.549999999999983,-1552.9600000000107,2023-02-24T09:46:00-05:00,0.0,6.299999999999983,-1052.9600000000107,2023-02-24T10:01:00-05:00,0.0,7.300000000000011,-3052.9600000000673,2023-02-24T10:31:00-05:00,0.0,7.449999999999989,-3352.960000000022,2023-02-24T11:31:00-05:00,0.0,6.900000000000006,-2252.960000000056,2023-02-24T16:00:00-05:00,0.0,,,2023-02-24T16:15:00-05:00,85500.0,,,2023-02-24T16:15:00-05:00,171900.0,6.8999999999999995,-2252.9600000000437,2023-02-27T16:00:00-05:00,0.0,8.0,hit,4320.0,hit,4320.0,hit,4348.0,hit,4358.0,hit,,never_hit,,never_hit,14.0,hit,22.0,hit,23.0,hit,80.0,hit,4699.0,hit,4699.0,hit,8.550000000000011,396,True,True,False,False,,8.550000000000011,396,True,True,False,False,,,,True,True,True,False,4.3499999999999766,,,True,True,True,False,4.3499999999999766,4348.0,2023-02-27T09:59:00-05:00,2.9499999999999993,5647.039999999956,4349.0,2023-02-27T10:00:00-05:00,2.9499999999999993,5647.039999999956,4355.0,2023-02-27T10:06:00-05:00,2.549999999999997,6447.039999999961,4349.0,2023-02-27T10:00:00-05:00,2.9499999999999993,5647.039999999956,4361.0,2023-02-27T10:12:00-05:00,1.799999999999999,7947.039999999957,4592.0,2023-02-27T14:03:00-05:00,1.6500000000000004,8247.039999999955,4593.0,2023-02-27T14:04:00-05:00,1.5500000000000007,8447.039999999955,4362.0,2023-02-27T10:13:00-05:00,2.099999999999998,7347.039999999959,,,,,,,,,,,,,,,,,,,,,,,,,,,,,,,,,865
2023-02-24,2023-02-27,3,7.0,2023-02-24T09:31:00-05:00,6.949999999999989,NDXP  230227P12110000,NDXP  230227P12100000,development,False,False,0,0,0,12,0,783,available,False,2023-02-24T09:31:00-05:00,2023-02-27T15:56:00-05:00,10.0,-6252.960000000023,4.0,last_observed_quote_not_settlement,3916.0,476,47,6.950000000000017,-252.96000000005614,2023-02-24T09:32:00-05:00,0.0,7.25,-852.9600000000221,2023-02-24T09:33:00-05:00,0.0,6.099999999999994,1447.0399999999893,2023-02-24T09:36:00-05:00,0.0,6.699999999999989,247.04000000000067,2023-02-24T09:41:00-05:00,0.0,7.150000000000006,-652.9600000000335,2023-02-24T09:46:00-05:00,0.0,7.700000000000017,-1752.9600000000562,2023-02-24T10:01:00-05:00,0.0,7.849999999999994,-2052.9600000000105,2023-02-24T10:31:00-05:00,0.0,6.900000000000006,-152.9600000000334,2023-02-24T11:31:00-05:00,0.0,7.800000000000011,-1952.9600000000448,2023-02-24T16:00:00-05:00,0.0,,,2023-02-24T16:15:00-05:00,85500.0,,,2023-02-24T16:15:00-05:00,171900.0,,,2023-02-27T15:56:00-05:00,240.0,4320.0,hit,4320.0,hit,4348.0,hit,4358.0,hit,,never_hit,,never_hit,,never_hit,14.0,hit,40.0,hit,2.0,hit,40.0,hit,217.0,hit,379.0,hit,9.599999999999994,393,True,True,True,True,,,,True,True,True,False,4.199999999999989,,,True,True,True,False,4.199999999999989,,,True,True,True,False,4.199999999999989,4372.0,2023-02-27T10:23:00-05:00,2.75,8147.039999999978,,,,,,,,,4373.0,2023-02-27T10:24:00-05:00,3.5500000000000007,6547.039999999976,,,,,,,,,,,,,,,,,,,,,,,,,,,,,,,,,,,,,,,,,,,,,,,,,866
2023-02-27,2023-03-01,2,5.0,2023-02-27T09:31:00-05:00,5.0,NDXP  230301P12600000,NDXP  230301P12590000,development,False,False,0,0,0,145,15,1055,available,False,2023-02-27T09:31:00-05:00,2023-03-01T16:00:00-05:00,10.0,-10152.96,0.0,last_observed_quote_not_settlement,1036.0,942,0,8.549999999999955,-7352.95999999991,2023-02-27T09:32:00-05:00,0.0,9.800000000000011,-9852.960000000023,2023-02-27T09:33:00-05:00,0.0,,,2023-02-27T09:35:00-05:00,60.0,9.5,-9252.960000000001,2023-02-27T09:41:00-05:00,0.0,,,2023-02-27T09:45:00-05:00,60.0,8.550000000000068,-7352.960000000137,2023-02-27T10:01:00-05:00,0.0,,,2023-02-27T10:30:00-05:00,60.0,9.900000000000091,-10052.960000000183,2023-02-27T11:31:00-05:00,0.0,10.0,-10152.96,2023-02-27T16:00:00-05:00,0.0,7.100000000000023,-4452.960000000045,2023-02-28T16:00:00-05:00,0.0,10.0,-10152.96,2023-03-01T16:00:00-05:00,0.0,,,,,0.0,hit,0.0,hit,,never_hit,,never_hit,,never_hit,,never_hit,,never_hit,1.0,hit,1.0,hit,1.0,hit,1.0,hit,2.0,hit,2.0,hit,,,True,True,True,False,0.0,,,True,True,True,False,0.0,,,True,True,True,False,0.0,,,True,True,True,False,0.0,,,,,,,,,,,,,,,,,,,,,,,,,,,,,,,,,,,,,,,,,,,,,,,,,,,,,,,,,,,,,,,,,867
2023-02-27,2023-03-01,2,6.0,2023-02-27T09:31:00-05:00,6.050000000000011,NDXP  230301P12180000,NDXP  230301P12170000,development,False,False,0,0,0,92,15,1108,available,False,2023-02-27T09:31:00-05:00,2023-03-01T16:00:00-05:00,10.0,-8052.959999999977,0.0,last_observed_quote_not_settlement,1036.0,835,53,5.900000000000006,47.04000000001208,2023-02-27T09:32:00-05:00,0.0,5.7000000000000455,447.0399999999325,2023-02-27T09:33:00-05:00,0.0,5.25,1347.0400000000234,2023-02-27T09:36:00-05:00,0.0,5.650000000000034,547.0399999999552,2023-02-27T09:41:00-05:00,0.0,5.0,1847.0400000000234,2023-02-27T09:46:00-05:00,0.0,5.599999999999994,647.0400000000348,2023-02-27T10:01:00-05:00,0.0,4.34999999999998,3147.040000000063,2023-02-27T10:31:00-05:00,0.0,6.500000000000028,-1152.9600000000335,2023-02-27T11:31:00-05:00,0.0,5.549999999999983,747.0400000000575,2023-02-27T16:00:00-05:00,0.0,8.200000000000017,-4552.960000000013,2023-02-28T16:00:00-05:00,0.0,10.0,-8052.959999999977,2023-03-01T16:00:00-05:00,0.0,,,,,3.0,hit,3.0,hit,68.0,hit,,never_hit,,never_hit,,never_hit,,never_hit,22.0,hit,80.0,hit,80.0,hit,1441.0,hit,2885.0,hit,2889.0,hit,,,True,True,True,False,2.0500000000000114,,,True,True,True,False,2.0500000000000114,,,True,True,True,False,2.0500000000000114,,,True,True,True,False,2.0500000000000114,,,,,,,,,,,,,,,,,,,,,,,,,,,,,,,,,,,,,,,,,,,,,,,,,,,,,,,,,,,,,,,,,868
2023-02-27,2023-03-01,2,7.0,2023-02-27T09:31:00-05:00,7.049999999999983,NDXP  230301P12250000,NDXP  230301P12240000,development,False,False,0,0,0,101,15,1099,available,False,2023-02-27T09:31:00-05:00,2023-03-01T16:00:00-05:00,10.0,-6052.960000000034,0.0,last_observed_quote_not_settlement,1036.0,926,89,6.699999999999989,447.03999999998933,2023-02-27T09:32:00-05:00,0.0,5.449999999999989,2947.0399999999895,2023-02-27T09:33:00-05:00,0.0,5.9500000000000455,1947.0399999998756,2023-02-27T09:36:00-05:00,0.0,6.950000000000017,-52.9600000000675,2023-02-27T09:41:00-05:00,0.0,7.349999999999994,-852.9600000000221,2023-02-27T09:46:00-05:00,0.0,6.850000000000023,147.03999999992112,2023-02-27T10:01:00-05:00,0.0,7.300000000000011,-752.9600000000562,2023-02-27T10:31:00-05:00,0.0,7.650000000000006,-1452.9600000000448,2023-02-27T11:31:00-05:00,0.0,8.800000000000011,-3752.960000000058,2023-02-27T16:00:00-05:00,0.0,8.699999999999989,-3552.9600000000123,2023-02-28T16:00:00-05:00,0.0,10.0,-6052.960000000034,2023-03-01T16:00:00-05:00,0.0,,,,,2.0,hit,,never_hit,,never_hit,,never_hit,,never_hit,,never_hit,,never_hit,6.0,hit,20.0,hit,0.0,hit,20.0,hit,124.0,hit,1471.0,hit,,,True,True,True,False,1.8499999999999943,,,True,True,True,False,1.8499999999999943,,,True,True,True,False,1.8499999999999943,,,True,True,True,False,1.8499999999999943,,,,,,,,,,,,,,,,,,,,,,,,,,,,,,,,,,,,,,,,,,,,,,,,,,,,,,,,,,,,,,,,,869
2023-02-27,2023-03-02,3,5.0,2023-02-27T09:31:00-05:00,5.0,NDXP  230302P12140000,NDXP  230302P12130000,development,False,False,0,0,0,109,0,1496,available,False,2023-02-27T09:31:00-05:00,2023-03-02T16:00:00-05:00,10.0,-10152.96,0.0,last_observed_quote_not_settlement,1036.0,1218,56,5.049999999999983,-352.9599999999652,2023-02-27T09:32:00-05:00,0.0,4.950000000000017,-152.9600000000334,2023-02-27T09:33:00-05:00,0.0,4.899999999999977,-52.959999999953816,2023-02-27T09:36:00-05:00,0.0,4.899999999999977,-52.959999999953816,2023-02-27T09:41:00-05:00,0.0,6.100000000000023,-2452.9600000000446,2023-02-27T09:46:00-05:00,0.0,4.599999999999994,547.040000000012,2023-02-27T10:01:00-05:00,0.0,4.75,247.04000000000067,2023-02-27T10:31:00-05:00,0.0,5.400000000000034,-1052.9600000000676,2023-02-27T11:31:00-05:00,0.0,5.850000000000023,-1952.9600000000448,2023-02-27T16:00:00-05:00,0.0,6.850000000000023,-3952.9600000000446,2023-02-28T16:00:00-05:00,0.0,8.5,-7252.960000000001,2023-03-01T16:00:00-05:00,0.0,10.0,-10152.96,2023-03-02T16:00:00-05:00,0.0,0.0,hit,0.0,hit,69.0,hit,,never_hit,,never_hit,,never_hit,,never_hit,9.0,hit,9.0,hit,1842.0,hit,2909.0,hit,2981.0,hit,3187.0,hit,,,True,True,True,False,1.450000000000017,,,True,True,True,False,1.450000000000017,,,True,True,True,False,1.450000000000017,,,True,True,True,False,1.450000000000017,,,,,,,,,,,,,,,,,,,,,,,,,,,,,,,,,,,,,,,,,,,,,,,,,,,,,,,,,,,,,,,,,870
2023-02-27,2023-03-02,3,6.0,2023-02-27T09:31:00-05:00,6.0,NDXP  230302P12220000,NDXP  230302P12210000,development,False,False,0,0,0,149,0,1456,available,False,2023-02-27T09:31:00-05:00,2023-03-02T16:00:00-05:00,8.800000000000011,-5852.960000000024,0.0,last_observed_quote_not_settlement,1036.0,1298,36,6.550000000000011,-1352.960000000022,2023-02-27T09:32:00-05:00,0.0,4.899999999999977,1947.0400000000461,2023-02-27T09:33:00-05:00,0.0,6.5,-1252.9599999999994,2023-02-27T09:36:00-05:00,0.0,6.649999999999977,-1552.9599999999539,2023-02-27T09:41:00-05:00,0.0,6.300000000000011,-852.9600000000221,2023-02-27T09:46:00-05:00,0.0,6.150000000000006,-552.9600000000107,2023-02-27T10:01:00-05:00,0.0,4.5,2747.040000000001,2023-02-27T10:31:00-05:00,0.0,6.75,-1752.9599999999994,2023-02-27T11:31:00-05:00,0.0,7.0,-2252.959999999999,2023-02-27T16:00:00-05:00,0.0,8.0,-4252.960000000001,2023-02-28T16:00:00-05:00,0.0,,,2023-03-01T15:59:00-05:00,60.0,8.800000000000011,-5852.960000000024,2023-03-02T16:00:00-05:00,0.0,2.0,hit,2.0,hit,,never_hit,,never_hit,,never_hit,,never_hit,,never_hit,1.0,hit,33.0,hit,33.0,hit,122.0,hit,2915.0,hit,2918.0,hit,,,True,True,True,False,1.6000000000000227,,,True,True,True,False,1.6000000000000227,,,True,True,True,False,1.6000000000000227,,,True,True,True,False,1.6000000000000227,,,,,,,,,,,,,,,,,,,,,,,,,,,,,,,,,,,,,,,,,,,,,,,,,,,,,,,,,,,,,,,,,871
2023-02-27,2023-03-02,3,7.0,2023-02-27T09:31:00-05:00,7.050000000000011,NDXP  230302P12330000,NDXP  230302P12320000,development,False,False,0,0,0,241,0,1364,available,False,2023-02-27T09:31:00-05:00,2023-03-02T16:00:00-05:00,10.0,-6052.959999999977,0.0,last_observed_quote_not_settlement,1037.0,1166,38,8.199999999999989,-2552.9599999999555,2023-02-27T09:32:00-05:00,0.0,7.75,-1652.9599999999766,2023-02-27T09:33:00-05:00,0.0,6.800000000000011,247.04000000000067,2023-02-27T09:36:00-05:00,0.0,6.850000000000023,147.03999999997797,2023-02-27T09:41:00-05:00,0.0,6.550000000000011,747.0400000000006,2023-02-27T09:46:00-05:00,0.0,8.950000000000017,-4052.9600000000123,2023-02-27T10:01:00-05:00,0.0,7.399999999999977,-952.9599999999311,2023-02-27T10:31:00-05:00,0.0,8.25,-2652.959999999978,2023-02-27T11:31:00-05:00,0.0,8.5,-3152.959999999978,2023-02-27T16:00:00-05:00,0.0,9.049999999999955,-4252.959999999887,2023-02-28T16:00:00-05:00,0.0,9.950000000000045,-6052.959999999977,2023-03-01T16:00:00-05:00,0.0,10.0,-6052.959999999977,2023-03-02T16:00:00-05:00,0.0,,never_hit,,never_hit,,never_hit,,never_hit,,never_hit,,never_hit,,never_hit,1.0,hit,1.0,hit,0.0,hit,1.0,hit,9.0,hit,9.0,hit,,,True,True,True,False,1.2500000000000284,,,True,True,True,False,1.2500000000000284,,,True,True,True,False,1.2500000000000284,,,True,True,True,False,1.2500000000000284,,,,,,,,,,,,,,,,,,,,,,,,,,,,,,,,,,,,,,,,,,,,,,,,,,,,,,,,,,,,,,,,,872
2023-02-28,2023-03-02,2,5.0,2023-02-28T09:31:00-05:00,5.0,NDXP  230302P12070000,NDXP  230302P12060000,development,False,False,0,0,0,15,15,1185,available,False,2023-02-28T09:31:00-05:00,2023-03-02T16:00:00-05:00,10.0,-10152.96,0.0,last_observed_quote_not_settlement,1036.0,795,33,4.700000000000003,347.039999999995,2023-02-28T09:32:00-05:00,0.0,5.549999999999997,-1352.9599999999937,2023-02-28T09:33:00-05:00,0.0,5.099999999999994,-452.95999999998793,2023-02-28T09:36:00-05:00,0.0,4.799999999999983,147.0400000000348,2023-02-28T09:41:00-05:00,0.0,4.650000000000006,447.03999999998933,2023-02-28T09:46:00-05:00,0.0,4.5,747.0400000000006,2023-02-28T10:01:00-05:00,0.0,4.900000000000006,-52.96000000001066,2023-02-28T10:31:00-05:00,0.0,4.5,747.0400000000006,2023-02-28T11:31:00-05:00,0.0,5.1000000000000085,-452.96000000001635,2023-02-28T16:00:00-05:00,0.0,8.150000000000006,-6552.960000000013,2023-03-01T16:00:00-05:00,0.0,10.0,-10152.96,2023-03-02T16:00:00-05:00,0.0,,,,,0.0,hit,0.0,hit,29.0,hit,29.0,hit,,never_hit,,never_hit,,never_hit,2.0,hit,1443.0,hit,1476.0,hit,1502.0,hit,2880.0,hit,2880.0,hit,5.549999999999997,7,False,False,False,False,,,,True,True,True,False,2.0500000000000114,,,True,True,True,False,2.0500000000000114,,,True,True,True,False,2.0500000000000114,29.0,2023-02-28T10:00:00-05:00,2.9499999999999886,3847.0400000000236,,,,,,,,,30.0,2023-02-28T10:01:00-05:00,4.5,747.0400000000006,,,,,,,,,,,,,,,,,,,,,,,,,,,,,,,,,,,,,,,,,,,,,,,,,873
2023-02-28,2023-03-02,2,6.0,2023-02-28T09:31:00-05:00,5.950000000000017,NDXP  230302P12140000,NDXP  230302P12130000,development,False,False,0,0,0,109,15,1091,available,False,2023-02-28T09:31:00-05:00,2023-03-02T16:00:00-05:00,10.0,-8252.959999999965,0.0,last_observed_quote_not_settlement,1036.0,723,50,6.0,-352.9599999999652,2023-02-28T09:32:00-05:00,0.0,6.149999999999977,-652.9599999999198,2023-02-28T09:33:00-05:00,0.0,6.649999999999977,-1652.9599999999198,2023-02-28T09:36:00-05:00,0.0,5.849999999999994,-52.959999999953816,2023-02-28T09:41:00-05:00,0.0,5.600000000000023,447.03999999998933,2023-02-28T09:46:00-05:00,0.0,5.150000000000006,1347.0400000000234,2023-02-28T10:01:00-05:00,0.0,5.600000000000023,447.03999999998933,2023-02-28T10:31:00-05:00,0.0,5.749999999999986,147.04000000006323,2023-02-28T11:31:00-05:00,0.0,6.850000000000023,-2052.9600000000105,2023-02-28T16:00:00-05:00,0.0,8.5,-5352.959999999967,2023-03-01T16:00:00-05:00,0.0,10.0,-8252.959999999965,2023-03-02T16:00:00-05:00,0.0,,,,,3.0,hit,20.0,hit,,never_hit,,never_hit,,never_hit,,never_hit,,never_hit,5.0,hit,402.0,hit,402.0,hit,1469.0,hit,1541.0,hit,1747.0,hit,,,True,True,True,False,1.6000000000000227,,,True,True,True,False,1.6000000000000227,,,True,True,True,False,1.6000000000000227,,,True,True,True,False,1.6000000000000227,,,,,,,,,,,,,,,,,,,,,,,,,,,,,,,,,,,,,,,,,,,,,,,,,,,,,,,,,,,,,,,,,874
2023-02-28,2023-03-02,2,7.0,2023-02-28T09:31:00-05:00,6.949999999999989,NDXP  230302P12180000,NDXP  230302P12170000,development,False,False,0,0,0,76,15,1124,available,False,2023-02-28T09:31:00-05:00,2023-03-02T16:00:00-05:00,10.0,-6252.960000000023,0.0,last_observed_quote_not_settlement,1037.0,694,30,7.0,-352.96000000002203,2023-02-28T09:32:00-05:00,0.0,7.400000000000006,-1152.9600000000335,2023-02-28T09:33:00-05:00,0.0,7.149999999999977,-652.9599999999766,2023-02-28T09:36:00-05:00,0.0,6.549999999999983,547.040000000012,2023-02-28T09:41:00-05:00,0.0,6.300000000000011,1047.0399999999552,2023-02-28T09:46:00-05:00,0.0,5.899999999999977,1847.0400000000234,2023-02-28T10:01:00-05:00,0.0,6.099999999999994,1447.0399999999893,2023-02-28T10:31:00-05:00,0.0,6.450000000000017,747.0399999999438,2023-02-28T11:31:00-05:00,0.0,8.050000000000011,-2452.9600000000464,2023-02-28T16:00:00-05:00,0.0,9.850000000000023,-6052.960000000069,2023-03-01T16:00:00-05:00,0.0,10.0,-6252.960000000023,2023-03-02T16:00:00-05:00,0.0,,,,,205.0,hit,,never_hit,,never_hit,,never_hit,,never_hit,,never_hit,,never_hit,7.0,hit,389.0,hit,1.0,hit,389.0,hit,1482.0,hit,1499.0,hit,,,True,True,True,False,1.75,,,True,True,True,False,1.75,,,True,True,True,False,1.75,,,True,True,True,False,1.75,,,,,,,,,,,,,,,,,,,,,,,,,,,,,,,,,,,,,,,,,,,,,,,,,,,,,,,,,,,,,,,,,875
2023-02-28,2023-03-03,3,5.0,2023-02-28T09:31:00-05:00,5.199999999999989,NDXP  230303P12150000,NDXP  230303P12140000,development,False,False,0,0,0,12,0,1593,available,False,2023-02-28T09:31:00-05:00,2023-03-03T16:00:00-05:00,0.0,10147.039999999979,0.0,last_observed_quote_not_settlement,1036.0,1037,57,6.349999999999994,-2552.9600000000105,2023-02-28T09:32:00-05:00,0.0,6.199999999999989,-2252.959999999999,2023-02-28T09:33:00-05:00,0.0,5.75,-1352.960000000022,2023-02-28T09:36:00-05:00,0.0,6.350000000000023,-2552.9600000000673,2023-02-28T09:41:00-05:00,0.0,5.599999999999994,-1052.9600000000107,2023-02-28T09:46:00-05:00,0.0,5.400000000000006,-652.9600000000335,2023-02-28T10:01:00-05:00,0.0,6.600000000000023,-3052.9600000000673,2023-02-28T10:31:00-05:00,0.0,5.650000000000006,-1152.9600000000335,2023-02-28T11:31:00-05:00,0.0,3.9000000000000057,2347.0399999999668,2023-02-28T16:00:00-05:00,0.0,7.349999999999994,-4552.960000000011,2023-03-01T16:00:00-05:00,0.0,8.700000000000017,-7252.960000000058,2023-03-02T16:00:00-05:00,0.0,0.0,10147.039999999979,2023-03-03T16:00:00-05:00,0.0,0.0,hit,14.0,hit,389.0,hit,4365.0,hit,4467.0,hit,4523.0,hit,4567.0,hit,1.0,hit,1.0,hit,50.0,hit,1480.0,hit,1544.0,hit,1805.0,hit,10.0,1037,True,True,True,True,,10.0,1037,True,True,True,True,,10.0,1037,True,True,True,True,,10.0,1037,True,True,True,True,,4375.0,2023-03-03T10:26:00-05:00,2.8000000000000007,4547.039999999976,4376.0,2023-03-03T10:27:00-05:00,2.9499999999999993,4247.039999999979,4380.0,2023-03-03T10:31:00-05:00,2.8999999999999986,4347.039999999981,4376.0,2023-03-03T10:27:00-05:00,2.9499999999999993,4247.039999999979,4468.0,2023-03-03T11:59:00-05:00,1.8000000000000007,6547.039999999976,4469.0,2023-03-03T12:00:00-05:00,1.9499999999999993,6247.039999999979,4470.0,2023-03-03T12:01:00-05:00,1.9499999999999993,6247.039999999979,4469.0,2023-03-03T12:00:00-05:00,1.9499999999999993,6247.039999999979,4524.0,2023-03-03T12:55:00-05:00,0.9250000000000007,8297.039999999977,4525.0,2023-03-03T12:56:00-05:00,0.8250000000000002,8497.039999999979,4526.0,2023-03-03T12:57:00-05:00,0.7750000000000004,8597.039999999979,4525.0,2023-03-03T12:56:00-05:00,0.8250000000000002,8497.039999999979,4573.0,2023-03-03T13:44:00-05:00,0.3500000000000001,9447.039999999977,4576.0,2023-03-03T13:47:00-05:00,0.40000000000000036,9347.039999999979,4577.0,2023-03-03T13:48:00-05:00,0.42500000000000027,9297.039999999977,4574.0,2023-03-03T13:45:00-05:00,0.7000000000000002,8747.039999999979,876
2023-02-28,2023-03-03,3,6.0,2023-02-28T09:31:00-05:00,6.100000000000023,NDXP  230303P12090000,NDXP  230303P12080000,development,False,False,0,0,0,1,0,1604,available,False,2023-02-28T09:31:00-05:00,2023-03-03T16:00:00-05:00,0.0,11947.040000000046,0.0,last_observed_quote_not_settlement,1036.0,702,70,5.25,1447.0400000000461,2023-02-28T09:32:00-05:00,0.0,5.099999999999994,1747.0400000000575,2023-02-28T09:33:00-05:00,0.0,5.299999999999983,1347.0400000000802,2023-02-28T09:36:00-05:00,0.0,5.000000000000028,1947.0399999999893,2023-02-28T09:41:00-05:00,0.0,4.799999999999983,2347.0400000000805,2023-02-28T09:46:00-05:00,0.0,4.5,2947.0400000000463,2023-02-28T10:01:00-05:00,0.0,4.949999999999989,2047.040000000069,2023-02-28T10:31:00-05:00,0.0,4.799999999999997,2347.040000000052,2023-02-28T11:31:00-05:00,0.0,5.25,1447.0400000000461,2023-02-28T16:00:00-05:00,0.0,7.199999999999989,-2452.959999999931,2023-03-01T16:00:00-05:00,0.0,5.25,1447.0400000000461,2023-03-02T16:00:00-05:00,0.0,0.0,11947.040000000046,2023-03-03T16:00:00-05:00,0.0,1.0,hit,9.0,hit,20.0,hit,4336.0,hit,4364.0,hit,4380.0,hit,4471.0,hit,1465.0,hit,1474.0,hit,1474.0,hit,1556.0,hit,2890.0,hit,2890.0,hit,9.549999999999983,702,True,True,True,True,,9.549999999999983,702,True,True,True,True,,9.549999999999983,702,True,True,True,True,,9.549999999999983,702,True,True,True,True,,4336.0,2023-03-03T09:47:00-05:00,2.8999999999999986,6147.040000000049,4337.0,2023-03-03T09:48:00-05:00,2.8500000000000014,6247.040000000044,4338.0,2023-03-03T09:49:00-05:00,2.6999999999999993,6547.040000000047,4337.0,2023-03-03T09:48:00-05:00,2.8500000000000014,6247.040000000044,4365.0,2023-03-03T10:16:00-05:00,1.6500000000000004,8647.040000000046,4366.0,2023-03-03T10:17:00-05:00,1.7500000000000018,8447.040000000043,4367.0,2023-03-03T10:18:00-05:00,1.8499999999999979,8247.040000000052,4366.0,2023-03-03T10:17:00-05:00,1.7500000000000018,8447.040000000043,4380.0,2023-03-03T10:31:00-05:00,0.8500000000000005,10247.040000000046,4463.0,2023-03-03T11:54:00-05:00,0.8499999999999996,10247.040000000048,4464.0,2023-03-03T11:55:00-05:00,0.7999999999999998,10347.040000000048,4381.0,2023-03-03T10:32:00-05:00,1.0499999999999998,9847.040000000048,4480.0,2023-03-03T12:11:00-05:00,0.3250000000000002,11297.040000000046,4489.0,2023-03-03T12:20:00-05:00,0.35000000000000053,11247.040000000046,4498.0,2023-03-03T12:29:00-05:00,0.3250000000000002,11297.040000000046,4481.0,2023-03-03T12:12:00-05:00,0.5,10947.040000000046,877
2023-02-28,2023-03-03,3,7.0,2023-02-28T09:31:00-05:00,6.949999999999989,NDXP  230303P12130000,NDXP  230303P12120000,development,False,False,0,0,0,14,0,1591,available,False,2023-02-28T09:31:00-05:00,2023-03-03T16:00:00-05:00,0.0,13647.039999999979,0.0,last_observed_quote_not_settlement,1036.0,660,89,5.900000000000006,1847.0399999999665,2023-02-28T09:32:00-05:00,0.0,5.849999999999966,1947.0400000000461,2023-02-28T09:33:00-05:00,0.0,5.799999999999983,2047.0400000000122,2023-02-28T09:36:00-05:00,0.0,5.500000000000028,2647.0399999999213,2023-02-28T09:41:00-05:00,0.0,5.400000000000006,2847.0399999999668,2023-02-28T09:46:00-05:00,0.0,4.25,5147.039999999978,2023-02-28T10:01:00-05:00,0.0,6.049999999999983,1547.040000000012,2023-02-28T10:31:00-05:00,0.0,5.350000000000023,2947.0399999999327,2023-02-28T11:31:00-05:00,0.0,6.200000000000017,1247.0399999999438,2023-02-28T16:00:00-05:00,0.0,7.949999999999989,-2252.959999999999,2023-03-01T16:00:00-05:00,0.0,6.650000000000006,347.0399999999666,2023-03-02T16:00:00-05:00,0.0,0.0,13647.039999999979,2023-03-03T16:00:00-05:00,0.0,12.0,hit,16.0,hit,4336.0,hit,4352.0,hit,4352.0,hit,4485.0,hit,4525.0,hit,1475.0,hit,1483.0,hit,1448.0,hit,1483.0,hit,2880.0,hit,2884.0,hit,10.0,660,True,True,True,True,,10.0,660,True,True,True,True,,10.0,660,True,True,True,True,,10.0,660,True,True,True,True,,4352.0,2023-03-03T10:03:00-05:00,1.4499999999999886,10747.04,4373.0,2023-03-03T10:24:00-05:00,2.450000000000003,8747.039999999974,4374.0,2023-03-03T10:25:00-05:00,2.5500000000000007,8547.039999999977,4353.0,2023-03-03T10:04:00-05:00,4.399999999999999,4847.039999999981,4352.0,2023-03-03T10:03:00-05:00,1.4499999999999886,10747.04,4380.0,2023-03-03T10:31:00-05:00,1.6500000000000004,10347.039999999979,4381.0,2023-03-03T10:32:00-05:00,1.8500000000000014,9947.039999999975,4353.0,2023-03-03T10:04:00-05:00,4.399999999999999,4847.039999999981,4498.0,2023-03-03T12:29:00-05:00,0.8500000000000005,11947.039999999977,4502.0,2023-03-03T12:33:00-05:00,0.9499999999999993,11747.03999999998,4517.0,2023-03-03T12:48:00-05:00,0.7249999999999996,12197.039999999979,4499.0,2023-03-03T12:30:00-05:00,0.9500000000000002,11747.039999999979,4527.0,2023-03-03T12:58:00-05:00,0.4249999999999998,12797.039999999979,4528.0,2023-03-03T12:59:00-05:00,0.3999999999999999,12847.039999999979,4529.0,2023-03-03T13:00:00-05:00,0.375,12897.039999999979,4528.0,2023-03-03T12:59:00-05:00,0.3999999999999999,12847.039999999979,878
2023-03-01,2023-03-03,2,5.0,2023-03-01T09:31:00-05:00,5.0,NDXP  230303P12060000,NDXP  230303P12050000,development,False,False,0,0,0,12,0,1188,available,False,2023-03-01T09:31:00-05:00,2023-03-03T16:00:00-05:00,0.0,9747.04,0.0,last_observed_quote_not_settlement,1036.0,769,14,5.199999999999989,-652.9599999999766,2023-03-01T09:32:00-05:00,0.0,5.400000000000006,-1052.9600000000107,2023-03-01T09:33:00-05:00,0.0,5.900000000000006,-2052.9600000000105,2023-03-01T09:36:00-05:00,0.0,5.75,-1752.9599999999994,2023-03-01T09:41:00-05:00,0.0,6.1000000000000085,-2452.9600000000164,2023-03-01T09:46:00-05:00,0.0,7.150000000000006,-4552.960000000011,2023-03-01T10:01:00-05:00,0.0,5.900000000000006,-2052.9600000000105,2023-03-01T10:31:00-05:00,0.0,7.949999999999989,-6152.959999999976,2023-03-01T11:31:00-05:00,0.0,6.850000000000023,-3952.9600000000446,2023-03-01T16:00:00-05:00,0.0,4.25,1247.0400000000006,2023-03-02T16:00:00-05:00,0.0,0.0,9747.04,2023-03-03T16:00:00-05:00,0.0,,,,,0.0,hit,0.0,hit,31.0,hit,2888.0,hit,2894.0,hit,2894.0,hit,2956.0,hit,3.0,hit,3.0,hit,30.0,hit,44.0,hit,1443.0,hit,1443.0,hit,9.5,769,True,True,True,True,,9.5,769,True,True,True,True,,9.5,769,True,True,True,True,,9.5,769,True,True,True,True,,2891.0,2023-03-03T09:42:00-05:00,2.8999999999999986,3947.0400000000036,2892.0,2023-03-03T09:43:00-05:00,2.8500000000000014,4047.039999999998,2893.0,2023-03-03T09:44:00-05:00,2.75,4247.040000000001,2892.0,2023-03-03T09:43:00-05:00,2.8500000000000014,4047.039999999998,2894.0,2023-03-03T09:45:00-05:00,1.0,7747.040000000001,2905.0,2023-03-03T09:56:00-05:00,1.6500000000000004,6447.04,2906.0,2023-03-03T09:57:00-05:00,1.4000000000000004,6947.04,2895.0,2023-03-03T09:46:00-05:00,2.3999999999999986,4947.040000000004,2933.0,2023-03-03T10:24:00-05:00,0.5999999999999996,8547.040000000003,2936.0,2023-03-03T10:27:00-05:00,0.8499999999999996,8047.040000000002,2937.0,2023-03-03T10:28:00-05:00,0.7999999999999998,8147.040000000002,2934.0,2023-03-03T10:25:00-05:00,1.0,7747.040000000001,3014.0,2023-03-03T11:45:00-05:00,0.40000000000000036,8947.04,3025.0,2023-03-03T11:56:00-05:00,0.3999999999999999,8947.04,3026.0,2023-03-03T11:57:00-05:00,0.34999999999999964,9047.040000000003,3015.0,2023-03-03T11:46:00-05:00,0.6500000000000004,8447.04,879
2023-03-01,2023-03-03,2,6.0,2023-03-01T09:31:00-05:00,5.950000000000003,NDXP  230303P12070000,NDXP  230303P12060000,development,False,False,0,0,0,14,0,1186,available,False,2023-03-01T09:31:00-05:00,2023-03-03T15:46:00-05:00,0.0,11647.040000000008,14.0,last_observed_quote_not_settlement,1036.0,640,63,6.300000000000011,-952.9600000000164,2023-03-01T09:32:00-05:00,0.0,5.349999999999994,947.0400000000177,2023-03-01T09:33:00-05:00,0.0,5.900000000000006,-152.96000000000498,2023-03-01T09:36:00-05:00,0.0,5.650000000000006,347.039999999995,2023-03-01T09:41:00-05:00,0.0,5.549999999999997,547.040000000012,2023-03-01T09:46:00-05:00,0.0,4.549999999999997,2547.0400000000122,2023-03-01T10:01:00-05:00,0.0,7.049999999999983,-2452.9599999999596,2023-03-01T10:31:00-05:00,0.0,6.800000000000011,-1952.9600000000164,2023-03-01T11:31:00-05:00,0.0,6.849999999999966,-2052.9599999999255,2023-03-01T16:00:00-05:00,0.0,6.050000000000011,-452.96000000001635,2023-03-02T16:00:00-05:00,0.0,,,2023-03-03T15:46:00-05:00,840.0,,,,,2.0,hit,11.0,hit,2880.0,hit,2890.0,hit,2903.0,hit,2934.0,hit,3002.0,hit,7.0,hit,32.0,hit,32.0,hit,100.0,hit,1443.0,hit,,never_hit,9.200000000000017,640,True,True,True,True,,9.200000000000017,640,True,True,True,True,,9.200000000000017,640,True,True,True,True,,9.200000000000017,640,True,True,True,True,,2895.0,2023-03-03T09:46:00-05:00,2.6499999999999986,6347.040000000009,2896.0,2023-03-03T09:47:00-05:00,2.200000000000003,7247.040000000001,2897.0,2023-03-03T09:48:00-05:00,2.5500000000000043,6547.039999999998,2896.0,2023-03-03T09:47:00-05:00,2.200000000000003,7247.040000000001,2905.0,2023-03-03T09:56:00-05:00,1.6500000000000004,8347.040000000006,2906.0,2023-03-03T09:57:00-05:00,1.7499999999999982,8147.040000000009,2907.0,2023-03-03T09:58:00-05:00,1.9499999999999993,7747.040000000008,2906.0,2023-03-03T09:57:00-05:00,1.7499999999999982,8147.040000000009,2934.0,2023-03-03T10:25:00-05:00,0.9499999999999993,9747.040000000008,2935.0,2023-03-03T10:26:00-05:00,0.8499999999999996,9947.040000000008,2942.0,2023-03-03T10:33:00-05:00,0.75,10147.040000000008,2935.0,2023-03-03T10:26:00-05:00,0.8499999999999996,9947.040000000008,3027.0,2023-03-03T11:58:00-05:00,0.375,10897.040000000008,3028.0,2023-03-03T11:59:00-05:00,0.2749999999999999,11097.040000000006,3029.0,2023-03-03T12:00:00-05:00,0.3250000000000002,10997.040000000006,3028.0,2023-03-03T11:59:00-05:00,0.2749999999999999,11097.040000000006,880
2023-03-01,2023-03-03,2,7.0,2023-03-01T09:31:00-05:00,7.050000000000011,NDXP  230303P12110000,NDXP  230303P12100000,development,False,False,0,0,0,7,0,1193,available,False,2023-03-01T09:31:00-05:00,2023-03-03T16:00:00-05:00,0.0,13847.040000000025,0.0,last_observed_quote_not_settlement,1036.0,533,94,6.449999999999989,947.0400000000461,2023-03-01T09:32:00-05:00,0.0,6.800000000000011,247.04000000000067,2023-03-01T09:33:00-05:00,0.0,7.399999999999977,-952.9599999999311,2023-03-01T09:36:00-05:00,0.0,6.849999999999994,147.0400000000348,2023-03-01T09:41:00-05:00,0.0,6.150000000000006,1547.040000000012,2023-03-01T09:46:00-05:00,0.0,7.150000000000006,-452.95999999998793,2023-03-01T10:01:00-05:00,0.0,7.599999999999994,-1352.9599999999652,2023-03-01T10:31:00-05:00,0.0,7.099999999999994,-352.9599999999652,2023-03-01T11:31:00-05:00,0.0,7.449999999999989,-1052.9599999999539,2023-03-01T16:00:00-05:00,0.0,6.3999999999999915,1047.0400000000404,2023-03-02T16:00:00-05:00,0.0,0.0,13847.040000000025,2023-03-03T16:00:00-05:00,0.0,,,,,26.0,hit,26.0,hit,2895.0,hit,2902.0,hit,2933.0,hit,3027.0,hit,3041.0,hit,14.0,hit,43.0,hit,0.0,hit,14.0,hit,1440.0,hit,1440.0,hit,10.0,533,True,True,True,True,,10.0,533,True,True,True,True,,10.0,533,True,True,True,True,,10.0,533,True,True,True,True,,2902.0,2023-03-03T09:53:00-05:00,2.6499999999999986,8547.040000000026,2905.0,2023-03-03T09:56:00-05:00,2.6999999999999993,8447.040000000026,2906.0,2023-03-03T09:57:00-05:00,2.6500000000000057,8547.040000000014,2903.0,2023-03-03T09:54:00-05:00,3.099999999999998,7647.040000000027,2933.0,2023-03-03T10:24:00-05:00,1.700000000000001,10447.040000000023,2938.0,2023-03-03T10:29:00-05:00,1.450000000000001,10947.040000000023,2939.0,2023-03-03T10:30:00-05:00,1.6500000000000004,10547.040000000023,2934.0,2023-03-03T10:25:00-05:00,1.950000000000001,9947.040000000023,3027.0,2023-03-03T11:58:00-05:00,0.8999999999999995,12047.040000000025,3028.0,2023-03-03T11:59:00-05:00,0.5999999999999996,12647.040000000025,3032.0,2023-03-03T12:03:00-05:00,0.9499999999999993,11947.040000000026,3028.0,2023-03-03T11:59:00-05:00,0.5999999999999996,12647.040000000025,3041.0,2023-03-03T12:12:00-05:00,0.2999999999999998,13247.040000000025,3042.0,2023-03-03T12:13:00-05:00,0.20000000000000018,13447.040000000025,3078.0,2023-03-03T12:49:00-05:00,0.32499999999999973,13197.040000000025,3042.0,2023-03-03T12:13:00-05:00,0.20000000000000018,13447.040000000025,881
2023-03-03,2023-03-06,3,5.0,2023-03-03T09:31:00-05:00,4.950000000000017,NDXP  230306P12120000,NDXP  230306P12110000,development,False,False,0,0,0,2,0,793,available,False,2023-03-03T09:31:00-05:00,2023-03-06T16:00:00-05:00,0.0,9647.040000000035,0.0,last_observed_quote_not_settlement,3916.0,4,6,4.849999999999994,-52.959999999953816,2023-03-03T09:32:00-05:00,0.0,4.900000000000006,-152.95999999997656,2023-03-03T09:33:00-05:00,0.0,4.800000000000011,47.04000000001208,2023-03-03T09:36:00-05:00,0.0,4.799999999999983,47.04000000006892,2023-03-03T09:41:00-05:00,0.0,3.950000000000017,1747.0400000000006,2023-03-03T09:46:00-05:00,0.0,3.299999999999997,3047.0400000000404,2023-03-03T10:01:00-05:00,0.0,3.0,3647.040000000035,2023-03-03T10:31:00-05:00,0.0,3.25,3147.040000000035,2023-03-03T11:31:00-05:00,0.0,2.200000000000001,5247.040000000033,2023-03-03T16:00:00-05:00,0.0,,,2023-03-03T16:15:00-05:00,85500.0,,,2023-03-03T16:15:00-05:00,171900.0,0.0,9647.040000000035,2023-03-06T16:00:00-05:00,0.0,0.0,hit,0.0,hit,15.0,hit,59.0,hit,211.0,hit,393.0,hit,4320.0,hit,14.0,hit,,never_hit,,never_hit,,never_hit,,never_hit,,never_hit,5.650000000000006,4,False,False,False,False,,5.650000000000006,4,False,False,False,False,,5.650000000000006,4,False,False,False,False,,5.650000000000006,4,False,False,False,False,,62.0,2023-03-03T10:33:00-05:00,2.8499999999999943,3947.0400000000463,146.0,2023-03-03T11:57:00-05:00,2.3500000000000014,4947.040000000032,147.0,2023-03-03T11:58:00-05:00,2.75,4147.0400000000345,63.0,2023-03-03T10:34:00-05:00,3.1000000000000014,3447.040000000032,223.0,2023-03-03T13:14:00-05:00,1.8000000000000007,6047.040000000034,224.0,2023-03-03T13:15:00-05:00,1.8499999999999943,5947.040000000046,260.0,2023-03-03T13:51:00-05:00,1.8500000000000014,5947.040000000032,224.0,2023-03-03T13:15:00-05:00,1.8499999999999943,5947.040000000046,393.0,2023-03-03T16:04:00-05:00,0.9499999999999993,7747.040000000036,4321.0,2023-03-06T09:32:00-05:00,0.25,9147.040000000035,4322.0,2023-03-06T09:33:00-05:00,0.20000000000000018,9247.040000000035,394.0,2023-03-03T16:05:00-05:00,1.049999999999999,7547.040000000037,4320.0,2023-03-06T09:31:00-05:00,0.2250000000000001,9197.040000000035,4321.0,2023-03-06T09:32:00-05:00,0.25,9147.040000000035,4322.0,2023-03-06T09:33:00-05:00,0.20000000000000018,9247.040000000035,4321.0,2023-03-06T09:32:00-05:00,0.25,9147.040000000035,882
2023-03-03,2023-03-06,3,6.0,2023-03-03T09:31:00-05:00,6.049999999999997,NDXP  230306P12170000,NDXP  230306P12160000,development,False,False,0,0,0,1,0,794,available,False,2023-03-03T09:31:00-05:00,2023-03-06T16:00:00-05:00,0.0,11847.039999999995,0.0,last_observed_quote_not_settlement,3916.0,2,2,5.949999999999989,-52.95999999998224,2023-03-03T09:32:00-05:00,0.0,6.150000000000006,-452.96000000001635,2023-03-03T09:33:00-05:00,0.0,5.8999999999999915,47.04000000001208,2023-03-03T09:36:00-05:00,0.0,5.3999999999999915,1047.040000000012,2023-03-03T09:41:00-05:00,0.0,4.799999999999997,2247.040000000001,2023-03-03T09:46:00-05:00,0.0,4.299999999999997,3247.040000000001,2023-03-03T10:01:00-05:00,0.0,3.950000000000003,3947.0399999999895,2023-03-03T10:31:00-05:00,0.0,4.199999999999996,3447.0400000000036,2023-03-03T11:31:00-05:00,0.0,1.9000000000000021,8047.039999999991,2023-03-03T16:00:00-05:00,0.0,,,2023-03-03T16:15:00-05:00,85500.0,,,2023-03-03T16:15:00-05:00,171900.0,0.0,11847.039999999995,2023-03-06T16:00:00-05:00,0.0,8.0,hit,15.0,hit,29.0,hit,204.0,hit,335.0,hit,4320.0,hit,4323.0,hit,,never_hit,,never_hit,,never_hit,,never_hit,,never_hit,,never_hit,6.150000000000006,2,False,False,False,False,,6.150000000000006,2,False,False,False,False,,6.150000000000006,2,False,False,False,False,,6.150000000000006,2,False,False,False,False,,209.0,2023-03-03T13:00:00-05:00,2.8999999999999986,6047.039999999998,217.0,2023-03-03T13:08:00-05:00,2.8999999999999986,6047.039999999998,218.0,2023-03-03T13:09:00-05:00,2.75,6347.039999999995,210.0,2023-03-03T13:01:00-05:00,3.049999999999997,5747.040000000001,335.0,2023-03-03T15:06:00-05:00,1.8500000000000014,8147.039999999993,338.0,2023-03-03T15:09:00-05:00,1.8999999999999986,8047.039999999998,387.0,2023-03-03T15:58:00-05:00,1.9499999999999993,7947.039999999996,336.0,2023-03-03T15:07:00-05:00,1.9500000000000028,7947.039999999989,4320.0,2023-03-06T09:31:00-05:00,0.5250000000000004,10797.039999999995,4321.0,2023-03-06T09:32:00-05:00,0.625,10597.039999999995,4322.0,2023-03-06T09:33:00-05:00,0.5499999999999998,10747.039999999995,4321.0,2023-03-06T09:32:00-05:00,0.625,10597.039999999995,4323.0,2023-03-06T09:34:00-05:00,0.32499999999999973,11197.039999999995,4330.0,2023-03-06T09:41:00-05:00,0.39999999999999947,11047.039999999997,4331.0,2023-03-06T09:42:00-05:00,0.40000000000000036,11047.039999999995,4324.0,2023-03-06T09:35:00-05:00,0.5249999999999995,10797.039999999997,883
2023-03-03,2023-03-06,3,7.0,2023-03-03T09:31:00-05:00,7.050000000000011,NDXP  230306P12230000,NDXP  230306P12220000,development,False,False,0,0,0,1,0,794,available,False,2023-03-03T09:31:00-05:00,2023-03-06T16:00:00-05:00,0.0,13847.040000000025,0.0,last_observed_quote_not_settlement,3916.0,7,7,7.700000000000017,-1552.9600000000107,2023-03-03T09:32:00-05:00,0.0,7.199999999999989,-552.9599999999539,2023-03-03T09:33:00-05:00,0.0,7.099999999999994,-352.9599999999652,2023-03-03T09:36:00-05:00,0.0,6.200000000000017,1447.0399999999893,2023-03-03T09:41:00-05:00,0.0,6.300000000000011,1247.0400000000006,2023-03-03T09:46:00-05:00,0.0,5.8999999999999915,2047.0400000000404,2023-03-03T10:01:00-05:00,0.0,5.300000000000011,3247.040000000001,2023-03-03T10:31:00-05:00,0.0,5.400000000000006,3047.0400000000122,2023-03-03T11:31:00-05:00,0.0,3.1000000000000014,7647.040000000021,2023-03-03T16:00:00-05:00,0.0,,,2023-03-03T16:15:00-05:00,85500.0,,,2023-03-03T16:15:00-05:00,171900.0,0.0,13847.040000000025,2023-03-06T16:00:00-05:00,0.0,26.0,hit,29.0,hit,218.0,hit,338.0,hit,381.0,hit,381.0,hit,382.0,hit,1.0,hit,,never_hit,0.0,hit,,never_hit,,never_hit,,never_hit,7.700000000000017,7,True,False,False,False,,7.700000000000017,7,True,False,False,False,,7.700000000000017,7,True,False,False,False,,7.700000000000017,7,True,False,False,False,,381.0,2023-03-03T15:52:00-05:00,0.75,12347.040000000025,382.0,2023-03-03T15:53:00-05:00,0.45000000000000284,12947.040000000019,4322.0,2023-03-06T09:33:00-05:00,1.3500000000000014,11147.04000000002,382.0,2023-03-03T15:53:00-05:00,0.45000000000000284,12947.040000000019,381.0,2023-03-03T15:52:00-05:00,0.75,12347.040000000025,382.0,2023-03-03T15:53:00-05:00,0.45000000000000284,12947.040000000019,4322.0,2023-03-06T09:33:00-05:00,1.3500000000000014,11147.04000000002,382.0,2023-03-03T15:53:00-05:00,0.45000000000000284,12947.040000000019,381.0,2023-03-03T15:52:00-05:00,0.75,12347.040000000025,382.0,2023-03-03T15:53:00-05:00,0.45000000000000284,12947.040000000019,4354.0,2023-03-06T10:05:00-05:00,0.9499999999999993,11947.040000000026,382.0,2023-03-03T15:53:00-05:00,0.45000000000000284,12947.040000000019,4362.0,2023-03-06T10:13:00-05:00,0.42500000000000027,12997.040000000023,4365.0,2023-03-06T10:16:00-05:00,0.3999999999999999,13047.040000000023,4366.0,2023-03-06T10:17:00-05:00,0.32499999999999973,13197.040000000025,4363.0,2023-03-06T10:14:00-05:00,0.5,12847.040000000025,884
2023-03-06,2023-03-08,2,5.0,2023-03-06T09:31:00-05:00,5.0,NDXP  230308P12390000,NDXP  230308P12380000,development,False,False,0,0,0,104,15,1096,available,False,2023-03-06T09:31:00-05:00,2023-03-08T16:00:00-05:00,10.0,-10152.96,0.0,last_observed_quote_not_settlement,1036.0,814,22,5.75,-1752.9599999999994,2023-03-06T09:32:00-05:00,0.0,5.150000000000006,-552.9600000000107,2023-03-06T09:33:00-05:00,0.0,5.3999999999999915,-1052.9599999999823,2023-03-06T09:36:00-05:00,0.0,5.199999999999989,-652.9599999999766,2023-03-06T09:41:00-05:00,0.0,5.050000000000011,-352.96000000002203,2023-03-06T09:46:00-05:00,0.0,5.199999999999989,-652.9599999999766,2023-03-06T10:01:00-05:00,0.0,4.299999999999997,1147.0400000000063,2023-03-06T10:31:00-05:00,0.0,4.099999999999994,1547.040000000012,2023-03-06T11:31:00-05:00,0.0,6.0,-2252.959999999999,2023-03-06T16:00:00-05:00,0.0,9.349999999999994,-8952.959999999988,2023-03-07T16:00:00-05:00,0.0,10.0,-10152.96,2023-03-08T16:00:00-05:00,0.0,,,,,0.0,hit,0.0,hit,29.0,hit,,never_hit,,never_hit,,never_hit,,never_hit,1.0,hit,7.0,hit,384.0,hit,1475.0,hit,1529.0,hit,1564.0,hit,,,True,True,True,False,1.5,,,True,True,True,False,1.5,,,True,True,True,False,1.5,,,True,True,True,False,1.5,,,,,,,,,,,,,,,,,,,,,,,,,,,,,,,,,,,,,,,,,,,,,,,,,,,,,,,,,,,,,,,,,885
2023-03-06,2023-03-08,2,6.0,2023-03-06T09:31:00-05:00,5.849999999999994,NDXP  230308P12420000,NDXP  230308P12410000,development,False,False,0,0,0,110,15,1090,available,False,2023-03-06T09:31:00-05:00,2023-03-08T16:00:00-05:00,10.0,-8452.96000000001,0.0,last_observed_quote_not_settlement,1036.0,733,33,5.150000000000006,1147.039999999978,2023-03-06T09:32:00-05:00,0.0,5.650000000000006,147.03999999997797,2023-03-06T09:33:00-05:00,0.0,4.850000000000023,1747.0399999999438,2023-03-06T09:36:00-05:00,0.0,5.449999999999989,547.040000000012,2023-03-06T09:41:00-05:00,0.0,5.400000000000006,647.0399999999779,2023-03-06T09:46:00-05:00,0.0,5.399999999999977,647.0400000000348,2023-03-06T10:01:00-05:00,0.0,4.75,1947.0399999999893,2023-03-06T10:31:00-05:00,0.0,4.599999999999994,2247.040000000001,2023-03-06T11:31:00-05:00,0.0,7.400000000000006,-3352.960000000022,2023-03-06T16:00:00-05:00,0.0,9.349999999999966,-7252.959999999945,2023-03-07T16:00:00-05:00,0.0,10.0,-8452.96000000001,2023-03-08T16:00:00-05:00,0.0,,,,,1.0,hit,4.0,hit,108.0,hit,,never_hit,,never_hit,,never_hit,,never_hit,14.0,hit,346.0,hit,389.0,hit,1473.0,hit,1588.0,hit,1697.0,hit,,,True,True,True,False,1.9499999999999886,,,True,True,True,False,1.9499999999999886,,,True,True,True,False,1.9499999999999886,,,True,True,True,False,1.9499999999999886,,,,,,,,,,,,,,,,,,,,,,,,,,,,,,,,,,,,,,,,,,,,,,,,,,,,,,,,,,,,,,,,,886
2023-03-06,2023-03-08,2,7.0,2023-03-06T09:31:00-05:00,6.949999999999989,NDXP  230308P12510000,NDXP  230308P12500000,development,False,False,0,0,0,205,15,995,available,False,2023-03-06T09:31:00-05:00,2023-03-08T16:00:00-05:00,10.0,-6252.960000000023,0.0,last_observed_quote_not_settlement,1037.0,661,44,7.5,-1352.960000000022,2023-03-06T09:32:00-05:00,0.0,6.300000000000011,1047.0399999999552,2023-03-06T09:33:00-05:00,0.0,6.599999999999994,447.03999999998933,2023-03-06T09:36:00-05:00,0.0,6.599999999999994,447.03999999998933,2023-03-06T09:41:00-05:00,0.0,6.649999999999977,347.04000000002344,2023-03-06T09:46:00-05:00,0.0,6.949999999999989,-252.9599999999993,2023-03-06T10:01:00-05:00,0.0,6.2999999999999545,1047.0400000000689,2023-03-06T10:31:00-05:00,0.0,6.100000000000023,1447.0399999999324,2023-03-06T11:31:00-05:00,0.0,8.100000000000023,-2552.960000000069,2023-03-06T16:00:00-05:00,0.0,9.450000000000045,-5252.960000000115,2023-03-07T16:00:00-05:00,0.0,10.0,-6252.960000000023,2023-03-08T16:00:00-05:00,0.0,,,,,75.0,hit,,never_hit,,never_hit,,never_hit,,never_hit,,never_hit,,never_hit,1.0,hit,53.0,hit,1.0,hit,53.0,hit,345.0,hit,1473.0,hit,,,True,True,True,False,1.8999999999999773,,,True,True,True,False,1.8999999999999773,,,True,True,True,False,1.8999999999999773,,,True,True,True,False,1.8999999999999773,,,,,,,,,,,,,,,,,,,,,,,,,,,,,,,,,,,,,,,,,,,,,,,,,,,,,,,,,,,,,,,,,887
2023-03-06,2023-03-09,3,5.0,2023-03-06T09:31:00-05:00,4.949999999999989,NDXP  230309P12390000,NDXP  230309P12380000,development,False,False,0,0,0,36,0,1569,available,False,2023-03-06T09:31:00-05:00,2023-03-09T15:59:00-05:00,10.0,-10252.960000000021,1.0,last_observed_quote_not_settlement,1036.0,1329,23,4.549999999999983,547.040000000012,2023-03-06T09:32:00-05:00,0.0,5.050000000000011,-452.9600000000448,2023-03-06T09:33:00-05:00,0.0,5.349999999999994,-1052.9600000000107,2023-03-06T09:36:00-05:00,0.0,5.100000000000023,-552.9600000000676,2023-03-06T09:41:00-05:00,0.0,4.950000000000017,-252.96000000005614,2023-03-06T09:46:00-05:00,0.0,5.050000000000011,-452.9600000000448,2023-03-06T10:01:00-05:00,0.0,4.199999999999989,1247.0400000000006,2023-03-06T10:31:00-05:00,0.0,4.099999999999994,1447.0399999999893,2023-03-06T11:31:00-05:00,0.0,7.150000000000006,-4652.960000000034,2023-03-06T16:00:00-05:00,0.0,8.550000000000011,-7452.960000000046,2023-03-07T16:00:00-05:00,0.0,8.849999999999994,-8052.960000000013,2023-03-08T16:00:00-05:00,0.0,,,2023-03-09T15:59:00-05:00,60.0,0.0,hit,0.0,hit,72.0,hit,,never_hit,,never_hit,,never_hit,,never_hit,17.0,hit,18.0,hit,389.0,hit,1477.0,hit,1602.0,hit,1755.0,hit,,,True,True,True,False,1.3499999999999943,,,True,True,True,False,1.3499999999999943,,,True,True,True,False,1.3499999999999943,,,True,True,True,False,1.3499999999999943,,,,,,,,,,,,,,,,,,,,,,,,,,,,,,,,,,,,,,,,,,,,,,,,,,,,,,,,,,,,,,,,,888
2023-03-06,2023-03-09,3,6.0,2023-03-06T09:31:00-05:00,6.0,NDXP  230309P12410000,NDXP  230309P12400000,development,False,False,0,0,0,57,0,1548,available,False,2023-03-06T09:31:00-05:00,2023-03-09T15:59:00-05:00,10.0,-8152.96,1.0,last_observed_quote_not_settlement,1036.0,1210,60,5.550000000000011,647.0399999999779,2023-03-06T09:32:00-05:00,0.0,6.399999999999977,-1052.9599999999539,2023-03-06T09:33:00-05:00,0.0,6.850000000000023,-1952.9600000000448,2023-03-06T09:36:00-05:00,0.0,5.150000000000006,1447.0399999999893,2023-03-06T09:41:00-05:00,0.0,5.299999999999983,1147.0400000000348,2023-03-06T09:46:00-05:00,0.0,4.5499999999999545,2647.040000000092,2023-03-06T10:01:00-05:00,0.0,4.5,2747.040000000001,2023-03-06T10:31:00-05:00,0.0,4.400000000000006,2947.0399999999895,2023-03-06T11:31:00-05:00,0.0,6.449999999999989,-1152.9599999999766,2023-03-06T16:00:00-05:00,0.0,9.300000000000011,-6852.960000000024,2023-03-07T16:00:00-05:00,0.0,9.300000000000011,-6852.960000000024,2023-03-08T16:00:00-05:00,0.0,,,2023-03-09T15:59:00-05:00,60.0,3.0,hit,3.0,hit,100.0,hit,,never_hit,,never_hit,,never_hit,,never_hit,5.0,hit,368.0,hit,368.0,hit,1472.0,hit,1690.0,hit,1732.0,hit,,,True,True,True,False,2.1000000000000085,,,True,True,True,False,2.1000000000000085,,,True,True,True,False,2.1000000000000085,,,True,True,True,False,2.1000000000000085,,,,,,,,,,,,,,,,,,,,,,,,,,,,,,,,,,,,,,,,,,,,,,,,,,,,,,,,,,,,,,,,,889
2023-03-06,2023-03-09,3,7.0,2023-03-06T09:31:00-05:00,6.949999999999989,NDXP  230309P12570000,NDXP  230309P12560000,development,False,False,0,0,0,254,0,1351,available,False,2023-03-06T09:31:00-05:00,2023-03-09T15:59:00-05:00,10.0,-6252.960000000023,1.0,last_observed_quote_not_settlement,1041.0,1001,42,7.0,-352.96000000002203,2023-03-06T09:32:00-05:00,0.0,6.900000000000006,-152.9600000000334,2023-03-06T09:33:00-05:00,0.0,6.799999999999983,47.04000000001208,2023-03-06T09:36:00-05:00,0.0,7.549999999999983,-1452.959999999988,2023-03-06T09:41:00-05:00,0.0,7.5,-1352.960000000022,2023-03-06T09:46:00-05:00,0.0,6.550000000000011,547.0399999999552,2023-03-06T10:01:00-05:00,0.0,6.5,647.0399999999779,2023-03-06T10:31:00-05:00,0.0,6.750000000000028,147.03999999992112,2023-03-06T11:31:00-05:00,0.0,8.449999999999932,-3252.9599999998873,2023-03-06T16:00:00-05:00,0.0,,,2023-03-07T15:59:00-05:00,60.0,10.0,-6252.960000000023,2023-03-08T16:00:00-05:00,0.0,,,2023-03-09T15:59:00-05:00,60.0,,never_hit,,never_hit,,never_hit,,never_hit,,never_hit,,never_hit,,never_hit,3.0,hit,9.0,hit,1.0,hit,18.0,hit,327.0,hit,1441.0,hit,,,True,True,True,False,1.1500000000000057,,,True,True,True,False,1.1500000000000057,,,True,True,True,False,1.1500000000000057,,,True,True,True,False,1.1500000000000057,,,,,,,,,,,,,,,,,,,,,,,,,,,,,,,,,,,,,,,,,,,,,,,,,,,,,,,,,,,,,,,,,890
2023-03-07,2023-03-09,2,5.0,2023-03-07T09:31:00-05:00,4.950000000000017,NDXP  230309P12330000,NDXP  230309P12320000,development,False,False,0,0,0,21,15,1179,available,False,2023-03-07T09:31:00-05:00,2023-03-09T16:00:00-05:00,10.0,-10252.959999999965,0.0,last_observed_quote_not_settlement,1036.0,1099,22,5.0,-352.9599999999652,2023-03-07T09:32:00-05:00,0.0,4.8999999999999915,-152.95999999994814,2023-03-07T09:33:00-05:00,0.0,4.550000000000011,547.040000000012,2023-03-07T09:36:00-05:00,0.0,4.549999999999997,547.0400000000404,2023-03-07T09:41:00-05:00,0.0,4.849999999999994,-52.959999999953816,2023-03-07T09:46:00-05:00,0.0,5.75,-1852.9599999999652,2023-03-07T10:01:00-05:00,0.0,6.349999999999966,-3052.959999999897,2023-03-07T10:31:00-05:00,0.0,7.050000000000011,-4452.959999999988,2023-03-07T11:31:00-05:00,0.0,8.400000000000034,-7152.9600000000355,2023-03-07T16:00:00-05:00,0.0,7.699999999999989,-5752.959999999943,2023-03-08T16:00:00-05:00,0.0,10.0,-10252.959999999965,2023-03-09T16:00:00-05:00,0.0,,,,,0.0,hit,0.0,hit,,never_hit,,never_hit,,never_hit,,never_hit,,never_hit,30.0,hit,31.0,hit,37.0,hit,257.0,hit,1491.0,hit,3081.0,hit,,,True,True,True,False,0.7500000000000142,,,True,True,True,False,0.7500000000000142,,,True,True,True,False,0.7500000000000142,,,True,True,True,False,0.7500000000000142,,,,,,,,,,,,,,,,,,,,,,,,,,,,,,,,,,,,,,,,,,,,,,,,,,,,,,,,,,,,,,,,,891
2023-03-07,2023-03-09,2,6.0,2023-03-07T09:31:00-05:00,6.100000000000023,NDXP  230309P12460000,NDXP  230309P12450000,development,False,False,0,0,0,145,15,1055,available,False,2023-03-07T09:31:00-05:00,2023-03-09T16:00:00-05:00,9.300000000000011,-6652.959999999978,0.0,last_observed_quote_not_settlement,1036.0,940,6,6.599999999999994,-1252.9599999999425,2023-03-07T09:32:00-05:00,0.0,7.650000000000006,-3352.959999999965,2023-03-07T09:33:00-05:00,0.0,8.300000000000011,-4652.959999999978,2023-03-07T09:36:00-05:00,0.0,7.950000000000017,-3952.9599999999896,2023-03-07T09:41:00-05:00,0.0,7.5,-3052.9599999999537,2023-03-07T09:46:00-05:00,0.0,7.300000000000011,-2652.9599999999764,2023-03-07T10:01:00-05:00,0.0,8.150000000000006,-4352.959999999967,2023-03-07T10:31:00-05:00,0.0,8.649999999999977,-5352.95999999991,2023-03-07T11:31:00-05:00,0.0,9.199999999999989,-6452.959999999933,2023-03-07T16:00:00-05:00,0.0,9.399999999999977,-6852.95999999991,2023-03-08T16:00:00-05:00,0.0,9.300000000000011,-6652.959999999978,2023-03-09T16:00:00-05:00,0.0,,,,,3230.0,hit,,never_hit,,never_hit,,never_hit,,never_hit,,never_hit,,never_hit,2.0,hit,2.0,hit,2.0,hit,3.0,hit,47.0,hit,106.0,hit,,,True,True,True,False,0.8000000000000114,,,True,True,True,False,0.8000000000000114,,,True,True,True,False,0.8000000000000114,,,True,True,True,False,0.8000000000000114,,,,,,,,,,,,,,,,,,,,,,,,,,,,,,,,,,,,,,,,,,,,,,,,,,,,,,,,,,,,,,,,,892
2023-03-07,2023-03-09,2,7.0,2023-03-07T09:31:00-05:00,7.049999999999983,NDXP  230309P12470000,NDXP  230309P12460000,development,False,False,0,0,0,103,15,1097,available,False,2023-03-07T09:31:00-05:00,2023-03-09T15:59:00-05:00,10.0,-6052.960000000034,1.0,last_observed_quote_not_settlement,1036.0,988,17,8.400000000000006,-2952.9600000000464,2023-03-07T09:32:00-05:00,0.0,6.599999999999966,647.0400000000348,2023-03-07T09:33:00-05:00,0.0,6.75,347.0399999999666,2023-03-07T09:36:00-05:00,0.0,6.800000000000011,247.03999999994383,2023-03-07T09:41:00-05:00,0.0,6.949999999999989,-52.96000000001066,2023-03-07T09:46:00-05:00,0.0,7.699999999999989,-1552.9600000000107,2023-03-07T10:01:00-05:00,0.0,7.649999999999977,-1452.959999999988,2023-03-07T10:31:00-05:00,0.0,8.25,-2652.960000000035,2023-03-07T11:31:00-05:00,0.0,9.300000000000011,-4752.960000000058,2023-03-07T16:00:00-05:00,0.0,9.650000000000006,-5452.960000000046,2023-03-08T16:00:00-05:00,0.0,,,2023-03-09T15:59:00-05:00,60.0,,,,,3234.0,hit,3255.0,hit,,never_hit,,never_hit,,never_hit,,never_hit,,never_hit,1.0,hit,1.0,hit,0.0,hit,1.0,hit,40.0,hit,166.0,hit,,,True,True,True,False,2.94999999999996,,,True,True,True,False,2.94999999999996,,,True,True,True,False,2.94999999999996,,,True,True,True,False,2.94999999999996,,,,,,,,,,,,,,,,,,,,,,,,,,,,,,,,,,,,,,,,,,,,,,,,,,,,,,,,,,,,,,,,,893
2023-03-07,2023-03-10,3,5.0,2023-03-07T09:31:00-05:00,4.999999999999972,NDXP  230310P12340000,NDXP  230310P12330000,development,False,False,0,0,0,119,0,1486,available,False,2023-03-07T09:31:00-05:00,2023-03-10T16:00:00-05:00,10.0,-10152.960000000056,0.0,last_observed_quote_not_settlement,1037.0,1350,50,5.049999999999983,-352.96000000002203,2023-03-07T09:32:00-05:00,0.0,5.250000000000028,-752.960000000113,2023-03-07T09:33:00-05:00,0.0,4.5,747.0399999999438,2023-03-07T09:36:00-05:00,0.0,4.650000000000006,447.0399999999325,2023-03-07T09:41:00-05:00,0.0,4.800000000000011,147.03999999992112,2023-03-07T09:46:00-05:00,0.0,5.599999999999966,-1452.959999999988,2023-03-07T10:01:00-05:00,0.0,5.850000000000023,-1952.9600000001017,2023-03-07T10:31:00-05:00,0.0,6.199999999999989,-2652.9600000000332,2023-03-07T11:31:00-05:00,0.0,7.149999999999977,-4552.960000000011,2023-03-07T16:00:00-05:00,0.0,6.199999999999989,-2652.9600000000332,2023-03-08T16:00:00-05:00,0.0,8.949999999999989,-8152.9600000000355,2023-03-09T16:00:00-05:00,0.0,10.0,-10152.960000000056,2023-03-10T16:00:00-05:00,0.0,0.0,hit,0.0,hit,2955.0,hit,4667.0,hit,,never_hit,,never_hit,,never_hit,30.0,hit,31.0,hit,39.0,hit,357.0,hit,358.0,hit,3229.0,hit,10.0,1323,True,True,True,True,,,,True,True,True,False,2.44999999999996,,,True,True,True,False,2.44999999999996,,,True,True,True,False,2.44999999999996,4667.0,2023-03-10T15:18:00-05:00,2.5500000000000114,4647.039999999921,,,,,,,,,4668.0,2023-03-10T15:19:00-05:00,10.0,-10152.960000000056,,,,,,,,,,,,,,,,,,,,,,,,,,,,,,,,,,,,,,,,,,,,,,,,,894
2023-03-07,2023-03-10,3,6.0,2023-03-07T09:31:00-05:00,6.150000000000034,NDXP  230310P12400000,NDXP  230310P12390000,development,False,False,0,0,0,181,0,1424,available,False,2023-03-07T09:31:00-05:00,2023-03-10T15:59:00-05:00,10.0,-7852.959999999932,1.0,last_observed_quote_not_settlement,1040.0,1095,154,4.900000000000006,2247.0400000000577,2023-03-07T09:32:00-05:00,0.0,4.999999999999972,2047.040000000126,2023-03-07T09:33:00-05:00,0.0,5.150000000000034,1747.0400000000006,2023-03-07T09:36:00-05:00,0.0,5.349999999999994,1347.0400000000802,2023-03-07T09:41:00-05:00,0.0,4.800000000000011,2447.0400000000463,2023-03-07T09:46:00-05:00,0.0,7.400000000000006,-2752.9599999999423,2023-03-07T10:01:00-05:00,0.0,6.100000000000023,-152.95999999997656,2023-03-07T10:31:00-05:00,0.0,6.150000000000034,-252.9599999999993,2023-03-07T11:31:00-05:00,0.0,8.649999999999977,-5252.959999999887,2023-03-07T16:00:00-05:00,0.0,7.050000000000011,-2052.9599999999537,2023-03-08T16:00:00-05:00,0.0,9.600000000000023,-7152.959999999978,2023-03-09T16:00:00-05:00,0.0,,,2023-03-10T15:59:00-05:00,60.0,1.0,hit,1.0,hit,3.0,hit,,never_hit,,never_hit,,never_hit,,never_hit,30.0,hit,30.0,hit,30.0,hit,52.0,hit,1472.0,hit,3125.0,hit,,,True,True,True,False,2.7000000000001023,,,True,True,True,False,2.7000000000001023,,,True,True,True,False,2.7000000000001023,,,True,True,True,False,2.7000000000001023,,,,,,,,,,,,,,,,,,,,,,,,,,,,,,,,,,,,,,,,,,,,,,,,,,,,,,,,,,,,,,,,,895
2023-03-07,2023-03-10,3,7.0,2023-03-07T09:31:00-05:00,7.100000000000023,NDXP  230310P12510000,NDXP  230310P12500000,development,False,False,0,0,0,148,0,1457,available,False,2023-03-07T09:31:00-05:00,2023-03-10T16:00:00-05:00,10.0,-5952.959999999955,0.0,last_observed_quote_not_settlement,1036.0,1304,76,8.049999999999983,-2152.9599999999214,2023-03-07T09:32:00-05:00,0.0,8.200000000000017,-2452.9599999999896,2023-03-07T09:33:00-05:00,0.0,8.399999999999977,-2852.95999999991,2023-03-07T09:36:00-05:00,0.0,6.600000000000023,747.0400000000006,2023-03-07T09:41:00-05:00,0.0,8.100000000000023,-2252.960000000001,2023-03-07T09:46:00-05:00,0.0,8.700000000000045,-3452.9600000000464,2023-03-07T10:01:00-05:00,0.0,7.899999999999977,-1852.9599999999084,2023-03-07T10:31:00-05:00,0.0,8.150000000000034,-2352.9600000000237,2023-03-07T11:31:00-05:00,0.0,9.199999999999932,-4452.959999999819,2023-03-07T16:00:00-05:00,0.0,9.5,-5052.9599999999555,2023-03-08T16:00:00-05:00,0.0,,,2023-03-09T15:58:00-05:00,120.0,10.0,-5952.959999999955,2023-03-10T16:00:00-05:00,0.0,3235.0,hit,3235.0,hit,4347.0,hit,,never_hit,,never_hit,,never_hit,,never_hit,1.0,hit,2.0,hit,0.0,hit,1.0,hit,55.0,hit,156.0,hit,,,True,True,True,False,3.800000000000068,,,True,True,True,False,3.800000000000068,,,True,True,True,False,3.800000000000068,,,True,True,True,False,3.800000000000068,,,,,,,,,,,,,,,,,,,,,,,,,,,,,,,,,,,,,,,,,,,,,,,,,,,,,,,,,,,,,,,,,896
2023-03-08,2023-03-10,2,5.0,2023-03-08T09:31:00-05:00,5.049999999999983,NDXP  230310P12230000,NDXP  230310P12220000,development,False,False,0,0,0,56,0,1144,available,False,2023-03-08T09:31:00-05:00,2023-03-10T16:00:00-05:00,10.0,-10052.960000000034,0.0,last_observed_quote_not_settlement,1036.0,757,105,5.050000000000011,-252.96000000005614,2023-03-08T09:32:00-05:00,0.0,5.349999999999994,-852.9600000000221,2023-03-08T09:33:00-05:00,0.0,5.850000000000023,-1852.960000000079,2023-03-08T09:36:00-05:00,0.0,5.550000000000011,-1252.9600000000562,2023-03-08T09:41:00-05:00,0.0,6.25,-2652.9600000000332,2023-03-08T09:46:00-05:00,0.0,7.0,-4152.960000000034,2023-03-08T10:01:00-05:00,0.0,5.200000000000017,-552.9600000000676,2023-03-08T10:31:00-05:00,0.0,5.350000000000023,-852.9600000000789,2023-03-08T11:31:00-05:00,0.0,4.950000000000017,-52.9600000000675,2023-03-08T16:00:00-05:00,0.0,7.800000000000011,-5752.960000000056,2023-03-09T16:00:00-05:00,0.0,10.0,-10052.960000000034,2023-03-10T16:00:00-05:00,0.0,,,,,0.0,hit,3.0,hit,293.0,hit,3254.0,hit,3254.0,hit,3254.0,hit,,never_hit,4.0,hit,4.0,hit,30.0,hit,1789.0,hit,2881.0,hit,2884.0,hit,10.0,751,True,True,True,True,,10.0,751,True,True,True,True,,10.0,751,True,True,True,True,,,,True,True,True,False,4.399999999999949,3254.0,2023-03-10T15:45:00-05:00,0.6500000000000341,8547.039999999899,,,,,,,,,3255.0,2023-03-10T15:46:00-05:00,9.950000000000045,-10052.960000000034,3254.0,2023-03-10T15:45:00-05:00,0.6500000000000341,8547.039999999899,,,,,,,,,3255.0,2023-03-10T15:46:00-05:00,9.950000000000045,-10052.960000000034,3254.0,2023-03-10T15:45:00-05:00,0.6500000000000341,8547.039999999899,,,,,,,,,3255.0,2023-03-10T15:46:00-05:00,9.950000000000045,-10052.960000000034,,,,,,,,,,,,,,,,,897
2023-03-08,2023-03-10,2,6.0,2023-03-08T09:31:00-05:00,6.000000000000028,NDXP  230310P12270000,NDXP  230310P12260000,development,False,False,0,0,0,91,0,1109,available,False,2023-03-08T09:31:00-05:00,2023-03-10T16:00:00-05:00,10.0,-8152.959999999943,0.0,last_observed_quote_not_settlement,1037.0,584,82,5.950000000000017,-152.95999999997656,2023-03-08T09:32:00-05:00,0.0,5.050000000000011,1647.0400000000348,2023-03-08T09:33:00-05:00,0.0,6.25,-752.9599999999425,2023-03-08T09:36:00-05:00,0.0,6.449999999999989,-1152.9599999999198,2023-03-08T09:41:00-05:00,0.0,6.099999999999994,-452.9599999999311,2023-03-08T09:46:00-05:00,0.0,6.549999999999983,-1352.9599999999084,2023-03-08T10:01:00-05:00,0.0,6.849999999999994,-1952.9599999999311,2023-03-08T10:31:00-05:00,0.0,5.900000000000034,-52.96000000001066,2023-03-08T11:31:00-05:00,0.0,6.0,-252.95999999994245,2023-03-08T16:00:00-05:00,0.0,8.650000000000034,-5552.960000000013,2023-03-09T16:00:00-05:00,0.0,10.0,-8152.959999999943,2023-03-10T16:00:00-05:00,0.0,,,,,2.0,hit,3.0,hit,1460.0,hit,,never_hit,,never_hit,,never_hit,,never_hit,11.0,hit,29.0,hit,29.0,hit,1700.0,hit,1793.0,hit,1793.0,hit,,,True,True,True,False,2.3000000000000256,,,True,True,True,False,2.3000000000000256,,,True,True,True,False,2.3000000000000256,,,True,True,True,False,2.3000000000000256,,,,,,,,,,,,,,,,,,,,,,,,,,,,,,,,,,,,,,,,,,,,,,,,,,,,,,,,,,,,,,,,,898
2023-03-08,2023-03-10,2,7.0,2023-03-08T09:31:00-05:00,7.0,NDXP  230310P12320000,NDXP  230310P12310000,development,False,False,0,0,0,112,0,1088,available,False,2023-03-08T09:31:00-05:00,2023-03-10T16:00:00-05:00,10.0,-6152.96,0.0,last_observed_quote_not_settlement,1036.0,487,106,5.349999999999994,3047.0400000000122,2023-03-08T09:32:00-05:00,0.0,6.900000000000006,-52.96000000001066,2023-03-08T09:33:00-05:00,0.0,6.300000000000011,1147.039999999978,2023-03-08T09:36:00-05:00,0.0,7.599999999999994,-1452.959999999988,2023-03-08T09:41:00-05:00,0.0,7.349999999999994,-952.959999999988,2023-03-08T09:46:00-05:00,0.0,7.599999999999966,-1452.9599999999311,2023-03-08T10:01:00-05:00,0.0,7.100000000000023,-452.9600000000448,2023-03-08T10:31:00-05:00,0.0,6.800000000000011,147.03999999997797,2023-03-08T11:31:00-05:00,0.0,5.850000000000023,2047.0399999999554,2023-03-08T16:00:00-05:00,0.0,8.949999999999932,-4152.9599999998645,2023-03-09T16:00:00-05:00,0.0,10.0,-6152.96,2023-03-10T16:00:00-05:00,0.0,,,,,1.0,hit,1442.0,hit,,never_hit,,never_hit,,never_hit,,never_hit,,never_hit,4.0,hit,17.0,hit,0.0,hit,17.0,hit,1773.0,hit,1794.0,hit,,,True,True,True,False,2.9499999999999886,,,True,True,True,False,2.9499999999999886,,,True,True,True,False,2.9499999999999886,,,True,True,True,False,2.9499999999999886,,,,,,,,,,,,,,,,,,,,,,,,,,,,,,,,,,,,,,,,,,,,,,,,,,,,,,,,,,,,,,,,,899
2023-03-10,2023-03-13,3,5.0,2023-03-10T09:31:00-05:00,5.1000000000000085,NDXP  230313P11970000,NDXP  230313P11960000,development,False,False,0,0,0,3,0,792,available,False,2023-03-10T09:31:00-05:00,2023-03-13T16:00:00-04:00,9.400000000000006,-8852.959999999994,0.0,last_observed_quote_not_settlement,3916.0,398,55,4.450000000000017,1047.0399999999836,2023-03-10T09:32:00-05:00,0.0,4.199999999999989,1547.0400000000404,2023-03-10T09:33:00-05:00,0.0,5.25,-552.9599999999823,2023-03-10T09:36:00-05:00,0.0,5.700000000000003,-1452.959999999988,2023-03-10T09:41:00-05:00,0.0,5.299999999999983,-652.9599999999482,2023-03-10T09:46:00-05:00,0.0,5.3999999999999915,-852.9599999999652,2023-03-10T10:01:00-05:00,0.0,5.699999999999989,-1452.9599999999596,2023-03-10T10:31:00-05:00,0.0,4.499999999999993,947.0400000000319,2023-03-10T11:31:00-05:00,0.0,7.400000000000006,-4852.959999999994,2023-03-10T16:00:00-05:00,0.0,,,2023-03-10T16:15:00-05:00,85500.0,,,2023-03-10T16:15:00-05:00,171900.0,9.400000000000006,-8852.959999999994,2023-03-13T16:00:00-04:00,0.0,0.0,hit,1.0,hit,64.0,hit,123.0,hit,4383.0,hit,4420.0,hit,4605.0,hit,10.0,hit,13.0,hit,242.0,hit,265.0,hit,379.0,hit,4270.0,hit,6.75,54,False,False,False,False,,9.999999999999943,364,True,True,True,True,,9.999999999999943,364,True,True,True,True,,9.999999999999943,388,True,True,True,True,,125.0,2023-03-10T11:36:00-05:00,2.8999999999999915,4147.0400000000345,4379.0,2023-03-13T11:30:00-04:00,2.8500000000000014,4247.0400000000145,4380.0,2023-03-13T11:31:00-04:00,2.75,4447.040000000018,126.0,2023-03-10T11:37:00-05:00,3.1500000000000057,3647.0400000000063,4407.0,2023-03-13T11:58:00-04:00,1.5499999999999972,6847.040000000024,4547.0,2023-03-13T14:18:00-04:00,1.8000000000000007,6347.040000000016,4548.0,2023-03-13T14:19:00-04:00,1.700000000000001,6547.040000000015,4408.0,2023-03-13T11:59:00-04:00,2.8999999999999986,4147.040000000021,4420.0,2023-03-13T12:11:00-04:00,0.5500000000000007,8847.040000000017,4605.0,2023-03-13T15:16:00-04:00,0.5,8947.040000000019,4606.0,2023-03-13T15:17:00-04:00,0.7999999999999998,8347.040000000019,4421.0,2023-03-13T12:12:00-04:00,2.950000000000003,4047.040000000012,,,,,,,,,,,,,,,,,900
2023-03-10,2023-03-13,3,6.0,2023-03-10T09:31:00-05:00,6.049999999999983,NDXP  230313P12060000,NDXP  230313P12050000,development,False,False,0,0,0,13,0,782,available,False,2023-03-10T09:31:00-05:00,2023-03-13T16:00:00-04:00,9.800000000000011,-7752.960000000058,0.0,last_observed_quote_not_settlement,3916.0,597,77,5.849999999999966,147.0400000000348,2023-03-10T09:32:00-05:00,0.0,3.799999999999997,4247.039999999973,2023-03-10T09:33:00-05:00,0.0,6.650000000000034,-1452.9600000001017,2023-03-10T09:36:00-05:00,0.0,6.549999999999983,-1252.9599999999994,2023-03-10T09:41:00-05:00,0.0,8.049999999999983,-4252.960000000001,2023-03-10T09:46:00-05:00,0.0,5.899999999999977,47.04000000001208,2023-03-10T10:01:00-05:00,0.0,6.550000000000011,-1252.9600000000562,2023-03-10T10:31:00-05:00,0.0,4.8999999999999915,2047.0399999999836,2023-03-10T11:31:00-05:00,0.0,9.0,-6152.9600000000355,2023-03-10T16:00:00-05:00,0.0,,,2023-03-10T16:15:00-05:00,85500.0,,,2023-03-10T16:15:00-05:00,171900.0,9.800000000000011,-7752.960000000058,2023-03-13T16:00:00-04:00,0.0,2.0,hit,2.0,hit,2.0,hit,121.0,hit,,never_hit,,never_hit,,never_hit,5.0,hit,14.0,hit,11.0,hit,15.0,hit,310.0,hit,352.0,hit,8.049999999999983,84,True,True,False,False,,,,True,True,True,False,3.8499999999999943,,,True,True,True,False,3.8499999999999943,,,True,True,True,False,3.8499999999999943,4420.0,2023-03-13T12:11:00-04:00,2.1999999999999886,7447.039999999989,,,,,,,,,4421.0,2023-03-13T12:12:00-04:00,5.599999999999994,647.0399999999779,,,,,,,,,,,,,,,,,,,,,,,,,,,,,,,,,,,,,,,,,,,,,,,,,901
2023-03-10,2023-03-13,3,7.0,2023-03-10T09:31:00-05:00,7.050000000000011,NDXP  230313P12130000,NDXP  230313P12120000,development,False,False,0,0,0,28,0,767,available,False,2023-03-10T09:31:00-05:00,2023-03-13T16:00:00-04:00,10.0,-6052.959999999977,0.0,last_observed_quote_not_settlement,3916.0,674,51,6.999999999999972,-152.95999999991972,2023-03-10T09:32:00-05:00,0.0,7.550000000000011,-1252.9599999999994,2023-03-10T09:33:00-05:00,0.0,7.649999999999977,-1452.9599999999311,2023-03-10T09:36:00-05:00,0.0,7.799999999999983,-1752.9599999999425,2023-03-10T09:41:00-05:00,0.0,7.599999999999966,-1352.9599999999084,2023-03-10T09:46:00-05:00,0.0,7.599999999999994,-1352.9599999999652,2023-03-10T10:01:00-05:00,0.0,7.950000000000017,-2052.9600000000123,2023-03-10T10:31:00-05:00,0.0,6.25,1347.0400000000234,2023-03-10T11:31:00-05:00,0.0,9.400000000000034,-4952.960000000046,2023-03-10T16:00:00-05:00,0.0,,,2023-03-10T16:15:00-05:00,85500.0,,,2023-03-10T16:15:00-05:00,171900.0,10.0,-6052.959999999977,2023-03-13T16:00:00-04:00,0.0,132.0,hit,4268.0,hit,4268.0,hit,4268.0,hit,4268.0,hit,,never_hit,,never_hit,2.0,hit,14.0,hit,0.0,hit,14.0,hit,80.0,hit,80.0,hit,10.0,334,True,True,True,True,,10.0,334,True,True,True,True,,,,True,True,True,False,5.300000000000011,,,True,True,True,False,5.300000000000011,4268.0,2023-03-13T09:39:00-04:00,1.75,10347.040000000025,,,,,,,,,4269.0,2023-03-13T09:40:00-04:00,9.699999999999989,-5552.9599999999555,4268.0,2023-03-13T09:39:00-04:00,1.75,10347.040000000025,,,,,,,,,4269.0,2023-03-13T09:40:00-04:00,9.699999999999989,-5552.9599999999555,,,,,,,,,,,,,,,,,,,,,,,,,,,,,,,,,902
2023-03-13,2023-03-15,2,5.0,2023-03-13T09:31:00-04:00,5.0,NDXP  230315P11820000,NDXP  230315P11810000,development,False,False,0,0,0,16,15,1184,available,False,2023-03-13T09:31:00-04:00,2023-03-15T16:00:00-04:00,0.0,9747.04,0.0,last_observed_quote_not_settlement,1036.0,18,18,4.900000000000006,-52.96000000001066,2023-03-13T09:32:00-04:00,0.0,5.099999999999966,-452.9599999999311,2023-03-13T09:33:00-04:00,0.0,5.199999999999989,-652.9599999999766,2023-03-13T09:36:00-04:00,0.0,5.25,-752.9599999999994,2023-03-13T09:41:00-04:00,0.0,5.199999999999989,-652.9599999999766,2023-03-13T09:46:00-04:00,0.0,4.150000000000006,1447.0399999999893,2023-03-13T10:01:00-04:00,0.0,3.25,3247.040000000001,2023-03-13T10:31:00-04:00,0.0,2.6999999999999886,4347.040000000024,2023-03-13T11:31:00-04:00,0.0,3.5500000000000114,2647.039999999978,2023-03-13T16:00:00-04:00,0.0,0.34999999999999964,9047.040000000003,2023-03-14T16:00:00-04:00,0.0,0.0,9747.04,2023-03-15T16:00:00-04:00,0.0,,,,,0.0,hit,0.0,hit,23.0,hit,37.0,hit,316.0,hit,1450.0,hit,1532.0,hit,6.0,hit,6.0,hit,,never_hit,,never_hit,,never_hit,,never_hit,6.949999999999989,13,False,False,False,False,,6.949999999999989,18,False,False,False,False,,6.949999999999989,18,False,False,False,False,,6.949999999999989,18,False,False,False,False,,38.0,2023-03-13T10:09:00-04:00,2.9000000000000057,3947.0399999999895,109.0,2023-03-13T11:20:00-04:00,2.8499999999999943,4047.040000000012,120.0,2023-03-13T11:31:00-04:00,2.6999999999999886,4347.040000000024,39.0,2023-03-13T10:10:00-04:00,5.75,-1752.9599999999994,316.0,2023-03-13T14:47:00-04:00,1.6499999999999915,6447.040000000018,1441.0,2023-03-14T09:32:00-04:00,1.5999999999999979,6547.0400000000045,1442.0,2023-03-14T09:33:00-04:00,1.5999999999999943,6547.040000000012,317.0,2023-03-13T14:48:00-04:00,2.9000000000000057,3947.0399999999895,1452.0,2023-03-14T09:43:00-04:00,0.75,8247.04,1458.0,2023-03-14T09:49:00-04:00,0.8000000000000007,8147.04,1477.0,2023-03-14T10:08:00-04:00,0.8499999999999996,8047.040000000002,1453.0,2023-03-14T09:44:00-04:00,1.1500000000000004,7447.04,1541.0,2023-03-14T11:12:00-04:00,0.3000000000000007,9147.04,1599.0,2023-03-14T12:10:00-04:00,0.35000000000000053,9047.04,1600.0,2023-03-14T12:11:00-04:00,0.40000000000000036,8947.04,1542.0,2023-03-14T11:13:00-04:00,0.6000000000000005,8547.04,903
2023-03-13,2023-03-15,2,6.0,2023-03-13T09:31:00-04:00,6.050000000000011,NDXP  230315P11950000,NDXP  230315P11940000,development,False,False,0,0,0,3,15,1197,available,False,2023-03-13T09:31:00-04:00,2023-03-15T16:00:00-04:00,0.0,11847.040000000025,0.0,last_observed_quote_not_settlement,1036.0,14,18,6.0,-152.95999999997656,2023-03-13T09:32:00-04:00,0.0,6.199999999999989,-552.9599999999539,2023-03-13T09:33:00-04:00,0.0,4.050000000000011,3747.040000000001,2023-03-13T09:36:00-04:00,0.0,6.349999999999966,-852.9599999999084,2023-03-13T09:41:00-04:00,0.0,6.099999999999966,-352.95999999990835,2023-03-13T09:46:00-04:00,0.0,5.200000000000017,1447.0399999999893,2023-03-13T10:01:00-04:00,0.0,4.749999999999972,2347.0400000000805,2023-03-13T10:31:00-04:00,0.0,3.700000000000003,4447.040000000018,2023-03-13T11:31:00-04:00,0.0,6.349999999999966,-852.9599999999084,2023-03-13T16:00:00-04:00,0.0,0.9499999999999993,9947.040000000026,2023-03-14T16:00:00-04:00,0.0,0.0,11847.040000000025,2023-03-15T16:00:00-04:00,0.0,,,,,5.0,hit,5.0,hit,20.0,hit,95.0,hit,1451.0,hit,1548.0,hit,3015.0,hit,11.0,hit,140.0,hit,140.0,hit,,never_hit,,never_hit,,never_hit,6.600000000000023,11,False,False,False,False,,7.050000000000011,14,True,False,False,False,,7.050000000000011,14,True,False,False,False,,7.050000000000011,14,True,False,False,False,,95.0,2023-03-13T11:06:00-04:00,2.450000000000017,6947.039999999989,96.0,2023-03-13T11:07:00-04:00,2.700000000000017,6447.039999999989,1447.0,2023-03-14T09:38:00-04:00,2.549999999999997,6747.040000000029,96.0,2023-03-13T11:07:00-04:00,2.700000000000017,6447.039999999989,1456.0,2023-03-14T09:47:00-04:00,1.9000000000000057,8047.040000000012,1492.0,2023-03-14T10:23:00-04:00,1.4500000000000028,8947.040000000019,1493.0,2023-03-14T10:24:00-04:00,1.8000000000000007,8247.040000000023,1457.0,2023-03-14T09:48:00-04:00,2.3500000000000014,7147.040000000021,1572.0,2023-03-14T11:43:00-04:00,0.8999999999999986,10047.040000000026,1829.0,2023-03-14T16:00:00-04:00,0.9499999999999993,9947.040000000026,2996.0,2023-03-15T11:27:00-04:00,0.7999999999999989,10247.040000000026,1573.0,2023-03-14T11:44:00-04:00,1.1000000000000014,9647.04000000002,3016.0,2023-03-15T11:47:00-04:00,0.4499999999999993,10947.040000000026,3017.0,2023-03-15T11:48:00-04:00,0.30000000000000027,11247.040000000023,3018.0,2023-03-15T11:49:00-04:00,0.39999999999999947,11047.040000000025,3017.0,2023-03-15T11:48:00-04:00,0.30000000000000027,11247.040000000023,904
2023-03-13,2023-03-15,2,7.0,2023-03-13T09:31:00-04:00,6.949999999999932,NDXP  230315P12060000,NDXP  230315P12050000,development,False,False,0,0,0,2,15,1198,available,False,2023-03-13T09:31:00-04:00,2023-03-15T16:00:00-04:00,0.0,13647.039999999864,0.0,last_observed_quote_not_settlement,1036.0,26,26,6.899999999999977,-152.96000000009025,2023-03-13T09:32:00-04:00,0.0,7.099999999999966,-552.9600000000676,2023-03-13T09:33:00-04:00,0.0,9.149999999999977,-4652.960000000092,2023-03-13T09:36:00-04:00,0.0,7.2999999999999545,-952.9600000000448,2023-03-13T09:41:00-04:00,0.0,8.099999999999966,-2552.960000000069,2023-03-13T09:46:00-04:00,0.0,6.300000000000068,1047.0399999997278,2023-03-13T10:01:00-04:00,0.0,6.550000000000011,547.0399999998415,2023-03-13T10:31:00-04:00,0.0,4.5,4647.039999999864,2023-03-13T11:31:00-04:00,0.0,4.650000000000006,4347.039999999853,2023-03-13T16:00:00-04:00,0.0,1.0500000000000007,11547.039999999864,2023-03-14T16:00:00-04:00,0.0,0.0,13647.039999999864,2023-03-15T16:00:00-04:00,0.0,,,,,65.0,hit,87.0,hit,93.0,hit,166.0,hit,1555.0,hit,3170.0,hit,3177.0,hit,5.0,hit,5.0,hit,2.0,hit,5.0,hit,5.0,hit,,never_hit,9.149999999999977,20,True,True,True,True,,9.149999999999977,26,True,True,True,True,,9.149999999999977,26,True,True,True,True,,9.149999999999977,26,True,True,True,True,,1492.0,2023-03-14T10:23:00-04:00,2.9499999999999957,7747.039999999873,1496.0,2023-03-14T10:27:00-04:00,2.9499999999999957,7747.039999999873,1497.0,2023-03-14T10:28:00-04:00,2.8499999999999943,7947.039999999875,1493.0,2023-03-14T10:24:00-04:00,3.0500000000000043,7547.039999999855,1555.0,2023-03-14T11:26:00-04:00,1.8999999999999915,9847.039999999883,3016.0,2023-03-15T11:47:00-04:00,1.8999999999999986,9847.039999999868,3017.0,2023-03-15T11:48:00-04:00,1.450000000000001,10747.039999999863,1556.0,2023-03-14T11:27:00-04:00,2.3999999999999986,8847.039999999868,3171.0,2023-03-15T14:22:00-04:00,0.8500000000000005,11947.039999999864,3174.0,2023-03-15T14:25:00-04:00,0.6750000000000003,12297.039999999864,3175.0,2023-03-15T14:26:00-04:00,0.625,12397.039999999864,3172.0,2023-03-15T14:23:00-04:00,0.9500000000000002,11747.039999999864,3177.0,2023-03-15T14:28:00-04:00,0.4249999999999998,12797.039999999866,3178.0,2023-03-15T14:29:00-04:00,0.4249999999999998,12797.039999999866,3189.0,2023-03-15T14:40:00-04:00,0.2999999999999998,13047.039999999866,3178.0,2023-03-15T14:29:00-04:00,0.4249999999999998,12797.039999999866,905
2023-03-13,2023-03-16,3,5.0,2023-03-13T09:31:00-04:00,4.900000000000006,NDXP  230316P11830000,NDXP  230316P11820000,development,False,False,0,0,0,34,0,1571,available,False,2023-03-13T09:31:00-04:00,2023-03-16T16:00:00-04:00,0.0,9547.040000000014,0.0,last_observed_quote_not_settlement,1036.0,20,16,4.900000000000006,-252.9599999999993,2023-03-13T09:32:00-04:00,0.0,5.049999999999983,-552.9599999999539,2023-03-13T09:33:00-04:00,0.0,5.350000000000023,-1152.9600000000335,2023-03-13T09:36:00-04:00,0.0,4.9500000000000455,-352.9600000000789,2023-03-13T09:41:00-04:00,0.0,5.050000000000011,-552.9600000000107,2023-03-13T09:46:00-04:00,0.0,4.100000000000023,1347.0399999999665,2023-03-13T10:01:00-04:00,0.0,4.150000000000006,1247.0400000000006,2023-03-13T10:31:00-04:00,0.0,2.8000000000000114,3947.0399999999895,2023-03-13T11:31:00-04:00,0.0,4.300000000000011,947.0399999999893,2023-03-13T16:00:00-04:00,0.0,0.7999999999999972,7947.040000000018,2023-03-14T16:00:00-04:00,0.0,0.15000000000000036,9247.040000000012,2023-03-15T16:00:00-04:00,0.0,0.0,9547.040000000014,2023-03-16T16:00:00-04:00,0.0,0.0,hit,0.0,hit,18.0,hit,38.0,hit,198.0,hit,1507.0,hit,2883.0,hit,6.0,hit,6.0,hit,,never_hit,,never_hit,,never_hit,,never_hit,6.900000000000034,15,False,False,False,False,,6.900000000000034,18,False,False,False,False,,6.900000000000034,20,False,False,False,False,,6.900000000000034,20,False,False,False,False,,38.0,2023-03-13T10:09:00-04:00,2.5999999999999943,4347.040000000024,123.0,2023-03-13T11:34:00-04:00,2.9000000000000057,3747.040000000001,150.0,2023-03-13T12:01:00-04:00,2.6500000000000057,4247.040000000001,39.0,2023-03-13T10:10:00-04:00,3.799999999999983,1947.0400000000461,198.0,2023-03-13T12:49:00-04:00,1.3999999999999915,6747.040000000029,1448.0,2023-03-14T09:39:00-04:00,1.7999999999999972,5947.040000000018,1449.0,2023-03-14T09:40:00-04:00,1.5,6547.040000000012,199.0,2023-03-13T12:50:00-04:00,3.450000000000003,2647.0400000000063,1507.0,2023-03-14T10:38:00-04:00,0.8499999999999979,7847.040000000016,1560.0,2023-03-14T11:31:00-04:00,0.9000000000000021,7747.040000000008,1561.0,2023-03-14T11:32:00-04:00,0.9499999999999993,7647.040000000014,1508.0,2023-03-14T10:39:00-04:00,1.1999999999999993,7147.040000000014,2883.0,2023-03-15T09:34:00-04:00,0.05000000000000071,9447.040000000012,3191.0,2023-03-15T14:42:00-04:00,0.4499999999999993,8647.040000000014,3212.0,2023-03-15T15:03:00-04:00,0.4499999999999993,8647.040000000014,2884.0,2023-03-15T09:35:00-04:00,1.3999999999999986,6747.0400000000145,906
2023-03-13,2023-03-16,3,6.0,2023-03-13T09:31:00-04:00,6.0,NDXP  230316P11970000,NDXP  230316P11960000,development,False,False,0,0,0,5,0,1600,available,False,2023-03-13T09:31:00-04:00,2023-03-16T16:00:00-04:00,0.0,11747.04,0.0,last_observed_quote_not_settlement,1036.0,17,12,5.900000000000034,-52.9600000000675,2023-03-13T09:32:00-04:00,0.0,4.0,3747.040000000001,2023-03-13T09:33:00-04:00,0.0,7.949999999999989,-4152.959999999976,2023-03-13T09:36:00-04:00,0.0,6.350000000000023,-952.9600000000448,2023-03-13T09:41:00-04:00,0.0,6.699999999999932,-1652.959999999863,2023-03-13T09:46:00-04:00,0.0,5.050000000000011,1647.039999999978,2023-03-13T10:01:00-04:00,0.0,5.049999999999983,1647.0400000000348,2023-03-13T10:31:00-04:00,0.0,3.75,4247.040000000001,2023-03-13T11:31:00-04:00,0.0,2.5,6747.040000000001,2023-03-13T16:00:00-04:00,0.0,1.6999999999999957,8347.04000000001,2023-03-14T16:00:00-04:00,0.0,0.7999999999999989,10147.040000000005,2023-03-15T16:00:00-04:00,0.0,0.0,11747.04,2023-03-16T16:00:00-04:00,0.0,2.0,hit,2.0,hit,2.0,hit,78.0,hit,146.0,hit,3190.0,hit,4324.0,hit,5.0,hit,5.0,hit,5.0,hit,,never_hit,,never_hit,,never_hit,7.949999999999989,14,True,False,False,False,,7.949999999999989,16,True,False,False,False,,7.949999999999989,17,True,False,False,False,,7.949999999999989,17,True,False,False,False,,146.0,2023-03-13T11:57:00-04:00,1.8999999999999773,7947.040000000046,1453.0,2023-03-14T09:44:00-04:00,2.8000000000000043,6147.039999999992,1454.0,2023-03-14T09:45:00-04:00,2.75,6247.040000000001,147.0,2023-03-13T11:58:00-04:00,3.950000000000017,3847.0399999999668,146.0,2023-03-13T11:57:00-04:00,1.8999999999999773,7947.040000000046,1518.0,2023-03-14T10:49:00-04:00,1.8500000000000014,8047.039999999998,1549.0,2023-03-14T11:20:00-04:00,1.8500000000000014,8047.039999999998,147.0,2023-03-13T11:58:00-04:00,3.950000000000017,3847.0399999999668,3190.0,2023-03-15T14:41:00-04:00,0.5500000000000007,10647.04,3270.0,2023-03-15T16:01:00-04:00,0.7999999999999989,10147.040000000005,3271.0,2023-03-15T16:02:00-04:00,0.6999999999999993,10347.040000000003,3191.0,2023-03-15T14:42:00-04:00,1.1000000000000014,9547.039999999999,4324.0,2023-03-16T09:35:00-04:00,0.3000000000000007,11147.04,4331.0,2023-03-16T09:42:00-04:00,0.34999999999999964,11047.040000000003,4332.0,2023-03-16T09:43:00-04:00,0.4499999999999993,10847.040000000003,4325.0,2023-03-16T09:36:00-04:00,0.5999999999999996,10547.040000000003,907
2023-03-13,2023-03-16,3,7.0,2023-03-13T09:31:00-04:00,6.9500000000000455,NDXP  230316P12090000,NDXP  230316P12080000,development,False,False,0,0,0,13,0,1592,available,False,2023-03-13T09:31:00-04:00,2023-03-16T16:00:00-04:00,0.0,13647.040000000092,0.0,last_observed_quote_not_settlement,1036.0,7,10,6.7999999999999545,47.04000000018261,2023-03-13T09:32:00-04:00,0.0,7.100000000000023,-552.9599999999539,2023-03-13T09:33:00-04:00,0.0,5.550000000000011,2547.040000000069,2023-03-13T09:36:00-04:00,0.0,7.600000000000023,-1552.9599999999539,2023-03-13T09:41:00-04:00,0.0,6.9500000000000455,-252.9599999999993,2023-03-13T09:46:00-04:00,0.0,6.800000000000011,47.04000000006892,2023-03-13T10:01:00-04:00,0.0,6.449999999999989,747.0400000001143,2023-03-13T10:31:00-04:00,0.0,4.700000000000017,4247.040000000057,2023-03-13T11:31:00-04:00,0.0,5.550000000000011,2547.040000000069,2023-03-13T16:00:00-04:00,0.0,3.1499999999999915,7347.040000000109,2023-03-14T16:00:00-04:00,0.0,1.8500000000000014,9947.04000000009,2023-03-15T16:00:00-04:00,0.0,0.0,13647.040000000092,2023-03-16T16:00:00-04:00,0.0,16.0,hit,62.0,hit,188.0,hit,1502.0,hit,3193.0,hit,4346.0,hit,4363.0,hit,10.0,hit,54.0,hit,2.0,hit,54.0,hit,,never_hit,,never_hit,8.199999999999989,7,True,True,False,False,,8.199999999999989,7,True,True,False,False,,8.199999999999989,7,True,True,False,False,,8.199999999999989,7,True,True,False,False,,1502.0,2023-03-14T10:33:00-04:00,2.8999999999999915,7847.040000000109,1558.0,2023-03-14T11:29:00-04:00,2.9499999999999886,7747.040000000115,1559.0,2023-03-14T11:30:00-04:00,2.9499999999999957,7747.0400000001,1503.0,2023-03-14T10:34:00-04:00,3.1499999999999915,7347.040000000109,3193.0,2023-03-15T14:44:00-04:00,1.9499999999999886,9747.040000000115,3270.0,2023-03-15T16:01:00-04:00,1.7500000000000036,10147.040000000085,3271.0,2023-03-15T16:02:00-04:00,1.6499999999999986,10347.040000000095,3194.0,2023-03-15T14:45:00-04:00,2.25,9147.040000000092,4349.0,2023-03-16T10:00:00-04:00,0.8499999999999996,11947.040000000094,4350.0,2023-03-16T10:01:00-04:00,0.8499999999999996,11947.040000000094,4351.0,2023-03-16T10:02:00-04:00,0.7499999999999991,12147.040000000094,4350.0,2023-03-16T10:01:00-04:00,0.8499999999999996,11947.040000000094,4363.0,2023-03-16T10:14:00-04:00,0.39999999999999947,12847.040000000094,4392.0,2023-03-16T10:43:00-04:00,0.4499999999999993,12747.040000000094,4398.0,2023-03-16T10:49:00-04:00,0.1499999999999999,13347.040000000092,4364.0,2023-03-16T10:15:00-04:00,0.5,12647.040000000092,908
2023-03-14,2023-03-16,2,5.0,2023-03-14T09:31:00-04:00,5.0,NDXP  230316P12120000,NDXP  230316P12110000,development,False,False,0,0,0,37,0,1163,available,False,2023-03-14T09:31:00-04:00,2023-03-16T16:00:00-04:00,0.0,9747.04,0.0,last_observed_quote_not_settlement,1036.0,65,60,4.850000000000023,47.039999999955235,2023-03-14T09:32:00-04:00,0.0,4.850000000000023,47.039999999955235,2023-03-14T09:33:00-04:00,0.0,4.5,747.0400000000006,2023-03-14T09:36:00-04:00,0.0,4.099999999999994,1547.040000000012,2023-03-14T09:41:00-04:00,0.0,4.949999999999989,-152.95999999997656,2023-03-14T09:46:00-04:00,0.0,4.25,1247.0400000000006,2023-03-14T10:01:00-04:00,0.0,3.6999999999999886,2347.0400000000236,2023-03-14T10:31:00-04:00,0.0,3.299999999999997,3147.0400000000063,2023-03-14T11:31:00-04:00,0.0,3.549999999999997,2647.0400000000063,2023-03-14T16:00:00-04:00,0.0,1.75,6247.040000000001,2023-03-15T16:00:00-04:00,0.0,0.0,9747.04,2023-03-16T16:00:00-04:00,0.0,,,,,0.0,hit,0.0,hit,35.0,hit,116.0,hit,1741.0,hit,2938.0,hit,2946.0,hit,3.0,hit,315.0,hit,1646.0,hit,,never_hit,,never_hit,,never_hit,5.599999999999994,2,False,False,False,False,,7.299999999999997,65,True,False,False,False,,7.299999999999997,65,True,False,False,False,,7.299999999999997,65,True,False,False,False,,116.0,2023-03-14T11:27:00-04:00,2.9499999999999886,3847.0400000000236,1739.0,2023-03-15T14:30:00-04:00,2.200000000000003,5347.039999999995,1740.0,2023-03-15T14:31:00-04:00,2.450000000000003,4847.039999999995,117.0,2023-03-14T11:28:00-04:00,3.3000000000000114,3147.039999999978,1741.0,2023-03-15T14:32:00-04:00,1.6500000000000057,6447.039999999989,1830.0,2023-03-15T16:01:00-04:00,1.6000000000000014,6547.039999999998,2905.0,2023-03-16T09:56:00-04:00,1.9499999999999993,5847.040000000002,1742.0,2023-03-15T14:33:00-04:00,2.6000000000000014,4547.039999999998,2946.0,2023-03-16T10:37:00-04:00,0.4499999999999993,8847.040000000003,2947.0,2023-03-16T10:38:00-04:00,0.9000000000000012,7947.039999999998,2948.0,2023-03-16T10:39:00-04:00,0.7999999999999989,8147.040000000004,2947.0,2023-03-16T10:38:00-04:00,0.9000000000000012,7947.039999999998,2946.0,2023-03-16T10:37:00-04:00,0.4499999999999993,8847.040000000003,2959.0,2023-03-16T10:50:00-04:00,0.25,9247.04,2960.0,2023-03-16T10:51:00-04:00,0.3000000000000007,9147.04,2947.0,2023-03-16T10:38:00-04:00,0.9000000000000012,7947.039999999998,909
2023-03-14,2023-03-16,2,6.0,2023-03-14T09:31:00-04:00,6.0,NDXP  230316P12210000,NDXP  230316P12200000,development,False,False,0,0,2,11,0,1187,available,False,2023-03-14T09:31:00-04:00,2023-03-16T16:00:00-04:00,9.85,-7952.96,0.0,last_observed_quote_not_settlement,1036.0,161,114,5.949999999999989,-152.95999999997656,2023-03-14T09:32:00-04:00,0.0,6.150000000000006,-552.9600000000107,2023-03-14T09:33:00-04:00,0.0,5.400000000000006,947.0399999999893,2023-03-14T09:36:00-04:00,0.0,6.699999999999989,-1652.9599999999766,2023-03-14T09:41:00-04:00,0.0,6.849999999999994,-1952.959999999988,2023-03-14T09:46:00-04:00,0.0,5.049999999999983,1647.0400000000348,2023-03-14T10:01:00-04:00,0.0,4.75,2247.040000000001,2023-03-14T10:31:00-04:00,0.0,4.250000000000014,3247.039999999972,2023-03-14T11:31:00-04:00,0.0,2.25,7247.040000000001,2023-03-14T16:00:00-04:00,0.0,3.549999999999997,4647.040000000006,2023-03-15T16:00:00-04:00,0.0,9.85,-7952.96,2023-03-16T16:00:00-04:00,0.0,,,,,5.0,hit,18.0,hit,74.0,hit,74.0,hit,2905.0,hit,2960.0,hit,2975.0,hit,4.0,hit,9.0,hit,9.0,hit,356.0,hit,3259.0,hit,3259.0,hit,7.300000000000011,23,True,False,False,False,,8.300000000000011,160,True,True,False,False,,8.300000000000011,160,True,True,False,False,,8.300000000000011,160,True,True,False,False,,74.0,2023-03-14T10:45:00-04:00,2.799999999999997,6147.040000000006,2908.0,2023-03-16T09:59:00-04:00,2.349999999999998,7047.0400000000045,2909.0,2023-03-16T10:00:00-04:00,2.6499999999999986,6447.040000000004,75.0,2023-03-14T10:46:00-04:00,4.800000000000011,2147.039999999978,2915.0,2023-03-16T10:06:00-04:00,1.5,8747.04,2952.0,2023-03-16T10:43:00-04:00,1.75,8247.04,2953.0,2023-03-16T10:44:00-04:00,1.7500000000000018,8247.039999999997,2916.0,2023-03-16T10:07:00-04:00,3.5500000000000043,4647.039999999992,2960.0,2023-03-16T10:51:00-04:00,0.9499999999999993,9847.040000000003,2963.0,2023-03-16T10:54:00-04:00,0.75,10247.04,2964.0,2023-03-16T10:55:00-04:00,0.75,10247.04,2961.0,2023-03-16T10:52:00-04:00,1.1500000000000004,9447.04,2980.0,2023-03-16T11:11:00-04:00,0.40000000000000036,10947.04,2981.0,2023-03-16T11:12:00-04:00,0.39999999999999947,10947.040000000003,2985.0,2023-03-16T11:16:00-04:00,0.39999999999999947,10947.040000000003,2981.0,2023-03-16T11:12:00-04:00,0.39999999999999947,10947.040000000003,910
2023-03-14,2023-03-16,2,7.0,2023-03-14T09:31:00-04:00,7.0,NDXP  230316P12290000,NDXP  230316P12280000,development,False,False,0,0,1,5,0,1194,available,False,2023-03-14T09:31:00-04:00,2023-03-16T16:00:00-04:00,9.85,-5952.96,0.0,last_observed_quote_not_settlement,1036.0,267,112,7.0,-252.9599999999993,2023-03-14T09:32:00-04:00,0.0,7.100000000000023,-452.9600000000448,2023-03-14T09:33:00-04:00,0.0,6.800000000000011,147.03999999997797,2023-03-14T09:36:00-04:00,0.0,7.600000000000023,-1452.9600000000448,2023-03-14T09:41:00-04:00,0.0,5.550000000000011,2647.039999999978,2023-03-14T09:46:00-04:00,0.0,5.699999999999989,2347.0400000000236,2023-03-14T10:01:00-04:00,0.0,6.099999999999994,1547.040000000012,2023-03-14T10:31:00-04:00,0.0,5.599999999999994,2547.0400000000122,2023-03-14T11:31:00-04:00,0.0,5.800000000000011,2147.039999999978,2023-03-14T16:00:00-04:00,0.0,6.0,1747.0400000000006,2023-03-15T16:00:00-04:00,0.0,9.85,-5952.96,2023-03-16T16:00:00-04:00,0.0,,,,,19.0,hit,1440.0,hit,2951.0,hit,2957.0,hit,2960.0,hit,2987.0,hit,3007.0,hit,10.0,hit,24.0,hit,0.0,hit,24.0,hit,341.0,hit,341.0,hit,9.5,267,True,True,True,True,,9.5,267,True,True,True,True,,9.5,267,True,True,True,True,,9.5,267,True,True,True,True,,2957.0,2023-03-16T10:48:00-04:00,2.8999999999999986,7947.040000000004,2960.0,2023-03-16T10:51:00-04:00,2.0,9747.04,2961.0,2023-03-16T10:52:00-04:00,2.1499999999999986,9447.040000000005,2958.0,2023-03-16T10:49:00-04:00,3.400000000000002,6947.039999999996,2964.0,2023-03-16T10:55:00-04:00,1.8000000000000007,10147.04,2965.0,2023-03-16T10:56:00-04:00,1.8999999999999986,9947.040000000005,2966.0,2023-03-16T10:57:00-04:00,1.75,10247.04,2965.0,2023-03-16T10:56:00-04:00,1.8999999999999986,9947.040000000005,2987.0,2023-03-16T11:18:00-04:00,0.5999999999999996,12547.040000000003,2995.0,2023-03-16T11:26:00-04:00,0.6000000000000014,12547.039999999999,2996.0,2023-03-16T11:27:00-04:00,0.8000000000000007,12147.04,2988.0,2023-03-16T11:19:00-04:00,1.1000000000000014,11547.039999999999,3007.0,2023-03-16T11:38:00-04:00,0.2999999999999998,13147.040000000003,3014.0,2023-03-16T11:45:00-04:00,0.40000000000000036,12947.04,3019.0,2023-03-16T11:50:00-04:00,0.40000000000000036,12947.04,3008.0,2023-03-16T11:39:00-04:00,0.6000000000000005,12547.04,911
2023-03-17,2023-03-20,3,5.0,2023-03-17T09:31:00-04:00,5.200000000000003,NDXP  230320P12620000,NDXP  230320P12610000,development,False,False,0,0,0,11,0,784,available,False,2023-03-17T09:31:00-04:00,2023-03-20T16:00:00-04:00,10.0,-9752.959999999994,0.0,last_observed_quote_not_settlement,3916.0,726,19,4.549999999999997,1047.040000000012,2023-03-17T09:32:00-04:00,0.0,4.900000000000006,347.039999999995,2023-03-17T09:33:00-04:00,0.0,5.1000000000000085,-52.96000000001066,2023-03-17T09:36:00-04:00,0.0,4.5,1147.0400000000063,2023-03-17T09:41:00-04:00,0.0,5.099999999999994,-52.95999999998224,2023-03-17T09:46:00-04:00,0.0,4.099999999999994,1947.0400000000177,2023-03-17T10:01:00-04:00,0.0,5.600000000000023,-1052.9600000000391,2023-03-17T10:31:00-04:00,0.0,6.799999999999983,-3452.9599999999596,2023-03-17T11:31:00-04:00,0.0,6.550000000000011,-2952.9600000000164,2023-03-17T16:00:00-04:00,0.0,,,2023-03-17T16:15:00-04:00,85500.0,,,2023-03-17T16:15:00-04:00,171900.0,10.0,-9752.959999999994,2023-03-20T16:00:00-04:00,0.0,0.0,hit,1.0,hit,31.0,hit,,never_hit,,never_hit,,never_hit,,never_hit,29.0,hit,65.0,hit,84.0,hit,4322.0,hit,4341.0,hit,4478.0,hit,,,True,True,True,False,1.5,,,True,True,True,False,1.5,,,True,True,True,False,1.5,,,True,True,True,False,1.5,,,,,,,,,,,,,,,,,,,,,,,,,,,,,,,,,,,,,,,,,,,,,,,,,,,,,,,,,,,,,,,,,912
2023-03-17,2023-03-20,3,6.0,2023-03-17T09:31:00-04:00,6.149999999999977,NDXP  230320P12680000,NDXP  230320P12670000,development,False,False,0,0,0,36,0,759,available,False,2023-03-17T09:31:00-04:00,2023-03-20T16:00:00-04:00,10.0,-7852.9600000000455,0.0,last_observed_quote_not_settlement,3916.0,697,14,6.650000000000006,-1252.9600000000562,2023-03-17T09:32:00-04:00,0.0,6.450000000000017,-852.9600000000789,2023-03-17T09:33:00-04:00,0.0,6.199999999999989,-352.96000000002203,2023-03-17T09:36:00-04:00,0.0,5.700000000000003,647.0399999999495,2023-03-17T09:41:00-04:00,0.0,6.199999999999989,-352.96000000002203,2023-03-17T09:46:00-04:00,0.0,5.25,1547.0399999999552,2023-03-17T10:01:00-04:00,0.0,6.650000000000006,-1252.9600000000562,2023-03-17T10:31:00-04:00,0.0,7.75,-3452.9600000000446,2023-03-17T11:31:00-04:00,0.0,7.449999999999989,-2852.960000000022,2023-03-17T16:00:00-04:00,0.0,,,2023-03-17T16:15:00-04:00,85500.0,,,2023-03-17T16:15:00-04:00,171900.0,10.0,-7852.9600000000455,2023-03-20T16:00:00-04:00,0.0,11.0,hit,31.0,hit,,never_hit,,never_hit,,never_hit,,never_hit,,never_hit,1.0,hit,64.0,hit,64.0,hit,85.0,hit,4320.0,hit,4320.0,hit,,,True,True,True,False,1.6499999999999773,,,True,True,True,False,1.6499999999999773,,,True,True,True,False,1.6499999999999773,,,True,True,True,False,1.6499999999999773,,,,,,,,,,,,,,,,,,,,,,,,,,,,,,,,,,,,,,,,,,,,,,,,,,,,,,,,,,,,,,,,,913
2023-03-17,2023-03-20,3,7.0,2023-03-17T09:31:00-04:00,7.099999999999994,NDXP  230320P12730000,NDXP  230320P12720000,development,False,False,0,0,0,61,0,734,available,False,2023-03-17T09:31:00-04:00,2023-03-20T16:00:00-04:00,10.0,-5952.960000000011,0.0,last_observed_quote_not_settlement,3916.0,645,30,8.5,-3052.9600000000123,2023-03-17T09:32:00-04:00,0.0,6.949999999999989,47.04000000001208,2023-03-17T09:33:00-04:00,0.0,7.300000000000011,-652.9600000000335,2023-03-17T09:36:00-04:00,0.0,6.699999999999989,547.040000000012,2023-03-17T09:41:00-04:00,0.0,7.200000000000017,-452.9600000000448,2023-03-17T09:46:00-04:00,0.0,6.400000000000006,1147.039999999978,2023-03-17T10:01:00-04:00,0.0,7.400000000000034,-852.9600000000789,2023-03-17T10:31:00-04:00,0.0,8.449999999999989,-2952.9599999999896,2023-03-17T11:31:00-04:00,0.0,8.700000000000017,-3452.9600000000464,2023-03-17T16:00:00-04:00,0.0,,,2023-03-17T16:15:00-04:00,85500.0,,,2023-03-17T16:15:00-04:00,171900.0,10.0,-5952.960000000011,2023-03-20T16:00:00-04:00,0.0,35.0,hit,,never_hit,,never_hit,,never_hit,,never_hit,,never_hit,,never_hit,1.0,hit,1.0,hit,0.0,hit,1.0,hit,63.0,hit,4321.0,hit,,,True,True,True,False,1.6499999999999773,,,True,True,True,False,1.6499999999999773,,,True,True,True,False,1.6499999999999773,,,True,True,True,False,1.6499999999999773,,,,,,,,,,,,,,,,,,,,,,,,,,,,,,,,,,,,,,,,,,,,,,,,,,,,,,,,,,,,,,,,,914
2023-03-20,2023-03-22,2,5.0,2023-03-20T09:31:00-04:00,4.900000000000034,NDXP  230322P12570000,NDXP  230322P12560000,development,False,False,0,0,0,6,15,1194,available,False,2023-03-20T09:31:00-04:00,2023-03-22T16:00:00-04:00,0.0,9547.04000000007,0.0,last_observed_quote_not_settlement,1036.0,168,73,5.149999999999977,-752.9599999998857,2023-03-20T09:32:00-04:00,0.0,4.850000000000023,-152.95999999997656,2023-03-20T09:33:00-04:00,0.0,5.099999999999966,-652.9599999998629,2023-03-20T09:36:00-04:00,0.0,5.149999999999977,-752.9599999998857,2023-03-20T09:41:00-04:00,0.0,5.449999999999989,-1352.9599999999084,2023-03-20T09:46:00-04:00,0.0,5.300000000000011,-1052.9599999999539,2023-03-20T10:01:00-04:00,0.0,5.100000000000023,-652.9599999999766,2023-03-20T10:31:00-04:00,0.0,4.400000000000006,747.0400000000575,2023-03-20T11:31:00-04:00,0.0,4.0,1547.0400000000689,2023-03-20T16:00:00-04:00,0.0,2.6500000000000057,4247.040000000057,2023-03-21T16:00:00-04:00,0.0,0.0,9547.04000000007,2023-03-22T16:00:00-04:00,0.0,,,,,0.0,hit,0.0,hit,389.0,hit,1469.0,hit,2939.0,hit,3154.0,hit,3156.0,hit,3.0,hit,6.0,hit,,never_hit,,never_hit,,never_hit,,never_hit,6.650000000000006,168,False,False,False,False,,6.650000000000006,168,False,False,False,False,,6.650000000000006,168,False,False,False,False,,6.650000000000006,168,False,False,False,False,,1470.0,2023-03-21T10:01:00-04:00,2.799999999999997,3947.0400000000745,1783.0,2023-03-21T15:14:00-04:00,2.9499999999999957,3647.0400000000773,1790.0,2023-03-21T15:21:00-04:00,2.8999999999999986,3747.040000000072,1471.0,2023-03-21T10:02:00-04:00,3.299999999999997,2947.0400000000745,2939.0,2023-03-22T10:30:00-04:00,1.8000000000000007,5947.040000000067,2940.0,2023-03-22T10:31:00-04:00,1.8499999999999979,5847.040000000073,2941.0,2023-03-22T10:32:00-04:00,1.9499999999999993,5647.04000000007,2940.0,2023-03-22T10:31:00-04:00,1.8499999999999979,5847.040000000073,3155.0,2023-03-22T14:06:00-04:00,0.6999999999999993,8147.040000000071,3156.0,2023-03-22T14:07:00-04:00,0.5,8547.04000000007,3157.0,2023-03-22T14:08:00-04:00,0.6500000000000004,8247.04000000007,3156.0,2023-03-22T14:07:00-04:00,0.5,8547.04000000007,3188.0,2023-03-22T14:39:00-04:00,0.40000000000000036,8747.04000000007,3193.0,2023-03-22T14:44:00-04:00,0.10000000000000009,9347.040000000068,3194.0,2023-03-22T14:45:00-04:00,0.10000000000000009,9347.040000000068,3189.0,2023-03-22T14:40:00-04:00,0.6499999999999995,8247.04000000007,915
2023-03-20,2023-03-22,2,6.0,2023-03-20T09:31:00-04:00,6.099999999999966,NDXP  230322P12690000,NDXP  230322P12680000,development,False,False,0,0,0,2,15,1198,available,False,2023-03-20T09:31:00-04:00,2023-03-22T16:00:00-04:00,10.0,-7952.960000000068,0.0,last_observed_quote_not_settlement,1036.0,183,44,6.199999999999989,-452.9600000000448,2023-03-20T09:32:00-04:00,0.0,6.5,-1052.9600000000676,2023-03-20T09:33:00-04:00,0.0,7.0,-2052.9600000000673,2023-03-20T09:36:00-04:00,0.0,6.649999999999977,-1352.960000000022,2023-03-20T09:41:00-04:00,0.0,6.850000000000023,-1752.960000000113,2023-03-20T09:46:00-04:00,0.0,6.650000000000091,-1352.9600000002495,2023-03-20T10:01:00-04:00,0.0,6.449999999999989,-952.9600000000448,2023-03-20T10:31:00-04:00,0.0,5.5,947.0399999999324,2023-03-20T11:31:00-04:00,0.0,5.699999999999989,547.0399999999552,2023-03-20T16:00:00-04:00,0.0,4.099999999999994,3747.039999999944,2023-03-21T16:00:00-04:00,0.0,10.0,-7952.960000000068,2023-03-22T16:00:00-04:00,0.0,,,,,107.0,hit,1440.0,hit,1469.0,hit,3150.0,hit,3155.0,hit,3190.0,hit,3196.0,hit,5.0,hit,12.0,hit,5.0,hit,28.0,hit,3263.0,hit,3264.0,hit,8.650000000000034,178,True,True,False,False,,8.650000000000034,178,True,True,False,False,,8.650000000000034,178,True,True,False,False,,8.650000000000034,178,True,True,False,False,,3150.0,2023-03-22T14:01:00-04:00,2.799999999999997,6347.039999999938,3151.0,2023-03-22T14:02:00-04:00,2.700000000000003,6547.039999999927,3155.0,2023-03-22T14:06:00-04:00,1.75,8447.039999999934,3151.0,2023-03-22T14:02:00-04:00,2.700000000000003,6547.039999999927,3155.0,2023-03-22T14:06:00-04:00,1.75,8447.039999999934,3156.0,2023-03-22T14:07:00-04:00,1.5500000000000043,8847.039999999924,3157.0,2023-03-22T14:08:00-04:00,1.6499999999999986,8647.039999999935,3156.0,2023-03-22T14:07:00-04:00,1.5500000000000043,8847.039999999924,3190.0,2023-03-22T14:41:00-04:00,0.6999999999999993,10547.039999999935,3194.0,2023-03-22T14:45:00-04:00,0.5999999999999988,10747.039999999935,3198.0,2023-03-22T14:49:00-04:00,0.09999999999999964,11747.039999999934,3191.0,2023-03-22T14:42:00-04:00,1.1999999999999993,9547.039999999935,3196.0,2023-03-22T14:47:00-04:00,0.25,11447.039999999934,3197.0,2023-03-22T14:48:00-04:00,0.22499999999999964,11497.039999999934,3198.0,2023-03-22T14:49:00-04:00,0.09999999999999964,11747.039999999934,3197.0,2023-03-22T14:48:00-04:00,0.22499999999999964,11497.039999999934,916
2023-03-20,2023-03-22,2,7.0,2023-03-20T09:31:00-04:00,6.949999999999932,NDXP  230322P12810000,NDXP  230322P12800000,development,False,False,0,0,0,4,15,1196,available,False,2023-03-20T09:31:00-04:00,2023-03-22T15:59:00-04:00,10.0,-6252.9600000001365,1.0,last_observed_quote_not_settlement,1036.0,490,79,7.800000000000011,-1952.9600000001585,2023-03-20T09:32:00-04:00,0.0,7.7999999999999545,-1952.9600000000448,2023-03-20T09:33:00-04:00,0.0,7.900000000000034,-2152.9600000002038,2023-03-20T09:36:00-04:00,0.0,7.899999999999977,-2152.96000000009,2023-03-20T09:41:00-04:00,0.0,8.549999999999955,-3452.9600000000464,2023-03-20T09:46:00-04:00,0.0,8.0,-2352.9600000001374,2023-03-20T10:01:00-04:00,0.0,8.100000000000023,-2552.960000000183,2023-03-20T10:31:00-04:00,0.0,6.600000000000023,447.0399999998188,2023-03-20T11:31:00-04:00,0.0,7.300000000000011,-952.9600000001585,2023-03-20T16:00:00-04:00,0.0,5.600000000000023,2447.039999999819,2023-03-21T16:00:00-04:00,0.0,,,2023-03-22T15:59:00-04:00,60.0,,,,,1784.0,hit,2910.0,hit,3149.0,hit,3182.0,hit,3197.0,hit,3197.0,hit,3197.0,hit,1.0,hit,3.0,hit,1.0,hit,3.0,hit,3.0,hit,3.0,hit,9.550000000000068,458,True,True,True,True,,9.550000000000068,458,True,True,True,True,,9.550000000000068,458,True,True,True,True,,9.550000000000068,458,True,True,True,True,,3182.0,2023-03-22T14:33:00-04:00,2.5,8647.039999999864,3193.0,2023-03-22T14:44:00-04:00,2.5,8647.039999999864,3194.0,2023-03-22T14:45:00-04:00,2.900000000000002,7847.03999999986,3183.0,2023-03-22T14:34:00-04:00,4.700000000000003,4247.039999999859,3197.0,2023-03-22T14:48:00-04:00,0.09999999999999964,13447.039999999866,3198.0,2023-03-22T14:49:00-04:00,1.5,10647.039999999864,3199.0,2023-03-22T14:50:00-04:00,1.8499999999999996,9947.039999999866,3198.0,2023-03-22T14:49:00-04:00,1.5,10647.039999999864,3197.0,2023-03-22T14:48:00-04:00,0.09999999999999964,13447.039999999866,,,,,,,,,3198.0,2023-03-22T14:49:00-04:00,1.5,10647.039999999864,3197.0,2023-03-22T14:48:00-04:00,0.09999999999999964,13447.039999999866,,,,,,,,,3198.0,2023-03-22T14:49:00-04:00,1.5,10647.039999999864,917
2023-03-20,2023-03-23,3,5.0,2023-03-20T09:31:00-04:00,5.099999999999994,NDXP  230323P12470000,NDXP  230323P12460000,development,False,False,0,0,0,2,0,1603,available,False,2023-03-20T09:31:00-04:00,2023-03-23T16:00:00-04:00,0.0,9947.03999999999,0.0,last_observed_quote_not_settlement,1036.0,2,4,4.699999999999989,547.040000000012,2023-03-20T09:32:00-04:00,0.0,4.350000000000023,1247.0399999999438,2023-03-20T09:33:00-04:00,0.0,4.450000000000017,1047.0399999999552,2023-03-20T09:36:00-04:00,0.0,4.900000000000034,147.03999999992112,2023-03-20T09:41:00-04:00,0.0,4.699999999999989,547.040000000012,2023-03-20T09:46:00-04:00,0.0,4.5,947.0399999999893,2023-03-20T10:01:00-04:00,0.0,4.199999999999989,1547.040000000012,2023-03-20T10:31:00-04:00,0.0,3.549999999999983,2847.0400000000236,2023-03-20T11:31:00-04:00,0.0,3.5999999999999943,2747.040000000001,2023-03-20T16:00:00-04:00,0.0,1.9499999999999957,6047.039999999998,2023-03-21T16:00:00-04:00,0.0,2.8000000000000043,4347.039999999981,2023-03-22T16:00:00-04:00,0.0,0.0,9947.03999999999,2023-03-23T16:00:00-04:00,0.0,0.0,hit,1.0,hit,69.0,hit,1440.0,hit,1809.0,hit,3149.0,hit,3149.0,hit,29.0,hit,29.0,hit,,never_hit,,never_hit,,never_hit,,never_hit,6.400000000000006,2,False,False,False,False,,6.400000000000006,2,False,False,False,False,,6.400000000000006,2,False,False,False,False,,6.400000000000006,2,False,False,False,False,,1440.0,2023-03-21T09:31:00-04:00,2.8000000000000114,4347.039999999966,1441.0,2023-03-21T09:32:00-04:00,2.75,4447.039999999989,1442.0,2023-03-21T09:33:00-04:00,2.75,4447.039999999989,1441.0,2023-03-21T09:32:00-04:00,2.75,4447.039999999989,1810.0,2023-03-21T15:41:00-04:00,1.9499999999999957,6047.039999999998,1814.0,2023-03-21T15:45:00-04:00,1.9499999999999957,6047.039999999998,1815.0,2023-03-21T15:46:00-04:00,1.9499999999999957,6047.039999999998,1811.0,2023-03-21T15:42:00-04:00,2.0,5947.039999999989,3149.0,2023-03-22T14:00:00-04:00,0.0,9947.03999999999,3150.0,2023-03-22T14:01:00-04:00,0.8000000000000007,8347.039999999988,3156.0,2023-03-22T14:07:00-04:00,0.8000000000000007,8347.039999999988,3150.0,2023-03-22T14:01:00-04:00,0.8000000000000007,8347.039999999988,3149.0,2023-03-22T14:00:00-04:00,0.0,9947.03999999999,3199.0,2023-03-22T14:50:00-04:00,0.40000000000000036,9147.03999999999,4334.0,2023-03-23T09:45:00-04:00,0.3250000000000002,9297.03999999999,3150.0,2023-03-22T14:01:00-04:00,0.8000000000000007,8347.039999999988,918
2023-03-20,2023-03-23,3,6.0,2023-03-20T09:31:00-04:00,6.050000000000011,NDXP  230323P12630000,NDXP  230323P12620000,development,False,False,0,0,0,2,0,1603,available,False,2023-03-20T09:31:00-04:00,2023-03-23T16:00:00-04:00,9.875,-7902.959999999978,0.0,last_observed_quote_not_settlement,1036.0,11,17,5.699999999999989,447.0400000000462,2023-03-20T09:32:00-04:00,0.0,4.5,2847.0400000000236,2023-03-20T09:33:00-04:00,0.0,4.949999999999989,1947.0400000000461,2023-03-20T09:36:00-04:00,0.0,5.800000000000011,247.04000000000067,2023-03-20T09:41:00-04:00,0.0,6.0,-152.95999999997656,2023-03-20T09:46:00-04:00,0.0,5.800000000000011,247.04000000000067,2023-03-20T10:01:00-04:00,0.0,5.25,1347.0400000000234,2023-03-20T10:31:00-04:00,0.0,4.900000000000006,2047.0400000000122,2023-03-20T11:31:00-04:00,0.0,4.800000000000011,2247.040000000001,2023-03-20T16:00:00-04:00,0.0,3.3000000000000114,5247.040000000001,2023-03-21T16:00:00-04:00,0.0,5.5,847.0400000000234,2023-03-22T16:00:00-04:00,0.0,9.875,-7902.959999999978,2023-03-23T16:00:00-04:00,0.0,2.0,hit,2.0,hit,39.0,hit,2938.0,hit,3155.0,hit,3198.0,hit,4393.0,hit,3.0,hit,4709.0,hit,4709.0,hit,4709.0,hit,4709.0,hit,4709.0,hit,6.700000000000017,10,False,False,False,False,,6.700000000000017,10,False,False,False,False,,6.700000000000017,10,False,False,False,False,,6.700000000000017,10,False,False,False,False,,2938.0,2023-03-22T10:29:00-04:00,2.700000000000003,6447.040000000018,2939.0,2023-03-22T10:30:00-04:00,2.799999999999997,6247.040000000029,2940.0,2023-03-22T10:31:00-04:00,2.8500000000000085,6147.040000000006,2939.0,2023-03-22T10:30:00-04:00,2.799999999999997,6247.040000000029,3155.0,2023-03-22T14:06:00-04:00,1.8500000000000014,8147.04000000002,3156.0,2023-03-22T14:07:00-04:00,1.7999999999999972,8247.04000000003,3157.0,2023-03-22T14:08:00-04:00,1.9499999999999957,7947.040000000032,3156.0,2023-03-22T14:07:00-04:00,1.7999999999999972,8247.04000000003,3203.0,2023-03-22T14:54:00-04:00,0.8999999999999986,10047.040000000026,4361.0,2023-03-23T10:12:00-04:00,0.9499999999999993,9947.040000000026,4362.0,2023-03-23T10:13:00-04:00,0.9499999999999993,9947.040000000026,3204.0,2023-03-22T14:55:00-04:00,1.5500000000000007,8747.040000000023,4396.0,2023-03-23T10:47:00-04:00,0.40000000000000036,11047.040000000023,4397.0,2023-03-23T10:48:00-04:00,0.2499999999999991,11347.040000000026,4398.0,2023-03-23T10:49:00-04:00,0.34999999999999964,11147.040000000025,4397.0,2023-03-23T10:48:00-04:00,0.2499999999999991,11347.040000000026,919
2023-03-20,2023-03-23,3,7.0,2023-03-20T09:31:00-04:00,6.949999999999989,NDXP  230323P12820000,NDXP  230323P12810000,development,False,False,0,0,0,10,0,1595,available,False,2023-03-20T09:31:00-04:00,2023-03-23T16:00:00-04:00,10.0,-6252.960000000023,0.0,last_observed_quote_not_settlement,1036.0,461,153,7.449999999999989,-1252.9599999999994,2023-03-20T09:32:00-04:00,0.0,7.2999999999999545,-952.9599999999311,2023-03-20T09:33:00-04:00,0.0,7.699999999999989,-1752.9599999999994,2023-03-20T09:36:00-04:00,0.0,7.550000000000011,-1452.9600000000448,2023-03-20T09:41:00-04:00,0.0,6.350000000000023,947.0399999999324,2023-03-20T09:46:00-04:00,0.0,7.699999999999989,-1752.9599999999994,2023-03-20T10:01:00-04:00,0.0,6.5499999999999545,547.0400000000689,2023-03-20T10:31:00-04:00,0.0,6.550000000000011,547.0399999999552,2023-03-20T11:31:00-04:00,0.0,6.999999999999943,-352.95999999990835,2023-03-20T16:00:00-04:00,0.0,4.800000000000011,4047.0399999999554,2023-03-21T16:00:00-04:00,0.0,8.999999999999972,-4352.959999999967,2023-03-22T16:00:00-04:00,0.0,10.0,-6252.960000000023,2023-03-23T16:00:00-04:00,0.0,1442.0,hit,1469.0,hit,3155.0,hit,3197.0,hit,4409.0,hit,,never_hit,,never_hit,1.0,hit,9.0,hit,1.0,hit,9.0,hit,16.0,hit,3278.0,hit,9.300000000000011,331,True,True,True,True,,9.699999999999989,359,True,True,True,True,,,,True,True,True,False,5.649999999999988,,,True,True,True,False,5.649999999999988,3202.0,2023-03-22T14:53:00-04:00,2.9000000000000057,7847.039999999966,4404.0,2023-03-23T10:55:00-04:00,2.6499999999999986,8347.03999999998,4405.0,2023-03-23T10:56:00-04:00,2.75,8147.039999999978,3203.0,2023-03-22T14:54:00-04:00,3.3000000000000114,7047.039999999955,4418.0,2023-03-23T11:09:00-04:00,1.8500000000000014,9947.039999999975,,,,,,,,,4419.0,2023-03-23T11:10:00-04:00,2.3500000000000014,8947.039999999975,,,,,,,,,,,,,,,,,,,,,,,,,,,,,,,,,920
2023-03-21,2023-03-23,2,5.0,2023-03-21T09:31:00-04:00,5.0,NDXP  230323P12800000,NDXP  230323P12790000,development,False,False,0,0,0,6,15,1194,available,False,2023-03-21T09:31:00-04:00,2023-03-23T16:00:00-04:00,10.0,-10152.96,0.0,last_observed_quote_not_settlement,1036.0,680,75,6.549999999999983,-3352.959999999965,2023-03-21T09:32:00-04:00,0.0,7.500000000000028,-5252.960000000056,2023-03-21T09:33:00-04:00,0.0,6.2999999999999545,-2852.959999999908,2023-03-21T09:36:00-04:00,0.0,5.549999999999983,-1352.9599999999652,2023-03-21T09:41:00-04:00,0.0,5.900000000000034,-2052.9600000000673,2023-03-21T09:46:00-04:00,0.0,5.699999999999989,-1652.9599999999766,2023-03-21T10:01:00-04:00,0.0,6.699999999999989,-3652.9599999999764,2023-03-21T10:31:00-04:00,0.0,5.75,-1752.9599999999994,2023-03-21T11:31:00-04:00,0.0,5.199999999999989,-652.9599999999766,2023-03-21T16:00:00-04:00,0.0,8.799999999999983,-7852.959999999967,2023-03-22T16:00:00-04:00,0.0,10.0,-10152.96,2023-03-23T16:00:00-04:00,0.0,,,,,0.0,hit,0.0,hit,1532.0,hit,1754.0,hit,2971.0,hit,,never_hit,,never_hit,1.0,hit,1.0,hit,2.0,hit,73.0,hit,1832.0,hit,1832.0,hit,8.449999999999989,482,True,True,False,False,,9.700000000000017,564,True,True,True,True,,,,True,True,True,False,3.4499999999999993,,,True,True,True,False,3.4499999999999993,1754.0,2023-03-22T14:45:00-04:00,2.9499999999999886,3847.0400000000236,1758.0,2023-03-22T14:49:00-04:00,2.6000000000000014,4547.039999999998,1759.0,2023-03-22T14:50:00-04:00,2.8499999999999943,4047.040000000012,1755.0,2023-03-22T14:46:00-04:00,3.549999999999997,2647.0400000000063,2971.0,2023-03-23T11:02:00-04:00,1.8499999999999979,6047.0400000000045,2977.0,2023-03-23T11:08:00-04:00,1.8000000000000043,6147.039999999992,2981.0,2023-03-23T11:12:00-04:00,1.8499999999999979,6047.0400000000045,2972.0,2023-03-23T11:03:00-04:00,2.3999999999999986,4947.040000000004,,,,,,,,,,,,,,,,,,,,,,,,,,,,,,,,,921
2023-03-21,2023-03-23,2,6.0,2023-03-21T09:31:00-04:00,6.0,NDXP  230323P12820000,NDXP  230323P12810000,development,False,False,0,0,0,9,15,1191,available,False,2023-03-21T09:31:00-04:00,2023-03-23T16:00:00-04:00,10.0,-8152.96,0.0,last_observed_quote_not_settlement,1036.0,403,61,5.800000000000011,147.03999999997797,2023-03-21T09:32:00-04:00,0.0,5.450000000000017,847.0399999999665,2023-03-21T09:33:00-04:00,0.0,6.0,-252.9599999999993,2023-03-21T09:36:00-04:00,0.0,6.550000000000011,-1352.960000000022,2023-03-21T09:41:00-04:00,0.0,5.699999999999989,347.04000000002344,2023-03-21T09:46:00-04:00,0.0,5.199999999999989,1347.0400000000234,2023-03-21T10:01:00-04:00,0.0,7.400000000000006,-3052.9600000000105,2023-03-21T10:31:00-04:00,0.0,6.350000000000023,-952.9600000000448,2023-03-21T11:31:00-04:00,0.0,4.800000000000011,2147.039999999978,2023-03-21T16:00:00-04:00,0.0,8.999999999999972,-6252.959999999945,2023-03-22T16:00:00-04:00,0.0,10.0,-8152.96,2023-03-23T16:00:00-04:00,0.0,,,,,2.0,hit,29.0,hit,1715.0,hit,1757.0,hit,2969.0,hit,,never_hit,,never_hit,8.0,hit,56.0,hit,56.0,hit,1824.0,hit,1832.0,hit,1838.0,hit,7.5499999999999545,231,True,False,False,False,,9.699999999999989,293,True,True,True,True,,,,True,True,True,False,4.699999999999999,,,True,True,True,False,4.699999999999999,1762.0,2023-03-22T14:53:00-04:00,2.9000000000000057,5947.039999999989,2964.0,2023-03-23T10:55:00-04:00,2.6499999999999986,6447.040000000004,2965.0,2023-03-23T10:56:00-04:00,2.75,6247.040000000001,1763.0,2023-03-22T14:54:00-04:00,3.3000000000000114,5147.039999999978,2978.0,2023-03-23T11:09:00-04:00,1.8500000000000014,8047.039999999998,,,,,,,,,2979.0,2023-03-23T11:10:00-04:00,2.3500000000000014,7047.039999999998,,,,,,,,,,,,,,,,,,,,,,,,,,,,,,,,,922
2023-03-21,2023-03-23,2,7.0,2023-03-21T09:31:00-04:00,7.25,NDXP  230323P12860000,NDXP  230323P12850000,development,False,False,0,0,0,21,15,1179,available,False,2023-03-21T09:31:00-04:00,2023-03-23T16:00:00-04:00,10.0,-5652.96,0.0,last_observed_quote_not_settlement,1036.0,209,69,5.5,3247.040000000001,2023-03-21T09:32:00-04:00,0.0,5.250000000000028,3747.039999999944,2023-03-21T09:33:00-04:00,0.0,6.449999999999989,1347.0400000000234,2023-03-21T09:36:00-04:00,0.0,6.299999999999983,1647.0400000000348,2023-03-21T09:41:00-04:00,0.0,6.600000000000023,1047.0399999999552,2023-03-21T09:46:00-04:00,0.0,5.950000000000017,2347.0399999999668,2023-03-21T10:01:00-04:00,0.0,7.100000000000023,47.039999999955235,2023-03-21T10:31:00-04:00,0.0,6.900000000000034,447.0399999999325,2023-03-21T11:31:00-04:00,0.0,4.649999999999977,4947.040000000046,2023-03-21T16:00:00-04:00,0.0,9.499999999999943,-4752.959999999887,2023-03-22T16:00:00-04:00,0.0,10.0,-5652.96,2023-03-23T16:00:00-04:00,0.0,,,,,1.0,hit,372.0,hit,1709.0,hit,1763.0,hit,,never_hit,,never_hit,,never_hit,8.0,hit,128.0,hit,0.0,hit,8.0,hit,1822.0,hit,1823.0,hit,8.349999999999966,37,True,True,False,False,,,,True,True,True,False,5.149999999999999,,,True,True,True,False,5.149999999999999,,,True,True,True,False,5.149999999999999,2992.0,2023-03-23T11:23:00-04:00,2.1000000000000014,10047.039999999999,,,,,,,,,2993.0,2023-03-23T11:24:00-04:00,3.6499999999999986,6947.040000000004,,,,,,,,,,,,,,,,,,,,,,,,,,,,,,,,,,,,,,,,,,,,,,,,,923
2023-03-21,2023-03-24,3,5.0,2023-03-21T09:31:00-04:00,4.950000000000017,NDXP  230324P12780000,NDXP  230324P12770000,development,False,False,0,0,0,2,0,1603,available,False,2023-03-21T09:31:00-04:00,2023-03-24T16:00:00-04:00,4.5,647.0400000000348,0.0,last_observed_quote_not_settlement,1036.0,886,86,5.799999999999983,-1952.9599999999311,2023-03-21T09:32:00-04:00,0.0,5.350000000000023,-1052.9600000000107,2023-03-21T09:33:00-04:00,0.0,5.450000000000017,-1252.9599999999994,2023-03-21T09:36:00-04:00,0.0,5.650000000000006,-1652.9599999999766,2023-03-21T09:41:00-04:00,0.0,5.350000000000023,-1052.9600000000107,2023-03-21T09:46:00-04:00,0.0,4.900000000000006,-152.95999999997656,2023-03-21T10:01:00-04:00,0.0,5.800000000000011,-1952.959999999988,2023-03-21T10:31:00-04:00,0.0,5.75,-1852.9599999999652,2023-03-21T11:31:00-04:00,0.0,4.75,147.0400000000348,2023-03-21T16:00:00-04:00,0.0,7.25,-4852.9599999999655,2023-03-22T16:00:00-04:00,0.0,6.449999999999989,-3252.9599999999423,2023-03-23T16:00:00-04:00,0.0,4.5,647.0400000000348,2023-03-24T16:00:00-04:00,0.0,0.0,hit,0.0,hit,1583.0,hit,1738.0,hit,1739.0,hit,,never_hit,,never_hit,1.0,hit,21.0,hit,1781.0,hit,4332.0,hit,4428.0,hit,4537.0,hit,6.899999999999977,342,False,False,False,False,,6.899999999999977,342,False,False,False,False,,,,True,True,True,False,3.000000000000014,,,True,True,True,False,3.000000000000014,1738.0,2023-03-22T14:29:00-04:00,2.9000000000000057,3847.0400000000236,1739.0,2023-03-22T14:30:00-04:00,1.9500000000000028,5747.040000000029,1757.0,2023-03-22T14:48:00-04:00,2.1500000000000057,5347.040000000024,1739.0,2023-03-22T14:30:00-04:00,1.9500000000000028,5747.040000000029,,,,,,,,,,,,,,,,,,,,,,,,,,,,,,,,,,,,,,,,,,,,,,,,,924
2023-03-21,2023-03-24,3,6.0,2023-03-21T09:31:00-04:00,6.100000000000023,NDXP  230324P12850000,NDXP  230324P12840000,development,False,False,0,0,0,15,0,1590,available,False,2023-03-21T09:31:00-04:00,2023-03-24T16:00:00-04:00,10.0,-7952.959999999955,0.0,last_observed_quote_not_settlement,1036.0,771,133,6.700000000000017,-1452.959999999988,2023-03-21T09:32:00-04:00,0.0,7.150000000000006,-2352.959999999965,2023-03-21T09:33:00-04:00,0.0,5.900000000000006,147.0400000000348,2023-03-21T09:36:00-04:00,0.0,6.099999999999966,-252.9599999998856,2023-03-21T09:41:00-04:00,0.0,6.05000000000004,-152.9600000000334,2023-03-21T09:46:00-04:00,0.0,5.899999999999977,147.04000000009165,2023-03-21T10:01:00-04:00,0.0,6.599999999999966,-1252.9599999998857,2023-03-21T10:31:00-04:00,0.0,6.5499999999999545,-1152.959999999863,2023-03-21T11:31:00-04:00,0.0,5.900000000000006,147.0400000000348,2023-03-21T16:00:00-04:00,0.0,8.300000000000011,-4652.959999999978,2023-03-22T16:00:00-04:00,0.0,7.0,-2052.9599999999537,2023-03-23T16:00:00-04:00,0.0,10.0,-7952.959999999955,2023-03-24T16:00:00-04:00,0.0,29.0,hit,29.0,hit,29.0,hit,29.0,hit,,never_hit,,never_hit,,never_hit,1.0,hit,2.0,hit,2.0,hit,1824.0,hit,1837.0,hit,4337.0,hit,7.150000000000006,8,True,False,False,False,,,,True,True,True,False,3.8500000000000227,,,True,True,True,False,3.8500000000000227,,,True,True,True,False,3.8500000000000227,29.0,2023-03-21T10:00:00-04:00,2.25,7447.040000000046,,,,,,,,,30.0,2023-03-21T10:01:00-04:00,5.899999999999977,147.04000000009165,,,,,,,,,,,,,,,,,,,,,,,,,,,,,,,,,,,,,,,,,,,,,,,,,925
2023-03-21,2023-03-24,3,7.0,2023-03-21T09:31:00-04:00,7.0,NDXP  230324P12880000,NDXP  230324P12870000,development,False,False,0,0,0,16,0,1589,available,False,2023-03-21T09:31:00-04:00,2023-03-24T15:59:00-04:00,10.0,-6152.96,1.0,last_observed_quote_not_settlement,1036.0,574,84,6.300000000000068,1147.0399999998642,2023-03-21T09:32:00-04:00,0.0,6.149999999999977,1447.0400000000461,2023-03-21T09:33:00-04:00,0.0,6.199999999999989,1347.0400000000234,2023-03-21T09:36:00-04:00,0.0,6.25,1247.0400000000006,2023-03-21T09:41:00-04:00,0.0,6.399999999999977,947.0400000000461,2023-03-21T09:46:00-04:00,0.0,5.5,2747.040000000001,2023-03-21T10:01:00-04:00,0.0,6.899999999999977,-52.959999999953816,2023-03-21T10:31:00-04:00,0.0,7.599999999999966,-1452.9599999999311,2023-03-21T11:31:00-04:00,0.0,5.950000000000017,1847.0399999999665,2023-03-21T16:00:00-04:00,0.0,8.599999999999966,-3452.9599999999327,2023-03-22T16:00:00-04:00,0.0,8.0,-2252.960000000001,2023-03-23T16:00:00-04:00,0.0,,,2023-03-24T15:59:00-04:00,60.0,29.0,hit,1581.0,hit,1726.0,hit,,never_hit,,never_hit,,never_hit,,never_hit,18.0,hit,55.0,hit,0.0,hit,55.0,hit,55.0,hit,1831.0,hit,,,True,True,True,False,3.5999999999999943,,,True,True,True,False,3.5999999999999943,,,True,True,True,False,3.5999999999999943,,,True,True,True,False,3.5999999999999943,,,,,,,,,,,,,,,,,,,,,,,,,,,,,,,,,,,,,,,,,,,,,,,,,,,,,,,,,,,,,,,,,926
2023-03-22,2023-03-24,2,5.0,2023-03-22T09:31:00-04:00,5.0,NDXP  230324P12800000,NDXP  230324P12790000,development,False,False,0,0,0,2,0,1198,available,False,2023-03-22T09:31:00-04:00,2023-03-24T16:00:00-04:00,9.800000000000004,-9852.960000000008,0.0,last_observed_quote_not_settlement,1036.0,599,84,5.049999999999983,-352.9599999999652,2023-03-22T09:32:00-04:00,0.0,4.849999999999994,47.04000000001208,2023-03-22T09:33:00-04:00,0.0,5.400000000000006,-1052.9600000000107,2023-03-22T09:36:00-04:00,0.0,5.0,-252.9599999999993,2023-03-22T09:41:00-04:00,0.0,5.0,-252.9599999999993,2023-03-22T09:46:00-04:00,0.0,5.050000000000011,-352.96000000002203,2023-03-22T10:01:00-04:00,0.0,4.550000000000011,647.0399999999779,2023-03-22T10:31:00-04:00,0.0,4.5,747.0400000000006,2023-03-22T11:31:00-04:00,0.0,7.600000000000023,-5452.960000000045,2023-03-22T16:00:00-04:00,0.0,7.349999999999994,-4952.959999999988,2023-03-23T16:00:00-04:00,0.0,9.800000000000004,-9852.960000000008,2023-03-24T16:00:00-04:00,0.0,,,,,0.0,hit,0.0,hit,269.0,hit,317.0,hit,,never_hit,,never_hit,,never_hit,6.0,hit,331.0,hit,385.0,hit,397.0,hit,2895.0,hit,2895.0,hit,5.700000000000017,31,False,False,False,False,,,,True,True,True,False,2.9499999999999886,,,True,True,True,False,2.9499999999999886,,,True,True,True,False,2.9499999999999886,317.0,2023-03-22T14:48:00-04:00,2.0500000000000114,5647.039999999978,318.0,2023-03-22T14:49:00-04:00,2.549999999999997,4647.040000000006,319.0,2023-03-22T14:50:00-04:00,2.5,4747.040000000001,318.0,2023-03-22T14:49:00-04:00,2.549999999999997,4647.040000000006,,,,,,,,,,,,,,,,,,,,,,,,,,,,,,,,,,,,,,,,,,,,,,,,,927
2023-03-22,2023-03-24,2,6.0,2023-03-22T09:31:00-04:00,6.100000000000023,NDXP  230324P12870000,NDXP  230324P12860000,development,False,False,0,0,0,21,0,1179,available,False,2023-03-22T09:31:00-04:00,2023-03-24T16:00:00-04:00,10.0,-7952.959999999955,0.0,last_observed_quote_not_settlement,1036.0,582,71,5.75,447.0400000000462,2023-03-22T09:32:00-04:00,0.0,5.599999999999994,747.0400000000575,2023-03-22T09:33:00-04:00,0.0,5.749999999999972,447.040000000103,2023-03-22T09:36:00-04:00,0.0,5.849999999999994,247.04000000005752,2023-03-22T09:41:00-04:00,0.0,5.899999999999977,147.04000000009165,2023-03-22T09:46:00-04:00,0.0,5.799999999999983,347.0400000000803,2023-03-22T10:01:00-04:00,0.0,5.150000000000006,1647.0400000000348,2023-03-22T10:31:00-04:00,0.0,5.300000000000011,1347.0400000000234,2023-03-22T11:31:00-04:00,0.0,8.600000000000023,-5252.960000000001,2023-03-22T16:00:00-04:00,0.0,8.0,-4052.9599999999555,2023-03-23T16:00:00-04:00,0.0,10.0,-7952.959999999955,2023-03-24T16:00:00-04:00,0.0,,,,,4.0,hit,66.0,hit,280.0,hit,,never_hit,,never_hit,,never_hit,,never_hit,9.0,hit,379.0,hit,379.0,hit,379.0,hit,395.0,hit,2896.0,hit,,,True,True,True,False,2.700000000000017,,,True,True,True,False,2.700000000000017,,,True,True,True,False,2.700000000000017,,,True,True,True,False,2.700000000000017,,,,,,,,,,,,,,,,,,,,,,,,,,,,,,,,,,,,,,,,,,,,,,,,,,,,,,,,,,,,,,,,,928
2023-03-22,2023-03-24,2,7.0,2023-03-22T09:31:00-04:00,7.0,NDXP  230324P13000000,NDXP  230324P12990000,development,False,False,0,0,1,162,0,1037,available,False,2023-03-22T09:31:00-04:00,2023-03-24T15:59:00-04:00,9.699999999999989,-5652.959999999978,1.0,last_observed_quote_not_settlement,1037.0,720,126,7.400000000000034,-1052.9600000000676,2023-03-22T09:32:00-04:00,0.0,7.449999999999932,-1152.959999999863,2023-03-22T09:33:00-04:00,0.0,7.7999999999999545,-1852.9599999999084,2023-03-22T09:36:00-04:00,0.0,7.349999999999966,-952.9599999999311,2023-03-22T09:41:00-04:00,0.0,7.199999999999989,-652.9599999999766,2023-03-22T09:46:00-04:00,0.0,7.349999999999966,-952.9599999999311,2023-03-22T10:01:00-04:00,0.0,6.900000000000006,-52.96000000001066,2023-03-22T10:31:00-04:00,0.0,6.750000000000028,247.03999999994383,2023-03-22T11:31:00-04:00,0.0,6.399999999999977,947.0400000000461,2023-03-22T16:00:00-04:00,0.0,9.100000000000023,-4452.960000000046,2023-03-23T16:00:00-04:00,0.0,,,2023-03-24T15:59:00-04:00,60.0,,,,,313.0,hit,316.0,hit,,never_hit,,never_hit,,never_hit,,never_hit,,never_hit,5.0,hit,23.0,hit,0.0,hit,23.0,hit,377.0,hit,379.0,hit,,,True,True,True,False,2.9000000000000057,,,True,True,True,False,2.9000000000000057,,,True,True,True,False,2.9000000000000057,,,True,True,True,False,2.9000000000000057,,,,,,,,,,,,,,,,,,,,,,,,,,,,,,,,,,,,,,,,,,,,,,,,,,,,,,,,,,,,,,,,,929
2023-03-24,2023-03-27,3,5.0,2023-03-24T09:31:00-04:00,4.650000000000006,NDXP  230327P12740000,NDXP  230327P12730000,development,False,False,0,0,0,3,0,792,available,False,2023-03-24T09:31:00-04:00,2023-03-27T16:00:00-04:00,10.0,-10852.959999999988,0.0,last_observed_quote_not_settlement,3916.0,574,54,4.849999999999994,-652.9599999999766,2023-03-24T09:32:00-04:00,0.0,5.099999999999966,-1152.9599999999198,2023-03-24T09:33:00-04:00,0.0,5.199999999999989,-1352.9599999999652,2023-03-24T09:36:00-04:00,0.0,5.199999999999989,-1352.9599999999652,2023-03-24T09:41:00-04:00,0.0,5.499999999999972,-1952.9599999999311,2023-03-24T09:46:00-04:00,0.0,4.849999999999994,-652.9599999999766,2023-03-24T10:01:00-04:00,0.0,4.700000000000017,-352.96000000002203,2023-03-24T10:31:00-04:00,0.0,6.25,-3452.9599999999878,2023-03-24T11:31:00-04:00,0.0,4.549999999999997,-52.95999999998224,2023-03-24T16:00:00-04:00,0.0,,,2023-03-24T16:15:00-04:00,85500.0,,,2023-03-24T16:15:00-04:00,171900.0,10.0,-10852.959999999988,2023-03-27T16:00:00-04:00,0.0,0.0,hit,0.0,hit,351.0,hit,4331.0,hit,4336.0,hit,,never_hit,,never_hit,5.0,hit,11.0,hit,4456.0,hit,4466.0,hit,4479.0,hit,4543.0,hit,6.5,298,False,False,False,False,,6.5,298,False,False,False,False,,,,True,True,True,False,2.9000000000000057,,,True,True,True,False,2.9000000000000057,4331.0,2023-03-27T09:42:00-04:00,2.75,3547.0400000000122,4332.0,2023-03-27T09:43:00-04:00,2.6999999999999957,3647.0400000000204,4333.0,2023-03-27T09:44:00-04:00,2.4000000000000057,4247.040000000001,4332.0,2023-03-27T09:43:00-04:00,2.6999999999999957,3647.0400000000204,4337.0,2023-03-27T09:48:00-04:00,1.75,5547.040000000012,4341.0,2023-03-27T09:52:00-04:00,1.8000000000000007,5447.040000000011,4342.0,2023-03-27T09:53:00-04:00,1.8999999999999986,5247.0400000000145,4338.0,2023-03-27T09:49:00-04:00,2.6499999999999986,3747.040000000015,,,,,,,,,,,,,,,,,,,,,,,,,,,,,,,,,930
2023-03-24,2023-03-27,3,6.0,2023-03-24T09:31:00-04:00,5.950000000000017,NDXP  230327P12820000,NDXP  230327P12810000,development,False,False,0,0,0,23,0,772,available,False,2023-03-24T09:31:00-04:00,2023-03-27T16:00:00-04:00,10.0,-8252.959999999965,0.0,last_observed_quote_not_settlement,3916.0,622,48,6.699999999999989,-1752.9599999999425,2023-03-24T09:32:00-04:00,0.0,6.0,-352.9599999999652,2023-03-24T09:33:00-04:00,0.0,6.200000000000017,-752.9599999999994,2023-03-24T09:36:00-04:00,0.0,6.5,-1352.9599999999652,2023-03-24T09:41:00-04:00,0.0,6.700000000000017,-1752.9599999999994,2023-03-24T09:46:00-04:00,0.0,6.050000000000011,-452.95999999998793,2023-03-24T10:01:00-04:00,0.0,5.899999999999977,-152.95999999991972,2023-03-24T10:31:00-04:00,0.0,7.300000000000011,-2952.9599999999878,2023-03-24T11:31:00-04:00,0.0,5.400000000000006,847.0400000000234,2023-03-24T16:00:00-04:00,0.0,,,2023-03-24T16:15:00-04:00,85500.0,,,2023-03-24T16:15:00-04:00,171900.0,10.0,-8252.959999999965,2023-03-27T16:00:00-04:00,0.0,3.0,hit,3.0,hit,4333.0,hit,4333.0,hit,,never_hit,,never_hit,,never_hit,1.0,hit,12.0,hit,12.0,hit,118.0,hit,4429.0,hit,4462.0,hit,8.799999999999983,330,True,True,False,False,,,,True,True,True,False,3.0000000000000213,,,True,True,True,False,3.0000000000000213,,,True,True,True,False,3.0000000000000213,4333.0,2023-03-27T09:44:00-04:00,2.9499999999999957,5747.040000000044,,,,,,,,,4334.0,2023-03-27T09:45:00-04:00,4.250000000000007,3147.0400000000204,,,,,,,,,,,,,,,,,,,,,,,,,,,,,,,,,,,,,,,,,,,,,,,,,931
2023-03-24,2023-03-27,3,7.0,2023-03-24T09:31:00-04:00,7.0,NDXP  230327P12890000,NDXP  230327P12880000,development,False,False,0,0,0,76,0,719,available,False,2023-03-24T09:31:00-04:00,2023-03-27T16:00:00-04:00,9.400000000000006,-5052.960000000013,0.0,last_observed_quote_not_settlement,3916.0,612,33,6.949999999999989,-152.95999999997656,2023-03-24T09:32:00-04:00,0.0,7.0,-252.9599999999993,2023-03-24T09:33:00-04:00,0.0,5.450000000000017,2847.0399999999668,2023-03-24T09:36:00-04:00,0.0,7.599999999999994,-1452.959999999988,2023-03-24T09:41:00-04:00,0.0,7.75,-1752.9599999999994,2023-03-24T09:46:00-04:00,0.0,7.949999999999989,-2152.9599999999764,2023-03-24T10:01:00-04:00,0.0,7.099999999999994,-452.95999999998793,2023-03-24T10:31:00-04:00,0.0,8.349999999999966,-2952.9599999999327,2023-03-24T11:31:00-04:00,0.0,7.049999999999983,-352.9599999999652,2023-03-24T16:00:00-04:00,0.0,,,2023-03-24T16:15:00-04:00,85500.0,,,2023-03-24T16:15:00-04:00,171900.0,9.400000000000006,-5052.960000000013,2023-03-27T16:00:00-04:00,0.0,5.0,hit,,never_hit,,never_hit,,never_hit,,never_hit,,never_hit,,never_hit,3.0,hit,7.0,hit,0.0,hit,7.0,hit,12.0,hit,4386.0,hit,,,True,True,True,False,1.549999999999983,,,True,True,True,False,1.549999999999983,,,True,True,True,False,1.549999999999983,,,True,True,True,False,1.549999999999983,,,,,,,,,,,,,,,,,,,,,,,,,,,,,,,,,,,,,,,,,,,,,,,,,,,,,,,,,,,,,,,,,932
2023-03-27,2023-03-29,2,5.0,2023-03-27T09:31:00-04:00,5.25,NDXP  230329P12840000,NDXP  230329P12830000,development,False,False,0,0,0,33,15,1167,available,False,2023-03-27T09:31:00-04:00,2023-03-29T16:00:00-04:00,0.0,10247.04,0.0,last_observed_quote_not_settlement,1036.0,1035,19,5.550000000000011,-852.9600000000221,2023-03-27T09:32:00-04:00,0.0,5.649999999999977,-1052.9599999999539,2023-03-27T09:33:00-04:00,0.0,5.299999999999997,-352.9599999999936,2023-03-27T09:36:00-04:00,0.0,5.300000000000011,-352.96000000002203,2023-03-27T09:41:00-04:00,0.0,4.450000000000003,1347.039999999995,2023-03-27T09:46:00-04:00,0.0,4.75,747.0400000000006,2023-03-27T10:01:00-04:00,0.0,5.799999999999983,-1352.9599999999652,2023-03-27T10:31:00-04:00,0.0,6.25,-2252.959999999999,2023-03-27T11:31:00-04:00,0.0,7.650000000000034,-5052.960000000067,2023-03-27T16:00:00-04:00,0.0,9.550000000000011,-8852.960000000023,2023-03-28T16:00:00-04:00,0.0,0.0,10247.04,2023-03-29T16:00:00-04:00,0.0,,,,,0.0,hit,3.0,hit,20.0,hit,3226.0,hit,3240.0,hit,3257.0,hit,3262.0,hit,48.0,hit,48.0,hit,101.0,hit,158.0,hit,1446.0,hit,1450.0,hit,10.0,1035,True,True,True,True,,10.0,1035,True,True,True,True,,10.0,1035,True,True,True,True,,10.0,1035,True,True,True,True,,3226.0,2023-03-29T15:17:00-04:00,2.8000000000000007,4647.039999999999,3227.0,2023-03-29T15:18:00-04:00,2.75,4747.040000000001,3228.0,2023-03-29T15:19:00-04:00,2.6500000000000004,4947.04,3227.0,2023-03-29T15:18:00-04:00,2.75,4747.040000000001,3240.0,2023-03-29T15:31:00-04:00,1.8249999999999993,6597.040000000002,3241.0,2023-03-29T15:32:00-04:00,1.6749999999999998,6897.040000000001,3242.0,2023-03-29T15:33:00-04:00,1.8250000000000002,6597.04,3241.0,2023-03-29T15:32:00-04:00,1.6749999999999998,6897.040000000001,3260.0,2023-03-29T15:51:00-04:00,0.8500000000000001,8547.04,3261.0,2023-03-29T15:52:00-04:00,0.925,8397.04,3262.0,2023-03-29T15:53:00-04:00,0.25,9747.04,3261.0,2023-03-29T15:52:00-04:00,0.925,8397.04,3262.0,2023-03-29T15:53:00-04:00,0.25,9747.04,3269.0,2023-03-29T16:00:00-04:00,0.0,10247.04,,,,,3263.0,2023-03-29T15:54:00-04:00,1.175,7897.04,933
2023-03-27,2023-03-29,2,6.0,2023-03-27T09:31:00-04:00,5.949999999999989,NDXP  230329P12830000,NDXP  230329P12820000,development,False,False,0,0,0,29,15,1171,available,False,2023-03-27T09:31:00-04:00,2023-03-29T16:00:00-04:00,9.6,-7552.960000000023,0.0,last_observed_quote_not_settlement,1036.0,901,61,5.299999999999983,1047.040000000012,2023-03-27T09:32:00-04:00,0.0,5.700000000000017,247.03999999994383,2023-03-27T09:33:00-04:00,0.0,5.25,1147.039999999978,2023-03-27T09:36:00-04:00,0.0,4.6499999999999915,2347.039999999995,2023-03-27T09:41:00-04:00,0.0,4.5,2647.039999999978,2023-03-27T09:46:00-04:00,0.0,4.450000000000003,2747.039999999972,2023-03-27T10:01:00-04:00,0.0,5.450000000000017,747.0399999999438,2023-03-27T10:31:00-04:00,0.0,6.150000000000006,-652.9600000000335,2023-03-27T11:31:00-04:00,0.0,6.649999999999977,-1652.9599999999766,2023-03-27T16:00:00-04:00,0.0,9.949999999999989,-8252.960000000001,2023-03-28T16:00:00-04:00,0.0,9.6,-7552.960000000023,2023-03-29T16:00:00-04:00,0.0,,,,,1.0,hit,6.0,hit,2909.0,hit,2909.0,hit,3226.0,hit,3244.0,hit,3259.0,hit,3.0,hit,98.0,hit,98.0,hit,151.0,hit,1451.0,hit,1454.0,hit,10.0,655,True,True,True,True,,10.0,901,True,True,True,True,,10.0,901,True,True,True,True,,10.0,901,True,True,True,True,,2909.0,2023-03-29T10:00:00-04:00,2.8999999999999915,5847.039999999995,3226.0,2023-03-29T15:17:00-04:00,1.7249999999999996,8197.039999999979,3227.0,2023-03-29T15:18:00-04:00,1.9000000000000004,7847.039999999977,2910.0,2023-03-29T10:01:00-04:00,5.299999999999997,1047.0399999999836,3226.0,2023-03-29T15:17:00-04:00,1.7249999999999996,8197.039999999979,3227.0,2023-03-29T15:18:00-04:00,1.9000000000000004,7847.039999999977,3228.0,2023-03-29T15:19:00-04:00,1.7999999999999998,8047.039999999978,3227.0,2023-03-29T15:18:00-04:00,1.9000000000000004,7847.039999999977,3244.0,2023-03-29T15:35:00-04:00,0.9499999999999997,9747.039999999979,3257.0,2023-03-29T15:48:00-04:00,0.6499999999999999,10347.039999999979,3258.0,2023-03-29T15:49:00-04:00,0.75,10147.039999999979,3245.0,2023-03-29T15:36:00-04:00,1.1749999999999998,9297.039999999979,3259.0,2023-03-29T15:50:00-04:00,0.0,11647.039999999979,3260.0,2023-03-29T15:51:00-04:00,0.3999999999999999,10847.039999999979,3261.0,2023-03-29T15:52:00-04:00,0.3999999999999999,10847.039999999979,3260.0,2023-03-29T15:51:00-04:00,0.3999999999999999,10847.039999999979,934
2023-03-27,2023-03-29,2,7.0,2023-03-27T09:31:00-04:00,6.849999999999994,NDXP  230329P12960000,NDXP  230329P12950000,development,False,False,0,0,0,274,15,926,available,False,2023-03-27T09:31:00-04:00,2023-03-29T15:59:00-04:00,9.649999999999991,-5852.9599999999955,1.0,last_observed_quote_not_settlement,1037.0,746,28,7.599999999999966,-1752.9599999999425,2023-03-27T09:32:00-04:00,0.0,7.299999999999983,-1152.9599999999766,2023-03-27T09:33:00-04:00,0.0,7.650000000000034,-1852.960000000079,2023-03-27T09:36:00-04:00,0.0,7.550000000000011,-1652.9600000000335,2023-03-27T09:41:00-04:00,0.0,6.700000000000017,47.039999999955235,2023-03-27T09:46:00-04:00,0.0,6.849999999999994,-252.9599999999993,2023-03-27T10:01:00-04:00,0.0,7.749999999999972,-2052.9599999999537,2023-03-27T10:31:00-04:00,0.0,8.049999999999983,-2652.959999999978,2023-03-27T11:31:00-04:00,0.0,8.350000000000023,-3252.960000000058,2023-03-27T16:00:00-04:00,0.0,,,2023-03-28T15:59:00-04:00,60.0,,,2023-03-29T15:59:00-04:00,60.0,,,,,,never_hit,,never_hit,,never_hit,,never_hit,,never_hit,,never_hit,,never_hit,1.0,hit,44.0,hit,1.0,hit,44.0,hit,116.0,hit,145.0,hit,,,True,True,True,False,1.1499999999999773,,,True,True,True,False,1.1499999999999773,,,True,True,True,False,1.1499999999999773,,,True,True,True,False,1.1499999999999773,,,,,,,,,,,,,,,,,,,,,,,,,,,,,,,,,,,,,,,,,,,,,,,,,,,,,,,,,,,,,,,,,935
2023-03-27,2023-03-30,3,5.0,2023-03-27T09:31:00-04:00,5.149999999999977,NDXP  230330P12870000,NDXP  230330P12860000,development,False,False,0,0,0,9,0,1596,available,False,2023-03-27T09:31:00-04:00,2023-03-30T16:00:00-04:00,0.0,10047.039999999955,0.0,last_observed_quote_not_settlement,1036.0,1129,38,5.600000000000023,-1152.9600000000903,2023-03-27T09:32:00-04:00,0.0,6.699999999999989,-3352.960000000022,2023-03-27T09:33:00-04:00,0.0,5.199999999999989,-352.96000000002203,2023-03-27T09:36:00-04:00,0.0,5.249999999999972,-452.95999999998793,2023-03-27T09:41:00-04:00,0.0,4.800000000000011,447.0399999999325,2023-03-27T09:46:00-04:00,0.0,5.349999999999994,-652.9600000000335,2023-03-27T10:01:00-04:00,0.0,5.299999999999983,-552.9600000000107,2023-03-27T10:31:00-04:00,0.0,6.199999999999989,-2352.960000000022,2023-03-27T11:31:00-04:00,0.0,7.199999999999989,-4352.960000000022,2023-03-27T16:00:00-04:00,0.0,9.049999999999983,-8052.960000000013,2023-03-28T16:00:00-04:00,0.0,4.600000000000001,847.0399999999523,2023-03-29T16:00:00-04:00,0.0,0.0,10047.039999999955,2023-03-30T16:00:00-04:00,0.0,0.0,hit,4.0,hit,4320.0,hit,4320.0,hit,4322.0,hit,4377.0,hit,4421.0,hit,2.0,hit,2.0,hit,107.0,hit,149.0,hit,1450.0,hit,1519.0,hit,10.0,1129,True,True,True,True,,10.0,1129,True,True,True,True,,10.0,1129,True,True,True,True,,10.0,1129,True,True,True,True,,4320.0,2023-03-30T09:31:00-04:00,2.3500000000000014,5347.039999999953,4321.0,2023-03-30T09:32:00-04:00,2.200000000000003,5647.03999999995,4322.0,2023-03-30T09:33:00-04:00,1.8500000000000032,6347.039999999949,4321.0,2023-03-30T09:32:00-04:00,2.200000000000003,5647.03999999995,4322.0,2023-03-30T09:33:00-04:00,1.8500000000000032,6347.039999999949,4337.0,2023-03-30T09:48:00-04:00,1.9499999999999993,6147.039999999956,4338.0,2023-03-30T09:49:00-04:00,1.9499999999999993,6147.039999999956,4323.0,2023-03-30T09:34:00-04:00,2.0,6047.039999999955,4378.0,2023-03-30T10:29:00-04:00,0.9000000000000004,8247.039999999955,4416.0,2023-03-30T11:07:00-04:00,0.8999999999999986,8247.039999999959,4417.0,2023-03-30T11:08:00-04:00,0.9000000000000004,8247.039999999955,4379.0,2023-03-30T10:30:00-04:00,1.0,8047.039999999955,4619.0,2023-03-30T14:30:00-04:00,0.3999999999999999,9247.039999999955,4620.0,2023-03-30T14:31:00-04:00,0.32499999999999996,9397.039999999955,4621.0,2023-03-30T14:32:00-04:00,0.3500000000000001,9347.039999999955,4620.0,2023-03-30T14:31:00-04:00,0.32499999999999996,9397.039999999955,936
2023-03-27,2023-03-30,3,6.0,2023-03-27T09:31:00-04:00,5.950000000000017,NDXP  230330P12920000,NDXP  230330P12910000,development,False,False,0,0,0,17,0,1588,available,False,2023-03-27T09:31:00-04:00,2023-03-30T15:58:00-04:00,0.025000000000000022,11597.040000000035,2.0,last_observed_quote_not_settlement,1036.0,1142,32,6.350000000000023,-1052.9600000000107,2023-03-27T09:32:00-04:00,0.0,6.800000000000011,-1952.959999999988,2023-03-27T09:33:00-04:00,0.0,6.200000000000017,-752.9599999999994,2023-03-27T09:36:00-04:00,0.0,6.150000000000006,-652.9599999999766,2023-03-27T09:41:00-04:00,0.0,5.799999999999983,47.04000000006892,2023-03-27T09:46:00-04:00,0.0,5.900000000000006,-152.95999999997656,2023-03-27T10:01:00-04:00,0.0,5.650000000000006,347.04000000002344,2023-03-27T10:31:00-04:00,0.0,6.849999999999966,-2052.959999999897,2023-03-27T11:31:00-04:00,0.0,8.299999999999955,-4952.959999999876,2023-03-27T16:00:00-04:00,0.0,9.350000000000023,-7052.960000000013,2023-03-28T16:00:00-04:00,0.0,6.3500000000000085,-1052.9599999999823,2023-03-29T16:00:00-04:00,0.0,,,2023-03-30T15:58:00-04:00,120.0,13.0,hit,22.0,hit,4320.0,hit,4349.0,hit,4378.0,hit,4670.0,hit,4681.0,hit,2.0,hit,9.0,hit,9.0,hit,99.0,hit,231.0,hit,1452.0,hit,10.0,1140,True,True,True,True,,10.0,1140,True,True,True,True,,10.0,1142,True,True,True,True,,10.0,1142,True,True,True,True,,4349.0,2023-03-30T10:00:00-04:00,2.900000000000002,5847.040000000031,4350.0,2023-03-30T10:01:00-04:00,2.849999999999998,5947.040000000039,4380.0,2023-03-30T10:31:00-04:00,2.1000000000000014,7447.040000000032,4350.0,2023-03-30T10:01:00-04:00,2.849999999999998,5947.040000000039,4381.0,2023-03-30T10:32:00-04:00,1.9499999999999993,7747.040000000036,4420.0,2023-03-30T11:11:00-04:00,1.9499999999999993,7747.040000000036,4421.0,2023-03-30T11:12:00-04:00,1.6999999999999993,8247.040000000037,4382.0,2023-03-30T10:33:00-04:00,1.950000000000001,7747.040000000033,4670.0,2023-03-30T15:21:00-04:00,0.9249999999999998,9797.040000000035,4671.0,2023-03-30T15:22:00-04:00,0.7249999999999996,10197.040000000037,4675.0,2023-03-30T15:26:00-04:00,0.6749999999999998,10297.040000000035,4671.0,2023-03-30T15:22:00-04:00,0.7249999999999996,10197.040000000037,4681.0,2023-03-30T15:32:00-04:00,0.3250000000000002,10997.040000000035,4684.0,2023-03-30T15:35:00-04:00,0.25,11147.040000000035,4685.0,2023-03-30T15:36:00-04:00,0.22499999999999987,11197.040000000037,4682.0,2023-03-30T15:33:00-04:00,0.65,10347.040000000035,937
2023-03-27,2023-03-30,3,7.0,2023-03-27T09:31:00-04:00,7.0,NDXP  230330P12840000,NDXP  230330P12830000,development,False,False,0,0,0,2,0,1603,available,False,2023-03-27T09:31:00-04:00,2023-03-30T16:00:00-04:00,0.0,13747.04,0.0,last_observed_quote_not_settlement,1036.0,439,64,5.050000000000011,3647.039999999978,2023-03-27T09:32:00-04:00,0.0,4.75,4247.040000000001,2023-03-27T09:33:00-04:00,0.0,6.700000000000017,347.0399999999666,2023-03-27T09:36:00-04:00,0.0,4.650000000000006,4447.039999999989,2023-03-27T09:41:00-04:00,0.0,4.3999999999999915,4947.040000000018,2023-03-27T09:46:00-04:00,0.0,4.449999999999989,4847.040000000024,2023-03-27T10:01:00-04:00,0.0,5.699999999999989,2347.0400000000236,2023-03-27T10:31:00-04:00,0.0,5.699999999999989,2347.0400000000236,2023-03-27T11:31:00-04:00,0.0,7.700000000000017,-1652.9600000000335,2023-03-27T16:00:00-04:00,0.0,8.5,-3252.960000000001,2023-03-28T16:00:00-04:00,0.0,4.349999999999994,5047.040000000012,2023-03-29T16:00:00-04:00,0.0,0.0,13747.04,2023-03-30T16:00:00-04:00,0.0,1.0,hit,2.0,hit,3226.0,hit,4320.0,hit,4320.0,hit,4347.0,hit,4379.0,hit,47.0,hit,1446.0,hit,0.0,hit,1446.0,hit,1450.0,hit,1450.0,hit,10.0,439,True,True,True,True,,10.0,439,True,True,True,True,,10.0,439,True,True,True,True,,10.0,439,True,True,True,True,,4320.0,2023-03-30T09:31:00-04:00,1.6000000000000014,10547.039999999999,4321.0,2023-03-30T09:32:00-04:00,1.6500000000000004,10447.04,4322.0,2023-03-30T09:33:00-04:00,1.25,11247.04,4321.0,2023-03-30T09:32:00-04:00,1.6500000000000004,10447.04,4320.0,2023-03-30T09:31:00-04:00,1.6000000000000014,10547.039999999999,4321.0,2023-03-30T09:32:00-04:00,1.6500000000000004,10447.04,4322.0,2023-03-30T09:33:00-04:00,1.25,11247.04,4321.0,2023-03-30T09:32:00-04:00,1.6500000000000004,10447.04,4347.0,2023-03-30T09:58:00-04:00,0.9000000000000004,11947.04,4348.0,2023-03-30T09:59:00-04:00,0.8000000000000007,12147.04,4373.0,2023-03-30T10:24:00-04:00,0.8999999999999995,11947.040000000003,4348.0,2023-03-30T09:59:00-04:00,0.8000000000000007,12147.04,4379.0,2023-03-30T10:30:00-04:00,0.39999999999999947,12947.040000000003,4394.0,2023-03-30T10:45:00-04:00,0.2999999999999998,13147.040000000003,4395.0,2023-03-30T10:46:00-04:00,0.35000000000000053,13047.04,4380.0,2023-03-30T10:31:00-04:00,0.5999999999999996,12547.040000000003,938
2023-03-28,2023-03-30,2,5.0,2023-03-28T09:31:00-04:00,4.900000000000006,NDXP  230330P12670000,NDXP  230330P12660000,development,False,False,0,0,0,2,15,1198,available,False,2023-03-28T09:31:00-04:00,2023-03-30T16:00:00-04:00,0.0,9547.040000000014,0.0,last_observed_quote_not_settlement,1036.0,402,2,5.099999999999994,-652.9599999999766,2023-03-28T09:32:00-04:00,0.0,6.3500000000000085,-3152.960000000005,2023-03-28T09:33:00-04:00,0.0,5.150000000000006,-752.9599999999994,2023-03-28T09:36:00-04:00,0.0,6.4500000000000455,-3352.9600000000787,2023-03-28T09:41:00-04:00,0.0,5.5,-1452.959999999988,2023-03-28T09:46:00-04:00,0.0,6.399999999999977,-3252.9599999999423,2023-03-28T10:01:00-04:00,0.0,6.199999999999989,-2852.959999999965,2023-03-28T10:31:00-04:00,0.0,5.650000000000006,-1752.9599999999994,2023-03-28T11:31:00-04:00,0.0,5.299999999999983,-1052.9599999999539,2023-03-28T16:00:00-04:00,0.0,0.8499999999999996,7847.040000000013,2023-03-29T16:00:00-04:00,0.0,0.0,9547.040000000014,2023-03-30T16:00:00-04:00,0.0,,,,,0.0,hit,0.0,hit,1440.0,hit,1440.0,hit,1467.0,hit,1786.0,hit,1819.0,hit,2.0,hit,2.0,hit,11.0,hit,,never_hit,,never_hit,,never_hit,7.699999999999989,402,True,False,False,False,,7.699999999999989,402,True,False,False,False,,7.699999999999989,402,True,False,False,False,,7.699999999999989,402,True,False,False,False,,1440.0,2023-03-29T09:31:00-04:00,2.5,4547.040000000012,1441.0,2023-03-29T09:32:00-04:00,2.450000000000003,4647.040000000006,1442.0,2023-03-29T09:33:00-04:00,2.6000000000000014,4347.040000000009,1441.0,2023-03-29T09:32:00-04:00,2.450000000000003,4647.040000000006,1474.0,2023-03-29T10:05:00-04:00,1.5999999999999979,6347.040000000016,1563.0,2023-03-29T11:34:00-04:00,1.9000000000000021,5747.040000000008,1564.0,2023-03-29T11:35:00-04:00,1.6999999999999993,6147.040000000014,1475.0,2023-03-29T10:06:00-04:00,2.0500000000000007,5447.040000000011,1787.0,2023-03-29T15:18:00-04:00,0.8499999999999996,7847.040000000013,1801.0,2023-03-29T15:32:00-04:00,0.8000000000000007,7947.040000000011,1802.0,2023-03-29T15:33:00-04:00,0.8000000000000007,7947.040000000011,1788.0,2023-03-29T15:19:00-04:00,1.049999999999999,7447.0400000000145,2880.0,2023-03-30T09:31:00-04:00,0.2749999999999999,8997.040000000012,2881.0,2023-03-30T09:32:00-04:00,0.20000000000000018,9147.040000000012,2882.0,2023-03-30T09:33:00-04:00,0.25,9047.040000000014,2881.0,2023-03-30T09:32:00-04:00,0.20000000000000018,9147.040000000012,939
2023-03-28,2023-03-30,2,6.0,2023-03-28T09:31:00-04:00,6.0,NDXP  230330P12710000,NDXP  230330P12700000,development,False,False,0,0,0,3,15,1197,available,False,2023-03-28T09:31:00-04:00,2023-03-30T16:00:00-04:00,0.15,11447.04,0.0,last_observed_quote_not_settlement,1036.0,394,12,6.25,-752.9599999999994,2023-03-28T09:32:00-04:00,0.0,7.199999999999989,-2652.9599999999764,2023-03-28T09:33:00-04:00,0.0,6.75,-1752.9599999999994,2023-03-28T09:36:00-04:00,0.0,7.0,-2252.959999999999,2023-03-28T09:41:00-04:00,0.0,7.400000000000006,-3052.9600000000105,2023-03-28T09:46:00-04:00,0.0,7.75,-3752.959999999999,2023-03-28T10:01:00-04:00,0.0,7.549999999999983,-3352.959999999965,2023-03-28T10:31:00-04:00,0.0,6.300000000000011,-852.9600000000221,2023-03-28T11:31:00-04:00,0.0,6.199999999999989,-652.9599999999766,2023-03-28T16:00:00-04:00,0.0,1.4000000000000004,8947.04,2023-03-29T16:00:00-04:00,0.0,0.15,11447.04,2023-03-30T16:00:00-04:00,0.0,,,,,1440.0,hit,1440.0,hit,1440.0,hit,1440.0,hit,1651.0,hit,2880.0,hit,2880.0,hit,2.0,hit,2.0,hit,2.0,hit,13.0,hit,68.0,hit,90.0,hit,9.600000000000023,393,True,True,True,True,,9.600000000000023,393,True,True,True,True,,9.600000000000023,393,True,True,True,True,,9.600000000000023,393,True,True,True,True,,1440.0,2023-03-29T09:31:00-04:00,2.8999999999999915,5947.040000000018,1443.0,2023-03-29T09:34:00-04:00,2.9000000000000057,5947.039999999989,1447.0,2023-03-29T09:38:00-04:00,2.799999999999997,6147.040000000006,1441.0,2023-03-29T09:32:00-04:00,3.1000000000000085,5547.039999999984,1651.0,2023-03-29T13:02:00-04:00,1.7999999999999972,8147.040000000007,1758.0,2023-03-29T14:49:00-04:00,1.8499999999999979,8047.0400000000045,1759.0,2023-03-29T14:50:00-04:00,1.7999999999999972,8147.040000000007,1652.0,2023-03-29T13:03:00-04:00,2.75,6247.040000000001,2880.0,2023-03-30T09:31:00-04:00,0.35000000000000053,11047.04,2881.0,2023-03-30T09:32:00-04:00,0.34999999999999964,11047.040000000003,2882.0,2023-03-30T09:33:00-04:00,0.07500000000000018,11597.04,2881.0,2023-03-30T09:32:00-04:00,0.34999999999999964,11047.040000000003,2880.0,2023-03-30T09:31:00-04:00,0.35000000000000053,11047.04,2881.0,2023-03-30T09:32:00-04:00,0.34999999999999964,11047.040000000003,2882.0,2023-03-30T09:33:00-04:00,0.07500000000000018,11597.04,2881.0,2023-03-30T09:32:00-04:00,0.34999999999999964,11047.040000000003,940
2023-03-28,2023-03-30,2,7.0,2023-03-28T09:31:00-04:00,7.099999999999994,NDXP  230330P12820000,NDXP  230330P12810000,development,False,False,0,0,0,8,15,1192,available,False,2023-03-28T09:31:00-04:00,2023-03-30T16:00:00-04:00,0.15,13647.03999999999,0.0,last_observed_quote_not_settlement,1036.0,395,6,7.549999999999983,-1152.9599999999766,2023-03-28T09:32:00-04:00,0.0,8.450000000000017,-2952.9600000000464,2023-03-28T09:33:00-04:00,0.0,7.950000000000017,-1952.9600000000466,2023-03-28T09:36:00-04:00,0.0,8.0,-2052.9600000000123,2023-03-28T09:41:00-04:00,0.0,8.800000000000011,-3652.960000000035,2023-03-28T09:46:00-04:00,0.0,8.25,-2552.9600000000123,2023-03-28T10:01:00-04:00,0.0,8.300000000000011,-2652.960000000035,2023-03-28T10:31:00-04:00,0.0,9.900000000000006,-5852.960000000024,2023-03-28T11:31:00-04:00,0.0,8.399999999999977,-2852.959999999967,2023-03-28T16:00:00-04:00,0.0,3.549999999999997,6847.039999999995,2023-03-29T16:00:00-04:00,0.0,0.15,13647.03999999999,2023-03-30T16:00:00-04:00,0.0,,,,,1440.0,hit,1442.0,hit,1764.0,hit,1771.0,hit,2880.0,hit,2882.0,hit,2903.0,hit,2.0,hit,2.0,hit,0.0,hit,2.0,hit,32.0,hit,66.0,hit,9.950000000000045,395,True,True,True,True,,9.950000000000045,395,True,True,True,True,,9.950000000000045,395,True,True,True,True,,9.950000000000045,395,True,True,True,True,,1771.0,2023-03-29T15:02:00-04:00,2.799999999999997,8347.039999999995,2881.0,2023-03-30T09:32:00-04:00,1.2999999999999972,11347.039999999995,2882.0,2023-03-30T09:33:00-04:00,1.0,11947.03999999999,1772.0,2023-03-29T15:03:00-04:00,4.5,4947.039999999989,2880.0,2023-03-30T09:31:00-04:00,1.3000000000000007,11347.039999999988,2881.0,2023-03-30T09:32:00-04:00,1.2999999999999972,11347.039999999995,2882.0,2023-03-30T09:33:00-04:00,1.0,11947.03999999999,2881.0,2023-03-30T09:32:00-04:00,1.2999999999999972,11347.039999999995,2898.0,2023-03-30T09:49:00-04:00,0.9499999999999993,12047.039999999992,2904.0,2023-03-30T09:55:00-04:00,0.8499999999999996,12247.039999999992,2905.0,2023-03-30T09:56:00-04:00,0.7500000000000009,12447.039999999988,2899.0,2023-03-30T09:50:00-04:00,1.0000000000000009,11947.039999999988,2909.0,2023-03-30T10:00:00-04:00,0.39999999999999947,13147.039999999992,2974.0,2023-03-30T11:05:00-04:00,0.40000000000000036,13147.03999999999,2979.0,2023-03-30T11:10:00-04:00,0.40000000000000036,13147.03999999999,2910.0,2023-03-30T10:01:00-04:00,0.6500000000000004,12647.03999999999,941
2023-03-28,2023-03-31,3,5.0,2023-03-28T09:31:00-04:00,5.0,NDXP  230331P12760000,NDXP  230331P12750000,development,False,False,0,0,0,48,0,1557,available,False,2023-03-28T09:31:00-04:00,2023-03-31T15:51:00-04:00,0.0,9747.04,9.0,last_observed_quote_not_settlement,1036.0,404,2,5.899999999999977,-2052.9599999999537,2023-03-28T09:32:00-04:00,0.0,6.849999999999966,-3952.959999999931,2023-03-28T09:33:00-04:00,0.0,6.5,-3252.959999999999,2023-03-28T09:36:00-04:00,0.0,6.25,-2752.959999999999,2023-03-28T09:41:00-04:00,0.0,6.75,-3752.959999999999,2023-03-28T09:46:00-04:00,0.0,6.25,-2752.959999999999,2023-03-28T10:01:00-04:00,0.0,6.799999999999983,-3852.959999999965,2023-03-28T10:31:00-04:00,0.0,6.399999999999977,-3052.9599999999537,2023-03-28T11:31:00-04:00,0.0,7.25,-4752.959999999999,2023-03-28T16:00:00-04:00,0.0,2.75,4247.040000000001,2023-03-29T16:00:00-04:00,0.0,0.7000000000000011,8347.039999999999,2023-03-30T16:00:00-04:00,0.0,,,2023-03-31T15:51:00-04:00,540.0,0.0,hit,0.0,hit,1440.0,hit,1557.0,hit,2880.0,hit,2913.0,hit,3259.0,hit,1.0,hit,2.0,hit,13.0,hit,85.0,hit,,never_hit,,never_hit,8.700000000000017,404,True,True,False,False,,8.700000000000017,404,True,True,False,False,,8.700000000000017,404,True,True,False,False,,8.700000000000017,404,True,True,False,False,,1557.0,2023-03-29T11:28:00-04:00,2.6499999999999915,4447.040000000018,1786.0,2023-03-29T15:17:00-04:00,2.75,4247.040000000001,1790.0,2023-03-29T15:21:00-04:00,2.5,4747.040000000001,1558.0,2023-03-29T11:29:00-04:00,4.0,1747.0400000000006,2880.0,2023-03-30T09:31:00-04:00,1.3500000000000014,7047.039999999998,2881.0,2023-03-30T09:32:00-04:00,1.3999999999999986,6947.040000000004,2882.0,2023-03-30T09:33:00-04:00,1.3000000000000007,7147.039999999999,2881.0,2023-03-30T09:32:00-04:00,1.3999999999999986,6947.040000000004,2936.0,2023-03-30T10:27:00-04:00,0.9499999999999993,7847.040000000002,2937.0,2023-03-30T10:28:00-04:00,0.9499999999999993,7847.040000000002,2941.0,2023-03-30T10:32:00-04:00,0.9499999999999993,7847.040000000002,2937.0,2023-03-30T10:28:00-04:00,0.9499999999999993,7847.040000000002,3259.0,2023-03-30T15:50:00-04:00,0.20000000000000107,9347.039999999999,4321.0,2023-03-31T09:32:00-04:00,0.39999999999999947,8947.040000000003,4325.0,2023-03-31T09:36:00-04:00,0.24999999999999956,9247.04,3260.0,2023-03-30T15:51:00-04:00,0.7499999999999982,8247.040000000005,942
2023-03-28,2023-03-31,3,6.0,2023-03-28T09:31:00-04:00,6.099999999999994,NDXP  230331P12790000,NDXP  230331P12780000,development,False,False,0,0,0,4,0,1601,available,False,2023-03-28T09:31:00-04:00,2023-03-31T16:00:00-04:00,0.0,11947.03999999999,0.0,last_observed_quote_not_settlement,1036.0,402,2,6.450000000000017,-952.9600000000448,2023-03-28T09:32:00-04:00,0.0,6.400000000000006,-852.9600000000221,2023-03-28T09:33:00-04:00,0.0,6.199999999999989,-452.95999999998793,2023-03-28T09:36:00-04:00,0.0,8.0,-4052.9600000000123,2023-03-28T09:41:00-04:00,0.0,7.850000000000023,-3752.960000000056,2023-03-28T09:46:00-04:00,0.0,7.649999999999977,-3352.959999999965,2023-03-28T10:01:00-04:00,0.0,7.399999999999977,-2852.959999999965,2023-03-28T10:31:00-04:00,0.0,6.849999999999994,-1752.9599999999994,2023-03-28T11:31:00-04:00,0.0,6.749999999999972,-1552.9599999999539,2023-03-28T16:00:00-04:00,0.0,3.5500000000000043,4847.039999999981,2023-03-29T16:00:00-04:00,0.0,0.8499999999999996,10247.039999999992,2023-03-30T16:00:00-04:00,0.0,0.0,11947.03999999999,2023-03-31T16:00:00-04:00,0.0,1440.0,hit,1441.0,hit,1457.0,hit,1559.0,hit,2880.0,hit,2981.0,hit,4322.0,hit,4.0,hit,6.0,hit,6.0,hit,10.0,hit,,never_hit,,never_hit,8.800000000000011,402,True,True,False,False,,8.800000000000011,402,True,True,False,False,,8.800000000000011,402,True,True,False,False,,8.800000000000011,402,True,True,False,False,,1559.0,2023-03-29T11:30:00-04:00,2.799999999999997,6347.039999999995,1819.0,2023-03-29T15:50:00-04:00,2.8500000000000014,6247.039999999986,1820.0,2023-03-29T15:51:00-04:00,2.9000000000000057,6147.039999999978,1560.0,2023-03-29T11:31:00-04:00,4.550000000000011,2847.0399999999668,2880.0,2023-03-30T09:31:00-04:00,1.75,8447.03999999999,2881.0,2023-03-30T09:32:00-04:00,1.8499999999999979,8247.039999999994,2882.0,2023-03-30T09:33:00-04:00,1.6000000000000014,8747.039999999988,2881.0,2023-03-30T09:32:00-04:00,1.8499999999999979,8247.039999999994,3233.0,2023-03-30T15:24:00-04:00,0.9000000000000021,10147.039999999986,3242.0,2023-03-30T15:33:00-04:00,0.9499999999999993,10047.039999999992,3243.0,2023-03-30T15:34:00-04:00,0.8999999999999986,10147.039999999994,3234.0,2023-03-30T15:25:00-04:00,1.0,9947.03999999999,4324.0,2023-03-31T09:35:00-04:00,0.2999999999999998,11347.03999999999,4325.0,2023-03-31T09:36:00-04:00,0.3500000000000001,11247.03999999999,4332.0,2023-03-31T09:43:00-04:00,0.25,11447.03999999999,4325.0,2023-03-31T09:36:00-04:00,0.3500000000000001,11247.03999999999,943
2023-03-28,2023-03-31,3,7.0,2023-03-28T09:31:00-04:00,7.100000000000023,NDXP  230331P12850000,NDXP  230331P12840000,development,False,False,0,0,0,2,0,1603,available,False,2023-03-28T09:31:00-04:00,2023-03-31T16:00:00-04:00,0.0,13947.040000000046,0.0,last_observed_quote_not_settlement,1036.0,394,18,7.249999999999972,-552.959999999897,2023-03-28T09:32:00-04:00,0.0,7.399999999999977,-852.9599999999084,2023-03-28T09:33:00-04:00,0.0,7.449999999999989,-952.9599999999311,2023-03-28T09:36:00-04:00,0.0,7.7999999999999545,-1652.959999999863,2023-03-28T09:41:00-04:00,0.0,7.800000000000011,-1652.9599999999766,2023-03-28T09:46:00-04:00,0.0,7.900000000000034,-1852.960000000022,2023-03-28T10:01:00-04:00,0.0,7.800000000000011,-1652.9599999999766,2023-03-28T10:31:00-04:00,0.0,6.5499999999999545,847.0400000001371,2023-03-28T11:31:00-04:00,0.0,7.899999999999977,-1852.9599999999084,2023-03-28T16:00:00-04:00,0.0,4.300000000000011,5347.040000000024,2023-03-29T16:00:00-04:00,0.0,1.6500000000000021,10647.040000000043,2023-03-30T16:00:00-04:00,0.0,0.0,13947.040000000046,2023-03-31T16:00:00-04:00,0.0,1442.0,hit,1458.0,hit,1792.0,hit,2880.0,hit,2937.0,hit,4321.0,hit,4328.0,hit,3.0,hit,17.0,hit,0.0,hit,12.0,hit,77.0,hit,98.0,hit,9.850000000000023,394,True,True,True,True,,9.850000000000023,394,True,True,True,True,,9.850000000000023,394,True,True,True,True,,9.850000000000023,394,True,True,True,True,,2880.0,2023-03-30T09:31:00-04:00,2.6499999999999986,8647.04000000005,2885.0,2023-03-30T09:36:00-04:00,2.450000000000003,9047.04000000004,2886.0,2023-03-30T09:37:00-04:00,2.749999999999993,8447.04000000006,2881.0,2023-03-30T09:32:00-04:00,3.799999999999997,6347.040000000052,2938.0,2023-03-30T10:29:00-04:00,1.9499999999999993,10047.040000000048,2967.0,2023-03-30T10:58:00-04:00,1.9499999999999993,10047.040000000048,2968.0,2023-03-30T10:59:00-04:00,1.8999999999999986,10147.04000000005,2939.0,2023-03-30T10:30:00-04:00,2.0500000000000007,9847.040000000046,4322.0,2023-03-31T09:33:00-04:00,0.9499999999999993,12047.040000000048,4323.0,2023-03-31T09:34:00-04:00,0.7500000000000018,12447.040000000043,4324.0,2023-03-31T09:35:00-04:00,0.8000000000000007,12347.040000000046,4323.0,2023-03-31T09:34:00-04:00,0.7500000000000018,12447.040000000043,4328.0,2023-03-31T09:39:00-04:00,0.34999999999999964,13247.040000000048,4350.0,2023-03-31T10:01:00-04:00,0.40000000000000036,13147.040000000046,4351.0,2023-03-31T10:02:00-04:00,0.25,13447.040000000046,4329.0,2023-03-31T09:40:00-04:00,0.7500000000000009,12447.040000000045,944
2023-03-29,2023-03-31,2,5.0,2023-03-29T09:31:00-04:00,4.800000000000011,NDXP  230331P12840000,NDXP  230331P12830000,development,False,False,0,0,0,12,0,1188,available,False,2023-03-29T09:31:00-04:00,2023-03-31T16:00:00-04:00,0.0,9347.040000000025,0.0,last_observed_quote_not_settlement,1036.0,200,75,5.450000000000003,-1552.9599999999823,2023-03-29T09:32:00-04:00,0.0,5.5,-1652.9599999999766,2023-03-29T09:33:00-04:00,0.0,5.0,-652.9599999999766,2023-03-29T09:36:00-04:00,0.0,5.299999999999997,-1252.959999999971,2023-03-29T09:41:00-04:00,0.0,5.450000000000003,-1552.9599999999823,2023-03-29T09:46:00-04:00,0.0,3.8499999999999943,1647.0400000000348,2023-03-29T10:01:00-04:00,0.0,5.799999999999997,-2252.959999999971,2023-03-29T10:31:00-04:00,0.0,5.349999999999994,-1352.9599999999652,2023-03-29T11:31:00-04:00,0.0,4.199999999999989,947.0400000000461,2023-03-29T16:00:00-04:00,0.0,1.4499999999999993,6447.0400000000245,2023-03-30T16:00:00-04:00,0.0,0.0,9347.040000000025,2023-03-31T16:00:00-04:00,0.0,,,,,0.0,hit,0.0,hit,6.0,hit,1440.0,hit,1470.0,hit,2880.0,hit,2896.0,hit,1.0,hit,29.0,hit,,never_hit,,never_hit,,never_hit,,never_hit,6.5,200,False,False,False,False,,6.5,200,False,False,False,False,,6.5,200,False,False,False,False,,6.5,200,False,False,False,False,,1440.0,2023-03-30T09:31:00-04:00,2.450000000000003,4447.040000000018,1441.0,2023-03-30T09:32:00-04:00,2.250000000000007,4847.040000000009,1442.0,2023-03-30T09:33:00-04:00,2.150000000000002,5047.040000000019,1441.0,2023-03-30T09:32:00-04:00,2.250000000000007,4847.040000000009,1470.0,2023-03-30T10:01:00-04:00,1.8500000000000014,5647.040000000021,1495.0,2023-03-30T10:26:00-04:00,1.8999999999999986,5547.040000000026,1496.0,2023-03-30T10:27:00-04:00,1.7499999999999964,5847.040000000031,1471.0,2023-03-30T10:02:00-04:00,2.1999999999999957,4947.040000000032,2880.0,2023-03-31T09:31:00-04:00,0.9000000000000004,7547.040000000023,2881.0,2023-03-31T09:32:00-04:00,0.75,7847.040000000024,2882.0,2023-03-31T09:33:00-04:00,0.8000000000000007,7747.040000000022,2881.0,2023-03-31T09:32:00-04:00,0.75,7847.040000000024,2901.0,2023-03-31T09:52:00-04:00,0.2999999999999998,8747.040000000025,2916.0,2023-03-31T10:07:00-04:00,0.39999999999999947,8547.040000000025,2933.0,2023-03-31T10:24:00-04:00,0.40000000000000036,8547.040000000023,2902.0,2023-03-31T09:53:00-04:00,0.5499999999999998,8247.040000000025,945
2023-03-29,2023-03-31,2,6.0,2023-03-29T09:31:00-04:00,5.800000000000011,NDXP  230331P12870000,NDXP  230331P12860000,development,False,False,0,0,0,2,0,1198,available,False,2023-03-29T09:31:00-04:00,2023-03-31T16:00:00-04:00,0.0,11347.040000000025,0.0,last_observed_quote_not_settlement,1036.0,121,55,6.349999999999994,-1352.9599999999652,2023-03-29T09:32:00-04:00,0.0,6.25,-1152.9599999999766,2023-03-29T09:33:00-04:00,0.0,5.75,-152.95999999997656,2023-03-29T09:36:00-04:00,0.0,5.849999999999966,-352.95999999990835,2023-03-29T09:41:00-04:00,0.0,5.849999999999994,-352.9599999999652,2023-03-29T09:46:00-04:00,0.0,5.549999999999997,247.0400000000291,2023-03-29T10:01:00-04:00,0.0,6.150000000000006,-952.959999999988,2023-03-29T10:31:00-04:00,0.0,6.0,-652.9599999999766,2023-03-29T11:31:00-04:00,0.0,4.75,1847.0400000000234,2023-03-29T16:00:00-04:00,0.0,1.8999999999999986,7547.040000000026,2023-03-30T16:00:00-04:00,0.0,0.0,11347.040000000025,2023-03-31T16:00:00-04:00,0.0,,,,,18.0,hit,315.0,hit,330.0,hit,1440.0,hit,1541.0,hit,2883.0,hit,2909.0,hit,1.0,hit,68.0,hit,87.0,hit,,never_hit,,never_hit,,never_hit,7.350000000000023,121,True,False,False,False,,7.350000000000023,121,True,False,False,False,,7.350000000000023,121,True,False,False,False,,7.350000000000023,121,True,False,False,False,,1442.0,2023-03-30T09:33:00-04:00,2.6499999999999915,6047.040000000041,1443.0,2023-03-30T09:34:00-04:00,2.75,5847.040000000024,1466.0,2023-03-30T09:57:00-04:00,2.549999999999997,6247.040000000029,1443.0,2023-03-30T09:34:00-04:00,2.75,5847.040000000024,1551.0,2023-03-30T11:22:00-04:00,1.9499999999999957,7447.040000000032,1801.0,2023-03-30T15:32:00-04:00,1.8499999999999979,7647.040000000027,1802.0,2023-03-30T15:33:00-04:00,1.9000000000000021,7547.040000000019,1552.0,2023-03-30T11:23:00-04:00,2.1000000000000014,7147.040000000021,2884.0,2023-03-31T09:35:00-04:00,0.8499999999999996,9647.040000000025,2885.0,2023-03-31T09:36:00-04:00,0.9000000000000004,9547.040000000023,2886.0,2023-03-31T09:37:00-04:00,0.8999999999999986,9547.040000000026,2885.0,2023-03-31T09:36:00-04:00,0.9000000000000004,9547.040000000023,2909.0,2023-03-31T10:00:00-04:00,0.0,11347.040000000025,2943.0,2023-03-31T10:34:00-04:00,0.35000000000000053,10647.040000000023,2944.0,2023-03-31T10:35:00-04:00,0.27500000000000036,10797.040000000023,2910.0,2023-03-31T10:01:00-04:00,0.6999999999999993,9947.040000000026,946
2023-03-29,2023-03-31,2,7.0,2023-03-29T09:31:00-04:00,6.800000000000011,NDXP  230331P12940000,NDXP  230331P12930000,development,False,False,0,0,0,2,0,1198,available,False,2023-03-29T09:31:00-04:00,2023-03-31T16:00:00-04:00,0.0,13347.040000000025,0.0,last_observed_quote_not_settlement,1036.0,262,74,7.150000000000006,-952.959999999988,2023-03-29T09:32:00-04:00,0.0,7.050000000000011,-752.9599999999994,2023-03-29T09:33:00-04:00,0.0,6.900000000000006,-452.95999999998793,2023-03-29T09:36:00-04:00,0.0,7.050000000000011,-752.9599999999994,2023-03-29T09:41:00-04:00,0.0,7.399999999999977,-1452.9599999999311,2023-03-29T09:46:00-04:00,0.0,6.850000000000023,-352.96000000002203,2023-03-29T10:01:00-04:00,0.0,7.450000000000017,-1552.9600000000107,2023-03-29T10:31:00-04:00,0.0,7.149999999999977,-952.9599999999311,2023-03-29T11:31:00-04:00,0.0,5.499999999999986,2347.040000000052,2023-03-29T16:00:00-04:00,0.0,4.249999999999993,4847.040000000037,2023-03-30T16:00:00-04:00,0.0,0.0,13347.040000000025,2023-03-31T16:00:00-04:00,0.0,,,,,348.0,hit,1440.0,hit,1469.0,hit,1670.0,hit,2887.0,hit,2909.0,hit,2991.0,hit,7.0,hit,57.0,hit,1.0,hit,57.0,hit,80.0,hit,,never_hit,9.299999999999983,262,True,True,True,True,,9.299999999999983,262,True,True,True,True,,9.299999999999983,262,True,True,True,True,,9.299999999999983,262,True,True,True,True,,1670.0,2023-03-30T13:21:00-04:00,2.1499999999999986,9047.040000000026,2884.0,2023-03-31T09:35:00-04:00,2.099999999999998,9147.040000000028,2885.0,2023-03-31T09:36:00-04:00,2.25,8847.040000000025,1671.0,2023-03-30T13:22:00-04:00,4.149999999999999,5047.040000000026,2887.0,2023-03-31T09:38:00-04:00,1.75,9847.040000000025,2891.0,2023-03-31T09:42:00-04:00,1.9000000000000004,9547.040000000023,2892.0,2023-03-31T09:43:00-04:00,1.75,9847.040000000025,2888.0,2023-03-31T09:39:00-04:00,2.1499999999999986,9047.040000000026,2909.0,2023-03-31T10:00:00-04:00,0.6499999999999986,12047.040000000026,2949.0,2023-03-31T10:40:00-04:00,0.6500000000000004,12047.040000000023,2950.0,2023-03-31T10:41:00-04:00,0.7000000000000011,11947.040000000023,2910.0,2023-03-31T10:01:00-04:00,1.5,10347.040000000025,3013.0,2023-03-31T11:44:00-04:00,0.34999999999999964,12647.040000000025,3016.0,2023-03-31T11:47:00-04:00,0.34999999999999964,12647.040000000025,3022.0,2023-03-31T11:53:00-04:00,0.25,12847.040000000025,3014.0,2023-03-31T11:45:00-04:00,0.4500000000000002,12447.040000000025,947
2023-03-31,2023-04-03,3,5.0,2023-03-31T09:31:00-04:00,4.900000000000006,NDXP  230403P13000000,NDXP  230403P12990000,development,False,False,0,0,0,22,0,773,available,False,2023-03-31T09:31:00-04:00,2023-04-03T15:38:00-04:00,0.024999999999999994,9497.040000000012,22.0,last_observed_quote_not_settlement,3916.0,1,1,5.200000000000003,-852.9599999999937,2023-03-31T09:32:00-04:00,0.0,4.25,1047.040000000012,2023-03-31T09:33:00-04:00,0.0,3.8500000000000085,1847.039999999995,2023-03-31T09:36:00-04:00,0.0,4.150000000000006,1247.0400000000006,2023-03-31T09:41:00-04:00,0.0,4.099999999999994,1347.0400000000234,2023-03-31T09:46:00-04:00,0.0,3.700000000000003,2147.0400000000063,2023-03-31T10:01:00-04:00,0.0,3.6000000000000014,2347.040000000009,2023-03-31T10:31:00-04:00,0.0,3.1499999999999986,3247.040000000015,2023-03-31T11:31:00-04:00,0.0,3.25,3047.0400000000122,2023-03-31T16:00:00-04:00,0.0,,,2023-03-31T16:15:00-04:00,85500.0,,,2023-03-31T16:15:00-04:00,171900.0,,,2023-04-03T15:38:00-04:00,1320.0,0.0,hit,0.0,hit,5.0,hit,74.0,hit,273.0,hit,4327.0,hit,4334.0,hit,,never_hit,,never_hit,,never_hit,,never_hit,,never_hit,,never_hit,5.200000000000003,1,False,False,False,False,,5.200000000000003,1,False,False,False,False,,5.200000000000003,1,False,False,False,False,,5.200000000000003,1,False,False,False,False,,111.0,2023-03-31T11:22:00-04:00,2.8999999999999986,3747.040000000015,112.0,2023-03-31T11:23:00-04:00,2.8499999999999943,3847.0400000000236,113.0,2023-03-31T11:24:00-04:00,2.8999999999999986,3747.040000000015,112.0,2023-03-31T11:23:00-04:00,2.8499999999999943,3847.0400000000236,273.0,2023-03-31T14:04:00-04:00,1.8500000000000014,5847.040000000009,319.0,2023-03-31T14:50:00-04:00,1.8000000000000007,5947.040000000011,323.0,2023-03-31T14:54:00-04:00,1.9499999999999993,5647.040000000014,274.0,2023-03-31T14:05:00-04:00,2.0,5547.040000000012,4327.0,2023-04-03T09:38:00-04:00,0.8999999999999986,7747.0400000000145,4369.0,2023-04-03T10:20:00-04:00,0.8499999999999996,7847.040000000013,4370.0,2023-04-03T10:21:00-04:00,0.7999999999999998,7947.040000000013,4328.0,2023-04-03T09:39:00-04:00,0.9500000000000011,7647.04000000001,4334.0,2023-04-03T09:45:00-04:00,0.0,9547.040000000014,4622.0,2023-04-03T14:33:00-04:00,0.3500000000000001,8847.040000000012,4623.0,2023-04-03T14:34:00-04:00,0.32499999999999996,8897.040000000012,4335.0,2023-04-03T09:46:00-04:00,1.1500000000000004,7247.040000000011,948
2023-03-31,2023-04-03,3,6.0,2023-03-31T09:31:00-04:00,5.8999999999999915,NDXP  230403P13040000,NDXP  230403P13030000,development,False,False,0,0,0,2,0,793,available,False,2023-03-31T09:31:00-04:00,2023-04-03T16:00:00-04:00,0.0,11547.039999999985,0.0,last_observed_quote_not_settlement,3916.0,1,1,6.050000000000011,-552.9600000000391,2023-03-31T09:32:00-04:00,0.0,4.199999999999989,3147.0400000000063,2023-03-31T09:33:00-04:00,0.0,5.450000000000003,647.0399999999779,2023-03-31T09:36:00-04:00,0.0,5.1499999999999915,1247.0400000000006,2023-03-31T09:41:00-04:00,0.0,5.0,1547.0399999999836,2023-03-31T09:46:00-04:00,0.0,4.3999999999999915,2747.040000000001,2023-03-31T10:01:00-04:00,0.0,4.5,2547.0399999999836,2023-03-31T10:31:00-04:00,0.0,3.9000000000000057,3747.039999999972,2023-03-31T11:31:00-04:00,0.0,1.25,9047.039999999985,2023-03-31T16:00:00-04:00,0.0,,,2023-03-31T16:15:00-04:00,85500.0,,,2023-03-31T16:15:00-04:00,171900.0,0.0,11547.039999999985,2023-04-03T16:00:00-04:00,0.0,2.0,hit,2.0,hit,29.0,hit,177.0,hit,350.0,hit,4349.0,hit,4349.0,hit,,never_hit,,never_hit,,never_hit,,never_hit,,never_hit,,never_hit,6.050000000000011,1,False,False,False,False,,6.050000000000011,1,False,False,False,False,,6.050000000000011,1,False,False,False,False,,6.050000000000011,1,False,False,False,False,,183.0,2023-03-31T12:34:00-04:00,2.8999999999999986,5747.039999999986,192.0,2023-03-31T12:43:00-04:00,2.9000000000000057,5747.039999999973,193.0,2023-03-31T12:44:00-04:00,2.9000000000000057,5747.039999999973,184.0,2023-03-31T12:35:00-04:00,3.049999999999997,5447.039999999989,350.0,2023-03-31T15:21:00-04:00,1.7999999999999972,7947.039999999989,386.0,2023-03-31T15:57:00-04:00,1.6999999999999993,8147.039999999985,387.0,2023-03-31T15:58:00-04:00,1.6000000000000014,8347.03999999998,351.0,2023-03-31T15:22:00-04:00,2.049999999999997,7447.039999999989,4349.0,2023-04-03T10:00:00-04:00,0.3000000000000007,10947.039999999983,4634.0,2023-04-03T14:45:00-04:00,0.625,10297.039999999985,4635.0,2023-04-03T14:46:00-04:00,0.7250000000000001,10097.039999999983,4350.0,2023-04-03T10:01:00-04:00,1.8000000000000007,7947.039999999982,4349.0,2023-04-03T10:00:00-04:00,0.3000000000000007,10947.039999999983,4641.0,2023-04-03T14:52:00-04:00,0.25,11047.039999999985,4642.0,2023-04-03T14:53:00-04:00,0.2250000000000001,11097.039999999983,4350.0,2023-04-03T10:01:00-04:00,1.8000000000000007,7947.039999999982,949
2023-03-31,2023-04-03,3,7.0,2023-03-31T09:31:00-04:00,6.899999999999977,NDXP  230403P13080000,NDXP  230403P13070000,development,False,False,0,0,0,10,0,785,available,False,2023-03-31T09:31:00-04:00,2023-04-03T16:00:00-04:00,0.024999999999999994,13497.039999999955,0.0,last_observed_quote_not_settlement,3916.0,38,18,6.500000000000014,547.0399999999267,2023-03-31T09:32:00-04:00,0.0,7.15000000000002,-752.9600000000846,2023-03-31T09:33:00-04:00,0.0,6.1000000000000085,1347.0399999999381,2023-03-31T09:36:00-04:00,0.0,5.950000000000017,1647.039999999921,2023-03-31T09:41:00-04:00,0.0,5.799999999999983,1947.0399999999893,2023-03-31T09:46:00-04:00,0.0,5.3999999999999915,2747.039999999972,2023-03-31T10:01:00-04:00,0.0,5.400000000000006,2747.039999999944,2023-03-31T10:31:00-04:00,0.0,4.799999999999997,3947.039999999961,2023-03-31T11:31:00-04:00,0.0,2.450000000000003,8647.03999999995,2023-03-31T16:00:00-04:00,0.0,,,2023-03-31T16:15:00-04:00,85500.0,,,2023-03-31T16:15:00-04:00,171900.0,0.024999999999999994,13497.039999999955,2023-04-03T16:00:00-04:00,0.0,18.0,hit,29.0,hit,175.0,hit,334.0,hit,384.0,hit,4661.0,hit,4678.0,hit,4561.0,hit,4607.0,hit,2.0,hit,,never_hit,,never_hit,,never_hit,7.15000000000002,1,True,False,False,False,,7.15000000000002,1,True,False,False,False,,7.8999999999999915,38,True,False,False,False,,7.8999999999999915,38,True,False,False,False,,340.0,2023-03-31T15:11:00-04:00,2.8999999999999986,7747.039999999958,351.0,2023-03-31T15:22:00-04:00,2.6499999999999986,8247.039999999959,352.0,2023-03-31T15:23:00-04:00,2.700000000000003,8147.039999999949,341.0,2023-03-31T15:12:00-04:00,3.299999999999997,6947.039999999961,384.0,2023-03-31T15:55:00-04:00,1.4500000000000028,10647.03999999995,4643.0,2023-04-03T14:54:00-04:00,1.8499999999999996,9847.039999999957,4644.0,2023-04-03T14:55:00-04:00,1.9500000000000002,9647.039999999955,385.0,2023-03-31T15:56:00-04:00,2.3000000000000007,8947.039999999955,4661.0,2023-04-03T15:12:00-04:00,0.9249999999999998,11697.039999999957,4662.0,2023-04-03T15:13:00-04:00,0.55,12447.039999999955,4663.0,2023-04-03T15:14:00-04:00,0.7250000000000001,12097.039999999955,4662.0,2023-04-03T15:13:00-04:00,0.55,12447.039999999955,4678.0,2023-04-03T15:29:00-04:00,0.3500000000000002,12847.039999999955,4679.0,2023-04-03T15:30:00-04:00,0.27500000000000013,12997.039999999955,4680.0,2023-04-03T15:31:00-04:00,0.40000000000000013,12747.039999999955,4679.0,2023-04-03T15:30:00-04:00,0.27500000000000013,12997.039999999955,950
2023-04-03,2023-04-05,2,5.0,2023-04-03T09:31:00-04:00,4.950000000000017,NDXP  230405P13110000,NDXP  230405P13100000,development,False,False,0,0,0,26,15,1174,available,False,2023-04-03T09:31:00-04:00,2023-04-05T15:59:00-04:00,9.199999999999989,-8752.959999999943,1.0,last_observed_quote_not_settlement,1036.0,684,34,4.400000000000006,847.0400000000234,2023-04-03T09:32:00-04:00,0.0,4.700000000000017,247.04000000000067,2023-04-03T09:33:00-04:00,0.0,4.25,1147.0400000000348,2023-04-03T09:36:00-04:00,0.0,4.349999999999994,947.0400000000461,2023-04-03T09:41:00-04:00,0.0,4.349999999999994,947.0400000000461,2023-04-03T09:46:00-04:00,0.0,4.400000000000006,847.0400000000234,2023-04-03T10:01:00-04:00,0.0,4.200000000000003,1247.040000000029,2023-04-03T10:31:00-04:00,0.0,5.799999999999997,-1952.9599999999596,2023-04-03T11:31:00-04:00,0.0,3.6500000000000057,2347.0400000000236,2023-04-03T16:00:00-04:00,0.0,4.850000000000001,-52.959999999968026,2023-04-04T16:00:00-04:00,0.0,,,2023-04-05T15:59:00-04:00,60.0,,,,,0.0,hit,0.0,hit,14.0,hit,1440.0,hit,,never_hit,,never_hit,,never_hit,82.0,hit,96.0,hit,102.0,hit,2898.0,hit,2914.0,hit,2916.0,hit,7.200000000000003,232,True,False,False,False,,,,True,True,True,False,2.500000000000014,,,True,True,True,False,2.500000000000014,,,True,True,True,False,2.500000000000014,1440.0,2023-04-04T09:31:00-04:00,2.8500000000000085,3947.0400000000177,1471.0,2023-04-04T10:02:00-04:00,2.6499999999999986,4347.040000000037,1479.0,2023-04-04T10:10:00-04:00,2.799999999999997,4047.040000000041,1441.0,2023-04-04T09:32:00-04:00,3.0500000000000043,3547.0400000000263,,,,,,,,,,,,,,,,,,,,,,,,,,,,,,,,,,,,,,,,,,,,,,,,,951
2023-04-03,2023-04-05,2,6.0,2023-04-03T09:31:00-04:00,5.949999999999989,NDXP  230405P13170000,NDXP  230405P13160000,development,False,False,0,0,0,76,15,1124,available,False,2023-04-03T09:31:00-04:00,2023-04-05T15:59:00-04:00,10.0,-8252.960000000021,1.0,last_observed_quote_not_settlement,1036.0,798,68,6.1000000000000085,-552.9600000000391,2023-04-03T09:32:00-04:00,0.0,5.800000000000011,47.039999999955235,2023-04-03T09:33:00-04:00,0.0,5.25,1147.039999999978,2023-04-03T09:36:00-04:00,0.0,5.349999999999994,947.0399999999893,2023-04-03T09:41:00-04:00,0.0,5.550000000000011,547.0399999999552,2023-04-03T09:46:00-04:00,0.0,5.25,1147.039999999978,2023-04-03T10:01:00-04:00,0.0,5.049999999999997,1547.0399999999836,2023-04-03T10:31:00-04:00,0.0,6.649999999999977,-1652.9599999999766,2023-04-03T11:31:00-04:00,0.0,5.0,1647.039999999978,2023-04-03T16:00:00-04:00,0.0,6.549999999999983,-1452.959999999988,2023-04-04T16:00:00-04:00,0.0,,,2023-04-05T15:59:00-04:00,60.0,,,,,3.0,hit,6.0,hit,1470.0,hit,,never_hit,,never_hit,,never_hit,,never_hit,28.0,hit,98.0,hit,101.0,hit,107.0,hit,2892.0,hit,2898.0,hit,,,True,True,True,False,2.299999999999997,,,True,True,True,False,2.299999999999997,,,True,True,True,False,2.299999999999997,,,True,True,True,False,2.299999999999997,,,,,,,,,,,,,,,,,,,,,,,,,,,,,,,,,,,,,,,,,,,,,,,,,,,,,,,,,,,,,,,,,952
2023-04-03,2023-04-05,2,7.0,2023-04-03T09:31:00-04:00,7.049999999999983,NDXP  230405P13230000,NDXP  230405P13220000,development,False,False,0,0,0,181,15,1019,available,False,2023-04-03T09:31:00-04:00,2023-04-05T15:59:00-04:00,9.949999999999989,-6052.960000000013,1.0,last_observed_quote_not_settlement,1036.0,694,45,7.049999999999983,-252.9599999999993,2023-04-03T09:32:00-04:00,0.0,6.5,847.0399999999665,2023-04-03T09:33:00-04:00,0.0,6.449999999999989,947.0399999999893,2023-04-03T09:36:00-04:00,0.0,7.049999999999983,-252.9599999999993,2023-04-03T09:41:00-04:00,0.0,6.699999999999989,447.03999999998933,2023-04-03T09:46:00-04:00,0.0,7.150000000000006,-452.9600000000448,2023-04-03T10:01:00-04:00,0.0,6.25,1347.0399999999665,2023-04-03T10:31:00-04:00,0.0,7.549999999999983,-1252.9599999999994,2023-04-03T11:31:00-04:00,0.0,6.1499999999999915,1547.0399999999836,2023-04-03T16:00:00-04:00,0.0,8.150000000000006,-2452.9600000000464,2023-04-04T16:00:00-04:00,0.0,,,2023-04-05T15:59:00-04:00,60.0,,,,,1470.0,hit,,never_hit,,never_hit,,never_hit,,never_hit,,never_hit,,never_hit,83.0,hit,83.0,hit,0.0,hit,83.0,hit,1797.0,hit,1817.0,hit,,,True,True,True,False,1.75,,,True,True,True,False,1.75,,,True,True,True,False,1.75,,,True,True,True,False,1.75,,,,,,,,,,,,,,,,,,,,,,,,,,,,,,,,,,,,,,,,,,,,,,,,,,,,,,,,,,,,,,,,,953
2023-04-03,2023-04-06,3,5.0,2023-04-03T09:31:00-04:00,5.0,NDXP  230406P13120000,NDXP  230406P13110000,development,False,False,0,0,0,13,0,1592,available,False,2023-04-03T09:31:00-04:00,2023-04-06T15:59:00-04:00,10.0,-10152.96,1.0,last_observed_quote_not_settlement,1036.0,1108,30,4.900000000000006,-52.96000000001066,2023-04-03T09:32:00-04:00,0.0,4.75,247.04000000000067,2023-04-03T09:33:00-04:00,0.0,4.25,1247.0400000000006,2023-04-03T09:36:00-04:00,0.0,4.450000000000003,847.039999999995,2023-04-03T09:41:00-04:00,0.0,4.450000000000017,847.0399999999665,2023-04-03T09:46:00-04:00,0.0,4.5,747.0400000000006,2023-04-03T10:01:00-04:00,0.0,4.349999999999994,1047.040000000012,2023-04-03T10:31:00-04:00,0.0,5.5,-1252.9599999999994,2023-04-03T11:31:00-04:00,0.0,3.9499999999999886,1847.0400000000234,2023-04-03T16:00:00-04:00,0.0,4.599999999999994,547.040000000012,2023-04-04T16:00:00-04:00,0.0,8.75,-7752.960000000001,2023-04-05T16:00:00-04:00,0.0,,,2023-04-06T15:59:00-04:00,60.0,0.0,hit,0.0,hit,4.0,hit,1469.0,hit,,never_hit,,never_hit,,never_hit,29.0,hit,83.0,hit,2894.0,hit,2901.0,hit,2955.0,hit,3058.0,hit,6.800000000000011,234,False,False,False,False,,,,True,True,True,False,2.0,,,True,True,True,False,2.0,,,True,True,True,False,2.0,,,,,,,,,,,,,,,,,,,,,,,,,,,,,,,,,,,,,,,,,,,,,,,,,,,,,,,,,,,,,,,,,954
2023-04-03,2023-04-06,3,6.0,2023-04-03T09:31:00-04:00,5.950000000000017,NDXP  230406P13180000,NDXP  230406P13170000,development,False,False,0,0,0,175,0,1430,available,False,2023-04-03T09:31:00-04:00,2023-04-06T16:00:00-04:00,10.0,-8252.959999999965,0.0,last_observed_quote_not_settlement,1036.0,957,112,6.549999999999983,-1452.9599999999311,2023-04-03T09:32:00-04:00,0.0,5.800000000000011,47.04000000001208,2023-04-03T09:33:00-04:00,0.0,5.299999999999983,1047.0400000000689,2023-04-03T09:36:00-04:00,0.0,5.899999999999977,-152.95999999991972,2023-04-03T09:41:00-04:00,0.0,5.200000000000017,1247.0400000000006,2023-04-03T09:46:00-04:00,0.0,5.300000000000011,1047.040000000012,2023-04-03T10:01:00-04:00,0.0,5.049999999999983,1547.0400000000689,2023-04-03T10:31:00-04:00,0.0,6.449999999999989,-1252.9599999999425,2023-04-03T11:31:00-04:00,0.0,5.0,1647.0400000000348,2023-04-03T16:00:00-04:00,0.0,6.1000000000000085,-552.9599999999823,2023-04-04T16:00:00-04:00,0.0,9.149999999999977,-6652.959999999922,2023-04-05T16:00:00-04:00,0.0,10.0,-8252.959999999965,2023-04-06T16:00:00-04:00,0.0,3.0,hit,19.0,hit,1505.0,hit,,never_hit,,never_hit,,never_hit,,never_hit,1.0,hit,101.0,hit,101.0,hit,1491.0,hit,2909.0,hit,2956.0,hit,,,True,True,True,False,2.2500000000000284,,,True,True,True,False,2.2500000000000284,,,True,True,True,False,2.2500000000000284,,,True,True,True,False,2.2500000000000284,,,,,,,,,,,,,,,,,,,,,,,,,,,,,,,,,,,,,,,,,,,,,,,,,,,,,,,,,,,,,,,,,955
2023-04-03,2023-04-06,3,7.0,2023-04-03T09:31:00-04:00,6.849999999999994,NDXP  230406P13290000,NDXP  230406P13280000,development,False,False,0,0,0,164,0,1441,available,False,2023-04-03T09:31:00-04:00,2023-04-06T16:00:00-04:00,10.0,-6452.960000000011,0.0,last_observed_quote_not_settlement,1036.0,1254,59,7.800000000000011,-2152.9600000000332,2023-04-03T09:32:00-04:00,0.0,7.949999999999989,-2452.9599999999878,2023-04-03T09:33:00-04:00,0.0,6.849999999999994,-252.9599999999993,2023-04-03T09:36:00-04:00,0.0,6.850000000000023,-252.96000000005614,2023-04-03T09:41:00-04:00,0.0,6.449999999999989,547.040000000012,2023-04-03T09:46:00-04:00,0.0,7.100000000000023,-752.9600000000562,2023-04-03T10:01:00-04:00,0.0,7.550000000000011,-1652.9600000000335,2023-04-03T10:31:00-04:00,0.0,8.049999999999983,-2652.959999999978,2023-04-03T11:31:00-04:00,0.0,6.650000000000006,147.03999999997797,2023-04-03T16:00:00-04:00,0.0,9.0,-4552.960000000013,2023-04-04T16:00:00-04:00,0.0,9.5,-5552.960000000013,2023-04-05T16:00:00-04:00,0.0,10.0,-6452.960000000011,2023-04-06T16:00:00-04:00,0.0,17.0,hit,,never_hit,,never_hit,,never_hit,,never_hit,,never_hit,,never_hit,1.0,hit,2.0,hit,1.0,hit,81.0,hit,91.0,hit,1767.0,hit,,,True,True,True,False,1.4000000000000057,,,True,True,True,False,1.4000000000000057,,,True,True,True,False,1.4000000000000057,,,True,True,True,False,1.4000000000000057,,,,,,,,,,,,,,,,,,,,,,,,,,,,,,,,,,,,,,,,,,,,,,,,,,,,,,,,,,,,,,,,,956
2023-04-04,2023-04-06,2,5.0,2023-04-04T09:31:00-04:00,4.950000000000003,NDXP  230406P13180000,NDXP  230406P13170000,development,False,False,0,0,0,175,0,1025,available,False,2023-04-04T09:31:00-04:00,2023-04-06T16:00:00-04:00,10.0,-10252.959999999994,0.0,last_observed_quote_not_settlement,1036.0,877,27,4.650000000000006,347.039999999995,2023-04-04T09:32:00-04:00,0.0,4.849999999999994,-52.95999999998224,2023-04-04T09:33:00-04:00,0.0,5.099999999999994,-552.9599999999823,2023-04-04T09:36:00-04:00,0.0,5.8500000000000085,-2052.9600000000105,2023-04-04T09:41:00-04:00,0.0,5.949999999999989,-2252.959999999971,2023-04-04T09:46:00-04:00,0.0,4.400000000000006,847.039999999995,2023-04-04T10:01:00-04:00,0.0,4.849999999999994,-52.95999999998224,2023-04-04T10:31:00-04:00,0.0,5.599999999999994,-1552.9599999999823,2023-04-04T11:31:00-04:00,0.0,6.1000000000000085,-2552.9600000000105,2023-04-04T16:00:00-04:00,0.0,9.149999999999977,-8652.959999999948,2023-04-05T16:00:00-04:00,0.0,10.0,-10252.959999999994,2023-04-06T16:00:00-04:00,0.0,,,,,0.0,hit,0.0,hit,65.0,hit,,never_hit,,never_hit,,never_hit,,never_hit,10.0,hit,11.0,hit,51.0,hit,51.0,hit,1469.0,hit,1516.0,hit,,,True,True,True,False,1.2500000000000142,,,True,True,True,False,1.2500000000000142,,,True,True,True,False,1.2500000000000142,,,True,True,True,False,1.2500000000000142,,,,,,,,,,,,,,,,,,,,,,,,,,,,,,,,,,,,,,,,,,,,,,,,,,,,,,,,,,,,,,,,,957
2023-04-04,2023-04-06,2,6.0,2023-04-04T09:31:00-04:00,6.0,NDXP  230406P13240000,NDXP  230406P13230000,development,False,False,0,0,0,173,0,1027,available,False,2023-04-04T09:31:00-04:00,2023-04-06T16:00:00-04:00,10.0,-8152.96,0.0,last_observed_quote_not_settlement,1038.0,857,25,5.299999999999997,1147.0400000000063,2023-04-04T09:32:00-04:00,0.0,6.450000000000017,-1152.9600000000335,2023-04-04T09:33:00-04:00,0.0,7.400000000000006,-3052.9600000000105,2023-04-04T09:36:00-04:00,0.0,6.800000000000011,-1852.960000000022,2023-04-04T09:41:00-04:00,0.0,7.050000000000011,-2352.960000000022,2023-04-04T09:46:00-04:00,0.0,5.849999999999994,47.04000000001208,2023-04-04T10:01:00-04:00,0.0,6.5,-1252.9599999999994,2023-04-04T10:31:00-04:00,0.0,7.150000000000034,-2552.9600000000673,2023-04-04T11:31:00-04:00,0.0,7.5,-3252.959999999999,2023-04-04T16:00:00-04:00,0.0,9.050000000000011,-6352.960000000024,2023-04-05T16:00:00-04:00,0.0,10.0,-8152.96,2023-04-06T16:00:00-04:00,0.0,,,,,1.0,hit,40.0,hit,,never_hit,,never_hit,,never_hit,,never_hit,,never_hit,5.0,hit,5.0,hit,5.0,hit,162.0,hit,1443.0,hit,1454.0,hit,,,True,True,True,False,1.25,,,True,True,True,False,1.25,,,True,True,True,False,1.25,,,True,True,True,False,1.25,,,,,,,,,,,,,,,,,,,,,,,,,,,,,,,,,,,,,,,,,,,,,,,,,,,,,,,,,,,,,,,,,958
2023-04-04,2023-04-06,2,7.0,2023-04-04T09:31:00-04:00,6.900000000000006,NDXP  230406P13310000,NDXP  230406P13300000,development,False,False,0,0,0,178,0,1022,available,False,2023-04-04T09:31:00-04:00,2023-04-06T16:00:00-04:00,10.0,-6352.959999999988,0.0,last_observed_quote_not_settlement,1036.0,904,20,7.350000000000023,-1152.9600000000335,2023-04-04T09:32:00-04:00,0.0,7.349999999999994,-1152.9599999999766,2023-04-04T09:33:00-04:00,0.0,7.099999999999994,-652.9599999999766,2023-04-04T09:36:00-04:00,0.0,8.649999999999977,-3752.959999999944,2023-04-04T09:41:00-04:00,0.0,7.449999999999989,-1352.9599999999652,2023-04-04T09:46:00-04:00,0.0,6.150000000000006,1247.0400000000006,2023-04-04T10:01:00-04:00,0.0,7.449999999999989,-1352.9599999999652,2023-04-04T10:31:00-04:00,0.0,8.099999999999994,-2652.959999999978,2023-04-04T11:31:00-04:00,0.0,9.199999999999989,-4852.959999999967,2023-04-04T16:00:00-04:00,0.0,9.850000000000023,-6152.9600000000355,2023-04-05T16:00:00-04:00,0.0,10.0,-6352.959999999988,2023-04-06T16:00:00-04:00,0.0,,,,,,never_hit,,never_hit,,never_hit,,never_hit,,never_hit,,never_hit,,never_hit,6.0,hit,10.0,hit,1.0,hit,10.0,hit,107.0,hit,286.0,hit,,,True,True,True,False,1.1999999999999886,,,True,True,True,False,1.1999999999999886,,,True,True,True,False,1.1999999999999886,,,True,True,True,False,1.1999999999999886,,,,,,,,,,,,,,,,,,,,,,,,,,,,,,,,,,,,,,,,,,,,,,,,,,,,,,,,,,,,,,,,,959
2023-04-10,2023-04-12,2,5.0,2023-04-10T09:31:00-04:00,5.1000000000000085,NDXP  230412P12970000,NDXP  230412P12960000,development,False,False,0,0,0,20,15,1180,available,False,2023-04-10T09:31:00-04:00,2023-04-12T16:00:00-04:00,10.0,-9952.959999999981,0.0,last_observed_quote_not_settlement,1036.0,278,72,6.650000000000006,-3352.9599999999937,2023-04-10T09:32:00-04:00,0.0,5.649999999999977,-1352.9599999999368,2023-04-10T09:33:00-04:00,0.0,6.5,-3052.9599999999823,2023-04-10T09:36:00-04:00,0.0,5.800000000000011,-1652.960000000005,2023-04-10T09:41:00-04:00,0.0,5.849999999999966,-1752.959999999914,2023-04-10T09:46:00-04:00,0.0,6.150000000000006,-2352.9599999999937,2023-04-10T10:01:00-04:00,0.0,6.100000000000023,-2252.960000000028,2023-04-10T10:31:00-04:00,0.0,4.849999999999994,247.0400000000291,2023-04-10T11:31:00-04:00,0.0,3.299999999999997,3347.0400000000236,2023-04-10T16:00:00-04:00,0.0,4.900000000000006,147.0400000000064,2023-04-11T16:00:00-04:00,0.0,10.0,-9952.959999999981,2023-04-12T16:00:00-04:00,0.0,,,,,0.0,hit,73.0,hit,216.0,hit,2881.0,hit,3110.0,hit,,never_hit,,never_hit,1.0,hit,1.0,hit,2969.0,hit,2983.0,hit,3179.0,hit,3181.0,hit,6.849999999999994,112,False,False,False,False,,8.25,201,True,True,False,False,,,,True,True,True,False,3.8000000000000043,,,True,True,True,False,3.8000000000000043,2881.0,2023-04-12T09:32:00-04:00,2.6000000000000014,4747.0400000000145,2882.0,2023-04-12T09:33:00-04:00,2.349999999999998,5247.040000000022,2883.0,2023-04-12T09:34:00-04:00,2.049999999999997,5847.040000000024,2882.0,2023-04-12T09:33:00-04:00,2.349999999999998,5247.040000000022,3110.0,2023-04-12T13:21:00-04:00,1.3000000000000043,7347.040000000009,,,,,,,,,3111.0,2023-04-12T13:22:00-04:00,4.100000000000001,1747.040000000015,,,,,,,,,,,,,,,,,,,,,,,,,,,,,,,,,960
2023-04-10,2023-04-12,2,6.0,2023-04-10T09:31:00-04:00,5.900000000000006,NDXP  230412P13090000,NDXP  230412P13080000,development,False,False,0,0,0,31,15,1169,available,False,2023-04-10T09:31:00-04:00,2023-04-12T16:00:00-04:00,10.0,-8352.959999999988,0.0,last_observed_quote_not_settlement,1036.0,933,38,6.399999999999977,-1252.9599999999425,2023-04-10T09:32:00-04:00,0.0,7.799999999999983,-4052.9599999999537,2023-04-10T09:33:00-04:00,0.0,7.349999999999966,-3152.9599999999195,2023-04-10T09:36:00-04:00,0.0,7.700000000000017,-3852.960000000022,2023-04-10T09:41:00-04:00,0.0,7.649999999999977,-3752.9599999999423,2023-04-10T09:46:00-04:00,0.0,8.049999999999983,-4552.9599999999555,2023-04-10T10:01:00-04:00,0.0,6.75,-1952.959999999988,2023-04-10T10:31:00-04:00,0.0,6.500000000000028,-1452.9600000000448,2023-04-10T11:31:00-04:00,0.0,5.0,1547.040000000012,2023-04-10T16:00:00-04:00,0.0,6.949999999999989,-2352.959999999965,2023-04-11T16:00:00-04:00,0.0,10.0,-8352.959999999988,2023-04-12T16:00:00-04:00,0.0,,,,,231.0,hit,330.0,hit,,never_hit,,never_hit,,never_hit,,never_hit,,never_hit,2.0,hit,2.0,hit,2.0,hit,16.0,hit,2949.0,hit,2965.0,hit,,,True,True,True,False,1.4000000000000057,,,True,True,True,False,1.4000000000000057,,,True,True,True,False,1.4000000000000057,,,True,True,True,False,1.4000000000000057,,,,,,,,,,,,,,,,,,,,,,,,,,,,,,,,,,,,,,,,,,,,,,,,,,,,,,,,,,,,,,,,,961
2023-04-10,2023-04-12,2,7.0,2023-04-10T09:31:00-04:00,7.0,NDXP  230412P13130000,NDXP  230412P13120000,development,False,False,0,0,0,44,15,1156,available,False,2023-04-10T09:31:00-04:00,2023-04-12T16:00:00-04:00,10.0,-6152.96,0.0,last_observed_quote_not_settlement,1036.0,750,78,8.499999999999972,-3252.959999999944,2023-04-10T09:32:00-04:00,0.0,7.600000000000023,-1452.9600000000448,2023-04-10T09:33:00-04:00,0.0,7.600000000000023,-1452.9600000000448,2023-04-10T09:36:00-04:00,0.0,7.549999999999983,-1352.9599999999652,2023-04-10T09:41:00-04:00,0.0,7.75,-1752.9599999999994,2023-04-10T09:46:00-04:00,0.0,8.150000000000034,-2552.960000000069,2023-04-10T10:01:00-04:00,0.0,8.050000000000011,-2352.9600000000237,2023-04-10T10:31:00-04:00,0.0,7.150000000000006,-552.9600000000107,2023-04-10T11:31:00-04:00,0.0,5.949999999999989,1847.0400000000234,2023-04-10T16:00:00-04:00,0.0,7.599999999999966,-1452.9599999999311,2023-04-11T16:00:00-04:00,0.0,10.0,-6152.96,2023-04-12T16:00:00-04:00,0.0,,,,,396.0,hit,,never_hit,,never_hit,,never_hit,,never_hit,,never_hit,,never_hit,1.0,hit,1.0,hit,0.0,hit,1.0,hit,2895.0,hit,2904.0,hit,,,True,True,True,False,1.5500000000000114,,,True,True,True,False,1.5500000000000114,,,True,True,True,False,1.5500000000000114,,,True,True,True,False,1.5500000000000114,,,,,,,,,,,,,,,,,,,,,,,,,,,,,,,,,,,,,,,,,,,,,,,,,,,,,,,,,,,,,,,,,962
2023-04-10,2023-04-13,3,5.0,2023-04-10T09:31:00-04:00,4.950000000000017,NDXP  230413P12970000,NDXP  230413P12960000,development,False,False,0,0,0,0,0,1605,available,False,2023-04-10T09:31:00-04:00,2023-04-13T16:00:00-04:00,0.0,9647.040000000035,0.0,last_observed_quote_not_settlement,1036.0,314,65,4.950000000000017,-252.9599999999993,2023-04-10T09:32:00-04:00,0.0,6.050000000000011,-2452.9599999999878,2023-04-10T09:33:00-04:00,0.0,7.500000000000028,-5352.960000000022,2023-04-10T09:36:00-04:00,0.0,5.300000000000011,-952.959999999988,2023-04-10T09:41:00-04:00,0.0,5.5,-1352.9599999999652,2023-04-10T09:46:00-04:00,0.0,6.449999999999989,-3252.9599999999423,2023-04-10T10:01:00-04:00,0.0,5.550000000000011,-1452.959999999988,2023-04-10T10:31:00-04:00,0.0,4.700000000000003,247.0400000000291,2023-04-10T11:31:00-04:00,0.0,3.4499999999999886,2747.0400000000577,2023-04-10T16:00:00-04:00,0.0,4.699999999999989,247.04000000005752,2023-04-11T16:00:00-04:00,0.0,7.75,-5852.9599999999655,2023-04-12T16:00:00-04:00,0.0,0.0,9647.040000000035,2023-04-13T16:00:00-04:00,0.0,0.0,hit,0.0,hit,196.0,hit,2882.0,hit,4377.0,hit,4497.0,hit,4561.0,hit,2.0,hit,2.0,hit,5.0,hit,3264.0,hit,,never_hit,,never_hit,7.500000000000028,115,True,False,False,False,,8.400000000000006,314,True,True,False,False,,8.400000000000006,314,True,True,False,False,,8.400000000000006,314,True,True,False,False,,2882.0,2023-04-12T09:33:00-04:00,2.8999999999999915,3847.040000000052,2883.0,2023-04-12T09:34:00-04:00,2.799999999999997,4047.040000000041,4367.0,2023-04-13T10:18:00-04:00,2.099999999999998,5447.040000000039,2883.0,2023-04-12T09:34:00-04:00,2.799999999999997,4047.040000000041,4377.0,2023-04-13T10:28:00-04:00,1.5499999999999972,6547.040000000041,4415.0,2023-04-13T11:06:00-04:00,1.6500000000000004,6347.0400000000345,4416.0,2023-04-13T11:07:00-04:00,1.9000000000000004,5847.0400000000345,4378.0,2023-04-13T10:29:00-04:00,2.25,5147.0400000000345,4500.0,2023-04-13T12:31:00-04:00,0.8499999999999996,7947.040000000035,4501.0,2023-04-13T12:32:00-04:00,0.7000000000000002,8247.040000000035,4537.0,2023-04-13T13:08:00-04:00,0.7999999999999998,8047.040000000035,4501.0,2023-04-13T12:32:00-04:00,0.7000000000000002,8247.040000000035,4569.0,2023-04-13T13:40:00-04:00,0.3999999999999999,8847.040000000035,4570.0,2023-04-13T13:41:00-04:00,0.30000000000000027,9047.040000000034,4571.0,2023-04-13T13:42:00-04:00,0.375,8897.040000000035,4570.0,2023-04-13T13:41:00-04:00,0.30000000000000027,9047.040000000034,963
2023-04-10,2023-04-13,3,6.0,2023-04-10T09:31:00-04:00,5.899999999999977,NDXP  230413P13040000,NDXP  230413P13030000,development,False,False,0,0,0,4,0,1601,available,False,2023-04-10T09:31:00-04:00,2023-04-13T15:56:00-04:00,0.024999999999999994,11497.039999999955,4.0,last_observed_quote_not_settlement,1036.0,532,97,6.050000000000011,-552.9600000000676,2023-04-10T09:32:00-04:00,0.0,5.849999999999966,-152.95999999997656,2023-04-10T09:33:00-04:00,0.0,6.450000000000017,-1352.960000000079,2023-04-10T09:36:00-04:00,0.0,6.349999999999994,-1152.9600000000335,2023-04-10T09:41:00-04:00,0.0,6.349999999999994,-1152.9600000000335,2023-04-10T09:46:00-04:00,0.0,6.050000000000011,-552.9600000000676,2023-04-10T10:01:00-04:00,0.0,6.299999999999983,-1052.9600000000107,2023-04-10T10:31:00-04:00,0.0,5.599999999999994,347.0399999999666,2023-04-10T11:31:00-04:00,0.0,4.450000000000017,2647.0399999999213,2023-04-10T16:00:00-04:00,0.0,5.900000000000006,-252.96000000005614,2023-04-11T16:00:00-04:00,0.0,9.449999999999989,-7352.960000000024,2023-04-12T16:00:00-04:00,0.0,,,2023-04-13T15:56:00-04:00,240.0,22.0,hit,138.0,hit,1481.0,hit,4531.0,hit,4531.0,hit,4597.0,hit,4610.0,hit,5.0,hit,19.0,hit,23.0,hit,2980.0,hit,3181.0,hit,3274.0,hit,9.650000000000034,532,True,True,True,True,,9.650000000000034,532,True,True,True,True,,9.650000000000034,532,True,True,True,True,,9.650000000000034,532,True,True,True,True,,4531.0,2023-04-13T13:02:00-04:00,1.9499999999999993,7647.039999999956,4542.0,2023-04-13T13:13:00-04:00,2.4999999999999982,6547.039999999959,4550.0,2023-04-13T13:21:00-04:00,2.6500000000000004,6247.0399999999545,4532.0,2023-04-13T13:03:00-04:00,4.399999999999999,2747.039999999958,4531.0,2023-04-13T13:02:00-04:00,1.9499999999999993,7647.039999999956,4571.0,2023-04-13T13:42:00-04:00,1.7000000000000002,8147.0399999999545,4572.0,2023-04-13T13:43:00-04:00,1.5499999999999998,8447.039999999957,4532.0,2023-04-13T13:03:00-04:00,4.399999999999999,2747.039999999958,4602.0,2023-04-13T14:13:00-04:00,0.9000000000000004,9747.039999999955,4603.0,2023-04-13T14:14:00-04:00,0.7999999999999998,9947.039999999957,4604.0,2023-04-13T14:15:00-04:00,0.6999999999999997,10147.039999999955,4603.0,2023-04-13T14:14:00-04:00,0.7999999999999998,9947.039999999957,4610.0,2023-04-13T14:21:00-04:00,0.4249999999999998,10697.039999999957,4611.0,2023-04-13T14:22:00-04:00,0.3999999999999999,10747.039999999955,4660.0,2023-04-13T15:11:00-04:00,0.32500000000000007,10897.039999999955,4611.0,2023-04-13T14:22:00-04:00,0.3999999999999999,10747.039999999955,964
2023-04-10,2023-04-13,3,7.0,2023-04-10T09:31:00-04:00,6.999999999999943,NDXP  230413P13180000,NDXP  230413P13170000,development,False,False,0,0,0,39,0,1566,available,False,2023-04-10T09:31:00-04:00,2023-04-13T16:00:00-04:00,10.0,-6152.960000000114,0.0,last_observed_quote_not_settlement,1036.0,1296,68,7.550000000000011,-1352.9600000001358,2023-04-10T09:32:00-04:00,0.0,7.75,-1752.960000000113,2023-04-10T09:33:00-04:00,0.0,7.900000000000034,-2052.960000000181,2023-04-10T09:36:00-04:00,0.0,7.750000000000057,-1752.9600000002267,2023-04-10T09:41:00-04:00,0.0,7.949999999999932,-2152.9599999999764,2023-04-10T09:46:00-04:00,0.0,8.200000000000045,-2652.9600000002056,2023-04-10T10:01:00-04:00,0.0,7.849999999999966,-1952.9600000000448,2023-04-10T10:31:00-04:00,0.0,7.350000000000023,-952.9600000001585,2023-04-10T11:31:00-04:00,0.0,6.049999999999983,1647.039999999921,2023-04-10T16:00:00-04:00,0.0,6.699999999999989,347.03999999990975,2023-04-11T16:00:00-04:00,0.0,10.0,-6152.960000000114,2023-04-12T16:00:00-04:00,0.0,10.0,-6152.960000000114,2023-04-13T16:00:00-04:00,0.0,,never_hit,,never_hit,,never_hit,,never_hit,,never_hit,,never_hit,,never_hit,1.0,hit,7.0,hit,1.0,hit,7.0,hit,2947.0,hit,2965.0,hit,,,True,True,True,False,1.099999999999966,,,True,True,True,False,1.099999999999966,,,True,True,True,False,1.099999999999966,,,True,True,True,False,1.099999999999966,,,,,,,,,,,,,,,,,,,,,,,,,,,,,,,,,,,,,,,,,,,,,,,,,,,,,,,,,,,,,,,,,965
2023-04-11,2023-04-13,2,5.0,2023-04-11T09:31:00-04:00,4.950000000000017,NDXP  230413P13150000,NDXP  230413P13140000,development,False,False,0,0,0,30,15,1170,available,False,2023-04-11T09:31:00-04:00,2023-04-13T16:00:00-04:00,9.600000000000001,-9552.959999999968,0.0,last_observed_quote_not_settlement,1036.0,1143,4,5.150000000000006,-652.9599999999766,2023-04-11T09:32:00-04:00,0.0,4.900000000000006,-152.95999999997656,2023-04-11T09:33:00-04:00,0.0,6.100000000000023,-2552.9600000000105,2023-04-11T09:36:00-04:00,0.0,6.25,-2852.959999999965,2023-04-11T09:41:00-04:00,0.0,5.25,-852.9599999999652,2023-04-11T09:46:00-04:00,0.0,6.399999999999977,-3152.9599999999195,2023-04-11T10:01:00-04:00,0.0,6.699999999999989,-3752.9599999999423,2023-04-11T10:31:00-04:00,0.0,7.199999999999989,-4752.959999999943,2023-04-11T11:31:00-04:00,0.0,6.25,-2852.959999999965,2023-04-11T16:00:00-04:00,0.0,9.75,-9852.959999999966,2023-04-12T16:00:00-04:00,0.0,9.600000000000001,-9552.959999999968,2023-04-13T16:00:00-04:00,0.0,,,,,0.0,hit,0.0,hit,,never_hit,,never_hit,,never_hit,,never_hit,,never_hit,3.0,hit,4.0,hit,9.0,hit,89.0,hit,382.0,hit,1539.0,hit,,,True,True,True,False,0.25,,,True,True,True,False,0.25,,,True,True,True,False,0.25,,,True,True,True,False,0.25,,,,,,,,,,,,,,,,,,,,,,,,,,,,,,,,,,,,,,,,,,,,,,,,,,,,,,,,,,,,,,,,,966
2023-04-11,2023-04-13,2,6.0,2023-04-11T09:31:00-04:00,5.999999999999943,NDXP  230413P13540000,NDXP  230413P13530000,development,False,False,0,0,0,88,15,1112,available,False,2023-04-11T09:31:00-04:00,2023-04-13T16:00:00-04:00,7.7999999999999545,-3852.960000000022,0.0,last_observed_quote_not_settlement,1036.0,1033,0,9.949999999999989,-8152.960000000092,2023-04-11T09:32:00-04:00,0.0,9.799999999999955,-7852.960000000024,2023-04-11T09:33:00-04:00,0.0,9.75,-7752.960000000115,2023-04-11T09:36:00-04:00,0.0,9.899999999999977,-8052.960000000069,2023-04-11T09:41:00-04:00,0.0,9.850000000000023,-7952.96000000016,2023-04-11T09:46:00-04:00,0.0,9.799999999999955,-7852.960000000024,2023-04-11T10:01:00-04:00,0.0,9.799999999999955,-7852.960000000024,2023-04-11T10:31:00-04:00,0.0,9.900000000000091,-8052.9600000002965,2023-04-11T11:31:00-04:00,0.0,6.5499999999999545,-1352.960000000022,2023-04-11T16:00:00-04:00,0.0,10.0,-8152.960000000114,2023-04-12T16:00:00-04:00,0.0,7.7999999999999545,-3852.960000000022,2023-04-13T16:00:00-04:00,0.0,,,,,,never_hit,,never_hit,,never_hit,,never_hit,,never_hit,,never_hit,,never_hit,1.0,hit,1.0,hit,1.0,hit,1.0,hit,1.0,hit,1.0,hit,,,True,True,True,False,0.0,,,True,True,True,False,0.0,,,True,True,True,False,0.0,,,True,True,True,False,0.0,,,,,,,,,,,,,,,,,,,,,,,,,,,,,,,,,,,,,,,,,,,,,,,,,,,,,,,,,,,,,,,,,967
2023-04-11,2023-04-13,2,7.0,2023-04-11T09:31:00-04:00,7.0,NDXP  230413P13190000,NDXP  230413P13180000,development,False,False,0,0,0,90,15,1110,available,False,2023-04-11T09:31:00-04:00,2023-04-13T16:00:00-04:00,10.0,-6152.96,0.0,last_observed_quote_not_settlement,1036.0,1026,24,7.100000000000023,-452.9600000000448,2023-04-11T09:32:00-04:00,0.0,6.699999999999989,347.04000000002344,2023-04-11T09:33:00-04:00,0.0,6.699999999999989,347.04000000002344,2023-04-11T09:36:00-04:00,0.0,7.200000000000017,-652.9600000000335,2023-04-11T09:41:00-04:00,0.0,7.600000000000023,-1452.9600000000448,2023-04-11T09:46:00-04:00,0.0,7.349999999999966,-952.9599999999311,2023-04-11T10:01:00-04:00,0.0,7.399999999999977,-1052.9599999999539,2023-04-11T10:31:00-04:00,0.0,7.800000000000011,-1852.960000000022,2023-04-11T11:31:00-04:00,0.0,9.0,-4252.960000000001,2023-04-11T16:00:00-04:00,0.0,9.949999999999989,-6152.959999999978,2023-04-12T16:00:00-04:00,0.0,10.0,-6152.96,2023-04-13T16:00:00-04:00,0.0,,,,,,never_hit,,never_hit,,never_hit,,never_hit,,never_hit,,never_hit,,never_hit,14.0,hit,46.0,hit,0.0,hit,46.0,hit,389.0,hit,1524.0,hit,,,True,True,True,False,1.1999999999999886,,,True,True,True,False,1.1999999999999886,,,True,True,True,False,1.1999999999999886,,,True,True,True,False,1.1999999999999886,,,,,,,,,,,,,,,,,,,,,,,,,,,,,,,,,,,,,,,,,,,,,,,,,,,,,,,,,,,,,,,,,968
2023-04-11,2023-04-14,3,5.0,2023-04-11T09:31:00-04:00,5.049999999999983,NDXP  230414P13150000,NDXP  230414P13140000,development,False,False,0,0,0,48,0,1557,available,False,2023-04-11T09:31:00-04:00,2023-04-14T16:00:00-04:00,10.0,-10052.960000000034,0.0,last_observed_quote_not_settlement,1036.0,1514,14,4.75,347.0399999999666,2023-04-11T09:32:00-04:00,0.0,5.249999999999972,-652.9599999999766,2023-04-11T09:33:00-04:00,0.0,6.649999999999977,-3452.9599999999878,2023-04-11T09:36:00-04:00,0.0,6.050000000000011,-2252.960000000056,2023-04-11T09:41:00-04:00,0.0,5.550000000000011,-1252.9600000000562,2023-04-11T09:46:00-04:00,0.0,7.049999999999983,-4252.959999999999,2023-04-11T10:01:00-04:00,0.0,5.800000000000011,-1752.9600000000562,2023-04-11T10:31:00-04:00,0.0,6.75,-3652.9600000000332,2023-04-11T11:31:00-04:00,0.0,5.449999999999989,-1052.9600000000107,2023-04-11T16:00:00-04:00,0.0,9.399999999999977,-8952.959999999988,2023-04-12T16:00:00-04:00,0.0,6.0,-2152.9600000000332,2023-04-13T16:00:00-04:00,0.0,10.0,-10052.960000000034,2023-04-14T16:00:00-04:00,0.0,0.0,hit,1.0,hit,,never_hit,,never_hit,,never_hit,,never_hit,,never_hit,4.0,hit,4.0,hit,9.0,hit,41.0,hit,1541.0,hit,1793.0,hit,,,True,True,True,False,0.799999999999983,,,True,True,True,False,0.799999999999983,,,True,True,True,False,0.799999999999983,,,True,True,True,False,0.799999999999983,,,,,,,,,,,,,,,,,,,,,,,,,,,,,,,,,,,,,,,,,,,,,,,,,,,,,,,,,,,,,,,,,969
2023-04-11,2023-04-14,3,6.0,2023-04-11T09:31:00-04:00,6.0,NDXP  230414P13220000,NDXP  230414P13210000,development,False,False,0,0,0,36,0,1569,available,False,2023-04-11T09:31:00-04:00,2023-04-14T16:00:00-04:00,10.0,-8152.96,0.0,last_observed_quote_not_settlement,1036.0,1533,0,7.75,-3752.959999999999,2023-04-11T09:32:00-04:00,0.0,8.099999999999994,-4452.95999999999,2023-04-11T09:33:00-04:00,0.0,6.549999999999983,-1352.9599999999652,2023-04-11T09:36:00-04:00,0.0,7.549999999999983,-3352.959999999965,2023-04-11T09:41:00-04:00,0.0,7.75,-3752.959999999999,2023-04-11T09:46:00-04:00,0.0,7.750000000000028,-3752.960000000056,2023-04-11T10:01:00-04:00,0.0,7.450000000000017,-3152.9600000000332,2023-04-11T10:31:00-04:00,0.0,7.75,-3752.959999999999,2023-04-11T11:31:00-04:00,0.0,7.650000000000034,-3552.9600000000673,2023-04-11T16:00:00-04:00,0.0,9.799999999999955,-7852.95999999991,2023-04-12T16:00:00-04:00,0.0,8.050000000000011,-4352.960000000024,2023-04-13T16:00:00-04:00,0.0,10.0,-8152.96,2023-04-14T16:00:00-04:00,0.0,,never_hit,,never_hit,,never_hit,,never_hit,,never_hit,,never_hit,,never_hit,1.0,hit,1.0,hit,1.0,hit,2.0,hit,1457.0,hit,1742.0,hit,,,True,True,True,False,0.0,,,True,True,True,False,0.0,,,True,True,True,False,0.0,,,True,True,True,False,0.0,,,,,,,,,,,,,,,,,,,,,,,,,,,,,,,,,,,,,,,,,,,,,,,,,,,,,,,,,,,,,,,,,970
2023-04-11,2023-04-14,3,7.0,2023-04-11T09:31:00-04:00,6.949999999999989,NDXP  230414P13230000,NDXP  230414P13220000,development,False,False,0,0,0,29,0,1576,available,False,2023-04-11T09:31:00-04:00,2023-04-14T16:00:00-04:00,10.0,-6252.960000000023,0.0,last_observed_quote_not_settlement,1036.0,1543,5,6.900000000000034,-152.96000000009025,2023-04-11T09:32:00-04:00,0.0,6.800000000000011,47.039999999955235,2023-04-11T09:33:00-04:00,0.0,6.900000000000006,-152.9600000000334,2023-04-11T09:36:00-04:00,0.0,7.25,-852.9600000000221,2023-04-11T09:41:00-04:00,0.0,7.450000000000017,-1252.9600000000562,2023-04-11T09:46:00-04:00,0.0,7.099999999999994,-552.9600000000107,2023-04-11T10:01:00-04:00,0.0,7.5,-1352.960000000022,2023-04-11T10:31:00-04:00,0.0,7.899999999999977,-2152.9599999999764,2023-04-11T11:31:00-04:00,0.0,8.149999999999977,-2652.959999999978,2023-04-11T16:00:00-04:00,0.0,9.700000000000045,-5752.960000000115,2023-04-12T16:00:00-04:00,0.0,7.75,-1852.960000000022,2023-04-13T16:00:00-04:00,0.0,10.0,-6252.960000000023,2023-04-14T16:00:00-04:00,0.0,,never_hit,,never_hit,,never_hit,,never_hit,,never_hit,,never_hit,,never_hit,7.0,hit,16.0,hit,4.0,hit,16.0,hit,1531.0,hit,1738.0,hit,,,True,True,True,False,0.3499999999999943,,,True,True,True,False,0.3499999999999943,,,True,True,True,False,0.3499999999999943,,,True,True,True,False,0.3499999999999943,,,,,,,,,,,,,,,,,,,,,,,,,,,,,,,,,,,,,,,,,,,,,,,,,,,,,,,,,,,,,,,,,971
2023-04-12,2023-04-14,2,5.0,2023-04-12T09:31:00-04:00,4.950000000000003,NDXP  230414P13040000,NDXP  230414P13030000,development,False,False,0,0,0,0,0,1200,available,False,2023-04-12T09:31:00-04:00,2023-04-14T16:00:00-04:00,5.0249999999999995,-402.95999999999253,0.0,last_observed_quote_not_settlement,1036.0,634,63,4.25,1147.0400000000063,2023-04-12T09:32:00-04:00,0.0,4.200000000000003,1247.0400000000006,2023-04-12T09:33:00-04:00,0.0,4.299999999999983,1047.0400000000404,2023-04-12T09:36:00-04:00,0.0,4.299999999999997,1047.040000000012,2023-04-12T09:41:00-04:00,0.0,6.150000000000006,-2652.960000000005,2023-04-12T09:46:00-04:00,0.0,6.149999999999977,-2652.959999999948,2023-04-12T10:01:00-04:00,0.0,5.749999999999986,-1852.9599999999652,2023-04-12T10:31:00-04:00,0.0,6.75,-3852.9599999999937,2023-04-12T11:31:00-04:00,0.0,8.099999999999966,-6552.959999999927,2023-04-12T16:00:00-04:00,0.0,2.3000000000000007,5047.0400000000045,2023-04-13T16:00:00-04:00,0.0,5.0249999999999995,-402.95999999999253,2023-04-14T16:00:00-04:00,0.0,,,,,0.0,hit,0.0,hit,1620.0,hit,1711.0,hit,2896.0,hit,2909.0,hit,2909.0,hit,13.0,hit,14.0,hit,17.0,hit,101.0,hit,348.0,hit,349.0,hit,9.550000000000011,459,True,True,True,True,,9.550000000000011,459,True,True,True,True,,9.550000000000011,459,True,True,True,True,,9.550000000000011,459,True,True,True,True,,1717.0,2023-04-13T14:08:00-04:00,2.9499999999999957,3747.040000000015,1722.0,2023-04-13T14:13:00-04:00,2.9499999999999957,3747.040000000015,1727.0,2023-04-13T14:18:00-04:00,2.700000000000003,4247.040000000001,1718.0,2023-04-13T14:09:00-04:00,3.0500000000000043,3547.0399999999977,2897.0,2023-04-14T09:48:00-04:00,1.8500000000000014,5947.040000000004,2898.0,2023-04-14T09:49:00-04:00,1.9499999999999993,5747.040000000008,2899.0,2023-04-14T09:50:00-04:00,1.9000000000000004,5847.040000000005,2898.0,2023-04-14T09:49:00-04:00,1.9499999999999993,5747.040000000008,2909.0,2023-04-14T10:00:00-04:00,0.0,9647.040000000008,3250.0,2023-04-14T15:41:00-04:00,0.8999999999999999,7847.040000000005,3251.0,2023-04-14T15:42:00-04:00,0.6000000000000001,8447.040000000006,2910.0,2023-04-14T10:01:00-04:00,2.0000000000000018,5647.040000000003,2909.0,2023-04-14T10:00:00-04:00,0.0,9647.040000000008,3254.0,2023-04-14T15:45:00-04:00,0.20000000000000007,9247.040000000006,3255.0,2023-04-14T15:46:00-04:00,0.35,8947.040000000006,2910.0,2023-04-14T10:01:00-04:00,2.0000000000000018,5647.040000000003,972
2023-04-12,2023-04-14,2,6.0,2023-04-12T09:31:00-04:00,6.0,NDXP  230414P13120000,NDXP  230414P13110000,development,False,False,0,0,0,12,0,1188,available,False,2023-04-12T09:31:00-04:00,2023-04-14T16:00:00-04:00,10.0,-8152.96,0.0,last_observed_quote_not_settlement,1036.0,957,20,5.650000000000006,447.03999999998933,2023-04-12T09:32:00-04:00,0.0,5.599999999999994,547.040000000012,2023-04-12T09:33:00-04:00,0.0,5.849999999999966,47.04000000006892,2023-04-12T09:36:00-04:00,0.0,6.299999999999983,-852.9599999999652,2023-04-12T09:41:00-04:00,0.0,7.150000000000006,-2552.9600000000105,2023-04-12T09:46:00-04:00,0.0,7.349999999999994,-2952.9599999999878,2023-04-12T10:01:00-04:00,0.0,6.550000000000011,-1352.960000000022,2023-04-12T10:31:00-04:00,0.0,7.899999999999977,-4052.9599999999537,2023-04-12T11:31:00-04:00,0.0,8.899999999999977,-6052.9599999999555,2023-04-12T16:00:00-04:00,0.0,5.100000000000001,1547.039999999998,2023-04-13T16:00:00-04:00,0.0,10.0,-8152.96,2023-04-14T16:00:00-04:00,0.0,,,,,3.0,hit,1715.0,hit,2902.0,hit,2909.0,hit,2909.0,hit,2909.0,hit,2909.0,hit,11.0,hit,15.0,hit,15.0,hit,67.0,hit,319.0,hit,378.0,hit,9.799999999999955,637,True,True,True,True,,9.799999999999955,637,True,True,True,True,,9.799999999999955,637,True,True,True,True,,9.799999999999955,637,True,True,True,True,,2909.0,2023-04-14T10:00:00-04:00,0.0,11747.04,,,,,,,,,2910.0,2023-04-14T10:01:00-04:00,4.700000000000003,2347.039999999995,2909.0,2023-04-14T10:00:00-04:00,0.0,11747.04,,,,,,,,,2910.0,2023-04-14T10:01:00-04:00,4.700000000000003,2347.039999999995,2909.0,2023-04-14T10:00:00-04:00,0.0,11747.04,,,,,,,,,2910.0,2023-04-14T10:01:00-04:00,4.700000000000003,2347.039999999995,2909.0,2023-04-14T10:00:00-04:00,0.0,11747.04,,,,,,,,,2910.0,2023-04-14T10:01:00-04:00,4.700000000000003,2347.039999999995,973
2023-04-12,2023-04-14,2,7.0,2023-04-12T09:31:00-04:00,7.049999999999983,NDXP  230414P13180000,NDXP  230414P13170000,development,False,False,0,0,0,34,0,1166,available,False,2023-04-12T09:31:00-04:00,2023-04-14T16:00:00-04:00,10.0,-6052.960000000034,0.0,last_observed_quote_not_settlement,1036.0,969,18,6.799999999999983,247.04000000000067,2023-04-12T09:32:00-04:00,0.0,6.5,847.0399999999665,2023-04-12T09:33:00-04:00,0.0,6.900000000000034,47.03999999989839,2023-04-12T09:36:00-04:00,0.0,7.150000000000034,-452.9600000001016,2023-04-12T09:41:00-04:00,0.0,7.650000000000034,-1452.9600000001017,2023-04-12T09:46:00-04:00,0.0,8.050000000000011,-2252.960000000058,2023-04-12T10:01:00-04:00,0.0,7.499999999999972,-1152.9599999999766,2023-04-12T10:31:00-04:00,0.0,8.649999999999977,-3452.9599999999896,2023-04-12T11:31:00-04:00,0.0,9.449999999999989,-5052.960000000013,2023-04-12T16:00:00-04:00,0.0,6.950000000000017,-52.9600000000675,2023-04-13T16:00:00-04:00,0.0,10.0,-6052.960000000034,2023-04-14T16:00:00-04:00,0.0,,,,,2898.0,hit,,never_hit,,never_hit,,never_hit,,never_hit,,never_hit,,never_hit,13.0,hit,16.0,hit,0.0,hit,16.0,hit,26.0,hit,306.0,hit,,,True,True,True,False,1.84999999999998,,,True,True,True,False,1.84999999999998,,,True,True,True,False,1.84999999999998,,,True,True,True,False,1.84999999999998,,,,,,,,,,,,,,,,,,,,,,,,,,,,,,,,,,,,,,,,,,,,,,,,,,,,,,,,,,,,,,,,,974
2023-04-14,2023-04-17,3,5.0,2023-04-14T09:31:00-04:00,5.099999999999994,NDXP  230417P13090000,NDXP  230417P13080000,development,False,False,0,0,0,1,0,794,available,False,2023-04-14T09:31:00-04:00,2023-04-17T16:00:00-04:00,5.4,-852.9600000000114,0.0,last_observed_quote_not_settlement,3916.0,683,33,5.450000000000003,-952.9600000000164,2023-04-14T09:32:00-04:00,0.0,5.450000000000003,-952.9600000000164,2023-04-14T09:33:00-04:00,0.0,5.299999999999997,-652.960000000005,2023-04-14T09:36:00-04:00,0.0,4.349999999999994,1247.0400000000006,2023-04-14T09:41:00-04:00,0.0,3.8500000000000085,2247.039999999972,2023-04-14T09:46:00-04:00,0.0,3.75,2447.0399999999895,2023-04-14T10:01:00-04:00,0.0,5.400000000000006,-852.9600000000221,2023-04-14T10:31:00-04:00,0.0,5.799999999999997,-1652.960000000005,2023-04-14T11:31:00-04:00,0.0,4.5,947.0399999999893,2023-04-14T16:00:00-04:00,0.0,,,2023-04-14T16:15:00-04:00,85500.0,,,2023-04-14T16:15:00-04:00,171900.0,5.4,-852.9600000000114,2023-04-17T16:00:00-04:00,0.0,0.0,hit,4.0,hit,14.0,hit,4704.0,hit,,never_hit,,never_hit,,never_hit,3.0,hit,3.0,hit,158.0,hit,202.0,hit,4450.0,hit,4484.0,hit,10.0,681,True,True,True,True,,,,True,True,True,False,2.774999999999994,,,True,True,True,False,2.774999999999994,,,True,True,True,False,2.774999999999994,4704.0,2023-04-17T15:55:00-04:00,2.325,5297.039999999989,,,,,,,,,4705.0,2023-04-17T15:56:00-04:00,4.125,1697.0399999999893,,,,,,,,,,,,,,,,,,,,,,,,,,,,,,,,,,,,,,,,,,,,,,,,,975
2023-04-14,2023-04-17,3,6.0,2023-04-14T09:31:00-04:00,5.950000000000003,NDXP  230417P13110000,NDXP  230417P13100000,development,False,False,0,0,1,14,0,780,available,False,2023-04-14T09:31:00-04:00,2023-04-17T15:59:00-04:00,9.949999999999998,-8252.95999999999,1.0,last_observed_quote_not_settlement,3916.0,606,48,5.8999999999999915,-152.95999999997656,2023-04-14T09:32:00-04:00,0.0,5.75,147.0400000000064,2023-04-14T09:33:00-04:00,0.0,5.950000000000017,-252.96000000002772,2023-04-14T09:36:00-04:00,0.0,4.700000000000003,2247.040000000001,2023-04-14T09:41:00-04:00,0.0,4.400000000000006,2847.039999999995,2023-04-14T09:46:00-04:00,0.0,4.200000000000003,3247.040000000001,2023-04-14T10:01:00-04:00,0.0,5.650000000000006,347.039999999995,2023-04-14T10:31:00-04:00,0.0,6.449999999999989,-1252.959999999971,2023-04-14T11:31:00-04:00,0.0,5.000000000000007,1647.0399999999922,2023-04-14T16:00:00-04:00,0.0,,,2023-04-14T16:15:00-04:00,85500.0,,,2023-04-14T16:15:00-04:00,171900.0,,,2023-04-17T15:59:00-04:00,60.0,4.0,hit,8.0,hit,21.0,hit,28.0,hit,,never_hit,,never_hit,,never_hit,40.0,hit,140.0,hit,140.0,hit,195.0,hit,4391.0,hit,4391.0,hit,6.200000000000017,2,False,False,False,False,,,,True,True,True,False,3.1499999999999986,,,True,True,True,False,3.1499999999999986,,,True,True,True,False,3.1499999999999986,28.0,2023-04-14T09:59:00-04:00,2.8000000000000043,6047.039999999998,,,,,,,,,29.0,2023-04-14T10:00:00-04:00,3.4000000000000057,4847.039999999995,,,,,,,,,,,,,,,,,,,,,,,,,,,,,,,,,,,,,,,,,,,,,,,,,976
2023-04-14,2023-04-17,3,7.0,2023-04-14T09:31:00-04:00,7.100000000000023,NDXP  230417P13190000,NDXP  230417P13180000,development,False,False,0,0,0,71,0,724,available,False,2023-04-14T09:31:00-04:00,2023-04-17T16:00:00-04:00,10.0,-5952.959999999955,0.0,last_observed_quote_not_settlement,3916.0,634,6,7.399999999999977,-852.9599999999084,2023-04-14T09:32:00-04:00,0.0,7.849999999999994,-1752.9599999999425,2023-04-14T09:33:00-04:00,0.0,7.549999999999983,-1152.9599999999198,2023-04-14T09:36:00-04:00,0.0,6.599999999999994,747.0400000000575,2023-04-14T09:41:00-04:00,0.0,6.149999999999977,1647.0400000000916,2023-04-14T09:46:00-04:00,0.0,6.150000000000006,1647.0400000000348,2023-04-14T10:01:00-04:00,0.0,7.75,-1552.9599999999539,2023-04-14T10:31:00-04:00,0.0,8.099999999999994,-2252.959999999944,2023-04-14T11:31:00-04:00,0.0,7.800000000000011,-1652.9599999999766,2023-04-14T16:00:00-04:00,0.0,,,2023-04-14T16:15:00-04:00,85500.0,,,2023-04-14T16:15:00-04:00,171900.0,10.0,-5952.959999999955,2023-04-17T16:00:00-04:00,0.0,25.0,hit,,never_hit,,never_hit,,never_hit,,never_hit,,never_hit,,never_hit,2.0,hit,59.0,hit,0.0,hit,55.0,hit,185.0,hit,194.0,hit,,,True,True,True,False,1.8000000000000256,,,True,True,True,False,1.8000000000000256,,,True,True,True,False,1.8000000000000256,,,True,True,True,False,1.8000000000000256,,,,,,,,,,,,,,,,,,,,,,,,,,,,,,,,,,,,,,,,,,,,,,,,,,,,,,,,,,,,,,,,,977
2023-04-17,2023-04-19,2,5.0,2023-04-17T09:31:00-04:00,5.049999999999983,NDXP  230419P13080000,NDXP  230419P13070000,development,False,False,0,0,0,0,15,1200,available,False,2023-04-17T09:31:00-04:00,2023-04-19T16:00:00-04:00,0.0,9847.039999999968,0.0,last_observed_quote_not_settlement,1036.0,477,63,4.549999999999997,747.0399999999722,2023-04-17T09:32:00-04:00,0.0,5.150000000000006,-452.9600000000448,2023-04-17T09:33:00-04:00,0.0,4.0,1847.0399999999665,2023-04-17T09:36:00-04:00,0.0,4.25,1347.0399999999665,2023-04-17T09:41:00-04:00,0.0,4.949999999999989,-52.96000000001066,2023-04-17T09:46:00-04:00,0.0,4.449999999999989,947.0399999999893,2023-04-17T10:01:00-04:00,0.0,5.3999999999999915,-952.9600000000164,2023-04-17T10:31:00-04:00,0.0,6.200000000000003,-2552.960000000039,2023-04-17T11:31:00-04:00,0.0,4.299999999999997,1247.0399999999722,2023-04-17T16:00:00-04:00,0.0,3.9499999999999957,1947.0399999999752,2023-04-18T16:00:00-04:00,0.0,0.0,9847.039999999968,2023-04-19T16:00:00-04:00,0.0,,,,,0.0,hit,1.0,hit,5.0,hit,1440.0,hit,3091.0,hit,3223.0,hit,3268.0,hit,14.0,hit,37.0,hit,206.0,hit,2904.0,hit,,never_hit,,never_hit,7.049999999999997,302,True,False,False,False,,8.200000000000003,477,True,True,False,False,,8.200000000000003,477,True,True,False,False,,8.200000000000003,477,True,True,False,False,,1440.0,2023-04-18T09:31:00-04:00,2.599999999999998,4647.039999999971,1441.0,2023-04-18T09:32:00-04:00,2.4499999999999993,4947.039999999968,1442.0,2023-04-18T09:33:00-04:00,2.5,4847.039999999966,1441.0,2023-04-18T09:32:00-04:00,2.4499999999999993,4947.039999999968,3091.0,2023-04-19T13:02:00-04:00,1.6499999999999986,6547.039999999969,3149.0,2023-04-19T14:00:00-04:00,1.8500000000000014,6147.039999999964,3150.0,2023-04-19T14:01:00-04:00,1.5,6847.039999999966,3092.0,2023-04-19T13:03:00-04:00,2.849999999999998,4147.039999999971,3223.0,2023-04-19T15:14:00-04:00,0.9250000000000003,7997.039999999965,3226.0,2023-04-19T15:17:00-04:00,0.6500000000000001,8547.039999999966,3227.0,2023-04-19T15:18:00-04:00,0.7249999999999999,8397.039999999968,3224.0,2023-04-19T15:15:00-04:00,0.9749999999999999,7897.039999999966,3268.0,2023-04-19T15:59:00-04:00,0.15000000000000002,9547.039999999966,3269.0,2023-04-19T16:00:00-04:00,0.0,9847.039999999968,,,,,3269.0,2023-04-19T16:00:00-04:00,0.0,9847.039999999968,978
2023-04-17,2023-04-19,2,6.0,2023-04-17T09:31:00-04:00,6.1000000000000085,NDXP  230419P13110000,NDXP  230419P13100000,development,False,False,0,0,0,1,15,1199,available,False,2023-04-17T09:31:00-04:00,2023-04-19T16:00:00-04:00,7.85,-3752.9599999999814,0.0,last_observed_quote_not_settlement,1036.0,436,82,5.5,947.0400000000177,2023-04-17T09:32:00-04:00,0.0,5.550000000000011,847.039999999995,2023-04-17T09:33:00-04:00,0.0,4.8500000000000085,2247.040000000001,2023-04-17T09:36:00-04:00,0.0,4.650000000000006,2647.0400000000063,2023-04-17T09:41:00-04:00,0.0,4.700000000000003,2547.0400000000122,2023-04-17T09:46:00-04:00,0.0,5.199999999999989,1547.0400000000404,2023-04-17T10:01:00-04:00,0.0,5.799999999999997,347.04000000002344,2023-04-17T10:31:00-04:00,0.0,6.950000000000017,-1952.9600000000164,2023-04-17T11:31:00-04:00,0.0,4.900000000000006,2147.0400000000063,2023-04-17T16:00:00-04:00,0.0,5.199999999999996,1547.0400000000263,2023-04-18T16:00:00-04:00,0.0,7.85,-3752.9599999999814,2023-04-19T16:00:00-04:00,0.0,,,,,1.0,hit,5.0,hit,1440.0,hit,1441.0,hit,3117.0,hit,,never_hit,,never_hit,17.0,hit,71.0,hit,69.0,hit,71.0,hit,2905.0,hit,3257.0,hit,8.199999999999989,251,True,True,False,False,,9.449999999999989,422,True,True,True,True,,,,True,True,True,False,4.3500000000000085,,,True,True,True,False,4.3500000000000085,1441.0,2023-04-18T09:32:00-04:00,2.799999999999997,6347.040000000024,1456.0,2023-04-18T09:47:00-04:00,2.8999999999999986,6147.040000000021,1457.0,2023-04-18T09:48:00-04:00,2.75,6447.040000000018,1442.0,2023-04-18T09:33:00-04:00,4.049999999999997,3847.0400000000236,3117.0,2023-04-19T13:28:00-04:00,1.75,8447.040000000019,,,,,,,,,3118.0,2023-04-19T13:29:00-04:00,3.9000000000000004,4147.040000000017,,,,,,,,,,,,,,,,,,,,,,,,,,,,,,,,,979
2023-04-17,2023-04-19,2,7.0,2023-04-17T09:31:00-04:00,6.899999999999977,NDXP  230419P13190000,NDXP  230419P13180000,development,False,False,0,0,0,26,15,1174,available,False,2023-04-17T09:31:00-04:00,2023-04-19T16:00:00-04:00,10.0,-6352.9600000000455,0.0,last_observed_quote_not_settlement,1036.0,1051,26,6.699999999999989,147.03999999997797,2023-04-17T09:32:00-04:00,0.0,7.850000000000023,-2152.96000000009,2023-04-17T09:33:00-04:00,0.0,6.700000000000017,147.03999999992112,2023-04-17T09:36:00-04:00,0.0,6.450000000000017,647.0399999999211,2023-04-17T09:41:00-04:00,0.0,6.850000000000023,-152.96000000009025,2023-04-17T09:46:00-04:00,0.0,6.75,47.039999999955235,2023-04-17T10:01:00-04:00,0.0,7.5,-1452.9600000000448,2023-04-17T10:31:00-04:00,0.0,8.050000000000011,-2552.960000000069,2023-04-17T11:31:00-04:00,0.0,6.8500000000000085,-152.96000000006183,2023-04-17T16:00:00-04:00,0.0,6.900000000000006,-252.96000000005614,2023-04-18T16:00:00-04:00,0.0,10.0,-6352.9600000000455,2023-04-19T16:00:00-04:00,0.0,,,,,7.0,hit,7.0,hit,,never_hit,,never_hit,,never_hit,,never_hit,,never_hit,2.0,hit,41.0,hit,2.0,hit,41.0,hit,2880.0,hit,2880.0,hit,,,True,True,True,False,2.4499999999999744,,,True,True,True,False,2.4499999999999744,,,True,True,True,False,2.4499999999999744,,,True,True,True,False,2.4499999999999744,,,,,,,,,,,,,,,,,,,,,,,,,,,,,,,,,,,,,,,,,,,,,,,,,,,,,,,,,,,,,,,,,980
2023-04-17,2023-04-20,3,5.0,2023-04-17T09:31:00-04:00,4.900000000000006,NDXP  230420P13090000,NDXP  230420P13080000,development,False,False,0,0,0,15,0,1589,available,False,2023-04-17T09:31:00-04:00,2023-04-20T15:58:00-04:00,10.0,-10352.959999999988,2.0,last_observed_quote_not_settlement,1036.0,856,118,4.949999999999989,-352.9599999999652,2023-04-17T09:32:00-04:00,0.0,5.099999999999994,-652.9599999999766,2023-04-17T09:33:00-04:00,0.0,4.450000000000003,647.0400000000063,2023-04-17T09:36:00-04:00,0.0,4.400000000000006,747.0400000000006,2023-04-17T09:41:00-04:00,0.0,5.1499999999999915,-752.9599999999709,2023-04-17T09:46:00-04:00,0.0,4.5,547.040000000012,2023-04-17T10:01:00-04:00,0.0,5.25,-952.959999999988,2023-04-17T10:31:00-04:00,0.0,5.300000000000011,-1052.9600000000107,2023-04-17T11:31:00-04:00,0.0,4.299999999999983,947.0400000000461,2023-04-17T16:00:00-04:00,0.0,5.0,-452.95999999998793,2023-04-18T16:00:00-04:00,0.0,4.450000000000003,647.0400000000063,2023-04-19T16:00:00-04:00,0.0,,,2023-04-20T15:58:00-04:00,120.0,0.0,hit,0.0,hit,6.0,hit,1442.0,hit,,never_hit,,never_hit,,never_hit,37.0,hit,71.0,hit,90.0,hit,1830.0,hit,4608.0,hit,4618.0,hit,7.050000000000011,318,True,False,False,False,,,,True,True,True,False,2.6000000000000068,,,True,True,True,False,2.6000000000000068,,,True,True,True,False,2.6000000000000068,1452.0,2023-04-18T09:43:00-04:00,2.9499999999999957,3647.0400000000204,1453.0,2023-04-18T09:44:00-04:00,2.9499999999999957,3647.0400000000204,1457.0,2023-04-18T09:48:00-04:00,2.700000000000003,4147.040000000006,1453.0,2023-04-18T09:44:00-04:00,2.9499999999999957,3647.0400000000204,,,,,,,,,,,,,,,,,,,,,,,,,,,,,,,,,,,,,,,,,,,,,,,,,981
2023-04-17,2023-04-20,3,6.0,2023-04-17T09:31:00-04:00,5.850000000000023,NDXP  230420P13140000,NDXP  230420P13130000,development,False,False,0,0,0,20,0,1584,available,False,2023-04-17T09:31:00-04:00,2023-04-20T15:59:00-04:00,10.0,-8452.959999999954,1.0,last_observed_quote_not_settlement,1036.0,1016,141,5.499999999999972,447.040000000103,2023-04-17T09:32:00-04:00,0.0,5.75,-52.959999999953816,2023-04-17T09:33:00-04:00,0.0,4.8999999999999915,1647.0400000000632,2023-04-17T09:36:00-04:00,0.0,5.700000000000003,47.0400000000405,2023-04-17T09:41:00-04:00,0.0,5.700000000000017,47.04000000001208,2023-04-17T09:46:00-04:00,0.0,5.0,1447.0400000000461,2023-04-17T10:01:00-04:00,0.0,6.050000000000011,-652.9599999999766,2023-04-17T10:31:00-04:00,0.0,6.949999999999989,-2452.959999999931,2023-04-17T11:31:00-04:00,0.0,4.500000000000014,2447.0400000000177,2023-04-17T16:00:00-04:00,0.0,5.6000000000000085,247.0400000000291,2023-04-18T16:00:00-04:00,0.0,6.050000000000011,-652.9599999999766,2023-04-19T16:00:00-04:00,0.0,,,2023-04-20T15:59:00-04:00,60.0,1.0,hit,5.0,hit,1441.0,hit,,never_hit,,never_hit,,never_hit,,never_hit,12.0,hit,120.0,hit,125.0,hit,2904.0,hit,4320.0,hit,4320.0,hit,,,True,True,True,False,2.6000000000000227,,,True,True,True,False,2.6000000000000227,,,True,True,True,False,2.6000000000000227,,,True,True,True,False,2.6000000000000227,,,,,,,,,,,,,,,,,,,,,,,,,,,,,,,,,,,,,,,,,,,,,,,,,,,,,,,,,,,,,,,,,982
2023-04-17,2023-04-20,3,7.0,2023-04-17T09:31:00-04:00,7.150000000000006,NDXP  230420P13220000,NDXP  230420P13210000,development,False,False,0,0,0,36,0,1568,available,False,2023-04-17T09:31:00-04:00,2023-04-20T15:59:00-04:00,10.0,-5852.959999999988,1.0,last_observed_quote_not_settlement,1036.0,1324,93,6.999999999999972,47.04000000006892,2023-04-17T09:32:00-04:00,0.0,6.949999999999989,147.0400000000348,2023-04-17T09:33:00-04:00,0.0,6.5,1047.040000000012,2023-04-17T09:36:00-04:00,0.0,6.150000000000006,1747.0400000000006,2023-04-17T09:41:00-04:00,0.0,6.850000000000023,347.0399999999666,2023-04-17T09:46:00-04:00,0.0,7.0,47.04000000001208,2023-04-17T10:01:00-04:00,0.0,7.350000000000023,-652.9600000000335,2023-04-17T10:31:00-04:00,0.0,7.549999999999983,-1052.9599999999539,2023-04-17T11:31:00-04:00,0.0,8.0,-1952.9599999999898,2023-04-17T16:00:00-04:00,0.0,7.449999999999989,-852.9599999999652,2023-04-18T16:00:00-04:00,0.0,8.199999999999974,-2352.9599999999386,2023-04-19T16:00:00-04:00,0.0,,,2023-04-20T15:59:00-04:00,60.0,1440.0,hit,1440.0,hit,,never_hit,,never_hit,,never_hit,,never_hit,,never_hit,3.0,hit,3.0,hit,0.0,hit,3.0,hit,2880.0,hit,2880.0,hit,,,True,True,True,False,2.700000000000017,,,True,True,True,False,2.700000000000017,,,True,True,True,False,2.700000000000017,,,True,True,True,False,2.700000000000017,,,,,,,,,,,,,,,,,,,,,,,,,,,,,,,,,,,,,,,,,,,,,,,,,,,,,,,,,,,,,,,,,983
2023-04-18,2023-04-20,2,5.0,2023-04-18T09:31:00-04:00,5.200000000000003,NDXP  230420P13200000,NDXP  230420P13190000,development,False,False,0,0,0,36,0,1163,available,False,2023-04-18T09:31:00-04:00,2023-04-20T15:58:00-04:00,9.550000000000011,-8952.960000000017,2.0,last_observed_quote_not_settlement,1036.0,1106,16,5.500000000000014,-852.9600000000221,2023-04-18T09:32:00-04:00,0.0,5.049999999999997,47.04000000001208,2023-04-18T09:33:00-04:00,0.0,5.299999999999983,-452.9599999999595,2023-04-18T09:36:00-04:00,0.0,5.150000000000006,-152.96000000000498,2023-04-18T09:41:00-04:00,0.0,4.849999999999994,447.04000000001776,2023-04-18T09:46:00-04:00,0.0,4.849999999999994,447.04000000001776,2023-04-18T10:01:00-04:00,0.0,5.599999999999994,-1052.9599999999823,2023-04-18T10:31:00-04:00,0.0,6.199999999999989,-2252.959999999971,2023-04-18T11:31:00-04:00,0.0,7.299999999999997,-4452.959999999988,2023-04-18T16:00:00-04:00,0.0,8.050000000000011,-5952.960000000018,2023-04-19T16:00:00-04:00,0.0,,,2023-04-20T15:58:00-04:00,120.0,,,,,0.0,hit,11.0,hit,390.0,hit,390.0,hit,,never_hit,,never_hit,,never_hit,29.0,hit,29.0,hit,39.0,hit,91.0,hit,2880.0,hit,2880.0,hit,8.700000000000017,365,True,True,False,False,,,,True,True,True,False,2.200000000000003,,,True,True,True,False,2.200000000000003,,,True,True,True,False,2.200000000000003,,,,,,,,,,,,,,,,,,,,,,,,,,,,,,,,,,,,,,,,,,,,,,,,,,,,,,,,,,,,,,,,,984
2023-04-18,2023-04-20,2,6.0,2023-04-18T09:31:00-04:00,6.099999999999994,NDXP  230420P13240000,NDXP  230420P13230000,development,False,False,0,0,0,54,0,1145,available,False,2023-04-18T09:31:00-04:00,2023-04-20T15:59:00-04:00,10.0,-7952.960000000011,1.0,last_observed_quote_not_settlement,1036.0,1071,3,5.75,447.03999999998933,2023-04-18T09:32:00-04:00,0.0,6.099999999999994,-252.9599999999993,2023-04-18T09:33:00-04:00,0.0,5.950000000000003,47.03999999998366,2023-04-18T09:36:00-04:00,0.0,5.750000000000014,447.0399999999609,2023-04-18T09:41:00-04:00,0.0,5.6000000000000085,747.0399999999722,2023-04-18T09:46:00-04:00,0.0,6.349999999999994,-752.9599999999994,2023-04-18T10:01:00-04:00,0.0,7.699999999999989,-3452.9599999999878,2023-04-18T10:31:00-04:00,0.0,7.399999999999977,-2852.959999999965,2023-04-18T11:31:00-04:00,0.0,7.699999999999989,-3452.9599999999878,2023-04-18T16:00:00-04:00,0.0,8.700000000000017,-5452.960000000046,2023-04-19T16:00:00-04:00,0.0,,,2023-04-20T15:59:00-04:00,60.0,,,,,16.0,hit,,never_hit,,never_hit,,never_hit,,never_hit,,never_hit,,never_hit,28.0,hit,34.0,hit,34.0,hit,79.0,hit,1441.0,hit,1443.0,hit,,,True,True,True,False,1.049999999999983,,,True,True,True,False,1.049999999999983,,,True,True,True,False,1.049999999999983,,,True,True,True,False,1.049999999999983,,,,,,,,,,,,,,,,,,,,,,,,,,,,,,,,,,,,,,,,,,,,,,,,,,,,,,,,,,,,,,,,,985
2023-04-18,2023-04-20,2,7.0,2023-04-18T09:31:00-04:00,6.949999999999989,NDXP  230420P13250000,NDXP  230420P13240000,development,False,False,0,0,0,65,0,1134,available,False,2023-04-18T09:31:00-04:00,2023-04-20T15:59:00-04:00,10.0,-6252.960000000023,1.0,last_observed_quote_not_settlement,1037.0,1055,16,7.150000000000006,-652.9600000000335,2023-04-18T09:32:00-04:00,0.0,6.549999999999997,547.0399999999836,2023-04-18T09:33:00-04:00,0.0,6.549999999999997,547.0399999999836,2023-04-18T09:36:00-04:00,0.0,6.099999999999994,1447.0399999999893,2023-04-18T09:41:00-04:00,0.0,6.299999999999983,1047.040000000012,2023-04-18T09:46:00-04:00,0.0,6.699999999999989,247.04000000000067,2023-04-18T10:01:00-04:00,0.0,8.000000000000028,-2352.9600000000805,2023-04-18T10:31:00-04:00,0.0,7.600000000000023,-1552.9600000000676,2023-04-18T11:31:00-04:00,0.0,7.850000000000023,-2052.9600000000673,2023-04-18T16:00:00-04:00,0.0,8.900000000000006,-4152.9600000000355,2023-04-19T16:00:00-04:00,0.0,,,2023-04-20T15:59:00-04:00,60.0,,,,,6.0,hit,,never_hit,,never_hit,,never_hit,,never_hit,,never_hit,,never_hit,9.0,hit,39.0,hit,1.0,hit,39.0,hit,392.0,hit,1440.0,hit,,,True,True,True,False,1.6999999999999886,,,True,True,True,False,1.6999999999999886,,,True,True,True,False,1.6999999999999886,,,True,True,True,False,1.6999999999999886,,,,,,,,,,,,,,,,,,,,,,,,,,,,,,,,,,,,,,,,,,,,,,,,,,,,,,,,,,,,,,,,,986
2023-04-21,2023-04-24,3,5.0,2023-04-21T09:31:00-04:00,4.900000000000006,NDXP  230424P12990000,NDXP  230424P12980000,development,False,False,0,0,0,1,0,793,available,False,2023-04-21T09:31:00-04:00,2023-04-24T15:58:00-04:00,9.699999999999998,-9852.959999999985,2.0,last_observed_quote_not_settlement,3916.0,409,37,4.3500000000000085,847.039999999995,2023-04-21T09:32:00-04:00,0.0,4.5,547.040000000012,2023-04-21T09:33:00-04:00,0.0,5.599999999999994,-1652.9599999999766,2023-04-21T09:36:00-04:00,0.0,4.650000000000006,247.04000000000067,2023-04-21T09:41:00-04:00,0.0,4.650000000000006,247.04000000000067,2023-04-21T09:46:00-04:00,0.0,6.299999999999997,-3052.9599999999823,2023-04-21T10:01:00-04:00,0.0,4.900000000000006,-252.9599999999993,2023-04-21T10:31:00-04:00,0.0,4.700000000000003,147.0400000000064,2023-04-21T11:31:00-04:00,0.0,4.0,1547.040000000012,2023-04-21T16:00:00-04:00,0.0,,,2023-04-21T16:15:00-04:00,85500.0,,,2023-04-21T16:15:00-04:00,171900.0,,,2023-04-24T15:58:00-04:00,120.0,0.0,hit,0.0,hit,220.0,hit,4327.0,hit,,never_hit,,never_hit,,never_hit,5.0,hit,25.0,hit,4390.0,hit,4411.0,hit,4412.0,hit,4704.0,hit,6.5,87,False,False,False,False,,,,True,True,True,False,2.5500000000000043,,,True,True,True,False,2.5500000000000043,,,True,True,True,False,2.5500000000000043,4327.0,2023-04-24T09:38:00-04:00,2.8500000000000014,3847.040000000009,4331.0,2023-04-24T09:42:00-04:00,2.4499999999999993,4647.040000000014,4332.0,2023-04-24T09:43:00-04:00,2.700000000000003,4147.040000000006,4328.0,2023-04-24T09:39:00-04:00,3.700000000000003,2147.0400000000063,,,,,,,,,,,,,,,,,,,,,,,,,,,,,,,,,,,,,,,,,,,,,,,,,987
2023-04-21,2023-04-24,3,6.0,2023-04-21T09:31:00-04:00,6.0,NDXP  230424P13030000,NDXP  230424P13020000,development,False,False,0,0,0,18,0,776,available,False,2023-04-21T09:31:00-04:00,2023-04-24T15:58:00-04:00,9.95000000000001,-8152.96,2.0,last_observed_quote_not_settlement,3916.0,392,53,5.5,747.0400000000006,2023-04-21T09:32:00-04:00,0.0,5.300000000000011,1147.039999999978,2023-04-21T09:33:00-04:00,0.0,5.8999999999999915,-52.95999999998224,2023-04-21T09:36:00-04:00,0.0,5.849999999999994,47.04000000001208,2023-04-21T09:41:00-04:00,0.0,5.800000000000011,147.03999999997797,2023-04-21T09:46:00-04:00,0.0,7.25,-2752.959999999999,2023-04-21T10:01:00-04:00,0.0,6.0,-252.9599999999993,2023-04-21T10:31:00-04:00,0.0,5.5,747.0400000000006,2023-04-21T11:31:00-04:00,0.0,4.699999999999996,2347.040000000009,2023-04-21T16:00:00-04:00,0.0,,,2023-04-21T16:15:00-04:00,85500.0,,,2023-04-21T16:15:00-04:00,171900.0,,,2023-04-24T15:58:00-04:00,120.0,1.0,hit,250.0,hit,4331.0,hit,,never_hit,,never_hit,,never_hit,,never_hit,23.0,hit,26.0,hit,26.0,hit,4387.0,hit,4395.0,hit,4410.0,hit,,,True,True,True,False,2.650000000000002,,,True,True,True,False,2.650000000000002,,,True,True,True,False,2.650000000000002,,,True,True,True,False,2.650000000000002,,,,,,,,,,,,,,,,,,,,,,,,,,,,,,,,,,,,,,,,,,,,,,,,,,,,,,,,,,,,,,,,,988
2023-04-21,2023-04-24,3,7.0,2023-04-21T09:31:00-04:00,7.0,NDXP  230424P13070000,NDXP  230424P13060000,development,False,False,0,0,0,16,0,778,available,False,2023-04-21T09:31:00-04:00,2023-04-24T15:58:00-04:00,9.650000000000006,-5552.960000000013,2.0,last_observed_quote_not_settlement,3916.0,434,50,6.650000000000006,447.03999999998933,2023-04-21T09:32:00-04:00,0.0,6.499999999999986,747.0400000000291,2023-04-21T09:33:00-04:00,0.0,6.8999999999999915,-52.95999999998224,2023-04-21T09:36:00-04:00,0.0,6.59999999999998,547.0400000000404,2023-04-21T09:41:00-04:00,0.0,7.299999999999983,-852.9599999999652,2023-04-21T09:46:00-04:00,0.0,8.049999999999983,-2352.959999999967,2023-04-21T10:01:00-04:00,0.0,6.950000000000003,-152.96000000000498,2023-04-21T10:31:00-04:00,0.0,6.8500000000000085,47.03999999998366,2023-04-21T11:31:00-04:00,0.0,6.599999999999994,547.040000000012,2023-04-21T16:00:00-04:00,0.0,,,2023-04-21T16:15:00-04:00,85500.0,,,2023-04-21T16:15:00-04:00,171900.0,,,2023-04-24T15:58:00-04:00,120.0,271.0,hit,271.0,hit,,never_hit,,never_hit,,never_hit,,never_hit,,never_hit,20.0,hit,27.0,hit,0.0,hit,27.0,hit,4388.0,hit,4388.0,hit,,,True,True,True,False,2.5,,,True,True,True,False,2.5,,,True,True,True,False,2.5,,,True,True,True,False,2.5,,,,,,,,,,,,,,,,,,,,,,,,,,,,,,,,,,,,,,,,,,,,,,,,,,,,,,,,,,,,,,,,,989
2023-04-24,2023-04-26,2,5.0,2023-04-24T09:31:00-04:00,5.0,NDXP  230426P13030000,NDXP  230426P13020000,development,False,False,0,0,0,99,15,1097,available,False,2023-04-24T09:31:00-04:00,2023-04-26T16:00:00-04:00,10.0,-10152.96,0.0,last_observed_quote_not_settlement,1036.0,999,14,5.199999999999989,-652.9599999999766,2023-04-24T09:32:00-04:00,0.0,5.3999999999999915,-1052.9599999999823,2023-04-24T09:33:00-04:00,0.0,4.950000000000003,-152.96000000000498,2023-04-24T09:36:00-04:00,0.0,4.799999999999983,147.0400000000348,2023-04-24T09:41:00-04:00,0.0,4.300000000000011,1147.039999999978,2023-04-24T09:46:00-04:00,0.0,4.800000000000011,147.03999999997797,2023-04-24T10:01:00-04:00,0.0,5.0,-252.9599999999993,2023-04-24T10:31:00-04:00,0.0,6.500000000000028,-3252.960000000056,2023-04-24T11:31:00-04:00,0.0,5.25,-752.9599999999994,2023-04-24T16:00:00-04:00,0.0,9.149999999999977,-8552.959999999955,2023-04-25T16:00:00-04:00,0.0,10.0,-10152.96,2023-04-26T16:00:00-04:00,0.0,,,,,0.0,hit,0.0,hit,,never_hit,,never_hit,,never_hit,,never_hit,,never_hit,65.0,hit,67.0,hit,140.0,hit,1488.0,hit,1578.0,hit,1720.0,hit,,,True,True,True,False,0.7999999999999972,,,True,True,True,False,0.7999999999999972,,,True,True,True,False,0.7999999999999972,,,True,True,True,False,0.7999999999999972,,,,,,,,,,,,,,,,,,,,,,,,,,,,,,,,,,,,,,,,,,,,,,,,,,,,,,,,,,,,,,,,,990
2023-04-24,2023-04-26,2,6.0,2023-04-24T09:31:00-04:00,6.049999999999983,NDXP  230426P13090000,NDXP  230426P13080000,development,False,False,0,0,0,122,15,1075,available,False,2023-04-24T09:31:00-04:00,2023-04-26T16:00:00-04:00,10.0,-8052.960000000034,0.0,last_observed_quote_not_settlement,1037.0,953,8,6.550000000000011,-1252.9600000000562,2023-04-24T09:32:00-04:00,0.0,6.700000000000017,-1552.9600000000676,2023-04-24T09:33:00-04:00,0.0,5.750000000000014,347.0399999999382,2023-04-24T09:36:00-04:00,0.0,5.099999999999994,1647.039999999978,2023-04-24T09:41:00-04:00,0.0,5.299999999999983,1247.0400000000006,2023-04-24T09:46:00-04:00,0.0,5.950000000000017,-52.9600000000675,2023-04-24T10:01:00-04:00,0.0,6.100000000000023,-352.9600000000789,2023-04-24T10:31:00-04:00,0.0,7.649999999999977,-3452.9599999999878,2023-04-24T11:31:00-04:00,0.0,6.849999999999994,-1852.960000000022,2023-04-24T16:00:00-04:00,0.0,9.799999999999955,-7752.959999999945,2023-04-25T16:00:00-04:00,0.0,10.0,-8052.960000000034,2023-04-26T16:00:00-04:00,0.0,,,,,7.0,hit,21.0,hit,,never_hit,,never_hit,,never_hit,,never_hit,,never_hit,1.0,hit,68.0,hit,68.0,hit,133.0,hit,1475.0,hit,1571.0,hit,,,True,True,True,False,1.34999999999998,,,True,True,True,False,1.34999999999998,,,True,True,True,False,1.34999999999998,,,True,True,True,False,1.34999999999998,,,,,,,,,,,,,,,,,,,,,,,,,,,,,,,,,,,,,,,,,,,,,,,,,,,,,,,,,,,,,,,,,991
2023-04-24,2023-04-26,2,7.0,2023-04-24T09:31:00-04:00,6.850000000000023,NDXP  230426P13120000,NDXP  230426P13110000,development,False,False,0,0,0,111,15,1086,available,False,2023-04-24T09:31:00-04:00,2023-04-26T16:00:00-04:00,10.0,-6452.959999999955,0.0,last_observed_quote_not_settlement,1036.0,949,10,6.949999999999989,-452.9599999999311,2023-04-24T09:32:00-04:00,0.0,7.300000000000011,-1152.9599999999766,2023-04-24T09:33:00-04:00,0.0,6.100000000000023,1247.0400000000006,2023-04-24T09:36:00-04:00,0.0,6.400000000000034,647.0399999999779,2023-04-24T09:41:00-04:00,0.0,5.849999999999994,1747.0400000000575,2023-04-24T09:46:00-04:00,0.0,6.4500000000000455,547.0399999999552,2023-04-24T10:01:00-04:00,0.0,6.700000000000017,47.04000000001208,2023-04-24T10:31:00-04:00,0.0,7.5,-1552.9599999999539,2023-04-24T11:31:00-04:00,0.0,6.900000000000006,-352.9599999999652,2023-04-24T16:00:00-04:00,0.0,9.850000000000023,-6252.960000000001,2023-04-25T16:00:00-04:00,0.0,10.0,-6452.959999999955,2023-04-26T16:00:00-04:00,0.0,,,,,11.0,hit,11.0,hit,,never_hit,,never_hit,,never_hit,,never_hit,,never_hit,64.0,hit,68.0,hit,2.0,hit,68.0,hit,1452.0,hit,1478.0,hit,,,True,True,True,False,2.0500000000000114,,,True,True,True,False,2.0500000000000114,,,True,True,True,False,2.0500000000000114,,,True,True,True,False,2.0500000000000114,,,,,,,,,,,,,,,,,,,,,,,,,,,,,,,,,,,,,,,,,,,,,,,,,,,,,,,,,,,,,,,,,992
2023-04-24,2023-04-27,3,5.0,2023-04-24T09:31:00-04:00,4.900000000000006,NDXP  230427P13040000,NDXP  230427P13030000,development,False,False,0,0,1,36,0,1565,available,False,2023-04-24T09:31:00-04:00,2023-04-27T15:59:00-04:00,0.0,9547.040000000014,1.0,last_observed_quote_not_settlement,1036.0,1241,25,5.350000000000023,-1152.9600000000335,2023-04-24T09:32:00-04:00,0.0,5.499999999999972,-1452.9599999999311,2023-04-24T09:33:00-04:00,0.0,4.650000000000006,247.04000000000067,2023-04-24T09:36:00-04:00,0.0,4.900000000000006,-252.9599999999993,2023-04-24T09:41:00-04:00,0.0,4.449999999999989,647.0400000000348,2023-04-24T09:46:00-04:00,0.0,4.8999999999999915,-252.95999999997088,2023-04-24T10:01:00-04:00,0.0,4.949999999999989,-352.9599999999652,2023-04-24T10:31:00-04:00,0.0,5.800000000000011,-2052.9600000000105,2023-04-24T11:31:00-04:00,0.0,5.3999999999999915,-1252.959999999971,2023-04-24T16:00:00-04:00,0.0,7.399999999999977,-5252.959999999943,2023-04-25T16:00:00-04:00,0.0,,,2023-04-26T15:59:00-04:00,60.0,,,2023-04-27T15:59:00-04:00,60.0,0.0,hit,0.0,hit,4391.0,hit,4431.0,hit,4438.0,hit,4531.0,hit,4558.0,hit,2.0,hit,68.0,hit,1456.0,hit,1469.0,hit,1723.0,hit,1823.0,hit,10.0,1241,True,True,True,True,,10.0,1241,True,True,True,True,,10.0,1241,True,True,True,True,,10.0,1241,True,True,True,True,,4431.0,2023-04-27T11:22:00-04:00,2.049999999999997,5447.040000000018,4432.0,2023-04-27T11:23:00-04:00,2.5500000000000043,4447.040000000004,4474.0,2023-04-27T12:05:00-04:00,2.5999999999999996,4347.040000000013,4432.0,2023-04-27T11:23:00-04:00,2.5500000000000043,4447.040000000004,4490.0,2023-04-27T12:21:00-04:00,1.9000000000000004,5747.040000000011,4497.0,2023-04-27T12:28:00-04:00,1.8500000000000005,5847.040000000011,4498.0,2023-04-27T12:29:00-04:00,1.9500000000000002,5647.040000000012,4491.0,2023-04-27T12:22:00-04:00,2.2500000000000018,5047.040000000008,4531.0,2023-04-27T13:02:00-04:00,0.5999999999999996,8347.040000000014,4548.0,2023-04-27T13:19:00-04:00,0.8999999999999995,7747.040000000013,4552.0,2023-04-27T13:23:00-04:00,0.5000000000000009,8547.040000000012,4532.0,2023-04-27T13:03:00-04:00,1.2000000000000002,7147.040000000012,4560.0,2023-04-27T13:31:00-04:00,0.34999999999999964,8847.040000000014,4561.0,2023-04-27T13:32:00-04:00,0.34999999999999964,8847.040000000014,4562.0,2023-04-27T13:33:00-04:00,0.4249999999999998,8697.040000000014,4561.0,2023-04-27T13:32:00-04:00,0.34999999999999964,8847.040000000014,993
2023-04-24,2023-04-27,3,6.0,2023-04-24T09:31:00-04:00,6.099999999999966,NDXP  230427P13070000,NDXP  230427P13060000,development,False,False,0,0,0,15,0,1587,available,False,2023-04-24T09:31:00-04:00,2023-04-27T16:00:00-04:00,0.0,11947.039999999934,0.0,last_observed_quote_not_settlement,1036.0,1200,43,5.900000000000034,147.03999999986428,2023-04-24T09:32:00-04:00,0.0,5.849999999999994,247.03999999994383,2023-04-24T09:33:00-04:00,0.0,5.599999999999994,747.0399999999438,2023-04-24T09:36:00-04:00,0.0,4.550000000000011,2847.03999999991,2023-04-24T09:41:00-04:00,0.0,4.5,2947.0399999999327,2023-04-24T09:46:00-04:00,0.0,5.350000000000023,1247.039999999887,2023-04-24T10:01:00-04:00,0.0,5.5,947.0399999999324,2023-04-24T10:31:00-04:00,0.0,6.850000000000023,-1752.960000000113,2023-04-24T11:31:00-04:00,0.0,6.199999999999989,-452.9600000000448,2023-04-24T16:00:00-04:00,0.0,9.349999999999909,-6752.959999999887,2023-04-25T16:00:00-04:00,0.0,9.900000000000006,-7852.960000000081,2023-04-26T16:00:00-04:00,0.0,0.0,11947.039999999934,2023-04-27T16:00:00-04:00,0.0,3.0,hit,10.0,hit,4435.0,hit,4485.0,hit,4520.0,hit,4566.0,hit,4578.0,hit,45.0,hit,78.0,hit,78.0,hit,1478.0,hit,1689.0,hit,1693.0,hit,10.0,1200,True,True,True,True,,10.0,1200,True,True,True,True,,10.0,1200,True,True,True,True,,10.0,1200,True,True,True,True,,4485.0,2023-04-27T12:16:00-04:00,2.700000000000003,6547.039999999927,4486.0,2023-04-27T12:17:00-04:00,2.4499999999999957,7047.039999999941,4487.0,2023-04-27T12:18:00-04:00,2.6999999999999993,6547.039999999934,4486.0,2023-04-27T12:17:00-04:00,2.4499999999999957,7047.039999999941,4520.0,2023-04-27T12:51:00-04:00,1.9000000000000021,8147.039999999929,4552.0,2023-04-27T13:23:00-04:00,1.8000000000000007,8347.039999999932,4553.0,2023-04-27T13:24:00-04:00,1.799999999999999,8347.039999999935,4521.0,2023-04-27T12:52:00-04:00,2.1999999999999993,7547.039999999934,4575.0,2023-04-27T13:46:00-04:00,0.8500000000000001,10247.039999999932,4576.0,2023-04-27T13:47:00-04:00,0.7749999999999999,10397.039999999932,4580.0,2023-04-27T13:51:00-04:00,0.7250000000000005,10497.039999999932,4576.0,2023-04-27T13:47:00-04:00,0.7749999999999999,10397.039999999932,4578.0,2023-04-27T13:49:00-04:00,0.34999999999999964,11247.039999999934,4593.0,2023-04-27T14:04:00-04:00,0.3999999999999999,11147.039999999932,4610.0,2023-04-27T14:21:00-04:00,0.37500000000000044,11197.039999999932,4579.0,2023-04-27T13:50:00-04:00,0.6749999999999998,10597.039999999934,994
2023-04-24,2023-04-27,3,7.0,2023-04-24T09:31:00-04:00,6.899999999999977,NDXP  230427P13160000,NDXP  230427P13150000,development,False,False,0,0,0,67,0,1535,available,False,2023-04-24T09:31:00-04:00,2023-04-27T15:59:00-04:00,4.25,5047.039999999955,1.0,last_observed_quote_not_settlement,1036.0,1322,46,7.499999999999972,-1452.959999999988,2023-04-24T09:32:00-04:00,0.0,7.0,-452.9600000000448,2023-04-24T09:33:00-04:00,0.0,6.650000000000006,247.03999999994383,2023-04-24T09:36:00-04:00,0.0,6.300000000000011,947.0399999999324,2023-04-24T09:41:00-04:00,0.0,6.300000000000011,947.0399999999324,2023-04-24T09:46:00-04:00,0.0,6.800000000000011,-52.9600000000675,2023-04-24T10:01:00-04:00,0.0,6.900000000000006,-252.96000000005614,2023-04-24T10:31:00-04:00,0.0,8.100000000000023,-2652.960000000092,2023-04-24T11:31:00-04:00,0.0,7.150000000000006,-752.9600000000562,2023-04-24T16:00:00-04:00,0.0,9.599999999999909,-5652.9599999998645,2023-04-25T16:00:00-04:00,0.0,9.799999999999955,-6052.9599999999555,2023-04-26T16:00:00-04:00,0.0,,,2023-04-27T15:59:00-04:00,60.0,19.0,hit,1830.0,hit,1830.0,hit,1830.0,hit,1830.0,hit,1830.0,hit,1830.0,hit,1.0,hit,69.0,hit,1.0,hit,71.0,hit,1447.0,hit,1486.0,hit,9.950000000000045,741,True,True,True,True,,9.950000000000045,741,True,True,True,True,,9.950000000000045,741,True,True,True,True,,9.950000000000045,741,True,True,True,True,,1830.0,2023-04-25T16:01:00-04:00,0.0,13547.039999999955,4667.0,2023-04-27T15:18:00-04:00,2.8500000000000014,7847.039999999953,4672.0,2023-04-27T15:23:00-04:00,2.1000000000000005,9347.039999999955,,,,,1830.0,2023-04-25T16:01:00-04:00,0.0,13547.039999999955,,,,,,,,,,,,,1830.0,2023-04-25T16:01:00-04:00,0.0,13547.039999999955,,,,,,,,,,,,,1830.0,2023-04-25T16:01:00-04:00,0.0,13547.039999999955,,,,,,,,,,,,,995
2023-04-25,2023-04-27,2,5.0,2023-04-25T09:31:00-04:00,4.949999999999989,NDXP  230427P12930000,NDXP  230427P12920000,development,False,False,0,0,0,24,0,1172,available,False,2023-04-25T09:31:00-04:00,2023-04-27T15:59:00-04:00,0.0,9647.039999999979,1.0,last_observed_quote_not_settlement,1036.0,734,43,4.6499999999999915,347.039999999995,2023-04-25T09:32:00-04:00,0.0,4.599999999999994,447.03999999998933,2023-04-25T09:33:00-04:00,0.0,4.8999999999999915,-152.96000000000498,2023-04-25T09:36:00-04:00,0.0,4.650000000000006,347.0399999999666,2023-04-25T09:41:00-04:00,0.0,4.650000000000006,347.0399999999666,2023-04-25T09:46:00-04:00,0.0,4.499999999999986,647.0400000000063,2023-04-25T10:01:00-04:00,0.0,5.450000000000003,-1252.9600000000278,2023-04-25T10:31:00-04:00,0.0,5.700000000000017,-1752.9600000000562,2023-04-25T11:31:00-04:00,0.0,7.699999999999989,-5752.959999999999,2023-04-25T16:00:00-04:00,0.0,7.6499999999999915,-5652.960000000005,2023-04-26T16:00:00-04:00,0.0,,,2023-04-27T15:59:00-04:00,60.0,,,,,0.0,hit,0.0,hit,29.0,hit,2888.0,hit,2919.0,hit,2944.0,hit,2994.0,hit,45.0,hit,122.0,hit,247.0,hit,314.0,hit,,never_hit,,never_hit,8.400000000000006,733,True,True,False,False,,8.400000000000006,734,True,True,False,False,,8.400000000000006,734,True,True,False,False,,8.400000000000006,734,True,True,False,False,,2888.0,2023-04-27T09:39:00-04:00,2.5500000000000043,4547.039999999969,2901.0,2023-04-27T09:52:00-04:00,2.8500000000000014,3947.039999999975,2902.0,2023-04-27T09:53:00-04:00,2.8000000000000007,4047.0399999999763,2889.0,2023-04-27T09:40:00-04:00,3.200000000000003,3247.039999999972,2919.0,2023-04-27T10:10:00-04:00,1.8500000000000014,5947.039999999975,2925.0,2023-04-27T10:16:00-04:00,1.450000000000001,6747.039999999975,2926.0,2023-04-27T10:17:00-04:00,1.3499999999999979,6947.039999999982,2920.0,2023-04-27T10:11:00-04:00,2.25,5147.039999999978,2946.0,2023-04-27T10:37:00-04:00,0.9000000000000004,7847.039999999977,2947.0,2023-04-27T10:38:00-04:00,0.8999999999999995,7847.039999999979,2948.0,2023-04-27T10:39:00-04:00,0.75,8147.039999999978,2947.0,2023-04-27T10:38:00-04:00,0.8999999999999995,7847.039999999979,2994.0,2023-04-27T11:25:00-04:00,0.2999999999999998,9047.039999999979,2995.0,2023-04-27T11:26:00-04:00,0.3500000000000001,8947.039999999977,2996.0,2023-04-27T11:27:00-04:00,0.37500000000000044,8897.039999999977,2995.0,2023-04-27T11:26:00-04:00,0.3500000000000001,8947.039999999977,996
2023-04-25,2023-04-27,2,6.0,2023-04-25T09:31:00-04:00,6.050000000000011,NDXP  230427P13000000,NDXP  230427P12990000,development,False,False,0,0,0,7,15,1190,available,False,2023-04-25T09:31:00-04:00,2023-04-27T16:00:00-04:00,0.025,11797.040000000023,0.0,last_observed_quote_not_settlement,1036.0,794,48,7.299999999999983,-2752.9599999999423,2023-04-25T09:32:00-04:00,0.0,5.75,347.04000000002344,2023-04-25T09:33:00-04:00,0.0,6.599999999999966,-1352.9599999999084,2023-04-25T09:36:00-04:00,0.0,5.650000000000006,547.040000000012,2023-04-25T09:41:00-04:00,0.0,5.700000000000017,447.03999999998933,2023-04-25T09:46:00-04:00,0.0,6.650000000000034,-1452.9600000000448,2023-04-25T10:01:00-04:00,0.0,6.300000000000011,-752.9599999999994,2023-04-25T10:31:00-04:00,0.0,7.099999999999966,-2352.959999999908,2023-04-25T11:31:00-04:00,0.0,9.650000000000091,-7452.96000000016,2023-04-25T16:00:00-04:00,0.0,8.550000000000011,-5252.960000000001,2023-04-26T16:00:00-04:00,0.0,0.025,11797.040000000023,2023-04-27T16:00:00-04:00,0.0,,,,,12.0,hit,12.0,hit,2926.0,hit,2947.0,hit,2957.0,hit,3039.0,hit,3074.0,hit,1.0,hit,1.0,hit,1.0,hit,187.0,hit,387.0,hit,389.0,hit,9.949999999999989,794,True,True,True,True,,9.949999999999989,794,True,True,True,True,,9.949999999999989,794,True,True,True,True,,9.949999999999989,794,True,True,True,True,,2947.0,2023-04-27T10:38:00-04:00,2.0500000000000007,7747.040000000022,2956.0,2023-04-27T10:47:00-04:00,2.75,6347.040000000024,2957.0,2023-04-27T10:48:00-04:00,1.6999999999999993,8447.040000000026,2948.0,2023-04-27T10:39:00-04:00,3.0,5847.040000000024,2957.0,2023-04-27T10:48:00-04:00,1.6999999999999993,8447.040000000026,2988.0,2023-04-27T11:19:00-04:00,1.8000000000000007,8247.040000000023,2989.0,2023-04-27T11:20:00-04:00,1.0999999999999996,9647.040000000025,2958.0,2023-04-27T10:49:00-04:00,3.0500000000000007,5747.040000000022,3040.0,2023-04-27T12:11:00-04:00,0.8999999999999995,10047.040000000025,3043.0,2023-04-27T12:14:00-04:00,0.8000000000000003,10247.040000000023,3044.0,2023-04-27T12:15:00-04:00,0.6000000000000005,10647.040000000023,3041.0,2023-04-27T12:12:00-04:00,1.049999999999999,9747.040000000026,3074.0,2023-04-27T12:45:00-04:00,0.44999999999999973,10947.040000000025,3075.0,2023-04-27T12:46:00-04:00,0.44999999999999973,10947.040000000025,3089.0,2023-04-27T13:00:00-04:00,0.4249999999999998,10997.040000000025,3075.0,2023-04-27T12:46:00-04:00,0.44999999999999973,10947.040000000025,997
2023-04-25,2023-04-27,2,7.0,2023-04-25T09:31:00-04:00,7.100000000000023,NDXP  230427P13100000,NDXP  230427P13090000,development,False,False,0,0,0,29,15,1168,available,False,2023-04-25T09:31:00-04:00,2023-04-27T16:00:00-04:00,0.0,13947.040000000046,0.0,last_observed_quote_not_settlement,1037.0,867,11,7.899999999999977,-1852.9599999999084,2023-04-25T09:32:00-04:00,0.0,7.299999999999983,-652.9599999999198,2023-04-25T09:33:00-04:00,0.0,8.199999999999989,-2452.9599999999327,2023-04-25T09:36:00-04:00,0.0,7.800000000000011,-1652.9599999999766,2023-04-25T09:41:00-04:00,0.0,7.25,-552.9599999999539,2023-04-25T09:46:00-04:00,0.0,7.299999999999983,-652.9599999999198,2023-04-25T10:01:00-04:00,0.0,8.099999999999994,-2252.959999999944,2023-04-25T10:31:00-04:00,0.0,8.299999999999983,-2652.9599999999214,2023-04-25T11:31:00-04:00,0.0,8.350000000000023,-2752.960000000001,2023-04-25T16:00:00-04:00,0.0,9.700000000000045,-5452.960000000046,2023-04-26T16:00:00-04:00,0.0,0.0,13947.040000000046,2023-04-27T16:00:00-04:00,0.0,,,,,2996.0,hit,3047.0,hit,3086.0,hit,3089.0,hit,3089.0,hit,3181.0,hit,3210.0,hit,1.0,hit,5.0,hit,0.0,hit,5.0,hit,158.0,hit,283.0,hit,10.0,867,True,True,True,True,,10.0,867,True,True,True,True,,10.0,867,True,True,True,True,,10.0,867,True,True,True,True,,3089.0,2023-04-27T13:00:00-04:00,1.6999999999999957,10547.040000000055,3127.0,2023-04-27T13:38:00-04:00,2.4499999999999993,9047.040000000048,3128.0,2023-04-27T13:39:00-04:00,2.6500000000000004,8647.040000000046,3090.0,2023-04-27T13:01:00-04:00,3.099999999999998,7747.04000000005,3089.0,2023-04-27T13:00:00-04:00,1.6999999999999957,10547.040000000055,3143.0,2023-04-27T13:54:00-04:00,1.700000000000001,10547.040000000045,3144.0,2023-04-27T13:55:00-04:00,1.799999999999999,10347.04000000005,3090.0,2023-04-27T13:01:00-04:00,3.099999999999998,7747.04000000005,3182.0,2023-04-27T14:33:00-04:00,0.7999999999999998,12347.040000000048,3183.0,2023-04-27T14:34:00-04:00,0.9249999999999998,12097.040000000048,3184.0,2023-04-27T14:35:00-04:00,0.8000000000000003,12347.040000000046,3183.0,2023-04-27T14:34:00-04:00,0.9249999999999998,12097.040000000048,3210.0,2023-04-27T15:01:00-04:00,0.3500000000000003,13247.040000000046,3211.0,2023-04-27T15:02:00-04:00,0.4249999999999998,13097.040000000048,3212.0,2023-04-27T15:03:00-04:00,0.375,13197.040000000046,3211.0,2023-04-27T15:02:00-04:00,0.4249999999999998,13097.040000000048,998
2023-04-25,2023-04-28,3,5.0,2023-04-25T09:31:00-04:00,4.950000000000017,NDXP  230428P12940000,NDXP  230428P12930000,development,False,False,0,0,0,5,0,1597,available,False,2023-04-25T09:31:00-04:00,2023-04-28T16:00:00-04:00,0.0,9647.040000000035,0.0,last_observed_quote_not_settlement,1036.0,713,41,4.75,147.0400000000348,2023-04-25T09:32:00-04:00,0.0,4.549999999999997,547.0400000000404,2023-04-25T09:33:00-04:00,0.0,4.75,147.0400000000348,2023-04-25T09:36:00-04:00,0.0,4.849999999999994,-52.959999999953816,2023-04-25T09:41:00-04:00,0.0,4.900000000000006,-152.95999999997656,2023-04-25T09:46:00-04:00,0.0,4.650000000000006,347.04000000002344,2023-04-25T10:01:00-04:00,0.0,5.350000000000023,-1052.9600000000107,2023-04-25T10:31:00-04:00,0.0,5.349999999999994,-1052.9599999999539,2023-04-25T11:31:00-04:00,0.0,7.650000000000034,-5652.960000000034,2023-04-25T16:00:00-04:00,0.0,6.299999999999983,-2952.959999999931,2023-04-26T16:00:00-04:00,0.0,0.9500000000000011,7747.040000000033,2023-04-27T16:00:00-04:00,0.0,0.0,9647.040000000035,2023-04-28T16:00:00-04:00,0.0,0.0,hit,0.0,hit,29.0,hit,29.0,hit,29.0,hit,3203.0,hit,3259.0,hit,46.0,hit,122.0,hit,229.0,hit,,never_hit,,never_hit,,never_hit,5.199999999999989,8,False,False,False,False,,5.199999999999989,8,False,False,False,False,,7.850000000000023,713,True,False,False,False,,7.850000000000023,713,True,False,False,False,,29.0,2023-04-25T10:00:00-04:00,2.0,5647.0400000000345,2945.0,2023-04-27T10:36:00-04:00,2.700000000000003,4247.040000000029,2946.0,2023-04-27T10:37:00-04:00,2.6499999999999986,4347.040000000037,30.0,2023-04-25T10:01:00-04:00,4.650000000000006,347.04000000002344,3040.0,2023-04-27T12:11:00-04:00,1.9000000000000021,5847.040000000031,3045.0,2023-04-27T12:16:00-04:00,1.8500000000000014,5947.040000000032,3046.0,2023-04-27T12:17:00-04:00,1.8999999999999986,5847.040000000037,3041.0,2023-04-27T12:12:00-04:00,2.150000000000002,5347.040000000031,3214.0,2023-04-27T15:05:00-04:00,0.8999999999999986,7847.040000000037,3227.0,2023-04-27T15:18:00-04:00,0.9499999999999993,7747.040000000036,3231.0,2023-04-27T15:22:00-04:00,0.8499999999999979,7947.040000000039,3215.0,2023-04-27T15:06:00-04:00,1.0,7647.0400000000345,3259.0,2023-04-27T15:50:00-04:00,0.4499999999999993,8747.040000000037,3274.0,2023-04-27T16:05:00-04:00,0.35000000000000053,8947.040000000035,3275.0,2023-04-27T16:06:00-04:00,0.40000000000000036,8847.040000000035,3260.0,2023-04-27T15:51:00-04:00,0.9000000000000004,7847.0400000000345,999
2023-04-25,2023-04-28,3,6.0,2023-04-25T09:31:00-04:00,5.899999999999977,NDXP  230428P12990000,NDXP  230428P12980000,development,False,False,0,0,0,12,0,1590,available,False,2023-04-25T09:31:00-04:00,2023-04-28T16:00:00-04:00,0.0,11547.039999999955,0.0,last_observed_quote_not_settlement,1036.0,701,45,5.650000000000006,247.03999999994383,2023-04-25T09:32:00-04:00,0.0,5.5,547.0399999999552,2023-04-25T09:33:00-04:00,0.0,5.549999999999983,447.03999999998933,2023-04-25T09:36:00-04:00,0.0,5.25,1047.0399999999552,2023-04-25T09:41:00-04:00,0.0,5.299999999999983,947.0399999999893,2023-04-25T09:46:00-04:00,0.0,6.300000000000011,-1052.9600000000676,2023-04-25T10:01:00-04:00,0.0,6.0,-452.9600000000448,2023-04-25T10:31:00-04:00,0.0,6.199999999999989,-852.9600000000221,2023-04-25T11:31:00-04:00,0.0,7.800000000000011,-4052.9600000000673,2023-04-25T16:00:00-04:00,0.0,7.700000000000017,-3852.9600000000787,2023-04-26T16:00:00-04:00,0.0,1.8500000000000014,7847.039999999953,2023-04-27T16:00:00-04:00,0.0,0.0,11547.039999999955,2023-04-28T16:00:00-04:00,0.0,2.0,hit,2887.0,hit,2925.0,hit,2994.0,hit,3123.0,hit,3271.0,hit,3274.0,hit,37.0,hit,37.0,hit,226.0,hit,316.0,hit,,never_hit,,never_hit,8.25,701,True,True,False,False,,8.25,701,True,True,False,False,,8.25,701,True,True,False,False,,8.25,701,True,True,False,False,,2995.0,2023-04-27T11:26:00-04:00,2.8499999999999943,5847.039999999966,2996.0,2023-04-27T11:27:00-04:00,2.8999999999999986,5747.039999999958,2997.0,2023-04-27T11:28:00-04:00,2.8999999999999986,5747.039999999958,2996.0,2023-04-27T11:27:00-04:00,2.8999999999999986,5747.039999999958,3126.0,2023-04-27T13:37:00-04:00,1.9499999999999993,7647.039999999956,3127.0,2023-04-27T13:38:00-04:00,1.9499999999999993,7647.039999999956,3128.0,2023-04-27T13:39:00-04:00,1.9499999999999993,7647.039999999956,3127.0,2023-04-27T13:38:00-04:00,1.9499999999999993,7647.039999999956,3271.0,2023-04-27T16:02:00-04:00,0.75,10047.039999999955,3274.0,2023-04-27T16:05:00-04:00,0.4499999999999993,10647.039999999957,3275.0,2023-04-27T16:06:00-04:00,0.5,10547.039999999955,3272.0,2023-04-27T16:03:00-04:00,1.8749999999999991,7797.039999999957,3274.0,2023-04-27T16:05:00-04:00,0.4499999999999993,10647.039999999957,4356.0,2023-04-28T10:07:00-04:00,0.3250000000000002,10897.039999999955,4357.0,2023-04-28T10:08:00-04:00,0.375,10797.039999999955,3275.0,2023-04-27T16:06:00-04:00,0.5,10547.039999999955,1000
2023-04-25,2023-04-28,3,7.0,2023-04-25T09:31:00-04:00,6.699999999999989,NDXP  230428P13010000,NDXP  230428P13000000,development,False,False,0,0,0,12,0,1591,available,False,2023-04-25T09:31:00-04:00,2023-04-28T16:00:00-04:00,0.0,13147.039999999979,0.0,last_observed_quote_not_settlement,1036.0,590,117,4.5,4147.039999999978,2023-04-25T09:32:00-04:00,0.0,6.900000000000006,-652.9600000000335,2023-04-25T09:33:00-04:00,0.0,5.5,2147.039999999978,2023-04-25T09:36:00-04:00,0.0,5.650000000000006,1847.0399999999665,2023-04-25T09:41:00-04:00,0.0,6.849999999999994,-552.9600000000107,2023-04-25T09:46:00-04:00,0.0,6.150000000000006,847.0399999999665,2023-04-25T10:01:00-04:00,0.0,7.350000000000023,-1552.9600000000676,2023-04-25T10:31:00-04:00,0.0,6.550000000000011,47.039999999955235,2023-04-25T11:31:00-04:00,0.0,8.400000000000034,-3652.960000000092,2023-04-25T16:00:00-04:00,0.0,7.25,-1352.960000000022,2023-04-26T16:00:00-04:00,0.0,2.099999999999998,8947.039999999983,2023-04-27T16:00:00-04:00,0.0,0.0,13147.039999999979,2023-04-28T16:00:00-04:00,0.0,1.0,hit,1.0,hit,2881.0,hit,3040.0,hit,3127.0,hit,3271.0,hit,3272.0,hit,12.0,hit,29.0,hit,12.0,hit,29.0,hit,29.0,hit,29.0,hit,10.0,589,True,True,True,True,,10.0,589,True,True,True,True,,10.0,589,True,True,True,True,,10.0,589,True,True,True,True,,3043.0,2023-04-27T12:14:00-04:00,2.9000000000000057,7347.039999999966,3046.0,2023-04-27T12:17:00-04:00,2.8999999999999986,7347.039999999981,3070.0,2023-04-27T12:41:00-04:00,2.9000000000000057,7347.039999999966,3044.0,2023-04-27T12:15:00-04:00,3.0999999999999943,6947.039999999989,3127.0,2023-04-27T13:38:00-04:00,1.4500000000000028,10247.039999999974,3181.0,2023-04-27T14:32:00-04:00,1.8500000000000014,9447.039999999975,3182.0,2023-04-27T14:33:00-04:00,1.8499999999999979,9447.039999999983,3128.0,2023-04-27T13:39:00-04:00,2.399999999999995,8347.039999999988,3272.0,2023-04-27T16:03:00-04:00,0.40000000000000036,12347.039999999979,3273.0,2023-04-27T16:04:00-04:00,0.6500000000000004,11847.039999999979,3274.0,2023-04-27T16:05:00-04:00,0.6500000000000021,11847.039999999975,3273.0,2023-04-27T16:04:00-04:00,0.6500000000000004,11847.039999999979,3272.0,2023-04-27T16:03:00-04:00,0.40000000000000036,12347.039999999979,4360.0,2023-04-28T10:11:00-04:00,0.25,12647.039999999979,4361.0,2023-04-28T10:12:00-04:00,0.375,12397.039999999979,3273.0,2023-04-27T16:04:00-04:00,0.6500000000000004,11847.039999999979,1001
2023-04-26,2023-04-28,2,5.0,2023-04-26T09:31:00-04:00,5.000000000000014,NDXP  230428P12870000,NDXP  230428P12860000,development,False,False,0,0,0,42,0,1158,available,False,2023-04-26T09:31:00-04:00,2023-04-28T16:00:00-04:00,0.0,9747.04000000003,0.0,last_observed_quote_not_settlement,1036.0,135,35,5.3999999999999915,-1052.9599999999539,2023-04-26T09:32:00-04:00,0.0,4.650000000000006,447.04000000001776,2023-04-26T09:33:00-04:00,0.0,5.0,-252.95999999997088,2023-04-26T09:36:00-04:00,0.0,4.950000000000017,-152.96000000000498,2023-04-26T09:41:00-04:00,0.0,4.75,247.0400000000291,2023-04-26T09:46:00-04:00,0.0,4.200000000000003,1347.0400000000234,2023-04-26T10:01:00-04:00,0.0,4.75,247.0400000000291,2023-04-26T10:31:00-04:00,0.0,3.700000000000003,2347.0400000000236,2023-04-26T11:31:00-04:00,0.0,6.050000000000011,-2352.9599999999937,2023-04-26T16:00:00-04:00,0.0,,,2023-04-27T15:59:00-04:00,60.0,0.0,9747.04000000003,2023-04-28T16:00:00-04:00,0.0,,,,,0.0,hit,2.0,hit,31.0,hit,1440.0,hit,1484.0,hit,1644.0,hit,1774.0,hit,53.0,hit,330.0,hit,,never_hit,,never_hit,,never_hit,,never_hit,6.799999999999997,134,False,False,False,False,,6.799999999999997,135,False,False,False,False,,6.799999999999997,135,False,False,False,False,,6.799999999999997,135,False,False,False,False,,1441.0,2023-04-27T09:32:00-04:00,2.700000000000003,4347.040000000024,1445.0,2023-04-27T09:36:00-04:00,2.799999999999997,4147.0400000000345,1446.0,2023-04-27T09:37:00-04:00,2.75,4247.040000000029,1442.0,2023-04-27T09:33:00-04:00,2.950000000000003,3847.0400000000236,1484.0,2023-04-27T10:15:00-04:00,1.9000000000000021,5947.0400000000245,1485.0,2023-04-27T10:16:00-04:00,1.7999999999999972,6147.0400000000345,1486.0,2023-04-27T10:17:00-04:00,1.8000000000000007,6147.040000000027,1485.0,2023-04-27T10:16:00-04:00,1.7999999999999972,6147.0400000000345,1673.0,2023-04-27T13:24:00-04:00,0.9000000000000004,7947.040000000028,1674.0,2023-04-27T13:25:00-04:00,0.9000000000000021,7947.0400000000245,1675.0,2023-04-27T13:26:00-04:00,0.9000000000000021,7947.0400000000245,1674.0,2023-04-27T13:25:00-04:00,0.9000000000000021,7947.0400000000245,1831.0,2023-04-27T16:02:00-04:00,0.2999999999999998,9147.04000000003,1832.0,2023-04-27T16:03:00-04:00,0.3999999999999999,8947.04000000003,1833.0,2023-04-27T16:04:00-04:00,0.12500000000000044,9497.040000000028,1832.0,2023-04-27T16:03:00-04:00,0.3999999999999999,8947.04000000003,1002
2023-04-26,2023-04-28,2,6.0,2023-04-26T09:31:00-04:00,5.900000000000006,NDXP  230428P12950000,NDXP  230428P12940000,development,False,False,0,0,0,3,0,1197,available,False,2023-04-26T09:31:00-04:00,2023-04-28T16:00:00-04:00,0.07500000000000001,11397.040000000012,0.0,last_observed_quote_not_settlement,1036.0,180,47,7.25,-2952.9599999999878,2023-04-26T09:32:00-04:00,0.0,5.699999999999989,147.0400000000348,2023-04-26T09:33:00-04:00,0.0,5.349999999999994,847.0400000000234,2023-04-26T09:36:00-04:00,0.0,5.399999999999977,747.0400000000575,2023-04-26T09:41:00-04:00,0.0,6.099999999999966,-652.9599999999198,2023-04-26T09:46:00-04:00,0.0,5.650000000000006,247.04000000000067,2023-04-26T10:01:00-04:00,0.0,5.700000000000017,147.03999999997797,2023-04-26T10:31:00-04:00,0.0,4.950000000000017,1647.039999999978,2023-04-26T11:31:00-04:00,0.0,7.349999999999994,-3152.9599999999764,2023-04-26T16:00:00-04:00,0.0,1.0,9547.040000000014,2023-04-27T16:00:00-04:00,0.0,0.07500000000000001,11397.040000000012,2023-04-28T16:00:00-04:00,0.0,,,,,3.0,hit,3.0,hit,1448.0,hit,1504.0,hit,1519.0,hit,1687.0,hit,1831.0,hit,1.0,hit,1.0,hit,1.0,hit,325.0,hit,3259.0,hit,3259.0,hit,8.199999999999989,179,True,True,False,False,,8.199999999999989,179,True,True,False,False,,8.199999999999989,179,True,True,False,False,,8.199999999999989,179,True,True,False,False,,1504.0,2023-04-27T10:35:00-04:00,2.9499999999999957,5647.040000000021,1505.0,2023-04-27T10:36:00-04:00,2.8500000000000014,5847.040000000009,1506.0,2023-04-27T10:37:00-04:00,2.75,6047.040000000012,1505.0,2023-04-27T10:36:00-04:00,2.8500000000000014,5847.040000000009,1519.0,2023-04-27T10:50:00-04:00,1.750000000000007,8047.039999999998,1629.0,2023-04-27T12:40:00-04:00,1.9499999999999993,7647.040000000014,1636.0,2023-04-27T12:47:00-04:00,1.8999999999999986,7747.0400000000145,1520.0,2023-04-27T10:51:00-04:00,2.700000000000003,6147.040000000006,1687.0,2023-04-27T13:38:00-04:00,0.7000000000000028,10147.040000000008,1793.0,2023-04-27T15:24:00-04:00,0.9000000000000004,9747.040000000012,1803.0,2023-04-27T15:34:00-04:00,0.9000000000000004,9747.040000000012,1688.0,2023-04-27T13:39:00-04:00,1.5499999999999972,8447.040000000019,1833.0,2023-04-27T16:04:00-04:00,0.34999999999999964,10847.040000000014,1834.0,2023-04-27T16:05:00-04:00,0.34999999999999964,10847.040000000014,1835.0,2023-04-27T16:06:00-04:00,0.34999999999999964,10847.040000000014,1834.0,2023-04-27T16:05:00-04:00,0.34999999999999964,10847.040000000014,1003
2023-04-26,2023-04-28,2,7.0,2023-04-26T09:31:00-04:00,6.949999999999989,NDXP  230428P13030000,NDXP  230428P13020000,development,False,False,0,0,0,20,0,1180,available,False,2023-04-26T09:31:00-04:00,2023-04-28T16:00:00-04:00,0.0,13647.039999999979,0.0,last_observed_quote_not_settlement,1036.0,281,26,8.299999999999983,-2952.9599999999896,2023-04-26T09:32:00-04:00,0.0,7.700000000000017,-1752.9600000000562,2023-04-26T09:33:00-04:00,0.0,7.299999999999983,-952.959999999988,2023-04-26T09:36:00-04:00,0.0,7.550000000000011,-1452.9600000000448,2023-04-26T09:41:00-04:00,0.0,7.599999999999994,-1552.9600000000107,2023-04-26T09:46:00-04:00,0.0,6.950000000000017,-252.96000000005614,2023-04-26T10:01:00-04:00,0.0,7.350000000000023,-1052.9600000000676,2023-04-26T10:31:00-04:00,0.0,6.600000000000023,447.0399999999325,2023-04-26T11:31:00-04:00,0.0,8.099999999999994,-2552.9600000000123,2023-04-26T16:00:00-04:00,0.0,1.1499999999999986,11347.03999999998,2023-04-27T16:00:00-04:00,0.0,0.0,13647.039999999979,2023-04-28T16:00:00-04:00,0.0,,,,,1469.0,hit,1470.0,hit,1553.0,hit,1648.0,hit,1687.0,hit,1833.0,hit,2909.0,hit,1.0,hit,1.0,hit,1.0,hit,1.0,hit,384.0,hit,384.0,hit,9.599999999999966,281,True,True,True,True,,9.599999999999966,281,True,True,True,True,,9.599999999999966,281,True,True,True,True,,9.599999999999966,281,True,True,True,True,,1650.0,2023-04-27T13:01:00-04:00,2.9499999999999957,7747.039999999986,1651.0,2023-04-27T13:02:00-04:00,2.5,8647.039999999979,1674.0,2023-04-27T13:25:00-04:00,2.8000000000000043,8047.039999999969,1651.0,2023-04-27T13:02:00-04:00,2.5,8647.039999999979,1687.0,2023-04-27T13:38:00-04:00,1.75,10147.039999999979,1771.0,2023-04-27T15:02:00-04:00,1.9499999999999957,9747.039999999988,1772.0,2023-04-27T15:03:00-04:00,1.8999999999999986,9847.03999999998,1688.0,2023-04-27T13:39:00-04:00,2.6000000000000085,8447.039999999963,1833.0,2023-04-27T16:04:00-04:00,0.8999999999999986,11847.03999999998,1834.0,2023-04-27T16:05:00-04:00,0.8500000000000014,11947.039999999975,1835.0,2023-04-27T16:06:00-04:00,0.8000000000000007,12047.039999999977,1834.0,2023-04-27T16:05:00-04:00,0.8500000000000014,11947.039999999975,2909.0,2023-04-28T10:00:00-04:00,0.3249999999999993,12997.03999999998,2925.0,2023-04-28T10:16:00-04:00,0.2999999999999998,13047.039999999979,2930.0,2023-04-28T10:21:00-04:00,0.44999999999999973,12747.039999999979,2910.0,2023-04-28T10:01:00-04:00,0.75,12147.039999999979,1004
2023-04-28,2023-05-01,3,5.0,2023-04-28T09:31:00-04:00,5.1499999999999915,NDXP  230501P13180000,NDXP  230501P13170000,development,False,False,0,0,0,0,0,795,available,False,2023-04-28T09:31:00-04:00,2023-05-01T16:00:00-04:00,0.0,10047.039999999985,0.0,last_observed_quote_not_settlement,3916.0,83,13,5.400000000000006,-752.9600000000278,2023-04-28T09:32:00-04:00,0.0,4.900000000000006,247.03999999997225,2023-04-28T09:33:00-04:00,0.0,5.849999999999994,-1652.960000000005,2023-04-28T09:36:00-04:00,0.0,6.299999999999983,-2552.9599999999823,2023-04-28T09:41:00-04:00,0.0,6.099999999999994,-2152.960000000005,2023-04-28T09:46:00-04:00,0.0,6.0,-1952.9600000000164,2023-04-28T10:01:00-04:00,0.0,3.750000000000007,2547.0399999999695,2023-04-28T10:31:00-04:00,0.0,5.300000000000011,-552.9600000000391,2023-04-28T11:31:00-04:00,0.0,2.6999999999999993,4647.039999999985,2023-04-28T16:00:00-04:00,0.0,,,2023-04-28T16:15:00-04:00,85500.0,,,2023-04-28T16:15:00-04:00,171900.0,0.0,10047.039999999985,2023-05-01T16:00:00-04:00,0.0,0.0,hit,2.0,hit,54.0,hit,351.0,hit,396.0,hit,4497.0,hit,4501.0,hit,3.0,hit,10.0,hit,29.0,hit,,never_hit,,never_hit,,never_hit,7.0,83,True,False,False,False,,7.0,83,True,False,False,False,,7.0,83,True,False,False,False,,7.0,83,True,False,False,False,,351.0,2023-04-28T15:22:00-04:00,2.799999999999997,4447.039999999989,386.0,2023-04-28T15:57:00-04:00,2.9499999999999957,4147.039999999992,387.0,2023-04-28T15:58:00-04:00,2.900000000000002,4247.039999999979,352.0,2023-04-28T15:23:00-04:00,3.500000000000007,3047.0399999999695,396.0,2023-04-28T16:07:00-04:00,1.9499999999999993,6147.039999999985,397.0,2023-04-28T16:08:00-04:00,1.9499999999999993,6147.039999999985,4403.0,2023-05-01T10:54:00-04:00,1.8500000000000014,6347.039999999981,397.0,2023-04-28T16:08:00-04:00,1.9499999999999993,6147.039999999985,4498.0,2023-05-01T12:29:00-04:00,0.8999999999999999,8247.039999999985,4499.0,2023-05-01T12:30:00-04:00,0.8500000000000001,8347.039999999983,4500.0,2023-05-01T12:31:00-04:00,0.7250000000000005,8597.039999999983,4499.0,2023-05-01T12:30:00-04:00,0.8500000000000001,8347.039999999983,4509.0,2023-05-01T12:40:00-04:00,0.44999999999999973,9147.039999999985,4510.0,2023-05-01T12:41:00-04:00,0.44999999999999973,9147.039999999985,4525.0,2023-05-01T12:56:00-04:00,0.42500000000000004,9197.039999999985,4510.0,2023-05-01T12:41:00-04:00,0.44999999999999973,9147.039999999985,1005
2023-04-28,2023-05-01,3,6.0,2023-04-28T09:31:00-04:00,5.949999999999989,NDXP  230501P13240000,NDXP  230501P13230000,development,False,False,0,0,0,1,0,794,available,False,2023-04-28T09:31:00-04:00,2023-05-01T16:00:00-04:00,6.475,-1302.9600000000214,0.0,last_observed_quote_not_settlement,3916.0,290,78,6.849999999999994,-2052.9600000000105,2023-04-28T09:32:00-04:00,0.0,7.5,-3352.960000000022,2023-04-28T09:33:00-04:00,0.0,7.200000000000017,-2752.960000000056,2023-04-28T09:36:00-04:00,0.0,7.699999999999989,-3752.959999999999,2023-04-28T09:41:00-04:00,0.0,7.499999999999972,-3352.959999999965,2023-04-28T09:46:00-04:00,0.0,7.099999999999994,-2552.9600000000105,2023-04-28T10:01:00-04:00,0.0,5.25,1147.039999999978,2023-04-28T10:31:00-04:00,0.0,7.25,-2852.960000000022,2023-04-28T11:31:00-04:00,0.0,4.399999999999999,2847.039999999981,2023-04-28T16:00:00-04:00,0.0,,,2023-04-28T16:15:00-04:00,85500.0,,,2023-04-28T16:15:00-04:00,171900.0,6.475,-1302.9600000000214,2023-05-01T16:00:00-04:00,0.0,56.0,hit,288.0,hit,4342.0,hit,4349.0,hit,4528.0,hit,4708.0,hit,,never_hit,1.0,hit,2.0,hit,2.0,hit,4688.0,hit,,never_hit,,never_hit,7.800000000000011,215,True,False,False,False,,7.850000000000001,273,True,False,False,False,,8.649999999999999,290,True,True,False,False,,,,True,True,False,False,5.199999999999989,4349.0,2023-05-01T10:00:00-04:00,2.6999999999999957,6247.039999999986,4502.0,2023-05-01T12:33:00-04:00,2.700000000000001,6247.039999999975,4503.0,2023-05-01T12:34:00-04:00,2.700000000000001,6247.039999999975,4350.0,2023-05-01T10:01:00-04:00,5.699999999999996,247.03999999998646,4528.0,2023-05-01T12:59:00-04:00,1.8000000000000007,8047.039999999976,4529.0,2023-05-01T13:00:00-04:00,1.9499999999999993,7747.039999999979,4530.0,2023-05-01T13:01:00-04:00,1.9000000000000004,7847.039999999977,4529.0,2023-05-01T13:00:00-04:00,1.9499999999999993,7747.039999999979,4708.0,2023-05-01T15:59:00-04:00,0.75,10147.039999999979,,,,,,,,,4709.0,2023-05-01T16:00:00-04:00,6.475,-1302.9600000000214,,,,,,,,,,,,,,,,,1006
2023-04-28,2023-05-01,3,7.0,2023-04-28T09:31:00-04:00,6.8999999999999915,NDXP  230501P13260000,NDXP  230501P13250000,development,False,False,0,0,0,4,0,791,available,False,2023-04-28T09:31:00-04:00,2023-05-01T15:59:00-04:00,9.4,-5252.960000000019,1.0,last_observed_quote_not_settlement,3916.0,275,60,7.300000000000011,-1052.9600000000391,2023-04-28T09:32:00-04:00,0.0,8.700000000000017,-3852.9600000000523,2023-04-28T09:33:00-04:00,0.0,7.599999999999994,-1652.960000000005,2023-04-28T09:36:00-04:00,0.0,7.599999999999994,-1652.960000000005,2023-04-28T09:41:00-04:00,0.0,7.799999999999983,-2052.9599999999823,2023-04-28T09:46:00-04:00,0.0,7.449999999999989,-1352.9599999999937,2023-04-28T10:01:00-04:00,0.0,5.799999999999983,1947.0400000000177,2023-04-28T10:31:00-04:00,0.0,7.25,-952.9600000000164,2023-04-28T11:31:00-04:00,0.0,4.3999999999999915,4747.040000000001,2023-04-28T16:00:00-04:00,0.0,,,2023-04-28T16:15:00-04:00,85500.0,,,2023-04-28T16:15:00-04:00,171900.0,,,2023-05-01T15:59:00-04:00,60.0,344.0,hit,389.0,hit,4509.0,hit,4542.0,hit,4571.0,hit,,never_hit,,never_hit,2.0,hit,2.0,hit,1.0,hit,2.0,hit,4425.0,hit,4689.0,hit,9.100000000000001,206,True,True,True,True,,9.100000000000001,206,True,True,True,True,,,,True,True,True,False,4.999999999999993,,,True,True,True,False,4.999999999999993,4542.0,2023-05-01T13:13:00-04:00,2.9499999999999993,7647.039999999985,4543.0,2023-05-01T13:14:00-04:00,2.6499999999999986,8247.039999999988,4554.0,2023-05-01T13:25:00-04:00,2.5999999999999996,8347.039999999985,4543.0,2023-05-01T13:14:00-04:00,2.6499999999999986,8247.039999999988,4571.0,2023-05-01T13:42:00-04:00,1.8999999999999986,9747.039999999988,,,,,,,,,4572.0,2023-05-01T13:43:00-04:00,2.2,9147.039999999985,,,,,,,,,,,,,,,,,,,,,,,,,,,,,,,,,1007
2023-05-01,2023-05-03,2,5.0,2023-05-01T09:31:00-04:00,5.0,NDXP  230503P13260000,NDXP  230503P13250000,development,False,False,0,0,0,17,0,1182,available,False,2023-05-01T09:31:00-04:00,2023-05-03T15:59:00-04:00,9.300000000000011,-8852.960000000023,1.0,last_observed_quote_not_settlement,1036.0,976,47,4.0,1747.0400000000006,2023-05-01T09:32:00-04:00,0.0,5.150000000000006,-552.9600000000107,2023-05-01T09:33:00-04:00,0.0,6.049999999999997,-2352.9599999999937,2023-05-01T09:36:00-04:00,0.0,5.1000000000000085,-452.96000000001635,2023-05-01T09:41:00-04:00,0.0,5.1000000000000085,-452.96000000001635,2023-05-01T09:46:00-04:00,0.0,5.1499999999999915,-552.9599999999823,2023-05-01T10:01:00-04:00,0.0,5.400000000000006,-1052.9600000000107,2023-05-01T10:31:00-04:00,0.0,5.999999999999986,-2252.959999999971,2023-05-01T11:31:00-04:00,0.0,5.199999999999989,-652.9599999999766,2023-05-01T16:00:00-04:00,0.0,7.599999999999966,-5452.959999999931,2023-05-02T16:00:00-04:00,0.0,,,2023-05-03T15:59:00-04:00,60.0,,,,,0.0,hit,0.0,hit,1.0,hit,,never_hit,,never_hit,,never_hit,,never_hit,5.0,hit,5.0,hit,1494.0,hit,1512.0,hit,3218.0,hit,3218.0,hit,,,True,True,True,False,1.0,,,True,True,True,False,1.0,,,True,True,True,False,1.0,,,True,True,True,False,1.0,,,,,,,,,,,,,,,,,,,,,,,,,,,,,,,,,,,,,,,,,,,,,,,,,,,,,,,,,,,,,,,,,1008
2023-05-01,2023-05-03,2,6.0,2023-05-01T09:31:00-04:00,6.0,NDXP  230503P13320000,NDXP  230503P13310000,development,False,False,0,0,0,14,0,1185,available,False,2023-05-01T09:31:00-04:00,2023-05-03T15:59:00-04:00,10.0,-8152.96,1.0,last_observed_quote_not_settlement,1036.0,1007,46,6.100000000000023,-452.9600000000448,2023-05-01T09:32:00-04:00,0.0,6.300000000000011,-852.9600000000221,2023-05-01T09:33:00-04:00,0.0,6.25,-752.9599999999994,2023-05-01T09:36:00-04:00,0.0,6.0,-252.9599999999993,2023-05-01T09:41:00-04:00,0.0,6.049999999999983,-352.9599999999652,2023-05-01T09:46:00-04:00,0.0,5.799999999999983,147.0400000000348,2023-05-01T10:01:00-04:00,0.0,6.450000000000017,-1152.9600000000335,2023-05-01T10:31:00-04:00,0.0,6.350000000000023,-952.9600000000448,2023-05-01T11:31:00-04:00,0.0,6.5,-1252.9599999999994,2023-05-01T16:00:00-04:00,0.0,8.650000000000006,-5552.960000000013,2023-05-02T16:00:00-04:00,0.0,,,2023-05-03T15:59:00-04:00,60.0,,,,,29.0,hit,29.0,hit,,never_hit,,never_hit,,never_hit,,never_hit,,never_hit,9.0,hit,9.0,hit,9.0,hit,1492.0,hit,1523.0,hit,1831.0,hit,,,True,True,True,False,1.9000000000000057,,,True,True,True,False,1.9000000000000057,,,True,True,True,False,1.9000000000000057,,,True,True,True,False,1.9000000000000057,,,,,,,,,,,,,,,,,,,,,,,,,,,,,,,,,,,,,,,,,,,,,,,,,,,,,,,,,,,,,,,,,1009
2023-05-01,2023-05-03,2,7.0,2023-05-01T09:31:00-04:00,7.0,NDXP  230503P13370000,NDXP  230503P13360000,development,False,False,0,0,0,34,0,1165,available,False,2023-05-01T09:31:00-04:00,2023-05-03T15:59:00-04:00,10.0,-6152.96,1.0,last_observed_quote_not_settlement,1036.0,877,55,6.699999999999989,347.04000000002344,2023-05-01T09:32:00-04:00,0.0,6.5,747.0400000000006,2023-05-01T09:33:00-04:00,0.0,7.100000000000023,-452.9600000000448,2023-05-01T09:36:00-04:00,0.0,6.899999999999977,-52.959999999953816,2023-05-01T09:41:00-04:00,0.0,6.75,247.04000000000067,2023-05-01T09:46:00-04:00,0.0,7.0,-252.9599999999993,2023-05-01T10:01:00-04:00,0.0,7.150000000000006,-552.9600000000107,2023-05-01T10:31:00-04:00,0.0,7.849999999999966,-1952.9599999999311,2023-05-01T11:31:00-04:00,0.0,7.650000000000006,-1552.9600000000107,2023-05-01T16:00:00-04:00,0.0,9.950000000000045,-6152.96,2023-05-02T16:00:00-04:00,0.0,,,2023-05-03T15:59:00-04:00,60.0,,,,,,never_hit,,never_hit,,never_hit,,never_hit,,never_hit,,never_hit,,never_hit,106.0,hit,1467.0,hit,0.0,hit,1467.0,hit,1502.0,hit,1521.0,hit,,,True,True,True,False,1.0,,,True,True,True,False,1.0,,,True,True,True,False,1.0,,,True,True,True,False,1.0,,,,,,,,,,,,,,,,,,,,,,,,,,,,,,,,,,,,,,,,,,,,,,,,,,,,,,,,,,,,,,,,,1010
2023-05-01,2023-05-04,3,5.0,2023-05-01T09:31:00-04:00,4.849999999999994,NDXP  230504P13260000,NDXP  230504P13250000,development,False,False,0,0,0,131,0,1474,available,False,2023-05-01T09:31:00-04:00,2023-05-04T16:00:00-04:00,10.0,-10452.96000000001,0.0,last_observed_quote_not_settlement,1036.0,1186,54,7.299999999999997,-5152.960000000005,2023-05-01T09:32:00-04:00,0.0,4.950000000000031,-452.9600000000732,2023-05-01T09:33:00-04:00,0.0,5.299999999999983,-1152.9599999999766,2023-05-01T09:36:00-04:00,0.0,4.8999999999999915,-352.9599999999936,2023-05-01T09:41:00-04:00,0.0,4.950000000000003,-452.96000000001635,2023-05-01T09:46:00-04:00,0.0,5.050000000000011,-652.9600000000335,2023-05-01T10:01:00-04:00,0.0,5.150000000000006,-852.9600000000221,2023-05-01T10:31:00-04:00,0.0,5.349999999999966,-1252.9599999999425,2023-05-01T11:31:00-04:00,0.0,5.000000000000014,-552.9600000000391,2023-05-01T16:00:00-04:00,0.0,6.449999999999989,-3452.9599999999878,2023-05-02T16:00:00-04:00,0.0,9.75,-10052.960000000012,2023-05-03T16:00:00-04:00,0.0,10.0,-10452.96000000001,2023-05-04T16:00:00-04:00,0.0,0.0,hit,0.0,hit,272.0,hit,,never_hit,,never_hit,,never_hit,,never_hit,1.0,hit,1.0,hit,1.0,hit,1526.0,hit,3242.0,hit,3244.0,hit,,,True,True,True,False,0.9000000000000057,,,True,True,True,False,0.9000000000000057,,,True,True,True,False,0.9000000000000057,,,True,True,True,False,0.9000000000000057,,,,,,,,,,,,,,,,,,,,,,,,,,,,,,,,,,,,,,,,,,,,,,,,,,,,,,,,,,,,,,,,,1011
2023-05-01,2023-05-04,3,6.0,2023-05-01T09:31:00-04:00,6.0,NDXP  230504P13360000,NDXP  230504P13350000,development,False,False,0,0,0,106,0,1499,available,False,2023-05-01T09:31:00-04:00,2023-05-04T16:00:00-04:00,10.0,-8152.96,0.0,last_observed_quote_not_settlement,1037.0,1373,60,6.350000000000023,-952.9600000000448,2023-05-01T09:32:00-04:00,0.0,6.050000000000011,-352.96000000002203,2023-05-01T09:33:00-04:00,0.0,6.150000000000006,-552.9600000000107,2023-05-01T09:36:00-04:00,0.0,5.949999999999989,-152.95999999997656,2023-05-01T09:41:00-04:00,0.0,6.299999999999983,-852.9599999999652,2023-05-01T09:46:00-04:00,0.0,6.199999999999989,-652.9599999999766,2023-05-01T10:01:00-04:00,0.0,6.699999999999989,-1652.9599999999766,2023-05-01T10:31:00-04:00,0.0,7.599999999999994,-3452.9599999999878,2023-05-01T11:31:00-04:00,0.0,5.649999999999977,447.0400000000462,2023-05-01T16:00:00-04:00,0.0,8.400000000000034,-5052.960000000069,2023-05-02T16:00:00-04:00,0.0,,,2023-05-03T15:59:00-04:00,60.0,10.0,-8152.96,2023-05-04T16:00:00-04:00,0.0,12.0,hit,,never_hit,,never_hit,,never_hit,,never_hit,,never_hit,,never_hit,29.0,hit,39.0,hit,39.0,hit,75.0,hit,1518.0,hit,3211.0,hit,,,True,True,True,False,0.5999999999999943,,,True,True,True,False,0.5999999999999943,,,True,True,True,False,0.5999999999999943,,,True,True,True,False,0.5999999999999943,,,,,,,,,,,,,,,,,,,,,,,,,,,,,,,,,,,,,,,,,,,,,,,,,,,,,,,,,,,,,,,,,1012
2023-05-01,2023-05-04,3,7.0,2023-05-01T09:31:00-04:00,7.049999999999983,NDXP  230504P13420000,NDXP  230504P13410000,development,False,False,0,0,0,128,0,1477,available,False,2023-05-01T09:31:00-04:00,2023-05-04T16:00:00-04:00,9.450000000000045,-5052.9600000001265,0.0,last_observed_quote_not_settlement,1036.0,1238,53,7.5,-1152.9600000000335,2023-05-01T09:32:00-04:00,0.0,7.150000000000006,-452.9600000000448,2023-05-01T09:33:00-04:00,0.0,7.200000000000017,-552.9600000000676,2023-05-01T09:36:00-04:00,0.0,7.400000000000006,-952.9600000000448,2023-05-01T09:41:00-04:00,0.0,7.25,-652.9600000000335,2023-05-01T09:46:00-04:00,0.0,7.050000000000011,-252.96000000005614,2023-05-01T10:01:00-04:00,0.0,7.249999999999972,-652.9599999999766,2023-05-01T10:31:00-04:00,0.0,7.75,-1652.9600000000335,2023-05-01T11:31:00-04:00,0.0,7.149999999999977,-452.95999999998793,2023-05-01T16:00:00-04:00,0.0,9.049999999999955,-4252.959999999945,2023-05-02T16:00:00-04:00,0.0,9.899999999999977,-5952.95999999999,2023-05-03T16:00:00-04:00,0.0,9.450000000000045,-5052.9600000001265,2023-05-04T16:00:00-04:00,0.0,4696.0,hit,4696.0,hit,4696.0,hit,4697.0,hit,4697.0,hit,,never_hit,,never_hit,6.0,hit,105.0,hit,0.0,hit,105.0,hit,1469.0,hit,1522.0,hit,10.0,1228,True,True,True,True,,10.0,1228,True,True,True,True,,,,True,True,True,False,5.5999999999999375,,,True,True,True,False,5.5999999999999375,4697.0,2023-05-04T15:48:00-04:00,1.4500000000000455,10947.039999999877,,,,,,,,,4698.0,2023-05-04T15:49:00-04:00,10.0,-6052.960000000034,4697.0,2023-05-04T15:48:00-04:00,1.4500000000000455,10947.039999999877,,,,,,,,,4698.0,2023-05-04T15:49:00-04:00,10.0,-6052.960000000034,,,,,,,,,,,,,,,,,,,,,,,,,,,,,,,,,1013
2023-05-02,2023-05-04,2,5.0,2023-05-02T09:31:00-04:00,5.0,NDXP  230504P13310000,NDXP  230504P13300000,development,False,False,0,0,0,138,15,1062,available,False,2023-05-02T09:31:00-04:00,2023-05-04T16:00:00-04:00,10.0,-10152.96,0.0,last_observed_quote_not_settlement,1036.0,974,2,5.550000000000011,-1352.960000000022,2023-05-02T09:32:00-04:00,0.0,5.0,-252.9599999999993,2023-05-02T09:33:00-04:00,0.0,4.949999999999989,-152.95999999997656,2023-05-02T09:36:00-04:00,0.0,6.100000000000023,-2452.9600000000446,2023-05-02T09:41:00-04:00,0.0,5.449999999999989,-1152.9599999999766,2023-05-02T09:46:00-04:00,0.0,5.449999999999989,-1152.9599999999766,2023-05-02T10:01:00-04:00,0.0,6.999999999999972,-4252.959999999943,2023-05-02T10:31:00-04:00,0.0,8.300000000000011,-6852.960000000024,2023-05-02T11:31:00-04:00,0.0,8.550000000000011,-7352.960000000024,2023-05-02T16:00:00-04:00,0.0,9.800000000000011,-9852.960000000023,2023-05-03T16:00:00-04:00,0.0,10.0,-10152.96,2023-05-04T16:00:00-04:00,0.0,,,,,0.0,hit,0.0,hit,,never_hit,,never_hit,,never_hit,,never_hit,,never_hit,1.0,hit,10.0,hit,24.0,hit,66.0,hit,82.0,hit,1799.0,hit,,,True,True,True,False,0.05000000000001137,,,True,True,True,False,0.05000000000001137,,,True,True,True,False,0.05000000000001137,,,True,True,True,False,0.05000000000001137,,,,,,,,,,,,,,,,,,,,,,,,,,,,,,,,,,,,,,,,,,,,,,,,,,,,,,,,,,,,,,,,,1014
2023-05-02,2023-05-04,2,6.0,2023-05-02T09:31:00-04:00,6.099999999999966,NDXP  230504P13360000,NDXP  230504P13350000,development,False,False,0,0,0,106,15,1094,available,False,2023-05-02T09:31:00-04:00,2023-05-04T16:00:00-04:00,10.0,-7952.960000000068,0.0,last_observed_quote_not_settlement,1037.0,1010,8,6.599999999999994,-1252.9600000000562,2023-05-02T09:32:00-04:00,0.0,6.199999999999989,-452.9600000000448,2023-05-02T09:33:00-04:00,0.0,6.050000000000011,-152.96000000009025,2023-05-02T09:36:00-04:00,0.0,6.5,-1052.9600000000676,2023-05-02T09:41:00-04:00,0.0,7.200000000000017,-2452.9600000001014,2023-05-02T09:46:00-04:00,0.0,6.75,-1552.9600000000676,2023-05-02T10:01:00-04:00,0.0,7.850000000000023,-3752.960000000113,2023-05-02T10:31:00-04:00,0.0,8.350000000000023,-4752.960000000115,2023-05-02T11:31:00-04:00,0.0,8.400000000000034,-4852.960000000137,2023-05-02T16:00:00-04:00,0.0,,,2023-05-03T15:59:00-04:00,60.0,10.0,-7952.960000000068,2023-05-04T16:00:00-04:00,0.0,,,,,,never_hit,,never_hit,,never_hit,,never_hit,,never_hit,,never_hit,,never_hit,1.0,hit,11.0,hit,11.0,hit,26.0,hit,78.0,hit,1771.0,hit,,,True,True,True,False,0.5999999999999375,,,True,True,True,False,0.5999999999999375,,,True,True,True,False,0.5999999999999375,,,True,True,True,False,0.5999999999999375,,,,,,,,,,,,,,,,,,,,,,,,,,,,,,,,,,,,,,,,,,,,,,,,,,,,,,,,,,,,,,,,,1015
2023-05-02,2023-05-04,2,7.0,2023-05-02T09:31:00-04:00,6.949999999999989,NDXP  230504P13400000,NDXP  230504P13390000,development,False,False,0,0,0,148,15,1052,available,False,2023-05-02T09:31:00-04:00,2023-05-04T15:59:00-04:00,9.349999999999966,-5052.9599999999555,1.0,last_observed_quote_not_settlement,1036.0,950,0,7.550000000000011,-1452.9600000000448,2023-05-02T09:32:00-04:00,0.0,7.399999999999977,-1152.9599999999766,2023-05-02T09:33:00-04:00,0.0,7.100000000000023,-552.9600000000676,2023-05-02T09:36:00-04:00,0.0,7.700000000000017,-1752.9600000000562,2023-05-02T09:41:00-04:00,0.0,7.5499999999999545,-1452.9599999999311,2023-05-02T09:46:00-04:00,0.0,7.150000000000006,-652.9600000000335,2023-05-02T10:01:00-04:00,0.0,8.550000000000068,-3452.96000000016,2023-05-02T10:31:00-04:00,0.0,8.899999999999977,-4152.959999999978,2023-05-02T11:31:00-04:00,0.0,8.550000000000011,-3452.9600000000464,2023-05-02T16:00:00-04:00,0.0,,,2023-05-03T15:59:00-04:00,60.0,,,2023-05-04T15:59:00-04:00,60.0,,,,,,never_hit,,never_hit,,never_hit,,never_hit,,never_hit,,never_hit,,never_hit,1.0,hit,13.0,hit,1.0,hit,13.0,hit,75.0,hit,95.0,hit,,,True,True,True,False,0.0,,,True,True,True,False,0.0,,,True,True,True,False,0.0,,,True,True,True,False,0.0,,,,,,,,,,,,,,,,,,,,,,,,,,,,,,,,,,,,,,,,,,,,,,,,,,,,,,,,,,,,,,,,,1016
2023-05-02,2023-05-05,3,5.0,2023-05-02T09:31:00-04:00,4.949999999999989,NDXP  230505P13250000,NDXP  230505P13240000,development,False,False,0,0,0,8,0,1597,available,False,2023-05-02T09:31:00-04:00,2023-05-05T16:00:00-04:00,4.074999999999999,1497.0399999999793,0.0,last_observed_quote_not_settlement,1036.0,1432,73,4.75,147.03999999997797,2023-05-02T09:32:00-04:00,0.0,4.899999999999977,-152.95999999997656,2023-05-02T09:33:00-04:00,0.0,4.800000000000011,47.039999999955235,2023-05-02T09:36:00-04:00,0.0,5.399999999999977,-1152.9599999999766,2023-05-02T09:41:00-04:00,0.0,5.0,-352.96000000002203,2023-05-02T09:46:00-04:00,0.0,4.849999999999994,-52.96000000001066,2023-05-02T10:01:00-04:00,0.0,6.349999999999966,-3052.9599999999537,2023-05-02T10:31:00-04:00,0.0,7.25,-4852.960000000022,2023-05-02T11:31:00-04:00,0.0,6.449999999999989,-3252.959999999999,2023-05-02T16:00:00-04:00,0.0,8.050000000000011,-6452.960000000046,2023-05-03T16:00:00-04:00,0.0,,,2023-05-04T15:59:00-04:00,60.0,4.074999999999999,1497.0399999999793,2023-05-05T16:00:00-04:00,0.0,0.0,hit,0.0,hit,236.0,hit,4620.0,hit,4640.0,hit,4647.0,hit,,never_hit,41.0,hit,52.0,hit,69.0,hit,108.0,hit,2891.0,hit,2915.0,hit,10.0,1432,True,True,True,True,,10.0,1432,True,True,True,True,,10.0,1432,True,True,True,True,,,,True,True,True,False,4.424999999999988,4627.0,2023-05-05T14:38:00-04:00,2.4499999999999993,4747.039999999979,4635.0,2023-05-05T14:46:00-04:00,2.5,4647.039999999978,4636.0,2023-05-05T14:47:00-04:00,2.5,4647.039999999978,4628.0,2023-05-05T14:39:00-04:00,3.1000000000000014,3447.039999999975,4640.0,2023-05-05T14:51:00-04:00,1.725,6197.039999999977,4641.0,2023-05-05T14:52:00-04:00,1.5999999999999996,6447.039999999979,4642.0,2023-05-05T14:53:00-04:00,1.424999999999999,6797.03999999998,4641.0,2023-05-05T14:52:00-04:00,1.5999999999999996,6447.039999999979,4647.0,2023-05-05T14:58:00-04:00,0.9249999999999998,7797.039999999978,4702.0,2023-05-05T15:53:00-04:00,0.775,8097.039999999977,4703.0,2023-05-05T15:54:00-04:00,0.5249999999999999,8597.039999999979,4648.0,2023-05-05T14:59:00-04:00,1.15,7347.039999999977,,,,,,,,,,,,,,,,,1017
2023-05-02,2023-05-05,3,6.0,2023-05-02T09:31:00-04:00,6.099999999999994,NDXP  230505P13330000,NDXP  230505P13320000,development,False,False,0,0,0,40,0,1565,available,False,2023-05-02T09:31:00-04:00,2023-05-05T16:00:00-04:00,9.0,-6052.960000000013,0.0,last_observed_quote_not_settlement,1036.0,1490,25,5.900000000000034,147.03999999992112,2023-05-02T09:32:00-04:00,0.0,6.149999999999977,-352.9599999999652,2023-05-02T09:33:00-04:00,0.0,5.699999999999989,547.040000000012,2023-05-02T09:36:00-04:00,0.0,6.150000000000006,-352.96000000002203,2023-05-02T09:41:00-04:00,0.0,5.950000000000017,47.039999999955235,2023-05-02T09:46:00-04:00,0.0,5.450000000000017,1047.0399999999552,2023-05-02T10:01:00-04:00,0.0,7.300000000000011,-2652.9600000000332,2023-05-02T10:31:00-04:00,0.0,7.800000000000011,-3652.9600000000332,2023-05-02T11:31:00-04:00,0.0,8.599999999999994,-5252.960000000001,2023-05-02T16:00:00-04:00,0.0,8.449999999999932,-4952.959999999876,2023-05-03T16:00:00-04:00,0.0,9.100000000000023,-6252.960000000058,2023-05-04T16:00:00-04:00,0.0,9.0,-6052.960000000013,2023-05-05T16:00:00-04:00,0.0,29.0,hit,1717.0,hit,1717.0,hit,,never_hit,,never_hit,,never_hit,,never_hit,24.0,hit,40.0,hit,40.0,hit,89.0,hit,368.0,hit,368.0,hit,,,True,True,True,False,2.2500000000000284,,,True,True,True,False,2.2500000000000284,,,True,True,True,False,2.2500000000000284,,,True,True,True,False,2.2500000000000284,,,,,,,,,,,,,,,,,,,,,,,,,,,,,,,,,,,,,,,,,,,,,,,,,,,,,,,,,,,,,,,,,1018
2023-05-02,2023-05-05,3,7.0,2023-05-02T09:31:00-04:00,7.050000000000011,NDXP  230505P13390000,NDXP  230505P13380000,development,False,False,0,0,0,62,0,1543,available,False,2023-05-02T09:31:00-04:00,2023-05-05T16:00:00-04:00,10.0,-6052.959999999977,0.0,last_observed_quote_not_settlement,1037.0,1438,21,7.0,-152.95999999997656,2023-05-02T09:32:00-04:00,0.0,7.399999999999977,-952.9599999999311,2023-05-02T09:33:00-04:00,0.0,6.750000000000028,347.0399999999666,2023-05-02T09:36:00-04:00,0.0,6.949999999999989,-52.959999999953816,2023-05-02T09:41:00-04:00,0.0,6.800000000000011,247.04000000000067,2023-05-02T09:46:00-04:00,0.0,7.199999999999989,-552.9599999999539,2023-05-02T10:01:00-04:00,0.0,7.699999999999989,-1552.9599999999539,2023-05-02T10:31:00-04:00,0.0,8.25,-2652.959999999978,2023-05-02T11:31:00-04:00,0.0,7.150000000000091,-452.96000000015846,2023-05-02T16:00:00-04:00,0.0,9.699999999999989,-5552.9599999999555,2023-05-03T16:00:00-04:00,0.0,9.75,-5652.959999999978,2023-05-04T16:00:00-04:00,0.0,10.0,-6052.959999999977,2023-05-05T16:00:00-04:00,0.0,29.0,hit,,never_hit,,never_hit,,never_hit,,never_hit,,never_hit,,never_hit,53.0,hit,53.0,hit,0.0,hit,53.0,hit,167.0,hit,1788.0,hit,,,True,True,True,False,1.6500000000000057,,,True,True,True,False,1.6500000000000057,,,True,True,True,False,1.6500000000000057,,,True,True,True,False,1.6500000000000057,,,,,,,,,,,,,,,,,,,,,,,,,,,,,,,,,,,,,,,,,,,,,,,,,,,,,,,,,,,,,,,,,1019
2023-05-03,2023-05-05,2,5.0,2023-05-03T09:31:00-04:00,5.050000000000011,NDXP  230505P13170000,NDXP  230505P13160000,development,False,False,0,0,0,0,0,1200,available,False,2023-05-03T09:31:00-04:00,2023-05-05T16:00:00-04:00,0.0,9847.040000000025,0.0,last_observed_quote_not_settlement,1036.0,565,74,5.050000000000011,-252.9599999999993,2023-05-03T09:32:00-04:00,0.0,4.950000000000017,-52.96000000001066,2023-05-03T09:33:00-04:00,0.0,4.799999999999983,247.04000000005752,2023-05-03T09:36:00-04:00,0.0,4.949999999999989,-52.959999999953816,2023-05-03T09:41:00-04:00,0.0,4.5,847.0400000000234,2023-05-03T09:46:00-04:00,0.0,4.550000000000011,747.0400000000006,2023-05-03T10:01:00-04:00,0.0,4.899999999999977,47.04000000006892,2023-05-03T10:31:00-04:00,0.0,5.299999999999983,-752.9599999999425,2023-05-03T11:31:00-04:00,0.0,6.550000000000011,-3252.959999999999,2023-05-03T16:00:00-04:00,0.0,8.299999999999983,-6752.959999999945,2023-05-04T16:00:00-04:00,0.0,0.0,9847.040000000025,2023-05-05T16:00:00-04:00,0.0,,,,,0.0,hit,2.0,hit,270.0,hit,299.0,hit,3024.0,hit,3120.0,hit,3122.0,hit,109.0,hit,278.0,hit,344.0,hit,1440.0,hit,1839.0,hit,,never_hit,6.299999999999997,53,False,False,False,False,,9.150000000000034,565,True,True,True,True,,9.150000000000034,565,True,True,True,True,,9.150000000000034,565,True,True,True,True,,299.0,2023-05-03T14:30:00-04:00,2.3499999999999943,5147.0400000000345,2950.0,2023-05-05T10:41:00-04:00,2.700000000000001,4447.040000000021,2951.0,2023-05-05T10:42:00-04:00,2.4000000000000004,5047.040000000023,300.0,2023-05-03T14:31:00-04:00,4.200000000000003,1447.0400000000177,3024.0,2023-05-05T11:55:00-04:00,1.8999999999999986,6047.040000000026,3089.0,2023-05-05T13:00:00-04:00,1.8999999999999995,6047.0400000000245,3090.0,2023-05-05T13:01:00-04:00,1.8499999999999979,6147.040000000027,3025.0,2023-05-05T11:56:00-04:00,2.599999999999998,4647.040000000027,3120.0,2023-05-05T13:31:00-04:00,0.7500000000000004,8347.040000000023,3121.0,2023-05-05T13:32:00-04:00,0.7749999999999999,8297.040000000023,3122.0,2023-05-05T13:33:00-04:00,0.5,8847.040000000025,3121.0,2023-05-05T13:32:00-04:00,0.7749999999999999,8297.040000000023,3123.0,2023-05-05T13:34:00-04:00,0.375,9097.040000000025,3140.0,2023-05-05T13:51:00-04:00,0.25,9347.040000000025,3141.0,2023-05-05T13:52:00-04:00,0.25,9347.040000000025,3124.0,2023-05-05T13:35:00-04:00,0.5749999999999997,8697.040000000025,1020
2023-05-03,2023-05-05,2,6.0,2023-05-03T09:31:00-04:00,5.950000000000017,NDXP  230505P13230000,NDXP  230505P13220000,development,False,False,0,0,0,5,0,1195,available,False,2023-05-03T09:31:00-04:00,2023-05-05T16:00:00-04:00,0.975,9697.040000000037,0.0,last_observed_quote_not_settlement,1036.0,730,68,5.799999999999983,47.04000000006892,2023-05-03T09:32:00-04:00,0.0,5.849999999999994,-52.959999999953816,2023-05-03T09:33:00-04:00,0.0,5.349999999999994,947.0400000000461,2023-05-03T09:36:00-04:00,0.0,5.950000000000017,-252.9599999999993,2023-05-03T09:41:00-04:00,0.0,5.550000000000011,547.040000000012,2023-05-03T09:46:00-04:00,0.0,5.200000000000017,1247.0400000000006,2023-05-03T10:01:00-04:00,0.0,5.849999999999994,-52.959999999953816,2023-05-03T10:31:00-04:00,0.0,6.150000000000006,-652.9599999999766,2023-05-03T11:31:00-04:00,0.0,8.0,-4352.959999999967,2023-05-03T16:00:00-04:00,0.0,8.700000000000017,-5752.960000000001,2023-05-04T16:00:00-04:00,0.0,0.975,9697.040000000037,2023-05-05T16:00:00-04:00,0.0,,,,,5.0,hit,6.0,hit,278.0,hit,3152.0,hit,3158.0,hit,3195.0,hit,3207.0,hit,20.0,hit,146.0,hit,146.0,hit,342.0,hit,1450.0,hit,1496.0,hit,10.0,730,True,True,True,True,,10.0,730,True,True,True,True,,10.0,730,True,True,True,True,,10.0,730,True,True,True,True,,3152.0,2023-05-05T14:03:00-04:00,2.499999999999999,6647.040000000036,3153.0,2023-05-05T14:04:00-04:00,2.45,6747.0400000000345,3154.0,2023-05-05T14:05:00-04:00,2.0999999999999996,7447.040000000035,3153.0,2023-05-05T14:04:00-04:00,2.45,6747.0400000000345,3158.0,2023-05-05T14:09:00-04:00,1.9499999999999993,7747.040000000036,3177.0,2023-05-05T14:28:00-04:00,1.9499999999999993,7747.040000000036,3178.0,2023-05-05T14:29:00-04:00,1.9499999999999993,7747.040000000036,3159.0,2023-05-05T14:10:00-04:00,2.4000000000000012,6847.040000000033,3195.0,2023-05-05T14:46:00-04:00,0.9249999999999998,9797.040000000035,3196.0,2023-05-05T14:47:00-04:00,0.9249999999999998,9797.040000000035,3204.0,2023-05-05T14:55:00-04:00,0.8500000000000001,9947.040000000035,3196.0,2023-05-05T14:47:00-04:00,0.9249999999999998,9797.040000000035,3207.0,2023-05-05T14:58:00-04:00,0.42500000000000004,10797.040000000035,3218.0,2023-05-05T15:09:00-04:00,0.4,10847.040000000035,3219.0,2023-05-05T15:10:00-04:00,0.375,10897.040000000035,3208.0,2023-05-05T14:59:00-04:00,0.575,10497.040000000035,1021
2023-05-03,2023-05-05,2,7.0,2023-05-03T09:31:00-04:00,6.950000000000017,NDXP  230505P13300000,NDXP  230505P13290000,development,False,False,0,0,0,16,0,1184,available,False,2023-05-03T09:31:00-04:00,2023-05-05T16:00:00-04:00,10.0,-6252.9599999999655,0.0,last_observed_quote_not_settlement,1036.0,844,60,7.099999999999994,-552.9599999999539,2023-05-03T09:32:00-04:00,0.0,7.050000000000011,-452.95999999998793,2023-05-03T09:33:00-04:00,0.0,6.699999999999989,247.04000000005752,2023-05-03T09:36:00-04:00,0.0,7.050000000000011,-452.95999999998793,2023-05-03T09:41:00-04:00,0.0,6.900000000000034,-152.9600000000334,2023-05-03T09:46:00-04:00,0.0,6.299999999999983,1047.0400000000689,2023-05-03T10:01:00-04:00,0.0,6.850000000000023,-52.96000000001066,2023-05-03T10:31:00-04:00,0.0,6.850000000000023,-52.96000000001066,2023-05-03T11:31:00-04:00,0.0,8.0,-2352.959999999967,2023-05-03T16:00:00-04:00,0.0,10.0,-6252.9599999999655,2023-05-04T16:00:00-04:00,0.0,10.0,-6252.9599999999655,2023-05-05T16:00:00-04:00,0.0,,,,,284.0,hit,295.0,hit,,never_hit,,never_hit,,never_hit,,never_hit,,never_hit,321.0,hit,321.0,hit,1.0,hit,321.0,hit,361.0,hit,1445.0,hit,,,True,True,True,False,2.0999999999999943,,,True,True,True,False,2.0999999999999943,,,True,True,True,False,2.0999999999999943,,,True,True,True,False,2.0999999999999943,,,,,,,,,,,,,,,,,,,,,,,,,,,,,,,,,,,,,,,,,,,,,,,,,,,,,,,,,,,,,,,,,1022
2023-05-05,2023-05-08,3,5.0,2023-05-05T09:31:00-04:00,4.950000000000003,NDXP  230508P13090000,NDXP  230508P13080000,development,False,False,0,0,0,0,0,795,available,False,2023-05-05T09:31:00-04:00,2023-05-08T16:00:00-04:00,0.0,9647.040000000008,0.0,last_observed_quote_not_settlement,3916.0,0,0,4.549999999999997,547.040000000012,2023-05-05T09:32:00-04:00,0.0,4.450000000000003,747.0400000000006,2023-05-05T09:33:00-04:00,0.0,4.449999999999996,747.0400000000149,2023-05-05T09:36:00-04:00,0.0,4.250000000000007,1147.0399999999922,2023-05-05T09:41:00-04:00,0.0,4.200000000000003,1247.0400000000006,2023-05-05T09:46:00-04:00,0.0,3.8999999999999986,1847.0400000000093,2023-05-05T10:01:00-04:00,0.0,2.5,4647.040000000006,2023-05-05T10:31:00-04:00,0.0,1.8999999999999986,5847.040000000009,2023-05-05T11:31:00-04:00,0.0,0.5999999999999996,8447.040000000008,2023-05-05T16:00:00-04:00,0.0,,,2023-05-05T16:15:00-04:00,85500.0,,,2023-05-05T16:15:00-04:00,171900.0,0.0,9647.040000000008,2023-05-08T16:00:00-04:00,0.0,0.0,hit,0.0,hit,19.0,hit,35.0,hit,66.0,hit,274.0,hit,379.0,hit,,never_hit,,never_hit,,never_hit,,never_hit,,never_hit,,never_hit,4.950000000000003,0,False,False,False,False,,4.950000000000003,0,False,False,False,False,,4.950000000000003,0,False,False,False,False,,4.950000000000003,0,False,False,False,False,,36.0,2023-05-05T10:07:00-04:00,2.9499999999999957,3747.040000000015,37.0,2023-05-05T10:08:00-04:00,2.799999999999997,4047.040000000012,38.0,2023-05-05T10:09:00-04:00,2.6999999999999993,4247.040000000008,37.0,2023-05-05T10:08:00-04:00,2.799999999999997,4047.040000000012,69.0,2023-05-05T10:40:00-04:00,1.9499999999999993,5747.040000000008,70.0,2023-05-05T10:41:00-04:00,1.8500000000000014,5947.040000000004,71.0,2023-05-05T10:42:00-04:00,1.7999999999999972,6047.040000000012,70.0,2023-05-05T10:41:00-04:00,1.8500000000000014,5947.040000000004,296.0,2023-05-05T14:27:00-04:00,0.8499999999999996,7947.040000000007,297.0,2023-05-05T14:28:00-04:00,0.9000000000000021,7847.040000000002,298.0,2023-05-05T14:29:00-04:00,0.9000000000000004,7847.040000000005,297.0,2023-05-05T14:28:00-04:00,0.9000000000000021,7847.040000000002,379.0,2023-05-05T15:50:00-04:00,0.40000000000000036,8847.040000000006,4371.0,2023-05-08T10:22:00-04:00,0.40000000000000036,8847.040000000006,4372.0,2023-05-08T10:23:00-04:00,0.375,8897.040000000008,380.0,2023-05-05T15:51:00-04:00,0.7500000000000009,8147.040000000005,1023
2023-05-05,2023-05-08,3,6.0,2023-05-05T09:31:00-04:00,6.049999999999997,NDXP  230508P13130000,NDXP  230508P13120000,development,False,False,0,0,0,36,0,759,available,False,2023-05-05T09:31:00-04:00,2023-05-08T16:00:00-04:00,0.0,11847.039999999995,0.0,last_observed_quote_not_settlement,3916.0,0,0,5.600000000000023,647.0399999999495,2023-05-05T09:32:00-04:00,0.0,5.199999999999989,1447.0400000000177,2023-05-05T09:33:00-04:00,0.0,5.499999999999986,847.0400000000234,2023-05-05T09:36:00-04:00,0.0,5.350000000000023,1147.0399999999495,2023-05-05T09:41:00-04:00,0.0,5.25,1347.039999999995,2023-05-05T09:46:00-04:00,0.0,4.549999999999997,2747.040000000001,2023-05-05T10:01:00-04:00,0.0,3.75,4347.039999999995,2023-05-05T10:31:00-04:00,0.0,2.599999999999998,6647.039999999999,2023-05-05T11:31:00-04:00,0.0,0.9499999999999993,9947.039999999997,2023-05-05T16:00:00-04:00,0.0,,,2023-05-05T16:15:00-04:00,85500.0,,,2023-05-05T16:15:00-04:00,171900.0,0.0,11847.039999999995,2023-05-08T16:00:00-04:00,0.0,2.0,hit,14.0,hit,35.0,hit,64.0,hit,242.0,hit,325.0,hit,4405.0,hit,,never_hit,,never_hit,,never_hit,,never_hit,,never_hit,,never_hit,6.049999999999997,0,False,False,False,False,,6.049999999999997,0,False,False,False,False,,6.049999999999997,0,False,False,False,False,,6.049999999999997,0,False,False,False,False,,64.0,2023-05-05T10:35:00-04:00,2.8500000000000014,6147.039999999992,67.0,2023-05-05T10:38:00-04:00,2.700000000000003,6447.039999999989,68.0,2023-05-05T10:39:00-04:00,2.6999999999999957,6447.040000000004,65.0,2023-05-05T10:36:00-04:00,3.0,5847.039999999995,242.0,2023-05-05T13:33:00-04:00,1.9499999999999993,7947.039999999996,243.0,2023-05-05T13:34:00-04:00,1.75,8347.039999999995,244.0,2023-05-05T13:35:00-04:00,1.8999999999999986,8047.039999999998,243.0,2023-05-05T13:34:00-04:00,1.75,8347.039999999995,335.0,2023-05-05T15:06:00-04:00,0.9499999999999993,9947.039999999997,4392.0,2023-05-08T10:43:00-04:00,0.8999999999999995,10047.039999999997,4396.0,2023-05-08T10:47:00-04:00,0.9249999999999989,9997.039999999997,336.0,2023-05-05T15:07:00-04:00,1.049999999999999,9747.039999999997,4405.0,2023-05-08T10:56:00-04:00,0.4249999999999996,10997.039999999995,4418.0,2023-05-08T11:09:00-04:00,0.3500000000000001,11147.039999999995,4419.0,2023-05-08T11:10:00-04:00,0.27500000000000013,11297.039999999995,4406.0,2023-05-08T10:57:00-04:00,0.5249999999999999,10797.039999999995,1024
2023-05-05,2023-05-08,3,7.0,2023-05-05T09:31:00-04:00,6.900000000000006,NDXP  230508P13160000,NDXP  230508P13150000,development,False,False,0,0,0,53,0,742,available,False,2023-05-05T09:31:00-04:00,2023-05-08T16:00:00-04:00,0.0,13547.040000000014,0.0,last_observed_quote_not_settlement,3916.0,0,0,6.449999999999989,647.0400000000348,2023-05-05T09:32:00-04:00,0.0,5.550000000000011,2447.0399999999895,2023-05-05T09:33:00-04:00,0.0,6.299999999999983,947.0400000000461,2023-05-05T09:36:00-04:00,0.0,6.150000000000006,1247.0400000000006,2023-05-05T09:41:00-04:00,0.0,6.050000000000011,1447.0399999999893,2023-05-05T09:46:00-04:00,0.0,5.1000000000000085,3347.039999999995,2023-05-05T10:01:00-04:00,0.0,4.1499999999999915,5247.040000000029,2023-05-05T10:31:00-04:00,0.0,3.299999999999997,6947.040000000018,2023-05-05T11:31:00-04:00,0.0,1.6999999999999993,10147.040000000014,2023-05-05T16:00:00-04:00,0.0,,,2023-05-05T16:15:00-04:00,85500.0,,,2023-05-05T16:15:00-04:00,171900.0,0.0,13547.040000000014,2023-05-08T16:00:00-04:00,0.0,24.0,hit,29.0,hit,47.0,hit,220.0,hit,296.0,hit,4417.0,hit,4453.0,hit,,never_hit,,never_hit,,never_hit,,never_hit,,never_hit,,never_hit,6.900000000000006,0,False,False,False,False,,6.900000000000006,0,False,False,False,False,,6.900000000000006,0,False,False,False,False,,6.900000000000006,0,False,False,False,False,,224.0,2023-05-05T13:15:00-04:00,2.9499999999999957,7647.040000000021,232.0,2023-05-05T13:23:00-04:00,2.8000000000000007,7947.040000000011,233.0,2023-05-05T13:24:00-04:00,2.8999999999999986,7747.0400000000145,225.0,2023-05-05T13:16:00-04:00,3.0499999999999936,7447.0400000000245,296.0,2023-05-05T14:27:00-04:00,1.8999999999999986,9747.040000000015,297.0,2023-05-05T14:28:00-04:00,1.9499999999999993,9647.040000000014,301.0,2023-05-05T14:32:00-04:00,1.9000000000000021,9747.040000000008,297.0,2023-05-05T14:28:00-04:00,1.9499999999999993,9647.040000000014,4418.0,2023-05-08T11:09:00-04:00,0.8500000000000001,11847.040000000012,4419.0,2023-05-08T11:10:00-04:00,0.6749999999999998,12197.040000000014,4420.0,2023-05-08T11:11:00-04:00,0.6500000000000004,12247.040000000012,4419.0,2023-05-08T11:10:00-04:00,0.6749999999999998,12197.040000000014,4454.0,2023-05-08T11:45:00-04:00,0.42500000000000027,12697.040000000012,4455.0,2023-05-08T11:46:00-04:00,0.375,12797.040000000014,4456.0,2023-05-08T11:47:00-04:00,0.2250000000000001,13097.040000000012,4455.0,2023-05-08T11:46:00-04:00,0.375,12797.040000000014,1025
2023-05-08,2023-05-10,2,5.0,2023-05-08T09:31:00-04:00,4.849999999999994,NDXP  230510P13260000,NDXP  230510P13250000,development,False,False,0,0,0,10,15,1190,available,False,2023-05-08T09:31:00-04:00,2023-05-10T16:00:00-04:00,0.0,9447.03999999999,0.0,last_observed_quote_not_settlement,1036.0,577,47,5.400000000000006,-1352.960000000022,2023-05-08T09:32:00-04:00,0.0,4.8999999999999915,-352.9599999999936,2023-05-08T09:33:00-04:00,0.0,5.099999999999994,-752.9599999999994,2023-05-08T09:36:00-04:00,0.0,4.999999999999986,-552.9599999999823,2023-05-08T09:41:00-04:00,0.0,5.199999999999989,-952.959999999988,2023-05-08T09:46:00-04:00,0.0,5.25,-1052.9600000000107,2023-05-08T10:01:00-04:00,0.0,5.549999999999997,-1652.960000000005,2023-05-08T10:31:00-04:00,0.0,5.200000000000003,-952.9600000000164,2023-05-08T11:31:00-04:00,0.0,4.0,1447.0399999999893,2023-05-08T16:00:00-04:00,0.0,5.8999999999999915,-2352.9599999999937,2023-05-09T16:00:00-04:00,0.0,0.0,9447.03999999999,2023-05-10T16:00:00-04:00,0.0,,,,,0.0,hit,0.0,hit,24.0,hit,2880.0,hit,2881.0,hit,2918.0,hit,3186.0,hit,1.0,hit,4.0,hit,3114.0,hit,3118.0,hit,,never_hit,,never_hit,6.950000000000003,529,False,False,False,False,,6.950000000000003,529,False,False,False,False,,6.950000000000003,529,False,False,False,False,,8.199999999999996,577,True,True,False,False,,2880.0,2023-05-10T09:31:00-04:00,2.8500000000000014,3747.0399999999863,2881.0,2023-05-10T09:32:00-04:00,1.8000000000000007,5847.039999999988,2882.0,2023-05-10T09:33:00-04:00,1.7499999999999982,5947.039999999993,2881.0,2023-05-10T09:32:00-04:00,1.8000000000000007,5847.039999999988,2881.0,2023-05-10T09:32:00-04:00,1.8000000000000007,5847.039999999988,2882.0,2023-05-10T09:33:00-04:00,1.7499999999999982,5947.039999999993,2883.0,2023-05-10T09:34:00-04:00,1.6500000000000004,6147.039999999989,2882.0,2023-05-10T09:33:00-04:00,1.7499999999999982,5947.039999999993,2922.0,2023-05-10T10:13:00-04:00,0.8999999999999995,7647.03999999999,2923.0,2023-05-10T10:14:00-04:00,0.8999999999999995,7647.03999999999,3188.0,2023-05-10T14:39:00-04:00,0.875,7697.039999999989,2923.0,2023-05-10T10:14:00-04:00,0.8999999999999995,7647.03999999999,3186.0,2023-05-10T14:37:00-04:00,0.4249999999999998,8597.03999999999,3193.0,2023-05-10T14:44:00-04:00,0.375,8697.03999999999,3194.0,2023-05-10T14:45:00-04:00,0.1499999999999999,9147.03999999999,3187.0,2023-05-10T14:38:00-04:00,0.6000000000000001,8247.03999999999,1026
2023-05-08,2023-05-10,2,6.0,2023-05-08T09:31:00-04:00,6.199999999999989,NDXP  230510P13330000,NDXP  230510P13320000,development,False,False,0,0,0,1,15,1199,available,False,2023-05-08T09:31:00-04:00,2023-05-10T16:00:00-04:00,0.225,11697.039999999977,0.0,last_observed_quote_not_settlement,1036.0,752,39,7.25,-2352.960000000022,2023-05-08T09:32:00-04:00,0.0,6.899999999999977,-1652.9599999999766,2023-05-08T09:33:00-04:00,0.0,7.050000000000011,-1952.9600000000448,2023-05-08T09:36:00-04:00,0.0,7.000000000000028,-1852.960000000079,2023-05-08T09:41:00-04:00,0.0,6.7000000000000455,-1252.960000000113,2023-05-08T09:46:00-04:00,0.0,6.749999999999972,-1352.9599999999652,2023-05-08T10:01:00-04:00,0.0,6.849999999999994,-1552.9600000000107,2023-05-08T10:31:00-04:00,0.0,6.650000000000006,-1152.9600000000335,2023-05-08T11:31:00-04:00,0.0,5.400000000000006,1347.0399999999665,2023-05-08T16:00:00-04:00,0.0,7.600000000000023,-3052.9600000000673,2023-05-09T16:00:00-04:00,0.0,0.225,11697.039999999977,2023-05-10T16:00:00-04:00,0.0,,,,,171.0,hit,220.0,hit,2883.0,hit,2920.0,hit,3226.0,hit,3230.0,hit,3231.0,hit,1.0,hit,1.0,hit,1.0,hit,1628.0,hit,3108.0,hit,3114.0,hit,8.349999999999994,551,True,True,False,False,,10.0,752,True,True,True,True,,10.0,752,True,True,True,True,,10.0,752,True,True,True,True,,2922.0,2023-05-10T10:13:00-04:00,2.8999999999999986,6347.039999999981,2923.0,2023-05-10T10:14:00-04:00,2.8999999999999986,6347.039999999981,3228.0,2023-05-10T15:19:00-04:00,1.525,9097.039999999979,2923.0,2023-05-10T10:14:00-04:00,2.8999999999999986,6347.039999999981,3226.0,2023-05-10T15:17:00-04:00,1.4250000000000003,9297.039999999977,3227.0,2023-05-10T15:18:00-04:00,1.5500000000000007,9047.039999999977,3228.0,2023-05-10T15:19:00-04:00,1.525,9097.039999999979,3227.0,2023-05-10T15:18:00-04:00,1.5500000000000007,9047.039999999977,3230.0,2023-05-10T15:21:00-04:00,0.675,10797.039999999977,3231.0,2023-05-10T15:22:00-04:00,0.475,11197.039999999977,3232.0,2023-05-10T15:23:00-04:00,0.3500000000000001,11447.039999999977,3231.0,2023-05-10T15:22:00-04:00,0.475,11197.039999999977,3232.0,2023-05-10T15:23:00-04:00,0.3500000000000001,11447.039999999977,3233.0,2023-05-10T15:24:00-04:00,0.32499999999999996,11497.039999999979,3234.0,2023-05-10T15:25:00-04:00,0.25,11647.039999999979,3233.0,2023-05-10T15:24:00-04:00,0.32499999999999996,11497.039999999979,1027
2023-05-08,2023-05-10,2,7.0,2023-05-08T09:31:00-04:00,6.949999999999989,NDXP  230510P13360000,NDXP  230510P13350000,development,False,False,0,0,0,8,15,1192,available,False,2023-05-08T09:31:00-04:00,2023-05-10T16:00:00-04:00,8.0,-2352.9600000000237,0.0,last_observed_quote_not_settlement,1036.0,732,68,7.699999999999989,-1752.9599999999994,2023-05-08T09:32:00-04:00,0.0,6.200000000000017,1247.0399999999438,2023-05-08T09:33:00-04:00,0.0,6.25,1147.039999999978,2023-05-08T09:36:00-04:00,0.0,6.849999999999994,-52.96000000001066,2023-05-08T09:41:00-04:00,0.0,5.849999999999994,1947.0399999999893,2023-05-08T09:46:00-04:00,0.0,7.449999999999989,-1252.9599999999994,2023-05-08T10:01:00-04:00,0.0,6.849999999999994,-52.96000000001066,2023-05-08T10:31:00-04:00,0.0,7.25,-852.9600000000221,2023-05-08T11:31:00-04:00,0.0,5.650000000000006,2347.0399999999668,2023-05-08T16:00:00-04:00,0.0,8.25,-2852.9600000000237,2023-05-09T16:00:00-04:00,0.0,8.0,-2352.9600000000237,2023-05-10T16:00:00-04:00,0.0,,,,,3.0,hit,250.0,hit,330.0,hit,3234.0,hit,3236.0,hit,,never_hit,,never_hit,1.0,hit,278.0,hit,1.0,hit,278.0,hit,1589.0,hit,2968.0,hit,10.0,728,True,True,True,True,,10.0,728,True,True,True,True,,,,True,True,True,False,5.8749999999999885,,,True,True,True,False,5.8749999999999885,3234.0,2023-05-10T15:25:00-04:00,2.8500000000000005,7947.039999999977,3235.0,2023-05-10T15:26:00-04:00,2.750000000000001,8147.039999999976,3236.0,2023-05-10T15:27:00-04:00,1.5750000000000002,10497.039999999979,3235.0,2023-05-10T15:26:00-04:00,2.750000000000001,8147.039999999976,3236.0,2023-05-10T15:27:00-04:00,1.5750000000000002,10497.039999999979,3237.0,2023-05-10T15:28:00-04:00,1.275,11097.039999999979,3238.0,2023-05-10T15:29:00-04:00,1.875,9897.039999999979,3237.0,2023-05-10T15:28:00-04:00,1.275,11097.039999999979,,,,,,,,,,,,,,,,,,,,,,,,,,,,,,,,,1028
2023-05-08,2023-05-11,3,5.0,2023-05-08T09:31:00-04:00,5.0,NDXP  230511P13290000,NDXP  230511P13280000,development,False,False,0,0,0,0,0,1605,available,False,2023-05-08T09:31:00-04:00,2023-05-11T16:00:00-04:00,0.0,9747.04,0.0,last_observed_quote_not_settlement,1036.0,656,89,5.449999999999989,-1152.9599999999766,2023-05-08T09:32:00-04:00,0.0,5.200000000000003,-652.960000000005,2023-05-08T09:33:00-04:00,0.0,5.349999999999966,-952.9599999999311,2023-05-08T09:36:00-04:00,0.0,5.300000000000011,-852.9600000000221,2023-05-08T09:41:00-04:00,0.0,4.700000000000017,347.0399999999666,2023-05-08T09:46:00-04:00,0.0,4.799999999999997,147.0400000000064,2023-05-08T10:01:00-04:00,0.0,5.549999999999983,-1352.9599999999652,2023-05-08T10:31:00-04:00,0.0,5.049999999999997,-352.9599999999936,2023-05-08T11:31:00-04:00,0.0,4.349999999999994,1047.040000000012,2023-05-08T16:00:00-04:00,0.0,6.299999999999997,-2852.9599999999937,2023-05-09T16:00:00-04:00,0.0,2.4499999999999957,4847.040000000009,2023-05-10T16:00:00-04:00,0.0,0.0,9747.04,2023-05-11T16:00:00-04:00,0.0,0.0,hit,0.0,hit,16.0,hit,2913.0,hit,3236.0,hit,4415.0,hit,4467.0,hit,8.0,hit,9.0,hit,3119.0,hit,,never_hit,,never_hit,,never_hit,6.6000000000000085,560,False,False,False,False,,7.5,656,True,False,False,False,,7.5,656,True,False,False,False,,7.5,656,True,False,False,False,,2914.0,2023-05-10T10:05:00-04:00,2.8500000000000014,4047.039999999998,2915.0,2023-05-10T10:06:00-04:00,2.9499999999999993,3847.0400000000022,2916.0,2023-05-10T10:07:00-04:00,2.7500000000000036,4247.039999999994,2915.0,2023-05-10T10:06:00-04:00,2.9499999999999993,3847.0400000000022,3237.0,2023-05-10T15:28:00-04:00,1.8500000000000014,6047.039999999998,3238.0,2023-05-10T15:29:00-04:00,1.8499999999999996,6047.040000000002,3243.0,2023-05-10T15:34:00-04:00,1.799999999999999,6147.040000000003,3238.0,2023-05-10T15:29:00-04:00,1.8499999999999996,6047.040000000002,4415.0,2023-05-11T11:06:00-04:00,0.75,8247.04,4439.0,2023-05-11T11:30:00-04:00,0.9000000000000004,7947.04,4440.0,2023-05-11T11:31:00-04:00,0.625,8497.04,4416.0,2023-05-11T11:07:00-04:00,1.1499999999999995,7447.040000000002,4495.0,2023-05-11T12:26:00-04:00,0.42500000000000027,8897.04,4507.0,2023-05-11T12:38:00-04:00,0.3999999999999999,8947.04,4508.0,2023-05-11T12:39:00-04:00,0.375,8997.04,4496.0,2023-05-11T12:27:00-04:00,0.5750000000000002,8597.04,1029
2023-05-08,2023-05-11,3,6.0,2023-05-08T09:31:00-04:00,5.949999999999989,NDXP  230511P13320000,NDXP  230511P13310000,development,False,False,0,0,0,6,0,1599,available,False,2023-05-08T09:31:00-04:00,2023-05-11T16:00:00-04:00,0.0,11647.039999999979,0.0,last_observed_quote_not_settlement,1036.0,560,59,5.949999999999989,-252.9599999999993,2023-05-08T09:32:00-04:00,0.0,5.75,147.03999999997797,2023-05-08T09:33:00-04:00,0.0,5.949999999999989,-252.9599999999993,2023-05-08T09:36:00-04:00,0.0,5.700000000000017,247.03999999994383,2023-05-08T09:41:00-04:00,0.0,6.549999999999983,-1452.959999999988,2023-05-08T09:46:00-04:00,0.0,6.349999999999966,-1052.9599999999539,2023-05-08T10:01:00-04:00,0.0,6.25,-852.9600000000221,2023-05-08T10:31:00-04:00,0.0,5.999999999999972,-352.9599999999652,2023-05-08T11:31:00-04:00,0.0,4.900000000000006,1847.0399999999665,2023-05-08T16:00:00-04:00,0.0,6.850000000000023,-2052.9600000000673,2023-05-09T16:00:00-04:00,0.0,4.650000000000002,2347.0399999999736,2023-05-10T16:00:00-04:00,0.0,0.0,11647.039999999979,2023-05-11T16:00:00-04:00,0.0,3.0,hit,3.0,hit,2882.0,hit,3230.0,hit,4410.0,hit,4441.0,hit,4623.0,hit,15.0,hit,1602.0,hit,1602.0,hit,,never_hit,,never_hit,,never_hit,7.8500000000000085,560,True,False,False,False,,7.8500000000000085,560,True,False,False,False,,7.8500000000000085,560,True,False,False,False,,7.8500000000000085,560,True,False,False,False,,3231.0,2023-05-10T15:22:00-04:00,2.8000000000000007,6047.039999999976,3234.0,2023-05-10T15:25:00-04:00,2.75,6147.039999999978,3235.0,2023-05-10T15:26:00-04:00,2.8000000000000007,6047.039999999976,3232.0,2023-05-10T15:23:00-04:00,3.0,5647.039999999978,4415.0,2023-05-11T11:06:00-04:00,1.8999999999999986,7847.039999999981,4426.0,2023-05-11T11:17:00-04:00,1.9000000000000021,7847.039999999974,4440.0,2023-05-11T11:31:00-04:00,1.1500000000000004,9347.039999999979,4416.0,2023-05-11T11:07:00-04:00,2.1000000000000014,7447.039999999975,4494.0,2023-05-11T12:25:00-04:00,0.8499999999999992,9947.039999999979,4495.0,2023-05-11T12:26:00-04:00,0.8499999999999992,9947.039999999979,4508.0,2023-05-11T12:39:00-04:00,0.8000000000000003,10047.039999999977,4495.0,2023-05-11T12:26:00-04:00,0.8499999999999992,9947.039999999979,4624.0,2023-05-11T14:35:00-04:00,0.42500000000000004,10797.039999999979,4627.0,2023-05-11T14:38:00-04:00,0.32499999999999996,10997.039999999979,4628.0,2023-05-11T14:39:00-04:00,0.30000000000000004,11047.039999999979,4625.0,2023-05-11T14:36:00-04:00,0.5499999999999998,10547.039999999979,1030
2023-05-08,2023-05-11,3,7.0,2023-05-08T09:31:00-04:00,7.0,NDXP  230511P13390000,NDXP  230511P13380000,development,False,False,0,0,0,0,0,1605,available,False,2023-05-08T09:31:00-04:00,2023-05-11T16:00:00-04:00,0.75,12247.04,0.0,last_observed_quote_not_settlement,1036.0,802,79,7.099999999999994,-452.95999999998793,2023-05-08T09:32:00-04:00,0.0,7.099999999999994,-452.95999999998793,2023-05-08T09:33:00-04:00,0.0,6.900000000000006,-52.96000000001066,2023-05-08T09:36:00-04:00,0.0,6.900000000000006,-52.96000000001066,2023-05-08T09:41:00-04:00,0.0,7.150000000000006,-552.9600000000107,2023-05-08T09:46:00-04:00,0.0,7.5,-1252.9599999999994,2023-05-08T10:01:00-04:00,0.0,7.450000000000017,-1152.9600000000335,2023-05-08T10:31:00-04:00,0.0,7.25,-752.9599999999994,2023-05-08T11:31:00-04:00,0.0,6.099999999999994,1547.040000000012,2023-05-08T16:00:00-04:00,0.0,8.050000000000011,-2352.9600000000237,2023-05-09T16:00:00-04:00,0.0,6.5,747.0400000000006,2023-05-10T16:00:00-04:00,0.0,0.75,12247.04,2023-05-11T16:00:00-04:00,0.0,349.0,hit,3236.0,hit,4441.0,hit,4441.0,hit,4514.0,hit,4709.0,hit,,never_hit,3.0,hit,45.0,hit,0.0,hit,45.0,hit,3089.0,hit,,never_hit,9.25,789,True,True,True,True,,9.25,789,True,True,True,True,,9.25,802,True,True,True,True,,,,True,True,True,False,6.25,4441.0,2023-05-11T11:32:00-04:00,2.299999999999997,9147.040000000008,4515.0,2023-05-11T12:46:00-04:00,2.9499999999999975,7847.040000000005,4516.0,2023-05-11T12:47:00-04:00,2.799999999999999,8147.040000000004,4442.0,2023-05-11T11:33:00-04:00,4.800000000000001,4147.039999999999,4514.0,2023-05-11T12:45:00-04:00,1.8999999999999986,9947.040000000005,4635.0,2023-05-11T14:46:00-04:00,1.5999999999999996,10547.040000000003,4708.0,2023-05-11T15:59:00-04:00,1.6249999999999998,10497.04,4515.0,2023-05-11T12:46:00-04:00,2.9499999999999975,7847.040000000005,4709.0,2023-05-11T16:00:00-04:00,0.75,12247.04,,,,,,,,,,,,,,,,,,,,,,,,,,,,,1031
2023-05-09,2023-05-11,2,5.0,2023-05-09T09:31:00-04:00,4.900000000000006,NDXP  230511P13250000,NDXP  230511P13240000,development,False,False,0,0,0,2,15,1198,available,False,2023-05-09T09:31:00-04:00,2023-05-11T15:58:00-04:00,0.024999999999999994,9497.040000000012,2.0,last_observed_quote_not_settlement,1036.0,341,58,4.949999999999989,-352.9599999999652,2023-05-09T09:32:00-04:00,0.0,4.700000000000003,147.0400000000064,2023-05-09T09:33:00-04:00,0.0,5.199999999999989,-852.9599999999652,2023-05-09T09:36:00-04:00,0.0,4.950000000000003,-352.9599999999936,2023-05-09T09:41:00-04:00,0.0,4.800000000000011,-52.96000000001066,2023-05-09T09:46:00-04:00,0.0,4.450000000000003,647.0400000000063,2023-05-09T10:01:00-04:00,0.0,5.1499999999999915,-752.9599999999709,2023-05-09T10:31:00-04:00,0.0,5.200000000000003,-852.9599999999937,2023-05-09T11:31:00-04:00,0.0,5.349999999999994,-1152.9599999999766,2023-05-09T16:00:00-04:00,0.0,1.4499999999999993,6647.040000000014,2023-05-10T16:00:00-04:00,0.0,,,2023-05-11T15:58:00-04:00,120.0,,,,,0.0,hit,0.0,hit,91.0,hit,1441.0,hit,1474.0,hit,1819.0,hit,1819.0,hit,146.0,hit,,never_hit,,never_hit,,never_hit,,never_hit,,never_hit,5.650000000000006,310,False,False,False,False,,5.650000000000006,310,False,False,False,False,,5.849999999999994,341,False,False,False,False,,5.849999999999994,341,False,False,False,False,,1441.0,2023-05-10T09:32:00-04:00,2.3999999999999986,4747.0400000000145,1442.0,2023-05-10T09:33:00-04:00,2.299999999999997,4947.040000000018,1443.0,2023-05-10T09:34:00-04:00,2.3500000000000014,4847.040000000009,1442.0,2023-05-10T09:33:00-04:00,2.299999999999997,4947.040000000018,1474.0,2023-05-10T10:05:00-04:00,1.9000000000000021,5747.040000000008,1477.0,2023-05-10T10:08:00-04:00,1.8500000000000014,5847.040000000009,1478.0,2023-05-10T10:09:00-04:00,1.8500000000000014,5847.040000000009,1475.0,2023-05-10T10:06:00-04:00,2.0500000000000007,5447.040000000011,1819.0,2023-05-10T15:50:00-04:00,0.05000000000000071,9447.040000000012,2925.0,2023-05-11T10:16:00-04:00,0.9499999999999993,7647.040000000014,2936.0,2023-05-11T10:27:00-04:00,0.7000000000000002,8147.040000000011,1820.0,2023-05-10T15:51:00-04:00,1.3499999999999996,6847.040000000013,1819.0,2023-05-10T15:50:00-04:00,0.05000000000000071,9447.040000000012,2974.0,2023-05-11T11:05:00-04:00,0.40000000000000036,8747.040000000012,2975.0,2023-05-11T11:06:00-04:00,0.42500000000000027,8697.040000000012,1820.0,2023-05-10T15:51:00-04:00,1.3499999999999996,6847.040000000013,1032
2023-05-09,2023-05-11,2,6.0,2023-05-09T09:31:00-04:00,5.849999999999994,NDXP  230511P13300000,NDXP  230511P13290000,development,False,False,0,0,0,1,15,1199,available,False,2023-05-09T09:31:00-04:00,2023-05-11T16:00:00-04:00,0.0,11447.03999999999,0.0,last_observed_quote_not_settlement,1036.0,366,70,6.1499999999999915,-852.9599999999937,2023-05-09T09:32:00-04:00,0.0,5.8500000000000085,-252.96000000002772,2023-05-09T09:33:00-04:00,0.0,6.75,-2052.9600000000105,2023-05-09T09:36:00-04:00,0.0,6.6000000000000085,-1752.9600000000278,2023-05-09T09:41:00-04:00,0.0,5.700000000000003,47.03999999998366,2023-05-09T09:46:00-04:00,0.0,5.3999999999999915,647.0400000000063,2023-05-09T10:01:00-04:00,0.0,5.75,-52.96000000001066,2023-05-09T10:31:00-04:00,0.0,6.349999999999994,-1252.9599999999994,2023-05-09T11:31:00-04:00,0.0,5.749999999999986,-52.95999999998224,2023-05-09T16:00:00-04:00,0.0,2.8500000000000014,5747.039999999986,2023-05-10T16:00:00-04:00,0.0,0.0,11447.03999999999,2023-05-11T16:00:00-04:00,0.0,,,,,17.0,hit,64.0,hit,1441.0,hit,1447.0,hit,1797.0,hit,2999.0,hit,3072.0,hit,5.0,hit,22.0,hit,22.0,hit,,never_hit,,never_hit,,never_hit,7.5,315,True,False,False,False,,7.5,366,True,False,False,False,,7.5,366,True,False,False,False,,7.5,366,True,False,False,False,,1447.0,2023-05-10T09:38:00-04:00,2.799999999999997,5847.039999999995,1478.0,2023-05-10T10:09:00-04:00,2.849999999999998,5747.039999999994,1479.0,2023-05-10T10:10:00-04:00,2.8999999999999986,5647.039999999992,1448.0,2023-05-10T09:39:00-04:00,3.5500000000000043,4347.039999999981,1797.0,2023-05-10T15:28:00-04:00,1.9499999999999993,7547.039999999991,2968.0,2023-05-11T10:59:00-04:00,1.5500000000000007,8347.039999999988,2969.0,2023-05-11T11:00:00-04:00,1.5,8447.03999999999,1798.0,2023-05-10T15:29:00-04:00,2.0999999999999996,7247.03999999999,2999.0,2023-05-11T11:30:00-04:00,0.9499999999999993,9547.039999999992,3000.0,2023-05-11T11:31:00-04:00,0.7000000000000002,10047.03999999999,3001.0,2023-05-11T11:32:00-04:00,0.7000000000000002,10047.03999999999,3000.0,2023-05-11T11:31:00-04:00,0.7000000000000002,10047.03999999999,3073.0,2023-05-11T12:44:00-04:00,0.40000000000000036,10647.03999999999,3074.0,2023-05-11T12:45:00-04:00,0.4249999999999998,10597.03999999999,3075.0,2023-05-11T12:46:00-04:00,0.44999999999999973,10547.03999999999,3074.0,2023-05-11T12:45:00-04:00,0.4249999999999998,10597.03999999999,1033
2023-05-09,2023-05-11,2,7.0,2023-05-09T09:31:00-04:00,7.300000000000011,NDXP  230511P13380000,NDXP  230511P13370000,development,False,False,0,0,0,0,15,1200,available,False,2023-05-09T09:31:00-04:00,2023-05-11T16:00:00-04:00,4.95,4447.040000000023,0.0,last_observed_quote_not_settlement,1036.0,537,73,7.050000000000011,247.04000000000067,2023-05-09T09:32:00-04:00,0.0,6.700000000000017,947.0399999999893,2023-05-09T09:33:00-04:00,0.0,7.5,-652.9599999999766,2023-05-09T09:36:00-04:00,0.0,7.299999999999983,-252.95999999994245,2023-05-09T09:41:00-04:00,0.0,7.300000000000011,-252.9599999999993,2023-05-09T09:46:00-04:00,0.0,7.199999999999989,-52.959999999953816,2023-05-09T10:01:00-04:00,0.0,7.5,-652.9599999999766,2023-05-09T10:31:00-04:00,0.0,7.800000000000011,-1252.9599999999994,2023-05-09T11:31:00-04:00,0.0,7.899999999999977,-1452.9599999999311,2023-05-09T16:00:00-04:00,0.0,5.549999999999997,3247.040000000029,2023-05-10T16:00:00-04:00,0.0,4.95,4447.040000000023,2023-05-11T16:00:00-04:00,0.0,,,,,1444.0,hit,1480.0,hit,3000.0,hit,3076.0,hit,3105.0,hit,3198.0,hit,3266.0,hit,23.0,hit,152.0,hit,0.0,hit,100.0,hit,1692.0,hit,1706.0,hit,9.599999999999994,536,True,True,True,True,,9.599999999999994,536,True,True,True,True,,9.599999999999994,537,True,True,True,True,,9.599999999999994,537,True,True,True,True,,3076.0,2023-05-11T12:47:00-04:00,2.9000000000000004,8547.040000000023,3191.0,2023-05-11T14:42:00-04:00,1.8999999999999995,10547.040000000025,3192.0,2023-05-11T14:43:00-04:00,1.5500000000000007,11247.040000000023,3077.0,2023-05-11T12:48:00-04:00,3.0,8347.040000000025,3191.0,2023-05-11T14:42:00-04:00,1.8999999999999995,10547.040000000025,3192.0,2023-05-11T14:43:00-04:00,1.5500000000000007,11247.040000000023,3193.0,2023-05-11T14:44:00-04:00,1.6500000000000004,11047.040000000023,3192.0,2023-05-11T14:43:00-04:00,1.5500000000000007,11247.040000000023,3198.0,2023-05-11T14:49:00-04:00,0.8500000000000005,12647.040000000023,3267.0,2023-05-11T15:58:00-04:00,0.475,13397.040000000023,3268.0,2023-05-11T15:59:00-04:00,0.14999999999999997,14047.040000000023,3199.0,2023-05-11T14:50:00-04:00,1.4000000000000004,11547.040000000023,3266.0,2023-05-11T15:57:00-04:00,0.25,13847.040000000025,,,,,,,,,3267.0,2023-05-11T15:58:00-04:00,0.475,13397.040000000023,1034
2023-05-09,2023-05-12,3,5.0,2023-05-09T09:31:00-04:00,5.0,NDXP  230512P13260000,NDXP  230512P13250000,development,False,False,0,0,0,8,0,1597,available,False,2023-05-09T09:31:00-04:00,2023-05-12T15:56:00-04:00,0.0,9747.04,4.0,last_observed_quote_not_settlement,1036.0,354,57,4.75,247.04000000000067,2023-05-09T09:32:00-04:00,0.0,4.849999999999994,47.04000000001208,2023-05-09T09:33:00-04:00,0.0,4.6499999999999915,447.04000000001776,2023-05-09T09:36:00-04:00,0.0,4.849999999999994,47.04000000001208,2023-05-09T09:41:00-04:00,0.0,4.900000000000006,-52.96000000001066,2023-05-09T09:46:00-04:00,0.0,4.799999999999997,147.0400000000064,2023-05-09T10:01:00-04:00,0.0,5.099999999999994,-452.95999999998793,2023-05-09T10:31:00-04:00,0.0,5.299999999999997,-852.9599999999937,2023-05-09T11:31:00-04:00,0.0,4.699999999999989,347.04000000002344,2023-05-09T16:00:00-04:00,0.0,2.4499999999999993,4847.040000000002,2023-05-10T16:00:00-04:00,0.0,1.9499999999999993,5847.040000000002,2023-05-11T16:00:00-04:00,0.0,,,2023-05-12T15:56:00-04:00,240.0,0.0,hit,0.0,hit,1440.0,hit,1441.0,hit,1796.0,hit,3192.0,hit,3259.0,hit,3.0,hit,1689.0,hit,,never_hit,,never_hit,,never_hit,,never_hit,5.800000000000011,321,False,False,False,False,,6.150000000000006,353,False,False,False,False,,6.150000000000006,353,False,False,False,False,,6.150000000000006,353,False,False,False,False,,1442.0,2023-05-10T09:33:00-04:00,2.75,4247.040000000001,1445.0,2023-05-10T09:36:00-04:00,2.9000000000000057,3947.0399999999895,1446.0,2023-05-10T09:37:00-04:00,2.6000000000000085,4547.039999999984,1443.0,2023-05-10T09:34:00-04:00,2.950000000000003,3847.039999999995,1798.0,2023-05-10T15:29:00-04:00,1.9499999999999993,5847.040000000002,1807.0,2023-05-10T15:38:00-04:00,1.9499999999999993,5847.040000000002,2970.0,2023-05-11T11:01:00-04:00,1.8999999999999986,5947.040000000004,1799.0,2023-05-10T15:30:00-04:00,2.1000000000000014,5547.039999999998,3192.0,2023-05-11T14:43:00-04:00,0.9499999999999993,7847.040000000002,3193.0,2023-05-11T14:44:00-04:00,0.9000000000000021,7947.039999999996,3194.0,2023-05-11T14:45:00-04:00,0.9000000000000021,7947.039999999996,3193.0,2023-05-11T14:44:00-04:00,0.9000000000000021,7947.039999999996,3259.0,2023-05-11T15:50:00-04:00,0.0,9747.04,4321.0,2023-05-12T09:32:00-04:00,0.30000000000000027,9147.04,4322.0,2023-05-12T09:33:00-04:00,0.375,8997.04,3260.0,2023-05-11T15:51:00-04:00,1.3999999999999986,6947.040000000004,1035
2023-05-09,2023-05-12,3,6.0,2023-05-09T09:31:00-04:00,5.950000000000017,NDXP  230512P13320000,NDXP  230512P13310000,development,False,False,0,0,0,0,0,1605,available,False,2023-05-09T09:31:00-04:00,2023-05-12T16:00:00-04:00,0.07500000000000001,11497.040000000035,0.0,last_observed_quote_not_settlement,1036.0,580,60,6.099999999999994,-552.9599999999539,2023-05-09T09:32:00-04:00,0.0,6.199999999999989,-752.9599999999425,2023-05-09T09:33:00-04:00,0.0,6.550000000000011,-1452.959999999988,2023-05-09T09:36:00-04:00,0.0,6.050000000000011,-452.95999999998793,2023-05-09T09:41:00-04:00,0.0,5.850000000000023,-52.96000000001066,2023-05-09T09:46:00-04:00,0.0,5.400000000000006,847.0400000000234,2023-05-09T10:01:00-04:00,0.0,6.199999999999989,-752.9599999999425,2023-05-09T10:31:00-04:00,0.0,6.349999999999966,-1052.959999999897,2023-05-09T11:31:00-04:00,0.0,6.549999999999983,-1452.9599999999311,2023-05-09T16:00:00-04:00,0.0,3.3000000000000043,5047.040000000026,2023-05-10T16:00:00-04:00,0.0,2.2499999999999964,7147.040000000042,2023-05-11T16:00:00-04:00,0.0,0.07500000000000001,11497.040000000035,2023-05-12T16:00:00-04:00,0.0,30.0,hit,1440.0,hit,1444.0,hit,1797.0,hit,3193.0,hit,4322.0,hit,4349.0,hit,5.0,hit,160.0,hit,160.0,hit,4518.0,hit,4585.0,hit,,never_hit,7.550000000000011,405,True,False,False,False,,7.550000000000011,405,True,False,False,False,,7.550000000000011,405,True,False,False,False,,7.550000000000011,405,True,False,False,False,,1819.0,2023-05-10T15:50:00-04:00,2.8500000000000014,5947.040000000032,3000.0,2023-05-11T11:31:00-04:00,2.75,6147.0400000000345,3001.0,2023-05-11T11:32:00-04:00,2.6000000000000014,6447.040000000032,1820.0,2023-05-10T15:51:00-04:00,3.549999999999997,4547.040000000041,3193.0,2023-05-11T14:44:00-04:00,1.8999999999999986,7847.040000000037,3194.0,2023-05-11T14:45:00-04:00,1.8999999999999986,7847.040000000037,3195.0,2023-05-11T14:46:00-04:00,1.9499999999999957,7747.040000000044,3194.0,2023-05-11T14:45:00-04:00,1.8999999999999986,7847.040000000037,4322.0,2023-05-12T09:33:00-04:00,0.9000000000000004,9847.040000000035,4703.0,2023-05-12T15:54:00-04:00,0.3999999999999999,10847.040000000035,4704.0,2023-05-12T15:55:00-04:00,0.12499999999999994,11397.040000000035,4323.0,2023-05-12T09:34:00-04:00,1.0,9647.040000000035,4349.0,2023-05-12T10:00:00-04:00,0.0,11647.040000000035,4704.0,2023-05-12T15:55:00-04:00,0.12499999999999994,11397.040000000035,4705.0,2023-05-12T15:56:00-04:00,0.10000000000000003,11447.040000000035,4350.0,2023-05-12T10:01:00-04:00,1.450000000000001,8747.040000000034,1036
2023-05-09,2023-05-12,3,7.0,2023-05-09T09:31:00-04:00,7.049999999999983,NDXP  230512P13380000,NDXP  230512P13370000,development,False,False,0,0,0,26,0,1579,available,False,2023-05-09T09:31:00-04:00,2023-05-12T16:00:00-04:00,10.0,-6052.960000000034,0.0,last_observed_quote_not_settlement,1036.0,671,86,7.049999999999983,-252.9599999999993,2023-05-09T09:32:00-04:00,0.0,6.350000000000023,1147.039999999921,2023-05-09T09:33:00-04:00,0.0,7.050000000000011,-252.96000000005614,2023-05-09T09:36:00-04:00,0.0,7.050000000000011,-252.96000000005614,2023-05-09T09:41:00-04:00,0.0,6.700000000000017,447.0399999999325,2023-05-09T09:46:00-04:00,0.0,6.599999999999994,647.0399999999779,2023-05-09T10:01:00-04:00,0.0,6.900000000000034,47.03999999989839,2023-05-09T10:31:00-04:00,0.0,7.399999999999977,-952.959999999988,2023-05-09T11:31:00-04:00,0.0,7.350000000000023,-852.9600000000789,2023-05-09T16:00:00-04:00,0.0,5.599999999999994,2647.039999999978,2023-05-10T16:00:00-04:00,0.0,4.0,5847.039999999966,2023-05-11T16:00:00-04:00,0.0,10.0,-6052.960000000034,2023-05-12T16:00:00-04:00,0.0,1442.0,hit,1447.0,hit,3065.0,hit,4320.0,hit,,never_hit,,never_hit,,never_hit,12.0,hit,1679.0,hit,0.0,hit,1674.0,hit,4492.0,hit,4513.0,hit,8.299999999999983,427,True,True,False,False,,,,True,True,True,False,4.549999999999983,,,True,True,True,False,4.549999999999983,,,True,True,True,False,4.549999999999983,4320.0,2023-05-12T09:31:00-04:00,2.8999999999999986,8047.039999999969,4321.0,2023-05-12T09:32:00-04:00,2.849999999999998,8147.039999999971,4322.0,2023-05-12T09:33:00-04:00,2.6500000000000004,8547.039999999966,4321.0,2023-05-12T09:32:00-04:00,2.849999999999998,8147.039999999971,,,,,,,,,,,,,,,,,,,,,,,,,,,,,,,,,,,,,,,,,,,,,,,,,1037
2023-05-10,2023-05-12,2,5.0,2023-05-10T09:31:00-04:00,4.900000000000006,NDXP  230512P13350000,NDXP  230512P13340000,development,False,False,0,0,1,3,0,1196,available,False,2023-05-10T09:31:00-04:00,2023-05-12T15:59:00-04:00,8.0,-6452.95999999999,1.0,last_observed_quote_not_settlement,1036.0,636,63,4.700000000000003,147.0400000000064,2023-05-10T09:32:00-04:00,0.0,4.700000000000017,147.03999999997797,2023-05-10T09:33:00-04:00,0.0,5.0,-452.95999999998793,2023-05-10T09:36:00-04:00,0.0,5.75,-1952.959999999988,2023-05-10T09:41:00-04:00,0.0,5.699999999999989,-1852.9599999999652,2023-05-10T09:46:00-04:00,0.0,4.950000000000003,-352.9599999999936,2023-05-10T10:01:00-04:00,0.0,4.6000000000000085,347.039999999995,2023-05-10T10:31:00-04:00,0.0,5.599999999999994,-1652.9599999999766,2023-05-10T11:31:00-04:00,0.0,5.049999999999997,-552.9599999999823,2023-05-10T16:00:00-04:00,0.0,3.25,3047.0400000000122,2023-05-11T16:00:00-04:00,0.0,,,2023-05-12T15:59:00-04:00,60.0,,,,,0.0,hit,0.0,hit,41.0,hit,364.0,hit,2880.0,hit,,never_hit,,never_hit,10.0,hit,11.0,hit,79.0,hit,243.0,hit,3073.0,hit,3092.0,hit,8.099999999999994,292,True,True,False,False,,8.099999999999994,331,True,True,False,False,,,,True,True,True,False,3.2000000000000064,,,True,True,True,False,3.2000000000000064,1628.0,2023-05-11T12:39:00-04:00,2.6499999999999986,4247.0400000000145,1751.0,2023-05-11T14:42:00-04:00,2.8999999999999986,3747.040000000015,1752.0,2023-05-11T14:43:00-04:00,2.8000000000000007,3947.0400000000104,1629.0,2023-05-11T12:40:00-04:00,3.3500000000000014,2847.040000000009,2880.0,2023-05-12T09:31:00-04:00,1.8499999999999996,5847.040000000013,2881.0,2023-05-12T09:32:00-04:00,1.6999999999999993,6147.040000000014,2882.0,2023-05-12T09:33:00-04:00,1.6999999999999993,6147.040000000014,2881.0,2023-05-12T09:32:00-04:00,1.6999999999999993,6147.040000000014,,,,,,,,,,,,,,,,,,,,,,,,,,,,,,,,,1038
2023-05-10,2023-05-12,2,6.0,2023-05-10T09:31:00-04:00,5.949999999999989,NDXP  230512P13380000,NDXP  230512P13370000,development,False,False,0,0,0,26,0,1174,available,False,2023-05-10T09:31:00-04:00,2023-05-12T16:00:00-04:00,10.0,-8252.960000000021,0.0,last_observed_quote_not_settlement,1036.0,563,49,5.75,147.03999999997797,2023-05-10T09:32:00-04:00,0.0,5.3999999999999915,847.039999999995,2023-05-10T09:33:00-04:00,0.0,5.299999999999997,1047.0399999999836,2023-05-10T09:36:00-04:00,0.0,7.0,-2352.960000000022,2023-05-10T09:41:00-04:00,0.0,5.900000000000006,-152.9600000000334,2023-05-10T09:46:00-04:00,0.0,5.650000000000006,347.0399999999666,2023-05-10T10:01:00-04:00,0.0,5.25,1147.039999999978,2023-05-10T10:31:00-04:00,0.0,6.3500000000000085,-1052.9600000000391,2023-05-10T11:31:00-04:00,0.0,5.599999999999994,447.03999999998933,2023-05-10T16:00:00-04:00,0.0,4.0,3647.039999999978,2023-05-11T16:00:00-04:00,0.0,10.0,-8252.960000000021,2023-05-12T16:00:00-04:00,0.0,,,,,2.0,hit,7.0,hit,1625.0,hit,2880.0,hit,,never_hit,,never_hit,,never_hit,10.0,hit,10.0,hit,10.0,hit,234.0,hit,3052.0,hit,3073.0,hit,8.299999999999983,278,True,True,False,False,,,,True,True,True,False,3.4499999999999886,,,True,True,True,False,3.4499999999999886,,,True,True,True,False,3.4499999999999886,2880.0,2023-05-12T09:31:00-04:00,2.8999999999999986,5847.039999999981,2881.0,2023-05-12T09:32:00-04:00,2.849999999999998,5947.039999999982,2882.0,2023-05-12T09:33:00-04:00,2.6500000000000004,6347.039999999977,2881.0,2023-05-12T09:32:00-04:00,2.849999999999998,5947.039999999982,,,,,,,,,,,,,,,,,,,,,,,,,,,,,,,,,,,,,,,,,,,,,,,,,1039
2023-05-10,2023-05-12,2,7.0,2023-05-10T09:31:00-04:00,6.950000000000003,NDXP  230512P13400000,NDXP  230512P13390000,development,False,False,0,0,0,50,0,1150,available,False,2023-05-10T09:31:00-04:00,2023-05-12T16:00:00-04:00,10.0,-6252.959999999994,0.0,last_observed_quote_not_settlement,1036.0,452,73,5.950000000000003,1747.0400000000006,2023-05-10T09:32:00-04:00,0.0,5.800000000000011,2047.0399999999836,2023-05-10T09:33:00-04:00,0.0,5.849999999999994,1947.0400000000177,2023-05-10T09:36:00-04:00,0.0,6.550000000000011,547.0399999999836,2023-05-10T09:41:00-04:00,0.0,6.099999999999994,1447.0400000000177,2023-05-10T09:46:00-04:00,0.0,5.75,2147.0400000000063,2023-05-10T10:01:00-04:00,0.0,6.049999999999983,1547.0400000000404,2023-05-10T10:31:00-04:00,0.0,7.25,-852.9599999999937,2023-05-10T11:31:00-04:00,0.0,6.150000000000006,1347.039999999995,2023-05-10T16:00:00-04:00,0.0,5.0,3647.0400000000063,2023-05-11T16:00:00-04:00,0.0,10.0,-6252.959999999994,2023-05-12T16:00:00-04:00,0.0,,,,,6.0,hit,7.0,hit,1756.0,hit,,never_hit,,never_hit,,never_hit,,never_hit,54.0,hit,84.0,hit,16.0,hit,84.0,hit,233.0,hit,3053.0,hit,,,True,True,True,False,3.5500000000000007,,,True,True,True,False,3.5500000000000007,,,True,True,True,False,3.5500000000000007,,,True,True,True,False,3.5500000000000007,,,,,,,,,,,,,,,,,,,,,,,,,,,,,,,,,,,,,,,,,,,,,,,,,,,,,,,,,,,,,,,,,1040
2023-05-12,2023-05-15,3,5.0,2023-05-12T09:31:00-04:00,4.899999999999999,NDXP  230515P13430000,NDXP  230515P13420000,development,False,False,0,0,1,3,0,791,available,False,2023-05-12T09:31:00-04:00,2023-05-15T15:59:00-04:00,7.5,-5452.960000000002,1.0,last_observed_quote_not_settlement,3916.0,773,5,4.699999999999996,147.0400000000064,2023-05-12T09:32:00-04:00,0.0,4.549999999999997,447.04000000000354,2023-05-12T09:33:00-04:00,0.0,4.350000000000001,847.039999999995,2023-05-12T09:36:00-04:00,0.0,4.900000000000006,-252.9600000000135,2023-05-12T09:41:00-04:00,0.0,5.099999999999994,-652.9599999999908,2023-05-12T09:46:00-04:00,0.0,5.8999999999999915,-2252.959999999985,2023-05-12T10:01:00-04:00,0.0,7.450000000000003,-5352.960000000008,2023-05-12T10:31:00-04:00,0.0,7.549999999999997,-5552.959999999996,2023-05-12T11:31:00-04:00,0.0,8.200000000000003,-6852.96000000001,2023-05-12T16:00:00-04:00,0.0,,,2023-05-12T16:15:00-04:00,85500.0,,,2023-05-12T16:15:00-04:00,171900.0,,,2023-05-15T15:59:00-04:00,60.0,0.0,hit,0.0,hit,,never_hit,,never_hit,,never_hit,,never_hit,,never_hit,18.0,hit,18.0,hit,60.0,hit,127.0,hit,212.0,hit,4347.0,hit,,,True,True,True,False,0.5499999999999972,,,True,True,True,False,0.5499999999999972,,,True,True,True,False,0.5499999999999972,,,True,True,True,False,0.5499999999999972,,,,,,,,,,,,,,,,,,,,,,,,,,,,,,,,,,,,,,,,,,,,,,,,,,,,,,,,,,,,,,,,,1041
2023-05-12,2023-05-15,3,6.0,2023-05-12T09:31:00-04:00,6.199999999999989,NDXP  230515P13470000,NDXP  230515P13460000,development,False,False,0,0,0,23,0,771,available,False,2023-05-12T09:31:00-04:00,2023-05-15T15:59:00-04:00,9.849999999999994,-7552.960000000013,1.0,last_observed_quote_not_settlement,3916.0,732,7,5.8500000000000085,447.0399999999609,2023-05-12T09:32:00-04:00,0.0,6.049999999999997,47.03999999998366,2023-05-12T09:33:00-04:00,0.0,5.5,1147.039999999978,2023-05-12T09:36:00-04:00,0.0,6.199999999999989,-252.9599999999993,2023-05-12T09:41:00-04:00,0.0,6.300000000000011,-452.9600000000448,2023-05-12T09:46:00-04:00,0.0,6.6499999999999915,-1152.960000000005,2023-05-12T10:01:00-04:00,0.0,8.399999999999977,-4652.959999999978,2023-05-12T10:31:00-04:00,0.0,8.449999999999989,-4752.960000000001,2023-05-12T11:31:00-04:00,0.0,9.149999999999991,-6152.960000000006,2023-05-12T16:00:00-04:00,0.0,,,2023-05-12T16:15:00-04:00,85500.0,,,2023-05-12T16:15:00-04:00,171900.0,,,2023-05-15T15:59:00-04:00,60.0,5.0,hit,,never_hit,,never_hit,,never_hit,,never_hit,,never_hit,,never_hit,18.0,hit,31.0,hit,20.0,hit,35.0,hit,176.0,hit,195.0,hit,,,True,True,True,False,0.6999999999999886,,,True,True,True,False,0.6999999999999886,,,True,True,True,False,0.6999999999999886,,,True,True,True,False,0.6999999999999886,,,,,,,,,,,,,,,,,,,,,,,,,,,,,,,,,,,,,,,,,,,,,,,,,,,,,,,,,,,,,,,,,1042
2023-05-12,2023-05-15,3,7.0,2023-05-12T09:31:00-04:00,6.950000000000003,NDXP  230515P13500000,NDXP  230515P13490000,development,False,False,0,0,0,45,0,749,available,False,2023-05-12T09:31:00-04:00,2023-05-15T15:58:00-04:00,9.850000000000009,-6052.960000000013,2.0,last_observed_quote_not_settlement,3917.0,703,6,7.0,-352.9599999999936,2023-05-12T09:32:00-04:00,0.0,6.6499999999999915,347.04000000002344,2023-05-12T09:33:00-04:00,0.0,7.200000000000003,-752.9599999999994,2023-05-12T09:36:00-04:00,0.0,7.299999999999997,-952.959999999988,2023-05-12T09:41:00-04:00,0.0,7.250000000000014,-852.9600000000221,2023-05-12T09:46:00-04:00,0.0,7.949999999999989,-2252.959999999971,2023-05-12T10:01:00-04:00,0.0,8.650000000000034,-3652.9600000000637,2023-05-12T10:31:00-04:00,0.0,8.800000000000011,-3952.960000000018,2023-05-12T11:31:00-04:00,0.0,9.5,-5352.9599999999955,2023-05-12T16:00:00-04:00,0.0,,,2023-05-12T16:15:00-04:00,85500.0,,,2023-05-12T16:15:00-04:00,171900.0,,,2023-05-15T15:58:00-04:00,120.0,,never_hit,,never_hit,,never_hit,,never_hit,,never_hit,,never_hit,,never_hit,8.0,hit,29.0,hit,1.0,hit,29.0,hit,29.0,hit,29.0,hit,,,True,True,True,False,0.5500000000000114,,,True,True,True,False,0.5500000000000114,,,True,True,True,False,0.5500000000000114,,,True,True,True,False,0.5500000000000114,,,,,,,,,,,,,,,,,,,,,,,,,,,,,,,,,,,,,,,,,,,,,,,,,,,,,,,,,,,,,,,,,1043
2023-05-15,2023-05-17,2,5.0,2023-05-15T09:31:00-04:00,4.849999999999994,NDXP  230517P13370000,NDXP  230517P13360000,development,False,False,0,0,0,97,15,1103,available,False,2023-05-15T09:31:00-04:00,2023-05-17T16:00:00-04:00,0.0,9447.03999999999,0.0,last_observed_quote_not_settlement,1036.0,84,16,4.75,-52.96000000001066,2023-05-15T09:32:00-04:00,0.0,4.450000000000003,547.0399999999836,2023-05-15T09:33:00-04:00,0.0,4.650000000000006,147.03999999997797,2023-05-15T09:36:00-04:00,0.0,4.950000000000003,-452.96000000001635,2023-05-15T09:41:00-04:00,0.0,4.6000000000000085,247.03999999997225,2023-05-15T09:46:00-04:00,0.0,5.900000000000006,-2352.960000000022,2023-05-15T10:01:00-04:00,0.0,5.800000000000011,-2152.9600000000332,2023-05-15T10:31:00-04:00,0.0,4.499999999999993,447.04000000000354,2023-05-15T11:31:00-04:00,0.0,3.3999999999999915,2647.0400000000063,2023-05-15T16:00:00-04:00,0.0,2.6499999999999986,4147.039999999992,2023-05-16T16:00:00-04:00,0.0,0.0,9447.03999999999,2023-05-17T16:00:00-04:00,0.0,,,,,0.0,hit,0.0,hit,143.0,hit,404.0,hit,1456.0,hit,2880.0,hit,2967.0,hit,21.0,hit,26.0,hit,,never_hit,,never_hit,,never_hit,,never_hit,6.599999999999994,84,False,False,False,False,,6.599999999999994,84,False,False,False,False,,6.599999999999994,84,False,False,False,False,,6.599999999999994,84,False,False,False,False,,1452.0,2023-05-16T09:43:00-04:00,2.8499999999999943,3747.040000000001,1453.0,2023-05-16T09:44:00-04:00,2.549999999999997,4347.039999999995,1454.0,2023-05-16T09:45:00-04:00,2.5,4447.039999999989,1453.0,2023-05-16T09:44:00-04:00,2.549999999999997,4347.039999999995,1456.0,2023-05-16T09:47:00-04:00,1.5500000000000007,6347.039999999988,1457.0,2023-05-16T09:48:00-04:00,1.5499999999999972,6347.039999999995,1543.0,2023-05-16T11:14:00-04:00,1.8999999999999986,5647.039999999992,1457.0,2023-05-16T09:48:00-04:00,1.5499999999999972,6347.039999999995,2880.0,2023-05-17T09:31:00-04:00,0.8500000000000005,7747.039999999988,2881.0,2023-05-17T09:32:00-04:00,0.8500000000000005,7747.039999999988,2937.0,2023-05-17T10:28:00-04:00,0.9000000000000004,7647.039999999989,2881.0,2023-05-17T09:32:00-04:00,0.8500000000000005,7747.039999999988,2968.0,2023-05-17T10:59:00-04:00,0.4249999999999998,8597.03999999999,2969.0,2023-05-17T11:00:00-04:00,0.4249999999999998,8597.03999999999,2970.0,2023-05-17T11:01:00-04:00,0.3999999999999999,8647.03999999999,2969.0,2023-05-17T11:00:00-04:00,0.4249999999999998,8597.03999999999,1044
2023-05-15,2023-05-17,2,6.0,2023-05-15T09:31:00-04:00,5.75,NDXP  230517P13410000,NDXP  230517P13400000,development,False,False,0,0,0,46,15,1154,available,False,2023-05-15T09:31:00-04:00,2023-05-17T16:00:00-04:00,0.0,11247.04,0.0,last_observed_quote_not_settlement,1036.0,69,22,3.6000000000000085,4047.0399999999836,2023-05-15T09:32:00-04:00,0.0,5.450000000000003,347.039999999995,2023-05-15T09:33:00-04:00,0.0,5.400000000000006,447.03999999998933,2023-05-15T09:36:00-04:00,0.0,4.950000000000003,1347.039999999995,2023-05-15T09:41:00-04:00,0.0,5.450000000000003,347.039999999995,2023-05-15T09:46:00-04:00,0.0,5.549999999999983,147.0400000000348,2023-05-15T10:01:00-04:00,0.0,6.700000000000017,-2152.9600000000332,2023-05-15T10:31:00-04:00,0.0,4.3999999999999915,2447.0400000000177,2023-05-15T11:31:00-04:00,0.0,5.000000000000007,1247.0399999999865,2023-05-15T16:00:00-04:00,0.0,3.700000000000003,3847.039999999995,2023-05-16T16:00:00-04:00,0.0,0.0,11247.04,2023-05-17T16:00:00-04:00,0.0,,,,,1.0,hit,1.0,hit,1.0,hit,1526.0,hit,1625.0,hit,2968.0,hit,3027.0,hit,23.0,hit,27.0,hit,37.0,hit,51.0,hit,,never_hit,,never_hit,8.400000000000006,69,True,True,False,False,,8.400000000000006,69,True,True,False,False,,8.400000000000006,69,True,True,False,False,,8.400000000000006,69,True,True,False,False,,1526.0,2023-05-16T10:57:00-04:00,2.6499999999999986,5947.040000000004,1527.0,2023-05-16T10:58:00-04:00,2.75,5747.040000000001,1528.0,2023-05-16T10:59:00-04:00,2.8999999999999986,5447.040000000004,1527.0,2023-05-16T10:58:00-04:00,2.75,5747.040000000001,1652.0,2023-05-16T13:03:00-04:00,1.9499999999999957,7347.040000000009,2881.0,2023-05-17T09:32:00-04:00,1.6999999999999993,7847.040000000002,2882.0,2023-05-17T09:33:00-04:00,1.6499999999999986,7947.040000000004,1653.0,2023-05-16T13:04:00-04:00,2.099999999999998,7047.0400000000045,2987.0,2023-05-17T11:18:00-04:00,0.6999999999999997,9847.04,2988.0,2023-05-17T11:19:00-04:00,0.625,9997.04,2989.0,2023-05-17T11:20:00-04:00,0.8499999999999996,9547.040000000003,2988.0,2023-05-17T11:19:00-04:00,0.625,9997.04,3028.0,2023-05-17T11:59:00-04:00,0.42500000000000027,10397.04,3029.0,2023-05-17T12:00:00-04:00,0.32499999999999973,10597.04,3030.0,2023-05-17T12:01:00-04:00,0.3250000000000002,10597.04,3029.0,2023-05-17T12:00:00-04:00,0.32499999999999973,10597.04,1045
2023-05-15,2023-05-17,2,7.0,2023-05-15T09:31:00-04:00,7.050000000000011,NDXP  230517P13450000,NDXP  230517P13440000,development,False,False,0,0,0,0,15,1200,available,False,2023-05-15T09:31:00-04:00,2023-05-17T16:00:00-04:00,0.0,13847.040000000025,0.0,last_observed_quote_not_settlement,1036.0,116,29,7.450000000000003,-1052.9599999999823,2023-05-15T09:32:00-04:00,0.0,6.75,347.04000000002344,2023-05-15T09:33:00-04:00,0.0,6.500000000000014,847.039999999995,2023-05-15T09:36:00-04:00,0.0,6.899999999999977,47.04000000006892,2023-05-15T09:41:00-04:00,0.0,6.450000000000003,947.0400000000177,2023-05-15T09:46:00-04:00,0.0,7.450000000000017,-1052.9600000000107,2023-05-15T10:01:00-04:00,0.0,7.75,-1652.9599999999766,2023-05-15T10:31:00-04:00,0.0,6.549999999999997,747.0400000000291,2023-05-15T11:31:00-04:00,0.0,5.6000000000000085,2647.0400000000063,2023-05-15T16:00:00-04:00,0.0,5.5,2847.0400000000236,2023-05-16T16:00:00-04:00,0.0,0.0,13847.040000000025,2023-05-17T16:00:00-04:00,0.0,,,,,218.0,hit,1453.0,hit,1526.0,hit,1819.0,hit,1819.0,hit,3062.0,hit,3070.0,hit,28.0,hit,253.0,hit,0.0,hit,38.0,hit,3259.0,hit,3259.0,hit,8.399999999999991,115,True,True,False,False,,8.399999999999991,115,True,True,False,False,,8.399999999999991,115,True,True,False,False,,8.399999999999991,115,True,True,False,False,,1819.0,2023-05-16T15:50:00-04:00,1.3500000000000014,11147.04000000002,2968.0,2023-05-17T10:59:00-04:00,2.5999999999999996,8647.040000000025,2969.0,2023-05-17T11:00:00-04:00,2.6499999999999986,8547.040000000026,1820.0,2023-05-16T15:51:00-04:00,4.950000000000003,3947.0400000000177,1819.0,2023-05-16T15:50:00-04:00,1.3500000000000014,11147.04000000002,2988.0,2023-05-17T11:19:00-04:00,1.799999999999999,10247.040000000026,3012.0,2023-05-17T11:43:00-04:00,1.8499999999999996,10147.040000000025,1820.0,2023-05-16T15:51:00-04:00,4.950000000000003,3947.0400000000177,3063.0,2023-05-17T12:34:00-04:00,0.8999999999999995,12047.040000000025,3064.0,2023-05-17T12:35:00-04:00,0.9000000000000004,12047.040000000023,3068.0,2023-05-17T12:39:00-04:00,0.8500000000000001,12147.040000000023,3064.0,2023-05-17T12:35:00-04:00,0.9000000000000004,12047.040000000023,3083.0,2023-05-17T12:54:00-04:00,0.42500000000000027,12997.040000000023,3084.0,2023-05-17T12:55:00-04:00,0.375,13097.040000000025,3085.0,2023-05-17T12:56:00-04:00,0.3999999999999999,13047.040000000023,3084.0,2023-05-17T12:55:00-04:00,0.375,13097.040000000025,1046
2023-05-15,2023-05-18,3,5.0,2023-05-15T09:31:00-04:00,5.099999999999994,NDXP  230518P13380000,NDXP  230518P13370000,development,False,False,0,0,0,10,0,1595,available,False,2023-05-15T09:31:00-04:00,2023-05-18T16:00:00-04:00,0.0,9947.03999999999,0.0,last_observed_quote_not_settlement,1036.0,64,16,4.75,447.03999999998933,2023-05-15T09:32:00-04:00,0.0,3.25,3447.0399999999895,2023-05-15T09:33:00-04:00,0.0,4.599999999999994,747.0400000000006,2023-05-15T09:36:00-04:00,0.0,4.8999999999999915,147.0400000000064,2023-05-15T09:41:00-04:00,0.0,4.450000000000003,1047.0399999999836,2023-05-15T09:46:00-04:00,0.0,5.049999999999997,-152.96000000000498,2023-05-15T10:01:00-04:00,0.0,6.200000000000003,-2452.9600000000164,2023-05-15T10:31:00-04:00,0.0,4.549999999999997,847.039999999995,2023-05-15T11:31:00-04:00,0.0,3.4499999999999957,3047.0399999999977,2023-05-15T16:00:00-04:00,0.0,3.200000000000003,3547.0399999999836,2023-05-16T16:00:00-04:00,0.0,0.34999999999999964,9247.039999999992,2023-05-17T16:00:00-04:00,0.0,0.0,9947.03999999999,2023-05-18T16:00:00-04:00,0.0,0.0,hit,1.0,hit,2.0,hit,1453.0,hit,1587.0,hit,3062.0,hit,3099.0,hit,37.0,hit,37.0,hit,,never_hit,,never_hit,,never_hit,,never_hit,6.549999999999997,64,False,False,False,False,,6.549999999999997,64,False,False,False,False,,6.549999999999997,64,False,False,False,False,,6.549999999999997,64,False,False,False,False,,1454.0,2023-05-16T09:45:00-04:00,2.8999999999999986,4147.039999999992,1455.0,2023-05-16T09:46:00-04:00,2.799999999999997,4347.039999999995,1456.0,2023-05-16T09:47:00-04:00,2.700000000000003,4547.039999999984,1455.0,2023-05-16T09:46:00-04:00,2.799999999999997,4347.039999999995,1587.0,2023-05-16T11:58:00-04:00,1.75,6447.039999999989,1588.0,2023-05-16T11:59:00-04:00,1.8999999999999986,6147.039999999992,2957.0,2023-05-17T10:48:00-04:00,1.8499999999999979,6247.039999999994,1588.0,2023-05-16T11:59:00-04:00,1.8999999999999986,6147.039999999992,3062.0,2023-05-17T12:33:00-04:00,0.9499999999999993,8047.039999999991,3069.0,2023-05-17T12:40:00-04:00,0.8999999999999986,8147.039999999993,3070.0,2023-05-17T12:41:00-04:00,0.8000000000000007,8347.039999999988,3063.0,2023-05-17T12:34:00-04:00,1.0999999999999996,7747.03999999999,3113.0,2023-05-17T13:24:00-04:00,0.40000000000000036,9147.03999999999,3114.0,2023-05-17T13:25:00-04:00,0.39999999999999947,9147.039999999992,3123.0,2023-05-17T13:34:00-04:00,0.39999999999999947,9147.039999999992,3114.0,2023-05-17T13:25:00-04:00,0.39999999999999947,9147.039999999992,1047
2023-05-15,2023-05-18,3,6.0,2023-05-15T09:31:00-04:00,6.049999999999997,NDXP  230518P13430000,NDXP  230518P13420000,development,False,False,0,0,0,78,0,1527,available,False,2023-05-15T09:31:00-04:00,2023-05-18T16:00:00-04:00,0.0,11847.039999999995,0.0,last_observed_quote_not_settlement,1036.0,81,10,5.850000000000023,147.03999999994954,2023-05-15T09:32:00-04:00,0.0,5.75,347.039999999995,2023-05-15T09:33:00-04:00,0.0,5.799999999999997,247.04000000000067,2023-05-15T09:36:00-04:00,0.0,5.549999999999983,747.0400000000291,2023-05-15T09:41:00-04:00,0.0,5.0,1847.039999999995,2023-05-15T09:46:00-04:00,0.0,6.400000000000006,-952.9600000000164,2023-05-15T10:01:00-04:00,0.0,6.849999999999994,-1852.9599999999937,2023-05-15T10:31:00-04:00,0.0,4.6499999999999915,2547.0400000000122,2023-05-15T11:31:00-04:00,0.0,4.6499999999999915,2547.0400000000122,2023-05-15T16:00:00-04:00,0.0,4.399999999999999,3047.0399999999977,2023-05-16T16:00:00-04:00,0.0,0.6500000000000004,10547.039999999995,2023-05-17T16:00:00-04:00,0.0,0.0,11847.039999999995,2023-05-18T16:00:00-04:00,0.0,14.0,hit,15.0,hit,1454.0,hit,1585.0,hit,3061.0,hit,3095.0,hit,3152.0,hit,36.0,hit,,never_hit,38.0,hit,,never_hit,,never_hit,,never_hit,7.0,81,True,False,False,False,,7.0,81,True,False,False,False,,7.0,81,True,False,False,False,,7.0,81,True,False,False,False,,1588.0,2023-05-16T11:59:00-04:00,2.9499999999999957,5947.040000000004,1630.0,2023-05-16T12:41:00-04:00,2.8499999999999943,6147.040000000006,1651.0,2023-05-16T13:02:00-04:00,2.8500000000000085,6147.039999999978,1589.0,2023-05-16T12:00:00-04:00,3.049999999999997,5747.040000000001,3062.0,2023-05-17T12:33:00-04:00,1.8499999999999979,8147.04,3063.0,2023-05-17T12:34:00-04:00,1.8000000000000007,8247.039999999994,3064.0,2023-05-17T12:35:00-04:00,1.6499999999999986,8547.039999999999,3063.0,2023-05-17T12:34:00-04:00,1.8000000000000007,8247.039999999994,3109.0,2023-05-17T13:20:00-04:00,0.9499999999999993,9947.039999999997,3115.0,2023-05-17T13:26:00-04:00,0.8499999999999996,10147.039999999997,3116.0,2023-05-17T13:27:00-04:00,0.8000000000000007,10247.039999999994,3110.0,2023-05-17T13:21:00-04:00,1.0500000000000007,9747.039999999994,3259.0,2023-05-17T15:50:00-04:00,0.0,11847.039999999995,4321.0,2023-05-18T09:32:00-04:00,0.24999999999999956,11347.039999999995,4322.0,2023-05-18T09:33:00-04:00,0.2749999999999999,11297.039999999995,3260.0,2023-05-17T15:51:00-04:00,0.5,10847.039999999995,1048
2023-05-15,2023-05-18,3,7.0,2023-05-15T09:31:00-04:00,6.900000000000006,NDXP  230518P13460000,NDXP  230518P13450000,development,False,False,0,0,0,2,0,1603,available,False,2023-05-15T09:31:00-04:00,2023-05-18T16:00:00-04:00,0.0,13547.040000000014,0.0,last_observed_quote_not_settlement,1036.0,59,20,5.449999999999989,2647.040000000035,2023-05-15T09:32:00-04:00,0.0,6.699999999999989,147.0400000000348,2023-05-15T09:33:00-04:00,0.0,6.050000000000011,1447.0399999999893,2023-05-15T09:36:00-04:00,0.0,5.899999999999977,1747.0400000000575,2023-05-15T09:41:00-04:00,0.0,6.15000000000002,1247.0399999999722,2023-05-15T09:46:00-04:00,0.0,7.099999999999994,-652.9599999999766,2023-05-15T10:01:00-04:00,0.0,7.899999999999977,-2252.9599999999423,2023-05-15T10:31:00-04:00,0.0,5.1499999999999915,3247.040000000029,2023-05-15T11:31:00-04:00,0.0,4.449999999999989,4647.0400000000345,2023-05-15T16:00:00-04:00,0.0,5.25,3047.0400000000122,2023-05-16T16:00:00-04:00,0.0,0.9500000000000011,11647.04000000001,2023-05-17T16:00:00-04:00,0.0,0.0,13547.040000000014,2023-05-18T16:00:00-04:00,0.0,1.0,hit,151.0,hit,1443.0,hit,2983.0,hit,3076.0,hit,3136.0,hit,3259.0,hit,31.0,hit,37.0,hit,23.0,hit,39.0,hit,,never_hit,,never_hit,8.550000000000011,59,True,True,False,False,,8.550000000000011,59,True,True,False,False,,8.550000000000011,59,True,True,False,False,,8.550000000000011,59,True,True,False,False,,3015.0,2023-05-17T11:46:00-04:00,2.9499999999999993,7647.040000000014,3016.0,2023-05-17T11:47:00-04:00,2.8500000000000014,7847.040000000009,3017.0,2023-05-17T11:48:00-04:00,2.900000000000002,7747.040000000008,3016.0,2023-05-17T11:47:00-04:00,2.8500000000000014,7847.040000000009,3082.0,2023-05-17T12:53:00-04:00,1.9499999999999957,9647.04000000002,3085.0,2023-05-17T12:56:00-04:00,1.75,10047.040000000014,3086.0,2023-05-17T12:57:00-04:00,1.9000000000000021,9747.040000000008,3083.0,2023-05-17T12:54:00-04:00,2.0,9547.040000000014,3137.0,2023-05-17T13:48:00-04:00,0.9499999999999993,11647.040000000014,3153.0,2023-05-17T14:04:00-04:00,0.9499999999999993,11647.040000000014,3257.0,2023-05-17T15:48:00-04:00,0.8499999999999996,11847.040000000014,3138.0,2023-05-17T13:49:00-04:00,0.9500000000000011,11647.04000000001,3259.0,2023-05-17T15:50:00-04:00,0.0,13547.040000000014,4322.0,2023-05-18T09:33:00-04:00,0.25,13047.040000000014,4323.0,2023-05-18T09:34:00-04:00,0.19999999999999973,13147.040000000012,3260.0,2023-05-17T15:51:00-04:00,0.8000000000000007,11947.040000000012,1049
2023-05-16,2023-05-18,2,5.0,2023-05-16T09:31:00-04:00,5.1000000000000085,NDXP  230518P13420000,NDXP  230518P13410000,development,False,False,0,0,0,8,0,1192,available,False,2023-05-16T09:31:00-04:00,2023-05-18T16:00:00-04:00,0.0,9947.040000000019,0.0,last_observed_quote_not_settlement,1036.0,0,0,4.599999999999994,747.0400000000291,2023-05-16T09:32:00-04:00,0.0,4.700000000000003,547.040000000012,2023-05-16T09:33:00-04:00,0.0,4.3999999999999915,1147.0400000000348,2023-05-16T09:36:00-04:00,0.0,4.550000000000011,847.039999999995,2023-05-16T09:41:00-04:00,0.0,3.950000000000003,2047.0400000000122,2023-05-16T09:46:00-04:00,0.0,4.1000000000000085,1747.0400000000006,2023-05-16T10:01:00-04:00,0.0,3.6499999999999986,2647.0400000000204,2023-05-16T10:31:00-04:00,0.0,2.950000000000003,4047.040000000012,2023-05-16T11:31:00-04:00,0.0,4.099999999999994,1747.040000000029,2023-05-16T16:00:00-04:00,0.0,0.5499999999999989,8847.04000000002,2023-05-17T16:00:00-04:00,0.0,0.0,9947.040000000019,2023-05-18T16:00:00-04:00,0.0,,,,,0.0,hit,1.0,hit,13.0,hit,43.0,hit,1572.0,hit,1644.0,hit,1700.0,hit,,never_hit,,never_hit,,never_hit,,never_hit,,never_hit,,never_hit,5.1000000000000085,0,False,False,False,False,,5.1000000000000085,0,False,False,False,False,,5.1000000000000085,0,False,False,False,False,,5.1000000000000085,0,False,False,False,False,,43.0,2023-05-16T10:14:00-04:00,2.200000000000017,5547.039999999984,143.0,2023-05-16T11:54:00-04:00,2.8999999999999986,4147.040000000021,144.0,2023-05-16T11:55:00-04:00,2.8000000000000043,4347.040000000009,44.0,2023-05-16T10:15:00-04:00,4.75,447.04000000001776,1574.0,2023-05-17T11:45:00-04:00,1.9499999999999993,6047.040000000019,1575.0,2023-05-17T11:46:00-04:00,1.9000000000000021,6147.040000000014,1576.0,2023-05-17T11:47:00-04:00,1.8999999999999986,6147.040000000021,1575.0,2023-05-17T11:46:00-04:00,1.9000000000000021,6147.040000000014,1655.0,2023-05-17T13:06:00-04:00,0.9499999999999993,8047.040000000019,1656.0,2023-05-17T13:07:00-04:00,0.9000000000000021,8147.040000000013,1657.0,2023-05-17T13:08:00-04:00,0.8999999999999986,8147.04000000002,1656.0,2023-05-17T13:07:00-04:00,0.9000000000000021,8147.040000000013,1818.0,2023-05-17T15:49:00-04:00,0.40000000000000036,9147.040000000017,1819.0,2023-05-17T15:50:00-04:00,0.0,9947.040000000019,1840.0,2023-05-17T16:11:00-04:00,0.40000000000000036,9147.040000000017,1819.0,2023-05-17T15:50:00-04:00,0.0,9947.040000000019,1050
2023-05-16,2023-05-18,2,6.0,2023-05-16T09:31:00-04:00,6.25,NDXP  230518P13470000,NDXP  230518P13460000,development,False,False,0,0,0,11,0,1189,available,False,2023-05-16T09:31:00-04:00,2023-05-18T16:00:00-04:00,0.0,12247.04,0.0,last_observed_quote_not_settlement,1036.0,0,0,6.200000000000003,-152.96000000000498,2023-05-16T09:32:00-04:00,0.0,5.349999999999994,1547.040000000012,2023-05-16T09:33:00-04:00,0.0,5.149999999999977,1947.0400000000461,2023-05-16T09:36:00-04:00,0.0,5.450000000000017,1347.0399999999665,2023-05-16T09:41:00-04:00,0.0,4.5,3247.040000000001,2023-05-16T09:46:00-04:00,0.0,5.349999999999994,1547.040000000012,2023-05-16T10:01:00-04:00,0.0,4.549999999999997,3147.0400000000063,2023-05-16T10:31:00-04:00,0.0,4.100000000000001,4047.039999999998,2023-05-16T11:31:00-04:00,0.0,5.5,1247.0400000000006,2023-05-16T16:00:00-04:00,0.0,1.0999999999999979,10047.040000000006,2023-05-17T16:00:00-04:00,0.0,0.0,12247.04,2023-05-18T16:00:00-04:00,0.0,,,,,2.0,hit,7.0,hit,20.0,hit,1622.0,hit,1644.0,hit,1708.0,hit,1819.0,hit,,never_hit,,never_hit,,never_hit,,never_hit,,never_hit,,never_hit,6.25,0,False,False,False,False,,6.25,0,False,False,False,False,,6.25,0,False,False,False,False,,6.25,0,False,False,False,False,,1625.0,2023-05-17T12:36:00-04:00,2.9499999999999993,6347.040000000002,1626.0,2023-05-17T12:37:00-04:00,2.9499999999999993,6347.040000000002,1630.0,2023-05-17T12:41:00-04:00,2.4499999999999993,7347.040000000002,1626.0,2023-05-17T12:37:00-04:00,2.9499999999999993,6347.040000000002,1646.0,2023-05-17T12:57:00-04:00,1.9499999999999993,8347.040000000003,1653.0,2023-05-17T13:04:00-04:00,1.9000000000000021,8447.039999999997,1654.0,2023-05-17T13:05:00-04:00,1.6999999999999993,8847.040000000003,1647.0,2023-05-17T12:58:00-04:00,2.25,7747.040000000001,1786.0,2023-05-17T15:17:00-04:00,0.9499999999999993,10347.040000000003,1787.0,2023-05-17T15:18:00-04:00,0.9499999999999993,10347.040000000003,1821.0,2023-05-17T15:52:00-04:00,0.9499999999999993,10347.040000000003,1787.0,2023-05-17T15:18:00-04:00,0.9499999999999993,10347.040000000003,1819.0,2023-05-17T15:50:00-04:00,0.0,12247.04,2889.0,2023-05-18T09:40:00-04:00,0.375,11497.04,2890.0,2023-05-18T09:41:00-04:00,0.20000000000000018,11847.04,1820.0,2023-05-17T15:51:00-04:00,0.8999999999999986,10447.040000000005,1051
2023-05-16,2023-05-18,2,7.0,2023-05-16T09:31:00-04:00,7.099999999999994,NDXP  230518P13520000,NDXP  230518P13510000,development,False,False,0,0,0,10,0,1190,available,False,2023-05-16T09:31:00-04:00,2023-05-18T16:00:00-04:00,0.0,13947.03999999999,0.0,last_observed_quote_not_settlement,1036.0,14,21,7.250000000000014,-552.9600000000391,2023-05-16T09:32:00-04:00,0.0,6.75,447.03999999998933,2023-05-16T09:33:00-04:00,0.0,6.950000000000003,47.03999999998366,2023-05-16T09:36:00-04:00,0.0,7.0,-52.96000000001066,2023-05-16T09:41:00-04:00,0.0,5.949999999999989,2047.0400000000122,2023-05-16T09:46:00-04:00,0.0,6.549999999999997,847.039999999995,2023-05-16T10:01:00-04:00,0.0,5.949999999999989,2047.0400000000122,2023-05-16T10:31:00-04:00,0.0,5.450000000000003,3047.0399999999836,2023-05-16T11:31:00-04:00,0.0,6.75,447.03999999998933,2023-05-16T16:00:00-04:00,0.0,2.0500000000000043,9847.03999999998,2023-05-17T16:00:00-04:00,0.0,0.0,13947.03999999999,2023-05-18T16:00:00-04:00,0.0,,,,,86.0,hit,87.0,hit,119.0,hit,1655.0,hit,1700.0,hit,2888.0,hit,2909.0,hit,,never_hit,,never_hit,0.0,hit,,never_hit,,never_hit,,never_hit,7.450000000000017,14,True,False,False,False,,7.450000000000017,14,True,False,False,False,,7.450000000000017,14,True,False,False,False,,7.450000000000017,14,True,False,False,False,,1655.0,2023-05-17T13:06:00-04:00,2.8500000000000014,8247.039999999988,1656.0,2023-05-17T13:07:00-04:00,2.75,8447.03999999999,1657.0,2023-05-17T13:08:00-04:00,2.849999999999998,8247.039999999994,1656.0,2023-05-17T13:07:00-04:00,2.75,8447.03999999999,1708.0,2023-05-17T13:59:00-04:00,1.9499999999999993,10047.039999999992,1709.0,2023-05-17T14:00:00-04:00,1.9499999999999993,10047.039999999992,1733.0,2023-05-17T14:24:00-04:00,1.9499999999999957,10047.039999999999,1709.0,2023-05-17T14:00:00-04:00,1.9499999999999993,10047.039999999992,2888.0,2023-05-18T09:39:00-04:00,0.6000000000000005,12747.03999999999,2889.0,2023-05-18T09:40:00-04:00,0.7999999999999998,12347.03999999999,2890.0,2023-05-18T09:41:00-04:00,0.8500000000000005,12247.03999999999,2889.0,2023-05-18T09:40:00-04:00,0.7999999999999998,12347.03999999999,2909.0,2023-05-18T10:00:00-04:00,0.0,13947.03999999999,2921.0,2023-05-18T10:12:00-04:00,0.40000000000000036,13147.03999999999,2922.0,2023-05-18T10:13:00-04:00,0.4000000000000008,13147.039999999988,2910.0,2023-05-18T10:01:00-04:00,0.75,12447.03999999999,1052
2023-05-19,2023-05-22,3,5.0,2023-05-19T09:31:00-04:00,5.050000000000011,NDXP  230522P13870000,NDXP  230522P13860000,development,False,False,0,0,0,2,0,793,available,False,2023-05-19T09:31:00-04:00,2023-05-22T16:00:00-04:00,9.7,-9552.959999999975,0.0,last_observed_quote_not_settlement,3916.0,645,67,5.199999999999989,-552.9599999999539,2023-05-19T09:32:00-04:00,0.0,5.449999999999989,-1052.9599999999539,2023-05-19T09:33:00-04:00,0.0,5.150000000000006,-452.95999999998793,2023-05-19T09:36:00-04:00,0.0,4.650000000000006,547.040000000012,2023-05-19T09:41:00-04:00,0.0,5.000000000000014,-152.96000000000498,2023-05-19T09:46:00-04:00,0.0,5.450000000000003,-1052.9599999999823,2023-05-19T10:01:00-04:00,0.0,4.950000000000003,-52.95999999998224,2023-05-19T10:31:00-04:00,0.0,5.6499999999999915,-1452.9599999999596,2023-05-19T11:31:00-04:00,0.0,6.699999999999989,-3552.9599999999537,2023-05-19T16:00:00-04:00,0.0,,,2023-05-19T16:15:00-04:00,85500.0,,,2023-05-19T16:15:00-04:00,171900.0,9.7,-9552.959999999975,2023-05-22T16:00:00-04:00,0.0,0.0,hit,4.0,hit,4340.0,hit,4641.0,hit,,never_hit,,never_hit,,never_hit,19.0,hit,35.0,hit,180.0,hit,4522.0,hit,4685.0,hit,4685.0,hit,8.899999999999999,607,True,True,False,False,,,,True,True,True,False,2.850000000000012,,,True,True,True,False,2.850000000000012,,,True,True,True,False,2.850000000000012,4641.0,2023-05-22T14:52:00-04:00,2.3500000000000005,5147.040000000023,4642.0,2023-05-22T14:53:00-04:00,2.1999999999999993,5447.0400000000245,4643.0,2023-05-22T14:54:00-04:00,2.6000000000000005,4647.040000000023,4642.0,2023-05-22T14:53:00-04:00,2.1999999999999993,5447.0400000000245,,,,,,,,,,,,,,,,,,,,,,,,,,,,,,,,,,,,,,,,,,,,,,,,,1053
2023-05-19,2023-05-22,3,6.0,2023-05-19T09:31:00-04:00,6.0,NDXP  230522P13920000,NDXP  230522P13910000,development,False,False,0,0,0,36,0,759,available,False,2023-05-19T09:31:00-04:00,2023-05-22T16:00:00-04:00,10.0,-8152.96,0.0,last_observed_quote_not_settlement,3916.0,719,6,6.75,-1752.9599999999994,2023-05-19T09:32:00-04:00,0.0,6.550000000000011,-1352.960000000022,2023-05-19T09:33:00-04:00,0.0,6.550000000000011,-1352.960000000022,2023-05-19T09:36:00-04:00,0.0,6.099999999999994,-452.95999999998793,2023-05-19T09:41:00-04:00,0.0,6.199999999999989,-652.9599999999766,2023-05-19T09:46:00-04:00,0.0,6.800000000000011,-1852.960000000022,2023-05-19T10:01:00-04:00,0.0,6.550000000000011,-1352.960000000022,2023-05-19T10:31:00-04:00,0.0,7.400000000000034,-3052.9600000000673,2023-05-19T11:31:00-04:00,0.0,8.100000000000009,-4452.960000000018,2023-05-19T16:00:00-04:00,0.0,,,2023-05-19T16:15:00-04:00,85500.0,,,2023-05-19T16:15:00-04:00,171900.0,10.0,-8152.96,2023-05-22T16:00:00-04:00,0.0,,never_hit,,never_hit,,never_hit,,never_hit,,never_hit,,never_hit,,never_hit,1.0,hit,22.0,hit,22.0,hit,119.0,hit,4321.0,hit,4455.0,hit,,,True,True,True,False,0.25,,,True,True,True,False,0.25,,,True,True,True,False,0.25,,,True,True,True,False,0.25,,,,,,,,,,,,,,,,,,,,,,,,,,,,,,,,,,,,,,,,,,,,,,,,,,,,,,,,,,,,,,,,,1054
2023-05-19,2023-05-22,3,7.0,2023-05-19T09:31:00-04:00,6.950000000000003,NDXP  230522P13940000,NDXP  230522P13930000,development,False,False,0,0,0,47,0,748,available,False,2023-05-19T09:31:00-04:00,2023-05-22T16:00:00-04:00,10.0,-6252.959999999994,0.0,last_observed_quote_not_settlement,3916.0,665,36,7.049999999999997,-452.95999999998793,2023-05-19T09:32:00-04:00,0.0,7.099999999999994,-552.9599999999823,2023-05-19T09:33:00-04:00,0.0,7.200000000000003,-752.9599999999994,2023-05-19T09:36:00-04:00,0.0,6.5,647.0400000000063,2023-05-19T09:41:00-04:00,0.0,6.849999999999994,-52.95999999998224,2023-05-19T09:46:00-04:00,0.0,7.199999999999989,-752.9599999999709,2023-05-19T10:01:00-04:00,0.0,7.450000000000003,-1252.9599999999994,2023-05-19T10:31:00-04:00,0.0,7.75,-1852.9599999999937,2023-05-19T11:31:00-04:00,0.0,8.449999999999989,-3252.9599999999728,2023-05-19T16:00:00-04:00,0.0,,,2023-05-19T16:15:00-04:00,85500.0,,,2023-05-19T16:15:00-04:00,171900.0,10.0,-6252.959999999994,2023-05-22T16:00:00-04:00,0.0,,never_hit,,never_hit,,never_hit,,never_hit,,never_hit,,never_hit,,never_hit,23.0,hit,81.0,hit,1.0,hit,119.0,hit,277.0,hit,4321.0,hit,,,True,True,True,False,0.6500000000000057,,,True,True,True,False,0.6500000000000057,,,True,True,True,False,0.6500000000000057,,,True,True,True,False,0.6500000000000057,,,,,,,,,,,,,,,,,,,,,,,,,,,,,,,,,,,,,,,,,,,,,,,,,,,,,,,,,,,,,,,,,1055
2023-05-22,2023-05-24,2,5.0,2023-05-22T09:31:00-04:00,4.8999999999999915,NDXP  230524P13830000,NDXP  230524P13820000,development,False,False,0,0,0,244,15,956,available,False,2023-05-22T09:31:00-04:00,2023-05-24T16:00:00-04:00,10.0,-10352.960000000015,0.0,last_observed_quote_not_settlement,1037.0,458,33,5.1000000000000085,-652.9600000000335,2023-05-22T09:32:00-04:00,0.0,5.050000000000011,-552.9600000000391,2023-05-22T09:33:00-04:00,0.0,4.5,547.0399999999836,2023-05-22T09:36:00-04:00,0.0,3.8500000000000085,1847.0399999999665,2023-05-22T09:41:00-04:00,0.0,4.0,1547.0399999999836,2023-05-22T09:46:00-04:00,0.0,3.5,2547.0399999999836,2023-05-22T10:01:00-04:00,0.0,4.150000000000006,1247.0399999999722,2023-05-22T10:31:00-04:00,0.0,3.950000000000003,1647.039999999978,2023-05-22T11:31:00-04:00,0.0,4.049999999999997,1447.0399999999893,2023-05-22T16:00:00-04:00,0.0,9.099999999999966,-8652.959999999948,2023-05-23T16:00:00-04:00,0.0,10.0,-10352.960000000015,2023-05-24T16:00:00-04:00,0.0,,,,,0.0,hit,0.0,hit,10.0,hit,,never_hit,,never_hit,,never_hit,,never_hit,1440.0,hit,1440.0,hit,1520.0,hit,1719.0,hit,1749.0,hit,1790.0,hit,,,True,True,True,False,1.749999999999993,,,True,True,True,False,1.749999999999993,,,True,True,True,False,1.749999999999993,,,True,True,True,False,1.749999999999993,,,,,,,,,,,,,,,,,,,,,,,,,,,,,,,,,,,,,,,,,,,,,,,,,,,,,,,,,,,,,,,,,1056
2023-05-22,2023-05-24,2,6.0,2023-05-22T09:31:00-04:00,6.099999999999994,NDXP  230524P13880000,NDXP  230524P13870000,development,False,False,0,0,0,160,15,1040,available,False,2023-05-22T09:31:00-04:00,2023-05-24T16:00:00-04:00,10.0,-7952.960000000011,0.0,last_observed_quote_not_settlement,1036.0,544,9,6.299999999999997,-652.960000000005,2023-05-22T09:32:00-04:00,0.0,6.099999999999994,-252.9599999999993,2023-05-22T09:33:00-04:00,0.0,5.549999999999997,847.039999999995,2023-05-22T09:36:00-04:00,0.0,5.199999999999989,1547.040000000012,2023-05-22T09:41:00-04:00,0.0,5.049999999999997,1847.039999999995,2023-05-22T09:46:00-04:00,0.0,4.450000000000003,3047.0399999999836,2023-05-22T10:01:00-04:00,0.0,5.5,947.0399999999893,2023-05-22T10:31:00-04:00,0.0,4.950000000000003,2047.0399999999836,2023-05-22T11:31:00-04:00,0.0,4.050000000000011,3847.0399999999668,2023-05-22T16:00:00-04:00,0.0,9.799999999999983,-7652.959999999978,2023-05-23T16:00:00-04:00,0.0,10.0,-7952.960000000011,2023-05-24T16:00:00-04:00,0.0,,,,,4.0,hit,11.0,hit,,never_hit,,never_hit,,never_hit,,never_hit,,never_hit,1440.0,hit,1440.0,hit,1440.0,hit,1625.0,hit,1684.0,hit,1684.0,hit,,,True,True,True,False,2.049999999999997,,,True,True,True,False,2.049999999999997,,,True,True,True,False,2.049999999999997,,,True,True,True,False,2.049999999999997,,,,,,,,,,,,,,,,,,,,,,,,,,,,,,,,,,,,,,,,,,,,,,,,,,,,,,,,,,,,,,,,,1057
2023-05-22,2023-05-24,2,7.0,2023-05-22T09:31:00-04:00,7.050000000000011,NDXP  230524P13920000,NDXP  230524P13910000,development,False,False,0,0,0,177,15,1023,available,False,2023-05-22T09:31:00-04:00,2023-05-24T16:00:00-04:00,10.0,-6052.959999999977,0.0,last_observed_quote_not_settlement,1036.0,511,0,6.999999999999972,-152.95999999991972,2023-05-22T09:32:00-04:00,0.0,7.050000000000011,-252.9599999999993,2023-05-22T09:33:00-04:00,0.0,6.600000000000023,647.0399999999779,2023-05-22T09:36:00-04:00,0.0,6.099999999999994,1647.0400000000348,2023-05-22T09:41:00-04:00,0.0,5.550000000000011,2747.040000000001,2023-05-22T09:46:00-04:00,0.0,5.199999999999989,3447.0400000000463,2023-05-22T10:01:00-04:00,0.0,6.099999999999994,1647.0400000000348,2023-05-22T10:31:00-04:00,0.0,5.800000000000011,2247.040000000001,2023-05-22T11:31:00-04:00,0.0,6.349999999999994,1147.0400000000348,2023-05-22T16:00:00-04:00,0.0,9.650000000000006,-5452.95999999999,2023-05-23T16:00:00-04:00,0.0,10.0,-6052.959999999977,2023-05-24T16:00:00-04:00,0.0,,,,,11.0,hit,12.0,hit,,never_hit,,never_hit,,never_hit,,never_hit,,never_hit,1440.0,hit,1440.0,hit,0.0,hit,1440.0,hit,1628.0,hit,1634.0,hit,,,True,True,True,False,2.65000000000002,,,True,True,True,False,2.65000000000002,,,True,True,True,False,2.65000000000002,,,True,True,True,False,2.65000000000002,,,,,,,,,,,,,,,,,,,,,,,,,,,,,,,,,,,,,,,,,,,,,,,,,,,,,,,,,,,,,,,,,1058
2023-05-22,2023-05-25,3,5.0,2023-05-22T09:31:00-04:00,4.900000000000006,NDXP  230525P13840000,NDXP  230525P13830000,development,False,False,0,0,1,32,0,1572,available,False,2023-05-22T09:31:00-04:00,2023-05-25T15:59:00-04:00,0.049999999999999996,9447.040000000014,1.0,last_observed_quote_not_settlement,1036.0,747,57,5.099999999999994,-652.9599999999766,2023-05-22T09:32:00-04:00,0.0,4.950000000000017,-352.96000000002203,2023-05-22T09:33:00-04:00,0.0,4.5,547.040000000012,2023-05-22T09:36:00-04:00,0.0,4.25,1047.040000000012,2023-05-22T09:41:00-04:00,0.0,4.199999999999989,1147.0400000000348,2023-05-22T09:46:00-04:00,0.0,3.6499999999999915,2247.040000000029,2023-05-22T10:01:00-04:00,0.0,4.200000000000017,1147.039999999978,2023-05-22T10:31:00-04:00,0.0,4.0,1547.040000000012,2023-05-22T11:31:00-04:00,0.0,4.150000000000006,1247.0400000000006,2023-05-22T16:00:00-04:00,0.0,8.449999999999989,-7352.959999999967,2023-05-23T16:00:00-04:00,0.0,8.800000000000011,-8052.960000000013,2023-05-24T16:00:00-04:00,0.0,,,2023-05-25T15:59:00-04:00,60.0,0.0,hit,0.0,hit,11.0,hit,4327.0,hit,4416.0,hit,4489.0,hit,4547.0,hit,1440.0,hit,1625.0,hit,1632.0,hit,1738.0,hit,2880.0,hit,2880.0,hit,10.0,728,True,True,True,True,,10.0,747,True,True,True,True,,10.0,747,True,True,True,True,,10.0,747,True,True,True,True,,4327.0,2023-05-25T09:38:00-04:00,2.450000000000003,4647.040000000006,4397.0,2023-05-25T10:48:00-04:00,2.849999999999998,3847.0400000000163,4398.0,2023-05-25T10:49:00-04:00,2.8000000000000007,3947.0400000000104,4328.0,2023-05-25T09:39:00-04:00,5.0,-452.95999999998793,4416.0,2023-05-25T11:07:00-04:00,1.9499999999999993,5647.040000000014,4419.0,2023-05-25T11:10:00-04:00,1.8999999999999986,5747.0400000000145,4420.0,2023-05-25T11:11:00-04:00,1.75,6047.040000000012,4417.0,2023-05-25T11:08:00-04:00,2.25,5047.040000000012,4492.0,2023-05-25T12:23:00-04:00,0.7999999999999989,7947.0400000000145,4493.0,2023-05-25T12:24:00-04:00,0.6500000000000004,8247.040000000012,4494.0,2023-05-25T12:25:00-04:00,0.75,8047.040000000012,4493.0,2023-05-25T12:24:00-04:00,0.6500000000000004,8247.040000000012,4547.0,2023-05-25T13:18:00-04:00,0.44999999999999973,8647.040000000012,4548.0,2023-05-25T13:19:00-04:00,0.44999999999999973,8647.040000000012,4558.0,2023-05-25T13:29:00-04:00,0.34999999999999964,8847.040000000014,4548.0,2023-05-25T13:19:00-04:00,0.44999999999999973,8647.040000000012,1059
2023-05-22,2023-05-25,3,6.0,2023-05-22T09:31:00-04:00,5.700000000000017,NDXP  230525P13880000,NDXP  230525P13870000,development,False,False,0,0,0,47,0,1558,available,False,2023-05-22T09:31:00-04:00,2023-05-25T15:59:00-04:00,0.02500000000000001,11097.040000000035,1.0,last_observed_quote_not_settlement,1036.0,764,57,6.25,-1352.9599999999652,2023-05-22T09:32:00-04:00,0.0,5.6000000000000085,-52.95999999998224,2023-05-22T09:33:00-04:00,0.0,5.299999999999997,547.0400000000404,2023-05-22T09:36:00-04:00,0.0,4.8999999999999915,1347.0400000000518,2023-05-22T09:41:00-04:00,0.0,4.900000000000006,1347.0400000000234,2023-05-22T09:46:00-04:00,0.0,4.0,3147.040000000035,2023-05-22T10:01:00-04:00,0.0,4.8500000000000085,1447.0400000000177,2023-05-22T10:31:00-04:00,0.0,4.900000000000006,1347.0400000000234,2023-05-22T11:31:00-04:00,0.0,4.799999999999997,1547.0400000000404,2023-05-22T16:00:00-04:00,0.0,8.799999999999983,-6452.959999999933,2023-05-23T16:00:00-04:00,0.0,9.449999999999989,-7752.959999999945,2023-05-24T16:00:00-04:00,0.0,,,2023-05-25T15:59:00-04:00,60.0,3.0,hit,6.0,hit,30.0,hit,4421.0,hit,4489.0,hit,4560.0,hit,4590.0,hit,1.0,hit,1450.0,hit,1625.0,hit,1633.0,hit,1793.0,hit,2880.0,hit,10.0,764,True,True,True,True,,10.0,764,True,True,True,True,,10.0,764,True,True,True,True,,10.0,764,True,True,True,True,,4421.0,2023-05-25T11:12:00-04:00,2.8500000000000014,5447.040000000032,4422.0,2023-05-25T11:13:00-04:00,2.8500000000000014,5447.040000000032,4423.0,2023-05-25T11:14:00-04:00,2.5500000000000007,6047.040000000034,4422.0,2023-05-25T11:13:00-04:00,2.8500000000000014,5447.040000000032,4491.0,2023-05-25T12:22:00-04:00,1.8499999999999996,7447.040000000035,4492.0,2023-05-25T12:23:00-04:00,1.5999999999999996,7947.040000000035,4493.0,2023-05-25T12:24:00-04:00,1.4499999999999993,8247.040000000037,4492.0,2023-05-25T12:23:00-04:00,1.5999999999999996,7947.040000000035,4560.0,2023-05-25T13:31:00-04:00,0.8500000000000001,9447.040000000035,4561.0,2023-05-25T13:32:00-04:00,0.7000000000000002,9747.040000000035,4562.0,2023-05-25T13:33:00-04:00,0.8499999999999996,9447.040000000037,4561.0,2023-05-25T13:32:00-04:00,0.7000000000000002,9747.040000000035,4591.0,2023-05-25T14:02:00-04:00,0.30000000000000027,10547.040000000034,4592.0,2023-05-25T14:03:00-04:00,0.375,10397.040000000035,4607.0,2023-05-25T14:18:00-04:00,0.3500000000000001,10447.040000000035,4592.0,2023-05-25T14:03:00-04:00,0.375,10397.040000000035,1060
2023-05-22,2023-05-25,3,7.0,2023-05-22T09:31:00-04:00,7.149999999999977,NDXP  230525P13910000,NDXP  230525P13900000,development,False,False,0,0,1,90,0,1514,available,False,2023-05-22T09:31:00-04:00,2023-05-25T16:00:00-04:00,3.8499999999999996,6347.039999999956,0.0,last_observed_quote_not_settlement,1036.0,567,78,6.5,1047.0399999999552,2023-05-22T09:32:00-04:00,0.0,6.349999999999994,1347.0399999999665,2023-05-22T09:33:00-04:00,0.0,5.599999999999994,2847.0399999999668,2023-05-22T09:36:00-04:00,0.0,5.1000000000000085,3847.039999999938,2023-05-22T09:41:00-04:00,0.0,5.400000000000006,3247.039999999944,2023-05-22T09:46:00-04:00,0.0,5.0,4047.0399999999554,2023-05-22T10:01:00-04:00,0.0,5.75,2547.0399999999554,2023-05-22T10:31:00-04:00,0.0,5.299999999999997,3447.039999999961,2023-05-22T11:31:00-04:00,0.0,5.949999999999989,2147.039999999978,2023-05-22T16:00:00-04:00,0.0,8.599999999999994,-3152.960000000035,2023-05-23T16:00:00-04:00,0.0,9.699999999999989,-5352.960000000024,2023-05-24T16:00:00-04:00,0.0,3.8499999999999996,6347.039999999956,2023-05-25T16:00:00-04:00,0.0,7.0,hit,7.0,hit,4320.0,hit,4420.0,hit,4562.0,hit,4590.0,hit,4671.0,hit,1440.0,hit,1454.0,hit,0.0,hit,1454.0,hit,1629.0,hit,1753.0,hit,10.0,567,True,True,True,True,,10.0,567,True,True,True,True,,10.0,567,True,True,True,True,,10.0,567,True,True,True,True,,4420.0,2023-05-25T11:11:00-04:00,2.8500000000000014,8347.039999999954,4493.0,2023-05-25T12:24:00-04:00,2.549999999999997,8947.039999999963,4494.0,2023-05-25T12:25:00-04:00,2.599999999999998,8847.03999999996,4421.0,2023-05-25T11:12:00-04:00,4.449999999999996,5147.039999999964,4562.0,2023-05-25T13:33:00-04:00,1.9000000000000004,10247.039999999955,4590.0,2023-05-25T14:01:00-04:00,0.9249999999999998,12197.039999999957,4591.0,2023-05-25T14:02:00-04:00,0.5749999999999997,12897.039999999955,4563.0,2023-05-25T13:34:00-04:00,2.25,9547.039999999955,4590.0,2023-05-25T14:01:00-04:00,0.9249999999999998,12197.039999999957,4591.0,2023-05-25T14:02:00-04:00,0.5749999999999997,12897.039999999955,4592.0,2023-05-25T14:03:00-04:00,0.9249999999999998,12197.039999999957,4591.0,2023-05-25T14:02:00-04:00,0.5749999999999997,12897.039999999955,4673.0,2023-05-25T15:24:00-04:00,0.275,13497.039999999955,4678.0,2023-05-25T15:29:00-04:00,0.29999999999999993,13447.039999999957,4679.0,2023-05-25T15:30:00-04:00,0.32500000000000007,13397.039999999955,4674.0,2023-05-25T15:25:00-04:00,0.5,13047.039999999955,1061
2023-05-23,2023-05-25,2,5.0,2023-05-23T09:31:00-04:00,4.900000000000006,NDXP  230525P13810000,NDXP  230525P13800000,development,False,False,0,0,0,31,15,1169,available,False,2023-05-23T09:31:00-04:00,2023-05-25T15:59:00-04:00,0.0,9547.040000000014,1.0,last_observed_quote_not_settlement,1036.0,589,21,4.700000000000003,147.0400000000064,2023-05-23T09:32:00-04:00,0.0,4.450000000000003,647.0400000000063,2023-05-23T09:33:00-04:00,0.0,4.450000000000017,647.0399999999779,2023-05-23T09:36:00-04:00,0.0,4.400000000000006,747.0400000000006,2023-05-23T09:41:00-04:00,0.0,4.25,1047.040000000012,2023-05-23T09:46:00-04:00,0.0,4.500000000000014,547.0399999999836,2023-05-23T10:01:00-04:00,0.0,4.650000000000006,247.04000000000067,2023-05-23T10:31:00-04:00,0.0,3.9499999999999957,1647.0400000000207,2023-05-23T11:31:00-04:00,0.0,7.300000000000011,-5052.960000000011,2023-05-23T16:00:00-04:00,0.0,,,2023-05-24T15:58:00-04:00,120.0,,,2023-05-25T15:59:00-04:00,60.0,,,,,0.0,hit,0.0,hit,114.0,hit,2914.0,hit,2956.0,hit,2978.0,hit,2983.0,hit,185.0,hit,191.0,hit,259.0,hit,294.0,hit,294.0,hit,1473.0,hit,10.0,586,True,True,True,True,,10.0,588,True,True,True,True,,10.0,588,True,True,True,True,,10.0,588,True,True,True,True,,2948.0,2023-05-25T10:39:00-04:00,2.900000000000002,3747.0400000000077,2949.0,2023-05-25T10:40:00-04:00,2.5500000000000007,4447.040000000011,2950.0,2023-05-25T10:41:00-04:00,2.1999999999999993,5147.040000000014,2949.0,2023-05-25T10:40:00-04:00,2.5500000000000007,4447.040000000011,2956.0,2023-05-25T10:47:00-04:00,1.799999999999999,5947.0400000000145,2957.0,2023-05-25T10:48:00-04:00,1.9000000000000004,5747.040000000011,2958.0,2023-05-25T10:49:00-04:00,1.8999999999999986,5747.0400000000145,2957.0,2023-05-25T10:48:00-04:00,1.9000000000000004,5747.040000000011,2982.0,2023-05-25T11:13:00-04:00,0.8499999999999996,7847.040000000013,2983.0,2023-05-25T11:14:00-04:00,0.34999999999999964,8847.040000000014,2984.0,2023-05-25T11:15:00-04:00,0.6499999999999995,8247.040000000014,2983.0,2023-05-25T11:14:00-04:00,0.34999999999999964,8847.040000000014,2983.0,2023-05-25T11:14:00-04:00,0.34999999999999964,8847.040000000014,3053.0,2023-05-25T12:24:00-04:00,0.37499999999999956,8797.040000000014,3060.0,2023-05-25T12:31:00-04:00,0.04999999999999982,9447.040000000014,2984.0,2023-05-25T11:15:00-04:00,0.6499999999999995,8247.040000000014,1062
2023-05-23,2023-05-25,2,6.0,2023-05-23T09:31:00-04:00,5.799999999999983,NDXP  230525P13840000,NDXP  230525P13830000,development,False,False,0,0,16,32,0,1167,available,False,2023-05-23T09:31:00-04:00,2023-05-25T15:59:00-04:00,0.049999999999999996,11247.039999999968,1.0,last_observed_quote_not_settlement,1036.0,574,11,5.300000000000011,747.0399999999438,2023-05-23T09:32:00-04:00,0.0,5.0,1347.0399999999665,2023-05-23T09:33:00-04:00,0.0,4.999999999999986,1347.039999999995,2023-05-23T09:36:00-04:00,0.0,4.949999999999989,1447.0399999999893,2023-05-23T09:41:00-04:00,0.0,4.849999999999994,1647.039999999978,2023-05-23T09:46:00-04:00,0.0,4.949999999999989,1447.0399999999893,2023-05-23T10:01:00-04:00,0.0,5.250000000000014,847.0399999999381,2023-05-23T10:31:00-04:00,0.0,4.950000000000003,1447.0399999999609,2023-05-23T11:31:00-04:00,0.0,8.449999999999989,-5552.960000000013,2023-05-23T16:00:00-04:00,0.0,8.800000000000011,-6252.960000000058,2023-05-24T16:00:00-04:00,0.0,,,2023-05-25T15:59:00-04:00,60.0,,,,,1.0,hit,2.0,hit,2880.0,hit,2887.0,hit,2976.0,hit,3049.0,hit,3107.0,hit,185.0,hit,192.0,hit,192.0,hit,298.0,hit,1440.0,hit,1440.0,hit,10.0,572,True,True,True,True,,10.0,574,True,True,True,True,,10.0,574,True,True,True,True,,10.0,574,True,True,True,True,,2887.0,2023-05-25T09:38:00-04:00,2.450000000000003,6447.039999999961,2957.0,2023-05-25T10:48:00-04:00,2.849999999999998,5647.039999999971,2958.0,2023-05-25T10:49:00-04:00,2.8000000000000007,5747.039999999965,2888.0,2023-05-25T09:39:00-04:00,5.0,1347.0399999999665,2976.0,2023-05-25T11:07:00-04:00,1.9499999999999993,7447.039999999968,2979.0,2023-05-25T11:10:00-04:00,1.8999999999999986,7547.039999999969,2980.0,2023-05-25T11:11:00-04:00,1.75,7847.039999999966,2977.0,2023-05-25T11:08:00-04:00,2.25,6847.039999999966,3052.0,2023-05-25T12:23:00-04:00,0.7999999999999989,9747.03999999997,3053.0,2023-05-25T12:24:00-04:00,0.6500000000000004,10047.039999999966,3054.0,2023-05-25T12:25:00-04:00,0.75,9847.039999999968,3053.0,2023-05-25T12:24:00-04:00,0.6500000000000004,10047.039999999966,3107.0,2023-05-25T13:18:00-04:00,0.44999999999999973,10447.039999999966,3108.0,2023-05-25T13:19:00-04:00,0.44999999999999973,10447.039999999966,3118.0,2023-05-25T13:29:00-04:00,0.34999999999999964,10647.039999999968,3108.0,2023-05-25T13:19:00-04:00,0.44999999999999973,10447.039999999966,1063
2023-05-23,2023-05-25,2,7.0,2023-05-23T09:31:00-04:00,7.149999999999977,NDXP  230525P13950000,NDXP  230525P13940000,development,False,False,0,0,16,101,0,1098,available,False,2023-05-23T09:31:00-04:00,2023-05-25T15:59:00-04:00,5.2,3647.039999999955,1.0,last_observed_quote_not_settlement,1037.0,748,48,7.650000000000034,-1252.960000000113,2023-05-23T09:32:00-04:00,0.0,7.299999999999983,-552.9600000000107,2023-05-23T09:33:00-04:00,0.0,7.450000000000017,-852.9600000000789,2023-05-23T09:36:00-04:00,0.0,7.5,-952.9600000000448,2023-05-23T09:41:00-04:00,0.0,7.149999999999977,-252.9599999999993,2023-05-23T09:46:00-04:00,0.0,7.749999999999972,-1452.959999999988,2023-05-23T10:01:00-04:00,0.0,7.799999999999983,-1552.9600000000107,2023-05-23T10:31:00-04:00,0.0,7.449999999999989,-852.9600000000221,2023-05-23T11:31:00-04:00,0.0,9.399999999999977,-4752.960000000001,2023-05-23T16:00:00-04:00,0.0,9.800000000000068,-5552.960000000183,2023-05-24T16:00:00-04:00,0.0,,,2023-05-25T15:59:00-04:00,60.0,,,,,2984.0,hit,2985.0,hit,3053.0,hit,3150.0,hit,3238.0,hit,3242.0,hit,,never_hit,1.0,hit,62.0,hit,0.0,hit,62.0,hit,197.0,hit,289.0,hit,10.0,732,True,True,True,True,,10.0,746,True,True,True,True,,10.0,746,True,True,True,True,,,,True,True,True,False,6.174999999999978,3150.0,2023-05-25T14:01:00-04:00,2.9000000000000004,8247.039999999955,3151.0,2023-05-25T14:02:00-04:00,2.4000000000000004,9247.039999999955,3152.0,2023-05-25T14:03:00-04:00,2.799999999999999,8447.039999999959,3151.0,2023-05-25T14:02:00-04:00,2.4000000000000004,9247.039999999955,3238.0,2023-05-25T15:29:00-04:00,1.7999999999999998,10447.039999999957,3239.0,2023-05-25T15:30:00-04:00,1.7999999999999998,10447.039999999957,3248.0,2023-05-25T15:39:00-04:00,1.5500000000000003,10947.039999999955,3239.0,2023-05-25T15:30:00-04:00,1.7999999999999998,10447.039999999957,,,,,,,,,,,,,,,,,,,,,,,,,,,,,,,,,1064
2023-05-23,2023-05-26,3,5.0,2023-05-23T09:31:00-04:00,5.049999999999997,NDXP  230526P13840000,NDXP  230526P13830000,development,False,False,0,0,0,33,0,1572,available,False,2023-05-23T09:31:00-04:00,2023-05-26T16:00:00-04:00,0.0,9847.039999999995,0.0,last_observed_quote_not_settlement,1036.0,682,52,5.150000000000006,-452.96000000001635,2023-05-23T09:32:00-04:00,0.0,4.900000000000006,47.03999999998366,2023-05-23T09:33:00-04:00,0.0,4.8999999999999915,47.04000000001208,2023-05-23T09:36:00-04:00,0.0,4.800000000000011,247.03999999997225,2023-05-23T09:41:00-04:00,0.0,4.75,347.039999999995,2023-05-23T09:46:00-04:00,0.0,4.950000000000003,-52.96000000001066,2023-05-23T10:01:00-04:00,0.0,5.049999999999983,-252.95999999997088,2023-05-23T10:31:00-04:00,0.0,4.699999999999989,447.04000000001776,2023-05-23T11:31:00-04:00,0.0,7.599999999999994,-5352.959999999994,2023-05-23T16:00:00-04:00,0.0,8.599999999999966,-7352.959999999938,2023-05-24T16:00:00-04:00,0.0,2.1000000000000014,5647.039999999992,2023-05-25T16:00:00-04:00,0.0,0.0,9847.039999999995,2023-05-26T16:00:00-04:00,0.0,0.0,hit,2.0,hit,24.0,hit,2982.0,hit,3150.0,hit,3259.0,hit,4328.0,hit,185.0,hit,185.0,hit,219.0,hit,348.0,hit,1440.0,hit,1469.0,hit,9.75,682,True,True,True,True,,9.75,682,True,True,True,True,,9.75,682,True,True,True,True,,9.75,682,True,True,True,True,,2982.0,2023-05-25T11:13:00-04:00,2.8500000000000085,4147.039999999978,2983.0,2023-05-25T11:14:00-04:00,2.8499999999999943,4147.040000000006,2984.0,2023-05-25T11:15:00-04:00,2.700000000000003,4447.039999999989,2983.0,2023-05-25T11:14:00-04:00,2.8499999999999943,4147.040000000006,3150.0,2023-05-25T14:01:00-04:00,1.8999999999999986,6047.039999999998,3151.0,2023-05-25T14:02:00-04:00,1.8999999999999986,6047.039999999998,3152.0,2023-05-25T14:03:00-04:00,1.9000000000000021,6047.039999999991,3151.0,2023-05-25T14:02:00-04:00,1.8999999999999986,6047.039999999998,3259.0,2023-05-25T15:50:00-04:00,0.75,8347.039999999995,4327.0,2023-05-26T09:38:00-04:00,0.6000000000000005,8647.039999999995,4328.0,2023-05-26T09:39:00-04:00,0.5,8847.039999999995,3260.0,2023-05-25T15:51:00-04:00,2.049999999999997,5747.040000000001,4333.0,2023-05-26T09:44:00-04:00,0.4499999999999993,8947.039999999997,4334.0,2023-05-26T09:45:00-04:00,0.3999999999999986,9047.039999999999,4335.0,2023-05-26T09:46:00-04:00,0.39999999999999947,9047.039999999997,4334.0,2023-05-26T09:45:00-04:00,0.3999999999999986,9047.039999999999,1065
2023-05-23,2023-05-26,3,6.0,2023-05-23T09:31:00-04:00,6.050000000000011,NDXP  230526P13870000,NDXP  230526P13860000,development,False,False,0,0,0,13,0,1592,available,False,2023-05-23T09:31:00-04:00,2023-05-26T16:00:00-04:00,0.0,11847.040000000025,0.0,last_observed_quote_not_settlement,1036.0,637,26,6.449999999999989,-1052.9599999999539,2023-05-23T09:32:00-04:00,0.0,5.200000000000003,1447.0400000000177,2023-05-23T09:33:00-04:00,0.0,5.6499999999999915,547.0400000000404,2023-05-23T09:36:00-04:00,0.0,5.349999999999994,1147.0400000000348,2023-05-23T09:41:00-04:00,0.0,5.750000000000014,347.039999999995,2023-05-23T09:46:00-04:00,0.0,5.299999999999997,1247.040000000029,2023-05-23T10:01:00-04:00,0.0,5.6499999999999915,547.0400000000404,2023-05-23T10:31:00-04:00,0.0,5.200000000000017,1447.0399999999893,2023-05-23T11:31:00-04:00,0.0,7.100000000000023,-2352.960000000022,2023-05-23T16:00:00-04:00,0.0,8.849999999999994,-5852.959999999967,2023-05-24T16:00:00-04:00,0.0,3.049999999999997,5747.040000000029,2023-05-25T16:00:00-04:00,0.0,0.0,11847.040000000025,2023-05-26T16:00:00-04:00,0.0,2.0,hit,31.0,hit,2973.0,hit,3052.0,hit,4320.0,hit,4328.0,hit,4338.0,hit,160.0,hit,160.0,hit,160.0,hit,314.0,hit,1441.0,hit,1449.0,hit,10.0,637,True,True,True,True,,10.0,637,True,True,True,True,,10.0,637,True,True,True,True,,10.0,637,True,True,True,True,,3053.0,2023-05-25T12:24:00-04:00,2.8500000000000014,6147.040000000021,3060.0,2023-05-25T12:31:00-04:00,2.9499999999999957,5947.040000000032,3072.0,2023-05-25T12:43:00-04:00,2.9000000000000057,6047.040000000012,3054.0,2023-05-25T12:25:00-04:00,3.0,5847.040000000024,4320.0,2023-05-26T09:31:00-04:00,1.6499999999999986,8547.040000000026,4321.0,2023-05-26T09:32:00-04:00,1.6499999999999986,8547.040000000026,4322.0,2023-05-26T09:33:00-04:00,1.5999999999999996,8647.040000000025,4321.0,2023-05-26T09:32:00-04:00,1.6499999999999986,8547.040000000026,4328.0,2023-05-26T09:39:00-04:00,0.7999999999999998,10247.040000000025,4329.0,2023-05-26T09:40:00-04:00,0.7999999999999998,10247.040000000025,4330.0,2023-05-26T09:41:00-04:00,0.9000000000000004,10047.040000000023,4329.0,2023-05-26T09:40:00-04:00,0.7999999999999998,10247.040000000025,4343.0,2023-05-26T09:54:00-04:00,0.40000000000000036,11047.040000000023,4344.0,2023-05-26T09:55:00-04:00,0.34999999999999964,11147.040000000025,4352.0,2023-05-26T10:03:00-04:00,0.30000000000000027,11247.040000000023,4344.0,2023-05-26T09:55:00-04:00,0.34999999999999964,11147.040000000025,1066
2023-05-23,2023-05-26,3,7.0,2023-05-23T09:31:00-04:00,6.900000000000006,NDXP  230526P13990000,NDXP  230526P13980000,development,False,False,0,0,0,38,0,1567,available,False,2023-05-23T09:31:00-04:00,2023-05-26T16:00:00-04:00,0.0,13547.040000000014,0.0,last_observed_quote_not_settlement,1036.0,836,32,8.450000000000017,-3352.9600000000237,2023-05-23T09:32:00-04:00,0.0,6.799999999999983,-52.959999999953816,2023-05-23T09:33:00-04:00,0.0,7.599999999999994,-1652.9599999999766,2023-05-23T09:36:00-04:00,0.0,8.349999999999994,-3152.959999999978,2023-05-23T09:41:00-04:00,0.0,7.099999999999994,-652.9599999999766,2023-05-23T09:46:00-04:00,0.0,7.700000000000017,-1852.960000000022,2023-05-23T10:01:00-04:00,0.0,7.899999999999977,-2252.9599999999423,2023-05-23T10:31:00-04:00,0.0,7.450000000000017,-1352.960000000022,2023-05-23T11:31:00-04:00,0.0,8.699999999999989,-3852.959999999967,2023-05-23T16:00:00-04:00,0.0,9.700000000000045,-5852.960000000081,2023-05-24T16:00:00-04:00,0.0,7.599999999999994,-1652.9599999999766,2023-05-25T16:00:00-04:00,0.0,0.0,13547.040000000014,2023-05-26T16:00:00-04:00,0.0,3053.0,hit,3099.0,hit,3151.0,hit,3151.0,hit,4344.0,hit,4349.0,hit,4384.0,hit,1.0,hit,1.0,hit,1.0,hit,1.0,hit,193.0,hit,193.0,hit,10.0,831,True,True,True,True,,10.0,836,True,True,True,True,,10.0,836,True,True,True,True,,10.0,836,True,True,True,True,,3151.0,2023-05-25T14:02:00-04:00,2.8499999999999943,7847.040000000024,4338.0,2023-05-26T09:49:00-04:00,2.6499999999999986,8247.040000000015,4339.0,2023-05-26T09:50:00-04:00,2.549999999999997,8447.040000000019,3152.0,2023-05-25T14:03:00-04:00,5.050000000000011,3447.0399999999895,4344.0,2023-05-26T09:55:00-04:00,1.9499999999999993,9647.040000000014,4345.0,2023-05-26T09:56:00-04:00,1.8499999999999979,9847.040000000017,4346.0,2023-05-26T09:57:00-04:00,1.8999999999999986,9747.040000000015,4345.0,2023-05-26T09:56:00-04:00,1.8499999999999979,9847.040000000017,4349.0,2023-05-26T10:00:00-04:00,0.5500000000000007,12447.040000000012,4371.0,2023-05-26T10:22:00-04:00,0.9000000000000004,11747.040000000012,4372.0,2023-05-26T10:23:00-04:00,0.6499999999999995,12247.040000000014,4350.0,2023-05-26T10:01:00-04:00,1.299999999999999,10947.040000000015,4386.0,2023-05-26T10:37:00-04:00,0.44999999999999973,12647.040000000012,4387.0,2023-05-26T10:38:00-04:00,0.44999999999999973,12647.040000000012,4388.0,2023-05-26T10:39:00-04:00,0.37500000000000044,12797.040000000012,4387.0,2023-05-26T10:38:00-04:00,0.44999999999999973,12647.040000000012,1067
2023-05-24,2023-05-26,2,5.0,2023-05-24T09:31:00-04:00,5.199999999999989,NDXP  230526P13700000,NDXP  230526P13690000,development,False,False,0,0,0,4,0,1196,available,False,2023-05-24T09:31:00-04:00,2023-05-26T16:00:00-04:00,0.0,10147.039999999979,0.0,last_observed_quote_not_settlement,1036.0,377,27,5.049999999999983,47.04000000001208,2023-05-24T09:32:00-04:00,0.0,6.050000000000011,-1952.9600000000448,2023-05-24T09:33:00-04:00,0.0,5.450000000000003,-752.9600000000278,2023-05-24T09:36:00-04:00,0.0,4.649999999999977,847.0400000000234,2023-05-24T09:41:00-04:00,0.0,5.049999999999983,47.04000000001208,2023-05-24T09:46:00-04:00,0.0,4.949999999999989,247.04000000000067,2023-05-24T10:01:00-04:00,0.0,6.299999999999983,-2452.9599999999878,2023-05-24T10:31:00-04:00,0.0,6.099999999999994,-2052.9600000000105,2023-05-24T11:31:00-04:00,0.0,5.0,147.03999999997797,2023-05-24T16:00:00-04:00,0.0,0.5,9147.039999999979,2023-05-25T16:00:00-04:00,0.0,0.0,10147.039999999979,2023-05-26T16:00:00-04:00,0.0,,,,,0.0,hit,10.0,hit,17.0,hit,1440.0,hit,1440.0,hit,1542.0,hit,1710.0,hit,2.0,hit,34.0,hit,74.0,hit,,never_hit,,never_hit,,never_hit,7.949999999999989,377,True,False,False,False,,7.949999999999989,377,True,False,False,False,,7.949999999999989,377,True,False,False,False,,7.949999999999989,377,True,False,False,False,,1440.0,2023-05-25T09:31:00-04:00,1.6999999999999957,6747.039999999986,1441.0,2023-05-25T09:32:00-04:00,1.8500000000000014,6447.039999999975,1442.0,2023-05-25T09:33:00-04:00,2.150000000000002,5847.039999999974,1441.0,2023-05-25T09:32:00-04:00,1.8500000000000014,6447.039999999975,1440.0,2023-05-25T09:31:00-04:00,1.6999999999999957,6747.039999999986,1441.0,2023-05-25T09:32:00-04:00,1.8500000000000014,6447.039999999975,1504.0,2023-05-25T10:35:00-04:00,1.8500000000000014,6447.039999999975,1441.0,2023-05-25T09:32:00-04:00,1.8500000000000014,6447.039999999975,1543.0,2023-05-25T11:14:00-04:00,0.9000000000000004,8347.039999999979,1546.0,2023-05-25T11:17:00-04:00,0.9499999999999993,8247.03999999998,1608.0,2023-05-25T12:19:00-04:00,0.8000000000000007,8547.039999999977,1544.0,2023-05-25T11:15:00-04:00,0.9500000000000011,8247.039999999977,1713.0,2023-05-25T14:04:00-04:00,0.4499999999999993,9247.03999999998,1714.0,2023-05-25T14:05:00-04:00,0.4499999999999993,9247.03999999998,1792.0,2023-05-25T15:23:00-04:00,0.40000000000000036,9347.039999999979,1714.0,2023-05-25T14:05:00-04:00,0.4499999999999993,9247.03999999998,1068
2023-05-24,2023-05-26,2,6.0,2023-05-24T09:31:00-04:00,5.899999999999977,NDXP  230526P13690000,NDXP  230526P13680000,development,False,False,0,0,0,14,0,1186,available,False,2023-05-24T09:31:00-04:00,2023-05-26T16:00:00-04:00,0.0,11547.039999999955,0.0,last_observed_quote_not_settlement,1036.0,363,22,6.350000000000023,-1152.9600000000903,2023-05-24T09:32:00-04:00,0.0,5.849999999999994,-152.9600000000334,2023-05-24T09:33:00-04:00,0.0,5.799999999999997,-52.96000000003908,2023-05-24T09:36:00-04:00,0.0,6.850000000000023,-2152.96000000009,2023-05-24T09:41:00-04:00,0.0,5.950000000000017,-352.9600000000789,2023-05-24T09:46:00-04:00,0.0,5.900000000000034,-252.96000000011298,2023-05-24T10:01:00-04:00,0.0,7.150000000000006,-2752.960000000056,2023-05-24T10:31:00-04:00,0.0,6.450000000000017,-1352.960000000079,2023-05-24T11:31:00-04:00,0.0,6.0,-452.9600000000448,2023-05-24T16:00:00-04:00,0.0,0.40000000000000036,10747.039999999955,2023-05-25T16:00:00-04:00,0.0,0.0,11547.039999999955,2023-05-26T16:00:00-04:00,0.0,,,,,3.0,hit,1440.0,hit,1440.0,hit,1440.0,hit,1440.0,hit,1540.0,hit,1686.0,hit,4.0,hit,54.0,hit,60.0,hit,210.0,hit,,never_hit,,never_hit,8.0,363,True,True,False,False,,8.0,363,True,True,False,False,,8.0,363,True,True,False,False,,8.0,363,True,True,False,False,,1440.0,2023-05-25T09:31:00-04:00,1.6000000000000014,8347.039999999954,1441.0,2023-05-25T09:32:00-04:00,1.75,8047.039999999955,1442.0,2023-05-25T09:33:00-04:00,1.8499999999999979,7847.039999999959,1441.0,2023-05-25T09:32:00-04:00,1.75,8047.039999999955,1440.0,2023-05-25T09:31:00-04:00,1.6000000000000014,8347.039999999954,1441.0,2023-05-25T09:32:00-04:00,1.75,8047.039999999955,1442.0,2023-05-25T09:33:00-04:00,1.8499999999999979,7847.039999999959,1441.0,2023-05-25T09:32:00-04:00,1.75,8047.039999999955,1542.0,2023-05-25T11:13:00-04:00,0.9499999999999993,9647.039999999957,1545.0,2023-05-25T11:16:00-04:00,0.8499999999999996,9847.039999999957,1604.0,2023-05-25T12:15:00-04:00,0.8500000000000014,9847.039999999954,1543.0,2023-05-25T11:14:00-04:00,1.0999999999999996,9347.039999999957,1710.0,2023-05-25T14:01:00-04:00,0.40000000000000036,10747.039999999955,1711.0,2023-05-25T14:02:00-04:00,0.39999999999999947,10747.039999999957,1712.0,2023-05-25T14:03:00-04:00,0.40000000000000036,10747.039999999955,1711.0,2023-05-25T14:02:00-04:00,0.39999999999999947,10747.039999999957,1069
2023-05-24,2023-05-26,2,7.0,2023-05-24T09:31:00-04:00,7.100000000000023,NDXP  230526P13720000,NDXP  230526P13710000,development,False,False,0,0,0,147,0,1053,available,False,2023-05-24T09:31:00-04:00,2023-05-26T16:00:00-04:00,0.0,13947.040000000046,0.0,last_observed_quote_not_settlement,1036.0,257,46,6.75,447.0400000000462,2023-05-24T09:32:00-04:00,0.0,6.850000000000023,247.04000000000067,2023-05-24T09:33:00-04:00,0.0,6.150000000000006,1647.0400000000348,2023-05-24T09:36:00-04:00,0.0,6.199999999999989,1547.0400000000689,2023-05-24T09:41:00-04:00,0.0,6.699999999999989,547.0400000000689,2023-05-24T09:46:00-04:00,0.0,6.499999999999972,947.040000000103,2023-05-24T10:01:00-04:00,0.0,7.300000000000011,-652.9599999999766,2023-05-24T10:31:00-04:00,0.0,7.150000000000006,-352.9599999999652,2023-05-24T11:31:00-04:00,0.0,6.550000000000011,847.0400000000234,2023-05-24T16:00:00-04:00,0.0,0.7000000000000002,12547.040000000046,2023-05-25T16:00:00-04:00,0.0,0.0,13947.040000000046,2023-05-26T16:00:00-04:00,0.0,,,,,362.0,hit,1440.0,hit,1440.0,hit,1440.0,hit,1440.0,hit,1606.0,hit,1711.0,hit,57.0,hit,83.0,hit,0.0,hit,83.0,hit,,never_hit,,never_hit,8.349999999999994,257,True,True,False,False,,8.349999999999994,257,True,True,False,False,,8.349999999999994,257,True,True,False,False,,8.349999999999994,257,True,True,False,False,,1440.0,2023-05-25T09:31:00-04:00,1.9000000000000021,10147.040000000043,1441.0,2023-05-25T09:32:00-04:00,2.1499999999999986,9647.04000000005,1442.0,2023-05-25T09:33:00-04:00,2.299999999999997,9347.040000000054,1441.0,2023-05-25T09:32:00-04:00,2.1499999999999986,9647.04000000005,1440.0,2023-05-25T09:31:00-04:00,1.9000000000000021,10147.040000000043,1510.0,2023-05-25T10:41:00-04:00,1.6999999999999993,10547.040000000048,1511.0,2023-05-25T10:42:00-04:00,1.8499999999999979,10247.040000000052,1441.0,2023-05-25T09:32:00-04:00,2.1499999999999986,9647.04000000005,1606.0,2023-05-25T12:17:00-04:00,0.9499999999999993,12047.040000000048,1613.0,2023-05-25T12:24:00-04:00,0.8499999999999979,12247.040000000052,1614.0,2023-05-25T12:25:00-04:00,0.9000000000000021,12147.040000000043,1607.0,2023-05-25T12:18:00-04:00,1.0,11947.040000000046,1711.0,2023-05-25T14:02:00-04:00,0.34999999999999964,13247.040000000048,2881.0,2023-05-26T09:32:00-04:00,0.37499999999999956,13197.040000000046,2882.0,2023-05-26T09:33:00-04:00,0.19999999999999973,13547.040000000046,1712.0,2023-05-25T14:03:00-04:00,0.5999999999999996,12747.040000000048,1070
2023-05-30,2023-06-01,2,5.0,2023-05-30T09:31:00-04:00,3.9000000000000057,NDXP  230601P14390000,NDXP  230601P14380000,development,False,False,0,0,0,2,15,1198,available,False,2023-05-30T09:31:00-04:00,2023-06-01T15:59:00-04:00,0.04999999999999999,7447.040000000012,1.0,last_observed_quote_not_settlement,1036.0,943,10,3.75,47.04000000001208,2023-05-30T09:32:00-04:00,0.0,3.799999999999997,-52.95999999998224,2023-05-30T09:33:00-04:00,0.0,3.8000000000000114,-52.96000000001066,2023-05-30T09:36:00-04:00,0.0,3.049999999999997,1447.0400000000177,2023-05-30T09:41:00-04:00,0.0,3.3999999999999915,747.0400000000291,2023-05-30T09:46:00-04:00,0.0,4.8500000000000085,-2152.960000000005,2023-05-30T10:01:00-04:00,0.0,4.849999999999994,-2152.9599999999764,2023-05-30T10:31:00-04:00,0.0,4.400000000000006,-1252.9599999999994,2023-05-30T11:31:00-04:00,0.0,5.549999999999997,-3552.9599999999823,2023-05-30T16:00:00-04:00,0.0,7.700000000000017,-7852.960000000022,2023-05-31T16:00:00-04:00,0.0,,,2023-06-01T15:59:00-04:00,60.0,,,,,0.0,hit,0.0,hit,0.0,hit,3050.0,hit,3100.0,hit,3144.0,hit,3174.0,hit,23.0,hit,57.0,hit,1446.0,hit,1488.0,hit,1564.0,hit,2934.0,hit,9.900000000000034,943,True,True,True,True,,9.900000000000034,943,True,True,True,True,,9.900000000000034,943,True,True,True,True,,9.900000000000034,943,True,True,True,True,,3050.0,2023-06-01T12:21:00-04:00,2.400000000000002,2747.0400000000077,3051.0,2023-06-01T12:22:00-04:00,2.549999999999997,2447.0400000000177,3052.0,2023-06-01T12:23:00-04:00,2.6499999999999986,2247.040000000015,3051.0,2023-06-01T12:22:00-04:00,2.549999999999997,2447.0400000000177,3102.0,2023-06-01T13:13:00-04:00,1.9500000000000002,3647.040000000012,3103.0,2023-06-01T13:14:00-04:00,1.8000000000000007,3947.0400000000104,3104.0,2023-06-01T13:15:00-04:00,1.700000000000001,4147.04000000001,3103.0,2023-06-01T13:14:00-04:00,1.8000000000000007,3947.0400000000104,3148.0,2023-06-01T13:59:00-04:00,0.8500000000000001,5847.040000000011,3149.0,2023-06-01T14:00:00-04:00,0.9000000000000004,5747.040000000011,3155.0,2023-06-01T14:06:00-04:00,0.75,6047.040000000012,3149.0,2023-06-01T14:00:00-04:00,0.9000000000000004,5747.040000000011,3190.0,2023-06-01T14:41:00-04:00,0.40000000000000013,6747.040000000011,3191.0,2023-06-01T14:42:00-04:00,0.3500000000000001,6847.040000000012,3192.0,2023-06-01T14:43:00-04:00,0.32499999999999996,6897.040000000012,3191.0,2023-06-01T14:42:00-04:00,0.3500000000000001,6847.040000000012,1071
2023-05-30,2023-06-01,2,6.0,2023-05-30T09:31:00-04:00,3.9000000000000057,NDXP  230601P14390000,NDXP  230601P14380000,development,False,False,0,0,0,2,15,1198,available,False,2023-05-30T09:31:00-04:00,2023-06-01T15:59:00-04:00,0.04999999999999999,7447.040000000012,1.0,last_observed_quote_not_settlement,1036.0,943,10,3.75,47.04000000001208,2023-05-30T09:32:00-04:00,0.0,3.799999999999997,-52.95999999998224,2023-05-30T09:33:00-04:00,0.0,3.8000000000000114,-52.96000000001066,2023-05-30T09:36:00-04:00,0.0,3.049999999999997,1447.0400000000177,2023-05-30T09:41:00-04:00,0.0,3.3999999999999915,747.0400000000291,2023-05-30T09:46:00-04:00,0.0,4.8500000000000085,-2152.960000000005,2023-05-30T10:01:00-04:00,0.0,4.849999999999994,-2152.9599999999764,2023-05-30T10:31:00-04:00,0.0,4.400000000000006,-1252.9599999999994,2023-05-30T11:31:00-04:00,0.0,5.549999999999997,-3552.9599999999823,2023-05-30T16:00:00-04:00,0.0,7.700000000000017,-7852.960000000022,2023-05-31T16:00:00-04:00,0.0,,,2023-06-01T15:59:00-04:00,60.0,,,,,0.0,hit,0.0,hit,0.0,hit,3050.0,hit,3100.0,hit,3144.0,hit,3174.0,hit,23.0,hit,57.0,hit,1446.0,hit,1488.0,hit,1564.0,hit,2934.0,hit,9.900000000000034,943,True,True,True,True,,9.900000000000034,943,True,True,True,True,,9.900000000000034,943,True,True,True,True,,9.900000000000034,943,True,True,True,True,,3050.0,2023-06-01T12:21:00-04:00,2.400000000000002,2747.0400000000077,3051.0,2023-06-01T12:22:00-04:00,2.549999999999997,2447.0400000000177,3052.0,2023-06-01T12:23:00-04:00,2.6499999999999986,2247.040000000015,3051.0,2023-06-01T12:22:00-04:00,2.549999999999997,2447.0400000000177,3102.0,2023-06-01T13:13:00-04:00,1.9500000000000002,3647.040000000012,3103.0,2023-06-01T13:14:00-04:00,1.8000000000000007,3947.0400000000104,3104.0,2023-06-01T13:15:00-04:00,1.700000000000001,4147.04000000001,3103.0,2023-06-01T13:14:00-04:00,1.8000000000000007,3947.0400000000104,3148.0,2023-06-01T13:59:00-04:00,0.8500000000000001,5847.040000000011,3149.0,2023-06-01T14:00:00-04:00,0.9000000000000004,5747.040000000011,3155.0,2023-06-01T14:06:00-04:00,0.75,6047.040000000012,3149.0,2023-06-01T14:00:00-04:00,0.9000000000000004,5747.040000000011,3190.0,2023-06-01T14:41:00-04:00,0.40000000000000013,6747.040000000011,3191.0,2023-06-01T14:42:00-04:00,0.3500000000000001,6847.040000000012,3192.0,2023-06-01T14:43:00-04:00,0.32499999999999996,6897.040000000012,3191.0,2023-06-01T14:42:00-04:00,0.3500000000000001,6847.040000000012,1072
2023-05-30,2023-06-01,2,7.0,2023-05-30T09:31:00-04:00,3.9000000000000057,NDXP  230601P14390000,NDXP  230601P14380000,development,False,False,0,0,0,2,15,1198,available,False,2023-05-30T09:31:00-04:00,2023-06-01T15:59:00-04:00,0.04999999999999999,7447.040000000012,1.0,last_observed_quote_not_settlement,1036.0,943,10,3.75,47.04000000001208,2023-05-30T09:32:00-04:00,0.0,3.799999999999997,-52.95999999998224,2023-05-30T09:33:00-04:00,0.0,3.8000000000000114,-52.96000000001066,2023-05-30T09:36:00-04:00,0.0,3.049999999999997,1447.0400000000177,2023-05-30T09:41:00-04:00,0.0,3.3999999999999915,747.0400000000291,2023-05-30T09:46:00-04:00,0.0,4.8500000000000085,-2152.960000000005,2023-05-30T10:01:00-04:00,0.0,4.849999999999994,-2152.9599999999764,2023-05-30T10:31:00-04:00,0.0,4.400000000000006,-1252.9599999999994,2023-05-30T11:31:00-04:00,0.0,5.549999999999997,-3552.9599999999823,2023-05-30T16:00:00-04:00,0.0,7.700000000000017,-7852.960000000022,2023-05-31T16:00:00-04:00,0.0,,,2023-06-01T15:59:00-04:00,60.0,,,,,0.0,hit,0.0,hit,0.0,hit,3050.0,hit,3100.0,hit,3144.0,hit,3174.0,hit,23.0,hit,57.0,hit,1446.0,hit,1488.0,hit,1564.0,hit,2934.0,hit,9.900000000000034,943,True,True,True,True,,9.900000000000034,943,True,True,True,True,,9.900000000000034,943,True,True,True,True,,9.900000000000034,943,True,True,True,True,,3050.0,2023-06-01T12:21:00-04:00,2.400000000000002,2747.0400000000077,3051.0,2023-06-01T12:22:00-04:00,2.549999999999997,2447.0400000000177,3052.0,2023-06-01T12:23:00-04:00,2.6499999999999986,2247.040000000015,3051.0,2023-06-01T12:22:00-04:00,2.549999999999997,2447.0400000000177,3102.0,2023-06-01T13:13:00-04:00,1.9500000000000002,3647.040000000012,3103.0,2023-06-01T13:14:00-04:00,1.8000000000000007,3947.0400000000104,3104.0,2023-06-01T13:15:00-04:00,1.700000000000001,4147.04000000001,3103.0,2023-06-01T13:14:00-04:00,1.8000000000000007,3947.0400000000104,3148.0,2023-06-01T13:59:00-04:00,0.8500000000000001,5847.040000000011,3149.0,2023-06-01T14:00:00-04:00,0.9000000000000004,5747.040000000011,3155.0,2023-06-01T14:06:00-04:00,0.75,6047.040000000012,3149.0,2023-06-01T14:00:00-04:00,0.9000000000000004,5747.040000000011,3190.0,2023-06-01T14:41:00-04:00,0.40000000000000013,6747.040000000011,3191.0,2023-06-01T14:42:00-04:00,0.3500000000000001,6847.040000000012,3192.0,2023-06-01T14:43:00-04:00,0.32499999999999996,6897.040000000012,3191.0,2023-06-01T14:42:00-04:00,0.3500000000000001,6847.040000000012,1073
2023-05-30,2023-06-02,3,5.0,2023-05-30T09:31:00-04:00,4.999999999999986,NDXP  230602P14470000,NDXP  230602P14460000,development,False,False,0,0,0,1,0,1604,available,False,2023-05-30T09:31:00-04:00,2023-06-02T16:00:00-04:00,0.024999999999999994,9697.039999999972,0.0,last_observed_quote_not_settlement,1036.0,1151,47,4.549999999999983,647.0400000000063,2023-05-30T09:32:00-04:00,0.0,4.75,247.03999999997225,2023-05-30T09:33:00-04:00,0.0,4.699999999999989,347.039999999995,2023-05-30T09:36:00-04:00,0.0,4.3500000000000085,1047.0399999999552,2023-05-30T09:41:00-04:00,0.0,4.449999999999989,847.039999999995,2023-05-30T09:46:00-04:00,0.0,4.900000000000006,-52.96000000003908,2023-05-30T10:01:00-04:00,0.0,5.950000000000017,-2152.960000000062,2023-05-30T10:31:00-04:00,0.0,5.400000000000006,-1052.9600000000391,2023-05-30T11:31:00-04:00,0.0,5.649999999999977,-1552.9599999999823,2023-05-30T16:00:00-04:00,0.0,6.649999999999977,-3552.9599999999823,2023-05-31T16:00:00-04:00,0.0,5.699999999999989,-1652.960000000005,2023-06-01T16:00:00-04:00,0.0,0.024999999999999994,9697.039999999972,2023-06-02T16:00:00-04:00,0.0,0.0,hit,0.0,hit,4320.0,hit,4320.0,hit,4322.0,hit,4513.0,hit,4555.0,hit,22.0,hit,58.0,hit,231.0,hit,1481.0,hit,1498.0,hit,2887.0,hit,9.950000000000017,1141,True,True,True,True,,9.950000000000017,1141,True,True,True,True,,9.950000000000017,1151,True,True,True,True,,9.950000000000017,1151,True,True,True,True,,4320.0,2023-06-02T09:31:00-04:00,2.25,5247.039999999973,4321.0,2023-06-02T09:32:00-04:00,2.3000000000000007,5147.039999999971,4322.0,2023-06-02T09:33:00-04:00,2.0,5747.039999999973,4321.0,2023-06-02T09:32:00-04:00,2.3000000000000007,5147.039999999971,4324.0,2023-06-02T09:35:00-04:00,1.6500000000000021,6447.039999999968,4325.0,2023-06-02T09:36:00-04:00,1.8499999999999996,6047.039999999973,4330.0,2023-06-02T09:41:00-04:00,1.75,6247.039999999973,4325.0,2023-06-02T09:36:00-04:00,1.8499999999999996,6047.039999999973,4514.0,2023-06-02T12:45:00-04:00,0.8999999999999995,7947.039999999974,4517.0,2023-06-02T12:48:00-04:00,0.6750000000000003,8397.039999999972,4518.0,2023-06-02T12:49:00-04:00,0.6499999999999999,8447.039999999972,4515.0,2023-06-02T12:46:00-04:00,1.0499999999999998,7647.039999999973,4622.0,2023-06-02T14:33:00-04:00,0.375,8997.039999999974,4623.0,2023-06-02T14:34:00-04:00,0.375,8997.039999999974,4627.0,2023-06-02T14:38:00-04:00,0.32499999999999996,9097.039999999974,4623.0,2023-06-02T14:34:00-04:00,0.375,8997.039999999974,1074
2023-05-30,2023-06-02,3,6.0,2023-05-30T09:31:00-04:00,5.149999999999977,NDXP  230602P14500000,NDXP  230602P14490000,development,False,False,0,0,0,3,0,1602,available,False,2023-05-30T09:31:00-04:00,2023-06-02T15:57:00-04:00,0.05000000000000002,9947.039999999957,3.0,last_observed_quote_not_settlement,1036.0,1217,36,5.199999999999989,-352.96000000002203,2023-05-30T09:32:00-04:00,0.0,5.099999999999994,-152.9600000000334,2023-05-30T09:33:00-04:00,0.0,5.300000000000011,-552.9600000000676,2023-05-30T09:36:00-04:00,0.0,4.5,1047.0399999999552,2023-05-30T09:41:00-04:00,0.0,4.749999999999972,547.040000000012,2023-05-30T09:46:00-04:00,0.0,5.150000000000006,-252.96000000005614,2023-05-30T10:01:00-04:00,0.0,5.850000000000023,-1652.9600000000903,2023-05-30T10:31:00-04:00,0.0,5.800000000000011,-1552.9600000000676,2023-05-30T11:31:00-04:00,0.0,6.299999999999983,-2552.9600000000105,2023-05-30T16:00:00-04:00,0.0,8.100000000000023,-6152.960000000092,2023-05-31T16:00:00-04:00,0.0,6.349999999999994,-2652.9600000000332,2023-06-01T16:00:00-04:00,0.0,,,2023-06-02T15:57:00-04:00,180.0,0.0,hit,3.0,hit,4320.0,hit,4322.0,hit,4333.0,hit,4538.0,hit,4650.0,hit,22.0,hit,25.0,hit,74.0,hit,267.0,hit,1569.0,hit,1569.0,hit,9.500000000000057,1185,True,True,True,True,,9.500000000000057,1185,True,True,True,True,,9.500000000000057,1217,True,True,True,True,,9.500000000000057,1217,True,True,True,True,,4322.0,2023-06-02T09:33:00-04:00,2.849999999999998,4347.039999999959,4323.0,2023-06-02T09:34:00-04:00,2.6499999999999986,4747.039999999958,4324.0,2023-06-02T09:35:00-04:00,2.3500000000000014,5347.039999999953,4323.0,2023-06-02T09:34:00-04:00,2.6499999999999986,4747.039999999958,4333.0,2023-06-02T09:44:00-04:00,1.8999999999999986,6247.039999999958,4413.0,2023-06-02T11:04:00-04:00,1.75,6547.039999999955,4509.0,2023-06-02T12:40:00-04:00,1.9499999999999993,6147.039999999956,4334.0,2023-06-02T09:45:00-04:00,2.650000000000002,4747.039999999951,4558.0,2023-06-02T13:29:00-04:00,0.9000000000000004,8247.039999999955,4634.0,2023-06-02T14:45:00-04:00,0.8999999999999999,8247.039999999955,4635.0,2023-06-02T14:46:00-04:00,0.75,8547.039999999955,4559.0,2023-06-02T13:30:00-04:00,1.1500000000000004,7747.0399999999545,4652.0,2023-06-02T15:03:00-04:00,0.3500000000000001,9347.039999999955,4657.0,2023-06-02T15:08:00-04:00,0.375,9297.039999999955,4665.0,2023-06-02T15:16:00-04:00,0.34999999999999987,9347.039999999957,4653.0,2023-06-02T15:04:00-04:00,0.4750000000000001,9097.039999999955,1075
2023-05-30,2023-06-02,3,7.0,2023-05-30T09:31:00-04:00,5.149999999999977,NDXP  230602P14500000,NDXP  230602P14490000,development,False,False,0,0,0,3,0,1602,available,False,2023-05-30T09:31:00-04:00,2023-06-02T15:57:00-04:00,0.05000000000000002,9947.039999999957,3.0,last_observed_quote_not_settlement,1036.0,1217,36,5.199999999999989,-352.96000000002203,2023-05-30T09:32:00-04:00,0.0,5.099999999999994,-152.9600000000334,2023-05-30T09:33:00-04:00,0.0,5.300000000000011,-552.9600000000676,2023-05-30T09:36:00-04:00,0.0,4.5,1047.0399999999552,2023-05-30T09:41:00-04:00,0.0,4.749999999999972,547.040000000012,2023-05-30T09:46:00-04:00,0.0,5.150000000000006,-252.96000000005614,2023-05-30T10:01:00-04:00,0.0,5.850000000000023,-1652.9600000000903,2023-05-30T10:31:00-04:00,0.0,5.800000000000011,-1552.9600000000676,2023-05-30T11:31:00-04:00,0.0,6.299999999999983,-2552.9600000000105,2023-05-30T16:00:00-04:00,0.0,8.100000000000023,-6152.960000000092,2023-05-31T16:00:00-04:00,0.0,6.349999999999994,-2652.9600000000332,2023-06-01T16:00:00-04:00,0.0,,,2023-06-02T15:57:00-04:00,180.0,0.0,hit,3.0,hit,4320.0,hit,4322.0,hit,4333.0,hit,4538.0,hit,4650.0,hit,22.0,hit,25.0,hit,74.0,hit,267.0,hit,1569.0,hit,1569.0,hit,9.500000000000057,1185,True,True,True,True,,9.500000000000057,1185,True,True,True,True,,9.500000000000057,1217,True,True,True,True,,9.500000000000057,1217,True,True,True,True,,4322.0,2023-06-02T09:33:00-04:00,2.849999999999998,4347.039999999959,4323.0,2023-06-02T09:34:00-04:00,2.6499999999999986,4747.039999999958,4324.0,2023-06-02T09:35:00-04:00,2.3500000000000014,5347.039999999953,4323.0,2023-06-02T09:34:00-04:00,2.6499999999999986,4747.039999999958,4333.0,2023-06-02T09:44:00-04:00,1.8999999999999986,6247.039999999958,4413.0,2023-06-02T11:04:00-04:00,1.75,6547.039999999955,4509.0,2023-06-02T12:40:00-04:00,1.9499999999999993,6147.039999999956,4334.0,2023-06-02T09:45:00-04:00,2.650000000000002,4747.039999999951,4558.0,2023-06-02T13:29:00-04:00,0.9000000000000004,8247.039999999955,4634.0,2023-06-02T14:45:00-04:00,0.8999999999999999,8247.039999999955,4635.0,2023-06-02T14:46:00-04:00,0.75,8547.039999999955,4559.0,2023-06-02T13:30:00-04:00,1.1500000000000004,7747.0399999999545,4652.0,2023-06-02T15:03:00-04:00,0.3500000000000001,9347.039999999955,4657.0,2023-06-02T15:08:00-04:00,0.375,9297.039999999955,4665.0,2023-06-02T15:16:00-04:00,0.34999999999999987,9347.039999999957,4653.0,2023-06-02T15:04:00-04:00,0.4750000000000001,9097.039999999955,1076
2023-05-31,2023-06-02,2,5.0,2023-05-31T09:31:00-04:00,4.950000000000003,NDXP  230602P14310000,NDXP  230602P14300000,development,False,False,0,0,0,7,0,1193,available,False,2023-05-31T09:31:00-04:00,2023-06-02T16:00:00-04:00,0.0,9647.040000000008,0.0,last_observed_quote_not_settlement,1036.0,354,52,4.649999999999977,347.04000000005186,2023-05-31T09:32:00-04:00,0.0,4.700000000000017,247.03999999997225,2023-05-31T09:33:00-04:00,0.0,4.799999999999997,47.04000000001208,2023-05-31T09:36:00-04:00,0.0,4.200000000000003,1247.0400000000006,2023-05-31T09:41:00-04:00,0.0,4.150000000000006,1347.039999999995,2023-05-31T09:46:00-04:00,0.0,4.25,1147.0400000000063,2023-05-31T10:01:00-04:00,0.0,5.500000000000028,-1352.9600000000505,2023-05-31T10:31:00-04:00,0.0,5.899999999999977,-2152.959999999948,2023-05-31T11:31:00-04:00,0.0,6.599999999999994,-3552.9599999999823,2023-05-31T16:00:00-04:00,0.0,2.1000000000000014,5447.040000000004,2023-06-01T16:00:00-04:00,0.0,0.0,9647.040000000008,2023-06-02T16:00:00-04:00,0.0,,,,,0.0,hit,0.0,hit,19.0,hit,1591.0,hit,1704.0,hit,2880.0,hit,2880.0,hit,53.0,hit,57.0,hit,122.0,hit,,never_hit,,never_hit,,never_hit,7.150000000000006,353,True,False,False,False,,7.150000000000006,353,True,False,False,False,,7.150000000000006,354,True,False,False,False,,7.150000000000006,354,True,False,False,False,,1591.0,2023-06-01T12:02:00-04:00,2.9499999999999957,3747.040000000015,1592.0,2023-06-01T12:03:00-04:00,2.849999999999998,3947.0400000000104,1593.0,2023-06-01T12:04:00-04:00,2.8500000000000085,3947.0399999999895,1592.0,2023-06-01T12:03:00-04:00,2.849999999999998,3947.0400000000104,1709.0,2023-06-01T14:00:00-04:00,1.8499999999999979,5947.040000000011,1716.0,2023-06-01T14:07:00-04:00,1.8500000000000014,5947.040000000004,1717.0,2023-06-01T14:08:00-04:00,1.8999999999999986,5847.040000000009,1710.0,2023-06-01T14:01:00-04:00,2.299999999999997,5047.040000000012,2880.0,2023-06-02T09:31:00-04:00,0.32499999999999973,8997.040000000006,2881.0,2023-06-02T09:32:00-04:00,0.2999999999999998,9047.040000000008,2882.0,2023-06-02T09:33:00-04:00,0.27500000000000036,9097.040000000006,2881.0,2023-06-02T09:32:00-04:00,0.2999999999999998,9047.040000000008,2880.0,2023-06-02T09:31:00-04:00,0.32499999999999973,8997.040000000006,2881.0,2023-06-02T09:32:00-04:00,0.2999999999999998,9047.040000000008,2882.0,2023-06-02T09:33:00-04:00,0.27500000000000036,9097.040000000006,2881.0,2023-06-02T09:32:00-04:00,0.2999999999999998,9047.040000000008,1077
2023-05-31,2023-06-02,2,6.0,2023-05-31T09:31:00-04:00,6.0,NDXP  230602P14400000,NDXP  230602P14390000,development,False,False,0,0,0,0,0,1200,available,False,2023-05-31T09:31:00-04:00,2023-06-02T16:00:00-04:00,0.0,11747.04,0.0,last_observed_quote_not_settlement,1036.0,315,140,5.800000000000011,147.03999999997797,2023-05-31T09:32:00-04:00,0.0,5.900000000000006,-52.96000000001066,2023-05-31T09:33:00-04:00,0.0,6.049999999999983,-352.9599999999652,2023-05-31T09:36:00-04:00,0.0,5.799999999999983,147.0400000000348,2023-05-31T09:41:00-04:00,0.0,5.799999999999983,147.0400000000348,2023-05-31T09:46:00-04:00,0.0,5.799999999999983,147.0400000000348,2023-05-31T10:01:00-04:00,0.0,6.899999999999977,-2052.9599999999537,2023-05-31T10:31:00-04:00,0.0,6.300000000000011,-852.9600000000221,2023-05-31T11:31:00-04:00,0.0,6.7999999999999545,-1852.9599999999084,2023-05-31T16:00:00-04:00,0.0,3.4499999999999957,4847.040000000009,2023-06-01T16:00:00-04:00,0.0,0.0,11747.04,2023-06-02T16:00:00-04:00,0.0,,,,,14.0,hit,20.0,hit,1699.0,hit,1773.0,hit,1819.0,hit,2882.0,hit,2966.0,hit,45.0,hit,51.0,hit,51.0,hit,380.0,hit,,never_hit,,never_hit,8.200000000000017,315,True,True,False,False,,8.200000000000017,315,True,True,False,False,,8.200000000000017,315,True,True,False,False,,8.200000000000017,315,True,True,False,False,,1777.0,2023-06-01T15:08:00-04:00,2.9499999999999957,5847.040000000009,1778.0,2023-06-01T15:09:00-04:00,2.9000000000000057,5947.039999999989,1786.0,2023-06-01T15:17:00-04:00,2.9000000000000057,5947.039999999989,1778.0,2023-06-01T15:09:00-04:00,2.9000000000000057,5947.039999999989,1819.0,2023-06-01T15:50:00-04:00,1.8999999999999986,7947.040000000004,2881.0,2023-06-02T09:32:00-04:00,1.0500000000000007,9647.04,2882.0,2023-06-02T09:33:00-04:00,1.0,9747.04,1820.0,2023-06-01T15:51:00-04:00,4.5,2747.040000000001,2883.0,2023-06-02T09:34:00-04:00,0.9000000000000004,9947.04,2884.0,2023-06-02T09:35:00-04:00,0.8000000000000007,10147.04,2885.0,2023-06-02T09:36:00-04:00,0.7000000000000002,10347.04,2884.0,2023-06-02T09:35:00-04:00,0.8000000000000007,10147.04,2966.0,2023-06-02T10:57:00-04:00,0.44999999999999973,10847.04,2969.0,2023-06-02T11:00:00-04:00,0.40000000000000036,10947.04,2970.0,2023-06-02T11:01:00-04:00,0.4249999999999998,10897.040000000003,2967.0,2023-06-02T10:58:00-04:00,0.5499999999999998,10647.040000000003,1078
2023-05-31,2023-06-02,2,7.0,2023-05-31T09:31:00-04:00,7.0,NDXP  230602P14500000,NDXP  230602P14490000,development,False,False,0,0,0,3,0,1197,available,False,2023-05-31T09:31:00-04:00,2023-06-02T15:57:00-04:00,0.05000000000000002,13647.040000000003,3.0,last_observed_quote_not_settlement,1036.0,519,27,7.049999999999983,-352.9599999999652,2023-05-31T09:32:00-04:00,0.0,7.699999999999989,-1652.9599999999766,2023-05-31T09:33:00-04:00,0.0,7.300000000000011,-852.9600000000221,2023-05-31T09:36:00-04:00,0.0,6.699999999999989,347.04000000002344,2023-05-31T09:41:00-04:00,0.0,6.200000000000017,1347.0399999999665,2023-05-31T09:46:00-04:00,0.0,6.75,247.04000000000067,2023-05-31T10:01:00-04:00,0.0,8.050000000000011,-2352.9600000000237,2023-05-31T10:31:00-04:00,0.0,8.499999999999943,-3252.9599999998873,2023-05-31T11:31:00-04:00,0.0,8.100000000000023,-2452.9600000000464,2023-05-31T16:00:00-04:00,0.0,6.349999999999994,1047.040000000012,2023-06-01T16:00:00-04:00,0.0,,,2023-06-02T15:57:00-04:00,180.0,,,,,1716.0,hit,1786.0,hit,2880.0,hit,2882.0,hit,2893.0,hit,3098.0,hit,3210.0,hit,2.0,hit,6.0,hit,0.0,hit,6.0,hit,129.0,hit,129.0,hit,9.500000000000057,519,True,True,True,True,,9.500000000000057,519,True,True,True,True,,9.500000000000057,519,True,True,True,True,,9.500000000000057,519,True,True,True,True,,2882.0,2023-06-02T09:33:00-04:00,2.849999999999998,8047.0400000000045,2883.0,2023-06-02T09:34:00-04:00,2.6499999999999986,8447.040000000005,2884.0,2023-06-02T09:35:00-04:00,2.3500000000000014,9047.039999999999,2883.0,2023-06-02T09:34:00-04:00,2.6499999999999986,8447.040000000005,2893.0,2023-06-02T09:44:00-04:00,1.8999999999999986,9947.040000000005,2973.0,2023-06-02T11:04:00-04:00,1.75,10247.04,3069.0,2023-06-02T12:40:00-04:00,1.9499999999999993,9847.040000000003,2894.0,2023-06-02T09:45:00-04:00,2.650000000000002,8447.039999999997,3118.0,2023-06-02T13:29:00-04:00,0.9000000000000004,11947.04,3194.0,2023-06-02T14:45:00-04:00,0.8999999999999999,11947.04,3195.0,2023-06-02T14:46:00-04:00,0.75,12247.04,3119.0,2023-06-02T13:30:00-04:00,1.1500000000000004,11447.04,3212.0,2023-06-02T15:03:00-04:00,0.3500000000000001,13047.04,3217.0,2023-06-02T15:08:00-04:00,0.375,12997.04,3225.0,2023-06-02T15:16:00-04:00,0.34999999999999987,13047.040000000003,3213.0,2023-06-02T15:04:00-04:00,0.4750000000000001,12797.04,1079
2023-06-02,2023-06-05,3,5.0,2023-06-02T09:31:00-04:00,4.900000000000006,NDXP  230605P14570000,NDXP  230605P14560000,development,False,False,0,0,0,0,0,795,available,False,2023-06-02T09:31:00-04:00,2023-06-05T16:00:00-04:00,9.4,-9252.95999999999,0.0,last_observed_quote_not_settlement,3916.0,434,68,5.25,-952.959999999988,2023-06-02T09:32:00-04:00,0.0,4.800000000000011,-52.96000000001066,2023-06-02T09:33:00-04:00,0.0,4.75,47.04000000001208,2023-06-02T09:36:00-04:00,0.0,4.550000000000011,447.03999999998933,2023-06-02T09:41:00-04:00,0.0,5.099999999999994,-652.9599999999766,2023-06-02T09:46:00-04:00,0.0,7.000000000000028,-4452.960000000045,2023-06-02T10:01:00-04:00,0.0,6.5,-3452.9599999999878,2023-06-02T10:31:00-04:00,0.0,4.8500000000000085,-152.96000000000498,2023-06-02T11:31:00-04:00,0.0,5.299999999999997,-1052.9599999999823,2023-06-02T16:00:00-04:00,0.0,,,2023-06-02T16:15:00-04:00,85500.0,,,2023-06-02T16:15:00-04:00,171900.0,9.4,-9252.95999999999,2023-06-05T16:00:00-04:00,0.0,0.0,hit,0.0,hit,4330.0,hit,4383.0,hit,4406.0,hit,4485.0,hit,,never_hit,16.0,hit,16.0,hit,27.0,hit,4624.0,hit,4658.0,hit,4658.0,hit,7.599999999999994,371,True,False,False,False,,7.599999999999994,371,True,False,False,False,,7.599999999999994,371,True,False,False,False,,,,True,True,True,False,4.350000000000006,4395.0,2023-06-05T10:46:00-04:00,2.8999999999999986,3747.040000000015,4396.0,2023-06-05T10:47:00-04:00,2.6000000000000014,4347.040000000009,4397.0,2023-06-05T10:48:00-04:00,2.5999999999999996,4347.040000000013,4396.0,2023-06-05T10:47:00-04:00,2.6000000000000014,4347.040000000009,4406.0,2023-06-05T10:57:00-04:00,1.9499999999999993,5647.040000000014,4407.0,2023-06-05T10:58:00-04:00,1.9000000000000004,5747.040000000011,4438.0,2023-06-05T11:29:00-04:00,1.6500000000000004,6247.040000000011,4407.0,2023-06-05T10:58:00-04:00,1.9000000000000004,5747.040000000011,4485.0,2023-06-05T12:16:00-04:00,0.9000000000000004,7747.040000000011,4488.0,2023-06-05T12:19:00-04:00,0.8999999999999995,7747.040000000013,4519.0,2023-06-05T12:50:00-04:00,0.9000000000000004,7747.040000000011,4486.0,2023-06-05T12:17:00-04:00,1.1000000000000005,7347.040000000011,,,,,,,,,,,,,,,,,1080
2023-06-02,2023-06-05,3,6.0,2023-06-02T09:31:00-04:00,6.0,NDXP  230605P14710000,NDXP  230605P14700000,development,False,False,0,0,0,32,0,763,available,False,2023-06-02T09:31:00-04:00,2023-06-05T16:00:00-04:00,10.0,-8152.96,0.0,last_observed_quote_not_settlement,3916.0,737,0,7.849999999999994,-3952.9599999999878,2023-06-02T09:32:00-04:00,0.0,8.300000000000011,-4852.960000000024,2023-06-02T09:33:00-04:00,0.0,7.249999999999972,-2752.9599999999423,2023-06-02T09:36:00-04:00,0.0,7.050000000000011,-2352.960000000022,2023-06-02T09:41:00-04:00,0.0,7.600000000000023,-3452.9600000000446,2023-06-02T09:46:00-04:00,0.0,8.449999999999989,-5152.959999999978,2023-06-02T10:01:00-04:00,0.0,8.450000000000017,-5152.9600000000355,2023-06-02T10:31:00-04:00,0.0,7.75,-3752.959999999999,2023-06-02T11:31:00-04:00,0.0,8.349999999999966,-4952.959999999933,2023-06-02T16:00:00-04:00,0.0,,,2023-06-02T16:15:00-04:00,85500.0,,,2023-06-02T16:15:00-04:00,171900.0,10.0,-8152.96,2023-06-05T16:00:00-04:00,0.0,,never_hit,,never_hit,,never_hit,,never_hit,,never_hit,,never_hit,,never_hit,1.0,hit,1.0,hit,1.0,hit,2.0,hit,28.0,hit,28.0,hit,,,True,True,True,False,0.0,,,True,True,True,False,0.0,,,True,True,True,False,0.0,,,True,True,True,False,0.0,,,,,,,,,,,,,,,,,,,,,,,,,,,,,,,,,,,,,,,,,,,,,,,,,,,,,,,,,,,,,,,,,1081
2023-06-02,2023-06-05,3,7.0,2023-06-02T09:31:00-04:00,7.099999999999966,NDXP  230605P14850000,NDXP  230605P14840000,development,False,False,0,0,0,72,0,723,available,False,2023-06-02T09:31:00-04:00,2023-06-05T16:00:00-04:00,10.0,-5952.960000000068,0.0,last_observed_quote_not_settlement,3916.0,661,0,8.5,-3052.960000000069,2023-06-02T09:32:00-04:00,0.0,9.199999999999989,-4452.960000000046,2023-06-02T09:33:00-04:00,0.0,8.800000000000068,-3652.9600000002056,2023-06-02T09:36:00-04:00,0.0,8.750000000000057,-3552.960000000183,2023-06-02T09:41:00-04:00,0.0,9.050000000000011,-4152.960000000092,2023-06-02T09:46:00-04:00,0.0,9.599999999999966,-5252.960000000001,2023-06-02T10:01:00-04:00,0.0,9.450000000000045,-4952.96000000016,2023-06-02T10:31:00-04:00,0.0,9.149999999999977,-4352.960000000024,2023-06-02T11:31:00-04:00,0.0,,,2023-06-02T15:59:00-04:00,60.0,,,2023-06-02T16:15:00-04:00,85500.0,,,2023-06-02T16:15:00-04:00,171900.0,10.0,-5952.960000000068,2023-06-05T16:00:00-04:00,0.0,,never_hit,,never_hit,,never_hit,,never_hit,,never_hit,,never_hit,,never_hit,1.0,hit,1.0,hit,0.0,hit,1.0,hit,2.0,hit,17.0,hit,,,True,True,True,False,0.0,,,True,True,True,False,0.0,,,True,True,True,False,0.0,,,True,True,True,False,0.0,,,,,,,,,,,,,,,,,,,,,,,,,,,,,,,,,,,,,,,,,,,,,,,,,,,,,,,,,,,,,,,,,1082
2023-06-05,2023-06-07,2,5.0,2023-06-05T09:31:00-04:00,5.0,NDXP  230607P14570000,NDXP  230607P14560000,development,False,False,0,0,0,48,0,1151,available,False,2023-06-05T09:31:00-04:00,2023-06-07T15:56:00-04:00,9.850000000000023,-9952.960000000046,4.0,last_observed_quote_not_settlement,1036.0,596,64,4.900000000000006,-52.96000000001066,2023-06-05T09:32:00-04:00,0.0,4.799999999999997,147.0400000000064,2023-06-05T09:33:00-04:00,0.0,4.849999999999994,47.04000000001208,2023-06-05T09:36:00-04:00,0.0,4.349999999999994,1047.040000000012,2023-06-05T09:41:00-04:00,0.0,4.049999999999997,1647.0400000000063,2023-06-05T09:46:00-04:00,0.0,4.800000000000011,147.03999999997797,2023-06-05T10:01:00-04:00,0.0,4.799999999999997,147.0400000000064,2023-06-05T10:31:00-04:00,0.0,3.3500000000000085,3047.0399999999836,2023-06-05T11:31:00-04:00,0.0,5.200000000000003,-652.960000000005,2023-06-05T16:00:00-04:00,0.0,3.0999999999999943,3547.0400000000122,2023-06-06T16:00:00-04:00,0.0,,,2023-06-07T15:56:00-04:00,240.0,,,,,0.0,hit,0.0,hit,17.0,hit,165.0,hit,2894.0,hit,,never_hit,,never_hit,29.0,hit,29.0,hit,2935.0,hit,2946.0,hit,2952.0,hit,2962.0,hit,6.0,2,False,False,False,False,,6.8500000000000085,333,False,False,False,False,,,,True,True,True,False,3.099999999999998,,,True,True,True,False,3.099999999999998,206.0,2023-06-05T12:57:00-04:00,2.9499999999999957,3847.040000000009,2883.0,2023-06-07T09:34:00-04:00,2.599999999999998,4547.0400000000045,2884.0,2023-06-07T09:35:00-04:00,2.0000000000000018,5747.039999999997,207.0,2023-06-05T12:58:00-04:00,3.1000000000000085,3547.0399999999836,2894.0,2023-06-07T09:45:00-04:00,1.9499999999999993,5847.040000000002,2895.0,2023-06-07T09:46:00-04:00,1.9000000000000021,5947.039999999996,,,,,2895.0,2023-06-07T09:46:00-04:00,1.9000000000000021,5947.039999999996,,,,,,,,,,,,,,,,,,,,,,,,,,,,,,,,,1083
2023-06-05,2023-06-07,2,6.0,2023-06-05T09:31:00-04:00,5.950000000000003,NDXP  230607P14600000,NDXP  230607P14590000,development,False,False,0,0,0,68,0,1131,available,False,2023-06-05T09:31:00-04:00,2023-06-07T15:59:00-04:00,10.0,-8252.959999999994,1.0,last_observed_quote_not_settlement,1036.0,523,50,5.500000000000014,647.0399999999779,2023-06-05T09:32:00-04:00,0.0,5.5,647.0400000000063,2023-06-05T09:33:00-04:00,0.0,5.25,1147.0400000000063,2023-06-05T09:36:00-04:00,0.0,4.949999999999989,1747.040000000029,2023-06-05T09:41:00-04:00,0.0,4.450000000000003,2747.040000000001,2023-06-05T09:46:00-04:00,0.0,5.599999999999994,447.04000000001776,2023-06-05T10:01:00-04:00,0.0,5.299999999999997,1047.040000000012,2023-06-05T10:31:00-04:00,0.0,3.950000000000003,3747.040000000001,2023-06-05T11:31:00-04:00,0.0,5.5,647.0400000000063,2023-06-05T16:00:00-04:00,0.0,6.8500000000000085,-2052.9600000000105,2023-06-06T16:00:00-04:00,0.0,,,2023-06-07T15:59:00-04:00,60.0,,,,,2.0,hit,9.0,hit,90.0,hit,2884.0,hit,,never_hit,,never_hit,,never_hit,321.0,hit,339.0,hit,339.0,hit,1445.0,hit,2952.0,hit,2956.0,hit,8.350000000000023,295,True,True,False,False,,,,True,True,True,False,3.1000000000000014,,,True,True,True,False,3.1000000000000014,,,True,True,True,False,3.1000000000000014,2884.0,2023-06-07T09:35:00-04:00,2.9499999999999993,5747.040000000008,2895.0,2023-06-07T09:46:00-04:00,2.9499999999999993,5747.040000000008,,,,,2885.0,2023-06-07T09:36:00-04:00,3.1000000000000014,5447.040000000004,,,,,,,,,,,,,,,,,,,,,,,,,,,,,,,,,,,,,,,,,,,,,,,,,1084
2023-06-05,2023-06-07,2,7.0,2023-06-05T09:31:00-04:00,7.050000000000011,NDXP  230607P14710000,NDXP  230607P14700000,development,False,False,0,0,0,102,0,1097,available,False,2023-06-05T09:31:00-04:00,2023-06-07T15:58:00-04:00,10.0,-6052.959999999977,2.0,last_observed_quote_not_settlement,1036.0,754,49,6.600000000000023,647.0399999999779,2023-06-05T09:32:00-04:00,0.0,7.100000000000023,-352.96000000002203,2023-06-05T09:33:00-04:00,0.0,6.5,847.0400000000234,2023-06-05T09:36:00-04:00,0.0,7.0,-152.95999999997656,2023-06-05T09:41:00-04:00,0.0,6.700000000000017,447.03999999998933,2023-06-05T09:46:00-04:00,0.0,7.899999999999977,-1952.9599999999311,2023-06-05T10:01:00-04:00,0.0,7.049999999999983,-252.95999999994245,2023-06-05T10:31:00-04:00,0.0,6.1000000000000085,1647.0400000000063,2023-06-05T11:31:00-04:00,0.0,7.2999999999999545,-752.9599999998857,2023-06-05T16:00:00-04:00,0.0,8.5,-3152.959999999978,2023-06-06T16:00:00-04:00,0.0,,,2023-06-07T15:58:00-04:00,120.0,,,,,83.0,hit,91.0,hit,,never_hit,,never_hit,,never_hit,,never_hit,,never_hit,20.0,hit,20.0,hit,0.0,hit,20.0,hit,340.0,hit,1440.0,hit,,,True,True,True,False,2.4000000000000057,,,True,True,True,False,2.4000000000000057,,,True,True,True,False,2.4000000000000057,,,True,True,True,False,2.4000000000000057,,,,,,,,,,,,,,,,,,,,,,,,,,,,,,,,,,,,,,,,,,,,,,,,,,,,,,,,,,,,,,,,,1085
2023-06-05,2023-06-08,3,5.0,2023-06-05T09:31:00-04:00,4.949999999999989,NDXP  230608P14570000,NDXP  230608P14560000,development,False,False,0,0,0,50,0,1554,available,False,2023-06-05T09:31:00-04:00,2023-06-08T15:59:00-04:00,9.950000000000003,-10252.960000000021,1.0,last_observed_quote_not_settlement,1037.0,966,50,4.650000000000006,347.0399999999666,2023-06-05T09:32:00-04:00,0.0,3.75,2147.039999999978,2023-06-05T09:33:00-04:00,0.0,4.549999999999997,547.0399999999836,2023-06-05T09:36:00-04:00,0.0,4.049999999999997,1547.0399999999836,2023-06-05T09:41:00-04:00,0.0,4.150000000000006,1347.0399999999665,2023-06-05T09:46:00-04:00,0.0,4.750000000000014,147.03999999994954,2023-06-05T10:01:00-04:00,0.0,4.650000000000006,347.0399999999666,2023-06-05T10:31:00-04:00,0.0,3.450000000000003,2747.039999999972,2023-06-05T11:31:00-04:00,0.0,6.450000000000003,-3252.960000000028,2023-06-05T16:00:00-04:00,0.0,7.700000000000003,-5752.960000000027,2023-06-06T16:00:00-04:00,0.0,9.700000000000017,-9752.960000000057,2023-06-07T16:00:00-04:00,0.0,,,2023-06-08T15:59:00-04:00,60.0,0.0,hit,0.0,hit,2.0,hit,92.0,hit,,never_hit,,never_hit,,never_hit,239.0,hit,389.0,hit,1829.0,hit,2952.0,hit,3055.0,hit,3110.0,hit,5.099999999999994,1,False,False,False,False,,,,True,True,True,False,2.4499999999999886,,,True,True,True,False,2.4499999999999886,,,True,True,True,False,2.4499999999999886,92.0,2023-06-05T11:03:00-04:00,2.5,4647.039999999978,,,,,,,,,93.0,2023-06-05T11:04:00-04:00,3.6500000000000057,2347.0399999999668,,,,,,,,,,,,,,,,,,,,,,,,,,,,,,,,,,,,,,,,,,,,,,,,,1086
2023-06-05,2023-06-08,3,6.0,2023-06-05T09:31:00-04:00,6.0,NDXP  230608P14630000,NDXP  230608P14620000,development,False,False,0,0,0,119,0,1485,available,False,2023-06-05T09:31:00-04:00,2023-06-08T15:59:00-04:00,10.0,-8152.96,1.0,last_observed_quote_not_settlement,1037.0,926,84,5.75,247.04000000000067,2023-06-05T09:32:00-04:00,0.0,6.000000000000028,-252.96000000005614,2023-06-05T09:33:00-04:00,0.0,5.549999999999983,647.0400000000348,2023-06-05T09:36:00-04:00,0.0,5.349999999999994,1047.040000000012,2023-06-05T09:41:00-04:00,0.0,4.8999999999999915,1947.0400000000177,2023-06-05T09:46:00-04:00,0.0,5.949999999999989,-152.95999999997656,2023-06-05T10:01:00-04:00,0.0,5.650000000000006,447.03999999998933,2023-06-05T10:31:00-04:00,0.0,4.5,2747.040000000001,2023-06-05T11:31:00-04:00,0.0,4.450000000000003,2847.039999999995,2023-06-05T16:00:00-04:00,0.0,6.049999999999983,-352.9599999999652,2023-06-06T16:00:00-04:00,0.0,9.749999999999943,-7752.959999999887,2023-06-07T16:00:00-04:00,0.0,,,2023-06-08T15:59:00-04:00,60.0,6.0,hit,13.0,hit,219.0,hit,,never_hit,,never_hit,,never_hit,,never_hit,68.0,hit,339.0,hit,339.0,hit,2946.0,hit,2964.0,hit,3029.0,hit,,,True,True,True,False,2.0999999999999943,,,True,True,True,False,2.0999999999999943,,,True,True,True,False,2.0999999999999943,,,True,True,True,False,2.0999999999999943,,,,,,,,,,,,,,,,,,,,,,,,,,,,,,,,,,,,,,,,,,,,,,,,,,,,,,,,,,,,,,,,,1087
2023-06-05,2023-06-08,3,7.0,2023-06-05T09:31:00-04:00,7.000000000000028,NDXP  230608P14680000,NDXP  230608P14670000,development,False,False,0,0,0,117,0,1487,available,False,2023-06-05T09:31:00-04:00,2023-06-08T15:59:00-04:00,10.0,-6152.959999999943,1.0,last_observed_quote_not_settlement,1036.0,909,93,5.949999999999989,1847.0400000000802,2023-06-05T09:32:00-04:00,0.0,6.800000000000011,147.0400000000348,2023-06-05T09:33:00-04:00,0.0,7.350000000000023,-952.959999999988,2023-06-05T09:36:00-04:00,0.0,5.400000000000006,2947.0400000000463,2023-06-05T09:41:00-04:00,0.0,5.75,2247.0400000000577,2023-06-05T09:46:00-04:00,0.0,6.650000000000006,447.0400000000462,2023-06-05T10:01:00-04:00,0.0,6.149999999999977,1447.040000000103,2023-06-05T10:31:00-04:00,0.0,5.349999999999994,3047.040000000069,2023-06-05T11:31:00-04:00,0.0,6.899999999999977,-52.95999999989697,2023-06-05T16:00:00-04:00,0.0,7.75,-1752.9599999999425,2023-06-06T16:00:00-04:00,0.0,9.949999999999932,-6152.959999999808,2023-06-07T16:00:00-04:00,0.0,,,2023-06-08T15:59:00-04:00,60.0,10.0,hit,11.0,hit,,never_hit,,never_hit,,never_hit,,never_hit,,never_hit,29.0,hit,29.0,hit,0.0,hit,29.0,hit,2952.0,hit,2952.0,hit,,,True,True,True,False,2.55000000000004,,,True,True,True,False,2.55000000000004,,,True,True,True,False,2.55000000000004,,,True,True,True,False,2.55000000000004,,,,,,,,,,,,,,,,,,,,,,,,,,,,,,,,,,,,,,,,,,,,,,,,,,,,,,,,,,,,,,,,,1088
2023-06-06,2023-06-08,2,5.0,2023-06-06T09:31:00-04:00,5.0,NDXP  230608P14530000,NDXP  230608P14520000,development,False,False,0,0,0,31,0,1168,available,False,2023-06-06T09:31:00-04:00,2023-06-08T15:57:00-04:00,9.949999999999996,-10152.959999999992,3.0,last_observed_quote_not_settlement,1037.0,712,23,5.200000000000003,-652.960000000005,2023-06-06T09:32:00-04:00,0.0,5.25,-752.9599999999994,2023-06-06T09:33:00-04:00,0.0,6.049999999999983,-2352.959999999965,2023-06-06T09:36:00-04:00,0.0,5.199999999999989,-652.9599999999766,2023-06-06T09:41:00-04:00,0.0,5.150000000000006,-552.9600000000107,2023-06-06T09:46:00-04:00,0.0,5.150000000000006,-552.9600000000107,2023-06-06T10:01:00-04:00,0.0,4.450000000000003,847.039999999995,2023-06-06T10:31:00-04:00,0.0,4.450000000000003,847.039999999995,2023-06-06T11:31:00-04:00,0.0,6.049999999999997,-2352.9599999999937,2023-06-06T16:00:00-04:00,0.0,9.150000000000006,-8552.960000000012,2023-06-07T16:00:00-04:00,0.0,,,2023-06-08T15:57:00-04:00,180.0,,,,,0.0,hit,0.0,hit,61.0,hit,385.0,hit,,never_hit,,never_hit,,never_hit,5.0,hit,5.0,hit,1522.0,hit,1587.0,hit,1587.0,hit,1703.0,hit,6.049999999999983,34,False,False,False,False,,,,True,True,True,False,2.8500000000000014,,,True,True,True,False,2.8500000000000014,,,True,True,True,False,2.8500000000000014,385.0,2023-06-06T15:56:00-04:00,2.3499999999999943,5047.040000000012,1442.0,2023-06-07T09:33:00-04:00,2.3999999999999986,4947.040000000004,1443.0,2023-06-07T09:34:00-04:00,2.5500000000000007,4647.039999999999,386.0,2023-06-06T15:57:00-04:00,3.8500000000000085,2047.0399999999836,,,,,,,,,,,,,,,,,,,,,,,,,,,,,,,,,,,,,,,,,,,,,,,,,1089
2023-06-06,2023-06-08,2,6.0,2023-06-06T09:31:00-04:00,6.000000000000014,NDXP  230608P14580000,NDXP  230608P14570000,development,False,False,0,0,0,69,0,1130,available,False,2023-06-06T09:31:00-04:00,2023-06-08T15:57:00-04:00,9.899999999999991,-8052.9599999999555,3.0,last_observed_quote_not_settlement,1036.0,657,31,6.199999999999989,-652.9599999999482,2023-06-06T09:32:00-04:00,0.0,7.000000000000014,-2252.959999999999,2023-06-06T09:33:00-04:00,0.0,6.099999999999994,-452.9599999999595,2023-06-06T09:36:00-04:00,0.0,6.450000000000003,-1152.9599999999766,2023-06-06T09:41:00-04:00,0.0,6.150000000000006,-552.9599999999823,2023-06-06T09:46:00-04:00,0.0,6.0,-252.95999999997088,2023-06-06T10:01:00-04:00,0.0,5.200000000000003,1347.0400000000234,2023-06-06T10:31:00-04:00,0.0,5.449999999999989,847.0400000000518,2023-06-06T11:31:00-04:00,0.0,3.0,5747.040000000029,2023-06-06T16:00:00-04:00,0.0,9.899999999999977,-8052.959999999927,2023-06-07T16:00:00-04:00,0.0,,,2023-06-08T15:57:00-04:00,180.0,,,,,41.0,hit,49.0,hit,389.0,hit,389.0,hit,,never_hit,,never_hit,,never_hit,2.0,hit,2.0,hit,2.0,hit,1516.0,hit,1609.0,hit,1654.0,hit,7.450000000000003,33,True,False,False,False,,,,True,True,True,False,3.000000000000014,,,True,True,True,False,3.000000000000014,,,True,True,True,False,3.000000000000014,,,,,,,,,,,,,,,,,,,,,,,,,,,,,,,,,,,,,,,,,,,,,,,,,,,,,,,,,,,,,,,,,1090
2023-06-06,2023-06-08,2,7.0,2023-06-06T09:31:00-04:00,6.900000000000006,NDXP  230608P14630000,NDXP  230608P14620000,development,False,False,0,0,0,119,0,1080,available,False,2023-06-06T09:31:00-04:00,2023-06-08T15:59:00-04:00,10.0,-6352.959999999988,1.0,last_observed_quote_not_settlement,1037.0,589,43,6.849999999999994,-152.95999999997656,2023-06-06T09:32:00-04:00,0.0,7.050000000000011,-552.9600000000107,2023-06-06T09:33:00-04:00,0.0,7.300000000000011,-1052.9600000000107,2023-06-06T09:36:00-04:00,0.0,7.349999999999994,-1152.9599999999766,2023-06-06T09:41:00-04:00,0.0,7.150000000000006,-752.9599999999994,2023-06-06T09:46:00-04:00,0.0,7.099999999999994,-652.9599999999766,2023-06-06T10:01:00-04:00,0.0,6.500000000000014,547.0399999999836,2023-06-06T10:31:00-04:00,0.0,6.450000000000003,647.0400000000063,2023-06-06T11:31:00-04:00,0.0,6.049999999999983,1447.0400000000461,2023-06-06T16:00:00-04:00,0.0,9.749999999999943,-5952.959999999876,2023-06-07T16:00:00-04:00,0.0,,,2023-06-08T15:59:00-04:00,60.0,,,,,54.0,hit,1442.0,hit,,never_hit,,never_hit,,never_hit,,never_hit,,never_hit,4.0,hit,1506.0,hit,2.0,hit,1506.0,hit,1524.0,hit,1589.0,hit,,,True,True,True,False,2.6500000000000057,,,True,True,True,False,2.6500000000000057,,,True,True,True,False,2.6500000000000057,,,True,True,True,False,2.6500000000000057,,,,,,,,,,,,,,,,,,,,,,,,,,,,,,,,,,,,,,,,,,,,,,,,,,,,,,,,,,,,,,,,,1091
2023-06-06,2023-06-09,3,5.0,2023-06-06T09:31:00-04:00,4.8999999999999915,NDXP  230609P14530000,NDXP  230609P14520000,development,False,False,0,0,0,0,0,1605,available,False,2023-06-06T09:31:00-04:00,2023-06-09T16:00:00-04:00,0.575,8397.039999999985,0.0,last_observed_quote_not_settlement,1036.0,843,60,5.099999999999994,-652.960000000005,2023-06-06T09:32:00-04:00,0.0,5.1499999999999915,-752.9599999999994,2023-06-06T09:33:00-04:00,0.0,5.8999999999999915,-2252.959999999999,2023-06-06T09:36:00-04:00,0.0,5.200000000000003,-852.9600000000221,2023-06-06T09:41:00-04:00,0.0,5.049999999999983,-552.9599999999823,2023-06-06T09:46:00-04:00,0.0,5.050000000000011,-552.9600000000391,2023-06-06T10:01:00-04:00,0.0,4.5,547.0399999999836,2023-06-06T10:31:00-04:00,0.0,4.549999999999983,447.04000000001776,2023-06-06T11:31:00-04:00,0.0,1.3500000000000085,6847.039999999966,2023-06-06T16:00:00-04:00,0.0,8.550000000000011,-7552.960000000041,2023-06-07T16:00:00-04:00,0.0,4.150000000000006,1247.0399999999722,2023-06-08T16:00:00-04:00,0.0,0.575,8397.039999999985,2023-06-09T16:00:00-04:00,0.0,0.0,hit,0.0,hit,79.0,hit,389.0,hit,389.0,hit,4364.0,hit,4699.0,hit,3.0,hit,5.0,hit,1525.0,hit,1617.0,hit,1807.0,hit,1825.0,hit,5.950000000000003,53,False,False,False,False,,5.950000000000003,53,False,False,False,False,,10.0,801,True,True,True,True,,10.0,843,True,True,True,True,,389.0,2023-06-06T16:00:00-04:00,1.3500000000000085,6847.039999999966,1445.0,2023-06-07T09:36:00-04:00,2.700000000000003,4147.039999999978,1446.0,2023-06-07T09:37:00-04:00,2.5999999999999943,4347.039999999995,390.0,2023-06-06T16:01:00-04:00,3.950000000000003,1647.039999999978,389.0,2023-06-06T16:00:00-04:00,1.3500000000000085,6847.039999999966,4336.0,2023-06-09T09:47:00-04:00,1.799999999999999,5947.039999999985,4337.0,2023-06-09T09:48:00-04:00,1.75,6047.039999999984,390.0,2023-06-06T16:01:00-04:00,3.950000000000003,1647.039999999978,4364.0,2023-06-09T10:15:00-04:00,0.9000000000000004,7747.039999999983,4365.0,2023-06-09T10:16:00-04:00,0.75,8047.039999999984,4366.0,2023-06-09T10:17:00-04:00,0.8499999999999996,7847.0399999999845,4365.0,2023-06-09T10:16:00-04:00,0.75,8047.039999999984,,,,,,,,,,,,,,,,,1092
2023-06-06,2023-06-09,3,6.0,2023-06-06T09:31:00-04:00,6.050000000000011,NDXP  230609P14590000,NDXP  230609P14580000,development,False,False,0,0,0,5,0,1600,available,False,2023-06-06T09:31:00-04:00,2023-06-09T15:59:00-04:00,10.0,-8052.959999999977,1.0,last_observed_quote_not_settlement,1036.0,993,54,6.099999999999994,-352.9599999999652,2023-06-06T09:32:00-04:00,0.0,6.549999999999983,-1252.9599999999425,2023-06-06T09:33:00-04:00,0.0,7.349999999999994,-2852.959999999965,2023-06-06T09:36:00-04:00,0.0,6.650000000000034,-1452.9600000000448,2023-06-06T09:41:00-04:00,0.0,5.649999999999977,547.0400000000689,2023-06-06T09:46:00-04:00,0.0,5.949999999999989,-52.959999999953816,2023-06-06T10:01:00-04:00,0.0,5.699999999999989,447.0400000000462,2023-06-06T10:31:00-04:00,0.0,5.549999999999997,747.0400000000291,2023-06-06T11:31:00-04:00,0.0,7.550000000000011,-3252.959999999999,2023-06-06T16:00:00-04:00,0.0,8.850000000000023,-5852.960000000024,2023-06-07T16:00:00-04:00,0.0,7.200000000000003,-2552.9599999999823,2023-06-08T16:00:00-04:00,0.0,,,2023-06-09T15:59:00-04:00,60.0,6.0,hit,81.0,hit,1442.0,hit,4341.0,hit,4365.0,hit,,never_hit,,never_hit,3.0,hit,3.0,hit,3.0,hit,1512.0,hit,1581.0,hit,1688.0,hit,9.799999999999955,782,True,True,True,True,,9.799999999999955,782,True,True,True,True,,,,True,True,True,False,4.35000000000001,,,True,True,True,False,4.35000000000001,4342.0,2023-06-09T09:53:00-04:00,2.8000000000000007,6247.040000000022,4343.0,2023-06-09T09:54:00-04:00,2.6499999999999986,6547.040000000026,4344.0,2023-06-09T09:55:00-04:00,2.5500000000000007,6747.040000000022,4343.0,2023-06-09T09:54:00-04:00,2.6499999999999986,6547.040000000026,4367.0,2023-06-09T10:18:00-04:00,1.9499999999999993,7947.0400000000245,4370.0,2023-06-09T10:21:00-04:00,1.7500000000000018,8347.04000000002,4371.0,2023-06-09T10:22:00-04:00,1.700000000000001,8447.040000000023,4368.0,2023-06-09T10:19:00-04:00,1.950000000000001,7947.040000000021,,,,,,,,,,,,,,,,,,,,,,,,,,,,,,,,,1093
2023-06-06,2023-06-09,3,7.0,2023-06-06T09:31:00-04:00,7.099999999999966,NDXP  230609P14720000,NDXP  230609P14710000,development,False,False,0,0,0,64,0,1540,available,False,2023-06-06T09:31:00-04:00,2023-06-09T15:59:00-04:00,10.0,-5952.960000000068,1.0,last_observed_quote_not_settlement,1036.0,1429,37,8.000000000000028,-2052.960000000126,2023-06-06T09:32:00-04:00,0.0,7.949999999999989,-1952.9600000000448,2023-06-06T09:33:00-04:00,0.0,8.299999999999983,-2652.960000000035,2023-06-06T09:36:00-04:00,0.0,7.999999999999972,-2052.9600000000123,2023-06-06T09:41:00-04:00,0.0,8.0,-2052.960000000069,2023-06-06T09:46:00-04:00,0.0,7.75,-1552.9600000000676,2023-06-06T10:01:00-04:00,0.0,7.5,-1052.9600000000676,2023-06-06T10:31:00-04:00,0.0,7.5,-1052.9600000000676,2023-06-06T11:31:00-04:00,0.0,8.0,-2052.960000000069,2023-06-06T16:00:00-04:00,0.0,9.5,-5052.960000000069,2023-06-07T16:00:00-04:00,0.0,9.200000000000017,-4452.960000000104,2023-06-08T16:00:00-04:00,0.0,,,2023-06-09T15:59:00-04:00,60.0,,never_hit,,never_hit,,never_hit,,never_hit,,never_hit,,never_hit,,never_hit,1.0,hit,4.0,hit,0.0,hit,1.0,hit,379.0,hit,1521.0,hit,,,True,True,True,False,1.4499999999999602,,,True,True,True,False,1.4499999999999602,,,True,True,True,False,1.4499999999999602,,,True,True,True,False,1.4499999999999602,,,,,,,,,,,,,,,,,,,,,,,,,,,,,,,,,,,,,,,,,,,,,,,,,,,,,,,,,,,,,,,,,1094
2023-06-07,2023-06-09,2,5.0,2023-06-07T09:31:00-04:00,5.199999999999989,NDXP  230609P14640000,NDXP  230609P14630000,development,False,False,0,0,0,24,0,1175,available,False,2023-06-07T09:31:00-04:00,2023-06-09T15:59:00-04:00,10.0,-9752.960000000021,1.0,last_observed_quote_not_settlement,1036.0,1080,6,5.349999999999994,-552.9600000000107,2023-06-07T09:32:00-04:00,0.0,4.900000000000006,347.0399999999666,2023-06-07T09:33:00-04:00,0.0,4.699999999999989,747.0400000000006,2023-06-07T09:36:00-04:00,0.0,4.800000000000011,547.0399999999552,2023-06-07T09:41:00-04:00,0.0,4.649999999999977,847.0400000000234,2023-06-07T09:46:00-04:00,0.0,5.400000000000006,-652.9600000000335,2023-06-07T10:01:00-04:00,0.0,6.949999999999989,-3752.959999999999,2023-06-07T10:31:00-04:00,0.0,7.600000000000023,-5052.960000000067,2023-06-07T11:31:00-04:00,0.0,8.5,-6852.960000000024,2023-06-07T16:00:00-04:00,0.0,8.149999999999977,-6152.959999999978,2023-06-08T16:00:00-04:00,0.0,,,2023-06-09T15:59:00-04:00,60.0,,,,,0.0,hit,2.0,hit,2915.0,hit,2930.0,hit,,never_hit,,never_hit,,never_hit,29.0,hit,29.0,hit,46.0,hit,48.0,hit,142.0,hit,142.0,hit,10.0,795,True,True,True,True,,,,True,True,True,False,2.1999999999999886,,,True,True,True,False,2.1999999999999886,,,True,True,True,False,2.1999999999999886,,,,,,,,,,,,,,,,,,,,,,,,,,,,,,,,,,,,,,,,,,,,,,,,,,,,,,,,,,,,,,,,,1095
2023-06-07,2023-06-09,2,6.0,2023-06-07T09:31:00-04:00,6.0,NDXP  230609P14680000,NDXP  230609P14670000,development,False,False,0,0,0,39,0,1160,available,False,2023-06-07T09:31:00-04:00,2023-06-09T15:59:00-04:00,10.0,-8152.96,1.0,last_observed_quote_not_settlement,1036.0,1075,19,5.200000000000003,1347.039999999995,2023-06-07T09:32:00-04:00,0.0,5.749999999999986,247.0400000000291,2023-06-07T09:33:00-04:00,0.0,5.499999999999986,747.0400000000291,2023-06-07T09:36:00-04:00,0.0,5.549999999999997,647.0400000000063,2023-06-07T09:41:00-04:00,0.0,5.75,247.04000000000067,2023-06-07T09:46:00-04:00,0.0,6.599999999999994,-1452.959999999988,2023-06-07T10:01:00-04:00,0.0,7.600000000000023,-3452.9600000000446,2023-06-07T10:31:00-04:00,0.0,7.949999999999989,-4152.959999999976,2023-06-07T11:31:00-04:00,0.0,9.749999999999943,-7752.959999999887,2023-06-07T16:00:00-04:00,0.0,9.400000000000006,-7052.960000000013,2023-06-08T16:00:00-04:00,0.0,,,2023-06-09T15:59:00-04:00,60.0,,,,,1.0,hit,,never_hit,,never_hit,,never_hit,,never_hit,,never_hit,,never_hit,28.0,hit,31.0,hit,31.0,hit,52.0,hit,77.0,hit,140.0,hit,,,True,True,True,False,0.9000000000000057,,,True,True,True,False,0.9000000000000057,,,True,True,True,False,0.9000000000000057,,,True,True,True,False,0.9000000000000057,,,,,,,,,,,,,,,,,,,,,,,,,,,,,,,,,,,,,,,,,,,,,,,,,,,,,,,,,,,,,,,,,1096
2023-06-07,2023-06-09,2,7.0,2023-06-07T09:31:00-04:00,7.150000000000006,NDXP  230609P14710000,NDXP  230609P14700000,development,False,False,0,0,0,94,0,1105,available,False,2023-06-07T09:31:00-04:00,2023-06-09T15:59:00-04:00,10.0,-5852.959999999988,1.0,last_observed_quote_not_settlement,1036.0,952,27,6.149999999999977,1747.0400000000575,2023-06-07T09:32:00-04:00,0.0,6.700000000000003,647.0400000000063,2023-06-07T09:33:00-04:00,0.0,6.1499999999999915,1747.040000000029,2023-06-07T09:36:00-04:00,0.0,6.700000000000003,647.0400000000063,2023-06-07T09:41:00-04:00,0.0,6.25,1547.040000000012,2023-06-07T09:46:00-04:00,0.0,6.299999999999983,1447.0400000000461,2023-06-07T10:01:00-04:00,0.0,8.75,-3452.9599999999896,2023-06-07T10:31:00-04:00,0.0,8.5,-2952.9599999999896,2023-06-07T11:31:00-04:00,0.0,9.75,-5452.95999999999,2023-06-07T16:00:00-04:00,0.0,9.349999999999966,-4652.959999999922,2023-06-08T16:00:00-04:00,0.0,,,2023-06-09T15:59:00-04:00,60.0,,,,,4.0,hit,,never_hit,,never_hit,,never_hit,,never_hit,,never_hit,,never_hit,55.0,hit,55.0,hit,0.0,hit,55.0,hit,83.0,hit,86.0,hit,,,True,True,True,False,1.8500000000000085,,,True,True,True,False,1.8500000000000085,,,True,True,True,False,1.8500000000000085,,,True,True,True,False,1.8500000000000085,,,,,,,,,,,,,,,,,,,,,,,,,,,,,,,,,,,,,,,,,,,,,,,,,,,,,,,,,,,,,,,,,1097
2023-06-09,2023-06-12,3,5.0,2023-06-09T09:31:00-04:00,4.950000000000003,NDXP  230612P14550000,NDXP  230612P14540000,development,False,False,0,0,0,33,0,762,available,False,2023-06-09T09:31:00-04:00,2023-06-12T15:59:00-04:00,0.0,9647.040000000008,1.0,last_observed_quote_not_settlement,3916.0,98,26,4.449999999999989,747.0400000000291,2023-06-09T09:32:00-04:00,0.0,4.300000000000004,1047.039999999998,2023-06-09T09:33:00-04:00,0.0,4.150000000000006,1347.039999999995,2023-06-09T09:36:00-04:00,0.0,3.8999999999999986,1847.0400000000093,2023-06-09T09:41:00-04:00,0.0,3.1499999999999986,3347.040000000009,2023-06-09T09:46:00-04:00,0.0,2.750000000000007,4147.039999999992,2023-06-09T10:01:00-04:00,0.0,2.450000000000003,4747.040000000001,2023-06-09T10:31:00-04:00,0.0,5.849999999999994,-2052.9599999999823,2023-06-09T11:31:00-04:00,0.0,4.100000000000001,1447.0400000000036,2023-06-09T16:00:00-04:00,0.0,,,2023-06-09T16:15:00-04:00,85500.0,,,2023-06-09T16:15:00-04:00,171900.0,,,2023-06-12T15:59:00-04:00,60.0,0.0,hit,0.0,hit,4.0,hit,16.0,hit,4396.0,hit,4445.0,hit,4505.0,hit,120.0,hit,147.0,hit,,never_hit,,never_hit,,never_hit,,never_hit,4.950000000000003,0,False,False,False,False,,6.650000000000006,98,False,False,False,False,,6.650000000000006,98,False,False,False,False,,6.650000000000006,98,False,False,False,False,,16.0,2023-06-09T09:47:00-04:00,2.8999999999999986,3847.040000000009,22.0,2023-06-09T09:53:00-04:00,2.8999999999999915,3847.0400000000236,23.0,2023-06-09T09:54:00-04:00,2.75,4147.040000000006,17.0,2023-06-09T09:48:00-04:00,3.1000000000000014,3447.0400000000036,4396.0,2023-06-12T10:47:00-04:00,1.9499999999999993,5747.040000000008,4399.0,2023-06-12T10:50:00-04:00,1.799999999999999,6047.040000000008,4400.0,2023-06-12T10:51:00-04:00,1.9499999999999993,5747.040000000008,4397.0,2023-06-12T10:48:00-04:00,2.0,5647.040000000006,4447.0,2023-06-12T11:38:00-04:00,0.8499999999999996,7947.040000000007,4448.0,2023-06-12T11:39:00-04:00,0.8500000000000014,7947.040000000004,4449.0,2023-06-12T11:40:00-04:00,0.8499999999999996,7947.040000000007,4448.0,2023-06-12T11:39:00-04:00,0.8500000000000014,7947.040000000004,4522.0,2023-06-12T12:53:00-04:00,0.44999999999999973,8747.040000000006,4555.0,2023-06-12T13:26:00-04:00,0.4249999999999998,8797.040000000008,4559.0,2023-06-12T13:30:00-04:00,0.3999999999999999,8847.040000000006,4523.0,2023-06-12T12:54:00-04:00,0.49999999999999956,8647.040000000008,1098
2023-06-09,2023-06-12,3,6.0,2023-06-09T09:31:00-04:00,6.0,NDXP  230612P14590000,NDXP  230612P14580000,development,False,False,0,0,0,2,0,793,available,False,2023-06-09T09:31:00-04:00,2023-06-12T16:00:00-04:00,0.0,11747.04,0.0,last_observed_quote_not_settlement,3916.0,87,40,5.550000000000011,647.0399999999779,2023-06-09T09:32:00-04:00,0.0,5.1499999999999915,1447.0400000000177,2023-06-09T09:33:00-04:00,0.0,5.200000000000003,1347.039999999995,2023-06-09T09:36:00-04:00,0.0,4.8500000000000085,2047.0399999999836,2023-06-09T09:41:00-04:00,0.0,4.050000000000004,3647.0399999999922,2023-06-09T09:46:00-04:00,0.0,3.299999999999997,5147.040000000006,2023-06-09T10:01:00-04:00,0.0,3.1999999999999957,5347.040000000009,2023-06-09T10:31:00-04:00,0.0,6.050000000000011,-352.96000000002203,2023-06-09T11:31:00-04:00,0.0,6.300000000000011,-852.9600000000221,2023-06-09T16:00:00-04:00,0.0,,,2023-06-09T16:15:00-04:00,85500.0,,,2023-06-09T16:15:00-04:00,171900.0,0.0,11747.04,2023-06-12T16:00:00-04:00,0.0,2.0,hit,4.0,hit,16.0,hit,32.0,hit,4446.0,hit,4541.0,hit,4575.0,hit,149.0,hit,173.0,hit,173.0,hit,,never_hit,,never_hit,,never_hit,6.0,0,False,False,False,False,,7.299999999999997,87,True,False,False,False,,7.299999999999997,87,True,False,False,False,,7.299999999999997,87,True,False,False,False,,36.0,2023-06-09T10:07:00-04:00,2.75,6247.040000000001,4441.0,2023-06-12T11:32:00-04:00,2.599999999999998,6547.0400000000045,4442.0,2023-06-12T11:33:00-04:00,2.6499999999999986,6447.040000000004,37.0,2023-06-09T10:08:00-04:00,3.5500000000000043,4647.039999999992,4448.0,2023-06-12T11:39:00-04:00,1.8499999999999979,8047.0400000000045,4452.0,2023-06-12T11:43:00-04:00,1.8499999999999996,8047.040000000002,4453.0,2023-06-12T11:44:00-04:00,1.6499999999999986,8447.040000000005,4449.0,2023-06-12T11:40:00-04:00,2.0,7747.040000000001,4561.0,2023-06-12T13:32:00-04:00,0.7999999999999998,10147.040000000003,4562.0,2023-06-12T13:33:00-04:00,0.8500000000000001,10047.04,4563.0,2023-06-12T13:34:00-04:00,0.8999999999999995,9947.040000000003,4562.0,2023-06-12T13:33:00-04:00,0.8500000000000001,10047.04,4576.0,2023-06-12T13:47:00-04:00,0.4249999999999998,10897.040000000003,4577.0,2023-06-12T13:48:00-04:00,0.42500000000000027,10897.04,4578.0,2023-06-12T13:49:00-04:00,0.375,10997.04,4577.0,2023-06-12T13:48:00-04:00,0.42500000000000027,10897.04,1099
2023-06-09,2023-06-12,3,7.0,2023-06-09T09:31:00-04:00,7.050000000000011,NDXP  230612P14650000,NDXP  230612P14640000,development,False,False,0,0,0,10,0,785,available,False,2023-06-09T09:31:00-04:00,2023-06-12T16:00:00-04:00,0.025,13797.040000000023,0.0,last_observed_quote_not_settlement,3916.0,191,59,6.949999999999989,-52.959999999953816,2023-06-09T09:32:00-04:00,0.0,6.5,847.0400000000234,2023-06-09T09:33:00-04:00,0.0,6.3500000000000085,1147.0400000000063,2023-06-09T09:36:00-04:00,0.0,6.200000000000017,1447.0399999999893,2023-06-09T09:41:00-04:00,0.0,4.950000000000003,3947.0400000000177,2023-06-09T09:46:00-04:00,0.0,4.6499999999999915,4547.040000000041,2023-06-09T10:01:00-04:00,0.0,4.449999999999989,4947.040000000046,2023-06-09T10:31:00-04:00,0.0,7.000000000000028,-152.9600000000334,2023-06-09T11:31:00-04:00,0.0,8.150000000000006,-2452.9599999999896,2023-06-09T16:00:00-04:00,0.0,,,2023-06-09T16:15:00-04:00,85500.0,,,2023-06-09T16:15:00-04:00,171900.0,0.025,13797.040000000023,2023-06-12T16:00:00-04:00,0.0,15.0,hit,15.0,hit,4475.0,hit,4573.0,hit,4578.0,hit,4621.0,hit,4640.0,hit,117.0,hit,121.0,hit,0.0,hit,121.0,hit,,never_hit,,never_hit,8.400000000000006,191,True,True,False,False,,8.400000000000006,191,True,True,False,False,,8.400000000000006,191,True,True,False,False,,8.400000000000006,191,True,True,False,False,,4573.0,2023-06-12T13:44:00-04:00,2.6999999999999993,8447.040000000026,4574.0,2023-06-12T13:45:00-04:00,2.4499999999999993,8947.040000000026,4575.0,2023-06-12T13:46:00-04:00,2.3000000000000007,9247.040000000023,4574.0,2023-06-12T13:45:00-04:00,2.4499999999999993,8947.040000000026,4578.0,2023-06-12T13:49:00-04:00,1.8999999999999995,10047.040000000025,4579.0,2023-06-12T13:50:00-04:00,1.75,10347.040000000025,4588.0,2023-06-12T13:59:00-04:00,1.5999999999999996,10647.040000000025,4579.0,2023-06-12T13:50:00-04:00,1.75,10347.040000000025,4621.0,2023-06-12T14:32:00-04:00,0.9000000000000004,12047.040000000023,4635.0,2023-06-12T14:46:00-04:00,0.8000000000000003,12247.040000000023,4636.0,2023-06-12T14:47:00-04:00,0.6749999999999998,12497.040000000025,4622.0,2023-06-12T14:33:00-04:00,0.9749999999999996,11897.040000000025,4640.0,2023-06-12T14:51:00-04:00,0.42500000000000027,12997.040000000023,4641.0,2023-06-12T14:52:00-04:00,0.3999999999999999,13047.040000000023,4645.0,2023-06-12T14:56:00-04:00,0.3999999999999999,13047.040000000023,4641.0,2023-06-12T14:52:00-04:00,0.3999999999999999,13047.040000000023,1100
2023-06-12,2023-06-14,2,5.0,2023-06-12T09:31:00-04:00,4.949999999999989,NDXP  230614P14630000,NDXP  230614P14620000,development,False,False,0,0,0,6,15,1194,available,False,2023-06-12T09:31:00-04:00,2023-06-14T16:00:00-04:00,0.0,9647.039999999979,0.0,last_observed_quote_not_settlement,1036.0,70,27,5.200000000000017,-752.9600000000562,2023-06-12T09:32:00-04:00,0.0,5.150000000000006,-652.9600000000335,2023-06-12T09:33:00-04:00,0.0,4.900000000000006,-152.9600000000334,2023-06-12T09:36:00-04:00,0.0,5.399999999999977,-1152.9599999999766,2023-06-12T09:41:00-04:00,0.0,4.75,147.03999999997797,2023-06-12T09:46:00-04:00,0.0,5.300000000000011,-952.9600000000448,2023-06-12T10:01:00-04:00,0.0,5.099999999999994,-552.9600000000107,2023-06-12T10:31:00-04:00,0.0,4.700000000000003,247.03999999997225,2023-06-12T11:31:00-04:00,0.0,2.9499999999999886,3747.040000000001,2023-06-12T16:00:00-04:00,0.0,1.1999999999999957,7247.039999999986,2023-06-13T16:00:00-04:00,0.0,0.0,9647.039999999979,2023-06-14T16:00:00-04:00,0.0,,,,,0.0,hit,0.0,hit,253.0,hit,253.0,hit,269.0,hit,269.0,hit,269.0,hit,4.0,hit,,never_hit,,never_hit,,never_hit,,never_hit,,never_hit,5.75,70,False,False,False,False,,5.75,70,False,False,False,False,,5.75,70,False,False,False,False,,5.75,70,False,False,False,False,,253.0,2023-06-12T13:44:00-04:00,2.25,5147.039999999978,390.0,2023-06-12T16:01:00-04:00,2.8499999999999943,3947.0399999999895,391.0,2023-06-12T16:02:00-04:00,2.9000000000000057,3847.0399999999668,254.0,2023-06-12T13:45:00-04:00,4.199999999999989,1247.0400000000006,269.0,2023-06-12T14:00:00-04:00,0.14999999999999147,9347.039999999995,1441.0,2023-06-13T09:32:00-04:00,1.6500000000000021,6347.039999999974,1442.0,2023-06-13T09:33:00-04:00,1.5,6647.039999999978,270.0,2023-06-12T14:01:00-04:00,3.9499999999999886,1747.0400000000006,269.0,2023-06-12T14:00:00-04:00,0.14999999999999147,9347.039999999995,2891.0,2023-06-14T09:42:00-04:00,0.8499999999999979,7947.039999999982,2892.0,2023-06-14T09:43:00-04:00,0.7500000000000018,8147.0399999999745,270.0,2023-06-12T14:01:00-04:00,3.9499999999999886,1747.0400000000006,269.0,2023-06-12T14:00:00-04:00,0.14999999999999147,9347.039999999995,2930.0,2023-06-14T10:21:00-04:00,0.40000000000000036,8847.039999999979,2931.0,2023-06-14T10:22:00-04:00,0.40000000000000036,8847.039999999979,270.0,2023-06-12T14:01:00-04:00,3.9499999999999886,1747.0400000000006,1101
2023-06-12,2023-06-14,2,6.0,2023-06-12T09:31:00-04:00,6.050000000000011,NDXP  230614P14730000,NDXP  230614P14720000,development,False,False,0,0,0,2,15,1198,available,False,2023-06-12T09:31:00-04:00,2023-06-14T16:00:00-04:00,0.0,11847.040000000025,0.0,last_observed_quote_not_settlement,1036.0,111,25,6.25,-652.9599999999766,2023-06-12T09:32:00-04:00,0.0,6.449999999999989,-1052.9599999999539,2023-06-12T09:33:00-04:00,0.0,6.0,-152.95999999997656,2023-06-12T09:36:00-04:00,0.0,6.649999999999977,-1452.9599999999311,2023-06-12T09:41:00-04:00,0.0,6.200000000000017,-552.9600000000107,2023-06-12T09:46:00-04:00,0.0,6.449999999999989,-1052.9599999999539,2023-06-12T10:01:00-04:00,0.0,6.300000000000011,-752.9599999999994,2023-06-12T10:31:00-04:00,0.0,6.100000000000023,-352.96000000002203,2023-06-12T11:31:00-04:00,0.0,4.099999999999994,3647.040000000035,2023-06-12T16:00:00-04:00,0.0,2.6499999999999986,6547.040000000026,2023-06-13T16:00:00-04:00,0.0,0.0,11847.040000000025,2023-06-14T16:00:00-04:00,0.0,,,,,24.0,hit,161.0,hit,347.0,hit,1440.0,hit,1472.0,hit,2928.0,hit,3193.0,hit,4.0,hit,4.0,hit,4.0,hit,,never_hit,,never_hit,,never_hit,7.599999999999994,111,True,False,False,False,,7.599999999999994,111,True,False,False,False,,7.599999999999994,111,True,False,False,False,,7.599999999999994,111,True,False,False,False,,1440.0,2023-06-13T09:31:00-04:00,2.049999999999997,7747.040000000029,1448.0,2023-06-13T09:39:00-04:00,2.3500000000000014,7147.040000000021,1449.0,2023-06-13T09:40:00-04:00,2.8500000000000014,6147.040000000021,1441.0,2023-06-13T09:32:00-04:00,3.1000000000000085,5647.040000000006,1642.0,2023-06-13T12:53:00-04:00,1.8499999999999943,8147.0400000000345,1827.0,2023-06-13T15:58:00-04:00,1.9000000000000057,8047.040000000012,1828.0,2023-06-13T15:59:00-04:00,1.8999999999999986,8047.040000000026,1643.0,2023-06-13T12:54:00-04:00,2.0,7847.040000000024,2949.0,2023-06-14T10:40:00-04:00,0.9499999999999993,9947.040000000026,2950.0,2023-06-14T10:41:00-04:00,0.8999999999999986,10047.040000000026,2951.0,2023-06-14T10:42:00-04:00,0.9000000000000004,10047.040000000023,2950.0,2023-06-14T10:41:00-04:00,0.8999999999999986,10047.040000000026,3193.0,2023-06-14T14:44:00-04:00,0.40000000000000036,11047.040000000023,3194.0,2023-06-14T14:45:00-04:00,0.375,11097.040000000025,3195.0,2023-06-14T14:46:00-04:00,0.37499999999999956,11097.040000000025,3194.0,2023-06-14T14:45:00-04:00,0.375,11097.040000000025,1102
2023-06-12,2023-06-14,2,7.0,2023-06-12T09:31:00-04:00,7.049999999999983,NDXP  230614P14790000,NDXP  230614P14780000,development,False,False,0,0,0,0,15,1200,available,False,2023-06-12T09:31:00-04:00,2023-06-14T16:00:00-04:00,0.0,13847.039999999968,0.0,last_observed_quote_not_settlement,1036.0,59,44,6.75,347.0399999999666,2023-06-12T09:32:00-04:00,0.0,7.050000000000011,-252.96000000005614,2023-06-12T09:33:00-04:00,0.0,7.049999999999983,-252.9599999999993,2023-06-12T09:36:00-04:00,0.0,7.349999999999966,-852.9599999999652,2023-06-12T09:41:00-04:00,0.0,6.900000000000006,47.039999999955235,2023-06-12T09:46:00-04:00,0.0,7.149999999999977,-452.95999999998793,2023-06-12T10:01:00-04:00,0.0,7.0,-152.9600000000334,2023-06-12T10:31:00-04:00,0.0,6.800000000000011,247.03999999994383,2023-06-12T11:31:00-04:00,0.0,4.750000000000028,4347.03999999991,2023-06-12T16:00:00-04:00,0.0,2.5500000000000043,8747.039999999959,2023-06-13T16:00:00-04:00,0.0,0.0,13847.039999999968,2023-06-14T16:00:00-04:00,0.0,,,,,267.0,hit,267.0,hit,293.0,hit,1565.0,hit,2915.0,hit,3194.0,hit,3199.0,hit,29.0,hit,39.0,hit,0.0,hit,29.0,hit,,never_hit,,never_hit,8.349999999999994,59,True,True,False,False,,8.349999999999994,59,True,True,False,False,,8.349999999999994,59,True,True,False,False,,8.349999999999994,59,True,True,False,False,,1565.0,2023-06-13T11:36:00-04:00,2.8500000000000014,8147.039999999964,1570.0,2023-06-13T11:41:00-04:00,2.75,8347.039999999968,1657.0,2023-06-13T13:08:00-04:00,2.9499999999999957,7947.039999999975,1566.0,2023-06-13T11:37:00-04:00,3.1499999999999986,7547.039999999969,2916.0,2023-06-14T10:07:00-04:00,1.9499999999999957,9947.039999999975,2917.0,2023-06-14T10:08:00-04:00,1.8999999999999986,10047.03999999997,2925.0,2023-06-14T10:16:00-04:00,1.8500000000000014,10147.039999999964,2917.0,2023-06-14T10:08:00-04:00,1.8999999999999986,10047.03999999997,3194.0,2023-06-14T14:45:00-04:00,0.75,12347.039999999968,3195.0,2023-06-14T14:46:00-04:00,0.75,12347.039999999968,3200.0,2023-06-14T14:51:00-04:00,0.5250000000000004,12797.039999999966,3195.0,2023-06-14T14:46:00-04:00,0.75,12347.039999999968,3199.0,2023-06-14T14:50:00-04:00,0.40000000000000036,13047.039999999966,3206.0,2023-06-14T14:57:00-04:00,0.4249999999999998,12997.039999999968,3212.0,2023-06-14T15:03:00-04:00,0.3500000000000001,13147.039999999966,3200.0,2023-06-14T14:51:00-04:00,0.5250000000000004,12797.039999999966,1103
2023-06-12,2023-06-15,3,5.0,2023-06-12T09:31:00-04:00,4.949999999999989,NDXP  230615P14640000,NDXP  230615P14630000,development,False,False,0,0,0,8,0,1597,available,False,2023-06-12T09:31:00-04:00,2023-06-15T16:00:00-04:00,0.0,9647.039999999979,0.0,last_observed_quote_not_settlement,1036.0,63,39,5.150000000000006,-652.9600000000335,2023-06-12T09:32:00-04:00,0.0,5.099999999999994,-552.9600000000107,2023-06-12T09:33:00-04:00,0.0,5.099999999999966,-552.9599999999539,2023-06-12T09:36:00-04:00,0.0,5.100000000000023,-552.9600000000676,2023-06-12T09:41:00-04:00,0.0,4.75,147.03999999997797,2023-06-12T09:46:00-04:00,0.0,5.100000000000023,-552.9600000000676,2023-06-12T10:01:00-04:00,0.0,4.950000000000017,-252.96000000005614,2023-06-12T10:31:00-04:00,0.0,4.7000000000000455,247.039999999887,2023-06-12T11:31:00-04:00,0.0,3.1000000000000085,3447.039999999961,2023-06-12T16:00:00-04:00,0.0,2.0999999999999943,5447.039999999989,2023-06-13T16:00:00-04:00,0.0,0.20000000000000107,9247.039999999977,2023-06-14T16:00:00-04:00,0.0,0.0,9647.039999999979,2023-06-15T16:00:00-04:00,0.0,0.0,hit,0.0,hit,44.0,hit,253.0,hit,1440.0,hit,2927.0,hit,3149.0,hit,7.0,hit,8.0,hit,269.0,hit,,never_hit,,never_hit,,never_hit,6.0,62,False,False,False,False,,7.799999999999997,63,True,False,False,False,,7.799999999999997,63,True,False,False,False,,7.799999999999997,63,True,False,False,False,,1440.0,2023-06-13T09:31:00-04:00,1.9000000000000057,5847.039999999966,1441.0,2023-06-13T09:32:00-04:00,2.1499999999999915,5347.039999999995,1442.0,2023-06-13T09:33:00-04:00,1.9000000000000057,5847.039999999966,1441.0,2023-06-13T09:32:00-04:00,2.1499999999999915,5347.039999999995,1440.0,2023-06-13T09:31:00-04:00,1.9000000000000057,5847.039999999966,1443.0,2023-06-13T09:34:00-04:00,1.7000000000000028,6247.039999999973,1444.0,2023-06-13T09:35:00-04:00,1.8500000000000014,5947.039999999975,1441.0,2023-06-13T09:32:00-04:00,2.1499999999999915,5347.039999999995,2931.0,2023-06-14T10:22:00-04:00,0.8500000000000014,7947.039999999975,2932.0,2023-06-14T10:23:00-04:00,0.9499999999999993,7747.039999999979,2952.0,2023-06-14T10:43:00-04:00,0.8999999999999986,7847.039999999981,2932.0,2023-06-14T10:23:00-04:00,0.9499999999999993,7747.039999999979,3149.0,2023-06-14T14:00:00-04:00,0.0,9647.039999999979,3217.0,2023-06-14T15:08:00-04:00,0.3500000000000014,8947.039999999975,3218.0,2023-06-14T15:09:00-04:00,0.29999999999999893,9047.03999999998,3150.0,2023-06-14T14:01:00-04:00,1.8999999999999986,5847.039999999981,1104
2023-06-12,2023-06-15,3,6.0,2023-06-12T09:31:00-04:00,6.100000000000023,NDXP  230615P14720000,NDXP  230615P14710000,development,False,False,0,0,0,38,0,1567,available,False,2023-06-12T09:31:00-04:00,2023-06-15T16:00:00-04:00,0.0,11947.040000000046,0.0,last_observed_quote_not_settlement,1036.0,23,22,6.050000000000011,-152.95999999997656,2023-06-12T09:32:00-04:00,0.0,6.349999999999994,-752.9599999999425,2023-06-12T09:33:00-04:00,0.0,5.849999999999966,247.04000000011436,2023-06-12T09:36:00-04:00,0.0,5.249999999999972,1447.040000000103,2023-06-12T09:41:00-04:00,0.0,6.0,-52.959999999953816,2023-06-12T09:46:00-04:00,0.0,6.050000000000011,-152.95999999997656,2023-06-12T10:01:00-04:00,0.0,5.599999999999994,747.0400000000575,2023-06-12T10:31:00-04:00,0.0,5.699999999999989,547.0400000000689,2023-06-12T11:31:00-04:00,0.0,3.8999999999999915,4147.040000000064,2023-06-12T16:00:00-04:00,0.0,2.3499999999999943,7247.040000000057,2023-06-13T16:00:00-04:00,0.0,0.45000000000000107,11047.040000000045,2023-06-14T16:00:00-04:00,0.0,0.0,11947.040000000046,2023-06-15T16:00:00-04:00,0.0,10.0,hit,31.0,hit,357.0,hit,1440.0,hit,2895.0,hit,3149.0,hit,3268.0,hit,12.0,hit,14.0,hit,12.0,hit,,never_hit,,never_hit,,never_hit,7.349999999999966,23,True,False,False,False,,7.349999999999966,23,True,False,False,False,,7.349999999999966,23,True,False,False,False,,7.349999999999966,23,True,False,False,False,,1440.0,2023-06-13T09:31:00-04:00,2.6499999999999986,6647.040000000049,1441.0,2023-06-13T09:32:00-04:00,2.749999999999986,6447.0400000000745,1442.0,2023-06-13T09:33:00-04:00,2.6000000000000014,6747.040000000044,1441.0,2023-06-13T09:32:00-04:00,2.749999999999986,6447.0400000000745,2899.0,2023-06-14T09:50:00-04:00,1.9000000000000057,8147.0400000000345,2900.0,2023-06-14T09:51:00-04:00,1.9000000000000057,8147.0400000000345,2913.0,2023-06-14T10:04:00-04:00,1.9000000000000057,8147.0400000000345,2900.0,2023-06-14T09:51:00-04:00,1.9000000000000057,8147.0400000000345,3149.0,2023-06-14T14:00:00-04:00,0.7000000000000028,10547.04000000004,3216.0,2023-06-14T15:07:00-04:00,0.8499999999999996,10247.040000000048,3217.0,2023-06-14T15:08:00-04:00,0.6999999999999993,10547.040000000048,3150.0,2023-06-14T14:01:00-04:00,2.250000000000007,7447.040000000032,3268.0,2023-06-14T15:59:00-04:00,0.4499999999999993,11047.040000000048,3271.0,2023-06-14T16:02:00-04:00,0.40000000000000036,11147.040000000046,3272.0,2023-06-14T16:03:00-04:00,0.40000000000000036,11147.040000000046,3269.0,2023-06-14T16:00:00-04:00,0.45000000000000107,11047.040000000045,1105
2023-06-12,2023-06-15,3,7.0,2023-06-12T09:31:00-04:00,6.900000000000034,NDXP  230615P14800000,NDXP  230615P14790000,development,False,False,0,0,0,17,0,1588,available,False,2023-06-12T09:31:00-04:00,2023-06-15T16:00:00-04:00,0.0,13547.04000000007,0.0,last_observed_quote_not_settlement,1036.0,50,60,6.900000000000006,-252.95999999994245,2023-06-12T09:32:00-04:00,0.0,6.799999999999983,-52.95999999989697,2023-06-12T09:33:00-04:00,0.0,7.0,-452.9599999999311,2023-06-12T09:36:00-04:00,0.0,7.199999999999989,-852.9599999999084,2023-06-12T09:41:00-04:00,0.0,6.050000000000011,1447.0400000000461,2023-06-12T09:46:00-04:00,0.0,6.950000000000017,-352.9599999999652,2023-06-12T10:01:00-04:00,0.0,6.900000000000006,-252.95999999994245,2023-06-12T10:31:00-04:00,0.0,6.599999999999966,347.0400000001371,2023-06-12T11:31:00-04:00,0.0,4.800000000000011,3947.0400000000463,2023-06-12T16:00:00-04:00,0.0,3.25,7047.040000000069,2023-06-13T16:00:00-04:00,0.0,0.9499999999999993,11647.040000000072,2023-06-14T16:00:00-04:00,0.0,0.0,13547.04000000007,2023-06-15T16:00:00-04:00,0.0,253.0,hit,269.0,hit,269.0,hit,269.0,hit,2986.0,hit,3259.0,hit,3259.0,hit,29.0,hit,29.0,hit,3.0,hit,29.0,hit,4699.0,hit,4699.0,hit,8.0,49,True,True,False,False,,8.0,49,True,True,False,False,,8.0,49,True,True,False,False,,8.0,49,True,True,False,False,,269.0,2023-06-12T14:00:00-04:00,2.700000000000017,8147.0400000000345,2899.0,2023-06-14T09:50:00-04:00,2.8500000000000014,7847.040000000066,2900.0,2023-06-14T09:51:00-04:00,2.9000000000000057,7747.040000000057,270.0,2023-06-12T14:01:00-04:00,5.999999999999972,1547.0400000001257,2993.0,2023-06-14T11:24:00-04:00,1.9000000000000057,9747.040000000059,2994.0,2023-06-14T11:25:00-04:00,1.7999999999999972,9947.040000000075,2995.0,2023-06-14T11:26:00-04:00,1.7999999999999972,9947.040000000075,2994.0,2023-06-14T11:25:00-04:00,1.7999999999999972,9947.040000000075,3259.0,2023-06-14T15:50:00-04:00,0.3999999999999986,12747.040000000072,3270.0,2023-06-14T16:01:00-04:00,0.8000000000000007,11947.040000000068,3274.0,2023-06-14T16:05:00-04:00,0.7500000000000018,12047.040000000066,3260.0,2023-06-14T15:51:00-04:00,2.3999999999999986,8747.040000000072,3259.0,2023-06-14T15:50:00-04:00,0.3999999999999986,12747.040000000072,4359.0,2023-06-15T10:10:00-04:00,0.35000000000000053,12847.040000000068,4360.0,2023-06-15T10:11:00-04:00,0.35000000000000053,12847.040000000068,3260.0,2023-06-14T15:51:00-04:00,2.3999999999999986,8747.040000000072,1106
2023-06-13,2023-06-15,2,5.0,2023-06-13T09:31:00-04:00,5.0,NDXP  230615P14930000,NDXP  230615P14920000,development,False,False,0,0,0,14,0,1186,available,False,2023-06-13T09:31:00-04:00,2023-06-15T16:00:00-04:00,0.0,9747.04,0.0,last_observed_quote_not_settlement,1036.0,430,45,4.900000000000006,-52.96000000001066,2023-06-13T09:32:00-04:00,0.0,5.050000000000011,-352.96000000002203,2023-06-13T09:33:00-04:00,0.0,4.899999999999977,-52.959999999953816,2023-06-13T09:36:00-04:00,0.0,5.099999999999994,-452.95999999998793,2023-06-13T09:41:00-04:00,0.0,5.349999999999994,-952.959999999988,2023-06-13T09:46:00-04:00,0.0,6.599999999999994,-3452.9599999999878,2023-06-13T10:01:00-04:00,0.0,6.300000000000011,-2852.960000000022,2023-06-13T10:31:00-04:00,0.0,5.099999999999994,-452.95999999998793,2023-06-13T11:31:00-04:00,0.0,4.8999999999999915,-52.95999999998224,2023-06-13T16:00:00-04:00,0.0,2.9000000000000057,3947.0399999999895,2023-06-14T16:00:00-04:00,0.0,0.0,9747.04,2023-06-15T16:00:00-04:00,0.0,,,,,0.0,hit,0.0,hit,404.0,hit,1559.0,hit,2912.0,hit,2955.0,hit,2991.0,hit,16.0,hit,18.0,hit,305.0,hit,,never_hit,,never_hit,,never_hit,7.599999999999994,385,True,False,False,False,,7.599999999999994,430,True,False,False,False,,7.599999999999994,430,True,False,False,False,,7.599999999999994,430,True,False,False,False,,1559.0,2023-06-14T11:30:00-04:00,2.8500000000000085,4047.0399999999836,1830.0,2023-06-14T16:01:00-04:00,2.8000000000000114,4147.039999999978,1831.0,2023-06-14T16:02:00-04:00,2.750000000000007,4247.039999999986,1560.0,2023-06-14T11:31:00-04:00,3.549999999999997,2647.0400000000063,2916.0,2023-06-15T10:07:00-04:00,1.8000000000000007,6147.039999999999,2917.0,2023-06-15T10:08:00-04:00,1.6500000000000021,6447.039999999996,2918.0,2023-06-15T10:09:00-04:00,1.4999999999999982,6747.0400000000045,2917.0,2023-06-15T10:08:00-04:00,1.6500000000000021,6447.039999999996,2955.0,2023-06-15T10:46:00-04:00,0.9499999999999993,7847.040000000002,2956.0,2023-06-15T10:47:00-04:00,0.9000000000000012,7947.039999999998,2957.0,2023-06-15T10:48:00-04:00,0.8499999999999996,8047.040000000002,2956.0,2023-06-15T10:47:00-04:00,0.9000000000000012,7947.039999999998,2997.0,2023-06-15T11:28:00-04:00,0.4499999999999993,8847.040000000003,3000.0,2023-06-15T11:31:00-04:00,0.4499999999999993,8847.040000000003,3001.0,2023-06-15T11:32:00-04:00,0.4499999999999993,8847.040000000003,2998.0,2023-06-15T11:29:00-04:00,0.5,8747.04,1107
2023-06-13,2023-06-15,2,6.0,2023-06-13T09:31:00-04:00,6.0,NDXP  230615P15000000,NDXP  230615P14990000,development,False,False,0,0,0,14,0,1186,available,False,2023-06-13T09:31:00-04:00,2023-06-15T16:00:00-04:00,0.0,11747.04,0.0,last_observed_quote_not_settlement,1036.0,351,131,6.050000000000011,-352.96000000002203,2023-06-13T09:32:00-04:00,0.0,5.899999999999977,-52.959999999953816,2023-06-13T09:33:00-04:00,0.0,5.400000000000006,947.0399999999893,2023-06-13T09:36:00-04:00,0.0,5.949999999999989,-152.95999999997656,2023-06-13T09:41:00-04:00,0.0,6.499999999999972,-1252.9599999999425,2023-06-13T09:46:00-04:00,0.0,6.300000000000011,-852.9600000000221,2023-06-13T10:01:00-04:00,0.0,7.0,-2252.959999999999,2023-06-13T10:31:00-04:00,0.0,5.599999999999994,547.040000000012,2023-06-13T11:31:00-04:00,0.0,6.25,-752.9599999999994,2023-06-13T16:00:00-04:00,0.0,4.449999999999996,2847.040000000009,2023-06-14T16:00:00-04:00,0.0,0.0,11747.04,2023-06-15T16:00:00-04:00,0.0,,,,,5.0,hit,238.0,hit,1835.0,hit,2918.0,hit,2958.0,hit,3004.0,hit,3036.0,hit,6.0,hit,19.0,hit,19.0,hit,22.0,hit,,never_hit,,never_hit,8.399999999999977,351,True,True,False,False,,8.399999999999977,351,True,True,False,False,,8.399999999999977,351,True,True,False,False,,8.399999999999977,351,True,True,False,False,,2918.0,2023-06-15T10:09:00-04:00,2.799999999999997,6147.040000000006,2919.0,2023-06-15T10:10:00-04:00,2.6999999999999957,6347.040000000009,2920.0,2023-06-15T10:11:00-04:00,2.8500000000000014,6047.039999999998,2919.0,2023-06-15T10:10:00-04:00,2.6999999999999957,6347.040000000009,2958.0,2023-06-15T10:49:00-04:00,1.8000000000000007,8147.04,2959.0,2023-06-15T10:50:00-04:00,1.8000000000000007,8147.04,2976.0,2023-06-15T11:07:00-04:00,1.6999999999999993,8347.040000000003,2959.0,2023-06-15T10:50:00-04:00,1.8000000000000007,8147.04,3004.0,2023-06-15T11:35:00-04:00,0.75,10247.04,3008.0,2023-06-15T11:39:00-04:00,0.6500000000000004,10447.04,3009.0,2023-06-15T11:40:00-04:00,0.7000000000000002,10347.04,3005.0,2023-06-15T11:36:00-04:00,1.0500000000000007,9647.04,3119.0,2023-06-15T13:30:00-04:00,0.39999999999999947,10947.040000000003,3126.0,2023-06-15T13:37:00-04:00,0.2999999999999998,11147.040000000003,3127.0,2023-06-15T13:38:00-04:00,0.2749999999999999,11197.04,3120.0,2023-06-15T13:31:00-04:00,0.5249999999999999,10697.04,1108
2023-06-13,2023-06-15,2,7.0,2023-06-13T09:31:00-04:00,7.049999999999983,NDXP  230615P15090000,NDXP  230615P15080000,development,False,False,0,0,0,0,0,1200,available,False,2023-06-13T09:31:00-04:00,2023-06-15T16:00:00-04:00,0.0,13847.039999999968,0.0,last_observed_quote_not_settlement,1036.0,564,71,6.300000000000011,1247.0399999999438,2023-06-13T09:32:00-04:00,0.0,7.5,-1152.9600000000335,2023-06-13T09:33:00-04:00,0.0,6.649999999999977,547.040000000012,2023-06-13T09:36:00-04:00,0.0,7.349999999999994,-852.9600000000221,2023-06-13T09:41:00-04:00,0.0,7.199999999999989,-552.9600000000107,2023-06-13T09:46:00-04:00,0.0,7.7999999999999545,-1752.9599999999425,2023-06-13T10:01:00-04:00,0.0,8.100000000000023,-2352.9600000000805,2023-06-13T10:31:00-04:00,0.0,7.200000000000017,-552.9600000000676,2023-06-13T11:31:00-04:00,0.0,6.850000000000023,147.03999999992112,2023-06-13T16:00:00-04:00,0.0,6.650000000000006,547.0399999999552,2023-06-14T16:00:00-04:00,0.0,0.0,13847.039999999968,2023-06-15T16:00:00-04:00,0.0,,,,,2919.0,hit,2937.0,hit,2999.0,hit,3008.0,hit,3132.0,hit,3143.0,hit,3182.0,hit,14.0,hit,37.0,hit,0.0,hit,37.0,hit,1727.0,hit,,never_hit,9.300000000000011,564,True,True,True,True,,9.300000000000011,564,True,True,True,True,,9.300000000000011,564,True,True,True,True,,9.300000000000011,564,True,True,True,True,,3008.0,2023-06-15T11:39:00-04:00,2.849999999999998,8147.039999999971,3011.0,2023-06-15T11:42:00-04:00,2.6000000000000014,8647.039999999964,3012.0,2023-06-15T11:43:00-04:00,2.849999999999998,8147.039999999971,3009.0,2023-06-15T11:40:00-04:00,3.200000000000003,7447.039999999961,3133.0,2023-06-15T13:44:00-04:00,1.5500000000000007,10747.039999999966,3134.0,2023-06-15T13:45:00-04:00,1.4000000000000004,11047.039999999966,3135.0,2023-06-15T13:46:00-04:00,1.25,11347.039999999968,3134.0,2023-06-15T13:45:00-04:00,1.4000000000000004,11047.039999999966,3144.0,2023-06-15T13:55:00-04:00,0.8999999999999995,12047.039999999968,3145.0,2023-06-15T13:56:00-04:00,0.75,12347.039999999968,3146.0,2023-06-15T13:57:00-04:00,0.7999999999999998,12247.039999999968,3145.0,2023-06-15T13:56:00-04:00,0.75,12347.039999999968,3186.0,2023-06-15T14:37:00-04:00,0.42500000000000027,12997.039999999966,3187.0,2023-06-15T14:38:00-04:00,0.40000000000000013,13047.039999999966,3188.0,2023-06-15T14:39:00-04:00,0.40000000000000036,13047.039999999966,3187.0,2023-06-15T14:38:00-04:00,0.40000000000000013,13047.039999999966,1109
2023-06-20,2023-06-22,2,5.0,2023-06-20T09:31:00-04:00,4.900000000000006,NDXP  230622P15050000,NDXP  230622P15040000,development,False,False,0,0,16,9,0,1190,available,False,2023-06-20T09:31:00-04:00,2023-06-22T15:59:00-04:00,5.175,-802.9599999999876,1.0,last_observed_quote_not_settlement,1036.0,906,10,4.5,547.040000000012,2023-06-20T09:32:00-04:00,0.0,4.25,1047.040000000012,2023-06-20T09:33:00-04:00,0.0,4.400000000000006,747.0400000000006,2023-06-20T09:36:00-04:00,0.0,3.9000000000000057,1747.0400000000006,2023-06-20T09:41:00-04:00,0.0,3.6500000000000057,2247.040000000001,2023-06-20T09:46:00-04:00,0.0,5.0,-452.95999999998793,2023-06-20T10:01:00-04:00,0.0,6.800000000000011,-4052.9600000000105,2023-06-20T10:31:00-04:00,0.0,5.549999999999983,-1552.9599999999539,2023-06-20T11:31:00-04:00,0.0,4.450000000000003,647.0400000000063,2023-06-20T16:00:00-04:00,0.0,8.799999999999983,-8052.9599999999555,2023-06-21T16:00:00-04:00,0.0,,,2023-06-22T15:59:00-04:00,60.0,,,,,0.0,hit,0.0,hit,7.0,hit,,never_hit,,never_hit,,never_hit,,never_hit,47.0,hit,50.0,hit,89.0,hit,1515.0,hit,1535.0,hit,2880.0,hit,,,True,True,True,False,1.4000000000000057,,,True,True,True,False,1.4000000000000057,,,True,True,True,False,1.4000000000000057,,,True,True,True,False,1.4000000000000057,,,,,,,,,,,,,,,,,,,,,,,,,,,,,,,,,,,,,,,,,,,,,,,,,,,,,,,,,,,,,,,,,1110
2023-06-20,2023-06-22,2,6.0,2023-06-20T09:31:00-04:00,5.900000000000006,NDXP  230622P15100000,NDXP  230622P15090000,development,False,False,0,0,0,27,0,1172,available,False,2023-06-20T09:31:00-04:00,2023-06-22T15:59:00-04:00,10.0,-8352.959999999988,1.0,last_observed_quote_not_settlement,1036.0,850,45,6.249999999999986,-952.9599999999596,2023-06-20T09:32:00-04:00,0.0,6.299999999999997,-1052.9599999999823,2023-06-20T09:33:00-04:00,0.0,6.500000000000014,-1452.9600000000164,2023-06-20T09:36:00-04:00,0.0,4.6499999999999915,2247.040000000029,2023-06-20T09:41:00-04:00,0.0,5.3500000000000085,847.039999999995,2023-06-20T09:46:00-04:00,0.0,4.949999999999989,1647.0400000000348,2023-06-20T10:01:00-04:00,0.0,7.25,-2952.9599999999878,2023-06-20T10:31:00-04:00,0.0,6.150000000000034,-752.9600000000562,2023-06-20T11:31:00-04:00,0.0,5.200000000000017,1147.039999999978,2023-06-20T16:00:00-04:00,0.0,8.699999999999989,-5852.959999999967,2023-06-21T16:00:00-04:00,0.0,,,2023-06-22T15:59:00-04:00,60.0,,,,,3.0,hit,10.0,hit,,never_hit,,never_hit,,never_hit,,never_hit,,never_hit,4.0,hit,4.0,hit,4.0,hit,55.0,hit,83.0,hit,1540.0,hit,,,True,True,True,False,1.75,,,True,True,True,False,1.75,,,True,True,True,False,1.75,,,True,True,True,False,1.75,,,,,,,,,,,,,,,,,,,,,,,,,,,,,,,,,,,,,,,,,,,,,,,,,,,,,,,,,,,,,,,,,1111
2023-06-20,2023-06-22,2,7.0,2023-06-20T09:31:00-04:00,7.0,NDXP  230622P15360000,NDXP  230622P15350000,development,False,False,0,0,0,237,0,962,available,False,2023-06-20T09:31:00-04:00,2023-06-22T15:58:00-04:00,9.949999999999989,-6152.959999999978,2.0,last_observed_quote_not_settlement,1036.0,786,7,8.850000000000023,-3952.9600000000464,2023-06-20T09:32:00-04:00,0.0,8.75,-3752.960000000001,2023-06-20T09:33:00-04:00,0.0,8.950000000000045,-4152.960000000092,2023-06-20T09:36:00-04:00,0.0,8.100000000000023,-2452.9600000000464,2023-06-20T09:41:00-04:00,0.0,8.550000000000011,-3352.9600000000237,2023-06-20T09:46:00-04:00,0.0,8.850000000000023,-3952.9600000000464,2023-06-20T10:01:00-04:00,0.0,9.749999999999943,-5752.959999999887,2023-06-20T10:31:00-04:00,0.0,8.900000000000034,-4052.960000000069,2023-06-20T11:31:00-04:00,0.0,9.25,-4752.960000000001,2023-06-20T16:00:00-04:00,0.0,8.999999999999943,-4252.959999999887,2023-06-21T16:00:00-04:00,0.0,,,2023-06-22T15:58:00-04:00,120.0,,,,,1535.0,hit,1535.0,hit,,never_hit,,never_hit,,never_hit,,never_hit,,never_hit,1.0,hit,1.0,hit,0.0,hit,1.0,hit,6.0,hit,9.0,hit,,,True,True,True,False,2.8999999999999773,,,True,True,True,False,2.8999999999999773,,,True,True,True,False,2.8999999999999773,,,True,True,True,False,2.8999999999999773,,,,,,,,,,,,,,,,,,,,,,,,,,,,,,,,,,,,,,,,,,,,,,,,,,,,,,,,,,,,,,,,,1112
2023-06-20,2023-06-23,3,5.0,2023-06-20T09:31:00-04:00,4.900000000000006,NDXP  230623P15090000,NDXP  230623P15080000,development,False,False,0,0,0,49,0,1556,available,False,2023-06-20T09:31:00-04:00,2023-06-23T16:00:00-04:00,10.0,-10352.959999999988,0.0,last_observed_quote_not_settlement,1036.0,1417,38,5.050000000000011,-552.9600000000107,2023-06-20T09:32:00-04:00,0.0,5.6499999999999915,-1752.959999999971,2023-06-20T09:33:00-04:00,0.0,5.050000000000011,-552.9600000000107,2023-06-20T09:36:00-04:00,0.0,4.599999999999994,347.04000000002344,2023-06-20T09:41:00-04:00,0.0,4.599999999999994,347.04000000002344,2023-06-20T09:46:00-04:00,0.0,5.400000000000006,-1252.9599999999994,2023-06-20T10:01:00-04:00,0.0,6.75,-3952.9599999999878,2023-06-20T10:31:00-04:00,0.0,6.050000000000011,-2552.9600000000105,2023-06-20T11:31:00-04:00,0.0,5.050000000000011,-552.9600000000107,2023-06-20T16:00:00-04:00,0.0,8.25,-6952.95999999999,2023-06-21T16:00:00-04:00,0.0,5.549999999999997,-1552.9599999999823,2023-06-22T16:00:00-04:00,0.0,10.0,-10352.959999999988,2023-06-23T16:00:00-04:00,0.0,0.0,hit,0.0,hit,4.0,hit,,never_hit,,never_hit,,never_hit,,never_hit,2.0,hit,44.0,hit,50.0,hit,1481.0,hit,1544.0,hit,4320.0,hit,,,True,True,True,False,0.9000000000000057,,,True,True,True,False,0.9000000000000057,,,True,True,True,False,0.9000000000000057,,,True,True,True,False,0.9000000000000057,,,,,,,,,,,,,,,,,,,,,,,,,,,,,,,,,,,,,,,,,,,,,,,,,,,,,,,,,,,,,,,,,1113
2023-06-20,2023-06-23,3,6.0,2023-06-20T09:31:00-04:00,5.9500000000000455,NDXP  230623P15790000,NDXP  230623P15780000,development,False,False,0,0,0,271,0,1334,available,False,2023-06-20T09:31:00-04:00,2023-06-23T16:00:00-04:00,10.0,-8252.959999999908,0.0,last_observed_quote_not_settlement,1038.0,1111,4,,,2023-06-20T09:31:00-04:00,60.0,9.799999999999955,-7952.959999999819,2023-06-20T09:33:00-04:00,0.0,9.499999999999886,-7352.959999999683,2023-06-20T09:36:00-04:00,0.0,9.750000000000114,-7852.960000000137,2023-06-20T09:41:00-04:00,0.0,9.800000000000068,-7952.960000000046,2023-06-20T09:46:00-04:00,0.0,9.75,-7852.95999999991,2023-06-20T10:01:00-04:00,0.0,,,2023-06-20T10:30:00-04:00,60.0,9.900000000000091,-8152.960000000092,2023-06-20T11:31:00-04:00,0.0,9.950000000000045,-8252.959999999908,2023-06-20T16:00:00-04:00,0.0,,,2023-06-21T15:59:00-04:00,60.0,9.800000000000068,-7952.960000000046,2023-06-22T16:00:00-04:00,0.0,10.0,-8252.959999999908,2023-06-23T16:00:00-04:00,0.0,2896.0,hit,2896.0,hit,4699.0,hit,4699.0,hit,4699.0,hit,4699.0,hit,4699.0,hit,2.0,hit,2.0,hit,2.0,hit,2.0,hit,2.0,hit,2.0,hit,10.0,1108,True,True,True,True,,10.0,1108,True,True,True,True,,10.0,1108,True,True,True,True,,10.0,1108,True,True,True,True,,4699.0,2023-06-23T15:50:00-04:00,0.2999999999999545,11047.040000000183,,,,,,,,,4700.0,2023-06-23T15:51:00-04:00,9.899999999999977,-8152.9599999998645,4699.0,2023-06-23T15:50:00-04:00,0.2999999999999545,11047.040000000183,,,,,,,,,4700.0,2023-06-23T15:51:00-04:00,9.899999999999977,-8152.9599999998645,4699.0,2023-06-23T15:50:00-04:00,0.2999999999999545,11047.040000000183,,,,,,,,,4700.0,2023-06-23T15:51:00-04:00,9.899999999999977,-8152.9599999998645,4699.0,2023-06-23T15:50:00-04:00,0.2999999999999545,11047.040000000183,,,,,,,,,4700.0,2023-06-23T15:51:00-04:00,9.899999999999977,-8152.9599999998645,1114
2023-06-20,2023-06-23,3,7.0,2023-06-20T09:31:00-04:00,7.0,NDXP  230623P15500000,NDXP  230623P15490000,development,False,False,0,0,0,223,0,1382,available,False,2023-06-20T09:31:00-04:00,2023-06-23T15:58:00-04:00,10.0,-6152.96,2.0,last_observed_quote_not_settlement,1037.0,1207,17,8.75,-3752.960000000001,2023-06-20T09:32:00-04:00,0.0,9.150000000000034,-4552.960000000069,2023-06-20T09:33:00-04:00,0.0,9.100000000000023,-4452.960000000046,2023-06-20T09:36:00-04:00,0.0,9.199999999999932,-4652.9599999998645,2023-06-20T09:41:00-04:00,0.0,9.100000000000023,-4452.960000000046,2023-06-20T09:46:00-04:00,0.0,9.150000000000091,-4552.960000000183,2023-06-20T10:01:00-04:00,0.0,9.600000000000023,-5452.960000000046,2023-06-20T10:31:00-04:00,0.0,9.550000000000011,-5352.960000000024,2023-06-20T11:31:00-04:00,0.0,9.899999999999977,-6052.9599999999555,2023-06-20T16:00:00-04:00,0.0,9.700000000000045,-5652.960000000092,2023-06-21T16:00:00-04:00,0.0,10.0,-6152.96,2023-06-22T16:00:00-04:00,0.0,,,2023-06-23T15:58:00-04:00,120.0,50.0,hit,50.0,hit,,never_hit,,never_hit,,never_hit,,never_hit,,never_hit,1.0,hit,1.0,hit,0.0,hit,1.0,hit,2.0,hit,13.0,hit,,,True,True,True,False,2.900000000000034,,,True,True,True,False,2.900000000000034,,,True,True,True,False,2.900000000000034,,,True,True,True,False,2.900000000000034,,,,,,,,,,,,,,,,,,,,,,,,,,,,,,,,,,,,,,,,,,,,,,,,,,,,,,,,,,,,,,,,,1115
2023-06-21,2023-06-23,2,5.0,2023-06-21T09:31:00-04:00,4.8500000000000085,NDXP  230623P15010000,NDXP  230623P15000000,development,False,False,0,0,0,29,0,1171,available,False,2023-06-21T09:31:00-04:00,2023-06-23T16:00:00-04:00,9.949999999999989,-10452.959999999961,0.0,last_observed_quote_not_settlement,1036.0,1049,26,4.549999999999997,347.04000000002344,2023-06-21T09:32:00-04:00,0.0,4.3999999999999915,647.0400000000348,2023-06-21T09:33:00-04:00,0.0,4.25,947.0400000000177,2023-06-21T09:36:00-04:00,0.0,4.400000000000006,647.0400000000063,2023-06-21T09:41:00-04:00,0.0,5.199999999999989,-952.9599999999596,2023-06-21T09:46:00-04:00,0.0,6.149999999999977,-2852.959999999937,2023-06-21T10:01:00-04:00,0.0,4.600000000000023,247.03999999997225,2023-06-21T10:31:00-04:00,0.0,6.300000000000011,-3152.960000000005,2023-06-21T11:31:00-04:00,0.0,5.800000000000011,-2152.960000000005,2023-06-21T16:00:00-04:00,0.0,3.799999999999997,1847.0400000000234,2023-06-22T16:00:00-04:00,0.0,9.949999999999989,-10452.959999999961,2023-06-23T16:00:00-04:00,0.0,,,,,0.0,hit,0.0,hit,354.0,hit,,never_hit,,never_hit,,never_hit,,never_hit,16.0,hit,27.0,hit,31.0,hit,99.0,hit,2880.0,hit,2880.0,hit,,,True,True,True,False,1.2000000000000028,,,True,True,True,False,1.2000000000000028,,,True,True,True,False,1.2000000000000028,,,True,True,True,False,1.2000000000000028,,,,,,,,,,,,,,,,,,,,,,,,,,,,,,,,,,,,,,,,,,,,,,,,,,,,,,,,,,,,,,,,,1116
2023-06-21,2023-06-23,2,6.0,2023-06-21T09:31:00-04:00,6.0,NDXP  230623P15070000,NDXP  230623P15060000,development,False,False,0,0,0,67,0,1133,available,False,2023-06-21T09:31:00-04:00,2023-06-23T15:59:00-04:00,10.0,-8152.96,1.0,last_observed_quote_not_settlement,1036.0,1042,20,5.550000000000011,647.0399999999779,2023-06-21T09:32:00-04:00,0.0,5.349999999999994,1047.040000000012,2023-06-21T09:33:00-04:00,0.0,5.6000000000000085,547.0399999999836,2023-06-21T09:36:00-04:00,0.0,5.400000000000006,947.0399999999893,2023-06-21T09:41:00-04:00,0.0,6.150000000000006,-552.9600000000107,2023-06-21T09:46:00-04:00,0.0,7.25,-2752.959999999999,2023-06-21T10:01:00-04:00,0.0,7.149999999999977,-2552.9599999999537,2023-06-21T10:31:00-04:00,0.0,8.050000000000011,-4352.960000000024,2023-06-21T11:31:00-04:00,0.0,8.849999999999966,-5952.959999999933,2023-06-21T16:00:00-04:00,0.0,5.1499999999999915,1447.0400000000177,2023-06-22T16:00:00-04:00,0.0,,,2023-06-23T15:59:00-04:00,60.0,,,,,2.0,hit,,never_hit,,never_hit,,never_hit,,never_hit,,never_hit,,never_hit,18.0,hit,21.0,hit,21.0,hit,52.0,hit,108.0,hit,1443.0,hit,,,True,True,True,False,0.8500000000000085,,,True,True,True,False,0.8500000000000085,,,True,True,True,False,0.8500000000000085,,,True,True,True,False,0.8500000000000085,,,,,,,,,,,,,,,,,,,,,,,,,,,,,,,,,,,,,,,,,,,,,,,,,,,,,,,,,,,,,,,,,1117
2023-06-21,2023-06-23,2,7.0,2023-06-21T09:31:00-04:00,7.099999999999994,NDXP  230623P15090000,NDXP  230623P15080000,development,False,False,0,0,0,49,0,1151,available,False,2023-06-21T09:31:00-04:00,2023-06-23T16:00:00-04:00,10.0,-5952.960000000011,0.0,last_observed_quote_not_settlement,1036.0,975,46,5.8999999999999915,2147.0400000000063,2023-06-21T09:32:00-04:00,0.0,6.0,1947.0399999999893,2023-06-21T09:33:00-04:00,0.0,5.900000000000006,2147.039999999978,2023-06-21T09:36:00-04:00,0.0,5.75,2447.0399999999895,2023-06-21T09:41:00-04:00,0.0,6.550000000000011,847.0399999999665,2023-06-21T09:46:00-04:00,0.0,7.0,-52.96000000001066,2023-06-21T10:01:00-04:00,0.0,7.800000000000011,-1652.9600000000335,2023-06-21T10:31:00-04:00,0.0,8.150000000000034,-2352.9600000000805,2023-06-21T11:31:00-04:00,0.0,8.25,-2552.9600000000123,2023-06-21T16:00:00-04:00,0.0,5.549999999999997,2847.039999999995,2023-06-22T16:00:00-04:00,0.0,10.0,-5952.960000000011,2023-06-23T16:00:00-04:00,0.0,,,,,1828.0,hit,,never_hit,,never_hit,,never_hit,,never_hit,,never_hit,,never_hit,32.0,hit,41.0,hit,0.0,hit,41.0,hit,104.0,hit,2880.0,hit,,,True,True,True,False,1.6999999999999886,,,True,True,True,False,1.6999999999999886,,,True,True,True,False,1.6999999999999886,,,True,True,True,False,1.6999999999999886,,,,,,,,,,,,,,,,,,,,,,,,,,,,,,,,,,,,,,,,,,,,,,,,,,,,,,,,,,,,,,,,,1118
2023-06-23,2023-06-26,3,5.0,2023-06-23T09:31:00-04:00,4.75,NDXP  230626P14880000,NDXP  230626P14870000,development,False,False,0,0,0,15,0,778,available,False,2023-06-23T09:31:00-04:00,2023-06-26T16:00:00-04:00,10.0,-10652.96,0.0,last_observed_quote_not_settlement,3916.0,365,33,4.5,247.04000000000067,2023-06-23T09:32:00-04:00,0.0,4.449999999999989,347.04000000002344,2023-06-23T09:33:00-04:00,0.0,4.549999999999983,147.0400000000348,2023-06-23T09:36:00-04:00,0.0,5.0,-752.9599999999994,2023-06-23T09:41:00-04:00,0.0,5.950000000000003,-2652.960000000005,2023-06-23T09:46:00-04:00,0.0,5.400000000000006,-1552.9600000000107,2023-06-23T10:01:00-04:00,0.0,4.5,247.04000000000067,2023-06-23T10:31:00-04:00,0.0,5.200000000000003,-1152.960000000005,2023-06-23T11:31:00-04:00,0.0,3.0,3247.040000000001,2023-06-23T16:00:00-04:00,0.0,,,2023-06-23T16:15:00-04:00,85500.0,,,2023-06-23T16:15:00-04:00,171900.0,10.0,-10652.96,2023-06-26T16:00:00-04:00,0.0,0.0,hit,0.0,hit,166.0,hit,199.0,hit,4344.0,hit,,never_hit,,never_hit,12.0,hit,12.0,hit,4428.0,hit,4475.0,hit,4477.0,hit,4499.0,hit,6.099999999999994,88,False,False,False,False,,6.099999999999994,94,False,False,False,False,,,,True,True,True,False,3.450000000000001,,,True,True,True,False,3.450000000000001,199.0,2023-06-23T12:50:00-04:00,2.9499999999999957,3347.040000000009,218.0,2023-06-23T13:09:00-04:00,2.8000000000000043,3647.0399999999922,219.0,2023-06-23T13:10:00-04:00,2.8000000000000043,3647.0399999999922,200.0,2023-06-23T12:51:00-04:00,3.299999999999997,2647.0400000000063,4345.0,2023-06-26T09:56:00-04:00,1.9499999999999993,5347.040000000002,4346.0,2023-06-26T09:57:00-04:00,1.9499999999999993,5347.040000000002,4347.0,2023-06-26T09:58:00-04:00,1.6499999999999986,5947.040000000004,4346.0,2023-06-26T09:57:00-04:00,1.9499999999999993,5347.040000000002,,,,,,,,,,,,,,,,,,,,,,,,,,,,,,,,,1119
2023-06-23,2023-06-26,3,6.0,2023-06-23T09:31:00-04:00,6.0,NDXP  230626P14940000,NDXP  230626P14930000,development,False,False,0,0,1,29,0,763,available,False,2023-06-23T09:31:00-04:00,2023-06-26T15:59:00-04:00,9.400000000000006,-7052.960000000013,1.0,last_observed_quote_not_settlement,3916.0,377,61,4.900000000000006,1947.0399999999893,2023-06-23T09:32:00-04:00,0.0,5.799999999999997,147.0400000000064,2023-06-23T09:33:00-04:00,0.0,5.450000000000003,847.039999999995,2023-06-23T09:36:00-04:00,0.0,5.950000000000003,-152.96000000000498,2023-06-23T09:41:00-04:00,0.0,6.949999999999989,-2152.9599999999764,2023-06-23T09:46:00-04:00,0.0,6.449999999999989,-1152.9599999999766,2023-06-23T10:01:00-04:00,0.0,5.799999999999997,147.0400000000064,2023-06-23T10:31:00-04:00,0.0,6.900000000000006,-2052.9600000000105,2023-06-23T11:31:00-04:00,0.0,6.099999999999994,-452.95999999998793,2023-06-23T16:00:00-04:00,0.0,,,2023-06-23T16:15:00-04:00,85500.0,,,2023-06-23T16:15:00-04:00,171900.0,,,2023-06-26T15:59:00-04:00,60.0,1.0,hit,1.0,hit,222.0,hit,,never_hit,,never_hit,,never_hit,,never_hit,11.0,hit,16.0,hit,16.0,hit,4416.0,hit,4430.0,hit,4475.0,hit,,,True,True,True,False,2.900000000000002,,,True,True,True,False,2.900000000000002,,,True,True,True,False,2.900000000000002,,,True,True,True,False,2.900000000000002,,,,,,,,,,,,,,,,,,,,,,,,,,,,,,,,,,,,,,,,,,,,,,,,,,,,,,,,,,,,,,,,,1120
2023-06-23,2023-06-26,3,7.0,2023-06-23T09:31:00-04:00,6.950000000000017,NDXP  230626P14990000,NDXP  230626P14980000,development,False,False,0,0,1,47,0,745,available,False,2023-06-23T09:31:00-04:00,2023-06-26T15:59:00-04:00,10.0,-6252.9599999999655,1.0,last_observed_quote_not_settlement,3916.0,431,64,6.75,147.0400000000348,2023-06-23T09:32:00-04:00,0.0,6.700000000000017,247.04000000000067,2023-06-23T09:33:00-04:00,0.0,6.34999999999998,947.0400000000745,2023-06-23T09:36:00-04:00,0.0,6.699999999999989,247.04000000005752,2023-06-23T09:41:00-04:00,0.0,7.75,-1852.9599999999652,2023-06-23T09:46:00-04:00,0.0,7.75,-1852.9599999999652,2023-06-23T10:01:00-04:00,0.0,6.849999999999994,-52.959999999953816,2023-06-23T10:31:00-04:00,0.0,7.349999999999994,-1052.9599999999539,2023-06-23T11:31:00-04:00,0.0,8.799999999999997,-3952.9599999999614,2023-06-23T16:00:00-04:00,0.0,,,2023-06-23T16:15:00-04:00,85500.0,,,2023-06-23T16:15:00-04:00,171900.0,,,2023-06-26T15:59:00-04:00,60.0,198.0,hit,226.0,hit,,never_hit,,never_hit,,never_hit,,never_hit,,never_hit,11.0,hit,11.0,hit,11.0,hit,11.0,hit,4392.0,hit,4428.0,hit,,,True,True,True,False,2.3500000000000227,,,True,True,True,False,2.3500000000000227,,,True,True,True,False,2.3500000000000227,,,True,True,True,False,2.3500000000000227,,,,,,,,,,,,,,,,,,,,,,,,,,,,,,,,,,,,,,,,,,,,,,,,,,,,,,,,,,,,,,,,,1121
2023-06-26,2023-06-28,2,5.0,2023-06-26T09:31:00-04:00,4.849999999999994,NDXP  230628P14830000,NDXP  230628P14820000,development,False,False,0,0,1,5,15,1193,available,False,2023-06-26T09:31:00-04:00,2023-06-28T15:59:00-04:00,0.0,9447.03999999999,1.0,last_observed_quote_not_settlement,1036.0,379,22,3.9499999999999886,1547.040000000012,2023-06-26T09:32:00-04:00,0.0,4.1499999999999915,1147.0400000000063,2023-06-26T09:33:00-04:00,0.0,3.249999999999986,2947.0400000000177,2023-06-26T09:36:00-04:00,0.0,3.0500000000000114,3347.0399999999668,2023-06-26T09:41:00-04:00,0.0,3.3500000000000014,2747.0399999999863,2023-06-26T09:46:00-04:00,0.0,2.3000000000000043,4847.039999999981,2023-06-26T10:01:00-04:00,0.0,,,2023-06-26T10:30:00-04:00,60.0,4.450000000000003,547.0399999999836,2023-06-26T11:31:00-04:00,0.0,7.099999999999994,-4752.959999999999,2023-06-26T16:00:00-04:00,0.0,1.8500000000000014,5747.039999999986,2023-06-27T16:00:00-04:00,0.0,,,2023-06-28T15:59:00-04:00,60.0,,,,,0.0,hit,0.0,hit,1.0,hit,8.0,hit,1708.0,hit,2930.0,hit,2943.0,hit,155.0,hit,157.0,hit,192.0,hit,,never_hit,,never_hit,,never_hit,4.849999999999994,0,False,False,False,False,,7.400000000000006,379,True,False,False,False,,7.400000000000006,379,True,False,False,False,,7.400000000000006,379,True,False,False,False,,21.0,2023-06-26T09:52:00-04:00,2.799999999999997,3847.039999999995,22.0,2023-06-26T09:53:00-04:00,2.799999999999997,3847.039999999995,23.0,2023-06-26T09:54:00-04:00,2.6499999999999986,4147.039999999992,22.0,2023-06-26T09:53:00-04:00,2.799999999999997,3847.039999999995,1709.0,2023-06-27T14:00:00-04:00,1.9499999999999993,5547.039999999991,1710.0,2023-06-27T14:01:00-04:00,1.8500000000000014,5747.039999999986,1723.0,2023-06-27T14:14:00-04:00,1.6999999999999993,6047.039999999991,1710.0,2023-06-27T14:01:00-04:00,1.8500000000000014,5747.039999999986,2930.0,2023-06-28T10:21:00-04:00,0.9000000000000004,7647.039999999989,2931.0,2023-06-28T10:22:00-04:00,0.9499999999999993,7547.039999999991,2932.0,2023-06-28T10:23:00-04:00,0.8499999999999996,7747.03999999999,2931.0,2023-06-28T10:22:00-04:00,0.9499999999999993,7547.039999999991,2943.0,2023-06-28T10:34:00-04:00,0.3500000000000001,8747.03999999999,2944.0,2023-06-28T10:35:00-04:00,0.44999999999999973,8547.03999999999,2945.0,2023-06-28T10:36:00-04:00,0.3249999999999993,8797.039999999992,2944.0,2023-06-28T10:35:00-04:00,0.44999999999999973,8547.03999999999,1122
2023-06-26,2023-06-28,2,6.0,2023-06-26T09:31:00-04:00,6.0,NDXP  230628P14930000,NDXP  230628P14920000,development,False,False,0,0,1,0,15,1198,available,False,2023-06-26T09:31:00-04:00,2023-06-28T16:00:00-04:00,0.07500000000000001,11597.04,0.0,last_observed_quote_not_settlement,1036.0,506,27,5.0,1747.0400000000006,2023-06-26T09:32:00-04:00,0.0,5.849999999999966,47.04000000006892,2023-06-26T09:33:00-04:00,0.0,5.0,1747.0400000000006,2023-06-26T09:36:00-04:00,0.0,4.599999999999994,2547.0400000000122,2023-06-26T09:41:00-04:00,0.0,4.75,2247.040000000001,2023-06-26T09:46:00-04:00,0.0,3.8499999999999943,4047.040000000012,2023-06-26T10:01:00-04:00,0.0,4.1000000000000085,3547.0399999999836,2023-06-26T10:31:00-04:00,0.0,6.200000000000017,-652.9600000000335,2023-06-26T11:31:00-04:00,0.0,8.650000000000006,-5552.960000000013,2023-06-26T16:00:00-04:00,0.0,4.800000000000004,2147.0399999999922,2023-06-27T16:00:00-04:00,0.0,0.07500000000000001,11597.04,2023-06-28T16:00:00-04:00,0.0,,,,,1.0,hit,1.0,hit,26.0,hit,2938.0,hit,2943.0,hit,2978.0,hit,2978.0,hit,72.0,hit,72.0,hit,72.0,hit,158.0,hit,1543.0,hit,,never_hit,9.0,504,True,True,True,True,,9.0,504,True,True,True,True,,9.0,504,True,True,True,True,,9.0,504,True,True,True,True,,2939.0,2023-06-28T10:30:00-04:00,2.75,6247.040000000001,2940.0,2023-06-28T10:31:00-04:00,2.6999999999999993,6347.040000000002,2941.0,2023-06-28T10:32:00-04:00,2.9499999999999993,5847.040000000002,2940.0,2023-06-28T10:31:00-04:00,2.6999999999999993,6347.040000000002,2945.0,2023-06-28T10:36:00-04:00,1.6000000000000014,8547.039999999999,2948.0,2023-06-28T10:39:00-04:00,1.5,8747.04,2949.0,2023-06-28T10:40:00-04:00,1.3000000000000007,9147.04,2946.0,2023-06-28T10:37:00-04:00,2.1999999999999993,7347.040000000002,2978.0,2023-06-28T11:09:00-04:00,0.25,11247.04,3039.0,2023-06-28T12:10:00-04:00,0.9000000000000004,9947.04,3040.0,2023-06-28T12:11:00-04:00,0.7500000000000004,10247.039999999999,2979.0,2023-06-28T11:10:00-04:00,1.3499999999999996,9047.040000000003,2978.0,2023-06-28T11:09:00-04:00,0.25,11247.04,3263.0,2023-06-28T15:54:00-04:00,0.22500000000000003,11297.04,,,,,2979.0,2023-06-28T11:10:00-04:00,1.3499999999999996,9047.040000000003,1123
2023-06-26,2023-06-28,2,7.0,2023-06-26T09:31:00-04:00,6.9500000000000455,NDXP  230628P15660000,NDXP  230628P15650000,development,False,False,0,0,0,216,15,983,available,False,2023-06-26T09:31:00-04:00,2023-06-28T16:00:00-04:00,10.0,-6252.959999999909,0.0,last_observed_quote_not_settlement,1038.0,815,7,9.800000000000068,-5952.960000000046,2023-06-26T09:32:00-04:00,0.0,,,2023-06-26T09:32:00-04:00,60.0,,,2023-06-26T09:35:00-04:00,60.0,9.899999999999977,-6152.9599999998645,2023-06-26T09:41:00-04:00,0.0,9.549999999999955,-5452.959999999819,2023-06-26T09:46:00-04:00,0.0,10.0,-6252.959999999909,2023-06-26T10:01:00-04:00,0.0,,,2023-06-26T10:28:00-04:00,180.0,,,2023-06-26T11:30:00-04:00,60.0,,,2023-06-26T15:58:00-04:00,120.0,,,2023-06-27T15:59:00-04:00,60.0,10.0,-6252.959999999909,2023-06-28T16:00:00-04:00,0.0,,,,,,never_hit,,never_hit,,never_hit,,never_hit,,never_hit,,never_hit,,never_hit,1.0,hit,1.0,hit,1.0,hit,1.0,hit,1.0,hit,1.0,hit,,,True,True,True,False,0.75,,,True,True,True,False,0.75,,,True,True,True,False,0.75,,,True,True,True,False,0.75,,,,,,,,,,,,,,,,,,,,,,,,,,,,,,,,,,,,,,,,,,,,,,,,,,,,,,,,,,,,,,,,,1124
2023-06-26,2023-06-29,3,5.0,2023-06-26T09:31:00-04:00,5.000000000000028,NDXP  230629P14950000,NDXP  230629P14940000,development,False,False,0,0,3,0,0,1601,available,False,2023-06-26T09:31:00-04:00,2023-06-29T15:59:00-04:00,5.975,-2202.959999999942,1.0,last_observed_quote_not_settlement,1036.0,970,64,6.400000000000006,-3052.9599999999537,2023-06-26T09:32:00-04:00,0.0,5.900000000000034,-2052.9600000000105,2023-06-26T09:33:00-04:00,0.0,5.300000000000011,-852.9599999999652,2023-06-26T09:36:00-04:00,0.0,5.3500000000000085,-952.9599999999596,2023-06-26T09:41:00-04:00,0.0,4.75,247.04000000005752,2023-06-26T09:46:00-04:00,0.0,4.400000000000006,947.0400000000461,2023-06-26T10:01:00-04:00,0.0,,,2023-06-26T10:30:00-04:00,60.0,7.100000000000023,-4452.959999999988,2023-06-26T11:31:00-04:00,0.0,8.449999999999989,-7152.959999999922,2023-06-26T16:00:00-04:00,0.0,5.3999999999999915,-1052.9599999999255,2023-06-27T16:00:00-04:00,0.0,3.799999999999997,2147.040000000063,2023-06-28T16:00:00-04:00,0.0,,,2023-06-29T15:59:00-04:00,60.0,0.0,hit,7.0,hit,37.0,hit,2951.0,hit,,never_hit,,never_hit,,never_hit,1.0,hit,1.0,hit,102.0,hit,134.0,hit,163.0,hit,4694.0,hit,9.150000000000006,657,True,True,True,True,,,,True,True,True,False,2.7000000000000277,,,True,True,True,False,2.7000000000000277,,,True,True,True,False,2.7000000000000277,2956.0,2023-06-28T10:47:00-04:00,2.8999999999999915,3947.0400000000745,2959.0,2023-06-28T10:50:00-04:00,2.75,4247.040000000057,2960.0,2023-06-28T10:51:00-04:00,2.700000000000003,4347.040000000052,2957.0,2023-06-28T10:48:00-04:00,3.0,3747.0400000000577,,,,,,,,,,,,,,,,,,,,,,,,,,,,,,,,,,,,,,,,,,,,,,,,,1125
2023-06-26,2023-06-29,3,6.0,2023-06-26T09:31:00-04:00,6.049999999999983,NDXP  230629P14980000,NDXP  230629P14970000,development,False,False,0,0,1,12,0,1590,available,False,2023-06-26T09:31:00-04:00,2023-06-29T15:59:00-04:00,10.0,-8052.960000000034,1.0,last_observed_quote_not_settlement,1036.0,883,83,6.299999999999983,-752.9599999999994,2023-06-26T09:32:00-04:00,0.0,6.400000000000034,-952.9600000001017,2023-06-26T09:33:00-04:00,0.0,5.900000000000006,47.039999999955235,2023-06-26T09:36:00-04:00,0.0,5.300000000000011,1247.0399999999438,2023-06-26T09:41:00-04:00,0.0,5.350000000000023,1147.039999999921,2023-06-26T09:46:00-04:00,0.0,4.799999999999997,2247.039999999972,2023-06-26T10:01:00-04:00,0.0,4.450000000000003,2947.039999999961,2023-06-26T10:31:00-04:00,0.0,6.800000000000011,-1752.9600000000562,2023-06-26T11:31:00-04:00,0.0,7.75,-3652.9600000000332,2023-06-26T16:00:00-04:00,0.0,5.400000000000006,1047.0399999999552,2023-06-27T16:00:00-04:00,0.0,5.25,1347.0399999999665,2023-06-28T16:00:00-04:00,0.0,,,2023-06-29T15:59:00-04:00,60.0,8.0,hit,17.0,hit,2945.0,hit,3047.0,hit,,never_hit,,never_hit,,never_hit,96.0,hit,108.0,hit,108.0,hit,171.0,hit,199.0,hit,199.0,hit,9.800000000000011,586,True,True,True,True,,,,True,True,True,False,3.1999999999999886,,,True,True,True,False,3.1999999999999886,,,True,True,True,False,3.1999999999999886,3271.0,2023-06-28T16:02:00-04:00,2.8499999999999943,6147.039999999978,,,,,,,,,3272.0,2023-06-28T16:03:00-04:00,4.100000000000001,3647.0399999999636,,,,,,,,,,,,,,,,,,,,,,,,,,,,,,,,,,,,,,,,,,,,,,,,,1126
2023-06-26,2023-06-29,3,7.0,2023-06-26T09:31:00-04:00,6.899999999999977,NDXP  230629P15750000,NDXP  230629P15740000,development,False,False,0,0,0,201,0,1402,available,False,2023-06-26T09:31:00-04:00,2023-06-29T15:59:00-04:00,10.0,-6352.9600000000455,1.0,last_observed_quote_not_settlement,1036.0,1234,6,,,2023-06-26T09:31:00-04:00,60.0,9.75,-5952.960000000046,2023-06-26T09:33:00-04:00,0.0,10.0,-6352.9600000000455,2023-06-26T09:36:00-04:00,0.0,,,2023-06-26T09:39:00-04:00,120.0,10.0,-6352.9600000000455,2023-06-26T09:46:00-04:00,0.0,9.950000000000045,-6352.9600000000455,2023-06-26T10:01:00-04:00,0.0,9.899999999999977,-6252.960000000001,2023-06-26T10:31:00-04:00,0.0,,,2023-06-26T11:30:00-04:00,60.0,7.899999999999864,-2252.9599999997718,2023-06-26T16:00:00-04:00,0.0,,,2023-06-27T15:59:00-04:00,60.0,,,2023-06-28T15:59:00-04:00,60.0,,,2023-06-29T15:59:00-04:00,60.0,4.0,hit,393.0,hit,,never_hit,,never_hit,,never_hit,,never_hit,,never_hit,2.0,hit,2.0,hit,2.0,hit,2.0,hit,2.0,hit,2.0,hit,,,True,True,True,False,2.3999999999999773,,,True,True,True,False,2.3999999999999773,,,True,True,True,False,2.3999999999999773,,,True,True,True,False,2.3999999999999773,,,,,,,,,,,,,,,,,,,,,,,,,,,,,,,,,,,,,,,,,,,,,,,,,,,,,,,,,,,,,,,,,1127
2023-06-27,2023-06-29,2,5.0,2023-06-27T09:31:00-04:00,5.0,NDXP  230629P14800000,NDXP  230629P14790000,development,False,False,0,0,0,2,15,1198,available,False,2023-06-27T09:31:00-04:00,2023-06-29T16:00:00-04:00,0.0,9747.04,0.0,last_observed_quote_not_settlement,1036.0,75,27,5.200000000000003,-652.960000000005,2023-06-27T09:32:00-04:00,0.0,6.0,-2252.959999999999,2023-06-27T09:33:00-04:00,0.0,4.400000000000006,947.0399999999893,2023-06-27T09:36:00-04:00,0.0,5.449999999999989,-1152.9599999999766,2023-06-27T09:41:00-04:00,0.0,4.3999999999999915,947.0400000000177,2023-06-27T09:46:00-04:00,0.0,4.5,747.0400000000006,2023-06-27T10:01:00-04:00,0.0,4.800000000000011,147.03999999997797,2023-06-27T10:31:00-04:00,0.0,4.349999999999994,1047.040000000012,2023-06-27T11:31:00-04:00,0.0,2.1000000000000014,5547.039999999998,2023-06-27T16:00:00-04:00,0.0,0.9499999999999993,7847.040000000002,2023-06-28T16:00:00-04:00,0.0,0.0,9747.04,2023-06-29T16:00:00-04:00,0.0,,,,,0.0,hit,0.0,hit,29.0,hit,194.0,hit,278.0,hit,1505.0,hit,1607.0,hit,2.0,hit,2.0,hit,,never_hit,,never_hit,,never_hit,,never_hit,6.200000000000003,75,False,False,False,False,,6.200000000000003,75,False,False,False,False,,6.200000000000003,75,False,False,False,False,,6.200000000000003,75,False,False,False,False,,195.0,2023-06-27T12:46:00-04:00,2.8500000000000085,4047.0399999999836,196.0,2023-06-27T12:47:00-04:00,2.8999999999999986,3947.0400000000036,197.0,2023-06-27T12:48:00-04:00,2.799999999999997,4147.040000000006,196.0,2023-06-27T12:47:00-04:00,2.8999999999999986,3947.0400000000036,287.0,2023-06-27T14:18:00-04:00,1.9499999999999957,5847.040000000009,288.0,2023-06-27T14:19:00-04:00,1.9499999999999993,5847.040000000002,323.0,2023-06-27T14:54:00-04:00,1.8000000000000043,6147.039999999992,288.0,2023-06-27T14:19:00-04:00,1.9499999999999993,5847.040000000002,1508.0,2023-06-28T10:39:00-04:00,0.8499999999999996,8047.040000000002,1509.0,2023-06-28T10:40:00-04:00,0.9000000000000004,7947.04,1510.0,2023-06-28T10:41:00-04:00,0.8000000000000007,8147.04,1509.0,2023-06-28T10:40:00-04:00,0.9000000000000004,7947.04,1831.0,2023-06-28T16:02:00-04:00,0.29999999999999893,9147.040000000005,2990.0,2023-06-29T11:21:00-04:00,0.375,8997.04,2991.0,2023-06-29T11:22:00-04:00,0.34999999999999964,9047.040000000003,1832.0,2023-06-28T16:03:00-04:00,0.5999999999999996,8547.040000000003,1128
2023-06-27,2023-06-29,2,6.0,2023-06-27T09:31:00-04:00,5.950000000000017,NDXP  230629P14840000,NDXP  230629P14830000,development,False,False,0,0,0,2,15,1198,available,False,2023-06-27T09:31:00-04:00,2023-06-29T16:00:00-04:00,0.0,11647.040000000035,0.0,last_observed_quote_not_settlement,1036.0,53,32,5.699999999999989,247.04000000005752,2023-06-27T09:32:00-04:00,0.0,5.899999999999977,-152.95999999991972,2023-06-27T09:33:00-04:00,0.0,5.200000000000003,1247.040000000029,2023-06-27T09:36:00-04:00,0.0,5.849999999999994,-52.959999999953816,2023-06-27T09:41:00-04:00,0.0,5.5,647.0400000000348,2023-06-27T09:46:00-04:00,0.0,4.949999999999989,1747.0400000000575,2023-06-27T10:01:00-04:00,0.0,5.450000000000003,747.0400000000291,2023-06-27T10:31:00-04:00,0.0,5.0,1647.0400000000348,2023-06-27T11:31:00-04:00,0.0,2.6999999999999957,6247.040000000044,2023-06-27T16:00:00-04:00,0.0,1.5,8647.040000000035,2023-06-28T16:00:00-04:00,0.0,0.0,11647.040000000035,2023-06-29T16:00:00-04:00,0.0,,,,,3.0,hit,30.0,hit,188.0,hit,250.0,hit,1498.0,hit,1519.0,hit,2997.0,hit,40.0,hit,40.0,hit,40.0,hit,,never_hit,,never_hit,,never_hit,7.099999999999994,53,True,False,False,False,,7.099999999999994,53,True,False,False,False,,7.099999999999994,53,True,False,False,False,,7.099999999999994,53,True,False,False,False,,250.0,2023-06-27T13:41:00-04:00,2.9499999999999957,5747.040000000044,253.0,2023-06-27T13:44:00-04:00,2.9499999999999957,5747.040000000044,254.0,2023-06-27T13:45:00-04:00,2.9499999999999957,5747.040000000044,251.0,2023-06-27T13:42:00-04:00,2.950000000000003,5747.040000000029,1498.0,2023-06-28T10:29:00-04:00,1.7999999999999972,8047.040000000041,1499.0,2023-06-28T10:30:00-04:00,1.75,8147.0400000000345,1503.0,2023-06-28T10:34:00-04:00,1.4000000000000021,8847.040000000032,1499.0,2023-06-28T10:30:00-04:00,1.75,8147.0400000000345,1603.0,2023-06-28T12:14:00-04:00,0.8999999999999986,9847.040000000039,1604.0,2023-06-28T12:15:00-04:00,0.9000000000000021,9847.040000000032,1605.0,2023-06-28T12:16:00-04:00,0.9000000000000004,9847.040000000035,1604.0,2023-06-28T12:15:00-04:00,0.9000000000000021,9847.040000000032,3032.0,2023-06-29T12:03:00-04:00,0.3250000000000002,10997.040000000035,3077.0,2023-06-29T12:48:00-04:00,0.375,10897.040000000035,3078.0,2023-06-29T12:49:00-04:00,0.375,10897.040000000035,3033.0,2023-06-29T12:04:00-04:00,0.47499999999999964,10697.040000000037,1129
2023-06-27,2023-06-29,2,7.0,2023-06-27T09:31:00-04:00,7.0,NDXP  230629P14890000,NDXP  230629P14880000,development,False,False,0,0,0,2,15,1198,available,False,2023-06-27T09:31:00-04:00,2023-06-29T15:59:00-04:00,0.0,13747.04,1.0,last_observed_quote_not_settlement,1036.0,19,20,6.850000000000023,47.039999999955235,2023-06-27T09:32:00-04:00,0.0,6.950000000000017,-152.9600000000334,2023-06-27T09:33:00-04:00,0.0,6.199999999999989,1347.0400000000234,2023-06-27T09:36:00-04:00,0.0,6.550000000000011,647.0399999999779,2023-06-27T09:41:00-04:00,0.0,6.450000000000017,847.0399999999665,2023-06-27T09:46:00-04:00,0.0,6.199999999999989,1347.0400000000234,2023-06-27T10:01:00-04:00,0.0,6.75,247.04000000000067,2023-06-27T10:31:00-04:00,0.0,5.849999999999994,2047.0400000000122,2023-06-27T11:31:00-04:00,0.0,3.6000000000000085,6547.039999999984,2023-06-27T16:00:00-04:00,0.0,2.5500000000000007,8647.04,2023-06-28T16:00:00-04:00,0.0,,,2023-06-29T15:59:00-04:00,60.0,,,,,121.0,hit,156.0,hit,243.0,hit,1467.0,hit,1509.0,hit,2964.0,hit,3249.0,hit,97.0,hit,,never_hit,0.0,hit,,never_hit,,never_hit,,never_hit,7.75,19,True,False,False,False,,7.75,19,True,False,False,False,,7.75,19,True,False,False,False,,7.75,19,True,False,False,False,,1498.0,2023-06-28T10:29:00-04:00,2.75,8247.04,1499.0,2023-06-28T10:30:00-04:00,2.6499999999999986,8447.040000000005,1500.0,2023-06-28T10:31:00-04:00,2.5,8747.04,1499.0,2023-06-28T10:30:00-04:00,2.6499999999999986,8447.040000000005,1509.0,2023-06-28T10:40:00-04:00,1.7499999999999964,10247.040000000008,1512.0,2023-06-28T10:43:00-04:00,1.75,10247.04,1513.0,2023-06-28T10:44:00-04:00,1.75,10247.04,1510.0,2023-06-28T10:41:00-04:00,2.0000000000000036,9747.039999999994,2964.0,2023-06-29T10:55:00-04:00,0.6999999999999993,12347.040000000003,3242.0,2023-06-29T15:33:00-04:00,0.6000000000000001,12547.04,3243.0,2023-06-29T15:34:00-04:00,0.575,12597.04,2965.0,2023-06-29T10:56:00-04:00,4.349999999999998,5047.0400000000045,3257.0,2023-06-29T15:48:00-04:00,0.2499999999999999,13247.04,3258.0,2023-06-29T15:49:00-04:00,0.09999999999999998,13547.04,3262.0,2023-06-29T15:53:00-04:00,0.07500000000000001,13597.04,3258.0,2023-06-29T15:49:00-04:00,0.09999999999999998,13547.04,1130
2023-06-27,2023-06-30,3,5.0,2023-06-27T09:31:00-04:00,4.950000000000003,NDXP  230630P14790000,NDXP  230630P14780000,development,False,False,0,0,1,28,0,1576,available,False,2023-06-27T09:31:00-04:00,2023-06-30T15:38:00-04:00,0.0,9647.040000000008,22.0,last_observed_quote_not_settlement,1036.0,44,29,5.150000000000006,-652.960000000005,2023-06-27T09:32:00-04:00,0.0,5.25,-852.9599999999937,2023-06-27T09:33:00-04:00,0.0,4.449999999999989,747.0400000000291,2023-06-27T09:36:00-04:00,0.0,4.799999999999997,47.04000000001208,2023-06-27T09:41:00-04:00,0.0,4.549999999999997,547.040000000012,2023-06-27T09:46:00-04:00,0.0,4.400000000000006,847.039999999995,2023-06-27T10:01:00-04:00,0.0,4.75,147.0400000000064,2023-06-27T10:31:00-04:00,0.0,4.200000000000017,1247.0399999999722,2023-06-27T11:31:00-04:00,0.0,2.299999999999997,5047.040000000012,2023-06-27T16:00:00-04:00,0.0,1.6500000000000057,6347.039999999995,2023-06-28T16:00:00-04:00,0.0,1.3499999999999996,6947.040000000007,2023-06-29T16:00:00-04:00,0.0,,,2023-06-30T15:38:00-04:00,1320.0,0.0,hit,0.0,hit,128.0,hit,195.0,hit,1490.0,hit,1605.0,hit,4320.0,hit,41.0,hit,,never_hit,,never_hit,,never_hit,,never_hit,,never_hit,5.550000000000011,44,False,False,False,False,,5.550000000000011,44,False,False,False,False,,5.550000000000011,44,False,False,False,False,,5.550000000000011,44,False,False,False,False,,196.0,2023-06-27T12:47:00-04:00,2.6500000000000057,4347.039999999995,197.0,2023-06-27T12:48:00-04:00,2.8999999999999915,3847.0400000000236,202.0,2023-06-27T12:53:00-04:00,2.8000000000000043,4047.039999999998,197.0,2023-06-27T12:48:00-04:00,2.8999999999999915,3847.0400000000236,1490.0,2023-06-28T10:21:00-04:00,1.8999999999999986,5847.040000000009,1491.0,2023-06-28T10:22:00-04:00,1.9499999999999993,5747.040000000008,1498.0,2023-06-28T10:29:00-04:00,1.7000000000000028,6247.040000000001,1491.0,2023-06-28T10:22:00-04:00,1.9499999999999993,5747.040000000008,4320.0,2023-06-30T09:31:00-04:00,0.10000000000000009,9447.040000000006,4321.0,2023-06-30T09:32:00-04:00,0.12499999999999978,9397.040000000008,4322.0,2023-06-30T09:33:00-04:00,0.15000000000000036,9347.040000000006,4321.0,2023-06-30T09:32:00-04:00,0.12499999999999978,9397.040000000008,4320.0,2023-06-30T09:31:00-04:00,0.10000000000000009,9447.040000000006,4321.0,2023-06-30T09:32:00-04:00,0.12499999999999978,9397.040000000008,4322.0,2023-06-30T09:33:00-04:00,0.15000000000000036,9347.040000000006,4321.0,2023-06-30T09:32:00-04:00,0.12499999999999978,9397.040000000008,1131
2023-06-27,2023-06-30,3,6.0,2023-06-27T09:31:00-04:00,6.2000000000000455,NDXP  230630P14920000,NDXP  230630P14910000,development,False,False,0,0,0,3,0,1602,available,False,2023-06-27T09:31:00-04:00,2023-06-30T16:00:00-04:00,0.0,12147.040000000092,0.0,last_observed_quote_not_settlement,1036.0,122,15,6.900000000000034,-1652.9599999999766,2023-06-27T09:32:00-04:00,0.0,7.299999999999983,-2452.959999999874,2023-06-27T09:33:00-04:00,0.0,6.349999999999994,-552.959999999897,2023-06-27T09:36:00-04:00,0.0,6.400000000000006,-652.9599999999198,2023-06-27T09:41:00-04:00,0.0,6.549999999999983,-952.9599999998743,2023-06-27T09:46:00-04:00,0.0,6.300000000000011,-452.9599999999311,2023-06-27T10:01:00-04:00,0.0,6.849999999999966,-1552.9599999998402,2023-06-27T10:31:00-04:00,0.0,6.200000000000017,-252.95999999994245,2023-06-27T11:31:00-04:00,0.0,4.799999999999983,2547.040000000126,2023-06-27T16:00:00-04:00,0.0,2.6500000000000057,6847.04000000008,2023-06-28T16:00:00-04:00,0.0,3.4000000000000057,5347.04000000008,2023-06-29T16:00:00-04:00,0.0,0.0,12147.040000000092,2023-06-30T16:00:00-04:00,0.0,178.0,hit,188.0,hit,288.0,hit,1508.0,hit,4320.0,hit,4320.0,hit,4330.0,hit,1.0,hit,2.0,hit,2.0,hit,,never_hit,,never_hit,,never_hit,7.949999999999989,122,True,False,False,False,,7.949999999999989,122,True,False,False,False,,7.949999999999989,122,True,False,False,False,,7.949999999999989,122,True,False,False,False,,1508.0,2023-06-28T10:39:00-04:00,2.8499999999999943,6447.040000000103,1513.0,2023-06-28T10:44:00-04:00,2.8500000000000014,6447.040000000089,1517.0,2023-06-28T10:48:00-04:00,2.9000000000000057,6347.04000000008,1509.0,2023-06-28T10:40:00-04:00,2.950000000000003,6247.040000000086,4320.0,2023-06-30T09:31:00-04:00,0.8500000000000014,10447.04000000009,4321.0,2023-06-30T09:32:00-04:00,0.6500000000000004,10847.040000000092,4322.0,2023-06-30T09:33:00-04:00,0.7000000000000002,10747.040000000092,4321.0,2023-06-30T09:32:00-04:00,0.6500000000000004,10847.040000000092,4320.0,2023-06-30T09:31:00-04:00,0.8500000000000014,10447.04000000009,4321.0,2023-06-30T09:32:00-04:00,0.6500000000000004,10847.040000000092,4322.0,2023-06-30T09:33:00-04:00,0.7000000000000002,10747.040000000092,4321.0,2023-06-30T09:32:00-04:00,0.6500000000000004,10847.040000000092,4334.0,2023-06-30T09:45:00-04:00,0.3999999999999999,11347.040000000092,4335.0,2023-06-30T09:46:00-04:00,0.3999999999999999,11347.040000000092,4336.0,2023-06-30T09:47:00-04:00,0.3500000000000001,11447.040000000092,4335.0,2023-06-30T09:46:00-04:00,0.3999999999999999,11347.040000000092,1132
2023-06-27,2023-06-30,3,7.0,2023-06-27T09:31:00-04:00,6.999999999999972,NDXP  230630P14990000,NDXP  230630P14980000,development,False,False,0,0,0,2,0,1602,available,False,2023-06-27T09:31:00-04:00,2023-06-30T15:59:00-04:00,0.0,13747.039999999944,1.0,last_observed_quote_not_settlement,1036.0,152,49,7.699999999999989,-1652.9600000000335,2023-06-27T09:32:00-04:00,0.0,7.7999999999999545,-1852.9599999999652,2023-06-27T09:33:00-04:00,0.0,7.150000000000006,-552.9600000000676,2023-06-27T09:36:00-04:00,0.0,7.450000000000017,-1152.9600000000903,2023-06-27T09:41:00-04:00,0.0,7.5,-1252.9600000000562,2023-06-27T09:46:00-04:00,0.0,7.599999999999994,-1452.9600000000448,2023-06-27T10:01:00-04:00,0.0,7.550000000000011,-1352.960000000079,2023-06-27T10:31:00-04:00,0.0,7.199999999999989,-652.9600000000335,2023-06-27T11:31:00-04:00,0.0,4.799999999999997,4147.03999999995,2023-06-27T16:00:00-04:00,0.0,4.549999999999997,4647.03999999995,2023-06-28T16:00:00-04:00,0.0,5.849999999999994,2047.0399999999554,2023-06-29T16:00:00-04:00,0.0,,,2023-06-30T15:59:00-04:00,60.0,231.0,hit,289.0,hit,1512.0,hit,4320.0,hit,4320.0,hit,4333.0,hit,4355.0,hit,1.0,hit,40.0,hit,1.0,hit,40.0,hit,96.0,hit,,never_hit,9.25,152,True,True,True,True,,9.25,152,True,True,True,True,,9.25,152,True,True,True,True,,9.25,152,True,True,True,True,,4320.0,2023-06-30T09:31:00-04:00,1.8000000000000025,10147.039999999939,4321.0,2023-06-30T09:32:00-04:00,1.450000000000001,10847.039999999943,4322.0,2023-06-30T09:33:00-04:00,1.700000000000001,10347.039999999943,4321.0,2023-06-30T09:32:00-04:00,1.450000000000001,10847.039999999943,4320.0,2023-06-30T09:31:00-04:00,1.8000000000000025,10147.039999999939,4321.0,2023-06-30T09:32:00-04:00,1.450000000000001,10847.039999999943,4322.0,2023-06-30T09:33:00-04:00,1.700000000000001,10347.039999999943,4321.0,2023-06-30T09:32:00-04:00,1.450000000000001,10847.039999999943,4335.0,2023-06-30T09:46:00-04:00,0.8499999999999996,12047.039999999946,4338.0,2023-06-30T09:49:00-04:00,0.75,12247.039999999944,4339.0,2023-06-30T09:50:00-04:00,0.5999999999999996,12547.039999999946,4336.0,2023-06-30T09:47:00-04:00,1.0,11747.039999999944,4358.0,2023-06-30T10:09:00-04:00,0.4499999999999993,12847.039999999946,4365.0,2023-06-30T10:16:00-04:00,0.375,12997.039999999944,4366.0,2023-06-30T10:17:00-04:00,0.2999999999999998,13147.039999999944,4359.0,2023-06-30T10:10:00-04:00,0.5,12747.039999999944,1133
2023-06-28,2023-06-30,2,5.0,2023-06-28T09:31:00-04:00,5.0,NDXP  230630P15790000,NDXP  230630P15780000,development,False,False,0,0,0,258,0,941,available,False,2023-06-28T09:31:00-04:00,2023-06-30T15:59:00-04:00,10.0,-10152.96,1.0,last_observed_quote_not_settlement,1037.0,763,5,9.899999999999977,-10052.959999999955,2023-06-28T09:32:00-04:00,0.0,,,2023-06-28T09:32:00-04:00,60.0,,,2023-06-28T09:35:00-04:00,60.0,9.75,-9752.960000000001,2023-06-28T09:41:00-04:00,0.0,,,2023-06-28T09:43:00-04:00,180.0,9.200000000000045,-8652.960000000092,2023-06-28T10:01:00-04:00,0.0,9.600000000000023,-9452.960000000046,2023-06-28T10:31:00-04:00,0.0,,,2023-06-28T11:30:00-04:00,60.0,7.499999999999886,-5252.959999999772,2023-06-28T16:00:00-04:00,0.0,10.0,-10152.96,2023-06-29T16:00:00-04:00,0.0,,,2023-06-30T15:59:00-04:00,60.0,,,,,0.0,hit,0.0,hit,54.0,hit,54.0,hit,54.0,hit,,never_hit,,never_hit,1.0,hit,1.0,hit,1.0,hit,1.0,hit,1.0,hit,1.0,hit,10.0,17,True,True,True,True,,10.0,17,True,True,True,True,,,,True,True,True,False,3.449999999999932,,,True,True,True,False,3.449999999999932,54.0,2023-06-28T10:25:00-04:00,1.5500000000000682,6647.039999999864,,,,,,,,,,,,,54.0,2023-06-28T10:25:00-04:00,1.5500000000000682,6647.039999999864,,,,,,,,,,,,,,,,,,,,,,,,,,,,,,,,,,,,,,,,,,,,,1134
2023-06-28,2023-06-30,2,6.0,2023-06-28T09:31:00-04:00,5.950000000000003,NDXP  230630P14960000,NDXP  230630P14950000,development,False,False,0,0,1,13,0,1186,available,False,2023-06-28T09:31:00-04:00,2023-06-30T15:59:00-04:00,0.0,11647.040000000008,1.0,last_observed_quote_not_settlement,1036.0,62,40,5.75,147.0400000000064,2023-06-28T09:32:00-04:00,0.0,6.0,-352.9599999999936,2023-06-28T09:33:00-04:00,0.0,5.6000000000000085,447.03999999998933,2023-06-28T09:36:00-04:00,0.0,5.299999999999983,1047.0400000000404,2023-06-28T09:41:00-04:00,0.0,5.6000000000000085,447.03999999998933,2023-06-28T09:46:00-04:00,0.0,5.400000000000006,847.039999999995,2023-06-28T10:01:00-04:00,0.0,4.300000000000011,3047.0399999999836,2023-06-28T10:31:00-04:00,0.0,4.25,3147.0400000000063,2023-06-28T11:31:00-04:00,0.0,4.0,3647.0400000000063,2023-06-28T16:00:00-04:00,0.0,4.849999999999994,1947.0400000000177,2023-06-29T16:00:00-04:00,0.0,,,2023-06-30T15:59:00-04:00,60.0,,,,,8.0,hit,28.0,hit,63.0,hit,2880.0,hit,2880.0,hit,2886.0,hit,2895.0,hit,114.0,hit,114.0,hit,114.0,hit,,never_hit,,never_hit,,never_hit,7.650000000000006,62,True,False,False,False,,7.650000000000006,62,True,False,False,False,,7.650000000000006,62,True,False,False,False,,7.650000000000006,62,True,False,False,False,,2880.0,2023-06-30T09:31:00-04:00,1.1500000000000004,9347.040000000006,2881.0,2023-06-30T09:32:00-04:00,1.049999999999999,9547.04000000001,2882.0,2023-06-30T09:33:00-04:00,1.1500000000000004,9347.040000000006,2881.0,2023-06-30T09:32:00-04:00,1.049999999999999,9547.04000000001,2880.0,2023-06-30T09:31:00-04:00,1.1500000000000004,9347.040000000006,2881.0,2023-06-30T09:32:00-04:00,1.049999999999999,9547.04000000001,2882.0,2023-06-30T09:33:00-04:00,1.1500000000000004,9347.040000000006,2881.0,2023-06-30T09:32:00-04:00,1.049999999999999,9547.04000000001,2886.0,2023-06-30T09:37:00-04:00,0.75,10147.040000000008,2890.0,2023-06-30T09:41:00-04:00,0.7999999999999998,10047.040000000008,2891.0,2023-06-30T09:42:00-04:00,0.7000000000000011,10247.040000000005,2887.0,2023-06-30T09:38:00-04:00,1.1500000000000004,9347.040000000006,2895.0,2023-06-30T09:46:00-04:00,0.34999999999999964,10947.040000000008,2909.0,2023-06-30T10:00:00-04:00,0.37499999999999956,10897.040000000008,2910.0,2023-06-30T10:01:00-04:00,0.40000000000000036,10847.040000000006,2896.0,2023-06-30T09:47:00-04:00,0.6500000000000004,10347.040000000006,1135
2023-06-28,2023-06-30,2,7.0,2023-06-28T09:31:00-04:00,6.999999999999972,NDXP  230630P14980000,NDXP  230630P14970000,development,False,False,0,0,1,43,0,1156,available,False,2023-06-28T09:31:00-04:00,2023-06-30T15:59:00-04:00,0.0,13747.039999999944,1.0,last_observed_quote_not_settlement,1036.0,5,10,6.400000000000006,947.0399999999324,2023-06-28T09:32:00-04:00,0.0,5.850000000000023,2047.0399999998986,2023-06-28T09:33:00-04:00,0.0,6.850000000000023,47.03999999989839,2023-06-28T09:36:00-04:00,0.0,5.549999999999997,2647.0399999999495,2023-06-28T09:41:00-04:00,0.0,7.199999999999989,-652.9600000000335,2023-06-28T09:46:00-04:00,0.0,5.950000000000003,1847.0399999999381,2023-06-28T10:01:00-04:00,0.0,4.799999999999997,4147.03999999995,2023-06-28T10:31:00-04:00,0.0,4.600000000000023,4547.039999999898,2023-06-28T11:31:00-04:00,0.0,4.900000000000006,3947.0399999999327,2023-06-28T16:00:00-04:00,0.0,4.950000000000003,3847.039999999938,2023-06-29T16:00:00-04:00,0.0,,,2023-06-30T15:59:00-04:00,60.0,,,,,11.0,hit,50.0,hit,68.0,hit,2880.0,hit,2880.0,hit,2894.0,hit,2901.0,hit,,never_hit,,never_hit,4.0,hit,,never_hit,,never_hit,,never_hit,7.300000000000011,5,True,False,False,False,,7.300000000000011,5,True,False,False,False,,7.300000000000011,5,True,False,False,False,,7.300000000000011,5,True,False,False,False,,2880.0,2023-06-30T09:31:00-04:00,1.6999999999999993,10347.039999999946,2881.0,2023-06-30T09:32:00-04:00,1.3499999999999979,11047.039999999948,2882.0,2023-06-30T09:33:00-04:00,1.2499999999999982,11247.039999999948,2881.0,2023-06-30T09:32:00-04:00,1.3499999999999979,11047.039999999948,2880.0,2023-06-30T09:31:00-04:00,1.6999999999999993,10347.039999999946,2881.0,2023-06-30T09:32:00-04:00,1.3499999999999979,11047.039999999948,2882.0,2023-06-30T09:33:00-04:00,1.2499999999999982,11247.039999999948,2881.0,2023-06-30T09:32:00-04:00,1.3499999999999979,11047.039999999948,2894.0,2023-06-30T09:45:00-04:00,0.9000000000000004,11947.039999999944,2895.0,2023-06-30T09:46:00-04:00,0.75,12247.039999999944,2896.0,2023-06-30T09:47:00-04:00,0.9000000000000004,11947.039999999944,2895.0,2023-06-30T09:46:00-04:00,0.75,12247.039999999944,2915.0,2023-06-30T10:06:00-04:00,0.30000000000000027,13147.039999999943,2916.0,2023-06-30T10:07:00-04:00,0.3499999999999992,13047.039999999946,2917.0,2023-06-30T10:08:00-04:00,0.34999999999999964,13047.039999999946,2916.0,2023-06-30T10:07:00-04:00,0.3499999999999992,13047.039999999946,1136
2023-06-30,2023-07-03,3,5.0,2023-06-30T09:31:00-04:00,4.900000000000006,NDXP  230703P15080000,NDXP  230703P15070000,development,False,False,0,0,0,2,0,627,available,False,2023-06-30T09:31:00-04:00,2023-07-03T13:14:00-04:00,0.0,9547.040000000014,166.0,last_observed_quote_not_settlement,3916.0,1,2,4.250000000000007,1047.039999999998,2023-06-30T09:32:00-04:00,0.0,3.799999999999997,1947.0400000000177,2023-06-30T09:33:00-04:00,0.0,4.549999999999997,447.04000000001776,2023-06-30T09:36:00-04:00,0.0,4.5,547.040000000012,2023-06-30T09:41:00-04:00,0.0,3.250000000000007,3047.0399999999977,2023-06-30T09:46:00-04:00,0.0,3.1000000000000014,3347.040000000009,2023-06-30T10:01:00-04:00,0.0,2.200000000000003,5147.040000000006,2023-06-30T10:31:00-04:00,0.0,2.950000000000003,3647.0400000000063,2023-06-30T11:31:00-04:00,0.0,2.1000000000000014,5347.040000000009,2023-06-30T16:00:00-04:00,0.0,,,2023-06-30T16:15:00-04:00,85500.0,,,2023-06-30T16:15:00-04:00,171900.0,,,2023-07-03T13:14:00-04:00,9960.0,0.0,hit,0.0,hit,2.0,hit,29.0,hit,29.0,hit,4320.0,hit,4330.0,hit,379.0,hit,,never_hit,,never_hit,,never_hit,,never_hit,,never_hit,4.900000000000006,0,False,False,False,False,,4.900000000000006,0,False,False,False,False,,5.449999999999999,1,False,False,False,False,,5.449999999999999,1,False,False,False,False,,29.0,2023-06-30T10:00:00-04:00,1.1999999999999957,7147.040000000021,36.0,2023-06-30T10:07:00-04:00,2.8000000000000043,3947.0400000000036,37.0,2023-06-30T10:08:00-04:00,2.9499999999999957,3647.0400000000204,30.0,2023-06-30T10:01:00-04:00,3.1000000000000014,3347.040000000009,29.0,2023-06-30T10:00:00-04:00,1.1999999999999957,7147.040000000021,209.0,2023-06-30T13:00:00-04:00,1.8999999999999986,5747.0400000000145,222.0,2023-06-30T13:13:00-04:00,1.7999999999999972,5947.040000000018,30.0,2023-06-30T10:01:00-04:00,3.1000000000000014,3347.040000000009,4320.0,2023-07-03T09:31:00-04:00,0.8000000000000007,7947.040000000011,4321.0,2023-07-03T09:32:00-04:00,0.5500000000000003,8447.040000000012,4322.0,2023-07-03T09:33:00-04:00,0.5499999999999998,8447.040000000014,4321.0,2023-07-03T09:32:00-04:00,0.5500000000000003,8447.040000000012,4331.0,2023-07-03T09:42:00-04:00,0.37500000000000044,8797.040000000012,4332.0,2023-07-03T09:43:00-04:00,0.375,8797.040000000014,4333.0,2023-07-03T09:44:00-04:00,0.3250000000000002,8897.040000000012,4332.0,2023-07-03T09:43:00-04:00,0.375,8797.040000000014,1137
2023-06-30,2023-07-03,3,6.0,2023-06-30T09:31:00-04:00,5.999999999999986,NDXP  230703P15140000,NDXP  230703P15130000,development,False,False,0,0,0,1,0,628,available,False,2023-06-30T09:31:00-04:00,2023-07-03T13:14:00-04:00,0.0,11747.039999999974,166.0,last_observed_quote_not_settlement,3916.0,0,0,5.549999999999997,647.0399999999779,2023-06-30T09:32:00-04:00,0.0,5.950000000000017,-152.96000000006183,2023-06-30T09:33:00-04:00,0.0,5.150000000000006,1447.0399999999609,2023-06-30T09:36:00-04:00,0.0,5.5,747.0399999999722,2023-06-30T09:41:00-04:00,0.0,4.549999999999997,2647.039999999978,2023-06-30T09:46:00-04:00,0.0,4.649999999999999,2447.039999999975,2023-06-30T10:01:00-04:00,0.0,3.549999999999997,4647.039999999978,2023-06-30T10:31:00-04:00,0.0,4.549999999999997,2647.039999999978,2023-06-30T11:31:00-04:00,0.0,4.399999999999999,2947.039999999975,2023-06-30T16:00:00-04:00,0.0,,,2023-06-30T16:15:00-04:00,85500.0,,,2023-06-30T16:15:00-04:00,171900.0,,,2023-07-03T13:14:00-04:00,9960.0,4.0,hit,14.0,hit,29.0,hit,251.0,hit,4321.0,hit,4340.0,hit,4349.0,hit,,never_hit,,never_hit,,never_hit,,never_hit,,never_hit,,never_hit,5.999999999999986,0,False,False,False,False,,5.999999999999986,0,False,False,False,False,,5.999999999999986,0,False,False,False,False,,5.999999999999986,0,False,False,False,False,,366.0,2023-06-30T15:37:00-04:00,2.8999999999999986,5947.039999999975,4321.0,2023-07-03T09:32:00-04:00,1.9000000000000004,7947.039999999972,4322.0,2023-07-03T09:33:00-04:00,1.9000000000000021,7947.039999999968,367.0,2023-06-30T15:38:00-04:00,2.950000000000003,5847.039999999966,4321.0,2023-07-03T09:32:00-04:00,1.9000000000000004,7947.039999999972,4322.0,2023-07-03T09:33:00-04:00,1.9000000000000021,7947.039999999968,4332.0,2023-07-03T09:43:00-04:00,1.6500000000000004,8447.039999999972,4322.0,2023-07-03T09:33:00-04:00,1.9000000000000021,7947.039999999968,4340.0,2023-07-03T09:51:00-04:00,0.9499999999999997,9847.039999999974,4341.0,2023-07-03T09:52:00-04:00,0.7999999999999989,10147.039999999975,4342.0,2023-07-03T09:53:00-04:00,0.8500000000000005,10047.039999999972,4341.0,2023-07-03T09:52:00-04:00,0.7999999999999989,10147.039999999975,4349.0,2023-07-03T10:00:00-04:00,0.0,11747.039999999974,4488.0,2023-07-03T12:19:00-04:00,0.34999999999999987,11047.039999999974,4492.0,2023-07-03T12:23:00-04:00,0.2749999999999999,11197.039999999972,4350.0,2023-07-03T10:01:00-04:00,1.1000000000000005,9547.039999999972,1138
2023-06-30,2023-07-03,3,7.0,2023-06-30T09:31:00-04:00,6.850000000000023,NDXP  230703P15610000,NDXP  230703P15600000,development,False,False,0,0,0,204,0,425,available,False,2023-06-30T09:31:00-04:00,2023-07-03T13:14:00-04:00,10.0,-6452.959999999955,166.0,last_observed_quote_not_settlement,3916.0,297,6,,,2023-06-30T09:31:00-04:00,60.0,,,2023-06-30T09:31:00-04:00,120.0,9.650000000000034,-5852.960000000024,2023-06-30T09:36:00-04:00,0.0,10.0,-6452.959999999955,2023-06-30T09:41:00-04:00,0.0,,,2023-06-30T09:44:00-04:00,120.0,8.950000000000045,-4452.960000000046,2023-06-30T10:01:00-04:00,0.0,,,2023-06-30T10:30:00-04:00,60.0,9.949999999999932,-6452.959999999819,2023-06-30T11:31:00-04:00,0.0,9.850000000000023,-6252.960000000001,2023-06-30T16:00:00-04:00,0.0,,,2023-06-30T16:15:00-04:00,85500.0,,,2023-06-30T16:15:00-04:00,171900.0,,,2023-07-03T13:14:00-04:00,9960.0,11.0,hit,11.0,hit,,never_hit,,never_hit,,never_hit,,never_hit,,never_hit,3.0,hit,3.0,hit,3.0,hit,3.0,hit,3.0,hit,3.0,hit,,,True,True,True,False,2.5,,,True,True,True,False,2.5,,,True,True,True,False,2.5,,,True,True,True,False,2.5,,,,,,,,,,,,,,,,,,,,,,,,,,,,,,,,,,,,,,,,,,,,,,,,,,,,,,,,,,,,,,,,,1139
2023-07-03,2023-07-05,2,5.0,2023-07-03T09:31:00-04:00,5.0,NDXP  230705P15210000,NDXP  230705P15200000,development,False,False,0,0,0,0,15,614,available,False,2023-07-03T09:31:00-04:00,2023-07-05T16:00:00-04:00,3.35,3047.0400000000004,0.0,last_observed_quote_not_settlement,2657.0,245,34,4.449999999999989,847.0400000000234,2023-07-03T09:32:00-04:00,0.0,4.849999999999994,47.04000000001208,2023-07-03T09:33:00-04:00,0.0,5.1499999999999915,-552.9599999999823,2023-07-03T09:36:00-04:00,0.0,4.900000000000006,-52.96000000001066,2023-07-03T09:41:00-04:00,0.0,4.650000000000006,447.03999999998933,2023-07-03T09:46:00-04:00,0.0,4.5,747.0400000000006,2023-07-03T10:01:00-04:00,0.0,5.200000000000017,-652.9600000000335,2023-07-03T10:31:00-04:00,0.0,5.900000000000006,-2052.9600000000105,2023-07-03T11:31:00-04:00,0.0,,,2023-07-03T13:14:00-04:00,9960.0,,,2023-07-03T13:14:00-04:00,96360.0,3.35,3047.0400000000004,2023-07-05T16:00:00-04:00,0.0,,,,,0.0,hit,0.0,hit,2890.0,hit,2892.0,hit,2892.0,hit,3239.0,hit,3260.0,hit,7.0,hit,29.0,hit,95.0,hit,,never_hit,,never_hit,,never_hit,7.25,182,True,False,False,False,,7.25,182,True,False,False,False,,7.399999999999999,245,True,False,False,False,,7.399999999999999,245,True,False,False,False,,2892.0,2023-07-05T09:43:00-04:00,1.5500000000000043,6647.039999999992,2927.0,2023-07-05T10:18:00-04:00,2.6999999999999993,4347.040000000002,2928.0,2023-07-05T10:19:00-04:00,2.8000000000000043,4147.039999999992,2893.0,2023-07-05T09:44:00-04:00,4.149999999999999,1447.0400000000036,2892.0,2023-07-05T09:43:00-04:00,1.5500000000000043,6647.039999999992,3230.0,2023-07-05T15:21:00-04:00,1.5749999999999997,6597.04,3231.0,2023-07-05T15:22:00-04:00,1.5250000000000004,6697.04,2893.0,2023-07-05T09:44:00-04:00,4.149999999999999,1447.0400000000036,3239.0,2023-07-05T15:30:00-04:00,0.7000000000000002,8347.04,3240.0,2023-07-05T15:31:00-04:00,0.8999999999999999,7947.04,3261.0,2023-07-05T15:52:00-04:00,0.85,8047.04,3240.0,2023-07-05T15:31:00-04:00,0.8999999999999999,7947.04,3260.0,2023-07-05T15:51:00-04:00,0.32499999999999996,9097.04,,,,,,,,,3261.0,2023-07-05T15:52:00-04:00,0.85,8047.04,1140
2023-07-03,2023-07-05,2,6.0,2023-07-03T09:31:00-04:00,6.0,NDXP  230705P15240000,NDXP  230705P15230000,development,False,False,0,0,0,0,15,614,available,False,2023-07-03T09:31:00-04:00,2023-07-05T16:00:00-04:00,10.0,-8152.96,0.0,last_observed_quote_not_settlement,2657.0,391,64,6.1000000000000085,-452.96000000001635,2023-07-03T09:32:00-04:00,0.0,5.200000000000003,1347.039999999995,2023-07-03T09:33:00-04:00,0.0,6.0,-252.9599999999993,2023-07-03T09:36:00-04:00,0.0,5.599999999999994,547.040000000012,2023-07-03T09:41:00-04:00,0.0,5.799999999999997,147.0400000000064,2023-07-03T09:46:00-04:00,0.0,5.25,1247.0400000000006,2023-07-03T10:01:00-04:00,0.0,5.8999999999999915,-52.95999999998224,2023-07-03T10:31:00-04:00,0.0,6.799999999999997,-1852.9599999999937,2023-07-03T11:31:00-04:00,0.0,,,2023-07-03T13:14:00-04:00,9960.0,,,2023-07-03T13:14:00-04:00,96360.0,10.0,-8152.96,2023-07-05T16:00:00-04:00,0.0,,,,,2.0,hit,21.0,hit,2925.0,hit,2948.0,hit,,never_hit,,never_hit,,never_hit,52.0,hit,52.0,hit,52.0,hit,3165.0,hit,3172.0,hit,3264.0,hit,7.950000000000017,166,True,False,False,False,,,,True,True,True,False,3.0,,,True,True,True,False,3.0,,,True,True,True,False,3.0,,,,,,,,,,,,,,,,,,,,,,,,,,,,,,,,,,,,,,,,,,,,,,,,,,,,,,,,,,,,,,,,,1141
2023-07-03,2023-07-05,2,7.0,2023-07-03T09:31:00-04:00,6.900000000000006,NDXP  230705P15260000,NDXP  230705P15250000,development,False,False,0,0,0,6,15,608,available,False,2023-07-03T09:31:00-04:00,2023-07-05T16:00:00-04:00,10.0,-6352.959999999988,0.0,last_observed_quote_not_settlement,2657.0,408,82,7.6000000000000085,-1652.960000000005,2023-07-03T09:32:00-04:00,0.0,8.400000000000006,-3252.960000000001,2023-07-03T09:33:00-04:00,0.0,6.349999999999994,847.0400000000234,2023-07-03T09:36:00-04:00,0.0,6.200000000000003,1147.0400000000063,2023-07-03T09:41:00-04:00,0.0,6.049999999999997,1447.0400000000177,2023-07-03T09:46:00-04:00,0.0,5.75,2047.0400000000122,2023-07-03T10:01:00-04:00,0.0,7.1499999999999915,-752.9599999999709,2023-07-03T10:31:00-04:00,0.0,7.099999999999994,-652.9599999999766,2023-07-03T11:31:00-04:00,0.0,,,2023-07-03T13:14:00-04:00,9960.0,,,2023-07-03T13:14:00-04:00,96360.0,10.0,-6352.959999999988,2023-07-05T16:00:00-04:00,0.0,,,,,21.0,hit,2927.0,hit,2946.0,hit,,never_hit,,never_hit,,never_hit,,never_hit,1.0,hit,2.0,hit,1.0,hit,2.0,hit,3168.0,hit,3170.0,hit,,,True,True,True,False,3.000000000000007,,,True,True,True,False,3.000000000000007,,,True,True,True,False,3.000000000000007,,,True,True,True,False,3.000000000000007,,,,,,,,,,,,,,,,,,,,,,,,,,,,,,,,,,,,,,,,,,,,,,,,,,,,,,,,,,,,,,,,,1142
2023-07-03,2023-07-06,3,5.0,2023-07-03T09:31:00-04:00,6.550000000000011,NDXP  230706P15310000,NDXP  230706P15300000,development,False,False,0,0,0,76,0,943,available,False,2023-07-03T09:31:00-04:00,2023-07-06T16:00:00-04:00,10.0,-7052.959999999977,0.0,last_observed_quote_not_settlement,2657.0,787,54,7.599999999999966,-2352.959999999908,2023-07-03T09:32:00-04:00,0.0,7.600000000000023,-2352.960000000022,2023-07-03T09:33:00-04:00,0.0,6.650000000000006,-452.95999999998793,2023-07-03T09:36:00-04:00,0.0,7.049999999999983,-1252.9599999999425,2023-07-03T09:41:00-04:00,0.0,6.400000000000006,47.04000000001208,2023-07-03T09:46:00-04:00,0.0,6.599999999999994,-352.9599999999652,2023-07-03T10:01:00-04:00,0.0,7.5,-2152.9599999999764,2023-07-03T10:31:00-04:00,0.0,8.099999999999994,-3352.959999999967,2023-07-03T11:31:00-04:00,0.0,,,2023-07-03T13:14:00-04:00,9960.0,,,2023-07-03T13:14:00-04:00,96360.0,7.450000000000017,-2052.9600000000105,2023-07-05T16:00:00-04:00,0.0,10.0,-7052.959999999977,2023-07-06T16:00:00-04:00,0.0,2927.0,hit,,never_hit,,never_hit,,never_hit,,never_hit,,never_hit,,never_hit,1.0,hit,1.0,hit,1.0,hit,62.0,hit,79.0,hit,4322.0,hit,,,True,True,True,False,1.15000000000002,,,True,True,True,False,1.15000000000002,,,True,True,True,False,1.15000000000002,,,True,True,True,False,1.15000000000002,,,,,,,,,,,,,,,,,,,,,,,,,,,,,,,,,,,,,,,,,,,,,,,,,,,,,,,,,,,,,,,,,1143
2023-07-03,2023-07-06,3,6.0,2023-07-03T09:31:00-04:00,6.550000000000011,NDXP  230706P15310000,NDXP  230706P15300000,development,False,False,0,0,0,76,0,943,available,False,2023-07-03T09:31:00-04:00,2023-07-06T16:00:00-04:00,10.0,-7052.959999999977,0.0,last_observed_quote_not_settlement,2657.0,787,54,7.599999999999966,-2352.959999999908,2023-07-03T09:32:00-04:00,0.0,7.600000000000023,-2352.960000000022,2023-07-03T09:33:00-04:00,0.0,6.650000000000006,-452.95999999998793,2023-07-03T09:36:00-04:00,0.0,7.049999999999983,-1252.9599999999425,2023-07-03T09:41:00-04:00,0.0,6.400000000000006,47.04000000001208,2023-07-03T09:46:00-04:00,0.0,6.599999999999994,-352.9599999999652,2023-07-03T10:01:00-04:00,0.0,7.5,-2152.9599999999764,2023-07-03T10:31:00-04:00,0.0,8.099999999999994,-3352.959999999967,2023-07-03T11:31:00-04:00,0.0,,,2023-07-03T13:14:00-04:00,9960.0,,,2023-07-03T13:14:00-04:00,96360.0,7.450000000000017,-2052.9600000000105,2023-07-05T16:00:00-04:00,0.0,10.0,-7052.959999999977,2023-07-06T16:00:00-04:00,0.0,2927.0,hit,,never_hit,,never_hit,,never_hit,,never_hit,,never_hit,,never_hit,1.0,hit,1.0,hit,1.0,hit,62.0,hit,79.0,hit,4322.0,hit,,,True,True,True,False,1.15000000000002,,,True,True,True,False,1.15000000000002,,,True,True,True,False,1.15000000000002,,,True,True,True,False,1.15000000000002,,,,,,,,,,,,,,,,,,,,,,,,,,,,,,,,,,,,,,,,,,,,,,,,,,,,,,,,,,,,,,,,,1144
2023-07-03,2023-07-06,3,7.0,2023-07-03T09:31:00-04:00,7.0,NDXP  230706P15350000,NDXP  230706P15340000,development,False,False,0,0,0,106,0,913,available,False,2023-07-03T09:31:00-04:00,2023-07-06T16:00:00-04:00,9.700000000000045,-5652.960000000092,0.0,last_observed_quote_not_settlement,2657.0,782,40,7.050000000000011,-352.96000000002203,2023-07-03T09:32:00-04:00,0.0,7.5,-1252.9599999999994,2023-07-03T09:33:00-04:00,0.0,7.599999999999994,-1452.959999999988,2023-07-03T09:36:00-04:00,0.0,6.449999999999989,847.0400000000234,2023-07-03T09:41:00-04:00,0.0,7.249999999999972,-752.9599999999425,2023-07-03T09:46:00-04:00,0.0,7.299999999999983,-852.9599999999652,2023-07-03T10:01:00-04:00,0.0,7.599999999999966,-1452.9599999999311,2023-07-03T10:31:00-04:00,0.0,7.900000000000006,-2052.9600000000105,2023-07-03T11:31:00-04:00,0.0,,,2023-07-03T13:14:00-04:00,9960.0,,,2023-07-03T13:14:00-04:00,96360.0,8.299999999999983,-2852.959999999967,2023-07-05T16:00:00-04:00,0.0,9.700000000000045,-5652.960000000092,2023-07-06T16:00:00-04:00,0.0,,never_hit,,never_hit,,never_hit,,never_hit,,never_hit,,never_hit,,never_hit,2.0,hit,26.0,hit,0.0,hit,26.0,hit,3175.0,hit,3278.0,hit,,,True,True,True,False,0.9000000000000057,,,True,True,True,False,0.9000000000000057,,,True,True,True,False,0.9000000000000057,,,True,True,True,False,0.9000000000000057,,,,,,,,,,,,,,,,,,,,,,,,,,,,,,,,,,,,,,,,,,,,,,,,,,,,,,,,,,,,,,,,,1145
2023-07-05,2023-07-07,2,5.0,2023-07-05T09:31:00-04:00,5.150000000000006,NDXP  230707P15160000,NDXP  230707P15150000,development,False,False,0,0,0,14,0,1185,available,False,2023-07-05T09:31:00-04:00,2023-07-07T15:53:00-04:00,9.75,-9452.959999999988,7.0,last_observed_quote_not_settlement,1036.0,618,16,4.549999999999997,947.0400000000177,2023-07-05T09:32:00-04:00,0.0,4.0,2047.0400000000122,2023-07-05T09:33:00-04:00,0.0,4.099999999999994,1847.0400000000234,2023-07-05T09:36:00-04:00,0.0,3.549999999999997,2947.0400000000177,2023-07-05T09:41:00-04:00,0.0,3.4499999999999957,3147.0400000000204,2023-07-05T09:46:00-04:00,0.0,3.4499999999999957,3147.0400000000204,2023-07-05T10:01:00-04:00,0.0,2.9499999999999957,4147.040000000021,2023-07-05T10:31:00-04:00,0.0,3.6999999999999957,2647.0400000000204,2023-07-05T11:31:00-04:00,0.0,3.75,2547.0400000000122,2023-07-05T16:00:00-04:00,0.0,7.849999999999994,-5652.959999999976,2023-07-06T16:00:00-04:00,0.0,,,2023-07-07T15:53:00-04:00,420.0,,,,,0.0,hit,1.0,hit,2.0,hit,29.0,hit,29.0,hit,,never_hit,,never_hit,1440.0,hit,1440.0,hit,1440.0,hit,1465.0,hit,1484.0,hit,1484.0,hit,5.150000000000006,0,False,False,False,False,,5.150000000000006,0,False,False,False,False,,,,True,True,True,False,4.125000000000006,,,True,True,True,False,4.125000000000006,29.0,2023-07-05T10:00:00-04:00,1.1500000000000057,7747.040000000001,61.0,2023-07-05T10:32:00-04:00,2.8500000000000014,4347.040000000009,66.0,2023-07-05T10:37:00-04:00,2.700000000000003,4647.040000000006,30.0,2023-07-05T10:01:00-04:00,3.4499999999999957,3147.0400000000204,29.0,2023-07-05T10:00:00-04:00,1.1500000000000057,7747.040000000001,3103.0,2023-07-07T13:14:00-04:00,1.7999999999999998,6447.040000000013,3104.0,2023-07-07T13:15:00-04:00,1.700000000000001,6647.04000000001,30.0,2023-07-05T10:01:00-04:00,3.4499999999999957,3147.0400000000204,,,,,,,,,,,,,,,,,,,,,,,,,,,,,,,,,1146
2023-07-05,2023-07-07,2,6.0,2023-07-05T09:31:00-04:00,6.199999999999989,NDXP  230707P15220000,NDXP  230707P15210000,development,False,False,0,0,0,28,0,1171,available,False,2023-07-05T09:31:00-04:00,2023-07-07T15:59:00-04:00,10.0,-7752.960000000023,1.0,last_observed_quote_not_settlement,1036.0,734,16,5.199999999999989,1747.0400000000006,2023-07-05T09:32:00-04:00,0.0,5.8500000000000085,447.0399999999609,2023-07-05T09:33:00-04:00,0.0,5.400000000000006,1347.0399999999665,2023-07-05T09:36:00-04:00,0.0,5.049999999999997,2047.0399999999836,2023-07-05T09:41:00-04:00,0.0,4.449999999999989,3247.040000000001,2023-07-05T09:46:00-04:00,0.0,4.5,3147.039999999978,2023-07-05T10:01:00-04:00,0.0,4.049999999999997,4047.0399999999836,2023-07-05T10:31:00-04:00,0.0,4.799999999999997,2547.0399999999836,2023-07-05T11:31:00-04:00,0.0,4.349999999999994,3447.0399999999895,2023-07-05T16:00:00-04:00,0.0,8.449999999999989,-4752.960000000001,2023-07-06T16:00:00-04:00,0.0,,,2023-07-07T15:59:00-04:00,60.0,,,,,1.0,hit,3.0,hit,56.0,hit,,never_hit,,never_hit,,never_hit,,never_hit,329.0,hit,329.0,hit,329.0,hit,1441.0,hit,1473.0,hit,1484.0,hit,,,True,True,True,False,2.5999999999999943,,,True,True,True,False,2.5999999999999943,,,True,True,True,False,2.5999999999999943,,,True,True,True,False,2.5999999999999943,,,,,,,,,,,,,,,,,,,,,,,,,,,,,,,,,,,,,,,,,,,,,,,,,,,,,,,,,,,,,,,,,1147
2023-07-05,2023-07-07,2,7.0,2023-07-05T09:31:00-04:00,6.999999999999972,NDXP  230707P15300000,NDXP  230707P15290000,development,False,False,0,0,0,46,0,1153,available,False,2023-07-05T09:31:00-04:00,2023-07-07T15:58:00-04:00,9.449999999999989,-5152.9600000000355,2.0,last_observed_quote_not_settlement,1036.0,716,10,6.699999999999989,347.0399999999666,2023-07-05T09:32:00-04:00,0.0,7.700000000000017,-1652.9600000000903,2023-07-05T09:33:00-04:00,0.0,5.949999999999989,1847.0399999999665,2023-07-05T09:36:00-04:00,0.0,6.400000000000034,947.0399999998756,2023-07-05T09:41:00-04:00,0.0,5.75,2247.039999999944,2023-07-05T09:46:00-04:00,0.0,6.599999999999994,547.0399999999552,2023-07-05T10:01:00-04:00,0.0,5.349999999999994,3047.0399999999554,2023-07-05T10:31:00-04:00,0.0,6.099999999999994,1547.0399999999552,2023-07-05T11:31:00-04:00,0.0,6.450000000000003,847.0399999999381,2023-07-05T16:00:00-04:00,0.0,8.5,-3252.960000000058,2023-07-06T16:00:00-04:00,0.0,,,2023-07-07T15:58:00-04:00,120.0,,,,,4.0,hit,13.0,hit,,never_hit,,never_hit,,never_hit,,never_hit,,never_hit,2.0,hit,1440.0,hit,2.0,hit,1440.0,hit,1440.0,hit,1440.0,hit,,,True,True,True,False,2.599999999999966,,,True,True,True,False,2.599999999999966,,,True,True,True,False,2.599999999999966,,,True,True,True,False,2.599999999999966,,,,,,,,,,,,,,,,,,,,,,,,,,,,,,,,,,,,,,,,,,,,,,,,,,,,,,,,,,,,,,,,,1148
2023-07-07,2023-07-10,3,5.0,2023-07-07T09:31:00-04:00,5.0,NDXP  230710P15070000,NDXP  230710P15060000,development,False,False,0,0,0,10,0,785,available,False,2023-07-07T09:31:00-04:00,2023-07-10T15:59:00-04:00,9.349999999999998,-8952.959999999995,1.0,last_observed_quote_not_settlement,3916.0,400,15,4.099999999999994,1547.040000000012,2023-07-07T09:32:00-04:00,0.0,4.499999999999986,747.0400000000291,2023-07-07T09:33:00-04:00,0.0,5.0,-252.9599999999993,2023-07-07T09:36:00-04:00,0.0,4.299999999999997,1147.0400000000063,2023-07-07T09:41:00-04:00,0.0,3.8999999999999986,1947.0400000000036,2023-07-07T09:46:00-04:00,0.0,3.25,3247.040000000001,2023-07-07T10:01:00-04:00,0.0,4.499999999999993,747.0400000000149,2023-07-07T10:31:00-04:00,0.0,3.700000000000003,2347.039999999995,2023-07-07T11:31:00-04:00,0.0,6.200000000000003,-2652.960000000005,2023-07-07T16:00:00-04:00,0.0,,,2023-07-07T16:15:00-04:00,85500.0,,,2023-07-07T16:15:00-04:00,171900.0,,,2023-07-10T15:59:00-04:00,60.0,0.0,hit,0.0,hit,15.0,hit,149.0,hit,196.0,hit,,never_hit,,never_hit,65.0,hit,387.0,hit,4336.0,hit,4340.0,hit,4436.0,hit,4469.0,hit,5.549999999999983,6,False,False,False,False,,5.549999999999983,6,False,False,False,False,,,,True,True,True,False,3.650000000000002,,,True,True,True,False,3.650000000000002,149.0,2023-07-07T12:00:00-04:00,2.9499999999999957,3847.040000000009,150.0,2023-07-07T12:01:00-04:00,2.8999999999999986,3947.0400000000036,151.0,2023-07-07T12:02:00-04:00,2.8999999999999986,3947.0400000000036,150.0,2023-07-07T12:01:00-04:00,2.8999999999999986,3947.0400000000036,204.0,2023-07-07T12:55:00-04:00,1.7999999999999972,6147.040000000006,211.0,2023-07-07T13:02:00-04:00,1.75,6247.040000000001,212.0,2023-07-07T13:03:00-04:00,1.4499999999999993,6847.040000000002,205.0,2023-07-07T12:56:00-04:00,2.150000000000002,5447.039999999996,,,,,,,,,,,,,,,,,,,,,,,,,,,,,,,,,1149
2023-07-07,2023-07-10,3,6.0,2023-07-07T09:31:00-04:00,6.1000000000000085,NDXP  230710P15120000,NDXP  230710P15110000,development,False,False,0,0,0,34,0,761,available,False,2023-07-07T09:31:00-04:00,2023-07-10T16:00:00-04:00,10.0,-7952.959999999983,0.0,last_observed_quote_not_settlement,3916.0,369,15,5.549999999999997,847.0400000000234,2023-07-07T09:32:00-04:00,0.0,5.299999999999997,1347.0400000000234,2023-07-07T09:33:00-04:00,0.0,6.0,-52.95999999998224,2023-07-07T09:36:00-04:00,0.0,5.700000000000003,547.040000000012,2023-07-07T09:41:00-04:00,0.0,5.450000000000003,1047.040000000012,2023-07-07T09:46:00-04:00,0.0,4.5,2947.0400000000177,2023-07-07T10:01:00-04:00,0.0,5.900000000000006,147.0400000000064,2023-07-07T10:31:00-04:00,0.0,5.050000000000011,1847.039999999995,2023-07-07T11:31:00-04:00,0.0,6.800000000000011,-1652.960000000005,2023-07-07T16:00:00-04:00,0.0,,,2023-07-07T16:15:00-04:00,85500.0,,,2023-07-07T16:15:00-04:00,171900.0,10.0,-7952.959999999983,2023-07-10T16:00:00-04:00,0.0,2.0,hit,9.0,hit,153.0,hit,186.0,hit,,never_hit,,never_hit,,never_hit,64.0,hit,65.0,hit,65.0,hit,4333.0,hit,4340.0,hit,4342.0,hit,7.200000000000017,11,True,False,False,False,,,,True,True,True,False,3.800000000000008,,,True,True,True,False,3.800000000000008,,,True,True,True,False,3.800000000000008,186.0,2023-07-07T12:37:00-04:00,2.9499999999999993,6047.040000000019,203.0,2023-07-07T12:54:00-04:00,2.8999999999999986,6147.040000000021,212.0,2023-07-07T13:03:00-04:00,2.6000000000000014,6747.0400000000145,187.0,2023-07-07T12:38:00-04:00,3.1499999999999986,5647.040000000021,,,,,,,,,,,,,,,,,,,,,,,,,,,,,,,,,,,,,,,,,,,,,,,,,1150
2023-07-07,2023-07-10,3,7.0,2023-07-07T09:31:00-04:00,6.900000000000006,NDXP  230710P15170000,NDXP  230710P15160000,development,False,False,0,0,0,50,0,745,available,False,2023-07-07T09:31:00-04:00,2023-07-10T16:00:00-04:00,9.999999999999986,-6352.959999999988,0.0,last_observed_quote_not_settlement,3916.0,357,15,6.700000000000017,147.03999999997797,2023-07-07T09:32:00-04:00,0.0,6.350000000000023,847.0399999999665,2023-07-07T09:33:00-04:00,0.0,7.5499999999999545,-1552.959999999897,2023-07-07T09:36:00-04:00,0.0,6.900000000000006,-252.9599999999993,2023-07-07T09:41:00-04:00,0.0,6.75,47.04000000001208,2023-07-07T09:46:00-04:00,0.0,5.949999999999989,1647.0400000000348,2023-07-07T10:01:00-04:00,0.0,7.1499999999999915,-752.9599999999709,2023-07-07T10:31:00-04:00,0.0,6.25,1047.040000000012,2023-07-07T11:31:00-04:00,0.0,8.149999999999977,-2752.959999999944,2023-07-07T16:00:00-04:00,0.0,,,2023-07-07T16:15:00-04:00,85500.0,,,2023-07-07T16:15:00-04:00,171900.0,9.999999999999986,-6352.959999999988,2023-07-10T16:00:00-04:00,0.0,11.0,hit,153.0,hit,212.0,hit,,never_hit,,never_hit,,never_hit,,never_hit,4.0,hit,378.0,hit,4.0,hit,378.0,hit,4333.0,hit,4335.0,hit,,,True,True,True,False,3.3000000000000114,,,True,True,True,False,3.3000000000000114,,,True,True,True,False,3.3000000000000114,,,True,True,True,False,3.3000000000000114,,,,,,,,,,,,,,,,,,,,,,,,,,,,,,,,,,,,,,,,,,,,,,,,,,,,,,,,,,,,,,,,,1151
2023-07-10,2023-07-12,2,5.0,2023-07-10T09:31:00-04:00,4.900000000000006,NDXP  230712P15050000,NDXP  230712P15040000,development,False,False,0,0,16,17,0,1182,available,False,2023-07-10T09:31:00-04:00,2023-07-12T15:51:00-04:00,0.0,9547.040000000014,9.0,last_observed_quote_not_settlement,1036.0,452,60,4.5,547.040000000012,2023-07-10T09:32:00-04:00,0.0,4.599999999999994,347.04000000002344,2023-07-10T09:33:00-04:00,0.0,4.800000000000011,-52.96000000001066,2023-07-10T09:36:00-04:00,0.0,4.800000000000011,-52.96000000001066,2023-07-10T09:41:00-04:00,0.0,4.900000000000006,-252.9599999999993,2023-07-10T09:46:00-04:00,0.0,5.950000000000017,-2352.960000000022,2023-07-10T10:01:00-04:00,0.0,4.8999999999999915,-252.95999999997088,2023-07-10T10:31:00-04:00,0.0,5.449999999999989,-1352.9599999999652,2023-07-10T11:31:00-04:00,0.0,4.799999999999997,-52.95999999998224,2023-07-10T16:00:00-04:00,0.0,3.200000000000003,3147.0400000000063,2023-07-11T16:00:00-04:00,0.0,,,2023-07-12T15:51:00-04:00,540.0,,,,,0.0,hit,0.0,hit,57.0,hit,1820.0,hit,2880.0,hit,2880.0,hit,2880.0,hit,16.0,hit,21.0,hit,154.0,hit,,never_hit,,never_hit,,never_hit,7.550000000000011,452,True,False,False,False,,7.550000000000011,452,True,False,False,False,,7.550000000000011,452,True,False,False,False,,7.550000000000011,452,True,False,False,False,,2880.0,2023-07-12T09:31:00-04:00,0.40000000000000036,8747.040000000012,2881.0,2023-07-12T09:32:00-04:00,0.375,8797.040000000014,2882.0,2023-07-12T09:33:00-04:00,0.375,8797.040000000014,2881.0,2023-07-12T09:32:00-04:00,0.375,8797.040000000014,2880.0,2023-07-12T09:31:00-04:00,0.40000000000000036,8747.040000000012,2881.0,2023-07-12T09:32:00-04:00,0.375,8797.040000000014,2882.0,2023-07-12T09:33:00-04:00,0.375,8797.040000000014,2881.0,2023-07-12T09:32:00-04:00,0.375,8797.040000000014,2880.0,2023-07-12T09:31:00-04:00,0.40000000000000036,8747.040000000012,2881.0,2023-07-12T09:32:00-04:00,0.375,8797.040000000014,2882.0,2023-07-12T09:33:00-04:00,0.375,8797.040000000014,2881.0,2023-07-12T09:32:00-04:00,0.375,8797.040000000014,2880.0,2023-07-12T09:31:00-04:00,0.40000000000000036,8747.040000000012,2881.0,2023-07-12T09:32:00-04:00,0.375,8797.040000000014,2882.0,2023-07-12T09:33:00-04:00,0.375,8797.040000000014,2881.0,2023-07-12T09:32:00-04:00,0.375,8797.040000000014,1152
2023-07-10,2023-07-12,2,6.0,2023-07-10T09:31:00-04:00,6.099999999999966,NDXP  230712P15150000,NDXP  230712P15140000,development,False,False,0,0,0,2,15,1198,available,False,2023-07-10T09:31:00-04:00,2023-07-12T16:00:00-04:00,0.0,11947.039999999934,0.0,last_observed_quote_not_settlement,1036.0,758,11,7.199999999999989,-2452.9600000000446,2023-07-10T09:32:00-04:00,0.0,7.399999999999977,-2852.960000000022,2023-07-10T09:33:00-04:00,0.0,6.199999999999989,-452.9600000000448,2023-07-10T09:36:00-04:00,0.0,6.299999999999983,-652.9600000000335,2023-07-10T09:41:00-04:00,0.0,7.400000000000006,-2852.9600000000787,2023-07-10T09:46:00-04:00,0.0,7.349999999999994,-2752.960000000056,2023-07-10T10:01:00-04:00,0.0,6.350000000000023,-752.960000000113,2023-07-10T10:31:00-04:00,0.0,6.949999999999989,-1952.9600000000448,2023-07-10T11:31:00-04:00,0.0,6.699999999999989,-1452.9600000000448,2023-07-10T16:00:00-04:00,0.0,5.099999999999994,1747.0399999999438,2023-07-11T16:00:00-04:00,0.0,0.0,11947.039999999934,2023-07-12T16:00:00-04:00,0.0,,,,,1813.0,hit,1813.0,hit,2880.0,hit,2880.0,hit,2880.0,hit,2888.0,hit,2907.0,hit,1.0,hit,1.0,hit,1.0,hit,16.0,hit,,never_hit,,never_hit,8.450000000000017,758,True,True,False,False,,8.450000000000017,758,True,True,False,False,,8.450000000000017,758,True,True,False,False,,8.450000000000017,758,True,True,False,False,,2880.0,2023-07-12T09:31:00-04:00,1.5500000000000007,8847.039999999932,2881.0,2023-07-12T09:32:00-04:00,1.6500000000000004,8647.039999999932,2882.0,2023-07-12T09:33:00-04:00,1.6500000000000004,8647.039999999932,2881.0,2023-07-12T09:32:00-04:00,1.6500000000000004,8647.039999999932,2880.0,2023-07-12T09:31:00-04:00,1.5500000000000007,8847.039999999932,2881.0,2023-07-12T09:32:00-04:00,1.6500000000000004,8647.039999999932,2882.0,2023-07-12T09:33:00-04:00,1.6500000000000004,8647.039999999932,2881.0,2023-07-12T09:32:00-04:00,1.6500000000000004,8647.039999999932,2895.0,2023-07-12T09:46:00-04:00,0.9000000000000004,10147.039999999932,2896.0,2023-07-12T09:47:00-04:00,0.9000000000000004,10147.039999999932,2897.0,2023-07-12T09:48:00-04:00,0.8999999999999995,10147.039999999934,2896.0,2023-07-12T09:47:00-04:00,0.9000000000000004,10147.039999999932,2907.0,2023-07-12T09:58:00-04:00,0.34999999999999964,11247.039999999934,2919.0,2023-07-12T10:10:00-04:00,0.30000000000000027,11347.039999999932,2920.0,2023-07-12T10:11:00-04:00,0.32499999999999973,11297.039999999934,2908.0,2023-07-12T09:59:00-04:00,0.5499999999999998,10847.039999999934,1153
2023-07-10,2023-07-12,2,7.0,2023-07-10T09:31:00-04:00,6.850000000000023,NDXP  230712P15160000,NDXP  230712P15150000,development,False,False,0,0,16,13,0,1186,available,False,2023-07-10T09:31:00-04:00,2023-07-12T15:59:00-04:00,0.1,13247.040000000046,1.0,last_observed_quote_not_settlement,1036.0,524,148,5.4500000000000455,2547.0399999999554,2023-07-10T09:32:00-04:00,0.0,4.5,4447.040000000046,2023-07-10T09:33:00-04:00,0.0,6.500000000000028,447.03999999998933,2023-07-10T09:36:00-04:00,0.0,6.350000000000023,747.0400000000006,2023-07-10T09:41:00-04:00,0.0,6.5,447.0400000000462,2023-07-10T09:46:00-04:00,0.0,7.100000000000023,-752.9599999999994,2023-07-10T10:01:00-04:00,0.0,7.249999999999972,-1052.959999999897,2023-07-10T10:31:00-04:00,0.0,7.050000000000011,-652.9599999999766,2023-07-10T11:31:00-04:00,0.0,6.75,-52.959999999953816,2023-07-10T16:00:00-04:00,0.0,5.549999999999997,2347.040000000052,2023-07-11T16:00:00-04:00,0.0,,,2023-07-12T15:59:00-04:00,60.0,,,,,1.0,hit,2.0,hit,2880.0,hit,2880.0,hit,2880.0,hit,2892.0,hit,2914.0,hit,17.0,hit,21.0,hit,13.0,hit,22.0,hit,3259.0,hit,3259.0,hit,8.600000000000023,523,True,True,False,False,,8.600000000000023,523,True,True,False,False,,8.600000000000023,523,True,True,False,False,,8.600000000000023,523,True,True,False,False,,2880.0,2023-07-12T09:31:00-04:00,1.7499999999999982,9947.04000000005,2881.0,2023-07-12T09:32:00-04:00,1.75,9947.040000000046,2882.0,2023-07-12T09:33:00-04:00,1.8000000000000007,9847.040000000046,2881.0,2023-07-12T09:32:00-04:00,1.75,9947.040000000046,2880.0,2023-07-12T09:31:00-04:00,1.7499999999999982,9947.04000000005,2881.0,2023-07-12T09:32:00-04:00,1.75,9947.040000000046,2882.0,2023-07-12T09:33:00-04:00,1.8000000000000007,9847.040000000046,2881.0,2023-07-12T09:32:00-04:00,1.75,9947.040000000046,2898.0,2023-07-12T09:49:00-04:00,0.75,11947.040000000046,2899.0,2023-07-12T09:50:00-04:00,0.7999999999999998,11847.040000000048,2900.0,2023-07-12T09:51:00-04:00,0.8499999999999996,11747.040000000048,2899.0,2023-07-12T09:50:00-04:00,0.7999999999999998,11847.040000000048,2919.0,2023-07-12T10:10:00-04:00,0.3999999999999999,12647.040000000046,2920.0,2023-07-12T10:11:00-04:00,0.3999999999999999,12647.040000000046,2921.0,2023-07-12T10:12:00-04:00,0.39999999999999947,12647.040000000048,2920.0,2023-07-12T10:11:00-04:00,0.3999999999999999,12647.040000000046,1154
2023-07-10,2023-07-13,3,5.0,2023-07-10T09:31:00-04:00,5.0,NDXP  230713P15090000,NDXP  230713P15080000,development,False,False,0,0,0,7,0,1598,available,False,2023-07-10T09:31:00-04:00,2023-07-13T16:00:00-04:00,0.0,9747.04,0.0,last_observed_quote_not_settlement,1036.0,667,52,5.349999999999994,-952.959999999988,2023-07-10T09:32:00-04:00,0.0,4.900000000000006,-52.96000000001066,2023-07-10T09:33:00-04:00,0.0,4.900000000000006,-52.96000000001066,2023-07-10T09:36:00-04:00,0.0,5.0,-252.9599999999993,2023-07-10T09:41:00-04:00,0.0,5.449999999999989,-1152.9599999999766,2023-07-10T09:46:00-04:00,0.0,6.5,-3252.959999999999,2023-07-10T10:01:00-04:00,0.0,5.449999999999989,-1152.9599999999766,2023-07-10T10:31:00-04:00,0.0,5.699999999999989,-1652.9599999999766,2023-07-10T11:31:00-04:00,0.0,5.450000000000003,-1152.960000000005,2023-07-10T16:00:00-04:00,0.0,3.6000000000000085,2547.0399999999836,2023-07-11T16:00:00-04:00,0.0,0.17499999999999982,9397.040000000003,2023-07-12T16:00:00-04:00,0.0,0.0,9747.04,2023-07-13T16:00:00-04:00,0.0,0.0,hit,0.0,hit,1446.0,hit,2880.0,hit,2880.0,hit,2899.0,hit,2946.0,hit,16.0,hit,17.0,hit,116.0,hit,,never_hit,,never_hit,,never_hit,7.850000000000023,667,True,False,False,False,,7.850000000000023,667,True,False,False,False,,7.850000000000023,667,True,False,False,False,,7.850000000000023,667,True,False,False,False,,2880.0,2023-07-12T09:31:00-04:00,1.4000000000000021,6947.039999999996,2881.0,2023-07-12T09:32:00-04:00,1.4499999999999993,6847.040000000002,2882.0,2023-07-12T09:33:00-04:00,1.3999999999999986,6947.040000000004,2881.0,2023-07-12T09:32:00-04:00,1.4499999999999993,6847.040000000002,2880.0,2023-07-12T09:31:00-04:00,1.4000000000000021,6947.039999999996,2881.0,2023-07-12T09:32:00-04:00,1.4499999999999993,6847.040000000002,2882.0,2023-07-12T09:33:00-04:00,1.3999999999999986,6947.040000000004,2881.0,2023-07-12T09:32:00-04:00,1.4499999999999993,6847.040000000002,2904.0,2023-07-12T09:55:00-04:00,0.8999999999999986,7947.040000000004,2907.0,2023-07-12T09:58:00-04:00,0.7999999999999972,8147.040000000007,2908.0,2023-07-12T09:59:00-04:00,0.9000000000000021,7947.039999999996,2905.0,2023-07-12T09:56:00-04:00,1.0999999999999996,7547.040000000002,2992.0,2023-07-12T11:23:00-04:00,0.34999999999999964,9047.040000000003,2993.0,2023-07-12T11:24:00-04:00,0.34999999999999964,9047.040000000003,3168.0,2023-07-12T14:19:00-04:00,0.40000000000000036,8947.04,2993.0,2023-07-12T11:24:00-04:00,0.34999999999999964,9047.040000000003,1155
2023-07-10,2023-07-13,3,6.0,2023-07-10T09:31:00-04:00,6.0,NDXP  230713P15210000,NDXP  230713P15200000,development,False,False,0,0,0,3,0,1602,available,False,2023-07-10T09:31:00-04:00,2023-07-13T15:59:00-04:00,0.0,11747.04,1.0,last_observed_quote_not_settlement,1036.0,794,12,6.0,-252.9599999999993,2023-07-10T09:32:00-04:00,0.0,6.150000000000006,-552.9600000000107,2023-07-10T09:33:00-04:00,0.0,6.349999999999994,-952.959999999988,2023-07-10T09:36:00-04:00,0.0,6.899999999999977,-2052.9599999999537,2023-07-10T09:41:00-04:00,0.0,7.149999999999977,-2552.9599999999537,2023-07-10T09:46:00-04:00,0.0,7.5,-3252.959999999999,2023-07-10T10:01:00-04:00,0.0,7.149999999999977,-2552.9599999999537,2023-07-10T10:31:00-04:00,0.0,7.550000000000011,-3352.960000000022,2023-07-10T11:31:00-04:00,0.0,7.599999999999994,-3452.9599999999878,2023-07-10T16:00:00-04:00,0.0,5.350000000000023,1047.0399999999552,2023-07-11T16:00:00-04:00,0.0,,,2023-07-12T15:59:00-04:00,60.0,,,2023-07-13T15:59:00-04:00,60.0,1819.0,hit,2880.0,hit,2880.0,hit,2882.0,hit,2919.0,hit,3149.0,hit,4320.0,hit,3.0,hit,6.0,hit,6.0,hit,20.0,hit,,never_hit,,never_hit,8.75,794,True,True,False,False,,8.75,794,True,True,False,False,,8.75,794,True,True,False,False,,8.75,794,True,True,False,False,,2882.0,2023-07-12T09:33:00-04:00,2.799999999999997,6147.040000000006,2883.0,2023-07-12T09:34:00-04:00,2.8999999999999986,5947.040000000004,2897.0,2023-07-12T09:48:00-04:00,2.8499999999999943,6047.040000000012,2883.0,2023-07-12T09:34:00-04:00,2.8999999999999986,5947.040000000004,2925.0,2023-07-12T10:16:00-04:00,1.8499999999999979,8047.0400000000045,2928.0,2023-07-12T10:19:00-04:00,1.9499999999999993,7847.040000000002,2929.0,2023-07-12T10:20:00-04:00,1.75,8247.04,2926.0,2023-07-12T10:17:00-04:00,2.0500000000000043,7647.039999999992,3149.0,2023-07-12T14:00:00-04:00,0.5999999999999979,10547.040000000006,4321.0,2023-07-13T09:32:00-04:00,0.17499999999999982,11397.040000000003,4322.0,2023-07-13T09:33:00-04:00,0.2250000000000001,11297.04,3150.0,2023-07-12T14:01:00-04:00,2.0,7747.040000000001,4320.0,2023-07-13T09:31:00-04:00,0.42500000000000027,10897.04,4321.0,2023-07-13T09:32:00-04:00,0.17499999999999982,11397.040000000003,4322.0,2023-07-13T09:33:00-04:00,0.2250000000000001,11297.04,4321.0,2023-07-13T09:32:00-04:00,0.17499999999999982,11397.040000000003,1156
2023-07-10,2023-07-13,3,7.0,2023-07-10T09:31:00-04:00,7.0,NDXP  230713P15240000,NDXP  230713P15230000,development,False,False,0,0,0,29,0,1576,available,False,2023-07-10T09:31:00-04:00,2023-07-13T16:00:00-04:00,9.9,-6052.960000000002,0.0,last_observed_quote_not_settlement,1036.0,759,24,7.050000000000011,-352.96000000002203,2023-07-10T09:32:00-04:00,0.0,7.150000000000006,-552.9600000000107,2023-07-10T09:33:00-04:00,0.0,7.150000000000006,-552.9600000000107,2023-07-10T09:36:00-04:00,0.0,7.25,-752.9599999999994,2023-07-10T09:41:00-04:00,0.0,7.199999999999989,-652.9599999999766,2023-07-10T09:46:00-04:00,0.0,8.649999999999977,-3552.9599999999555,2023-07-10T10:01:00-04:00,0.0,7.500000000000028,-1252.9600000000562,2023-07-10T10:31:00-04:00,0.0,7.799999999999983,-1852.9599999999652,2023-07-10T11:31:00-04:00,0.0,7.550000000000011,-1352.960000000022,2023-07-10T16:00:00-04:00,0.0,6.650000000000006,447.03999999998933,2023-07-11T16:00:00-04:00,0.0,2.1999999999999993,9347.040000000003,2023-07-12T16:00:00-04:00,0.0,9.9,-6052.960000000002,2023-07-13T16:00:00-04:00,0.0,2880.0,hit,2880.0,hit,2880.0,hit,2882.0,hit,2929.0,hit,4320.0,hit,4320.0,hit,11.0,hit,14.0,hit,0.0,hit,14.0,hit,37.0,hit,4709.0,hit,9.150000000000034,759,True,True,True,True,,9.150000000000034,759,True,True,True,True,,9.150000000000034,759,True,True,True,True,,9.150000000000034,759,True,True,True,True,,2882.0,2023-07-12T09:33:00-04:00,2.8500000000000014,8047.039999999998,2907.0,2023-07-12T09:58:00-04:00,2.75,8247.04,2908.0,2023-07-12T09:59:00-04:00,2.799999999999997,8147.040000000007,2883.0,2023-07-12T09:34:00-04:00,3.549999999999997,6647.040000000006,2929.0,2023-07-12T10:20:00-04:00,1.9499999999999993,9847.040000000003,4321.0,2023-07-13T09:32:00-04:00,0.3500000000000001,13047.04,4322.0,2023-07-13T09:33:00-04:00,0.25,13247.04,2930.0,2023-07-12T10:21:00-04:00,2.1000000000000014,9547.039999999999,4320.0,2023-07-13T09:31:00-04:00,0.4500000000000002,12847.04,4321.0,2023-07-13T09:32:00-04:00,0.3500000000000001,13047.04,4322.0,2023-07-13T09:33:00-04:00,0.25,13247.04,4321.0,2023-07-13T09:32:00-04:00,0.3500000000000001,13047.04,4321.0,2023-07-13T09:32:00-04:00,0.3500000000000001,13047.04,4322.0,2023-07-13T09:33:00-04:00,0.25,13247.04,4323.0,2023-07-13T09:34:00-04:00,0.2749999999999999,13197.04,4322.0,2023-07-13T09:33:00-04:00,0.25,13247.04,1157
2023-07-11,2023-07-13,2,5.0,2023-07-11T09:31:00-04:00,5.0,NDXP  230713P15080000,NDXP  230713P15070000,development,False,False,0,0,0,34,15,1166,available,False,2023-07-11T09:31:00-04:00,2023-07-13T16:00:00-04:00,0.0,9747.04,0.0,last_observed_quote_not_settlement,1037.0,205,56,4.250000000000014,1247.0399999999722,2023-07-11T09:32:00-04:00,0.0,5.200000000000003,-652.960000000005,2023-07-11T09:33:00-04:00,0.0,4.6000000000000085,547.0399999999836,2023-07-11T09:36:00-04:00,0.0,4.8999999999999915,-52.95999999998224,2023-07-11T09:41:00-04:00,0.0,5.349999999999994,-952.959999999988,2023-07-11T09:46:00-04:00,0.0,5.800000000000011,-1852.960000000022,2023-07-11T10:01:00-04:00,0.0,5.25,-752.9599999999994,2023-07-11T10:31:00-04:00,0.0,5.450000000000017,-1152.9600000000335,2023-07-11T11:31:00-04:00,0.0,4.449999999999989,847.0400000000234,2023-07-11T16:00:00-04:00,0.0,0.5750000000000002,8597.04,2023-07-12T16:00:00-04:00,0.0,0.0,9747.04,2023-07-13T16:00:00-04:00,0.0,,,,,0.0,hit,0.0,hit,378.0,hit,404.0,hit,1440.0,hit,1444.0,hit,1490.0,hit,3.0,hit,27.0,hit,,never_hit,,never_hit,,never_hit,,never_hit,6.800000000000011,205,False,False,False,False,,6.800000000000011,205,False,False,False,False,,6.800000000000011,205,False,False,False,False,,6.800000000000011,205,False,False,False,False,,404.0,2023-07-11T16:15:00-04:00,2.6500000000000057,4447.039999999989,1441.0,2023-07-12T09:32:00-04:00,1.299999999999999,7147.040000000003,1442.0,2023-07-12T09:33:00-04:00,1.3000000000000007,7147.039999999999,,,,,1440.0,2023-07-12T09:31:00-04:00,1.3499999999999979,7047.0400000000045,1441.0,2023-07-12T09:32:00-04:00,1.299999999999999,7147.040000000003,1442.0,2023-07-12T09:33:00-04:00,1.3000000000000007,7147.039999999999,1441.0,2023-07-12T09:32:00-04:00,1.299999999999999,7147.040000000003,1444.0,2023-07-12T09:35:00-04:00,0.7999999999999989,8147.040000000004,1459.0,2023-07-12T09:50:00-04:00,0.9000000000000004,7947.04,1460.0,2023-07-12T09:51:00-04:00,0.9000000000000004,7947.04,1445.0,2023-07-12T09:36:00-04:00,1.049999999999999,7647.040000000003,1515.0,2023-07-12T10:46:00-04:00,0.4499999999999993,8847.040000000003,1695.0,2023-07-12T13:46:00-04:00,0.4499999999999993,8847.040000000003,1705.0,2023-07-12T13:56:00-04:00,0.40000000000000036,8947.04,1516.0,2023-07-12T10:47:00-04:00,0.5,8747.04,1158
2023-07-11,2023-07-13,2,6.0,2023-07-11T09:31:00-04:00,5.8500000000000085,NDXP  230713P15130000,NDXP  230713P15120000,development,False,False,0,0,0,1,15,1199,available,False,2023-07-11T09:31:00-04:00,2023-07-13T15:59:00-04:00,0.0,11447.040000000019,1.0,last_observed_quote_not_settlement,1036.0,164,75,6.900000000000006,-2352.9599999999937,2023-07-11T09:32:00-04:00,0.0,6.049999999999983,-652.9599999999482,2023-07-11T09:33:00-04:00,0.0,5.400000000000006,647.0400000000063,2023-07-11T09:36:00-04:00,0.0,5.849999999999994,-252.95999999997088,2023-07-11T09:41:00-04:00,0.0,6.150000000000006,-852.9599999999937,2023-07-11T09:46:00-04:00,0.0,6.650000000000034,-1852.9600000000505,2023-07-11T10:01:00-04:00,0.0,6.149999999999977,-852.9599999999368,2023-07-11T10:31:00-04:00,0.0,6.349999999999994,-1252.959999999971,2023-07-11T11:31:00-04:00,0.0,2.5,6447.040000000018,2023-07-11T16:00:00-04:00,0.0,0.47499999999999964,10497.040000000019,2023-07-12T16:00:00-04:00,0.0,,,2023-07-13T15:59:00-04:00,60.0,,,,,5.0,hit,70.0,hit,389.0,hit,389.0,hit,1440.0,hit,1469.0,hit,1785.0,hit,1.0,hit,1.0,hit,36.0,hit,,never_hit,,never_hit,,never_hit,7.300000000000011,164,True,False,False,False,,7.300000000000011,164,True,False,False,False,,7.300000000000011,164,True,False,False,False,,7.300000000000011,164,True,False,False,False,,389.0,2023-07-11T16:00:00-04:00,2.5,6447.040000000018,1441.0,2023-07-12T09:32:00-04:00,1.6499999999999986,8147.04000000002,1442.0,2023-07-12T09:33:00-04:00,1.9000000000000021,7647.040000000014,390.0,2023-07-11T16:01:00-04:00,5.099999999999994,1247.040000000029,1440.0,2023-07-12T09:31:00-04:00,1.5500000000000043,8347.04000000001,1441.0,2023-07-12T09:32:00-04:00,1.6499999999999986,8147.04000000002,1442.0,2023-07-12T09:33:00-04:00,1.9000000000000021,7647.040000000014,1441.0,2023-07-12T09:32:00-04:00,1.6499999999999986,8147.04000000002,1469.0,2023-07-12T10:00:00-04:00,0.7000000000000028,10047.040000000014,1489.0,2023-07-12T10:20:00-04:00,0.9000000000000004,9647.040000000017,1490.0,2023-07-12T10:21:00-04:00,0.8499999999999996,9747.040000000019,1470.0,2023-07-12T10:01:00-04:00,1.3999999999999986,8647.04000000002,1819.0,2023-07-12T15:50:00-04:00,0.0,11447.040000000019,1838.0,2023-07-12T16:09:00-04:00,0.4499999999999993,10547.04000000002,2882.0,2023-07-13T09:33:00-04:00,0.07500000000000018,11297.040000000019,1820.0,2023-07-12T15:51:00-04:00,0.6500000000000004,10147.040000000017,1159
2023-07-11,2023-07-13,2,7.0,2023-07-11T09:31:00-04:00,7.0,NDXP  230713P15210000,NDXP  230713P15200000,development,False,False,0,0,0,3,15,1197,available,False,2023-07-11T09:31:00-04:00,2023-07-13T15:59:00-04:00,0.0,13747.04,1.0,last_observed_quote_not_settlement,1036.0,264,54,6.849999999999994,47.04000000001208,2023-07-11T09:32:00-04:00,0.0,7.25,-752.9599999999994,2023-07-11T09:33:00-04:00,0.0,6.549999999999983,647.0400000000348,2023-07-11T09:36:00-04:00,0.0,7.5,-1252.9599999999994,2023-07-11T09:41:00-04:00,0.0,7.200000000000017,-652.9600000000335,2023-07-11T09:46:00-04:00,0.0,7.300000000000011,-852.9600000000221,2023-07-11T10:01:00-04:00,0.0,7.550000000000011,-1352.960000000022,2023-07-11T10:31:00-04:00,0.0,7.450000000000017,-1152.9600000000335,2023-07-11T11:31:00-04:00,0.0,5.350000000000023,3047.0399999999554,2023-07-11T16:00:00-04:00,0.0,,,2023-07-12T15:59:00-04:00,60.0,,,2023-07-13T15:59:00-04:00,60.0,,,,,379.0,hit,1440.0,hit,1440.0,hit,1442.0,hit,1479.0,hit,1709.0,hit,2880.0,hit,3.0,hit,11.0,hit,0.0,hit,11.0,hit,,never_hit,,never_hit,8.599999999999994,264,True,True,False,False,,8.599999999999994,264,True,True,False,False,,8.599999999999994,264,True,True,False,False,,8.599999999999994,264,True,True,False,False,,1442.0,2023-07-12T09:33:00-04:00,2.799999999999997,8147.040000000007,1443.0,2023-07-12T09:34:00-04:00,2.8999999999999986,7947.040000000004,1457.0,2023-07-12T09:48:00-04:00,2.8499999999999943,8047.040000000012,1443.0,2023-07-12T09:34:00-04:00,2.8999999999999986,7947.040000000004,1485.0,2023-07-12T10:16:00-04:00,1.8499999999999979,10047.040000000006,1488.0,2023-07-12T10:19:00-04:00,1.9499999999999993,9847.040000000003,1489.0,2023-07-12T10:20:00-04:00,1.75,10247.04,1486.0,2023-07-12T10:17:00-04:00,2.0500000000000043,9647.039999999994,1709.0,2023-07-12T14:00:00-04:00,0.5999999999999979,12547.040000000006,2881.0,2023-07-13T09:32:00-04:00,0.17499999999999982,13397.040000000003,2882.0,2023-07-13T09:33:00-04:00,0.2250000000000001,13297.04,1710.0,2023-07-12T14:01:00-04:00,2.0,9747.04,2880.0,2023-07-13T09:31:00-04:00,0.42500000000000027,12897.04,2881.0,2023-07-13T09:32:00-04:00,0.17499999999999982,13397.040000000003,2882.0,2023-07-13T09:33:00-04:00,0.2250000000000001,13297.04,2881.0,2023-07-13T09:32:00-04:00,0.17499999999999982,13397.040000000003,1160
2023-07-11,2023-07-14,3,5.0,2023-07-11T09:31:00-04:00,4.800000000000011,NDXP  230714P15070000,NDXP  230714P15060000,development,False,False,0,0,0,5,0,1600,available,False,2023-07-11T09:31:00-04:00,2023-07-14T16:00:00-04:00,0.0,9347.040000000025,0.0,last_observed_quote_not_settlement,1036.0,199,46,4.700000000000017,-52.96000000001066,2023-07-11T09:32:00-04:00,0.0,4.699999999999989,-52.959999999953816,2023-07-11T09:33:00-04:00,0.0,4.599999999999994,147.0400000000348,2023-07-11T09:36:00-04:00,0.0,4.650000000000006,47.04000000001208,2023-07-11T09:41:00-04:00,0.0,5.199999999999989,-1052.9599999999539,2023-07-11T09:46:00-04:00,0.0,5.5,-1652.9599999999766,2023-07-11T10:01:00-04:00,0.0,5.300000000000011,-1252.9599999999994,2023-07-11T10:31:00-04:00,0.0,5.200000000000017,-1052.9600000000107,2023-07-11T11:31:00-04:00,0.0,4.200000000000003,947.0400000000177,2023-07-11T16:00:00-04:00,0.0,0.9500000000000011,7447.040000000021,2023-07-12T16:00:00-04:00,0.0,0.050000000000000266,9247.040000000023,2023-07-13T16:00:00-04:00,0.0,0.0,9347.040000000025,2023-07-14T16:00:00-04:00,0.0,0.0,hit,0.0,hit,377.0,hit,394.0,hit,1440.0,hit,1462.0,hit,1830.0,hit,13.0,hit,34.0,hit,133.0,hit,,never_hit,,never_hit,,never_hit,7.8999999999999915,199,True,False,False,False,,7.8999999999999915,199,True,False,False,False,,7.8999999999999915,199,True,False,False,False,,7.8999999999999915,199,True,False,False,False,,394.0,2023-07-11T16:05:00-04:00,2.5999999999999943,4147.0400000000345,1441.0,2023-07-12T09:32:00-04:00,1.6500000000000057,6047.040000000012,1442.0,2023-07-12T09:33:00-04:00,1.3999999999999986,6547.040000000026,395.0,2023-07-11T16:06:00-04:00,3.8500000000000085,1647.0400000000063,1440.0,2023-07-12T09:31:00-04:00,1.6000000000000014,6147.040000000021,1441.0,2023-07-12T09:32:00-04:00,1.6500000000000057,6047.040000000012,1442.0,2023-07-12T09:33:00-04:00,1.3999999999999986,6547.040000000026,1441.0,2023-07-12T09:32:00-04:00,1.6500000000000057,6047.040000000012,1467.0,2023-07-12T09:58:00-04:00,0.9499999999999993,7447.0400000000245,1479.0,2023-07-12T10:10:00-04:00,0.75,7847.040000000024,1486.0,2023-07-12T10:17:00-04:00,0.8999999999999986,7547.040000000026,1468.0,2023-07-12T09:59:00-04:00,1.1000000000000014,7147.040000000021,1830.0,2023-07-12T16:01:00-04:00,0.3000000000000007,8747.040000000023,2881.0,2023-07-13T09:32:00-04:00,0.25,8847.040000000025,2882.0,2023-07-13T09:33:00-04:00,0.20000000000000018,8947.040000000025,1831.0,2023-07-12T16:02:00-04:00,0.7999999999999972,7747.040000000029,1161
2023-07-11,2023-07-14,3,6.0,2023-07-11T09:31:00-04:00,5.9500000000000455,NDXP  230714P15670000,NDXP  230714P15660000,development,False,False,0,0,0,123,0,1482,available,False,2023-07-11T09:31:00-04:00,2023-07-14T15:59:00-04:00,10.0,-8252.959999999908,1.0,last_observed_quote_not_settlement,1036.0,1209,14,6.199999999999818,-752.9599999995446,2023-07-11T09:32:00-04:00,0.0,,,2023-07-11T09:32:00-04:00,60.0,9.949999999999932,-8252.959999999774,2023-07-11T09:36:00-04:00,0.0,9.299999999999955,-6952.959999999819,2023-07-11T09:41:00-04:00,0.0,,,2023-07-11T09:45:00-04:00,60.0,9.800000000000068,-7952.960000000046,2023-07-11T10:01:00-04:00,0.0,,,2023-07-11T10:30:00-04:00,60.0,,,2023-07-11T11:29:00-04:00,120.0,,,2023-07-11T15:59:00-04:00,60.0,8.599999999999909,-5552.959999999728,2023-07-12T16:00:00-04:00,0.0,7.800000000000011,-3952.959999999931,2023-07-13T16:00:00-04:00,0.0,,,2023-07-14T15:59:00-04:00,60.0,4328.0,hit,4328.0,hit,4360.0,hit,4366.0,hit,4367.0,hit,,never_hit,,never_hit,3.0,hit,3.0,hit,3.0,hit,3.0,hit,5.0,hit,5.0,hit,10.0,1044,True,True,True,True,,10.0,1044,True,True,True,True,,,,True,True,True,False,4.2000000000000455,,,True,True,True,False,4.2000000000000455,4366.0,2023-07-14T10:17:00-04:00,2.9499999999999993,5747.040000000093,4367.0,2023-07-14T10:18:00-04:00,1.75,8147.040000000091,4371.0,2023-07-14T10:22:00-04:00,2.9499999999999957,5747.0400000001,4367.0,2023-07-14T10:18:00-04:00,1.75,8147.040000000091,4367.0,2023-07-14T10:18:00-04:00,1.75,8147.040000000091,,,,,,,,,4368.0,2023-07-14T10:19:00-04:00,3.1000000000000014,5447.040000000089,,,,,,,,,,,,,,,,,,,,,,,,,,,,,,,,,1162
2023-07-11,2023-07-14,3,7.0,2023-07-11T09:31:00-04:00,7.0,NDXP  230714P15220000,NDXP  230714P15210000,development,False,False,0,0,0,30,0,1575,available,False,2023-07-11T09:31:00-04:00,2023-07-14T16:00:00-04:00,0.0,13747.04,0.0,last_observed_quote_not_settlement,1036.0,187,77,7.049999999999983,-352.9599999999652,2023-07-11T09:32:00-04:00,0.0,6.800000000000011,147.03999999997797,2023-07-11T09:33:00-04:00,0.0,6.550000000000011,647.0399999999779,2023-07-11T09:36:00-04:00,0.0,6.650000000000006,447.03999999998933,2023-07-11T09:41:00-04:00,0.0,7.650000000000034,-1552.9600000000676,2023-07-11T09:46:00-04:00,0.0,8.350000000000023,-2952.9600000000464,2023-07-11T10:01:00-04:00,0.0,8.150000000000006,-2552.9600000000123,2023-07-11T10:31:00-04:00,0.0,7.300000000000011,-852.9600000000221,2023-07-11T11:31:00-04:00,0.0,6.550000000000011,647.0399999999779,2023-07-11T16:00:00-04:00,0.0,3.5,6747.040000000001,2023-07-12T16:00:00-04:00,0.0,0.15000000000000036,13447.04,2023-07-13T16:00:00-04:00,0.0,0.0,13747.04,2023-07-14T16:00:00-04:00,0.0,380.0,hit,1440.0,hit,1440.0,hit,1458.0,hit,2880.0,hit,2881.0,hit,2904.0,hit,14.0,hit,14.0,hit,0.0,hit,14.0,hit,41.0,hit,,never_hit,9.099999999999966,187,True,True,True,True,,9.099999999999966,187,True,True,True,True,,9.099999999999966,187,True,True,True,True,,9.099999999999966,187,True,True,True,True,,1464.0,2023-07-12T09:55:00-04:00,2.9000000000000057,7947.039999999989,1468.0,2023-07-12T09:59:00-04:00,2.799999999999997,8147.040000000007,1469.0,2023-07-12T10:00:00-04:00,2.700000000000003,8347.039999999995,1465.0,2023-07-12T09:56:00-04:00,3.049999999999997,7647.040000000006,2880.0,2023-07-13T09:31:00-04:00,1.0999999999999996,11547.040000000003,2881.0,2023-07-13T09:32:00-04:00,1.0,11747.04,2882.0,2023-07-13T09:33:00-04:00,0.8499999999999996,12047.040000000003,2881.0,2023-07-13T09:32:00-04:00,1.0,11747.04,2882.0,2023-07-13T09:33:00-04:00,0.8499999999999996,12047.040000000003,2883.0,2023-07-13T09:34:00-04:00,0.8000000000000007,12147.04,2884.0,2023-07-13T09:35:00-04:00,0.7999999999999972,12147.040000000008,2883.0,2023-07-13T09:34:00-04:00,0.8000000000000007,12147.04,3011.0,2023-07-13T11:42:00-04:00,0.4499999999999993,12847.040000000003,3015.0,2023-07-13T11:46:00-04:00,0.39999999999999947,12947.040000000003,3024.0,2023-07-13T11:55:00-04:00,0.40000000000000036,12947.04,3012.0,2023-07-13T11:43:00-04:00,0.45000000000000107,12847.039999999999,1163
2023-07-12,2023-07-14,2,5.0,2023-07-12T09:31:00-04:00,5.000000000000014,NDXP  230714P15310000,NDXP  230714P15300000,development,False,False,0,0,0,3,0,1197,available,False,2023-07-12T09:31:00-04:00,2023-07-14T16:00:00-04:00,0.725,8297.040000000028,0.0,last_observed_quote_not_settlement,1036.0,100,21,5.049999999999997,-352.9599999999652,2023-07-12T09:32:00-04:00,0.0,5.049999999999997,-352.9599999999652,2023-07-12T09:33:00-04:00,0.0,4.5,747.0400000000291,2023-07-12T09:36:00-04:00,0.0,5.0,-252.95999999997088,2023-07-12T09:41:00-04:00,0.0,4.699999999999989,347.04000000005186,2023-07-12T09:46:00-04:00,0.0,4.299999999999983,1147.0400000000632,2023-07-12T10:01:00-04:00,0.0,3.8499999999999943,2047.0400000000404,2023-07-12T10:31:00-04:00,0.0,4.650000000000006,447.04000000001776,2023-07-12T11:31:00-04:00,0.0,4.75,247.0400000000291,2023-07-12T16:00:00-04:00,0.0,0.3000000000000007,9147.040000000028,2023-07-13T16:00:00-04:00,0.0,0.725,8297.040000000028,2023-07-14T16:00:00-04:00,0.0,,,,,0.0,hit,3.0,hit,39.0,hit,1440.0,hit,1441.0,hit,1588.0,hit,1718.0,hit,130.0,hit,130.0,hit,209.0,hit,,never_hit,,never_hit,,never_hit,7.0,100,True,False,False,False,,7.0,100,True,False,False,False,,7.0,100,True,False,False,False,,7.0,100,True,False,False,False,,1440.0,2023-07-13T09:31:00-04:00,2.5500000000000007,4647.040000000027,1441.0,2023-07-13T09:32:00-04:00,1.9499999999999993,5847.040000000031,1442.0,2023-07-13T09:33:00-04:00,2.0500000000000007,5647.040000000027,1441.0,2023-07-13T09:32:00-04:00,1.9499999999999993,5847.040000000031,1441.0,2023-07-13T09:32:00-04:00,1.9499999999999993,5847.040000000031,1445.0,2023-07-13T09:36:00-04:00,1.5999999999999943,6547.040000000041,1446.0,2023-07-13T09:37:00-04:00,1.6499999999999986,6447.040000000032,1442.0,2023-07-13T09:33:00-04:00,2.0500000000000007,5647.040000000027,1600.0,2023-07-13T12:11:00-04:00,0.9499999999999993,7847.040000000031,1621.0,2023-07-13T12:32:00-04:00,0.8999999999999986,7947.040000000032,1622.0,2023-07-13T12:33:00-04:00,0.9499999999999993,7847.040000000031,1601.0,2023-07-13T12:12:00-04:00,0.9500000000000011,7847.040000000027,1722.0,2023-07-13T14:13:00-04:00,0.34999999999999964,9047.04000000003,1767.0,2023-07-13T14:58:00-04:00,0.39999999999999947,8947.040000000032,1768.0,2023-07-13T14:59:00-04:00,0.40000000000000036,8947.04000000003,1723.0,2023-07-13T14:14:00-04:00,0.5,8747.04000000003,1164
2023-07-12,2023-07-14,2,6.0,2023-07-12T09:31:00-04:00,5.950000000000017,NDXP  230714P15340000,NDXP  230714P15330000,development,False,False,0,0,0,10,0,1190,available,False,2023-07-12T09:31:00-04:00,2023-07-14T16:00:00-04:00,0.0,11647.040000000035,0.0,last_observed_quote_not_settlement,1036.0,63,12,5.599999999999994,447.0400000000462,2023-07-12T09:32:00-04:00,0.0,5.650000000000006,347.04000000002344,2023-07-12T09:33:00-04:00,0.0,5.349999999999994,947.0400000000461,2023-07-12T09:36:00-04:00,0.0,5.599999999999994,447.0400000000462,2023-07-12T09:41:00-04:00,0.0,5.299999999999997,1047.0400000000404,2023-07-12T09:46:00-04:00,0.0,4.700000000000003,2247.040000000029,2023-07-12T10:01:00-04:00,0.0,4.099999999999994,3447.0400000000463,2023-07-12T10:31:00-04:00,0.0,5.1000000000000085,1447.0400000000177,2023-07-12T11:31:00-04:00,0.0,5.699999999999989,247.04000000005752,2023-07-12T16:00:00-04:00,0.0,0.4499999999999993,10747.040000000037,2023-07-13T16:00:00-04:00,0.0,0.0,11647.040000000035,2023-07-14T16:00:00-04:00,0.0,,,,,3.0,hit,4.0,hit,49.0,hit,1440.0,hit,1448.0,hit,1674.0,hit,1772.0,hit,131.0,hit,131.0,hit,131.0,hit,147.0,hit,,never_hit,,never_hit,8.199999999999989,63,True,True,False,False,,8.199999999999989,63,True,True,False,False,,8.199999999999989,63,True,True,False,False,,8.199999999999989,63,True,True,False,False,,1440.0,2023-07-13T09:31:00-04:00,2.8999999999999986,5847.040000000037,1441.0,2023-07-13T09:32:00-04:00,2.25,7147.0400000000345,1442.0,2023-07-13T09:33:00-04:00,2.3999999999999986,6847.040000000037,1441.0,2023-07-13T09:32:00-04:00,2.25,7147.0400000000345,1451.0,2023-07-13T09:42:00-04:00,1.8500000000000014,7947.040000000032,1452.0,2023-07-13T09:43:00-04:00,1.8499999999999979,7947.040000000039,1530.0,2023-07-13T11:01:00-04:00,1.75,8147.0400000000345,1452.0,2023-07-13T09:43:00-04:00,1.8499999999999979,7947.040000000039,1683.0,2023-07-13T13:34:00-04:00,0.8999999999999986,9847.040000000039,1684.0,2023-07-13T13:35:00-04:00,0.8999999999999986,9847.040000000039,1717.0,2023-07-13T14:08:00-04:00,0.8500000000000005,9947.040000000035,1684.0,2023-07-13T13:35:00-04:00,0.8999999999999986,9847.040000000039,1783.0,2023-07-13T15:14:00-04:00,0.4499999999999993,10747.040000000037,1787.0,2023-07-13T15:18:00-04:00,0.40000000000000036,10847.040000000035,1793.0,2023-07-13T15:24:00-04:00,0.4499999999999993,10747.040000000037,1784.0,2023-07-13T15:15:00-04:00,0.5,10647.040000000035,1165
2023-07-12,2023-07-14,2,7.0,2023-07-12T09:31:00-04:00,6.850000000000023,NDXP  230714P15400000,NDXP  230714P15390000,development,False,False,0,0,0,21,0,1179,available,False,2023-07-12T09:31:00-04:00,2023-07-14T15:51:00-04:00,0.07499999999999998,13297.040000000046,9.0,last_observed_quote_not_settlement,1036.0,172,73,6.900000000000006,-352.9599999999652,2023-07-12T09:32:00-04:00,0.0,6.950000000000017,-452.95999999998793,2023-07-12T09:33:00-04:00,0.0,6.099999999999966,1247.0400000001143,2023-07-12T09:36:00-04:00,0.0,7.099999999999994,-752.9599999999425,2023-07-12T09:41:00-04:00,0.0,6.049999999999983,1347.0400000000802,2023-07-12T09:46:00-04:00,0.0,7.049999999999997,-652.9599999999482,2023-07-12T10:01:00-04:00,0.0,5.549999999999997,2347.040000000052,2023-07-12T10:31:00-04:00,0.0,5.750000000000014,1947.0400000000177,2023-07-12T11:31:00-04:00,0.0,6.25,947.0400000000461,2023-07-12T16:00:00-04:00,0.0,1.0,11447.040000000046,2023-07-13T16:00:00-04:00,0.0,,,2023-07-14T15:51:00-04:00,540.0,,,,,32.0,hit,49.0,hit,1441.0,hit,1444.0,hit,1444.0,hit,1444.0,hit,1819.0,hit,19.0,hit,140.0,hit,6.0,hit,140.0,hit,140.0,hit,,never_hit,9.100000000000023,172,True,True,True,True,,9.100000000000023,172,True,True,True,True,,9.100000000000023,172,True,True,True,True,,9.100000000000023,172,True,True,True,True,,1444.0,2023-07-13T09:35:00-04:00,0.7999999999999972,11847.040000000054,1531.0,2023-07-13T11:02:00-04:00,2.8999999999999986,7647.040000000049,1532.0,2023-07-13T11:03:00-04:00,2.9499999999999993,7547.040000000047,1445.0,2023-07-13T09:36:00-04:00,3.3500000000000085,6747.040000000029,1444.0,2023-07-13T09:35:00-04:00,0.7999999999999972,11847.040000000054,1685.0,2023-07-13T13:36:00-04:00,1.7499999999999964,9947.040000000054,1686.0,2023-07-13T13:37:00-04:00,1.8500000000000014,9747.040000000045,1445.0,2023-07-13T09:36:00-04:00,3.3500000000000085,6747.040000000029,1444.0,2023-07-13T09:35:00-04:00,0.7999999999999972,11847.040000000054,1791.0,2023-07-13T15:22:00-04:00,0.9499999999999993,11547.040000000048,1800.0,2023-07-13T15:31:00-04:00,0.9000000000000021,11647.040000000043,1445.0,2023-07-13T09:36:00-04:00,3.3500000000000085,6747.040000000029,1819.0,2023-07-13T15:50:00-04:00,0.3500000000000014,12747.040000000045,2886.0,2023-07-14T09:37:00-04:00,0.2999999999999998,12847.040000000048,2887.0,2023-07-14T09:38:00-04:00,0.30000000000000027,12847.040000000046,1820.0,2023-07-13T15:51:00-04:00,0.8499999999999996,11747.040000000048,1166
2023-07-14,2023-07-17,3,5.0,2023-07-14T09:31:00-04:00,5.0,NDXP  230717P15650000,NDXP  230717P15640000,development,False,False,0,0,0,0,0,795,available,False,2023-07-14T09:31:00-04:00,2023-07-17T16:00:00-04:00,0.0,9747.04,0.0,last_observed_quote_not_settlement,3916.0,349,31,5.400000000000006,-1052.9600000000107,2023-07-14T09:32:00-04:00,0.0,5.199999999999989,-652.9599999999766,2023-07-14T09:33:00-04:00,0.0,4.950000000000017,-152.9600000000334,2023-07-14T09:36:00-04:00,0.0,4.5,747.0400000000006,2023-07-14T09:41:00-04:00,0.0,5.0,-252.9599999999993,2023-07-14T09:46:00-04:00,0.0,4.200000000000003,1347.039999999995,2023-07-14T10:01:00-04:00,0.0,3.700000000000003,2347.039999999995,2023-07-14T10:31:00-04:00,0.0,4.299999999999997,1147.0400000000063,2023-07-14T11:31:00-04:00,0.0,6.3999999999999915,-3052.9599999999823,2023-07-14T16:00:00-04:00,0.0,,,2023-07-14T16:15:00-04:00,85500.0,,,2023-07-14T16:15:00-04:00,171900.0,0.0,9747.04,2023-07-17T16:00:00-04:00,0.0,0.0,hit,0.0,hit,33.0,hit,4471.0,hit,4579.0,hit,4614.0,hit,4652.0,hit,79.0,hit,215.0,hit,216.0,hit,379.0,hit,,never_hit,,never_hit,8.099999999999994,336,True,True,False,False,,8.099999999999994,349,True,True,False,False,,8.099999999999994,349,True,True,False,False,,8.099999999999994,349,True,True,False,False,,4572.0,2023-07-17T13:43:00-04:00,2.8500000000000014,4047.039999999998,4576.0,2023-07-17T13:47:00-04:00,2.450000000000001,4847.039999999998,4577.0,2023-07-17T13:48:00-04:00,2.8500000000000005,4047.04,4573.0,2023-07-17T13:44:00-04:00,2.950000000000001,3847.0399999999986,4579.0,2023-07-17T13:50:00-04:00,1.8499999999999996,6047.040000000002,4580.0,2023-07-17T13:51:00-04:00,1.6000000000000014,6547.039999999998,4581.0,2023-07-17T13:52:00-04:00,1.8999999999999995,5947.040000000002,4580.0,2023-07-17T13:51:00-04:00,1.6000000000000014,6547.039999999998,4619.0,2023-07-17T14:30:00-04:00,0.8999999999999999,7947.04,4622.0,2023-07-17T14:33:00-04:00,0.8999999999999999,7947.04,4646.0,2023-07-17T14:57:00-04:00,0.7999999999999998,8147.040000000002,4620.0,2023-07-17T14:31:00-04:00,1.1499999999999997,7447.040000000001,4652.0,2023-07-17T15:03:00-04:00,0.375,8997.04,4653.0,2023-07-17T15:04:00-04:00,0.44999999999999984,8847.04,4654.0,2023-07-17T15:05:00-04:00,0.2749999999999999,9197.04,4653.0,2023-07-17T15:04:00-04:00,0.44999999999999984,8847.04,1167
2023-07-14,2023-07-17,3,6.0,2023-07-14T09:31:00-04:00,6.0,NDXP  230717P15670000,NDXP  230717P15660000,development,False,False,0,0,0,2,0,793,available,False,2023-07-14T09:31:00-04:00,2023-07-17T15:59:00-04:00,0.024999999999999994,11697.04,1.0,last_observed_quote_not_settlement,3916.0,284,38,5.349999999999994,1047.040000000012,2023-07-14T09:32:00-04:00,0.0,5.549999999999983,647.0400000000348,2023-07-14T09:33:00-04:00,0.0,5.849999999999994,47.04000000001208,2023-07-14T09:36:00-04:00,0.0,4.699999999999989,2347.0400000000236,2023-07-14T09:41:00-04:00,0.0,5.0,1747.0400000000006,2023-07-14T09:46:00-04:00,0.0,4.799999999999983,2147.040000000035,2023-07-14T10:01:00-04:00,0.0,3.8999999999999986,3947.0400000000036,2023-07-14T10:31:00-04:00,0.0,4.650000000000006,2447.0399999999895,2023-07-14T11:31:00-04:00,0.0,6.450000000000003,-1152.960000000005,2023-07-14T16:00:00-04:00,0.0,,,2023-07-14T16:15:00-04:00,85500.0,,,2023-07-14T16:15:00-04:00,171900.0,,,2023-07-17T15:59:00-04:00,60.0,1.0,hit,9.0,hit,42.0,hit,47.0,hit,4614.0,hit,4654.0,hit,4665.0,hit,215.0,hit,296.0,hit,296.0,hit,336.0,hit,,never_hit,,never_hit,6.049999999999997,1,False,False,False,False,,8.450000000000017,284,True,True,False,False,,8.450000000000017,284,True,True,False,False,,8.450000000000017,284,True,True,False,False,,47.0,2023-07-14T10:18:00-04:00,2.3500000000000014,7047.039999999998,4603.0,2023-07-17T14:14:00-04:00,2.9499999999999993,5847.040000000002,4604.0,2023-07-17T14:15:00-04:00,2.9499999999999993,5847.040000000002,48.0,2023-07-14T10:19:00-04:00,3.500000000000007,4747.039999999986,4614.0,2023-07-17T14:25:00-04:00,1.7999999999999998,8147.040000000002,4646.0,2023-07-17T14:57:00-04:00,1.7000000000000002,8347.04,4647.0,2023-07-17T14:58:00-04:00,1.6000000000000005,8547.04,4615.0,2023-07-17T14:26:00-04:00,2.6499999999999986,6447.040000000004,4654.0,2023-07-17T15:05:00-04:00,0.8500000000000001,10047.04,4655.0,2023-07-17T15:06:00-04:00,0.7750000000000001,10197.04,4656.0,2023-07-17T15:07:00-04:00,0.9250000000000003,9897.04,4655.0,2023-07-17T15:06:00-04:00,0.7750000000000001,10197.04,4665.0,2023-07-17T15:16:00-04:00,0.4,10947.04,4666.0,2023-07-17T15:17:00-04:00,0.34999999999999987,11047.040000000003,4667.0,2023-07-17T15:18:00-04:00,0.32499999999999996,11097.04,4666.0,2023-07-17T15:17:00-04:00,0.34999999999999987,11047.040000000003,1168
2023-07-14,2023-07-17,3,7.0,2023-07-14T09:31:00-04:00,7.099999999999994,NDXP  230717P15710000,NDXP  230717P15700000,development,False,False,0,0,0,0,0,795,available,False,2023-07-14T09:31:00-04:00,2023-07-17T16:00:00-04:00,3.075,7797.039999999989,0.0,last_observed_quote_not_settlement,3916.0,372,39,6.849999999999994,247.04000000000067,2023-07-14T09:32:00-04:00,0.0,6.1499999999999915,1647.0400000000063,2023-07-14T09:33:00-04:00,0.0,6.75,447.03999999998933,2023-07-14T09:36:00-04:00,0.0,5.6499999999999915,2647.0400000000063,2023-07-14T09:41:00-04:00,0.0,6.549999999999997,847.039999999995,2023-07-14T09:46:00-04:00,0.0,6.299999999999983,1347.0400000000234,2023-07-14T10:01:00-04:00,0.0,4.849999999999994,4247.040000000001,2023-07-14T10:31:00-04:00,0.0,5.400000000000006,3147.039999999978,2023-07-14T11:31:00-04:00,0.0,7.799999999999983,-1652.9599999999766,2023-07-14T16:00:00-04:00,0.0,,,2023-07-14T16:15:00-04:00,85500.0,,,2023-07-14T16:15:00-04:00,171900.0,3.075,7797.039999999989,2023-07-17T16:00:00-04:00,0.0,21.0,hit,29.0,hit,4658.0,hit,4668.0,hit,4669.0,hit,4669.0,hit,,never_hit,292.0,hit,311.0,hit,0.0,hit,311.0,hit,4341.0,hit,,never_hit,9.199999999999989,372,True,True,True,True,,9.199999999999989,372,True,True,True,True,,9.199999999999989,372,True,True,True,True,,,,True,True,True,False,6.424999999999994,4668.0,2023-07-17T15:19:00-04:00,2.125,9697.03999999999,4669.0,2023-07-17T15:20:00-04:00,0.6750000000000003,12597.039999999988,4670.0,2023-07-17T15:21:00-04:00,0.9500000000000004,12047.039999999988,4669.0,2023-07-17T15:20:00-04:00,0.6750000000000003,12597.039999999988,4669.0,2023-07-17T15:20:00-04:00,0.6750000000000003,12597.039999999988,4670.0,2023-07-17T15:21:00-04:00,0.9500000000000004,12047.039999999988,4676.0,2023-07-17T15:27:00-04:00,1.4000000000000004,11147.03999999999,4670.0,2023-07-17T15:21:00-04:00,0.9500000000000004,12047.039999999988,4669.0,2023-07-17T15:20:00-04:00,0.6750000000000003,12597.039999999988,,,,,,,,,4670.0,2023-07-17T15:21:00-04:00,0.9500000000000004,12047.039999999988,,,,,,,,,,,,,,,,,1169
2023-07-17,2023-07-19,2,5.0,2023-07-17T09:31:00-04:00,4.900000000000006,NDXP  230719P15700000,NDXP  230719P15690000,development,False,False,0,0,16,8,0,1191,available,False,2023-07-17T09:31:00-04:00,2023-07-19T15:54:00-04:00,0.0,9547.040000000014,6.0,last_observed_quote_not_settlement,1036.0,444,25,4.649999999999977,247.04000000005752,2023-07-17T09:32:00-04:00,0.0,5.300000000000011,-1052.9600000000107,2023-07-17T09:33:00-04:00,0.0,5.150000000000006,-752.9599999999994,2023-07-17T09:36:00-04:00,0.0,6.199999999999989,-2852.959999999965,2023-07-17T09:41:00-04:00,0.0,5.449999999999989,-1352.9599999999652,2023-07-17T09:46:00-04:00,0.0,6.349999999999994,-3152.9599999999764,2023-07-17T10:01:00-04:00,0.0,6.5,-3452.9599999999878,2023-07-17T10:31:00-04:00,0.0,5.750000000000014,-1952.9600000000164,2023-07-17T11:31:00-04:00,0.0,4.549999999999997,447.04000000001776,2023-07-17T16:00:00-04:00,0.0,1.75,6047.040000000012,2023-07-18T16:00:00-04:00,0.0,,,2023-07-19T15:54:00-04:00,360.0,,,,,0.0,hit,0.0,hit,350.0,hit,1622.0,hit,1658.0,hit,1756.0,hit,2880.0,hit,3.0,hit,4.0,hit,22.0,hit,,never_hit,,never_hit,,never_hit,7.550000000000011,444,True,False,False,False,,7.550000000000011,444,True,False,False,False,,7.550000000000011,444,True,False,False,False,,7.550000000000011,444,True,False,False,False,,1622.0,2023-07-18T12:33:00-04:00,2.900000000000002,3747.0400000000077,1623.0,2023-07-18T12:34:00-04:00,2.5,4547.040000000012,1624.0,2023-07-18T12:35:00-04:00,2.700000000000003,4147.040000000006,1623.0,2023-07-18T12:34:00-04:00,2.5,4547.040000000012,1697.0,2023-07-18T13:48:00-04:00,1.9499999999999993,5647.040000000014,1708.0,2023-07-18T13:59:00-04:00,1.7999999999999972,5947.040000000018,1709.0,2023-07-18T14:00:00-04:00,1.9499999999999993,5647.040000000014,1698.0,2023-07-18T13:49:00-04:00,2.0500000000000007,5447.040000000011,1784.0,2023-07-18T15:15:00-04:00,0.9000000000000021,7747.040000000008,1785.0,2023-07-18T15:16:00-04:00,0.9000000000000004,7747.040000000011,1789.0,2023-07-18T15:20:00-04:00,0.9499999999999993,7647.040000000014,1785.0,2023-07-18T15:16:00-04:00,0.9000000000000004,7747.040000000011,2889.0,2023-07-19T09:40:00-04:00,0.4249999999999998,8697.040000000014,2890.0,2023-07-19T09:41:00-04:00,0.375,8797.040000000014,2891.0,2023-07-19T09:42:00-04:00,0.37500000000000044,8797.040000000012,2890.0,2023-07-19T09:41:00-04:00,0.375,8797.040000000014,1170
2023-07-17,2023-07-19,2,6.0,2023-07-17T09:31:00-04:00,5.949999999999989,NDXP  230719P15750000,NDXP  230719P15740000,development,False,False,0,0,16,11,0,1188,available,False,2023-07-17T09:31:00-04:00,2023-07-19T15:59:00-04:00,0.025000000000000022,11597.039999999979,1.0,last_observed_quote_not_settlement,1036.0,435,31,6.5,-1352.960000000022,2023-07-17T09:32:00-04:00,0.0,7.099999999999994,-2552.9600000000105,2023-07-17T09:33:00-04:00,0.0,6.399999999999977,-1152.9599999999766,2023-07-17T09:36:00-04:00,0.0,6.599999999999966,-1552.9599999999539,2023-07-17T09:41:00-04:00,0.0,7.099999999999994,-2552.9600000000105,2023-07-17T09:46:00-04:00,0.0,6.849999999999994,-2052.9600000000105,2023-07-17T10:01:00-04:00,0.0,7.0,-2352.960000000022,2023-07-17T10:31:00-04:00,0.0,6.599999999999994,-1552.9600000000107,2023-07-17T11:31:00-04:00,0.0,5.950000000000003,-252.96000000002772,2023-07-17T16:00:00-04:00,0.0,2.3499999999999943,6947.039999999989,2023-07-18T16:00:00-04:00,0.0,,,2023-07-19T15:59:00-04:00,60.0,,,,,282.0,hit,349.0,hit,1624.0,hit,1709.0,hit,1732.0,hit,2886.0,hit,2951.0,hit,1.0,hit,2.0,hit,2.0,hit,18.0,hit,,never_hit,,never_hit,8.450000000000017,435,True,True,False,False,,8.450000000000017,435,True,True,False,False,,8.450000000000017,435,True,True,False,False,,8.450000000000017,435,True,True,False,False,,1711.0,2023-07-18T14:02:00-04:00,2.799999999999997,6047.039999999984,1712.0,2023-07-18T14:03:00-04:00,2.700000000000003,6247.039999999973,1713.0,2023-07-18T14:04:00-04:00,2.8500000000000014,5947.039999999975,1712.0,2023-07-18T14:03:00-04:00,2.700000000000003,6247.039999999973,1732.0,2023-07-18T14:23:00-04:00,1.9000000000000021,7847.039999999974,1756.0,2023-07-18T14:47:00-04:00,1.8000000000000007,8047.039999999976,1757.0,2023-07-18T14:48:00-04:00,1.75,8147.039999999978,1733.0,2023-07-18T14:24:00-04:00,2.200000000000003,7247.039999999973,2890.0,2023-07-19T09:41:00-04:00,0.6500000000000004,10347.039999999979,2891.0,2023-07-19T09:42:00-04:00,0.7500000000000009,10147.039999999977,2936.0,2023-07-19T10:27:00-04:00,0.7500000000000009,10147.039999999977,2891.0,2023-07-19T09:42:00-04:00,0.7500000000000009,10147.039999999977,2953.0,2023-07-19T10:44:00-04:00,0.3999999999999999,10847.039999999979,2962.0,2023-07-19T10:53:00-04:00,0.3250000000000002,10997.039999999979,2963.0,2023-07-19T10:54:00-04:00,0.3999999999999999,10847.039999999979,2954.0,2023-07-19T10:45:00-04:00,0.4500000000000002,10747.039999999979,1171
2023-07-17,2023-07-19,2,7.0,2023-07-17T09:31:00-04:00,7.0,NDXP  230719P15710000,NDXP  230719P15700000,development,False,False,0,0,16,31,0,1168,available,False,2023-07-17T09:31:00-04:00,2023-07-19T15:59:00-04:00,0.2,13347.04,1.0,last_observed_quote_not_settlement,1036.0,25,33,7.900000000000034,-2052.9600000000673,2023-07-17T09:32:00-04:00,0.0,7.199999999999989,-652.9599999999766,2023-07-17T09:33:00-04:00,0.0,7.299999999999983,-852.9599999999652,2023-07-17T09:36:00-04:00,0.0,6.700000000000017,347.0399999999666,2023-07-17T09:41:00-04:00,0.0,7.849999999999994,-1952.959999999988,2023-07-17T09:46:00-04:00,0.0,6.950000000000017,-152.9600000000334,2023-07-17T10:01:00-04:00,0.0,5.600000000000023,2547.0399999999554,2023-07-17T10:31:00-04:00,0.0,5.799999999999983,2147.040000000035,2023-07-17T11:31:00-04:00,0.0,5.200000000000003,3347.039999999995,2023-07-17T16:00:00-04:00,0.0,1.0999999999999996,11547.040000000003,2023-07-18T16:00:00-04:00,0.0,,,2023-07-19T15:59:00-04:00,60.0,,,,,45.0,hit,116.0,hit,366.0,hit,1617.0,hit,1685.0,hit,1785.0,hit,2882.0,hit,1.0,hit,16.0,hit,0.0,hit,16.0,hit,,never_hit,,never_hit,8.049999999999983,25,True,True,False,False,,8.049999999999983,25,True,True,False,False,,8.049999999999983,25,True,True,False,False,,8.049999999999983,25,True,True,False,False,,1617.0,2023-07-18T12:28:00-04:00,2.8999999999999986,7947.040000000004,1626.0,2023-07-18T12:37:00-04:00,2.6999999999999957,8347.04000000001,1627.0,2023-07-18T12:38:00-04:00,2.799999999999997,8147.040000000007,1618.0,2023-07-18T12:29:00-04:00,3.200000000000003,7347.039999999995,1685.0,2023-07-18T13:36:00-04:00,1.8500000000000014,10047.039999999999,1718.0,2023-07-18T14:09:00-04:00,1.6999999999999993,10347.040000000003,1719.0,2023-07-18T14:10:00-04:00,1.8500000000000014,10047.039999999999,1686.0,2023-07-18T13:37:00-04:00,2.3000000000000007,9147.04,1785.0,2023-07-18T15:16:00-04:00,0.9499999999999993,11847.040000000003,2881.0,2023-07-19T09:32:00-04:00,0.6499999999999999,12447.04,2882.0,2023-07-19T09:33:00-04:00,0.5,12747.04,1786.0,2023-07-18T15:17:00-04:00,1.0500000000000007,11647.04,2890.0,2023-07-19T09:41:00-04:00,0.3999999999999999,12947.04,2891.0,2023-07-19T09:42:00-04:00,0.2749999999999999,13197.04,2947.0,2023-07-19T10:38:00-04:00,0.40000000000000036,12947.04,2891.0,2023-07-19T09:42:00-04:00,0.2749999999999999,13197.04,1172
2023-07-17,2023-07-20,3,5.0,2023-07-17T09:31:00-04:00,5.099999999999994,NDXP  230720P15660000,NDXP  230720P15650000,development,False,False,0,0,0,39,0,1566,available,False,2023-07-17T09:31:00-04:00,2023-07-20T16:00:00-04:00,10.0,-9952.96000000001,0.0,last_observed_quote_not_settlement,1036.0,418,69,5.349999999999994,-752.9599999999994,2023-07-17T09:32:00-04:00,0.0,5.450000000000017,-952.9600000000448,2023-07-17T09:33:00-04:00,0.0,5.25,-552.9600000000107,2023-07-17T09:36:00-04:00,0.0,5.050000000000011,-152.9600000000334,2023-07-17T09:41:00-04:00,0.0,5.650000000000006,-1352.960000000022,2023-07-17T09:46:00-04:00,0.0,5.549999999999983,-1152.9599999999766,2023-07-17T10:01:00-04:00,0.0,5.25,-552.9600000000107,2023-07-17T10:31:00-04:00,0.0,4.899999999999977,147.0400000000348,2023-07-17T11:31:00-04:00,0.0,3.9000000000000057,2147.039999999978,2023-07-17T16:00:00-04:00,0.0,1.6999999999999993,6547.039999999991,2023-07-18T16:00:00-04:00,0.0,1.1000000000000014,7747.039999999986,2023-07-19T16:00:00-04:00,0.0,10.0,-9952.96000000001,2023-07-20T16:00:00-04:00,0.0,0.0,hit,6.0,hit,294.0,hit,1607.0,hit,1671.0,hit,2880.0,hit,3274.0,hit,15.0,hit,4378.0,hit,4384.0,hit,4503.0,hit,4536.0,hit,4596.0,hit,6.0,149,False,False,False,False,,6.0,149,False,False,False,False,,6.0,149,False,False,False,False,,6.0,150,False,False,False,False,,1613.0,2023-07-18T12:24:00-04:00,2.8500000000000014,4247.039999999986,1619.0,2023-07-18T12:30:00-04:00,2.6000000000000014,4747.039999999986,1620.0,2023-07-18T12:31:00-04:00,2.799999999999997,4347.039999999995,1614.0,2023-07-18T12:25:00-04:00,3.3999999999999986,3147.0399999999922,1690.0,2023-07-18T13:41:00-04:00,1.9499999999999993,6047.039999999991,1717.0,2023-07-18T14:08:00-04:00,1.7000000000000028,6547.039999999984,1718.0,2023-07-18T14:09:00-04:00,1.8999999999999986,6147.039999999992,1691.0,2023-07-18T13:42:00-04:00,2.150000000000002,5647.039999999985,2880.0,2023-07-19T09:31:00-04:00,0.9499999999999993,8047.039999999991,2953.0,2023-07-19T10:44:00-04:00,0.8500000000000014,8247.039999999988,2954.0,2023-07-19T10:45:00-04:00,0.7500000000000018,8447.039999999986,2881.0,2023-07-19T09:32:00-04:00,1.0,7947.039999999989,3274.0,2023-07-19T16:05:00-04:00,0.3000000000000007,9347.039999999988,,,,,,,,,3275.0,2023-07-19T16:06:00-04:00,1.6500000000000021,6647.039999999985,1173
2023-07-17,2023-07-20,3,6.0,2023-07-17T09:31:00-04:00,6.0,NDXP  230720P15710000,NDXP  230720P15700000,development,False,False,0,0,0,40,0,1565,available,False,2023-07-17T09:31:00-04:00,2023-07-20T16:00:00-04:00,10.0,-8152.96,0.0,last_observed_quote_not_settlement,1036.0,345,69,7.5,-3252.959999999999,2023-07-17T09:32:00-04:00,0.0,6.25,-752.9599999999994,2023-07-17T09:33:00-04:00,0.0,5.899999999999977,-52.959999999953816,2023-07-17T09:36:00-04:00,0.0,5.699999999999989,347.04000000002344,2023-07-17T09:41:00-04:00,0.0,7.099999999999994,-2452.9599999999878,2023-07-17T09:46:00-04:00,0.0,5.5,747.0400000000006,2023-07-17T10:01:00-04:00,0.0,4.75,2247.040000000001,2023-07-17T10:31:00-04:00,0.0,5.699999999999989,347.04000000002344,2023-07-17T11:31:00-04:00,0.0,4.550000000000011,2647.039999999978,2023-07-17T16:00:00-04:00,0.0,2.4499999999999957,6847.040000000009,2023-07-18T16:00:00-04:00,0.0,2.1499999999999986,7447.040000000004,2023-07-19T16:00:00-04:00,0.0,10.0,-8152.96,2023-07-20T16:00:00-04:00,0.0,9.0,hit,60.0,hit,1588.0,hit,1655.0,hit,1758.0,hit,3278.0,hit,,never_hit,1.0,hit,1.0,hit,1.0,hit,1461.0,hit,4492.0,hit,4502.0,hit,8.349999999999994,68,True,True,False,False,,8.349999999999994,68,True,True,False,False,,8.349999999999994,68,True,True,False,False,,,,True,True,True,False,5.25,1655.0,2023-07-18T13:06:00-04:00,2.8999999999999986,5947.040000000004,1688.0,2023-07-18T13:39:00-04:00,2.8999999999999986,5947.040000000004,1689.0,2023-07-18T13:40:00-04:00,2.9499999999999957,5847.040000000009,1656.0,2023-07-18T13:07:00-04:00,3.1499999999999915,5447.040000000018,1758.0,2023-07-18T14:49:00-04:00,1.8999999999999986,7947.040000000004,1784.0,2023-07-18T15:15:00-04:00,1.8999999999999986,7947.040000000004,1785.0,2023-07-18T15:16:00-04:00,1.8000000000000043,8147.039999999993,1759.0,2023-07-18T14:50:00-04:00,2.0,7747.040000000001,3278.0,2023-07-19T16:09:00-04:00,0.75,10247.04,,,,,,,,,3279.0,2023-07-19T16:10:00-04:00,1.9500000000000028,7847.039999999995,,,,,,,,,,,,,,,,,1174
2023-07-17,2023-07-20,3,7.0,2023-07-17T09:31:00-04:00,7.0,NDXP  230720P15800000,NDXP  230720P15790000,development,False,False,0,0,0,96,0,1509,available,False,2023-07-17T09:31:00-04:00,2023-07-20T16:00:00-04:00,10.0,-6152.96,0.0,last_observed_quote_not_settlement,1036.0,465,116,6.699999999999989,347.04000000002344,2023-07-17T09:32:00-04:00,0.0,6.600000000000023,547.0399999999552,2023-07-17T09:33:00-04:00,0.0,7.150000000000034,-552.9600000000676,2023-07-17T09:36:00-04:00,0.0,6.900000000000034,-52.9600000000675,2023-07-17T09:41:00-04:00,0.0,7.400000000000006,-1052.9600000000107,2023-07-17T09:46:00-04:00,0.0,7.199999999999989,-652.9599999999766,2023-07-17T10:01:00-04:00,0.0,7.399999999999977,-1052.9599999999539,2023-07-17T10:31:00-04:00,0.0,6.900000000000034,-52.9600000000675,2023-07-17T11:31:00-04:00,0.0,6.0,1747.0400000000006,2023-07-17T16:00:00-04:00,0.0,3.6999999999999957,6347.040000000009,2023-07-18T16:00:00-04:00,0.0,4.0,5747.040000000001,2023-07-19T16:00:00-04:00,0.0,10.0,-6152.96,2023-07-20T16:00:00-04:00,0.0,349.0,hit,1576.0,hit,1711.0,hit,1784.0,hit,2962.0,hit,,never_hit,,never_hit,6.0,hit,1484.0,hit,0.0,hit,1484.0,hit,4371.0,hit,4379.0,hit,8.400000000000006,242,True,True,False,False,,8.400000000000006,242,True,True,False,False,,,,True,True,True,False,5.099999999999998,,,True,True,True,False,5.099999999999998,2881.0,2023-07-19T09:32:00-04:00,2.8999999999999986,7947.040000000004,2951.0,2023-07-19T10:42:00-04:00,2.8000000000000043,8147.039999999993,2952.0,2023-07-19T10:43:00-04:00,2.650000000000002,8447.039999999997,2882.0,2023-07-19T09:33:00-04:00,3.049999999999997,7647.040000000006,2962.0,2023-07-19T10:53:00-04:00,1.9000000000000021,9947.039999999997,,,,,,,,,2963.0,2023-07-19T10:54:00-04:00,2.3000000000000007,9147.04,,,,,,,,,,,,,,,,,,,,,,,,,,,,,,,,,1175
2023-07-18,2023-07-20,2,5.0,2023-07-18T09:31:00-04:00,5.0,NDXP  230720P15650000,NDXP  230720P15640000,development,False,False,0,0,0,23,0,1177,available,False,2023-07-18T09:31:00-04:00,2023-07-20T16:00:00-04:00,10.0,-10152.96,0.0,last_observed_quote_not_settlement,1036.0,310,33,4.550000000000011,647.0399999999779,2023-07-18T09:32:00-04:00,0.0,4.5,747.0400000000006,2023-07-18T09:33:00-04:00,0.0,4.950000000000003,-152.96000000000498,2023-07-18T09:36:00-04:00,0.0,5.049999999999997,-352.9599999999936,2023-07-18T09:41:00-04:00,0.0,5.150000000000006,-552.9600000000107,2023-07-18T09:46:00-04:00,0.0,4.75,247.04000000000067,2023-07-18T10:01:00-04:00,0.0,5.150000000000006,-552.9600000000107,2023-07-18T10:31:00-04:00,0.0,4.75,247.04000000000067,2023-07-18T11:31:00-04:00,0.0,1.6499999999999986,6447.040000000004,2023-07-18T16:00:00-04:00,0.0,1.4499999999999993,6847.040000000002,2023-07-19T16:00:00-04:00,0.0,10.0,-10152.96,2023-07-20T16:00:00-04:00,0.0,,,,,0.0,hit,0.0,hit,132.0,hit,142.0,hit,183.0,hit,1450.0,hit,1821.0,hit,6.0,hit,2942.0,hit,2943.0,hit,3065.0,hit,3114.0,hit,3155.0,hit,5.849999999999994,30,False,False,False,False,,5.849999999999994,30,False,False,False,False,,5.849999999999994,30,False,False,False,False,,5.849999999999994,30,False,False,False,False,,154.0,2023-07-18T12:05:00-04:00,2.8999999999999915,3947.0400000000177,155.0,2023-07-18T12:06:00-04:00,2.75,4247.040000000001,156.0,2023-07-18T12:07:00-04:00,2.8499999999999943,4047.040000000012,155.0,2023-07-18T12:06:00-04:00,2.75,4247.040000000001,271.0,2023-07-18T14:02:00-04:00,1.8500000000000014,6047.039999999998,272.0,2023-07-18T14:03:00-04:00,1.8500000000000014,6047.039999999998,273.0,2023-07-18T14:04:00-04:00,1.7999999999999972,6147.040000000006,272.0,2023-07-18T14:03:00-04:00,1.8500000000000014,6047.039999999998,1450.0,2023-07-19T09:41:00-04:00,0.9499999999999993,7847.040000000002,1451.0,2023-07-19T09:42:00-04:00,0.8000000000000007,8147.04,1510.0,2023-07-19T10:41:00-04:00,0.8499999999999996,8047.040000000002,1451.0,2023-07-19T09:42:00-04:00,0.8000000000000007,8147.04,1821.0,2023-07-19T15:52:00-04:00,0.4499999999999993,8847.040000000003,,,,,,,,,1822.0,2023-07-19T15:53:00-04:00,0.9499999999999993,7847.040000000002,1176
2023-07-18,2023-07-20,2,6.0,2023-07-18T09:31:00-04:00,6.200000000000003,NDXP  230720P15710000,NDXP  230720P15700000,development,False,False,0,0,0,40,0,1160,available,False,2023-07-18T09:31:00-04:00,2023-07-20T16:00:00-04:00,10.0,-7752.959999999994,0.0,last_observed_quote_not_settlement,1036.0,288,17,5.550000000000011,1047.0399999999836,2023-07-18T09:32:00-04:00,0.0,5.799999999999983,547.0400000000404,2023-07-18T09:33:00-04:00,0.0,6.0,147.0400000000064,2023-07-18T09:36:00-04:00,0.0,6.150000000000006,-152.96000000000498,2023-07-18T09:41:00-04:00,0.0,6.449999999999989,-752.9599999999709,2023-07-18T09:46:00-04:00,0.0,6.099999999999994,-52.95999999998224,2023-07-18T10:01:00-04:00,0.0,6.049999999999997,47.04000000001208,2023-07-18T10:31:00-04:00,0.0,5.75,647.0400000000063,2023-07-18T11:31:00-04:00,0.0,2.4499999999999957,7247.0400000000145,2023-07-18T16:00:00-04:00,0.0,2.1499999999999986,7847.040000000009,2023-07-19T16:00:00-04:00,0.0,10.0,-7752.959999999994,2023-07-20T16:00:00-04:00,0.0,,,,,18.0,hit,66.0,hit,148.0,hit,215.0,hit,318.0,hit,1838.0,hit,,never_hit,7.0,hit,20.0,hit,20.0,hit,21.0,hit,3052.0,hit,3062.0,hit,8.349999999999994,14,True,True,False,False,,8.349999999999994,14,True,True,False,False,,8.349999999999994,14,True,True,False,False,,,,True,True,True,False,5.450000000000003,215.0,2023-07-18T13:06:00-04:00,2.8999999999999986,6347.040000000009,248.0,2023-07-18T13:39:00-04:00,2.8999999999999986,6347.040000000009,249.0,2023-07-18T13:40:00-04:00,2.9499999999999957,6247.0400000000145,216.0,2023-07-18T13:07:00-04:00,3.1499999999999915,5847.040000000024,318.0,2023-07-18T14:49:00-04:00,1.8999999999999986,8347.04000000001,344.0,2023-07-18T15:15:00-04:00,1.8999999999999986,8347.04000000001,345.0,2023-07-18T15:16:00-04:00,1.8000000000000043,8547.039999999999,319.0,2023-07-18T14:50:00-04:00,2.0,8147.040000000007,1838.0,2023-07-19T16:09:00-04:00,0.75,10647.040000000008,,,,,,,,,1839.0,2023-07-19T16:10:00-04:00,1.9500000000000028,8247.04,,,,,,,,,,,,,,,,,1177
2023-07-18,2023-07-20,2,7.0,2023-07-18T09:31:00-04:00,7.0,NDXP  230720P15800000,NDXP  230720P15790000,development,False,False,0,0,0,96,0,1104,available,False,2023-07-18T09:31:00-04:00,2023-07-20T16:00:00-04:00,10.0,-6152.96,0.0,last_observed_quote_not_settlement,1036.0,309,52,5.899999999999977,1947.0400000000461,2023-07-18T09:32:00-04:00,0.0,6.200000000000017,1347.0399999999665,2023-07-18T09:33:00-04:00,0.0,6.899999999999977,-52.959999999953816,2023-07-18T09:36:00-04:00,0.0,7.400000000000006,-1052.9600000000107,2023-07-18T09:41:00-04:00,0.0,6.650000000000006,447.03999999998933,2023-07-18T09:46:00-04:00,0.0,7.099999999999966,-452.9599999999311,2023-07-18T10:01:00-04:00,0.0,7.5,-1252.9599999999994,2023-07-18T10:31:00-04:00,0.0,7.349999999999966,-952.9599999999311,2023-07-18T11:31:00-04:00,0.0,3.6999999999999957,6347.040000000009,2023-07-18T16:00:00-04:00,0.0,4.0,5747.040000000001,2023-07-19T16:00:00-04:00,0.0,10.0,-6152.96,2023-07-20T16:00:00-04:00,0.0,,,,,136.0,hit,136.0,hit,271.0,hit,344.0,hit,1522.0,hit,,never_hit,,never_hit,3.0,hit,44.0,hit,0.0,hit,44.0,hit,2931.0,hit,2939.0,hit,8.400000000000006,86,True,True,False,False,,8.400000000000006,86,True,True,False,False,,,,True,True,True,False,5.099999999999998,,,True,True,True,False,5.099999999999998,1441.0,2023-07-19T09:32:00-04:00,2.8999999999999986,7947.040000000004,1511.0,2023-07-19T10:42:00-04:00,2.8000000000000043,8147.039999999993,1512.0,2023-07-19T10:43:00-04:00,2.650000000000002,8447.039999999997,1442.0,2023-07-19T09:33:00-04:00,3.049999999999997,7647.040000000006,1522.0,2023-07-19T10:53:00-04:00,1.9000000000000021,9947.039999999997,,,,,,,,,1523.0,2023-07-19T10:54:00-04:00,2.3000000000000007,9147.04,,,,,,,,,,,,,,,,,,,,,,,,,,,,,,,,,1178
2023-07-21,2023-07-24,3,5.0,2023-07-21T09:31:00-04:00,4.950000000000003,NDXP  230724P15560000,NDXP  230724P15550000,development,False,False,0,0,0,42,0,753,available,False,2023-07-21T09:31:00-04:00,2023-07-24T16:00:00-04:00,10.0,-10252.959999999994,0.0,last_observed_quote_not_settlement,3916.0,712,3,4.549999999999997,547.040000000012,2023-07-21T09:32:00-04:00,0.0,3.8500000000000085,1947.0399999999893,2023-07-21T09:33:00-04:00,0.0,4.099999999999994,1447.0400000000177,2023-07-21T09:36:00-04:00,0.0,5.099999999999994,-552.9599999999823,2023-07-21T09:41:00-04:00,0.0,4.199999999999989,1247.040000000029,2023-07-21T09:46:00-04:00,0.0,5.750000000000014,-1852.960000000022,2023-07-21T10:01:00-04:00,0.0,7.0,-4352.959999999994,2023-07-21T10:31:00-04:00,0.0,5.75,-1852.9599999999937,2023-07-21T11:31:00-04:00,0.0,8.800000000000011,-7952.960000000018,2023-07-21T16:00:00-04:00,0.0,,,2023-07-21T16:15:00-04:00,85500.0,,,2023-07-21T16:15:00-04:00,171900.0,10.0,-10252.959999999994,2023-07-24T16:00:00-04:00,0.0,0.0,hit,0.0,hit,2.0,hit,,never_hit,,never_hit,,never_hit,,never_hit,19.0,hit,24.0,hit,33.0,hit,340.0,hit,4341.0,hit,4341.0,hit,,,True,True,True,False,1.1500000000000057,,,True,True,True,False,1.1500000000000057,,,True,True,True,False,1.1500000000000057,,,True,True,True,False,1.1500000000000057,,,,,,,,,,,,,,,,,,,,,,,,,,,,,,,,,,,,,,,,,,,,,,,,,,,,,,,,,,,,,,,,,1179
2023-07-21,2023-07-24,3,6.0,2023-07-21T09:31:00-04:00,5.949999999999989,NDXP  230724P15610000,NDXP  230724P15600000,development,False,False,0,0,0,53,0,742,available,False,2023-07-21T09:31:00-04:00,2023-07-24T15:59:00-04:00,9.949999999999989,-8252.960000000001,1.0,last_observed_quote_not_settlement,3916.0,691,8,6.049999999999997,-452.96000000001635,2023-07-21T09:32:00-04:00,0.0,4.749999999999986,2147.0400000000063,2023-07-21T09:33:00-04:00,0.0,5.1000000000000085,1447.0399999999609,2023-07-21T09:36:00-04:00,0.0,5.950000000000017,-252.96000000005614,2023-07-21T09:41:00-04:00,0.0,5.3500000000000085,947.0399999999609,2023-07-21T09:46:00-04:00,0.0,6.550000000000011,-1452.9600000000448,2023-07-21T10:01:00-04:00,0.0,6.949999999999989,-2252.959999999999,2023-07-21T10:31:00-04:00,0.0,6.899999999999977,-2152.9599999999764,2023-07-21T11:31:00-04:00,0.0,8.850000000000023,-6052.960000000069,2023-07-21T16:00:00-04:00,0.0,,,2023-07-21T16:15:00-04:00,85500.0,,,2023-07-21T16:15:00-04:00,171900.0,,,2023-07-24T15:59:00-04:00,60.0,2.0,hit,2.0,hit,,never_hit,,never_hit,,never_hit,,never_hit,,never_hit,6.0,hit,26.0,hit,31.0,hit,58.0,hit,348.0,hit,4338.0,hit,,,True,True,True,False,1.2000000000000028,,,True,True,True,False,1.2000000000000028,,,True,True,True,False,1.2000000000000028,,,True,True,True,False,1.2000000000000028,,,,,,,,,,,,,,,,,,,,,,,,,,,,,,,,,,,,,,,,,,,,,,,,,,,,,,,,,,,,,,,,,1180
2023-07-21,2023-07-24,3,7.0,2023-07-21T09:31:00-04:00,7.050000000000011,NDXP  230724P15670000,NDXP  230724P15660000,development,False,False,0,0,0,54,0,741,available,False,2023-07-21T09:31:00-04:00,2023-07-24T15:59:00-04:00,9.949999999999989,-6052.9599999999555,1.0,last_observed_quote_not_settlement,3916.0,682,7,6.299999999999983,1247.0400000000575,2023-07-21T09:32:00-04:00,0.0,5.300000000000011,3247.040000000001,2023-07-21T09:33:00-04:00,0.0,5.800000000000011,2247.040000000001,2023-07-21T09:36:00-04:00,0.0,7.350000000000023,-852.9600000000221,2023-07-21T09:41:00-04:00,0.0,6.949999999999989,-52.959999999953816,2023-07-21T09:46:00-04:00,0.0,7.699999999999989,-1552.9599999999539,2023-07-21T10:01:00-04:00,0.0,7.649999999999977,-1452.9599999999311,2023-07-21T10:31:00-04:00,0.0,7.75,-1652.9599999999766,2023-07-21T11:31:00-04:00,0.0,9.400000000000006,-4952.95999999999,2023-07-21T16:00:00-04:00,0.0,,,2023-07-21T16:15:00-04:00,85500.0,,,2023-07-21T16:15:00-04:00,171900.0,,,2023-07-24T15:59:00-04:00,60.0,2.0,hit,,never_hit,,never_hit,,never_hit,,never_hit,,never_hit,,never_hit,21.0,hit,31.0,hit,0.0,hit,31.0,hit,56.0,hit,200.0,hit,,,True,True,True,False,1.75,,,True,True,True,False,1.75,,,True,True,True,False,1.75,,,True,True,True,False,1.75,,,,,,,,,,,,,,,,,,,,,,,,,,,,,,,,,,,,,,,,,,,,,,,,,,,,,,,,,,,,,,,,,1181
2023-07-24,2023-07-26,2,5.0,2023-07-24T09:31:00-04:00,4.950000000000003,NDXP  230726P15490000,NDXP  230726P15480000,development,False,False,0,0,0,2,15,1198,available,False,2023-07-24T09:31:00-04:00,2023-07-26T16:00:00-04:00,4.5,647.0400000000063,0.0,last_observed_quote_not_settlement,1036.0,626,78,4.049999999999997,1547.040000000012,2023-07-24T09:32:00-04:00,0.0,4.800000000000011,47.03999999998366,2023-07-24T09:33:00-04:00,0.0,4.650000000000006,347.039999999995,2023-07-24T09:36:00-04:00,0.0,4.850000000000023,-52.96000000003908,2023-07-24T09:41:00-04:00,0.0,5.099999999999994,-552.9599999999823,2023-07-24T09:46:00-04:00,0.0,5.75,-1852.9599999999937,2023-07-24T10:01:00-04:00,0.0,4.899999999999977,-152.95999999994814,2023-07-24T10:31:00-04:00,0.0,5.400000000000034,-1152.9600000000619,2023-07-24T11:31:00-04:00,0.0,3.5500000000000114,2547.0399999999836,2023-07-24T16:00:00-04:00,0.0,3.749999999999993,2147.0400000000204,2023-07-25T16:00:00-04:00,0.0,4.5,647.0400000000063,2023-07-26T16:00:00-04:00,0.0,,,,,0.0,hit,0.0,hit,389.0,hit,1744.0,hit,3251.0,hit,3254.0,hit,,never_hit,14.0,hit,24.0,hit,2969.0,hit,3228.0,hit,,never_hit,,never_hit,6.350000000000023,365,False,False,False,False,,8.5,620,True,True,False,False,,8.5,620,True,True,False,False,,,,True,True,False,False,4.400000000000003,1756.0,2023-07-25T14:47:00-04:00,2.8999999999999986,3847.040000000009,3202.0,2023-07-26T14:53:00-04:00,2.599999999999998,4447.040000000011,3203.0,2023-07-26T14:54:00-04:00,2.25,5147.040000000006,1757.0,2023-07-25T14:48:00-04:00,3.049999999999997,3547.0400000000122,3251.0,2023-07-26T15:42:00-04:00,1.2750000000000004,7097.040000000005,3252.0,2023-07-26T15:43:00-04:00,1.8500000000000005,5947.040000000005,3253.0,2023-07-26T15:44:00-04:00,1.3749999999999996,6897.040000000006,3252.0,2023-07-26T15:43:00-04:00,1.8500000000000005,5947.040000000005,3254.0,2023-07-26T15:45:00-04:00,0.5499999999999998,8547.040000000008,,,,,,,,,3255.0,2023-07-26T15:46:00-04:00,1.7999999999999998,6047.040000000006,,,,,,,,,,,,,,,,,1182
2023-07-24,2023-07-26,2,6.0,2023-07-24T09:31:00-04:00,6.049999999999983,NDXP  230726P15650000,NDXP  230726P15640000,development,False,False,0,0,0,17,0,1182,available,False,2023-07-24T09:31:00-04:00,2023-07-26T15:59:00-04:00,10.0,-8052.960000000034,1.0,last_observed_quote_not_settlement,1036.0,908,54,5.049999999999983,1747.0400000000006,2023-07-24T09:32:00-04:00,0.0,6.200000000000017,-552.9600000000676,2023-07-24T09:33:00-04:00,0.0,5.049999999999983,1747.0400000000006,2023-07-24T09:36:00-04:00,0.0,6.25,-652.9600000000335,2023-07-24T09:41:00-04:00,0.0,7.049999999999983,-2252.959999999999,2023-07-24T09:46:00-04:00,0.0,7.650000000000034,-3452.9600000001014,2023-07-24T10:01:00-04:00,0.0,7.150000000000006,-2452.9600000000446,2023-07-24T10:31:00-04:00,0.0,7.350000000000023,-2852.9600000000787,2023-07-24T11:31:00-04:00,0.0,7.300000000000011,-2752.960000000056,2023-07-24T16:00:00-04:00,0.0,6.000000000000028,-152.96000000009025,2023-07-25T16:00:00-04:00,0.0,,,2023-07-26T15:59:00-04:00,60.0,,,,,1.0,hit,14.0,hit,14.0,hit,14.0,hit,14.0,hit,14.0,hit,,never_hit,11.0,hit,15.0,hit,15.0,hit,24.0,hit,313.0,hit,2973.0,hit,6.75,7,False,False,False,False,,6.75,7,False,False,False,False,,6.75,7,False,False,False,False,,,,True,True,True,False,5.400000000000006,14.0,2023-07-24T09:45:00-04:00,0.6499999999999773,10547.040000000014,,,,,,,,,15.0,2023-07-24T09:46:00-04:00,7.049999999999983,-2252.959999999999,14.0,2023-07-24T09:45:00-04:00,0.6499999999999773,10547.040000000014,,,,,,,,,15.0,2023-07-24T09:46:00-04:00,7.049999999999983,-2252.959999999999,14.0,2023-07-24T09:45:00-04:00,0.6499999999999773,10547.040000000014,,,,,,,,,15.0,2023-07-24T09:46:00-04:00,7.049999999999983,-2252.959999999999,,,,,,,,,,,,,,,,,1183
2023-07-24,2023-07-26,2,7.0,2023-07-24T09:31:00-04:00,7.150000000000006,NDXP  230726P15610000,NDXP  230726P15600000,development,False,False,0,0,0,14,0,1185,available,False,2023-07-24T09:31:00-04:00,2023-07-26T15:58:00-04:00,9.999999999999986,-5852.959999999988,2.0,last_observed_quote_not_settlement,1036.0,443,164,7.549999999999983,-1052.9599999999539,2023-07-24T09:32:00-04:00,0.0,7.050000000000011,-52.96000000001066,2023-07-24T09:33:00-04:00,0.0,7.299999999999983,-552.9599999999539,2023-07-24T09:36:00-04:00,0.0,6.649999999999977,747.0400000000575,2023-07-24T09:41:00-04:00,0.0,6.800000000000011,447.03999999998933,2023-07-24T09:46:00-04:00,0.0,7.500000000000057,-952.9600000001017,2023-07-24T10:01:00-04:00,0.0,6.350000000000023,1347.0399999999665,2023-07-24T10:31:00-04:00,0.0,8.449999999999989,-2852.959999999967,2023-07-24T11:31:00-04:00,0.0,7.399999999999977,-752.9599999999425,2023-07-24T16:00:00-04:00,0.0,5.699999999999989,2647.040000000035,2023-07-25T16:00:00-04:00,0.0,,,2023-07-26T15:58:00-04:00,120.0,,,,,265.0,hit,1648.0,hit,1830.0,hit,1830.0,hit,,never_hit,,never_hit,,never_hit,21.0,hit,21.0,hit,0.0,hit,21.0,hit,3110.0,hit,3183.0,hit,8.949999999999989,122,True,True,False,False,,,,True,True,True,False,4.349999999999994,,,True,True,True,False,4.349999999999994,,,True,True,True,False,4.349999999999994,1830.0,2023-07-25T16:01:00-04:00,2.8000000000000114,8447.03999999999,,,,,,,,,1831.0,2023-07-25T16:02:00-04:00,7.900000000000006,-1752.9599999999994,,,,,,,,,,,,,,,,,,,,,,,,,,,,,,,,,,,,,,,,,,,,,,,,,1184
2023-07-24,2023-07-27,3,5.0,2023-07-24T09:31:00-04:00,4.949999999999989,NDXP  230727P15490000,NDXP  230727P15480000,development,False,False,0,0,0,2,0,1602,available,False,2023-07-24T09:31:00-04:00,2023-07-27T15:59:00-04:00,8.75,-7852.960000000024,1.0,last_observed_quote_not_settlement,1036.0,577,97,4.699999999999989,247.04000000000067,2023-07-24T09:32:00-04:00,0.0,4.799999999999983,47.04000000001208,2023-07-24T09:33:00-04:00,0.0,4.599999999999994,447.03999999998933,2023-07-24T09:36:00-04:00,0.0,4.699999999999989,247.04000000000067,2023-07-24T09:41:00-04:00,0.0,4.800000000000011,47.039999999955235,2023-07-24T09:46:00-04:00,0.0,5.699999999999989,-1752.9599999999994,2023-07-24T10:01:00-04:00,0.0,4.900000000000034,-152.96000000009025,2023-07-24T10:31:00-04:00,0.0,5.350000000000023,-1052.9600000000676,2023-07-24T11:31:00-04:00,0.0,6.000000000000028,-2352.9600000000787,2023-07-24T16:00:00-04:00,0.0,3.6999999999999886,2247.040000000001,2023-07-25T16:00:00-04:00,0.0,4.6000000000000085,447.0399999999609,2023-07-26T16:00:00-04:00,0.0,,,2023-07-27T15:59:00-04:00,60.0,0.0,hit,0.0,hit,1466.0,hit,1757.0,hit,3214.0,hit,4320.0,hit,4320.0,hit,17.0,hit,32.0,hit,4649.0,hit,4690.0,hit,4695.0,hit,4695.0,hit,6.25,319,False,False,False,False,,6.25,497,False,False,False,False,,6.849999999999994,528,False,False,False,False,,6.849999999999994,528,False,False,False,False,,1831.0,2023-07-25T16:02:00-04:00,2.299999999999997,5047.039999999984,3278.0,2023-07-26T16:09:00-04:00,2.9000000000000057,3847.0399999999668,4322.0,2023-07-27T09:33:00-04:00,0.17500000000000004,9297.039999999979,1832.0,2023-07-25T16:03:00-04:00,3.950000000000003,1747.0399999999722,3214.0,2023-07-26T15:05:00-04:00,1.5,6647.039999999978,4321.0,2023-07-27T09:32:00-04:00,0.22499999999999987,9197.039999999979,4322.0,2023-07-27T09:33:00-04:00,0.17500000000000004,9297.039999999979,3215.0,2023-07-26T15:06:00-04:00,4.25,1147.039999999978,4320.0,2023-07-27T09:31:00-04:00,0.25,9147.039999999979,4321.0,2023-07-27T09:32:00-04:00,0.22499999999999987,9197.039999999979,4322.0,2023-07-27T09:33:00-04:00,0.17500000000000004,9297.039999999979,4321.0,2023-07-27T09:32:00-04:00,0.22499999999999987,9197.039999999979,4320.0,2023-07-27T09:31:00-04:00,0.25,9147.039999999979,4321.0,2023-07-27T09:32:00-04:00,0.22499999999999987,9197.039999999979,4322.0,2023-07-27T09:33:00-04:00,0.17500000000000004,9297.039999999979,4321.0,2023-07-27T09:32:00-04:00,0.22499999999999987,9197.039999999979,1185
2023-07-24,2023-07-27,3,6.0,2023-07-24T09:31:00-04:00,5.900000000000006,NDXP  230727P15590000,NDXP  230727P15580000,development,False,False,0,0,0,15,0,1589,available,False,2023-07-24T09:31:00-04:00,2023-07-27T15:57:00-04:00,9.800000000000011,-8052.960000000013,3.0,last_observed_quote_not_settlement,1036.0,796,81,5.699999999999989,147.0400000000348,2023-07-24T09:32:00-04:00,0.0,5.050000000000011,1447.0399999999893,2023-07-24T09:33:00-04:00,0.0,5.649999999999977,247.04000000005752,2023-07-24T09:36:00-04:00,0.0,5.800000000000011,-52.96000000001066,2023-07-24T09:41:00-04:00,0.0,6.199999999999989,-852.9599999999652,2023-07-24T09:46:00-04:00,0.0,6.400000000000034,-1252.9600000000562,2023-07-24T10:01:00-04:00,0.0,6.050000000000011,-552.9600000000107,2023-07-24T10:31:00-04:00,0.0,6.149999999999977,-752.9599999999425,2023-07-24T11:31:00-04:00,0.0,6.0,-452.95999999998793,2023-07-24T16:00:00-04:00,0.0,5.050000000000011,1447.0399999999893,2023-07-25T16:00:00-04:00,0.0,5.799999999999997,-52.95999999998224,2023-07-26T16:00:00-04:00,0.0,,,2023-07-27T15:57:00-04:00,180.0,2.0,hit,84.0,hit,1441.0,hit,4320.0,hit,4320.0,hit,4322.0,hit,4331.0,hit,21.0,hit,23.0,hit,25.0,hit,3214.0,hit,4622.0,hit,4643.0,hit,8.699999999999989,718,True,True,False,False,,8.699999999999989,718,True,True,False,False,,8.699999999999989,718,True,True,False,False,,8.699999999999989,718,True,True,False,False,,4320.0,2023-07-27T09:31:00-04:00,1.200000000000001,9147.04000000001,4321.0,2023-07-27T09:32:00-04:00,1.1499999999999995,9247.040000000014,4322.0,2023-07-27T09:33:00-04:00,0.8499999999999996,9847.040000000014,4321.0,2023-07-27T09:32:00-04:00,1.1499999999999995,9247.040000000014,4320.0,2023-07-27T09:31:00-04:00,1.200000000000001,9147.04000000001,4321.0,2023-07-27T09:32:00-04:00,1.1499999999999995,9247.040000000014,4322.0,2023-07-27T09:33:00-04:00,0.8499999999999996,9847.040000000014,4321.0,2023-07-27T09:32:00-04:00,1.1499999999999995,9247.040000000014,4322.0,2023-07-27T09:33:00-04:00,0.8499999999999996,9847.040000000014,4323.0,2023-07-27T09:34:00-04:00,0.7999999999999998,9947.040000000014,4324.0,2023-07-27T09:35:00-04:00,0.6999999999999993,10147.040000000014,4323.0,2023-07-27T09:34:00-04:00,0.7999999999999998,9947.040000000014,4333.0,2023-07-27T09:44:00-04:00,0.375,10797.040000000014,4334.0,2023-07-27T09:45:00-04:00,0.39999999999999947,10747.040000000014,4335.0,2023-07-27T09:46:00-04:00,0.2999999999999998,10947.040000000014,4334.0,2023-07-27T09:45:00-04:00,0.39999999999999947,10747.040000000014,1186
2023-07-24,2023-07-27,3,7.0,2023-07-24T09:31:00-04:00,7.0,NDXP  230727P15740000,NDXP  230727P15730000,development,False,False,0,0,0,40,0,1564,available,False,2023-07-24T09:31:00-04:00,2023-07-27T15:59:00-04:00,9.550000000000011,-5352.960000000024,1.0,last_observed_quote_not_settlement,1036.0,1036,88,7.699999999999989,-1652.9599999999766,2023-07-24T09:32:00-04:00,0.0,7.800000000000068,-1852.9600000001358,2023-07-24T09:33:00-04:00,0.0,7.25,-752.9599999999994,2023-07-24T09:36:00-04:00,0.0,8.0,-2252.960000000001,2023-07-24T09:41:00-04:00,0.0,6.699999999999989,347.04000000002344,2023-07-24T09:46:00-04:00,0.0,7.949999999999989,-2152.9599999999764,2023-07-24T10:01:00-04:00,0.0,7.550000000000011,-1352.960000000022,2023-07-24T10:31:00-04:00,0.0,7.949999999999989,-2152.9599999999764,2023-07-24T11:31:00-04:00,0.0,8.199999999999989,-2652.959999999978,2023-07-24T16:00:00-04:00,0.0,6.800000000000011,147.03999999997797,2023-07-25T16:00:00-04:00,0.0,,,2023-07-26T15:59:00-04:00,60.0,,,2023-07-27T15:59:00-04:00,60.0,1831.0,hit,1831.0,hit,4325.0,hit,4334.0,hit,,never_hit,,never_hit,,never_hit,1.0,hit,3.0,hit,0.0,hit,3.0,hit,137.0,hit,3149.0,hit,10.0,901,True,True,True,True,,,,True,True,True,False,4.200000000000003,,,True,True,True,False,4.200000000000003,,,True,True,True,False,4.200000000000003,4335.0,2023-07-27T09:46:00-04:00,2.799999999999997,8147.040000000007,4336.0,2023-07-27T09:47:00-04:00,2.8999999999999986,7947.040000000004,,,,,4336.0,2023-07-27T09:47:00-04:00,2.8999999999999986,7947.040000000004,,,,,,,,,,,,,,,,,,,,,,,,,,,,,,,,,,,,,,,,,,,,,,,,,1187
2023-07-25,2023-07-27,2,5.0,2023-07-25T09:31:00-04:00,5.0,NDXP  230727P15520000,NDXP  230727P15510000,development,False,False,0,0,0,7,0,1192,available,False,2023-07-25T09:31:00-04:00,2023-07-27T15:55:00-04:00,9.949999999999996,-10152.959999999992,5.0,last_observed_quote_not_settlement,1036.0,382,53,4.749999999999972,247.04000000005752,2023-07-25T09:32:00-04:00,0.0,4.849999999999994,47.04000000001208,2023-07-25T09:33:00-04:00,0.0,4.6499999999999915,447.04000000001776,2023-07-25T09:36:00-04:00,0.0,4.7000000000000455,347.03999999990975,2023-07-25T09:41:00-04:00,0.0,4.550000000000011,647.0399999999779,2023-07-25T09:46:00-04:00,0.0,4.299999999999983,1147.0400000000348,2023-07-25T10:01:00-04:00,0.0,4.800000000000011,147.03999999997797,2023-07-25T10:31:00-04:00,0.0,4.400000000000006,947.0399999999893,2023-07-25T11:31:00-04:00,0.0,3.6999999999999886,2347.0400000000236,2023-07-25T16:00:00-04:00,0.0,4.8999999999999915,-52.95999999998224,2023-07-26T16:00:00-04:00,0.0,,,2023-07-27T15:55:00-04:00,300.0,,,,,0.0,hit,0.0,hit,153.0,hit,1835.0,hit,2880.0,hit,2880.0,hit,2880.0,hit,1443.0,hit,1469.0,hit,3205.0,hit,3211.0,hit,3245.0,hit,3245.0,hit,6.700000000000003,309,False,False,False,False,,6.700000000000003,309,False,False,False,False,,6.700000000000003,309,False,False,False,False,,6.700000000000003,309,False,False,False,False,,1835.0,2023-07-26T16:06:00-04:00,2.9000000000000057,3947.0399999999895,2881.0,2023-07-27T09:32:00-04:00,0.375,8997.04,2882.0,2023-07-27T09:33:00-04:00,0.2749999999999999,9197.04,1836.0,2023-07-26T16:07:00-04:00,3.8999999999999986,1947.0400000000036,2880.0,2023-07-27T09:31:00-04:00,0.42500000000000027,8897.04,2881.0,2023-07-27T09:32:00-04:00,0.375,8997.04,2882.0,2023-07-27T09:33:00-04:00,0.2749999999999999,9197.04,2881.0,2023-07-27T09:32:00-04:00,0.375,8997.04,2880.0,2023-07-27T09:31:00-04:00,0.42500000000000027,8897.04,2881.0,2023-07-27T09:32:00-04:00,0.375,8997.04,2882.0,2023-07-27T09:33:00-04:00,0.2749999999999999,9197.04,2881.0,2023-07-27T09:32:00-04:00,0.375,8997.04,2880.0,2023-07-27T09:31:00-04:00,0.42500000000000027,8897.04,2881.0,2023-07-27T09:32:00-04:00,0.375,8997.04,2882.0,2023-07-27T09:33:00-04:00,0.2749999999999999,9197.04,2881.0,2023-07-27T09:32:00-04:00,0.375,8997.04,1188
2023-07-25,2023-07-27,2,6.0,2023-07-25T09:31:00-04:00,5.799999999999983,NDXP  230727P15580000,NDXP  230727P15570000,development,False,False,0,0,0,11,0,1188,available,False,2023-07-25T09:31:00-04:00,2023-07-27T15:59:00-04:00,10.0,-8552.960000000034,1.0,last_observed_quote_not_settlement,1036.0,422,43,5.5,347.0399999999666,2023-07-25T09:32:00-04:00,0.0,5.599999999999994,147.03999999997797,2023-07-25T09:33:00-04:00,0.0,5.300000000000011,747.0399999999438,2023-07-25T09:36:00-04:00,0.0,5.450000000000017,447.0399999999325,2023-07-25T09:41:00-04:00,0.0,5.199999999999989,947.0399999999893,2023-07-25T09:46:00-04:00,0.0,5.0,1347.0399999999665,2023-07-25T10:01:00-04:00,0.0,5.450000000000017,447.0399999999325,2023-07-25T10:31:00-04:00,0.0,5.100000000000023,1147.039999999921,2023-07-25T11:31:00-04:00,0.0,5.75,-152.9600000000334,2023-07-25T16:00:00-04:00,0.0,6.900000000000006,-2452.9600000000446,2023-07-26T16:00:00-04:00,0.0,,,2023-07-27T15:59:00-04:00,60.0,,,,,1.0,hit,18.0,hit,29.0,hit,2880.0,hit,2880.0,hit,2881.0,hit,2886.0,hit,7.0,hit,1446.0,hit,1446.0,hit,1779.0,hit,3188.0,hit,3188.0,hit,8.050000000000011,341,True,True,False,False,,8.050000000000011,341,True,True,False,False,,8.050000000000011,341,True,True,False,False,,8.050000000000011,341,True,True,False,False,,2880.0,2023-07-27T09:31:00-04:00,1.0999999999999996,9147.039999999968,2881.0,2023-07-27T09:32:00-04:00,1.0,9347.039999999968,2882.0,2023-07-27T09:33:00-04:00,0.75,9847.039999999968,2881.0,2023-07-27T09:32:00-04:00,1.0,9347.039999999968,2880.0,2023-07-27T09:31:00-04:00,1.0999999999999996,9147.039999999968,2881.0,2023-07-27T09:32:00-04:00,1.0,9347.039999999968,2882.0,2023-07-27T09:33:00-04:00,0.75,9847.039999999968,2881.0,2023-07-27T09:32:00-04:00,1.0,9347.039999999968,2882.0,2023-07-27T09:33:00-04:00,0.75,9847.039999999968,2883.0,2023-07-27T09:34:00-04:00,0.6999999999999993,9947.039999999968,2884.0,2023-07-27T09:35:00-04:00,0.6500000000000004,10047.039999999966,2883.0,2023-07-27T09:34:00-04:00,0.6999999999999993,9947.039999999968,2890.0,2023-07-27T09:41:00-04:00,0.39999999999999947,10547.039999999968,2893.0,2023-07-27T09:44:00-04:00,0.2749999999999999,10797.039999999966,2894.0,2023-07-27T09:45:00-04:00,0.27500000000000036,10797.039999999966,2891.0,2023-07-27T09:42:00-04:00,0.4500000000000002,10447.039999999966,1189
2023-07-25,2023-07-27,2,7.0,2023-07-25T09:31:00-04:00,7.0,NDXP  230727P15710000,NDXP  230727P15700000,development,False,False,0,0,0,22,0,1177,available,False,2023-07-25T09:31:00-04:00,2023-07-27T15:59:00-04:00,10.0,-6152.96,1.0,last_observed_quote_not_settlement,1036.0,565,47,6.599999999999994,547.040000000012,2023-07-25T09:32:00-04:00,0.0,6.349999999999994,1047.040000000012,2023-07-25T09:33:00-04:00,0.0,6.949999999999989,-152.95999999997656,2023-07-25T09:36:00-04:00,0.0,6.900000000000034,-52.9600000000675,2023-07-25T09:41:00-04:00,0.0,7.300000000000011,-852.9600000000221,2023-07-25T09:46:00-04:00,0.0,6.499999999999972,747.0400000000575,2023-07-25T10:01:00-04:00,0.0,6.950000000000017,-152.9600000000334,2023-07-25T10:31:00-04:00,0.0,6.699999999999989,347.04000000002344,2023-07-25T11:31:00-04:00,0.0,6.099999999999994,1547.040000000012,2023-07-25T16:00:00-04:00,0.0,8.399999999999977,-3052.9599999999555,2023-07-26T16:00:00-04:00,0.0,,,2023-07-27T15:59:00-04:00,60.0,,,,,70.0,hit,2880.0,hit,2882.0,hit,2886.0,hit,2895.0,hit,,never_hit,,never_hit,6.0,hit,73.0,hit,0.0,hit,73.0,hit,390.0,hit,390.0,hit,9.949999999999989,442,True,True,True,True,,9.949999999999989,442,True,True,True,True,,,,True,True,True,False,5.049999999999999,,,True,True,True,False,5.049999999999999,2886.0,2023-07-27T09:37:00-04:00,2.8999999999999986,7947.040000000004,2887.0,2023-07-27T09:38:00-04:00,2.8000000000000007,8147.04,2891.0,2023-07-27T09:42:00-04:00,2.25,9247.04,2887.0,2023-07-27T09:38:00-04:00,2.8000000000000007,8147.04,,,,,,,,,,,,,,,,,,,,,,,,,,,,,,,,,,,,,,,,,,,,,,,,,1190
2023-07-25,2023-07-28,3,5.0,2023-07-25T09:31:00-04:00,4.999999999999972,NDXP  230728P15520000,NDXP  230728P15510000,development,False,False,0,0,0,1,0,1604,available,False,2023-07-25T09:31:00-04:00,2023-07-28T16:00:00-04:00,9.95,-10152.960000000056,0.0,last_observed_quote_not_settlement,1036.0,413,70,4.649999999999977,447.03999999998933,2023-07-25T09:32:00-04:00,0.0,5.350000000000023,-952.9600000001017,2023-07-25T09:33:00-04:00,0.0,4.700000000000017,347.03999999990975,2023-07-25T09:36:00-04:00,0.0,4.5,747.0399999999438,2023-07-25T09:41:00-04:00,0.0,4.5,747.0399999999438,2023-07-25T09:46:00-04:00,0.0,4.550000000000011,647.0399999999211,2023-07-25T10:01:00-04:00,0.0,4.549999999999983,647.0399999999779,2023-07-25T10:31:00-04:00,0.0,4.399999999999977,947.0399999999893,2023-07-25T11:31:00-04:00,0.0,4.349999999999994,1047.0399999999552,2023-07-25T16:00:00-04:00,0.0,4.25,1247.0399999999438,2023-07-26T16:00:00-04:00,0.0,6.049999999999983,-2352.960000000022,2023-07-27T16:00:00-04:00,0.0,9.95,-10152.960000000056,2023-07-28T16:00:00-04:00,0.0,0.0,hit,0.0,hit,205.0,hit,1833.0,hit,2880.0,hit,2885.0,hit,2909.0,hit,391.0,hit,391.0,hit,1536.0,hit,1536.0,hit,4709.0,hit,4709.0,hit,8.599999999999994,322,True,True,False,False,,8.599999999999994,322,True,True,False,False,,8.599999999999994,322,True,True,False,False,,8.599999999999994,322,True,True,False,False,,1833.0,2023-07-26T16:04:00-04:00,2.9499999999999886,3847.0399999999668,2881.0,2023-07-27T09:32:00-04:00,1.4000000000000021,6947.03999999994,2882.0,2023-07-27T09:33:00-04:00,1.299999999999999,7147.039999999946,1834.0,2023-07-26T16:05:00-04:00,4.5,747.0399999999438,2880.0,2023-07-27T09:31:00-04:00,1.4499999999999993,6847.039999999945,2881.0,2023-07-27T09:32:00-04:00,1.4000000000000021,6947.03999999994,2882.0,2023-07-27T09:33:00-04:00,1.299999999999999,7147.039999999946,2881.0,2023-07-27T09:32:00-04:00,1.4000000000000021,6947.03999999994,2889.0,2023-07-27T09:40:00-04:00,0.9499999999999993,7847.039999999945,2890.0,2023-07-27T09:41:00-04:00,0.9000000000000004,7947.039999999944,2891.0,2023-07-27T09:42:00-04:00,0.9000000000000021,7947.03999999994,2890.0,2023-07-27T09:41:00-04:00,0.9000000000000004,7947.039999999944,2909.0,2023-07-27T10:00:00-04:00,0.0,9747.039999999944,4410.0,2023-07-28T11:01:00-04:00,0.37499999999999956,8997.039999999944,4411.0,2023-07-28T11:02:00-04:00,0.3999999999999999,8947.039999999944,2910.0,2023-07-27T10:01:00-04:00,0.8499999999999996,8047.0399999999445,1191
2023-07-25,2023-07-28,3,6.0,2023-07-25T09:31:00-04:00,5.949999999999989,NDXP  230728P15580000,NDXP  230728P15570000,development,False,False,0,0,0,7,0,1598,available,False,2023-07-25T09:31:00-04:00,2023-07-28T16:00:00-04:00,0.0,11647.039999999979,0.0,last_observed_quote_not_settlement,1036.0,358,57,5.150000000000006,1347.0399999999665,2023-07-25T09:32:00-04:00,0.0,5.549999999999983,547.040000000012,2023-07-25T09:33:00-04:00,0.0,5.300000000000011,1047.0399999999552,2023-07-25T09:36:00-04:00,0.0,5.549999999999983,547.040000000012,2023-07-25T09:41:00-04:00,0.0,5.150000000000006,1347.0399999999665,2023-07-25T09:46:00-04:00,0.0,4.900000000000034,1847.0399999999097,2023-07-25T10:01:00-04:00,0.0,5.099999999999994,1447.0399999999893,2023-07-25T10:31:00-04:00,0.0,5.100000000000023,1447.0399999999324,2023-07-25T11:31:00-04:00,0.0,5.050000000000011,1547.0399999999552,2023-07-25T16:00:00-04:00,0.0,7.150000000000006,-2652.9600000000332,2023-07-26T16:00:00-04:00,0.0,8.099999999999966,-4552.9599999999555,2023-07-27T16:00:00-04:00,0.0,0.0,11647.039999999979,2023-07-28T16:00:00-04:00,0.0,1.0,hit,18.0,hit,2880.0,hit,2880.0,hit,2882.0,hit,2909.0,hit,2936.0,hit,1442.0,hit,1442.0,hit,1442.0,hit,3256.0,hit,,never_hit,,never_hit,7.350000000000023,256,True,False,False,False,,7.350000000000023,256,True,False,False,False,,7.350000000000023,256,True,False,False,False,,7.350000000000023,256,True,False,False,False,,2880.0,2023-07-27T09:31:00-04:00,2.25,7147.039999999978,2881.0,2023-07-27T09:32:00-04:00,2.0500000000000043,7547.039999999969,2882.0,2023-07-27T09:33:00-04:00,1.8999999999999986,7847.039999999981,2881.0,2023-07-27T09:32:00-04:00,2.0500000000000043,7547.039999999969,2882.0,2023-07-27T09:33:00-04:00,1.8999999999999986,7847.039999999981,2883.0,2023-07-27T09:34:00-04:00,1.8000000000000007,8047.039999999976,2884.0,2023-07-27T09:35:00-04:00,1.8000000000000007,8047.039999999976,2883.0,2023-07-27T09:34:00-04:00,1.8000000000000007,8047.039999999976,2909.0,2023-07-27T10:00:00-04:00,0.9000000000000021,9847.039999999975,4384.0,2023-07-28T10:35:00-04:00,0.7500000000000009,10147.039999999977,4385.0,2023-07-28T10:36:00-04:00,0.9499999999999993,9747.03999999998,2910.0,2023-07-27T10:01:00-04:00,1.5500000000000007,8547.039999999977,2936.0,2023-07-27T10:27:00-04:00,0.25,11147.039999999979,4431.0,2023-07-28T11:22:00-04:00,0.3999999999999986,10847.03999999998,4432.0,2023-07-28T11:23:00-04:00,0.4499999999999993,10747.03999999998,2937.0,2023-07-27T10:28:00-04:00,2.6500000000000057,6347.039999999966,1192
2023-07-25,2023-07-28,3,7.0,2023-07-25T09:31:00-04:00,7.050000000000011,NDXP  230728P15690000,NDXP  230728P15680000,development,False,False,0,0,0,0,0,1605,available,False,2023-07-25T09:31:00-04:00,2023-07-28T16:00:00-04:00,0.0,13847.040000000025,0.0,last_observed_quote_not_settlement,1036.0,491,69,7.400000000000006,-952.959999999988,2023-07-25T09:32:00-04:00,0.0,6.649999999999977,547.0400000000689,2023-07-25T09:33:00-04:00,0.0,7.0,-152.95999999997656,2023-07-25T09:36:00-04:00,0.0,6.75,347.04000000002344,2023-07-25T09:41:00-04:00,0.0,7.050000000000011,-252.9599999999993,2023-07-25T09:46:00-04:00,0.0,5.850000000000023,2147.039999999978,2023-07-25T10:01:00-04:00,0.0,6.5,847.0400000000234,2023-07-25T10:31:00-04:00,0.0,6.600000000000023,647.0399999999779,2023-07-25T11:31:00-04:00,0.0,6.300000000000011,1247.0400000000006,2023-07-25T16:00:00-04:00,0.0,8.400000000000006,-2952.9599999999896,2023-07-26T16:00:00-04:00,0.0,8.900000000000006,-3952.9599999999896,2023-07-27T16:00:00-04:00,0.0,0.0,13847.040000000025,2023-07-28T16:00:00-04:00,0.0,70.0,hit,391.0,hit,2880.0,hit,2890.0,hit,2909.0,hit,4619.0,hit,4643.0,hit,172.0,hit,1448.0,hit,0.0,hit,1448.0,hit,1519.0,hit,3217.0,hit,9.199999999999989,367,True,True,True,True,,9.199999999999989,367,True,True,True,True,,9.800000000000004,491,True,True,True,True,,9.800000000000004,491,True,True,True,True,,2890.0,2023-07-27T09:41:00-04:00,2.5999999999999943,8647.040000000035,2894.0,2023-07-27T09:45:00-04:00,2.799999999999997,8247.04000000003,2895.0,2023-07-27T09:46:00-04:00,2.700000000000003,8447.040000000019,2891.0,2023-07-27T09:42:00-04:00,3.049999999999997,7747.040000000029,2909.0,2023-07-27T10:00:00-04:00,1.1000000000000014,11647.04000000002,4430.0,2023-07-28T11:21:00-04:00,1.799999999999999,10247.040000000026,4431.0,2023-07-28T11:22:00-04:00,1.8499999999999996,10147.040000000025,2910.0,2023-07-27T10:01:00-04:00,3.799999999999997,6247.040000000029,4619.0,2023-07-28T14:30:00-04:00,0.9499999999999997,11947.040000000025,4635.0,2023-07-28T14:46:00-04:00,0.6750000000000003,12497.040000000023,4636.0,2023-07-28T14:47:00-04:00,0.7500000000000004,12347.040000000023,4620.0,2023-07-28T14:31:00-04:00,1.1500000000000004,11547.040000000023,4643.0,2023-07-28T14:54:00-04:00,0.42500000000000027,12997.040000000023,4644.0,2023-07-28T14:55:00-04:00,0.44999999999999973,12947.040000000025,4658.0,2023-07-28T15:09:00-04:00,0.3749999999999998,13097.040000000025,4644.0,2023-07-28T14:55:00-04:00,0.44999999999999973,12947.040000000025,1193
2023-07-26,2023-07-28,2,5.0,2023-07-26T09:31:00-04:00,5.049999999999983,NDXP  230728P15550000,NDXP  230728P15540000,development,False,False,0,0,0,11,0,1189,available,False,2023-07-26T09:31:00-04:00,2023-07-28T15:55:00-04:00,0.05000000000000002,9747.039999999968,5.0,last_observed_quote_not_settlement,1036.0,468,55,4.5,847.0399999999665,2023-07-26T09:32:00-04:00,0.0,5.599999999999994,-1352.960000000022,2023-07-26T09:33:00-04:00,0.0,5.349999999999994,-852.9600000000221,2023-07-26T09:36:00-04:00,0.0,5.800000000000011,-1752.9600000000562,2023-07-26T09:41:00-04:00,0.0,5.550000000000011,-1252.9600000000562,2023-07-26T09:46:00-04:00,0.0,5.200000000000003,-552.9600000000391,2023-07-26T10:01:00-04:00,0.0,5.349999999999994,-852.9600000000221,2023-07-26T10:31:00-04:00,0.0,7.650000000000034,-5452.960000000102,2023-07-26T11:31:00-04:00,0.0,5.299999999999997,-752.9600000000278,2023-07-26T16:00:00-04:00,0.0,6.150000000000006,-2452.9600000000446,2023-07-27T16:00:00-04:00,0.0,,,2023-07-28T15:55:00-04:00,300.0,,,,,0.0,hit,1.0,hit,29.0,hit,1440.0,hit,1440.0,hit,1453.0,hit,2974.0,hit,2.0,hit,4.0,hit,4.0,hit,,never_hit,,never_hit,,never_hit,7.75,363,True,False,False,False,,7.75,363,True,False,False,False,,7.75,363,True,False,False,False,,7.75,468,True,False,False,False,,1440.0,2023-07-27T09:31:00-04:00,1.25,7347.039999999966,1441.0,2023-07-27T09:32:00-04:00,1.6999999999999993,6447.039999999968,1442.0,2023-07-27T09:33:00-04:00,1.4499999999999993,6947.039999999968,1441.0,2023-07-27T09:32:00-04:00,1.6999999999999993,6447.039999999968,1440.0,2023-07-27T09:31:00-04:00,1.25,7347.039999999966,1441.0,2023-07-27T09:32:00-04:00,1.6999999999999993,6447.039999999968,1442.0,2023-07-27T09:33:00-04:00,1.4499999999999993,6947.039999999968,1441.0,2023-07-27T09:32:00-04:00,1.6999999999999993,6447.039999999968,1455.0,2023-07-27T09:46:00-04:00,0.9000000000000021,8047.039999999963,2901.0,2023-07-28T09:52:00-04:00,0.8499999999999996,8147.039999999967,2902.0,2023-07-28T09:53:00-04:00,0.9499999999999993,7947.039999999968,1456.0,2023-07-27T09:47:00-04:00,1.0999999999999996,7647.039999999967,2974.0,2023-07-28T11:05:00-04:00,0.4499999999999993,8947.039999999968,2981.0,2023-07-28T11:12:00-04:00,0.3999999999999986,9047.03999999997,2982.0,2023-07-28T11:13:00-04:00,0.3999999999999999,9047.039999999966,2975.0,2023-07-28T11:06:00-04:00,0.5499999999999998,8747.039999999968,1194
2023-07-26,2023-07-28,2,6.0,2023-07-26T09:31:00-04:00,6.0,NDXP  230728P15600000,NDXP  230728P15590000,development,False,False,0,0,0,9,0,1191,available,False,2023-07-26T09:31:00-04:00,2023-07-28T16:00:00-04:00,0.0,11747.04,0.0,last_observed_quote_not_settlement,1036.0,365,113,5.900000000000034,-52.9600000000675,2023-07-26T09:32:00-04:00,0.0,5.0,1747.0400000000006,2023-07-26T09:33:00-04:00,0.0,5.400000000000034,947.0399999999324,2023-07-26T09:36:00-04:00,0.0,7.150000000000006,-2552.9600000000105,2023-07-26T09:41:00-04:00,0.0,6.499999999999972,-1252.9599999999425,2023-07-26T09:46:00-04:00,0.0,6.199999999999989,-652.9599999999766,2023-07-26T10:01:00-04:00,0.0,5.849999999999994,47.04000000001208,2023-07-26T10:31:00-04:00,0.0,8.25,-4752.960000000001,2023-07-26T11:31:00-04:00,0.0,6.199999999999989,-652.9599999999766,2023-07-26T16:00:00-04:00,0.0,7.099999999999966,-2452.959999999931,2023-07-27T16:00:00-04:00,0.0,0.0,11747.04,2023-07-28T16:00:00-04:00,0.0,,,,,2.0,hit,2.0,hit,1440.0,hit,1440.0,hit,1443.0,hit,2974.0,hit,2989.0,hit,10.0,hit,10.0,hit,10.0,hit,119.0,hit,,never_hit,,never_hit,8.25,257,True,True,False,False,,8.25,257,True,True,False,False,,8.600000000000023,365,True,True,False,False,,8.600000000000023,365,True,True,False,False,,1440.0,2023-07-27T09:31:00-04:00,2.4000000000000057,6947.039999999989,1441.0,2023-07-27T09:32:00-04:00,2.3000000000000007,7147.039999999999,1442.0,2023-07-27T09:33:00-04:00,2.049999999999997,7647.040000000006,1441.0,2023-07-27T09:32:00-04:00,2.3000000000000007,7147.039999999999,1445.0,2023-07-27T09:36:00-04:00,1.9000000000000021,7947.039999999996,1446.0,2023-07-27T09:37:00-04:00,1.9000000000000021,7947.039999999996,1447.0,2023-07-27T09:38:00-04:00,1.7999999999999972,8147.040000000007,1446.0,2023-07-27T09:37:00-04:00,1.9000000000000021,7947.039999999996,2974.0,2023-07-28T11:05:00-04:00,0.9499999999999993,9847.040000000003,2977.0,2023-07-28T11:08:00-04:00,0.9499999999999993,9847.040000000003,2981.0,2023-07-28T11:12:00-04:00,0.8000000000000007,10147.04,2975.0,2023-07-28T11:06:00-04:00,0.9999999999999991,9747.040000000003,2996.0,2023-07-28T11:27:00-04:00,0.40000000000000036,10947.04,3005.0,2023-07-28T11:36:00-04:00,0.4499999999999993,10847.040000000003,3006.0,2023-07-28T11:37:00-04:00,0.3999999999999999,10947.04,2997.0,2023-07-28T11:28:00-04:00,0.6499999999999995,10447.040000000003,1195
2023-07-26,2023-07-28,2,7.0,2023-07-26T09:31:00-04:00,7.000000000000028,NDXP  230728P15700000,NDXP  230728P15690000,development,False,False,0,0,0,1,0,1199,available,False,2023-07-26T09:31:00-04:00,2023-07-28T15:59:00-04:00,0.05000000000000002,13647.040000000059,1.0,last_observed_quote_not_settlement,1036.0,462,65,8.349999999999994,-2952.9599999999327,2023-07-26T09:32:00-04:00,0.0,7.650000000000006,-1552.9599999999539,2023-07-26T09:33:00-04:00,0.0,6.149999999999977,1447.040000000103,2023-07-26T09:36:00-04:00,0.0,7.55000000000004,-1352.960000000022,2023-07-26T09:41:00-04:00,0.0,7.149999999999977,-552.959999999897,2023-07-26T09:46:00-04:00,0.0,6.949999999999989,-152.95999999991972,2023-07-26T10:01:00-04:00,0.0,7.200000000000017,-652.9599999999766,2023-07-26T10:31:00-04:00,0.0,8.049999999999955,-2352.959999999853,2023-07-26T11:31:00-04:00,0.0,7.700000000000017,-1652.9599999999766,2023-07-26T16:00:00-04:00,0.0,8.649999999999977,-3552.9599999998986,2023-07-27T16:00:00-04:00,0.0,,,2023-07-28T15:59:00-04:00,60.0,,,,,1440.0,hit,1440.0,hit,1442.0,hit,1453.0,hit,2909.0,hit,2909.0,hit,2909.0,hit,1.0,hit,1.0,hit,0.0,hit,1.0,hit,345.0,hit,1748.0,hit,9.299999999999955,334,True,True,True,True,,9.800000000000011,462,True,True,True,True,,9.800000000000011,462,True,True,True,True,,9.800000000000011,462,True,True,True,True,,1453.0,2023-07-27T09:44:00-04:00,2.9499999999999957,7847.040000000066,2983.0,2023-07-28T11:14:00-04:00,2.6999999999999993,8347.040000000059,2989.0,2023-07-28T11:20:00-04:00,2.2499999999999964,9247.040000000066,1454.0,2023-07-27T09:45:00-04:00,3.0,7747.040000000057,2909.0,2023-07-28T10:00:00-04:00,0.0,13747.040000000059,2997.0,2023-07-28T11:28:00-04:00,1.9499999999999993,9847.040000000059,3009.0,2023-07-28T11:40:00-04:00,1.8999999999999986,9947.04000000006,2910.0,2023-07-28T10:01:00-04:00,4.400000000000006,4947.040000000046,2909.0,2023-07-28T10:00:00-04:00,0.0,13747.040000000059,3203.0,2023-07-28T14:54:00-04:00,0.625,12497.040000000059,3204.0,2023-07-28T14:55:00-04:00,0.6749999999999998,12397.040000000059,2910.0,2023-07-28T10:01:00-04:00,4.400000000000006,4947.040000000046,2909.0,2023-07-28T10:00:00-04:00,0.0,13747.040000000059,3229.0,2023-07-28T15:20:00-04:00,0.3999999999999999,12947.040000000057,3230.0,2023-07-28T15:21:00-04:00,0.3999999999999999,12947.040000000057,2910.0,2023-07-28T10:01:00-04:00,4.400000000000006,4947.040000000046,1196
2023-07-28,2023-07-31,3,5.0,2023-07-28T09:31:00-04:00,4.75,NDXP  230731P15660000,NDXP  230731P15650000,development,False,False,0,0,0,4,0,791,available,False,2023-07-28T09:31:00-04:00,2023-07-31T16:00:00-04:00,0.0,9247.04,0.0,last_observed_quote_not_settlement,3916.0,6,9,5.049999999999997,-852.9599999999937,2023-07-28T09:32:00-04:00,0.0,4.349999999999994,547.040000000012,2023-07-28T09:33:00-04:00,0.0,4.650000000000006,-52.96000000001066,2023-07-28T09:36:00-04:00,0.0,4.200000000000003,847.039999999995,2023-07-28T09:41:00-04:00,0.0,3.8999999999999915,1447.0400000000177,2023-07-28T09:46:00-04:00,0.0,3.9000000000000057,1447.0399999999893,2023-07-28T10:01:00-04:00,0.0,3.749999999999993,1747.040000000015,2023-07-28T10:31:00-04:00,0.0,2.9000000000000057,3447.0399999999895,2023-07-28T11:31:00-04:00,0.0,1.7000000000000028,5847.039999999995,2023-07-28T16:00:00-04:00,0.0,,,2023-07-28T16:15:00-04:00,85500.0,,,2023-07-28T16:15:00-04:00,171900.0,0.0,9247.04,2023-07-31T16:00:00-04:00,0.0,0.0,hit,0.0,hit,15.0,hit,105.0,hit,389.0,hit,4335.0,hit,4569.0,hit,21.0,hit,,never_hit,,never_hit,,never_hit,,never_hit,,never_hit,5.450000000000003,6,False,False,False,False,,5.450000000000003,6,False,False,False,False,,5.450000000000003,6,False,False,False,False,,5.450000000000003,6,False,False,False,False,,109.0,2023-07-28T11:20:00-04:00,2.9499999999999957,3347.040000000009,110.0,2023-07-28T11:21:00-04:00,2.799999999999997,3647.0400000000063,111.0,2023-07-28T11:22:00-04:00,2.799999999999997,3647.0400000000063,110.0,2023-07-28T11:21:00-04:00,2.799999999999997,3647.0400000000063,389.0,2023-07-28T16:00:00-04:00,1.7000000000000028,5847.039999999995,4321.0,2023-07-31T09:32:00-04:00,1.6499999999999986,5947.040000000004,4322.0,2023-07-31T09:33:00-04:00,1.25,6747.040000000001,390.0,2023-07-28T16:01:00-04:00,3.1499999999999986,2947.0400000000036,4336.0,2023-07-31T09:47:00-04:00,0.7500000000000009,7747.039999999999,4414.0,2023-07-31T11:05:00-04:00,0.8999999999999986,7447.040000000004,4415.0,2023-07-31T11:06:00-04:00,0.8499999999999996,7547.040000000002,4337.0,2023-07-31T09:48:00-04:00,1.1000000000000014,7047.039999999998,4592.0,2023-07-31T14:03:00-04:00,0.42500000000000004,8397.040000000003,4593.0,2023-07-31T14:04:00-04:00,0.44999999999999996,8347.04,4594.0,2023-07-31T14:05:00-04:00,0.4249999999999998,8397.040000000003,4593.0,2023-07-31T14:04:00-04:00,0.44999999999999996,8347.04,1197
2023-07-28,2023-07-31,3,6.0,2023-07-28T09:31:00-04:00,6.0,NDXP  230731P15700000,NDXP  230731P15690000,development,False,False,0,0,0,0,0,795,available,False,2023-07-28T09:31:00-04:00,2023-07-31T16:00:00-04:00,4.324999999999999,3097.0400000000022,0.0,last_observed_quote_not_settlement,3916.0,4,8,5.8999999999999915,-52.95999999998224,2023-07-28T09:32:00-04:00,0.0,6.150000000000006,-552.9600000000107,2023-07-28T09:33:00-04:00,0.0,5.5,747.0400000000006,2023-07-28T09:36:00-04:00,0.0,5.400000000000006,947.0399999999893,2023-07-28T09:41:00-04:00,0.0,4.6499999999999915,2447.0400000000177,2023-07-28T09:46:00-04:00,0.0,4.75,2247.040000000001,2023-07-28T10:01:00-04:00,0.0,4.200000000000003,3347.039999999995,2023-07-28T10:31:00-04:00,0.0,3.549999999999997,4647.040000000006,2023-07-28T11:31:00-04:00,0.0,3.549999999999997,4647.040000000006,2023-07-28T16:00:00-04:00,0.0,,,2023-07-28T16:15:00-04:00,85500.0,,,2023-07-28T16:15:00-04:00,171900.0,4.324999999999999,3097.0400000000022,2023-07-31T16:00:00-04:00,0.0,3.0,hit,11.0,hit,29.0,hit,132.0,hit,404.0,hit,4641.0,hit,4647.0,hit,379.0,hit,,never_hit,,never_hit,,never_hit,,never_hit,,never_hit,6.400000000000006,3,False,False,False,False,,6.600000000000001,4,False,False,False,False,,6.600000000000001,4,False,False,False,False,,6.600000000000001,4,False,False,False,False,,146.0,2023-07-28T11:57:00-04:00,2.9000000000000057,5947.039999999989,4321.0,2023-07-31T09:32:00-04:00,2.1499999999999986,7447.040000000004,4322.0,2023-07-31T09:33:00-04:00,2.1999999999999993,7347.040000000002,147.0,2023-07-28T11:58:00-04:00,3.0,5747.040000000001,4335.0,2023-07-31T09:46:00-04:00,1.75,8247.04,4336.0,2023-07-31T09:47:00-04:00,1.75,8247.04,4337.0,2023-07-31T09:48:00-04:00,1.8499999999999996,8047.040000000002,4336.0,2023-07-31T09:47:00-04:00,1.75,8247.04,4642.0,2023-07-31T14:53:00-04:00,0.875,9997.04,4643.0,2023-07-31T14:54:00-04:00,0.8500000000000001,10047.04,4644.0,2023-07-31T14:55:00-04:00,0.8750000000000004,9997.039999999999,4643.0,2023-07-31T14:54:00-04:00,0.8500000000000001,10047.04,4701.0,2023-07-31T15:52:00-04:00,0.45,10847.04,4702.0,2023-07-31T15:53:00-04:00,0.30000000000000004,11147.040000000003,4703.0,2023-07-31T15:54:00-04:00,0.1,11547.04,4702.0,2023-07-31T15:53:00-04:00,0.30000000000000004,11147.040000000003,1198
2023-07-28,2023-07-31,3,7.0,2023-07-28T09:31:00-04:00,7.050000000000011,NDXP  230731P15750000,NDXP  230731P15740000,development,False,False,0,0,0,1,0,794,available,False,2023-07-28T09:31:00-04:00,2023-07-31T15:59:00-04:00,5.9,2047.0400000000227,1.0,last_observed_quote_not_settlement,3916.0,36,17,7.149999999999977,-452.9599999999311,2023-07-28T09:32:00-04:00,0.0,7.650000000000006,-1452.959999999988,2023-07-28T09:33:00-04:00,0.0,6.699999999999989,447.0400000000462,2023-07-28T09:36:00-04:00,0.0,6.050000000000011,1747.0400000000006,2023-07-28T09:41:00-04:00,0.0,6.0,1847.0400000000234,2023-07-28T09:46:00-04:00,0.0,5.599999999999994,2647.040000000035,2023-07-28T10:01:00-04:00,0.0,5.450000000000003,2947.0400000000177,2023-07-28T10:31:00-04:00,0.0,4.3999999999999915,5047.040000000041,2023-07-28T11:31:00-04:00,0.0,3.6999999999999957,6447.040000000032,2023-07-28T16:00:00-04:00,0.0,,,2023-07-28T16:15:00-04:00,85500.0,,,2023-07-28T16:15:00-04:00,171900.0,,,2023-07-31T15:59:00-04:00,60.0,20.0,hit,35.0,hit,130.0,hit,4335.0,hit,,never_hit,,never_hit,,never_hit,2.0,hit,4675.0,hit,0.0,hit,4675.0,hit,4685.0,hit,4695.0,hit,7.650000000000006,2,True,False,False,False,,,,True,True,True,False,4.250000000000007,,,True,True,True,False,4.250000000000007,,,True,True,True,False,4.250000000000007,4335.0,2023-07-31T09:46:00-04:00,2.8000000000000043,8247.040000000015,,,,,,,,,4336.0,2023-07-31T09:47:00-04:00,3.25,7347.040000000024,,,,,,,,,,,,,,,,,,,,,,,,,,,,,,,,,,,,,,,,,,,,,,,,,1199
2023-07-31,2023-08-02,2,5.0,2023-07-31T09:31:00-04:00,5.049999999999997,NDXP  230802P15760000,NDXP  230802P15750000,development,False,False,0,0,0,99,15,1101,available,False,2023-07-31T09:31:00-04:00,2023-08-02T16:00:00-04:00,10.0,-10052.960000000005,0.0,last_observed_quote_not_settlement,1036.0,795,60,4.3500000000000085,1147.039999999978,2023-07-31T09:32:00-04:00,0.0,4.299999999999997,1247.0400000000006,2023-07-31T09:33:00-04:00,0.0,4.8999999999999915,47.04000000001208,2023-07-31T09:36:00-04:00,0.0,4.25,1347.039999999995,2023-07-31T09:41:00-04:00,0.0,4.0,1847.039999999995,2023-07-31T09:46:00-04:00,0.0,5.6000000000000085,-1352.960000000022,2023-07-31T10:01:00-04:00,0.0,4.75,347.039999999995,2023-07-31T10:31:00-04:00,0.0,4.799999999999997,247.04000000000067,2023-07-31T11:31:00-04:00,0.0,5.300000000000011,-752.9600000000278,2023-07-31T16:00:00-04:00,0.0,6.549999999999997,-3252.959999999999,2023-08-01T16:00:00-04:00,0.0,10.0,-10052.960000000005,2023-08-02T16:00:00-04:00,0.0,,,,,0.0,hit,1.0,hit,15.0,hit,,never_hit,,never_hit,,never_hit,,never_hit,28.0,hit,378.0,hit,1484.0,hit,2880.0,hit,2880.0,hit,2881.0,hit,,,True,True,True,False,1.0499999999999972,,,True,True,True,False,1.0499999999999972,,,True,True,True,False,1.0499999999999972,,,True,True,True,False,1.0499999999999972,,,,,,,,,,,,,,,,,,,,,,,,,,,,,,,,,,,,,,,,,,,,,,,,,,,,,,,,,,,,,,,,,1200
2023-07-31,2023-08-02,2,6.0,2023-07-31T09:31:00-04:00,5.899999999999977,NDXP  230802P15840000,NDXP  230802P15830000,development,False,False,0,0,0,91,15,1109,available,False,2023-07-31T09:31:00-04:00,2023-08-02T16:00:00-04:00,10.0,-8352.960000000045,0.0,last_observed_quote_not_settlement,1036.0,1017,26,6.100000000000023,-652.9600000000903,2023-07-31T09:32:00-04:00,0.0,5.300000000000011,947.0399999999324,2023-07-31T09:33:00-04:00,0.0,5.450000000000017,647.0399999999211,2023-07-31T09:36:00-04:00,0.0,5.999999999999986,-452.96000000001635,2023-07-31T09:41:00-04:00,0.0,5.699999999999989,147.03999999997797,2023-07-31T09:46:00-04:00,0.0,6.5,-1452.9600000000448,2023-07-31T10:01:00-04:00,0.0,6.050000000000011,-552.9600000000676,2023-07-31T10:31:00-04:00,0.0,6.049999999999983,-552.9600000000107,2023-07-31T11:31:00-04:00,0.0,5.849999999999994,-152.9600000000334,2023-07-31T16:00:00-04:00,0.0,7.999999999999986,-4452.960000000018,2023-08-01T16:00:00-04:00,0.0,10.0,-8352.960000000045,2023-08-02T16:00:00-04:00,0.0,,,,,2.0,hit,85.0,hit,,never_hit,,never_hit,,never_hit,,never_hit,,never_hit,7.0,hit,7.0,hit,7.0,hit,36.0,hit,82.0,hit,82.0,hit,,,True,True,True,False,1.3999999999999773,,,True,True,True,False,1.3999999999999773,,,True,True,True,False,1.3999999999999773,,,True,True,True,False,1.3999999999999773,,,,,,,,,,,,,,,,,,,,,,,,,,,,,,,,,,,,,,,,,,,,,,,,,,,,,,,,,,,,,,,,,1201
2023-07-31,2023-08-02,2,7.0,2023-07-31T09:31:00-04:00,6.950000000000017,NDXP  230802P15940000,NDXP  230802P15930000,development,False,False,0,0,0,72,15,1128,available,False,2023-07-31T09:31:00-04:00,2023-08-02T16:00:00-04:00,10.0,-6252.9599999999655,0.0,last_observed_quote_not_settlement,1036.0,1057,12,7.600000000000023,-1552.9600000000107,2023-07-31T09:32:00-04:00,0.0,6.9500000000000455,-252.96000000005614,2023-07-31T09:33:00-04:00,0.0,6.900000000000034,-152.9600000000334,2023-07-31T09:36:00-04:00,0.0,7.749999999999972,-1852.9599999999084,2023-07-31T09:41:00-04:00,0.0,7.550000000000011,-1452.959999999988,2023-07-31T09:46:00-04:00,0.0,8.749999999999972,-3852.95999999991,2023-07-31T10:01:00-04:00,0.0,7.75,-1852.9599999999652,2023-07-31T10:31:00-04:00,0.0,8.050000000000011,-2452.9599999999896,2023-07-31T11:31:00-04:00,0.0,9.050000000000011,-4452.95999999999,2023-07-31T16:00:00-04:00,0.0,9.300000000000011,-4952.95999999999,2023-08-01T16:00:00-04:00,0.0,10.0,-6252.9599999999655,2023-08-02T16:00:00-04:00,0.0,,,,,,never_hit,,never_hit,,never_hit,,never_hit,,never_hit,,never_hit,,never_hit,1.0,hit,14.0,hit,1.0,hit,14.0,hit,340.0,hit,385.0,hit,,,True,True,True,False,0.8000000000000398,,,True,True,True,False,0.8000000000000398,,,True,True,True,False,0.8000000000000398,,,True,True,True,False,0.8000000000000398,,,,,,,,,,,,,,,,,,,,,,,,,,,,,,,,,,,,,,,,,,,,,,,,,,,,,,,,,,,,,,,,,1202
2023-07-31,2023-08-03,3,5.0,2023-07-31T09:31:00-04:00,5.050000000000011,NDXP  230803P15760000,NDXP  230803P15750000,development,False,False,0,0,0,224,0,1380,available,False,2023-07-31T09:31:00-04:00,2023-08-03T15:58:00-04:00,10.0,-10052.959999999975,2.0,last_observed_quote_not_settlement,1037.0,804,114,4.5,847.0400000000234,2023-07-31T09:32:00-04:00,0.0,4.150000000000006,1547.040000000012,2023-07-31T09:33:00-04:00,0.0,5.150000000000006,-452.95999999998793,2023-07-31T09:36:00-04:00,0.0,4.300000000000011,1247.0400000000006,2023-07-31T09:41:00-04:00,0.0,4.25,1347.0400000000234,2023-07-31T09:46:00-04:00,0.0,5.399999999999977,-952.9599999999311,2023-07-31T10:01:00-04:00,0.0,4.450000000000017,947.0399999999893,2023-07-31T10:31:00-04:00,0.0,4.75,347.04000000002344,2023-07-31T11:31:00-04:00,0.0,4.599999999999994,647.0400000000348,2023-07-31T16:00:00-04:00,0.0,5.549999999999997,-1252.959999999971,2023-08-01T16:00:00-04:00,0.0,,,2023-08-02T15:59:00-04:00,60.0,,,2023-08-03T15:58:00-04:00,120.0,0.0,hit,1.0,hit,8.0,hit,,never_hit,,never_hit,,never_hit,,never_hit,165.0,hit,1440.0,hit,1459.0,hit,2881.0,hit,2901.0,hit,2904.0,hit,,,True,True,True,False,1.1500000000000057,,,True,True,True,False,1.1500000000000057,,,True,True,True,False,1.1500000000000057,,,True,True,True,False,1.1500000000000057,,,,,,,,,,,,,,,,,,,,,,,,,,,,,,,,,,,,,,,,,,,,,,,,,,,,,,,,,,,,,,,,,1203
2023-07-31,2023-08-03,3,6.0,2023-07-31T09:31:00-04:00,5.950000000000017,NDXP  230803P15940000,NDXP  230803P15930000,development,False,False,0,0,0,168,0,1436,available,False,2023-07-31T09:31:00-04:00,2023-08-03T15:59:00-04:00,9.150000000000091,-6652.960000000149,1.0,last_observed_quote_not_settlement,1037.0,1308,5,7.400000000000006,-3152.9599999999764,2023-07-31T09:32:00-04:00,0.0,6.550000000000011,-1452.959999999988,2023-07-31T09:33:00-04:00,0.0,6.199999999999989,-752.9599999999425,2023-07-31T09:36:00-04:00,0.0,6.5,-1352.9599999999652,2023-07-31T09:41:00-04:00,0.0,6.450000000000017,-1252.9599999999994,2023-07-31T09:46:00-04:00,0.0,7.850000000000023,-4052.9600000000105,2023-07-31T10:01:00-04:00,0.0,7.25,-2852.959999999965,2023-07-31T10:31:00-04:00,0.0,7.550000000000011,-3452.9599999999878,2023-07-31T11:31:00-04:00,0.0,7.449999999999989,-3252.9599999999423,2023-07-31T16:00:00-04:00,0.0,8.650000000000006,-5652.959999999978,2023-08-01T16:00:00-04:00,0.0,5.850000000000023,-52.96000000001066,2023-08-02T16:00:00-04:00,0.0,,,2023-08-03T15:59:00-04:00,60.0,340.0,hit,,never_hit,,never_hit,,never_hit,,never_hit,,never_hit,,never_hit,1.0,hit,1.0,hit,1.0,hit,3.0,hit,1444.0,hit,1449.0,hit,,,True,True,True,False,0.799999999999983,,,True,True,True,False,0.799999999999983,,,True,True,True,False,0.799999999999983,,,True,True,True,False,0.799999999999983,,,,,,,,,,,,,,,,,,,,,,,,,,,,,,,,,,,,,,,,,,,,,,,,,,,,,,,,,,,,,,,,,1204
2023-07-31,2023-08-03,3,7.0,2023-07-31T09:31:00-04:00,7.049999999999983,NDXP  230803P15930000,NDXP  230803P15920000,development,False,False,0,0,0,180,0,1424,available,False,2023-07-31T09:31:00-04:00,2023-08-03T15:57:00-04:00,8.600000000000023,-3352.9600000000805,3.0,last_observed_quote_not_settlement,1037.0,1257,39,6.5,847.0399999999665,2023-07-31T09:32:00-04:00,0.0,6.449999999999989,947.0399999999893,2023-07-31T09:33:00-04:00,0.0,7.050000000000011,-252.96000000005614,2023-07-31T09:36:00-04:00,0.0,6.950000000000017,-52.9600000000675,2023-07-31T09:41:00-04:00,0.0,5.950000000000017,1947.0399999999324,2023-07-31T09:46:00-04:00,0.0,7.649999999999977,-1452.959999999988,2023-07-31T10:01:00-04:00,0.0,7.250000000000028,-652.9600000000903,2023-07-31T10:31:00-04:00,0.0,7.349999999999994,-852.9600000000221,2023-07-31T11:31:00-04:00,0.0,6.049999999999983,1747.0400000000006,2023-07-31T16:00:00-04:00,0.0,8.649999999999977,-3452.9599999999896,2023-08-01T16:00:00-04:00,0.0,,,2023-08-02T15:59:00-04:00,60.0,,,2023-08-03T15:57:00-04:00,180.0,220.0,hit,,never_hit,,never_hit,,never_hit,,never_hit,,never_hit,,never_hit,4.0,hit,32.0,hit,0.0,hit,32.0,hit,1441.0,hit,1441.0,hit,,,True,True,True,False,1.7499999999999716,,,True,True,True,False,1.7499999999999716,,,True,True,True,False,1.7499999999999716,,,True,True,True,False,1.7499999999999716,,,,,,,,,,,,,,,,,,,,,,,,,,,,,,,,,,,,,,,,,,,,,,,,,,,,,,,,,,,,,,,,,1205
2023-08-01,2023-08-03,2,5.0,2023-08-01T09:31:00-04:00,4.950000000000003,NDXP  230803P15710000,NDXP  230803P15700000,development,False,False,0,0,0,138,0,1061,available,False,2023-08-01T09:31:00-04:00,2023-08-03T15:59:00-04:00,9.899999999999977,-10152.959999999948,1.0,last_observed_quote_not_settlement,1037.0,594,17,5.5,-1352.9599999999937,2023-08-01T09:32:00-04:00,0.0,5.5,-1352.9599999999937,2023-08-01T09:33:00-04:00,0.0,5.099999999999994,-552.9599999999823,2023-08-01T09:36:00-04:00,0.0,4.8500000000000085,-52.96000000001066,2023-08-01T09:41:00-04:00,0.0,5.0,-352.9599999999936,2023-08-01T09:46:00-04:00,0.0,4.699999999999989,247.0400000000291,2023-08-01T10:01:00-04:00,0.0,4.950000000000003,-252.9599999999993,2023-08-01T10:31:00-04:00,0.0,4.3500000000000085,947.0399999999893,2023-08-01T11:31:00-04:00,0.0,4.299999999999997,1047.040000000012,2023-08-01T16:00:00-04:00,0.0,9.800000000000011,-9952.960000000017,2023-08-02T16:00:00-04:00,0.0,,,2023-08-03T15:59:00-04:00,60.0,,,,,0.0,hit,0.0,hit,83.0,hit,,never_hit,,never_hit,,never_hit,,never_hit,1.0,hit,1440.0,hit,1440.0,hit,1441.0,hit,1445.0,hit,1451.0,hit,,,True,True,True,False,1.3500000000000085,,,True,True,True,False,1.3500000000000085,,,True,True,True,False,1.3500000000000085,,,True,True,True,False,1.3500000000000085,,,,,,,,,,,,,,,,,,,,,,,,,,,,,,,,,,,,,,,,,,,,,,,,,,,,,,,,,,,,,,,,,1206
2023-08-01,2023-08-03,2,6.0,2023-08-01T09:31:00-04:00,5.799999999999997,NDXP  230803P15750000,NDXP  230803P15740000,development,False,False,0,0,0,248,0,951,available,False,2023-08-01T09:31:00-04:00,2023-08-03T15:59:00-04:00,10.0,-8552.960000000005,1.0,last_observed_quote_not_settlement,1038.0,418,31,5.800000000000011,-252.96000000002772,2023-08-01T09:32:00-04:00,0.0,5.900000000000006,-452.96000000001635,2023-08-01T09:33:00-04:00,0.0,5.800000000000011,-252.96000000002772,2023-08-01T09:36:00-04:00,0.0,5.900000000000006,-452.96000000001635,2023-08-01T09:41:00-04:00,0.0,5.299999999999997,747.0400000000006,2023-08-01T09:46:00-04:00,0.0,5.75,-152.96000000000498,2023-08-01T10:01:00-04:00,0.0,5.6000000000000085,147.03999999997797,2023-08-01T10:31:00-04:00,0.0,5.049999999999997,1247.0400000000006,2023-08-01T11:31:00-04:00,0.0,5.299999999999997,747.0400000000006,2023-08-01T16:00:00-04:00,0.0,,,2023-08-02T15:59:00-04:00,60.0,,,2023-08-03T15:59:00-04:00,60.0,,,,,6.0,hit,42.0,hit,42.0,hit,,never_hit,,never_hit,,never_hit,,never_hit,44.0,hit,56.0,hit,56.0,hit,1441.0,hit,1441.0,hit,1477.0,hit,,,True,True,True,False,2.4000000000000057,,,True,True,True,False,2.4000000000000057,,,True,True,True,False,2.4000000000000057,,,True,True,True,False,2.4000000000000057,,,,,,,,,,,,,,,,,,,,,,,,,,,,,,,,,,,,,,,,,,,,,,,,,,,,,,,,,,,,,,,,,1207
2023-08-01,2023-08-03,2,7.0,2023-08-01T09:31:00-04:00,7.049999999999983,NDXP  230803P15800000,NDXP  230803P15790000,development,False,False,0,0,0,284,0,915,available,False,2023-08-01T09:31:00-04:00,2023-08-03T15:58:00-04:00,10.0,-6052.960000000034,2.0,last_observed_quote_not_settlement,1036.0,397,58,5.699999999999989,2447.0399999999895,2023-08-01T09:32:00-04:00,0.0,6.050000000000011,1747.0399999999438,2023-08-01T09:33:00-04:00,0.0,7.049999999999983,-252.9599999999993,2023-08-01T09:36:00-04:00,0.0,6.150000000000006,1547.0399999999552,2023-08-01T09:41:00-04:00,0.0,7.75,-1652.9600000000335,2023-08-01T09:46:00-04:00,0.0,6.650000000000006,547.0399999999552,2023-08-01T10:01:00-04:00,0.0,7.150000000000006,-452.9600000000448,2023-08-01T10:31:00-04:00,0.0,6.700000000000003,447.0399999999609,2023-08-01T11:31:00-04:00,0.0,7.099999999999994,-352.96000000002203,2023-08-01T16:00:00-04:00,0.0,9.649999999999977,-5452.95999999999,2023-08-02T16:00:00-04:00,0.0,,,2023-08-03T15:58:00-04:00,120.0,,,,,6.0,hit,2909.0,hit,2909.0,hit,,never_hit,,never_hit,,never_hit,,never_hit,15.0,hit,1441.0,hit,0.0,hit,56.0,hit,1441.0,hit,1441.0,hit,,,True,True,True,False,3.1500000000000057,,,True,True,True,False,3.1500000000000057,,,True,True,True,False,3.1500000000000057,,,True,True,True,False,3.1500000000000057,,,,,,,,,,,,,,,,,,,,,,,,,,,,,,,,,,,,,,,,,,,,,,,,,,,,,,,,,,,,,,,,,1208
2023-08-01,2023-08-04,3,5.0,2023-08-01T09:31:00-04:00,4.999999999999986,NDXP  230804P15700000,NDXP  230804P15690000,development,False,False,0,0,0,196,0,1408,available,False,2023-08-01T09:31:00-04:00,2023-08-04T15:59:00-04:00,2.1499999999999773,5447.040000000018,1.0,last_observed_quote_not_settlement,1037.0,924,16,4.950000000000017,-152.96000000006183,2023-08-01T09:32:00-04:00,0.0,4.950000000000003,-152.9600000000334,2023-08-01T09:33:00-04:00,0.0,4.800000000000011,147.03999999994954,2023-08-01T09:36:00-04:00,0.0,4.700000000000003,347.0399999999666,2023-08-01T09:41:00-04:00,0.0,4.3999999999999915,947.0399999999893,2023-08-01T09:46:00-04:00,0.0,4.8500000000000085,47.039999999955235,2023-08-01T10:01:00-04:00,0.0,4.75,247.03999999997225,2023-08-01T10:31:00-04:00,0.0,4.400000000000006,947.0399999999609,2023-08-01T11:31:00-04:00,0.0,4.3500000000000085,1047.0399999999552,2023-08-01T16:00:00-04:00,0.0,8.75,-7752.960000000029,2023-08-02T16:00:00-04:00,0.0,10.0,-10152.960000000026,2023-08-03T16:00:00-04:00,0.0,,,2023-08-04T15:59:00-04:00,60.0,0.0,hit,0.0,hit,42.0,hit,4708.0,hit,,never_hit,,never_hit,,never_hit,3.0,hit,1441.0,hit,1456.0,hit,1485.0,hit,1528.0,hit,1629.0,hit,10.0,924,True,True,True,True,,,,True,True,True,False,2.8500000000000085,,,True,True,True,False,2.8500000000000085,,,True,True,True,False,2.8500000000000085,4708.0,2023-08-04T15:59:00-04:00,2.1499999999999773,5447.040000000018,,,,,,,,,,,,,,,,,,,,,,,,,,,,,,,,,,,,,,,,,,,,,,,,,,,,,,,,,,,,,1209
2023-08-01,2023-08-04,3,6.0,2023-08-01T09:31:00-04:00,6.099999999999994,NDXP  230804P15860000,NDXP  230804P15850000,development,False,False,0,0,0,260,0,1344,available,False,2023-08-01T09:31:00-04:00,2023-08-04T15:54:00-04:00,9.300000000000068,-6652.960000000149,6.0,last_observed_quote_not_settlement,1037.0,1109,68,7.100000000000023,-2252.960000000056,2023-08-01T09:32:00-04:00,0.0,6.75,-1552.9600000000107,2023-08-01T09:33:00-04:00,0.0,6.599999999999994,-1252.9599999999994,2023-08-01T09:36:00-04:00,0.0,7.150000000000034,-2352.9600000000787,2023-08-01T09:41:00-04:00,0.0,5.750000000000028,447.0399999999325,2023-08-01T09:46:00-04:00,0.0,6.150000000000006,-352.96000000002203,2023-08-01T10:01:00-04:00,0.0,6.75,-1552.9600000000107,2023-08-01T10:31:00-04:00,0.0,6.300000000000011,-652.9600000000335,2023-08-01T11:31:00-04:00,0.0,6.75,-1552.9600000000107,2023-08-01T16:00:00-04:00,0.0,5.5,947.0399999999893,2023-08-02T16:00:00-04:00,0.0,10.0,-7952.960000000011,2023-08-03T16:00:00-04:00,0.0,,,2023-08-04T15:54:00-04:00,360.0,29.0,hit,92.0,hit,,never_hit,,never_hit,,never_hit,,never_hit,,never_hit,1.0,hit,1.0,hit,1.0,hit,57.0,hit,1440.0,hit,1448.0,hit,,,True,True,True,False,1.1999999999999602,,,True,True,True,False,1.1999999999999602,,,True,True,True,False,1.1999999999999602,,,True,True,True,False,1.1999999999999602,,,,,,,,,,,,,,,,,,,,,,,,,,,,,,,,,,,,,,,,,,,,,,,,,,,,,,,,,,,,,,,,,1210
2023-08-01,2023-08-04,3,7.0,2023-08-01T09:31:00-04:00,7.099999999999966,NDXP  230804P16180000,NDXP  230804P16170000,development,False,False,0,0,0,312,0,1292,available,False,2023-08-01T09:31:00-04:00,2023-08-04T15:59:00-04:00,10.0,-5952.960000000068,1.0,last_observed_quote_not_settlement,1042.0,1084,11,5.800000000000011,2347.03999999991,2023-08-01T09:32:00-04:00,0.0,8.350000000000023,-2752.9600000001146,2023-08-01T09:33:00-04:00,0.0,8.75,-3552.960000000069,2023-08-01T09:36:00-04:00,0.0,9.699999999999932,-5452.959999999933,2023-08-01T09:41:00-04:00,0.0,8.599999999999966,-3252.960000000001,2023-08-01T09:46:00-04:00,0.0,8.600000000000023,-3252.9600000001146,2023-08-01T10:01:00-04:00,0.0,9.499999999999943,-5052.9599999999555,2023-08-01T10:31:00-04:00,0.0,9.650000000000034,-5352.960000000137,2023-08-01T11:31:00-04:00,0.0,8.850000000000023,-3752.9600000001146,2023-08-01T16:00:00-04:00,0.0,,,2023-08-02T15:59:00-04:00,60.0,,,2023-08-03T15:59:00-04:00,60.0,,,2023-08-04T15:59:00-04:00,60.0,1828.0,hit,1828.0,hit,,never_hit,,never_hit,,never_hit,,never_hit,,never_hit,2.0,hit,2.0,hit,0.0,hit,2.0,hit,3.0,hit,3.0,hit,,,True,True,True,False,2.849999999999966,,,True,True,True,False,2.849999999999966,,,True,True,True,False,2.849999999999966,,,True,True,True,False,2.849999999999966,,,,,,,,,,,,,,,,,,,,,,,,,,,,,,,,,,,,,,,,,,,,,,,,,,,,,,,,,,,,,,,,,1211
2023-08-02,2023-08-04,2,5.0,2023-08-02T09:31:00-04:00,4.900000000000006,NDXP  230804P15590000,NDXP  230804P15580000,development,False,False,0,0,0,54,0,1145,available,False,2023-08-02T09:31:00-04:00,2023-08-04T15:59:00-04:00,10.0,-10352.959999999988,1.0,last_observed_quote_not_settlement,1036.0,1103,4,5.299999999999983,-1052.9599999999539,2023-08-02T09:32:00-04:00,0.0,4.8999999999999915,-252.95999999997088,2023-08-02T09:33:00-04:00,0.0,5.550000000000011,-1552.9600000000107,2023-08-02T09:36:00-04:00,0.0,5.550000000000011,-1552.9600000000107,2023-08-02T09:41:00-04:00,0.0,5.649999999999977,-1752.9599999999425,2023-08-02T09:46:00-04:00,0.0,6.650000000000006,-3752.959999999999,2023-08-02T10:01:00-04:00,0.0,6.299999999999983,-3052.9599999999537,2023-08-02T10:31:00-04:00,0.0,6.949999999999989,-4352.9599999999655,2023-08-02T11:31:00-04:00,0.0,7.900000000000006,-6252.959999999999,2023-08-02T16:00:00-04:00,0.0,,,2023-08-03T15:59:00-04:00,60.0,,,2023-08-04T15:59:00-04:00,60.0,,,,,0.0,hit,0.0,hit,379.0,hit,379.0,hit,,never_hit,,never_hit,,never_hit,5.0,hit,8.0,hit,25.0,hit,106.0,hit,1442.0,hit,1454.0,hit,8.300000000000011,377,True,True,False,False,,,,True,True,True,False,2.3000000000000114,,,True,True,True,False,2.3000000000000114,,,True,True,True,False,2.3000000000000114,379.0,2023-08-02T15:50:00-04:00,2.5999999999999943,4347.040000000024,,,,,,,,,380.0,2023-08-02T15:51:00-04:00,7.099999999999994,-4652.959999999976,,,,,,,,,,,,,,,,,,,,,,,,,,,,,,,,,,,,,,,,,,,,,,,,,1212
2023-08-02,2023-08-04,2,6.0,2023-08-02T09:31:00-04:00,5.899999999999977,NDXP  230804P15610000,NDXP  230804P15600000,development,False,False,0,0,0,54,0,1145,available,False,2023-08-02T09:31:00-04:00,2023-08-04T15:59:00-04:00,10.0,-8352.960000000045,1.0,last_observed_quote_not_settlement,1036.0,1087,11,5.650000000000006,247.03999999994383,2023-08-02T09:32:00-04:00,0.0,5.049999999999983,1447.0399999999893,2023-08-02T09:33:00-04:00,0.0,5.850000000000023,-152.96000000009025,2023-08-02T09:36:00-04:00,0.0,6.550000000000011,-1552.9600000000676,2023-08-02T09:41:00-04:00,0.0,6.699999999999989,-1852.960000000022,2023-08-02T09:46:00-04:00,0.0,8.0,-4452.960000000046,2023-08-02T10:01:00-04:00,0.0,6.850000000000023,-2152.96000000009,2023-08-02T10:31:00-04:00,0.0,7.599999999999994,-3652.9600000000332,2023-08-02T11:31:00-04:00,0.0,7.850000000000023,-4152.96000000009,2023-08-02T16:00:00-04:00,0.0,8.5,-5452.960000000046,2023-08-03T16:00:00-04:00,0.0,,,2023-08-04T15:59:00-04:00,60.0,,,,,2.0,hit,,never_hit,,never_hit,,never_hit,,never_hit,,never_hit,,never_hit,6.0,hit,6.0,hit,6.0,hit,17.0,hit,92.0,hit,1444.0,hit,,,True,True,True,False,0.8499999999999943,,,True,True,True,False,0.8499999999999943,,,True,True,True,False,0.8499999999999943,,,True,True,True,False,0.8499999999999943,,,,,,,,,,,,,,,,,,,,,,,,,,,,,,,,,,,,,,,,,,,,,,,,,,,,,,,,,,,,,,,,,1213
2023-08-02,2023-08-04,2,7.0,2023-08-02T09:31:00-04:00,7.0,NDXP  230804P15720000,NDXP  230804P15710000,development,False,False,0,0,0,133,0,1066,available,False,2023-08-02T09:31:00-04:00,2023-08-04T15:59:00-04:00,9.550000000000011,-5352.960000000024,1.0,last_observed_quote_not_settlement,1036.0,972,16,6.949999999999989,-152.95999999997656,2023-08-02T09:32:00-04:00,0.0,7.650000000000006,-1552.9600000000107,2023-08-02T09:33:00-04:00,0.0,7.4500000000000455,-1152.9600000000903,2023-08-02T09:36:00-04:00,0.0,8.550000000000011,-3352.9600000000237,2023-08-02T09:41:00-04:00,0.0,8.25,-2752.960000000001,2023-08-02T09:46:00-04:00,0.0,8.199999999999989,-2652.959999999978,2023-08-02T10:01:00-04:00,0.0,8.050000000000011,-2352.9600000000237,2023-08-02T10:31:00-04:00,0.0,8.25,-2752.960000000001,2023-08-02T11:31:00-04:00,0.0,8.750000000000057,-3752.9600000001146,2023-08-02T16:00:00-04:00,0.0,9.650000000000034,-5552.960000000069,2023-08-03T16:00:00-04:00,0.0,,,2023-08-04T15:59:00-04:00,60.0,,,,,1496.0,hit,1496.0,hit,,never_hit,,never_hit,,never_hit,,never_hit,,never_hit,2.0,hit,4.0,hit,0.0,hit,4.0,hit,36.0,hit,354.0,hit,,,True,True,True,False,2.1000000000000227,,,True,True,True,False,2.1000000000000227,,,True,True,True,False,2.1000000000000227,,,True,True,True,False,2.1000000000000227,,,,,,,,,,,,,,,,,,,,,,,,,,,,,,,,,,,,,,,,,,,,,,,,,,,,,,,,,,,,,,,,,1214
2023-08-04,2023-08-07,3,5.0,2023-08-04T09:31:00-04:00,4.849999999999994,NDXP  230807P15470000,NDXP  230807P15460000,development,False,False,0,0,1,36,0,758,available,False,2023-08-04T09:31:00-04:00,2023-08-07T15:59:00-04:00,10.0,-10452.96000000001,1.0,last_observed_quote_not_settlement,3916.0,567,26,4.900000000000006,-352.96000000002203,2023-08-04T09:32:00-04:00,0.0,5.6499999999999915,-1852.9599999999937,2023-08-04T09:33:00-04:00,0.0,4.349999999999994,747.0400000000006,2023-08-04T09:36:00-04:00,0.0,4.550000000000011,347.0399999999666,2023-08-04T09:41:00-04:00,0.0,5.449999999999989,-1452.959999999988,2023-08-04T09:46:00-04:00,0.0,6.650000000000006,-3852.960000000022,2023-08-04T10:01:00-04:00,0.0,6.349999999999994,-3252.959999999999,2023-08-04T10:31:00-04:00,0.0,4.700000000000017,47.039999999955235,2023-08-04T11:31:00-04:00,0.0,8.800000000000011,-8152.9600000000355,2023-08-04T16:00:00-04:00,0.0,,,2023-08-04T16:15:00-04:00,85500.0,,,2023-08-04T16:15:00-04:00,171900.0,,,2023-08-07T15:59:00-04:00,60.0,0.0,hit,0.0,hit,140.0,hit,,never_hit,,never_hit,,never_hit,,never_hit,2.0,hit,21.0,hit,28.0,hit,304.0,hit,370.0,hit,4336.0,hit,,,True,True,True,False,1.5999999999999943,,,True,True,True,False,1.5999999999999943,,,True,True,True,False,1.5999999999999943,,,True,True,True,False,1.5999999999999943,,,,,,,,,,,,,,,,,,,,,,,,,,,,,,,,,,,,,,,,,,,,,,,,,,,,,,,,,,,,,,,,,1215
2023-08-04,2023-08-07,3,6.0,2023-08-04T09:31:00-04:00,6.099999999999966,NDXP  230807P15520000,NDXP  230807P15510000,development,False,False,0,0,0,55,0,740,available,False,2023-08-04T09:31:00-04:00,2023-08-07T16:00:00-04:00,10.0,-7952.960000000068,0.0,last_observed_quote_not_settlement,3916.0,534,33,5.799999999999997,347.0399999999382,2023-08-04T09:32:00-04:00,0.0,5.949999999999989,47.039999999955235,2023-08-04T09:33:00-04:00,0.0,5.199999999999989,1547.0399999999552,2023-08-04T09:36:00-04:00,0.0,5.800000000000011,347.03999999990975,2023-08-04T09:41:00-04:00,0.0,6.150000000000006,-352.9600000000789,2023-08-04T09:46:00-04:00,0.0,7.650000000000006,-3352.9600000000787,2023-08-04T10:01:00-04:00,0.0,8.150000000000034,-4352.960000000137,2023-08-04T10:31:00-04:00,0.0,5.950000000000003,47.03999999992681,2023-08-04T11:31:00-04:00,0.0,9.349999999999966,-6752.960000000001,2023-08-04T16:00:00-04:00,0.0,,,2023-08-04T16:15:00-04:00,85500.0,,,2023-08-04T16:15:00-04:00,171900.0,10.0,-7952.960000000068,2023-08-07T16:00:00-04:00,0.0,3.0,hit,176.0,hit,,never_hit,,never_hit,,never_hit,,never_hit,,never_hit,14.0,hit,25.0,hit,25.0,hit,29.0,hit,36.0,hit,344.0,hit,,,True,True,True,False,1.599999999999973,,,True,True,True,False,1.599999999999973,,,True,True,True,False,1.599999999999973,,,True,True,True,False,1.599999999999973,,,,,,,,,,,,,,,,,,,,,,,,,,,,,,,,,,,,,,,,,,,,,,,,,,,,,,,,,,,,,,,,,1216
2023-08-04,2023-08-07,3,7.0,2023-08-04T09:31:00-04:00,7.049999999999983,NDXP  230807P15570000,NDXP  230807P15560000,development,False,False,0,0,0,96,0,699,available,False,2023-08-04T09:31:00-04:00,2023-08-07T16:00:00-04:00,10.0,-6052.960000000034,0.0,last_observed_quote_not_settlement,3916.0,494,29,6.850000000000023,147.03999999992112,2023-08-04T09:32:00-04:00,0.0,6.949999999999989,-52.96000000001066,2023-08-04T09:33:00-04:00,0.0,6.1499999999999915,1547.0399999999836,2023-08-04T09:36:00-04:00,0.0,6.400000000000034,1047.0399999998983,2023-08-04T09:41:00-04:00,0.0,7.349999999999966,-852.9599999999652,2023-08-04T09:46:00-04:00,0.0,8.199999999999989,-2552.9600000000123,2023-08-04T10:01:00-04:00,0.0,8.049999999999983,-2252.960000000001,2023-08-04T10:31:00-04:00,0.0,7.1499999999999915,-452.96000000001635,2023-08-04T11:31:00-04:00,0.0,9.700000000000045,-5552.9600000001265,2023-08-04T16:00:00-04:00,0.0,,,2023-08-04T16:15:00-04:00,85500.0,,,2023-08-04T16:15:00-04:00,171900.0,10.0,-6052.960000000034,2023-08-07T16:00:00-04:00,0.0,197.0,hit,,never_hit,,never_hit,,never_hit,,never_hit,,never_hit,,never_hit,20.0,hit,21.0,hit,0.0,hit,21.0,hit,28.0,hit,306.0,hit,,,True,True,True,False,1.5999999999999943,,,True,True,True,False,1.5999999999999943,,,True,True,True,False,1.5999999999999943,,,True,True,True,False,1.5999999999999943,,,,,,,,,,,,,,,,,,,,,,,,,,,,,,,,,,,,,,,,,,,,,,,,,,,,,,,,,,,,,,,,,1217
2023-08-07,2023-08-09,2,5.0,2023-08-07T09:31:00-04:00,4.949999999999989,NDXP  230809P15410000,NDXP  230809P15400000,development,False,False,0,0,0,68,15,1132,available,False,2023-08-07T09:31:00-04:00,2023-08-09T16:00:00-04:00,10.0,-10252.960000000021,0.0,last_observed_quote_not_settlement,1036.0,982,65,5.200000000000003,-752.9600000000278,2023-08-07T09:32:00-04:00,0.0,5.349999999999994,-1052.9600000000107,2023-08-07T09:33:00-04:00,0.0,5.5,-1352.960000000022,2023-08-07T09:36:00-04:00,0.0,5.900000000000006,-2152.9600000000332,2023-08-07T09:41:00-04:00,0.0,5.549999999999983,-1452.959999999988,2023-08-07T09:46:00-04:00,0.0,6.650000000000006,-3652.9600000000332,2023-08-07T10:01:00-04:00,0.0,6.099999999999994,-2552.9600000000105,2023-08-07T10:31:00-04:00,0.0,7.300000000000011,-4952.960000000045,2023-08-07T11:31:00-04:00,0.0,5.050000000000011,-452.9600000000448,2023-08-07T16:00:00-04:00,0.0,7.799999999999983,-5952.959999999988,2023-08-08T16:00:00-04:00,0.0,10.0,-10252.960000000021,2023-08-09T16:00:00-04:00,0.0,,,,,0.0,hit,0.0,hit,148.0,hit,,never_hit,,never_hit,,never_hit,,never_hit,3.0,hit,11.0,hit,17.0,hit,125.0,hit,1475.0,hit,1534.0,hit,,,True,True,True,False,1.6999999999999886,,,True,True,True,False,1.6999999999999886,,,True,True,True,False,1.6999999999999886,,,True,True,True,False,1.6999999999999886,,,,,,,,,,,,,,,,,,,,,,,,,,,,,,,,,,,,,,,,,,,,,,,,,,,,,,,,,,,,,,,,,1218
2023-08-07,2023-08-09,2,6.0,2023-08-07T09:31:00-04:00,6.099999999999966,NDXP  230809P15480000,NDXP  230809P15470000,development,False,False,0,0,0,72,15,1128,available,False,2023-08-07T09:31:00-04:00,2023-08-09T16:00:00-04:00,10.0,-7952.960000000068,0.0,last_observed_quote_not_settlement,1037.0,1048,11,6.400000000000034,-852.9600000001358,2023-08-07T09:32:00-04:00,0.0,6.649999999999977,-1352.960000000022,2023-08-07T09:33:00-04:00,0.0,7.399999999999977,-2852.960000000022,2023-08-07T09:36:00-04:00,0.0,6.799999999999983,-1652.9600000000335,2023-08-07T09:41:00-04:00,0.0,6.75,-1552.9600000000676,2023-08-07T09:46:00-04:00,0.0,8.300000000000011,-4652.960000000092,2023-08-07T10:01:00-04:00,0.0,6.5,-1052.9600000000676,2023-08-07T10:31:00-04:00,0.0,8.199999999999989,-4452.960000000046,2023-08-07T11:31:00-04:00,0.0,5.700000000000003,547.0399999999267,2023-08-07T16:00:00-04:00,0.0,9.200000000000017,-6452.960000000104,2023-08-08T16:00:00-04:00,0.0,10.0,-7952.960000000068,2023-08-09T16:00:00-04:00,0.0,,,,,,never_hit,,never_hit,,never_hit,,never_hit,,never_hit,,never_hit,,never_hit,2.0,hit,5.0,hit,5.0,hit,30.0,hit,1447.0,hit,1450.0,hit,,,True,True,True,False,0.39999999999996305,,,True,True,True,False,0.39999999999996305,,,True,True,True,False,0.39999999999996305,,,True,True,True,False,0.39999999999996305,,,,,,,,,,,,,,,,,,,,,,,,,,,,,,,,,,,,,,,,,,,,,,,,,,,,,,,,,,,,,,,,,1219
2023-08-07,2023-08-09,2,7.0,2023-08-07T09:31:00-04:00,6.999999999999886,NDXP  230809P16320000,NDXP  230809P16310000,development,False,False,0,0,0,219,15,981,available,False,2023-08-07T09:31:00-04:00,2023-08-09T16:00:00-04:00,10.0,-6152.960000000227,0.0,last_observed_quote_not_settlement,1040.0,816,4,,,2023-08-07T09:31:00-04:00,60.0,,,2023-08-07T09:31:00-04:00,120.0,8.600000000000136,-3452.960000000501,2023-08-07T09:36:00-04:00,0.0,,,2023-08-07T09:40:00-04:00,60.0,10.0,-6152.960000000227,2023-08-07T09:46:00-04:00,0.0,9.149999999999977,-4552.960000000183,2023-08-07T10:01:00-04:00,0.0,10.0,-6152.960000000227,2023-08-07T10:31:00-04:00,0.0,10.0,-6152.960000000227,2023-08-07T11:31:00-04:00,0.0,,,2023-08-07T15:58:00-04:00,120.0,10.0,-6152.960000000227,2023-08-08T16:00:00-04:00,0.0,10.0,-6152.960000000227,2023-08-09T16:00:00-04:00,0.0,,,,,1445.0,hit,2894.0,hit,2894.0,hit,,never_hit,,never_hit,,never_hit,,never_hit,4.0,hit,4.0,hit,4.0,hit,4.0,hit,4.0,hit,4.0,hit,,,True,True,True,False,3.0999999999997954,,,True,True,True,False,3.0999999999997954,,,True,True,True,False,3.0999999999997954,,,True,True,True,False,3.0999999999997954,,,,,,,,,,,,,,,,,,,,,,,,,,,,,,,,,,,,,,,,,,,,,,,,,,,,,,,,,,,,,,,,,1220
2023-08-07,2023-08-10,3,5.0,2023-08-07T09:31:00-04:00,5.049999999999983,NDXP  230810P15420000,NDXP  230810P15410000,development,False,False,0,0,0,97,0,1508,available,False,2023-08-07T09:31:00-04:00,2023-08-10T16:00:00-04:00,10.0,-10052.960000000034,0.0,last_observed_quote_not_settlement,1039.0,1325,69,5.199999999999989,-552.9600000000107,2023-08-07T09:32:00-04:00,0.0,5.349999999999994,-852.9600000000221,2023-08-07T09:33:00-04:00,0.0,5.25,-652.9600000000335,2023-08-07T09:36:00-04:00,0.0,5.199999999999989,-552.9600000000107,2023-08-07T09:41:00-04:00,0.0,5.299999999999983,-752.9599999999994,2023-08-07T09:46:00-04:00,0.0,6.650000000000006,-3452.9600000000446,2023-08-07T10:01:00-04:00,0.0,5.700000000000017,-1552.9600000000676,2023-08-07T10:31:00-04:00,0.0,6.350000000000023,-2852.9600000000787,2023-08-07T11:31:00-04:00,0.0,4.199999999999989,1447.0399999999893,2023-08-07T16:00:00-04:00,0.0,6.850000000000023,-3852.9600000000787,2023-08-08T16:00:00-04:00,0.0,8.899999999999977,-7952.95999999999,2023-08-09T16:00:00-04:00,0.0,10.0,-10052.960000000034,2023-08-10T16:00:00-04:00,0.0,0.0,hit,7.0,hit,28.0,hit,,never_hit,,never_hit,,never_hit,,never_hit,11.0,hit,17.0,hit,123.0,hit,1462.0,hit,1538.0,hit,2965.0,hit,,,True,True,True,False,1.299999999999983,,,True,True,True,False,1.299999999999983,,,True,True,True,False,1.299999999999983,,,True,True,True,False,1.299999999999983,,,,,,,,,,,,,,,,,,,,,,,,,,,,,,,,,,,,,,,,,,,,,,,,,,,,,,,,,,,,,,,,,1221
2023-08-07,2023-08-10,3,6.0,2023-08-07T09:31:00-04:00,6.050000000000011,NDXP  230810P15630000,NDXP  230810P15620000,development,False,False,0,0,0,252,0,1353,available,False,2023-08-07T09:31:00-04:00,2023-08-10T16:00:00-04:00,10.0,-8052.959999999977,0.0,last_observed_quote_not_settlement,1036.0,1208,4,8.100000000000023,-4352.960000000024,2023-08-07T09:32:00-04:00,0.0,7.75,-3652.9599999999764,2023-08-07T09:33:00-04:00,0.0,7.4500000000000455,-3052.9600000000673,2023-08-07T09:36:00-04:00,0.0,8.199999999999932,-4552.959999999842,2023-08-07T09:41:00-04:00,0.0,8.699999999999989,-5552.9599999999555,2023-08-07T09:46:00-04:00,0.0,8.450000000000045,-5052.960000000069,2023-08-07T10:01:00-04:00,0.0,8.349999999999966,-4852.95999999991,2023-08-07T10:31:00-04:00,0.0,9.199999999999989,-6552.9599999999555,2023-08-07T11:31:00-04:00,0.0,8.149999999999977,-4452.959999999933,2023-08-07T16:00:00-04:00,0.0,9.750000000000057,-7652.960000000092,2023-08-08T16:00:00-04:00,0.0,8.25,-4652.959999999978,2023-08-09T16:00:00-04:00,0.0,10.0,-8052.959999999977,2023-08-10T16:00:00-04:00,0.0,4692.0,hit,4692.0,hit,4692.0,hit,4692.0,hit,4692.0,hit,,never_hit,,never_hit,1.0,hit,1.0,hit,1.0,hit,1.0,hit,33.0,hit,33.0,hit,10.0,1200,True,True,True,True,,10.0,1200,True,True,True,True,,,,True,True,True,False,4.650000000000034,,,True,True,True,False,4.650000000000034,4692.0,2023-08-10T15:43:00-04:00,1.3999999999999773,9047.04000000007,,,,,,,,,4693.0,2023-08-10T15:44:00-04:00,9.200000000000045,-6552.960000000069,4692.0,2023-08-10T15:43:00-04:00,1.3999999999999773,9047.04000000007,,,,,,,,,4693.0,2023-08-10T15:44:00-04:00,9.200000000000045,-6552.960000000069,,,,,,,,,,,,,,,,,,,,,,,,,,,,,,,,,1222
2023-08-07,2023-08-10,3,7.0,2023-08-07T09:31:00-04:00,7.0,NDXP  230810P15490000,NDXP  230810P15480000,development,False,False,0,0,0,67,0,1538,available,False,2023-08-07T09:31:00-04:00,2023-08-10T16:00:00-04:00,10.0,-6152.96,0.0,last_observed_quote_not_settlement,1036.0,1115,39,7.049999999999983,-352.9599999999652,2023-08-07T09:32:00-04:00,0.0,6.099999999999994,1547.040000000012,2023-08-07T09:33:00-04:00,0.0,6.450000000000017,847.0399999999665,2023-08-07T09:36:00-04:00,0.0,6.299999999999983,1147.0400000000348,2023-08-07T09:41:00-04:00,0.0,6.550000000000011,647.0399999999779,2023-08-07T09:46:00-04:00,0.0,6.25,1247.0400000000006,2023-08-07T10:01:00-04:00,0.0,6.599999999999966,547.0400000000689,2023-08-07T10:31:00-04:00,0.0,7.100000000000023,-452.9600000000448,2023-08-07T11:31:00-04:00,0.0,5.049999999999983,3647.040000000035,2023-08-07T16:00:00-04:00,0.0,7.75,-1752.9599999999994,2023-08-08T16:00:00-04:00,0.0,9.600000000000023,-5452.960000000046,2023-08-09T16:00:00-04:00,0.0,10.0,-6152.96,2023-08-10T16:00:00-04:00,0.0,65.0,hit,388.0,hit,,never_hit,,never_hit,,never_hit,,never_hit,,never_hit,98.0,hit,1443.0,hit,0.0,hit,1443.0,hit,1507.0,hit,1635.0,hit,,,True,True,True,False,2.700000000000017,,,True,True,True,False,2.700000000000017,,,True,True,True,False,2.700000000000017,,,True,True,True,False,2.700000000000017,,,,,,,,,,,,,,,,,,,,,,,,,,,,,,,,,,,,,,,,,,,,,,,,,,,,,,,,,,,,,,,,,1223
2023-08-08,2023-08-10,2,5.0,2023-08-08T09:31:00-04:00,4.799999999999997,NDXP  230810P15320000,NDXP  230810P15310000,development,False,False,0,0,1,34,15,1165,available,False,2023-08-08T09:31:00-04:00,2023-08-10T16:00:00-04:00,10.0,-10552.960000000005,0.0,last_observed_quote_not_settlement,1036.0,1074,27,4.550000000000011,247.03999999997225,2023-08-08T09:32:00-04:00,0.0,5.200000000000003,-1052.9600000000107,2023-08-08T09:33:00-04:00,0.0,5.049999999999983,-752.9599999999709,2023-08-08T09:36:00-04:00,0.0,3.049999999999983,3247.040000000029,2023-08-08T09:41:00-04:00,0.0,5.900000000000006,-2452.9600000000164,2023-08-08T09:46:00-04:00,0.0,6.0,-2652.960000000005,2023-08-08T10:01:00-04:00,0.0,6.299999999999983,-3252.959999999971,2023-08-08T10:31:00-04:00,0.0,6.450000000000017,-3552.960000000039,2023-08-08T11:31:00-04:00,0.0,5.099999999999994,-852.9599999999937,2023-08-08T16:00:00-04:00,0.0,8.199999999999989,-7052.959999999984,2023-08-09T16:00:00-04:00,0.0,10.0,-10552.960000000005,2023-08-10T16:00:00-04:00,0.0,,,,,0.0,hit,0.0,hit,10.0,hit,2911.0,hit,,never_hit,,never_hit,,never_hit,7.0,hit,7.0,hit,87.0,hit,1544.0,hit,1822.0,hit,3020.0,hit,9.0,811,True,True,True,True,,,,True,True,True,False,2.4499999999999957,,,True,True,True,False,2.4499999999999957,,,True,True,True,False,2.4499999999999957,2911.0,2023-08-10T10:02:00-04:00,2.9499999999999957,3447.0400000000036,,,,,,,,,2912.0,2023-08-10T10:03:00-04:00,3.0,3347.039999999995,,,,,,,,,,,,,,,,,,,,,,,,,,,,,,,,,,,,,,,,,,,,,,,,,1224
2023-08-08,2023-08-10,2,6.0,2023-08-08T09:31:00-04:00,6.0,NDXP  230810P15380000,NDXP  230810P15370000,development,False,False,0,0,0,59,15,1141,available,False,2023-08-08T09:31:00-04:00,2023-08-10T16:00:00-04:00,10.0,-8152.96,0.0,last_observed_quote_not_settlement,1036.0,1065,27,5.599999999999966,547.0400000000689,2023-08-08T09:32:00-04:00,0.0,6.150000000000006,-552.9600000000107,2023-08-08T09:33:00-04:00,0.0,6.949999999999989,-2152.9599999999764,2023-08-08T09:36:00-04:00,0.0,5.949999999999989,-152.95999999997656,2023-08-08T09:41:00-04:00,0.0,6.400000000000006,-1052.9600000000107,2023-08-08T09:46:00-04:00,0.0,7.5,-3252.959999999999,2023-08-08T10:01:00-04:00,0.0,7.099999999999994,-2452.9599999999878,2023-08-08T10:31:00-04:00,0.0,7.349999999999994,-2952.9599999999878,2023-08-08T11:31:00-04:00,0.0,6.199999999999989,-652.9599999999766,2023-08-08T16:00:00-04:00,0.0,8.299999999999955,-4852.95999999991,2023-08-09T16:00:00-04:00,0.0,10.0,-8152.96,2023-08-10T16:00:00-04:00,0.0,,,,,2910.0,hit,2910.0,hit,,never_hit,,never_hit,,never_hit,,never_hit,,never_hit,5.0,hit,20.0,hit,20.0,hit,45.0,hit,1551.0,hit,1561.0,hit,,,True,True,True,False,1.0500000000000043,,,True,True,True,False,1.0500000000000043,,,True,True,True,False,1.0500000000000043,,,True,True,True,False,1.0500000000000043,,,,,,,,,,,,,,,,,,,,,,,,,,,,,,,,,,,,,,,,,,,,,,,,,,,,,,,,,,,,,,,,,1225
2023-08-08,2023-08-10,2,7.0,2023-08-08T09:31:00-04:00,7.0,NDXP  230810P15460000,NDXP  230810P15450000,development,False,False,0,0,0,77,15,1123,available,False,2023-08-08T09:31:00-04:00,2023-08-10T16:00:00-04:00,10.0,-6152.96,0.0,last_observed_quote_not_settlement,1036.0,1051,8,7.75,-1752.9599999999994,2023-08-08T09:32:00-04:00,0.0,7.349999999999994,-952.959999999988,2023-08-08T09:33:00-04:00,0.0,6.849999999999994,47.04000000001208,2023-08-08T09:36:00-04:00,0.0,8.0,-2252.960000000001,2023-08-08T09:41:00-04:00,0.0,7.75,-1752.9599999999994,2023-08-08T09:46:00-04:00,0.0,8.549999999999955,-3352.95999999991,2023-08-08T10:01:00-04:00,0.0,8.5,-3252.960000000001,2023-08-08T10:31:00-04:00,0.0,8.299999999999955,-2852.95999999991,2023-08-08T11:31:00-04:00,0.0,7.349999999999994,-952.959999999988,2023-08-08T16:00:00-04:00,0.0,9.599999999999966,-5452.959999999933,2023-08-09T16:00:00-04:00,0.0,10.0,-6152.96,2023-08-10T16:00:00-04:00,0.0,,,,,,never_hit,,never_hit,,never_hit,,never_hit,,never_hit,,never_hit,,never_hit,1.0,hit,8.0,hit,0.0,hit,8.0,hit,89.0,hit,1522.0,hit,,,True,True,True,False,0.4000000000000057,,,True,True,True,False,0.4000000000000057,,,True,True,True,False,0.4000000000000057,,,True,True,True,False,0.4000000000000057,,,,,,,,,,,,,,,,,,,,,,,,,,,,,,,,,,,,,,,,,,,,,,,,,,,,,,,,,,,,,,,,,1226
2023-08-08,2023-08-11,3,5.0,2023-08-08T09:31:00-04:00,4.900000000000006,NDXP  230811P15340000,NDXP  230811P15330000,development,False,False,0,0,0,108,0,1497,available,False,2023-08-08T09:31:00-04:00,2023-08-11T16:00:00-04:00,10.0,-10352.959999999988,0.0,last_observed_quote_not_settlement,1037.0,1364,32,5.099999999999994,-652.9599999999766,2023-08-08T09:32:00-04:00,0.0,5.5,-1452.959999999988,2023-08-08T09:33:00-04:00,0.0,4.599999999999994,347.04000000002344,2023-08-08T09:36:00-04:00,0.0,7.250000000000028,-4952.960000000045,2023-08-08T09:41:00-04:00,0.0,6.099999999999994,-2652.9599999999764,2023-08-08T09:46:00-04:00,0.0,6.050000000000011,-2552.9600000000105,2023-08-08T10:01:00-04:00,0.0,6.25,-2952.9599999999878,2023-08-08T10:31:00-04:00,0.0,5.849999999999966,-2152.9599999999195,2023-08-08T11:31:00-04:00,0.0,5.699999999999989,-1852.9599999999652,2023-08-08T16:00:00-04:00,0.0,7.699999999999989,-5852.9599999999655,2023-08-09T16:00:00-04:00,0.0,8.949999999999989,-8352.959999999966,2023-08-10T16:00:00-04:00,0.0,10.0,-10352.959999999988,2023-08-11T16:00:00-04:00,0.0,0.0,hit,0.0,hit,2911.0,hit,,never_hit,,never_hit,,never_hit,,never_hit,2.0,hit,10.0,hit,10.0,hit,19.0,hit,1526.0,hit,3216.0,hit,,,True,True,True,False,0.9000000000000057,,,True,True,True,False,0.9000000000000057,,,True,True,True,False,0.9000000000000057,,,True,True,True,False,0.9000000000000057,,,,,,,,,,,,,,,,,,,,,,,,,,,,,,,,,,,,,,,,,,,,,,,,,,,,,,,,,,,,,,,,,1227
2023-08-08,2023-08-11,3,6.0,2023-08-08T09:31:00-04:00,6.0,NDXP  230811P15380000,NDXP  230811P15370000,development,False,False,0,0,0,115,0,1490,available,False,2023-08-08T09:31:00-04:00,2023-08-11T16:00:00-04:00,10.0,-8152.96,0.0,last_observed_quote_not_settlement,1036.0,1297,47,5.349999999999994,1047.040000000012,2023-08-08T09:32:00-04:00,0.0,5.949999999999989,-152.95999999997656,2023-08-08T09:33:00-04:00,0.0,3.9499999999999886,3847.0400000000236,2023-08-08T09:36:00-04:00,0.0,5.650000000000006,447.03999999998933,2023-08-08T09:41:00-04:00,0.0,6.349999999999994,-952.959999999988,2023-08-08T09:46:00-04:00,0.0,6.700000000000017,-1652.9600000000335,2023-08-08T10:01:00-04:00,0.0,6.799999999999983,-1852.9599999999652,2023-08-08T10:31:00-04:00,0.0,6.950000000000017,-2152.9600000000332,2023-08-08T11:31:00-04:00,0.0,5.5,747.0400000000006,2023-08-08T16:00:00-04:00,0.0,8.049999999999955,-4352.95999999991,2023-08-09T16:00:00-04:00,0.0,9.249999999999972,-6752.959999999945,2023-08-10T16:00:00-04:00,0.0,10.0,-8152.96,2023-08-11T16:00:00-04:00,0.0,1.0,hit,5.0,hit,5.0,hit,,never_hit,,never_hit,,never_hit,,never_hit,14.0,hit,40.0,hit,40.0,hit,1513.0,hit,1580.0,hit,3134.0,hit,,,True,True,True,False,2.3500000000000227,,,True,True,True,False,2.3500000000000227,,,True,True,True,False,2.3500000000000227,,,True,True,True,False,2.3500000000000227,,,,,,,,,,,,,,,,,,,,,,,,,,,,,,,,,,,,,,,,,,,,,,,,,,,,,,,,,,,,,,,,,1228
2023-08-08,2023-08-11,3,7.0,2023-08-08T09:31:00-04:00,7.0,NDXP  230811P15480000,NDXP  230811P15470000,development,False,False,0,0,0,110,0,1495,available,False,2023-08-08T09:31:00-04:00,2023-08-11T16:00:00-04:00,10.0,-6152.96,0.0,last_observed_quote_not_settlement,1039.0,1400,17,7.099999999999966,-452.9599999999311,2023-08-08T09:32:00-04:00,0.0,7.25,-752.9599999999994,2023-08-08T09:33:00-04:00,0.0,7.049999999999983,-352.9599999999652,2023-08-08T09:36:00-04:00,0.0,6.849999999999994,47.04000000001208,2023-08-08T09:41:00-04:00,0.0,8.549999999999955,-3352.95999999991,2023-08-08T09:46:00-04:00,0.0,7.899999999999977,-2052.9599999999537,2023-08-08T10:01:00-04:00,0.0,7.5,-1252.9599999999994,2023-08-08T10:31:00-04:00,0.0,7.7000000000000455,-1652.9600000000903,2023-08-08T11:31:00-04:00,0.0,8.150000000000006,-2552.9600000000123,2023-08-08T16:00:00-04:00,0.0,8.950000000000045,-4152.960000000092,2023-08-09T16:00:00-04:00,0.0,9.75,-5752.960000000001,2023-08-10T16:00:00-04:00,0.0,10.0,-6152.96,2023-08-11T16:00:00-04:00,0.0,3.0,hit,,never_hit,,never_hit,,never_hit,,never_hit,,never_hit,,never_hit,13.0,hit,14.0,hit,0.0,hit,14.0,hit,1508.0,hit,1552.0,hit,,,True,True,True,False,1.5999999999999943,,,True,True,True,False,1.5999999999999943,,,True,True,True,False,1.5999999999999943,,,True,True,True,False,1.5999999999999943,,,,,,,,,,,,,,,,,,,,,,,,,,,,,,,,,,,,,,,,,,,,,,,,,,,,,,,,,,,,,,,,,1229
2023-08-09,2023-08-11,2,5.0,2023-08-09T09:31:00-04:00,4.949999999999989,NDXP  230811P15310000,NDXP  230811P15300000,development,False,False,0,0,0,127,0,1073,available,False,2023-08-09T09:31:00-04:00,2023-08-11T16:00:00-04:00,9.649999999999977,-9652.959999999977,0.0,last_observed_quote_not_settlement,1036.0,928,24,4.999999999999986,-352.9599999999936,2023-08-09T09:32:00-04:00,0.0,5.199999999999989,-752.9599999999994,2023-08-09T09:33:00-04:00,0.0,5.399999999999977,-1152.9599999999766,2023-08-09T09:36:00-04:00,0.0,5.099999999999966,-552.9599999999539,2023-08-09T09:41:00-04:00,0.0,6.400000000000006,-3152.9600000000332,2023-08-09T09:46:00-04:00,0.0,5.449999999999989,-1252.9599999999994,2023-08-09T10:01:00-04:00,0.0,6.0,-2352.960000000022,2023-08-09T10:31:00-04:00,0.0,6.599999999999994,-3552.9600000000105,2023-08-09T11:31:00-04:00,0.0,7.450000000000017,-5252.960000000056,2023-08-09T16:00:00-04:00,0.0,8.549999999999983,-7452.95999999999,2023-08-10T16:00:00-04:00,0.0,9.649999999999977,-9652.959999999977,2023-08-11T16:00:00-04:00,0.0,,,,,0.0,hit,0.0,hit,1468.0,hit,,never_hit,,never_hit,,never_hit,,never_hit,8.0,hit,14.0,hit,91.0,hit,144.0,hit,1690.0,hit,2880.0,hit,,,True,True,True,False,1.6999999999999815,,,True,True,True,False,1.6999999999999815,,,True,True,True,False,1.6999999999999815,,,True,True,True,False,1.6999999999999815,,,,,,,,,,,,,,,,,,,,,,,,,,,,,,,,,,,,,,,,,,,,,,,,,,,,,,,,,,,,,,,,,1230
2023-08-09,2023-08-11,2,6.0,2023-08-09T09:31:00-04:00,6.0,NDXP  230811P15350000,NDXP  230811P15340000,development,False,False,0,0,0,127,0,1073,available,False,2023-08-09T09:31:00-04:00,2023-08-11T16:00:00-04:00,10.0,-8152.96,0.0,last_observed_quote_not_settlement,1036.0,905,41,5.100000000000023,1547.0399999999552,2023-08-09T09:32:00-04:00,0.0,6.100000000000023,-452.9600000000448,2023-08-09T09:33:00-04:00,0.0,6.250000000000028,-752.9600000000562,2023-08-09T09:36:00-04:00,0.0,5.75,247.04000000000067,2023-08-09T09:41:00-04:00,0.0,5.400000000000006,947.0399999999893,2023-08-09T09:46:00-04:00,0.0,5.800000000000011,147.03999999997797,2023-08-09T10:01:00-04:00,0.0,7.0,-2252.959999999999,2023-08-09T10:31:00-04:00,0.0,8.25,-4752.960000000001,2023-08-09T11:31:00-04:00,0.0,7.600000000000023,-3452.9600000000446,2023-08-09T16:00:00-04:00,0.0,9.100000000000023,-6452.960000000046,2023-08-10T16:00:00-04:00,0.0,10.0,-8152.96,2023-08-11T16:00:00-04:00,0.0,,,,,1.0,hit,59.0,hit,1470.0,hit,1498.0,hit,,never_hit,,never_hit,,never_hit,12.0,hit,12.0,hit,12.0,hit,79.0,hit,1649.0,hit,1709.0,hit,8.600000000000023,382,True,True,False,False,,,,True,True,True,False,3.200000000000003,,,True,True,True,False,3.200000000000003,,,True,True,True,False,3.200000000000003,1498.0,2023-08-10T10:29:00-04:00,2.799999999999997,6147.040000000006,,,,,,,,,1499.0,2023-08-10T10:30:00-04:00,5.050000000000011,1647.039999999978,,,,,,,,,,,,,,,,,,,,,,,,,,,,,,,,,,,,,,,,,,,,,,,,,1231
2023-08-09,2023-08-11,2,7.0,2023-08-09T09:31:00-04:00,7.0,NDXP  230811P15500000,NDXP  230811P15490000,development,False,False,0,0,0,121,0,1079,available,False,2023-08-09T09:31:00-04:00,2023-08-11T16:00:00-04:00,10.0,-6152.96,0.0,last_observed_quote_not_settlement,1037.0,977,2,8.0,-2252.960000000001,2023-08-09T09:32:00-04:00,0.0,8.099999999999994,-2452.9599999999896,2023-08-09T09:33:00-04:00,0.0,7.300000000000011,-852.9600000000221,2023-08-09T09:36:00-04:00,0.0,8.199999999999932,-2652.9599999998645,2023-08-09T09:41:00-04:00,0.0,8.200000000000045,-2652.960000000092,2023-08-09T09:46:00-04:00,0.0,8.550000000000011,-3352.9600000000237,2023-08-09T10:01:00-04:00,0.0,8.199999999999932,-2652.9599999998645,2023-08-09T10:31:00-04:00,0.0,9.149999999999977,-4552.9599999999555,2023-08-09T11:31:00-04:00,0.0,8.949999999999932,-4152.9599999998645,2023-08-09T16:00:00-04:00,0.0,,,2023-08-10T15:58:00-04:00,120.0,10.0,-6152.96,2023-08-11T16:00:00-04:00,0.0,,,,,,never_hit,,never_hit,,never_hit,,never_hit,,never_hit,,never_hit,,never_hit,1.0,hit,1.0,hit,0.0,hit,1.0,hit,7.0,hit,20.0,hit,,,True,True,True,False,0.14999999999997726,,,True,True,True,False,0.14999999999997726,,,True,True,True,False,0.14999999999997726,,,True,True,True,False,0.14999999999997726,,,,,,,,,,,,,,,,,,,,,,,,,,,,,,,,,,,,,,,,,,,,,,,,,,,,,,,,,,,,,,,,,1232
2023-08-11,2023-08-14,3,5.0,2023-08-11T09:31:00-04:00,5.049999999999997,NDXP  230814P15030000,NDXP  230814P15020000,development,False,False,0,0,0,5,0,790,available,False,2023-08-11T09:31:00-04:00,2023-08-14T15:57:00-04:00,0.0,9847.039999999995,3.0,last_observed_quote_not_settlement,3916.0,110,44,5.349999999999994,-852.9599999999937,2023-08-11T09:32:00-04:00,0.0,5.049999999999997,-252.9599999999993,2023-08-11T09:33:00-04:00,0.0,4.599999999999994,647.0400000000063,2023-08-11T09:36:00-04:00,0.0,4.75,347.039999999995,2023-08-11T09:41:00-04:00,0.0,5.25,-652.960000000005,2023-08-11T09:46:00-04:00,0.0,4.849999999999994,147.0400000000064,2023-08-11T10:01:00-04:00,0.0,3.5999999999999943,2647.0400000000063,2023-08-11T10:31:00-04:00,0.0,5.0,-152.96000000000498,2023-08-11T11:31:00-04:00,0.0,4.100000000000001,1647.0399999999922,2023-08-11T16:00:00-04:00,0.0,,,2023-08-11T16:15:00-04:00,85500.0,,,2023-08-11T16:15:00-04:00,171900.0,,,2023-08-14T15:57:00-04:00,180.0,0.0,hit,3.0,hit,32.0,hit,4362.0,hit,4384.0,hit,4400.0,hit,4476.0,hit,29.0,hit,29.0,hit,,never_hit,,never_hit,,never_hit,,never_hit,6.599999999999994,110,False,False,False,False,,6.599999999999994,110,False,False,False,False,,6.599999999999994,110,False,False,False,False,,6.599999999999994,110,False,False,False,False,,4362.0,2023-08-14T10:13:00-04:00,2.8999999999999986,4047.039999999998,4363.0,2023-08-14T10:14:00-04:00,2.799999999999997,4247.040000000001,4364.0,2023-08-14T10:15:00-04:00,2.8000000000000007,4247.039999999994,4363.0,2023-08-14T10:14:00-04:00,2.799999999999997,4247.040000000001,4384.0,2023-08-14T10:35:00-04:00,1.8000000000000007,6247.039999999994,4385.0,2023-08-14T10:36:00-04:00,1.75,6347.039999999995,4386.0,2023-08-14T10:37:00-04:00,1.5,6847.039999999995,4385.0,2023-08-14T10:36:00-04:00,1.75,6347.039999999995,4400.0,2023-08-14T10:51:00-04:00,0.8499999999999996,8147.039999999996,4401.0,2023-08-14T10:52:00-04:00,0.75,8347.039999999995,4402.0,2023-08-14T10:53:00-04:00,0.75,8347.039999999995,4401.0,2023-08-14T10:52:00-04:00,0.75,8347.039999999995,4535.0,2023-08-14T13:06:00-04:00,0.37500000000000044,9097.039999999994,4536.0,2023-08-14T13:07:00-04:00,0.35000000000000053,9147.039999999995,4537.0,2023-08-14T13:08:00-04:00,0.40000000000000036,9047.039999999995,4536.0,2023-08-14T13:07:00-04:00,0.35000000000000053,9147.039999999995,1233
2023-08-11,2023-08-14,3,6.0,2023-08-11T09:31:00-04:00,5.900000000000006,NDXP  230814P15090000,NDXP  230814P15080000,development,False,False,0,0,0,6,0,789,available,False,2023-08-11T09:31:00-04:00,2023-08-14T16:00:00-04:00,0.125,11297.040000000014,0.0,last_observed_quote_not_settlement,3916.0,221,67,6.5,-1452.959999999988,2023-08-11T09:32:00-04:00,0.0,6.049999999999983,-552.9599999999539,2023-08-11T09:33:00-04:00,0.0,5.450000000000003,647.0400000000063,2023-08-11T09:36:00-04:00,0.0,5.200000000000017,1147.039999999978,2023-08-11T09:41:00-04:00,0.0,6.600000000000023,-1652.9600000000335,2023-08-11T09:46:00-04:00,0.0,5.5,547.040000000012,2023-08-11T10:01:00-04:00,0.0,4.6499999999999915,2247.040000000029,2023-08-11T10:31:00-04:00,0.0,6.350000000000023,-1152.9600000000335,2023-08-11T11:31:00-04:00,0.0,6.650000000000006,-1752.9599999999994,2023-08-11T16:00:00-04:00,0.0,,,2023-08-11T16:15:00-04:00,85500.0,,,2023-08-11T16:15:00-04:00,171900.0,0.125,11297.040000000014,2023-08-14T16:00:00-04:00,0.0,4.0,hit,34.0,hit,4375.0,hit,4386.0,hit,4401.0,hit,4550.0,hit,4664.0,hit,1.0,hit,129.0,hit,132.0,hit,4323.0,hit,,never_hit,,never_hit,8.000000000000014,221,True,True,False,False,,8.000000000000014,221,True,True,False,False,,8.000000000000014,221,True,True,False,False,,8.000000000000014,221,True,True,False,False,,4387.0,2023-08-14T10:38:00-04:00,2.849999999999998,5847.040000000016,4388.0,2023-08-14T10:39:00-04:00,2.8999999999999986,5747.0400000000145,4389.0,2023-08-14T10:40:00-04:00,2.849999999999998,5847.040000000016,4388.0,2023-08-14T10:39:00-04:00,2.8999999999999986,5747.0400000000145,4401.0,2023-08-14T10:52:00-04:00,1.8000000000000007,7947.040000000011,4402.0,2023-08-14T10:53:00-04:00,1.6999999999999993,8147.040000000013,4403.0,2023-08-14T10:54:00-04:00,1.6999999999999993,8147.040000000013,4402.0,2023-08-14T10:53:00-04:00,1.6999999999999993,8147.040000000013,4550.0,2023-08-14T13:21:00-04:00,0.9000000000000004,9747.040000000012,4551.0,2023-08-14T13:22:00-04:00,0.7999999999999989,9947.040000000015,4552.0,2023-08-14T13:23:00-04:00,0.8500000000000005,9847.040000000012,4551.0,2023-08-14T13:22:00-04:00,0.7999999999999989,9947.040000000015,4665.0,2023-08-14T15:16:00-04:00,0.42500000000000004,10697.040000000014,4669.0,2023-08-14T15:20:00-04:00,0.32500000000000007,10897.040000000012,4670.0,2023-08-14T15:21:00-04:00,0.125,11297.040000000014,4666.0,2023-08-14T15:17:00-04:00,0.5,10547.040000000014,1234
2023-08-11,2023-08-14,3,7.0,2023-08-11T09:31:00-04:00,7.099999999999994,NDXP  230814P15140000,NDXP  230814P15130000,development,False,False,0,0,0,2,0,793,available,False,2023-08-11T09:31:00-04:00,2023-08-14T16:00:00-04:00,0.35,13247.03999999999,0.0,last_observed_quote_not_settlement,3916.0,177,60,7.300000000000011,-652.9600000000335,2023-08-11T09:32:00-04:00,0.0,7.199999999999989,-452.95999999998793,2023-08-11T09:33:00-04:00,0.0,6.4500000000000455,1047.0399999998983,2023-08-11T09:36:00-04:00,0.0,6.600000000000023,747.0399999999438,2023-08-11T09:41:00-04:00,0.0,7.049999999999983,-152.95999999997656,2023-08-11T09:46:00-04:00,0.0,7.0,-52.96000000001066,2023-08-11T10:01:00-04:00,0.0,5.549999999999997,2847.039999999995,2023-08-11T10:31:00-04:00,0.0,7.299999999999983,-652.9599999999766,2023-08-11T11:31:00-04:00,0.0,6.8999999999999915,147.0400000000064,2023-08-11T16:00:00-04:00,0.0,,,2023-08-11T16:15:00-04:00,85500.0,,,2023-08-11T16:15:00-04:00,171900.0,0.35,13247.03999999999,2023-08-14T16:00:00-04:00,0.0,51.0,hit,289.0,hit,4399.0,hit,4403.0,hit,4670.0,hit,4687.0,hit,4693.0,hit,108.0,hit,124.0,hit,0.0,hit,124.0,hit,4321.0,hit,,never_hit,9.25,177,True,True,True,True,,9.25,177,True,True,True,True,,9.25,177,True,True,True,True,,9.25,177,True,True,True,True,,4460.0,2023-08-14T11:51:00-04:00,2.8999999999999986,8147.039999999993,4551.0,2023-08-14T13:22:00-04:00,2.4000000000000004,9147.03999999999,4552.0,2023-08-14T13:23:00-04:00,2.5000000000000018,8947.039999999986,4461.0,2023-08-14T11:52:00-04:00,3.099999999999998,7747.039999999994,4670.0,2023-08-14T15:21:00-04:00,1.8000000000000007,10347.039999999988,4671.0,2023-08-14T15:22:00-04:00,1.75,10447.03999999999,4687.0,2023-08-14T15:38:00-04:00,0.8249999999999997,12297.03999999999,4671.0,2023-08-14T15:22:00-04:00,1.75,10447.03999999999,4687.0,2023-08-14T15:38:00-04:00,0.8249999999999997,12297.03999999999,4691.0,2023-08-14T15:42:00-04:00,0.6499999999999999,12647.03999999999,4692.0,2023-08-14T15:43:00-04:00,0.6750000000000002,12597.039999999988,4688.0,2023-08-14T15:39:00-04:00,1.1250000000000004,11697.039999999988,4694.0,2023-08-14T15:45:00-04:00,0.42500000000000004,13097.03999999999,4695.0,2023-08-14T15:46:00-04:00,0.44999999999999996,13047.03999999999,4707.0,2023-08-14T15:58:00-04:00,0.07500000000000001,13797.03999999999,4695.0,2023-08-14T15:46:00-04:00,0.44999999999999996,13047.03999999999,1235
2023-08-14,2023-08-16,2,5.0,2023-08-14T09:31:00-04:00,5.0,NDXP  230816P15000000,NDXP  230816P14990000,development,False,False,0,0,0,10,15,1190,available,False,2023-08-14T09:31:00-04:00,2023-08-16T16:00:00-04:00,10.0,-10152.96,0.0,last_observed_quote_not_settlement,1036.0,216,12,5.150000000000006,-552.9600000000107,2023-08-14T09:32:00-04:00,0.0,5.0,-252.9599999999993,2023-08-14T09:33:00-04:00,0.0,3.700000000000003,2347.039999999995,2023-08-14T09:36:00-04:00,0.0,4.099999999999994,1547.040000000012,2023-08-14T09:41:00-04:00,0.0,4.0,1747.0400000000006,2023-08-14T09:46:00-04:00,0.0,4.049999999999997,1647.0400000000063,2023-08-14T10:01:00-04:00,0.0,3.3999999999999915,2947.0400000000177,2023-08-14T10:31:00-04:00,0.0,2.3999999999999986,4947.040000000004,2023-08-14T11:31:00-04:00,0.0,1.5000000000000036,6747.039999999994,2023-08-14T16:00:00-04:00,0.0,3.8000000000000043,2147.0399999999922,2023-08-15T16:00:00-04:00,0.0,10.0,-10152.96,2023-08-16T16:00:00-04:00,0.0,,,,,0.0,hit,0.0,hit,5.0,hit,55.0,hit,366.0,hit,,never_hit,,never_hit,3026.0,hit,3039.0,hit,3047.0,hit,3099.0,hit,3221.0,hit,3221.0,hit,5.150000000000006,1,False,False,False,False,,5.150000000000006,1,False,False,False,False,,,,True,True,True,False,3.5,,,True,True,True,False,3.5,55.0,2023-08-14T10:26:00-04:00,2.9000000000000057,3947.0399999999895,66.0,2023-08-14T10:37:00-04:00,2.799999999999997,4147.040000000006,67.0,2023-08-14T10:38:00-04:00,2.5999999999999943,4547.040000000012,56.0,2023-08-14T10:27:00-04:00,3.299999999999997,3147.0400000000063,373.0,2023-08-14T15:44:00-04:00,1.9000000000000057,5947.039999999989,374.0,2023-08-14T15:45:00-04:00,1.9499999999999993,5847.040000000002,386.0,2023-08-14T15:57:00-04:00,1.7999999999999972,6147.040000000006,374.0,2023-08-14T15:45:00-04:00,1.9499999999999993,5847.040000000002,,,,,,,,,,,,,,,,,,,,,,,,,,,,,,,,,1236
2023-08-14,2023-08-16,2,6.0,2023-08-14T09:31:00-04:00,6.0,NDXP  230816P15480000,NDXP  230816P15470000,development,False,False,0,0,0,159,15,1041,available,False,2023-08-14T09:31:00-04:00,2023-08-16T16:00:00-04:00,10.0,-8152.96,0.0,last_observed_quote_not_settlement,1041.0,923,2,,,2023-08-14T09:31:00-04:00,60.0,9.700000000000045,-7652.960000000092,2023-08-14T09:33:00-04:00,0.0,9.449999999999932,-7152.9599999998645,2023-08-14T09:36:00-04:00,0.0,9.649999999999977,-7552.9599999999555,2023-08-14T09:41:00-04:00,0.0,9.549999999999955,-7352.95999999991,2023-08-14T09:46:00-04:00,0.0,9.600000000000023,-7452.960000000046,2023-08-14T10:01:00-04:00,0.0,9.5,-7252.960000000001,2023-08-14T10:31:00-04:00,0.0,9.100000000000023,-6452.960000000046,2023-08-14T11:31:00-04:00,0.0,9.350000000000023,-6952.960000000046,2023-08-14T16:00:00-04:00,0.0,9.650000000000034,-7552.960000000069,2023-08-15T16:00:00-04:00,0.0,10.0,-8152.96,2023-08-16T16:00:00-04:00,0.0,,,,,3150.0,hit,3150.0,hit,,never_hit,,never_hit,,never_hit,,never_hit,,never_hit,2.0,hit,2.0,hit,2.0,hit,2.0,hit,2.0,hit,2.0,hit,,,True,True,True,False,1.0,,,True,True,True,False,1.0,,,True,True,True,False,1.0,,,True,True,True,False,1.0,,,,,,,,,,,,,,,,,,,,,,,,,,,,,,,,,,,,,,,,,,,,,,,,,,,,,,,,,,,,,,,,,1237
2023-08-14,2023-08-16,2,7.0,2023-08-14T09:31:00-04:00,7.0,NDXP  230816P15150000,NDXP  230816P15140000,development,False,False,0,0,0,39,15,1161,available,False,2023-08-14T09:31:00-04:00,2023-08-16T16:00:00-04:00,10.0,-6152.96,0.0,last_observed_quote_not_settlement,1036.0,377,14,7.550000000000011,-1352.960000000022,2023-08-14T09:32:00-04:00,0.0,7.900000000000006,-2052.9600000000105,2023-08-14T09:33:00-04:00,0.0,8.649999999999977,-3552.9599999999555,2023-08-14T09:36:00-04:00,0.0,6.349999999999966,1047.0400000000689,2023-08-14T09:41:00-04:00,0.0,6.400000000000006,947.0399999999893,2023-08-14T09:46:00-04:00,0.0,6.550000000000011,647.0399999999779,2023-08-14T10:01:00-04:00,0.0,5.600000000000023,2547.0399999999554,2023-08-14T10:31:00-04:00,0.0,4.450000000000003,4847.039999999995,2023-08-14T11:31:00-04:00,0.0,4.349999999999994,5047.040000000012,2023-08-14T16:00:00-04:00,0.0,7.25,-752.9599999999994,2023-08-15T16:00:00-04:00,0.0,10.0,-6152.96,2023-08-16T16:00:00-04:00,0.0,,,,,19.0,hit,55.0,hit,83.0,hit,,never_hit,,never_hit,,never_hit,,never_hit,1.0,hit,5.0,hit,0.0,hit,5.0,hit,2885.0,hit,3008.0,hit,,,True,True,True,False,3.5999999999999943,,,True,True,True,False,3.5999999999999943,,,True,True,True,False,3.5999999999999943,,,True,True,True,False,3.5999999999999943,,,,,,,,,,,,,,,,,,,,,,,,,,,,,,,,,,,,,,,,,,,,,,,,,,,,,,,,,,,,,,,,,1238
2023-08-14,2023-08-17,3,5.0,2023-08-14T09:31:00-04:00,4.950000000000017,NDXP  230817P15000000,NDXP  230817P14990000,development,False,False,0,0,0,47,0,1557,available,False,2023-08-14T09:31:00-04:00,2023-08-17T15:59:00-04:00,10.0,-10252.959999999965,1.0,last_observed_quote_not_settlement,1036.0,526,19,4.700000000000017,247.04000000000067,2023-08-14T09:32:00-04:00,0.0,4.700000000000017,247.04000000000067,2023-08-14T09:33:00-04:00,0.0,1.5500000000000114,6547.040000000012,2023-08-14T09:36:00-04:00,0.0,4.1499999999999915,1347.0400000000518,2023-08-14T09:41:00-04:00,0.0,3.950000000000003,1747.040000000029,2023-08-14T09:46:00-04:00,0.0,4.050000000000011,1547.040000000012,2023-08-14T10:01:00-04:00,0.0,3.5999999999999943,2447.0400000000463,2023-08-14T10:31:00-04:00,0.0,2.6999999999999957,4247.040000000044,2023-08-14T11:31:00-04:00,0.0,2.1500000000000057,5347.040000000024,2023-08-14T16:00:00-04:00,0.0,3.9000000000000057,1847.0400000000234,2023-08-15T16:00:00-04:00,0.0,7.450000000000017,-5252.959999999999,2023-08-16T16:00:00-04:00,0.0,,,2023-08-17T15:59:00-04:00,60.0,0.0,hit,0.0,hit,5.0,hit,5.0,hit,5.0,hit,,never_hit,,never_hit,3040.0,hit,3088.0,hit,3224.0,hit,3272.0,hit,4367.0,hit,4382.0,hit,4.950000000000017,0,False,False,False,False,,4.950000000000017,0,False,False,False,False,,,,True,True,True,False,3.4000000000000057,,,True,True,True,False,3.4000000000000057,5.0,2023-08-14T09:36:00-04:00,1.5500000000000114,6547.040000000012,73.0,2023-08-14T10:44:00-04:00,2.8499999999999943,3947.0400000000463,74.0,2023-08-14T10:45:00-04:00,2.8999999999999773,3847.0400000000805,6.0,2023-08-14T09:37:00-04:00,4.749999999999972,147.04000000009165,5.0,2023-08-14T09:36:00-04:00,1.5500000000000114,6547.040000000012,395.0,2023-08-14T16:06:00-04:00,1.9499999999999957,5747.040000000044,396.0,2023-08-14T16:07:00-04:00,1.9499999999999957,5747.040000000044,6.0,2023-08-14T09:37:00-04:00,4.749999999999972,147.04000000009165,,,,,,,,,,,,,,,,,,,,,,,,,,,,,,,,,1239
2023-08-14,2023-08-17,3,6.0,2023-08-14T09:31:00-04:00,6.050000000000011,NDXP  230817P15120000,NDXP  230817P15110000,development,False,False,0,0,0,99,0,1505,available,False,2023-08-14T09:31:00-04:00,2023-08-17T15:59:00-04:00,10.0,-8052.959999999977,1.0,last_observed_quote_not_settlement,1036.0,614,40,5.949999999999989,-52.959999999953816,2023-08-14T09:32:00-04:00,0.0,5.899999999999977,47.04000000006892,2023-08-14T09:33:00-04:00,0.0,5.649999999999977,547.0400000000689,2023-08-14T09:36:00-04:00,0.0,5.5,847.0400000000234,2023-08-14T09:41:00-04:00,0.0,5.700000000000017,447.03999999998933,2023-08-14T09:46:00-04:00,0.0,5.699999999999989,447.0400000000462,2023-08-14T10:01:00-04:00,0.0,5.050000000000011,1747.0400000000006,2023-08-14T10:31:00-04:00,0.0,4.050000000000011,3747.040000000001,2023-08-14T11:31:00-04:00,0.0,3.0500000000000114,5747.040000000001,2023-08-14T16:00:00-04:00,0.0,6.050000000000011,-252.9599999999993,2023-08-15T16:00:00-04:00,0.0,9.449999999999989,-7052.9599999999555,2023-08-16T16:00:00-04:00,0.0,,,2023-08-17T15:59:00-04:00,60.0,10.0,hit,34.0,hit,76.0,hit,,never_hit,,never_hit,,never_hit,,never_hit,19.0,hit,2885.0,hit,2885.0,hit,3028.0,hit,3103.0,hit,3268.0,hit,,,True,True,True,False,3.0,,,True,True,True,False,3.0,,,True,True,True,False,3.0,,,True,True,True,False,3.0,,,,,,,,,,,,,,,,,,,,,,,,,,,,,,,,,,,,,,,,,,,,,,,,,,,,,,,,,,,,,,,,,1240
2023-08-14,2023-08-17,3,7.0,2023-08-14T09:31:00-04:00,6.899999999999864,NDXP  230817P16050000,NDXP  230817P16040000,development,False,False,0,0,1,267,0,1337,available,False,2023-08-14T09:31:00-04:00,2023-08-17T15:59:00-04:00,10.0,-6352.960000000273,1.0,last_observed_quote_not_settlement,1038.0,1135,13,9.25,-4952.960000000274,2023-08-14T09:32:00-04:00,0.0,8.399999999999864,-3252.960000000001,2023-08-14T09:33:00-04:00,0.0,10.0,-6352.960000000273,2023-08-14T09:36:00-04:00,0.0,10.0,-6352.960000000273,2023-08-14T09:41:00-04:00,0.0,,,2023-08-14T09:45:00-04:00,60.0,9.949999999999818,-6352.95999999991,2023-08-14T10:01:00-04:00,0.0,10.0,-6352.960000000273,2023-08-14T10:31:00-04:00,0.0,9.5,-5452.960000000274,2023-08-14T11:31:00-04:00,0.0,9.349999999999909,-5152.960000000092,2023-08-14T16:00:00-04:00,0.0,,,2023-08-15T15:59:00-04:00,60.0,,,2023-08-16T15:59:00-04:00,60.0,,,2023-08-17T15:59:00-04:00,60.0,34.0,hit,34.0,hit,34.0,hit,34.0,hit,34.0,hit,34.0,hit,34.0,hit,1.0,hit,1.0,hit,1.0,hit,1.0,hit,1.0,hit,4.0,hit,10.0,25,True,True,True,True,,10.0,25,True,True,True,True,,10.0,25,True,True,True,True,,10.0,25,True,True,True,True,,34.0,2023-08-14T10:05:00-04:00,0.14999999999997726,13247.039999999773,,,,,,,,,35.0,2023-08-14T10:06:00-04:00,10.0,-6352.960000000273,34.0,2023-08-14T10:05:00-04:00,0.14999999999997726,13247.039999999773,,,,,,,,,35.0,2023-08-14T10:06:00-04:00,10.0,-6352.960000000273,34.0,2023-08-14T10:05:00-04:00,0.14999999999997726,13247.039999999773,,,,,,,,,35.0,2023-08-14T10:06:00-04:00,10.0,-6352.960000000273,34.0,2023-08-14T10:05:00-04:00,0.14999999999997726,13247.039999999773,,,,,,,,,35.0,2023-08-14T10:06:00-04:00,10.0,-6352.960000000273,1241
2023-08-15,2023-08-17,2,5.0,2023-08-15T09:31:00-04:00,5.0,NDXP  230817P15160000,NDXP  230817P15150000,development,False,False,0,0,0,96,0,1103,available,False,2023-08-15T09:31:00-04:00,2023-08-17T15:59:00-04:00,9.449999999999989,-9152.959999999977,1.0,last_observed_quote_not_settlement,1037.0,998,29,4.799999999999997,147.0400000000064,2023-08-15T09:32:00-04:00,0.0,4.3999999999999915,947.0400000000177,2023-08-15T09:33:00-04:00,0.0,4.499999999999986,747.0400000000291,2023-08-15T09:36:00-04:00,0.0,4.450000000000003,847.039999999995,2023-08-15T09:41:00-04:00,0.0,5.200000000000003,-652.960000000005,2023-08-15T09:46:00-04:00,0.0,5.400000000000006,-1052.9600000000107,2023-08-15T10:01:00-04:00,0.0,5.849999999999994,-1952.959999999988,2023-08-15T10:31:00-04:00,0.0,5.450000000000003,-1152.960000000005,2023-08-15T11:31:00-04:00,0.0,6.650000000000006,-3552.9600000000105,2023-08-15T16:00:00-04:00,0.0,9.349999999999966,-8952.959999999932,2023-08-16T16:00:00-04:00,0.0,,,2023-08-17T15:59:00-04:00,60.0,,,,,0.0,hit,0.0,hit,67.0,hit,,never_hit,,never_hit,,never_hit,,never_hit,35.0,hit,36.0,hit,61.0,hit,361.0,hit,1656.0,hit,1710.0,hit,,,True,True,True,False,1.0,,,True,True,True,False,1.0,,,True,True,True,False,1.0,,,True,True,True,False,1.0,,,,,,,,,,,,,,,,,,,,,,,,,,,,,,,,,,,,,,,,,,,,,,,,,,,,,,,,,,,,,,,,,1242
2023-08-15,2023-08-17,2,6.0,2023-08-15T09:31:00-04:00,6.0,NDXP  230817P16050000,NDXP  230817P16040000,development,False,False,0,0,1,223,0,976,available,False,2023-08-15T09:31:00-04:00,2023-08-17T15:59:00-04:00,10.0,-8152.96,1.0,last_observed_quote_not_settlement,1038.0,816,4,9.699999999999932,-7652.9599999998645,2023-08-15T09:32:00-04:00,0.0,10.0,-8152.96,2023-08-15T09:33:00-04:00,0.0,,,2023-08-15T09:35:00-04:00,60.0,,,2023-08-15T09:39:00-04:00,120.0,8.400000000000091,-5052.960000000183,2023-08-15T09:46:00-04:00,0.0,,,2023-08-15T09:58:00-04:00,180.0,9.450000000000045,-7152.960000000092,2023-08-15T10:31:00-04:00,0.0,10.0,-8152.96,2023-08-15T11:31:00-04:00,0.0,,,2023-08-15T15:59:00-04:00,60.0,,,2023-08-16T15:59:00-04:00,60.0,,,2023-08-17T15:59:00-04:00,60.0,,,,,34.0,hit,34.0,hit,34.0,hit,34.0,hit,,never_hit,,never_hit,,never_hit,1.0,hit,1.0,hit,1.0,hit,1.0,hit,1.0,hit,1.0,hit,10.0,8,True,True,True,True,,,,True,True,True,False,3.7000000000000455,,,True,True,True,False,3.7000000000000455,,,True,True,True,False,3.7000000000000455,34.0,2023-08-15T10:05:00-04:00,2.2999999999999545,7147.040000000092,,,,,,,,,35.0,2023-08-15T10:06:00-04:00,7.599999999999909,-3452.9599999998172,,,,,,,,,,,,,,,,,,,,,,,,,,,,,,,,,,,,,,,,,,,,,,,,,1243
2023-08-15,2023-08-17,2,7.0,2023-08-15T09:31:00-04:00,7.049999999999983,NDXP  230817P15300000,NDXP  230817P15290000,development,False,False,0,0,0,138,0,1061,available,False,2023-08-15T09:31:00-04:00,2023-08-17T15:59:00-04:00,9.550000000000068,-5252.960000000172,1.0,last_observed_quote_not_settlement,1037.0,931,25,6.800000000000011,247.03999999994383,2023-08-15T09:32:00-04:00,0.0,6.550000000000011,747.0399999999438,2023-08-15T09:33:00-04:00,0.0,6.449999999999989,947.0399999999893,2023-08-15T09:36:00-04:00,0.0,7.200000000000017,-552.9600000000676,2023-08-15T09:41:00-04:00,0.0,7.049999999999983,-252.9599999999993,2023-08-15T09:46:00-04:00,0.0,7.399999999999977,-952.959999999988,2023-08-15T10:01:00-04:00,0.0,7.300000000000011,-752.9600000000562,2023-08-15T10:31:00-04:00,0.0,7.750000000000028,-1652.9600000000903,2023-08-15T11:31:00-04:00,0.0,8.250000000000057,-2652.9600000001487,2023-08-15T16:00:00-04:00,0.0,9.0,-4152.9600000000355,2023-08-16T16:00:00-04:00,0.0,,,2023-08-17T15:59:00-04:00,60.0,,,,,3211.0,hit,3212.0,hit,,never_hit,,never_hit,,never_hit,,never_hit,,never_hit,17.0,hit,34.0,hit,0.0,hit,29.0,hit,65.0,hit,358.0,hit,,,True,True,True,False,2.899999999999892,,,True,True,True,False,2.899999999999892,,,True,True,True,False,2.899999999999892,,,True,True,True,False,2.899999999999892,,,,,,,,,,,,,,,,,,,,,,,,,,,,,,,,,,,,,,,,,,,,,,,,,,,,,,,,,,,,,,,,,1244
2023-08-18,2023-08-21,3,5.0,2023-08-18T09:31:00-04:00,5.049999999999997,NDXP  230821P14500000,NDXP  230821P14490000,development,False,False,0,0,0,8,0,787,available,False,2023-08-18T09:31:00-04:00,2023-08-21T16:00:00-04:00,0.0,9847.039999999995,0.0,last_observed_quote_not_settlement,3916.0,0,0,3.6000000000000014,2647.0399999999922,2023-08-18T09:32:00-04:00,0.0,2.950000000000003,3947.0399999999895,2023-08-18T09:33:00-04:00,0.0,3.049999999999997,3747.040000000001,2023-08-18T09:36:00-04:00,0.0,3.049999999999997,3747.040000000001,2023-08-18T09:41:00-04:00,0.0,3.3000000000000114,3247.039999999972,2023-08-18T09:46:00-04:00,0.0,3.3999999999999986,3047.0399999999977,2023-08-18T10:01:00-04:00,0.0,3.3499999999999943,3147.0400000000063,2023-08-18T10:31:00-04:00,0.0,2.8000000000000043,4247.039999999986,2023-08-18T11:31:00-04:00,0.0,1.1500000000000004,7547.0399999999945,2023-08-18T16:00:00-04:00,0.0,,,2023-08-18T16:15:00-04:00,85500.0,,,2023-08-18T16:15:00-04:00,171900.0,0.0,9847.039999999995,2023-08-21T16:00:00-04:00,0.0,0.0,hit,1.0,hit,1.0,hit,2.0,hit,146.0,hit,376.0,hit,379.0,hit,,never_hit,,never_hit,,never_hit,,never_hit,,never_hit,,never_hit,5.049999999999997,0,False,False,False,False,,5.049999999999997,0,False,False,False,False,,5.049999999999997,0,False,False,False,False,,5.049999999999997,0,False,False,False,False,,3.0,2023-08-18T09:34:00-04:00,2.8999999999999915,4047.040000000012,19.0,2023-08-18T09:50:00-04:00,2.8500000000000085,4147.039999999978,67.0,2023-08-18T10:38:00-04:00,2.700000000000003,4447.039999999989,4.0,2023-08-18T09:35:00-04:00,3.3999999999999986,3047.0399999999977,148.0,2023-08-18T11:59:00-04:00,1.9000000000000021,6047.039999999991,149.0,2023-08-18T12:00:00-04:00,1.9499999999999993,5947.039999999996,153.0,2023-08-18T12:04:00-04:00,1.9000000000000021,6047.039999999991,149.0,2023-08-18T12:00:00-04:00,1.9499999999999993,5947.039999999996,377.0,2023-08-18T15:48:00-04:00,0.8499999999999996,8147.039999999996,378.0,2023-08-18T15:49:00-04:00,0.8499999999999996,8147.039999999996,379.0,2023-08-18T15:50:00-04:00,0.0,9847.039999999995,378.0,2023-08-18T15:49:00-04:00,0.8499999999999996,8147.039999999996,379.0,2023-08-18T15:50:00-04:00,0.0,9847.039999999995,4321.0,2023-08-21T09:32:00-04:00,0.2749999999999999,9297.039999999995,4322.0,2023-08-21T09:33:00-04:00,0.25,9347.039999999995,380.0,2023-08-18T15:51:00-04:00,0.9000000000000004,8047.0399999999945,1245
2023-08-18,2023-08-21,3,6.0,2023-08-18T09:31:00-04:00,5.949999999999989,NDXP  230821P14670000,NDXP  230821P14660000,development,False,False,0,0,0,23,0,772,available,False,2023-08-18T09:31:00-04:00,2023-08-21T16:00:00-04:00,0.0,11647.039999999979,0.0,last_observed_quote_not_settlement,3916.0,32,34,5.699999999999989,247.04000000000067,2023-08-18T09:32:00-04:00,0.0,6.0,-352.96000000002203,2023-08-18T09:33:00-04:00,0.0,6.099999999999994,-552.9600000000107,2023-08-18T09:36:00-04:00,0.0,5.400000000000006,847.0399999999665,2023-08-18T09:41:00-04:00,0.0,5.800000000000011,47.039999999955235,2023-08-18T09:46:00-04:00,0.0,5.7999999999999545,47.04000000006892,2023-08-18T10:01:00-04:00,0.0,6.199999999999989,-752.9599999999994,2023-08-18T10:31:00-04:00,0.0,5.3999999999999915,847.039999999995,2023-08-18T11:31:00-04:00,0.0,4.199999999999996,3247.0399999999863,2023-08-18T16:00:00-04:00,0.0,,,2023-08-18T16:15:00-04:00,85500.0,,,2023-08-18T16:15:00-04:00,171900.0,0.0,11647.039999999979,2023-08-21T16:00:00-04:00,0.0,3.0,hit,70.0,hit,180.0,hit,376.0,hit,4324.0,hit,4330.0,hit,4349.0,hit,31.0,hit,,never_hit,,never_hit,,never_hit,,never_hit,,never_hit,6.75,32,False,False,False,False,,6.75,32,False,False,False,False,,6.75,32,False,False,False,False,,6.75,32,False,False,False,False,,376.0,2023-08-18T15:47:00-04:00,2.9499999999999957,5747.039999999986,377.0,2023-08-18T15:48:00-04:00,2.8999999999999986,5847.039999999981,4322.0,2023-08-21T09:33:00-04:00,2.1499999999999986,7347.039999999981,377.0,2023-08-18T15:48:00-04:00,2.8999999999999986,5847.039999999981,4324.0,2023-08-21T09:35:00-04:00,1.5500000000000007,8547.039999999977,4325.0,2023-08-21T09:36:00-04:00,1.200000000000001,9247.039999999977,4326.0,2023-08-21T09:37:00-04:00,1.3000000000000007,9047.039999999977,4325.0,2023-08-21T09:36:00-04:00,1.200000000000001,9247.039999999977,4330.0,2023-08-21T09:41:00-04:00,0.9000000000000004,9847.039999999979,4331.0,2023-08-21T09:42:00-04:00,0.8999999999999995,9847.039999999979,4347.0,2023-08-21T09:58:00-04:00,0.6000000000000005,10447.039999999977,4331.0,2023-08-21T09:42:00-04:00,0.8999999999999995,9847.039999999979,4354.0,2023-08-21T10:05:00-04:00,0.40000000000000036,10847.039999999979,4355.0,2023-08-21T10:06:00-04:00,0.42500000000000027,10797.039999999977,4356.0,2023-08-21T10:07:00-04:00,0.375,10897.039999999979,4355.0,2023-08-21T10:06:00-04:00,0.42500000000000027,10797.039999999977,1246
2023-08-18,2023-08-21,3,7.0,2023-08-18T09:31:00-04:00,7.000000000000028,NDXP  230821P14730000,NDXP  230821P14720000,development,False,False,0,0,0,50,0,745,available,False,2023-08-18T09:31:00-04:00,2023-08-21T16:00:00-04:00,0.0,13747.040000000059,0.0,last_observed_quote_not_settlement,3916.0,28,24,6.850000000000023,47.04000000001208,2023-08-18T09:32:00-04:00,0.0,7.199999999999989,-652.9599999999198,2023-08-18T09:33:00-04:00,0.0,7.150000000000006,-552.9599999999539,2023-08-18T09:36:00-04:00,0.0,6.600000000000023,547.040000000012,2023-08-18T09:41:00-04:00,0.0,6.150000000000006,1447.0400000000461,2023-08-18T09:46:00-04:00,0.0,6.900000000000006,-52.959999999953816,2023-08-18T10:01:00-04:00,0.0,7.099999999999994,-452.9599999999311,2023-08-18T10:31:00-04:00,0.0,6.900000000000006,-52.959999999953816,2023-08-18T11:31:00-04:00,0.0,5.3500000000000085,3047.0400000000404,2023-08-18T16:00:00-04:00,0.0,,,2023-08-18T16:15:00-04:00,85500.0,,,2023-08-18T16:15:00-04:00,171900.0,0.0,13747.040000000059,2023-08-21T16:00:00-04:00,0.0,73.0,hit,308.0,hit,4320.0,hit,4324.0,hit,4330.0,hit,4354.0,hit,4531.0,hit,37.0,hit,,never_hit,0.0,hit,,never_hit,,never_hit,,never_hit,7.650000000000006,28,True,False,False,False,,7.650000000000006,28,True,False,False,False,,7.650000000000006,28,True,False,False,False,,7.650000000000006,28,True,False,False,False,,4324.0,2023-08-21T09:35:00-04:00,2.8000000000000007,8147.040000000056,4325.0,2023-08-21T09:36:00-04:00,2.5,8747.040000000059,4326.0,2023-08-21T09:37:00-04:00,2.3499999999999943,9047.04000000007,4325.0,2023-08-21T09:36:00-04:00,2.5,8747.040000000059,4333.0,2023-08-21T09:44:00-04:00,1.8000000000000007,10147.040000000057,4346.0,2023-08-21T09:57:00-04:00,1.4000000000000021,10947.040000000054,4347.0,2023-08-21T09:58:00-04:00,1.4000000000000004,10947.040000000057,4334.0,2023-08-21T09:45:00-04:00,2.0500000000000007,9647.040000000057,4355.0,2023-08-21T10:06:00-04:00,0.9499999999999993,11847.040000000059,4356.0,2023-08-21T10:07:00-04:00,0.8000000000000007,12147.040000000057,4357.0,2023-08-21T10:08:00-04:00,0.8999999999999995,11947.040000000059,4356.0,2023-08-21T10:07:00-04:00,0.8000000000000007,12147.040000000057,4531.0,2023-08-21T13:02:00-04:00,0.4249999999999998,12897.040000000059,4550.0,2023-08-21T13:21:00-04:00,0.30000000000000004,13147.040000000059,4551.0,2023-08-21T13:22:00-04:00,0.30000000000000027,13147.040000000057,4532.0,2023-08-21T13:03:00-04:00,0.5750000000000002,12597.040000000057,1247
2023-08-21,2023-08-23,2,5.0,2023-08-21T09:31:00-04:00,5.150000000000006,NDXP  230823P14780000,NDXP  230823P14770000,development,False,False,0,0,0,9,15,1191,available,False,2023-08-21T09:31:00-04:00,2023-08-23T16:00:00-04:00,0.0,10047.040000000014,0.0,last_observed_quote_not_settlement,1036.0,1,2,4.8999999999999915,247.0400000000291,2023-08-21T09:32:00-04:00,0.0,4.849999999999994,347.04000000002344,2023-08-21T09:33:00-04:00,0.0,4.150000000000006,1747.0400000000006,2023-08-21T09:36:00-04:00,0.0,3.8499999999999943,2347.0400000000236,2023-08-21T09:41:00-04:00,0.0,3.9000000000000057,2247.040000000001,2023-08-21T09:46:00-04:00,0.0,3.299999999999997,3447.0400000000177,2023-08-21T10:01:00-04:00,0.0,4.599999999999994,847.0400000000234,2023-08-21T10:31:00-04:00,0.0,4.8999999999999915,247.0400000000291,2023-08-21T11:31:00-04:00,0.0,2.0500000000000043,5947.040000000004,2023-08-21T16:00:00-04:00,0.0,1.9999999999999982,6047.040000000015,2023-08-22T16:00:00-04:00,0.0,0.0,10047.040000000014,2023-08-23T16:00:00-04:00,0.0,,,,,0.0,hit,1.0,hit,9.0,hit,29.0,hit,353.0,hit,1442.0,hit,2881.0,hit,,never_hit,,never_hit,,never_hit,,never_hit,,never_hit,,never_hit,5.150000000000006,0,False,False,False,False,,5.25,1,False,False,False,False,,5.25,1,False,False,False,False,,5.25,1,False,False,False,False,,29.0,2023-08-21T10:00:00-04:00,2.0999999999999943,5847.040000000024,243.0,2023-08-21T13:34:00-04:00,2.9499999999999957,4147.040000000021,244.0,2023-08-21T13:35:00-04:00,2.9499999999999957,4147.040000000021,30.0,2023-08-21T10:01:00-04:00,3.299999999999997,3447.0400000000177,387.0,2023-08-21T15:58:00-04:00,1.8999999999999915,6247.040000000029,1441.0,2023-08-22T09:32:00-04:00,1.1500000000000004,7747.040000000011,1442.0,2023-08-22T09:33:00-04:00,1.0,8047.040000000012,388.0,2023-08-21T15:59:00-04:00,2.1000000000000014,5847.040000000009,2880.0,2023-08-23T09:31:00-04:00,0.5750000000000002,8897.040000000012,2881.0,2023-08-23T09:32:00-04:00,0.44999999999999973,9147.040000000012,2882.0,2023-08-23T09:33:00-04:00,0.75,8547.040000000014,2881.0,2023-08-23T09:32:00-04:00,0.44999999999999973,9147.040000000012,2881.0,2023-08-23T09:32:00-04:00,0.44999999999999973,9147.040000000012,2895.0,2023-08-23T09:46:00-04:00,0.42500000000000027,9197.040000000012,2896.0,2023-08-23T09:47:00-04:00,0.37500000000000044,9297.040000000012,2882.0,2023-08-23T09:33:00-04:00,0.75,8547.040000000014,1248
2023-08-21,2023-08-23,2,6.0,2023-08-21T09:31:00-04:00,5.949999999999989,NDXP  230823P14900000,NDXP  230823P14890000,development,False,False,0,0,0,24,15,1176,available,False,2023-08-21T09:31:00-04:00,2023-08-23T16:00:00-04:00,0.0,11647.039999999979,0.0,last_observed_quote_not_settlement,1036.0,74,66,7.5,-3352.960000000022,2023-08-21T09:32:00-04:00,0.0,6.150000000000034,-652.9600000000903,2023-08-21T09:33:00-04:00,0.0,5.850000000000023,-52.9600000000675,2023-08-21T09:36:00-04:00,0.0,5.450000000000017,747.0399999999438,2023-08-21T09:41:00-04:00,0.0,6.100000000000023,-552.9600000000676,2023-08-21T09:46:00-04:00,0.0,5.149999999999977,1347.0400000000234,2023-08-21T10:01:00-04:00,0.0,5.25,1147.039999999978,2023-08-21T10:31:00-04:00,0.0,5.949999999999989,-252.9599999999993,2023-08-21T11:31:00-04:00,0.0,3.749999999999986,4147.040000000006,2023-08-21T16:00:00-04:00,0.0,4.700000000000003,2247.039999999972,2023-08-22T16:00:00-04:00,0.0,0.0,11647.039999999979,2023-08-23T16:00:00-04:00,0.0,,,,,10.0,hit,34.0,hit,317.0,hit,1440.0,hit,2897.0,hit,2909.0,hit,2909.0,hit,1.0,hit,1.0,hit,1.0,hit,,never_hit,,never_hit,,never_hit,7.5,73,True,False,False,False,,7.5,74,True,False,False,False,,7.5,74,True,False,False,False,,7.5,74,True,False,False,False,,1440.0,2023-08-22T09:31:00-04:00,2.450000000000003,6747.039999999973,1441.0,2023-08-22T09:32:00-04:00,2.4499999999999957,6747.039999999986,1442.0,2023-08-22T09:33:00-04:00,2.6499999999999986,6347.039999999981,1441.0,2023-08-22T09:32:00-04:00,2.4499999999999957,6747.039999999986,2897.0,2023-08-23T09:48:00-04:00,1.8000000000000007,8047.039999999976,2898.0,2023-08-23T09:49:00-04:00,1.8499999999999996,7947.039999999979,2899.0,2023-08-23T09:50:00-04:00,1.8499999999999996,7947.039999999979,2898.0,2023-08-23T09:49:00-04:00,1.8499999999999996,7947.039999999979,2909.0,2023-08-23T10:00:00-04:00,0.0,11647.039999999979,2920.0,2023-08-23T10:11:00-04:00,0.7999999999999998,10047.039999999979,2921.0,2023-08-23T10:12:00-04:00,0.9499999999999993,9747.03999999998,2910.0,2023-08-23T10:01:00-04:00,1.25,9147.039999999979,2909.0,2023-08-23T10:00:00-04:00,0.0,11647.039999999979,2951.0,2023-08-23T10:42:00-04:00,0.1499999999999999,11347.039999999979,2952.0,2023-08-23T10:43:00-04:00,0.10000000000000009,11447.039999999977,2910.0,2023-08-23T10:01:00-04:00,1.25,9147.039999999979,1249
2023-08-21,2023-08-23,2,7.0,2023-08-21T09:31:00-04:00,6.850000000000023,NDXP  230823P14890000,NDXP  230823P14880000,development,False,False,0,0,0,6,15,1194,available,False,2023-08-21T09:31:00-04:00,2023-08-23T16:00:00-04:00,0.0,13447.040000000046,0.0,last_observed_quote_not_settlement,1036.0,6,8,6.750000000000028,-52.96000000001066,2023-08-21T09:32:00-04:00,0.0,6.5,447.0400000000462,2023-08-21T09:33:00-04:00,0.0,5.849999999999966,1747.0400000001143,2023-08-21T09:36:00-04:00,0.0,5.649999999999977,2147.040000000092,2023-08-21T09:41:00-04:00,0.0,5.050000000000011,3347.0400000000236,2023-08-21T09:46:00-04:00,0.0,5.150000000000006,3147.040000000035,2023-08-21T10:01:00-04:00,0.0,6.599999999999994,247.04000000005752,2023-08-21T10:31:00-04:00,0.0,6.150000000000006,1147.0400000000348,2023-08-21T11:31:00-04:00,0.0,4.1000000000000085,5247.040000000029,2023-08-21T16:00:00-04:00,0.0,4.700000000000003,4047.040000000041,2023-08-22T16:00:00-04:00,0.0,0.0,13447.040000000046,2023-08-23T16:00:00-04:00,0.0,,,,,6.0,hit,21.0,hit,300.0,hit,316.0,hit,2895.0,hit,2907.0,hit,2909.0,hit,,never_hit,,never_hit,134.0,hit,,never_hit,,never_hit,,never_hit,7.25,6,True,False,False,False,,7.25,6,True,False,False,False,,7.25,6,True,False,False,False,,7.25,6,True,False,False,False,,316.0,2023-08-21T14:47:00-04:00,2.6999999999999886,8047.040000000069,1441.0,2023-08-22T09:32:00-04:00,2.299999999999997,8847.040000000054,1442.0,2023-08-22T09:33:00-04:00,2.450000000000003,8547.04000000004,317.0,2023-08-21T14:48:00-04:00,3.799999999999997,5847.040000000052,2895.0,2023-08-23T09:46:00-04:00,1.8999999999999986,9647.04000000005,2896.0,2023-08-23T09:47:00-04:00,1.8999999999999986,9647.04000000005,2897.0,2023-08-23T09:48:00-04:00,1.5999999999999996,10247.040000000048,2896.0,2023-08-23T09:47:00-04:00,1.8999999999999986,9647.04000000005,2909.0,2023-08-23T10:00:00-04:00,0.0,13447.040000000046,2920.0,2023-08-23T10:11:00-04:00,0.7000000000000002,12047.040000000046,2921.0,2023-08-23T10:12:00-04:00,0.6500000000000004,12147.040000000046,2910.0,2023-08-23T10:01:00-04:00,1.0500000000000007,11347.040000000046,2909.0,2023-08-23T10:00:00-04:00,0.0,13447.040000000046,2935.0,2023-08-23T10:26:00-04:00,0.40000000000000036,12647.040000000046,2936.0,2023-08-23T10:27:00-04:00,0.4249999999999998,12597.040000000048,2910.0,2023-08-23T10:01:00-04:00,1.0500000000000007,11347.040000000046,1250
2023-08-21,2023-08-24,3,5.0,2023-08-21T09:31:00-04:00,5.0,NDXP  230824P14790000,NDXP  230824P14780000,development,False,False,0,0,0,1,0,1604,available,False,2023-08-21T09:31:00-04:00,2023-08-24T16:00:00-04:00,0.0,9747.04,0.0,last_observed_quote_not_settlement,1036.0,7,8,4.850000000000023,47.039999999955235,2023-08-21T09:32:00-04:00,0.0,4.900000000000006,-52.96000000001066,2023-08-21T09:33:00-04:00,0.0,4.3500000000000085,1047.0399999999836,2023-08-21T09:36:00-04:00,0.0,4.099999999999994,1547.040000000012,2023-08-21T09:41:00-04:00,0.0,4.3999999999999915,947.0400000000177,2023-08-21T09:46:00-04:00,0.0,3.6000000000000085,2547.0399999999836,2023-08-21T10:01:00-04:00,0.0,4.65000000000002,447.0399999999609,2023-08-21T10:31:00-04:00,0.0,4.799999999999983,147.0400000000348,2023-08-21T11:31:00-04:00,0.0,2.6999999999999957,4347.040000000009,2023-08-21T16:00:00-04:00,0.0,3.25,3247.040000000001,2023-08-22T16:00:00-04:00,0.0,1.4499999999999993,6847.040000000002,2023-08-23T16:00:00-04:00,0.0,0.0,9747.04,2023-08-24T16:00:00-04:00,0.0,0.0,hit,0.0,hit,13.0,hit,29.0,hit,29.0,hit,2961.0,hit,3120.0,hit,9.0,hit,9.0,hit,,never_hit,,never_hit,,never_hit,,never_hit,6.450000000000003,1,False,False,False,False,,6.450000000000003,1,False,False,False,False,,6.450000000000003,7,False,False,False,False,,6.450000000000003,7,False,False,False,False,,29.0,2023-08-21T10:00:00-04:00,1.549999999999983,6647.0400000000345,313.0,2023-08-21T14:44:00-04:00,2.8500000000000085,4047.0399999999836,314.0,2023-08-21T14:45:00-04:00,2.9000000000000057,3947.0399999999895,30.0,2023-08-21T10:01:00-04:00,3.6000000000000085,2547.0399999999836,29.0,2023-08-21T10:00:00-04:00,1.549999999999983,6647.0400000000345,1441.0,2023-08-22T09:32:00-04:00,1.7000000000000028,6347.039999999995,2899.0,2023-08-23T09:50:00-04:00,1.7999999999999972,6147.040000000006,30.0,2023-08-21T10:01:00-04:00,3.6000000000000085,2547.0399999999836,2961.0,2023-08-23T10:52:00-04:00,0.9499999999999993,7847.040000000002,2962.0,2023-08-23T10:53:00-04:00,0.9499999999999993,7847.040000000002,2969.0,2023-08-23T11:00:00-04:00,0.9000000000000021,7947.039999999996,2962.0,2023-08-23T10:53:00-04:00,0.9499999999999993,7847.040000000002,3259.0,2023-08-23T15:50:00-04:00,0.0,9747.04,4321.0,2023-08-24T09:32:00-04:00,0.050000000000000044,9647.040000000003,4322.0,2023-08-24T09:33:00-04:00,0.07499999999999984,9597.04,3260.0,2023-08-23T15:51:00-04:00,0.6499999999999986,8447.040000000005,1251
2023-08-21,2023-08-24,3,6.0,2023-08-21T09:31:00-04:00,5.950000000000017,NDXP  230824P14850000,NDXP  230824P14840000,development,False,False,0,0,0,2,0,1603,available,False,2023-08-21T09:31:00-04:00,2023-08-24T16:00:00-04:00,9.0,-6352.959999999967,0.0,last_observed_quote_not_settlement,1036.0,9,5,5.949999999999989,-252.95999999994245,2023-08-21T09:32:00-04:00,0.0,5.400000000000006,847.0400000000234,2023-08-21T09:33:00-04:00,0.0,4.949999999999989,1747.0400000000575,2023-08-21T09:36:00-04:00,0.0,4.699999999999989,2247.0400000000577,2023-08-21T09:41:00-04:00,0.0,5.0,1647.0400000000348,2023-08-21T09:46:00-04:00,0.0,4.150000000000006,3347.0400000000236,2023-08-21T10:01:00-04:00,0.0,5.349999999999994,947.0400000000461,2023-08-21T10:31:00-04:00,0.0,5.450000000000017,747.0400000000006,2023-08-21T11:31:00-04:00,0.0,3.700000000000003,4247.040000000029,2023-08-21T16:00:00-04:00,0.0,3.6500000000000057,4347.040000000024,2023-08-22T16:00:00-04:00,0.0,0.30000000000000426,11047.040000000026,2023-08-23T16:00:00-04:00,0.0,9.0,-6352.959999999967,2023-08-24T16:00:00-04:00,0.0,2.0,hit,5.0,hit,242.0,hit,385.0,hit,2908.0,hit,2992.0,hit,3269.0,hit,9.0,hit,9.0,hit,9.0,hit,4699.0,hit,4704.0,hit,4705.0,hit,7.200000000000017,1,True,False,False,False,,7.200000000000017,1,True,False,False,False,,7.200000000000017,1,True,False,False,False,,7.200000000000017,1,True,False,False,False,,385.0,2023-08-21T15:56:00-04:00,2.799999999999997,6047.040000000041,1441.0,2023-08-22T09:32:00-04:00,2.4000000000000057,6847.040000000024,1442.0,2023-08-22T09:33:00-04:00,2.5,6647.0400000000345,386.0,2023-08-21T15:57:00-04:00,3.0500000000000114,5547.040000000012,2909.0,2023-08-23T10:00:00-04:00,1.6999999999999957,8247.040000000045,2921.0,2023-08-23T10:12:00-04:00,1.8500000000000014,7947.040000000032,2922.0,2023-08-23T10:13:00-04:00,1.8500000000000014,7947.040000000032,2910.0,2023-08-23T10:01:00-04:00,2.0,7647.0400000000345,2992.0,2023-08-23T11:23:00-04:00,0.8999999999999986,9847.040000000039,3110.0,2023-08-23T13:21:00-04:00,0.9499999999999993,9747.040000000037,3121.0,2023-08-23T13:32:00-04:00,0.8500000000000014,9947.040000000034,2993.0,2023-08-23T11:24:00-04:00,1.1999999999999993,9247.040000000037,3269.0,2023-08-23T16:00:00-04:00,0.30000000000000426,11047.040000000026,4321.0,2023-08-24T09:32:00-04:00,0.2250000000000001,11197.040000000035,4322.0,2023-08-24T09:33:00-04:00,0.125,11397.040000000035,3270.0,2023-08-23T16:01:00-04:00,1.1500000000000021,9347.040000000032,1252
2023-08-21,2023-08-24,3,7.0,2023-08-21T09:31:00-04:00,7.0,NDXP  230824P15000000,NDXP  230824P14990000,development,False,False,0,0,0,17,0,1587,available,False,2023-08-21T09:31:00-04:00,2023-08-24T15:59:00-04:00,10.0,-6152.96,1.0,last_observed_quote_not_settlement,1036.0,268,46,7.899999999999977,-2052.9599999999537,2023-08-21T09:32:00-04:00,0.0,7.899999999999977,-2052.9599999999537,2023-08-21T09:33:00-04:00,0.0,6.5,747.0400000000006,2023-08-21T09:36:00-04:00,0.0,6.599999999999994,547.040000000012,2023-08-21T09:41:00-04:00,0.0,7.650000000000006,-1552.9600000000107,2023-08-21T09:46:00-04:00,0.0,6.600000000000023,547.0399999999552,2023-08-21T10:01:00-04:00,0.0,7.0,-252.9599999999993,2023-08-21T10:31:00-04:00,0.0,7.25,-752.9599999999994,2023-08-21T11:31:00-04:00,0.0,5.25,3247.040000000001,2023-08-21T16:00:00-04:00,0.0,5.800000000000011,2147.039999999978,2023-08-22T16:00:00-04:00,0.0,2.1000000000000014,9547.039999999999,2023-08-23T16:00:00-04:00,0.0,,,2023-08-24T15:59:00-04:00,60.0,237.0,hit,242.0,hit,1442.0,hit,1572.0,hit,3116.0,hit,4320.0,hit,4320.0,hit,1.0,hit,113.0,hit,0.0,hit,113.0,hit,1629.0,hit,4626.0,hit,8.5,94,True,True,False,False,,9.0,95,True,True,True,True,,9.0,95,True,True,True,True,,9.0,95,True,True,True,True,,1572.0,2023-08-22T11:43:00-04:00,2.849999999999966,8047.040000000069,2953.0,2023-08-23T10:44:00-04:00,2.8999999999999986,7947.040000000004,2960.0,2023-08-23T10:51:00-04:00,2.75,8247.04,1573.0,2023-08-22T11:44:00-04:00,5.150000000000006,3447.0399999999895,3141.0,2023-08-23T13:52:00-04:00,1.9499999999999993,9847.040000000003,3146.0,2023-08-23T13:57:00-04:00,1.8999999999999986,9947.040000000005,4322.0,2023-08-24T09:33:00-04:00,0.7000000000000002,12347.04,3142.0,2023-08-23T13:53:00-04:00,1.9999999999999964,9747.040000000008,4320.0,2023-08-24T09:31:00-04:00,0.40000000000000036,12947.04,4321.0,2023-08-24T09:32:00-04:00,0.6500000000000004,12447.04,4322.0,2023-08-24T09:33:00-04:00,0.7000000000000002,12347.04,4321.0,2023-08-24T09:32:00-04:00,0.6500000000000004,12447.04,4320.0,2023-08-24T09:31:00-04:00,0.40000000000000036,12947.04,,,,,,,,,4321.0,2023-08-24T09:32:00-04:00,0.6500000000000004,12447.04,1253
2023-08-22,2023-08-24,2,5.0,2023-08-22T09:31:00-04:00,5.0,NDXP  230824P15050000,NDXP  230824P15040000,development,False,False,0,0,0,11,0,1188,available,False,2023-08-22T09:31:00-04:00,2023-08-24T15:59:00-04:00,10.0,-10152.96,1.0,last_observed_quote_not_settlement,1036.0,701,54,5.150000000000006,-552.9600000000107,2023-08-22T09:32:00-04:00,0.0,4.899999999999977,-52.959999999953816,2023-08-22T09:33:00-04:00,0.0,5.200000000000017,-652.9600000000335,2023-08-22T09:36:00-04:00,0.0,5.349999999999994,-952.959999999988,2023-08-22T09:41:00-04:00,0.0,5.300000000000011,-852.9600000000221,2023-08-22T09:46:00-04:00,0.0,5.599999999999966,-1452.9599999999311,2023-08-22T10:01:00-04:00,0.0,5.850000000000023,-1952.9600000000448,2023-08-22T10:31:00-04:00,0.0,5.600000000000023,-1452.9600000000448,2023-08-22T11:31:00-04:00,0.0,7.099999999999994,-4452.959999999988,2023-08-22T16:00:00-04:00,0.0,2.799999999999997,4147.040000000006,2023-08-23T16:00:00-04:00,0.0,,,2023-08-24T15:59:00-04:00,60.0,,,,,0.0,hit,0.0,hit,41.0,hit,1467.0,hit,2880.0,hit,2880.0,hit,,never_hit,11.0,hit,25.0,hit,259.0,hit,2975.0,hit,2975.0,hit,2975.0,hit,7.249999999999972,391,True,False,False,False,,7.249999999999972,393,True,False,False,False,,7.249999999999972,393,True,False,False,False,,,,True,True,True,False,4.15,1467.0,2023-08-23T09:58:00-04:00,2.1000000000000085,5547.039999999984,1666.0,2023-08-23T13:17:00-04:00,2.8500000000000014,4047.039999999998,1667.0,2023-08-23T13:18:00-04:00,2.700000000000003,4347.039999999995,1468.0,2023-08-23T09:59:00-04:00,4.5,747.0400000000006,2880.0,2023-08-24T09:31:00-04:00,0.8499999999999996,8047.040000000002,2881.0,2023-08-24T09:32:00-04:00,0.9500000000000011,7847.039999999998,2882.0,2023-08-24T09:33:00-04:00,1.1999999999999993,7347.040000000002,2881.0,2023-08-24T09:32:00-04:00,0.9500000000000011,7847.039999999998,2880.0,2023-08-24T09:31:00-04:00,0.8499999999999996,8047.040000000002,,,,,,,,,2881.0,2023-08-24T09:32:00-04:00,0.9500000000000011,7847.039999999998,,,,,,,,,,,,,,,,,1254
2023-08-22,2023-08-24,2,6.0,2023-08-22T09:31:00-04:00,6.0,NDXP  230824P15150000,NDXP  230824P15140000,development,False,False,0,0,0,34,0,1165,available,False,2023-08-22T09:31:00-04:00,2023-08-24T15:59:00-04:00,10.0,-8152.96,1.0,last_observed_quote_not_settlement,1036.0,689,49,4.449999999999989,2847.0400000000236,2023-08-22T09:32:00-04:00,0.0,5.450000000000017,847.0399999999665,2023-08-22T09:33:00-04:00,0.0,6.400000000000006,-1052.9600000000107,2023-08-22T09:36:00-04:00,0.0,5.850000000000023,47.039999999955235,2023-08-22T09:41:00-04:00,0.0,5.600000000000023,547.0399999999552,2023-08-22T09:46:00-04:00,0.0,6.550000000000011,-1352.960000000022,2023-08-22T10:01:00-04:00,0.0,6.699999999999989,-1652.9599999999766,2023-08-22T10:31:00-04:00,0.0,7.099999999999966,-2452.959999999931,2023-08-22T11:31:00-04:00,0.0,7.549999999999983,-3352.959999999965,2023-08-22T16:00:00-04:00,0.0,5.75,247.04000000000067,2023-08-23T16:00:00-04:00,0.0,,,2023-08-24T15:59:00-04:00,60.0,,,,,1.0,hit,1.0,hit,1680.0,hit,2880.0,hit,2880.0,hit,,never_hit,,never_hit,8.0,hit,13.0,hit,13.0,hit,104.0,hit,275.0,hit,2970.0,hit,9.25,404,True,True,True,True,,9.25,404,True,True,True,True,,,,True,True,True,False,4.099999999999998,,,True,True,True,False,4.099999999999998,2880.0,2023-08-24T09:31:00-04:00,1.9000000000000021,7947.039999999996,2881.0,2023-08-24T09:32:00-04:00,2.299999999999997,7147.040000000006,2882.0,2023-08-24T09:33:00-04:00,2.5500000000000043,6647.039999999992,2881.0,2023-08-24T09:32:00-04:00,2.299999999999997,7147.040000000006,2880.0,2023-08-24T09:31:00-04:00,1.9000000000000021,7947.039999999996,,,,,,,,,2881.0,2023-08-24T09:32:00-04:00,2.299999999999997,7147.040000000006,,,,,,,,,,,,,,,,,,,,,,,,,,,,,,,,,1255
2023-08-22,2023-08-24,2,7.0,2023-08-22T09:31:00-04:00,7.0,NDXP  230824P15210000,NDXP  230824P15200000,development,False,False,0,0,0,47,0,1152,available,False,2023-08-22T09:31:00-04:00,2023-08-24T15:59:00-04:00,10.0,-6152.96,1.0,last_observed_quote_not_settlement,1036.0,699,28,7.650000000000034,-1552.9600000000676,2023-08-22T09:32:00-04:00,0.0,7.149999999999977,-552.9599999999539,2023-08-22T09:33:00-04:00,0.0,7.25,-752.9599999999994,2023-08-22T09:36:00-04:00,0.0,7.449999999999989,-1152.9599999999766,2023-08-22T09:41:00-04:00,0.0,7.300000000000011,-852.9600000000221,2023-08-22T09:46:00-04:00,0.0,7.600000000000023,-1452.9600000000448,2023-08-22T10:01:00-04:00,0.0,8.000000000000057,-2252.9600000001146,2023-08-22T10:31:00-04:00,0.0,7.099999999999966,-452.9599999999311,2023-08-22T11:31:00-04:00,0.0,9.25,-4752.960000000001,2023-08-22T16:00:00-04:00,0.0,7.400000000000006,-1052.9600000000107,2023-08-23T16:00:00-04:00,0.0,,,2023-08-24T15:59:00-04:00,60.0,,,,,1454.0,hit,1454.0,hit,1454.0,hit,1454.0,hit,2880.0,hit,,never_hit,,never_hit,1.0,hit,7.0,hit,0.0,hit,7.0,hit,23.0,hit,2943.0,hit,9.25,412,True,True,True,True,,9.25,435,True,True,True,True,,,,True,True,True,False,5.649999999999999,,,True,True,True,False,5.649999999999999,1454.0,2023-08-23T09:45:00-04:00,2.5,8747.04,,,,,,,,,1455.0,2023-08-23T09:46:00-04:00,7.75,-1752.9599999999994,2880.0,2023-08-24T09:31:00-04:00,1.3500000000000014,11047.039999999999,,,,,,,,,2881.0,2023-08-24T09:32:00-04:00,3.549999999999997,6647.040000000006,,,,,,,,,,,,,,,,,,,,,,,,,,,,,,,,,1256
2023-08-22,2023-08-25,3,5.0,2023-08-22T09:31:00-04:00,5.099999999999966,NDXP  230825P15040000,NDXP  230825P15030000,development,False,False,0,0,0,32,0,1572,available,False,2023-08-22T09:31:00-04:00,2023-08-25T15:58:00-04:00,10.0,-9952.960000000066,2.0,last_observed_quote_not_settlement,1036.0,1035,55,4.5,947.0399999999324,2023-08-22T09:32:00-04:00,0.0,4.5,947.0399999999324,2023-08-22T09:33:00-04:00,0.0,4.599999999999994,747.0399999999438,2023-08-22T09:36:00-04:00,0.0,5.099999999999966,-252.9599999999993,2023-08-22T09:41:00-04:00,0.0,5.0,-52.9600000000675,2023-08-22T09:46:00-04:00,0.0,5.5,-1052.9600000000676,2023-08-22T10:01:00-04:00,0.0,5.400000000000006,-852.9600000000789,2023-08-22T10:31:00-04:00,0.0,5.050000000000011,-152.96000000009025,2023-08-22T11:31:00-04:00,0.0,5.149999999999977,-352.96000000002203,2023-08-22T16:00:00-04:00,0.0,1.0,7947.039999999933,2023-08-23T16:00:00-04:00,0.0,8.500000000000028,-7052.9600000001265,2023-08-24T16:00:00-04:00,0.0,,,2023-08-25T15:58:00-04:00,120.0,0.0,hit,1.0,hit,1469.0,hit,1471.0,hit,1471.0,hit,1829.0,hit,,never_hit,29.0,hit,41.0,hit,41.0,hit,3254.0,hit,4382.0,hit,4394.0,hit,7.549999999999983,374,True,False,False,False,,7.549999999999983,374,True,False,False,False,,7.549999999999983,374,True,False,False,False,,,,True,True,True,False,4.099999999999966,1471.0,2023-08-23T10:02:00-04:00,1.4000000000000057,7147.039999999921,1670.0,2023-08-23T13:21:00-04:00,2.9000000000000057,4147.039999999921,1671.0,2023-08-23T13:22:00-04:00,2.9499999999999886,4047.0399999999554,1472.0,2023-08-23T10:03:00-04:00,4.450000000000003,1047.0399999999267,1471.0,2023-08-23T10:02:00-04:00,1.4000000000000057,7147.039999999921,,,,,,,,,1472.0,2023-08-23T10:03:00-04:00,4.450000000000003,1047.0399999999267,,,,,,,,,,,,,,,,,,,,,,,,,,,,,,,,,1257
2023-08-22,2023-08-25,3,6.0,2023-08-22T09:31:00-04:00,6.0,NDXP  230825P15180000,NDXP  230825P15170000,development,False,False,0,0,0,84,0,1519,available,False,2023-08-22T09:31:00-04:00,2023-08-25T15:59:00-04:00,10.0,-8152.96,1.0,last_observed_quote_not_settlement,1036.0,1046,23,5.900000000000006,-52.96000000001066,2023-08-22T09:32:00-04:00,0.0,6.350000000000023,-952.9600000000448,2023-08-22T09:33:00-04:00,0.0,6.549999999999983,-1352.9599999999652,2023-08-22T09:36:00-04:00,0.0,7.25,-2752.959999999999,2023-08-22T09:41:00-04:00,0.0,7.0,-2252.959999999999,2023-08-22T09:46:00-04:00,0.0,7.199999999999932,-2652.9599999998627,2023-08-22T10:01:00-04:00,0.0,6.999999999999943,-2252.9599999998854,2023-08-22T10:31:00-04:00,0.0,6.949999999999989,-2152.9599999999764,2023-08-22T11:31:00-04:00,0.0,8.149999999999977,-4552.9599999999555,2023-08-22T16:00:00-04:00,0.0,5.25,1247.0400000000006,2023-08-23T16:00:00-04:00,0.0,10.0,-8152.96,2023-08-24T16:00:00-04:00,0.0,,,2023-08-25T15:59:00-04:00,60.0,1454.0,hit,1454.0,hit,1506.0,hit,2880.0,hit,,never_hit,,never_hit,,never_hit,5.0,hit,10.0,hit,10.0,hit,11.0,hit,3124.0,hit,3217.0,hit,8.800000000000011,438,True,True,False,False,,,,True,True,True,False,3.3000000000000114,,,True,True,True,False,3.3000000000000114,,,True,True,True,False,3.3000000000000114,2880.0,2023-08-24T09:31:00-04:00,2.8499999999999943,6047.040000000012,,,,,,,,,2881.0,2023-08-24T09:32:00-04:00,3.5,4747.040000000001,,,,,,,,,,,,,,,,,,,,,,,,,,,,,,,,,,,,,,,,,,,,,,,,,1258
2023-08-22,2023-08-25,3,7.0,2023-08-22T09:31:00-04:00,7.050000000000011,NDXP  230825P15240000,NDXP  230825P15230000,development,False,False,0,0,1,147,0,1456,available,False,2023-08-22T09:31:00-04:00,2023-08-25T15:59:00-04:00,10.0,-6052.959999999977,1.0,last_observed_quote_not_settlement,1036.0,927,44,7.550000000000011,-1252.9599999999994,2023-08-22T09:32:00-04:00,0.0,6.9500000000000455,-52.9600000000675,2023-08-22T09:33:00-04:00,0.0,7.149999999999977,-452.9599999999311,2023-08-22T09:36:00-04:00,0.0,7.750000000000057,-1652.9600000000903,2023-08-22T09:41:00-04:00,0.0,7.75,-1652.9599999999766,2023-08-22T09:46:00-04:00,0.0,7.650000000000034,-1452.9600000000448,2023-08-22T10:01:00-04:00,0.0,7.599999999999966,-1352.9599999999084,2023-08-22T10:31:00-04:00,0.0,7.699999999999932,-1552.9599999998402,2023-08-22T11:31:00-04:00,0.0,8.099999999999966,-2352.95999999991,2023-08-22T16:00:00-04:00,0.0,5.400000000000006,3047.0400000000122,2023-08-23T16:00:00-04:00,0.0,,,2023-08-24T15:59:00-04:00,60.0,,,2023-08-25T15:59:00-04:00,60.0,1494.0,hit,1558.0,hit,2882.0,hit,,never_hit,,never_hit,,never_hit,,never_hit,1.0,hit,28.0,hit,0.0,hit,28.0,hit,177.0,hit,177.0,hit,,,True,True,True,False,3.549999999999983,,,True,True,True,False,3.549999999999983,,,True,True,True,False,3.549999999999983,,,True,True,True,False,3.549999999999983,,,,,,,,,,,,,,,,,,,,,,,,,,,,,,,,,,,,,,,,,,,,,,,,,,,,,,,,,,,,,,,,,1259
2023-08-23,2023-08-25,2,5.0,2023-08-23T09:31:00-04:00,5.0,NDXP  230825P15020000,NDXP  230825P15010000,development,False,False,0,0,0,26,0,1173,available,False,2023-08-23T09:31:00-04:00,2023-08-25T15:59:00-04:00,7.700000000000003,-5652.960000000005,1.0,last_observed_quote_not_settlement,1036.0,672,14,5.400000000000034,-1052.9600000000676,2023-08-23T09:32:00-04:00,0.0,5.449999999999989,-1152.9599999999766,2023-08-23T09:33:00-04:00,0.0,5.350000000000023,-952.9600000000448,2023-08-23T09:36:00-04:00,0.0,5.400000000000006,-1052.9600000000107,2023-08-23T09:41:00-04:00,0.0,4.550000000000011,647.0399999999779,2023-08-23T09:46:00-04:00,0.0,4.25,1247.0400000000006,2023-08-23T10:01:00-04:00,0.0,3.799999999999997,2147.0400000000063,2023-08-23T10:31:00-04:00,0.0,3.0500000000000114,3647.039999999978,2023-08-23T11:31:00-04:00,0.0,1.9000000000000057,5947.039999999989,2023-08-23T16:00:00-04:00,0.0,8.249999999999972,-6752.959999999945,2023-08-24T16:00:00-04:00,0.0,,,2023-08-25T15:59:00-04:00,60.0,,,,,0.0,hit,0.0,hit,34.0,hit,109.0,hit,389.0,hit,,never_hit,,never_hit,12.0,hit,1560.0,hit,1601.0,hit,1801.0,hit,1844.0,hit,2940.0,hit,5.699999999999989,11,False,False,False,False,,5.699999999999989,11,False,False,False,False,,,,True,True,True,False,3.299999999999997,,,True,True,True,False,3.299999999999997,150.0,2023-08-23T12:01:00-04:00,2.8999999999999915,3947.0400000000177,226.0,2023-08-23T13:17:00-04:00,2.8999999999999915,3947.0400000000177,227.0,2023-08-23T13:18:00-04:00,2.799999999999997,4147.040000000006,151.0,2023-08-23T12:02:00-04:00,3.0,3747.040000000001,389.0,2023-08-23T16:00:00-04:00,1.9000000000000057,5947.039999999989,1441.0,2023-08-24T09:32:00-04:00,1.8500000000000014,6047.039999999998,,,,,390.0,2023-08-23T16:01:00-04:00,3.0,3747.040000000001,,,,,,,,,,,,,,,,,,,,,,,,,,,,,,,,,1260
2023-08-23,2023-08-25,2,6.0,2023-08-23T09:31:00-04:00,5.900000000000034,NDXP  230825P15090000,NDXP  230825P15080000,development,False,False,0,0,0,46,0,1153,available,False,2023-08-23T09:31:00-04:00,2023-08-25T15:59:00-04:00,9.800000000000011,-8052.9599999999555,1.0,last_observed_quote_not_settlement,1036.0,642,23,5.850000000000023,-152.95999999997656,2023-08-23T09:32:00-04:00,0.0,6.650000000000006,-1752.9599999999425,2023-08-23T09:33:00-04:00,0.0,6.149999999999977,-752.9599999998857,2023-08-23T09:36:00-04:00,0.0,6.550000000000011,-1552.9599999999539,2023-08-23T09:41:00-04:00,0.0,5.650000000000034,247.04000000000067,2023-08-23T09:46:00-04:00,0.0,4.949999999999989,1647.0400000000916,2023-08-23T10:01:00-04:00,0.0,4.550000000000011,2447.0400000000463,2023-08-23T10:31:00-04:00,0.0,3.700000000000003,4147.040000000064,2023-08-23T11:31:00-04:00,0.0,6.150000000000006,-752.9599999999425,2023-08-23T16:00:00-04:00,0.0,9.100000000000023,-6652.959999999978,2023-08-24T16:00:00-04:00,0.0,,,2023-08-25T15:59:00-04:00,60.0,,,,,8.0,hit,27.0,hit,79.0,hit,379.0,hit,,never_hit,,never_hit,,never_hit,2.0,hit,7.0,hit,7.0,hit,29.0,hit,29.0,hit,29.0,hit,9.799999999999983,8,True,True,True,True,,,,True,True,True,False,3.80000000000004,,,True,True,True,False,3.80000000000004,,,True,True,True,False,3.80000000000004,379.0,2023-08-23T15:50:00-04:00,2.5999999999999943,6347.04000000008,1441.0,2023-08-24T09:32:00-04:00,2.549999999999997,6447.0400000000745,1442.0,2023-08-24T09:33:00-04:00,2.6499999999999986,6247.040000000072,380.0,2023-08-23T15:51:00-04:00,3.6000000000000085,4347.040000000052,,,,,,,,,,,,,,,,,,,,,,,,,,,,,,,,,,,,,,,,,,,,,,,,,1261
2023-08-23,2023-08-25,2,7.0,2023-08-23T09:31:00-04:00,6.949999999999989,NDXP  230825P15190000,NDXP  230825P15180000,development,False,False,0,0,0,78,0,1120,available,False,2023-08-23T09:31:00-04:00,2023-08-25T15:59:00-04:00,10.0,-6252.960000000023,1.0,last_observed_quote_not_settlement,1036.0,599,21,6.699999999999989,247.04000000000067,2023-08-23T09:32:00-04:00,0.0,7.699999999999989,-1752.9599999999994,2023-08-23T09:33:00-04:00,0.0,6.800000000000011,47.039999999955235,2023-08-23T09:36:00-04:00,0.0,7.399999999999977,-1152.9599999999766,2023-08-23T09:41:00-04:00,0.0,6.5499999999999545,547.0400000000689,2023-08-23T09:46:00-04:00,0.0,6.199999999999989,1247.0400000000006,2023-08-23T10:01:00-04:00,0.0,5.699999999999989,2247.040000000001,2023-08-23T10:31:00-04:00,0.0,4.900000000000034,3847.03999999991,2023-08-23T11:31:00-04:00,0.0,4.799999999999983,4047.040000000012,2023-08-23T16:00:00-04:00,0.0,9.649999999999977,-5652.959999999978,2023-08-24T16:00:00-04:00,0.0,,,2023-08-25T15:59:00-04:00,60.0,,,,,29.0,hit,29.0,hit,387.0,hit,,never_hit,,never_hit,,never_hit,,never_hit,2.0,hit,1530.0,hit,2.0,hit,1530.0,hit,1598.0,hit,1759.0,hit,,,True,True,True,False,3.84999999999998,,,True,True,True,False,3.84999999999998,,,True,True,True,False,3.84999999999998,,,True,True,True,False,3.84999999999998,,,,,,,,,,,,,,,,,,,,,,,,,,,,,,,,,,,,,,,,,,,,,,,,,,,,,,,,,,,,,,,,,1262
2023-08-25,2023-08-28,3,5.0,2023-08-25T09:31:00-04:00,5.0,NDXP  230828P14900000,NDXP  230828P14890000,development,False,False,0,0,1,6,0,788,available,False,2023-08-25T09:31:00-04:00,2023-08-28T15:54:00-04:00,1.3877787807814457e-17,9747.04,6.0,last_observed_quote_not_settlement,3916.0,241,25,5.3999999999999915,-1052.9599999999823,2023-08-25T09:32:00-04:00,0.0,4.849999999999994,47.04000000001208,2023-08-25T09:33:00-04:00,0.0,5.0,-252.9599999999993,2023-08-25T09:36:00-04:00,0.0,5.449999999999989,-1152.9599999999766,2023-08-25T09:41:00-04:00,0.0,4.599999999999994,547.040000000012,2023-08-25T09:46:00-04:00,0.0,4.799999999999997,147.0400000000064,2023-08-25T10:01:00-04:00,0.0,5.199999999999989,-652.9599999999766,2023-08-25T10:31:00-04:00,0.0,6.599999999999994,-3452.9599999999878,2023-08-25T11:31:00-04:00,0.0,1.9500000000000028,5847.039999999995,2023-08-25T16:00:00-04:00,0.0,,,2023-08-25T16:15:00-04:00,85500.0,,,2023-08-25T16:15:00-04:00,171900.0,,,2023-08-28T15:54:00-04:00,360.0,0.0,hit,0.0,hit,33.0,hit,33.0,hit,33.0,hit,4323.0,hit,4525.0,hit,34.0,hit,34.0,hit,34.0,hit,89.0,hit,,never_hit,,never_hit,5.449999999999989,5,False,False,False,False,,5.449999999999989,5,False,False,False,False,,8.200000000000017,241,True,True,False,False,,8.200000000000017,241,True,True,False,False,,33.0,2023-08-25T10:04:00-04:00,1.8499999999999943,6047.040000000012,4321.0,2023-08-28T09:32:00-04:00,1.3500000000000014,7047.039999999998,4322.0,2023-08-28T09:33:00-04:00,1.549999999999999,6647.040000000003,34.0,2023-08-25T10:05:00-04:00,7.599999999999994,-5452.959999999988,33.0,2023-08-25T10:04:00-04:00,1.8499999999999943,6047.040000000012,4321.0,2023-08-28T09:32:00-04:00,1.3500000000000014,7047.039999999998,4322.0,2023-08-28T09:33:00-04:00,1.549999999999999,6647.040000000003,34.0,2023-08-25T10:05:00-04:00,7.599999999999994,-5452.959999999988,4325.0,2023-08-28T09:36:00-04:00,0.7999999999999998,8147.040000000002,4380.0,2023-08-28T10:31:00-04:00,0.9000000000000004,7947.04,4381.0,2023-08-28T10:32:00-04:00,0.8499999999999996,8047.040000000002,4326.0,2023-08-28T09:37:00-04:00,1.0,7747.040000000001,4526.0,2023-08-28T12:57:00-04:00,0.42500000000000027,8897.04,4527.0,2023-08-28T12:58:00-04:00,0.40000000000000036,8947.04,4528.0,2023-08-28T12:59:00-04:00,0.3999999999999999,8947.04,4527.0,2023-08-28T12:58:00-04:00,0.40000000000000036,8947.04,1263
2023-08-25,2023-08-28,3,6.0,2023-08-25T09:31:00-04:00,6.050000000000011,NDXP  230828P14970000,NDXP  230828P14960000,development,False,False,0,0,0,5,0,790,available,False,2023-08-25T09:31:00-04:00,2023-08-28T16:00:00-04:00,3.575,4697.040000000023,0.0,last_observed_quote_not_settlement,3916.0,244,15,6.300000000000011,-752.9599999999994,2023-08-25T09:32:00-04:00,0.0,6.349999999999966,-852.9599999999084,2023-08-25T09:33:00-04:00,0.0,5.800000000000011,247.04000000000067,2023-08-25T09:36:00-04:00,0.0,5.75,347.04000000002344,2023-08-25T09:41:00-04:00,0.0,5.699999999999989,447.0400000000462,2023-08-25T09:46:00-04:00,0.0,5.200000000000017,1447.0399999999893,2023-08-25T10:01:00-04:00,0.0,6.949999999999989,-2052.9599999999537,2023-08-25T10:31:00-04:00,0.0,7.399999999999977,-2952.959999999931,2023-08-25T11:31:00-04:00,0.0,5.5,847.0400000000234,2023-08-25T16:00:00-04:00,0.0,,,2023-08-25T16:15:00-04:00,85500.0,,,2023-08-25T16:15:00-04:00,171900.0,3.575,4697.040000000023,2023-08-28T16:00:00-04:00,0.0,9.0,hit,9.0,hit,4320.0,hit,4320.0,hit,4323.0,hit,4535.0,hit,4685.0,hit,39.0,hit,57.0,hit,57.0,hit,75.0,hit,,never_hit,,never_hit,8.75,244,True,True,False,False,,8.75,244,True,True,False,False,,8.75,244,True,True,False,False,,8.75,244,True,True,False,False,,4320.0,2023-08-28T09:31:00-04:00,2.849999999999998,6147.040000000027,4321.0,2023-08-28T09:32:00-04:00,2.799999999999997,6247.040000000029,4322.0,2023-08-28T09:33:00-04:00,2.9499999999999993,5947.0400000000245,4321.0,2023-08-28T09:32:00-04:00,2.799999999999997,6247.040000000029,4323.0,2023-08-28T09:34:00-04:00,1.75,8347.040000000025,4527.0,2023-08-28T12:58:00-04:00,1.7499999999999991,8347.040000000026,4528.0,2023-08-28T12:59:00-04:00,1.8500000000000005,8147.040000000022,4324.0,2023-08-28T09:35:00-04:00,2.049999999999997,7747.040000000029,4535.0,2023-08-28T13:06:00-04:00,0.9499999999999993,9947.040000000026,4536.0,2023-08-28T13:07:00-04:00,0.9000000000000004,10047.040000000023,4659.0,2023-08-28T15:10:00-04:00,0.625,10597.040000000025,4536.0,2023-08-28T13:07:00-04:00,0.9000000000000004,10047.040000000023,4686.0,2023-08-28T15:37:00-04:00,0.275,11297.040000000023,4687.0,2023-08-28T15:38:00-04:00,0.25,11347.040000000025,4688.0,2023-08-28T15:39:00-04:00,0.275,11297.040000000023,4687.0,2023-08-28T15:38:00-04:00,0.25,11347.040000000025,1264
2023-08-25,2023-08-28,3,7.0,2023-08-25T09:31:00-04:00,7.0,NDXP  230828P15030000,NDXP  230828P15020000,development,False,False,0,0,0,0,0,795,available,False,2023-08-25T09:31:00-04:00,2023-08-28T16:00:00-04:00,0.0,13747.04,0.0,last_observed_quote_not_settlement,3916.0,351,41,6.450000000000017,847.0399999999665,2023-08-25T09:32:00-04:00,0.0,6.650000000000006,447.03999999998933,2023-08-25T09:33:00-04:00,0.0,6.400000000000006,947.0399999999893,2023-08-25T09:36:00-04:00,0.0,7.0,-252.9599999999993,2023-08-25T09:41:00-04:00,0.0,6.5,747.0400000000006,2023-08-25T09:46:00-04:00,0.0,6.650000000000006,447.03999999998933,2023-08-25T10:01:00-04:00,0.0,7.649999999999977,-1552.9599999999539,2023-08-25T10:31:00-04:00,0.0,8.099999999999966,-2452.9599999999327,2023-08-25T11:31:00-04:00,0.0,7.0,-252.9599999999993,2023-08-25T16:00:00-04:00,0.0,,,2023-08-25T16:15:00-04:00,85500.0,,,2023-08-25T16:15:00-04:00,171900.0,0.0,13747.04,2023-08-28T16:00:00-04:00,0.0,45.0,hit,4320.0,hit,4323.0,hit,4325.0,hit,4695.0,hit,4696.0,hit,4697.0,hit,29.0,hit,66.0,hit,0.0,hit,66.0,hit,83.0,hit,,never_hit,9.100000000000023,246,True,True,True,True,,9.100000000000023,351,True,True,True,True,,9.100000000000023,351,True,True,True,True,,9.100000000000023,351,True,True,True,True,,4325.0,2023-08-28T09:36:00-04:00,2.6499999999999986,8447.040000000005,4536.0,2023-08-28T13:07:00-04:00,2.799999999999999,8147.040000000004,4697.0,2023-08-28T15:48:00-04:00,0.42500000000000004,12897.040000000003,4326.0,2023-08-28T09:37:00-04:00,3.299999999999997,7147.040000000006,4695.0,2023-08-28T15:46:00-04:00,1.7749999999999995,10197.040000000003,4696.0,2023-08-28T15:47:00-04:00,0.7,12347.04,4697.0,2023-08-28T15:48:00-04:00,0.42500000000000004,12897.040000000003,4696.0,2023-08-28T15:47:00-04:00,0.7,12347.04,4696.0,2023-08-28T15:47:00-04:00,0.7,12347.04,4697.0,2023-08-28T15:48:00-04:00,0.42500000000000004,12897.040000000003,4698.0,2023-08-28T15:49:00-04:00,0.875,11997.04,4697.0,2023-08-28T15:48:00-04:00,0.42500000000000004,12897.040000000003,4697.0,2023-08-28T15:48:00-04:00,0.42500000000000004,12897.040000000003,4706.0,2023-08-28T15:57:00-04:00,0.4499999999999999,12847.04,4707.0,2023-08-28T15:58:00-04:00,0.175,13397.040000000003,4698.0,2023-08-28T15:49:00-04:00,0.875,11997.04,1265
2023-08-28,2023-08-30,2,5.0,2023-08-28T09:31:00-04:00,5.049999999999997,NDXP  230830P15060000,NDXP  230830P15050000,development,False,False,0,0,0,35,15,1165,available,False,2023-08-28T09:31:00-04:00,2023-08-30T16:00:00-04:00,9.875,-9902.960000000006,0.0,last_observed_quote_not_settlement,1036.0,314,34,5.3500000000000085,-852.9600000000221,2023-08-28T09:32:00-04:00,0.0,5.049999999999997,-252.9599999999993,2023-08-28T09:33:00-04:00,0.0,4.1000000000000085,1647.039999999978,2023-08-28T09:36:00-04:00,0.0,4.900000000000006,47.03999999998366,2023-08-28T09:41:00-04:00,0.0,5.450000000000017,-1052.9600000000391,2023-08-28T09:46:00-04:00,0.0,5.400000000000006,-952.9600000000164,2023-08-28T10:01:00-04:00,0.0,4.599999999999994,647.0400000000063,2023-08-28T10:31:00-04:00,0.0,5.749999999999972,-1652.9599999999482,2023-08-28T11:31:00-04:00,0.0,7.25,-4652.960000000005,2023-08-28T16:00:00-04:00,0.0,0.17499999999999982,9497.039999999995,2023-08-29T16:00:00-04:00,0.0,9.875,-9902.960000000006,2023-08-30T16:00:00-04:00,0.0,,,,,0.0,hit,3.0,hit,1449.0,hit,1469.0,hit,1469.0,hit,1521.0,hit,1600.0,hit,20.0,hit,22.0,hit,22.0,hit,75.0,hit,3259.0,hit,3259.0,hit,8.400000000000006,313,True,True,False,False,,8.400000000000006,313,True,True,False,False,,8.400000000000006,313,True,True,False,False,,8.400000000000006,313,True,True,False,False,,1469.0,2023-08-29T10:00:00-04:00,1.9499999999999957,5947.040000000004,1470.0,2023-08-29T10:01:00-04:00,2.6499999999999986,4547.039999999998,1471.0,2023-08-29T10:02:00-04:00,2.6999999999999886,4447.040000000018,1470.0,2023-08-29T10:01:00-04:00,2.6499999999999986,4547.039999999998,1469.0,2023-08-29T10:00:00-04:00,1.9499999999999957,5947.040000000004,1486.0,2023-08-29T10:17:00-04:00,1.8000000000000007,6247.039999999994,1487.0,2023-08-29T10:18:00-04:00,1.6000000000000014,6647.039999999992,1470.0,2023-08-29T10:01:00-04:00,2.6499999999999986,4547.039999999998,1540.0,2023-08-29T11:11:00-04:00,0.9499999999999993,7947.039999999996,1543.0,2023-08-29T11:14:00-04:00,0.8999999999999986,8047.039999999998,1547.0,2023-08-29T11:18:00-04:00,0.8500000000000014,8147.039999999993,1541.0,2023-08-29T11:12:00-04:00,1.0,7847.039999999995,1650.0,2023-08-29T13:01:00-04:00,0.4499999999999993,8947.039999999997,1672.0,2023-08-29T13:23:00-04:00,0.40000000000000036,9047.039999999995,1673.0,2023-08-29T13:24:00-04:00,0.40000000000000036,9047.039999999995,1651.0,2023-08-29T13:02:00-04:00,0.5,8847.039999999995,1266
2023-08-28,2023-08-30,2,6.0,2023-08-28T09:31:00-04:00,6.199999999999989,NDXP  230830P15140000,NDXP  230830P15130000,development,False,False,0,0,0,4,15,1196,available,False,2023-08-28T09:31:00-04:00,2023-08-30T16:00:00-04:00,0.0,12147.039999999979,0.0,last_observed_quote_not_settlement,1036.0,356,39,5.599999999999966,947.0400000000461,2023-08-28T09:32:00-04:00,0.0,6.099999999999966,-52.959999999953816,2023-08-28T09:33:00-04:00,0.0,5.4500000000000455,1247.039999999887,2023-08-28T09:36:00-04:00,0.0,6.350000000000023,-552.9600000000676,2023-08-28T09:41:00-04:00,0.0,6.149999999999977,-152.95999999997656,2023-08-28T09:46:00-04:00,0.0,6.600000000000023,-1052.9600000000676,2023-08-28T10:01:00-04:00,0.0,6.050000000000011,47.039999999955235,2023-08-28T10:31:00-04:00,0.0,7.300000000000011,-2452.9600000000446,2023-08-28T11:31:00-04:00,0.0,6.25,-352.96000000002203,2023-08-28T16:00:00-04:00,0.0,0.5500000000000007,11047.039999999977,2023-08-29T16:00:00-04:00,0.0,0.0,12147.039999999979,2023-08-30T16:00:00-04:00,0.0,,,,,3.0,hit,1455.0,hit,1469.0,hit,1485.0,hit,1504.0,hit,1616.0,hit,1795.0,hit,14.0,hit,20.0,hit,20.0,hit,269.0,hit,,never_hit,,never_hit,8.899999999999977,356,True,True,False,False,,8.899999999999977,356,True,True,False,False,,8.899999999999977,356,True,True,False,False,,8.899999999999977,356,True,True,False,False,,1486.0,2023-08-29T10:17:00-04:00,2.8000000000000043,6547.039999999969,1490.0,2023-08-29T10:21:00-04:00,2.8500000000000014,6447.039999999975,1491.0,2023-08-29T10:22:00-04:00,2.6500000000000057,6847.039999999966,1487.0,2023-08-29T10:18:00-04:00,3.0,6147.039999999978,1505.0,2023-08-29T10:36:00-04:00,1.8999999999999986,8347.03999999998,1506.0,2023-08-29T10:37:00-04:00,1.8999999999999986,8347.03999999998,1542.0,2023-08-29T11:13:00-04:00,1.7499999999999964,8647.039999999986,1506.0,2023-08-29T10:37:00-04:00,1.8999999999999986,8347.03999999998,1674.0,2023-08-29T13:25:00-04:00,0.9499999999999993,10247.03999999998,1686.0,2023-08-29T13:37:00-04:00,0.8999999999999986,10347.03999999998,1687.0,2023-08-29T13:38:00-04:00,0.8999999999999986,10347.03999999998,1675.0,2023-08-29T13:26:00-04:00,1.0,10147.039999999979,1819.0,2023-08-29T15:50:00-04:00,0.0,12147.039999999979,1843.0,2023-08-29T16:14:00-04:00,0.3999999999999986,11347.03999999998,2882.0,2023-08-30T09:33:00-04:00,0.2250000000000001,11697.039999999977,1820.0,2023-08-29T15:51:00-04:00,0.5999999999999996,10947.039999999979,1267
2023-08-28,2023-08-30,2,7.0,2023-08-28T09:31:00-04:00,7.0,NDXP  230830P15130000,NDXP  230830P15120000,development,False,False,0,0,0,21,15,1179,available,False,2023-08-28T09:31:00-04:00,2023-08-30T16:00:00-04:00,0.0,13747.04,0.0,last_observed_quote_not_settlement,1036.0,101,60,6.650000000000034,447.0399999999325,2023-08-28T09:32:00-04:00,0.0,6.050000000000011,1647.039999999978,2023-08-28T09:33:00-04:00,0.0,5.249999999999972,3247.0400000000577,2023-08-28T09:36:00-04:00,0.0,5.899999999999977,1947.0400000000461,2023-08-28T09:41:00-04:00,0.0,6.500000000000028,747.0399999999438,2023-08-28T09:46:00-04:00,0.0,6.399999999999977,947.0400000000461,2023-08-28T10:01:00-04:00,0.0,5.849999999999966,2047.040000000069,2023-08-28T10:31:00-04:00,0.0,5.699999999999989,2347.0400000000236,2023-08-28T11:31:00-04:00,0.0,5.8999999999999915,1947.0400000000177,2023-08-28T16:00:00-04:00,0.0,0.5,12747.04,2023-08-29T16:00:00-04:00,0.0,0.0,13747.04,2023-08-30T16:00:00-04:00,0.0,,,,,5.0,hit,1455.0,hit,1470.0,hit,1485.0,hit,1501.0,hit,1572.0,hit,1783.0,hit,65.0,hit,,never_hit,0.0,hit,,never_hit,,never_hit,,never_hit,7.849999999999994,101,True,False,False,False,,7.849999999999994,101,True,False,False,False,,7.849999999999994,101,True,False,False,False,,7.849999999999994,101,True,False,False,False,,1485.0,2023-08-29T10:16:00-04:00,2.8999999999999986,7947.040000000004,1486.0,2023-08-29T10:17:00-04:00,2.8999999999999986,7947.040000000004,1487.0,2023-08-29T10:18:00-04:00,2.700000000000003,8347.039999999995,1486.0,2023-08-29T10:17:00-04:00,2.8999999999999986,7947.040000000004,1504.0,2023-08-29T10:35:00-04:00,1.8999999999999986,9947.040000000005,1505.0,2023-08-29T10:36:00-04:00,1.8999999999999986,9947.040000000005,1506.0,2023-08-29T10:37:00-04:00,1.75,10247.04,1505.0,2023-08-29T10:36:00-04:00,1.8999999999999986,9947.040000000005,1616.0,2023-08-29T12:27:00-04:00,0.9499999999999993,11847.040000000003,1657.0,2023-08-29T13:08:00-04:00,0.9499999999999993,11847.040000000003,1673.0,2023-08-29T13:24:00-04:00,0.8999999999999986,11947.040000000005,1617.0,2023-08-29T12:28:00-04:00,1.0,11747.04,1789.0,2023-08-29T15:20:00-04:00,0.4499999999999993,12847.040000000003,1836.0,2023-08-29T16:07:00-04:00,0.4499999999999993,12847.040000000003,1837.0,2023-08-29T16:08:00-04:00,0.4499999999999993,12847.040000000003,1790.0,2023-08-29T15:21:00-04:00,0.5500000000000007,12647.04,1268
2023-08-28,2023-08-31,3,5.0,2023-08-28T09:31:00-04:00,5.149999999999977,NDXP  230831P15070000,NDXP  230831P15060000,development,False,False,0,0,1,19,0,1585,available,False,2023-08-28T09:31:00-04:00,2023-08-31T15:52:00-04:00,0.0,10047.039999999955,8.0,last_observed_quote_not_settlement,1036.0,293,55,5.0,47.039999999955235,2023-08-28T09:32:00-04:00,0.0,5.049999999999983,-52.96000000001066,2023-08-28T09:33:00-04:00,0.0,4.699999999999989,647.0399999999779,2023-08-28T09:36:00-04:00,0.0,4.949999999999989,147.03999999997797,2023-08-28T09:41:00-04:00,0.0,5.25,-452.9600000000448,2023-08-28T09:46:00-04:00,0.0,5.050000000000011,-52.9600000000675,2023-08-28T10:01:00-04:00,0.0,4.650000000000006,747.0399999999438,2023-08-28T10:31:00-04:00,0.0,5.699999999999989,-1352.960000000022,2023-08-28T11:31:00-04:00,0.0,5.700000000000003,-1352.9600000000505,2023-08-28T16:00:00-04:00,0.0,0.75,8547.039999999955,2023-08-29T16:00:00-04:00,0.0,,,2023-08-30T15:59:00-04:00,60.0,,,2023-08-31T15:52:00-04:00,480.0,0.0,hit,1.0,hit,161.0,hit,1472.0,hit,1498.0,hit,1659.0,hit,1819.0,hit,22.0,hit,83.0,hit,84.0,hit,,never_hit,,never_hit,,never_hit,7.200000000000017,293,True,False,False,False,,7.200000000000017,293,True,False,False,False,,7.200000000000017,293,True,False,False,False,,7.200000000000017,293,True,False,False,False,,1472.0,2023-08-29T10:03:00-04:00,2.9000000000000057,4247.039999999944,1475.0,2023-08-29T10:06:00-04:00,2.6000000000000014,4847.039999999953,1476.0,2023-08-29T10:07:00-04:00,2.750000000000007,4547.039999999941,1473.0,2023-08-29T10:04:00-04:00,3.0,4047.0399999999554,1500.0,2023-08-29T10:31:00-04:00,1.8000000000000007,6447.039999999954,1501.0,2023-08-29T10:32:00-04:00,1.8499999999999943,6347.039999999966,1502.0,2023-08-29T10:33:00-04:00,1.8000000000000007,6447.039999999954,1501.0,2023-08-29T10:32:00-04:00,1.8499999999999943,6347.039999999966,1701.0,2023-08-29T13:52:00-04:00,0.9499999999999993,8147.039999999956,1736.0,2023-08-29T14:27:00-04:00,0.9499999999999993,8147.039999999956,1752.0,2023-08-29T14:43:00-04:00,0.8500000000000014,8347.039999999954,1702.0,2023-08-29T13:53:00-04:00,1.1000000000000014,7847.039999999953,2880.0,2023-08-30T09:31:00-04:00,0.35000000000000053,9347.039999999955,2904.0,2023-08-30T09:55:00-04:00,0.40000000000000036,9247.039999999955,2905.0,2023-08-30T09:56:00-04:00,0.40000000000000036,9247.039999999955,2881.0,2023-08-30T09:32:00-04:00,0.5,9047.039999999955,1269
2023-08-28,2023-08-31,3,6.0,2023-08-28T09:31:00-04:00,6.0,NDXP  230831P15200000,NDXP  230831P15190000,development,False,False,0,0,1,37,0,1566,available,False,2023-08-28T09:31:00-04:00,2023-08-31T15:59:00-04:00,0.0,11747.04,1.0,last_observed_quote_not_settlement,1036.0,393,37,6.699999999999989,-1652.9599999999766,2023-08-28T09:32:00-04:00,0.0,7.0,-2252.959999999999,2023-08-28T09:33:00-04:00,0.0,5.649999999999977,447.0400000000462,2023-08-28T09:36:00-04:00,0.0,6.649999999999977,-1552.9599999999539,2023-08-28T09:41:00-04:00,0.0,6.949999999999989,-2152.9599999999764,2023-08-28T09:46:00-04:00,0.0,7.0,-2252.959999999999,2023-08-28T10:01:00-04:00,0.0,5.800000000000011,147.03999999997797,2023-08-28T10:31:00-04:00,0.0,6.900000000000034,-2052.9600000000673,2023-08-28T11:31:00-04:00,0.0,7.449999999999989,-3152.9599999999764,2023-08-28T16:00:00-04:00,0.0,1.8499999999999979,8047.0400000000045,2023-08-29T16:00:00-04:00,0.0,0.30000000000000027,11147.04,2023-08-30T16:00:00-04:00,0.0,,,2023-08-31T15:59:00-04:00,60.0,4.0,hit,57.0,hit,1485.0,hit,1510.0,hit,1746.0,hit,2907.0,hit,3047.0,hit,1.0,hit,2.0,hit,2.0,hit,71.0,hit,,never_hit,,never_hit,8.850000000000023,393,True,True,False,False,,8.850000000000023,393,True,True,False,False,,8.850000000000023,393,True,True,False,False,,8.850000000000023,393,True,True,False,False,,1510.0,2023-08-29T10:41:00-04:00,2.6500000000000057,6447.039999999989,1552.0,2023-08-29T11:23:00-04:00,2.8000000000000043,6147.039999999992,1553.0,2023-08-29T11:24:00-04:00,2.8999999999999986,5947.040000000004,1511.0,2023-08-29T10:42:00-04:00,3.5,4747.040000000001,1756.0,2023-08-29T14:47:00-04:00,1.8999999999999986,7947.040000000004,1788.0,2023-08-29T15:19:00-04:00,1.9499999999999993,7847.040000000002,1789.0,2023-08-29T15:20:00-04:00,1.8500000000000014,8047.039999999998,1757.0,2023-08-29T14:48:00-04:00,2.0,7747.040000000001,2916.0,2023-08-30T10:07:00-04:00,0.7999999999999989,10147.040000000005,2921.0,2023-08-30T10:12:00-04:00,0.7999999999999989,10147.040000000005,2922.0,2023-08-30T10:13:00-04:00,0.8000000000000007,10147.04,2917.0,2023-08-30T10:08:00-04:00,1.049999999999999,9647.040000000005,3063.0,2023-08-30T12:34:00-04:00,0.4499999999999993,10847.040000000003,3124.0,2023-08-30T13:35:00-04:00,0.4499999999999993,10847.040000000003,3129.0,2023-08-30T13:40:00-04:00,0.4499999999999993,10847.040000000003,3064.0,2023-08-30T12:35:00-04:00,0.5,10747.04,1270
2023-08-28,2023-08-31,3,7.0,2023-08-28T09:31:00-04:00,7.099999999999966,NDXP  230831P15220000,NDXP  230831P15210000,development,False,False,0,0,0,57,0,1546,available,False,2023-08-28T09:31:00-04:00,2023-08-31T15:59:00-04:00,0.0,13947.039999999934,1.0,last_observed_quote_not_settlement,1036.0,311,75,7.350000000000023,-752.960000000113,2023-08-28T09:32:00-04:00,0.0,6.699999999999989,547.0399999999552,2023-08-28T09:33:00-04:00,0.0,5.750000000000028,2447.039999999876,2023-08-28T09:36:00-04:00,0.0,6.050000000000011,1847.0399999999097,2023-08-28T09:41:00-04:00,0.0,7.199999999999989,-452.9600000000448,2023-08-28T09:46:00-04:00,0.0,6.75,447.0399999999325,2023-08-28T10:01:00-04:00,0.0,6.700000000000017,547.0399999998983,2023-08-28T10:31:00-04:00,0.0,7.749999999999972,-1552.9600000000107,2023-08-28T11:31:00-04:00,0.0,7.450000000000017,-952.9600000001017,2023-08-28T16:00:00-04:00,0.0,2.0500000000000007,9847.039999999932,2023-08-29T16:00:00-04:00,0.0,0.2999999999999998,13347.039999999934,2023-08-30T16:00:00-04:00,0.0,,,2023-08-31T15:59:00-04:00,60.0,1466.0,hit,1473.0,hit,1492.0,hit,1561.0,hit,1798.0,hit,2909.0,hit,3060.0,hit,16.0,hit,99.0,hit,0.0,hit,22.0,hit,,never_hit,,never_hit,8.75,311,True,True,False,False,,8.75,311,True,True,False,False,,8.75,311,True,True,False,False,,8.75,311,True,True,False,False,,1564.0,2023-08-29T11:35:00-04:00,2.8999999999999986,8147.0399999999345,1565.0,2023-08-29T11:36:00-04:00,2.799999999999997,8347.039999999939,1566.0,2023-08-29T11:37:00-04:00,2.8500000000000014,8247.03999999993,1565.0,2023-08-29T11:36:00-04:00,2.799999999999997,8347.039999999939,1798.0,2023-08-29T15:29:00-04:00,1.8999999999999986,10147.039999999935,1844.0,2023-08-29T16:15:00-04:00,1.8500000000000014,10247.03999999993,2882.0,2023-08-30T09:33:00-04:00,1.6000000000000014,10747.03999999993,1799.0,2023-08-29T15:30:00-04:00,2.1500000000000057,9647.039999999923,2909.0,2023-08-30T10:00:00-04:00,0.6499999999999986,12647.039999999935,3007.0,2023-08-30T11:38:00-04:00,0.8499999999999996,12247.039999999934,3008.0,2023-08-30T11:39:00-04:00,0.8500000000000014,12247.03999999993,2910.0,2023-08-30T10:01:00-04:00,1.25,11447.039999999934,3196.0,2023-08-30T14:47:00-04:00,0.4499999999999993,13047.039999999935,3197.0,2023-08-30T14:48:00-04:00,0.4499999999999993,13047.039999999935,3214.0,2023-08-30T15:05:00-04:00,0.40000000000000036,13147.039999999932,3197.0,2023-08-30T14:48:00-04:00,0.4499999999999993,13047.039999999935,1271
2023-08-29,2023-08-31,2,5.0,2023-08-29T09:31:00-04:00,4.9500000000000455,NDXP  230831P15130000,NDXP  230831P15120000,development,False,False,0,0,0,4,0,1195,available,False,2023-08-29T09:31:00-04:00,2023-08-31T15:59:00-04:00,0.0,9647.040000000092,1.0,last_observed_quote_not_settlement,1036.0,12,5,5.5,-1352.9599999999084,2023-08-29T09:32:00-04:00,0.0,4.850000000000023,-52.959999999953816,2023-08-29T09:33:00-04:00,0.0,5.700000000000017,-1752.9599999999425,2023-08-29T09:36:00-04:00,0.0,6.449999999999989,-3252.9599999998854,2023-08-29T09:41:00-04:00,0.0,4.700000000000003,247.04000000008594,2023-08-29T09:46:00-04:00,0.0,3.799999999999997,2047.0400000000973,2023-08-29T10:01:00-04:00,0.0,2.5,4647.040000000092,2023-08-29T10:31:00-04:00,0.0,2.049999999999997,5547.040000000097,2023-08-29T11:31:00-04:00,0.0,1.1999999999999993,7247.040000000093,2023-08-29T16:00:00-04:00,0.0,0.07499999999999996,9497.040000000092,2023-08-30T16:00:00-04:00,0.0,,,2023-08-31T15:59:00-04:00,60.0,,,,,0.0,hit,0.0,hit,30.0,hit,49.0,hit,112.0,hit,358.0,hit,1469.0,hit,1.0,hit,3.0,hit,,never_hit,,never_hit,,never_hit,,never_hit,6.449999999999989,12,False,False,False,False,,6.449999999999989,12,False,False,False,False,,6.449999999999989,12,False,False,False,False,,6.449999999999989,12,False,False,False,False,,51.0,2023-08-29T10:22:00-04:00,2.9000000000000057,3847.0400000000805,52.0,2023-08-29T10:23:00-04:00,2.75,4147.040000000092,53.0,2023-08-29T10:24:00-04:00,2.9000000000000057,3847.0400000000805,52.0,2023-08-29T10:23:00-04:00,2.75,4147.040000000092,124.0,2023-08-29T11:35:00-04:00,1.9499999999999993,5747.040000000093,125.0,2023-08-29T11:36:00-04:00,1.8000000000000043,6047.040000000083,126.0,2023-08-29T11:37:00-04:00,1.8000000000000043,6047.040000000083,125.0,2023-08-29T11:36:00-04:00,1.8000000000000043,6047.040000000083,358.0,2023-08-29T15:29:00-04:00,0.9499999999999993,7747.040000000093,1442.0,2023-08-30T09:33:00-04:00,0.6999999999999993,8247.040000000094,1463.0,2023-08-30T09:54:00-04:00,0.8500000000000014,7947.040000000089,359.0,2023-08-29T15:30:00-04:00,1.1499999999999986,7347.040000000095,1469.0,2023-08-30T10:00:00-04:00,0.0,9647.040000000092,1483.0,2023-08-30T10:14:00-04:00,0.3999999999999986,8847.040000000095,1484.0,2023-08-30T10:15:00-04:00,0.34999999999999964,8947.040000000094,1470.0,2023-08-30T10:01:00-04:00,0.6500000000000004,8347.040000000092,1272
2023-08-29,2023-08-31,2,6.0,2023-08-29T09:31:00-04:00,5.650000000000006,NDXP  230831P15110000,NDXP  230831P15100000,development,False,False,0,0,0,31,0,1168,available,False,2023-08-29T09:31:00-04:00,2023-08-31T15:59:00-04:00,0.0,11047.040000000014,1.0,last_observed_quote_not_settlement,1036.0,1,2,5.6499999999999915,-252.95999999997088,2023-08-29T09:32:00-04:00,0.0,5.650000000000006,-252.9599999999993,2023-08-29T09:33:00-04:00,0.0,5.049999999999997,947.0400000000177,2023-08-29T09:36:00-04:00,0.0,5.3500000000000085,347.039999999995,2023-08-29T09:41:00-04:00,0.0,4.599999999999994,1847.0400000000234,2023-08-29T09:46:00-04:00,0.0,2.499999999999986,6047.040000000041,2023-08-29T10:01:00-04:00,0.0,2.1500000000000057,6747.040000000001,2023-08-29T10:31:00-04:00,0.0,1.8000000000000007,7447.040000000011,2023-08-29T11:31:00-04:00,0.0,1.0,9047.040000000014,2023-08-29T16:00:00-04:00,0.0,0.07499999999999996,10897.040000000012,2023-08-30T16:00:00-04:00,0.0,,,2023-08-31T15:59:00-04:00,60.0,,,,,3.0,hit,7.0,hit,30.0,hit,30.0,hit,103.0,hit,349.0,hit,1467.0,hit,1819.0,hit,1819.0,hit,1819.0,hit,1819.0,hit,,never_hit,,never_hit,5.650000000000006,0,False,False,False,False,,5.650000000000006,0,False,False,False,False,,5.650000000000006,0,False,False,False,False,,5.650000000000006,0,False,False,False,False,,30.0,2023-08-29T10:01:00-04:00,2.499999999999986,6047.040000000041,46.0,2023-08-29T10:17:00-04:00,2.8999999999999986,5247.0400000000145,47.0,2023-08-29T10:18:00-04:00,2.799999999999997,5447.040000000018,31.0,2023-08-29T10:02:00-04:00,4.200000000000017,2647.039999999978,106.0,2023-08-29T11:17:00-04:00,1.9499999999999957,7147.040000000021,107.0,2023-08-29T11:18:00-04:00,1.8999999999999986,7247.0400000000145,108.0,2023-08-29T11:19:00-04:00,1.8500000000000014,7347.040000000009,107.0,2023-08-29T11:18:00-04:00,1.8999999999999986,7247.0400000000145,371.0,2023-08-29T15:42:00-04:00,0.9000000000000021,9247.040000000008,393.0,2023-08-29T16:04:00-04:00,0.9000000000000004,9247.040000000012,394.0,2023-08-29T16:05:00-04:00,0.8999999999999986,9247.040000000015,372.0,2023-08-29T15:43:00-04:00,1.0999999999999996,8847.040000000014,1467.0,2023-08-30T09:58:00-04:00,0.4499999999999993,10147.040000000014,1476.0,2023-08-30T10:07:00-04:00,0.39999999999999947,10247.040000000014,1477.0,2023-08-30T10:08:00-04:00,0.40000000000000036,10247.040000000012,1468.0,2023-08-30T09:59:00-04:00,0.5,10047.040000000014,1273
2023-08-29,2023-08-31,2,7.0,2023-08-29T09:31:00-04:00,6.949999999999989,NDXP  230831P15170000,NDXP  230831P15160000,development,False,False,0,0,0,13,0,1186,available,False,2023-08-29T09:31:00-04:00,2023-08-31T15:59:00-04:00,0.0,13647.039999999979,1.0,last_observed_quote_not_settlement,1036.0,2,3,7.400000000000034,-1152.9600000000903,2023-08-29T09:32:00-04:00,0.0,6.299999999999983,1047.040000000012,2023-08-29T09:33:00-04:00,0.0,6.0,1647.039999999978,2023-08-29T09:36:00-04:00,0.0,6.199999999999989,1247.0400000000006,2023-08-29T09:41:00-04:00,0.0,5.400000000000006,2847.0399999999668,2023-08-29T09:46:00-04:00,0.0,3.0999999999999943,7447.039999999989,2023-08-29T10:01:00-04:00,0.0,3.0,7647.039999999978,2023-08-29T10:31:00-04:00,0.0,2.450000000000003,8747.039999999974,2023-08-29T11:31:00-04:00,0.0,1.5500000000000007,10547.039999999977,2023-08-29T16:00:00-04:00,0.0,0.2250000000000001,13197.039999999977,2023-08-30T16:00:00-04:00,0.0,,,2023-08-31T15:59:00-04:00,60.0,,,,,11.0,hit,30.0,hit,30.0,hit,60.0,hit,176.0,hit,1463.0,hit,1469.0,hit,379.0,hit,379.0,hit,1.0,hit,379.0,hit,379.0,hit,,never_hit,7.400000000000034,1,True,False,False,False,,7.400000000000034,1,True,False,False,False,,9.2,2,True,True,True,True,,9.2,2,True,True,True,True,,62.0,2023-08-29T10:33:00-04:00,2.8999999999999915,7847.039999999995,65.0,2023-08-29T10:36:00-04:00,2.8499999999999943,7947.039999999989,66.0,2023-08-29T10:37:00-04:00,2.75,8147.039999999978,63.0,2023-08-29T10:34:00-04:00,2.950000000000003,7747.039999999973,218.0,2023-08-29T13:09:00-04:00,1.9000000000000021,9847.039999999975,246.0,2023-08-29T13:37:00-04:00,1.8000000000000007,10047.039999999977,247.0,2023-08-29T13:38:00-04:00,1.8499999999999979,9947.039999999983,219.0,2023-08-29T13:10:00-04:00,2.0,9647.039999999979,1464.0,2023-08-30T09:55:00-04:00,0.8999999999999986,11847.03999999998,1465.0,2023-08-30T09:56:00-04:00,0.9499999999999993,11747.03999999998,1466.0,2023-08-30T09:57:00-04:00,0.8499999999999996,11947.039999999979,1465.0,2023-08-30T09:56:00-04:00,0.9499999999999993,11747.03999999998,1469.0,2023-08-30T10:00:00-04:00,0.0,13647.039999999979,1576.0,2023-08-30T11:47:00-04:00,0.4499999999999993,12747.03999999998,1599.0,2023-08-30T12:10:00-04:00,0.40000000000000036,12847.039999999979,1470.0,2023-08-30T10:01:00-04:00,0.8000000000000007,12047.039999999977,1274
2023-08-29,2023-09-01,3,5.0,2023-08-29T09:31:00-04:00,5.050000000000011,NDXP  230901P15070000,NDXP  230901P15060000,development,False,False,0,0,0,11,0,1593,available,False,2023-08-29T09:31:00-04:00,2023-09-01T15:59:00-04:00,0.0,9847.040000000025,1.0,last_observed_quote_not_settlement,1036.0,0,0,5.0,-152.95999999997656,2023-08-29T09:32:00-04:00,0.0,4.499999999999986,847.0400000000518,2023-08-29T09:33:00-04:00,0.0,4.5,847.0400000000234,2023-08-29T09:36:00-04:00,0.0,4.700000000000003,447.04000000001776,2023-08-29T09:41:00-04:00,0.0,4.0,1847.0400000000234,2023-08-29T09:46:00-04:00,0.0,0.30000000000001137,9247.04,2023-08-29T10:01:00-04:00,0.0,2.1500000000000057,5547.040000000012,2023-08-29T10:31:00-04:00,0.0,1.8999999999999986,6047.040000000026,2023-08-29T11:31:00-04:00,0.0,1.3500000000000014,7147.040000000021,2023-08-29T16:00:00-04:00,0.0,0.40000000000000036,9047.040000000023,2023-08-30T16:00:00-04:00,0.0,,,2023-08-31T15:59:00-04:00,60.0,,,2023-09-01T15:59:00-04:00,60.0,0.0,hit,1.0,hit,15.0,hit,30.0,hit,30.0,hit,30.0,hit,30.0,hit,,never_hit,,never_hit,,never_hit,,never_hit,,never_hit,,never_hit,5.050000000000011,0,False,False,False,False,,5.050000000000011,0,False,False,False,False,,5.050000000000011,0,False,False,False,False,,5.050000000000011,0,False,False,False,False,,30.0,2023-08-29T10:01:00-04:00,0.30000000000001137,9247.04,44.0,2023-08-29T10:15:00-04:00,2.9000000000000057,4047.040000000012,45.0,2023-08-29T10:16:00-04:00,2.700000000000003,4447.040000000018,31.0,2023-08-29T10:02:00-04:00,3.4000000000000057,3047.0400000000122,30.0,2023-08-29T10:01:00-04:00,0.30000000000001137,9247.04,113.0,2023-08-29T11:24:00-04:00,1.9000000000000057,6047.040000000012,114.0,2023-08-29T11:25:00-04:00,1.8999999999999986,6047.040000000026,31.0,2023-08-29T10:02:00-04:00,3.4000000000000057,3047.0400000000122,30.0,2023-08-29T10:01:00-04:00,0.30000000000001137,9247.04,1465.0,2023-08-30T09:56:00-04:00,0.9000000000000021,8047.040000000019,1469.0,2023-08-30T10:00:00-04:00,0.0,9847.040000000025,31.0,2023-08-29T10:02:00-04:00,3.4000000000000057,3047.0400000000122,30.0,2023-08-29T10:01:00-04:00,0.30000000000001137,9247.04,1620.0,2023-08-30T12:31:00-04:00,0.39999999999999947,9047.040000000025,1759.0,2023-08-30T14:50:00-04:00,0.4499999999999993,8947.040000000026,31.0,2023-08-29T10:02:00-04:00,3.4000000000000057,3047.0400000000122,1275
2023-08-29,2023-09-01,3,6.0,2023-08-29T09:31:00-04:00,5.799999999999983,NDXP  230901P15180000,NDXP  230901P15170000,development,False,False,0,0,1,21,0,1583,available,False,2023-08-29T09:31:00-04:00,2023-09-01T15:59:00-04:00,0.0,11347.039999999968,1.0,last_observed_quote_not_settlement,1036.0,13,9,6.599999999999994,-1852.960000000022,2023-08-29T09:32:00-04:00,0.0,6.850000000000023,-2352.9600000000787,2023-08-29T09:33:00-04:00,0.0,5.849999999999966,-352.9599999999652,2023-08-29T09:36:00-04:00,0.0,6.299999999999983,-1252.9599999999994,2023-08-29T09:41:00-04:00,0.0,5.349999999999994,647.0399999999779,2023-08-29T09:46:00-04:00,0.0,4.6499999999999915,2047.0399999999836,2023-08-29T10:01:00-04:00,0.0,3.3499999999999943,4647.039999999978,2023-08-29T10:31:00-04:00,0.0,2.9000000000000057,5547.039999999955,2023-08-29T11:31:00-04:00,0.0,2.1500000000000057,7047.039999999955,2023-08-29T16:00:00-04:00,0.0,0.9000000000000004,9547.039999999966,2023-08-30T16:00:00-04:00,0.0,0.25,10847.039999999968,2023-08-31T16:00:00-04:00,0.0,,,2023-09-01T15:59:00-04:00,60.0,12.0,hit,29.0,hit,45.0,hit,59.0,hit,379.0,hit,1469.0,hit,2888.0,hit,1.0,hit,2.0,hit,4334.0,hit,4334.0,hit,,never_hit,,never_hit,6.850000000000023,10,False,False,False,False,,6.850000000000023,10,False,False,False,False,,6.850000000000023,10,False,False,False,False,,6.850000000000023,10,False,False,False,False,,68.0,2023-08-29T10:39:00-04:00,2.8499999999999943,5647.039999999978,113.0,2023-08-29T11:24:00-04:00,2.8999999999999773,5547.040000000012,114.0,2023-08-29T11:25:00-04:00,2.799999999999997,5747.039999999973,69.0,2023-08-29T10:40:00-04:00,3.5,4347.039999999966,393.0,2023-08-29T16:04:00-04:00,1.9499999999999886,7447.039999999989,1441.0,2023-08-30T09:32:00-04:00,1.8999999999999915,7547.039999999984,1442.0,2023-08-30T09:33:00-04:00,1.8000000000000007,7747.039999999965,394.0,2023-08-29T16:05:00-04:00,2.1000000000000014,7147.039999999964,1469.0,2023-08-30T10:00:00-04:00,0.8999999999999986,9547.03999999997,1610.0,2023-08-30T12:21:00-04:00,0.9000000000000021,9547.039999999963,1620.0,2023-08-30T12:31:00-04:00,0.9000000000000004,9547.039999999966,1470.0,2023-08-30T10:01:00-04:00,1.5500000000000007,8247.039999999966,2910.0,2023-08-31T10:01:00-04:00,0.4499999999999993,10447.039999999968,2911.0,2023-08-31T10:02:00-04:00,0.4499999999999993,10447.039999999968,2924.0,2023-08-31T10:15:00-04:00,0.35000000000000053,10647.039999999966,2911.0,2023-08-31T10:02:00-04:00,0.4499999999999993,10447.039999999968,1276
2023-08-29,2023-09-01,3,7.0,2023-08-29T09:31:00-04:00,7.0,NDXP  230901P15240000,NDXP  230901P15230000,development,False,False,0,0,0,4,0,1599,available,False,2023-08-29T09:31:00-04:00,2023-09-01T15:59:00-04:00,0.0,13747.04,1.0,last_observed_quote_not_settlement,1036.0,2,4,7.0,-252.9599999999993,2023-08-29T09:32:00-04:00,0.0,6.150000000000006,1447.0399999999893,2023-08-29T09:33:00-04:00,0.0,6.649999999999977,447.0400000000462,2023-08-29T09:36:00-04:00,0.0,6.850000000000023,47.039999999955235,2023-08-29T09:41:00-04:00,0.0,6.099999999999994,1547.040000000012,2023-08-29T09:46:00-04:00,0.0,5.299999999999983,3147.040000000035,2023-08-29T10:01:00-04:00,0.0,4.049999999999997,5647.040000000006,2023-08-29T10:31:00-04:00,0.0,3.549999999999997,6647.040000000006,2023-08-29T11:31:00-04:00,0.0,2.799999999999997,8147.040000000007,2023-08-29T16:00:00-04:00,0.0,1.5500000000000007,10647.04,2023-08-30T16:00:00-04:00,0.0,0.6999999999999993,12347.040000000003,2023-08-31T16:00:00-04:00,0.0,,,2023-09-01T15:59:00-04:00,60.0,22.0,hit,35.0,hit,61.0,hit,198.0,hit,1467.0,hit,1819.0,hit,2946.0,hit,11.0,hit,,never_hit,0.0,hit,,never_hit,,never_hit,,never_hit,7.700000000000017,2,True,False,False,False,,7.700000000000017,2,True,False,False,False,,7.700000000000017,2,True,False,False,False,,7.700000000000017,2,True,False,False,False,,292.0,2023-08-29T14:23:00-04:00,2.9499999999999957,7847.040000000009,306.0,2023-08-29T14:37:00-04:00,2.9000000000000057,7947.039999999989,307.0,2023-08-29T14:38:00-04:00,2.8999999999999986,7947.040000000004,293.0,2023-08-29T14:24:00-04:00,3.049999999999997,7647.040000000006,1471.0,2023-08-30T10:02:00-04:00,1.8500000000000014,10047.039999999999,1474.0,2023-08-30T10:05:00-04:00,1.8999999999999986,9947.040000000005,1475.0,2023-08-30T10:06:00-04:00,1.8499999999999943,10047.040000000014,1472.0,2023-08-30T10:03:00-04:00,1.9500000000000028,9847.039999999995,1819.0,2023-08-30T15:50:00-04:00,0.6499999999999986,12447.040000000005,2904.0,2023-08-31T09:55:00-04:00,0.9000000000000021,11947.039999999997,2905.0,2023-08-31T09:56:00-04:00,0.8499999999999996,12047.040000000003,1820.0,2023-08-30T15:51:00-04:00,1.2999999999999972,11147.040000000008,2946.0,2023-08-31T10:37:00-04:00,0.4499999999999993,12847.040000000003,3157.0,2023-08-31T14:08:00-04:00,0.40000000000000036,12947.04,3158.0,2023-08-31T14:09:00-04:00,0.40000000000000036,12947.04,2947.0,2023-08-31T10:38:00-04:00,0.5499999999999998,12647.040000000003,1277
2023-08-30,2023-09-01,2,5.0,2023-08-30T09:31:00-04:00,4.8999999999999915,NDXP  230901P15410000,NDXP  230901P15400000,development,False,False,0,0,0,8,0,1192,available,False,2023-08-30T09:31:00-04:00,2023-09-01T15:59:00-04:00,0.0,9547.039999999985,1.0,last_observed_quote_not_settlement,1036.0,22,18,4.599999999999994,347.039999999995,2023-08-30T09:32:00-04:00,0.0,4.700000000000003,147.03999999997797,2023-08-30T09:33:00-04:00,0.0,5.099999999999994,-652.960000000005,2023-08-30T09:36:00-04:00,0.0,5.0,-452.96000000001635,2023-08-30T09:41:00-04:00,0.0,4.950000000000003,-352.96000000002203,2023-08-30T09:46:00-04:00,0.0,4.199999999999989,1147.0400000000063,2023-08-30T10:01:00-04:00,0.0,5.25,-952.9600000000164,2023-08-30T10:31:00-04:00,0.0,4.3500000000000085,847.0399999999665,2023-08-30T11:31:00-04:00,0.0,3.5,2547.0399999999836,2023-08-30T16:00:00-04:00,0.0,2.349999999999998,4847.039999999988,2023-08-31T16:00:00-04:00,0.0,,,2023-09-01T15:59:00-04:00,60.0,,,,,0.0,hit,0.0,hit,35.0,hit,361.0,hit,1491.0,hit,2880.0,hit,2880.0,hit,58.0,hit,,never_hit,,never_hit,,never_hit,,never_hit,,never_hit,5.799999999999997,22,False,False,False,False,,5.799999999999997,22,False,False,False,False,,5.799999999999997,22,False,False,False,False,,5.799999999999997,22,False,False,False,False,,361.0,2023-08-30T15:32:00-04:00,2.700000000000003,4147.039999999978,1449.0,2023-08-31T09:40:00-04:00,2.8500000000000014,3847.039999999981,1465.0,2023-08-31T09:56:00-04:00,2.700000000000003,4147.039999999978,362.0,2023-08-30T15:33:00-04:00,3.75,2047.0399999999836,1491.0,2023-08-31T10:22:00-04:00,1.9499999999999957,5647.039999999992,1499.0,2023-08-31T10:30:00-04:00,1.8499999999999979,5847.039999999988,1500.0,2023-08-31T10:31:00-04:00,1.9499999999999993,5647.039999999985,1492.0,2023-08-31T10:23:00-04:00,2.0,5547.039999999984,2880.0,2023-09-01T09:31:00-04:00,0.40000000000000036,8747.039999999985,2881.0,2023-09-01T09:32:00-04:00,0.8499999999999996,7847.0399999999845,2882.0,2023-09-01T09:33:00-04:00,0.9499999999999993,7647.039999999985,2881.0,2023-09-01T09:32:00-04:00,0.8499999999999996,7847.0399999999845,2880.0,2023-09-01T09:31:00-04:00,0.40000000000000036,8747.039999999985,3211.0,2023-09-01T15:02:00-04:00,0.42500000000000004,8697.039999999985,3212.0,2023-09-01T15:03:00-04:00,0.42500000000000004,8697.039999999985,2881.0,2023-09-01T09:32:00-04:00,0.8499999999999996,7847.0399999999845,1278
2023-08-30,2023-09-01,2,6.0,2023-08-30T09:31:00-04:00,6.300000000000011,NDXP  230901P15490000,NDXP  230901P15480000,development,False,False,0,0,0,0,0,1200,available,False,2023-08-30T09:31:00-04:00,2023-09-01T16:00:00-04:00,5.15,2047.0400000000227,0.0,last_observed_quote_not_settlement,1036.0,166,64,6.100000000000023,147.03999999997797,2023-08-30T09:32:00-04:00,0.0,5.149999999999977,2047.040000000069,2023-08-30T09:33:00-04:00,0.0,7.399999999999977,-2452.959999999931,2023-08-30T09:36:00-04:00,0.0,6.650000000000006,-952.959999999988,2023-08-30T09:41:00-04:00,0.0,6.25,-152.95999999997656,2023-08-30T09:46:00-04:00,0.0,5.600000000000023,1147.039999999978,2023-08-30T10:01:00-04:00,0.0,6.800000000000011,-1252.9599999999994,2023-08-30T10:31:00-04:00,0.0,5.6499999999999915,1047.0400000000404,2023-08-30T11:31:00-04:00,0.0,5.200000000000003,1947.0400000000177,2023-08-30T16:00:00-04:00,0.0,3.799999999999997,4747.040000000029,2023-08-31T16:00:00-04:00,0.0,5.15,2047.0400000000227,2023-09-01T16:00:00-04:00,0.0,,,,,2.0,hit,24.0,hit,86.0,hit,1492.0,hit,2880.0,hit,,never_hit,,never_hit,5.0,hit,5.0,hit,5.0,hit,3175.0,hit,3185.0,hit,,never_hit,7.5,26,True,False,False,False,,7.5,26,True,False,False,False,,,,True,True,True,False,5.025000000000011,,,True,True,True,False,5.025000000000011,1492.0,2023-08-31T10:23:00-04:00,2.9000000000000057,6547.040000000012,1509.0,2023-08-31T10:40:00-04:00,2.8500000000000085,6647.040000000006,2882.0,2023-09-01T09:33:00-04:00,1.9499999999999993,8447.040000000026,1493.0,2023-08-31T10:24:00-04:00,3.5,5347.040000000024,2880.0,2023-09-01T09:31:00-04:00,1.6999999999999993,8947.040000000026,2883.0,2023-09-01T09:34:00-04:00,1.8499999999999996,8647.040000000025,3267.0,2023-09-01T15:58:00-04:00,1.4,9547.040000000023,2881.0,2023-09-01T09:32:00-04:00,1.9500000000000028,8447.040000000019,,,,,,,,,,,,,,,,,,,,,,,,,,,,,,,,,1279
2023-08-30,2023-09-01,2,7.0,2023-08-30T09:31:00-04:00,7.100000000000023,NDXP  230901P15640000,NDXP  230901P15630000,development,False,False,0,0,0,152,0,1047,available,False,2023-08-30T09:31:00-04:00,2023-09-01T15:57:00-04:00,10.0,-5952.959999999955,3.0,last_observed_quote_not_settlement,1036.0,715,89,7.699999999999989,-1452.9599999999311,2023-08-30T09:32:00-04:00,0.0,7.900000000000006,-1852.9599999999652,2023-08-30T09:33:00-04:00,0.0,8.25,-2552.9599999999555,2023-08-30T09:36:00-04:00,0.0,8.049999999999955,-2152.9599999998645,2023-08-30T09:41:00-04:00,0.0,8.600000000000023,-3252.960000000001,2023-08-30T09:46:00-04:00,0.0,7.000000000000028,-52.96000000001066,2023-08-30T10:01:00-04:00,0.0,8.0,-2052.9599999999555,2023-08-30T10:31:00-04:00,0.0,8.450000000000017,-2952.9599999999896,2023-08-30T11:31:00-04:00,0.0,7.650000000000006,-1352.9599999999652,2023-08-30T16:00:00-04:00,0.0,7.650000000000006,-1352.9599999999652,2023-08-31T16:00:00-04:00,0.0,,,2023-09-01T15:57:00-04:00,180.0,,,,,,never_hit,,never_hit,,never_hit,,never_hit,,never_hit,,never_hit,,never_hit,1.0,hit,3.0,hit,0.0,hit,3.0,hit,61.0,hit,2959.0,hit,,,True,True,True,False,1.3500000000000227,,,True,True,True,False,1.3500000000000227,,,True,True,True,False,1.3500000000000227,,,True,True,True,False,1.3500000000000227,,,,,,,,,,,,,,,,,,,,,,,,,,,,,,,,,,,,,,,,,,,,,,,,,,,,,,,,,,,,,,,,,1280
2023-09-05,2023-09-07,2,5.0,2023-09-05T09:31:00-04:00,5.0,NDXP  230907P15560000,NDXP  230907P15550000,development,False,False,0,0,0,162,15,1038,available,False,2023-09-05T09:31:00-04:00,2023-09-07T16:00:00-04:00,10.0,-10152.96,0.0,last_observed_quote_not_settlement,1036.0,830,38,5.499999999999972,-1252.9599999999425,2023-09-05T09:32:00-04:00,0.0,4.800000000000011,147.03999999997797,2023-09-05T09:33:00-04:00,0.0,6.549999999999983,-3352.959999999965,2023-09-05T09:36:00-04:00,0.0,5.749999999999972,-1752.9599999999425,2023-09-05T09:41:00-04:00,0.0,4.800000000000011,147.03999999997797,2023-09-05T09:46:00-04:00,0.0,6.350000000000023,-2952.9600000000446,2023-09-05T10:01:00-04:00,0.0,5.199999999999989,-652.9599999999766,2023-09-05T10:31:00-04:00,0.0,5.550000000000011,-1352.960000000022,2023-09-05T11:31:00-04:00,0.0,5.799999999999997,-1852.9599999999937,2023-09-05T16:00:00-04:00,0.0,9.75,-9752.960000000001,2023-09-06T16:00:00-04:00,0.0,10.0,-10152.96,2023-09-07T16:00:00-04:00,0.0,,,,,0.0,hit,0.0,hit,,never_hit,,never_hit,,never_hit,,never_hit,,never_hit,3.0,hit,5.0,hit,20.0,hit,1469.0,hit,1491.0,hit,1502.0,hit,,,True,True,True,False,0.6999999999999886,,,True,True,True,False,0.6999999999999886,,,True,True,True,False,0.6999999999999886,,,True,True,True,False,0.6999999999999886,,,,,,,,,,,,,,,,,,,,,,,,,,,,,,,,,,,,,,,,,,,,,,,,,,,,,,,,,,,,,,,,,1281
2023-09-05,2023-09-07,2,6.0,2023-09-05T09:31:00-04:00,5.799999999999983,NDXP  230907P15610000,NDXP  230907P15600000,development,False,False,0,0,0,209,15,990,available,False,2023-09-05T09:31:00-04:00,2023-09-07T16:00:00-04:00,10.0,-8552.960000000034,0.0,last_observed_quote_not_settlement,1036.0,647,95,6.849999999999966,-2352.959999999965,2023-09-05T09:32:00-04:00,0.0,7.100000000000023,-2852.9600000000787,2023-09-05T09:33:00-04:00,0.0,7.549999999999983,-3752.959999999999,2023-09-05T09:36:00-04:00,0.0,6.800000000000011,-2252.960000000056,2023-09-05T09:41:00-04:00,0.0,7.349999999999994,-3352.960000000022,2023-09-05T09:46:00-04:00,0.0,8.099999999999994,-4852.960000000024,2023-09-05T10:01:00-04:00,0.0,7.700000000000017,-4052.9600000000673,2023-09-05T10:31:00-04:00,0.0,5.800000000000011,-252.96000000005614,2023-09-05T11:31:00-04:00,0.0,6.549999999999983,-1752.9599999999994,2023-09-05T16:00:00-04:00,0.0,9.699999999999989,-8052.960000000013,2023-09-06T16:00:00-04:00,0.0,10.0,-8552.960000000034,2023-09-07T16:00:00-04:00,0.0,,,,,94.0,hit,94.0,hit,,never_hit,,never_hit,,never_hit,,never_hit,,never_hit,1.0,hit,1.0,hit,2.0,hit,4.0,hit,1472.0,hit,1472.0,hit,,,True,True,True,False,1.7999999999999687,,,True,True,True,False,1.7999999999999687,,,True,True,True,False,1.7999999999999687,,,True,True,True,False,1.7999999999999687,,,,,,,,,,,,,,,,,,,,,,,,,,,,,,,,,,,,,,,,,,,,,,,,,,,,,,,,,,,,,,,,,1282
2023-09-05,2023-09-07,2,7.0,2023-09-05T09:31:00-04:00,6.949999999999989,NDXP  230907P15540000,NDXP  230907P15530000,development,False,False,0,0,0,146,15,1054,available,False,2023-09-05T09:31:00-04:00,2023-09-07T16:00:00-04:00,10.0,-6252.960000000023,0.0,last_observed_quote_not_settlement,1036.0,533,13,6.099999999999994,1447.0399999999893,2023-09-05T09:32:00-04:00,0.0,6.150000000000006,1347.0399999999665,2023-09-05T09:33:00-04:00,0.0,6.100000000000023,1447.0399999999324,2023-09-05T09:36:00-04:00,0.0,5.6499999999999915,2347.039999999995,2023-09-05T09:41:00-04:00,0.0,6.150000000000006,1347.0399999999665,2023-09-05T09:46:00-04:00,0.0,5.550000000000011,2547.0399999999554,2023-09-05T10:01:00-04:00,0.0,6.199999999999989,1247.0400000000006,2023-09-05T10:31:00-04:00,0.0,5.25,3147.039999999978,2023-09-05T11:31:00-04:00,0.0,4.999999999999986,3647.0400000000063,2023-09-05T16:00:00-04:00,0.0,9.200000000000017,-4752.960000000058,2023-09-06T16:00:00-04:00,0.0,10.0,-6252.960000000023,2023-09-07T16:00:00-04:00,0.0,,,,,3.0,hit,13.0,hit,201.0,hit,,never_hit,,never_hit,,never_hit,,never_hit,12.0,hit,12.0,hit,12.0,hit,1472.0,hit,1472.0,hit,1611.0,hit,,,True,True,True,False,3.749999999999986,,,True,True,True,False,3.749999999999986,,,True,True,True,False,3.749999999999986,,,True,True,True,False,3.749999999999986,,,,,,,,,,,,,,,,,,,,,,,,,,,,,,,,,,,,,,,,,,,,,,,,,,,,,,,,,,,,,,,,,1283
2023-09-05,2023-09-08,3,5.0,2023-09-05T09:31:00-04:00,5.049999999999997,NDXP  230908P15490000,NDXP  230908P15480000,development,False,False,0,0,0,82,0,1523,available,False,2023-09-05T09:31:00-04:00,2023-09-08T16:00:00-04:00,10.0,-10052.960000000005,0.0,last_observed_quote_not_settlement,1036.0,1075,31,4.8999999999999915,47.04000000001208,2023-09-05T09:32:00-04:00,0.0,5.199999999999974,-552.9599999999539,2023-09-05T09:33:00-04:00,0.0,4.950000000000017,-52.96000000003908,2023-09-05T09:36:00-04:00,0.0,4.75,347.039999999995,2023-09-05T09:41:00-04:00,0.0,4.849999999999994,147.0400000000064,2023-09-05T09:46:00-04:00,0.0,5.650000000000006,-1452.9600000000164,2023-09-05T10:01:00-04:00,0.0,4.900000000000006,47.03999999998366,2023-09-05T10:31:00-04:00,0.0,4.199999999999989,1447.0400000000177,2023-09-05T11:31:00-04:00,0.0,4.150000000000006,1547.0399999999836,2023-09-05T16:00:00-04:00,0.0,5.949999999999989,-2052.9599999999823,2023-09-06T16:00:00-04:00,0.0,9.700000000000017,-9552.96000000004,2023-09-07T16:00:00-04:00,0.0,10.0,-10052.960000000005,2023-09-08T16:00:00-04:00,0.0,0.0,hit,1.0,hit,93.0,hit,,never_hit,,never_hit,,never_hit,,never_hit,30.0,hit,1472.0,hit,1474.0,hit,1522.0,hit,2880.0,hit,2880.0,hit,,,True,True,True,False,1.5999999999999943,,,True,True,True,False,1.5999999999999943,,,True,True,True,False,1.5999999999999943,,,True,True,True,False,1.5999999999999943,,,,,,,,,,,,,,,,,,,,,,,,,,,,,,,,,,,,,,,,,,,,,,,,,,,,,,,,,,,,,,,,,1284
2023-09-05,2023-09-08,3,6.0,2023-09-05T09:31:00-04:00,6.0,NDXP  230908P15550000,NDXP  230908P15540000,development,False,False,0,0,0,203,0,1402,available,False,2023-09-05T09:31:00-04:00,2023-09-08T16:00:00-04:00,10.0,-8152.96,0.0,last_observed_quote_not_settlement,1036.0,909,39,6.099999999999994,-452.95999999998793,2023-09-05T09:32:00-04:00,0.0,6.649999999999977,-1552.9599999999539,2023-09-05T09:33:00-04:00,0.0,5.699999999999989,347.04000000002344,2023-09-05T09:36:00-04:00,0.0,5.700000000000017,347.0399999999666,2023-09-05T09:41:00-04:00,0.0,6.150000000000006,-552.9600000000107,2023-09-05T09:46:00-04:00,0.0,5.450000000000017,847.0399999999665,2023-09-05T10:01:00-04:00,0.0,5.75,247.04000000000067,2023-09-05T10:31:00-04:00,0.0,5.199999999999989,1347.0400000000234,2023-09-05T11:31:00-04:00,0.0,5.25,1247.0400000000006,2023-09-05T16:00:00-04:00,0.0,8.0,-4252.960000000001,2023-09-06T16:00:00-04:00,0.0,9.850000000000023,-7952.960000000046,2023-09-07T16:00:00-04:00,0.0,10.0,-8152.96,2023-09-08T16:00:00-04:00,0.0,3.0,hit,41.0,hit,41.0,hit,,never_hit,,never_hit,,never_hit,,never_hit,2.0,hit,40.0,hit,40.0,hit,1481.0,hit,1538.0,hit,1671.0,hit,,,True,True,True,False,2.700000000000003,,,True,True,True,False,2.700000000000003,,,True,True,True,False,2.700000000000003,,,True,True,True,False,2.700000000000003,,,,,,,,,,,,,,,,,,,,,,,,,,,,,,,,,,,,,,,,,,,,,,,,,,,,,,,,,,,,,,,,,1285
2023-09-05,2023-09-08,3,7.0,2023-09-05T09:31:00-04:00,6.9500000000000455,NDXP  230908P16210000,NDXP  230908P16200000,development,False,False,0,0,0,366,0,1238,available,False,2023-09-05T09:31:00-04:00,2023-09-08T16:00:00-04:00,10.0,-6252.959999999909,0.0,last_observed_quote_not_settlement,1039.0,988,22,9.349999999999909,-5052.959999999728,2023-09-05T09:32:00-04:00,0.0,9.600000000000023,-5552.9599999999555,2023-09-05T09:33:00-04:00,0.0,10.0,-6252.959999999909,2023-09-05T09:36:00-04:00,0.0,9.899999999999977,-6152.9599999998645,2023-09-05T09:41:00-04:00,0.0,,,2023-09-05T09:45:00-04:00,60.0,8.499999999999886,-3352.9599999996826,2023-09-05T10:01:00-04:00,0.0,10.0,-6252.959999999909,2023-09-05T10:31:00-04:00,0.0,,,2023-09-05T11:30:00-04:00,60.0,6.900000000000091,-152.96000000009025,2023-09-05T16:00:00-04:00,0.0,3.8500000000000227,5947.040000000046,2023-09-06T16:00:00-04:00,0.0,10.0,-6252.959999999909,2023-09-07T16:00:00-04:00,0.0,10.0,-6252.959999999909,2023-09-08T16:00:00-04:00,0.0,1517.0,hit,1819.0,hit,1829.0,hit,4322.0,hit,,never_hit,,never_hit,,never_hit,1.0,hit,1.0,hit,1.0,hit,1.0,hit,1.0,hit,2.0,hit,10.0,741,True,True,True,True,,,,True,True,True,False,4.900000000000091,,,True,True,True,False,4.900000000000091,,,True,True,True,False,4.900000000000091,4322.0,2023-09-08T09:33:00-04:00,2.0499999999999545,9547.040000000183,,,,,,,,,,,,,,,,,,,,,,,,,,,,,,,,,,,,,,,,,,,,,,,,,,,,,,,,,,,,,1286
2023-09-06,2023-09-08,2,5.0,2023-09-06T09:31:00-04:00,5.0,NDXP  230908P15480000,NDXP  230908P15470000,development,False,False,0,0,0,122,0,1078,available,False,2023-09-06T09:31:00-04:00,2023-09-08T16:00:00-04:00,10.0,-10152.96,0.0,last_observed_quote_not_settlement,1036.0,1002,5,4.75,247.04000000000067,2023-09-06T09:32:00-04:00,0.0,4.849999999999994,47.04000000001208,2023-09-06T09:33:00-04:00,0.0,5.049999999999997,-352.9599999999936,2023-09-06T09:36:00-04:00,0.0,5.000000000000014,-252.96000000002772,2023-09-06T09:41:00-04:00,0.0,4.599999999999994,547.040000000012,2023-09-06T09:46:00-04:00,0.0,5.25,-752.9599999999994,2023-09-06T10:01:00-04:00,0.0,6.400000000000006,-3052.9600000000105,2023-09-06T10:31:00-04:00,0.0,6.699999999999989,-3652.9599999999764,2023-09-06T11:31:00-04:00,0.0,7.0,-4252.959999999999,2023-09-06T16:00:00-04:00,0.0,9.650000000000006,-9552.960000000012,2023-09-07T16:00:00-04:00,0.0,10.0,-10152.96,2023-09-08T16:00:00-04:00,0.0,,,,,0.0,hit,0.0,hit,,never_hit,,never_hit,,never_hit,,never_hit,,never_hit,29.0,hit,29.0,hit,48.0,hit,89.0,hit,1440.0,hit,1441.0,hit,,,True,True,True,False,0.6499999999999915,,,True,True,True,False,0.6499999999999915,,,True,True,True,False,0.6499999999999915,,,True,True,True,False,0.6499999999999915,,,,,,,,,,,,,,,,,,,,,,,,,,,,,,,,,,,,,,,,,,,,,,,,,,,,,,,,,,,,,,,,,1287
2023-09-06,2023-09-08,2,6.0,2023-09-06T09:31:00-04:00,5.949999999999989,NDXP  230908P15540000,NDXP  230908P15530000,development,False,False,0,0,0,112,0,1088,available,False,2023-09-06T09:31:00-04:00,2023-09-08T15:59:00-04:00,7.850000000000023,-4052.9600000000673,1.0,last_observed_quote_not_settlement,1036.0,989,15,6.450000000000003,-1252.9600000000278,2023-09-06T09:32:00-04:00,0.0,5.900000000000006,-152.9600000000334,2023-09-06T09:33:00-04:00,0.0,7.050000000000011,-2452.9600000000446,2023-09-06T09:36:00-04:00,0.0,5.899999999999977,-152.95999999997656,2023-09-06T09:41:00-04:00,0.0,5.550000000000011,547.0399999999552,2023-09-06T09:46:00-04:00,0.0,7.0,-2352.960000000022,2023-09-06T10:01:00-04:00,0.0,8.099999999999994,-4552.960000000013,2023-09-06T10:31:00-04:00,0.0,8.0,-4352.960000000024,2023-09-06T11:31:00-04:00,0.0,8.150000000000006,-4652.9600000000355,2023-09-06T16:00:00-04:00,0.0,9.899999999999977,-8152.959999999978,2023-09-07T16:00:00-04:00,0.0,,,2023-09-08T15:59:00-04:00,60.0,,,,,16.0,hit,16.0,hit,,never_hit,,never_hit,,never_hit,,never_hit,,never_hit,1.0,hit,5.0,hit,5.0,hit,11.0,hit,171.0,hit,171.0,hit,,,True,True,True,False,1.5,,,True,True,True,False,1.5,,,True,True,True,False,1.5,,,True,True,True,False,1.5,,,,,,,,,,,,,,,,,,,,,,,,,,,,,,,,,,,,,,,,,,,,,,,,,,,,,,,,,,,,,,,,,1288
2023-09-06,2023-09-08,2,7.0,2023-09-06T09:31:00-04:00,7.049999999999983,NDXP  230908P15660000,NDXP  230908P15650000,development,False,False,0,0,0,226,0,973,available,False,2023-09-06T09:31:00-04:00,2023-09-08T16:00:00-04:00,10.0,-6052.960000000034,0.0,last_observed_quote_not_settlement,1037.0,821,4,7.549999999999983,-1252.9599999999994,2023-09-06T09:32:00-04:00,0.0,7.650000000000006,-1452.9600000000448,2023-09-06T09:33:00-04:00,0.0,7.550000000000011,-1252.9600000000562,2023-09-06T09:36:00-04:00,0.0,9.0,-4152.9600000000355,2023-09-06T09:41:00-04:00,0.0,7.5,-1152.9600000000335,2023-09-06T09:46:00-04:00,0.0,8.949999999999989,-4052.9600000000123,2023-09-06T10:01:00-04:00,0.0,8.600000000000023,-3352.9600000000805,2023-09-06T10:31:00-04:00,0.0,7.850000000000023,-1852.960000000079,2023-09-06T11:31:00-04:00,0.0,9.300000000000011,-4752.960000000058,2023-09-06T16:00:00-04:00,0.0,9.550000000000011,-5252.960000000058,2023-09-07T16:00:00-04:00,0.0,10.0,-6052.960000000034,2023-09-08T16:00:00-04:00,0.0,,,,,,never_hit,,never_hit,,never_hit,,never_hit,,never_hit,,never_hit,,never_hit,1.0,hit,6.0,hit,0.0,hit,6.0,hit,9.0,hit,41.0,hit,,,True,True,True,False,1.1500000000000057,,,True,True,True,False,1.1500000000000057,,,True,True,True,False,1.1500000000000057,,,True,True,True,False,1.1500000000000057,,,,,,,,,,,,,,,,,,,,,,,,,,,,,,,,,,,,,,,,,,,,,,,,,,,,,,,,,,,,,,,,,1289
2023-09-08,2023-09-11,3,5.0,2023-09-08T09:31:00-04:00,5.1499999999999915,NDXP  230911P15310000,NDXP  230911P15300000,development,False,False,0,0,0,6,0,789,available,False,2023-09-08T09:31:00-04:00,2023-09-11T16:00:00-04:00,0.0,10047.039999999985,0.0,last_observed_quote_not_settlement,3916.0,112,10,4.8999999999999915,247.04000000000067,2023-09-08T09:32:00-04:00,0.0,4.650000000000006,747.0399999999722,2023-09-08T09:33:00-04:00,0.0,4.400000000000006,1247.0399999999722,2023-09-08T09:36:00-04:00,0.0,4.200000000000003,1647.039999999978,2023-09-08T09:41:00-04:00,0.0,4.1499999999999915,1747.0400000000006,2023-09-08T09:46:00-04:00,0.0,4.300000000000004,1447.0399999999752,2023-09-08T10:01:00-04:00,0.0,3.25,3547.0399999999836,2023-09-08T10:31:00-04:00,0.0,3.8499999999999943,2347.039999999995,2023-09-08T11:31:00-04:00,0.0,5.25,-452.96000000001635,2023-09-08T16:00:00-04:00,0.0,,,2023-09-08T16:15:00-04:00,85500.0,,,2023-09-08T16:15:00-04:00,171900.0,0.0,10047.039999999985,2023-09-11T16:00:00-04:00,0.0,0.0,hit,1.0,hit,18.0,hit,4320.0,hit,4320.0,hit,4497.0,hit,4539.0,hit,92.0,hit,331.0,hit,332.0,hit,4699.0,hit,4699.0,hit,4699.0,hit,7.050000000000011,111,True,False,False,False,,7.050000000000011,111,True,False,False,False,,7.050000000000011,111,True,False,False,False,,7.050000000000011,111,True,False,False,False,,4320.0,2023-09-11T09:31:00-04:00,1.4000000000000004,7247.039999999983,4321.0,2023-09-11T09:32:00-04:00,1.5500000000000007,6947.039999999982,4322.0,2023-09-11T09:33:00-04:00,1.3000000000000007,7447.039999999982,4321.0,2023-09-11T09:32:00-04:00,1.5500000000000007,6947.039999999982,4320.0,2023-09-11T09:31:00-04:00,1.4000000000000004,7247.039999999983,4321.0,2023-09-11T09:32:00-04:00,1.5500000000000007,6947.039999999982,4322.0,2023-09-11T09:33:00-04:00,1.3000000000000007,7447.039999999982,4321.0,2023-09-11T09:32:00-04:00,1.5500000000000007,6947.039999999982,4498.0,2023-09-11T12:29:00-04:00,0.8499999999999996,8347.039999999985,4499.0,2023-09-11T12:30:00-04:00,0.7999999999999998,8447.039999999985,4500.0,2023-09-11T12:31:00-04:00,0.9250000000000003,8197.039999999983,4499.0,2023-09-11T12:30:00-04:00,0.7999999999999998,8447.039999999985,4544.0,2023-09-11T13:15:00-04:00,0.44999999999999973,9147.039999999985,4548.0,2023-09-11T13:19:00-04:00,0.375,9297.039999999985,4549.0,2023-09-11T13:20:00-04:00,0.3500000000000001,9347.039999999983,4545.0,2023-09-11T13:16:00-04:00,0.5249999999999999,8997.039999999985,1290
2023-09-08,2023-09-11,3,6.0,2023-09-08T09:31:00-04:00,5.8500000000000085,NDXP  230911P15350000,NDXP  230911P15340000,development,False,False,0,0,0,7,0,788,available,False,2023-09-08T09:31:00-04:00,2023-09-11T16:00:00-04:00,0.0,11447.040000000019,0.0,last_observed_quote_not_settlement,3916.0,140,19,5.699999999999989,47.0400000000405,2023-09-08T09:32:00-04:00,0.0,5.699999999999989,47.0400000000405,2023-09-08T09:33:00-04:00,0.0,5.050000000000011,1347.039999999995,2023-09-08T09:36:00-04:00,0.0,4.699999999999989,2047.0400000000404,2023-09-08T09:41:00-04:00,0.0,4.550000000000011,2347.039999999995,2023-09-08T09:46:00-04:00,0.0,5.25,947.0400000000177,2023-09-08T10:01:00-04:00,0.0,4.100000000000001,3247.040000000015,2023-09-08T10:31:00-04:00,0.0,4.750000000000014,1947.0399999999893,2023-09-08T11:31:00-04:00,0.0,6.300000000000011,-1152.960000000005,2023-09-08T16:00:00-04:00,0.0,,,2023-09-08T16:15:00-04:00,85500.0,,,2023-09-08T16:15:00-04:00,171900.0,0.0,11447.040000000019,2023-09-11T16:00:00-04:00,0.0,3.0,hit,6.0,hit,4320.0,hit,4320.0,hit,4323.0,hit,4551.0,hit,4566.0,hit,102.0,hit,328.0,hit,328.0,hit,348.0,hit,,never_hit,,never_hit,8.450000000000003,140,True,True,False,False,,8.450000000000003,140,True,True,False,False,,8.450000000000003,140,True,True,False,False,,8.450000000000003,140,True,True,False,False,,4320.0,2023-09-11T09:31:00-04:00,2.25,6947.040000000018,4321.0,2023-09-11T09:32:00-04:00,2.5,6447.040000000018,4322.0,2023-09-11T09:33:00-04:00,2.200000000000001,7047.040000000015,4321.0,2023-09-11T09:32:00-04:00,2.5,6447.040000000018,4323.0,2023-09-11T09:34:00-04:00,1.8999999999999986,7647.040000000021,4535.0,2023-09-11T13:06:00-04:00,1.5999999999999996,8247.040000000019,4536.0,2023-09-11T13:07:00-04:00,1.6999999999999993,8047.040000000019,4324.0,2023-09-11T09:35:00-04:00,2.2499999999999982,6947.040000000021,4551.0,2023-09-11T13:22:00-04:00,0.7999999999999998,9847.040000000019,4552.0,2023-09-11T13:23:00-04:00,0.8500000000000001,9747.040000000017,4553.0,2023-09-11T13:24:00-04:00,0.8999999999999995,9647.040000000019,4552.0,2023-09-11T13:23:00-04:00,0.8500000000000001,9747.040000000017,4567.0,2023-09-11T13:38:00-04:00,0.4249999999999998,10597.040000000019,4568.0,2023-09-11T13:39:00-04:00,0.42500000000000004,10597.040000000019,4569.0,2023-09-11T13:40:00-04:00,0.44999999999999996,10547.040000000019,4568.0,2023-09-11T13:39:00-04:00,0.42500000000000004,10597.040000000019,1291
2023-09-08,2023-09-11,3,7.0,2023-09-08T09:31:00-04:00,6.949999999999989,NDXP  230911P15400000,NDXP  230911P15390000,development,False,False,0,0,0,10,0,785,available,False,2023-09-08T09:31:00-04:00,2023-09-11T15:52:00-04:00,0.024999999999999994,13597.039999999979,8.0,last_observed_quote_not_settlement,3916.0,245,57,6.650000000000006,347.0399999999666,2023-09-08T09:32:00-04:00,0.0,6.400000000000006,847.0399999999665,2023-09-08T09:33:00-04:00,0.0,6.299999999999997,1047.0399999999836,2023-09-08T09:36:00-04:00,0.0,5.699999999999989,2247.040000000001,2023-09-08T09:41:00-04:00,0.0,5.900000000000006,1847.0399999999665,2023-09-08T09:46:00-04:00,0.0,6.300000000000011,1047.0399999999552,2023-09-08T10:01:00-04:00,0.0,5.299999999999997,3047.0399999999836,2023-09-08T10:31:00-04:00,0.0,6.0,1647.039999999978,2023-09-08T11:31:00-04:00,0.0,6.950000000000003,-252.96000000002772,2023-09-08T16:00:00-04:00,0.0,,,2023-09-08T16:15:00-04:00,85500.0,,,2023-09-08T16:15:00-04:00,171900.0,,,2023-09-11T15:52:00-04:00,480.0,21.0,hit,4320.0,hit,4320.0,hit,4551.0,hit,4560.0,hit,4584.0,hit,4616.0,hit,92.0,hit,92.0,hit,27.0,hit,92.0,hit,,never_hit,,never_hit,8.900000000000006,245,True,True,False,False,,8.900000000000006,245,True,True,False,False,,8.900000000000006,245,True,True,False,False,,8.900000000000006,245,True,True,False,False,,4557.0,2023-09-11T13:28:00-04:00,2.9499999999999993,7747.039999999979,4558.0,2023-09-11T13:29:00-04:00,2.849999999999998,7947.039999999982,4559.0,2023-09-11T13:30:00-04:00,2.4000000000000004,8847.039999999979,4558.0,2023-09-11T13:29:00-04:00,2.849999999999998,7947.039999999982,4563.0,2023-09-11T13:34:00-04:00,1.9499999999999993,9747.03999999998,4564.0,2023-09-11T13:35:00-04:00,1.9499999999999993,9747.03999999998,4565.0,2023-09-11T13:36:00-04:00,1.9500000000000002,9747.039999999979,4564.0,2023-09-11T13:35:00-04:00,1.9499999999999993,9747.03999999998,4589.0,2023-09-11T14:00:00-04:00,0.9249999999999998,11797.039999999979,4590.0,2023-09-11T14:01:00-04:00,0.8999999999999999,11847.039999999979,4591.0,2023-09-11T14:02:00-04:00,0.9249999999999998,11797.039999999979,4590.0,2023-09-11T14:01:00-04:00,0.8999999999999999,11847.039999999979,4621.0,2023-09-11T14:32:00-04:00,0.40000000000000036,12847.039999999979,4622.0,2023-09-11T14:33:00-04:00,0.375,12897.039999999979,4623.0,2023-09-11T14:34:00-04:00,0.40000000000000013,12847.039999999979,4622.0,2023-09-11T14:33:00-04:00,0.375,12897.039999999979,1292
2023-09-11,2023-09-13,2,5.0,2023-09-11T09:31:00-04:00,5.049999999999983,NDXP  230913P15460000,NDXP  230913P15450000,development,False,False,0,0,0,35,15,1165,available,False,2023-09-11T09:31:00-04:00,2023-09-13T16:00:00-04:00,9.950000000000003,-10052.960000000034,0.0,last_observed_quote_not_settlement,1036.0,960,31,5.1000000000000085,-352.96000000005046,2023-09-11T09:32:00-04:00,0.0,5.049999999999983,-252.9599999999993,2023-09-11T09:33:00-04:00,0.0,5.049999999999983,-252.9599999999993,2023-09-11T09:36:00-04:00,0.0,4.25,1347.0399999999665,2023-09-11T09:41:00-04:00,0.0,5.75,-1652.9600000000335,2023-09-11T09:46:00-04:00,0.0,7.300000000000011,-4752.960000000056,2023-09-11T10:01:00-04:00,0.0,7.550000000000011,-5252.960000000056,2023-09-11T10:31:00-04:00,0.0,6.900000000000006,-3952.9600000000446,2023-09-11T11:31:00-04:00,0.0,4.449999999999989,947.0399999999893,2023-09-11T16:00:00-04:00,0.0,8.599999999999994,-7352.960000000024,2023-09-12T16:00:00-04:00,0.0,9.950000000000003,-10052.960000000034,2023-09-13T16:00:00-04:00,0.0,,,,,0.0,hit,3.0,hit,,never_hit,,never_hit,,never_hit,,never_hit,,never_hit,7.0,hit,11.0,hit,16.0,hit,17.0,hit,32.0,hit,32.0,hit,,,True,True,True,False,0.9999999999999716,,,True,True,True,False,0.9999999999999716,,,True,True,True,False,0.9999999999999716,,,True,True,True,False,0.9999999999999716,,,,,,,,,,,,,,,,,,,,,,,,,,,,,,,,,,,,,,,,,,,,,,,,,,,,,,,,,,,,,,,,,1293
2023-09-11,2023-09-13,2,6.0,2023-09-11T09:31:00-04:00,6.050000000000011,NDXP  230913P15520000,NDXP  230913P15510000,development,False,False,0,0,0,33,15,1167,available,False,2023-09-11T09:31:00-04:00,2023-09-13T16:00:00-04:00,9.699999999999989,-7552.9599999999555,0.0,last_observed_quote_not_settlement,1036.0,974,19,6.100000000000023,-352.96000000002203,2023-09-11T09:32:00-04:00,0.0,6.050000000000011,-252.9599999999993,2023-09-11T09:33:00-04:00,0.0,6.100000000000023,-352.96000000002203,2023-09-11T09:36:00-04:00,0.0,7.25,-2652.9599999999764,2023-09-11T09:41:00-04:00,0.0,6.949999999999989,-2052.9599999999537,2023-09-11T09:46:00-04:00,0.0,6.849999999999994,-1852.9599999999652,2023-09-11T10:01:00-04:00,0.0,8.150000000000034,-4452.960000000046,2023-09-11T10:31:00-04:00,0.0,6.899999999999977,-1952.9599999999311,2023-09-11T11:31:00-04:00,0.0,8.200000000000003,-4552.959999999984,2023-09-11T16:00:00-04:00,0.0,9.050000000000011,-6252.960000000001,2023-09-12T16:00:00-04:00,0.0,9.699999999999989,-7552.9599999999555,2023-09-13T16:00:00-04:00,0.0,,,,,6.0,hit,,never_hit,,never_hit,,never_hit,,never_hit,,never_hit,,never_hit,8.0,hit,9.0,hit,9.0,hit,20.0,hit,1728.0,hit,1770.0,hit,,,True,True,True,False,0.8500000000000227,,,True,True,True,False,0.8500000000000227,,,True,True,True,False,0.8500000000000227,,,True,True,True,False,0.8500000000000227,,,,,,,,,,,,,,,,,,,,,,,,,,,,,,,,,,,,,,,,,,,,,,,,,,,,,,,,,,,,,,,,,1294
2023-09-11,2023-09-13,2,7.0,2023-09-11T09:31:00-04:00,7.049999999999983,NDXP  230913P15570000,NDXP  230913P15560000,development,False,False,0,0,0,48,15,1152,available,False,2023-09-11T09:31:00-04:00,2023-09-13T16:00:00-04:00,9.699999999999989,-5552.960000000013,0.0,last_observed_quote_not_settlement,1037.0,948,37,7.600000000000023,-1352.960000000079,2023-09-11T09:32:00-04:00,0.0,7.25,-652.9600000000335,2023-09-11T09:33:00-04:00,0.0,7.2999999999999545,-752.9599999999425,2023-09-11T09:36:00-04:00,0.0,7.849999999999994,-1852.960000000022,2023-09-11T09:41:00-04:00,0.0,8.149999999999977,-2452.9599999999896,2023-09-11T09:46:00-04:00,0.0,7.450000000000017,-1052.9600000000676,2023-09-11T10:01:00-04:00,0.0,8.199999999999989,-2552.9600000000123,2023-09-11T10:31:00-04:00,0.0,8.0,-2152.960000000035,2023-09-11T11:31:00-04:00,0.0,6.75,347.0399999999666,2023-09-11T16:00:00-04:00,0.0,8.699999999999932,-3552.9599999998986,2023-09-12T16:00:00-04:00,0.0,9.699999999999989,-5552.960000000013,2023-09-13T16:00:00-04:00,0.0,,,,,,never_hit,,never_hit,,never_hit,,never_hit,,never_hit,,never_hit,,never_hit,1.0,hit,9.0,hit,0.0,hit,9.0,hit,108.0,hit,1699.0,hit,,,True,True,True,False,1.09999999999998,,,True,True,True,False,1.09999999999998,,,True,True,True,False,1.09999999999998,,,True,True,True,False,1.09999999999998,,,,,,,,,,,,,,,,,,,,,,,,,,,,,,,,,,,,,,,,,,,,,,,,,,,,,,,,,,,,,,,,,1295
2023-09-11,2023-09-14,3,5.0,2023-09-11T09:31:00-04:00,5.000000000000014,NDXP  230914P15470000,NDXP  230914P15460000,development,False,False,0,0,0,0,0,1605,available,False,2023-09-11T09:31:00-04:00,2023-09-14T16:00:00-04:00,4.8999999999999995,-52.9599999999698,0.0,last_observed_quote_not_settlement,1036.0,1123,38,5.099999999999994,-452.9599999999595,2023-09-11T09:32:00-04:00,0.0,4.950000000000003,-152.95999999997656,2023-09-11T09:33:00-04:00,0.0,5.0,-252.95999999997088,2023-09-11T09:36:00-04:00,0.0,5.899999999999977,-2052.9599999999255,2023-09-11T09:41:00-04:00,0.0,6.0,-2252.959999999971,2023-09-11T09:46:00-04:00,0.0,5.899999999999977,-2052.9599999999255,2023-09-11T10:01:00-04:00,0.0,6.849999999999994,-3952.9599999999596,2023-09-11T10:31:00-04:00,0.0,5.900000000000034,-2052.960000000039,2023-09-11T11:31:00-04:00,0.0,6.049999999999997,-2352.959999999965,2023-09-11T16:00:00-04:00,0.0,8.099999999999994,-6452.959999999961,2023-09-12T16:00:00-04:00,0.0,7.8999999999999915,-6052.959999999954,2023-09-13T16:00:00-04:00,0.0,4.8999999999999995,-52.9599999999698,2023-09-14T16:00:00-04:00,0.0,0.0,hit,2.0,hit,4414.0,hit,4420.0,hit,4565.0,hit,4655.0,hit,4708.0,hit,8.0,hit,9.0,hit,9.0,hit,9.0,hit,1676.0,hit,4366.0,hit,9.650000000000006,1105,True,True,True,True,,9.650000000000006,1118,True,True,True,True,,9.650000000000006,1123,True,True,True,True,,9.650000000000006,1123,True,True,True,True,,4485.0,2023-09-14T12:16:00-04:00,2.900000000000002,3947.040000000025,4522.0,2023-09-14T12:53:00-04:00,2.75,4247.040000000029,4523.0,2023-09-14T12:54:00-04:00,2.5999999999999996,4547.04000000003,4486.0,2023-09-14T12:17:00-04:00,3.200000000000003,3347.0400000000236,4569.0,2023-09-14T13:40:00-04:00,1.9499999999999993,5847.040000000031,4652.0,2023-09-14T15:03:00-04:00,1.4000000000000004,6947.040000000028,4653.0,2023-09-14T15:04:00-04:00,1.2249999999999996,7297.04000000003,4570.0,2023-09-14T13:41:00-04:00,2.3000000000000007,5147.040000000027,4655.0,2023-09-14T15:06:00-04:00,0.8500000000000001,8047.040000000028,4656.0,2023-09-14T15:07:00-04:00,0.8500000000000001,8047.040000000028,4657.0,2023-09-14T15:08:00-04:00,0.7749999999999999,8197.04000000003,4656.0,2023-09-14T15:07:00-04:00,0.8500000000000001,8047.040000000028,4708.0,2023-09-14T15:59:00-04:00,0.44999999999999996,8847.04000000003,,,,,,,,,4709.0,2023-09-14T16:00:00-04:00,4.8999999999999995,-52.9599999999698,1296
2023-09-11,2023-09-14,3,6.0,2023-09-11T09:31:00-04:00,6.050000000000011,NDXP  230914P15540000,NDXP  230914P15530000,development,False,False,0,0,0,18,0,1587,available,False,2023-09-11T09:31:00-04:00,2023-09-14T16:00:00-04:00,10.0,-8052.959999999977,0.0,last_observed_quote_not_settlement,1036.0,1400,26,6.050000000000011,-252.9599999999993,2023-09-11T09:32:00-04:00,0.0,6.0,-152.95999999997656,2023-09-11T09:33:00-04:00,0.0,5.650000000000034,547.0399999999552,2023-09-11T09:36:00-04:00,0.0,6.649999999999977,-1452.9599999999311,2023-09-11T09:41:00-04:00,0.0,7.200000000000017,-2552.9600000000105,2023-09-11T09:46:00-04:00,0.0,7.149999999999977,-2452.959999999931,2023-09-11T10:01:00-04:00,0.0,7.449999999999989,-3052.9599999999537,2023-09-11T10:31:00-04:00,0.0,6.900000000000006,-1952.959999999988,2023-09-11T11:31:00-04:00,0.0,3.950000000000017,3947.0399999999895,2023-09-11T16:00:00-04:00,0.0,8.449999999999989,-5052.9599999999555,2023-09-12T16:00:00-04:00,0.0,,,2023-09-13T15:59:00-04:00,60.0,10.0,-8052.959999999977,2023-09-14T16:00:00-04:00,0.0,352.0,hit,379.0,hit,389.0,hit,,never_hit,,never_hit,,never_hit,,never_hit,6.0,hit,7.0,hit,7.0,hit,35.0,hit,1604.0,hit,1604.0,hit,,,True,True,True,False,2.0999999999999943,,,True,True,True,False,2.0999999999999943,,,True,True,True,False,2.0999999999999943,,,True,True,True,False,2.0999999999999943,,,,,,,,,,,,,,,,,,,,,,,,,,,,,,,,,,,,,,,,,,,,,,,,,,,,,,,,,,,,,,,,,1297
2023-09-11,2023-09-14,3,7.0,2023-09-11T09:31:00-04:00,7.0,NDXP  230914P15570000,NDXP  230914P15560000,development,False,False,0,0,0,32,0,1573,available,False,2023-09-11T09:31:00-04:00,2023-09-14T16:00:00-04:00,10.0,-6152.96,0.0,last_observed_quote_not_settlement,1036.0,1299,70,6.449999999999989,847.0400000000234,2023-09-11T09:32:00-04:00,0.0,6.399999999999977,947.0400000000461,2023-09-11T09:33:00-04:00,0.0,6.550000000000011,647.0399999999779,2023-09-11T09:36:00-04:00,0.0,7.5,-1252.9599999999994,2023-09-11T09:41:00-04:00,0.0,7.849999999999994,-1952.959999999988,2023-09-11T09:46:00-04:00,0.0,7.650000000000006,-1552.9600000000107,2023-09-11T10:01:00-04:00,0.0,7.399999999999977,-1052.9599999999539,2023-09-11T10:31:00-04:00,0.0,6.950000000000017,-152.9600000000334,2023-09-11T11:31:00-04:00,0.0,5.75,2247.040000000001,2023-09-11T16:00:00-04:00,0.0,8.649999999999977,-3552.9599999999555,2023-09-12T16:00:00-04:00,0.0,,,2023-09-13T15:59:00-04:00,60.0,10.0,-6152.96,2023-09-14T16:00:00-04:00,0.0,375.0,hit,394.0,hit,,never_hit,,never_hit,,never_hit,,never_hit,,never_hit,10.0,hit,20.0,hit,0.0,hit,20.0,hit,1545.0,hit,2916.0,hit,,,True,True,True,False,2.5999999999999943,,,True,True,True,False,2.5999999999999943,,,True,True,True,False,2.5999999999999943,,,True,True,True,False,2.5999999999999943,,,,,,,,,,,,,,,,,,,,,,,,,,,,,,,,,,,,,,,,,,,,,,,,,,,,,,,,,,,,,,,,,1298
2023-09-12,2023-09-14,2,5.0,2023-09-12T09:31:00-04:00,5.0,NDXP  230914P15480000,NDXP  230914P15470000,development,False,False,0,0,1,0,0,1199,available,False,2023-09-12T09:31:00-04:00,2023-09-14T15:59:00-04:00,3.8499999999999996,2047.0400000000013,1.0,last_observed_quote_not_settlement,1036.0,944,43,5.900000000000006,-2052.9600000000105,2023-09-12T09:32:00-04:00,0.0,5.799999999999997,-1852.9599999999937,2023-09-12T09:33:00-04:00,0.0,5.899999999999977,-2052.9599999999537,2023-09-12T09:36:00-04:00,0.0,5.249999999999986,-752.9599999999709,2023-09-12T09:41:00-04:00,0.0,5.699999999999989,-1652.9599999999766,2023-09-12T09:46:00-04:00,0.0,5.200000000000017,-652.9600000000335,2023-09-12T10:01:00-04:00,0.0,6.049999999999983,-2352.959999999965,2023-09-12T10:31:00-04:00,0.0,6.949999999999989,-4152.959999999976,2023-09-12T11:31:00-04:00,0.0,7.050000000000011,-4352.960000000022,2023-09-12T16:00:00-04:00,0.0,8.15000000000002,-6552.960000000041,2023-09-13T16:00:00-04:00,0.0,,,2023-09-14T15:59:00-04:00,60.0,,,,,0.0,hit,0.0,hit,236.0,hit,3084.0,hit,3213.0,hit,3222.0,hit,,never_hit,1.0,hit,55.0,hit,74.0,hit,328.0,hit,1479.0,hit,1483.0,hit,9.550000000000011,918,True,True,True,True,,9.550000000000011,940,True,True,True,True,,9.550000000000011,940,True,True,True,True,,,,True,True,True,False,4.0,3084.0,2023-09-14T12:55:00-04:00,2.8500000000000014,4047.039999999998,3085.0,2023-09-14T12:56:00-04:00,2.8000000000000007,4147.039999999999,3086.0,2023-09-14T12:57:00-04:00,2.6999999999999993,4347.040000000002,3085.0,2023-09-14T12:56:00-04:00,2.8000000000000007,4147.039999999999,3213.0,2023-09-14T15:04:00-04:00,1.7999999999999998,6147.040000000001,3214.0,2023-09-14T15:05:00-04:00,1.65,6447.04,3215.0,2023-09-14T15:06:00-04:00,1.4500000000000002,6847.04,3214.0,2023-09-14T15:05:00-04:00,1.65,6447.04,,,,,,,,,,,,,,,,,,,,,,,,,,,,,,,,,1299
2023-09-12,2023-09-14,2,6.0,2023-09-12T09:31:00-04:00,6.050000000000011,NDXP  230914P15460000,NDXP  230914P15450000,development,False,False,0,0,0,0,0,1200,available,False,2023-09-12T09:31:00-04:00,2023-09-14T16:00:00-04:00,0.0,11847.040000000025,0.0,last_observed_quote_not_settlement,1036.0,675,94,5.449999999999989,947.0400000000461,2023-09-12T09:32:00-04:00,0.0,5.6499999999999915,547.0400000000404,2023-09-12T09:33:00-04:00,0.0,5.25,1347.0400000000234,2023-09-12T09:36:00-04:00,0.0,4.999999999999986,1847.0400000000518,2023-09-12T09:41:00-04:00,0.0,5.0,1847.0400000000234,2023-09-12T09:46:00-04:00,0.0,4.900000000000006,2047.0400000000122,2023-09-12T10:01:00-04:00,0.0,5.900000000000006,47.04000000001208,2023-09-12T10:31:00-04:00,0.0,7.200000000000017,-2552.9600000000105,2023-09-12T11:31:00-04:00,0.0,7.499999999999972,-3152.9599999999195,2023-09-12T16:00:00-04:00,0.0,7.650000000000006,-3452.9599999999878,2023-09-13T16:00:00-04:00,0.0,0.0,11847.040000000025,2023-09-14T16:00:00-04:00,0.0,,,,,1.0,hit,10.0,hit,2961.0,hit,2977.0,hit,3086.0,hit,3211.0,hit,3216.0,hit,69.0,hit,90.0,hit,90.0,hit,367.0,hit,2929.0,hit,,never_hit,9.0,675,True,True,True,True,,9.0,675,True,True,True,True,,9.0,675,True,True,True,True,,9.0,675,True,True,True,True,,2977.0,2023-09-14T11:08:00-04:00,2.8999999999999986,6047.040000000026,2978.0,2023-09-14T11:09:00-04:00,2.849999999999998,6147.040000000027,2979.0,2023-09-14T11:10:00-04:00,2.849999999999998,6147.040000000027,2978.0,2023-09-14T11:09:00-04:00,2.849999999999998,6147.040000000027,3087.0,2023-09-14T12:58:00-04:00,1.9000000000000004,8047.040000000023,3121.0,2023-09-14T13:32:00-04:00,1.6500000000000004,8547.040000000023,3122.0,2023-09-14T13:33:00-04:00,1.6999999999999993,8447.040000000026,3088.0,2023-09-14T12:59:00-04:00,1.950000000000001,7947.040000000021,3211.0,2023-09-14T15:02:00-04:00,0.875,10097.040000000025,3212.0,2023-09-14T15:03:00-04:00,0.9249999999999998,9997.040000000025,3213.0,2023-09-14T15:04:00-04:00,0.7000000000000002,10447.040000000025,3212.0,2023-09-14T15:03:00-04:00,0.9249999999999998,9997.040000000025,3217.0,2023-09-14T15:08:00-04:00,0.40000000000000013,11047.040000000023,3224.0,2023-09-14T15:15:00-04:00,0.44999999999999984,10947.040000000025,3267.0,2023-09-14T15:58:00-04:00,0.175,11497.040000000025,3218.0,2023-09-14T15:09:00-04:00,0.5250000000000001,10797.040000000023,1300
2023-09-12,2023-09-14,2,7.0,2023-09-12T09:31:00-04:00,6.900000000000006,NDXP  230914P15520000,NDXP  230914P15510000,development,False,False,0,0,0,12,0,1188,available,False,2023-09-12T09:31:00-04:00,2023-09-14T16:00:00-04:00,10.0,-6352.959999999988,0.0,last_observed_quote_not_settlement,1036.0,970,72,7.25,-952.959999999988,2023-09-12T09:32:00-04:00,0.0,6.0,1547.040000000012,2023-09-12T09:33:00-04:00,0.0,7.150000000000006,-752.9599999999994,2023-09-12T09:36:00-04:00,0.0,5.700000000000017,2147.039999999978,2023-09-12T09:41:00-04:00,0.0,6.900000000000034,-252.96000000005614,2023-09-12T09:46:00-04:00,0.0,6.0,1547.040000000012,2023-09-12T10:01:00-04:00,0.0,6.599999999999994,347.04000000002344,2023-09-12T10:31:00-04:00,0.0,6.849999999999994,-152.95999999997656,2023-09-12T11:31:00-04:00,0.0,9.700000000000017,-5852.960000000024,2023-09-12T16:00:00-04:00,0.0,8.949999999999989,-4352.959999999967,2023-09-13T16:00:00-04:00,0.0,10.0,-6352.959999999988,2023-09-14T16:00:00-04:00,0.0,,,,,12.0,hit,14.0,hit,,never_hit,,never_hit,,never_hit,,never_hit,,never_hit,58.0,hit,58.0,hit,1.0,hit,58.0,hit,375.0,hit,389.0,hit,,,True,True,True,False,2.5500000000000114,,,True,True,True,False,2.5500000000000114,,,True,True,True,False,2.5500000000000114,,,True,True,True,False,2.5500000000000114,,,,,,,,,,,,,,,,,,,,,,,,,,,,,,,,,,,,,,,,,,,,,,,,,,,,,,,,,,,,,,,,,1301
2023-09-15,2023-09-18,3,5.0,2023-09-15T09:31:00-04:00,5.049999999999983,NDXP  230918P15470000,NDXP  230918P15460000,development,False,False,0,0,0,103,0,692,available,False,2023-09-15T09:31:00-04:00,2023-09-18T16:00:00-04:00,9.5,-9152.960000000034,0.0,last_observed_quote_not_settlement,3916.0,610,0,5.650000000000006,-1452.9600000000448,2023-09-15T09:32:00-04:00,0.0,6.75,-3652.9600000000332,2023-09-15T09:33:00-04:00,0.0,6.200000000000003,-2552.960000000039,2023-09-15T09:36:00-04:00,0.0,6.849999999999994,-3852.960000000022,2023-09-15T09:41:00-04:00,0.0,6.699999999999989,-3552.9600000000105,2023-09-15T09:46:00-04:00,0.0,8.25,-6652.9600000000355,2023-09-15T10:01:00-04:00,0.0,8.450000000000017,-7052.960000000069,2023-09-15T10:31:00-04:00,0.0,8.150000000000034,-6452.960000000104,2023-09-15T11:31:00-04:00,0.0,9.850000000000023,-9852.96000000008,2023-09-15T16:00:00-04:00,0.0,,,2023-09-15T16:15:00-04:00,85500.0,,,2023-09-15T16:15:00-04:00,171900.0,9.5,-9152.960000000034,2023-09-18T16:00:00-04:00,0.0,0.0,hit,,never_hit,,never_hit,,never_hit,,never_hit,,never_hit,,never_hit,1.0,hit,2.0,hit,11.0,hit,17.0,hit,59.0,hit,112.0,hit,,,True,True,True,False,0.0,,,True,True,True,False,0.0,,,True,True,True,False,0.0,,,True,True,True,False,0.0,,,,,,,,,,,,,,,,,,,,,,,,,,,,,,,,,,,,,,,,,,,,,,,,,,,,,,,,,,,,,,,,,1302
2023-09-15,2023-09-18,3,6.0,2023-09-15T09:31:00-04:00,5.999999999999986,NDXP  230918P15500000,NDXP  230918P15490000,development,False,False,0,0,0,132,0,663,available,False,2023-09-15T09:31:00-04:00,2023-09-18T15:57:00-04:00,8.399999999999977,-5052.959999999984,3.0,last_observed_quote_not_settlement,3916.0,567,0,6.3500000000000085,-952.9600000000448,2023-09-15T09:32:00-04:00,0.0,6.949999999999989,-2152.960000000005,2023-09-15T09:33:00-04:00,0.0,6.599999999999994,-1452.9600000000164,2023-09-15T09:36:00-04:00,0.0,7.299999999999983,-2852.9599999999937,2023-09-15T09:41:00-04:00,0.0,7.5,-3252.960000000028,2023-09-15T09:46:00-04:00,0.0,8.550000000000011,-5352.960000000052,2023-09-15T10:01:00-04:00,0.0,8.449999999999989,-5152.960000000006,2023-09-15T10:31:00-04:00,0.0,9.899999999999977,-8052.959999999984,2023-09-15T11:31:00-04:00,0.0,9.900000000000034,-8052.960000000097,2023-09-15T16:00:00-04:00,0.0,,,2023-09-15T16:15:00-04:00,85500.0,,,2023-09-15T16:15:00-04:00,171900.0,,,2023-09-18T15:57:00-04:00,180.0,,never_hit,,never_hit,,never_hit,,never_hit,,never_hit,,never_hit,,never_hit,2.0,hit,3.0,hit,3.0,hit,9.0,hit,32.0,hit,58.0,hit,,,True,True,True,False,0.0,,,True,True,True,False,0.0,,,True,True,True,False,0.0,,,True,True,True,False,0.0,,,,,,,,,,,,,,,,,,,,,,,,,,,,,,,,,,,,,,,,,,,,,,,,,,,,,,,,,,,,,,,,,1303
2023-09-15,2023-09-18,3,7.0,2023-09-15T09:31:00-04:00,7.050000000000011,NDXP  230918P15510000,NDXP  230918P15500000,development,False,False,0,0,0,137,0,658,available,False,2023-09-15T09:31:00-04:00,2023-09-18T16:00:00-04:00,8.5,-3152.959999999978,0.0,last_observed_quote_not_settlement,3917.0,566,3,6.5,847.0400000000234,2023-09-15T09:32:00-04:00,0.0,7.450000000000017,-1052.9600000000107,2023-09-15T09:33:00-04:00,0.0,7.450000000000017,-1052.9600000000107,2023-09-15T09:36:00-04:00,0.0,7.600000000000023,-1352.960000000022,2023-09-15T09:41:00-04:00,0.0,8.550000000000011,-3252.960000000001,2023-09-15T09:46:00-04:00,0.0,8.349999999999994,-2852.959999999967,2023-09-15T10:01:00-04:00,0.0,9.000000000000028,-4152.9600000000355,2023-09-15T10:31:00-04:00,0.0,9.250000000000057,-4652.960000000092,2023-09-15T11:31:00-04:00,0.0,9.5,-5152.959999999978,2023-09-15T16:00:00-04:00,0.0,,,2023-09-15T16:14:00-04:00,85560.0,,,2023-09-15T16:14:00-04:00,171960.0,8.5,-3152.959999999978,2023-09-18T16:00:00-04:00,0.0,,never_hit,,never_hit,,never_hit,,never_hit,,never_hit,,never_hit,,never_hit,4.0,hit,13.0,hit,0.0,hit,13.0,hit,34.0,hit,35.0,hit,,,True,True,True,False,0.5500000000000114,,,True,True,True,False,0.5500000000000114,,,True,True,True,False,0.5500000000000114,,,True,True,True,False,0.5500000000000114,,,,,,,,,,,,,,,,,,,,,,,,,,,,,,,,,,,,,,,,,,,,,,,,,,,,,,,,,,,,,,,,,1304
2023-09-18,2023-09-20,2,5.0,2023-09-18T09:31:00-04:00,5.099999999999994,NDXP  230920P15210000,NDXP  230920P15200000,development,False,False,0,0,0,15,15,1184,available,False,2023-09-18T09:31:00-04:00,2023-09-20T16:00:00-04:00,10.0,-9952.96000000001,0.0,last_observed_quote_not_settlement,1036.0,681,38,4.499999999999986,947.0400000000177,2023-09-18T09:32:00-04:00,0.0,4.799999999999997,347.039999999995,2023-09-18T09:33:00-04:00,0.0,4.300000000000011,1347.0399999999665,2023-09-18T09:36:00-04:00,0.0,4.450000000000017,1047.0399999999552,2023-09-18T09:41:00-04:00,0.0,4.799999999999997,347.039999999995,2023-09-18T09:46:00-04:00,0.0,4.650000000000006,647.0399999999779,2023-09-18T10:01:00-04:00,0.0,4.3500000000000085,1247.0399999999722,2023-09-18T10:31:00-04:00,0.0,4.0,1947.0399999999893,2023-09-18T11:31:00-04:00,0.0,3.5500000000000114,2847.0399999999668,2023-09-18T16:00:00-04:00,0.0,5.450000000000003,-952.9600000000164,2023-09-19T16:00:00-04:00,0.0,10.0,-9952.96000000001,2023-09-20T16:00:00-04:00,0.0,,,,,0.0,hit,1.0,hit,6.0,hit,121.0,hit,,never_hit,,never_hit,,never_hit,216.0,hit,216.0,hit,216.0,hit,1508.0,hit,3202.0,hit,3217.0,hit,5.150000000000006,1,False,False,False,False,,,,True,True,True,False,2.549999999999997,,,True,True,True,False,2.549999999999997,,,True,True,True,False,2.549999999999997,121.0,2023-09-18T11:32:00-04:00,2.549999999999997,4847.039999999995,,,,,,,,,122.0,2023-09-18T11:33:00-04:00,3.799999999999997,2347.039999999995,,,,,,,,,,,,,,,,,,,,,,,,,,,,,,,,,,,,,,,,,,,,,,,,,1305
2023-09-18,2023-09-20,2,6.0,2023-09-18T09:31:00-04:00,6.0,NDXP  230920P15270000,NDXP  230920P15260000,development,False,False,0,0,0,16,15,1183,available,False,2023-09-18T09:31:00-04:00,2023-09-20T16:00:00-04:00,10.0,-8152.96,0.0,last_observed_quote_not_settlement,1036.0,741,35,5.450000000000017,847.0399999999665,2023-09-18T09:32:00-04:00,0.0,5.700000000000017,347.0399999999666,2023-09-18T09:33:00-04:00,0.0,5.299999999999983,1147.0400000000348,2023-09-18T09:36:00-04:00,0.0,5.25,1247.0400000000006,2023-09-18T09:41:00-04:00,0.0,5.200000000000017,1347.0399999999665,2023-09-18T09:46:00-04:00,0.0,5.5,747.0400000000006,2023-09-18T10:01:00-04:00,0.0,5.400000000000006,947.0399999999893,2023-09-18T10:31:00-04:00,0.0,5.150000000000006,1447.0399999999893,2023-09-18T11:31:00-04:00,0.0,5.449999999999989,847.0400000000234,2023-09-18T16:00:00-04:00,0.0,7.5,-3252.959999999999,2023-09-19T16:00:00-04:00,0.0,10.0,-8152.96,2023-09-20T16:00:00-04:00,0.0,,,,,1.0,hit,6.0,hit,393.0,hit,,never_hit,,never_hit,,never_hit,,never_hit,374.0,hit,1443.0,hit,1443.0,hit,1467.0,hit,3150.0,hit,3191.0,hit,,,True,True,True,False,2.700000000000003,,,True,True,True,False,2.700000000000003,,,True,True,True,False,2.700000000000003,,,True,True,True,False,2.700000000000003,,,,,,,,,,,,,,,,,,,,,,,,,,,,,,,,,,,,,,,,,,,,,,,,,,,,,,,,,,,,,,,,,1306
2023-09-18,2023-09-20,2,7.0,2023-09-18T09:31:00-04:00,6.949999999999989,NDXP  230920P15320000,NDXP  230920P15310000,development,False,False,0,0,0,27,15,1172,available,False,2023-09-18T09:31:00-04:00,2023-09-20T16:00:00-04:00,10.0,-6252.960000000023,0.0,last_observed_quote_not_settlement,1036.0,740,41,6.599999999999994,447.03999999998933,2023-09-18T09:32:00-04:00,0.0,6.25,1147.039999999978,2023-09-18T09:33:00-04:00,0.0,6.150000000000034,1347.0399999999097,2023-09-18T09:36:00-04:00,0.0,6.499999999999972,647.0400000000348,2023-09-18T09:41:00-04:00,0.0,7.050000000000011,-452.9600000000448,2023-09-18T09:46:00-04:00,0.0,6.499999999999972,647.0400000000348,2023-09-18T10:01:00-04:00,0.0,6.649999999999977,347.04000000002344,2023-09-18T10:31:00-04:00,0.0,6.0,1647.039999999978,2023-09-18T11:31:00-04:00,0.0,5.850000000000023,1947.0399999999324,2023-09-18T16:00:00-04:00,0.0,7.350000000000023,-1052.9600000000676,2023-09-19T16:00:00-04:00,0.0,10.0,-6252.960000000023,2023-09-20T16:00:00-04:00,0.0,,,,,9.0,hit,26.0,hit,125.0,hit,,never_hit,,never_hit,,never_hit,,never_hit,81.0,hit,1443.0,hit,15.0,hit,1443.0,hit,1508.0,hit,1508.0,hit,,,True,True,True,False,3.3000000000000114,,,True,True,True,False,3.3000000000000114,,,True,True,True,False,3.3000000000000114,,,True,True,True,False,3.3000000000000114,,,,,,,,,,,,,,,,,,,,,,,,,,,,,,,,,,,,,,,,,,,,,,,,,,,,,,,,,,,,,,,,,1307
2023-09-18,2023-09-21,3,5.0,2023-09-18T09:31:00-04:00,4.900000000000006,NDXP  230921P15210000,NDXP  230921P15200000,development,False,False,0,0,1,97,0,1507,available,False,2023-09-18T09:31:00-04:00,2023-09-21T15:55:00-04:00,9.999999999999943,-10352.959999999988,5.0,last_observed_quote_not_settlement,1037.0,895,72,4.700000000000003,147.0400000000064,2023-09-18T09:32:00-04:00,0.0,4.75,47.04000000001208,2023-09-18T09:33:00-04:00,0.0,4.300000000000011,947.0399999999893,2023-09-18T09:36:00-04:00,0.0,4.25,1047.040000000012,2023-09-18T09:41:00-04:00,0.0,4.599999999999994,347.04000000002344,2023-09-18T09:46:00-04:00,0.0,4.599999999999994,347.04000000002344,2023-09-18T10:01:00-04:00,0.0,4.300000000000011,947.0399999999893,2023-09-18T10:31:00-04:00,0.0,4.0,1547.040000000012,2023-09-18T11:31:00-04:00,0.0,4.349999999999994,847.0400000000234,2023-09-18T16:00:00-04:00,0.0,4.549999999999997,447.04000000001776,2023-09-19T16:00:00-04:00,0.0,9.400000000000006,-9252.960000000001,2023-09-20T16:00:00-04:00,0.0,,,2023-09-21T15:55:00-04:00,300.0,0.0,hit,0.0,hit,7.0,hit,2972.0,hit,,never_hit,,never_hit,,never_hit,72.0,hit,1466.0,hit,1528.0,hit,3228.0,hit,3251.0,hit,3275.0,hit,7.650000000000006,363,True,False,False,False,,,,True,True,True,False,2.500000000000014,,,True,True,True,False,2.500000000000014,,,True,True,True,False,2.500000000000014,2972.0,2023-09-20T11:03:00-04:00,2.3999999999999915,4747.040000000029,,,,,,,,,2973.0,2023-09-20T11:04:00-04:00,5.300000000000011,-1052.9600000000107,,,,,,,,,,,,,,,,,,,,,,,,,,,,,,,,,,,,,,,,,,,,,,,,,1308
2023-09-18,2023-09-21,3,6.0,2023-09-18T09:31:00-04:00,5.899999999999977,NDXP  230921P15290000,NDXP  230921P15280000,development,False,False,0,0,0,72,0,1532,available,False,2023-09-18T09:31:00-04:00,2023-09-21T15:59:00-04:00,10.0,-8352.960000000045,1.0,last_observed_quote_not_settlement,1037.0,1058,62,5.5,547.0399999999552,2023-09-18T09:32:00-04:00,0.0,5.800000000000011,-52.9600000000675,2023-09-18T09:33:00-04:00,0.0,5.400000000000034,747.039999999887,2023-09-18T09:36:00-04:00,0.0,5.099999999999994,1347.0399999999665,2023-09-18T09:41:00-04:00,0.0,5.199999999999989,1147.039999999978,2023-09-18T09:46:00-04:00,0.0,5.399999999999977,747.0400000000006,2023-09-18T10:01:00-04:00,0.0,5.449999999999989,647.0399999999779,2023-09-18T10:31:00-04:00,0.0,5.049999999999983,1447.0399999999893,2023-09-18T11:31:00-04:00,0.0,5.699999999999989,147.03999999997797,2023-09-18T16:00:00-04:00,0.0,6.650000000000006,-1752.9600000000562,2023-09-19T16:00:00-04:00,0.0,,,2023-09-20T15:59:00-04:00,60.0,,,2023-09-21T15:59:00-04:00,60.0,1.0,hit,4.0,hit,37.0,hit,,never_hit,,never_hit,,never_hit,,never_hit,68.0,hit,1442.0,hit,1458.0,hit,1480.0,hit,3227.0,hit,3231.0,hit,,,True,True,True,False,2.4499999999999744,,,True,True,True,False,2.4499999999999744,,,True,True,True,False,2.4499999999999744,,,True,True,True,False,2.4499999999999744,,,,,,,,,,,,,,,,,,,,,,,,,,,,,,,,,,,,,,,,,,,,,,,,,,,,,,,,,,,,,,,,,1309
2023-09-18,2023-09-21,3,7.0,2023-09-18T09:31:00-04:00,7.050000000000011,NDXP  230921P15380000,NDXP  230921P15370000,development,False,False,0,0,0,115,0,1490,available,False,2023-09-18T09:31:00-04:00,2023-09-21T16:00:00-04:00,10.0,-6052.959999999977,0.0,last_observed_quote_not_settlement,1036.0,1053,80,7.350000000000023,-852.9600000000221,2023-09-18T09:32:00-04:00,0.0,7.400000000000006,-952.959999999988,2023-09-18T09:33:00-04:00,0.0,7.150000000000034,-452.9600000000448,2023-09-18T09:36:00-04:00,0.0,6.850000000000023,147.03999999997797,2023-09-18T09:41:00-04:00,0.0,6.899999999999977,47.04000000006892,2023-09-18T09:46:00-04:00,0.0,6.5,847.0400000000234,2023-09-18T10:01:00-04:00,0.0,5.899999999999977,2047.040000000069,2023-09-18T10:31:00-04:00,0.0,6.75,347.04000000002344,2023-09-18T11:31:00-04:00,0.0,6.75,347.04000000002344,2023-09-18T16:00:00-04:00,0.0,7.750000000000028,-1652.9600000000335,2023-09-19T16:00:00-04:00,0.0,9.600000000000023,-5352.960000000024,2023-09-20T16:00:00-04:00,0.0,10.0,-6052.959999999977,2023-09-21T16:00:00-04:00,0.0,4403.0,hit,4403.0,hit,4403.0,hit,4702.0,hit,,never_hit,,never_hit,,never_hit,18.0,hit,41.0,hit,0.0,hit,41.0,hit,1468.0,hit,1481.0,hit,10.0,1052,True,True,True,True,,,,True,True,True,False,4.250000000000057,,,True,True,True,False,4.250000000000057,,,True,True,True,False,4.250000000000057,4702.0,2023-09-21T15:53:00-04:00,2.7999999999999545,8247.040000000115,4703.0,2023-09-21T15:54:00-04:00,2.7999999999999545,8247.040000000115,4704.0,2023-09-21T15:55:00-04:00,2.7999999999999545,8247.040000000115,4703.0,2023-09-21T15:54:00-04:00,2.7999999999999545,8247.040000000115,,,,,,,,,,,,,,,,,,,,,,,,,,,,,,,,,,,,,,,,,,,,,,,,,1310
2023-09-19,2023-09-21,2,5.0,2023-09-19T09:31:00-04:00,4.999999999999986,NDXP  230921P15200000,NDXP  230921P15190000,development,False,False,0,0,0,119,15,1081,available,False,2023-09-19T09:31:00-04:00,2023-09-21T16:00:00-04:00,10.0,-10152.960000000026,0.0,last_observed_quote_not_settlement,1037.0,721,72,5.349999999999994,-952.9600000000164,2023-09-19T09:32:00-04:00,0.0,4.75,247.03999999997225,2023-09-19T09:33:00-04:00,0.0,5.1000000000000085,-452.9600000000448,2023-09-19T09:36:00-04:00,0.0,5.25,-752.9600000000278,2023-09-19T09:41:00-04:00,0.0,5.0,-252.96000000002772,2023-09-19T09:46:00-04:00,0.0,6.150000000000006,-2552.960000000039,2023-09-19T10:01:00-04:00,0.0,6.0,-2252.960000000028,2023-09-19T10:31:00-04:00,0.0,6.599999999999994,-3452.9600000000164,2023-09-19T11:31:00-04:00,0.0,5.050000000000011,-352.96000000005046,2023-09-19T16:00:00-04:00,0.0,9.299999999999983,-8852.959999999994,2023-09-20T16:00:00-04:00,0.0,10.0,-10152.960000000026,2023-09-21T16:00:00-04:00,0.0,,,,,0.0,hit,0.0,hit,1448.0,hit,,never_hit,,never_hit,,never_hit,,never_hit,6.0,hit,21.0,hit,21.0,hit,80.0,hit,1804.0,hit,1804.0,hit,,,True,True,True,False,1.4999999999999858,,,True,True,True,False,1.4999999999999858,,,True,True,True,False,1.4999999999999858,,,True,True,True,False,1.4999999999999858,,,,,,,,,,,,,,,,,,,,,,,,,,,,,,,,,,,,,,,,,,,,,,,,,,,,,,,,,,,,,,,,,1311
2023-09-19,2023-09-21,2,6.0,2023-09-19T09:31:00-04:00,6.000000000000028,NDXP  230921P15220000,NDXP  230921P15210000,development,False,False,0,0,16,88,0,1111,available,False,2023-09-19T09:31:00-04:00,2023-09-21T15:58:00-04:00,10.0,-8152.959999999943,2.0,last_observed_quote_not_settlement,1036.0,567,64,4.150000000000006,3447.0400000000463,2023-09-19T09:32:00-04:00,0.0,7.350000000000023,-2952.9599999999878,2023-09-19T09:33:00-04:00,0.0,5.3500000000000085,1047.0400000000404,2023-09-19T09:36:00-04:00,0.0,5.400000000000034,947.0399999999893,2023-09-19T09:41:00-04:00,0.0,5.650000000000006,447.0400000000462,2023-09-19T09:46:00-04:00,0.0,5.799999999999983,147.04000000009165,2023-09-19T10:01:00-04:00,0.0,6.450000000000017,-1152.9599999999766,2023-09-19T10:31:00-04:00,0.0,7.199999999999989,-2652.9599999999195,2023-09-19T11:31:00-04:00,0.0,5.349999999999994,1047.0400000000689,2023-09-19T16:00:00-04:00,0.0,9.0,-6252.959999999945,2023-09-20T16:00:00-04:00,0.0,,,2023-09-21T15:58:00-04:00,120.0,,,,,1.0,hit,1.0,hit,21.0,hit,,never_hit,,never_hit,,never_hit,,never_hit,2.0,hit,2.0,hit,2.0,hit,1532.0,hit,1808.0,hit,1814.0,hit,,,True,True,True,False,2.2500000000000284,,,True,True,True,False,2.2500000000000284,,,True,True,True,False,2.2500000000000284,,,True,True,True,False,2.2500000000000284,,,,,,,,,,,,,,,,,,,,,,,,,,,,,,,,,,,,,,,,,,,,,,,,,,,,,,,,,,,,,,,,,1312
2023-09-19,2023-09-21,2,7.0,2023-09-19T09:31:00-04:00,7.049999999999983,NDXP  230921P15400000,NDXP  230921P15390000,development,False,False,0,0,16,84,0,1115,available,False,2023-09-19T09:31:00-04:00,2023-09-21T15:59:00-04:00,10.0,-6052.960000000034,1.0,last_observed_quote_not_settlement,1038.0,1039,21,8.149999999999977,-2452.9599999999896,2023-09-19T09:32:00-04:00,0.0,7.849999999999966,-1852.9599999999652,2023-09-19T09:33:00-04:00,0.0,8.150000000000034,-2452.9600000001033,2023-09-19T09:36:00-04:00,0.0,8.150000000000006,-2452.9600000000464,2023-09-19T09:41:00-04:00,0.0,7.349999999999994,-852.9600000000221,2023-09-19T09:46:00-04:00,0.0,8.150000000000034,-2452.9600000001033,2023-09-19T10:01:00-04:00,0.0,7.949999999999932,-2052.959999999897,2023-09-19T10:31:00-04:00,0.0,8.200000000000045,-2552.960000000126,2023-09-19T11:31:00-04:00,0.0,8.049999999999983,-2252.960000000001,2023-09-19T16:00:00-04:00,0.0,9.399999999999977,-4952.95999999999,2023-09-20T16:00:00-04:00,0.0,,,2023-09-21T15:59:00-04:00,60.0,,,,,2963.0,hit,2963.0,hit,2963.0,hit,,never_hit,,never_hit,,never_hit,,never_hit,1.0,hit,1.0,hit,0.0,hit,1.0,hit,31.0,hit,48.0,hit,,,True,True,True,False,3.69999999999996,,,True,True,True,False,3.69999999999996,,,True,True,True,False,3.69999999999996,,,True,True,True,False,3.69999999999996,,,,,,,,,,,,,,,,,,,,,,,,,,,,,,,,,,,,,,,,,,,,,,,,,,,,,,,,,,,,,,,,,1313
2023-09-19,2023-09-22,3,5.0,2023-09-19T09:31:00-04:00,4.900000000000006,NDXP  230922P15170000,NDXP  230922P15160000,development,False,False,0,0,0,148,0,1457,available,False,2023-09-19T09:31:00-04:00,2023-09-22T16:00:00-04:00,10.0,-10352.959999999988,0.0,last_observed_quote_not_settlement,1036.0,879,34,4.799999999999997,-52.95999999998224,2023-09-19T09:32:00-04:00,0.0,3.9499999999999886,1647.0400000000348,2023-09-19T09:33:00-04:00,0.0,4.650000000000006,247.04000000000067,2023-09-19T09:36:00-04:00,0.0,4.500000000000014,547.0399999999836,2023-09-19T09:41:00-04:00,0.0,4.200000000000003,1147.0400000000063,2023-09-19T09:46:00-04:00,0.0,5.600000000000023,-1652.9600000000335,2023-09-19T10:01:00-04:00,0.0,3.8000000000000114,1947.0399999999893,2023-09-19T10:31:00-04:00,0.0,5.650000000000006,-1752.9599999999994,2023-09-19T11:31:00-04:00,0.0,4.700000000000003,147.0400000000064,2023-09-19T16:00:00-04:00,0.0,8.0,-6452.95999999999,2023-09-20T16:00:00-04:00,0.0,9.599999999999966,-9652.959999999921,2023-09-21T16:00:00-04:00,0.0,10.0,-10352.959999999988,2023-09-22T16:00:00-04:00,0.0,0.0,hit,0.0,hit,2.0,hit,360.0,hit,4334.0,hit,4334.0,hit,4334.0,hit,14.0,hit,14.0,hit,1785.0,hit,1803.0,hit,1806.0,hit,2881.0,hit,6.800000000000011,205,False,False,False,False,,10.0,725,True,True,True,True,,10.0,725,True,True,True,True,,10.0,725,True,True,True,True,,360.0,2023-09-19T15:31:00-04:00,2.5999999999999943,4347.040000000024,,,,,,,,,361.0,2023-09-19T15:32:00-04:00,4.449999999999989,647.0400000000348,4334.0,2023-09-22T09:45:00-04:00,0.30000000000001137,8947.03999999999,,,,,,,,,,,,,4334.0,2023-09-22T09:45:00-04:00,0.30000000000001137,8947.03999999999,,,,,,,,,,,,,4334.0,2023-09-22T09:45:00-04:00,0.30000000000001137,8947.03999999999,,,,,,,,,,,,,1314
2023-09-19,2023-09-22,3,6.0,2023-09-19T09:31:00-04:00,5.949999999999932,NDXP  230922P15890000,NDXP  230922P15880000,development,False,False,0,0,0,501,0,1104,available,False,2023-09-19T09:31:00-04:00,2023-09-22T16:00:00-04:00,10.0,-8252.960000000136,0.0,last_observed_quote_not_settlement,1038.0,789,9,8.299999999999955,-4952.960000000046,2023-09-19T09:32:00-04:00,0.0,,,2023-09-19T09:32:00-04:00,60.0,10.0,-8252.960000000136,2023-09-19T09:36:00-04:00,0.0,9.899999999999864,-8152.9599999998645,2023-09-19T09:41:00-04:00,0.0,8.800000000000068,-5952.960000000274,2023-09-19T09:46:00-04:00,0.0,9.949999999999932,-8252.960000000001,2023-09-19T10:01:00-04:00,0.0,8.899999999999977,-6152.960000000092,2023-09-19T10:31:00-04:00,0.0,9.849999999999909,-8052.9599999999555,2023-09-19T11:31:00-04:00,0.0,0.05000000000006821,11547.039999999728,2023-09-19T16:00:00-04:00,0.0,,,2023-09-20T15:59:00-04:00,60.0,10.0,-8252.960000000136,2023-09-21T16:00:00-04:00,0.0,10.0,-8252.960000000136,2023-09-22T16:00:00-04:00,0.0,84.0,hit,389.0,hit,389.0,hit,389.0,hit,389.0,hit,389.0,hit,389.0,hit,1.0,hit,1.0,hit,1.0,hit,1.0,hit,5.0,hit,5.0,hit,10.0,157,True,True,True,True,,10.0,157,True,True,True,True,,10.0,157,True,True,True,True,,10.0,157,True,True,True,True,,389.0,2023-09-19T16:00:00-04:00,0.05000000000006821,11547.039999999728,,,,,,,,,,,,,389.0,2023-09-19T16:00:00-04:00,0.05000000000006821,11547.039999999728,,,,,,,,,,,,,389.0,2023-09-19T16:00:00-04:00,0.05000000000006821,11547.039999999728,,,,,,,,,,,,,389.0,2023-09-19T16:00:00-04:00,0.05000000000006821,11547.039999999728,,,,,,,,,,,,,1315
2023-09-19,2023-09-22,3,7.0,2023-09-19T09:31:00-04:00,7.0,NDXP  230922P15340000,NDXP  230922P15330000,development,False,False,0,0,0,106,0,1499,available,False,2023-09-19T09:31:00-04:00,2023-09-22T16:00:00-04:00,10.0,-6152.96,0.0,last_observed_quote_not_settlement,1036.0,1154,126,6.5,747.0400000000006,2023-09-19T09:32:00-04:00,0.0,7.099999999999994,-452.95999999998793,2023-09-19T09:33:00-04:00,0.0,6.5,747.0400000000006,2023-09-19T09:36:00-04:00,0.0,6.5,747.0400000000006,2023-09-19T09:41:00-04:00,0.0,6.150000000000034,1447.0399999999324,2023-09-19T09:46:00-04:00,0.0,7.300000000000011,-852.9600000000221,2023-09-19T10:01:00-04:00,0.0,7.699999999999989,-1652.9599999999766,2023-09-19T10:31:00-04:00,0.0,7.999999999999943,-2252.9599999998873,2023-09-19T11:31:00-04:00,0.0,5.449999999999989,2847.0400000000236,2023-09-19T16:00:00-04:00,0.0,9.599999999999966,-5452.959999999933,2023-09-20T16:00:00-04:00,0.0,10.0,-6152.96,2023-09-21T16:00:00-04:00,0.0,10.0,-6152.96,2023-09-22T16:00:00-04:00,0.0,307.0,hit,,never_hit,,never_hit,,never_hit,,never_hit,,never_hit,,never_hit,3.0,hit,3.0,hit,0.0,hit,3.0,hit,28.0,hit,1808.0,hit,,,True,True,True,False,1.8000000000000114,,,True,True,True,False,1.8000000000000114,,,True,True,True,False,1.8000000000000114,,,True,True,True,False,1.8000000000000114,,,,,,,,,,,,,,,,,,,,,,,,,,,,,,,,,,,,,,,,,,,,,,,,,,,,,,,,,,,,,,,,,1316
2023-09-20,2023-09-22,2,5.0,2023-09-20T09:31:00-04:00,5.0,NDXP  230922P15240000,NDXP  230922P15230000,development,False,False,0,0,0,158,0,1042,available,False,2023-09-20T09:31:00-04:00,2023-09-22T16:00:00-04:00,10.0,-10152.96,0.0,last_observed_quote_not_settlement,1037.0,893,6,5.200000000000003,-652.960000000005,2023-09-20T09:32:00-04:00,0.0,5.25,-752.9599999999994,2023-09-20T09:33:00-04:00,0.0,5.0,-252.9599999999993,2023-09-20T09:36:00-04:00,0.0,4.549999999999997,647.0400000000063,2023-09-20T09:41:00-04:00,0.0,4.299999999999997,1147.0400000000063,2023-09-20T09:46:00-04:00,0.0,4.849999999999994,47.04000000001208,2023-09-20T10:01:00-04:00,0.0,5.499999999999986,-1252.959999999971,2023-09-20T10:31:00-04:00,0.0,7.349999999999966,-4952.959999999931,2023-09-20T11:31:00-04:00,0.0,9.799999999999955,-9852.95999999991,2023-09-20T16:00:00-04:00,0.0,10.0,-10152.96,2023-09-21T16:00:00-04:00,0.0,10.0,-10152.96,2023-09-22T16:00:00-04:00,0.0,,,,,0.0,hit,0.0,hit,,never_hit,,never_hit,,never_hit,,never_hit,,never_hit,45.0,hit,109.0,hit,113.0,hit,275.0,hit,364.0,hit,389.0,hit,,,True,True,True,False,0.9500000000000028,,,True,True,True,False,0.9500000000000028,,,True,True,True,False,0.9500000000000028,,,True,True,True,False,0.9500000000000028,,,,,,,,,,,,,,,,,,,,,,,,,,,,,,,,,,,,,,,,,,,,,,,,,,,,,,,,,,,,,,,,,1317
2023-09-20,2023-09-22,2,6.0,2023-09-20T09:31:00-04:00,6.0,NDXP  230922P15310000,NDXP  230922P15300000,development,False,False,0,0,0,161,0,1039,available,False,2023-09-20T09:31:00-04:00,2023-09-22T16:00:00-04:00,10.0,-8152.96,0.0,last_observed_quote_not_settlement,1036.0,844,64,6.300000000000011,-852.9600000000221,2023-09-20T09:32:00-04:00,0.0,7.350000000000023,-2952.9600000000446,2023-09-20T09:33:00-04:00,0.0,7.649999999999977,-3552.9599999999537,2023-09-20T09:36:00-04:00,0.0,6.049999999999983,-352.9599999999652,2023-09-20T09:41:00-04:00,0.0,5.649999999999977,447.0400000000462,2023-09-20T09:46:00-04:00,0.0,5.800000000000011,147.03999999997797,2023-09-20T10:01:00-04:00,0.0,5.800000000000011,147.03999999997797,2023-09-20T10:31:00-04:00,0.0,6.949999999999989,-2152.9599999999764,2023-09-20T11:31:00-04:00,0.0,9.799999999999955,-7852.95999999991,2023-09-20T16:00:00-04:00,0.0,9.949999999999932,-8152.9599999998645,2023-09-21T16:00:00-04:00,0.0,10.0,-8152.96,2023-09-22T16:00:00-04:00,0.0,,,,,11.0,hit,11.0,hit,,never_hit,,never_hit,,never_hit,,never_hit,,never_hit,2.0,hit,2.0,hit,2.0,hit,272.0,hit,320.0,hit,373.0,hit,,,True,True,True,False,1.099999999999966,,,True,True,True,False,1.099999999999966,,,True,True,True,False,1.099999999999966,,,True,True,True,False,1.099999999999966,,,,,,,,,,,,,,,,,,,,,,,,,,,,,,,,,,,,,,,,,,,,,,,,,,,,,,,,,,,,,,,,,1318
2023-09-20,2023-09-22,2,7.0,2023-09-20T09:31:00-04:00,6.949999999999989,NDXP  230922P15400000,NDXP  230922P15390000,development,False,False,0,0,0,217,0,983,available,False,2023-09-20T09:31:00-04:00,2023-09-22T16:00:00-04:00,10.0,-6252.960000000023,0.0,last_observed_quote_not_settlement,1036.0,780,59,7.100000000000023,-552.9600000000676,2023-09-20T09:32:00-04:00,0.0,6.550000000000011,547.0399999999552,2023-09-20T09:33:00-04:00,0.0,5.799999999999983,2047.0400000000122,2023-09-20T09:36:00-04:00,0.0,6.849999999999994,-52.96000000001066,2023-09-20T09:41:00-04:00,0.0,6.399999999999977,847.0400000000234,2023-09-20T09:46:00-04:00,0.0,8.0,-2352.9600000000237,2023-09-20T10:01:00-04:00,0.0,7.399999999999977,-1152.9599999999766,2023-09-20T10:31:00-04:00,0.0,8.400000000000034,-3152.960000000092,2023-09-20T11:31:00-04:00,0.0,8.0,-2352.9600000000237,2023-09-20T16:00:00-04:00,0.0,9.949999999999932,-6252.959999999887,2023-09-21T16:00:00-04:00,0.0,10.0,-6252.960000000023,2023-09-22T16:00:00-04:00,0.0,,,,,378.0,hit,378.0,hit,378.0,hit,,never_hit,,never_hit,,never_hit,,never_hit,9.0,hit,30.0,hit,1.0,hit,30.0,hit,117.0,hit,271.0,hit,,,True,True,True,False,3.1499999999999204,,,True,True,True,False,3.1499999999999204,,,True,True,True,False,3.1499999999999204,,,True,True,True,False,3.1499999999999204,,,,,,,,,,,,,,,,,,,,,,,,,,,,,,,,,,,,,,,,,,,,,,,,,,,,,,,,,,,,,,,,,1319
2023-09-22,2023-09-25,3,5.0,2023-09-22T09:31:00-04:00,5.099999999999994,NDXP  230925P14780000,NDXP  230925P14770000,development,False,False,0,0,0,4,0,791,available,False,2023-09-22T09:31:00-04:00,2023-09-25T16:00:00-04:00,1.049999999999999,7847.039999999992,0.0,last_observed_quote_not_settlement,3916.0,490,28,4.849999999999994,247.04000000000067,2023-09-22T09:32:00-04:00,0.0,5.099999999999994,-252.9599999999993,2023-09-22T09:33:00-04:00,0.0,5.25,-552.9600000000107,2023-09-22T09:36:00-04:00,0.0,5.6000000000000085,-1252.9600000000278,2023-09-22T09:41:00-04:00,0.0,4.799999999999997,347.039999999995,2023-09-22T09:46:00-04:00,0.0,4.6499999999999915,647.0400000000063,2023-09-22T10:01:00-04:00,0.0,4.100000000000001,1747.0399999999865,2023-09-22T10:31:00-04:00,0.0,3.450000000000003,3047.0399999999836,2023-09-22T11:31:00-04:00,0.0,6.599999999999994,-3252.959999999999,2023-09-22T16:00:00-04:00,0.0,,,2023-09-22T16:15:00-04:00,85500.0,,,2023-09-22T16:15:00-04:00,171900.0,1.049999999999999,7847.039999999992,2023-09-25T16:00:00-04:00,0.0,0.0,hit,1.0,hit,61.0,hit,125.0,hit,4709.0,hit,,never_hit,,never_hit,9.0,hit,14.0,hit,382.0,hit,4320.0,hit,4323.0,hit,4652.0,hit,6.200000000000003,13,False,False,False,False,,10.0,490,True,True,True,True,,,,True,True,True,False,4.049999999999995,,,True,True,True,False,4.049999999999995,129.0,2023-09-22T11:40:00-04:00,2.799999999999997,4347.039999999995,,,,,,,,,130.0,2023-09-22T11:41:00-04:00,3.0,3947.0399999999895,4709.0,2023-09-25T16:00:00-04:00,1.049999999999999,7847.039999999992,,,,,,,,,,,,,,,,,,,,,,,,,,,,,,,,,,,,,,,,,,,,,1320
2023-09-22,2023-09-25,3,6.0,2023-09-22T09:31:00-04:00,6.099999999999994,NDXP  230925P14830000,NDXP  230925P14820000,development,False,False,0,0,0,50,0,745,available,False,2023-09-22T09:31:00-04:00,2023-09-25T16:00:00-04:00,10.0,-7952.960000000011,0.0,last_observed_quote_not_settlement,3916.0,445,31,5.950000000000003,47.03999999998366,2023-09-22T09:32:00-04:00,0.0,6.249999999999986,-552.9599999999823,2023-09-22T09:33:00-04:00,0.0,6.0,-52.96000000001066,2023-09-22T09:36:00-04:00,0.0,6.900000000000034,-1852.960000000079,2023-09-22T09:41:00-04:00,0.0,5.849999999999994,247.04000000000067,2023-09-22T09:46:00-04:00,0.0,6.099999999999994,-252.9599999999993,2023-09-22T10:01:00-04:00,0.0,5.049999999999997,1847.039999999995,2023-09-22T10:31:00-04:00,0.0,4.1499999999999915,3647.0400000000063,2023-09-22T11:31:00-04:00,0.0,6.949999999999989,-1952.959999999988,2023-09-22T16:00:00-04:00,0.0,,,2023-09-22T16:15:00-04:00,85500.0,,,2023-09-22T16:15:00-04:00,171900.0,10.0,-7952.960000000011,2023-09-25T16:00:00-04:00,0.0,17.0,hit,61.0,hit,115.0,hit,115.0,hit,,never_hit,,never_hit,,never_hit,10.0,hit,261.0,hit,14.0,hit,261.0,hit,261.0,hit,4322.0,hit,7.0,11,True,False,False,False,,,,True,True,True,False,3.499999999999986,,,True,True,True,False,3.499999999999986,,,True,True,True,False,3.499999999999986,115.0,2023-09-22T11:26:00-04:00,2.6000000000000085,6747.039999999973,,,,,,,,,116.0,2023-09-22T11:27:00-04:00,4.650000000000006,2647.039999999978,,,,,,,,,,,,,,,,,,,,,,,,,,,,,,,,,,,,,,,,,,,,,,,,,1321
2023-09-22,2023-09-25,3,7.0,2023-09-22T09:31:00-04:00,7.099999999999994,NDXP  230925P14890000,NDXP  230925P14880000,development,False,False,0,0,0,44,0,751,available,False,2023-09-22T09:31:00-04:00,2023-09-25T16:00:00-04:00,10.0,-5952.960000000011,0.0,last_observed_quote_not_settlement,3917.0,477,27,6.900000000000006,147.03999999997797,2023-09-22T09:32:00-04:00,0.0,7.5499999999999545,-1152.9599999999198,2023-09-22T09:33:00-04:00,0.0,8.099999999999994,-2252.960000000001,2023-09-22T09:36:00-04:00,0.0,7.0,-52.96000000001066,2023-09-22T09:41:00-04:00,0.0,6.849999999999994,247.04000000000067,2023-09-22T09:46:00-04:00,0.0,7.800000000000011,-1652.9600000000335,2023-09-22T10:01:00-04:00,0.0,6.3999999999999915,1147.0400000000063,2023-09-22T10:31:00-04:00,0.0,5.699999999999989,2547.0400000000122,2023-09-22T11:31:00-04:00,0.0,8.099999999999994,-2252.960000000001,2023-09-22T16:00:00-04:00,0.0,,,2023-09-22T16:15:00-04:00,85500.0,,,2023-09-22T16:15:00-04:00,171900.0,10.0,-5952.960000000011,2023-09-25T16:00:00-04:00,0.0,66.0,hit,85.0,hit,85.0,hit,,never_hit,,never_hit,,never_hit,,never_hit,5.0,hit,5.0,hit,0.0,hit,5.0,hit,287.0,hit,382.0,hit,,,True,True,True,False,3.4499999999999886,,,True,True,True,False,3.4499999999999886,,,True,True,True,False,3.4499999999999886,,,True,True,True,False,3.4499999999999886,,,,,,,,,,,,,,,,,,,,,,,,,,,,,,,,,,,,,,,,,,,,,,,,,,,,,,,,,,,,,,,,,1322
2023-09-25,2023-09-27,2,5.0,2023-09-25T09:31:00-04:00,5.0,NDXP  230927P14700000,NDXP  230927P14690000,development,False,False,0,0,0,40,0,1159,available,False,2023-09-25T09:31:00-04:00,2023-09-27T15:59:00-04:00,10.0,-10152.96,1.0,last_observed_quote_not_settlement,1036.0,730,26,5.099999999999994,-452.95999999998793,2023-09-25T09:32:00-04:00,0.0,5.7999999999999545,-1852.9599999999084,2023-09-25T09:33:00-04:00,0.0,5.349999999999994,-952.959999999988,2023-09-25T09:36:00-04:00,0.0,4.650000000000006,447.03999999998933,2023-09-25T09:41:00-04:00,0.0,4.6499999999999915,447.04000000001776,2023-09-25T09:46:00-04:00,0.0,4.150000000000006,1447.0399999999893,2023-09-25T10:01:00-04:00,0.0,5.0,-252.9599999999993,2023-09-25T10:31:00-04:00,0.0,3.8000000000000114,2147.039999999978,2023-09-25T11:31:00-04:00,0.0,2.549999999999997,4647.040000000006,2023-09-25T16:00:00-04:00,0.0,7.699999999999989,-5652.959999999976,2023-09-26T16:00:00-04:00,0.0,,,2023-09-27T15:59:00-04:00,60.0,,,,,0.0,hit,0.0,hit,26.0,hit,133.0,hit,,never_hit,,never_hit,,never_hit,2.0,hit,33.0,hit,33.0,hit,1765.0,hit,2893.0,hit,2962.0,hit,7.25,14,True,False,False,False,,,,True,True,True,False,2.6500000000000057,,,True,True,True,False,2.6500000000000057,,,True,True,True,False,2.6500000000000057,133.0,2023-09-25T11:44:00-04:00,2.3499999999999943,5047.040000000012,,,,,,,,,134.0,2023-09-25T11:45:00-04:00,3.5,2747.040000000001,,,,,,,,,,,,,,,,,,,,,,,,,,,,,,,,,,,,,,,,,,,,,,,,,1323
2023-09-25,2023-09-27,2,6.0,2023-09-25T09:31:00-04:00,6.150000000000006,NDXP  230927P14770000,NDXP  230927P14760000,development,False,False,0,0,0,109,0,1090,available,False,2023-09-25T09:31:00-04:00,2023-09-27T15:59:00-04:00,10.0,-7852.959999999988,1.0,last_observed_quote_not_settlement,1036.0,633,19,6.449999999999989,-852.9599999999652,2023-09-25T09:32:00-04:00,0.0,6.349999999999994,-652.9599999999766,2023-09-25T09:33:00-04:00,0.0,5.000000000000028,2047.0399999999554,2023-09-25T09:36:00-04:00,0.0,5.900000000000034,247.03999999994383,2023-09-25T09:41:00-04:00,0.0,5.050000000000011,1947.0399999999893,2023-09-25T09:46:00-04:00,0.0,7.149999999999977,-2252.9599999999423,2023-09-25T10:01:00-04:00,0.0,6.0,47.04000000001208,2023-09-25T10:31:00-04:00,0.0,5.0,2047.0400000000122,2023-09-25T11:31:00-04:00,0.0,4.200000000000003,3647.0400000000063,2023-09-25T16:00:00-04:00,0.0,9.599999999999994,-7152.959999999978,2023-09-26T16:00:00-04:00,0.0,,,2023-09-27T15:59:00-04:00,60.0,,,,,5.0,hit,37.0,hit,230.0,hit,,never_hit,,never_hit,,never_hit,,never_hit,30.0,hit,68.0,hit,30.0,hit,336.0,hit,1692.0,hit,1742.0,hit,,,True,True,True,False,2.450000000000017,,,True,True,True,False,2.450000000000017,,,True,True,True,False,2.450000000000017,,,True,True,True,False,2.450000000000017,,,,,,,,,,,,,,,,,,,,,,,,,,,,,,,,,,,,,,,,,,,,,,,,,,,,,,,,,,,,,,,,,1324
2023-09-25,2023-09-27,2,7.0,2023-09-25T09:31:00-04:00,7.050000000000011,NDXP  230927P14850000,NDXP  230927P14840000,development,False,False,0,0,0,200,0,999,available,False,2023-09-25T09:31:00-04:00,2023-09-27T15:59:00-04:00,10.0,-6052.959999999977,1.0,last_observed_quote_not_settlement,1038.0,543,43,8.0,-2152.959999999978,2023-09-25T09:32:00-04:00,0.0,7.25,-652.9599999999766,2023-09-25T09:33:00-04:00,0.0,6.5,847.0400000000234,2023-09-25T09:36:00-04:00,0.0,6.549999999999983,747.0400000000575,2023-09-25T09:41:00-04:00,0.0,7.349999999999994,-852.9599999999652,2023-09-25T09:46:00-04:00,0.0,5.849999999999966,2147.040000000092,2023-09-25T10:01:00-04:00,0.0,6.949999999999989,-52.959999999953816,2023-09-25T10:31:00-04:00,0.0,6.300000000000011,1247.0400000000006,2023-09-25T11:31:00-04:00,0.0,5.950000000000017,1947.0399999999893,2023-09-25T16:00:00-04:00,0.0,,,2023-09-26T15:59:00-04:00,60.0,,,2023-09-27T15:59:00-04:00,60.0,,,,,395.0,hit,,never_hit,,never_hit,,never_hit,,never_hit,,never_hit,,never_hit,1.0,hit,4.0,hit,0.0,hit,1.0,hit,1467.0,hit,1469.0,hit,,,True,True,True,False,2.000000000000014,,,True,True,True,False,2.000000000000014,,,True,True,True,False,2.000000000000014,,,True,True,True,False,2.000000000000014,,,,,,,,,,,,,,,,,,,,,,,,,,,,,,,,,,,,,,,,,,,,,,,,,,,,,,,,,,,,,,,,,1325
2023-09-25,2023-09-28,3,5.0,2023-09-25T09:31:00-04:00,4.949999999999989,NDXP  230928P14810000,NDXP  230928P14800000,development,False,False,0,0,0,46,0,1559,available,False,2023-09-25T09:31:00-04:00,2023-09-28T16:00:00-04:00,9.5,-9352.960000000023,0.0,last_observed_quote_not_settlement,1036.0,1441,72,4.699999999999989,247.04000000000067,2023-09-25T09:32:00-04:00,0.0,6.699999999999989,-3752.959999999999,2023-09-25T09:33:00-04:00,0.0,6.750000000000028,-3852.9600000000787,2023-09-25T09:36:00-04:00,0.0,5.25,-852.9600000000221,2023-09-25T09:41:00-04:00,0.0,5.849999999999994,-2052.9600000000105,2023-09-25T09:46:00-04:00,0.0,5.5,-1352.960000000022,2023-09-25T10:01:00-04:00,0.0,5.350000000000023,-1052.9600000000676,2023-09-25T10:31:00-04:00,0.0,5.349999999999994,-1052.9600000000107,2023-09-25T11:31:00-04:00,0.0,3.6500000000000057,2347.0399999999668,2023-09-25T16:00:00-04:00,0.0,8.300000000000011,-6952.960000000046,2023-09-26T16:00:00-04:00,0.0,7.5,-5352.960000000022,2023-09-27T16:00:00-04:00,0.0,9.5,-9352.960000000023,2023-09-28T16:00:00-04:00,0.0,0.0,hit,0.0,hit,230.0,hit,,never_hit,,never_hit,,never_hit,,never_hit,2.0,hit,2.0,hit,35.0,hit,1469.0,hit,1692.0,hit,3028.0,hit,,,True,True,True,False,1.299999999999983,,,True,True,True,False,1.299999999999983,,,True,True,True,False,1.299999999999983,,,True,True,True,False,1.299999999999983,,,,,,,,,,,,,,,,,,,,,,,,,,,,,,,,,,,,,,,,,,,,,,,,,,,,,,,,,,,,,,,,,1326
2023-09-25,2023-09-28,3,6.0,2023-09-25T09:31:00-04:00,6.0,NDXP  230928P14820000,NDXP  230928P14810000,development,False,False,0,0,0,50,0,1555,available,False,2023-09-25T09:31:00-04:00,2023-09-28T15:59:00-04:00,10.0,-8152.96,1.0,last_observed_quote_not_settlement,1036.0,1186,59,6.050000000000011,-352.96000000002203,2023-09-25T09:32:00-04:00,0.0,6.450000000000017,-1152.9600000000335,2023-09-25T09:33:00-04:00,0.0,6.400000000000006,-1052.9600000000107,2023-09-25T09:36:00-04:00,0.0,5.850000000000023,47.039999999955235,2023-09-25T09:41:00-04:00,0.0,5.700000000000017,347.0399999999666,2023-09-25T09:46:00-04:00,0.0,4.0499999999999545,3647.040000000092,2023-09-25T10:01:00-04:00,0.0,6.299999999999983,-852.9599999999652,2023-09-25T10:31:00-04:00,0.0,5.299999999999983,1147.0400000000348,2023-09-25T11:31:00-04:00,0.0,4.75,2247.040000000001,2023-09-25T16:00:00-04:00,0.0,7.849999999999966,-3952.959999999931,2023-09-26T16:00:00-04:00,0.0,9.099999999999966,-6452.959999999933,2023-09-27T16:00:00-04:00,0.0,,,2023-09-28T15:59:00-04:00,60.0,21.0,hit,21.0,hit,,never_hit,,never_hit,,never_hit,,never_hit,,never_hit,3.0,hit,3.0,hit,3.0,hit,1462.0,hit,1690.0,hit,1774.0,hit,,,True,True,True,False,1.9500000000000455,,,True,True,True,False,1.9500000000000455,,,True,True,True,False,1.9500000000000455,,,True,True,True,False,1.9500000000000455,,,,,,,,,,,,,,,,,,,,,,,,,,,,,,,,,,,,,,,,,,,,,,,,,,,,,,,,,,,,,,,,,1327
2023-09-25,2023-09-28,3,7.0,2023-09-25T09:31:00-04:00,6.9500000000000455,NDXP  230928P14800000,NDXP  230928P14790000,development,False,False,0,0,0,28,0,1577,available,False,2023-09-25T09:31:00-04:00,2023-09-28T15:58:00-04:00,9.900000000000006,-6152.959999999922,2.0,last_observed_quote_not_settlement,1036.0,1049,99,8.0,-2352.95999999991,2023-09-25T09:32:00-04:00,0.0,6.649999999999977,347.0400000001371,2023-09-25T09:33:00-04:00,0.0,5.849999999999966,1947.0400000001598,2023-09-25T09:36:00-04:00,0.0,6.099999999999966,1447.0400000001598,2023-09-25T09:41:00-04:00,0.0,5.699999999999989,2247.0400000001146,2023-09-25T09:46:00-04:00,0.0,3.0000000000000284,7647.0400000000345,2023-09-25T10:01:00-04:00,0.0,6.899999999999977,-152.95999999986287,2023-09-25T10:31:00-04:00,0.0,5.099999999999994,3447.040000000103,2023-09-25T11:31:00-04:00,0.0,5.799999999999997,2047.0400000000973,2023-09-25T16:00:00-04:00,0.0,8.300000000000011,-2952.9599999999327,2023-09-26T16:00:00-04:00,0.0,9.050000000000011,-4452.959999999933,2023-09-27T16:00:00-04:00,0.0,,,2023-09-28T15:58:00-04:00,120.0,9.0,hit,30.0,hit,30.0,hit,1469.0,hit,1469.0,hit,,never_hit,,never_hit,1.0,hit,1.0,hit,1.0,hit,1.0,hit,1483.0,hit,1491.0,hit,8.549999999999983,26,True,True,False,False,,8.549999999999983,26,True,True,False,False,,,,True,True,True,False,5.05000000000004,,,True,True,True,False,5.05000000000004,1469.0,2023-09-26T10:00:00-04:00,1.9000000000000057,9847.04000000008,,,,,,,,,1470.0,2023-09-26T10:01:00-04:00,7.550000000000011,-1452.9599999999311,1469.0,2023-09-26T10:00:00-04:00,1.9000000000000057,9847.04000000008,,,,,,,,,1470.0,2023-09-26T10:01:00-04:00,7.550000000000011,-1452.9599999999311,,,,,,,,,,,,,,,,,,,,,,,,,,,,,,,,,1328
2023-09-26,2023-09-28,2,5.0,2023-09-26T09:31:00-04:00,4.950000000000017,NDXP  230928P14720000,NDXP  230928P14710000,development,False,False,0,0,16,0,0,1199,available,False,2023-09-26T09:31:00-04:00,2023-09-28T15:59:00-04:00,6.85,-4052.9599999999646,1.0,last_observed_quote_not_settlement,1036.0,1040,16,5.150000000000006,-652.9599999999766,2023-09-26T09:32:00-04:00,0.0,5.5,-1352.9599999999652,2023-09-26T09:33:00-04:00,0.0,5.350000000000023,-1052.9600000000107,2023-09-26T09:36:00-04:00,0.0,5.150000000000034,-652.9600000000335,2023-09-26T09:41:00-04:00,0.0,5.25,-852.9599999999652,2023-09-26T09:46:00-04:00,0.0,6.0,-2352.959999999965,2023-09-26T10:01:00-04:00,0.0,6.099999999999966,-2552.959999999897,2023-09-26T10:31:00-04:00,0.0,6.299999999999983,-2952.959999999931,2023-09-26T11:31:00-04:00,0.0,7.0,-4352.9599999999655,2023-09-26T16:00:00-04:00,0.0,6.899999999999977,-4152.95999999992,2023-09-27T16:00:00-04:00,0.0,,,2023-09-28T15:59:00-04:00,60.0,,,,,0.0,hit,0.0,hit,3019.0,hit,3029.0,hit,3057.0,hit,,never_hit,,never_hit,2.0,hit,23.0,hit,44.0,hit,1527.0,hit,1627.0,hit,1691.0,hit,9.899999999999977,935,True,True,True,True,,9.899999999999977,935,True,True,True,True,,,,True,True,True,False,3.7250000000000174,,,True,True,True,False,3.7250000000000174,3029.0,2023-09-28T12:00:00-04:00,2.900000000000002,3847.0400000000304,3030.0,2023-09-28T12:01:00-04:00,2.8000000000000007,4047.0400000000336,3031.0,2023-09-28T12:02:00-04:00,2.900000000000002,3847.0400000000304,3030.0,2023-09-28T12:01:00-04:00,2.8000000000000007,4047.0400000000336,3057.0,2023-09-28T12:28:00-04:00,1.9499999999999993,5747.040000000036,3058.0,2023-09-28T12:29:00-04:00,1.5500000000000007,6547.040000000034,3059.0,2023-09-28T12:30:00-04:00,1.6000000000000014,6447.040000000032,3058.0,2023-09-28T12:29:00-04:00,1.5500000000000007,6547.040000000034,,,,,,,,,,,,,,,,,,,,,,,,,,,,,,,,,1329
2023-09-26,2023-09-28,2,6.0,2023-09-26T09:31:00-04:00,5.800000000000011,NDXP  230928P14770000,NDXP  230928P14760000,development,False,False,0,0,0,14,15,1186,available,False,2023-09-26T09:31:00-04:00,2023-09-28T15:59:00-04:00,9.949999999999996,-8552.959999999968,1.0,last_observed_quote_not_settlement,1036.0,1106,12,6.25,-1152.9599999999766,2023-09-26T09:32:00-04:00,0.0,5.699999999999989,-52.959999999953816,2023-09-26T09:33:00-04:00,0.0,5.899999999999977,-452.9599999999311,2023-09-26T09:36:00-04:00,0.0,6.300000000000011,-1252.9599999999994,2023-09-26T09:41:00-04:00,0.0,6.550000000000011,-1752.9599999999994,2023-09-26T09:46:00-04:00,0.0,7.200000000000017,-3052.9600000000105,2023-09-26T10:01:00-04:00,0.0,7.0,-2652.9599999999764,2023-09-26T10:31:00-04:00,0.0,7.300000000000011,-3252.959999999999,2023-09-26T11:31:00-04:00,0.0,8.25,-5152.959999999978,2023-09-26T16:00:00-04:00,0.0,8.849999999999994,-6352.959999999967,2023-09-27T16:00:00-04:00,0.0,,,2023-09-28T15:59:00-04:00,60.0,,,,,3022.0,hit,3029.0,hit,3057.0,hit,,never_hit,,never_hit,,never_hit,,never_hit,10.0,hit,23.0,hit,23.0,hit,248.0,hit,1503.0,hit,1641.0,hit,,,True,True,True,False,2.400000000000013,,,True,True,True,False,2.400000000000013,,,True,True,True,False,2.400000000000013,,,True,True,True,False,2.400000000000013,,,,,,,,,,,,,,,,,,,,,,,,,,,,,,,,,,,,,,,,,,,,,,,,,,,,,,,,,,,,,,,,,1330
2023-09-26,2023-09-28,2,7.0,2023-09-26T09:31:00-04:00,6.9500000000000455,NDXP  230928P15150000,NDXP  230928P15140000,development,False,False,0,0,0,401,15,799,available,False,2023-09-26T09:31:00-04:00,2023-09-28T16:00:00-04:00,9.900000000000034,-6152.959999999978,0.0,last_observed_quote_not_settlement,1039.0,546,20,9.75,-5852.95999999991,2023-09-26T09:32:00-04:00,0.0,,,2023-09-26T09:32:00-04:00,60.0,7.800000000000068,-1952.9600000000448,2023-09-26T09:36:00-04:00,0.0,,,2023-09-26T09:39:00-04:00,120.0,9.749999999999943,-5852.959999999796,2023-09-26T09:46:00-04:00,0.0,,,2023-09-26T10:00:00-04:00,60.0,,,2023-09-26T10:30:00-04:00,60.0,,,2023-09-26T11:30:00-04:00,60.0,9.500000000000114,-5352.960000000137,2023-09-26T16:00:00-04:00,0.0,9.699999999999932,-5752.959999999774,2023-09-27T16:00:00-04:00,0.0,9.900000000000034,-6152.959999999978,2023-09-28T16:00:00-04:00,0.0,,,,,1524.0,hit,1524.0,hit,1524.0,hit,,never_hit,,never_hit,,never_hit,,never_hit,1.0,hit,1.0,hit,1.0,hit,1.0,hit,1.0,hit,1.0,hit,,,True,True,True,False,3.300000000000182,,,True,True,True,False,3.300000000000182,,,True,True,True,False,3.300000000000182,,,True,True,True,False,3.300000000000182,,,,,,,,,,,,,,,,,,,,,,,,,,,,,,,,,,,,,,,,,,,,,,,,,,,,,,,,,,,,,,,,,1331
2023-09-26,2023-09-29,3,5.0,2023-09-26T09:31:00-04:00,5.0,NDXP  230929P14710000,NDXP  230929P14700000,development,False,False,0,0,2,0,0,1603,available,False,2023-09-26T09:31:00-04:00,2023-09-29T15:59:00-04:00,3.45,2847.0400000000004,1.0,last_observed_quote_not_settlement,1036.0,1012,64,4.650000000000006,447.03999999998933,2023-09-26T09:32:00-04:00,0.0,4.749999999999972,247.04000000005752,2023-09-26T09:33:00-04:00,0.0,4.950000000000017,-152.9600000000334,2023-09-26T09:36:00-04:00,0.0,4.849999999999994,47.04000000001208,2023-09-26T09:41:00-04:00,0.0,5.25,-752.9599999999994,2023-09-26T09:46:00-04:00,0.0,5.249999999999972,-752.9599999999425,2023-09-26T10:01:00-04:00,0.0,7.5,-5252.959999999999,2023-09-26T10:31:00-04:00,0.0,7.349999999999994,-4952.959999999988,2023-09-26T11:31:00-04:00,0.0,5.599999999999994,-1452.959999999988,2023-09-26T16:00:00-04:00,0.0,5.899999999999977,-2052.9599999999537,2023-09-27T16:00:00-04:00,0.0,4.699999999999989,347.04000000002344,2023-09-28T16:00:00-04:00,0.0,,,2023-09-29T15:59:00-04:00,60.0,0.0,hit,0.0,hit,3021.0,hit,3058.0,hit,3150.0,hit,4338.0,hit,4700.0,hit,20.0,hit,45.0,hit,60.0,hit,1517.0,hit,,never_hit,,never_hit,8.5,895,True,True,False,False,,8.5,899,True,True,False,False,,8.5,930,True,True,False,False,,8.5,1010,True,True,False,False,,3150.0,2023-09-28T14:01:00-04:00,1.8500000000000085,6047.039999999984,4321.0,2023-09-29T09:32:00-04:00,1.3499999999999979,7047.0400000000045,4322.0,2023-09-29T09:33:00-04:00,1.6000000000000014,6547.039999999998,3151.0,2023-09-28T14:02:00-04:00,4.749999999999986,247.0400000000291,3150.0,2023-09-28T14:01:00-04:00,1.8500000000000085,6047.039999999984,4321.0,2023-09-29T09:32:00-04:00,1.3499999999999979,7047.0400000000045,4322.0,2023-09-29T09:33:00-04:00,1.6000000000000014,6547.039999999998,3151.0,2023-09-28T14:02:00-04:00,4.749999999999986,247.0400000000291,4338.0,2023-09-29T09:49:00-04:00,0.9499999999999993,7847.040000000002,4347.0,2023-09-29T09:58:00-04:00,0.9000000000000012,7947.039999999998,4348.0,2023-09-29T09:59:00-04:00,0.8000000000000007,8147.04,4339.0,2023-09-29T09:50:00-04:00,1.049999999999999,7647.040000000003,4700.0,2023-09-29T15:51:00-04:00,0.3999999999999999,8947.04,4701.0,2023-09-29T15:52:00-04:00,0.30000000000000004,9147.040000000003,4702.0,2023-09-29T15:53:00-04:00,0.22499999999999998,9297.04,4701.0,2023-09-29T15:52:00-04:00,0.30000000000000004,9147.040000000003,1332
2023-09-26,2023-09-29,3,6.0,2023-09-26T09:31:00-04:00,5.950000000000017,NDXP  230929P14820000,NDXP  230929P14810000,development,False,False,0,0,0,18,0,1585,available,False,2023-09-26T09:31:00-04:00,2023-09-29T15:57:00-04:00,10.0,-8252.959999999965,3.0,last_observed_quote_not_settlement,1036.0,1343,41,6.25,-852.9599999999652,2023-09-26T09:32:00-04:00,0.0,6.199999999999989,-752.9599999999425,2023-09-26T09:33:00-04:00,0.0,6.449999999999989,-1252.9599999999425,2023-09-26T09:36:00-04:00,0.0,7.200000000000017,-2752.959999999999,2023-09-26T09:41:00-04:00,0.0,6.650000000000006,-1652.9599999999766,2023-09-26T09:46:00-04:00,0.0,6.550000000000011,-1452.959999999988,2023-09-26T10:01:00-04:00,0.0,8.199999999999989,-4752.959999999945,2023-09-26T10:31:00-04:00,0.0,7.550000000000011,-3452.9599999999878,2023-09-26T11:31:00-04:00,0.0,7.750000000000057,-3852.9600000000787,2023-09-26T16:00:00-04:00,0.0,7.599999999999994,-3552.9599999999537,2023-09-27T16:00:00-04:00,0.0,7.25,-2852.959999999965,2023-09-28T16:00:00-04:00,0.0,,,2023-09-29T15:57:00-04:00,180.0,3049.0,hit,4320.0,hit,4320.0,hit,4331.0,hit,,never_hit,,never_hit,,never_hit,3.0,hit,7.0,hit,7.0,hit,26.0,hit,252.0,hit,1623.0,hit,9.550000000000068,1153,True,True,True,True,,,,True,True,True,False,3.8500000000000227,,,True,True,True,False,3.8500000000000227,,,True,True,True,False,3.8500000000000227,4331.0,2023-09-29T09:42:00-04:00,2.5,6647.0400000000345,4351.0,2023-09-29T10:02:00-04:00,2.099999999999998,7447.040000000039,4352.0,2023-09-29T10:03:00-04:00,2.0999999999999943,7447.040000000046,4332.0,2023-09-29T09:43:00-04:00,3.9499999999999957,3747.040000000043,,,,,,,,,,,,,,,,,,,,,,,,,,,,,,,,,,,,,,,,,,,,,,,,,1333
2023-09-26,2023-09-29,3,7.0,2023-09-26T09:31:00-04:00,7.0,NDXP  230929P16130000,NDXP  230929P16120000,development,False,False,0,0,0,337,0,1266,available,False,2023-09-26T09:31:00-04:00,2023-09-29T15:59:00-04:00,8.299999999999955,-2852.95999999991,1.0,last_observed_quote_not_settlement,1038.0,1014,30,9.950000000000045,-6152.96,2023-09-26T09:32:00-04:00,0.0,9.849999999999909,-5952.959999999819,2023-09-26T09:33:00-04:00,0.0,10.0,-6152.96,2023-09-26T09:36:00-04:00,0.0,10.0,-6152.96,2023-09-26T09:41:00-04:00,0.0,,,2023-09-26T09:45:00-04:00,60.0,,,2023-09-26T10:00:00-04:00,60.0,9.950000000000045,-6152.96,2023-09-26T10:31:00-04:00,0.0,9.75,-5752.960000000001,2023-09-26T11:31:00-04:00,0.0,,,2023-09-26T15:59:00-04:00,60.0,,,2023-09-27T15:59:00-04:00,60.0,9.949999999999818,-6152.959999999637,2023-09-28T16:00:00-04:00,0.0,,,2023-09-29T15:59:00-04:00,60.0,1476.0,hit,1476.0,hit,1627.0,hit,2916.0,hit,2939.0,hit,2939.0,hit,2939.0,hit,1.0,hit,1.0,hit,0.0,hit,1.0,hit,1.0,hit,1.0,hit,10.0,507,True,True,True,True,,10.0,520,True,True,True,True,,10.0,520,True,True,True,True,,10.0,520,True,True,True,True,,2916.0,2023-09-28T10:07:00-04:00,2.349999999999909,9047.040000000183,,,,,,,,,2917.0,2023-09-28T10:08:00-04:00,10.0,-6152.96,2939.0,2023-09-28T10:30:00-04:00,0.4500000000000455,12847.03999999991,,,,,,,,,2940.0,2023-09-28T10:31:00-04:00,9.950000000000273,-6152.96,2939.0,2023-09-28T10:30:00-04:00,0.4500000000000455,12847.03999999991,,,,,,,,,2940.0,2023-09-28T10:31:00-04:00,9.950000000000273,-6152.96,4634.0,2023-09-29T14:45:00-04:00,0.3999999999998636,12947.040000000274,,,,,,,,,4635.0,2023-09-29T14:46:00-04:00,10.0,-6152.96,1334
2023-09-27,2023-09-29,2,5.0,2023-09-27T09:31:00-04:00,4.849999999999994,NDXP  230929P14710000,NDXP  230929P14700000,development,False,False,0,0,2,0,0,1198,available,False,2023-09-27T09:31:00-04:00,2023-09-29T15:59:00-04:00,3.45,2547.039999999989,1.0,last_observed_quote_not_settlement,1036.0,663,52,5.849999999999966,-2252.9599999999423,2023-09-27T09:32:00-04:00,0.0,4.849999999999994,-252.9599999999993,2023-09-27T09:33:00-04:00,0.0,5.949999999999989,-2452.9599999999878,2023-09-27T09:36:00-04:00,0.0,5.200000000000017,-952.9600000000448,2023-09-27T09:41:00-04:00,0.0,5.400000000000006,-1352.960000000022,2023-09-27T09:46:00-04:00,0.0,5.550000000000011,-1652.9600000000335,2023-09-27T10:01:00-04:00,0.0,5.449999999999989,-1452.959999999988,2023-09-27T10:31:00-04:00,0.0,6.849999999999994,-4252.959999999999,2023-09-27T11:31:00-04:00,0.0,5.899999999999977,-2352.959999999965,2023-09-27T16:00:00-04:00,0.0,4.699999999999989,47.04000000001208,2023-09-28T16:00:00-04:00,0.0,,,2023-09-29T15:59:00-04:00,60.0,,,,,0.0,hit,0.0,hit,1581.0,hit,1618.0,hit,1710.0,hit,2898.0,hit,3260.0,hit,1.0,hit,5.0,hit,63.0,hit,77.0,hit,,never_hit,,never_hit,8.5,519,True,True,False,False,,8.5,527,True,True,False,False,,8.5,573,True,True,False,False,,8.5,661,True,True,False,False,,1710.0,2023-09-28T14:01:00-04:00,1.8500000000000085,5747.039999999973,2881.0,2023-09-29T09:32:00-04:00,1.3499999999999979,6747.039999999994,2882.0,2023-09-29T09:33:00-04:00,1.6000000000000014,6247.039999999986,1711.0,2023-09-28T14:02:00-04:00,4.749999999999986,-52.95999999998224,1710.0,2023-09-28T14:01:00-04:00,1.8500000000000085,5747.039999999973,2881.0,2023-09-29T09:32:00-04:00,1.3499999999999979,6747.039999999994,2882.0,2023-09-29T09:33:00-04:00,1.6000000000000014,6247.039999999986,1711.0,2023-09-28T14:02:00-04:00,4.749999999999986,-52.95999999998224,2898.0,2023-09-29T09:49:00-04:00,0.9499999999999993,7547.039999999991,2907.0,2023-09-29T09:58:00-04:00,0.9000000000000012,7647.039999999987,2908.0,2023-09-29T09:59:00-04:00,0.8000000000000007,7847.039999999988,2899.0,2023-09-29T09:50:00-04:00,1.049999999999999,7347.039999999992,3260.0,2023-09-29T15:51:00-04:00,0.3999999999999999,8647.03999999999,3261.0,2023-09-29T15:52:00-04:00,0.30000000000000004,8847.03999999999,3262.0,2023-09-29T15:53:00-04:00,0.22499999999999998,8997.03999999999,3261.0,2023-09-29T15:52:00-04:00,0.30000000000000004,8847.03999999999,1335
2023-09-27,2023-09-29,2,6.0,2023-09-27T09:31:00-04:00,5.900000000000006,NDXP  230929P14760000,NDXP  230929P14750000,development,False,False,0,0,1,1,0,1197,available,False,2023-09-27T09:31:00-04:00,2023-09-29T15:59:00-04:00,9.950000000000003,-8352.959999999988,1.0,last_observed_quote_not_settlement,1036.0,694,92,6.100000000000023,-652.9600000000335,2023-09-27T09:32:00-04:00,0.0,6.249999999999972,-952.9599999999311,2023-09-27T09:33:00-04:00,0.0,6.349999999999994,-1152.9599999999766,2023-09-27T09:36:00-04:00,0.0,4.899999999999977,1747.0400000000575,2023-09-27T09:41:00-04:00,0.0,5.199999999999989,1147.0400000000348,2023-09-27T09:46:00-04:00,0.0,5.800000000000011,-52.96000000001066,2023-09-27T10:01:00-04:00,0.0,6.149999999999977,-752.9599999999425,2023-09-27T10:31:00-04:00,0.0,6.899999999999977,-2252.9599999999423,2023-09-27T11:31:00-04:00,0.0,6.25,-952.959999999988,2023-09-27T16:00:00-04:00,0.0,6.099999999999994,-652.9599999999766,2023-09-28T16:00:00-04:00,0.0,,,2023-09-29T15:59:00-04:00,60.0,,,,,6.0,hit,10.0,hit,1618.0,hit,2880.0,hit,2895.0,hit,,never_hit,,never_hit,9.0,hit,9.0,hit,9.0,hit,77.0,hit,292.0,hit,3265.0,hit,9.199999999999932,529,True,True,True,True,,9.199999999999932,529,True,True,True,True,,,,True,True,True,False,4.850000000000005,,,True,True,True,False,4.850000000000005,2880.0,2023-09-29T09:31:00-04:00,2.6499999999999986,6247.0400000000145,2881.0,2023-09-29T09:32:00-04:00,2.4499999999999993,6647.040000000014,2882.0,2023-09-29T09:33:00-04:00,2.450000000000003,6647.040000000006,2881.0,2023-09-29T09:32:00-04:00,2.4499999999999993,6647.040000000014,2898.0,2023-09-29T09:49:00-04:00,1.700000000000001,8147.040000000009,2899.0,2023-09-29T09:50:00-04:00,1.9499999999999993,7647.040000000014,2905.0,2023-09-29T09:56:00-04:00,1.8499999999999979,7847.040000000016,2899.0,2023-09-29T09:50:00-04:00,1.9499999999999993,7647.040000000014,,,,,,,,,,,,,,,,,,,,,,,,,,,,,,,,,1336
2023-09-27,2023-09-29,2,7.0,2023-09-27T09:31:00-04:00,6.900000000000091,NDXP  230929P15890000,NDXP  230929P15880000,development,False,False,0,0,0,252,0,946,available,False,2023-09-27T09:31:00-04:00,2023-09-29T15:59:00-04:00,9.100000000000136,-4652.960000000092,1.0,last_observed_quote_not_settlement,1037.0,750,12,10.0,-6352.959999999818,2023-09-27T09:32:00-04:00,0.0,10.0,-6352.959999999818,2023-09-27T09:33:00-04:00,0.0,10.0,-6352.959999999818,2023-09-27T09:36:00-04:00,0.0,,,2023-09-27T09:40:00-04:00,60.0,9.549999999999955,-5552.959999999728,2023-09-27T09:46:00-04:00,0.0,8.949999999999818,-4352.959999999455,2023-09-27T10:01:00-04:00,0.0,10.0,-6352.959999999818,2023-09-27T10:31:00-04:00,0.0,10.0,-6352.959999999818,2023-09-27T11:31:00-04:00,0.0,10.0,-6352.959999999818,2023-09-27T16:00:00-04:00,0.0,,,2023-09-28T15:59:00-04:00,60.0,,,2023-09-29T15:59:00-04:00,60.0,,,,,187.0,hit,187.0,hit,187.0,hit,301.0,hit,,never_hit,,never_hit,,never_hit,1.0,hit,1.0,hit,1.0,hit,1.0,hit,1.0,hit,1.0,hit,10.0,222,True,True,True,True,,,,True,True,True,False,4.849999999999909,,,True,True,True,False,4.849999999999909,,,True,True,True,False,4.849999999999909,301.0,2023-09-27T14:32:00-04:00,2.5,8547.040000000183,,,,,,,,,302.0,2023-09-27T14:33:00-04:00,10.0,-6352.959999999818,,,,,,,,,,,,,,,,,,,,,,,,,,,,,,,,,,,,,,,,,,,,,,,,,1337
2023-09-29,2023-10-02,3,5.0,2023-09-29T09:31:00-04:00,5.0,NDXP  231002P14920000,NDXP  231002P14910000,development,False,False,0,0,0,45,0,748,available,False,2023-09-29T09:31:00-04:00,2023-10-02T15:58:00-04:00,9.950000000000003,-10152.96,2.0,last_observed_quote_not_settlement,3916.0,705,3,5.75,-1752.9599999999994,2023-09-29T09:32:00-04:00,0.0,5.849999999999994,-1952.959999999988,2023-09-29T09:33:00-04:00,0.0,5.650000000000006,-1552.9600000000107,2023-09-29T09:36:00-04:00,0.0,5.699999999999989,-1652.9599999999766,2023-09-29T09:41:00-04:00,0.0,5.5,-1252.9599999999994,2023-09-29T09:46:00-04:00,0.0,4.950000000000003,-152.96000000000498,2023-09-29T10:01:00-04:00,0.0,6.150000000000006,-2552.9600000000105,2023-09-29T10:31:00-04:00,0.0,6.600000000000023,-3452.9600000000446,2023-09-29T11:31:00-04:00,0.0,7.950000000000017,-6152.9600000000355,2023-09-29T16:00:00-04:00,0.0,,,2023-09-29T16:15:00-04:00,85500.0,,,2023-09-29T16:15:00-04:00,171900.0,,,2023-10-02T15:58:00-04:00,120.0,0.0,hit,0.0,hit,,never_hit,,never_hit,,never_hit,,never_hit,,never_hit,1.0,hit,6.0,hit,119.0,hit,204.0,hit,256.0,hit,356.0,hit,,,True,True,True,False,0.5,,,True,True,True,False,0.5,,,True,True,True,False,0.5,,,True,True,True,False,0.5,,,,,,,,,,,,,,,,,,,,,,,,,,,,,,,,,,,,,,,,,,,,,,,,,,,,,,,,,,,,,,,,,1338
2023-09-29,2023-10-02,3,6.0,2023-09-29T09:31:00-04:00,5.949999999999989,NDXP  231002P14940000,NDXP  231002P14930000,development,False,False,0,0,0,63,0,730,available,False,2023-09-29T09:31:00-04:00,2023-10-02T15:59:00-04:00,9.949999999999989,-8252.960000000001,1.0,last_observed_quote_not_settlement,3916.0,654,10,6.25,-852.9600000000221,2023-09-29T09:32:00-04:00,0.0,6.5,-1352.960000000022,2023-09-29T09:33:00-04:00,0.0,6.25,-852.9600000000221,2023-09-29T09:36:00-04:00,0.0,6.300000000000011,-952.9600000000448,2023-09-29T09:41:00-04:00,0.0,5.199999999999989,1247.0400000000006,2023-09-29T09:46:00-04:00,0.0,5.199999999999989,1247.0400000000006,2023-09-29T10:01:00-04:00,0.0,6.349999999999994,-1052.9600000000107,2023-09-29T10:31:00-04:00,0.0,7.349999999999994,-3052.9600000000105,2023-09-29T11:31:00-04:00,0.0,8.949999999999989,-6252.960000000001,2023-09-29T16:00:00-04:00,0.0,,,2023-09-29T16:15:00-04:00,85500.0,,,2023-09-29T16:15:00-04:00,171900.0,,,2023-10-02T15:59:00-04:00,60.0,15.0,hit,,never_hit,,never_hit,,never_hit,,never_hit,,never_hit,,never_hit,2.0,hit,54.0,hit,55.0,hit,143.0,hit,225.0,hit,269.0,hit,,,True,True,True,False,0.75,,,True,True,True,False,0.75,,,True,True,True,False,0.75,,,True,True,True,False,0.75,,,,,,,,,,,,,,,,,,,,,,,,,,,,,,,,,,,,,,,,,,,,,,,,,,,,,,,,,,,,,,,,,1339
2023-09-29,2023-10-02,3,7.0,2023-09-29T09:31:00-04:00,6.949999999999989,NDXP  231002P14990000,NDXP  231002P14980000,development,False,False,0,0,0,75,0,718,available,False,2023-09-29T09:31:00-04:00,2023-10-02T15:58:00-04:00,10.0,-6252.960000000023,2.0,last_observed_quote_not_settlement,3917.0,632,26,7.049999999999983,-452.95999999998793,2023-09-29T09:32:00-04:00,0.0,7.150000000000006,-652.9600000000335,2023-09-29T09:33:00-04:00,0.0,7.449999999999989,-1252.9599999999994,2023-09-29T09:36:00-04:00,0.0,7.25,-852.9600000000221,2023-09-29T09:41:00-04:00,0.0,6.599999999999994,447.03999999998933,2023-09-29T09:46:00-04:00,0.0,6.200000000000017,1247.0399999999438,2023-09-29T10:01:00-04:00,0.0,7.650000000000006,-1652.9600000000335,2023-09-29T10:31:00-04:00,0.0,8.350000000000023,-3052.960000000069,2023-09-29T11:31:00-04:00,0.0,8.749999999999943,-3852.95999999991,2023-09-29T16:00:00-04:00,0.0,,,2023-09-29T16:15:00-04:00,85500.0,,,2023-09-29T16:15:00-04:00,171900.0,,,2023-10-02T15:58:00-04:00,120.0,,never_hit,,never_hit,,never_hit,,never_hit,,never_hit,,never_hit,,never_hit,5.0,hit,7.0,hit,1.0,hit,7.0,hit,131.0,hit,223.0,hit,,,True,True,True,False,0.8499999999999943,,,True,True,True,False,0.8499999999999943,,,True,True,True,False,0.8499999999999943,,,True,True,True,False,0.8499999999999943,,,,,,,,,,,,,,,,,,,,,,,,,,,,,,,,,,,,,,,,,,,,,,,,,,,,,,,,,,,,,,,,,1340
2023-10-02,2023-10-04,2,5.0,2023-10-02T09:31:00-04:00,5.049999999999997,NDXP  231004P14720000,NDXP  231004P14710000,development,False,False,0,0,0,2,15,1198,available,False,2023-10-02T09:31:00-04:00,2023-10-04T16:00:00-04:00,3.25,3347.039999999995,0.0,last_observed_quote_not_settlement,1036.0,583,20,4.199999999999989,1447.0400000000177,2023-10-02T09:32:00-04:00,0.0,4.5,847.039999999995,2023-10-02T09:33:00-04:00,0.0,3.8499999999999943,2147.0400000000063,2023-10-02T09:36:00-04:00,0.0,3.5,2847.039999999995,2023-10-02T09:41:00-04:00,0.0,3.5999999999999943,2647.0400000000063,2023-10-02T09:46:00-04:00,0.0,3.25,3347.039999999995,2023-10-02T10:01:00-04:00,0.0,3.9000000000000057,2047.0399999999836,2023-10-02T10:31:00-04:00,0.0,2.299999999999997,5247.040000000001,2023-10-02T11:31:00-04:00,0.0,2.8999999999999986,4047.039999999998,2023-10-02T16:00:00-04:00,0.0,8.25,-6652.960000000006,2023-10-03T16:00:00-04:00,0.0,3.25,3347.039999999995,2023-10-04T16:00:00-04:00,0.0,,,,,0.0,hit,1.0,hit,3.0,hit,3.0,hit,3220.0,hit,3226.0,hit,3227.0,hit,1479.0,hit,1486.0,hit,1525.0,hit,1701.0,hit,1819.0,hit,,never_hit,5.049999999999997,0,False,False,False,False,,9.199999999999989,583,True,True,True,True,,9.199999999999989,583,True,True,True,True,,9.199999999999989,583,True,True,True,True,,3.0,2023-10-02T09:34:00-04:00,2.1500000000000057,5547.039999999984,106.0,2023-10-02T11:17:00-04:00,2.700000000000003,4447.039999999989,107.0,2023-10-02T11:18:00-04:00,2.6500000000000057,4547.039999999984,4.0,2023-10-02T09:35:00-04:00,3.5,2847.039999999995,3220.0,2023-10-04T15:11:00-04:00,1.75,6347.039999999995,3221.0,2023-10-04T15:12:00-04:00,1.2000000000000002,7447.0399999999945,3222.0,2023-10-04T15:13:00-04:00,1.2499999999999996,7347.039999999995,3221.0,2023-10-04T15:12:00-04:00,1.2000000000000002,7447.0399999999945,3227.0,2023-10-04T15:18:00-04:00,0.44999999999999973,8947.039999999995,3228.0,2023-10-04T15:19:00-04:00,0.5500000000000003,8747.039999999994,3229.0,2023-10-04T15:20:00-04:00,0.6000000000000001,8647.039999999995,3228.0,2023-10-04T15:19:00-04:00,0.5500000000000003,8747.039999999994,3227.0,2023-10-04T15:18:00-04:00,0.44999999999999973,8947.039999999995,3235.0,2023-10-04T15:26:00-04:00,0.42499999999999993,8997.039999999995,3242.0,2023-10-04T15:33:00-04:00,0.07500000000000007,9697.039999999995,3228.0,2023-10-04T15:19:00-04:00,0.5500000000000003,8747.039999999994,1341
2023-10-02,2023-10-04,2,6.0,2023-10-02T09:31:00-04:00,5.799999999999983,NDXP  231004P14740000,NDXP  231004P14730000,development,False,False,0,0,0,3,15,1197,available,False,2023-10-02T09:31:00-04:00,2023-10-04T15:58:00-04:00,0.0,11347.039999999968,2.0,last_observed_quote_not_settlement,1036.0,591,14,4.400000000000006,2547.0399999999554,2023-10-02T09:32:00-04:00,0.0,4.599999999999994,2147.039999999978,2023-10-02T09:33:00-04:00,0.0,4.099999999999994,3147.039999999978,2023-10-02T09:36:00-04:00,0.0,3.8000000000000114,3747.039999999944,2023-10-02T09:41:00-04:00,0.0,3.8000000000000114,3747.039999999944,2023-10-02T09:46:00-04:00,0.0,3.299999999999983,4747.040000000001,2023-10-02T10:01:00-04:00,0.0,3.950000000000017,3447.0399999999327,2023-10-02T10:31:00-04:00,0.0,2.549999999999997,6247.039999999973,2023-10-02T11:31:00-04:00,0.0,3.1500000000000057,5047.039999999955,2023-10-02T16:00:00-04:00,0.0,8.249999999999972,-5152.959999999978,2023-10-03T16:00:00-04:00,0.0,,,2023-10-04T15:58:00-04:00,120.0,,,,,1.0,hit,1.0,hit,7.0,hit,33.0,hit,3226.0,hit,3241.0,hit,3245.0,hit,1486.0,hit,1494.0,hit,1516.0,hit,1580.0,hit,1786.0,hit,,never_hit,5.8999999999999915,1,False,False,False,False,,9.300000000000011,591,True,True,True,True,,9.300000000000011,591,True,True,True,True,,9.300000000000011,591,True,True,True,True,,108.0,2023-10-02T11:19:00-04:00,2.8499999999999943,5647.039999999978,111.0,2023-10-02T11:22:00-04:00,2.5,6347.039999999966,112.0,2023-10-02T11:23:00-04:00,2.5,6347.039999999966,109.0,2023-10-02T11:20:00-04:00,3.0,5347.039999999966,3226.0,2023-10-04T15:17:00-04:00,1.9000000000000004,7547.039999999965,3227.0,2023-10-04T15:18:00-04:00,1.0999999999999996,9147.039999999968,3228.0,2023-10-04T15:19:00-04:00,1.625,8097.039999999966,3227.0,2023-10-04T15:18:00-04:00,1.0999999999999996,9147.039999999968,3241.0,2023-10-04T15:32:00-04:00,0.8249999999999997,9697.039999999966,3242.0,2023-10-04T15:33:00-04:00,0.5000000000000001,10347.039999999968,3243.0,2023-10-04T15:34:00-04:00,0.6749999999999998,9997.039999999968,3242.0,2023-10-04T15:33:00-04:00,0.5000000000000001,10347.039999999968,3245.0,2023-10-04T15:36:00-04:00,0.375,10597.039999999968,3246.0,2023-10-04T15:37:00-04:00,0.25,10847.039999999968,3247.0,2023-10-04T15:38:00-04:00,0.125,11097.039999999968,3246.0,2023-10-04T15:37:00-04:00,0.25,10847.039999999968,1342
2023-10-02,2023-10-04,2,7.0,2023-10-02T09:31:00-04:00,7.0,NDXP  231004P14950000,NDXP  231004P14940000,development,False,False,0,0,0,238,15,962,available,False,2023-10-02T09:31:00-04:00,2023-10-04T16:00:00-04:00,9.0,-4252.960000000001,0.0,last_observed_quote_not_settlement,1036.0,668,94,7.000000000000028,-252.96000000005614,2023-10-02T09:32:00-04:00,0.0,7.799999999999983,-1852.9599999999652,2023-10-02T09:33:00-04:00,0.0,7.649999999999977,-1552.9599999999539,2023-10-02T09:36:00-04:00,0.0,6.899999999999977,-52.959999999953816,2023-10-02T09:41:00-04:00,0.0,6.849999999999966,47.04000000006892,2023-10-02T09:46:00-04:00,0.0,6.900000000000006,-52.96000000001066,2023-10-02T10:01:00-04:00,0.0,8.099999999999966,-2452.9599999999327,2023-10-02T10:31:00-04:00,0.0,5.650000000000006,2447.0399999999895,2023-10-02T11:31:00-04:00,0.0,6.300000000000011,1147.039999999978,2023-10-02T16:00:00-04:00,0.0,9.75,-5752.960000000001,2023-10-03T16:00:00-04:00,0.0,9.0,-4252.960000000001,2023-10-04T16:00:00-04:00,0.0,,,,,33.0,hit,1469.0,hit,,never_hit,,never_hit,,never_hit,,never_hit,,never_hit,2.0,hit,60.0,hit,0.0,hit,60.0,hit,1474.0,hit,1482.0,hit,,,True,True,True,False,2.0,,,True,True,True,False,2.0,,,True,True,True,False,2.0,,,True,True,True,False,2.0,,,,,,,,,,,,,,,,,,,,,,,,,,,,,,,,,,,,,,,,,,,,,,,,,,,,,,,,,,,,,,,,,1343
2023-10-02,2023-10-05,3,5.0,2023-10-02T09:31:00-04:00,5.049999999999983,NDXP  231005P14770000,NDXP  231005P14760000,development,False,False,0,0,0,15,0,1590,available,False,2023-10-02T09:31:00-04:00,2023-10-05T16:00:00-04:00,10.0,-10052.960000000034,0.0,last_observed_quote_not_settlement,1036.0,1064,52,5.0,-152.9600000000334,2023-10-02T09:32:00-04:00,0.0,4.649999999999977,547.040000000012,2023-10-02T09:33:00-04:00,0.0,4.25,1347.0399999999665,2023-10-02T09:36:00-04:00,0.0,4.049999999999997,1747.0399999999722,2023-10-02T09:41:00-04:00,0.0,4.0,1847.0399999999665,2023-10-02T09:46:00-04:00,0.0,3.8000000000000114,2247.039999999944,2023-10-02T10:01:00-04:00,0.0,4.1499999999999915,1547.0399999999836,2023-10-02T10:31:00-04:00,0.0,3.0,3847.0399999999668,2023-10-02T11:31:00-04:00,0.0,3.549999999999997,2747.039999999972,2023-10-02T16:00:00-04:00,0.0,7.599999999999966,-5352.9599999999655,2023-10-03T16:00:00-04:00,0.0,4.400000000000006,1047.0399999999552,2023-10-04T16:00:00-04:00,0.0,10.0,-10052.960000000034,2023-10-05T16:00:00-04:00,0.0,0.0,hit,1.0,hit,13.0,hit,111.0,hit,,never_hit,,never_hit,,never_hit,93.0,hit,1469.0,hit,1518.0,hit,1717.0,hit,1797.0,hit,4390.0,hit,5.950000000000003,1,False,False,False,False,,,,True,True,True,False,2.049999999999983,,,True,True,True,False,2.049999999999983,,,True,True,True,False,2.049999999999983,,,,,,,,,,,,,,,,,,,,,,,,,,,,,,,,,,,,,,,,,,,,,,,,,,,,,,,,,,,,,,,,,1344
2023-10-02,2023-10-05,3,6.0,2023-10-02T09:31:00-04:00,5.850000000000023,NDXP  231005P14840000,NDXP  231005P14830000,development,False,False,0,0,0,37,0,1568,available,False,2023-10-02T09:31:00-04:00,2023-10-05T16:00:00-04:00,10.0,-8452.959999999954,0.0,last_observed_quote_not_settlement,1036.0,1152,49,5.700000000000017,47.04000000001208,2023-10-02T09:32:00-04:00,0.0,5.949999999999989,-452.9599999999311,2023-10-02T09:33:00-04:00,0.0,5.599999999999994,247.04000000005752,2023-10-02T09:36:00-04:00,0.0,5.050000000000011,1347.0400000000234,2023-10-02T09:41:00-04:00,0.0,4.899999999999977,1647.0400000000916,2023-10-02T09:46:00-04:00,0.0,4.599999999999994,2247.0400000000577,2023-10-02T10:01:00-04:00,0.0,5.300000000000011,847.0400000000234,2023-10-02T10:31:00-04:00,0.0,3.9000000000000057,3647.040000000035,2023-10-02T11:31:00-04:00,0.0,4.450000000000017,2547.0400000000122,2023-10-02T16:00:00-04:00,0.0,9.649999999999977,-7852.95999999991,2023-10-03T16:00:00-04:00,0.0,6.349999999999994,-1252.9599999999425,2023-10-04T16:00:00-04:00,0.0,10.0,-8452.959999999954,2023-10-05T16:00:00-04:00,0.0,3.0,hit,3.0,hit,14.0,hit,,never_hit,,never_hit,,never_hit,,never_hit,50.0,hit,50.0,hit,203.0,hit,203.0,hit,1549.0,hit,1780.0,hit,,,True,True,True,False,2.200000000000017,,,True,True,True,False,2.200000000000017,,,True,True,True,False,2.200000000000017,,,True,True,True,False,2.200000000000017,,,,,,,,,,,,,,,,,,,,,,,,,,,,,,,,,,,,,,,,,,,,,,,,,,,,,,,,,,,,,,,,,1345
2023-10-02,2023-10-05,3,7.0,2023-10-02T09:31:00-04:00,6.9500000000000455,NDXP  231005P14980000,NDXP  231005P14970000,development,False,False,0,0,0,163,0,1442,available,False,2023-10-02T09:31:00-04:00,2023-10-05T16:00:00-04:00,10.0,-6252.959999999909,0.0,last_observed_quote_not_settlement,1036.0,1175,99,6.899999999999977,-152.95999999986287,2023-10-02T09:32:00-04:00,0.0,7.199999999999932,-752.959999999772,2023-10-02T09:33:00-04:00,0.0,7.349999999999994,-1052.959999999897,2023-10-02T09:36:00-04:00,0.0,6.699999999999989,247.04000000011436,2023-10-02T09:41:00-04:00,0.0,6.300000000000011,1047.0400000000689,2023-10-02T09:46:00-04:00,0.0,7.300000000000011,-952.9599999999311,2023-10-02T10:01:00-04:00,0.0,6.999999999999972,-352.9599999998515,2023-10-02T10:31:00-04:00,0.0,6.099999999999966,1447.0400000001598,2023-10-02T11:31:00-04:00,0.0,6.149999999999977,1347.040000000137,2023-10-02T16:00:00-04:00,0.0,9.300000000000011,-4952.959999999933,2023-10-03T16:00:00-04:00,0.0,7.199999999999989,-752.9599999998857,2023-10-04T16:00:00-04:00,0.0,10.0,-6252.959999999909,2023-10-05T16:00:00-04:00,0.0,14.0,hit,14.0,hit,14.0,hit,14.0,hit,14.0,hit,,never_hit,,never_hit,3.0,hit,149.0,hit,2.0,hit,149.0,hit,1484.0,hit,1484.0,hit,7.649999999999977,4,True,False,False,False,,7.649999999999977,4,True,False,False,False,,,,True,True,True,False,5.350000000000051,,,True,True,True,False,5.350000000000051,14.0,2023-10-02T09:45:00-04:00,1.5999999999999943,10447.040000000105,,,,,,,,,15.0,2023-10-02T09:46:00-04:00,6.300000000000011,1047.0400000000689,14.0,2023-10-02T09:45:00-04:00,1.5999999999999943,10447.040000000105,,,,,,,,,15.0,2023-10-02T09:46:00-04:00,6.300000000000011,1047.0400000000689,,,,,,,,,,,,,,,,,,,,,,,,,,,,,,,,,1346
2023-10-03,2023-10-05,2,5.0,2023-10-03T09:31:00-04:00,4.950000000000003,NDXP  231005P14770000,NDXP  231005P14760000,development,False,False,0,0,0,15,15,1185,available,False,2023-10-03T09:31:00-04:00,2023-10-05T16:00:00-04:00,10.0,-10252.959999999994,0.0,last_observed_quote_not_settlement,1036.0,1057,22,4.6000000000000085,447.03999999998933,2023-10-03T09:32:00-04:00,0.0,4.1499999999999915,1347.0400000000234,2023-10-03T09:33:00-04:00,0.0,4.75,147.0400000000064,2023-10-03T09:36:00-04:00,0.0,4.400000000000006,847.039999999995,2023-10-03T09:41:00-04:00,0.0,4.549999999999983,547.0400000000404,2023-10-03T09:46:00-04:00,0.0,3.4000000000000057,2847.039999999995,2023-10-03T10:01:00-04:00,0.0,6.200000000000017,-2752.960000000028,2023-10-03T10:31:00-04:00,0.0,6.350000000000023,-3052.960000000039,2023-10-03T11:31:00-04:00,0.0,7.599999999999966,-5552.9599999999255,2023-10-03T16:00:00-04:00,0.0,4.400000000000006,847.039999999995,2023-10-04T16:00:00-04:00,0.0,10.0,-10252.959999999994,2023-10-05T16:00:00-04:00,0.0,,,,,0.0,hit,0.0,hit,22.0,hit,,never_hit,,never_hit,,never_hit,,never_hit,29.0,hit,29.0,hit,78.0,hit,277.0,hit,357.0,hit,2950.0,hit,,,True,True,True,False,1.5499999999999972,,,True,True,True,False,1.5499999999999972,,,True,True,True,False,1.5499999999999972,,,True,True,True,False,1.5499999999999972,,,,,,,,,,,,,,,,,,,,,,,,,,,,,,,,,,,,,,,,,,,,,,,,,,,,,,,,,,,,,,,,,1347
2023-10-03,2023-10-05,2,6.0,2023-10-03T09:31:00-04:00,5.950000000000017,NDXP  231005P14800000,NDXP  231005P14790000,development,False,False,0,0,0,20,15,1180,available,False,2023-10-03T09:31:00-04:00,2023-10-05T16:00:00-04:00,10.0,-8252.959999999965,0.0,last_observed_quote_not_settlement,1036.0,932,73,5.449999999999989,747.0400000000575,2023-10-03T09:32:00-04:00,0.0,4.800000000000011,2047.0400000000122,2023-10-03T09:33:00-04:00,0.0,5.300000000000011,1047.040000000012,2023-10-03T09:36:00-04:00,0.0,4.849999999999994,1947.0400000000461,2023-10-03T09:41:00-04:00,0.0,4.900000000000006,1847.0400000000234,2023-10-03T09:46:00-04:00,0.0,5.100000000000023,1447.0399999999893,2023-10-03T10:01:00-04:00,0.0,5.050000000000011,1547.040000000012,2023-10-03T10:31:00-04:00,0.0,7.649999999999977,-3652.9599999999195,2023-10-03T11:31:00-04:00,0.0,7.900000000000006,-4152.959999999976,2023-10-03T16:00:00-04:00,0.0,5.25,1147.0400000000348,2023-10-04T16:00:00-04:00,0.0,10.0,-8252.959999999965,2023-10-05T16:00:00-04:00,0.0,,,,,1.0,hit,2.0,hit,26.0,hit,,never_hit,,never_hit,,never_hit,,never_hit,41.0,hit,81.0,hit,81.0,hit,81.0,hit,326.0,hit,2927.0,hit,,,True,True,True,False,2.200000000000017,,,True,True,True,False,2.200000000000017,,,True,True,True,False,2.200000000000017,,,True,True,True,False,2.200000000000017,,,,,,,,,,,,,,,,,,,,,,,,,,,,,,,,,,,,,,,,,,,,,,,,,,,,,,,,,,,,,,,,,1348
2023-10-03,2023-10-05,2,7.0,2023-10-03T09:31:00-04:00,6.999999999999972,NDXP  231005P14940000,NDXP  231005P14930000,development,False,False,0,0,0,130,15,1070,available,False,2023-10-03T09:31:00-04:00,2023-10-05T15:59:00-04:00,9.300000000000011,-4852.960000000081,1.0,last_observed_quote_not_settlement,1036.0,963,15,6.900000000000006,-52.9600000000675,2023-10-03T09:32:00-04:00,0.0,5.949999999999989,1847.0399999999665,2023-10-03T09:33:00-04:00,0.0,7.149999999999977,-552.9600000000107,2023-10-03T09:36:00-04:00,0.0,6.900000000000006,-52.9600000000675,2023-10-03T09:41:00-04:00,0.0,6.799999999999983,147.03999999997797,2023-10-03T09:46:00-04:00,0.0,8.5,-3252.960000000058,2023-10-03T10:01:00-04:00,0.0,8.650000000000034,-3552.960000000126,2023-10-03T10:31:00-04:00,0.0,9.300000000000011,-4852.960000000081,2023-10-03T11:31:00-04:00,0.0,7.850000000000023,-1952.9600000001017,2023-10-03T16:00:00-04:00,0.0,8.099999999999994,-2452.9600000000464,2023-10-04T16:00:00-04:00,0.0,,,2023-10-05T15:59:00-04:00,60.0,,,,,23.0,hit,,never_hit,,never_hit,,never_hit,,never_hit,,never_hit,,never_hit,3.0,hit,3.0,hit,3.0,hit,3.0,hit,43.0,hit,86.0,hit,,,True,True,True,False,1.4999999999999716,,,True,True,True,False,1.4999999999999716,,,True,True,True,False,1.4999999999999716,,,True,True,True,False,1.4999999999999716,,,,,,,,,,,,,,,,,,,,,,,,,,,,,,,,,,,,,,,,,,,,,,,,,,,,,,,,,,,,,,,,,1349
2023-10-03,2023-10-06,3,5.0,2023-10-03T09:31:00-04:00,5.050000000000011,NDXP  231006P14840000,NDXP  231006P14830000,development,False,False,0,0,1,0,0,1604,available,False,2023-10-03T09:31:00-04:00,2023-10-06T15:59:00-04:00,0.025000000000000022,9797.040000000023,1.0,last_observed_quote_not_settlement,1036.0,1305,25,5.650000000000006,-1452.959999999988,2023-10-03T09:32:00-04:00,0.0,6.149999999999977,-2452.959999999931,2023-10-03T09:33:00-04:00,0.0,5.399999999999977,-952.9599999999311,2023-10-03T09:36:00-04:00,0.0,5.200000000000017,-552.9600000000107,2023-10-03T09:41:00-04:00,0.0,5.300000000000011,-752.9599999999994,2023-10-03T09:46:00-04:00,0.0,5.200000000000017,-552.9600000000107,2023-10-03T10:01:00-04:00,0.0,6.849999999999994,-3852.959999999965,2023-10-03T10:31:00-04:00,0.0,7.149999999999977,-4452.959999999931,2023-10-03T11:31:00-04:00,0.0,6.7999999999999545,-3752.9599999998854,2023-10-03T16:00:00-04:00,0.0,6.299999999999983,-2752.9599999999423,2023-10-04T16:00:00-04:00,0.0,6.800000000000011,-3752.959999999999,2023-10-05T16:00:00-04:00,0.0,,,2023-10-06T15:59:00-04:00,60.0,0.0,hit,3.0,hit,1469.0,hit,1469.0,hit,4477.0,hit,4544.0,hit,4562.0,hit,1.0,hit,2.0,hit,8.0,hit,88.0,hit,2956.0,hit,4330.0,hit,8.449999999999989,420,True,True,False,False,,10.0,1305,True,True,True,True,,10.0,1305,True,True,True,True,,10.0,1305,True,True,True,True,,1469.0,2023-10-04T10:00:00-04:00,2.549999999999983,4747.040000000057,4466.0,2023-10-06T11:57:00-04:00,2.450000000000003,4947.040000000018,4467.0,2023-10-06T11:58:00-04:00,2.25,5347.040000000024,1470.0,2023-10-04T10:01:00-04:00,7.550000000000011,-5252.959999999999,4477.0,2023-10-06T12:08:00-04:00,1.9499999999999993,5947.0400000000245,4478.0,2023-10-06T12:09:00-04:00,1.75,6347.040000000024,4479.0,2023-10-06T12:10:00-04:00,1.9499999999999993,5947.0400000000245,4478.0,2023-10-06T12:09:00-04:00,1.75,6347.040000000024,4544.0,2023-10-06T13:15:00-04:00,0.9499999999999993,7947.0400000000245,4545.0,2023-10-06T13:16:00-04:00,0.9000000000000004,8047.040000000023,4546.0,2023-10-06T13:17:00-04:00,0.8999999999999995,8047.0400000000245,4545.0,2023-10-06T13:16:00-04:00,0.9000000000000004,8047.040000000023,4570.0,2023-10-06T13:41:00-04:00,0.44999999999999973,8947.040000000025,4590.0,2023-10-06T14:01:00-04:00,0.4249999999999998,8997.040000000025,4591.0,2023-10-06T14:02:00-04:00,0.34999999999999964,9147.040000000025,4571.0,2023-10-06T13:42:00-04:00,0.5999999999999996,8647.040000000025,1350
2023-10-03,2023-10-06,3,6.0,2023-10-03T09:31:00-04:00,6.0,NDXP  231006P14880000,NDXP  231006P14870000,development,False,False,0,0,1,13,0,1591,available,False,2023-10-03T09:31:00-04:00,2023-10-06T15:59:00-04:00,0.0,11747.04,1.0,last_observed_quote_not_settlement,1037.0,1267,44,5.400000000000006,947.0399999999893,2023-10-03T09:32:00-04:00,0.0,6.0,-252.9599999999993,2023-10-03T09:33:00-04:00,0.0,6.349999999999966,-952.9599999999311,2023-10-03T09:36:00-04:00,0.0,4.75,2247.040000000001,2023-10-03T09:41:00-04:00,0.0,5.699999999999989,347.04000000002344,2023-10-03T09:46:00-04:00,0.0,5.449999999999989,847.0400000000234,2023-10-03T10:01:00-04:00,0.0,7.199999999999989,-2652.9599999999764,2023-10-03T10:31:00-04:00,0.0,7.9500000000000455,-4152.960000000092,2023-10-03T11:31:00-04:00,0.0,8.199999999999989,-4652.959999999978,2023-10-03T16:00:00-04:00,0.0,6.900000000000006,-2052.9600000000105,2023-10-04T16:00:00-04:00,0.0,8.100000000000023,-4452.960000000046,2023-10-05T16:00:00-04:00,0.0,,,2023-10-06T15:59:00-04:00,60.0,1.0,hit,7.0,hit,4466.0,hit,4515.0,hit,4544.0,hit,4588.0,hit,4610.0,hit,35.0,hit,37.0,hit,37.0,hit,67.0,hit,358.0,hit,376.0,hit,10.0,1267,True,True,True,True,,10.0,1267,True,True,True,True,,10.0,1267,True,True,True,True,,10.0,1267,True,True,True,True,,4515.0,2023-10-06T12:46:00-04:00,2.849999999999998,6047.0400000000045,4516.0,2023-10-06T12:47:00-04:00,2.8500000000000014,6047.039999999998,4517.0,2023-10-06T12:48:00-04:00,2.8999999999999986,5947.040000000004,4516.0,2023-10-06T12:47:00-04:00,2.8500000000000014,6047.039999999998,4544.0,2023-10-06T13:15:00-04:00,1.9000000000000004,7947.04,4545.0,2023-10-06T13:16:00-04:00,1.6999999999999993,8347.040000000003,4546.0,2023-10-06T13:17:00-04:00,1.8000000000000007,8147.04,4545.0,2023-10-06T13:16:00-04:00,1.6999999999999993,8347.040000000003,4588.0,2023-10-06T13:59:00-04:00,0.8499999999999996,10047.040000000003,4593.0,2023-10-06T14:04:00-04:00,0.75,10247.04,4594.0,2023-10-06T14:05:00-04:00,0.9499999999999993,9847.040000000003,4589.0,2023-10-06T14:00:00-04:00,0.9500000000000002,9847.04,4611.0,2023-10-06T14:22:00-04:00,0.40000000000000036,10947.04,4612.0,2023-10-06T14:23:00-04:00,0.2999999999999998,11147.040000000003,4613.0,2023-10-06T14:24:00-04:00,0.22499999999999964,11297.040000000003,4612.0,2023-10-06T14:23:00-04:00,0.2999999999999998,11147.040000000003,1351
2023-10-03,2023-10-06,3,7.0,2023-10-03T09:31:00-04:00,7.0,NDXP  231006P15940000,NDXP  231006P15930000,development,False,False,0,0,0,240,0,1364,available,False,2023-10-03T09:31:00-04:00,2023-10-06T15:56:00-04:00,4.900000000000091,3947.039999999819,4.0,last_observed_quote_not_settlement,1037.0,1188,16,9.449999999999818,-5152.959999999637,2023-10-03T09:32:00-04:00,0.0,7.999999999999773,-2252.959999999546,2023-10-03T09:33:00-04:00,0.0,9.950000000000045,-6152.96,2023-10-03T09:36:00-04:00,0.0,10.0,-6152.96,2023-10-03T09:41:00-04:00,0.0,9.949999999999818,-6152.959999999637,2023-10-03T09:46:00-04:00,0.0,,,2023-10-03T09:59:00-04:00,120.0,10.0,-6152.96,2023-10-03T10:31:00-04:00,0.0,10.0,-6152.96,2023-10-03T11:31:00-04:00,0.0,9.950000000000045,-6152.96,2023-10-03T16:00:00-04:00,0.0,9.799999999999955,-5852.95999999991,2023-10-04T16:00:00-04:00,0.0,,,2023-10-05T15:59:00-04:00,60.0,,,2023-10-06T15:56:00-04:00,240.0,3014.0,hit,3014.0,hit,,never_hit,,never_hit,,never_hit,,never_hit,,never_hit,1.0,hit,1.0,hit,0.0,hit,1.0,hit,1.0,hit,4.0,hit,,,True,True,True,False,2.6000000000000227,,,True,True,True,False,2.6000000000000227,,,True,True,True,False,2.6000000000000227,,,True,True,True,False,2.6000000000000227,,,,,,,,,,,,,,,,,,,,,,,,,,,,,,,,,,,,,,,,,,,,,,,,,,,,,,,,,,,,,,,,,1352
2023-10-04,2023-10-06,2,5.0,2023-10-04T09:31:00-04:00,5.0499999999999545,NDXP  231006P14720000,NDXP  231006P14710000,development,False,False,0,0,0,2,0,1198,available,False,2023-10-04T09:31:00-04:00,2023-10-06T15:59:00-04:00,0.0,9847.03999999991,1.0,last_observed_quote_not_settlement,1036.0,392,54,5.550000000000011,-1252.960000000113,2023-10-04T09:32:00-04:00,0.0,5.549999999999983,-1252.9600000000562,2023-10-04T09:33:00-04:00,0.0,5.850000000000023,-1852.9600000001358,2023-10-04T09:36:00-04:00,0.0,5.200000000000017,-552.9600000001244,2023-10-04T09:41:00-04:00,0.0,5.099999999999994,-352.9600000000789,2023-10-04T09:46:00-04:00,0.0,5.499999999999972,-1152.9600000000335,2023-10-04T10:01:00-04:00,0.0,6.600000000000023,-3352.9600000001356,2023-10-04T10:31:00-04:00,0.0,4.849999999999994,147.03999999992112,2023-10-04T11:31:00-04:00,0.0,3.6500000000000057,2547.0399999998986,2023-10-04T16:00:00-04:00,0.0,4.550000000000011,747.039999999887,2023-10-05T16:00:00-04:00,0.0,,,2023-10-06T15:59:00-04:00,60.0,,,,,0.0,hit,8.0,hit,160.0,hit,1819.0,hit,2998.0,hit,3010.0,hit,3026.0,hit,1.0,hit,20.0,hit,52.0,hit,2913.0,hit,,never_hit,,never_hit,7.849999999999994,333,True,False,False,False,,8.700000000000017,392,True,True,False,False,,8.700000000000017,392,True,True,False,False,,8.700000000000017,392,True,True,False,False,,1819.0,2023-10-05T15:50:00-04:00,2.8500000000000085,4147.039999999893,2975.0,2023-10-06T11:06:00-04:00,2.8000000000000007,4247.039999999908,2976.0,2023-10-06T11:07:00-04:00,2.6999999999999957,4447.039999999918,1820.0,2023-10-05T15:51:00-04:00,4.450000000000003,947.039999999904,2998.0,2023-10-06T11:29:00-04:00,1.6500000000000004,6547.039999999909,3003.0,2023-10-06T11:34:00-04:00,1.4000000000000004,7047.039999999909,3004.0,2023-10-06T11:35:00-04:00,1.1999999999999993,7447.039999999911,2999.0,2023-10-06T11:30:00-04:00,2.3000000000000007,5247.039999999908,3010.0,2023-10-06T11:41:00-04:00,0.9499999999999993,7947.039999999911,3013.0,2023-10-06T11:44:00-04:00,0.75,8347.03999999991,3014.0,2023-10-06T11:45:00-04:00,0.8499999999999996,8147.039999999911,3011.0,2023-10-06T11:42:00-04:00,1.0,7847.03999999991,3028.0,2023-10-06T11:59:00-04:00,0.4499999999999993,8947.039999999912,3029.0,2023-10-06T12:00:00-04:00,0.3000000000000007,9247.03999999991,3030.0,2023-10-06T12:01:00-04:00,0.40000000000000036,9047.03999999991,3029.0,2023-10-06T12:00:00-04:00,0.3000000000000007,9247.03999999991,1353
2023-10-04,2023-10-06,2,6.0,2023-10-04T09:31:00-04:00,6.0,NDXP  231006P14780000,NDXP  231006P14770000,development,False,False,0,0,0,4,0,1196,available,False,2023-10-04T09:31:00-04:00,2023-10-06T16:00:00-04:00,2.0,7747.040000000001,0.0,last_observed_quote_not_settlement,1036.0,372,62,6.300000000000011,-852.9600000000221,2023-10-04T09:32:00-04:00,0.0,6.149999999999977,-552.9599999999539,2023-10-04T09:33:00-04:00,0.0,5.900000000000006,-52.96000000001066,2023-10-04T09:36:00-04:00,0.0,6.449999999999989,-1152.9599999999766,2023-10-04T09:41:00-04:00,0.0,6.050000000000011,-352.96000000002203,2023-10-04T09:46:00-04:00,0.0,5.650000000000006,447.03999999998933,2023-10-04T10:01:00-04:00,0.0,6.500000000000028,-1252.9600000000562,2023-10-04T10:31:00-04:00,0.0,5.550000000000011,647.0399999999779,2023-10-04T11:31:00-04:00,0.0,5.3999999999999915,947.0400000000177,2023-10-04T16:00:00-04:00,0.0,5.599999999999994,547.040000000012,2023-10-05T16:00:00-04:00,0.0,2.0,7747.040000000001,2023-10-06T16:00:00-04:00,0.0,,,,,4.0,hit,28.0,hit,373.0,hit,3003.0,hit,3010.0,hit,3029.0,hit,3075.0,hit,13.0,hit,20.0,hit,20.0,hit,1509.0,hit,2895.0,hit,2895.0,hit,9.550000000000011,372,True,True,True,True,,9.550000000000011,372,True,True,True,True,,9.550000000000011,372,True,True,True,True,,9.550000000000011,372,True,True,True,True,,3003.0,2023-10-06T11:34:00-04:00,2.6999999999999993,6347.040000000002,3004.0,2023-10-06T11:35:00-04:00,2.4499999999999957,6847.040000000009,3005.0,2023-10-06T11:36:00-04:00,2.4999999999999964,6747.040000000008,3004.0,2023-10-06T11:35:00-04:00,2.4499999999999957,6847.040000000009,3010.0,2023-10-06T11:41:00-04:00,1.8000000000000007,8147.04,3013.0,2023-10-06T11:44:00-04:00,1.75,8247.04,3014.0,2023-10-06T11:45:00-04:00,1.8500000000000014,8047.039999999998,3011.0,2023-10-06T11:42:00-04:00,2.0500000000000007,7647.039999999999,3031.0,2023-10-06T12:02:00-04:00,0.8500000000000014,10047.039999999999,3038.0,2023-10-06T12:09:00-04:00,0.6999999999999993,10347.040000000003,3039.0,2023-10-06T12:10:00-04:00,0.8999999999999986,9947.040000000005,3032.0,2023-10-06T12:03:00-04:00,1.049999999999999,9647.040000000005,3103.0,2023-10-06T13:14:00-04:00,0.375,10997.04,3104.0,2023-10-06T13:15:00-04:00,0.375,10997.04,3105.0,2023-10-06T13:16:00-04:00,0.3000000000000007,11147.04,3104.0,2023-10-06T13:15:00-04:00,0.375,10997.04,1354
2023-10-04,2023-10-06,2,7.0,2023-10-04T09:31:00-04:00,6.999999999999943,NDXP  231006P14860000,NDXP  231006P14850000,development,False,False,0,0,1,14,0,1185,available,False,2023-10-04T09:31:00-04:00,2023-10-06T15:59:00-04:00,0.0,13747.039999999888,1.0,last_observed_quote_not_settlement,1037.0,487,116,7.349999999999994,-952.9600000001017,2023-10-04T09:32:00-04:00,0.0,7.799999999999983,-1852.960000000079,2023-10-04T09:33:00-04:00,0.0,7.100000000000023,-452.96000000015846,2023-10-04T09:36:00-04:00,0.0,6.400000000000006,947.0399999998756,2023-10-04T09:41:00-04:00,0.0,7.599999999999994,-1452.9600000001017,2023-10-04T09:46:00-04:00,0.0,6.949999999999989,-152.96000000009025,2023-10-04T10:01:00-04:00,0.0,7.449999999999989,-1152.9600000000903,2023-10-04T10:31:00-04:00,0.0,7.199999999999989,-652.9600000000903,2023-10-04T11:31:00-04:00,0.0,6.400000000000006,947.0399999998756,2023-10-04T16:00:00-04:00,0.0,7.049999999999983,-352.9600000000789,2023-10-05T16:00:00-04:00,0.0,,,2023-10-06T15:59:00-04:00,60.0,,,,,183.0,hit,358.0,hit,3010.0,hit,3027.0,hit,3076.0,hit,3112.0,hit,3152.0,hit,2.0,hit,29.0,hit,1.0,hit,29.0,hit,29.0,hit,29.0,hit,10.0,487,True,True,True,True,,10.0,487,True,True,True,True,,10.0,487,True,True,True,True,,10.0,487,True,True,True,True,,3027.0,2023-10-06T11:58:00-04:00,2.799999999999997,8147.039999999893,3028.0,2023-10-06T11:59:00-04:00,2.9499999999999993,7847.039999999888,3029.0,2023-10-06T12:00:00-04:00,2.8500000000000014,8047.0399999998845,3028.0,2023-10-06T11:59:00-04:00,2.9499999999999993,7847.039999999888,3078.0,2023-10-06T12:49:00-04:00,1.9000000000000004,9947.039999999888,3103.0,2023-10-06T13:14:00-04:00,1.4499999999999993,10847.03999999989,3104.0,2023-10-06T13:15:00-04:00,1.200000000000001,11347.039999999886,3079.0,2023-10-06T12:50:00-04:00,2.0999999999999996,9547.039999999888,3112.0,2023-10-06T13:23:00-04:00,0.8999999999999995,11947.039999999888,3115.0,2023-10-06T13:26:00-04:00,0.9000000000000004,11947.039999999888,3123.0,2023-10-06T13:34:00-04:00,0.75,12247.039999999888,3113.0,2023-10-06T13:24:00-04:00,1.0,11747.039999999888,3153.0,2023-10-06T14:04:00-04:00,0.25,13247.039999999888,3154.0,2023-10-06T14:05:00-04:00,0.3999999999999999,12947.039999999888,3160.0,2023-10-06T14:11:00-04:00,0.375,12997.039999999888,3154.0,2023-10-06T14:05:00-04:00,0.3999999999999999,12947.039999999888,1355
2023-10-06,2023-10-09,3,5.0,2023-10-06T09:31:00-04:00,5.09999999999998,NDXP  231009P14660000,NDXP  231009P14650000,development,False,False,0,0,0,130,0,665,available,False,2023-10-06T09:31:00-04:00,2023-10-09T16:00:00-04:00,4.5249999999999995,897.039999999962,0.0,last_observed_quote_not_settlement,3916.0,33,16,4.6000000000000085,747.0399999999438,2023-10-06T09:32:00-04:00,0.0,4.700000000000017,547.0399999999267,2023-10-06T09:33:00-04:00,0.0,5.200000000000017,-452.9600000000732,2023-10-06T09:36:00-04:00,0.0,5.899999999999977,-1852.9599999999937,2023-10-06T09:41:00-04:00,0.0,5.099999999999994,-252.96000000002772,2023-10-06T09:46:00-04:00,0.0,5.450000000000003,-952.9600000000448,2023-10-06T10:01:00-04:00,0.0,3.6000000000000085,2747.039999999944,2023-10-06T10:31:00-04:00,0.0,2.25,5447.039999999961,2023-10-06T11:31:00-04:00,0.0,0.25000000000000044,9447.03999999996,2023-10-06T16:00:00-04:00,0.0,,,2023-10-06T16:15:00-04:00,85500.0,,,2023-10-06T16:15:00-04:00,171900.0,4.5249999999999995,897.039999999962,2023-10-09T16:00:00-04:00,0.0,0.0,hit,1.0,hit,55.0,hit,77.0,hit,118.0,hit,158.0,hit,291.0,hit,7.0,hit,37.0,hit,39.0,hit,,never_hit,,never_hit,,never_hit,7.249999999999972,32,True,False,False,False,,7.249999999999972,33,True,False,False,False,,7.249999999999972,33,True,False,False,False,,7.249999999999972,33,True,False,False,False,,81.0,2023-10-06T10:52:00-04:00,2.9000000000000057,4147.03999999995,95.0,2023-10-06T11:06:00-04:00,2.8000000000000114,4347.039999999938,96.0,2023-10-06T11:07:00-04:00,2.6999999999999957,4547.039999999969,82.0,2023-10-06T10:53:00-04:00,3.1000000000000014,3747.039999999958,118.0,2023-10-06T11:29:00-04:00,1.8499999999999943,6247.039999999973,125.0,2023-10-06T11:36:00-04:00,1.8500000000000014,6247.039999999958,126.0,2023-10-06T11:37:00-04:00,1.9000000000000021,6147.039999999956,119.0,2023-10-06T11:30:00-04:00,2.75,4447.039999999961,158.0,2023-10-06T12:09:00-04:00,0.9499999999999957,8047.039999999969,225.0,2023-10-06T13:16:00-04:00,0.9000000000000004,8147.03999999996,226.0,2023-10-06T13:17:00-04:00,0.9000000000000004,8147.03999999996,159.0,2023-10-06T12:10:00-04:00,1.2000000000000028,7547.039999999955,305.0,2023-10-06T14:36:00-04:00,0.40000000000000036,9147.03999999996,306.0,2023-10-06T14:37:00-04:00,0.4499999999999993,9047.039999999963,307.0,2023-10-06T14:38:00-04:00,0.4499999999999993,9047.039999999963,306.0,2023-10-06T14:37:00-04:00,0.4499999999999993,9047.039999999963,1356
2023-10-06,2023-10-09,3,6.0,2023-10-06T09:31:00-04:00,6.0,NDXP  231009P15550000,NDXP  231009P15540000,development,False,False,0,0,0,144,0,651,available,False,2023-10-06T09:31:00-04:00,2023-10-09T16:00:00-04:00,10.0,-8152.96,0.0,last_observed_quote_not_settlement,3917.0,536,6,9.849999999999909,-7952.959999999819,2023-10-06T09:32:00-04:00,0.0,10.0,-8152.96,2023-10-06T09:33:00-04:00,0.0,,,2023-10-06T09:35:00-04:00,60.0,,,2023-10-06T09:39:00-04:00,120.0,8.449999999999932,-5152.9599999998645,2023-10-06T09:46:00-04:00,0.0,10.0,-8152.96,2023-10-06T10:01:00-04:00,0.0,10.0,-8152.96,2023-10-06T10:31:00-04:00,0.0,10.0,-8152.96,2023-10-06T11:31:00-04:00,0.0,9.049999999999955,-6352.95999999991,2023-10-06T16:00:00-04:00,0.0,,,2023-10-06T16:14:00-04:00,85560.0,,,2023-10-06T16:14:00-04:00,171960.0,10.0,-8152.96,2023-10-09T16:00:00-04:00,0.0,13.0,hit,13.0,hit,20.0,hit,20.0,hit,35.0,hit,35.0,hit,35.0,hit,1.0,hit,1.0,hit,1.0,hit,1.0,hit,1.0,hit,1.0,hit,10.0,8,True,True,True,True,,10.0,11,True,True,True,True,,10.0,11,True,True,True,True,,10.0,11,True,True,True,True,,20.0,2023-10-06T09:51:00-04:00,2.650000000000091,6447.039999999819,,,,,,,,,21.0,2023-10-06T09:52:00-04:00,10.0,-8152.96,35.0,2023-10-06T10:06:00-04:00,0.049999999999954525,11647.040000000092,,,,,,,,,36.0,2023-10-06T10:07:00-04:00,10.0,-8152.96,35.0,2023-10-06T10:06:00-04:00,0.049999999999954525,11647.040000000092,,,,,,,,,36.0,2023-10-06T10:07:00-04:00,10.0,-8152.96,35.0,2023-10-06T10:06:00-04:00,0.049999999999954525,11647.040000000092,,,,,,,,,36.0,2023-10-06T10:07:00-04:00,10.0,-8152.96,1357
2023-10-06,2023-10-09,3,7.0,2023-10-06T09:31:00-04:00,6.9500000000000455,NDXP  231009P15300000,NDXP  231009P15290000,development,False,False,0,0,0,261,0,534,available,False,2023-10-06T09:31:00-04:00,2023-10-09T16:00:00-04:00,10.0,-6252.959999999909,0.0,last_observed_quote_not_settlement,3917.0,372,16,,,2023-10-06T09:31:00-04:00,60.0,,,2023-10-06T09:31:00-04:00,120.0,,,2023-10-06T09:31:00-04:00,300.0,,,2023-10-06T09:39:00-04:00,120.0,9.549999999999955,-5452.959999999819,2023-10-06T09:46:00-04:00,0.0,9.100000000000023,-4552.9599999999555,2023-10-06T10:01:00-04:00,0.0,,,2023-10-06T10:30:00-04:00,60.0,9.5,-5352.95999999991,2023-10-06T11:31:00-04:00,0.0,9.75,-5852.95999999991,2023-10-06T16:00:00-04:00,0.0,,,2023-10-06T16:15:00-04:00,85500.0,,,2023-10-06T16:15:00-04:00,171900.0,10.0,-6252.959999999909,2023-10-09T16:00:00-04:00,0.0,81.0,hit,81.0,hit,81.0,hit,,never_hit,,never_hit,,never_hit,,never_hit,6.0,hit,6.0,hit,6.0,hit,6.0,hit,8.0,hit,15.0,hit,,,True,True,True,False,3.0000000000001137,,,True,True,True,False,3.0000000000001137,,,True,True,True,False,3.0000000000001137,,,True,True,True,False,3.0000000000001137,,,,,,,,,,,,,,,,,,,,,,,,,,,,,,,,,,,,,,,,,,,,,,,,,,,,,,,,,,,,,,,,,1358
2023-10-09,2023-10-11,2,5.0,2023-10-09T09:31:00-04:00,5.0,NDXP  231011P14930000,NDXP  231011P14920000,development,False,False,0,0,0,4,15,1196,available,False,2023-10-09T09:31:00-04:00,2023-10-11T16:00:00-04:00,0.0,9747.04,0.0,last_observed_quote_not_settlement,1036.0,101,35,5.400000000000034,-1052.9600000000676,2023-10-09T09:32:00-04:00,0.0,6.0,-2252.959999999999,2023-10-09T09:33:00-04:00,0.0,6.100000000000023,-2452.9600000000446,2023-10-09T09:36:00-04:00,0.0,5.949999999999989,-2152.9599999999764,2023-10-09T09:41:00-04:00,0.0,5.050000000000011,-352.96000000002203,2023-10-09T09:46:00-04:00,0.0,5.050000000000011,-352.96000000002203,2023-10-09T10:01:00-04:00,0.0,5.25,-752.9599999999994,2023-10-09T10:31:00-04:00,0.0,5.0,-252.9599999999993,2023-10-09T11:31:00-04:00,0.0,3.0500000000000043,3647.0399999999922,2023-10-09T16:00:00-04:00,0.0,0.6500000000000021,8447.039999999997,2023-10-10T16:00:00-04:00,0.0,0.0,9747.04,2023-10-11T16:00:00-04:00,0.0,,,,,0.0,hit,0.0,hit,38.0,hit,38.0,hit,1443.0,hit,1508.0,hit,1596.0,hit,2.0,hit,2.0,hit,9.0,hit,,never_hit,,never_hit,,never_hit,7.199999999999989,23,True,False,False,False,,7.199999999999989,101,True,False,False,False,,7.199999999999989,101,True,False,False,False,,7.199999999999989,101,True,False,False,False,,258.0,2023-10-09T13:49:00-04:00,2.8999999999999986,3947.0400000000036,263.0,2023-10-09T13:54:00-04:00,2.8999999999999915,3947.0400000000177,264.0,2023-10-09T13:55:00-04:00,2.8499999999999943,4047.040000000012,259.0,2023-10-09T13:50:00-04:00,2.950000000000003,3847.039999999995,1461.0,2023-10-10T09:52:00-04:00,1.8000000000000007,6147.039999999999,1469.0,2023-10-10T10:00:00-04:00,1.8000000000000007,6147.039999999999,1470.0,2023-10-10T10:01:00-04:00,1.6000000000000014,6547.039999999998,1462.0,2023-10-10T09:53:00-04:00,2.25,5247.040000000001,1508.0,2023-10-10T10:39:00-04:00,0.9499999999999993,7847.040000000002,1509.0,2023-10-10T10:40:00-04:00,0.8999999999999986,7947.040000000004,1523.0,2023-10-10T10:54:00-04:00,0.8499999999999996,8047.040000000002,1509.0,2023-10-10T10:40:00-04:00,0.8999999999999986,7947.040000000004,1596.0,2023-10-10T12:07:00-04:00,0.40000000000000124,8947.039999999999,2881.0,2023-10-11T09:32:00-04:00,0.20000000000000018,9347.04,2882.0,2023-10-11T09:33:00-04:00,0.2250000000000001,9297.04,1597.0,2023-10-10T12:08:00-04:00,0.5999999999999996,8547.040000000003,1359
2023-10-09,2023-10-11,2,6.0,2023-10-09T09:31:00-04:00,6.0,NDXP  231011P14970000,NDXP  231011P14960000,development,False,False,0,0,0,12,15,1188,available,False,2023-10-09T09:31:00-04:00,2023-10-11T16:00:00-04:00,0.0,11747.04,0.0,last_observed_quote_not_settlement,1036.0,69,42,5.949999999999989,-152.95999999997656,2023-10-09T09:32:00-04:00,0.0,6.450000000000017,-1152.9600000000335,2023-10-09T09:33:00-04:00,0.0,6.600000000000023,-1452.9600000000448,2023-10-09T09:36:00-04:00,0.0,6.399999999999977,-1052.9599999999539,2023-10-09T09:41:00-04:00,0.0,5.5,747.0400000000006,2023-10-09T09:46:00-04:00,0.0,5.449999999999989,847.0400000000234,2023-10-09T10:01:00-04:00,0.0,5.950000000000017,-152.9600000000334,2023-10-09T10:31:00-04:00,0.0,5.75,247.04000000000067,2023-10-09T11:31:00-04:00,0.0,3.249999999999993,5247.0400000000145,2023-10-09T16:00:00-04:00,0.0,1.3500000000000014,9047.039999999999,2023-10-10T16:00:00-04:00,0.0,0.0,11747.04,2023-10-11T16:00:00-04:00,0.0,,,,,14.0,hit,168.0,hit,248.0,hit,278.0,hit,329.0,hit,329.0,hit,329.0,hit,3.0,hit,42.0,hit,42.0,hit,,never_hit,,never_hit,,never_hit,7.25,69,True,False,False,False,,7.25,69,True,False,False,False,,7.25,69,True,False,False,False,,7.25,69,True,False,False,False,,278.0,2023-10-09T14:09:00-04:00,2.9499999999999957,5847.040000000009,1452.0,2023-10-10T09:43:00-04:00,2.6500000000000057,6447.039999999989,1453.0,2023-10-10T09:44:00-04:00,2.549999999999997,6647.040000000006,279.0,2023-10-09T14:10:00-04:00,3.200000000000003,5347.039999999995,329.0,2023-10-09T15:00:00-04:00,0.3500000000000014,11047.039999999999,1488.0,2023-10-10T10:19:00-04:00,1.8500000000000014,8047.039999999998,1489.0,2023-10-10T10:20:00-04:00,1.8500000000000014,8047.039999999998,330.0,2023-10-09T15:01:00-04:00,3.3000000000000043,5147.039999999992,329.0,2023-10-09T15:00:00-04:00,0.3500000000000014,11047.039999999999,1571.0,2023-10-10T11:42:00-04:00,0.9000000000000004,9947.04,1572.0,2023-10-10T11:43:00-04:00,0.9000000000000004,9947.04,330.0,2023-10-09T15:01:00-04:00,3.3000000000000043,5147.039999999992,329.0,2023-10-09T15:00:00-04:00,0.3500000000000014,11047.039999999999,2881.0,2023-10-11T09:32:00-04:00,0.30000000000000027,11147.04,2882.0,2023-10-11T09:33:00-04:00,0.27499999999999947,11197.040000000003,330.0,2023-10-09T15:01:00-04:00,3.3000000000000043,5147.039999999992,1360
2023-10-09,2023-10-11,2,7.0,2023-10-09T09:31:00-04:00,6.75,NDXP  231011P15010000,NDXP  231011P15000000,development,False,False,0,0,0,10,15,1190,available,False,2023-10-09T09:31:00-04:00,2023-10-11T16:00:00-04:00,9.925,-6602.960000000003,0.0,last_observed_quote_not_settlement,1036.0,105,73,6.650000000000006,-52.96000000001066,2023-10-09T09:32:00-04:00,0.0,6.950000000000017,-652.9600000000335,2023-10-09T09:33:00-04:00,0.0,7.650000000000006,-2052.9600000000105,2023-10-09T09:36:00-04:00,0.0,6.649999999999977,-52.959999999953816,2023-10-09T09:41:00-04:00,0.0,6.849999999999994,-452.95999999998793,2023-10-09T09:46:00-04:00,0.0,5.099999999999994,3047.0400000000122,2023-10-09T10:01:00-04:00,0.0,7.299999999999983,-1352.9599999999652,2023-10-09T10:31:00-04:00,0.0,6.900000000000034,-552.9600000000676,2023-10-09T11:31:00-04:00,0.0,4.0,5247.040000000001,2023-10-09T16:00:00-04:00,0.0,1.8499999999999979,9547.040000000006,2023-10-10T16:00:00-04:00,0.0,9.925,-6602.960000000003,2023-10-11T16:00:00-04:00,0.0,,,,,30.0,hit,240.0,hit,258.0,hit,1469.0,hit,1497.0,hit,1586.0,hit,2882.0,hit,3.0,hit,11.0,hit,3.0,hit,42.0,hit,102.0,hit,3269.0,hit,9.050000000000011,105,True,True,True,True,,9.050000000000011,105,True,True,True,True,,9.050000000000011,105,True,True,True,True,,9.050000000000011,105,True,True,True,True,,1469.0,2023-10-10T10:00:00-04:00,2.8499999999999943,7547.040000000012,1470.0,2023-10-10T10:01:00-04:00,2.6499999999999986,7947.040000000004,1471.0,2023-10-10T10:02:00-04:00,2.6000000000000014,8047.039999999998,1470.0,2023-10-10T10:01:00-04:00,2.6499999999999986,7947.040000000004,1502.0,2023-10-10T10:33:00-04:00,1.7500000000000036,9747.039999999994,1505.0,2023-10-10T10:36:00-04:00,1.9499999999999993,9347.040000000003,1506.0,2023-10-10T10:37:00-04:00,1.7999999999999972,9647.040000000008,1503.0,2023-10-10T10:34:00-04:00,2.049999999999997,9147.040000000008,1819.0,2023-10-10T15:50:00-04:00,0.6000000000000014,12047.039999999999,2881.0,2023-10-11T09:32:00-04:00,0.6000000000000005,12047.04,2882.0,2023-10-11T09:33:00-04:00,0.5,12247.04,1820.0,2023-10-10T15:51:00-04:00,1.6999999999999957,9847.04000000001,2885.0,2023-10-11T09:36:00-04:00,0.39999999999999947,12447.040000000003,2935.0,2023-10-11T10:26:00-04:00,0.44999999999999973,12347.04,2962.0,2023-10-11T10:53:00-04:00,0.1499999999999999,12947.04,2886.0,2023-10-11T09:37:00-04:00,0.5500000000000007,12147.04,1361
2023-10-09,2023-10-12,3,5.0,2023-10-09T09:31:00-04:00,4.900000000000006,NDXP  231012P14940000,NDXP  231012P14930000,development,False,False,0,0,0,0,0,1605,available,False,2023-10-09T09:31:00-04:00,2023-10-12T16:00:00-04:00,0.0,9547.040000000014,0.0,last_observed_quote_not_settlement,1036.0,109,39,5.400000000000006,-1252.9599999999994,2023-10-09T09:32:00-04:00,0.0,5.400000000000006,-1252.9599999999994,2023-10-09T09:33:00-04:00,0.0,6.300000000000011,-3052.9600000000105,2023-10-09T09:36:00-04:00,0.0,5.050000000000011,-552.9600000000107,2023-10-09T09:41:00-04:00,0.0,4.900000000000034,-252.96000000005614,2023-10-09T09:46:00-04:00,0.0,4.649999999999977,247.04000000005752,2023-10-09T10:01:00-04:00,0.0,5.049999999999983,-552.9599999999539,2023-10-09T10:31:00-04:00,0.0,4.900000000000006,-252.9599999999993,2023-10-09T11:31:00-04:00,0.0,3.0999999999999943,3347.0400000000236,2023-10-09T16:00:00-04:00,0.0,1.7999999999999972,5947.040000000018,2023-10-10T16:00:00-04:00,0.0,0.5,8547.040000000014,2023-10-11T16:00:00-04:00,0.0,0.0,9547.040000000014,2023-10-12T16:00:00-04:00,0.0,0.0,hit,0.0,hit,234.0,hit,272.0,hit,1493.0,hit,2881.0,hit,3253.0,hit,1.0,hit,5.0,hit,,never_hit,,never_hit,,never_hit,,never_hit,6.75,108,False,False,False,False,,6.75,109,False,False,False,False,,6.75,109,False,False,False,False,,6.75,109,False,False,False,False,,272.0,2023-10-09T14:03:00-04:00,2.450000000000003,4647.040000000006,278.0,2023-10-09T14:09:00-04:00,2.9000000000000057,3747.040000000001,326.0,2023-10-09T14:57:00-04:00,2.8999999999999915,3747.040000000029,273.0,2023-10-09T14:04:00-04:00,3.1500000000000057,3247.040000000001,1496.0,2023-10-10T10:27:00-04:00,1.8500000000000085,5847.039999999995,1497.0,2023-10-10T10:28:00-04:00,1.9000000000000057,5747.040000000001,1498.0,2023-10-10T10:29:00-04:00,1.8499999999999943,5847.040000000024,1497.0,2023-10-10T10:28:00-04:00,1.9000000000000057,5747.040000000001,2881.0,2023-10-11T09:32:00-04:00,0.8999999999999986,7747.0400000000145,2887.0,2023-10-11T09:38:00-04:00,0.8499999999999996,7847.040000000013,2963.0,2023-10-11T10:54:00-04:00,0.7999999999999989,7947.0400000000145,2882.0,2023-10-11T09:33:00-04:00,0.9500000000000011,7647.04000000001,3271.0,2023-10-11T16:02:00-04:00,0.40000000000000036,8747.040000000012,3272.0,2023-10-11T16:03:00-04:00,0.40000000000000036,8747.040000000012,3273.0,2023-10-11T16:04:00-04:00,0.29999999999999893,8947.040000000015,3272.0,2023-10-11T16:03:00-04:00,0.40000000000000036,8747.040000000012,1362
2023-10-09,2023-10-12,3,6.0,2023-10-09T09:31:00-04:00,6.049999999999983,NDXP  231012P15020000,NDXP  231012P15010000,development,False,False,0,0,0,14,0,1591,available,False,2023-10-09T09:31:00-04:00,2023-10-12T16:00:00-04:00,8.75,-5652.9600000000355,0.0,last_observed_quote_not_settlement,1036.0,89,52,6.149999999999977,-452.95999999998793,2023-10-09T09:32:00-04:00,0.0,6.5,-1152.9600000000335,2023-10-09T09:33:00-04:00,0.0,6.800000000000011,-1752.9600000000562,2023-10-09T09:36:00-04:00,0.0,6.399999999999977,-952.959999999988,2023-10-09T09:41:00-04:00,0.0,5.849999999999994,147.03999999997797,2023-10-09T09:46:00-04:00,0.0,4.650000000000006,2547.0399999999554,2023-10-09T10:01:00-04:00,0.0,6.399999999999977,-952.959999999988,2023-10-09T10:31:00-04:00,0.0,5.900000000000006,47.039999999955235,2023-10-09T11:31:00-04:00,0.0,3.9000000000000057,4047.0399999999554,2023-10-09T16:00:00-04:00,0.0,3.0,5847.039999999966,2023-10-10T16:00:00-04:00,0.0,0.9500000000000011,9947.039999999964,2023-10-11T16:00:00-04:00,0.0,8.75,-5652.9600000000355,2023-10-12T16:00:00-04:00,0.0,30.0,hit,30.0,hit,267.0,hit,313.0,hit,1547.0,hit,3266.0,hit,4320.0,hit,5.0,hit,7.0,hit,7.0,hit,4709.0,hit,,never_hit,,never_hit,7.349999999999994,89,True,False,False,False,,7.349999999999994,89,True,False,False,False,,7.349999999999994,89,True,False,False,False,,7.349999999999994,89,True,False,False,False,,313.0,2023-10-09T14:44:00-04:00,2.3499999999999943,7147.039999999978,1489.0,2023-10-10T10:20:00-04:00,2.8000000000000043,6247.039999999958,1495.0,2023-10-10T10:26:00-04:00,2.8500000000000014,6147.039999999964,314.0,2023-10-09T14:45:00-04:00,3.950000000000003,3947.039999999961,1547.0,2023-10-10T11:18:00-04:00,1.8999999999999986,8047.039999999969,1548.0,2023-10-10T11:19:00-04:00,1.8500000000000014,8147.039999999964,1549.0,2023-10-10T11:20:00-04:00,1.9499999999999957,7947.039999999975,1548.0,2023-10-10T11:19:00-04:00,1.8500000000000014,8147.039999999964,3266.0,2023-10-11T15:57:00-04:00,0.9499999999999993,9947.039999999968,3271.0,2023-10-11T16:02:00-04:00,0.8000000000000007,10247.039999999966,3272.0,2023-10-11T16:03:00-04:00,0.75,10347.039999999968,3267.0,2023-10-11T15:58:00-04:00,1.0,9847.039999999968,4320.0,2023-10-12T09:31:00-04:00,0.39999999999999947,11047.039999999968,4321.0,2023-10-12T09:32:00-04:00,0.44999999999999973,10947.039999999966,4322.0,2023-10-12T09:33:00-04:00,0.3999999999999999,11047.039999999966,4321.0,2023-10-12T09:32:00-04:00,0.44999999999999973,10947.039999999966,1363
2023-10-09,2023-10-12,3,7.0,2023-10-09T09:31:00-04:00,7.0499999999999545,NDXP  231012P15210000,NDXP  231012P15200000,development,False,False,0,0,0,1,0,1603,available,False,2023-10-09T09:31:00-04:00,2023-10-12T15:59:00-04:00,7.850000000000001,-1852.960000000093,1.0,last_observed_quote_not_settlement,1036.0,377,61,8.400000000000034,-2952.96000000016,2023-10-09T09:32:00-04:00,0.0,9.650000000000034,-5452.96000000016,2023-10-09T09:33:00-04:00,0.0,8.850000000000023,-3852.9600000001374,2023-10-09T09:36:00-04:00,0.0,9.25,-4652.960000000092,2023-10-09T09:41:00-04:00,0.0,8.899999999999977,-3952.9600000000464,2023-10-09T09:46:00-04:00,0.0,7.100000000000023,-352.9600000001357,2023-10-09T10:01:00-04:00,0.0,7.7000000000000455,-1552.9600000001813,2023-10-09T10:31:00-04:00,0.0,8.249999999999943,-2652.959999999978,2023-10-09T11:31:00-04:00,0.0,6.050000000000011,1747.039999999887,2023-10-09T16:00:00-04:00,0.0,6.25,1347.0399999999097,2023-10-10T16:00:00-04:00,0.0,3.700000000000003,6447.0399999999045,2023-10-11T16:00:00-04:00,0.0,,,2023-10-12T15:59:00-04:00,60.0,313.0,hit,1503.0,hit,1561.0,hit,3259.0,hit,3259.0,hit,3259.0,hit,3259.0,hit,1.0,hit,1.0,hit,0.0,hit,1.0,hit,2.0,hit,2.0,hit,9.650000000000034,265,True,True,True,True,,9.650000000000034,265,True,True,True,True,,9.650000000000034,265,True,True,True,True,,9.650000000000034,265,True,True,True,True,,3259.0,2023-10-11T15:50:00-04:00,0.0,13847.03999999991,4328.0,2023-10-12T09:39:00-04:00,2.8500000000000014,8147.039999999907,4356.0,2023-10-12T10:07:00-04:00,2.1499999999999986,9547.039999999914,3260.0,2023-10-11T15:51:00-04:00,4.0,5847.03999999991,3259.0,2023-10-11T15:50:00-04:00,0.0,13847.03999999991,4361.0,2023-10-12T10:12:00-04:00,1.3999999999999986,11047.039999999914,4362.0,2023-10-12T10:13:00-04:00,1.299999999999999,11247.039999999914,3260.0,2023-10-11T15:51:00-04:00,4.0,5847.03999999991,3259.0,2023-10-11T15:50:00-04:00,0.0,13847.03999999991,4489.0,2023-10-12T12:20:00-04:00,0.8999999999999995,12047.039999999912,4493.0,2023-10-12T12:24:00-04:00,0.9000000000000004,12047.03999999991,3260.0,2023-10-11T15:51:00-04:00,4.0,5847.03999999991,3259.0,2023-10-11T15:50:00-04:00,0.0,13847.03999999991,,,,,,,,,3260.0,2023-10-11T15:51:00-04:00,4.0,5847.03999999991,1364
2023-10-10,2023-10-12,2,5.0,2023-10-10T09:31:00-04:00,4.949999999999989,NDXP  231012P15090000,NDXP  231012P15080000,development,False,False,0,0,0,0,15,1200,available,False,2023-10-10T09:31:00-04:00,2023-10-12T16:00:00-04:00,5.0,-352.96000000002203,0.0,last_observed_quote_not_settlement,1036.0,4,7,4.700000000000017,247.03999999994383,2023-10-10T09:32:00-04:00,0.0,4.900000000000006,-152.9600000000334,2023-10-10T09:33:00-04:00,0.0,4.950000000000003,-252.96000000002772,2023-10-10T09:36:00-04:00,0.0,5.299999999999983,-952.959999999988,2023-10-10T09:41:00-04:00,0.0,4.5,647.0399999999779,2023-10-10T09:46:00-04:00,0.0,4.150000000000006,1347.0399999999665,2023-10-10T10:01:00-04:00,0.0,3.549999999999997,2547.0399999999836,2023-10-10T10:31:00-04:00,0.0,2.700000000000003,4247.039999999973,2023-10-10T11:31:00-04:00,0.0,3.9000000000000057,1847.0399999999665,2023-10-10T16:00:00-04:00,0.0,1.6999999999999957,6247.039999999986,2023-10-11T16:00:00-04:00,0.0,5.0,-352.96000000002203,2023-10-12T16:00:00-04:00,0.0,,,,,0.0,hit,0.0,hit,33.0,hit,81.0,hit,1813.0,hit,2880.0,hit,2916.0,hit,22.0,hit,22.0,hit,,never_hit,,never_hit,,never_hit,,never_hit,6.599999999999994,4,False,False,False,False,,6.599999999999994,4,False,False,False,False,,6.599999999999994,4,False,False,False,False,,6.599999999999994,4,False,False,False,False,,96.0,2023-10-10T11:07:00-04:00,2.9000000000000057,3847.0399999999668,97.0,2023-10-10T11:08:00-04:00,2.799999999999997,4047.0399999999836,106.0,2023-10-10T11:17:00-04:00,2.700000000000003,4247.039999999973,97.0,2023-10-10T11:08:00-04:00,2.799999999999997,4047.0399999999836,1818.0,2023-10-11T15:49:00-04:00,1.9499999999999993,5747.039999999979,1821.0,2023-10-11T15:52:00-04:00,1.9000000000000021,5847.039999999974,1822.0,2023-10-11T15:53:00-04:00,1.8000000000000043,6047.039999999969,1819.0,2023-10-11T15:50:00-04:00,3.099999999999998,3447.0399999999822,2882.0,2023-10-12T09:33:00-04:00,0.9499999999999993,7747.039999999979,2886.0,2023-10-12T09:37:00-04:00,0.8000000000000007,8047.039999999976,2887.0,2023-10-12T09:38:00-04:00,0.75,8147.039999999978,2883.0,2023-10-12T09:34:00-04:00,1.0,7647.039999999978,2918.0,2023-10-12T10:09:00-04:00,0.40000000000000036,8847.039999999979,2921.0,2023-10-12T10:12:00-04:00,0.2749999999999999,9097.039999999979,2922.0,2023-10-12T10:13:00-04:00,0.27500000000000036,9097.039999999979,2919.0,2023-10-12T10:10:00-04:00,0.4500000000000002,8747.039999999979,1365
2023-10-10,2023-10-12,2,6.0,2023-10-10T09:31:00-04:00,6.000000000000028,NDXP  231012P15160000,NDXP  231012P15150000,development,False,False,0,0,0,1,15,1199,available,False,2023-10-10T09:31:00-04:00,2023-10-12T16:00:00-04:00,0.0,11747.040000000059,0.0,last_observed_quote_not_settlement,1036.0,30,18,5.699999999999989,347.0400000000803,2023-10-10T09:32:00-04:00,0.0,5.650000000000034,447.03999999998933,2023-10-10T09:33:00-04:00,0.0,6.399999999999977,-1052.959999999897,2023-10-10T09:36:00-04:00,0.0,6.2999999999999545,-852.9599999998516,2023-10-10T09:41:00-04:00,0.0,6.000000000000028,-252.9599999999993,2023-10-10T09:46:00-04:00,0.0,5.150000000000006,1447.0400000000461,2023-10-10T10:01:00-04:00,0.0,4.400000000000006,2947.0400000000463,2023-10-10T10:31:00-04:00,0.0,3.5999999999999943,4547.040000000069,2023-10-10T11:31:00-04:00,0.0,4.8500000000000085,2047.0400000000404,2023-10-10T16:00:00-04:00,0.0,2.8000000000000114,6147.0400000000345,2023-10-11T16:00:00-04:00,0.0,0.0,11747.040000000059,2023-10-12T16:00:00-04:00,0.0,,,,,7.0,hit,20.0,hit,80.0,hit,234.0,hit,234.0,hit,2920.0,hit,2987.0,hit,3158.0,hit,3158.0,hit,3158.0,hit,3162.0,hit,,never_hit,,never_hit,6.449999999999989,4,False,False,False,False,,6.449999999999989,4,False,False,False,False,,6.5,6,False,False,False,False,,6.5,6,False,False,False,False,,234.0,2023-10-10T13:25:00-04:00,1.6500000000000057,8447.040000000046,1827.0,2023-10-11T15:58:00-04:00,2.9000000000000057,5947.040000000046,1828.0,2023-10-11T15:59:00-04:00,2.6999999999999957,6347.040000000066,235.0,2023-10-10T13:26:00-04:00,4.75,2247.0400000000577,234.0,2023-10-10T13:25:00-04:00,1.6500000000000057,8447.040000000046,2886.0,2023-10-12T09:37:00-04:00,1.8499999999999996,8047.040000000058,2887.0,2023-10-12T09:38:00-04:00,1.799999999999999,8147.04000000006,235.0,2023-10-10T13:26:00-04:00,4.75,2247.0400000000577,2920.0,2023-10-12T10:11:00-04:00,0.8500000000000005,10047.040000000057,2921.0,2023-10-12T10:12:00-04:00,0.6999999999999993,10347.040000000059,2922.0,2023-10-12T10:13:00-04:00,0.5999999999999996,10547.040000000059,2921.0,2023-10-12T10:12:00-04:00,0.6999999999999993,10347.040000000059,3030.0,2023-10-12T12:01:00-04:00,0.3999999999999999,10947.040000000057,3031.0,2023-10-12T12:02:00-04:00,0.4249999999999998,10897.040000000059,3032.0,2023-10-12T12:03:00-04:00,0.44999999999999973,10847.040000000057,3031.0,2023-10-12T12:02:00-04:00,0.4249999999999998,10897.040000000059,1366
2023-10-10,2023-10-12,2,7.0,2023-10-10T09:31:00-04:00,6.9500000000000455,NDXP  231012P15310000,NDXP  231012P15300000,development,False,False,0,0,0,39,0,1160,available,False,2023-10-10T09:31:00-04:00,2023-10-12T15:59:00-04:00,10.0,-6252.959999999909,1.0,last_observed_quote_not_settlement,1036.0,495,163,8.599999999999994,-3552.9599999998986,2023-10-10T09:32:00-04:00,0.0,7.300000000000011,-952.9599999999311,2023-10-10T09:33:00-04:00,0.0,8.049999999999955,-2452.959999999819,2023-10-10T09:36:00-04:00,0.0,8.050000000000011,-2452.9599999999327,2023-10-10T09:41:00-04:00,0.0,7.949999999999989,-2252.9599999998854,2023-10-10T09:46:00-04:00,0.0,6.850000000000023,-52.959999999953816,2023-10-10T10:01:00-04:00,0.0,6.75,147.04000000009165,2023-10-10T10:31:00-04:00,0.0,5.700000000000017,2247.0400000000577,2023-10-10T11:31:00-04:00,0.0,8.549999999999983,-3452.959999999876,2023-10-10T16:00:00-04:00,0.0,5.349999999999994,2947.040000000103,2023-10-11T16:00:00-04:00,0.0,,,2023-10-12T15:59:00-04:00,60.0,,,,,76.0,hit,138.0,hit,2921.0,hit,,never_hit,,never_hit,,never_hit,,never_hit,1.0,hit,1.0,hit,1.0,hit,1.0,hit,9.0,hit,3106.0,hit,,,True,True,True,False,3.850000000000044,,,True,True,True,False,3.850000000000044,,,True,True,True,False,3.850000000000044,,,True,True,True,False,3.850000000000044,,,,,,,,,,,,,,,,,,,,,,,,,,,,,,,,,,,,,,,,,,,,,,,,,,,,,,,,,,,,,,,,,1367
2023-10-10,2023-10-13,3,5.0,2023-10-10T09:31:00-04:00,5.050000000000011,NDXP  231013P15120000,NDXP  231013P15110000,development,False,False,0,0,0,25,0,1579,available,False,2023-10-10T09:31:00-04:00,2023-10-13T15:58:00-04:00,10.0,-10052.959999999975,2.0,last_observed_quote_not_settlement,1036.0,271,13,4.849999999999966,147.04000000009165,2023-10-10T09:32:00-04:00,0.0,5.0,-152.95999999997656,2023-10-10T09:33:00-04:00,0.0,5.050000000000011,-252.9599999999993,2023-10-10T09:36:00-04:00,0.0,4.950000000000017,-52.96000000001066,2023-10-10T09:41:00-04:00,0.0,5.450000000000017,-1052.9600000000107,2023-10-10T09:46:00-04:00,0.0,4.749999999999986,347.04000000005186,2023-10-10T10:01:00-04:00,0.0,3.9000000000000057,2047.0400000000122,2023-10-10T10:31:00-04:00,0.0,3.1999999999999886,3447.0400000000463,2023-10-10T11:31:00-04:00,0.0,4.049999999999997,1747.040000000029,2023-10-10T16:00:00-04:00,0.0,2.0999999999999943,5647.0400000000345,2023-10-11T16:00:00-04:00,0.0,2.75,4347.040000000024,2023-10-12T16:00:00-04:00,0.0,,,2023-10-13T15:58:00-04:00,120.0,0.0,hit,1.0,hit,56.0,hit,106.0,hit,1839.0,hit,3051.0,hit,3091.0,hit,22.0,hit,4403.0,hit,4417.0,hit,4434.0,hit,4462.0,hit,4536.0,hit,5.75,6,False,False,False,False,,5.75,7,False,False,False,False,,5.75,7,False,False,False,False,,5.75,7,False,False,False,False,,124.0,2023-10-10T11:35:00-04:00,2.9499999999999886,3947.0400000000463,146.0,2023-10-10T11:57:00-04:00,2.8499999999999943,4147.0400000000345,147.0,2023-10-10T11:58:00-04:00,2.8500000000000085,4147.040000000006,125.0,2023-10-10T11:36:00-04:00,3.0999999999999943,3647.040000000035,2885.0,2023-10-12T09:36:00-04:00,1.8499999999999979,6147.040000000027,2889.0,2023-10-12T09:40:00-04:00,1.9499999999999957,5947.040000000032,2917.0,2023-10-12T10:08:00-04:00,1.6000000000000014,6647.040000000021,2886.0,2023-10-12T09:37:00-04:00,1.9500000000000028,5947.040000000018,3051.0,2023-10-12T12:22:00-04:00,0.75,8347.040000000025,,,,,,,,,3052.0,2023-10-12T12:23:00-04:00,1.1000000000000014,7647.040000000021,3091.0,2023-10-12T13:02:00-04:00,0.3999999999999986,9047.040000000026,,,,,,,,,3092.0,2023-10-12T13:03:00-04:00,1.6500000000000057,6547.040000000012,1368
2023-10-10,2023-10-13,3,6.0,2023-10-10T09:31:00-04:00,6.049999999999983,NDXP  231013P15190000,NDXP  231013P15180000,development,False,False,0,0,0,37,0,1568,available,False,2023-10-10T09:31:00-04:00,2023-10-13T16:00:00-04:00,10.0,-8052.960000000034,0.0,last_observed_quote_not_settlement,1036.0,282,27,5.199999999999989,1447.0399999999893,2023-10-10T09:32:00-04:00,0.0,5.75,347.0399999999666,2023-10-10T09:33:00-04:00,0.0,6.349999999999966,-852.9599999999652,2023-10-10T09:36:00-04:00,0.0,6.349999999999994,-852.9600000000221,2023-10-10T09:41:00-04:00,0.0,5.7999999999999545,247.04000000005752,2023-10-10T09:46:00-04:00,0.0,4.5,2847.0399999999668,2023-10-10T10:01:00-04:00,0.0,4.799999999999983,2247.040000000001,2023-10-10T10:31:00-04:00,0.0,4.0,3847.0399999999668,2023-10-10T11:31:00-04:00,0.0,5.199999999999989,1447.0399999999893,2023-10-10T16:00:00-04:00,0.0,3.549999999999983,4747.040000000001,2023-10-11T16:00:00-04:00,0.0,3.6999999999999957,4447.039999999975,2023-10-12T16:00:00-04:00,0.0,10.0,-8052.960000000034,2023-10-13T16:00:00-04:00,0.0,1.0,hit,7.0,hit,105.0,hit,1843.0,hit,2921.0,hit,,never_hit,,never_hit,22.0,hit,22.0,hit,22.0,hit,4402.0,hit,4417.0,hit,4434.0,hit,7.449999999999989,11,True,False,False,False,,7.449999999999989,11,True,False,False,False,,,,True,True,True,False,4.399999999999984,,,True,True,True,False,4.399999999999984,2885.0,2023-10-12T09:36:00-04:00,2.8499999999999943,6147.039999999978,2886.0,2023-10-12T09:37:00-04:00,2.8000000000000043,6247.039999999958,2887.0,2023-10-12T09:38:00-04:00,2.8499999999999943,6147.039999999978,2886.0,2023-10-12T09:37:00-04:00,2.8000000000000043,6247.039999999958,2987.0,2023-10-12T11:18:00-04:00,1.8499999999999979,8147.039999999971,2988.0,2023-10-12T11:19:00-04:00,1.75,8347.039999999968,2989.0,2023-10-12T11:20:00-04:00,1.9000000000000021,8047.039999999963,2988.0,2023-10-12T11:19:00-04:00,1.75,8347.039999999968,,,,,,,,,,,,,,,,,,,,,,,,,,,,,,,,,1369
2023-10-10,2023-10-13,3,7.0,2023-10-10T09:31:00-04:00,7.0,NDXP  231013P15290000,NDXP  231013P15280000,development,False,False,0,0,0,47,0,1557,available,False,2023-10-10T09:31:00-04:00,2023-10-13T15:59:00-04:00,10.0,-6152.96,1.0,last_observed_quote_not_settlement,1036.0,461,82,6.849999999999994,47.04000000001208,2023-10-10T09:32:00-04:00,0.0,7.800000000000011,-1852.960000000022,2023-10-10T09:33:00-04:00,0.0,6.80000000000004,147.03999999992112,2023-10-10T09:36:00-04:00,0.0,7.850000000000023,-1952.9600000000448,2023-10-10T09:41:00-04:00,0.0,7.5,-1252.9599999999994,2023-10-10T09:46:00-04:00,0.0,6.5,747.0400000000006,2023-10-10T10:01:00-04:00,0.0,6.150000000000006,1447.0399999999893,2023-10-10T10:31:00-04:00,0.0,5.349999999999994,3047.0400000000122,2023-10-10T11:31:00-04:00,0.0,6.349999999999994,1047.040000000012,2023-10-10T16:00:00-04:00,0.0,4.75,4247.040000000001,2023-10-11T16:00:00-04:00,0.0,7.25,-752.9599999999994,2023-10-12T16:00:00-04:00,0.0,,,2023-10-13T15:59:00-04:00,60.0,71.0,hit,71.0,hit,2909.0,hit,,never_hit,,never_hit,,never_hit,,never_hit,2.0,hit,7.0,hit,0.0,hit,7.0,hit,4363.0,hit,4400.0,hit,,,True,True,True,False,3.6000000000000014,,,True,True,True,False,3.6000000000000014,,,True,True,True,False,3.6000000000000014,,,True,True,True,False,3.6000000000000014,,,,,,,,,,,,,,,,,,,,,,,,,,,,,,,,,,,,,,,,,,,,,,,,,,,,,,,,,,,,,,,,,1370
2023-10-11,2023-10-13,2,5.0,2023-10-11T09:31:00-04:00,4.90000000000002,NDXP  231013P15260000,NDXP  231013P15250000,development,False,False,0,0,0,80,0,1119,available,False,2023-10-11T09:31:00-04:00,2023-10-13T15:58:00-04:00,9.899999999999977,-10252.959999999915,2.0,last_observed_quote_not_settlement,1036.0,803,36,4.8999999999999915,-252.95999999994245,2023-10-11T09:32:00-04:00,0.0,4.900000000000006,-252.95999999997088,2023-10-11T09:33:00-04:00,0.0,4.750000000000014,47.04000000001208,2023-10-11T09:36:00-04:00,0.0,4.950000000000003,-352.9599999999652,2023-10-11T09:41:00-04:00,0.0,5.250000000000028,-952.9600000000164,2023-10-11T09:46:00-04:00,0.0,5.449999999999989,-1352.9599999999368,2023-10-11T10:01:00-04:00,0.0,5.199999999999989,-852.9599999999368,2023-10-11T10:31:00-04:00,0.0,5.849999999999994,-2152.959999999948,2023-10-11T11:31:00-04:00,0.0,4.75,47.0400000000405,2023-10-11T16:00:00-04:00,0.0,6.75,-3952.9599999999596,2023-10-12T16:00:00-04:00,0.0,,,2023-10-13T15:58:00-04:00,120.0,,,,,0.0,hit,0.0,hit,20.0,hit,1590.0,hit,,never_hit,,never_hit,,never_hit,21.0,hit,33.0,hit,236.0,hit,2934.0,hit,2961.0,hit,2961.0,hit,7.599999999999994,353,True,False,False,False,,,,True,True,True,False,2.2500000000000213,,,True,True,True,False,2.2500000000000213,,,True,True,True,False,2.2500000000000213,1611.0,2023-10-12T12:22:00-04:00,2.799999999999997,3947.0400000000463,1618.0,2023-10-12T12:29:00-04:00,2.8499999999999943,3847.040000000052,1619.0,2023-10-12T12:30:00-04:00,2.8999999999999986,3747.040000000043,1612.0,2023-10-12T12:23:00-04:00,3.049999999999997,3447.0400000000463,,,,,,,,,,,,,,,,,,,,,,,,,,,,,,,,,,,,,,,,,,,,,,,,,1371
2023-10-11,2023-10-13,2,6.0,2023-10-11T09:31:00-04:00,6.0,NDXP  231013P15350000,NDXP  231013P15340000,development,False,False,0,0,0,94,0,1105,available,False,2023-10-11T09:31:00-04:00,2023-10-13T15:59:00-04:00,10.0,-8152.96,1.0,last_observed_quote_not_settlement,1036.0,829,58,5.649999999999977,447.0400000000462,2023-10-11T09:32:00-04:00,0.0,6.799999999999983,-1852.9599999999652,2023-10-11T09:33:00-04:00,0.0,4.349999999999994,3047.0400000000122,2023-10-11T09:36:00-04:00,0.0,5.699999999999989,347.04000000002344,2023-10-11T09:41:00-04:00,0.0,6.550000000000011,-1352.960000000022,2023-10-11T09:46:00-04:00,0.0,7.449999999999989,-3152.9599999999764,2023-10-11T10:01:00-04:00,0.0,8.199999999999989,-4652.959999999978,2023-10-11T10:31:00-04:00,0.0,7.050000000000011,-2352.960000000022,2023-10-11T11:31:00-04:00,0.0,6.550000000000011,-1352.960000000022,2023-10-11T16:00:00-04:00,0.0,8.550000000000011,-5352.960000000024,2023-10-12T16:00:00-04:00,0.0,,,2023-10-13T15:59:00-04:00,60.0,,,,,5.0,hit,5.0,hit,,never_hit,,never_hit,,never_hit,,never_hit,,never_hit,2.0,hit,12.0,hit,12.0,hit,53.0,hit,1717.0,hit,1721.0,hit,,,True,True,True,False,1.6500000000000057,,,True,True,True,False,1.6500000000000057,,,True,True,True,False,1.6500000000000057,,,True,True,True,False,1.6500000000000057,,,,,,,,,,,,,,,,,,,,,,,,,,,,,,,,,,,,,,,,,,,,,,,,,,,,,,,,,,,,,,,,,1372
2023-10-11,2023-10-13,2,7.0,2023-10-11T09:31:00-04:00,7.050000000000011,NDXP  231013P15370000,NDXP  231013P15360000,development,False,False,0,0,0,76,0,1123,available,False,2023-10-11T09:31:00-04:00,2023-10-13T15:59:00-04:00,10.0,-6052.959999999977,1.0,last_observed_quote_not_settlement,1036.0,755,53,6.900000000000006,47.04000000001208,2023-10-11T09:32:00-04:00,0.0,6.350000000000023,1147.039999999978,2023-10-11T09:33:00-04:00,0.0,6.350000000000023,1147.039999999978,2023-10-11T09:36:00-04:00,0.0,6.299999999999983,1247.0400000000575,2023-10-11T09:41:00-04:00,0.0,6.950000000000017,-52.96000000001066,2023-10-11T09:46:00-04:00,0.0,7.550000000000011,-1252.9599999999994,2023-10-11T10:01:00-04:00,0.0,7.949999999999989,-2052.9599999999537,2023-10-11T10:31:00-04:00,0.0,7.100000000000023,-352.96000000002203,2023-10-11T11:31:00-04:00,0.0,6.0,1847.0400000000234,2023-10-11T16:00:00-04:00,0.0,8.5,-3152.959999999978,2023-10-12T16:00:00-04:00,0.0,,,2023-10-13T15:59:00-04:00,60.0,,,,,20.0,hit,,never_hit,,never_hit,,never_hit,,never_hit,,never_hit,,never_hit,30.0,hit,213.0,hit,0.0,hit,213.0,hit,1684.0,hit,1716.0,hit,,,True,True,True,False,1.8499999999999943,,,True,True,True,False,1.8499999999999943,,,True,True,True,False,1.8499999999999943,,,True,True,True,False,1.8499999999999943,,,,,,,,,,,,,,,,,,,,,,,,,,,,,,,,,,,,,,,,,,,,,,,,,,,,,,,,,,,,,,,,,1373
2023-10-13,2023-10-16,3,5.0,2023-10-13T09:31:00-04:00,4.8500000000000085,NDXP  231016P15260000,NDXP  231016P15250000,development,False,False,0,0,0,38,0,757,available,False,2023-10-13T09:31:00-04:00,2023-10-16T15:59:00-04:00,9.999999999999993,-10452.959999999981,1.0,last_observed_quote_not_settlement,3916.0,734,2,5.200000000000003,-952.959999999988,2023-10-13T09:32:00-04:00,0.0,5.299999999999997,-1152.9599999999766,2023-10-13T09:33:00-04:00,0.0,5.549999999999997,-1652.9599999999766,2023-10-13T09:36:00-04:00,0.0,5.049999999999983,-652.9599999999482,2023-10-13T09:41:00-04:00,0.0,5.700000000000017,-1952.9600000000164,2023-10-13T09:46:00-04:00,0.0,5.950000000000017,-2452.9600000000164,2023-10-13T10:01:00-04:00,0.0,6.550000000000011,-3652.960000000005,2023-10-13T10:31:00-04:00,0.0,8.099999999999994,-6752.959999999973,2023-10-13T11:31:00-04:00,0.0,8.649999999999977,-7852.959999999938,2023-10-13T16:00:00-04:00,0.0,,,2023-10-13T16:15:00-04:00,85500.0,,,2023-10-13T16:15:00-04:00,171900.0,,,2023-10-16T15:59:00-04:00,60.0,0.0,hit,0.0,hit,,never_hit,,never_hit,,never_hit,,never_hit,,never_hit,5.0,hit,6.0,hit,79.0,hit,90.0,hit,151.0,hit,238.0,hit,,,True,True,True,False,0.20000000000000284,,,True,True,True,False,0.20000000000000284,,,True,True,True,False,0.20000000000000284,,,True,True,True,False,0.20000000000000284,,,,,,,,,,,,,,,,,,,,,,,,,,,,,,,,,,,,,,,,,,,,,,,,,,,,,,,,,,,,,,,,,1374
2023-10-13,2023-10-16,3,6.0,2023-10-13T09:31:00-04:00,5.949999999999989,NDXP  231016P15300000,NDXP  231016P15290000,development,False,False,0,0,0,32,0,763,available,False,2023-10-13T09:31:00-04:00,2023-10-16T15:59:00-04:00,9.849999999999994,-8052.960000000013,1.0,last_observed_quote_not_settlement,3917.0,726,12,7.849999999999994,-4052.9600000000105,2023-10-13T09:32:00-04:00,0.0,5.800000000000011,47.039999999955235,2023-10-13T09:33:00-04:00,0.0,6.550000000000011,-1452.9600000000448,2023-10-13T09:36:00-04:00,0.0,5.349999999999994,947.0399999999893,2023-10-13T09:41:00-04:00,0.0,6.449999999999989,-1252.9599999999994,2023-10-13T09:46:00-04:00,0.0,6.849999999999994,-2052.9600000000105,2023-10-13T10:01:00-04:00,0.0,8.150000000000006,-4652.9600000000355,2023-10-13T10:31:00-04:00,0.0,9.100000000000023,-6552.960000000069,2023-10-13T11:31:00-04:00,0.0,9.349999999999966,-7052.9599999999555,2023-10-13T16:00:00-04:00,0.0,,,2023-10-13T16:15:00-04:00,85500.0,,,2023-10-13T16:15:00-04:00,171900.0,,,2023-10-16T15:59:00-04:00,60.0,10.0,hit,,never_hit,,never_hit,,never_hit,,never_hit,,never_hit,,never_hit,1.0,hit,1.0,hit,1.0,hit,60.0,hit,112.0,hit,148.0,hit,,,True,True,True,False,0.5999999999999943,,,True,True,True,False,0.5999999999999943,,,True,True,True,False,0.5999999999999943,,,True,True,True,False,0.5999999999999943,,,,,,,,,,,,,,,,,,,,,,,,,,,,,,,,,,,,,,,,,,,,,,,,,,,,,,,,,,,,,,,,,1375
2023-10-13,2023-10-16,3,7.0,2023-10-13T09:31:00-04:00,7.050000000000011,NDXP  231016P15360000,NDXP  231016P15350000,development,False,False,0,0,0,151,0,644,available,False,2023-10-13T09:31:00-04:00,2023-10-16T16:00:00-04:00,9.850000000000023,-5852.960000000024,0.0,last_observed_quote_not_settlement,3916.0,533,13,4.899999999999977,4047.040000000069,2023-10-13T09:32:00-04:00,0.0,7.149999999999977,-452.9599999999311,2023-10-13T09:33:00-04:00,0.0,7.400000000000006,-952.959999999988,2023-10-13T09:36:00-04:00,0.0,6.75,347.04000000002344,2023-10-13T09:41:00-04:00,0.0,7.599999999999994,-1352.9599999999652,2023-10-13T09:46:00-04:00,0.0,7.900000000000006,-1952.959999999988,2023-10-13T10:01:00-04:00,0.0,8.400000000000006,-2952.9599999999896,2023-10-13T10:31:00-04:00,0.0,9.350000000000023,-4852.960000000024,2023-10-13T11:31:00-04:00,0.0,8.799999999999955,-3752.9599999998873,2023-10-13T16:00:00-04:00,0.0,,,2023-10-13T16:15:00-04:00,85500.0,,,2023-10-13T16:15:00-04:00,171900.0,9.850000000000023,-5852.960000000024,2023-10-16T16:00:00-04:00,0.0,1.0,hit,1.0,hit,,never_hit,,never_hit,,never_hit,,never_hit,,never_hit,6.0,hit,33.0,hit,0.0,hit,6.0,hit,66.0,hit,94.0,hit,,,True,True,True,False,2.150000000000034,,,True,True,True,False,2.150000000000034,,,True,True,True,False,2.150000000000034,,,True,True,True,False,2.150000000000034,,,,,,,,,,,,,,,,,,,,,,,,,,,,,,,,,,,,,,,,,,,,,,,,,,,,,,,,,,,,,,,,,1376
2023-10-16,2023-10-18,2,5.0,2023-10-16T09:31:00-04:00,5.050000000000011,NDXP  231018P15080000,NDXP  231018P15070000,development,False,False,0,0,0,20,0,1179,available,False,2023-10-16T09:31:00-04:00,2023-10-18T15:59:00-04:00,9.800000000000011,-9752.960000000001,1.0,last_observed_quote_not_settlement,1036.0,384,15,4.049999999999997,1747.040000000029,2023-10-16T09:32:00-04:00,0.0,4.5,847.0400000000234,2023-10-16T09:33:00-04:00,0.0,3.6499999999999915,2547.0400000000404,2023-10-16T09:36:00-04:00,0.0,3.9499999999999886,1947.0400000000461,2023-10-16T09:41:00-04:00,0.0,4.200000000000003,1447.0400000000177,2023-10-16T09:46:00-04:00,0.0,3.799999999999983,2247.0400000000577,2023-10-16T10:01:00-04:00,0.0,2.5500000000000043,4747.0400000000145,2023-10-16T10:31:00-04:00,0.0,2.9000000000000057,4047.040000000012,2023-10-16T11:31:00-04:00,0.0,2.6000000000000014,4647.040000000021,2023-10-16T16:00:00-04:00,0.0,3.4000000000000057,3047.0400000000122,2023-10-17T16:00:00-04:00,0.0,,,2023-10-18T15:59:00-04:00,60.0,,,,,0.0,hit,1.0,hit,3.0,hit,52.0,hit,,never_hit,,never_hit,,never_hit,1440.0,hit,1445.0,hit,1457.0,hit,2964.0,hit,3083.0,hit,3127.0,hit,5.050000000000011,0,False,False,False,False,,,,True,True,True,False,3.000000000000014,,,True,True,True,False,3.000000000000014,,,True,True,True,False,3.000000000000014,52.0,2023-10-16T10:23:00-04:00,2.9000000000000057,4047.040000000012,58.0,2023-10-16T10:29:00-04:00,2.8000000000000043,4247.0400000000145,59.0,2023-10-16T10:30:00-04:00,2.8000000000000043,4247.0400000000145,53.0,2023-10-16T10:24:00-04:00,3.1000000000000085,3647.0400000000063,,,,,,,,,,,,,,,,,,,,,,,,,,,,,,,,,,,,,,,,,,,,,,,,,1377
2023-10-16,2023-10-18,2,6.0,2023-10-16T09:31:00-04:00,6.300000000000011,NDXP  231018P15190000,NDXP  231018P15180000,development,False,False,0,0,0,51,0,1148,available,False,2023-10-16T09:31:00-04:00,2023-10-18T15:59:00-04:00,10.0,-7552.959999999977,1.0,last_observed_quote_not_settlement,1036.0,513,48,6.25,-152.95999999997656,2023-10-16T09:32:00-04:00,0.0,6.550000000000011,-752.9599999999994,2023-10-16T09:33:00-04:00,0.0,5.949999999999989,447.0400000000462,2023-10-16T09:36:00-04:00,0.0,5.199999999999989,1947.0400000000461,2023-10-16T09:41:00-04:00,0.0,6.0,347.04000000002344,2023-10-16T09:46:00-04:00,0.0,5.949999999999989,447.0400000000462,2023-10-16T10:01:00-04:00,0.0,4.1499999999999915,4047.040000000041,2023-10-16T10:31:00-04:00,0.0,4.399999999999977,3547.040000000069,2023-10-16T11:31:00-04:00,0.0,4.650000000000006,3047.0400000000122,2023-10-16T16:00:00-04:00,0.0,6.200000000000003,-52.95999999998224,2023-10-17T16:00:00-04:00,0.0,,,2023-10-18T15:59:00-04:00,60.0,,,,,3.0,hit,36.0,hit,62.0,hit,329.0,hit,,never_hit,,never_hit,,never_hit,1440.0,hit,1440.0,hit,1440.0,hit,1441.0,hit,1465.0,hit,2887.0,hit,6.75,4,False,False,False,False,,,,True,True,True,False,3.8000000000000114,,,True,True,True,False,3.8000000000000114,,,True,True,True,False,3.8000000000000114,329.0,2023-10-16T15:00:00-04:00,2.5,7347.040000000024,,,,,,,,,330.0,2023-10-16T15:01:00-04:00,4.299999999999983,3747.0400000000577,,,,,,,,,,,,,,,,,,,,,,,,,,,,,,,,,,,,,,,,,,,,,,,,,1378
2023-10-16,2023-10-18,2,7.0,2023-10-16T09:31:00-04:00,6.949999999999989,NDXP  231018P15240000,NDXP  231018P15230000,development,False,False,0,0,0,71,0,1128,available,False,2023-10-16T09:31:00-04:00,2023-10-18T15:59:00-04:00,10.0,-6252.960000000023,1.0,last_observed_quote_not_settlement,1036.0,549,25,7.399999999999977,-1152.9599999999766,2023-10-16T09:32:00-04:00,0.0,6.500000000000028,647.0399999999211,2023-10-16T09:33:00-04:00,0.0,5.949999999999989,1747.0400000000006,2023-10-16T09:36:00-04:00,0.0,6.149999999999977,1347.0400000000234,2023-10-16T09:41:00-04:00,0.0,7.299999999999983,-952.959999999988,2023-10-16T09:46:00-04:00,0.0,6.499999999999972,647.0400000000348,2023-10-16T10:01:00-04:00,0.0,4.800000000000011,4047.0399999999554,2023-10-16T10:31:00-04:00,0.0,5.5,2647.039999999978,2023-10-16T11:31:00-04:00,0.0,5.599999999999994,2447.0399999999895,2023-10-16T16:00:00-04:00,0.0,8.000000000000028,-2352.9600000000805,2023-10-17T16:00:00-04:00,0.0,,,2023-10-18T15:59:00-04:00,60.0,,,,,41.0,hit,60.0,hit,329.0,hit,329.0,hit,,never_hit,,never_hit,,never_hit,1440.0,hit,1440.0,hit,1.0,hit,1440.0,hit,1443.0,hit,1457.0,hit,7.399999999999977,4,True,False,False,False,,,,True,True,True,False,4.199999999999989,,,True,True,True,False,4.199999999999989,,,True,True,True,False,4.199999999999989,329.0,2023-10-16T15:00:00-04:00,2.75,8147.039999999978,,,,,,,,,330.0,2023-10-16T15:01:00-04:00,5.050000000000011,3547.0399999999554,,,,,,,,,,,,,,,,,,,,,,,,,,,,,,,,,,,,,,,,,,,,,,,,,1379
2023-10-16,2023-10-19,3,5.0,2023-10-16T09:31:00-04:00,5.0,NDXP  231019P15140000,NDXP  231019P15130000,development,False,False,0,0,1,48,0,1555,available,False,2023-10-16T09:31:00-04:00,2023-10-19T16:00:00-04:00,10.0,-10152.96,0.0,last_observed_quote_not_settlement,1036.0,846,61,4.75,247.04000000000067,2023-10-16T09:32:00-04:00,0.0,4.849999999999966,47.04000000006892,2023-10-16T09:33:00-04:00,0.0,4.3999999999999915,947.0400000000177,2023-10-16T09:36:00-04:00,0.0,4.5,747.0400000000006,2023-10-16T09:41:00-04:00,0.0,4.849999999999994,47.04000000001208,2023-10-16T09:46:00-04:00,0.0,4.349999999999994,1047.040000000012,2023-10-16T10:01:00-04:00,0.0,3.3000000000000114,3147.039999999978,2023-10-16T10:31:00-04:00,0.0,3.5999999999999943,2547.0400000000122,2023-10-16T11:31:00-04:00,0.0,4.0,1747.0400000000006,2023-10-16T16:00:00-04:00,0.0,4.550000000000011,647.0399999999779,2023-10-17T16:00:00-04:00,0.0,8.799999999999983,-7852.959999999967,2023-10-18T16:00:00-04:00,0.0,10.0,-10152.96,2023-10-19T16:00:00-04:00,0.0,0.0,hit,0.0,hit,14.0,hit,14.0,hit,,never_hit,,never_hit,,never_hit,307.0,hit,307.0,hit,1457.0,hit,3092.0,hit,3259.0,hit,4337.0,hit,5.0,0,False,False,False,False,,,,True,True,True,False,2.5500000000000114,,,True,True,True,False,2.5500000000000114,,,True,True,True,False,2.5500000000000114,14.0,2023-10-16T09:45:00-04:00,2.4499999999999886,4847.040000000024,,,,,,,,,15.0,2023-10-16T09:46:00-04:00,4.849999999999994,47.04000000001208,,,,,,,,,,,,,,,,,,,,,,,,,,,,,,,,,,,,,,,,,,,,,,,,,1380
2023-10-16,2023-10-19,3,6.0,2023-10-16T09:31:00-04:00,6.150000000000006,NDXP  231019P15240000,NDXP  231019P15230000,development,False,False,0,0,0,83,0,1520,available,False,2023-10-16T09:31:00-04:00,2023-10-19T16:00:00-04:00,10.0,-7852.959999999988,0.0,last_observed_quote_not_settlement,1036.0,913,73,6.25,-452.95999999998793,2023-10-16T09:32:00-04:00,0.0,6.099999999999994,-152.95999999997656,2023-10-16T09:33:00-04:00,0.0,5.5,1047.040000000012,2023-10-16T09:36:00-04:00,0.0,5.699999999999989,647.0400000000348,2023-10-16T09:41:00-04:00,0.0,5.699999999999989,647.0400000000348,2023-10-16T09:46:00-04:00,0.0,6.100000000000023,-152.9600000000334,2023-10-16T10:01:00-04:00,0.0,4.949999999999989,2147.040000000035,2023-10-16T10:31:00-04:00,0.0,4.700000000000017,2647.039999999978,2023-10-16T11:31:00-04:00,0.0,5.449999999999989,1147.0400000000348,2023-10-16T16:00:00-04:00,0.0,6.849999999999994,-1652.9599999999766,2023-10-17T16:00:00-04:00,0.0,9.300000000000011,-6552.960000000013,2023-10-18T16:00:00-04:00,0.0,10.0,-7852.959999999988,2023-10-19T16:00:00-04:00,0.0,5.0,hit,7.0,hit,7.0,hit,,never_hit,,never_hit,,never_hit,,never_hit,12.0,hit,329.0,hit,329.0,hit,1443.0,hit,1466.0,hit,3129.0,hit,,,True,True,True,False,2.4499999999999886,,,True,True,True,False,2.4499999999999886,,,True,True,True,False,2.4499999999999886,,,True,True,True,False,2.4499999999999886,,,,,,,,,,,,,,,,,,,,,,,,,,,,,,,,,,,,,,,,,,,,,,,,,,,,,,,,,,,,,,,,,1381
2023-10-16,2023-10-19,3,7.0,2023-10-16T09:31:00-04:00,6.949999999999989,NDXP  231019P15290000,NDXP  231019P15280000,development,False,False,0,0,0,120,0,1483,available,False,2023-10-16T09:31:00-04:00,2023-10-19T16:00:00-04:00,10.0,-6252.960000000023,0.0,last_observed_quote_not_settlement,1036.0,860,63,7.549999999999983,-1452.959999999988,2023-10-16T09:32:00-04:00,0.0,7.149999999999977,-652.9599999999766,2023-10-16T09:33:00-04:00,0.0,6.400000000000006,847.0399999999665,2023-10-16T09:36:00-04:00,0.0,6.799999999999983,47.04000000001208,2023-10-16T09:41:00-04:00,0.0,6.900000000000034,-152.96000000009025,2023-10-16T09:46:00-04:00,0.0,6.75,147.03999999997797,2023-10-16T10:01:00-04:00,0.0,3.9499999999999886,5747.040000000001,2023-10-16T10:31:00-04:00,0.0,5.599999999999994,2447.0399999999895,2023-10-16T11:31:00-04:00,0.0,5.899999999999977,1847.0400000000234,2023-10-16T16:00:00-04:00,0.0,7.450000000000017,-1252.9600000000562,2023-10-17T16:00:00-04:00,0.0,9.649999999999977,-5652.959999999978,2023-10-18T16:00:00-04:00,0.0,10.0,-6252.960000000023,2023-10-19T16:00:00-04:00,0.0,60.0,hit,60.0,hit,60.0,hit,,never_hit,,never_hit,,never_hit,,never_hit,1.0,hit,1441.0,hit,1.0,hit,1441.0,hit,1447.0,hit,1460.0,hit,,,True,True,True,False,3.0,,,True,True,True,False,3.0,,,True,True,True,False,3.0,,,True,True,True,False,3.0,,,,,,,,,,,,,,,,,,,,,,,,,,,,,,,,,,,,,,,,,,,,,,,,,,,,,,,,,,,,,,,,,1382
2023-10-17,2023-10-19,2,5.0,2023-10-17T09:31:00-04:00,5.049999999999983,NDXP  231019P15090000,NDXP  231019P15080000,development,False,False,0,0,1,40,0,1158,available,False,2023-10-17T09:31:00-04:00,2023-10-19T16:00:00-04:00,10.0,-10052.960000000034,0.0,last_observed_quote_not_settlement,1036.0,738,23,5.25,-652.9600000000335,2023-10-17T09:32:00-04:00,0.0,5.75,-1652.9600000000335,2023-10-17T09:33:00-04:00,0.0,5.449999999999989,-1052.9600000000107,2023-10-17T09:36:00-04:00,0.0,5.099999999999994,-352.96000000002203,2023-10-17T09:41:00-04:00,0.0,5.950000000000017,-2052.9600000000673,2023-10-17T09:46:00-04:00,0.0,5.899999999999977,-1952.959999999988,2023-10-17T10:01:00-04:00,0.0,4.25,1347.0399999999665,2023-10-17T10:31:00-04:00,0.0,3.6999999999999886,2447.0399999999895,2023-10-17T11:31:00-04:00,0.0,3.6000000000000085,2647.0399999999495,2023-10-17T16:00:00-04:00,0.0,7.849999999999994,-5852.960000000022,2023-10-18T16:00:00-04:00,0.0,10.0,-10052.960000000034,2023-10-19T16:00:00-04:00,0.0,,,,,0.0,hit,7.0,hit,66.0,hit,162.0,hit,,never_hit,,never_hit,,never_hit,2.0,hit,6.0,hit,1687.0,hit,1797.0,hit,2897.0,hit,2985.0,hit,6.850000000000023,41,False,False,False,False,,,,True,True,True,False,2.1999999999999886,,,True,True,True,False,2.1999999999999886,,,True,True,True,False,2.1999999999999886,173.0,2023-10-17T12:24:00-04:00,2.8499999999999943,4147.039999999978,176.0,2023-10-17T12:27:00-04:00,2.9499999999999957,3947.039999999975,177.0,2023-10-17T12:28:00-04:00,2.8499999999999943,4147.039999999978,174.0,2023-10-17T12:25:00-04:00,3.0500000000000043,3747.039999999958,,,,,,,,,,,,,,,,,,,,,,,,,,,,,,,,,,,,,,,,,,,,,,,,,1383
2023-10-17,2023-10-19,2,6.0,2023-10-17T09:31:00-04:00,5.949999999999989,NDXP  231019P15130000,NDXP  231019P15120000,development,False,False,0,0,1,51,0,1147,available,False,2023-10-17T09:31:00-04:00,2023-10-19T16:00:00-04:00,10.0,-8252.960000000021,0.0,last_observed_quote_not_settlement,1036.0,693,37,6.0,-352.96000000002203,2023-10-17T09:32:00-04:00,0.0,5.450000000000017,747.0399999999438,2023-10-17T09:33:00-04:00,0.0,6.299999999999983,-952.959999999988,2023-10-17T09:36:00-04:00,0.0,6.349999999999994,-1052.9600000000107,2023-10-17T09:41:00-04:00,0.0,6.899999999999977,-2152.9599999999764,2023-10-17T09:46:00-04:00,0.0,5.899999999999977,-152.95999999997656,2023-10-17T10:01:00-04:00,0.0,5.050000000000011,1547.0399999999552,2023-10-17T10:31:00-04:00,0.0,4.349999999999994,2947.0399999999895,2023-10-17T11:31:00-04:00,0.0,4.349999999999994,2947.0399999999895,2023-10-17T16:00:00-04:00,0.0,,,2023-10-18T15:59:00-04:00,60.0,10.0,-8252.960000000021,2023-10-19T16:00:00-04:00,0.0,,,,,2.0,hit,42.0,hit,125.0,hit,,never_hit,,never_hit,,never_hit,,never_hit,13.0,hit,19.0,hit,19.0,hit,1753.0,hit,2887.0,hit,2938.0,hit,,,True,True,True,False,2.6499999999999773,,,True,True,True,False,2.6499999999999773,,,True,True,True,False,2.6499999999999773,,,True,True,True,False,2.6499999999999773,,,,,,,,,,,,,,,,,,,,,,,,,,,,,,,,,,,,,,,,,,,,,,,,,,,,,,,,,,,,,,,,,1384
2023-10-17,2023-10-19,2,7.0,2023-10-17T09:31:00-04:00,6.7999999999999545,NDXP  231019P15890000,NDXP  231019P15880000,development,False,False,0,0,0,184,0,1015,available,False,2023-10-17T09:31:00-04:00,2023-10-19T16:00:00-04:00,10.0,-6552.960000000091,0.0,last_observed_quote_not_settlement,1037.0,884,15,10.0,-6552.960000000091,2023-10-17T09:32:00-04:00,0.0,8.950000000000045,-4552.960000000183,2023-10-17T09:33:00-04:00,0.0,10.0,-6552.960000000091,2023-10-17T09:36:00-04:00,0.0,9.650000000000091,-5952.960000000274,2023-10-17T09:41:00-04:00,0.0,,,2023-10-17T09:45:00-04:00,60.0,9.700000000000045,-6052.960000000183,2023-10-17T10:01:00-04:00,0.0,10.0,-6552.960000000091,2023-10-17T10:31:00-04:00,0.0,10.0,-6552.960000000091,2023-10-17T11:31:00-04:00,0.0,10.0,-6552.960000000091,2023-10-17T16:00:00-04:00,0.0,9.949999999999932,-6552.9599999999555,2023-10-18T16:00:00-04:00,0.0,10.0,-6552.960000000091,2023-10-19T16:00:00-04:00,0.0,,,,,2942.0,hit,2942.0,hit,3030.0,hit,3030.0,hit,3030.0,hit,,never_hit,,never_hit,1.0,hit,1.0,hit,1.0,hit,1.0,hit,1.0,hit,1.0,hit,10.0,789,True,True,True,True,,10.0,789,True,True,True,True,,,,True,True,True,False,5.149999999999977,,,True,True,True,False,5.149999999999977,3030.0,2023-10-19T12:01:00-04:00,1.6499999999999773,10047.039999999955,,,,,,,,,3031.0,2023-10-19T12:02:00-04:00,9.999999999999886,-6552.960000000091,3030.0,2023-10-19T12:01:00-04:00,1.6499999999999773,10047.039999999955,,,,,,,,,3031.0,2023-10-19T12:02:00-04:00,9.999999999999886,-6552.960000000091,,,,,,,,,,,,,,,,,,,,,,,,,,,,,,,,,1385
2023-10-20,2023-10-23,3,5.0,2023-10-20T09:31:00-04:00,4.949999999999989,NDXP  231023P14820000,NDXP  231023P14810000,development,False,False,0,0,0,43,0,750,available,False,2023-10-20T09:31:00-04:00,2023-10-23T15:59:00-04:00,8.299999999999983,-6952.95999999999,1.0,last_observed_quote_not_settlement,3916.0,711,0,6.049999999999983,-2452.9599999999878,2023-10-20T09:32:00-04:00,0.0,6.550000000000011,-3452.9600000000446,2023-10-20T09:33:00-04:00,0.0,5.900000000000006,-2152.9600000000332,2023-10-20T09:36:00-04:00,0.0,5.5,-1352.960000000022,2023-10-20T09:41:00-04:00,0.0,5.599999999999994,-1552.9600000000107,2023-10-20T09:46:00-04:00,0.0,6.050000000000011,-2452.9600000000446,2023-10-20T10:01:00-04:00,0.0,6.75,-3852.960000000022,2023-10-20T10:31:00-04:00,0.0,8.0,-6352.960000000024,2023-10-20T11:31:00-04:00,0.0,8.949999999999989,-8252.960000000001,2023-10-20T16:00:00-04:00,0.0,,,2023-10-20T16:15:00-04:00,85500.0,,,2023-10-20T16:15:00-04:00,171900.0,,,2023-10-23T15:59:00-04:00,60.0,0.0,hit,0.0,hit,,never_hit,,never_hit,,never_hit,,never_hit,,never_hit,1.0,hit,1.0,hit,11.0,hit,85.0,hit,117.0,hit,359.0,hit,,,True,True,True,False,0.0,,,True,True,True,False,0.0,,,True,True,True,False,0.0,,,True,True,True,False,0.0,,,,,,,,,,,,,,,,,,,,,,,,,,,,,,,,,,,,,,,,,,,,,,,,,,,,,,,,,,,,,,,,,1386
2023-10-20,2023-10-23,3,6.0,2023-10-20T09:31:00-04:00,6.099999999999994,NDXP  231023P14870000,NDXP  231023P14860000,development,False,False,0,0,0,63,0,731,available,False,2023-10-20T09:31:00-04:00,2023-10-23T15:59:00-04:00,10.0,-7952.960000000011,1.0,last_observed_quote_not_settlement,3916.0,678,6,6.400000000000006,-852.9600000000221,2023-10-20T09:32:00-04:00,0.0,6.700000000000017,-1452.9600000000448,2023-10-20T09:33:00-04:00,0.0,6.649999999999977,-1352.9599999999652,2023-10-20T09:36:00-04:00,0.0,6.299999999999983,-652.9599999999766,2023-10-20T09:41:00-04:00,0.0,6.449999999999989,-952.959999999988,2023-10-20T09:46:00-04:00,0.0,6.649999999999977,-1352.9599999999652,2023-10-20T10:01:00-04:00,0.0,8.350000000000023,-4752.960000000058,2023-10-20T10:31:00-04:00,0.0,8.350000000000023,-4752.960000000058,2023-10-20T11:31:00-04:00,0.0,8.75,-5552.960000000013,2023-10-20T16:00:00-04:00,0.0,,,2023-10-20T16:15:00-04:00,85500.0,,,2023-10-20T16:15:00-04:00,171900.0,,,2023-10-23T15:59:00-04:00,60.0,,never_hit,,never_hit,,never_hit,,never_hit,,never_hit,,never_hit,,never_hit,2.0,hit,41.0,hit,21.0,hit,60.0,hit,87.0,hit,306.0,hit,,,True,True,True,False,0.29999999999998295,,,True,True,True,False,0.29999999999998295,,,True,True,True,False,0.29999999999998295,,,True,True,True,False,0.29999999999998295,,,,,,,,,,,,,,,,,,,,,,,,,,,,,,,,,,,,,,,,,,,,,,,,,,,,,,,,,,,,,,,,,1387
2023-10-20,2023-10-23,3,7.0,2023-10-20T09:31:00-04:00,7.0,NDXP  231023P14900000,NDXP  231023P14890000,development,False,False,0,0,0,153,0,641,available,False,2023-10-20T09:31:00-04:00,2023-10-23T15:59:00-04:00,10.0,-6152.96,1.0,last_observed_quote_not_settlement,3917.0,513,16,7.450000000000017,-1152.9600000000335,2023-10-20T09:32:00-04:00,0.0,7.399999999999977,-1052.9599999999539,2023-10-20T09:33:00-04:00,0.0,7.099999999999994,-452.95999999998793,2023-10-20T09:36:00-04:00,0.0,6.650000000000034,447.0399999999325,2023-10-20T09:41:00-04:00,0.0,6.900000000000006,-52.96000000001066,2023-10-20T09:46:00-04:00,0.0,7.2000000000000455,-652.9600000000903,2023-10-20T10:01:00-04:00,0.0,8.949999999999989,-4152.959999999978,2023-10-20T10:31:00-04:00,0.0,8.799999999999955,-3852.95999999991,2023-10-20T11:31:00-04:00,0.0,,,2023-10-20T15:57:00-04:00,180.0,,,2023-10-20T16:15:00-04:00,85500.0,,,2023-10-20T16:15:00-04:00,171900.0,,,2023-10-23T15:59:00-04:00,60.0,4328.0,hit,,never_hit,,never_hit,,never_hit,,never_hit,,never_hit,,never_hit,41.0,hit,52.0,hit,0.0,hit,52.0,hit,89.0,hit,263.0,hit,,,True,True,True,False,1.5500000000000682,,,True,True,True,False,1.5500000000000682,,,True,True,True,False,1.5500000000000682,,,True,True,True,False,1.5500000000000682,,,,,,,,,,,,,,,,,,,,,,,,,,,,,,,,,,,,,,,,,,,,,,,,,,,,,,,,,,,,,,,,,1388
2023-10-23,2023-10-25,2,5.0,2023-10-23T09:31:00-04:00,5.050000000000011,NDXP  231025P14560000,NDXP  231025P14550000,development,False,False,0,0,0,31,0,1165,available,False,2023-10-23T09:31:00-04:00,2023-10-25T15:58:00-04:00,10.0,-10052.959999999975,2.0,last_observed_quote_not_settlement,1036.0,316,42,5.350000000000023,-852.9600000000221,2023-10-23T09:32:00-04:00,0.0,4.950000000000017,-52.96000000001066,2023-10-23T09:33:00-04:00,0.0,5.299999999999983,-752.9599999999425,2023-10-23T09:36:00-04:00,0.0,6.400000000000006,-2952.9599999999878,2023-10-23T09:41:00-04:00,0.0,6.650000000000006,-3452.9599999999878,2023-10-23T09:46:00-04:00,0.0,5.099999999999994,-352.9599999999652,2023-10-23T10:01:00-04:00,0.0,4.5,847.0400000000234,2023-10-23T10:31:00-04:00,0.0,3.5,2847.0400000000236,2023-10-23T11:31:00-04:00,0.0,3.799999999999983,2247.0400000000577,2023-10-23T16:00:00-04:00,0.0,1.5499999999999972,6747.040000000029,2023-10-24T16:00:00-04:00,0.0,,,2023-10-25T15:58:00-04:00,120.0,,,,,0.0,hit,2.0,hit,83.0,hit,160.0,hit,345.0,hit,1819.0,hit,1819.0,hit,3.0,hit,10.0,hit,3021.0,hit,3032.0,hit,3080.0,hit,3094.0,hit,6.699999999999989,27,False,False,False,False,,6.699999999999989,27,False,False,False,False,,6.699999999999989,27,False,False,False,False,,6.699999999999989,27,False,False,False,False,,179.0,2023-10-23T12:30:00-04:00,2.9499999999999957,3947.040000000032,189.0,2023-10-23T12:40:00-04:00,2.8500000000000014,4147.040000000021,202.0,2023-10-23T12:53:00-04:00,2.8499999999999943,4147.0400000000345,180.0,2023-10-23T12:31:00-04:00,3.0,3847.0400000000236,345.0,2023-10-23T15:16:00-04:00,1.5999999999999943,6647.0400000000345,1509.0,2023-10-24T10:40:00-04:00,1.8000000000000007,6247.040000000022,1510.0,2023-10-24T10:41:00-04:00,1.9499999999999993,5947.0400000000245,346.0,2023-10-23T15:17:00-04:00,3.20000000000001,3447.0400000000036,1819.0,2023-10-24T15:50:00-04:00,0.25,9347.040000000025,,,,,,,,,1820.0,2023-10-24T15:51:00-04:00,1.6000000000000014,6647.040000000021,1819.0,2023-10-24T15:50:00-04:00,0.25,9347.040000000025,,,,,,,,,1820.0,2023-10-24T15:51:00-04:00,1.6000000000000014,6647.040000000021,1389
2023-10-23,2023-10-25,2,6.0,2023-10-23T09:31:00-04:00,6.149999999999977,NDXP  231025P14680000,NDXP  231025P14670000,development,False,False,0,0,0,59,0,1137,available,False,2023-10-23T09:31:00-04:00,2023-10-25T15:59:00-04:00,10.0,-7852.9600000000455,1.0,last_observed_quote_not_settlement,1036.0,348,22,6.550000000000011,-1052.9600000000676,2023-10-23T09:32:00-04:00,0.0,6.599999999999994,-1152.9600000000335,2023-10-23T09:33:00-04:00,0.0,6.899999999999977,-1752.9599999999994,2023-10-23T09:36:00-04:00,0.0,7.099999999999966,-2152.9599999999764,2023-10-23T09:41:00-04:00,0.0,7.5,-2952.9600000000446,2023-10-23T09:46:00-04:00,0.0,6.5,-952.9600000000448,2023-10-23T10:01:00-04:00,0.0,5.999999999999972,47.04000000001208,2023-10-23T10:31:00-04:00,0.0,5.099999999999994,1847.0399999999665,2023-10-23T11:31:00-04:00,0.0,8.400000000000006,-4752.960000000058,2023-10-23T16:00:00-04:00,0.0,3.700000000000003,4647.03999999995,2023-10-24T16:00:00-04:00,0.0,,,2023-10-25T15:59:00-04:00,60.0,,,,,53.0,hit,110.0,hit,207.0,hit,276.0,hit,,never_hit,,never_hit,,never_hit,3.0,hit,4.0,hit,3.0,hit,4.0,hit,2903.0,hit,2994.0,hit,8.350000000000023,53,True,True,False,False,,,,True,True,True,False,3.6999999999999815,,,True,True,True,False,3.6999999999999815,,,True,True,True,False,3.6999999999999815,276.0,2023-10-23T14:07:00-04:00,2.799999999999997,6447.039999999961,1840.0,2023-10-24T16:11:00-04:00,2.5,7047.039999999955,1841.0,2023-10-24T16:12:00-04:00,2.599999999999998,6847.039999999959,277.0,2023-10-23T14:08:00-04:00,4.0,4047.0399999999554,,,,,,,,,,,,,,,,,,,,,,,,,,,,,,,,,,,,,,,,,,,,,,,,,1390
2023-10-23,2023-10-25,2,7.0,2023-10-23T09:31:00-04:00,6.949999999999989,NDXP  231025P14810000,NDXP  231025P14800000,development,False,False,0,0,0,141,0,1055,available,False,2023-10-23T09:31:00-04:00,2023-10-25T15:48:00-04:00,9.850000000000023,-6052.960000000069,12.0,last_observed_quote_not_settlement,1036.0,450,74,9.149999999999977,-4652.959999999978,2023-10-23T09:32:00-04:00,0.0,8.149999999999977,-2652.959999999978,2023-10-23T09:33:00-04:00,0.0,8.25,-2852.9600000000237,2023-10-23T09:36:00-04:00,0.0,8.100000000000023,-2552.960000000069,2023-10-23T09:41:00-04:00,0.0,9.249999999999943,-4852.95999999991,2023-10-23T09:46:00-04:00,0.0,7.9500000000000455,-2252.9600000001146,2023-10-23T10:01:00-04:00,0.0,7.350000000000023,-1052.9600000000676,2023-10-23T10:31:00-04:00,0.0,6.850000000000023,-52.9600000000675,2023-10-23T11:31:00-04:00,0.0,7.449999999999989,-1252.9599999999994,2023-10-23T16:00:00-04:00,0.0,5.900000000000006,1847.0399999999665,2023-10-24T16:00:00-04:00,0.0,,,2023-10-25T15:48:00-04:00,720.0,,,,,206.0,hit,224.0,hit,,never_hit,,never_hit,,never_hit,,never_hit,,never_hit,1.0,hit,1.0,hit,1.0,hit,1.0,hit,1.0,hit,2881.0,hit,,,True,True,True,False,2.1499999999999915,,,True,True,True,False,2.1499999999999915,,,True,True,True,False,2.1499999999999915,,,True,True,True,False,2.1499999999999915,,,,,,,,,,,,,,,,,,,,,,,,,,,,,,,,,,,,,,,,,,,,,,,,,,,,,,,,,,,,,,,,,1391
2023-10-23,2023-10-26,3,5.0,2023-10-23T09:31:00-04:00,4.9500000000000455,NDXP  231026P14560000,NDXP  231026P14550000,development,False,False,0,0,0,121,0,1480,available,False,2023-10-23T09:31:00-04:00,2023-10-26T15:53:00-04:00,8.200000000000045,-6752.960000000001,7.0,last_observed_quote_not_settlement,1036.0,556,49,5.149999999999977,-652.9599999998629,2023-10-23T09:32:00-04:00,0.0,5.199999999999989,-752.9599999998857,2023-10-23T09:33:00-04:00,0.0,5.600000000000023,-1552.9599999999539,2023-10-23T09:36:00-04:00,0.0,6.199999999999989,-2752.9599999998854,2023-10-23T09:41:00-04:00,0.0,6.600000000000023,-3552.9599999999537,2023-10-23T09:46:00-04:00,0.0,4.650000000000006,347.0400000000803,2023-10-23T10:01:00-04:00,0.0,4.399999999999977,847.0400000001371,2023-10-23T10:31:00-04:00,0.0,3.6499999999999915,2347.0400000001086,2023-10-23T11:31:00-04:00,0.0,1.4499999999999886,6747.040000000115,2023-10-23T16:00:00-04:00,0.0,2.3000000000000043,5047.040000000083,2023-10-24T16:00:00-04:00,0.0,7.550000000000011,-5452.959999999931,2023-10-25T16:00:00-04:00,0.0,,,2023-10-26T15:53:00-04:00,420.0,0.0,hit,0.0,hit,89.0,hit,188.0,hit,389.0,hit,,never_hit,,never_hit,5.0,hit,10.0,hit,3090.0,hit,3090.0,hit,4320.0,hit,4329.0,hit,6.600000000000023,21,False,False,False,False,,6.650000000000006,22,False,False,False,False,,,,True,True,True,False,3.500000000000057,,,True,True,True,False,3.500000000000057,188.0,2023-10-23T12:39:00-04:00,2.799999999999997,4047.0400000000973,206.0,2023-10-23T12:57:00-04:00,2.8499999999999943,3947.040000000103,207.0,2023-10-23T12:58:00-04:00,2.799999999999997,4047.0400000000973,189.0,2023-10-23T12:40:00-04:00,3.0999999999999943,3447.040000000103,389.0,2023-10-23T16:00:00-04:00,1.4499999999999886,6747.040000000115,1839.0,2023-10-24T16:10:00-04:00,1.8000000000000043,6047.040000000083,1840.0,2023-10-24T16:11:00-04:00,1.7000000000000028,6247.040000000086,390.0,2023-10-23T16:01:00-04:00,3.9499999999999886,1747.0400000001143,,,,,,,,,,,,,,,,,,,,,,,,,,,,,,,,,1392
2023-10-23,2023-10-26,3,6.0,2023-10-23T09:31:00-04:00,6.050000000000011,NDXP  231026P14660000,NDXP  231026P14650000,development,False,False,0,0,0,132,0,1469,available,False,2023-10-23T09:31:00-04:00,2023-10-26T15:59:00-04:00,4.649999999999864,2547.0400000002965,1.0,last_observed_quote_not_settlement,1036.0,571,56,6.450000000000017,-1052.9600000000107,2023-10-23T09:32:00-04:00,0.0,5.799999999999983,247.04000000005752,2023-10-23T09:33:00-04:00,0.0,4.5,2847.0400000000236,2023-10-23T09:36:00-04:00,0.0,7.449999999999989,-3052.9599999999537,2023-10-23T09:41:00-04:00,0.0,8.100000000000023,-4352.960000000024,2023-10-23T09:46:00-04:00,0.0,5.150000000000006,1547.040000000012,2023-10-23T10:01:00-04:00,0.0,5.449999999999989,947.0400000000461,2023-10-23T10:31:00-04:00,0.0,4.599999999999994,2647.040000000035,2023-10-23T11:31:00-04:00,0.0,3.9000000000000057,4047.040000000012,2023-10-23T16:00:00-04:00,0.0,3.299999999999997,5247.040000000029,2023-10-24T16:00:00-04:00,0.0,6.650000000000034,-1452.9600000000448,2023-10-25T16:00:00-04:00,0.0,,,2023-10-26T15:59:00-04:00,60.0,5.0,hit,5.0,hit,38.0,hit,1512.0,hit,,never_hit,,never_hit,,never_hit,4.0,hit,10.0,hit,10.0,hit,15.0,hit,3143.0,hit,3192.0,hit,8.100000000000023,16,True,True,False,False,,,,True,True,True,False,3.6999999999999886,,,True,True,True,False,3.6999999999999886,,,True,True,True,False,3.6999999999999886,1512.0,2023-10-24T10:43:00-04:00,2.4499999999999886,6947.040000000046,,,,,,,,,1513.0,2023-10-24T10:44:00-04:00,3.3499999999999943,5147.0400000000345,,,,,,,,,,,,,,,,,,,,,,,,,,,,,,,,,,,,,,,,,,,,,,,,,1393
2023-10-23,2023-10-26,3,7.0,2023-10-23T09:31:00-04:00,7.0,NDXP  231026P14770000,NDXP  231026P14760000,development,False,False,0,0,0,144,0,1457,available,False,2023-10-23T09:31:00-04:00,2023-10-26T15:59:00-04:00,10.0,-6152.96,1.0,last_observed_quote_not_settlement,1037.0,569,47,7.300000000000068,-852.9600000001358,2023-10-23T09:32:00-04:00,0.0,7.25,-752.9599999999994,2023-10-23T09:33:00-04:00,0.0,7.149999999999977,-552.9599999999539,2023-10-23T09:36:00-04:00,0.0,7.75,-1752.9599999999994,2023-10-23T09:41:00-04:00,0.0,6.850000000000023,47.039999999955235,2023-10-23T09:46:00-04:00,0.0,7.0,-252.9599999999993,2023-10-23T10:01:00-04:00,0.0,6.699999999999989,347.04000000002344,2023-10-23T10:31:00-04:00,0.0,5.900000000000034,1947.0399999999324,2023-10-23T11:31:00-04:00,0.0,6.699999999999989,347.04000000002344,2023-10-23T16:00:00-04:00,0.0,4.5,4747.040000000001,2023-10-24T16:00:00-04:00,0.0,9.449999999999989,-5152.959999999978,2023-10-25T16:00:00-04:00,0.0,,,2023-10-26T15:59:00-04:00,60.0,130.0,hit,130.0,hit,4642.0,hit,4642.0,hit,4642.0,hit,4642.0,hit,,never_hit,3.0,hit,3.0,hit,0.0,hit,3.0,hit,3018.0,hit,3018.0,hit,10.0,530,True,True,True,True,,10.0,530,True,True,True,True,,10.0,530,True,True,True,True,,,,True,True,True,False,6.2000000000000455,4642.0,2023-10-26T14:53:00-04:00,0.7999999999999545,12147.040000000092,,,,,,,,,,,,,4642.0,2023-10-26T14:53:00-04:00,0.7999999999999545,12147.040000000092,,,,,,,,,,,,,4642.0,2023-10-26T14:53:00-04:00,0.7999999999999545,12147.040000000092,,,,,,,,,,,,,,,,,,,,,,,,,,,,,1394
2023-10-24,2023-10-26,2,5.0,2023-10-24T09:31:00-04:00,4.950000000000017,NDXP  231026P14730000,NDXP  231026P14720000,development,False,False,0,0,0,152,0,1044,available,False,2023-10-24T09:31:00-04:00,2023-10-26T15:59:00-04:00,10.0,-10252.959999999965,1.0,last_observed_quote_not_settlement,1036.0,719,51,5.800000000000011,-1952.959999999988,2023-10-24T09:32:00-04:00,0.0,5.25,-852.9599999999652,2023-10-24T09:33:00-04:00,0.0,5.349999999999994,-1052.9599999999539,2023-10-24T09:36:00-04:00,0.0,4.75,147.0400000000348,2023-10-24T09:41:00-04:00,0.0,4.699999999999989,247.04000000005752,2023-10-24T09:46:00-04:00,0.0,4.699999999999989,247.04000000005752,2023-10-24T10:01:00-04:00,0.0,4.349999999999994,947.0400000000461,2023-10-24T10:31:00-04:00,0.0,4.900000000000006,-152.95999999997656,2023-10-24T11:31:00-04:00,0.0,3.8000000000000114,2047.0400000000122,2023-10-24T16:00:00-04:00,0.0,10.0,-10252.959999999965,2023-10-25T16:00:00-04:00,0.0,,,2023-10-26T15:59:00-04:00,60.0,,,,,0.0,hit,0.0,hit,14.0,hit,,never_hit,,never_hit,,never_hit,,never_hit,1.0,hit,181.0,hit,191.0,hit,1463.0,hit,1638.0,hit,1656.0,hit,,,True,True,True,False,1.65000000000002,,,True,True,True,False,1.65000000000002,,,True,True,True,False,1.65000000000002,,,True,True,True,False,1.65000000000002,,,,,,,,,,,,,,,,,,,,,,,,,,,,,,,,,,,,,,,,,,,,,,,,,,,,,,,,,,,,,,,,,1395
2023-10-24,2023-10-26,2,6.0,2023-10-24T09:31:00-04:00,6.049999999999983,NDXP  231026P14780000,NDXP  231026P14770000,development,False,False,0,0,0,159,0,1037,available,False,2023-10-24T09:31:00-04:00,2023-10-26T15:59:00-04:00,10.0,-8052.960000000034,1.0,last_observed_quote_not_settlement,1041.0,631,42,4.699999999999989,2447.0399999999895,2023-10-24T09:32:00-04:00,0.0,5.800000000000011,247.03999999994383,2023-10-24T09:33:00-04:00,0.0,5.399999999999977,1047.040000000012,2023-10-24T09:36:00-04:00,0.0,4.800000000000011,2247.039999999944,2023-10-24T09:41:00-04:00,0.0,5.850000000000023,147.03999999992112,2023-10-24T09:46:00-04:00,0.0,5.350000000000023,1147.039999999921,2023-10-24T10:01:00-04:00,0.0,5.0,1847.0399999999665,2023-10-24T10:31:00-04:00,0.0,5.599999999999994,647.0399999999779,2023-10-24T11:31:00-04:00,0.0,5.349999999999994,1147.039999999978,2023-10-24T16:00:00-04:00,0.0,9.699999999999989,-7552.960000000013,2023-10-25T16:00:00-04:00,0.0,,,2023-10-26T15:59:00-04:00,60.0,,,,,1.0,hit,1.0,hit,379.0,hit,,never_hit,,never_hit,,never_hit,,never_hit,16.0,hit,16.0,hit,16.0,hit,276.0,hit,1561.0,hit,1572.0,hit,,,True,True,True,False,2.0999999999999943,,,True,True,True,False,2.0999999999999943,,,True,True,True,False,2.0999999999999943,,,True,True,True,False,2.0999999999999943,,,,,,,,,,,,,,,,,,,,,,,,,,,,,,,,,,,,,,,,,,,,,,,,,,,,,,,,,,,,,,,,,1396
2023-10-24,2023-10-26,2,7.0,2023-10-24T09:31:00-04:00,7.0,NDXP  231026P15000000,NDXP  231026P14990000,development,False,False,0,0,0,182,15,1014,available,False,2023-10-24T09:31:00-04:00,2023-10-26T16:00:00-04:00,0.0,13747.04,0.0,last_observed_quote_not_settlement,1037.0,872,19,8.700000000000045,-3652.960000000092,2023-10-24T09:32:00-04:00,0.0,8.0,-2252.960000000001,2023-10-24T09:33:00-04:00,0.0,8.100000000000023,-2452.9600000000464,2023-10-24T09:36:00-04:00,0.0,8.200000000000045,-2652.960000000092,2023-10-24T09:41:00-04:00,0.0,8.25,-2752.960000000001,2023-10-24T09:46:00-04:00,0.0,7.75,-1752.9599999999994,2023-10-24T10:01:00-04:00,0.0,7.649999999999977,-1552.9599999999539,2023-10-24T10:31:00-04:00,0.0,8.350000000000023,-2952.9600000000464,2023-10-24T11:31:00-04:00,0.0,9.300000000000011,-4852.960000000024,2023-10-24T16:00:00-04:00,0.0,,,2023-10-25T15:59:00-04:00,60.0,0.0,13747.04,2023-10-26T16:00:00-04:00,0.0,,,,,1530.0,hit,3202.0,hit,3202.0,hit,3202.0,hit,3202.0,hit,3269.0,hit,3269.0,hit,1.0,hit,1.0,hit,0.0,hit,1.0,hit,21.0,hit,129.0,hit,10.0,833,True,True,True,True,,10.0,833,True,True,True,True,,10.0,872,True,True,True,True,,10.0,872,True,True,True,True,,3202.0,2023-10-26T14:53:00-04:00,1.6999999999999318,10347.040000000137,,,,,,,,,,,,,3202.0,2023-10-26T14:53:00-04:00,1.6999999999999318,10347.040000000137,,,,,,,,,,,,,3269.0,2023-10-26T16:00:00-04:00,0.0,13747.04,,,,,,,,,,,,,3269.0,2023-10-26T16:00:00-04:00,0.0,13747.04,,,,,,,,,,,,,1397
2023-10-24,2023-10-27,3,5.0,2023-10-24T09:31:00-04:00,5.049999999999983,NDXP  231027P14720000,NDXP  231027P14710000,development,False,False,0,0,0,173,0,1429,available,False,2023-10-24T09:31:00-04:00,2023-10-27T16:00:00-04:00,10.0,-10052.960000000034,0.0,last_observed_quote_not_settlement,1036.0,980,41,5.349999999999994,-852.9600000000221,2023-10-24T09:32:00-04:00,0.0,5.050000000000011,-252.96000000005614,2023-10-24T09:33:00-04:00,0.0,4.75,347.0399999999666,2023-10-24T09:36:00-04:00,0.0,4.400000000000006,1047.0399999999552,2023-10-24T09:41:00-04:00,0.0,5.150000000000006,-452.9600000000448,2023-10-24T09:46:00-04:00,0.0,4.350000000000023,1147.039999999921,2023-10-24T10:01:00-04:00,0.0,4.199999999999989,1447.0399999999893,2023-10-24T10:31:00-04:00,0.0,4.900000000000006,47.039999999955235,2023-10-24T11:31:00-04:00,0.0,4.049999999999997,1747.0399999999722,2023-10-24T16:00:00-04:00,0.0,,,2023-10-25T15:59:00-04:00,60.0,10.0,-10052.960000000034,2023-10-26T16:00:00-04:00,0.0,10.0,-10052.960000000034,2023-10-27T16:00:00-04:00,0.0,0.0,hit,3.0,hit,58.0,hit,399.0,hit,,never_hit,,never_hit,,never_hit,14.0,hit,29.0,hit,1445.0,hit,1450.0,hit,1578.0,hit,1578.0,hit,6.700000000000017,87,False,False,False,False,,,,True,True,True,False,2.9499999999999886,,,True,True,True,False,2.9499999999999886,,,True,True,True,False,2.9499999999999886,399.0,2023-10-24T16:10:00-04:00,2.0999999999999943,5647.039999999978,,,,,,,,,400.0,2023-10-24T16:11:00-04:00,3.3999999999999915,3047.0399999999836,,,,,,,,,,,,,,,,,,,,,,,,,,,,,,,,,,,,,,,,,,,,,,,,,1398
2023-10-24,2023-10-27,3,6.0,2023-10-24T09:31:00-04:00,6.0,NDXP  231027P14840000,NDXP  231027P14830000,development,False,False,0,0,0,186,0,1416,available,False,2023-10-24T09:31:00-04:00,2023-10-27T16:00:00-04:00,10.0,-8152.96,0.0,last_observed_quote_not_settlement,1036.0,1069,54,6.599999999999994,-1452.959999999988,2023-10-24T09:32:00-04:00,0.0,5.7999999999999545,147.04000000009165,2023-10-24T09:33:00-04:00,0.0,6.0,-252.9599999999993,2023-10-24T09:36:00-04:00,0.0,5.950000000000017,-152.9600000000334,2023-10-24T09:41:00-04:00,0.0,6.099999999999994,-452.95999999998793,2023-10-24T09:46:00-04:00,0.0,4.400000000000034,2947.0399999999327,2023-10-24T10:01:00-04:00,0.0,5.400000000000006,947.0399999999893,2023-10-24T10:31:00-04:00,0.0,6.149999999999977,-552.9599999999539,2023-10-24T11:31:00-04:00,0.0,5.200000000000017,1347.0399999999665,2023-10-24T16:00:00-04:00,0.0,7.349999999999966,-2952.959999999931,2023-10-25T16:00:00-04:00,0.0,10.0,-8152.96,2023-10-26T16:00:00-04:00,0.0,10.0,-8152.96,2023-10-27T16:00:00-04:00,0.0,4.0,hit,30.0,hit,4322.0,hit,4322.0,hit,,never_hit,,never_hit,,never_hit,1.0,hit,186.0,hit,186.0,hit,1443.0,hit,1456.0,hit,1513.0,hit,10.0,797,True,True,True,True,,,,True,True,True,False,3.6000000000000227,,,True,True,True,False,3.6000000000000227,,,True,True,True,False,3.6000000000000227,4322.0,2023-10-27T09:33:00-04:00,2.3999999999999773,6947.040000000046,,,,,,,,,4323.0,2023-10-27T09:34:00-04:00,10.0,-8152.96,,,,,,,,,,,,,,,,,,,,,,,,,,,,,,,,,,,,,,,,,,,,,,,,,1399
2023-10-24,2023-10-27,3,7.0,2023-10-24T09:31:00-04:00,7.099999999999966,NDXP  231027P14940000,NDXP  231027P14930000,development,False,False,0,0,1,207,0,1394,available,False,2023-10-24T09:31:00-04:00,2023-10-27T16:00:00-04:00,10.0,-5952.960000000068,0.0,last_observed_quote_not_settlement,1039.0,1078,52,7.949999999999989,-1952.9600000000448,2023-10-24T09:32:00-04:00,0.0,7.050000000000011,-152.96000000009025,2023-10-24T09:33:00-04:00,0.0,6.149999999999977,1647.039999999978,2023-10-24T09:36:00-04:00,0.0,7.349999999999994,-752.9600000000562,2023-10-24T09:41:00-04:00,0.0,6.949999999999989,47.039999999955235,2023-10-24T09:46:00-04:00,0.0,6.75,447.0399999999325,2023-10-24T10:01:00-04:00,0.0,5.999999999999972,1947.0399999999893,2023-10-24T10:31:00-04:00,0.0,7.2999999999999545,-652.9599999999766,2023-10-24T11:31:00-04:00,0.0,6.75,447.0399999999325,2023-10-24T16:00:00-04:00,0.0,9.850000000000023,-5752.960000000115,2023-10-25T16:00:00-04:00,0.0,10.0,-5952.960000000068,2023-10-26T16:00:00-04:00,0.0,10.0,-5952.960000000068,2023-10-27T16:00:00-04:00,0.0,1581.0,hit,1581.0,hit,1581.0,hit,1581.0,hit,1581.0,hit,,never_hit,,never_hit,1.0,hit,125.0,hit,0.0,hit,125.0,hit,392.0,hit,1452.0,hit,10.0,352,True,True,True,True,,10.0,352,True,True,True,True,,,,True,True,True,False,5.599999999999966,,,True,True,True,False,5.599999999999966,1581.0,2023-10-25T11:52:00-04:00,1.5,10947.039999999934,,,,,,,,,1582.0,2023-10-25T11:53:00-04:00,8.800000000000068,-3652.9600000002056,1581.0,2023-10-25T11:52:00-04:00,1.5,10947.039999999934,,,,,,,,,1582.0,2023-10-25T11:53:00-04:00,8.800000000000068,-3652.9600000002056,,,,,,,,,,,,,,,,,,,,,,,,,,,,,,,,,1400
2023-10-25,2023-10-27,2,5.0,2023-10-25T09:31:00-04:00,5.099999999999994,NDXP  231027P14690000,NDXP  231027P14680000,development,False,False,0,0,0,148,0,1050,available,False,2023-10-25T09:31:00-04:00,2023-10-27T16:00:00-04:00,10.0,-9952.96000000001,0.0,last_observed_quote_not_settlement,1036.0,937,6,6.0,-2052.9600000000105,2023-10-25T09:32:00-04:00,0.0,6.950000000000017,-3952.9600000000446,2023-10-25T09:33:00-04:00,0.0,6.050000000000011,-2152.9600000000332,2023-10-25T09:36:00-04:00,0.0,6.449999999999989,-2952.9599999999878,2023-10-25T09:41:00-04:00,0.0,6.75,-3552.9600000000105,2023-10-25T09:46:00-04:00,0.0,6.449999999999989,-2952.9599999999878,2023-10-25T10:01:00-04:00,0.0,6.599999999999994,-3252.959999999999,2023-10-25T10:31:00-04:00,0.0,7.050000000000011,-4152.960000000034,2023-10-25T11:31:00-04:00,0.0,8.149999999999977,-6352.959999999967,2023-10-25T16:00:00-04:00,0.0,9.700000000000045,-9452.960000000103,2023-10-26T16:00:00-04:00,0.0,10.0,-9952.96000000001,2023-10-27T16:00:00-04:00,0.0,,,,,0.0,hit,1476.0,hit,,never_hit,,never_hit,,never_hit,,never_hit,,never_hit,1.0,hit,2.0,hit,3.0,hit,185.0,hit,391.0,hit,1448.0,hit,,,True,True,True,False,1.049999999999926,,,True,True,True,False,1.049999999999926,,,True,True,True,False,1.049999999999926,,,True,True,True,False,1.049999999999926,,,,,,,,,,,,,,,,,,,,,,,,,,,,,,,,,,,,,,,,,,,,,,,,,,,,,,,,,,,,,,,,,1401
2023-10-25,2023-10-27,2,6.0,2023-10-25T09:31:00-04:00,6.050000000000011,NDXP  231027P14740000,NDXP  231027P14730000,development,False,False,0,0,0,207,0,991,available,False,2023-10-25T09:31:00-04:00,2023-10-27T16:00:00-04:00,10.0,-8052.959999999977,0.0,last_observed_quote_not_settlement,1036.0,836,14,5.900000000000006,47.04000000001208,2023-10-25T09:32:00-04:00,0.0,6.199999999999989,-552.9599999999539,2023-10-25T09:33:00-04:00,0.0,6.900000000000034,-1952.9600000000448,2023-10-25T09:36:00-04:00,0.0,6.650000000000006,-1452.959999999988,2023-10-25T09:41:00-04:00,0.0,7.650000000000034,-3452.9600000000446,2023-10-25T09:46:00-04:00,0.0,6.900000000000006,-1952.959999999988,2023-10-25T10:01:00-04:00,0.0,6.949999999999989,-2052.9599999999537,2023-10-25T10:31:00-04:00,0.0,7.150000000000006,-2452.9599999999878,2023-10-25T11:31:00-04:00,0.0,9.300000000000011,-6752.960000000001,2023-10-25T16:00:00-04:00,0.0,10.0,-8052.959999999977,2023-10-26T16:00:00-04:00,0.0,10.0,-8052.959999999977,2023-10-27T16:00:00-04:00,0.0,,,,,1559.0,hit,1559.0,hit,1650.0,hit,1650.0,hit,1650.0,hit,,never_hit,,never_hit,4.0,hit,7.0,hit,7.0,hit,138.0,hit,254.0,hit,348.0,hit,10.0,497,True,True,True,True,,10.0,497,True,True,True,True,,,,True,True,True,False,4.500000000000057,,,True,True,True,False,4.500000000000057,1650.0,2023-10-26T13:01:00-04:00,1.5499999999999545,8747.040000000115,,,,,,,,,1651.0,2023-10-26T13:02:00-04:00,8.899999999999864,-5952.959999999705,1650.0,2023-10-26T13:01:00-04:00,1.5499999999999545,8747.040000000115,,,,,,,,,1651.0,2023-10-26T13:02:00-04:00,8.899999999999864,-5952.959999999705,,,,,,,,,,,,,,,,,,,,,,,,,,,,,,,,,1402
2023-10-25,2023-10-27,2,7.0,2023-10-25T09:31:00-04:00,7.0,NDXP  231027P14820000,NDXP  231027P14810000,development,False,False,0,0,0,203,0,995,available,False,2023-10-25T09:31:00-04:00,2023-10-27T16:00:00-04:00,10.0,-6152.96,0.0,last_observed_quote_not_settlement,1038.0,833,17,7.400000000000006,-1052.9600000000107,2023-10-25T09:32:00-04:00,0.0,8.300000000000011,-2852.9600000000237,2023-10-25T09:33:00-04:00,0.0,7.750000000000057,-1752.960000000113,2023-10-25T09:36:00-04:00,0.0,8.550000000000011,-3352.9600000000237,2023-10-25T09:41:00-04:00,0.0,8.050000000000011,-2352.9600000000237,2023-10-25T09:46:00-04:00,0.0,7.550000000000068,-1352.9600000001358,2023-10-25T10:01:00-04:00,0.0,8.0,-2252.960000000001,2023-10-25T10:31:00-04:00,0.0,6.899999999999977,-52.959999999953816,2023-10-25T11:31:00-04:00,0.0,7.199999999999989,-652.9599999999766,2023-10-25T16:00:00-04:00,0.0,9.899999999999977,-6052.9599999999555,2023-10-26T16:00:00-04:00,0.0,10.0,-6152.96,2023-10-27T16:00:00-04:00,0.0,,,,,379.0,hit,379.0,hit,2943.0,hit,,never_hit,,never_hit,,never_hit,,never_hit,2.0,hit,2.0,hit,0.0,hit,2.0,hit,89.0,hit,201.0,hit,,,True,True,True,False,3.2000000000000455,,,True,True,True,False,3.2000000000000455,,,True,True,True,False,3.2000000000000455,,,True,True,True,False,3.2000000000000455,,,,,,,,,,,,,,,,,,,,,,,,,,,,,,,,,,,,,,,,,,,,,,,,,,,,,,,,,,,,,,,,,1403
2023-10-27,2023-10-30,3,5.0,2023-10-27T09:31:00-04:00,5.000000000000014,NDXP  231030P14260000,NDXP  231030P14250000,development,False,False,0,0,0,8,0,787,available,False,2023-10-27T09:31:00-04:00,2023-10-30T16:00:00-04:00,1.0999999999999999,7547.040000000029,0.0,last_observed_quote_not_settlement,3916.0,275,52,5.0,-252.95999999997088,2023-10-27T09:32:00-04:00,0.0,4.900000000000006,-52.95999999998224,2023-10-27T09:33:00-04:00,0.0,5.25,-752.9599999999709,2023-10-27T09:36:00-04:00,0.0,5.549999999999997,-1352.9599999999652,2023-10-27T09:41:00-04:00,0.0,4.700000000000003,347.04000000002344,2023-10-27T09:46:00-04:00,0.0,5.8999999999999915,-2052.9599999999537,2023-10-27T10:01:00-04:00,0.0,5.0,-252.95999999997088,2023-10-27T10:31:00-04:00,0.0,3.8000000000000114,2147.0400000000063,2023-10-27T11:31:00-04:00,0.0,6.200000000000003,-2652.9599999999764,2023-10-27T16:00:00-04:00,0.0,,,2023-10-27T16:15:00-04:00,85500.0,,,2023-10-27T16:15:00-04:00,171900.0,1.0999999999999999,7547.040000000029,2023-10-30T16:00:00-04:00,0.0,0.0,hit,1.0,hit,16.0,hit,16.0,hit,4335.0,hit,4594.0,hit,4628.0,hit,10.0,hit,216.0,hit,268.0,hit,329.0,hit,,never_hit,,never_hit,5.549999999999997,5,False,False,False,False,,8.250000000000028,256,True,True,False,False,,8.250000000000028,275,True,True,False,False,,8.250000000000028,275,True,True,False,False,,16.0,2023-10-27T09:47:00-04:00,2.6500000000000057,4447.040000000018,4328.0,2023-10-30T09:39:00-04:00,2.6499999999999986,4447.040000000032,4329.0,2023-10-30T09:40:00-04:00,2.349999999999998,5047.040000000034,17.0,2023-10-27T09:48:00-04:00,5.200000000000003,-652.9599999999766,4337.0,2023-10-30T09:48:00-04:00,1.75,6247.040000000029,4338.0,2023-10-30T09:49:00-04:00,1.7999999999999972,6147.0400000000345,4339.0,2023-10-30T09:50:00-04:00,1.75,6247.040000000029,4338.0,2023-10-30T09:49:00-04:00,1.7999999999999972,6147.0400000000345,4594.0,2023-10-30T14:05:00-04:00,0.8999999999999995,7947.04000000003,4625.0,2023-10-30T14:36:00-04:00,0.6999999999999997,8347.04000000003,4626.0,2023-10-30T14:37:00-04:00,0.75,8247.04000000003,4595.0,2023-10-30T14:06:00-04:00,1.1999999999999993,7347.040000000031,4628.0,2023-10-30T14:39:00-04:00,0.40000000000000013,8947.04000000003,4633.0,2023-10-30T14:44:00-04:00,0.3500000000000001,9047.040000000028,4634.0,2023-10-30T14:45:00-04:00,0.32499999999999996,9097.04000000003,4629.0,2023-10-30T14:40:00-04:00,0.5250000000000001,8697.04000000003,1404
2023-10-27,2023-10-30,3,6.0,2023-10-27T09:31:00-04:00,6.050000000000011,NDXP  231030P14330000,NDXP  231030P14320000,development,False,False,0,0,0,1,0,794,available,False,2023-10-27T09:31:00-04:00,2023-10-30T15:59:00-04:00,0.725,10397.040000000023,1.0,last_observed_quote_not_settlement,3916.0,399,46,5.75,347.04000000002344,2023-10-27T09:32:00-04:00,0.0,6.0,-152.95999999997656,2023-10-27T09:33:00-04:00,0.0,6.349999999999966,-852.9599999999084,2023-10-27T09:36:00-04:00,0.0,6.549999999999983,-1252.9599999999425,2023-10-27T09:41:00-04:00,0.0,5.900000000000006,47.04000000001208,2023-10-27T09:46:00-04:00,0.0,6.349999999999994,-852.9599999999652,2023-10-27T10:01:00-04:00,0.0,6.100000000000023,-352.96000000002203,2023-10-27T10:31:00-04:00,0.0,5.250000000000014,1347.039999999995,2023-10-27T11:31:00-04:00,0.0,6.5,-1152.9599999999766,2023-10-27T16:00:00-04:00,0.0,,,2023-10-27T16:15:00-04:00,85500.0,,,2023-10-27T16:15:00-04:00,171900.0,,,2023-10-30T15:59:00-04:00,60.0,36.0,hit,36.0,hit,36.0,hit,46.0,hit,4651.0,hit,4672.0,hit,4673.0,hit,71.0,hit,216.0,hit,216.0,hit,299.0,hit,,never_hit,,never_hit,6.549999999999983,18,False,False,False,False,,8.949999999999989,399,True,True,False,False,,8.949999999999989,399,True,True,False,False,,8.949999999999989,399,True,True,False,False,,46.0,2023-10-27T10:17:00-04:00,2.75,6347.040000000024,4633.0,2023-10-30T14:44:00-04:00,2.6999999999999993,6447.0400000000245,4634.0,2023-10-30T14:45:00-04:00,2.6500000000000004,6547.040000000023,47.0,2023-10-27T10:18:00-04:00,5.900000000000006,47.04000000001208,4651.0,2023-10-30T15:02:00-04:00,1.7000000000000002,8447.040000000025,4652.0,2023-10-30T15:03:00-04:00,1.5999999999999996,8647.040000000025,4666.0,2023-10-30T15:17:00-04:00,1.625,8597.040000000025,4652.0,2023-10-30T15:03:00-04:00,1.5999999999999996,8647.040000000025,4672.0,2023-10-30T15:23:00-04:00,0.8500000000000001,10147.040000000023,4673.0,2023-10-30T15:24:00-04:00,0.5,10847.040000000025,4674.0,2023-10-30T15:25:00-04:00,0.25,11347.040000000025,4673.0,2023-10-30T15:24:00-04:00,0.5,10847.040000000025,4674.0,2023-10-30T15:25:00-04:00,0.25,11347.040000000025,4706.0,2023-10-30T15:57:00-04:00,0.275,11297.040000000023,,,,,4675.0,2023-10-30T15:26:00-04:00,0.5249999999999999,10797.040000000023,1405
2023-10-27,2023-10-30,3,7.0,2023-10-27T09:31:00-04:00,6.949999999999989,NDXP  231030P14670000,NDXP  231030P14660000,development,False,False,0,0,0,229,0,566,available,False,2023-10-27T09:31:00-04:00,2023-10-30T15:57:00-04:00,10.0,-6252.960000000023,3.0,last_observed_quote_not_settlement,3918.0,411,10,6.849999999999966,-52.959999999953816,2023-10-27T09:32:00-04:00,0.0,7.649999999999977,-1652.9599999999766,2023-10-27T09:33:00-04:00,0.0,4.0,5647.039999999978,2023-10-27T09:36:00-04:00,0.0,9.549999999999955,-5452.959999999933,2023-10-27T09:41:00-04:00,0.0,,,2023-10-27T09:43:00-04:00,180.0,9.050000000000011,-4452.960000000046,2023-10-27T10:01:00-04:00,0.0,9.550000000000011,-5452.960000000046,2023-10-27T10:31:00-04:00,0.0,9.550000000000068,-5452.96000000016,2023-10-27T11:31:00-04:00,0.0,,,2023-10-27T15:58:00-04:00,120.0,,,2023-10-27T16:15:00-04:00,85500.0,,,2023-10-27T16:15:00-04:00,171900.0,,,2023-10-30T15:57:00-04:00,180.0,5.0,hit,5.0,hit,5.0,hit,6.0,hit,6.0,hit,,never_hit,,never_hit,2.0,hit,4.0,hit,2.0,hit,4.0,hit,9.0,hit,9.0,hit,8.349999999999966,1,True,True,False,False,,8.349999999999966,1,True,True,False,False,,,,True,True,True,False,5.899999999999977,,,True,True,True,False,5.899999999999977,6.0,2023-10-27T09:37:00-04:00,1.0500000000000114,11547.039999999955,,,,,,,,,7.0,2023-10-27T09:38:00-04:00,7.949999999999989,-2252.959999999999,6.0,2023-10-27T09:37:00-04:00,1.0500000000000114,11547.039999999955,,,,,,,,,7.0,2023-10-27T09:38:00-04:00,7.949999999999989,-2252.959999999999,,,,,,,,,,,,,,,,,,,,,,,,,,,,,,,,,1406
2023-10-30,2023-11-01,2,5.0,2023-10-30T09:31:00-04:00,5.049999999999983,NDXP  231101P14290000,NDXP  231101P14280000,development,False,False,0,0,0,6,15,1194,available,False,2023-10-30T09:31:00-04:00,2023-11-01T16:00:00-04:00,0.0,9847.039999999968,0.0,last_observed_quote_not_settlement,1036.0,77,58,4.900000000000034,47.03999999989839,2023-10-30T09:32:00-04:00,0.0,4.900000000000006,47.039999999955235,2023-10-30T09:33:00-04:00,0.0,4.750000000000014,347.0399999999382,2023-10-30T09:36:00-04:00,0.0,4.150000000000006,1547.0399999999552,2023-10-30T09:41:00-04:00,0.0,3.5999999999999943,2647.039999999978,2023-10-30T09:46:00-04:00,0.0,3.700000000000003,2447.039999999961,2023-10-30T10:01:00-04:00,0.0,4.600000000000023,647.0399999999211,2023-10-30T10:31:00-04:00,0.0,5.150000000000006,-452.9600000000448,2023-10-30T11:31:00-04:00,0.0,4.449999999999989,947.0399999999893,2023-10-30T16:00:00-04:00,0.0,2.8500000000000014,4147.039999999964,2023-10-31T16:00:00-04:00,0.0,0.0,9847.039999999968,2023-11-01T16:00:00-04:00,0.0,,,,,0.0,hit,1.0,hit,9.0,hit,1702.0,hit,2882.0,hit,2896.0,hit,2974.0,hit,12.0,hit,12.0,hit,12.0,hit,,never_hit,,never_hit,,never_hit,7.1000000000000085,77,True,False,False,False,,7.1000000000000085,77,True,False,False,False,,7.1000000000000085,77,True,False,False,False,,7.1000000000000085,77,True,False,False,False,,1703.0,2023-10-31T13:54:00-04:00,2.9000000000000057,4047.0399999999554,1704.0,2023-10-31T13:55:00-04:00,2.8999999999999986,4047.039999999969,1705.0,2023-10-31T13:56:00-04:00,2.8999999999999915,4047.0399999999836,1704.0,2023-10-31T13:55:00-04:00,2.8999999999999986,4047.039999999969,2882.0,2023-11-01T09:33:00-04:00,1.9499999999999993,5947.039999999968,2885.0,2023-11-01T09:36:00-04:00,1.8999999999999986,6047.039999999969,2886.0,2023-11-01T09:37:00-04:00,1.9499999999999993,5947.039999999968,2883.0,2023-11-01T09:34:00-04:00,2.150000000000002,5547.039999999963,2909.0,2023-11-01T10:00:00-04:00,0.75,8347.039999999968,2931.0,2023-11-01T10:22:00-04:00,0.9499999999999993,7947.039999999968,2932.0,2023-11-01T10:23:00-04:00,0.75,8347.039999999968,2910.0,2023-11-01T10:01:00-04:00,1.549999999999999,6747.039999999969,3063.0,2023-11-01T12:34:00-04:00,0.40000000000000036,9047.039999999966,3101.0,2023-11-01T13:12:00-04:00,0.39999999999999947,9047.039999999968,3102.0,2023-11-01T13:13:00-04:00,0.40000000000000036,9047.039999999966,3064.0,2023-11-01T12:35:00-04:00,0.4500000000000002,8947.039999999966,1407
2023-10-30,2023-11-01,2,6.0,2023-10-30T09:31:00-04:00,5.949999999999989,NDXP  231101P14390000,NDXP  231101P14380000,development,False,False,0,0,0,14,15,1186,available,False,2023-10-30T09:31:00-04:00,2023-11-01T16:00:00-04:00,0.725,10197.039999999977,0.0,last_observed_quote_not_settlement,1036.0,226,77,6.25,-852.9600000000221,2023-10-30T09:32:00-04:00,0.0,5.650000000000006,347.0399999999666,2023-10-30T09:33:00-04:00,0.0,5.699999999999989,247.04000000000067,2023-10-30T09:36:00-04:00,0.0,5.050000000000011,1547.0399999999552,2023-10-30T09:41:00-04:00,0.0,4.849999999999994,1947.0399999999893,2023-10-30T09:46:00-04:00,0.0,5.0,1647.039999999978,2023-10-30T10:01:00-04:00,0.0,6.999999999999972,-2352.959999999965,2023-10-30T10:31:00-04:00,0.0,5.950000000000017,-252.96000000005614,2023-10-30T11:31:00-04:00,0.0,5.199999999999989,1247.0400000000006,2023-10-30T16:00:00-04:00,0.0,4.400000000000006,2847.0399999999668,2023-10-31T16:00:00-04:00,0.0,0.725,10197.039999999977,2023-11-01T16:00:00-04:00,0.0,,,,,3.0,hit,3.0,hit,349.0,hit,1711.0,hit,1711.0,hit,3149.0,hit,3183.0,hit,6.0,hit,60.0,hit,73.0,hit,95.0,hit,2909.0,hit,3259.0,hit,8.349999999999994,224,True,True,False,False,,8.349999999999994,224,True,True,False,False,,9.300000000000004,225,True,True,True,True,,9.300000000000004,225,True,True,True,True,,1711.0,2023-10-31T14:02:00-04:00,2.0,7647.039999999978,2897.0,2023-11-01T09:48:00-04:00,2.75,6147.039999999978,2898.0,2023-11-01T09:49:00-04:00,2.6499999999999986,6347.039999999981,1712.0,2023-10-31T14:03:00-04:00,4.450000000000003,2747.039999999972,2933.0,2023-11-01T10:24:00-04:00,1.7999999999999972,8047.039999999984,2934.0,2023-11-01T10:25:00-04:00,1.6999999999999993,8247.03999999998,2935.0,2023-11-01T10:26:00-04:00,1.700000000000001,8247.039999999977,2934.0,2023-11-01T10:25:00-04:00,1.6999999999999993,8247.03999999998,3149.0,2023-11-01T14:00:00-04:00,0.9000000000000004,9847.039999999979,3182.0,2023-11-01T14:33:00-04:00,0.6999999999999993,10247.03999999998,3183.0,2023-11-01T14:34:00-04:00,0.5,10647.039999999979,3150.0,2023-11-01T14:01:00-04:00,1.1999999999999993,9247.03999999998,3186.0,2023-11-01T14:37:00-04:00,0.44999999999999973,10747.039999999979,3207.0,2023-11-01T14:58:00-04:00,0.20000000000000018,11247.039999999979,3208.0,2023-11-01T14:59:00-04:00,0.17499999999999993,11297.039999999979,3187.0,2023-11-01T14:38:00-04:00,0.6000000000000005,10447.039999999977,1408
2023-10-30,2023-11-01,2,7.0,2023-10-30T09:31:00-04:00,6.999999999999972,NDXP  231101P14450000,NDXP  231101P14440000,development,False,False,0,0,0,20,15,1180,available,False,2023-10-30T09:31:00-04:00,2023-11-01T15:59:00-04:00,0.0,13747.039999999944,1.0,last_observed_quote_not_settlement,1036.0,127,89,7.75,-1752.9600000000562,2023-10-30T09:32:00-04:00,0.0,6.5,747.0399999999438,2023-10-30T09:33:00-04:00,0.0,6.0,1747.0399999999438,2023-10-30T09:36:00-04:00,0.0,7.0,-252.96000000005614,2023-10-30T09:41:00-04:00,0.0,5.300000000000011,3147.0399999999213,2023-10-30T09:46:00-04:00,0.0,5.699999999999989,2347.0399999999668,2023-10-30T10:01:00-04:00,0.0,6.449999999999989,847.0399999999665,2023-10-30T10:31:00-04:00,0.0,6.349999999999966,1047.040000000012,2023-10-30T11:31:00-04:00,0.0,4.799999999999983,4147.039999999978,2023-10-30T16:00:00-04:00,0.0,5.849999999999994,2047.0399999999554,2023-10-31T16:00:00-04:00,0.0,,,2023-11-01T15:59:00-04:00,60.0,,,,,11.0,hit,32.0,hit,1711.0,hit,1711.0,hit,1711.0,hit,1711.0,hit,3208.0,hit,1.0,hit,206.0,hit,1.0,hit,206.0,hit,,never_hit,,never_hit,8.0,127,True,True,False,False,,8.0,127,True,True,False,False,,8.0,127,True,True,False,False,,8.0,127,True,True,False,False,,1711.0,2023-10-31T14:02:00-04:00,1.0,11747.039999999944,2933.0,2023-11-01T10:24:00-04:00,2.6000000000000014,8547.039999999943,2934.0,2023-11-01T10:25:00-04:00,2.4000000000000057,8947.039999999934,1712.0,2023-10-31T14:03:00-04:00,5.449999999999989,2847.0399999999668,1711.0,2023-10-31T14:02:00-04:00,1.0,11747.039999999944,3182.0,2023-11-01T14:33:00-04:00,1.6000000000000014,10547.039999999943,3183.0,2023-11-01T14:34:00-04:00,1.299999999999999,11147.039999999946,1712.0,2023-10-31T14:03:00-04:00,5.449999999999989,2847.0399999999668,2909.0,2023-11-01T10:00:00-04:00,0.5999999999999943,12547.039999999955,3207.0,2023-11-01T14:58:00-04:00,0.5749999999999997,12597.039999999944,3208.0,2023-11-01T14:59:00-04:00,0.4500000000000002,12847.039999999944,2910.0,2023-11-01T10:01:00-04:00,4.050000000000004,5647.039999999935,3211.0,2023-11-01T15:02:00-04:00,0.2999999999999998,13147.039999999944,3212.0,2023-11-01T15:03:00-04:00,0.125,13497.039999999944,3213.0,2023-11-01T15:04:00-04:00,0.17500000000000004,13397.039999999944,3212.0,2023-11-01T15:03:00-04:00,0.125,13497.039999999944,1409
2023-10-30,2023-11-02,3,5.0,2023-10-30T09:31:00-04:00,5.099999999999994,NDXP  231102P14330000,NDXP  231102P14320000,development,False,False,0,0,0,266,0,1339,available,False,2023-10-30T09:31:00-04:00,2023-11-02T16:00:00-04:00,9.975,-9952.96000000001,0.0,last_observed_quote_not_settlement,1038.0,131,60,5.150000000000006,-352.96000000002203,2023-10-30T09:32:00-04:00,0.0,4.849999999999994,247.04000000000067,2023-10-30T09:33:00-04:00,0.0,5.099999999999994,-252.9599999999993,2023-10-30T09:36:00-04:00,0.0,4.25,1447.0399999999893,2023-10-30T09:41:00-04:00,0.0,4.200000000000017,1547.0399999999552,2023-10-30T09:46:00-04:00,0.0,4.0,1947.0399999999893,2023-10-30T10:01:00-04:00,0.0,4.850000000000023,247.03999999994383,2023-10-30T10:31:00-04:00,0.0,5.050000000000011,-152.9600000000334,2023-10-30T11:31:00-04:00,0.0,4.6000000000000085,747.0399999999722,2023-10-30T16:00:00-04:00,0.0,3.3499999999999943,3247.040000000001,2023-10-31T16:00:00-04:00,0.0,0.19999999999999973,9547.03999999999,2023-11-01T16:00:00-04:00,0.0,9.975,-9952.96000000001,2023-11-02T16:00:00-04:00,0.0,0.0,hit,2.0,hit,18.0,hit,41.0,hit,1819.0,hit,3207.0,hit,3232.0,hit,6.0,hit,6.0,hit,1463.0,hit,1463.0,hit,4699.0,hit,4699.0,hit,6.150000000000006,2,False,False,False,False,,8.199999999999989,129,True,True,False,False,,8.199999999999989,129,True,True,False,False,,8.199999999999989,129,True,True,False,False,,41.0,2023-10-30T10:12:00-04:00,2.1499999999999773,5647.0400000000345,2882.0,2023-11-01T09:33:00-04:00,2.8000000000000043,4347.039999999981,2890.0,2023-11-01T09:41:00-04:00,2.8499999999999943,4247.040000000001,42.0,2023-10-30T10:13:00-04:00,4.099999999999994,1747.0400000000006,1819.0,2023-10-31T15:50:00-04:00,1.5,6947.039999999989,2933.0,2023-11-01T10:24:00-04:00,1.7999999999999972,6347.039999999995,2934.0,2023-11-01T10:25:00-04:00,1.6999999999999993,6547.039999999991,1820.0,2023-10-31T15:51:00-04:00,3.5,2947.0399999999895,3211.0,2023-11-01T15:02:00-04:00,0.7499999999999982,8447.039999999994,3212.0,2023-11-01T15:03:00-04:00,0.7000000000000002,8547.03999999999,3213.0,2023-11-01T15:04:00-04:00,0.6500000000000004,8647.03999999999,3212.0,2023-11-01T15:03:00-04:00,0.7000000000000002,8547.03999999999,3232.0,2023-11-01T15:23:00-04:00,0.40000000000000036,9147.03999999999,3233.0,2023-11-01T15:24:00-04:00,0.40000000000000036,9147.03999999999,3234.0,2023-11-01T15:25:00-04:00,0.34999999999999964,9247.039999999992,3233.0,2023-11-01T15:24:00-04:00,0.40000000000000036,9147.03999999999,1410
2023-10-30,2023-11-02,3,6.0,2023-10-30T09:31:00-04:00,6.099999999999994,NDXP  231102P14420000,NDXP  231102P14410000,development,False,False,0,0,0,4,0,1601,available,False,2023-10-30T09:31:00-04:00,2023-11-02T16:00:00-04:00,0.0,11947.03999999999,0.0,last_observed_quote_not_settlement,1036.0,180,113,5.449999999999989,1047.040000000012,2023-10-30T09:32:00-04:00,0.0,5.75,447.03999999998933,2023-10-30T09:33:00-04:00,0.0,5.400000000000006,1147.039999999978,2023-10-30T09:36:00-04:00,0.0,5.549999999999983,847.0400000000234,2023-10-30T09:41:00-04:00,0.0,5.049999999999983,1847.0400000000234,2023-10-30T09:46:00-04:00,0.0,4.949999999999989,2047.0400000000122,2023-10-30T10:01:00-04:00,0.0,6.300000000000011,-652.9600000000335,2023-10-30T10:31:00-04:00,0.0,6.199999999999989,-452.95999999998793,2023-10-30T11:31:00-04:00,0.0,5.25,1447.0399999999893,2023-10-30T16:00:00-04:00,0.0,4.599999999999994,2747.040000000001,2023-10-31T16:00:00-04:00,0.0,0.6500000000000004,10647.03999999999,2023-11-01T16:00:00-04:00,0.0,0.0,11947.03999999999,2023-11-02T16:00:00-04:00,0.0,1.0,hit,16.0,hit,1711.0,hit,1711.0,hit,1711.0,hit,3233.0,hit,3259.0,hit,4.0,hit,4.0,hit,4.0,hit,101.0,hit,,never_hit,,never_hit,8.349999999999966,178,True,True,False,False,,8.349999999999966,178,True,True,False,False,,8.349999999999966,180,True,True,False,False,,8.349999999999966,180,True,True,False,False,,1711.0,2023-10-31T14:02:00-04:00,1.5999999999999943,8747.04,2933.0,2023-11-01T10:24:00-04:00,2.6500000000000057,6647.039999999978,2934.0,2023-11-01T10:25:00-04:00,2.6499999999999986,6647.039999999992,1712.0,2023-10-31T14:03:00-04:00,4.500000000000014,2947.039999999961,1711.0,2023-10-31T14:02:00-04:00,1.5999999999999943,8747.04,3208.0,2023-11-01T14:59:00-04:00,1.5999999999999979,8747.039999999994,3209.0,2023-11-01T15:00:00-04:00,1.75,8447.03999999999,1712.0,2023-10-31T14:03:00-04:00,4.500000000000014,2947.039999999961,3233.0,2023-11-01T15:24:00-04:00,0.9000000000000004,10147.03999999999,3234.0,2023-11-01T15:25:00-04:00,0.8999999999999986,10147.039999999994,3244.0,2023-11-01T15:35:00-04:00,0.75,10447.03999999999,3234.0,2023-11-01T15:25:00-04:00,0.8999999999999986,10147.039999999994,3259.0,2023-11-01T15:50:00-04:00,0.0,11947.03999999999,4321.0,2023-11-02T09:32:00-04:00,0.0,11947.03999999999,4322.0,2023-11-02T09:33:00-04:00,0.024999999999999967,11897.03999999999,3260.0,2023-11-01T15:51:00-04:00,0.7999999999999998,10347.03999999999,1411
2023-10-30,2023-11-02,3,7.0,2023-10-30T09:31:00-04:00,7.049999999999983,NDXP  231102P14410000,NDXP  231102P14400000,development,False,False,0,0,0,278,0,1327,available,False,2023-10-30T09:31:00-04:00,2023-11-02T16:00:00-04:00,0.0,13847.039999999968,0.0,last_observed_quote_not_settlement,1036.0,70,64,5.949999999999989,1947.0399999999893,2023-10-30T09:32:00-04:00,0.0,5.599999999999994,2647.039999999978,2023-10-30T09:33:00-04:00,0.0,5.250000000000028,3347.03999999991,2023-10-30T09:36:00-04:00,0.0,5.200000000000017,3447.0399999999327,2023-10-30T09:41:00-04:00,0.0,4.650000000000006,4547.039999999955,2023-10-30T09:46:00-04:00,0.0,4.849999999999994,4147.039999999978,2023-10-30T10:01:00-04:00,0.0,6.449999999999989,947.0399999999893,2023-10-30T10:31:00-04:00,0.0,7.849999999999994,-1852.960000000022,2023-10-30T11:31:00-04:00,0.0,5.449999999999989,2947.0399999999895,2023-10-30T16:00:00-04:00,0.0,4.950000000000017,3947.0399999999327,2023-10-31T16:00:00-04:00,0.0,0.75,12347.039999999968,2023-11-01T16:00:00-04:00,0.0,0.0,13847.039999999968,2023-11-02T16:00:00-04:00,0.0,4.0,hit,6.0,hit,12.0,hit,2932.0,hit,3149.0,hit,3222.0,hit,3259.0,hit,51.0,hit,51.0,hit,0.0,hit,51.0,hit,1463.0,hit,1463.0,hit,9.5,70,True,True,True,True,,9.5,70,True,True,True,True,,9.5,70,True,True,True,True,,9.5,70,True,True,True,True,,2932.0,2023-11-01T10:23:00-04:00,2.8000000000000114,8247.039999999944,2933.0,2023-11-01T10:24:00-04:00,2.6499999999999915,8547.039999999985,2934.0,2023-11-01T10:25:00-04:00,2.4499999999999957,8947.039999999975,2933.0,2023-11-01T10:24:00-04:00,2.6499999999999915,8547.039999999985,3184.0,2023-11-01T14:35:00-04:00,1.8500000000000014,10147.039999999964,3207.0,2023-11-01T14:58:00-04:00,1.5500000000000007,10747.039999999966,3208.0,2023-11-01T14:59:00-04:00,1.75,10347.039999999968,3185.0,2023-11-01T14:36:00-04:00,2.0,9847.039999999968,3222.0,2023-11-01T15:13:00-04:00,0.7000000000000011,12447.039999999964,3235.0,2023-11-01T15:26:00-04:00,0.8999999999999986,12047.03999999997,3240.0,2023-11-01T15:31:00-04:00,0.8499999999999996,12147.039999999968,3223.0,2023-11-01T15:14:00-04:00,1.049999999999999,11747.03999999997,3259.0,2023-11-01T15:50:00-04:00,0.0,13847.039999999968,4321.0,2023-11-02T09:32:00-04:00,0.024999999999999994,13797.039999999966,4322.0,2023-11-02T09:33:00-04:00,0.0,13847.039999999968,3260.0,2023-11-01T15:51:00-04:00,0.6499999999999995,12547.039999999968,1412
2023-10-31,2023-11-02,2,5.0,2023-10-31T09:31:00-04:00,5.0,NDXP  231102P14360000,NDXP  231102P14350000,development,False,False,0,0,0,15,15,1185,available,False,2023-10-31T09:31:00-04:00,2023-11-02T16:00:00-04:00,9.875,-10002.960000000001,0.0,last_observed_quote_not_settlement,1038.0,122,51,4.799999999999983,147.0400000000348,2023-10-31T09:32:00-04:00,0.0,5.199999999999989,-652.9599999999766,2023-10-31T09:33:00-04:00,0.0,5.599999999999994,-1452.959999999988,2023-10-31T09:36:00-04:00,0.0,7.25,-4752.959999999999,2023-10-31T09:41:00-04:00,0.0,5.949999999999989,-2152.9599999999764,2023-10-31T09:46:00-04:00,0.0,6.949999999999989,-4152.959999999976,2023-10-31T10:01:00-04:00,0.0,4.949999999999989,-152.95999999997656,2023-10-31T10:31:00-04:00,0.0,5.300000000000011,-852.9600000000221,2023-10-31T11:31:00-04:00,0.0,3.6999999999999886,2347.0400000000236,2023-10-31T16:00:00-04:00,0.0,0.2999999999999998,9147.040000000003,2023-11-01T16:00:00-04:00,0.0,9.875,-10002.960000000001,2023-11-02T16:00:00-04:00,0.0,,,,,0.0,hit,0.0,hit,262.0,hit,1451.0,hit,1495.0,hit,1772.0,hit,1794.0,hit,5.0,hit,7.0,hit,7.0,hit,2909.0,hit,2909.0,hit,2909.0,hit,7.900000000000034,119,True,False,False,False,,7.900000000000034,120,True,False,False,False,,7.900000000000034,120,True,False,False,False,,7.900000000000034,120,True,False,False,False,,1452.0,2023-11-01T09:43:00-04:00,2.8999999999999986,3947.0400000000036,1453.0,2023-11-01T09:44:00-04:00,2.8000000000000043,4147.039999999992,1458.0,2023-11-01T09:49:00-04:00,2.700000000000003,4347.039999999995,1453.0,2023-11-01T09:44:00-04:00,2.8000000000000043,4147.039999999992,1495.0,2023-11-01T10:26:00-04:00,1.9499999999999993,5847.040000000002,1503.0,2023-11-01T10:34:00-04:00,1.9000000000000057,5947.039999999989,1513.0,2023-11-01T10:44:00-04:00,1.8999999999999986,5947.040000000004,1496.0,2023-11-01T10:27:00-04:00,2.0,5747.040000000001,1772.0,2023-11-01T15:03:00-04:00,0.9000000000000004,7947.04,1773.0,2023-11-01T15:04:00-04:00,0.8999999999999986,7947.040000000004,1774.0,2023-11-01T15:05:00-04:00,0.8499999999999996,8047.040000000002,1773.0,2023-11-01T15:04:00-04:00,0.8999999999999986,7947.040000000004,1801.0,2023-11-01T15:32:00-04:00,0.4499999999999993,8847.040000000003,1804.0,2023-11-01T15:35:00-04:00,0.40000000000000036,8947.04,1805.0,2023-11-01T15:36:00-04:00,0.35000000000000053,9047.04,1802.0,2023-11-01T15:33:00-04:00,0.45000000000000107,8847.039999999999,1413
2023-10-31,2023-11-02,2,6.0,2023-10-31T09:31:00-04:00,6.099999999999966,NDXP  231102P14520000,NDXP  231102P14510000,development,False,False,0,0,0,3,15,1197,available,False,2023-10-31T09:31:00-04:00,2023-11-02T16:00:00-04:00,0.0,11947.039999999934,0.0,last_observed_quote_not_settlement,1036.0,356,40,6.949999999999989,-1952.9600000000448,2023-10-31T09:32:00-04:00,0.0,7.050000000000011,-2152.96000000009,2023-10-31T09:33:00-04:00,0.0,7.2999999999999545,-2652.9599999999764,2023-10-31T09:36:00-04:00,0.0,7.349999999999966,-2752.959999999999,2023-10-31T09:41:00-04:00,0.0,7.9500000000000455,-3952.96000000016,2023-10-31T09:46:00-04:00,0.0,7.050000000000011,-2152.96000000009,2023-10-31T10:01:00-04:00,0.0,6.650000000000006,-1352.960000000079,2023-10-31T10:31:00-04:00,0.0,7.400000000000006,-2852.9600000000787,2023-10-31T11:31:00-04:00,0.0,6.699999999999989,-1452.9600000000448,2023-10-31T16:00:00-04:00,0.0,1.7000000000000028,8547.039999999928,2023-11-01T16:00:00-04:00,0.0,0.0,11947.039999999934,2023-11-02T16:00:00-04:00,0.0,,,,,386.0,hit,1453.0,hit,1495.0,hit,1744.0,hit,1760.0,hit,2880.0,hit,2880.0,hit,1.0,hit,4.0,hit,2.0,hit,33.0,hit,,never_hit,,never_hit,8.349999999999966,355,True,True,False,False,,8.349999999999966,355,True,True,False,False,,8.349999999999966,356,True,True,False,False,,8.349999999999966,356,True,True,False,False,,1754.0,2023-11-01T14:45:00-04:00,2.9499999999999886,6047.039999999955,1761.0,2023-11-01T14:52:00-04:00,2.8000000000000114,6347.03999999991,1773.0,2023-11-01T15:04:00-04:00,2.200000000000003,7547.039999999927,1755.0,2023-11-01T14:46:00-04:00,4.549999999999997,2847.039999999938,1760.0,2023-11-01T14:51:00-04:00,1.9499999999999886,8047.039999999955,1801.0,2023-11-01T15:32:00-04:00,1.7000000000000028,8547.039999999928,1802.0,2023-11-01T15:33:00-04:00,1.8000000000000007,8347.039999999932,1761.0,2023-11-01T14:52:00-04:00,2.8000000000000114,6347.03999999991,2880.0,2023-11-02T09:31:00-04:00,0.07499999999999996,11797.039999999934,2881.0,2023-11-02T09:32:00-04:00,0.07499999999999996,11797.039999999934,2882.0,2023-11-02T09:33:00-04:00,0.07500000000000007,11797.039999999934,2881.0,2023-11-02T09:32:00-04:00,0.07499999999999996,11797.039999999934,2880.0,2023-11-02T09:31:00-04:00,0.07499999999999996,11797.039999999934,2881.0,2023-11-02T09:32:00-04:00,0.07499999999999996,11797.039999999934,2882.0,2023-11-02T09:33:00-04:00,0.07500000000000007,11797.039999999934,2881.0,2023-11-02T09:32:00-04:00,0.07499999999999996,11797.039999999934,1414
2023-10-31,2023-11-02,2,7.0,2023-10-31T09:31:00-04:00,7.050000000000011,NDXP  231102P14510000,NDXP  231102P14500000,development,False,False,0,0,0,2,15,1198,available,False,2023-10-31T09:31:00-04:00,2023-11-02T16:00:00-04:00,0.0,13847.040000000025,0.0,last_observed_quote_not_settlement,1036.0,120,98,6.650000000000006,547.040000000012,2023-10-31T09:32:00-04:00,0.0,6.699999999999989,447.0400000000462,2023-10-31T09:33:00-04:00,0.0,7.150000000000034,-452.9600000000448,2023-10-31T09:36:00-04:00,0.0,8.449999999999989,-3052.9599999999555,2023-10-31T09:41:00-04:00,0.0,7.099999999999966,-352.95999999990835,2023-10-31T09:46:00-04:00,0.0,8.550000000000011,-3252.960000000001,2023-10-31T10:01:00-04:00,0.0,6.699999999999989,447.0400000000462,2023-10-31T10:31:00-04:00,0.0,7.299999999999983,-752.9599999999425,2023-10-31T11:31:00-04:00,0.0,5.650000000000006,2547.0400000000122,2023-10-31T16:00:00-04:00,0.0,1.5999999999999979,10647.040000000028,2023-11-01T16:00:00-04:00,0.0,0.0,13847.040000000025,2023-11-02T16:00:00-04:00,0.0,,,,,332.0,hit,379.0,hit,1493.0,hit,1746.0,hit,1762.0,hit,1819.0,hit,2880.0,hit,8.0,hit,8.0,hit,0.0,hit,8.0,hit,,never_hit,,never_hit,8.949999999999989,120,True,True,False,False,,8.949999999999989,120,True,True,False,False,,8.949999999999989,120,True,True,False,False,,8.949999999999989,120,True,True,False,False,,1762.0,2023-11-01T14:53:00-04:00,1.1000000000000085,11647.040000000008,1771.0,2023-11-01T15:02:00-04:00,2.5500000000000043,8747.040000000015,1772.0,2023-11-01T15:03:00-04:00,2.25,9347.040000000025,1763.0,2023-11-01T14:54:00-04:00,3.450000000000003,6947.040000000018,1762.0,2023-11-01T14:53:00-04:00,1.1000000000000085,11647.040000000008,1795.0,2023-11-01T15:26:00-04:00,1.8500000000000014,10147.04000000002,1796.0,2023-11-01T15:27:00-04:00,1.8999999999999986,10047.040000000026,1763.0,2023-11-01T14:54:00-04:00,3.450000000000003,6947.040000000018,1819.0,2023-11-01T15:50:00-04:00,0.6000000000000014,12647.04000000002,2881.0,2023-11-02T09:32:00-04:00,0.10000000000000009,13647.040000000023,2882.0,2023-11-02T09:33:00-04:00,0.04999999999999993,13747.040000000025,1820.0,2023-11-01T15:51:00-04:00,1.5,10847.040000000025,2880.0,2023-11-02T09:31:00-04:00,0.07500000000000007,13697.040000000025,2881.0,2023-11-02T09:32:00-04:00,0.10000000000000009,13647.040000000023,2882.0,2023-11-02T09:33:00-04:00,0.04999999999999993,13747.040000000025,2881.0,2023-11-02T09:32:00-04:00,0.10000000000000009,13647.040000000023,1415
2023-10-31,2023-11-03,3,5.0,2023-10-31T09:31:00-04:00,5.0,NDXP  231103P14390000,NDXP  231103P14380000,development,False,False,0,0,0,2,0,1603,available,False,2023-10-31T09:31:00-04:00,2023-11-03T16:00:00-04:00,0.0,9747.04,0.0,last_observed_quote_not_settlement,1036.0,168,39,5.099999999999994,-452.95999999998793,2023-10-31T09:32:00-04:00,0.0,5.450000000000017,-1152.9600000000335,2023-10-31T09:33:00-04:00,0.0,5.399999999999977,-1052.9599999999539,2023-10-31T09:36:00-04:00,0.0,5.0,-252.9599999999993,2023-10-31T09:41:00-04:00,0.0,5.550000000000011,-1352.960000000022,2023-10-31T09:46:00-04:00,0.0,5.199999999999989,-652.9599999999766,2023-10-31T10:01:00-04:00,0.0,5.199999999999989,-652.9599999999766,2023-10-31T10:31:00-04:00,0.0,5.400000000000006,-1052.9600000000107,2023-10-31T11:31:00-04:00,0.0,4.450000000000003,847.039999999995,2023-10-31T16:00:00-04:00,0.0,1.3500000000000014,7047.039999999998,2023-11-01T16:00:00-04:00,0.0,0.025000000000000133,9697.04,2023-11-02T16:00:00-04:00,0.0,0.0,9747.04,2023-11-03T16:00:00-04:00,0.0,0.0,hit,0.0,hit,29.0,hit,1492.0,hit,1768.0,hit,1819.0,hit,1819.0,hit,7.0,hit,9.0,hit,,never_hit,,never_hit,,never_hit,,never_hit,6.649999999999977,168,False,False,False,False,,6.649999999999977,168,False,False,False,False,,6.649999999999977,168,False,False,False,False,,6.649999999999977,168,False,False,False,False,,1493.0,2023-11-01T10:24:00-04:00,2.75,4247.040000000001,1496.0,2023-11-01T10:27:00-04:00,2.6999999999999957,4347.040000000009,1497.0,2023-11-01T10:28:00-04:00,2.75,4247.040000000001,1494.0,2023-11-01T10:25:00-04:00,3.0,3747.040000000001,1770.0,2023-11-01T15:01:00-04:00,1.9499999999999957,5847.040000000009,1773.0,2023-11-01T15:04:00-04:00,1.8499999999999943,6047.040000000012,1777.0,2023-11-01T15:08:00-04:00,1.9000000000000057,5947.039999999989,1771.0,2023-11-01T15:02:00-04:00,2.0500000000000043,5647.039999999992,1819.0,2023-11-01T15:50:00-04:00,0.15000000000000213,9447.039999999997,2881.0,2023-11-02T09:32:00-04:00,0.2999999999999998,9147.040000000003,2882.0,2023-11-02T09:33:00-04:00,0.29999999999999893,9147.040000000005,1820.0,2023-11-01T15:51:00-04:00,1.3499999999999979,7047.0400000000045,1819.0,2023-11-01T15:50:00-04:00,0.15000000000000213,9447.039999999997,2881.0,2023-11-02T09:32:00-04:00,0.2999999999999998,9147.040000000003,2882.0,2023-11-02T09:33:00-04:00,0.29999999999999893,9147.040000000005,1820.0,2023-11-01T15:51:00-04:00,1.3499999999999979,7047.0400000000045,1416
2023-10-31,2023-11-03,3,6.0,2023-10-31T09:31:00-04:00,6.0,NDXP  231103P14480000,NDXP  231103P14470000,development,False,False,0,0,0,31,0,1574,available,False,2023-10-31T09:31:00-04:00,2023-11-03T16:00:00-04:00,0.0,11747.04,0.0,last_observed_quote_not_settlement,1036.0,168,19,6.249999999999972,-752.9599999999425,2023-10-31T09:32:00-04:00,0.0,6.499999999999972,-1252.9599999999425,2023-10-31T09:33:00-04:00,0.0,6.499999999999943,-1252.9599999998857,2023-10-31T09:36:00-04:00,0.0,6.550000000000011,-1352.960000000022,2023-10-31T09:41:00-04:00,0.0,6.75,-1752.9599999999994,2023-10-31T09:46:00-04:00,0.0,7.7999999999999545,-3852.959999999908,2023-10-31T10:01:00-04:00,0.0,6.100000000000023,-452.9600000000448,2023-10-31T10:31:00-04:00,0.0,6.400000000000006,-1052.9600000000107,2023-10-31T11:31:00-04:00,0.0,5.500000000000028,747.0399999999438,2023-10-31T16:00:00-04:00,0.0,2.200000000000003,7347.039999999995,2023-11-01T16:00:00-04:00,0.0,0.04999999999999982,11647.040000000003,2023-11-02T16:00:00-04:00,0.0,0.0,11747.04,2023-11-03T16:00:00-04:00,0.0,207.0,hit,260.0,hit,271.0,hit,271.0,hit,1761.0,hit,2880.0,hit,2887.0,hit,3.0,hit,3.0,hit,3.0,hit,,never_hit,,never_hit,,never_hit,7.7999999999999545,166,True,False,False,False,,7.7999999999999545,168,True,False,False,False,,7.7999999999999545,168,True,False,False,False,,7.7999999999999545,168,True,False,False,False,,271.0,2023-10-31T14:02:00-04:00,2.0000000000000284,7747.039999999944,1771.0,2023-11-01T15:02:00-04:00,2.8999999999999986,5947.040000000004,1772.0,2023-11-01T15:03:00-04:00,2.549999999999997,6647.040000000006,272.0,2023-10-31T14:03:00-04:00,5.300000000000011,1147.039999999978,1761.0,2023-11-01T14:52:00-04:00,1.9499999999999886,7847.040000000024,1826.0,2023-11-01T15:57:00-04:00,1.8999999999999986,7947.040000000004,2882.0,2023-11-02T09:33:00-04:00,0.6499999999999995,10447.040000000003,1762.0,2023-11-01T14:53:00-04:00,4.050000000000011,3647.039999999978,2880.0,2023-11-02T09:31:00-04:00,0.6000000000000005,10547.04,2881.0,2023-11-02T09:32:00-04:00,0.6499999999999995,10447.040000000003,2882.0,2023-11-02T09:33:00-04:00,0.6499999999999995,10447.040000000003,2881.0,2023-11-02T09:32:00-04:00,0.6499999999999995,10447.040000000003,2890.0,2023-11-02T09:41:00-04:00,0.40000000000000036,10947.04,2939.0,2023-11-02T10:30:00-04:00,0.40000000000000036,10947.04,2940.0,2023-11-02T10:31:00-04:00,0.39999999999999947,10947.040000000003,2891.0,2023-11-02T09:42:00-04:00,0.5,10747.04,1417
2023-10-31,2023-11-03,3,7.0,2023-10-31T09:31:00-04:00,7.0499999999999545,NDXP  231103P14560000,NDXP  231103P14550000,development,False,False,0,0,0,112,0,1493,available,False,2023-10-31T09:31:00-04:00,2023-11-03T16:00:00-04:00,9.975,-6052.960000000091,0.0,last_observed_quote_not_settlement,1036.0,93,60,7.449999999999989,-1052.9600000000676,2023-10-31T09:32:00-04:00,0.0,6.5,847.0399999999097,2023-10-31T09:33:00-04:00,0.0,7.100000000000023,-352.9600000001357,2023-10-31T09:36:00-04:00,0.0,6.7999999999999545,247.04000000000067,2023-10-31T09:41:00-04:00,0.0,7.100000000000023,-352.9600000001357,2023-10-31T09:46:00-04:00,0.0,5.849999999999966,2147.039999999978,2023-10-31T10:01:00-04:00,0.0,7.000000000000057,-152.96000000020393,2023-10-31T10:31:00-04:00,0.0,6.800000000000011,247.039999999887,2023-10-31T11:31:00-04:00,0.0,6.149999999999977,1547.0399999999552,2023-10-31T16:00:00-04:00,0.0,3.0,7847.03999999991,2023-11-01T16:00:00-04:00,0.0,0.20000000000000018,13447.03999999991,2023-11-02T16:00:00-04:00,0.0,9.975,-6052.960000000091,2023-11-03T16:00:00-04:00,0.0,1440.0,hit,1445.0,hit,1625.0,hit,1762.0,hit,1788.0,hit,2880.0,hit,2909.0,hit,13.0,hit,13.0,hit,0.0,hit,13.0,hit,4699.0,hit,4699.0,hit,8.850000000000023,92,True,True,False,False,,8.850000000000023,92,True,True,False,False,,8.850000000000023,92,True,True,False,False,,8.850000000000023,92,True,True,False,False,,1762.0,2023-11-01T14:53:00-04:00,2.5999999999999943,8647.039999999923,1804.0,2023-11-01T15:35:00-04:00,2.799999999999997,8247.039999999917,1817.0,2023-11-01T15:48:00-04:00,2.799999999999997,8247.039999999917,1763.0,2023-11-01T14:54:00-04:00,5.050000000000011,3747.039999999887,1788.0,2023-11-01T15:19:00-04:00,1.0999999999999943,11647.039999999923,2881.0,2023-11-02T09:32:00-04:00,1.0999999999999996,11647.039999999912,2882.0,2023-11-02T09:33:00-04:00,0.9499999999999993,11947.039999999912,1789.0,2023-11-01T15:20:00-04:00,3.500000000000014,6847.039999999882,2880.0,2023-11-02T09:31:00-04:00,0.9000000000000004,12047.03999999991,2887.0,2023-11-02T09:38:00-04:00,0.9000000000000004,12047.03999999991,2888.0,2023-11-02T09:39:00-04:00,0.8000000000000007,12247.03999999991,2881.0,2023-11-02T09:32:00-04:00,1.0999999999999996,11647.039999999912,2909.0,2023-11-02T10:00:00-04:00,0.3999999999999986,13047.039999999914,3087.0,2023-11-02T12:58:00-04:00,0.39999999999999947,13047.039999999912,3120.0,2023-11-02T13:31:00-04:00,0.40000000000000036,13047.03999999991,2910.0,2023-11-02T10:01:00-04:00,0.9000000000000004,12047.03999999991,1418
2023-11-01,2023-11-03,2,5.0,2023-11-01T09:31:00-04:00,5.050000000000011,NDXP  231103P14490000,NDXP  231103P14480000,development,False,False,0,0,0,17,0,1183,available,False,2023-11-01T09:31:00-04:00,2023-11-03T16:00:00-04:00,0.0,9847.040000000025,0.0,last_observed_quote_not_settlement,1036.0,6,9,5.449999999999989,-1052.9599999999539,2023-11-01T09:32:00-04:00,0.0,4.900000000000006,47.04000000001208,2023-11-01T09:33:00-04:00,0.0,4.75,347.04000000002344,2023-11-01T09:36:00-04:00,0.0,4.650000000000006,547.040000000012,2023-11-01T09:41:00-04:00,0.0,4.800000000000011,247.04000000000067,2023-11-01T09:46:00-04:00,0.0,4.75,347.04000000002344,2023-11-01T10:01:00-04:00,0.0,3.6500000000000057,2547.0400000000122,2023-11-01T10:31:00-04:00,0.0,4.1000000000000085,1647.0400000000063,2023-11-01T11:31:00-04:00,0.0,2.1999999999999957,5447.040000000032,2023-11-01T16:00:00-04:00,0.0,0.07500000000000018,9697.040000000025,2023-11-02T16:00:00-04:00,0.0,0.0,9847.040000000025,2023-11-03T16:00:00-04:00,0.0,,,,,0.0,hit,2.0,hit,14.0,hit,185.0,hit,349.0,hit,1440.0,hit,1446.0,hit,29.0,hit,299.0,hit,,never_hit,,never_hit,,never_hit,,never_hit,5.900000000000006,4,False,False,False,False,,6.8500000000000085,6,False,False,False,False,,6.8500000000000085,6,False,False,False,False,,6.8500000000000085,6,False,False,False,False,,185.0,2023-11-01T12:36:00-04:00,2.8499999999999943,4147.0400000000345,332.0,2023-11-01T15:03:00-04:00,2.75,4347.040000000024,333.0,2023-11-01T15:04:00-04:00,2.8500000000000014,4147.040000000021,186.0,2023-11-01T12:37:00-04:00,4.050000000000011,1747.0400000000006,349.0,2023-11-01T15:20:00-04:00,1.3500000000000014,7147.040000000021,1441.0,2023-11-02T09:32:00-04:00,0.5999999999999996,8647.040000000025,1442.0,2023-11-02T09:33:00-04:00,0.6000000000000014,8647.04000000002,350.0,2023-11-01T15:21:00-04:00,2.6000000000000014,4647.040000000021,1440.0,2023-11-02T09:31:00-04:00,0.5999999999999996,8647.040000000025,1441.0,2023-11-02T09:32:00-04:00,0.5999999999999996,8647.040000000025,1442.0,2023-11-02T09:33:00-04:00,0.6000000000000014,8647.04000000002,1441.0,2023-11-02T09:32:00-04:00,0.5999999999999996,8647.040000000025,1449.0,2023-11-02T09:40:00-04:00,0.4499999999999993,8947.040000000026,1509.0,2023-11-02T10:40:00-04:00,0.40000000000000036,9047.040000000023,1510.0,2023-11-02T10:41:00-04:00,0.40000000000000036,9047.040000000023,1450.0,2023-11-02T09:41:00-04:00,0.5,8847.040000000025,1419
2023-11-01,2023-11-03,2,6.0,2023-11-01T09:31:00-04:00,6.0499999999999545,NDXP  231103P15290000,NDXP  231103P15280000,development,False,False,0,0,0,267,0,933,available,False,2023-11-01T09:31:00-04:00,2023-11-03T16:00:00-04:00,10.0,-8052.960000000091,0.0,last_observed_quote_not_settlement,1037.0,737,7,,,2023-11-01T09:31:00-04:00,60.0,9.75,-7652.960000000092,2023-11-01T09:33:00-04:00,0.0,,,2023-11-01T09:35:00-04:00,60.0,10.0,-8052.960000000091,2023-11-01T09:41:00-04:00,0.0,,,2023-11-01T09:45:00-04:00,60.0,,,2023-11-01T10:00:00-04:00,60.0,9.899999999999977,-7952.960000000046,2023-11-01T10:31:00-04:00,0.0,10.0,-8052.960000000091,2023-11-01T11:31:00-04:00,0.0,9.949999999999932,-8052.9599999999555,2023-11-01T16:00:00-04:00,0.0,,,2023-11-02T15:59:00-04:00,60.0,10.0,-8052.960000000091,2023-11-03T16:00:00-04:00,0.0,,,,,74.0,hit,74.0,hit,351.0,hit,1469.0,hit,1469.0,hit,,never_hit,,never_hit,2.0,hit,2.0,hit,2.0,hit,2.0,hit,2.0,hit,2.0,hit,10.0,257,True,True,True,True,,10.0,257,True,True,True,True,,,,True,True,True,False,4.199999999999932,,,True,True,True,False,4.199999999999932,1469.0,2023-11-02T10:00:00-04:00,1.8500000000000227,8147.0399999998635,,,,,,,,,,,,,1469.0,2023-11-02T10:00:00-04:00,1.8500000000000227,8147.0399999998635,,,,,,,,,,,,,,,,,,,,,,,,,,,,,,,,,,,,,,,,,,,,,1420
2023-11-01,2023-11-03,2,7.0,2023-11-01T09:31:00-04:00,6.900000000000034,NDXP  231103P14650000,NDXP  231103P14640000,development,False,False,0,0,0,11,0,1189,available,False,2023-11-01T09:31:00-04:00,2023-11-03T16:00:00-04:00,0.0,13547.04000000007,0.0,last_observed_quote_not_settlement,1036.0,52,74,5.850000000000023,1847.0400000000234,2023-11-01T09:32:00-04:00,0.0,6.25,1047.0400000000689,2023-11-01T09:33:00-04:00,0.0,6.649999999999977,247.04000000011436,2023-11-01T09:36:00-04:00,0.0,6.400000000000006,747.0400000000575,2023-11-01T09:41:00-04:00,0.0,6.849999999999994,-152.95999999991972,2023-11-01T09:46:00-04:00,0.0,6.0,1547.0400000000689,2023-11-01T10:01:00-04:00,0.0,5.950000000000017,1647.0400000000348,2023-11-01T10:31:00-04:00,0.0,7.099999999999994,-652.9599999999198,2023-11-01T11:31:00-04:00,0.0,4.050000000000011,5447.040000000046,2023-11-01T16:00:00-04:00,0.0,0.5999999999999996,12347.04000000007,2023-11-02T16:00:00-04:00,0.0,0.0,13547.04000000007,2023-11-03T16:00:00-04:00,0.0,,,,,12.0,hit,14.0,hit,14.0,hit,379.0,hit,1440.0,hit,1521.0,hit,1755.0,hit,29.0,hit,,never_hit,3.0,hit,,never_hit,,never_hit,,never_hit,7.899999999999977,51,True,False,False,False,,7.899999999999977,52,True,False,False,False,,7.899999999999977,52,True,False,False,False,,7.899999999999977,52,True,False,False,False,,1440.0,2023-11-02T09:31:00-04:00,1.75,10047.04000000007,1441.0,2023-11-02T09:32:00-04:00,1.8500000000000014,9847.040000000066,1442.0,2023-11-02T09:33:00-04:00,1.8500000000000014,9847.040000000066,1441.0,2023-11-02T09:32:00-04:00,1.8500000000000014,9847.040000000066,1440.0,2023-11-02T09:31:00-04:00,1.75,10047.04000000007,1441.0,2023-11-02T09:32:00-04:00,1.8500000000000014,9847.040000000066,1442.0,2023-11-02T09:33:00-04:00,1.8500000000000014,9847.040000000066,1441.0,2023-11-02T09:32:00-04:00,1.8500000000000014,9847.040000000066,1645.0,2023-11-02T12:56:00-04:00,0.9499999999999993,11647.040000000072,1646.0,2023-11-02T12:57:00-04:00,0.9000000000000004,11747.04000000007,1647.0,2023-11-02T12:58:00-04:00,0.9499999999999993,11647.040000000072,1646.0,2023-11-02T12:57:00-04:00,0.9000000000000004,11747.04000000007,1836.0,2023-11-02T16:07:00-04:00,0.34999999999999964,12847.04000000007,2881.0,2023-11-03T09:32:00-04:00,0.09999999999999964,13347.04000000007,2882.0,2023-11-03T09:33:00-04:00,0.07500000000000018,13397.04000000007,1837.0,2023-11-02T16:08:00-04:00,0.5999999999999996,12347.04000000007,1421
2023-11-03,2023-11-06,3,5.0,2023-11-03T09:31:00-04:00,5.050000000000011,NDXP  231106P15030000,NDXP  231106P15020000,development,False,False,0,0,0,21,0,774,available,False,2023-11-03T09:31:00-04:00,2023-11-06T16:00:00-05:00,0.0,9847.040000000025,0.0,last_observed_quote_not_settlement,3916.0,21,16,4.200000000000003,1447.0400000000177,2023-11-03T09:32:00-04:00,0.0,4.6000000000000085,647.0400000000063,2023-11-03T09:33:00-04:00,0.0,5.3500000000000085,-852.9599999999937,2023-11-03T09:36:00-04:00,0.0,5.800000000000011,-1752.9599999999994,2023-11-03T09:41:00-04:00,0.0,4.6499999999999915,547.0400000000404,2023-11-03T09:46:00-04:00,0.0,3.8500000000000014,2147.0400000000204,2023-11-03T10:01:00-04:00,0.0,5.949999999999989,-2052.9599999999537,2023-11-03T10:31:00-04:00,0.0,4.0,1847.0400000000234,2023-11-03T11:31:00-04:00,0.0,3.0,3847.0400000000236,2023-11-03T16:00:00-04:00,0.0,,,2023-11-03T16:15:00-04:00,85500.0,,,2023-11-03T16:15:00-04:00,171900.0,0.0,9847.040000000025,2023-11-06T16:00:00-05:00,0.0,0.0,hit,1.0,hit,14.0,hit,168.0,hit,312.0,hit,4381.0,hit,4450.0,hit,8.0,hit,53.0,hit,53.0,hit,,never_hit,,never_hit,,never_hit,7.400000000000006,21,True,False,False,False,,7.400000000000006,21,True,False,False,False,,7.400000000000006,21,True,False,False,False,,7.400000000000006,21,True,False,False,False,,170.0,2023-11-03T12:21:00-04:00,2.8999999999999915,4047.040000000041,174.0,2023-11-03T12:25:00-04:00,2.75,4347.040000000024,175.0,2023-11-03T12:26:00-04:00,2.8500000000000014,4147.040000000021,171.0,2023-11-03T12:22:00-04:00,3.1499999999999986,3547.0400000000263,319.0,2023-11-03T14:50:00-04:00,1.9499999999999957,5947.040000000032,334.0,2023-11-03T15:05:00-04:00,1.8999999999999986,6047.040000000026,335.0,2023-11-03T15:06:00-04:00,1.8500000000000014,6147.040000000021,320.0,2023-11-03T14:51:00-04:00,2.0,5847.040000000024,4381.0,2023-11-06T09:32:00-05:00,0.9000000000000004,8047.040000000023,4389.0,2023-11-06T09:40:00-05:00,0.5999999999999996,8647.040000000025,4444.0,2023-11-06T10:35:00-05:00,0.9499999999999993,7947.0400000000245,4382.0,2023-11-06T09:33:00-05:00,1.3999999999999986,7047.040000000026,4453.0,2023-11-06T10:44:00-05:00,0.3999999999999999,9047.040000000023,4492.0,2023-11-06T11:23:00-05:00,0.44999999999999973,8947.040000000025,4528.0,2023-11-06T11:59:00-05:00,0.3750000000000002,9097.040000000025,4454.0,2023-11-06T10:45:00-05:00,0.6000000000000001,8647.040000000023,1422
2023-11-03,2023-11-06,3,6.0,2023-11-03T09:31:00-04:00,6.0,NDXP  231106P15010000,NDXP  231106P15000000,development,False,False,0,0,0,5,0,790,available,False,2023-11-03T09:31:00-04:00,2023-11-06T16:00:00-05:00,0.0,11747.04,0.0,last_observed_quote_not_settlement,3916.0,1,2,5.700000000000003,347.039999999995,2023-11-03T09:32:00-04:00,0.0,3.549999999999997,4647.040000000006,2023-11-03T09:33:00-04:00,0.0,5.099999999999994,1547.040000000012,2023-11-03T09:36:00-04:00,0.0,3.9000000000000057,3947.0399999999895,2023-11-03T09:41:00-04:00,0.0,3.5999999999999943,4547.040000000012,2023-11-03T09:46:00-04:00,0.0,1.7999999999999972,8147.040000000007,2023-11-03T10:01:00-04:00,0.0,4.3500000000000085,3047.0399999999836,2023-11-03T10:31:00-04:00,0.0,3.75,4247.040000000001,2023-11-03T11:31:00-04:00,0.0,2.3000000000000007,7147.039999999999,2023-11-03T16:00:00-04:00,0.0,,,2023-11-03T16:15:00-04:00,85500.0,,,2023-11-03T16:15:00-04:00,171900.0,0.0,11747.04,2023-11-06T16:00:00-05:00,0.0,2.0,hit,2.0,hit,2.0,hit,14.0,hit,30.0,hit,379.0,hit,4444.0,hit,4759.0,hit,4759.0,hit,4759.0,hit,4759.0,hit,4759.0,hit,4759.0,hit,6.0,0,False,False,False,False,,6.0,0,False,False,False,False,,6.0,0,False,False,False,False,,6.0,0,False,False,False,False,,14.0,2023-11-03T09:45:00-04:00,2.799999999999997,6147.040000000006,27.0,2023-11-03T09:58:00-04:00,2.8999999999999915,5947.040000000018,28.0,2023-11-03T09:59:00-04:00,2.8500000000000014,6047.039999999998,15.0,2023-11-03T09:46:00-04:00,3.5999999999999943,4547.040000000012,30.0,2023-11-03T10:01:00-04:00,1.7999999999999972,8147.040000000007,299.0,2023-11-03T14:30:00-04:00,1.8500000000000014,8047.039999999998,308.0,2023-11-03T14:39:00-04:00,1.8000000000000007,8147.04,31.0,2023-11-03T10:02:00-04:00,2.0,7747.040000000001,379.0,2023-11-03T15:50:00-04:00,0.7999999999999972,10147.040000000008,4381.0,2023-11-06T09:32:00-05:00,0.9000000000000004,9947.04,4389.0,2023-11-06T09:40:00-05:00,0.5999999999999996,10547.040000000003,380.0,2023-11-03T15:51:00-04:00,2.3000000000000007,7147.039999999999,4449.0,2023-11-06T10:40:00-05:00,0.44999999999999973,10847.04,4450.0,2023-11-06T10:41:00-05:00,0.42500000000000027,10897.04,4451.0,2023-11-06T10:42:00-05:00,0.34999999999999964,11047.040000000003,4450.0,2023-11-06T10:41:00-05:00,0.42500000000000027,10897.04,1423
2023-11-03,2023-11-06,3,7.0,2023-11-03T09:31:00-04:00,6.8500000000000085,NDXP  231106P15060000,NDXP  231106P15050000,development,False,False,0,0,0,4,0,791,available,False,2023-11-03T09:31:00-04:00,2023-11-06T15:58:00-05:00,0.02500000000000001,13397.040000000017,2.0,last_observed_quote_not_settlement,3916.0,1,1,7.200000000000003,-952.959999999988,2023-11-03T09:32:00-04:00,0.0,5.1499999999999915,3147.040000000035,2023-11-03T09:33:00-04:00,0.0,5.849999999999994,1747.040000000029,2023-11-03T09:36:00-04:00,0.0,6.050000000000011,1347.039999999995,2023-11-03T09:41:00-04:00,0.0,4.900000000000006,3647.0400000000063,2023-11-03T09:46:00-04:00,0.0,3.25,6947.040000000018,2023-11-03T10:01:00-04:00,0.0,5.300000000000011,2847.039999999995,2023-11-03T10:31:00-04:00,0.0,4.599999999999994,4247.040000000029,2023-11-03T11:31:00-04:00,0.0,3.549999999999997,6347.040000000024,2023-11-03T16:00:00-04:00,0.0,,,2023-11-03T16:15:00-04:00,85500.0,,,2023-11-03T16:15:00-04:00,171900.0,,,2023-11-06T15:58:00-05:00,120.0,2.0,hit,4.0,hit,17.0,hit,31.0,hit,359.0,hit,4450.0,hit,4691.0,hit,,never_hit,,never_hit,1.0,hit,,never_hit,,never_hit,,never_hit,7.200000000000003,1,True,False,False,False,,7.200000000000003,1,True,False,False,False,,7.200000000000003,1,True,False,False,False,,7.200000000000003,1,True,False,False,False,,31.0,2023-11-03T10:02:00-04:00,2.549999999999997,8347.040000000025,299.0,2023-11-03T14:30:00-04:00,2.8500000000000014,7747.0400000000145,303.0,2023-11-03T14:34:00-04:00,2.9499999999999957,7547.040000000026,32.0,2023-11-03T10:03:00-04:00,3.8499999999999943,5747.040000000029,359.0,2023-11-03T15:30:00-04:00,1.8499999999999979,9747.040000000023,4381.0,2023-11-06T09:32:00-05:00,1.6499999999999986,10147.04000000002,4388.0,2023-11-06T09:39:00-05:00,1.3499999999999996,10747.040000000019,360.0,2023-11-03T15:31:00-04:00,3.1499999999999986,7147.040000000021,4452.0,2023-11-06T10:43:00-05:00,0.8999999999999995,11647.040000000019,4477.0,2023-11-06T11:08:00-05:00,0.8499999999999996,11747.040000000019,4478.0,2023-11-06T11:09:00-05:00,0.8500000000000005,11747.040000000017,4453.0,2023-11-06T10:44:00-05:00,1.0,11447.040000000019,4692.0,2023-11-06T14:43:00-05:00,0.42500000000000004,12597.040000000019,4693.0,2023-11-06T14:44:00-05:00,0.32499999999999984,12797.040000000019,4697.0,2023-11-06T14:48:00-05:00,0.42500000000000004,12597.040000000019,4693.0,2023-11-06T14:44:00-05:00,0.32499999999999984,12797.040000000019,1424
2023-11-06,2023-11-08,2,5.0,2023-11-06T09:31:00-05:00,5.050000000000011,NDXP  231108P15190000,NDXP  231108P15180000,development,False,False,0,0,0,1,15,1199,available,False,2023-11-06T09:31:00-05:00,2023-11-08T16:00:00-05:00,0.0,9847.040000000025,0.0,last_observed_quote_not_settlement,1036.0,393,24,5.1499999999999915,-452.9599999999595,2023-11-06T09:32:00-05:00,0.0,5.349999999999994,-852.9599999999652,2023-11-06T09:33:00-05:00,0.0,5.550000000000011,-1252.9599999999994,2023-11-06T09:36:00-05:00,0.0,5.099999999999994,-352.9599999999652,2023-11-06T09:41:00-05:00,0.0,5.349999999999994,-852.9599999999652,2023-11-06T09:46:00-05:00,0.0,5.25,-652.9599999999766,2023-11-06T10:01:00-05:00,0.0,5.3999999999999915,-952.9599999999596,2023-11-06T10:31:00-05:00,0.0,5.500000000000014,-1152.960000000005,2023-11-06T11:31:00-05:00,0.0,5.199999999999989,-552.9599999999539,2023-11-06T16:00:00-05:00,0.0,1.5,6847.040000000024,2023-11-07T16:00:00-05:00,0.0,0.0,9847.040000000025,2023-11-08T16:00:00-05:00,0.0,,,,,0.0,hit,8.0,hit,1464.0,hit,1486.0,hit,1517.0,hit,1811.0,hit,1819.0,hit,5.0,hit,38.0,hit,227.0,hit,,never_hit,,never_hit,,never_hit,7.700000000000017,393,True,False,False,False,,7.700000000000017,393,True,False,False,False,,7.700000000000017,393,True,False,False,False,,7.700000000000017,393,True,False,False,False,,1486.0,2023-11-07T10:17:00-05:00,2.6000000000000085,4647.040000000006,1499.0,2023-11-07T10:30:00-05:00,2.7500000000000036,4347.040000000016,1500.0,2023-11-07T10:31:00-05:00,2.650000000000002,4547.040000000019,1487.0,2023-11-07T10:18:00-05:00,3.8999999999999986,2047.0400000000263,1520.0,2023-11-07T10:51:00-05:00,1.75,6347.040000000024,1521.0,2023-11-07T10:52:00-05:00,1.8500000000000014,6147.040000000021,1522.0,2023-11-07T10:53:00-05:00,1.9499999999999993,5947.0400000000245,1521.0,2023-11-07T10:52:00-05:00,1.8500000000000014,6147.040000000021,1819.0,2023-11-07T15:50:00-05:00,0.125,9597.040000000025,2884.0,2023-11-08T09:35:00-05:00,0.7000000000000011,8447.040000000023,2885.0,2023-11-08T09:36:00-05:00,0.7999999999999998,8247.040000000025,1820.0,2023-11-07T15:51:00-05:00,1.299999999999999,7247.040000000025,1819.0,2023-11-07T15:50:00-05:00,0.125,9597.040000000025,3117.0,2023-11-08T13:28:00-05:00,0.34999999999999987,9147.040000000025,3118.0,2023-11-08T13:29:00-05:00,0.3500000000000001,9147.040000000023,1820.0,2023-11-07T15:51:00-05:00,1.299999999999999,7247.040000000025,1425
2023-11-06,2023-11-08,2,6.0,2023-11-06T09:31:00-05:00,6.0,NDXP  231108P15230000,NDXP  231108P15220000,development,False,False,0,0,0,19,15,1181,available,False,2023-11-06T09:31:00-05:00,2023-11-08T15:44:00-05:00,0.0,11747.04,16.0,last_observed_quote_not_settlement,1036.0,392,20,8.400000000000006,-5052.960000000013,2023-11-06T09:32:00-05:00,0.0,6.550000000000011,-1352.960000000022,2023-11-06T09:33:00-05:00,0.0,5.949999999999989,-152.95999999997656,2023-11-06T09:36:00-05:00,0.0,5.950000000000017,-152.9600000000334,2023-11-06T09:41:00-05:00,0.0,6.000000000000014,-252.96000000002772,2023-11-06T09:46:00-05:00,0.0,6.150000000000006,-552.9600000000107,2023-11-06T10:01:00-05:00,0.0,6.949999999999989,-2152.9599999999764,2023-11-06T10:31:00-05:00,0.0,6.5,-1252.9599999999994,2023-11-06T11:31:00-05:00,0.0,6.550000000000011,-1352.960000000022,2023-11-06T16:00:00-05:00,0.0,2.4499999999999993,6847.040000000002,2023-11-07T16:00:00-05:00,0.0,,,2023-11-08T15:44:00-05:00,960.0,,,,,8.0,hit,8.0,hit,1470.0,hit,1511.0,hit,1674.0,hit,3129.0,hit,3154.0,hit,1.0,hit,1.0,hit,1.0,hit,1.0,hit,,never_hit,,never_hit,8.449999999999989,392,True,True,False,False,,8.449999999999989,392,True,True,False,False,,8.449999999999989,392,True,True,False,False,,8.449999999999989,392,True,True,False,False,,1516.0,2023-11-07T10:47:00-05:00,2.8499999999999943,6047.040000000012,1519.0,2023-11-07T10:50:00-05:00,2.700000000000003,6347.039999999995,1520.0,2023-11-07T10:51:00-05:00,2.6499999999999986,6447.040000000004,1517.0,2023-11-07T10:48:00-05:00,2.950000000000003,5847.039999999995,1698.0,2023-11-07T13:49:00-05:00,1.9499999999999957,7847.040000000009,1699.0,2023-11-07T13:50:00-05:00,1.9499999999999993,7847.040000000002,1712.0,2023-11-07T14:03:00-05:00,1.7000000000000028,8347.039999999995,1699.0,2023-11-07T13:50:00-05:00,1.9499999999999993,7847.040000000002,3130.0,2023-11-08T13:41:00-05:00,0.9499999999999997,9847.04,3140.0,2023-11-08T13:51:00-05:00,0.8500000000000001,10047.04,3146.0,2023-11-08T13:57:00-05:00,0.8999999999999999,9947.04,3131.0,2023-11-08T13:42:00-05:00,1.025,9697.04,3156.0,2023-11-08T14:07:00-05:00,0.44999999999999996,10847.04,3157.0,2023-11-08T14:08:00-05:00,0.3250000000000002,11097.04,3158.0,2023-11-08T14:09:00-05:00,0.3500000000000001,11047.04,3157.0,2023-11-08T14:08:00-05:00,0.3250000000000002,11097.04,1426
2023-11-06,2023-11-08,2,7.0,2023-11-06T09:31:00-05:00,7.050000000000011,NDXP  231108P15300000,NDXP  231108P15290000,development,False,False,0,0,0,2,15,1198,available,False,2023-11-06T09:31:00-05:00,2023-11-08T16:00:00-05:00,1.025,11797.040000000023,0.0,last_observed_quote_not_settlement,1036.0,446,55,6.749999999999972,347.0400000000803,2023-11-06T09:32:00-05:00,0.0,7.300000000000011,-752.9599999999994,2023-11-06T09:33:00-05:00,0.0,8.099999999999994,-2352.959999999967,2023-11-06T09:36:00-05:00,0.0,6.750000000000028,347.0399999999666,2023-11-06T09:41:00-05:00,0.0,7.25,-652.9599999999766,2023-11-06T09:46:00-05:00,0.0,6.950000000000017,-52.96000000001066,2023-11-06T10:01:00-05:00,0.0,7.399999999999977,-952.9599999999311,2023-11-06T10:31:00-05:00,0.0,7.599999999999966,-1352.9599999999084,2023-11-06T11:31:00-05:00,0.0,7.750000000000028,-1652.9600000000335,2023-11-06T16:00:00-05:00,0.0,4.5,4847.040000000024,2023-11-07T16:00:00-05:00,0.0,1.025,11797.040000000023,2023-11-08T16:00:00-05:00,0.0,,,,,1498.0,hit,1501.0,hit,1507.0,hit,2905.0,hit,3252.0,hit,3253.0,hit,3259.0,hit,4.0,hit,5.0,hit,0.0,hit,4.0,hit,192.0,hit,226.0,hit,9.75,401,True,True,True,True,,9.75,446,True,True,True,True,,9.75,446,True,True,True,True,,9.75,446,True,True,True,True,,3250.0,2023-11-08T15:41:00-05:00,2.95,7947.040000000023,3251.0,2023-11-08T15:42:00-05:00,2.8500000000000005,8147.040000000022,3252.0,2023-11-08T15:43:00-05:00,1.9,10047.040000000023,3251.0,2023-11-08T15:42:00-05:00,2.8500000000000005,8147.040000000022,3252.0,2023-11-08T15:43:00-05:00,1.9,10047.040000000023,3253.0,2023-11-08T15:44:00-05:00,0.8,12247.040000000023,3254.0,2023-11-08T15:45:00-05:00,1.1500000000000001,11547.040000000023,3253.0,2023-11-08T15:44:00-05:00,0.8,12247.040000000023,3253.0,2023-11-08T15:44:00-05:00,0.8,12247.040000000023,3257.0,2023-11-08T15:48:00-05:00,0.8500000000000002,12147.040000000023,3261.0,2023-11-08T15:52:00-05:00,0.375,13097.040000000025,3254.0,2023-11-08T15:45:00-05:00,1.1500000000000001,11547.040000000023,3259.0,2023-11-08T15:50:00-05:00,0.0,13847.040000000025,3262.0,2023-11-08T15:53:00-05:00,0.275,13297.040000000023,3263.0,2023-11-08T15:54:00-05:00,0.30000000000000004,13247.040000000025,3260.0,2023-11-08T15:51:00-05:00,0.7249999999999999,12397.040000000025,1427
2023-11-06,2023-11-09,3,5.0,2023-11-06T09:31:00-05:00,5.0,NDXP  231109P15190000,NDXP  231109P15180000,development,False,False,0,0,0,0,0,1605,available,False,2023-11-06T09:31:00-05:00,2023-11-09T16:00:00-05:00,1.625,6497.040000000001,0.0,last_observed_quote_not_settlement,1036.0,381,49,4.900000000000006,-52.96000000001066,2023-11-06T09:32:00-05:00,0.0,5.25,-752.9599999999994,2023-11-06T09:33:00-05:00,0.0,5.300000000000011,-852.9600000000221,2023-11-06T09:36:00-05:00,0.0,4.900000000000006,-52.96000000001066,2023-11-06T09:41:00-05:00,0.0,5.200000000000003,-652.960000000005,2023-11-06T09:46:00-05:00,0.0,2.9499999999999886,3847.0400000000236,2023-11-06T10:01:00-05:00,0.0,5.25,-752.9599999999994,2023-11-06T10:31:00-05:00,0.0,5.0,-252.9599999999993,2023-11-06T11:31:00-05:00,0.0,5.049999999999997,-352.9599999999936,2023-11-06T16:00:00-05:00,0.0,2.1499999999999986,5447.040000000004,2023-11-07T16:00:00-05:00,0.0,1.3499999999999996,7047.040000000002,2023-11-08T16:00:00-05:00,0.0,1.625,6497.040000000001,2023-11-09T16:00:00-05:00,0.0,0.0,hit,0.0,hit,30.0,hit,30.0,hit,1659.0,hit,1769.0,hit,4349.0,hit,18.0,hit,41.0,hit,287.0,hit,4699.0,hit,4699.0,hit,4699.0,hit,5.75,20,False,False,False,False,,7.050000000000011,362,True,False,False,False,,7.050000000000011,362,True,False,False,False,,7.050000000000011,362,True,False,False,False,,30.0,2023-11-06T10:01:00-05:00,2.9499999999999886,3847.0400000000236,1502.0,2023-11-07T10:33:00-05:00,2.8000000000000043,4147.039999999992,1503.0,2023-11-07T10:34:00-05:00,2.8500000000000014,4047.039999999998,31.0,2023-11-06T10:02:00-05:00,4.900000000000006,-52.96000000001066,1674.0,2023-11-07T13:25:00-05:00,1.9499999999999993,5847.040000000002,1699.0,2023-11-07T13:50:00-05:00,1.8500000000000014,6047.039999999998,1700.0,2023-11-07T13:51:00-05:00,1.9499999999999957,5847.040000000009,1675.0,2023-11-07T13:26:00-05:00,2.0,5747.040000000001,4342.0,2023-11-09T09:53:00-05:00,0.8000000000000007,8147.04,4343.0,2023-11-09T09:54:00-05:00,0.6499999999999995,8447.040000000003,4344.0,2023-11-09T09:55:00-05:00,0.6499999999999995,8447.040000000003,4343.0,2023-11-09T09:54:00-05:00,0.6499999999999995,8447.040000000003,4349.0,2023-11-09T10:00:00-05:00,0.4249999999999998,8897.040000000003,4412.0,2023-11-09T11:03:00-05:00,0.3999999999999999,8947.04,4413.0,2023-11-09T11:04:00-05:00,0.34999999999999964,9047.040000000003,4350.0,2023-11-09T10:01:00-05:00,0.6499999999999995,8447.040000000003,1428
2023-11-06,2023-11-09,3,6.0,2023-11-06T09:31:00-05:00,6.149999999999977,NDXP  231109P15270000,NDXP  231109P15260000,development,False,False,0,0,0,18,0,1587,available,False,2023-11-06T09:31:00-05:00,2023-11-09T16:00:00-05:00,10.0,-7852.9600000000455,0.0,last_observed_quote_not_settlement,1036.0,474,38,5.350000000000023,1347.0399999999097,2023-11-06T09:32:00-05:00,0.0,6.5,-952.9600000000448,2023-11-06T09:33:00-05:00,0.0,6.699999999999989,-1352.960000000022,2023-11-06T09:36:00-05:00,0.0,5.850000000000023,347.03999999990975,2023-11-06T09:41:00-05:00,0.0,6.25,-452.9600000000448,2023-11-06T09:46:00-05:00,0.0,6.800000000000011,-1552.9600000000676,2023-11-06T10:01:00-05:00,0.0,6.800000000000011,-1552.9600000000676,2023-11-06T10:31:00-05:00,0.0,6.849999999999966,-1652.9599999999766,2023-11-06T11:31:00-05:00,0.0,6.649999999999977,-1252.9599999999994,2023-11-06T16:00:00-05:00,0.0,3.75,4547.039999999955,2023-11-07T16:00:00-05:00,0.0,3.049999999999997,5947.039999999961,2023-11-08T16:00:00-05:00,0.0,10.0,-7852.9600000000455,2023-11-09T16:00:00-05:00,0.0,1.0,hit,1470.0,hit,1507.0,hit,1713.0,hit,4347.0,hit,4457.0,hit,,never_hit,4.0,hit,16.0,hit,16.0,hit,243.0,hit,4643.0,hit,4643.0,hit,8.400000000000006,398,True,True,False,False,,8.400000000000006,399,True,True,False,False,,8.400000000000006,399,True,True,False,False,,,,True,True,True,False,5.624999999999977,1713.0,2023-11-07T14:04:00-05:00,2.9499999999999957,6147.039999999964,2904.0,2023-11-08T09:55:00-05:00,2.9499999999999957,6147.039999999964,2905.0,2023-11-08T09:56:00-05:00,2.8499999999999943,6347.039999999966,1714.0,2023-11-07T14:05:00-05:00,3.1499999999999986,5747.039999999958,4347.0,2023-11-09T09:58:00-05:00,1.8999999999999986,8247.039999999959,4348.0,2023-11-09T09:59:00-05:00,1.8999999999999986,8247.039999999959,4349.0,2023-11-09T10:00:00-05:00,1.549999999999999,8947.039999999959,4348.0,2023-11-09T09:59:00-05:00,1.8999999999999986,8247.039999999959,4457.0,2023-11-09T11:48:00-05:00,0.9000000000000004,10247.039999999955,4461.0,2023-11-09T11:52:00-05:00,0.6500000000000004,10747.039999999955,4462.0,2023-11-09T11:53:00-05:00,0.5250000000000004,10997.039999999955,4458.0,2023-11-09T11:49:00-05:00,0.9999999999999991,10047.039999999957,,,,,,,,,,,,,,,,,1429
2023-11-06,2023-11-09,3,7.0,2023-11-06T09:31:00-05:00,6.900000000000006,NDXP  231109P15280000,NDXP  231109P15270000,development,False,False,0,0,0,21,0,1584,available,False,2023-11-06T09:31:00-05:00,2023-11-09T16:00:00-05:00,10.0,-6352.959999999988,0.0,last_observed_quote_not_settlement,1036.0,311,104,6.649999999999977,247.04000000005752,2023-11-06T09:32:00-05:00,0.0,6.100000000000023,1347.0399999999665,2023-11-06T09:33:00-05:00,0.0,6.099999999999994,1347.0400000000234,2023-11-06T09:36:00-05:00,0.0,6.799999999999983,-52.959999999953816,2023-11-06T09:41:00-05:00,0.0,6.549999999999983,447.0400000000462,2023-11-06T09:46:00-05:00,0.0,6.549999999999983,447.0400000000462,2023-11-06T10:01:00-05:00,0.0,7.449999999999989,-1352.9599999999652,2023-11-06T10:31:00-05:00,0.0,6.75,47.04000000001208,2023-11-06T11:31:00-05:00,0.0,6.75,47.04000000001208,2023-11-06T16:00:00-05:00,0.0,3.950000000000003,5647.040000000006,2023-11-07T16:00:00-05:00,0.0,3.6000000000000014,6347.040000000009,2023-11-08T16:00:00-05:00,0.0,10.0,-6352.959999999988,2023-11-09T16:00:00-05:00,0.0,1466.0,hit,1470.0,hit,1518.0,hit,4320.0,hit,4349.0,hit,4461.0,hit,,never_hit,42.0,hit,44.0,hit,18.0,hit,44.0,hit,4627.0,hit,4645.0,hit,8.599999999999994,237,True,True,False,False,,8.599999999999994,237,True,True,False,False,,8.599999999999994,237,True,True,False,False,,,,True,True,True,False,6.275000000000006,4320.0,2023-11-09T09:31:00-05:00,2.75,8047.040000000012,4343.0,2023-11-09T09:54:00-05:00,2.5,8547.040000000014,4344.0,2023-11-09T09:55:00-05:00,2.5,8547.040000000014,4321.0,2023-11-09T09:32:00-05:00,3.0500000000000043,7447.040000000004,4415.0,2023-11-09T11:06:00-05:00,1.8000000000000007,9947.040000000012,4416.0,2023-11-09T11:07:00-05:00,1.9499999999999993,9647.040000000014,4417.0,2023-11-09T11:08:00-05:00,1.8500000000000014,9847.04000000001,4416.0,2023-11-09T11:07:00-05:00,1.9499999999999993,9647.040000000014,4461.0,2023-11-09T11:52:00-05:00,0.7750000000000004,11997.040000000012,4462.0,2023-11-09T11:53:00-05:00,0.625,12297.040000000014,4463.0,2023-11-09T11:54:00-05:00,0.6749999999999998,12197.040000000014,4462.0,2023-11-09T11:53:00-05:00,0.625,12297.040000000014,,,,,,,,,,,,,,,,,1430
2023-11-07,2023-11-09,2,5.0,2023-11-07T09:31:00-05:00,5.049999999999997,NDXP  231109P15250000,NDXP  231109P15240000,development,False,False,0,0,0,12,15,1188,available,False,2023-11-07T09:31:00-05:00,2023-11-09T16:00:00-05:00,8.5,-7152.960000000006,0.0,last_observed_quote_not_settlement,1036.0,114,28,5.300000000000011,-752.9600000000278,2023-11-07T09:32:00-05:00,0.0,5.5,-1152.960000000005,2023-11-07T09:33:00-05:00,0.0,5.1000000000000085,-352.96000000002203,2023-11-07T09:36:00-05:00,0.0,6.050000000000011,-2252.960000000028,2023-11-07T09:41:00-05:00,0.0,5.75,-1652.960000000005,2023-11-07T09:46:00-05:00,0.0,4.5,847.039999999995,2023-11-07T10:01:00-05:00,0.0,4.150000000000006,1547.0399999999836,2023-11-07T10:31:00-05:00,0.0,3.049999999999997,3747.040000000001,2023-11-07T11:31:00-05:00,0.0,3.299999999999997,3247.040000000001,2023-11-07T16:00:00-05:00,0.0,2.6499999999999986,4547.039999999998,2023-11-08T16:00:00-05:00,0.0,8.5,-7152.960000000006,2023-11-09T16:00:00-05:00,0.0,,,,,0.0,hit,7.0,hit,61.0,hit,124.0,hit,2880.0,hit,2975.0,hit,3020.0,hit,3.0,hit,4.0,hit,11.0,hit,11.0,hit,3210.0,hit,3220.0,hit,8.200000000000017,29,True,True,False,False,,8.200000000000017,34,True,True,False,False,,8.200000000000017,34,True,True,False,False,,8.200000000000017,34,True,True,False,False,,128.0,2023-11-07T11:39:00-05:00,2.8999999999999986,4047.039999999998,129.0,2023-11-07T11:40:00-05:00,2.8999999999999915,4047.040000000012,257.0,2023-11-07T13:48:00-05:00,2.9000000000000057,4047.0399999999836,129.0,2023-11-07T11:40:00-05:00,2.8999999999999915,4047.040000000012,2880.0,2023-11-09T09:31:00-05:00,1.9499999999999993,5947.039999999996,2903.0,2023-11-09T09:54:00-05:00,1.8000000000000007,6247.039999999994,2904.0,2023-11-09T09:55:00-05:00,1.700000000000001,6447.039999999993,2881.0,2023-11-09T09:32:00-05:00,2.25,5347.039999999995,2978.0,2023-11-09T11:09:00-05:00,0.9499999999999993,7947.039999999996,2979.0,2023-11-09T11:10:00-05:00,0.9499999999999993,7947.039999999996,2983.0,2023-11-09T11:14:00-05:00,0.9000000000000004,8047.0399999999945,2979.0,2023-11-09T11:10:00-05:00,0.9499999999999993,7947.039999999996,3022.0,2023-11-09T11:53:00-05:00,0.32499999999999973,9197.039999999995,3023.0,2023-11-09T11:54:00-05:00,0.34999999999999987,9147.039999999997,3024.0,2023-11-09T11:55:00-05:00,0.19999999999999996,9447.039999999995,3023.0,2023-11-09T11:54:00-05:00,0.34999999999999987,9147.039999999997,1431
2023-11-07,2023-11-09,2,6.0,2023-11-07T09:31:00-05:00,5.75,NDXP  231109P15290000,NDXP  231109P15280000,development,False,False,0,0,0,23,15,1177,available,False,2023-11-07T09:31:00-05:00,2023-11-09T16:00:00-05:00,10.0,-8652.96,0.0,last_observed_quote_not_settlement,1036.0,144,22,6.25,-1252.9599999999994,2023-11-07T09:32:00-05:00,0.0,6.349999999999966,-1452.9599999999311,2023-11-07T09:33:00-05:00,0.0,6.799999999999983,-2352.959999999965,2023-11-07T09:36:00-05:00,0.0,6.700000000000017,-2152.9600000000332,2023-11-07T09:41:00-05:00,0.0,6.350000000000023,-1452.9600000000448,2023-11-07T09:46:00-05:00,0.0,5.549999999999997,147.0400000000064,2023-11-07T10:01:00-05:00,0.0,4.799999999999997,1647.0400000000063,2023-11-07T10:31:00-05:00,0.0,3.8500000000000227,3547.0399999999554,2023-11-07T11:31:00-05:00,0.0,4.25,2747.040000000001,2023-11-07T16:00:00-05:00,0.0,4.200000000000003,2847.039999999995,2023-11-08T16:00:00-05:00,0.0,10.0,-8652.96,2023-11-09T16:00:00-05:00,0.0,,,,,32.0,hit,37.0,hit,79.0,hit,1831.0,hit,2978.0,hit,3021.0,hit,,never_hit,1.0,hit,3.0,hit,7.0,hit,3156.0,hit,3190.0,hit,3192.0,hit,7.099999999999966,52,True,False,False,False,,7.099999999999966,52,True,False,False,False,,7.099999999999966,52,True,False,False,False,,,,True,True,True,False,4.95,1831.0,2023-11-08T16:02:00-05:00,2.6000000000000085,6047.039999999984,2906.0,2023-11-09T09:57:00-05:00,2.599999999999998,6047.0400000000045,2907.0,2023-11-09T09:58:00-05:00,2.5000000000000018,6247.039999999997,1832.0,2023-11-08T16:03:00-05:00,3.9499999999999957,3347.040000000009,2978.0,2023-11-09T11:09:00-05:00,1.9000000000000021,7447.039999999996,2982.0,2023-11-09T11:13:00-05:00,1.8500000000000014,7547.039999999998,2983.0,2023-11-09T11:14:00-05:00,1.8500000000000014,7547.039999999998,2979.0,2023-11-09T11:10:00-05:00,1.950000000000001,7347.039999999998,3022.0,2023-11-09T11:53:00-05:00,0.7999999999999998,9647.040000000003,,,,,,,,,3023.0,2023-11-09T11:54:00-05:00,1.0000000000000004,9247.039999999999,,,,,,,,,,,,,,,,,1432
2023-11-07,2023-11-09,2,7.0,2023-11-07T09:31:00-05:00,7.099999999999966,NDXP  231109P15350000,NDXP  231109P15340000,development,False,False,0,0,0,25,15,1175,available,False,2023-11-07T09:31:00-05:00,2023-11-09T16:00:00-05:00,10.0,-5952.960000000068,0.0,last_observed_quote_not_settlement,1036.0,194,52,7.149999999999977,-352.96000000002203,2023-11-07T09:32:00-05:00,0.0,7.450000000000017,-952.9600000001017,2023-11-07T09:33:00-05:00,0.0,7.800000000000011,-1652.9600000000903,2023-11-07T09:36:00-05:00,0.0,7.949999999999989,-1952.9600000000448,2023-11-07T09:41:00-05:00,0.0,7.599999999999994,-1252.9600000000562,2023-11-07T09:46:00-05:00,0.0,6.699999999999989,547.0399999999552,2023-11-07T10:01:00-05:00,0.0,6.1499999999999915,1647.0399999999495,2023-11-07T10:31:00-05:00,0.0,5.150000000000006,3647.0399999999213,2023-11-07T11:31:00-05:00,0.0,5.550000000000011,2847.03999999991,2023-11-07T16:00:00-05:00,0.0,5.800000000000011,2347.03999999991,2023-11-08T16:00:00-05:00,0.0,10.0,-5952.960000000068,2023-11-09T16:00:00-05:00,0.0,,,,,62.0,hit,62.0,hit,2987.0,hit,3021.0,hit,,never_hit,,never_hit,,never_hit,3.0,hit,3.0,hit,0.0,hit,3.0,hit,3093.0,hit,3098.0,hit,8.25,73,True,True,False,False,,,,True,True,True,False,4.4499999999999655,,,True,True,True,False,4.4499999999999655,,,True,True,True,False,4.4499999999999655,3021.0,2023-11-09T11:52:00-05:00,2.7499999999999964,8447.03999999994,3022.0,2023-11-09T11:53:00-05:00,2.6500000000000004,8647.039999999932,,,,,3022.0,2023-11-09T11:53:00-05:00,2.6500000000000004,8647.039999999932,,,,,,,,,,,,,,,,,,,,,,,,,,,,,,,,,,,,,,,,,,,,,,,,,1433
2023-11-07,2023-11-10,3,5.0,2023-11-07T09:31:00-05:00,5.0,NDXP  231110P15240000,NDXP  231110P15230000,development,False,False,0,0,0,18,0,1587,available,False,2023-11-07T09:31:00-05:00,2023-11-10T16:00:00-05:00,0.0,9747.04,0.0,last_observed_quote_not_settlement,1036.0,124,24,5.25,-752.9599999999994,2023-11-07T09:32:00-05:00,0.0,5.3500000000000085,-952.9600000000164,2023-11-07T09:33:00-05:00,0.0,4.950000000000017,-152.9600000000334,2023-11-07T09:36:00-05:00,0.0,5.700000000000017,-1652.9600000000335,2023-11-07T09:41:00-05:00,0.0,5.349999999999994,-952.959999999988,2023-11-07T09:46:00-05:00,0.0,4.349999999999994,1047.040000000012,2023-11-07T10:01:00-05:00,0.0,3.9499999999999886,1847.0400000000234,2023-11-07T10:31:00-05:00,0.0,3.200000000000003,3347.039999999995,2023-11-07T11:31:00-05:00,0.0,3.3999999999999915,2947.0400000000177,2023-11-07T16:00:00-05:00,0.0,3.1499999999999986,3447.0400000000036,2023-11-08T16:00:00-05:00,0.0,5.799999999999997,-1852.9599999999937,2023-11-09T16:00:00-05:00,0.0,0.0,9747.04,2023-11-10T16:00:00-05:00,0.0,0.0,hit,0.0,hit,58.0,hit,124.0,hit,2981.0,hit,4414.0,hit,4425.0,hit,4.0,hit,46.0,hit,3267.0,hit,3267.0,hit,4699.0,hit,4699.0,hit,6.25,20,False,False,False,False,,6.25,22,False,False,False,False,,8.800000000000011,123,True,True,False,False,,8.800000000000011,123,True,True,False,False,,246.0,2023-11-07T13:37:00-05:00,2.9499999999999957,3847.040000000009,260.0,2023-11-07T13:51:00-05:00,2.9499999999999957,3847.040000000009,261.0,2023-11-07T13:52:00-05:00,2.8500000000000014,4047.039999999998,247.0,2023-11-07T13:38:00-05:00,3.049999999999997,3647.0400000000063,2987.0,2023-11-09T11:18:00-05:00,1.9000000000000021,5947.039999999996,2988.0,2023-11-09T11:19:00-05:00,1.9499999999999957,5847.040000000009,3020.0,2023-11-09T11:51:00-05:00,1.75,6247.040000000001,2988.0,2023-11-09T11:19:00-05:00,1.9499999999999957,5847.040000000009,4415.0,2023-11-10T11:06:00-05:00,0.7499999999999991,8247.040000000003,4416.0,2023-11-10T11:07:00-05:00,0.75,8247.04,4417.0,2023-11-10T11:08:00-05:00,0.6999999999999993,8347.040000000003,4416.0,2023-11-10T11:07:00-05:00,0.75,8247.04,4458.0,2023-11-10T11:49:00-05:00,0.4499999999999993,8847.040000000003,4464.0,2023-11-10T11:55:00-05:00,0.40000000000000036,8947.04,4471.0,2023-11-10T12:02:00-05:00,0.22499999999999964,9297.040000000003,4459.0,2023-11-10T11:50:00-05:00,0.6000000000000001,8547.04,1434
2023-11-07,2023-11-10,3,6.0,2023-11-07T09:31:00-05:00,6.200000000000017,NDXP  231110P15310000,NDXP  231110P15300000,development,False,False,0,0,0,16,0,1589,available,False,2023-11-07T09:31:00-05:00,2023-11-10T16:00:00-05:00,5.0,2147.040000000035,0.0,last_observed_quote_not_settlement,1036.0,152,36,5.949999999999989,247.04000000005752,2023-11-07T09:32:00-05:00,0.0,6.600000000000023,-1052.9600000000107,2023-11-07T09:33:00-05:00,0.0,6.399999999999977,-652.9599999999198,2023-11-07T09:36:00-05:00,0.0,6.100000000000023,-52.96000000001066,2023-11-07T09:41:00-05:00,0.0,5.649999999999977,847.0400000000802,2023-11-07T09:46:00-05:00,0.0,5.200000000000003,1747.040000000029,2023-11-07T10:01:00-05:00,0.0,5.049999999999997,2047.0400000000404,2023-11-07T10:31:00-05:00,0.0,4.199999999999989,3747.0400000000577,2023-11-07T11:31:00-05:00,0.0,4.950000000000003,2247.040000000029,2023-11-07T16:00:00-05:00,0.0,4.450000000000003,3247.040000000029,2023-11-08T16:00:00-05:00,0.0,6.899999999999977,-1652.9599999999198,2023-11-09T16:00:00-05:00,0.0,5.0,2147.040000000035,2023-11-10T16:00:00-05:00,0.0,6.0,hit,37.0,hit,210.0,hit,3021.0,hit,4349.0,hit,4349.0,hit,4349.0,hit,3.0,hit,3187.0,hit,3168.0,hit,3210.0,hit,,never_hit,,never_hit,6.799999999999997,11,False,False,False,False,,8.550000000000011,141,True,True,False,False,,8.550000000000011,141,True,True,False,False,,8.550000000000011,141,True,True,False,False,,3021.0,2023-11-09T11:52:00-05:00,2.900000000000002,6347.040000000031,3022.0,2023-11-09T11:53:00-05:00,2.8999999999999986,6347.040000000037,3023.0,2023-11-09T11:54:00-05:00,2.8999999999999986,6347.040000000037,3022.0,2023-11-09T11:53:00-05:00,2.8999999999999986,6347.040000000037,4349.0,2023-11-10T10:00:00-05:00,0.20000000000000284,11747.04000000003,4424.0,2023-11-10T11:15:00-05:00,1.6999999999999993,8747.040000000037,4425.0,2023-11-10T11:16:00-05:00,1.5999999999999979,8947.040000000039,4350.0,2023-11-10T10:01:00-05:00,4.449999999999996,3247.040000000043,4349.0,2023-11-10T10:00:00-05:00,0.20000000000000284,11747.04000000003,4477.0,2023-11-10T12:08:00-05:00,0.75,10647.040000000035,4478.0,2023-11-10T12:09:00-05:00,0.7000000000000002,10747.040000000035,4350.0,2023-11-10T10:01:00-05:00,4.449999999999996,3247.040000000043,4349.0,2023-11-10T10:00:00-05:00,0.20000000000000284,11747.04000000003,4503.0,2023-11-10T12:34:00-05:00,0.3250000000000002,11497.040000000035,4504.0,2023-11-10T12:35:00-05:00,0.30000000000000027,11547.040000000034,4350.0,2023-11-10T10:01:00-05:00,4.449999999999996,3247.040000000043,1435
2023-11-07,2023-11-10,3,7.0,2023-11-07T09:31:00-05:00,7.049999999999983,NDXP  231110P15360000,NDXP  231110P15350000,development,False,False,0,0,0,2,0,1603,available,False,2023-11-07T09:31:00-05:00,2023-11-10T16:00:00-05:00,4.0,5847.039999999966,0.0,last_observed_quote_not_settlement,1036.0,233,37,6.599999999999994,647.0399999999779,2023-11-07T09:32:00-05:00,0.0,6.700000000000017,447.0399999999325,2023-11-07T09:33:00-05:00,0.0,7.400000000000006,-952.9600000000448,2023-11-07T09:36:00-05:00,0.0,7.700000000000017,-1552.9600000000676,2023-11-07T09:41:00-05:00,0.0,7.800000000000011,-1752.9600000000562,2023-11-07T09:46:00-05:00,0.0,6.350000000000023,1147.039999999921,2023-11-07T10:01:00-05:00,0.0,5.049999999999983,3747.040000000001,2023-11-07T10:31:00-05:00,0.0,5.25,3347.0399999999668,2023-11-07T11:31:00-05:00,0.0,5.3500000000000085,3147.0399999999495,2023-11-07T16:00:00-05:00,0.0,5.550000000000011,2747.039999999944,2023-11-08T16:00:00-05:00,0.0,9.0,-4152.9600000000355,2023-11-09T16:00:00-05:00,0.0,4.0,5847.039999999966,2023-11-10T16:00:00-05:00,0.0,60.0,hit,68.0,hit,1523.0,hit,4469.0,hit,4476.0,hit,4504.0,hit,4522.0,hit,6.0,hit,16.0,hit,0.0,hit,16.0,hit,3209.0,hit,3263.0,hit,9.550000000000011,233,True,True,True,True,,9.550000000000011,233,True,True,True,True,,9.550000000000011,233,True,True,True,True,,9.550000000000011,233,True,True,True,True,,4469.0,2023-11-10T12:00:00-05:00,2.9499999999999993,7947.039999999968,4472.0,2023-11-10T12:03:00-05:00,2.450000000000001,8947.039999999964,4473.0,2023-11-10T12:04:00-05:00,2.3499999999999996,9147.039999999968,4470.0,2023-11-10T12:01:00-05:00,2.950000000000003,7947.039999999961,4476.0,2023-11-10T12:07:00-05:00,1.9499999999999993,9947.039999999968,4479.0,2023-11-10T12:10:00-05:00,1.6500000000000004,10547.039999999966,4480.0,2023-11-10T12:11:00-05:00,1.6999999999999993,10447.039999999968,4477.0,2023-11-10T12:08:00-05:00,2.0,9847.039999999968,4504.0,2023-11-10T12:35:00-05:00,0.8000000000000007,12247.039999999966,4505.0,2023-11-10T12:36:00-05:00,0.7000000000000002,12447.039999999966,4506.0,2023-11-10T12:37:00-05:00,0.8000000000000007,12247.039999999966,4505.0,2023-11-10T12:36:00-05:00,0.7000000000000002,12447.039999999966,4522.0,2023-11-10T12:53:00-05:00,0.40000000000000036,13047.039999999966,4523.0,2023-11-10T12:54:00-05:00,0.20000000000000018,13447.039999999966,4524.0,2023-11-10T12:55:00-05:00,0.42500000000000027,12997.039999999966,4523.0,2023-11-10T12:54:00-05:00,0.20000000000000018,13447.039999999966,1436
2023-11-08,2023-11-10,2,5.0,2023-11-08T09:31:00-05:00,4.900000000000006,NDXP  231110P15340000,NDXP  231110P15330000,development,False,False,0,0,0,2,0,1198,available,False,2023-11-08T09:31:00-05:00,2023-11-10T15:59:00-05:00,0.0,9547.040000000014,1.0,last_observed_quote_not_settlement,1036.0,741,33,4.699999999999989,147.0400000000348,2023-11-08T09:32:00-05:00,0.0,4.799999999999997,-52.95999999998224,2023-11-08T09:33:00-05:00,0.0,4.599999999999994,347.04000000002344,2023-11-08T09:36:00-05:00,0.0,4.8999999999999915,-252.95999999997088,2023-11-08T09:41:00-05:00,0.0,5.000000000000014,-452.96000000001635,2023-11-08T09:46:00-05:00,0.0,5.3500000000000085,-1152.960000000005,2023-11-08T10:01:00-05:00,0.0,5.349999999999994,-1152.9599999999766,2023-11-08T10:31:00-05:00,0.0,5.700000000000003,-1852.9599999999937,2023-11-08T11:31:00-05:00,0.0,5.049999999999997,-552.9599999999823,2023-11-08T16:00:00-05:00,0.0,8.5,-7452.95999999999,2023-11-09T16:00:00-05:00,0.0,,,2023-11-10T15:59:00-05:00,60.0,,,,,0.0,hit,0.0,hit,1529.0,hit,1650.0,hit,3031.0,hit,3058.0,hit,3065.0,hit,33.0,hit,33.0,hit,90.0,hit,163.0,hit,1773.0,hit,1824.0,hit,8.0,455,True,True,False,False,,9.550000000000011,741,True,True,True,True,,9.550000000000011,741,True,True,True,True,,9.550000000000011,741,True,True,True,True,,1650.0,2023-11-09T13:01:00-05:00,2.8999999999999986,3747.040000000015,2983.0,2023-11-10T11:14:00-05:00,2.8500000000000014,3847.040000000009,2984.0,2023-11-10T11:15:00-05:00,2.599999999999998,4347.040000000016,1651.0,2023-11-09T13:02:00-05:00,5.449999999999989,-1352.9599999999652,3031.0,2023-11-10T12:02:00-05:00,1.6999999999999993,6147.040000000014,3032.0,2023-11-10T12:03:00-05:00,1.6999999999999993,6147.040000000014,3033.0,2023-11-10T12:04:00-05:00,1.6500000000000021,6247.040000000008,3032.0,2023-11-10T12:03:00-05:00,1.6999999999999993,6147.040000000014,3061.0,2023-11-10T12:32:00-05:00,0.8499999999999996,7847.040000000013,3062.0,2023-11-10T12:33:00-05:00,0.8000000000000007,7947.040000000011,3063.0,2023-11-10T12:34:00-05:00,0.6500000000000004,8247.040000000012,3062.0,2023-11-10T12:33:00-05:00,0.8000000000000007,7947.040000000011,3065.0,2023-11-10T12:36:00-05:00,0.40000000000000036,8747.040000000012,3070.0,2023-11-10T12:41:00-05:00,0.42500000000000027,8697.040000000012,3074.0,2023-11-10T12:45:00-05:00,0.37499999999999956,8797.040000000014,3066.0,2023-11-10T12:37:00-05:00,0.5,8547.040000000014,1437
2023-11-08,2023-11-10,2,6.0,2023-11-08T09:31:00-05:00,6.150000000000034,NDXP  231110P15440000,NDXP  231110P15430000,development,False,False,0,0,0,15,0,1185,available,False,2023-11-08T09:31:00-05:00,2023-11-10T16:00:00-05:00,5.0,2047.040000000069,0.0,last_observed_quote_not_settlement,1036.0,939,11,6.849999999999994,-1652.9599999999198,2023-11-08T09:32:00-05:00,0.0,6.349999999999994,-652.9599999999198,2023-11-08T09:33:00-05:00,0.0,6.849999999999966,-1652.959999999863,2023-11-08T09:36:00-05:00,0.0,6.25,-452.9599999999311,2023-11-08T09:41:00-05:00,0.0,6.950000000000017,-1852.9599999999652,2023-11-08T09:46:00-05:00,0.0,7.0,-1952.9599999999311,2023-11-08T10:01:00-05:00,0.0,7.449999999999989,-2852.959999999908,2023-11-08T10:31:00-05:00,0.0,7.849999999999966,-3652.9599999998627,2023-11-08T11:31:00-05:00,0.0,7.199999999999989,-2352.959999999908,2023-11-08T16:00:00-05:00,0.0,9.449999999999989,-6852.95999999991,2023-11-09T16:00:00-05:00,0.0,5.0,2047.040000000069,2023-11-10T16:00:00-05:00,0.0,,,,,3062.0,hit,3063.0,hit,3065.0,hit,3072.0,hit,3123.0,hit,3158.0,hit,3189.0,hit,1.0,hit,33.0,hit,14.0,hit,68.0,hit,152.0,hit,1712.0,hit,10.0,939,True,True,True,True,,10.0,939,True,True,True,True,,10.0,939,True,True,True,True,,10.0,939,True,True,True,True,,3072.0,2023-11-10T12:43:00-05:00,2.8000000000000025,6447.040000000064,3073.0,2023-11-10T12:44:00-05:00,2.8000000000000007,6447.040000000067,3113.0,2023-11-10T13:24:00-05:00,2.3499999999999996,7347.04000000007,3073.0,2023-11-10T12:44:00-05:00,2.8000000000000007,6447.040000000067,3123.0,2023-11-10T13:34:00-05:00,1.8499999999999988,8347.040000000072,3124.0,2023-11-10T13:35:00-05:00,1.700000000000001,8647.040000000068,3125.0,2023-11-10T13:36:00-05:00,1.5999999999999996,8847.04000000007,3124.0,2023-11-10T13:35:00-05:00,1.700000000000001,8647.040000000068,3158.0,2023-11-10T14:09:00-05:00,0.8999999999999995,10247.04000000007,3159.0,2023-11-10T14:10:00-05:00,0.8499999999999996,10347.04000000007,3160.0,2023-11-10T14:11:00-05:00,0.7999999999999998,10447.04000000007,3159.0,2023-11-10T14:10:00-05:00,0.8499999999999996,10347.04000000007,3189.0,2023-11-10T14:40:00-05:00,0.4249999999999998,11197.04000000007,3190.0,2023-11-10T14:41:00-05:00,0.44999999999999973,11147.04000000007,3191.0,2023-11-10T14:42:00-05:00,0.32499999999999996,11397.04000000007,3190.0,2023-11-10T14:41:00-05:00,0.44999999999999973,11147.04000000007,1438
2023-11-08,2023-11-10,2,7.0,2023-11-08T09:31:00-05:00,7.0,NDXP  231110P15470000,NDXP  231110P15460000,development,False,False,0,0,0,24,0,1176,available,False,2023-11-08T09:31:00-05:00,2023-11-10T15:59:00-05:00,0.024999999999999994,13697.04,1.0,last_observed_quote_not_settlement,1036.0,930,24,7.599999999999994,-1452.959999999988,2023-11-08T09:32:00-05:00,0.0,7.399999999999977,-1052.9599999999539,2023-11-08T09:33:00-05:00,0.0,7.300000000000011,-852.9600000000221,2023-11-08T09:36:00-05:00,0.0,6.75,247.04000000000067,2023-11-08T09:41:00-05:00,0.0,6.800000000000011,147.03999999997797,2023-11-08T09:46:00-05:00,0.0,7.5,-1252.9599999999994,2023-11-08T10:01:00-05:00,0.0,8.099999999999994,-2452.9599999999896,2023-11-08T10:31:00-05:00,0.0,8.200000000000017,-2652.960000000035,2023-11-08T11:31:00-05:00,0.0,8.0,-2252.960000000001,2023-11-08T16:00:00-05:00,0.0,10.0,-6152.96,2023-11-09T16:00:00-05:00,0.0,,,2023-11-10T15:59:00-05:00,60.0,,,,,3066.0,hit,3073.0,hit,3120.0,hit,3126.0,hit,3160.0,hit,3200.0,hit,3228.0,hit,1.0,hit,50.0,hit,0.0,hit,50.0,hit,156.0,hit,211.0,hit,10.0,930,True,True,True,True,,10.0,930,True,True,True,True,,10.0,930,True,True,True,True,,10.0,930,True,True,True,True,,3130.0,2023-11-10T13:41:00-05:00,2.799999999999999,8147.040000000004,3131.0,2023-11-10T13:42:00-05:00,2.700000000000001,8347.039999999999,3132.0,2023-11-10T13:43:00-05:00,2.5999999999999996,8547.040000000003,3131.0,2023-11-10T13:42:00-05:00,2.700000000000001,8347.039999999999,3160.0,2023-11-10T14:11:00-05:00,1.8999999999999986,9947.040000000005,3163.0,2023-11-10T14:14:00-05:00,1.7499999999999991,10247.040000000003,3164.0,2023-11-10T14:15:00-05:00,1.7999999999999998,10147.040000000003,3161.0,2023-11-10T14:12:00-05:00,2.2499999999999982,9247.040000000005,3212.0,2023-11-10T15:03:00-05:00,0.9499999999999997,11847.04,3213.0,2023-11-10T15:04:00-05:00,0.9000000000000004,11947.04,3220.0,2023-11-10T15:11:00-05:00,0.8249999999999997,12097.04,3213.0,2023-11-10T15:04:00-05:00,0.9000000000000004,11947.04,3228.0,2023-11-10T15:19:00-05:00,0.4249999999999998,12897.040000000003,3229.0,2023-11-10T15:20:00-05:00,0.2999999999999998,13147.040000000003,3230.0,2023-11-10T15:21:00-05:00,0.3999999999999999,12947.04,3229.0,2023-11-10T15:20:00-05:00,0.2999999999999998,13147.040000000003,1439
2023-11-10,2023-11-13,3,5.0,2023-11-10T09:31:00-05:00,5.1499999999999915,NDXP  231113P15270000,NDXP  231113P15260000,development,False,False,0,0,0,29,0,766,available,False,2023-11-10T09:31:00-05:00,2023-11-13T15:32:00-05:00,1.3877787807814457e-17,10047.039999999985,28.0,last_observed_quote_not_settlement,3916.0,0,0,4.849999999999994,347.039999999995,2023-11-10T09:32:00-05:00,0.0,4.700000000000003,647.0399999999779,2023-11-10T09:33:00-05:00,0.0,4.699999999999989,647.0400000000063,2023-11-10T09:36:00-05:00,0.0,4.0,2047.0399999999836,2023-11-10T09:41:00-05:00,0.0,3.6999999999999957,2647.0399999999922,2023-11-10T09:46:00-05:00,0.0,3.950000000000003,2147.039999999978,2023-11-10T10:01:00-05:00,0.0,4.549999999999997,947.0399999999893,2023-11-10T10:31:00-05:00,0.0,2.349999999999998,5347.039999999988,2023-11-10T11:31:00-05:00,0.0,0.39999999999999947,9247.039999999986,2023-11-10T16:00:00-05:00,0.0,,,2023-11-10T16:15:00-05:00,85500.0,,,2023-11-10T16:15:00-05:00,171900.0,,,2023-11-13T15:32:00-05:00,1680.0,0.0,hit,1.0,hit,10.0,hit,29.0,hit,151.0,hit,204.0,hit,311.0,hit,,never_hit,,never_hit,,never_hit,,never_hit,,never_hit,,never_hit,5.1499999999999915,0,False,False,False,False,,5.1499999999999915,0,False,False,False,False,,5.1499999999999915,0,False,False,False,False,,5.1499999999999915,0,False,False,False,False,,95.0,2023-11-10T11:06:00-05:00,2.8500000000000014,4347.039999999981,96.0,2023-11-10T11:07:00-05:00,2.7499999999999964,4547.039999999991,97.0,2023-11-10T11:08:00-05:00,2.750000000000007,4547.039999999969,96.0,2023-11-10T11:07:00-05:00,2.7499999999999964,4547.039999999991,151.0,2023-11-10T12:02:00-05:00,1.8999999999999986,6247.039999999986,152.0,2023-11-10T12:03:00-05:00,1.8999999999999986,6247.039999999986,153.0,2023-11-10T12:04:00-05:00,1.8499999999999979,6347.039999999988,152.0,2023-11-10T12:03:00-05:00,1.8999999999999986,6247.039999999986,230.0,2023-11-10T13:21:00-05:00,0.9499999999999993,8147.039999999985,236.0,2023-11-10T13:27:00-05:00,0.9499999999999993,8147.039999999985,237.0,2023-11-10T13:28:00-05:00,0.9000000000000004,8247.039999999985,231.0,2023-11-10T13:22:00-05:00,1.0,8047.039999999984,311.0,2023-11-10T14:42:00-05:00,0.40000000000000036,9247.039999999985,360.0,2023-11-10T15:31:00-05:00,0.39999999999999947,9247.039999999986,374.0,2023-11-10T15:45:00-05:00,0.4499999999999993,9147.039999999986,312.0,2023-11-10T14:43:00-05:00,0.5999999999999996,8847.039999999985,1440
2023-11-10,2023-11-13,3,6.0,2023-11-10T09:31:00-05:00,6.099999999999994,NDXP  231113P15310000,NDXP  231113P15300000,development,False,False,0,0,0,18,0,777,available,False,2023-11-10T09:31:00-05:00,2023-11-13T16:00:00-05:00,9.95,-7952.960000000011,0.0,last_observed_quote_not_settlement,3916.0,2,5,5.650000000000006,647.0399999999779,2023-11-10T09:32:00-05:00,0.0,5.6000000000000085,747.0399999999722,2023-11-10T09:33:00-05:00,0.0,5.25,1447.0399999999893,2023-11-10T09:36:00-05:00,0.0,4.900000000000006,2147.039999999978,2023-11-10T09:41:00-05:00,0.0,4.400000000000006,3147.039999999978,2023-11-10T09:46:00-05:00,0.0,4.700000000000003,2547.0399999999836,2023-11-10T10:01:00-05:00,0.0,5.650000000000006,647.0399999999779,2023-11-10T10:31:00-05:00,0.0,3.200000000000003,5547.039999999984,2023-11-10T11:31:00-05:00,0.0,0.5499999999999998,10847.03999999999,2023-11-10T16:00:00-05:00,0.0,,,2023-11-10T16:15:00-05:00,85500.0,,,2023-11-10T16:15:00-05:00,171900.0,9.95,-7952.960000000011,2023-11-13T16:00:00-05:00,0.0,3.0,hit,10.0,hit,24.0,hit,105.0,hit,182.0,hit,280.0,hit,379.0,hit,51.0,hit,51.0,hit,51.0,hit,51.0,hit,4699.0,hit,4699.0,hit,8.399999999999991,1,True,True,False,False,,8.399999999999991,1,True,True,False,False,,8.399999999999991,1,True,True,False,False,,8.399999999999991,1,True,True,False,False,,105.0,2023-11-10T11:16:00-05:00,2.8500000000000014,6247.039999999986,111.0,2023-11-10T11:22:00-05:00,2.9000000000000057,6147.039999999978,112.0,2023-11-10T11:23:00-05:00,2.8999999999999986,6147.039999999992,106.0,2023-11-10T11:17:00-05:00,3.0,5947.039999999989,182.0,2023-11-10T12:33:00-05:00,1.9499999999999993,8047.039999999991,183.0,2023-11-10T12:34:00-05:00,1.8000000000000043,8347.03999999998,184.0,2023-11-10T12:35:00-05:00,1.7499999999999964,8447.039999999997,183.0,2023-11-10T12:34:00-05:00,1.8000000000000043,8347.03999999998,311.0,2023-11-10T14:42:00-05:00,0.9000000000000021,10147.039999999986,312.0,2023-11-10T14:43:00-05:00,0.9499999999999993,10047.039999999992,340.0,2023-11-10T15:11:00-05:00,0.9499999999999993,10047.039999999992,312.0,2023-11-10T14:43:00-05:00,0.9499999999999993,10047.039999999992,379.0,2023-11-10T15:50:00-05:00,0.0,11947.03999999999,4385.0,2023-11-13T10:36:00-05:00,0.40000000000000036,11147.03999999999,4386.0,2023-11-13T10:37:00-05:00,0.4249999999999998,11097.03999999999,380.0,2023-11-10T15:51:00-05:00,0.6000000000000005,10747.03999999999,1441
2023-11-10,2023-11-13,3,7.0,2023-11-10T09:31:00-05:00,6.900000000000034,NDXP  231113P15350000,NDXP  231113P15340000,development,False,False,0,0,0,50,0,745,available,False,2023-11-10T09:31:00-05:00,2023-11-13T16:00:00-05:00,0.0,13547.04000000007,0.0,last_observed_quote_not_settlement,3916.0,2,4,6.400000000000006,747.0400000000575,2023-11-10T09:32:00-05:00,0.0,6.450000000000003,647.0400000000632,2023-11-10T09:33:00-05:00,0.0,6.3999999999999915,747.0400000000859,2023-11-10T09:36:00-05:00,0.0,5.799999999999983,1947.040000000103,2023-11-10T09:41:00-05:00,0.0,5.299999999999983,2947.040000000103,2023-11-10T09:46:00-05:00,0.0,5.199999999999989,3147.040000000092,2023-11-10T10:01:00-05:00,0.0,6.349999999999994,847.0400000000802,2023-11-10T10:31:00-05:00,0.0,4.099999999999994,5347.04000000008,2023-11-10T11:31:00-05:00,0.0,0.8500000000000014,11847.040000000066,2023-11-10T16:00:00-05:00,0.0,,,2023-11-10T16:15:00-05:00,85500.0,,,2023-11-10T16:15:00-05:00,171900.0,0.0,13547.04000000007,2023-11-13T16:00:00-05:00,0.0,12.0,hit,29.0,hit,51.0,hit,157.0,hit,204.0,hit,372.0,hit,4417.0,hit,,never_hit,,never_hit,3.0,hit,,never_hit,,never_hit,,never_hit,7.0,2,True,False,False,False,,7.0,2,True,False,False,False,,7.0,2,True,False,False,False,,7.0,2,True,False,False,False,,159.0,2023-11-10T12:10:00-05:00,2.9499999999999957,7647.040000000077,181.0,2023-11-10T12:32:00-05:00,2.8499999999999943,7847.04000000008,182.0,2023-11-10T12:33:00-05:00,2.799999999999997,7947.0400000000745,160.0,2023-11-10T12:11:00-05:00,3.0,7547.040000000069,206.0,2023-11-10T12:57:00-05:00,1.9000000000000021,9747.040000000066,236.0,2023-11-10T13:27:00-05:00,1.8999999999999986,9747.040000000072,237.0,2023-11-10T13:28:00-05:00,1.8999999999999986,9747.040000000072,207.0,2023-11-10T12:58:00-05:00,2.1499999999999986,9247.040000000072,372.0,2023-11-10T15:43:00-05:00,0.9499999999999993,11647.040000000072,378.0,2023-11-10T15:49:00-05:00,0.9000000000000004,11747.04000000007,379.0,2023-11-10T15:50:00-05:00,0.8249999999999993,11897.040000000072,373.0,2023-11-10T15:44:00-05:00,1.0500000000000007,11447.040000000068,4418.0,2023-11-13T11:09:00-05:00,0.3999999999999997,12747.04000000007,4419.0,2023-11-13T11:10:00-05:00,0.3749999999999998,12797.04000000007,4420.0,2023-11-13T11:11:00-05:00,0.37499999999999956,12797.04000000007,4419.0,2023-11-13T11:10:00-05:00,0.3749999999999998,12797.04000000007,1442
2023-11-13,2023-11-15,2,5.0,2023-11-13T09:31:00-05:00,4.900000000000006,NDXP  231115P15480000,NDXP  231115P15470000,development,False,False,0,0,0,6,0,1193,available,False,2023-11-13T09:31:00-05:00,2023-11-15T15:59:00-05:00,0.0,9547.040000000014,1.0,last_observed_quote_not_settlement,1036.0,76,17,5.1499999999999915,-752.9599999999709,2023-11-13T09:32:00-05:00,0.0,4.849999999999994,-152.95999999997656,2023-11-13T09:33:00-05:00,0.0,5.199999999999989,-852.9599999999652,2023-11-13T09:36:00-05:00,0.0,5.25,-952.959999999988,2023-11-13T09:41:00-05:00,0.0,5.950000000000017,-2352.960000000022,2023-11-13T09:46:00-05:00,0.0,5.749999999999972,-1952.9599999999311,2023-11-13T10:01:00-05:00,0.0,5.25,-952.959999999988,2023-11-13T10:31:00-05:00,0.0,4.5,547.040000000012,2023-11-13T11:31:00-05:00,0.0,4.900000000000006,-252.9599999999993,2023-11-13T16:00:00-05:00,0.0,0.12500000000000044,9297.040000000012,2023-11-14T16:00:00-05:00,0.0,,,2023-11-15T15:59:00-05:00,60.0,,,,,0.0,hit,0.0,hit,11.0,hit,1440.0,hit,1440.0,hit,1440.0,hit,1452.0,hit,7.0,hit,15.0,hit,25.0,hit,,never_hit,,never_hit,,never_hit,7.800000000000011,76,True,False,False,False,,7.800000000000011,76,True,False,False,False,,7.800000000000011,76,True,False,False,False,,7.800000000000011,76,True,False,False,False,,1440.0,2023-11-14T09:31:00-05:00,0.75,8047.040000000012,1441.0,2023-11-14T09:32:00-05:00,0.75,8047.040000000012,1442.0,2023-11-14T09:33:00-05:00,0.75,8047.040000000012,1441.0,2023-11-14T09:32:00-05:00,0.75,8047.040000000012,1440.0,2023-11-14T09:31:00-05:00,0.75,8047.040000000012,1441.0,2023-11-14T09:32:00-05:00,0.75,8047.040000000012,1442.0,2023-11-14T09:33:00-05:00,0.75,8047.040000000012,1441.0,2023-11-14T09:32:00-05:00,0.75,8047.040000000012,1440.0,2023-11-14T09:31:00-05:00,0.75,8047.040000000012,1441.0,2023-11-14T09:32:00-05:00,0.75,8047.040000000012,1442.0,2023-11-14T09:33:00-05:00,0.75,8047.040000000012,1441.0,2023-11-14T09:32:00-05:00,0.75,8047.040000000012,1468.0,2023-11-14T09:59:00-05:00,0.39999999999999947,8747.040000000014,1469.0,2023-11-14T10:00:00-05:00,0.2999999999999998,8947.040000000014,1470.0,2023-11-14T10:01:00-05:00,0.4499999999999993,8647.040000000014,1469.0,2023-11-14T10:00:00-05:00,0.2999999999999998,8947.040000000014,1443
2023-11-13,2023-11-15,2,6.0,2023-11-13T09:31:00-05:00,6.099999999999994,NDXP  231115P15570000,NDXP  231115P15560000,development,False,False,0,0,0,91,0,1108,available,False,2023-11-13T09:31:00-05:00,2023-11-15T15:59:00-05:00,0.0,11947.03999999999,1.0,last_observed_quote_not_settlement,1036.0,159,63,6.250000000000028,-552.9600000000676,2023-11-13T09:32:00-05:00,0.0,6.100000000000023,-252.96000000005614,2023-11-13T09:33:00-05:00,0.0,6.199999999999989,-452.95999999998793,2023-11-13T09:36:00-05:00,0.0,7.349999999999994,-2752.959999999999,2023-11-13T09:41:00-05:00,0.0,7.049999999999983,-2152.9599999999764,2023-11-13T09:46:00-05:00,0.0,7.349999999999994,-2752.959999999999,2023-11-13T10:01:00-05:00,0.0,7.0,-2052.9600000000105,2023-11-13T10:31:00-05:00,0.0,6.0,-52.96000000001066,2023-11-13T11:31:00-05:00,0.0,6.549999999999983,-1152.9599999999766,2023-11-13T16:00:00-05:00,0.0,0.40000000000000036,11147.03999999999,2023-11-14T16:00:00-05:00,0.0,,,2023-11-15T15:59:00-05:00,60.0,,,,,86.0,hit,153.0,hit,1440.0,hit,1440.0,hit,1440.0,hit,1470.0,hit,1523.0,hit,6.0,hit,10.0,hit,9.0,hit,14.0,hit,,never_hit,,never_hit,8.800000000000011,159,True,True,False,False,,8.800000000000011,159,True,True,False,False,,8.800000000000011,159,True,True,False,False,,8.800000000000011,159,True,True,False,False,,1440.0,2023-11-14T09:31:00-05:00,1.6000000000000014,8747.039999999988,1441.0,2023-11-14T09:32:00-05:00,2.3000000000000007,7347.039999999988,1442.0,2023-11-14T09:33:00-05:00,1.5,8947.03999999999,1441.0,2023-11-14T09:32:00-05:00,2.3000000000000007,7347.039999999988,1440.0,2023-11-14T09:31:00-05:00,1.6000000000000014,8747.039999999988,1443.0,2023-11-14T09:34:00-05:00,1.7000000000000028,8547.039999999985,1444.0,2023-11-14T09:35:00-05:00,1.5,8947.03999999999,1441.0,2023-11-14T09:32:00-05:00,2.3000000000000007,7347.039999999988,1474.0,2023-11-14T10:05:00-05:00,0.9000000000000021,10147.039999999986,1475.0,2023-11-14T10:06:00-05:00,0.9499999999999993,10047.039999999992,1476.0,2023-11-14T10:07:00-05:00,0.9499999999999993,10047.039999999992,1475.0,2023-11-14T10:06:00-05:00,0.9499999999999993,10047.039999999992,1523.0,2023-11-14T10:54:00-05:00,0.25,11447.03999999999,1760.0,2023-11-14T14:51:00-05:00,0.39999999999999947,11147.039999999992,1761.0,2023-11-14T14:52:00-05:00,0.40000000000000036,11147.03999999999,1524.0,2023-11-14T10:55:00-05:00,0.75,10447.03999999999,1444
2023-11-13,2023-11-15,2,7.0,2023-11-13T09:31:00-05:00,7.0,NDXP  231115P15650000,NDXP  231115P15640000,development,False,False,0,0,16,5,0,1194,available,False,2023-11-13T09:31:00-05:00,2023-11-15T15:58:00-05:00,0.0,13747.04,2.0,last_observed_quote_not_settlement,1036.0,360,45,5.349999999999966,3047.040000000069,2023-11-13T09:32:00-05:00,0.0,7.799999999999983,-1852.9599999999652,2023-11-13T09:33:00-05:00,0.0,7.7999999999999545,-1852.9599999999084,2023-11-13T09:36:00-05:00,0.0,8.050000000000011,-2352.9600000000237,2023-11-13T09:41:00-05:00,0.0,8.5,-3252.960000000001,2023-11-13T09:46:00-05:00,0.0,8.200000000000017,-2652.960000000035,2023-11-13T10:01:00-05:00,0.0,8.399999999999977,-3052.9599999999555,2023-11-13T10:31:00-05:00,0.0,6.799999999999983,147.0400000000348,2023-11-13T11:31:00-05:00,0.0,7.550000000000011,-1352.960000000022,2023-11-13T16:00:00-05:00,0.0,0.6000000000000014,12547.039999999999,2023-11-14T16:00:00-05:00,0.0,,,2023-11-15T15:58:00-05:00,120.0,,,,,1.0,hit,1440.0,hit,1440.0,hit,1440.0,hit,1462.0,hit,1764.0,hit,2880.0,hit,2.0,hit,7.0,hit,0.0,hit,7.0,hit,25.0,hit,25.0,hit,9.649999999999977,360,True,True,True,True,,9.649999999999977,360,True,True,True,True,,9.649999999999977,360,True,True,True,True,,9.649999999999977,360,True,True,True,True,,1440.0,2023-11-14T09:31:00-05:00,2.9000000000000057,7947.039999999989,1441.0,2023-11-14T09:32:00-05:00,2.8999999999999986,7947.040000000004,1446.0,2023-11-14T09:37:00-05:00,2.6500000000000057,8447.03999999999,1441.0,2023-11-14T09:32:00-05:00,2.8999999999999986,7947.040000000004,1470.0,2023-11-14T10:01:00-05:00,1.75,10247.04,1471.0,2023-11-14T10:02:00-05:00,1.7999999999999972,10147.040000000008,1472.0,2023-11-14T10:03:00-05:00,1.75,10247.04,1471.0,2023-11-14T10:02:00-05:00,1.7999999999999972,10147.040000000008,1769.0,2023-11-14T15:00:00-05:00,0.9499999999999993,11847.040000000003,1777.0,2023-11-14T15:08:00-05:00,0.9499999999999993,11847.040000000003,1778.0,2023-11-14T15:09:00-05:00,0.9499999999999993,11847.040000000003,1770.0,2023-11-14T15:01:00-05:00,1.0,11747.04,2880.0,2023-11-15T09:31:00-05:00,0.4249999999999998,12897.040000000003,2881.0,2023-11-15T09:32:00-05:00,0.375,12997.04,2882.0,2023-11-15T09:33:00-05:00,0.37499999999999956,12997.04,2881.0,2023-11-15T09:32:00-05:00,0.375,12997.04,1445
2023-11-13,2023-11-16,3,5.0,2023-11-13T09:31:00-05:00,5.0,NDXP  231116P15480000,NDXP  231116P15470000,development,False,False,0,0,0,43,0,1562,available,False,2023-11-13T09:31:00-05:00,2023-11-16T15:51:00-05:00,0.0,9747.04,9.0,last_observed_quote_not_settlement,1036.0,44,12,4.75,247.04000000000067,2023-11-13T09:32:00-05:00,0.0,4.650000000000006,447.03999999998933,2023-11-13T09:33:00-05:00,0.0,4.8999999999999915,-52.95999999998224,2023-11-13T09:36:00-05:00,0.0,4.900000000000006,-52.96000000001066,2023-11-13T09:41:00-05:00,0.0,5.449999999999989,-1152.9599999999766,2023-11-13T09:46:00-05:00,0.0,5.5,-1252.9599999999994,2023-11-13T10:01:00-05:00,0.0,4.950000000000003,-152.96000000000498,2023-11-13T10:31:00-05:00,0.0,4.400000000000006,947.0399999999893,2023-11-13T11:31:00-05:00,0.0,4.299999999999997,1147.0400000000063,2023-11-13T16:00:00-05:00,0.0,0.4500000000000002,8847.04,2023-11-14T16:00:00-05:00,0.0,0.14999999999999947,9447.040000000003,2023-11-15T16:00:00-05:00,0.0,,,2023-11-16T15:51:00-05:00,540.0,0.0,hit,0.0,hit,84.0,hit,84.0,hit,1440.0,hit,1445.0,hit,1677.0,hit,6.0,hit,,never_hit,,never_hit,,never_hit,,never_hit,,never_hit,5.849999999999966,44,False,False,False,False,,5.849999999999966,44,False,False,False,False,,5.849999999999966,44,False,False,False,False,,5.849999999999966,44,False,False,False,False,,84.0,2023-11-13T10:55:00-05:00,2.5,4747.040000000001,1441.0,2023-11-14T09:32:00-05:00,1.2499999999999964,7247.040000000008,1442.0,2023-11-14T09:33:00-05:00,1.1000000000000014,7547.039999999998,85.0,2023-11-13T10:56:00-05:00,4.75,247.04000000000067,1440.0,2023-11-14T09:31:00-05:00,1.0999999999999979,7547.0400000000045,1441.0,2023-11-14T09:32:00-05:00,1.2499999999999964,7247.040000000008,1442.0,2023-11-14T09:33:00-05:00,1.1000000000000014,7547.039999999998,1441.0,2023-11-14T09:32:00-05:00,1.2499999999999964,7247.040000000008,1445.0,2023-11-14T09:36:00-05:00,0.8999999999999986,7947.040000000004,1455.0,2023-11-14T09:46:00-05:00,0.8000000000000007,8147.04,1456.0,2023-11-14T09:47:00-05:00,0.9499999999999993,7847.040000000002,1446.0,2023-11-14T09:37:00-05:00,1.0500000000000007,7647.039999999999,1761.0,2023-11-14T14:52:00-05:00,0.4499999999999993,8847.040000000003,1780.0,2023-11-14T15:11:00-05:00,0.40000000000000036,8947.04,1781.0,2023-11-14T15:12:00-05:00,0.40000000000000036,8947.04,1762.0,2023-11-14T14:53:00-05:00,0.5,8747.04,1446
2023-11-13,2023-11-16,3,6.0,2023-11-13T09:31:00-05:00,5.950000000000017,NDXP  231116P15560000,NDXP  231116P15550000,development,False,False,0,0,0,5,0,1600,available,False,2023-11-13T09:31:00-05:00,2023-11-16T15:59:00-05:00,0.0,11647.040000000035,1.0,last_observed_quote_not_settlement,1036.0,67,37,6.450000000000017,-1252.9599999999994,2023-11-13T09:32:00-05:00,0.0,4.849999999999966,1947.040000000103,2023-11-13T09:33:00-05:00,0.0,6.149999999999977,-652.9599999999198,2023-11-13T09:36:00-05:00,0.0,7.000000000000028,-2352.960000000022,2023-11-13T09:41:00-05:00,0.0,5.900000000000006,-152.95999999997656,2023-11-13T09:46:00-05:00,0.0,6.849999999999994,-2052.9599999999537,2023-11-13T10:01:00-05:00,0.0,6.500000000000028,-1352.960000000022,2023-11-13T10:31:00-05:00,0.0,5.599999999999994,447.0400000000462,2023-11-13T11:31:00-05:00,0.0,4.650000000000006,2347.0400000000236,2023-11-13T16:00:00-05:00,0.0,4.349999999999998,2947.040000000039,2023-11-14T16:00:00-05:00,0.0,0.2999999999999998,11047.040000000035,2023-11-15T16:00:00-05:00,0.0,,,2023-11-16T15:59:00-05:00,60.0,2.0,hit,2.0,hit,404.0,hit,1440.0,hit,1440.0,hit,1512.0,hit,2880.0,hit,1.0,hit,6.0,hit,6.0,hit,,never_hit,,never_hit,,never_hit,7.5,67,True,False,False,False,,7.5,67,True,False,False,False,,7.5,67,True,False,False,False,,7.5,67,True,False,False,False,,1440.0,2023-11-14T09:31:00-05:00,1.6999999999999993,8247.040000000037,1441.0,2023-11-14T09:32:00-05:00,1.8999999999999986,7847.040000000037,1442.0,2023-11-14T09:33:00-05:00,1.8000000000000007,8047.040000000034,1441.0,2023-11-14T09:32:00-05:00,1.8999999999999986,7847.040000000037,1440.0,2023-11-14T09:31:00-05:00,1.6999999999999993,8247.040000000037,1441.0,2023-11-14T09:32:00-05:00,1.8999999999999986,7847.040000000037,1442.0,2023-11-14T09:33:00-05:00,1.8000000000000007,8047.040000000034,1441.0,2023-11-14T09:32:00-05:00,1.8999999999999986,7847.040000000037,1678.0,2023-11-14T13:29:00-05:00,0.9499999999999993,9747.040000000037,1681.0,2023-11-14T13:32:00-05:00,0.9499999999999993,9747.040000000037,1682.0,2023-11-14T13:33:00-05:00,0.8499999999999996,9947.040000000037,1679.0,2023-11-14T13:30:00-05:00,0.9500000000000028,9747.04000000003,2884.0,2023-11-15T09:35:00-05:00,0.39999999999999947,10847.040000000037,2885.0,2023-11-15T09:36:00-05:00,0.39999999999999947,10847.040000000037,2886.0,2023-11-15T09:37:00-05:00,0.4499999999999993,10747.040000000037,2885.0,2023-11-15T09:36:00-05:00,0.39999999999999947,10847.040000000037,1447
2023-11-13,2023-11-16,3,7.0,2023-11-13T09:31:00-05:00,7.0,NDXP  231116P15640000,NDXP  231116P15630000,development,False,False,0,0,0,6,0,1599,available,False,2023-11-13T09:31:00-05:00,2023-11-16T16:00:00-05:00,0.0,13747.04,0.0,last_observed_quote_not_settlement,1036.0,81,44,6.099999999999994,1547.040000000012,2023-11-13T09:32:00-05:00,0.0,7.149999999999977,-552.9599999999539,2023-11-13T09:33:00-05:00,0.0,7.649999999999977,-1552.9599999999539,2023-11-13T09:36:00-05:00,0.0,7.499999999999972,-1252.9599999999425,2023-11-13T09:41:00-05:00,0.0,7.69999999999996,-1652.9599999999198,2023-11-13T09:46:00-05:00,0.0,7.650000000000006,-1552.9600000000107,2023-11-13T10:01:00-05:00,0.0,7.199999999999989,-652.9599999999766,2023-11-13T10:31:00-05:00,0.0,7.049999999999983,-352.9599999999652,2023-11-13T11:31:00-05:00,0.0,6.899999999999977,-52.959999999953816,2023-11-13T16:00:00-05:00,0.0,1.6500000000000021,10447.039999999997,2023-11-14T16:00:00-05:00,0.0,,,2023-11-15T15:59:00-05:00,60.0,0.0,13747.04,2023-11-16T16:00:00-05:00,0.0,1440.0,hit,1440.0,hit,1440.0,hit,1440.0,hit,1472.0,hit,1819.0,hit,1819.0,hit,5.0,hit,7.0,hit,0.0,hit,7.0,hit,,never_hit,,never_hit,8.75,80,True,True,False,False,,8.75,80,True,True,False,False,,8.75,80,True,True,False,False,,8.75,80,True,True,False,False,,1440.0,2023-11-14T09:31:00-05:00,2.8500000000000014,8047.039999999998,1441.0,2023-11-14T09:32:00-05:00,2.8999999999999986,7947.040000000004,1442.0,2023-11-14T09:33:00-05:00,2.8499999999999943,8047.040000000012,1441.0,2023-11-14T09:32:00-05:00,2.8999999999999986,7947.040000000004,1473.0,2023-11-14T10:04:00-05:00,1.9000000000000057,9947.03999999999,1498.0,2023-11-14T10:29:00-05:00,1.8999999999999986,9947.040000000005,1502.0,2023-11-14T10:33:00-05:00,1.8999999999999986,9947.040000000005,1474.0,2023-11-14T10:05:00-05:00,1.9500000000000028,9847.039999999995,1819.0,2023-11-14T15:50:00-05:00,0.5,12747.04,2884.0,2023-11-15T09:35:00-05:00,0.8000000000000007,12147.04,2885.0,2023-11-15T09:36:00-05:00,0.8499999999999996,12047.040000000003,1820.0,2023-11-14T15:51:00-05:00,1.5,10747.04,3259.0,2023-11-15T15:50:00-05:00,0.0,13747.04,4347.0,2023-11-16T09:58:00-05:00,0.375,12997.04,4348.0,2023-11-16T09:59:00-05:00,0.25,13247.04,3260.0,2023-11-15T15:51:00-05:00,0.8499999999999996,12047.040000000003,1448
2023-11-14,2023-11-16,2,5.0,2023-11-14T09:31:00-05:00,5.0,NDXP  231116P15790000,NDXP  231116P15780000,development,False,False,0,0,0,1,0,1199,available,False,2023-11-14T09:31:00-05:00,2023-11-16T16:00:00-05:00,2.35,5047.040000000001,0.0,last_observed_quote_not_settlement,1036.0,112,64,5.5,-1252.9599999999994,2023-11-14T09:32:00-05:00,0.0,5.700000000000017,-1652.9600000000335,2023-11-14T09:33:00-05:00,0.0,4.950000000000003,-152.96000000000498,2023-11-14T09:36:00-05:00,0.0,4.599999999999994,547.040000000012,2023-11-14T09:41:00-05:00,0.0,4.550000000000011,647.0399999999779,2023-11-14T09:46:00-05:00,0.0,4.349999999999994,1047.040000000012,2023-11-14T10:01:00-05:00,0.0,4.150000000000006,1447.0399999999893,2023-11-14T10:31:00-05:00,0.0,4.599999999999994,547.040000000012,2023-11-14T11:31:00-05:00,0.0,2.0999999999999943,5547.040000000012,2023-11-14T16:00:00-05:00,0.0,3.3999999999999986,2947.0400000000036,2023-11-15T16:00:00-05:00,0.0,2.35,5047.040000000001,2023-11-16T16:00:00-05:00,0.0,,,,,0.0,hit,0.0,hit,64.0,hit,389.0,hit,3071.0,hit,3242.0,hit,3245.0,hit,1.0,hit,87.0,hit,3005.0,hit,,never_hit,,never_hit,,never_hit,6.6000000000000085,23,False,False,False,False,,7.450000000000003,109,True,False,False,False,,7.450000000000003,112,True,False,False,False,,7.450000000000003,112,True,False,False,False,,389.0,2023-11-14T16:00:00-05:00,2.0999999999999943,5547.040000000012,1441.0,2023-11-15T09:32:00-05:00,2.5999999999999943,4547.040000000012,1442.0,2023-11-15T09:33:00-05:00,2.700000000000003,4347.039999999995,390.0,2023-11-14T16:01:00-05:00,3.799999999999997,2147.0400000000063,3193.0,2023-11-16T14:44:00-05:00,1.8999999999999995,5947.040000000002,3194.0,2023-11-16T14:45:00-05:00,1.6500000000000004,6447.04,3195.0,2023-11-16T14:46:00-05:00,1.2999999999999998,7147.040000000001,3194.0,2023-11-16T14:45:00-05:00,1.6500000000000004,6447.04,3244.0,2023-11-16T15:35:00-05:00,0.6499999999999999,8447.04,3245.0,2023-11-16T15:36:00-05:00,0.45000000000000007,8847.04,3246.0,2023-11-16T15:37:00-05:00,0.6250000000000001,8497.04,3245.0,2023-11-16T15:36:00-05:00,0.45000000000000007,8847.04,3248.0,2023-11-16T15:39:00-05:00,0.3999999999999999,8947.04,3249.0,2023-11-16T15:40:00-05:00,0.40000000000000013,8947.04,3250.0,2023-11-16T15:41:00-05:00,0.3999999999999999,8947.04,3249.0,2023-11-16T15:40:00-05:00,0.40000000000000013,8947.04,1449
2023-11-14,2023-11-16,2,6.0,2023-11-14T09:31:00-05:00,6.149999999999977,NDXP  231116P15840000,NDXP  231116P15830000,development,False,False,0,0,0,0,0,1200,available,False,2023-11-14T09:31:00-05:00,2023-11-16T16:00:00-05:00,6.85,-1652.9600000000441,0.0,last_observed_quote_not_settlement,1036.0,366,69,6.349999999999994,-652.9600000000335,2023-11-14T09:32:00-05:00,0.0,6.300000000000011,-552.9600000000676,2023-11-14T09:33:00-05:00,0.0,5.950000000000003,147.03999999994954,2023-11-14T09:36:00-05:00,0.0,3.8500000000000227,4347.03999999991,2023-11-14T09:41:00-05:00,0.0,5.5,1047.0399999999552,2023-11-14T09:46:00-05:00,0.0,5.150000000000006,1747.0399999999438,2023-11-14T10:01:00-05:00,0.0,5.1000000000000085,1847.0399999999381,2023-11-14T10:31:00-05:00,0.0,5.25,1547.0399999999552,2023-11-14T11:31:00-05:00,0.0,3.0,6047.039999999955,2023-11-14T16:00:00-05:00,0.0,4.699999999999996,2647.0399999999636,2023-11-15T16:00:00-05:00,0.0,6.85,-1652.9600000000441,2023-11-16T16:00:00-05:00,0.0,,,,,7.0,hit,7.0,hit,10.0,hit,389.0,hit,1448.0,hit,1448.0,hit,,never_hit,87.0,hit,2881.0,hit,164.0,hit,2962.0,hit,3005.0,hit,3159.0,hit,7.000000000000014,42,True,False,False,False,,7.000000000000014,42,True,False,False,False,,7.000000000000014,42,True,False,False,False,,,,True,True,True,False,5.4499999999999815,1448.0,2023-11-15T09:39:00-05:00,0.6999999999999957,10647.039999999964,,,,,,,,,1449.0,2023-11-15T09:40:00-05:00,3.6999999999999957,4647.039999999964,1448.0,2023-11-15T09:39:00-05:00,0.6999999999999957,10647.039999999964,,,,,,,,,1449.0,2023-11-15T09:40:00-05:00,3.6999999999999957,4647.039999999964,1448.0,2023-11-15T09:39:00-05:00,0.6999999999999957,10647.039999999964,,,,,,,,,1449.0,2023-11-15T09:40:00-05:00,3.6999999999999957,4647.039999999964,,,,,,,,,,,,,,,,,1450
2023-11-14,2023-11-16,2,7.0,2023-11-14T09:31:00-05:00,7.0,NDXP  231116P15880000,NDXP  231116P15870000,development,False,False,0,0,0,5,0,1195,available,False,2023-11-14T09:31:00-05:00,2023-11-16T16:00:00-05:00,10.0,-6152.96,0.0,last_observed_quote_not_settlement,1036.0,396,31,6.949999999999989,-152.95999999997656,2023-11-14T09:32:00-05:00,0.0,7.099999999999994,-452.95999999998793,2023-11-14T09:33:00-05:00,0.0,6.699999999999989,347.04000000002344,2023-11-14T09:36:00-05:00,0.0,6.25,1247.0400000000006,2023-11-14T09:41:00-05:00,0.0,6.099999999999994,1547.040000000012,2023-11-14T09:46:00-05:00,0.0,5.749999999999986,2247.040000000029,2023-11-14T10:01:00-05:00,0.0,6.150000000000006,1447.0399999999893,2023-11-14T10:31:00-05:00,0.0,6.250000000000014,1247.0399999999722,2023-11-14T11:31:00-05:00,0.0,4.049999999999997,5647.040000000006,2023-11-14T16:00:00-05:00,0.0,6.0,1747.0400000000006,2023-11-15T16:00:00-05:00,0.0,10.0,-6152.96,2023-11-16T16:00:00-05:00,0.0,,,,,31.0,hit,31.0,hit,1448.0,hit,1448.0,hit,1448.0,hit,1448.0,hit,,never_hit,3.0,hit,2883.0,hit,0.0,hit,2883.0,hit,2945.0,hit,2991.0,hit,7.600000000000023,14,True,False,False,False,,7.600000000000023,14,True,False,False,False,,7.600000000000023,14,True,False,False,False,,,,True,True,True,False,6.449999999999996,1448.0,2023-11-15T09:39:00-05:00,0.5500000000000043,12647.039999999994,,,,,,,,,1449.0,2023-11-15T09:40:00-05:00,4.650000000000006,4447.039999999989,1448.0,2023-11-15T09:39:00-05:00,0.5500000000000043,12647.039999999994,,,,,,,,,1449.0,2023-11-15T09:40:00-05:00,4.650000000000006,4447.039999999989,1448.0,2023-11-15T09:39:00-05:00,0.5500000000000043,12647.039999999994,,,,,,,,,1449.0,2023-11-15T09:40:00-05:00,4.650000000000006,4447.039999999989,,,,,,,,,,,,,,,,,1451
2023-11-17,2023-11-20,3,5.0,2023-11-17T09:31:00-05:00,5.0,NDXP  231120P15810000,NDXP  231120P15800000,development,False,False,0,0,0,39,0,756,available,False,2023-11-17T09:31:00-05:00,2023-11-20T16:00:00-05:00,0.0,9747.04,0.0,last_observed_quote_not_settlement,3916.0,63,39,5.1000000000000085,-452.96000000001635,2023-11-17T09:32:00-05:00,0.0,5.1000000000000085,-452.96000000001635,2023-11-17T09:33:00-05:00,0.0,4.900000000000006,-52.96000000001066,2023-11-17T09:36:00-05:00,0.0,5.25,-752.9599999999994,2023-11-17T09:41:00-05:00,0.0,4.8999999999999915,-52.95999999998224,2023-11-17T09:46:00-05:00,0.0,5.099999999999994,-452.95999999998793,2023-11-17T10:01:00-05:00,0.0,4.75,247.04000000000067,2023-11-17T10:31:00-05:00,0.0,5.1000000000000085,-452.96000000001635,2023-11-17T11:31:00-05:00,0.0,3.6999999999999957,2347.040000000009,2023-11-17T16:00:00-05:00,0.0,,,2023-11-17T16:15:00-05:00,85500.0,,,2023-11-17T16:15:00-05:00,171900.0,0.0,9747.04,2023-11-20T16:00:00-05:00,0.0,0.0,hit,0.0,hit,29.0,hit,272.0,hit,4321.0,hit,4341.0,hit,4402.0,hit,12.0,hit,28.0,hit,,never_hit,,never_hit,,never_hit,,never_hit,6.649999999999999,62,False,False,False,False,,6.649999999999999,63,False,False,False,False,,6.649999999999999,63,False,False,False,False,,6.649999999999999,63,False,False,False,False,,277.0,2023-11-17T14:08:00-05:00,2.8500000000000014,4047.039999999998,278.0,2023-11-17T14:09:00-05:00,2.9499999999999993,3847.0400000000022,279.0,2023-11-17T14:10:00-05:00,2.6499999999999986,4447.040000000004,278.0,2023-11-17T14:09:00-05:00,2.9499999999999993,3847.0400000000022,4322.0,2023-11-20T09:33:00-05:00,1.9000000000000004,5947.04,4323.0,2023-11-20T09:34:00-05:00,1.8999999999999986,5947.040000000004,4324.0,2023-11-20T09:35:00-05:00,1.5,6747.040000000001,4323.0,2023-11-20T09:34:00-05:00,1.8999999999999986,5947.040000000004,4341.0,2023-11-20T09:52:00-05:00,0.8500000000000005,8047.04,4342.0,2023-11-20T09:53:00-05:00,0.8999999999999995,7947.040000000002,4343.0,2023-11-20T09:54:00-05:00,0.7999999999999998,8147.040000000002,4342.0,2023-11-20T09:53:00-05:00,0.8999999999999995,7947.040000000002,4407.0,2023-11-20T10:58:00-05:00,0.4249999999999998,8897.040000000003,4408.0,2023-11-20T10:59:00-05:00,0.40000000000000036,8947.04,4409.0,2023-11-20T11:00:00-05:00,0.3500000000000001,9047.04,4408.0,2023-11-20T10:59:00-05:00,0.40000000000000036,8947.04,1452
2023-11-17,2023-11-20,3,6.0,2023-11-17T09:31:00-05:00,6.0,NDXP  231120P16310000,NDXP  231120P16300000,development,False,False,0,0,0,161,0,634,available,False,2023-11-17T09:31:00-05:00,2023-11-20T16:00:00-05:00,10.0,-8152.96,0.0,last_observed_quote_not_settlement,3916.0,526,1,,,2023-11-17T09:31:00-05:00,60.0,9.949999999999989,-8152.959999999978,2023-11-17T09:33:00-05:00,0.0,,,2023-11-17T09:33:00-05:00,180.0,10.0,-8152.96,2023-11-17T09:41:00-05:00,0.0,9.899999999999977,-8052.9599999999555,2023-11-17T09:46:00-05:00,0.0,9.800000000000068,-7852.960000000137,2023-11-17T10:01:00-05:00,0.0,9.949999999999932,-8152.9599999998645,2023-11-17T10:31:00-05:00,0.0,9.999999999999943,-8152.96,2023-11-17T11:31:00-05:00,0.0,,,2023-11-17T15:59:00-05:00,60.0,,,2023-11-17T16:15:00-05:00,85500.0,,,2023-11-17T16:15:00-05:00,171900.0,10.0,-8152.96,2023-11-20T16:00:00-05:00,0.0,,never_hit,,never_hit,,never_hit,,never_hit,,never_hit,,never_hit,,never_hit,2.0,hit,2.0,hit,2.0,hit,2.0,hit,2.0,hit,2.0,hit,,,True,True,True,False,0.0999999999999659,,,True,True,True,False,0.0999999999999659,,,True,True,True,False,0.0999999999999659,,,True,True,True,False,0.0999999999999659,,,,,,,,,,,,,,,,,,,,,,,,,,,,,,,,,,,,,,,,,,,,,,,,,,,,,,,,,,,,,,,,,1453
2023-11-17,2023-11-20,3,7.0,2023-11-17T09:31:00-05:00,7.000000000000028,NDXP  231120P15910000,NDXP  231120P15900000,development,False,False,0,0,0,2,0,793,available,False,2023-11-17T09:31:00-05:00,2023-11-20T16:00:00-05:00,0.025,13697.040000000057,0.0,last_observed_quote_not_settlement,3916.0,188,47,6.900000000000034,-52.96000000001066,2023-11-17T09:32:00-05:00,0.0,6.800000000000011,147.0400000000348,2023-11-17T09:33:00-05:00,0.0,7.5,-1252.9599999999425,2023-11-17T09:36:00-05:00,0.0,7.550000000000011,-1352.9599999999652,2023-11-17T09:41:00-05:00,0.0,7.450000000000017,-1152.9599999999766,2023-11-17T09:46:00-05:00,0.0,7.349999999999994,-952.9599999999311,2023-11-17T10:01:00-05:00,0.0,6.8999999999999915,-52.959999999925394,2023-11-17T10:31:00-05:00,0.0,7.3500000000000085,-952.9599999999596,2023-11-17T11:31:00-05:00,0.0,6.949999999999989,-152.95999999991972,2023-11-17T16:00:00-05:00,0.0,,,2023-11-17T16:15:00-05:00,85500.0,,,2023-11-17T16:15:00-05:00,171900.0,0.025,13697.040000000057,2023-11-20T16:00:00-05:00,0.0,114.0,hit,114.0,hit,4327.0,hit,4409.0,hit,4448.0,hit,4532.0,hit,4534.0,hit,10.0,hit,74.0,hit,0.0,hit,74.0,hit,,never_hit,,never_hit,8.350000000000023,188,True,True,False,False,,8.350000000000023,188,True,True,False,False,,8.350000000000023,188,True,True,False,False,,8.350000000000023,188,True,True,False,False,,4409.0,2023-11-20T11:00:00-05:00,2.799999999999997,8147.040000000064,4410.0,2023-11-20T11:01:00-05:00,2.5,8747.040000000059,4411.0,2023-11-20T11:02:00-05:00,2.6999999999999993,8347.040000000059,4410.0,2023-11-20T11:01:00-05:00,2.5,8747.040000000059,4477.0,2023-11-20T12:08:00-05:00,1.9000000000000004,9947.040000000057,4478.0,2023-11-20T12:09:00-05:00,1.75,10247.040000000059,4479.0,2023-11-20T12:10:00-05:00,1.9000000000000004,9947.040000000057,4478.0,2023-11-20T12:09:00-05:00,1.75,10247.040000000059,4533.0,2023-11-20T13:04:00-05:00,0.5499999999999998,12647.040000000059,4534.0,2023-11-20T13:05:00-05:00,0.44999999999999973,12847.040000000057,4535.0,2023-11-20T13:06:00-05:00,0.42500000000000027,12897.040000000057,4534.0,2023-11-20T13:05:00-05:00,0.44999999999999973,12847.040000000057,4534.0,2023-11-20T13:05:00-05:00,0.44999999999999973,12847.040000000057,4535.0,2023-11-20T13:06:00-05:00,0.42500000000000027,12897.040000000057,4539.0,2023-11-20T13:10:00-05:00,0.34999999999999987,13047.040000000059,4535.0,2023-11-20T13:06:00-05:00,0.42500000000000027,12897.040000000057,1454
2023-11-20,2023-11-22,2,5.0,2023-11-20T09:31:00-05:00,4.949999999999989,NDXP  231122P15950000,NDXP  231122P15940000,development,False,False,0,0,0,9,0,1191,available,False,2023-11-20T09:31:00-05:00,2023-11-22T15:53:00-05:00,0.0,9647.039999999979,7.0,last_observed_quote_not_settlement,1037.0,392,54,5.300000000000011,-952.9600000000448,2023-11-20T09:32:00-05:00,0.0,5.599999999999994,-1552.9600000000107,2023-11-20T09:33:00-05:00,0.0,4.950000000000003,-252.96000000002772,2023-11-20T09:36:00-05:00,0.0,5.299999999999997,-952.9600000000164,2023-11-20T09:41:00-05:00,0.0,5.1499999999999915,-652.960000000005,2023-11-20T09:46:00-05:00,0.0,4.75,147.03999999997797,2023-11-20T10:01:00-05:00,0.0,5.25,-852.9600000000221,2023-11-20T10:31:00-05:00,0.0,4.5,647.0399999999779,2023-11-20T11:31:00-05:00,0.0,2.950000000000003,3747.039999999972,2023-11-20T16:00:00-05:00,0.0,5.0,-352.96000000002203,2023-11-21T16:00:00-05:00,0.0,,,2023-11-22T15:53:00-05:00,420.0,,,,,0.0,hit,0.0,hit,213.0,hit,317.0,hit,2881.0,hit,2882.0,hit,3038.0,hit,2.0,hit,1494.0,hit,1520.0,hit,1545.0,hit,,never_hit,,never_hit,5.799999999999997,59,False,False,False,False,,8.700000000000017,392,True,True,False,False,,8.700000000000017,392,True,True,False,False,,8.700000000000017,392,True,True,False,False,,334.0,2023-11-20T15:05:00-05:00,2.8500000000000085,3947.039999999961,335.0,2023-11-20T15:06:00-05:00,2.9499999999999957,3747.0399999999863,336.0,2023-11-20T15:07:00-05:00,2.8999999999999986,3847.039999999981,335.0,2023-11-20T15:06:00-05:00,2.9499999999999957,3747.0399999999863,2881.0,2023-11-22T09:32:00-05:00,1.25,7147.039999999978,2882.0,2023-11-22T09:33:00-05:00,1.0,7647.039999999978,2883.0,2023-11-22T09:34:00-05:00,1.1999999999999993,7247.039999999979,2882.0,2023-11-22T09:33:00-05:00,1.0,7647.039999999978,2884.0,2023-11-22T09:35:00-05:00,0.8999999999999995,7847.039999999979,2885.0,2023-11-22T09:36:00-05:00,0.7000000000000002,8247.039999999979,2886.0,2023-11-22T09:37:00-05:00,0.5500000000000003,8547.039999999977,2885.0,2023-11-22T09:36:00-05:00,0.7000000000000002,8247.039999999979,3039.0,2023-11-22T12:10:00-05:00,0.44999999999999973,8747.039999999979,3040.0,2023-11-22T12:11:00-05:00,0.44999999999999973,8747.039999999979,3041.0,2023-11-22T12:12:00-05:00,0.3999999999999999,8847.039999999979,3040.0,2023-11-22T12:11:00-05:00,0.44999999999999973,8747.039999999979,1455
2023-11-20,2023-11-22,2,6.0,2023-11-20T09:31:00-05:00,6.0,NDXP  231122P15920000,NDXP  231122P15910000,development,False,False,0,0,0,3,0,1197,available,False,2023-11-20T09:31:00-05:00,2023-11-22T16:00:00-05:00,0.0,11747.04,0.0,last_observed_quote_not_settlement,1036.0,0,0,4.8999999999999915,1947.0400000000177,2023-11-20T09:32:00-05:00,0.0,5.300000000000011,1147.039999999978,2023-11-20T09:33:00-05:00,0.0,4.5,2747.040000000001,2023-11-20T09:36:00-05:00,0.0,4.550000000000011,2647.039999999978,2023-11-20T09:41:00-05:00,0.0,4.700000000000017,2347.0399999999668,2023-11-20T09:46:00-05:00,0.0,4.299999999999997,3147.0400000000063,2023-11-20T10:01:00-05:00,0.0,4.700000000000017,2347.0399999999668,2023-11-20T10:31:00-05:00,0.0,3.9000000000000057,3947.0399999999895,2023-11-20T11:31:00-05:00,0.0,2.549999999999997,6647.040000000006,2023-11-20T16:00:00-05:00,0.0,4.5,2747.040000000001,2023-11-21T16:00:00-05:00,0.0,0.0,11747.04,2023-11-22T16:00:00-05:00,0.0,,,,,1.0,hit,1.0,hit,35.0,hit,218.0,hit,1709.0,hit,1709.0,hit,2884.0,hit,,never_hit,,never_hit,,never_hit,,never_hit,,never_hit,,never_hit,6.0,0,False,False,False,False,,6.0,0,False,False,False,False,,6.0,0,False,False,False,False,,6.0,0,False,False,False,False,,236.0,2023-11-20T13:27:00-05:00,2.8499999999999943,6047.040000000012,240.0,2023-11-20T13:31:00-05:00,2.8499999999999943,6047.040000000012,247.0,2023-11-20T13:38:00-05:00,2.8999999999999986,5947.040000000004,237.0,2023-11-20T13:28:00-05:00,3.049999999999997,5647.040000000006,1709.0,2023-11-21T14:00:00-05:00,0.8499999999999943,10047.040000000014,2881.0,2023-11-22T09:32:00-05:00,0.9499999999999993,9847.040000000003,2882.0,2023-11-22T09:33:00-05:00,0.8499999999999996,10047.040000000003,1710.0,2023-11-21T14:01:00-05:00,4.700000000000017,2347.0399999999668,1709.0,2023-11-21T14:00:00-05:00,0.8499999999999943,10047.040000000014,2882.0,2023-11-22T09:33:00-05:00,0.8499999999999996,10047.040000000003,2883.0,2023-11-22T09:34:00-05:00,0.7500000000000004,10247.039999999999,1710.0,2023-11-21T14:01:00-05:00,4.700000000000017,2347.0399999999668,2885.0,2023-11-22T09:36:00-05:00,0.375,10997.04,2886.0,2023-11-22T09:37:00-05:00,0.2999999999999998,11147.040000000003,2887.0,2023-11-22T09:38:00-05:00,0.2749999999999999,11197.04,2886.0,2023-11-22T09:37:00-05:00,0.2999999999999998,11147.040000000003,1456
2023-11-20,2023-11-22,2,7.0,2023-11-20T09:31:00-05:00,7.150000000000006,NDXP  231122P16000000,NDXP  231122P15990000,development,False,False,0,0,0,0,0,1200,available,False,2023-11-20T09:31:00-05:00,2023-11-22T16:00:00-05:00,0.7,12647.040000000012,0.0,last_observed_quote_not_settlement,1036.0,11,16,6.5,1047.040000000012,2023-11-20T09:32:00-05:00,0.0,6.400000000000006,1247.0400000000006,2023-11-20T09:33:00-05:00,0.0,5.8999999999999915,2247.040000000029,2023-11-20T09:36:00-05:00,0.0,6.349999999999994,1347.0400000000234,2023-11-20T09:41:00-05:00,0.0,6.25,1547.040000000012,2023-11-20T09:46:00-05:00,0.0,5.650000000000006,2747.040000000001,2023-11-20T10:01:00-05:00,0.0,6.400000000000006,1247.0400000000006,2023-11-20T10:31:00-05:00,0.0,5.349999999999994,3347.0400000000236,2023-11-20T11:31:00-05:00,0.0,4.049999999999997,5947.040000000018,2023-11-20T16:00:00-05:00,0.0,5.5,3047.0400000000122,2023-11-21T16:00:00-05:00,0.0,0.7,12647.040000000012,2023-11-22T16:00:00-05:00,0.0,,,,,32.0,hit,93.0,hit,93.0,hit,2880.0,hit,2880.0,hit,2880.0,hit,2880.0,hit,,never_hit,,never_hit,0.0,hit,,never_hit,,never_hit,,never_hit,7.399999999999977,11,True,False,False,False,,7.399999999999977,11,True,False,False,False,,7.399999999999977,11,True,False,False,False,,7.399999999999977,11,True,False,False,False,,2880.0,2023-11-22T09:31:00-05:00,0.04999999999999716,13947.040000000019,2883.0,2023-11-22T09:34:00-05:00,2.299999999999997,9447.040000000019,2884.0,2023-11-22T09:35:00-05:00,1.75,10547.040000000014,2881.0,2023-11-22T09:32:00-05:00,3.0000000000000036,8047.0400000000045,2880.0,2023-11-22T09:31:00-05:00,0.04999999999999716,13947.040000000019,2885.0,2023-11-22T09:36:00-05:00,1.5500000000000007,10947.040000000012,2886.0,2023-11-22T09:37:00-05:00,1.5,11047.040000000014,2881.0,2023-11-22T09:32:00-05:00,3.0000000000000036,8047.0400000000045,2880.0,2023-11-22T09:31:00-05:00,0.04999999999999716,13947.040000000019,3151.0,2023-11-22T14:02:00-05:00,0.7750000000000004,12497.040000000012,3152.0,2023-11-22T14:03:00-05:00,0.7999999999999998,12447.040000000014,2881.0,2023-11-22T09:32:00-05:00,3.0000000000000036,8047.0400000000045,2880.0,2023-11-22T09:31:00-05:00,0.04999999999999716,13947.040000000019,,,,,,,,,2881.0,2023-11-22T09:32:00-05:00,3.0000000000000036,8047.0400000000045,1457
2023-11-21,2023-11-24,3,5.0,2023-11-21T09:31:00-05:00,5.0,NDXP  231124P16040000,NDXP  231124P16030000,development,False,False,0,0,0,51,0,983,available,False,2023-11-21T09:31:00-05:00,2023-11-24T12:36:00-05:00,9.499999999999993,-9252.959999999986,204.0,last_observed_quote_not_settlement,2476.0,793,32,7.549999999999983,-5352.9599999999655,2023-11-21T09:32:00-05:00,0.0,7.450000000000017,-5152.960000000034,2023-11-21T09:33:00-05:00,0.0,6.5,-3252.959999999999,2023-11-21T09:36:00-05:00,0.0,6.3999999999999915,-3052.9599999999823,2023-11-21T09:41:00-05:00,0.0,8.199999999999989,-6652.959999999978,2023-11-21T09:46:00-05:00,0.0,6.949999999999989,-4152.959999999976,2023-11-21T10:01:00-05:00,0.0,7.849999999999994,-5952.959999999988,2023-11-21T10:31:00-05:00,0.0,7.5,-5252.959999999999,2023-11-21T11:31:00-05:00,0.0,7.099999999999994,-4452.959999999988,2023-11-21T16:00:00-05:00,0.0,6.299999999999997,-2852.9599999999937,2023-11-22T16:00:00-05:00,0.0,,,2023-11-22T16:15:00-05:00,85500.0,,,2023-11-24T12:36:00-05:00,12240.0,0.0,hit,0.0,hit,1442.0,hit,1446.0,hit,,never_hit,,never_hit,,never_hit,1.0,hit,1.0,hit,1.0,hit,15.0,hit,4320.0,hit,4364.0,hit,8.950000000000017,404,True,True,False,False,,,,True,True,True,False,2.299999999999997,,,True,True,True,False,2.299999999999997,,,True,True,True,False,2.299999999999997,1447.0,2023-11-22T09:38:00-05:00,2.700000000000003,4347.039999999995,1448.0,2023-11-22T09:39:00-05:00,2.8500000000000014,4047.039999999998,,,,,1448.0,2023-11-22T09:39:00-05:00,2.8500000000000014,4047.039999999998,,,,,,,,,,,,,,,,,,,,,,,,,,,,,,,,,,,,,,,,,,,,,,,,,1458
2023-11-21,2023-11-24,3,6.0,2023-11-21T09:31:00-05:00,5.799999999999997,NDXP  231124P16010000,NDXP  231124P16000000,development,False,False,0,0,0,29,0,1005,available,False,2023-11-21T09:31:00-05:00,2023-11-24T12:59:00-05:00,9.999999999999996,-8552.960000000005,181.0,last_observed_quote_not_settlement,2476.0,475,93,5.5,347.039999999995,2023-11-21T09:32:00-05:00,0.0,6.499999999999986,-1652.9599999999766,2023-11-21T09:33:00-05:00,0.0,5.6499999999999915,47.04000000001208,2023-11-21T09:36:00-05:00,0.0,5.5,347.039999999995,2023-11-21T09:41:00-05:00,0.0,5.8500000000000085,-352.96000000002203,2023-11-21T09:46:00-05:00,0.0,5.700000000000003,-52.96000000001066,2023-11-21T10:01:00-05:00,0.0,6.400000000000006,-1452.9600000000164,2023-11-21T10:31:00-05:00,0.0,6.899999999999977,-2452.9599999999596,2023-11-21T11:31:00-05:00,0.0,5.900000000000006,-452.96000000001635,2023-11-21T16:00:00-05:00,0.0,4.599999999999994,2147.0400000000063,2023-11-22T16:00:00-05:00,0.0,,,2023-11-22T16:15:00-05:00,85500.0,,,2023-11-24T12:59:00-05:00,10860.0,1.0,hit,45.0,hit,1440.0,hit,1444.0,hit,,never_hit,,never_hit,,never_hit,2.0,hit,59.0,hit,61.0,hit,4364.0,hit,4376.0,hit,4443.0,hit,7.400000000000034,293,True,False,False,False,,,,True,True,True,False,3.6000000000000014,,,True,True,True,False,3.6000000000000014,,,True,True,True,False,3.6000000000000014,1444.0,2023-11-22T09:35:00-05:00,2.799999999999997,5747.040000000001,1445.0,2023-11-22T09:36:00-05:00,2.6000000000000014,6147.039999999992,1446.0,2023-11-22T09:37:00-05:00,2.1999999999999957,6947.040000000004,1445.0,2023-11-22T09:36:00-05:00,2.6000000000000014,6147.039999999992,,,,,,,,,,,,,,,,,,,,,,,,,,,,,,,,,,,,,,,,,,,,,,,,,1459
2023-11-21,2023-11-24,3,7.0,2023-11-21T09:31:00-05:00,7.099999999999994,NDXP  231124P16130000,NDXP  231124P16120000,development,False,False,0,0,0,26,0,1008,available,False,2023-11-21T09:31:00-05:00,2023-11-24T13:14:00-05:00,10.0,-5952.960000000011,166.0,last_observed_quote_not_settlement,2476.0,943,23,7.800000000000011,-1652.9600000000335,2023-11-21T09:32:00-05:00,0.0,7.649999999999977,-1352.9599999999652,2023-11-21T09:33:00-05:00,0.0,7.550000000000011,-1152.9600000000335,2023-11-21T09:36:00-05:00,0.0,7.349999999999994,-752.9599999999994,2023-11-21T09:41:00-05:00,0.0,7.7000000000000455,-1452.9600000001017,2023-11-21T09:46:00-05:00,0.0,7.449999999999989,-952.959999999988,2023-11-21T10:01:00-05:00,0.0,8.800000000000011,-3652.960000000035,2023-11-21T10:31:00-05:00,0.0,9.049999999999955,-4152.959999999922,2023-11-21T11:31:00-05:00,0.0,7.25,-552.9600000000107,2023-11-21T16:00:00-05:00,0.0,9.149999999999991,-4352.9599999999955,2023-11-22T16:00:00-05:00,0.0,,,2023-11-22T16:15:00-05:00,85500.0,,,2023-11-24T13:14:00-05:00,9960.0,398.0,hit,398.0,hit,1446.0,hit,,never_hit,,never_hit,,never_hit,,never_hit,1.0,hit,6.0,hit,0.0,hit,6.0,hit,56.0,hit,269.0,hit,,,True,True,True,False,3.299999999999997,,,True,True,True,False,3.299999999999997,,,True,True,True,False,3.299999999999997,,,True,True,True,False,3.299999999999997,,,,,,,,,,,,,,,,,,,,,,,,,,,,,,,,,,,,,,,,,,,,,,,,,,,,,,,,,,,,,,,,,1460
2023-11-22,2023-11-24,2,5.0,2023-11-22T09:31:00-05:00,5.049999999999997,NDXP  231124P16070000,NDXP  231124P16060000,development,False,False,0,0,0,30,0,599,available,False,2023-11-22T09:31:00-05:00,2023-11-24T13:14:00-05:00,10.0,-10052.960000000005,166.0,last_observed_quote_not_settlement,2476.0,547,5,4.75,347.039999999995,2023-11-22T09:32:00-05:00,0.0,4.700000000000003,447.03999999998933,2023-11-22T09:33:00-05:00,0.0,3.700000000000003,2447.0399999999895,2023-11-22T09:36:00-05:00,0.0,3.8999999999999986,2047.0399999999977,2023-11-22T09:41:00-05:00,0.0,3.950000000000003,1947.0399999999893,2023-11-22T09:46:00-05:00,0.0,8.700000000000003,-7552.960000000013,2023-11-22T10:01:00-05:00,0.0,7.0,-4152.960000000005,2023-11-22T10:31:00-05:00,0.0,5.950000000000017,-2052.960000000039,2023-11-22T11:31:00-05:00,0.0,7.549999999999997,-5252.959999999999,2023-11-22T16:00:00-05:00,0.0,,,2023-11-22T16:15:00-05:00,85500.0,,,2023-11-24T13:14:00-05:00,9960.0,,,,,0.0,hit,1.0,hit,5.0,hit,,never_hit,,never_hit,,never_hit,,never_hit,22.0,hit,23.0,hit,26.0,hit,30.0,hit,49.0,hit,2881.0,hit,,,True,True,True,False,1.5,,,True,True,True,False,1.5,,,True,True,True,False,1.5,,,True,True,True,False,1.5,,,,,,,,,,,,,,,,,,,,,,,,,,,,,,,,,,,,,,,,,,,,,,,,,,,,,,,,,,,,,,,,,1461
2023-11-22,2023-11-24,2,6.0,2023-11-22T09:31:00-05:00,6.25,NDXP  231124P15950000,NDXP  231124P15940000,development,False,False,0,0,0,17,0,612,available,False,2023-11-22T09:31:00-05:00,2023-11-24T12:57:00-05:00,0.07500000000000001,12097.04,183.0,last_observed_quote_not_settlement,2476.0,0,0,2.1999999999999993,7847.040000000002,2023-11-22T09:32:00-05:00,0.0,2.1000000000000014,8047.039999999998,2023-11-22T09:33:00-05:00,0.0,1.5,9247.04,2023-11-22T09:36:00-05:00,0.0,1.5500000000000007,9147.04,2023-11-22T09:41:00-05:00,0.0,1.6000000000000014,9047.039999999999,2023-11-22T09:46:00-05:00,0.0,3.6000000000000085,5047.039999999984,2023-11-22T10:01:00-05:00,0.0,2.4999999999999964,7247.040000000008,2023-11-22T10:31:00-05:00,0.0,2.6000000000000014,7047.039999999998,2023-11-22T11:31:00-05:00,0.0,2.3500000000000014,7547.039999999998,2023-11-22T16:00:00-05:00,0.0,,,2023-11-22T16:15:00-05:00,85500.0,,,2023-11-24T12:57:00-05:00,10980.0,,,,,1.0,hit,1.0,hit,1.0,hit,1.0,hit,3.0,hit,3025.0,hit,3049.0,hit,,never_hit,,never_hit,,never_hit,,never_hit,,never_hit,,never_hit,6.25,0,False,False,False,False,,6.25,0,False,False,False,False,,6.25,0,False,False,False,False,,6.25,0,False,False,False,False,,1.0,2023-11-22T09:32:00-05:00,2.1999999999999993,7847.040000000002,2.0,2023-11-22T09:33:00-05:00,2.1000000000000014,8047.039999999998,3.0,2023-11-22T09:34:00-05:00,2.0,8247.04,2.0,2023-11-22T09:33:00-05:00,2.1000000000000014,8047.039999999998,4.0,2023-11-22T09:35:00-05:00,1.7499999999999964,8747.040000000008,5.0,2023-11-22T09:36:00-05:00,1.5,9247.04,6.0,2023-11-22T09:37:00-05:00,1.3000000000000007,9647.04,5.0,2023-11-22T09:36:00-05:00,1.5,9247.04,3025.0,2023-11-24T11:56:00-05:00,0.8749999999999998,10497.04,3026.0,2023-11-24T11:57:00-05:00,0.8750000000000002,10497.04,3045.0,2023-11-24T12:16:00-05:00,0.5999999999999999,11047.040000000003,3026.0,2023-11-24T11:57:00-05:00,0.8750000000000002,10497.04,3065.0,2023-11-24T12:36:00-05:00,0.4,11447.04,3066.0,2023-11-24T12:37:00-05:00,0.44999999999999996,11347.04,3067.0,2023-11-24T12:38:00-05:00,0.4,11447.04,3066.0,2023-11-24T12:37:00-05:00,0.44999999999999996,11347.04,1462
2023-11-22,2023-11-24,2,7.0,2023-11-22T09:31:00-05:00,7.099999999999994,NDXP  231124P16150000,NDXP  231124P16140000,development,False,False,0,0,0,37,0,592,available,False,2023-11-22T09:31:00-05:00,2023-11-24T13:14:00-05:00,10.0,-5952.960000000011,166.0,last_observed_quote_not_settlement,2477.0,539,5,6.900000000000006,147.03999999997797,2023-11-22T09:32:00-05:00,0.0,6.5,947.0399999999893,2023-11-22T09:33:00-05:00,0.0,5.900000000000006,2147.039999999978,2023-11-22T09:36:00-05:00,0.0,4.299999999999997,5347.039999999995,2023-11-22T09:41:00-05:00,0.0,6.25,1447.0399999999893,2023-11-22T09:46:00-05:00,0.0,8.449999999999989,-2952.9599999999896,2023-11-22T10:01:00-05:00,0.0,7.5,-1052.9600000000107,2023-11-22T10:31:00-05:00,0.0,8.400000000000006,-2852.9600000000237,2023-11-22T11:31:00-05:00,0.0,9.899999999999977,-5852.959999999967,2023-11-22T16:00:00-05:00,0.0,,,2023-11-22T16:15:00-05:00,85500.0,,,2023-11-24T13:14:00-05:00,9960.0,,,,,7.0,hit,10.0,hit,,never_hit,,never_hit,,never_hit,,never_hit,,never_hit,22.0,hit,23.0,hit,0.0,hit,22.0,hit,24.0,hit,34.0,hit,,,True,True,True,False,2.799999999999997,,,True,True,True,False,2.799999999999997,,,True,True,True,False,2.799999999999997,,,True,True,True,False,2.799999999999997,,,,,,,,,,,,,,,,,,,,,,,,,,,,,,,,,,,,,,,,,,,,,,,,,,,,,,,,,,,,,,,,,1463
2023-11-24,2023-11-27,3,5.0,2023-11-24T09:31:00-05:00,4.949999999999996,NDXP  231127P15980000,NDXP  231127P15970000,development,False,False,0,0,1,0,0,613,available,False,2023-11-24T09:31:00-05:00,2023-11-27T15:59:00-05:00,9.1,-8552.960000000008,1.0,last_observed_quote_not_settlement,4097.0,168,46,4.649999999999999,347.039999999995,2023-11-24T09:32:00-05:00,0.0,4.299999999999997,1047.039999999998,2023-11-24T09:33:00-05:00,0.0,4.200000000000003,1247.0399999999865,2023-11-24T09:36:00-05:00,0.0,4.550000000000004,547.0399999999836,2023-11-24T09:41:00-05:00,0.0,4.700000000000003,247.03999999998646,2023-11-24T09:46:00-05:00,0.0,4.249999999999993,1147.0400000000063,2023-11-24T10:01:00-05:00,0.0,5.6000000000000085,-1552.9600000000248,2023-11-24T10:31:00-05:00,0.0,5.200000000000003,-752.9600000000136,2023-11-24T11:31:00-05:00,0.0,,,2023-11-24T13:14:00-05:00,9960.0,,,2023-11-24T13:14:00-05:00,96360.0,,,2023-11-24T13:14:00-05:00,182760.0,,,2023-11-27T15:59:00-05:00,60.0,0.0,hit,0.0,hit,3.0,hit,4398.0,hit,4475.0,hit,4526.0,hit,4536.0,hit,46.0,hit,46.0,hit,4707.0,hit,4707.0,hit,4708.0,hit,,never_hit,6.8500000000000085,140,False,False,False,False,,6.8500000000000085,150,False,False,False,False,,6.8500000000000085,150,False,False,False,False,,6.8500000000000085,150,False,False,False,False,,4398.0,2023-11-27T10:49:00-05:00,2.9000000000000004,3847.0399999999913,4457.0,2023-11-27T11:48:00-05:00,2.799999999999999,4047.0399999999945,4458.0,2023-11-27T11:49:00-05:00,2.9499999999999993,3747.0399999999936,4399.0,2023-11-27T10:50:00-05:00,3.25,3147.0399999999922,4476.0,2023-11-27T12:07:00-05:00,1.9000000000000004,5847.039999999992,4477.0,2023-11-27T12:08:00-05:00,1.8500000000000005,5947.039999999991,4478.0,2023-11-27T12:09:00-05:00,1.8499999999999996,5947.039999999993,4477.0,2023-11-27T12:08:00-05:00,1.8500000000000005,5947.039999999991,4532.0,2023-11-27T13:03:00-05:00,0.5499999999999998,8547.039999999994,4533.0,2023-11-27T13:04:00-05:00,0.5249999999999999,8597.039999999992,4534.0,2023-11-27T13:05:00-05:00,0.5250000000000001,8597.039999999992,4533.0,2023-11-27T13:04:00-05:00,0.5249999999999999,8597.039999999992,4688.0,2023-11-27T15:39:00-05:00,0.32500000000000007,8997.039999999994,4689.0,2023-11-27T15:40:00-05:00,0.275,9097.039999999992,4690.0,2023-11-27T15:41:00-05:00,0.32499999999999996,8997.039999999994,4689.0,2023-11-27T15:40:00-05:00,0.275,9097.039999999992,1464
2023-11-24,2023-11-27,3,6.0,2023-11-24T09:31:00-05:00,6.150000000000006,NDXP  231127P16020000,NDXP  231127P16010000,development,False,False,0,0,0,7,0,606,available,False,2023-11-24T09:31:00-05:00,2023-11-27T15:58:00-05:00,9.950000000000003,-7852.959999999988,2.0,last_observed_quote_not_settlement,4097.0,327,44,5.799999999999997,447.04000000001776,2023-11-24T09:32:00-05:00,0.0,5.650000000000006,747.0400000000006,2023-11-24T09:33:00-05:00,0.0,5.0,2047.0400000000122,2023-11-24T09:36:00-05:00,0.0,6.0,47.04000000001208,2023-11-24T09:41:00-05:00,0.0,5.75,547.040000000012,2023-11-24T09:46:00-05:00,0.0,5.650000000000006,747.0400000000006,2023-11-24T10:01:00-05:00,0.0,6.549999999999997,-1052.9599999999823,2023-11-24T10:31:00-05:00,0.0,5.999999999999986,47.0400000000405,2023-11-24T11:31:00-05:00,0.0,,,2023-11-24T13:14:00-05:00,9960.0,,,2023-11-24T13:14:00-05:00,96360.0,,,2023-11-24T13:14:00-05:00,182760.0,,,2023-11-27T15:58:00-05:00,120.0,3.0,hit,3.0,hit,4514.0,hit,4532.0,hit,,never_hit,,never_hit,,never_hit,46.0,hit,4322.0,hit,86.0,hit,4629.0,hit,4634.0,hit,4634.0,hit,7.950000000000003,236,True,False,False,False,,,,True,True,True,False,4.100000000000005,,,True,True,True,False,4.100000000000005,,,True,True,True,False,4.100000000000005,4532.0,2023-11-27T13:03:00-05:00,2.3,7447.040000000013,4533.0,2023-11-27T13:04:00-05:00,2.5,7047.040000000012,4534.0,2023-11-27T13:05:00-05:00,2.4000000000000004,7247.040000000011,4533.0,2023-11-27T13:04:00-05:00,2.5,7047.040000000012,,,,,,,,,,,,,,,,,,,,,,,,,,,,,,,,,,,,,,,,,,,,,,,,,1465
2023-11-24,2023-11-27,3,7.0,2023-11-24T09:31:00-05:00,7.0,NDXP  231127P16050000,NDXP  231127P16040000,development,False,False,0,0,0,9,0,604,available,False,2023-11-24T09:31:00-05:00,2023-11-27T15:59:00-05:00,9.600000000000009,-5452.960000000018,1.0,last_observed_quote_not_settlement,4097.0,449,59,6.749999999999986,247.0400000000291,2023-11-24T09:32:00-05:00,0.0,6.299999999999983,1147.0400000000348,2023-11-24T09:33:00-05:00,0.0,6.299999999999983,1147.0400000000348,2023-11-24T09:36:00-05:00,0.0,7.099999999999994,-452.95999999998793,2023-11-24T09:41:00-05:00,0.0,6.799999999999997,147.0400000000064,2023-11-24T09:46:00-05:00,0.0,6.349999999999994,1047.040000000012,2023-11-24T10:01:00-05:00,0.0,7.450000000000017,-1152.9600000000335,2023-11-24T10:31:00-05:00,0.0,7.400000000000006,-1052.9600000000107,2023-11-24T11:31:00-05:00,0.0,,,2023-11-24T13:14:00-05:00,9960.0,,,2023-11-24T13:14:00-05:00,96360.0,,,2023-11-24T13:14:00-05:00,182760.0,,,2023-11-27T15:59:00-05:00,60.0,4532.0,hit,4537.0,hit,,never_hit,,never_hit,,never_hit,,never_hit,,never_hit,56.0,hit,4322.0,hit,0.0,hit,4322.0,hit,4349.0,hit,4606.0,hit,,,True,True,True,False,2.4499999999999957,,,True,True,True,False,2.4499999999999957,,,True,True,True,False,2.4499999999999957,,,True,True,True,False,2.4499999999999957,,,,,,,,,,,,,,,,,,,,,,,,,,,,,,,,,,,,,,,,,,,,,,,,,,,,,,,,,,,,,,,,,1466
2023-11-27,2023-11-29,2,5.0,2023-11-27T09:31:00-05:00,4.8999999999999915,NDXP  231129P16030000,NDXP  231129P16020000,development,False,False,0,0,0,8,15,1192,available,False,2023-11-27T09:31:00-05:00,2023-11-29T16:00:00-05:00,6.0,-2452.9600000000164,0.0,last_observed_quote_not_settlement,1036.0,814,61,5.599999999999994,-1652.960000000005,2023-11-27T09:32:00-05:00,0.0,7.050000000000011,-4552.960000000039,2023-11-27T09:33:00-05:00,0.0,6.300000000000011,-3052.960000000039,2023-11-27T09:36:00-05:00,0.0,6.199999999999989,-2852.9599999999937,2023-11-27T09:41:00-05:00,0.0,6.200000000000017,-2852.9600000000505,2023-11-27T09:46:00-05:00,0.0,6.700000000000003,-3852.960000000022,2023-11-27T10:01:00-05:00,0.0,5.25,-952.9600000000164,2023-11-27T10:31:00-05:00,0.0,5.300000000000011,-1052.9600000000391,2023-11-27T11:31:00-05:00,0.0,5.6499999999999915,-1752.9599999999994,2023-11-27T16:00:00-05:00,0.0,5.550000000000004,-1552.9600000000248,2023-11-28T16:00:00-05:00,0.0,6.0,-2452.9600000000164,2023-11-29T16:00:00-05:00,0.0,,,,,0.0,hit,0.0,hit,2880.0,hit,2880.0,hit,2880.0,hit,2882.0,hit,2898.0,hit,1.0,hit,2.0,hit,2.0,hit,3226.0,hit,3233.0,hit,3235.0,hit,7.700000000000003,697,True,False,False,False,,7.700000000000003,697,True,False,False,False,,7.700000000000003,697,True,False,False,False,,7.700000000000003,697,True,False,False,False,,2880.0,2023-11-29T09:31:00-05:00,1.4499999999999993,6647.039999999985,2881.0,2023-11-29T09:32:00-05:00,1.3000000000000007,6947.039999999982,2882.0,2023-11-29T09:33:00-05:00,1.0,7547.039999999984,2881.0,2023-11-29T09:32:00-05:00,1.3000000000000007,6947.039999999982,2880.0,2023-11-29T09:31:00-05:00,1.4499999999999993,6647.039999999985,2881.0,2023-11-29T09:32:00-05:00,1.3000000000000007,6947.039999999982,2882.0,2023-11-29T09:33:00-05:00,1.0,7547.039999999984,2881.0,2023-11-29T09:32:00-05:00,1.3000000000000007,6947.039999999982,2884.0,2023-11-29T09:35:00-05:00,0.8500000000000005,7847.039999999983,2885.0,2023-11-29T09:36:00-05:00,0.8000000000000007,7947.039999999982,2886.0,2023-11-29T09:37:00-05:00,0.7000000000000002,8147.039999999984,2885.0,2023-11-29T09:36:00-05:00,0.8000000000000007,7947.039999999982,2912.0,2023-11-29T10:03:00-05:00,0.44999999999999973,8647.039999999985,,,,,,,,,2913.0,2023-11-29T10:04:00-05:00,0.75,8047.039999999984,1467
2023-11-27,2023-11-29,2,6.0,2023-11-27T09:31:00-05:00,6.099999999999994,NDXP  231129P16090000,NDXP  231129P16080000,development,False,False,0,0,0,16,15,1184,available,False,2023-11-27T09:31:00-05:00,2023-11-29T16:00:00-05:00,10.0,-7952.960000000011,0.0,last_observed_quote_not_settlement,1036.0,1060,27,6.25,-552.9600000000107,2023-11-27T09:32:00-05:00,0.0,6.75,-1552.9600000000107,2023-11-27T09:33:00-05:00,0.0,7.650000000000034,-3352.9600000000787,2023-11-27T09:36:00-05:00,0.0,7.300000000000011,-2652.9600000000332,2023-11-27T09:41:00-05:00,0.0,7.199999999999989,-2452.9599999999878,2023-11-27T09:46:00-05:00,0.0,7.5,-3052.9600000000105,2023-11-27T10:01:00-05:00,0.0,7.000000000000028,-2052.9600000000673,2023-11-27T10:31:00-05:00,0.0,6.950000000000017,-1952.9600000000448,2023-11-27T11:31:00-05:00,0.0,8.099999999999994,-4252.960000000001,2023-11-27T16:00:00-05:00,0.0,7.650000000000006,-3352.960000000022,2023-11-28T16:00:00-05:00,0.0,10.0,-7952.960000000011,2023-11-29T16:00:00-05:00,0.0,,,,,212.0,hit,2880.0,hit,2880.0,hit,2882.0,hit,2886.0,hit,,never_hit,,never_hit,2.0,hit,3.0,hit,3.0,hit,54.0,hit,1451.0,hit,3153.0,hit,9.199999999999989,777,True,True,True,True,,9.199999999999989,777,True,True,True,True,,,,True,True,True,False,4.549999999999994,,,True,True,True,False,4.549999999999994,2882.0,2023-11-29T09:33:00-05:00,2.650000000000002,6647.039999999985,2883.0,2023-11-29T09:34:00-05:00,2.4499999999999993,7047.039999999991,2884.0,2023-11-29T09:35:00-05:00,2.1000000000000014,7747.039999999986,2883.0,2023-11-29T09:34:00-05:00,2.4499999999999993,7047.039999999991,2886.0,2023-11-29T09:37:00-05:00,1.8500000000000014,8247.039999999988,2889.0,2023-11-29T09:40:00-05:00,1.9499999999999993,8047.039999999991,2898.0,2023-11-29T09:49:00-05:00,1.8499999999999979,8247.039999999994,2887.0,2023-11-29T09:38:00-05:00,2.0,7947.039999999989,,,,,,,,,,,,,,,,,,,,,,,,,,,,,,,,,1468
2023-11-27,2023-11-29,2,7.0,2023-11-27T09:31:00-05:00,6.950000000000003,NDXP  231129P16080000,NDXP  231129P16070000,development,False,False,0,0,0,30,15,1170,available,False,2023-11-27T09:31:00-05:00,2023-11-29T16:00:00-05:00,10.0,-6252.959999999994,0.0,last_observed_quote_not_settlement,1036.0,655,81,7.150000000000006,-652.960000000005,2023-11-27T09:32:00-05:00,0.0,7.949999999999989,-2252.959999999971,2023-11-27T09:33:00-05:00,0.0,7.049999999999983,-452.9599999999595,2023-11-27T09:36:00-05:00,0.0,7.25,-852.9599999999937,2023-11-27T09:41:00-05:00,0.0,7.400000000000006,-1152.960000000005,2023-11-27T09:46:00-05:00,0.0,6.450000000000017,747.0399999999722,2023-11-27T10:01:00-05:00,0.0,6.799999999999997,47.04000000001208,2023-11-27T10:31:00-05:00,0.0,6.799999999999997,47.04000000001208,2023-11-27T11:31:00-05:00,0.0,7.400000000000006,-1152.960000000005,2023-11-27T16:00:00-05:00,0.0,7.349999999999994,-1052.9599999999823,2023-11-28T16:00:00-05:00,0.0,10.0,-6252.959999999994,2023-11-29T16:00:00-05:00,0.0,,,,,205.0,hit,2880.0,hit,2880.0,hit,2880.0,hit,2884.0,hit,,never_hit,,never_hit,2.0,hit,8.0,hit,1.0,hit,8.0,hit,1793.0,hit,3183.0,hit,9.049999999999997,452,True,True,True,True,,9.049999999999997,452,True,True,True,True,,,,True,True,True,False,5.650000000000004,,,True,True,True,False,5.650000000000004,2881.0,2023-11-29T09:32:00-05:00,2.8000000000000007,8047.0400000000045,2882.0,2023-11-29T09:33:00-05:00,2.25,9147.040000000008,2883.0,2023-11-29T09:34:00-05:00,2.1999999999999993,9247.040000000008,2882.0,2023-11-29T09:33:00-05:00,2.25,9147.040000000008,2884.0,2023-11-29T09:35:00-05:00,1.9499999999999993,9747.040000000008,2885.0,2023-11-29T09:36:00-05:00,1.75,10147.040000000008,2886.0,2023-11-29T09:37:00-05:00,1.6999999999999993,10247.040000000008,2885.0,2023-11-29T09:36:00-05:00,1.75,10147.040000000008,,,,,,,,,,,,,,,,,,,,,,,,,,,,,,,,,1469
2023-11-27,2023-11-30,3,5.0,2023-11-27T09:31:00-05:00,5.0,NDXP  231130P16030000,NDXP  231130P16020000,development,False,False,0,0,0,76,0,1529,available,False,2023-11-27T09:31:00-05:00,2023-11-30T16:00:00-05:00,9.849999999999994,-9952.959999999988,0.0,last_observed_quote_not_settlement,1036.0,918,98,5.300000000000011,-852.9600000000221,2023-11-27T09:32:00-05:00,0.0,5.699999999999989,-1652.9599999999766,2023-11-27T09:33:00-05:00,0.0,6.549999999999983,-3352.959999999965,2023-11-27T09:36:00-05:00,0.0,5.849999999999994,-1952.959999999988,2023-11-27T09:41:00-05:00,0.0,5.25,-752.9599999999994,2023-11-27T09:46:00-05:00,0.0,5.849999999999994,-1952.959999999988,2023-11-27T10:01:00-05:00,0.0,5.449999999999989,-1152.9599999999766,2023-11-27T10:31:00-05:00,0.0,5.050000000000011,-352.96000000002203,2023-11-27T11:31:00-05:00,0.0,3.5999999999999943,2547.0400000000122,2023-11-27T16:00:00-05:00,0.0,4.900000000000006,-52.96000000001066,2023-11-28T16:00:00-05:00,0.0,5.699999999999989,-1652.9599999999766,2023-11-29T16:00:00-05:00,0.0,9.849999999999994,-9952.959999999988,2023-11-30T16:00:00-05:00,0.0,0.0,hit,0.0,hit,54.0,hit,2880.0,hit,2882.0,hit,,never_hit,,never_hit,2.0,hit,3.0,hit,1464.0,hit,4332.0,hit,4352.0,hit,4388.0,hit,7.799999999999997,557,True,False,False,False,,7.799999999999997,557,True,False,False,False,,,,True,True,True,False,3.450000000000003,,,True,True,True,False,3.450000000000003,2880.0,2023-11-29T09:31:00-05:00,2.5500000000000043,4647.039999999992,2881.0,2023-11-29T09:32:00-05:00,2.450000000000003,4847.039999999995,2882.0,2023-11-29T09:33:00-05:00,1.9499999999999993,5847.040000000002,2881.0,2023-11-29T09:32:00-05:00,2.450000000000003,4847.039999999995,2882.0,2023-11-29T09:33:00-05:00,1.9499999999999993,5847.040000000002,2886.0,2023-11-29T09:37:00-05:00,1.8000000000000007,6147.039999999999,2887.0,2023-11-29T09:38:00-05:00,1.8000000000000007,6147.039999999999,2883.0,2023-11-29T09:34:00-05:00,2.1499999999999986,5447.040000000004,,,,,,,,,,,,,,,,,,,,,,,,,,,,,,,,,1470
2023-11-27,2023-11-30,3,6.0,2023-11-27T09:31:00-05:00,6.149999999999977,NDXP  231130P16070000,NDXP  231130P16060000,development,False,False,0,0,0,80,0,1525,available,False,2023-11-27T09:31:00-05:00,2023-11-30T16:00:00-05:00,10.0,-7852.9600000000455,0.0,last_observed_quote_not_settlement,1036.0,836,111,5.850000000000023,347.03999999990975,2023-11-27T09:32:00-05:00,0.0,5.849999999999994,347.0399999999666,2023-11-27T09:33:00-05:00,0.0,6.949999999999989,-1852.960000000022,2023-11-27T09:36:00-05:00,0.0,6.5,-952.9600000000448,2023-11-27T09:41:00-05:00,0.0,7.0,-1952.9600000000448,2023-11-27T09:46:00-05:00,0.0,6.350000000000023,-652.9600000000903,2023-11-27T10:01:00-05:00,0.0,6.200000000000003,-352.96000000005046,2023-11-27T10:31:00-05:00,0.0,6.050000000000011,-52.9600000000675,2023-11-27T11:31:00-05:00,0.0,7.349999999999994,-2652.9600000000332,2023-11-27T16:00:00-05:00,0.0,6.450000000000003,-852.9600000000505,2023-11-28T16:00:00-05:00,0.0,7.300000000000011,-2552.9600000000673,2023-11-29T16:00:00-05:00,0.0,10.0,-7852.9600000000455,2023-11-30T16:00:00-05:00,0.0,32.0,hit,71.0,hit,2880.0,hit,2882.0,hit,,never_hit,,never_hit,,never_hit,4.0,hit,6.0,hit,6.0,hit,1455.0,hit,4333.0,hit,4336.0,hit,8.0,479,True,True,False,False,,,,True,True,True,False,3.7999999999999794,,,True,True,True,False,3.7999999999999794,,,True,True,True,False,3.7999999999999794,2882.0,2023-11-29T09:33:00-05:00,2.899999999999995,6247.039999999965,2883.0,2023-11-29T09:34:00-05:00,2.6999999999999993,6647.039999999956,2884.0,2023-11-29T09:35:00-05:00,2.799999999999997,6447.039999999961,2883.0,2023-11-29T09:34:00-05:00,2.6999999999999993,6647.039999999956,,,,,,,,,,,,,,,,,,,,,,,,,,,,,,,,,,,,,,,,,,,,,,,,,1471
2023-11-27,2023-11-30,3,7.0,2023-11-27T09:31:00-05:00,7.149999999999977,NDXP  231130P16160000,NDXP  231130P16150000,development,False,False,0,0,0,72,0,1533,available,False,2023-11-27T09:31:00-05:00,2023-11-30T16:00:00-05:00,9.949999999999989,-5852.960000000024,0.0,last_observed_quote_not_settlement,1036.0,1342,54,7.650000000000006,-1252.9600000000562,2023-11-27T09:32:00-05:00,0.0,8.150000000000006,-2252.960000000058,2023-11-27T09:33:00-05:00,0.0,8.599999999999994,-3152.960000000035,2023-11-27T09:36:00-05:00,0.0,7.900000000000006,-1752.9600000000562,2023-11-27T09:41:00-05:00,0.0,8.149999999999977,-2252.960000000001,2023-11-27T09:46:00-05:00,0.0,9.149999999999977,-4252.960000000001,2023-11-27T10:01:00-05:00,0.0,7.75,-1452.9600000000448,2023-11-27T10:31:00-05:00,0.0,7.75,-1452.9600000000448,2023-11-27T11:31:00-05:00,0.0,9.050000000000011,-4052.960000000069,2023-11-27T16:00:00-05:00,0.0,8.699999999999989,-3352.9600000000237,2023-11-28T16:00:00-05:00,0.0,9.449999999999989,-4852.960000000024,2023-11-29T16:00:00-05:00,0.0,9.949999999999989,-5852.960000000024,2023-11-30T16:00:00-05:00,0.0,2882.0,hit,2884.0,hit,,never_hit,,never_hit,,never_hit,,never_hit,,never_hit,1.0,hit,2.0,hit,0.0,hit,2.0,hit,30.0,hit,1661.0,hit,,,True,True,True,False,2.84999999999998,,,True,True,True,False,2.84999999999998,,,True,True,True,False,2.84999999999998,,,True,True,True,False,2.84999999999998,,,,,,,,,,,,,,,,,,,,,,,,,,,,,,,,,,,,,,,,,,,,,,,,,,,,,,,,,,,,,,,,,1472
2023-11-28,2023-11-30,2,5.0,2023-11-28T09:31:00-05:00,4.999999999999986,NDXP  231130P15960000,NDXP  231130P15950000,development,False,False,0,0,0,45,15,1155,available,False,2023-11-28T09:31:00-05:00,2023-11-30T16:00:00-05:00,7.55,-5352.960000000027,0.0,last_observed_quote_not_settlement,1036.0,329,32,5.099999999999994,-452.96000000001635,2023-11-28T09:32:00-05:00,0.0,4.699999999999989,347.039999999995,2023-11-28T09:33:00-05:00,0.0,4.349999999999994,1047.0399999999836,2023-11-28T09:36:00-05:00,0.0,4.450000000000003,847.0399999999665,2023-11-28T09:41:00-05:00,0.0,5.200000000000003,-652.9600000000335,2023-11-28T09:46:00-05:00,0.0,5.049999999999997,-352.96000000002203,2023-11-28T10:01:00-05:00,0.0,4.799999999999997,147.03999999997797,2023-11-28T10:31:00-05:00,0.0,3.6499999999999986,2447.039999999975,2023-11-28T11:31:00-05:00,0.0,3.3999999999999986,2947.039999999975,2023-11-28T16:00:00-05:00,0.0,3.6999999999999957,2347.039999999981,2023-11-29T16:00:00-05:00,0.0,7.55,-5352.960000000027,2023-11-30T16:00:00-05:00,0.0,,,,,0.0,hit,0.0,hit,72.0,hit,1440.0,hit,1440.0,hit,1444.0,hit,,never_hit,317.0,hit,317.0,hit,2912.0,hit,2920.0,hit,2957.0,hit,3017.0,hit,6.399999999999999,27,False,False,False,False,,6.399999999999999,27,False,False,False,False,,6.399999999999999,27,False,False,False,False,,,,True,True,True,False,4.249999999999984,1440.0,2023-11-29T09:31:00-05:00,1.299999999999999,7147.0399999999745,1441.0,2023-11-29T09:32:00-05:00,1.25,7247.039999999973,1442.0,2023-11-29T09:33:00-05:00,1.0999999999999996,7547.039999999973,1441.0,2023-11-29T09:32:00-05:00,1.25,7247.039999999973,1440.0,2023-11-29T09:31:00-05:00,1.299999999999999,7147.0399999999745,1441.0,2023-11-29T09:32:00-05:00,1.25,7247.039999999973,1442.0,2023-11-29T09:33:00-05:00,1.0999999999999996,7547.039999999973,1441.0,2023-11-29T09:32:00-05:00,1.25,7247.039999999973,1445.0,2023-11-29T09:36:00-05:00,0.9499999999999993,7847.039999999974,1446.0,2023-11-29T09:37:00-05:00,0.9000000000000004,7947.039999999972,1454.0,2023-11-29T09:45:00-05:00,0.9499999999999993,7847.039999999974,1446.0,2023-11-29T09:37:00-05:00,0.9000000000000004,7947.039999999972,,,,,,,,,,,,,,,,,1473
2023-11-28,2023-11-30,2,6.0,2023-11-28T09:31:00-05:00,5.8999999999999915,NDXP  231130P16000000,NDXP  231130P15990000,development,False,False,0,0,0,36,15,1164,available,False,2023-11-28T09:31:00-05:00,2023-11-30T16:00:00-05:00,10.0,-8352.960000000015,0.0,last_observed_quote_not_settlement,1036.0,340,31,5.599999999999994,347.039999999995,2023-11-28T09:32:00-05:00,0.0,5.250000000000014,1047.0399999999552,2023-11-28T09:33:00-05:00,0.0,5.249999999999986,1047.040000000012,2023-11-28T09:36:00-05:00,0.0,5.3999999999999915,747.0400000000006,2023-11-28T09:41:00-05:00,0.0,5.100000000000023,1347.0399999999381,2023-11-28T09:46:00-05:00,0.0,5.8500000000000085,-152.9600000000334,2023-11-28T10:01:00-05:00,0.0,5.849999999999994,-152.96000000000498,2023-11-28T10:31:00-05:00,0.0,4.6499999999999915,2247.040000000001,2023-11-28T11:31:00-05:00,0.0,4.300000000000004,2947.039999999975,2023-11-28T16:00:00-05:00,0.0,4.75,2047.0399999999836,2023-11-29T16:00:00-05:00,0.0,10.0,-8352.960000000015,2023-11-30T16:00:00-05:00,0.0,,,,,2.0,hit,70.0,hit,71.0,hit,71.0,hit,1440.0,hit,,never_hit,,never_hit,14.0,hit,2893.0,hit,2893.0,hit,2909.0,hit,2948.0,hit,2953.0,hit,6.849999999999994,16,False,False,False,False,,6.849999999999994,25,False,False,False,False,,,,True,True,True,False,4.6499999999999915,,,True,True,True,False,4.6499999999999915,71.0,2023-11-28T10:42:00-05:00,2.8000000000000114,5947.039999999961,1441.0,2023-11-29T09:32:00-05:00,2.0,7547.039999999984,1442.0,2023-11-29T09:33:00-05:00,1.75,8047.039999999984,72.0,2023-11-28T10:43:00-05:00,4.750000000000014,2047.0399999999554,1440.0,2023-11-29T09:31:00-05:00,1.9499999999999993,7647.039999999985,1443.0,2023-11-29T09:34:00-05:00,1.5500000000000043,8447.039999999975,1444.0,2023-11-29T09:35:00-05:00,1.3500000000000014,8847.03999999998,1441.0,2023-11-29T09:32:00-05:00,2.0,7547.039999999984,,,,,,,,,,,,,,,,,,,,,,,,,,,,,,,,,1474
2023-11-28,2023-11-30,2,7.0,2023-11-28T09:31:00-05:00,7.099999999999994,NDXP  231130P16040000,NDXP  231130P16030000,development,False,False,0,0,0,65,15,1135,available,False,2023-11-28T09:31:00-05:00,2023-11-30T15:59:00-05:00,9.550000000000011,-5152.9600000000355,1.0,last_observed_quote_not_settlement,1036.0,275,23,6.799999999999997,347.039999999995,2023-11-28T09:32:00-05:00,0.0,6.349999999999994,1247.0400000000006,2023-11-28T09:33:00-05:00,0.0,6.099999999999994,1747.0400000000006,2023-11-28T09:36:00-05:00,0.0,6.450000000000003,1047.0399999999836,2023-11-28T09:41:00-05:00,0.0,6.900000000000006,147.03999999997797,2023-11-28T09:46:00-05:00,0.0,8.09999999999998,-2252.9599999999728,2023-11-28T10:01:00-05:00,0.0,6.449999999999989,1047.040000000012,2023-11-28T10:31:00-05:00,0.0,5.400000000000006,3147.039999999978,2023-11-28T11:31:00-05:00,0.0,5.849999999999994,2247.040000000001,2023-11-28T16:00:00-05:00,0.0,6.599999999999994,747.0400000000006,2023-11-29T16:00:00-05:00,0.0,,,2023-11-30T15:59:00-05:00,60.0,,,,,71.0,hit,71.0,hit,71.0,hit,71.0,hit,1446.0,hit,,never_hit,,never_hit,14.0,hit,210.0,hit,0.0,hit,30.0,hit,2910.0,hit,2913.0,hit,8.09999999999998,6,True,True,False,False,,8.350000000000009,9,True,True,False,False,,,,True,True,True,False,5.299999999999997,,,True,True,True,False,5.299999999999997,71.0,2023-11-28T10:42:00-05:00,2.75,8447.03999999999,1441.0,2023-11-29T09:32:00-05:00,2.6999999999999993,8547.039999999992,1442.0,2023-11-29T09:33:00-05:00,2.3000000000000007,9347.039999999988,72.0,2023-11-28T10:43:00-05:00,5.699999999999989,2547.0400000000122,1446.0,2023-11-29T09:37:00-05:00,1.9499999999999993,10047.039999999992,1464.0,2023-11-29T09:55:00-05:00,1.8499999999999979,10247.039999999994,1465.0,2023-11-29T09:56:00-05:00,1.8500000000000014,10247.039999999988,1447.0,2023-11-29T09:38:00-05:00,2.0500000000000007,9847.039999999988,,,,,,,,,,,,,,,,,,,,,,,,,,,,,,,,,1475
2023-11-28,2023-12-01,3,5.0,2023-11-28T09:31:00-05:00,5.049999999999997,NDXP  231201P15980000,NDXP  231201P15970000,development,False,False,0,0,0,2,0,1603,available,False,2023-11-28T09:31:00-05:00,2023-12-01T15:58:00-05:00,0.15000000000000005,9547.039999999995,2.0,last_observed_quote_not_settlement,1036.0,666,79,5.1499999999999915,-452.95999999998793,2023-11-28T09:32:00-05:00,0.0,4.950000000000003,-52.96000000001066,2023-11-28T09:33:00-05:00,0.0,4.450000000000003,947.0399999999893,2023-11-28T09:36:00-05:00,0.0,4.950000000000003,-52.96000000001066,2023-11-28T09:41:00-05:00,0.0,5.3500000000000085,-852.9600000000221,2023-11-28T09:46:00-05:00,0.0,5.550000000000011,-1252.9600000000278,2023-11-28T10:01:00-05:00,0.0,5.050000000000011,-252.96000000002772,2023-11-28T10:31:00-05:00,0.0,4.25,1347.039999999995,2023-11-28T11:31:00-05:00,0.0,4.049999999999997,1747.0400000000006,2023-11-28T16:00:00-05:00,0.0,4.199999999999989,1447.0400000000177,2023-11-29T16:00:00-05:00,0.0,5.599999999999994,-1352.9599999999937,2023-11-30T16:00:00-05:00,0.0,,,2023-12-01T15:58:00-05:00,120.0,0.0,hit,2.0,hit,74.0,hit,121.0,hit,1442.0,hit,4702.0,hit,4705.0,hit,18.0,hit,71.0,hit,71.0,hit,3028.0,hit,4379.0,hit,4410.0,hit,7.5,46,True,False,False,False,,7.5,69,True,False,False,False,,9.899999999999991,665,True,True,True,True,,9.899999999999991,666,True,True,True,True,,121.0,2023-11-28T11:32:00-05:00,2.8999999999999915,4047.040000000012,1441.0,2023-11-29T09:32:00-05:00,2.1499999999999986,5547.039999999998,1442.0,2023-11-29T09:33:00-05:00,1.8999999999999986,6047.039999999998,122.0,2023-11-28T11:33:00-05:00,3.9000000000000057,2047.0399999999836,1442.0,2023-11-29T09:33:00-05:00,1.8999999999999986,6047.039999999998,1443.0,2023-11-29T09:34:00-05:00,1.9000000000000057,6047.039999999984,1444.0,2023-11-29T09:35:00-05:00,1.8000000000000007,6247.039999999994,1443.0,2023-11-29T09:34:00-05:00,1.9000000000000057,6047.039999999984,4705.0,2023-12-01T15:56:00-05:00,0.22499999999999998,9397.039999999995,4706.0,2023-12-01T15:57:00-05:00,0.5249999999999999,8797.039999999995,4707.0,2023-12-01T15:58:00-05:00,0.15000000000000005,9547.039999999995,4706.0,2023-12-01T15:57:00-05:00,0.5249999999999999,8797.039999999995,4705.0,2023-12-01T15:56:00-05:00,0.22499999999999998,9397.039999999995,,,,,,,,,4706.0,2023-12-01T15:57:00-05:00,0.5249999999999999,8797.039999999995,1476
2023-11-28,2023-12-01,3,6.0,2023-11-28T09:31:00-05:00,5.849999999999994,NDXP  231201P16010000,NDXP  231201P16000000,development,False,False,0,0,0,0,0,1605,available,False,2023-11-28T09:31:00-05:00,2023-12-01T16:00:00-05:00,7.75,-4052.9600000000105,0.0,last_observed_quote_not_settlement,1036.0,763,54,6.3999999999999915,-1352.9599999999937,2023-11-28T09:32:00-05:00,0.0,5.5,447.03999999998933,2023-11-28T09:33:00-05:00,0.0,5.25,947.0399999999893,2023-11-28T09:36:00-05:00,0.0,5.299999999999997,847.039999999995,2023-11-28T09:41:00-05:00,0.0,5.049999999999997,1347.039999999995,2023-11-28T09:46:00-05:00,0.0,5.349999999999994,747.0400000000006,2023-11-28T10:01:00-05:00,0.0,5.849999999999994,-252.9599999999993,2023-11-28T10:31:00-05:00,0.0,4.749999999999986,1947.0400000000177,2023-11-28T11:31:00-05:00,0.0,4.450000000000003,2547.0399999999836,2023-11-28T16:00:00-05:00,0.0,5.0,1447.0399999999893,2023-11-29T16:00:00-05:00,0.0,5.999999999999986,-552.9599999999823,2023-11-30T16:00:00-05:00,0.0,7.75,-4052.9600000000105,2023-12-01T16:00:00-05:00,0.0,2.0,hit,13.0,hit,379.0,hit,1440.0,hit,1450.0,hit,,never_hit,,never_hit,1.0,hit,27.0,hit,2912.0,hit,2956.0,hit,3120.0,hit,4380.0,hit,6.949999999999989,19,False,False,False,False,,6.949999999999989,19,False,False,False,False,,,,True,True,True,False,4.04999999999999,,,True,True,True,False,4.04999999999999,1440.0,2023-11-29T09:31:00-05:00,2.549999999999997,6347.039999999995,1441.0,2023-11-29T09:32:00-05:00,2.5999999999999943,6247.040000000001,1442.0,2023-11-29T09:33:00-05:00,2.3499999999999943,6747.040000000001,1441.0,2023-11-29T09:32:00-05:00,2.5999999999999943,6247.040000000001,1457.0,2023-11-29T09:48:00-05:00,1.9499999999999957,7547.039999999998,,,,,,,,,1458.0,2023-11-29T09:49:00-05:00,2.0,7447.039999999989,,,,,,,,,,,,,,,,,,,,,,,,,,,,,,,,,1477
2023-11-28,2023-12-01,3,7.0,2023-11-28T09:31:00-05:00,7.050000000000011,NDXP  231201P16080000,NDXP  231201P16070000,development,False,False,0,0,0,45,0,1560,available,False,2023-11-28T09:31:00-05:00,2023-12-01T16:00:00-05:00,10.0,-6052.959999999977,0.0,last_observed_quote_not_settlement,1036.0,725,60,7.649999999999977,-1452.9599999999311,2023-11-28T09:32:00-05:00,0.0,6.800000000000011,247.04000000000067,2023-11-28T09:33:00-05:00,0.0,7.0,-152.95999999997656,2023-11-28T09:36:00-05:00,0.0,6.800000000000011,247.04000000000067,2023-11-28T09:41:00-05:00,0.0,6.75,347.04000000002344,2023-11-28T09:46:00-05:00,0.0,6.949999999999989,-52.959999999953816,2023-11-28T10:01:00-05:00,0.0,6.899999999999977,47.04000000006892,2023-11-28T10:31:00-05:00,0.0,5.8999999999999915,2047.0400000000404,2023-11-28T11:31:00-05:00,0.0,5.799999999999997,2247.040000000029,2023-11-28T16:00:00-05:00,0.0,6.549999999999997,747.0400000000291,2023-11-29T16:00:00-05:00,0.0,8.049999999999983,-2252.959999999944,2023-11-30T16:00:00-05:00,0.0,10.0,-6052.959999999977,2023-12-01T16:00:00-05:00,0.0,71.0,hit,379.0,hit,1440.0,hit,1446.0,hit,,never_hit,,never_hit,,never_hit,1.0,hit,2910.0,hit,0.0,hit,2910.0,hit,2952.0,hit,3026.0,hit,7.949999999999989,35,True,False,False,False,,,,True,True,True,False,4.250000000000014,,,True,True,True,False,4.250000000000014,,,True,True,True,False,4.250000000000014,1457.0,2023-11-29T09:48:00-05:00,2.799999999999997,8247.04000000003,,,,,,,,,1458.0,2023-11-29T09:49:00-05:00,3.1000000000000085,7647.040000000006,,,,,,,,,,,,,,,,,,,,,,,,,,,,,,,,,,,,,,,,,,,,,,,,,1478
2023-11-29,2023-12-01,2,5.0,2023-11-29T09:31:00-05:00,5.200000000000003,NDXP  231201P16140000,NDXP  231201P16130000,development,False,False,0,0,0,73,0,1127,available,False,2023-11-29T09:31:00-05:00,2023-12-01T15:59:00-05:00,9.599999999999994,-9052.959999999983,1.0,last_observed_quote_not_settlement,1036.0,1029,3,4.799999999999997,547.040000000012,2023-11-29T09:32:00-05:00,0.0,4.75,647.0400000000063,2023-11-29T09:33:00-05:00,0.0,4.300000000000011,1547.0399999999836,2023-11-29T09:36:00-05:00,0.0,4.349999999999994,1447.0400000000177,2023-11-29T09:41:00-05:00,0.0,4.300000000000011,1547.0399999999836,2023-11-29T09:46:00-05:00,0.0,4.150000000000006,1847.039999999995,2023-11-29T10:01:00-05:00,0.0,6.0,-1852.9599999999937,2023-11-29T10:31:00-05:00,0.0,7.300000000000011,-4452.960000000016,2023-11-29T11:31:00-05:00,0.0,7.699999999999989,-5252.959999999971,2023-11-29T16:00:00-05:00,0.0,9.099999999999994,-8052.959999999984,2023-11-30T16:00:00-05:00,0.0,,,2023-12-01T15:59:00-05:00,60.0,,,,,0.0,hit,1.0,hit,,never_hit,,never_hit,,never_hit,,never_hit,,never_hit,38.0,hit,38.0,hit,38.0,hit,264.0,hit,1458.0,hit,1469.0,hit,,,True,True,True,False,1.1499999999999915,,,True,True,True,False,1.1499999999999915,,,True,True,True,False,1.1499999999999915,,,True,True,True,False,1.1499999999999915,,,,,,,,,,,,,,,,,,,,,,,,,,,,,,,,,,,,,,,,,,,,,,,,,,,,,,,,,,,,,,,,,1479
2023-11-29,2023-12-01,2,6.0,2023-11-29T09:31:00-05:00,6.0,NDXP  231201P16200000,NDXP  231201P16190000,development,False,False,0,0,0,100,0,1100,available,False,2023-11-29T09:31:00-05:00,2023-12-01T16:00:00-05:00,10.0,-8152.96,0.0,last_observed_quote_not_settlement,1036.0,992,14,6.200000000000003,-652.960000000005,2023-11-29T09:32:00-05:00,0.0,5.949999999999989,-152.95999999997656,2023-11-29T09:33:00-05:00,0.0,5.449999999999989,847.0400000000234,2023-11-29T09:36:00-05:00,0.0,5.599999999999994,547.040000000012,2023-11-29T09:41:00-05:00,0.0,5.400000000000006,947.0399999999893,2023-11-29T09:46:00-05:00,0.0,5.349999999999994,1047.040000000012,2023-11-29T10:01:00-05:00,0.0,7.299999999999983,-2852.959999999965,2023-11-29T10:31:00-05:00,0.0,8.150000000000034,-4552.960000000069,2023-11-29T11:31:00-05:00,0.0,8.349999999999994,-4952.95999999999,2023-11-29T16:00:00-05:00,0.0,9.549999999999983,-7352.959999999967,2023-11-30T16:00:00-05:00,0.0,10.0,-8152.96,2023-12-01T16:00:00-05:00,0.0,,,,,5.0,hit,,never_hit,,never_hit,,never_hit,,never_hit,,never_hit,,never_hit,35.0,hit,55.0,hit,55.0,hit,100.0,hit,308.0,hit,1452.0,hit,,,True,True,True,False,0.75,,,True,True,True,False,0.75,,,True,True,True,False,0.75,,,True,True,True,False,0.75,,,,,,,,,,,,,,,,,,,,,,,,,,,,,,,,,,,,,,,,,,,,,,,,,,,,,,,,,,,,,,,,,1480
2023-11-29,2023-12-01,2,7.0,2023-11-29T09:31:00-05:00,7.050000000000011,NDXP  231201P16240000,NDXP  231201P16230000,development,False,False,0,0,0,115,0,1084,available,False,2023-11-29T09:31:00-05:00,2023-12-01T15:59:00-05:00,10.0,-6052.959999999977,1.0,last_observed_quote_not_settlement,1036.0,964,4,7.5,-1152.9599999999766,2023-11-29T09:32:00-05:00,0.0,6.5,847.0400000000234,2023-11-29T09:33:00-05:00,0.0,6.300000000000011,1247.0400000000006,2023-11-29T09:36:00-05:00,0.0,6.350000000000023,1147.039999999978,2023-11-29T09:41:00-05:00,0.0,6.25,1347.0400000000234,2023-11-29T09:46:00-05:00,0.0,6.1000000000000085,1647.0400000000063,2023-11-29T10:01:00-05:00,0.0,8.200000000000017,-2552.9600000000123,2023-11-29T10:31:00-05:00,0.0,8.800000000000011,-3752.960000000001,2023-11-29T11:31:00-05:00,0.0,9.600000000000023,-5352.960000000024,2023-11-29T16:00:00-05:00,0.0,9.949999999999989,-6052.9599999999555,2023-11-30T16:00:00-05:00,0.0,,,2023-12-01T15:59:00-05:00,60.0,,,,,17.0,hit,,never_hit,,never_hit,,never_hit,,never_hit,,never_hit,,never_hit,40.0,hit,45.0,hit,0.0,hit,45.0,hit,108.0,hit,389.0,hit,,,True,True,True,False,1.75,,,True,True,True,False,1.75,,,True,True,True,False,1.75,,,True,True,True,False,1.75,,,,,,,,,,,,,,,,,,,,,,,,,,,,,,,,,,,,,,,,,,,,,,,,,,,,,,,,,,,,,,,,,1481
2023-12-01,2023-12-04,3,5.0,2023-12-01T09:31:00-05:00,4.8999999999999915,NDXP  231204P15900000,NDXP  231204P15890000,development,False,False,0,0,0,39,0,756,available,False,2023-12-01T09:31:00-05:00,2023-12-04T16:00:00-05:00,10.0,-10352.960000000015,0.0,last_observed_quote_not_settlement,3916.0,389,22,4.700000000000017,147.03999999994954,2023-12-01T09:32:00-05:00,0.0,5.349999999999994,-1152.960000000005,2023-12-01T09:33:00-05:00,0.0,5.849999999999994,-2152.960000000005,2023-12-01T09:36:00-05:00,0.0,4.749999999999986,47.04000000001208,2023-12-01T09:41:00-05:00,0.0,4.5,547.0399999999836,2023-12-01T09:46:00-05:00,0.0,5.249999999999986,-952.959999999988,2023-12-01T10:01:00-05:00,0.0,6.150000000000006,-2752.960000000028,2023-12-01T10:31:00-05:00,0.0,4.649999999999999,247.03999999998646,2023-12-01T11:31:00-05:00,0.0,2.049999999999997,5447.039999999989,2023-12-01T16:00:00-05:00,0.0,,,2023-12-01T16:15:00-05:00,85500.0,,,2023-12-01T16:15:00-05:00,171900.0,10.0,-10352.960000000015,2023-12-04T16:00:00-05:00,0.0,0.0,hit,0.0,hit,14.0,hit,14.0,hit,14.0,hit,14.0,hit,14.0,hit,3.0,hit,56.0,hit,4320.0,hit,4325.0,hit,4363.0,hit,4371.0,hit,5.849999999999994,10,False,False,False,False,,5.849999999999994,10,False,False,False,False,,5.849999999999994,10,False,False,False,False,,5.849999999999994,10,False,False,False,False,,14.0,2023-12-01T09:45:00-05:00,0.3499999999999943,8847.039999999995,161.0,2023-12-01T12:12:00-05:00,2.750000000000007,4047.039999999969,178.0,2023-12-01T12:29:00-05:00,2.8999999999999986,3747.0399999999863,15.0,2023-12-01T09:46:00-05:00,4.5,547.0399999999836,14.0,2023-12-01T09:45:00-05:00,0.3499999999999943,8847.039999999995,395.0,2023-12-01T16:06:00-05:00,1.9499999999999993,5647.039999999985,396.0,2023-12-01T16:07:00-05:00,1.8499999999999979,5847.039999999988,15.0,2023-12-01T09:46:00-05:00,4.5,547.0399999999836,14.0,2023-12-01T09:45:00-05:00,0.3499999999999943,8847.039999999995,,,,,,,,,15.0,2023-12-01T09:46:00-05:00,4.5,547.0399999999836,14.0,2023-12-01T09:45:00-05:00,0.3499999999999943,8847.039999999995,,,,,,,,,15.0,2023-12-01T09:46:00-05:00,4.5,547.0399999999836,1482
2023-12-01,2023-12-04,3,6.0,2023-12-01T09:31:00-05:00,6.050000000000011,NDXP  231204P15950000,NDXP  231204P15940000,development,False,False,0,0,0,50,0,745,available,False,2023-12-01T09:31:00-05:00,2023-12-04T16:00:00-05:00,10.0,-8052.959999999977,0.0,last_observed_quote_not_settlement,3916.0,366,16,5.700000000000003,447.04000000001776,2023-12-01T09:32:00-05:00,0.0,6.299999999999997,-752.9599999999709,2023-12-01T09:33:00-05:00,0.0,6.900000000000006,-1952.959999999988,2023-12-01T09:36:00-05:00,0.0,5.599999999999994,647.0400000000348,2023-12-01T09:41:00-05:00,0.0,5.8500000000000085,147.0400000000064,2023-12-01T09:46:00-05:00,0.0,6.099999999999994,-352.9599999999652,2023-12-01T10:01:00-05:00,0.0,7.050000000000011,-2252.959999999999,2023-12-01T10:31:00-05:00,0.0,5.849999999999994,147.0400000000348,2023-12-01T11:31:00-05:00,0.0,3.349999999999998,5147.040000000027,2023-12-01T16:00:00-05:00,0.0,,,2023-12-01T16:15:00-05:00,85500.0,,,2023-12-01T16:15:00-05:00,171900.0,10.0,-8052.959999999977,2023-12-04T16:00:00-05:00,0.0,14.0,hit,103.0,hit,117.0,hit,141.0,hit,,never_hit,,never_hit,,never_hit,4.0,hit,55.0,hit,55.0,hit,4320.0,hit,4323.0,hit,4334.0,hit,7.3999999999999915,68,True,False,False,False,,,,True,True,True,False,3.5500000000000114,,,True,True,True,False,3.5500000000000114,,,True,True,True,False,3.5500000000000114,141.0,2023-12-01T11:52:00-05:00,2.5,6847.040000000024,,,,,,,,,142.0,2023-12-01T11:53:00-05:00,4.299999999999997,3247.040000000029,,,,,,,,,,,,,,,,,,,,,,,,,,,,,,,,,,,,,,,,,,,,,,,,,1483
2023-12-01,2023-12-04,3,7.0,2023-12-01T09:31:00-05:00,7.0,NDXP  231204P15980000,NDXP  231204P15970000,development,False,False,0,0,0,173,0,622,available,False,2023-12-01T09:31:00-05:00,2023-12-04T16:00:00-05:00,10.0,-6152.96,0.0,last_observed_quote_not_settlement,3916.0,185,20,6.400000000000006,947.0399999999893,2023-12-01T09:32:00-05:00,0.0,6.450000000000017,847.0399999999665,2023-12-01T09:33:00-05:00,0.0,7.399999999999977,-1052.9599999999539,2023-12-01T09:36:00-05:00,0.0,6.799999999999997,147.0400000000064,2023-12-01T09:41:00-05:00,0.0,6.099999999999994,1547.040000000012,2023-12-01T09:46:00-05:00,0.0,7.150000000000006,-552.9600000000107,2023-12-01T10:01:00-05:00,0.0,7.649999999999977,-1552.9599999999539,2023-12-01T10:31:00-05:00,0.0,6.550000000000011,647.0399999999779,2023-12-01T11:31:00-05:00,0.0,4.25,5247.040000000001,2023-12-01T16:00:00-05:00,0.0,,,2023-12-01T16:15:00-05:00,85500.0,,,2023-12-01T16:15:00-05:00,171900.0,10.0,-6152.96,2023-12-04T16:00:00-05:00,0.0,105.0,hit,134.0,hit,198.0,hit,,never_hit,,never_hit,,never_hit,,never_hit,6.0,hit,4321.0,hit,0.0,hit,4321.0,hit,4324.0,hit,4326.0,hit,,,True,True,True,False,3.5,,,True,True,True,False,3.5,,,True,True,True,False,3.5,,,True,True,True,False,3.5,,,,,,,,,,,,,,,,,,,,,,,,,,,,,,,,,,,,,,,,,,,,,,,,,,,,,,,,,,,,,,,,,1484
2023-12-04,2023-12-06,2,5.0,2023-12-04T09:31:00-05:00,4.900000000000006,NDXP  231206P15830000,NDXP  231206P15820000,development,False,False,0,0,0,2,15,1198,available,False,2023-12-04T09:31:00-05:00,2023-12-06T16:00:00-05:00,9.2,-8852.959999999988,0.0,last_observed_quote_not_settlement,1036.0,386,43,5.0,-452.95999999998793,2023-12-04T09:32:00-05:00,0.0,4.900000000000006,-252.9599999999993,2023-12-04T09:33:00-05:00,0.0,5.049999999999997,-552.9599999999823,2023-12-04T09:36:00-05:00,0.0,4.799999999999983,-52.959999999953816,2023-12-04T09:41:00-05:00,0.0,5.0,-452.95999999998793,2023-12-04T09:46:00-05:00,0.0,3.8499999999999943,1847.0400000000234,2023-12-04T10:01:00-05:00,0.0,6.649999999999977,-3752.9599999999423,2023-12-04T10:31:00-05:00,0.0,6.5,-3452.9599999999878,2023-12-04T11:31:00-05:00,0.0,4.200000000000003,1147.0400000000063,2023-12-04T16:00:00-05:00,0.0,3.150000000000002,3247.0400000000077,2023-12-05T16:00:00-05:00,0.0,9.2,-8852.959999999988,2023-12-06T16:00:00-05:00,0.0,,,,,0.0,hit,0.0,hit,30.0,hit,1492.0,hit,2880.0,hit,2880.0,hit,,never_hit,29.0,hit,46.0,hit,58.0,hit,85.0,hit,3261.0,hit,3261.0,hit,8.050000000000011,331,True,True,False,False,,8.050000000000011,342,True,True,False,False,,8.050000000000011,342,True,True,False,False,,,,True,True,True,False,4.250000000000006,1492.0,2023-12-05T10:23:00-05:00,2.049999999999997,5447.040000000018,1515.0,2023-12-05T10:46:00-05:00,2.6499999999999986,4247.0400000000145,1516.0,2023-12-05T10:47:00-05:00,2.3999999999999986,4747.0400000000145,1493.0,2023-12-05T10:24:00-05:00,3.299999999999997,2947.0400000000177,2880.0,2023-12-06T09:31:00-05:00,0.6499999999999995,8247.040000000014,2881.0,2023-12-06T09:32:00-05:00,0.9500000000000002,7647.040000000012,2882.0,2023-12-06T09:33:00-05:00,1.0,7547.040000000012,2881.0,2023-12-06T09:32:00-05:00,0.9500000000000002,7647.040000000012,2880.0,2023-12-06T09:31:00-05:00,0.6499999999999995,8247.040000000014,,,,,,,,,2881.0,2023-12-06T09:32:00-05:00,0.9500000000000002,7647.040000000012,,,,,,,,,,,,,,,,,1485
2023-12-04,2023-12-06,2,6.0,2023-12-04T09:31:00-05:00,5.900000000000006,NDXP  231206P15890000,NDXP  231206P15880000,development,False,False,0,0,0,22,0,1177,available,False,2023-12-04T09:31:00-05:00,2023-12-06T15:59:00-05:00,9.950000000000003,-8352.959999999988,1.0,last_observed_quote_not_settlement,1036.0,688,96,6.199999999999989,-852.9599999999652,2023-12-04T09:32:00-05:00,0.0,6.0,-452.95999999998793,2023-12-04T09:33:00-05:00,0.0,6.349999999999994,-1152.9599999999766,2023-12-04T09:36:00-05:00,0.0,5.650000000000006,247.04000000000067,2023-12-04T09:41:00-05:00,0.0,6.049999999999997,-552.9599999999823,2023-12-04T09:46:00-05:00,0.0,6.349999999999994,-1152.9599999999766,2023-12-04T10:01:00-05:00,0.0,8.049999999999955,-4552.959999999899,2023-12-04T10:31:00-05:00,0.0,7.599999999999994,-3652.9599999999764,2023-12-04T11:31:00-05:00,0.0,6.099999999999994,-652.9599999999766,2023-12-04T16:00:00-05:00,0.0,5.049999999999997,1447.0400000000177,2023-12-05T16:00:00-05:00,0.0,,,2023-12-06T15:59:00-05:00,60.0,,,,,190.0,hit,374.0,hit,1515.0,hit,2880.0,hit,2880.0,hit,,never_hit,,never_hit,6.0,hit,34.0,hit,34.0,hit,60.0,hit,3211.0,hit,3216.0,hit,8.550000000000011,497,True,True,False,False,,8.550000000000011,497,True,True,False,False,,,,True,True,True,False,4.100000000000005,,,True,True,True,False,4.100000000000005,2880.0,2023-12-06T09:31:00-05:00,1.8000000000000007,7947.040000000011,2881.0,2023-12-06T09:32:00-05:00,1.950000000000001,7647.04000000001,2882.0,2023-12-06T09:33:00-05:00,2.1999999999999993,7147.040000000014,2881.0,2023-12-06T09:32:00-05:00,1.950000000000001,7647.04000000001,2880.0,2023-12-06T09:31:00-05:00,1.8000000000000007,7947.040000000011,,,,,,,,,2881.0,2023-12-06T09:32:00-05:00,1.950000000000001,7647.04000000001,,,,,,,,,,,,,,,,,,,,,,,,,,,,,,,,,1486
2023-12-04,2023-12-06,2,7.0,2023-12-04T09:31:00-05:00,7.0,NDXP  231206P15910000,NDXP  231206P15900000,development,False,False,0,0,16,13,0,1186,available,False,2023-12-04T09:31:00-05:00,2023-12-06T15:59:00-05:00,10.0,-6152.96,1.0,last_observed_quote_not_settlement,1036.0,376,95,7.149999999999977,-552.9599999999539,2023-12-04T09:32:00-05:00,0.0,7.300000000000011,-852.9600000000221,2023-12-04T09:33:00-05:00,0.0,6.650000000000006,447.03999999998933,2023-12-04T09:36:00-05:00,0.0,6.650000000000006,447.03999999998933,2023-12-04T09:41:00-05:00,0.0,6.650000000000006,447.03999999998933,2023-12-04T09:46:00-05:00,0.0,6.549999999999997,647.0400000000063,2023-12-04T10:01:00-05:00,0.0,8.550000000000011,-3352.9600000000237,2023-12-04T10:31:00-05:00,0.0,7.949999999999989,-2152.9599999999764,2023-12-04T11:31:00-05:00,0.0,6.599999999999994,547.040000000012,2023-12-04T16:00:00-05:00,0.0,5.399999999999999,2947.0400000000036,2023-12-05T16:00:00-05:00,0.0,,,2023-12-06T15:59:00-05:00,60.0,,,,,380.0,hit,380.0,hit,1536.0,hit,2880.0,hit,,never_hit,,never_hit,,never_hit,27.0,hit,53.0,hit,0.0,hit,53.0,hit,53.0,hit,3137.0,hit,9.100000000000023,189,True,True,True,True,,,,True,True,True,False,4.75,,,True,True,True,False,4.75,,,True,True,True,False,4.75,2880.0,2023-12-06T09:31:00-05:00,2.25,9247.04,,,,,,,,,,,,,,,,,,,,,,,,,,,,,,,,,,,,,,,,,,,,,,,,,,,,,,,,,,,,,1487
2023-12-04,2023-12-07,3,5.0,2023-12-04T09:31:00-05:00,4.950000000000003,NDXP  231207P15870000,NDXP  231207P15860000,development,False,False,0,0,1,28,0,1576,available,False,2023-12-04T09:31:00-05:00,2023-12-07T15:54:00-05:00,1.3877787807814457e-17,9647.040000000008,6.0,last_observed_quote_not_settlement,1036.0,763,60,5.549999999999983,-1452.9599999999596,2023-12-04T09:32:00-05:00,0.0,5.150000000000006,-652.960000000005,2023-12-04T09:33:00-05:00,0.0,5.700000000000003,-1752.9599999999994,2023-12-04T09:36:00-05:00,0.0,5.3999999999999915,-1152.9599999999766,2023-12-04T09:41:00-05:00,0.0,5.249999999999986,-852.9599999999652,2023-12-04T09:46:00-05:00,0.0,5.3999999999999915,-1152.9599999999766,2023-12-04T10:01:00-05:00,0.0,7.200000000000017,-4752.960000000027,2023-12-04T10:31:00-05:00,0.0,6.800000000000011,-3952.9600000000164,2023-12-04T11:31:00-05:00,0.0,5.150000000000006,-652.960000000005,2023-12-04T16:00:00-05:00,0.0,4.349999999999994,947.0400000000177,2023-12-05T16:00:00-05:00,0.0,6.950000000000003,-4252.959999999999,2023-12-06T16:00:00-05:00,0.0,,,2023-12-07T15:54:00-05:00,360.0,0.0,hit,0.0,hit,1514.0,hit,2880.0,hit,2909.0,hit,4389.0,hit,4449.0,hit,1.0,hit,29.0,hit,52.0,hit,84.0,hit,,never_hit,,never_hit,8.100000000000023,557,True,True,False,False,,8.100000000000023,557,True,True,False,False,,8.100000000000023,763,True,True,False,False,,8.100000000000023,763,True,True,False,False,,2880.0,2023-12-06T09:31:00-05:00,2.200000000000003,5247.040000000001,2881.0,2023-12-06T09:32:00-05:00,2.5500000000000007,4547.0400000000045,2882.0,2023-12-06T09:33:00-05:00,2.5,4647.040000000006,2881.0,2023-12-06T09:32:00-05:00,2.5500000000000007,4547.0400000000045,2909.0,2023-12-06T10:00:00-05:00,1.6499999999999986,6347.040000000009,4366.0,2023-12-07T10:17:00-05:00,1.7999999999999972,6047.040000000012,4371.0,2023-12-07T10:22:00-05:00,1.3499999999999996,6947.040000000007,2910.0,2023-12-06T10:01:00-05:00,3.799999999999997,2047.0400000000122,4389.0,2023-12-07T10:40:00-05:00,0.9499999999999993,7747.040000000008,4419.0,2023-12-07T11:10:00-05:00,0.9499999999999993,7747.040000000008,4444.0,2023-12-07T11:35:00-05:00,0.6499999999999999,8347.040000000006,4390.0,2023-12-07T10:41:00-05:00,1.1500000000000004,7347.040000000005,4449.0,2023-12-07T11:40:00-05:00,0.4249999999999998,8797.040000000008,4457.0,2023-12-07T11:48:00-05:00,0.4499999999999993,8747.040000000008,4464.0,2023-12-07T11:55:00-05:00,0.4249999999999998,8797.040000000008,4450.0,2023-12-07T11:41:00-05:00,0.5250000000000004,8597.040000000006,1488
2023-12-04,2023-12-07,3,6.0,2023-12-04T09:31:00-05:00,5.950000000000017,NDXP  231207P15910000,NDXP  231207P15900000,development,False,False,0,0,0,21,0,1584,available,False,2023-12-04T09:31:00-05:00,2023-12-07T16:00:00-05:00,0.05000000000000001,11547.040000000035,0.0,last_observed_quote_not_settlement,1036.0,716,120,6.099999999999994,-552.9599999999539,2023-12-04T09:32:00-05:00,0.0,7.050000000000011,-2452.9599999999878,2023-12-04T09:33:00-05:00,0.0,5.950000000000017,-252.9599999999993,2023-12-04T09:36:00-05:00,0.0,6.149999999999977,-652.9599999999198,2023-12-04T09:41:00-05:00,0.0,6.050000000000011,-452.95999999998793,2023-12-04T09:46:00-05:00,0.0,5.949999999999989,-252.95999999994245,2023-12-04T10:01:00-05:00,0.0,7.599999999999966,-3552.959999999897,2023-12-04T10:31:00-05:00,0.0,7.399999999999977,-3152.9599999999195,2023-12-04T11:31:00-05:00,0.0,6.3500000000000085,-1052.9599999999823,2023-12-04T16:00:00-05:00,0.0,5.300000000000011,1047.040000000012,2023-12-05T16:00:00-05:00,0.0,8.0,-4352.959999999967,2023-12-06T16:00:00-05:00,0.0,0.05000000000000001,11547.040000000035,2023-12-07T16:00:00-05:00,0.0,221.0,hit,379.0,hit,1536.0,hit,2880.0,hit,4380.0,hit,4455.0,hit,4488.0,hit,2.0,hit,2.0,hit,2.0,hit,54.0,hit,,never_hit,,never_hit,8.949999999999989,493,True,True,False,False,,8.949999999999989,716,True,True,False,False,,8.949999999999989,716,True,True,False,False,,8.949999999999989,716,True,True,False,False,,4365.0,2023-12-07T10:16:00-05:00,2.8999999999999986,5847.040000000037,4371.0,2023-12-07T10:22:00-05:00,2.25,7147.0400000000345,4372.0,2023-12-07T10:23:00-05:00,2.200000000000003,7247.040000000029,4366.0,2023-12-07T10:17:00-05:00,3.0,5647.0400000000345,4385.0,2023-12-07T10:36:00-05:00,1.9000000000000004,7847.0400000000345,4386.0,2023-12-07T10:37:00-05:00,1.8000000000000007,8047.040000000034,4387.0,2023-12-07T10:38:00-05:00,1.8000000000000007,8047.040000000034,4386.0,2023-12-07T10:37:00-05:00,1.8000000000000007,8047.040000000034,4464.0,2023-12-07T11:55:00-05:00,0.9000000000000004,9847.040000000035,4470.0,2023-12-07T12:01:00-05:00,0.8499999999999996,9947.040000000037,4478.0,2023-12-07T12:09:00-05:00,0.8500000000000005,9947.040000000035,4465.0,2023-12-07T11:56:00-05:00,0.9500000000000002,9747.040000000035,4490.0,2023-12-07T12:21:00-05:00,0.3999999999999999,10847.040000000035,4497.0,2023-12-07T12:28:00-05:00,0.44999999999999973,10747.040000000035,4501.0,2023-12-07T12:32:00-05:00,0.37500000000000044,10897.040000000034,4491.0,2023-12-07T12:22:00-05:00,0.5249999999999999,10597.040000000035,1489
2023-12-04,2023-12-07,3,7.0,2023-12-04T09:31:00-05:00,7.050000000000011,NDXP  231207P15930000,NDXP  231207P15920000,development,False,False,0,0,1,3,0,1601,available,False,2023-12-04T09:31:00-05:00,2023-12-07T15:59:00-05:00,0.02500000000000001,13797.040000000023,1.0,last_observed_quote_not_settlement,1036.0,252,74,6.050000000000011,1747.0400000000006,2023-12-04T09:32:00-05:00,0.0,6.550000000000011,747.0400000000006,2023-12-04T09:33:00-05:00,0.0,6.149999999999977,1547.0400000000689,2023-12-04T09:36:00-05:00,0.0,6.25,1347.0400000000234,2023-12-04T09:41:00-05:00,0.0,7.0,-152.95999999997656,2023-12-04T09:46:00-05:00,0.0,6.699999999999989,447.0400000000462,2023-12-04T10:01:00-05:00,0.0,7.599999999999994,-1352.9599999999652,2023-12-04T10:31:00-05:00,0.0,7.849999999999994,-1852.9599999999652,2023-12-04T11:31:00-05:00,0.0,6.449999999999989,947.0400000000461,2023-12-04T16:00:00-05:00,0.0,5.6499999999999915,2547.0400000000404,2023-12-05T16:00:00-05:00,0.0,8.450000000000017,-3052.9600000000123,2023-12-06T16:00:00-05:00,0.0,,,2023-12-07T15:59:00-05:00,60.0,380.0,hit,1515.0,hit,2880.0,hit,4371.0,hit,4447.0,hit,4486.0,hit,4588.0,hit,44.0,hit,58.0,hit,0.0,hit,52.0,hit,,never_hit,,never_hit,8.600000000000023,252,True,True,False,False,,8.600000000000023,252,True,True,False,False,,8.600000000000023,252,True,True,False,False,,8.600000000000023,252,True,True,False,False,,4371.0,2023-12-07T10:22:00-05:00,2.900000000000002,8047.040000000019,4372.0,2023-12-07T10:23:00-05:00,2.799999999999997,8247.04000000003,4379.0,2023-12-07T10:30:00-05:00,2.700000000000003,8447.040000000019,4372.0,2023-12-07T10:23:00-05:00,2.799999999999997,8247.04000000003,4448.0,2023-12-07T11:39:00-05:00,1.9499999999999993,9947.040000000026,4449.0,2023-12-07T11:40:00-05:00,1.6500000000000004,10547.040000000023,4450.0,2023-12-07T11:41:00-05:00,1.7500000000000018,10347.04000000002,4449.0,2023-12-07T11:40:00-05:00,1.6500000000000004,10547.040000000023,4488.0,2023-12-07T12:19:00-05:00,0.7999999999999998,12247.040000000025,4489.0,2023-12-07T12:20:00-05:00,0.75,12347.040000000025,4490.0,2023-12-07T12:21:00-05:00,0.6499999999999999,12547.040000000023,4489.0,2023-12-07T12:20:00-05:00,0.75,12347.040000000025,4589.0,2023-12-07T14:00:00-05:00,0.3999999999999999,13047.040000000023,4590.0,2023-12-07T14:01:00-05:00,0.3250000000000002,13197.040000000025,4591.0,2023-12-07T14:02:00-05:00,0.30000000000000004,13247.040000000025,4590.0,2023-12-07T14:01:00-05:00,0.3250000000000002,13197.040000000025,1490
2023-12-05,2023-12-07,2,5.0,2023-12-05T09:31:00-05:00,5.099999999999994,NDXP  231207P15810000,NDXP  231207P15800000,development,False,False,0,0,16,31,0,1168,available,False,2023-12-05T09:31:00-05:00,2023-12-07T15:59:00-05:00,0.0,9947.03999999999,1.0,last_observed_quote_not_settlement,1036.0,34,19,6.050000000000011,-2152.9600000000332,2023-12-05T09:32:00-05:00,0.0,4.900000000000006,147.03999999997797,2023-12-05T09:33:00-05:00,0.0,5.150000000000006,-352.96000000002203,2023-12-05T09:36:00-05:00,0.0,5.199999999999989,-452.95999999998793,2023-12-05T09:41:00-05:00,0.0,4.700000000000003,547.0399999999836,2023-12-05T09:46:00-05:00,0.0,3.999999999999993,1947.0400000000036,2023-12-05T10:01:00-05:00,0.0,3.450000000000003,3047.0399999999836,2023-12-05T10:31:00-05:00,0.0,3.6000000000000085,2747.039999999972,2023-12-05T11:31:00-05:00,0.0,2.950000000000003,4047.0399999999836,2023-12-05T16:00:00-05:00,0.0,5.150000000000006,-352.96000000002203,2023-12-06T16:00:00-05:00,0.0,,,2023-12-07T15:59:00-05:00,60.0,,,,,0.0,hit,2.0,hit,29.0,hit,34.0,hit,1440.0,hit,2884.0,hit,2931.0,hit,1.0,hit,14.0,hit,57.0,hit,,never_hit,,never_hit,,never_hit,6.75,9,False,False,False,False,,7.650000000000006,10,True,False,False,False,,7.650000000000006,34,True,False,False,False,,7.650000000000006,34,True,False,False,False,,34.0,2023-12-05T10:05:00-05:00,2.9000000000000057,4147.039999999978,76.0,2023-12-05T10:47:00-05:00,2.3999999999999986,5147.039999999992,77.0,2023-12-05T10:48:00-05:00,2.8499999999999943,4247.040000000001,35.0,2023-12-05T10:06:00-05:00,3.3999999999999915,3147.0400000000063,1440.0,2023-12-06T09:31:00-05:00,1.3000000000000007,7347.039999999988,1441.0,2023-12-06T09:32:00-05:00,1.6500000000000021,6647.039999999985,1442.0,2023-12-06T09:33:00-05:00,1.6000000000000014,6747.039999999986,1441.0,2023-12-06T09:32:00-05:00,1.6500000000000021,6647.039999999985,2888.0,2023-12-07T09:39:00-05:00,0.9499999999999993,8047.039999999991,2926.0,2023-12-07T10:17:00-05:00,0.7000000000000002,8547.03999999999,2927.0,2023-12-07T10:18:00-05:00,0.7999999999999989,8347.039999999992,2889.0,2023-12-07T09:40:00-05:00,1.1500000000000004,7647.039999999989,2932.0,2023-12-07T10:23:00-05:00,0.44999999999999973,9047.03999999999,2946.0,2023-12-07T10:37:00-05:00,0.37500000000000044,9197.039999999988,2947.0,2023-12-07T10:38:00-05:00,0.2999999999999998,9347.03999999999,2933.0,2023-12-07T10:24:00-05:00,0.5,8947.03999999999,1491
2023-12-05,2023-12-07,2,6.0,2023-12-05T09:31:00-05:00,5.900000000000091,NDXP  231207P16400000,NDXP  231207P16390000,development,False,False,0,0,0,280,0,919,available,False,2023-12-05T09:31:00-05:00,2023-12-07T15:59:00-05:00,10.0,-8352.959999999817,1.0,last_observed_quote_not_settlement,1036.0,714,2,,,2023-12-05T09:31:00-05:00,60.0,9.150000000000091,-6752.960000000001,2023-12-05T09:33:00-05:00,0.0,8.450000000000045,-5352.95999999991,2023-12-05T09:36:00-05:00,0.0,9.449999999999932,-7352.959999999683,2023-12-05T09:41:00-05:00,0.0,,,2023-12-05T09:45:00-05:00,60.0,9.449999999999932,-7352.959999999683,2023-12-05T10:01:00-05:00,0.0,9.850000000000023,-8152.9599999998645,2023-12-05T10:31:00-05:00,0.0,9.850000000000023,-8152.9599999998645,2023-12-05T11:31:00-05:00,0.0,9.450000000000045,-7352.95999999991,2023-12-05T16:00:00-05:00,0.0,,,2023-12-06T15:59:00-05:00,60.0,,,2023-12-07T15:59:00-05:00,60.0,,,,,379.0,hit,379.0,hit,,never_hit,,never_hit,,never_hit,,never_hit,,never_hit,2.0,hit,2.0,hit,2.0,hit,2.0,hit,2.0,hit,6.0,hit,,,True,True,True,False,1.650000000000091,,,True,True,True,False,1.650000000000091,,,True,True,True,False,1.650000000000091,,,True,True,True,False,1.650000000000091,,,,,,,,,,,,,,,,,,,,,,,,,,,,,,,,,,,,,,,,,,,,,,,,,,,,,,,,,,,,,,,,,1492
2023-12-05,2023-12-07,2,7.0,2023-12-05T09:31:00-05:00,6.899999999999977,NDXP  231207P15910000,NDXP  231207P15900000,development,False,False,0,0,0,21,15,1179,available,False,2023-12-05T09:31:00-05:00,2023-12-07T16:00:00-05:00,0.05000000000000001,13447.039999999957,0.0,last_observed_quote_not_settlement,1036.0,101,43,6.849999999999994,-152.9600000000334,2023-12-05T09:32:00-05:00,0.0,7.050000000000011,-552.9600000000676,2023-12-05T09:33:00-05:00,0.0,6.650000000000006,247.03999999994383,2023-12-05T09:36:00-05:00,0.0,8.0,-2452.9600000000464,2023-12-05T09:41:00-05:00,0.0,7.900000000000006,-2252.960000000056,2023-12-05T09:46:00-05:00,0.0,6.450000000000017,647.0399999999211,2023-12-05T10:01:00-05:00,0.0,5.700000000000003,2147.0399999999495,2023-12-05T10:31:00-05:00,0.0,5.5,2547.0399999999554,2023-12-05T11:31:00-05:00,0.0,5.300000000000011,2947.0399999999327,2023-12-05T16:00:00-05:00,0.0,8.0,-2452.9600000000464,2023-12-06T16:00:00-05:00,0.0,0.05000000000000001,13447.039999999957,2023-12-07T16:00:00-05:00,0.0,,,,,33.0,hit,34.0,hit,96.0,hit,1440.0,hit,2940.0,hit,3015.0,hit,3048.0,hit,3.0,hit,10.0,hit,2.0,hit,10.0,hit,,never_hit,,never_hit,8.650000000000006,32,True,True,False,False,,8.650000000000006,101,True,True,False,False,,8.650000000000006,101,True,True,False,False,,8.650000000000006,101,True,True,False,False,,2925.0,2023-12-07T10:16:00-05:00,2.8999999999999986,7747.039999999958,2931.0,2023-12-07T10:22:00-05:00,2.25,9047.039999999955,2932.0,2023-12-07T10:23:00-05:00,2.200000000000003,9147.03999999995,2926.0,2023-12-07T10:17:00-05:00,3.0,7547.039999999955,2945.0,2023-12-07T10:36:00-05:00,1.9000000000000004,9747.039999999955,2946.0,2023-12-07T10:37:00-05:00,1.8000000000000007,9947.039999999955,2947.0,2023-12-07T10:38:00-05:00,1.8000000000000007,9947.039999999955,2946.0,2023-12-07T10:37:00-05:00,1.8000000000000007,9947.039999999955,3024.0,2023-12-07T11:55:00-05:00,0.9000000000000004,11747.039999999955,3030.0,2023-12-07T12:01:00-05:00,0.8499999999999996,11847.039999999957,3038.0,2023-12-07T12:09:00-05:00,0.8500000000000005,11847.039999999955,3025.0,2023-12-07T11:56:00-05:00,0.9500000000000002,11647.039999999955,3050.0,2023-12-07T12:21:00-05:00,0.3999999999999999,12747.039999999955,3057.0,2023-12-07T12:28:00-05:00,0.44999999999999973,12647.039999999955,3061.0,2023-12-07T12:32:00-05:00,0.37500000000000044,12797.039999999954,3051.0,2023-12-07T12:22:00-05:00,0.5249999999999999,12497.039999999955,1493
2023-12-05,2023-12-08,3,5.0,2023-12-05T09:31:00-05:00,4.950000000000003,NDXP  231208P15820000,NDXP  231208P15810000,development,False,False,0,0,0,16,0,1589,available,False,2023-12-05T09:31:00-05:00,2023-12-08T15:45:00-05:00,0.0,9647.040000000008,15.0,last_observed_quote_not_settlement,1036.0,53,22,5.25,-852.9599999999937,2023-12-05T09:32:00-05:00,0.0,5.400000000000006,-1152.960000000005,2023-12-05T09:33:00-05:00,0.0,5.400000000000006,-1152.960000000005,2023-12-05T09:36:00-05:00,0.0,5.3500000000000085,-1052.9600000000107,2023-12-05T09:41:00-05:00,0.0,5.200000000000003,-752.9599999999994,2023-12-05T09:46:00-05:00,0.0,5.3999999999999915,-1152.9599999999766,2023-12-05T10:01:00-05:00,0.0,3.75,2147.0400000000063,2023-12-05T10:31:00-05:00,0.0,3.9000000000000057,1847.039999999995,2023-12-05T11:31:00-05:00,0.0,3.750000000000014,2147.039999999978,2023-12-05T16:00:00-05:00,0.0,5.450000000000003,-1252.9599999999994,2023-12-06T16:00:00-05:00,0.0,1.1500000000000004,7347.040000000005,2023-12-07T16:00:00-05:00,0.0,,,2023-12-08T15:45:00-05:00,900.0,0.0,hit,0.0,hit,29.0,hit,83.0,hit,1469.0,hit,3209.0,hit,4334.0,hit,3.0,hit,,never_hit,,never_hit,,never_hit,,never_hit,,never_hit,5.75,14,False,False,False,False,,5.75,14,False,False,False,False,,5.75,53,False,False,False,False,,5.75,53,False,False,False,False,,281.0,2023-12-05T14:12:00-05:00,2.5999999999999943,4447.040000000018,1441.0,2023-12-06T09:32:00-05:00,2.200000000000003,5247.040000000001,1442.0,2023-12-06T09:33:00-05:00,2.3499999999999943,4947.040000000018,282.0,2023-12-05T14:13:00-05:00,4.049999999999997,1547.040000000012,1469.0,2023-12-06T10:00:00-05:00,1.5,6647.040000000006,3006.0,2023-12-07T11:37:00-05:00,1.8499999999999979,5947.040000000011,3007.0,2023-12-07T11:38:00-05:00,1.7999999999999972,6047.040000000012,1470.0,2023-12-06T10:01:00-05:00,3.299999999999997,3047.0400000000122,3209.0,2023-12-07T15:00:00-05:00,0.8000000000000007,8047.0400000000045,4331.0,2023-12-08T09:42:00-05:00,0.7999999999999998,8047.040000000006,4332.0,2023-12-08T09:43:00-05:00,0.6499999999999999,8347.040000000006,3210.0,2023-12-07T15:01:00-05:00,1.5499999999999972,6547.040000000012,4336.0,2023-12-08T09:47:00-05:00,0.4249999999999998,8797.040000000008,4350.0,2023-12-08T10:01:00-05:00,0.375,8897.040000000008,4351.0,2023-12-08T10:02:00-05:00,0.34999999999999964,8947.040000000008,4337.0,2023-12-08T09:48:00-05:00,0.7999999999999989,8047.040000000008,1494
2023-12-05,2023-12-08,3,6.0,2023-12-05T09:31:00-05:00,6.0,NDXP  231208P15860000,NDXP  231208P15850000,development,False,False,0,0,0,12,0,1593,available,False,2023-12-05T09:31:00-05:00,2023-12-08T16:00:00-05:00,8.95,-6152.96,0.0,last_observed_quote_not_settlement,1036.0,12,17,5.75,247.04000000000067,2023-12-05T09:32:00-05:00,0.0,5.850000000000023,47.039999999955235,2023-12-05T09:33:00-05:00,0.0,6.050000000000011,-352.96000000002203,2023-12-05T09:36:00-05:00,0.0,5.850000000000023,47.039999999955235,2023-12-05T09:41:00-05:00,0.0,5.849999999999966,47.04000000006892,2023-12-05T09:46:00-05:00,0.0,5.25,1247.0400000000006,2023-12-05T10:01:00-05:00,0.0,4.6499999999999915,2447.0400000000177,2023-12-05T10:31:00-05:00,0.0,4.650000000000006,2447.0399999999895,2023-12-05T11:31:00-05:00,0.0,4.150000000000006,3447.0399999999895,2023-12-05T16:00:00-05:00,0.0,6.299999999999997,-852.9599999999937,2023-12-06T16:00:00-05:00,0.0,1.9499999999999993,7847.040000000002,2023-12-07T16:00:00-05:00,0.0,8.95,-6152.96,2023-12-08T16:00:00-05:00,0.0,4.0,hit,4.0,hit,34.0,hit,1440.0,hit,3047.0,hit,4334.0,hit,4356.0,hit,14.0,hit,14.0,hit,14.0,hit,4709.0,hit,,never_hit,,never_hit,7.75,4,True,False,False,False,,7.75,12,True,False,False,False,,7.75,12,True,False,False,False,,7.75,12,True,False,False,False,,1440.0,2023-12-06T09:31:00-05:00,2.75,6247.040000000001,2932.0,2023-12-07T10:23:00-05:00,2.75,6247.040000000001,2933.0,2023-12-07T10:24:00-05:00,2.8500000000000014,6047.039999999998,1441.0,2023-12-06T09:32:00-05:00,3.200000000000003,5347.039999999995,3047.0,2023-12-07T12:18:00-05:00,1.9499999999999993,7847.040000000002,3050.0,2023-12-07T12:21:00-05:00,1.8000000000000007,8147.04,3051.0,2023-12-07T12:22:00-05:00,1.8000000000000043,8147.039999999993,3048.0,2023-12-07T12:19:00-05:00,1.9500000000000028,7847.039999999995,4334.0,2023-12-08T09:45:00-05:00,0.9000000000000004,9947.04,4351.0,2023-12-08T10:02:00-05:00,0.75,10247.04,4352.0,2023-12-08T10:03:00-05:00,0.8499999999999996,10047.040000000003,4335.0,2023-12-08T09:46:00-05:00,1.2000000000000002,9347.04,4357.0,2023-12-08T10:08:00-05:00,0.2749999999999999,11197.04,4358.0,2023-12-08T10:09:00-05:00,0.2749999999999997,11197.040000000003,4359.0,2023-12-08T10:10:00-05:00,0.19999999999999996,11347.04,4358.0,2023-12-08T10:09:00-05:00,0.2749999999999997,11197.040000000003,1495
2023-12-05,2023-12-08,3,7.0,2023-12-05T09:31:00-05:00,7.050000000000011,NDXP  231208P15920000,NDXP  231208P15910000,development,False,False,0,0,0,25,0,1580,available,False,2023-12-05T09:31:00-05:00,2023-12-08T16:00:00-05:00,9.9,-5952.959999999979,0.0,last_observed_quote_not_settlement,1036.0,21,39,6.7000000000000455,447.0399999999325,2023-12-05T09:32:00-05:00,0.0,7.150000000000006,-452.95999999998793,2023-12-05T09:33:00-05:00,0.0,7.800000000000011,-1752.9599999999994,2023-12-05T09:36:00-05:00,0.0,6.799999999999983,247.04000000005752,2023-12-05T09:41:00-05:00,0.0,7.299999999999983,-752.9599999999425,2023-12-05T09:46:00-05:00,0.0,5.75,2347.0400000000236,2023-12-05T10:01:00-05:00,0.0,5.5,2847.0400000000236,2023-12-05T10:31:00-05:00,0.0,5.5,2847.0400000000236,2023-12-05T11:31:00-05:00,0.0,5.050000000000011,3747.040000000001,2023-12-05T16:00:00-05:00,0.0,7.0,-152.95999999997656,2023-12-06T16:00:00-05:00,0.0,3.5499999999999936,6747.040000000036,2023-12-07T16:00:00-05:00,0.0,9.9,-5952.959999999979,2023-12-08T16:00:00-05:00,0.0,32.0,hit,52.0,hit,1440.0,hit,1478.0,hit,4350.0,hit,4357.0,hit,4365.0,hit,5.0,hit,9.0,hit,0.0,hit,9.0,hit,4699.0,hit,4699.0,hit,8.450000000000017,6,True,True,False,False,,8.450000000000017,20,True,True,False,False,,8.450000000000017,20,True,True,False,False,,8.450000000000017,20,True,True,False,False,,1478.0,2023-12-06T10:09:00-05:00,2.5500000000000114,8747.04,3049.0,2023-12-07T12:20:00-05:00,2.9000000000000057,8047.040000000012,3050.0,2023-12-07T12:21:00-05:00,2.8500000000000014,8147.04000000002,1479.0,2023-12-06T10:10:00-05:00,4.599999999999994,4647.0400000000345,4350.0,2023-12-08T10:01:00-05:00,1.8499999999999996,10147.040000000025,4351.0,2023-12-08T10:02:00-05:00,1.75,10347.040000000025,4355.0,2023-12-08T10:06:00-05:00,1.549999999999999,10747.040000000026,4351.0,2023-12-08T10:02:00-05:00,1.75,10347.040000000025,4359.0,2023-12-08T10:10:00-05:00,0.7499999999999996,12347.040000000025,4360.0,2023-12-08T10:11:00-05:00,0.8499999999999996,12147.040000000025,4361.0,2023-12-08T10:12:00-05:00,0.6999999999999993,12447.040000000026,4360.0,2023-12-08T10:11:00-05:00,0.8499999999999996,12147.040000000025,4365.0,2023-12-08T10:16:00-05:00,0.4249999999999998,12997.040000000025,4366.0,2023-12-08T10:17:00-05:00,0.3999999999999999,13047.040000000023,4367.0,2023-12-08T10:18:00-05:00,0.4249999999999998,12997.040000000025,4366.0,2023-12-08T10:17:00-05:00,0.3999999999999999,13047.040000000023,1496
2023-12-06,2023-12-08,2,5.0,2023-12-06T09:31:00-05:00,4.950000000000003,NDXP  231208P15990000,NDXP  231208P15980000,development,False,False,0,0,0,22,0,1178,available,False,2023-12-06T09:31:00-05:00,2023-12-08T16:00:00-05:00,9.675,-9702.959999999995,0.0,last_observed_quote_not_settlement,1036.0,522,30,5.349999999999994,-1052.9599999999823,2023-12-06T09:32:00-05:00,0.0,5.200000000000003,-752.9599999999994,2023-12-06T09:33:00-05:00,0.0,5.449999999999989,-1252.959999999971,2023-12-06T09:36:00-05:00,0.0,5.800000000000011,-1952.9600000000164,2023-12-06T09:41:00-05:00,0.0,5.900000000000006,-2152.960000000005,2023-12-06T09:46:00-05:00,0.0,6.149999999999977,-2652.959999999948,2023-12-06T10:01:00-05:00,0.0,6.500000000000028,-3352.9600000000505,2023-12-06T10:31:00-05:00,0.0,6.899999999999977,-4152.959999999948,2023-12-06T11:31:00-05:00,0.0,8.249999999999972,-6852.959999999938,2023-12-06T16:00:00-05:00,0.0,4.200000000000003,1247.0400000000006,2023-12-07T16:00:00-05:00,0.0,9.675,-9702.959999999995,2023-12-08T16:00:00-05:00,0.0,,,,,0.0,hit,0.0,hit,29.0,hit,2916.0,hit,2919.0,hit,3100.0,hit,3137.0,hit,4.0,hit,14.0,hit,55.0,hit,291.0,hit,379.0,hit,3269.0,hit,9.099999999999994,522,True,True,True,True,,9.099999999999994,522,True,True,True,True,,9.099999999999994,522,True,True,True,True,,9.099999999999994,522,True,True,True,True,,2916.0,2023-12-08T10:07:00-05:00,2.75,4147.040000000006,2917.0,2023-12-08T10:08:00-05:00,2.3999999999999986,4847.040000000009,2918.0,2023-12-08T10:09:00-05:00,2.2499999999999982,5147.04000000001,2917.0,2023-12-08T10:08:00-05:00,2.3999999999999986,4847.040000000009,2921.0,2023-12-08T10:12:00-05:00,1.799999999999999,6047.040000000008,2926.0,2023-12-08T10:17:00-05:00,1.3499999999999996,6947.040000000007,2927.0,2023-12-08T10:18:00-05:00,1.4499999999999993,6747.040000000008,2922.0,2023-12-08T10:13:00-05:00,2.1500000000000004,5347.040000000005,3100.0,2023-12-08T13:11:00-05:00,0.9499999999999997,7747.040000000006,3101.0,2023-12-08T13:12:00-05:00,0.8500000000000001,7947.040000000005,3102.0,2023-12-08T13:13:00-05:00,0.9000000000000004,7847.040000000005,3101.0,2023-12-08T13:12:00-05:00,0.8500000000000001,7947.040000000005,3137.0,2023-12-08T13:48:00-05:00,0.375,8897.040000000008,3138.0,2023-12-08T13:49:00-05:00,0.25,9147.040000000008,3139.0,2023-12-08T13:50:00-05:00,0.42500000000000004,8797.040000000008,3138.0,2023-12-08T13:49:00-05:00,0.25,9147.040000000008,1497
2023-12-06,2023-12-08,2,6.0,2023-12-06T09:31:00-05:00,6.0,NDXP  231208P16050000,NDXP  231208P16040000,development,False,False,0,0,0,1,0,1199,available,False,2023-12-06T09:31:00-05:00,2023-12-08T15:59:00-05:00,0.024999999999999994,11697.04,1.0,last_observed_quote_not_settlement,1036.0,593,59,5.75,247.04000000000067,2023-12-06T09:32:00-05:00,0.0,6.149999999999977,-552.9599999999539,2023-12-06T09:33:00-05:00,0.0,6.300000000000011,-852.9600000000221,2023-12-06T09:36:00-05:00,0.0,7.650000000000006,-3552.9600000000105,2023-12-06T09:41:00-05:00,0.0,6.349999999999994,-952.959999999988,2023-12-06T09:46:00-05:00,0.0,6.799999999999983,-1852.9599999999652,2023-12-06T10:01:00-05:00,0.0,7.049999999999983,-2352.959999999965,2023-12-06T10:31:00-05:00,0.0,6.900000000000034,-2052.9600000000673,2023-12-06T11:31:00-05:00,0.0,9.149999999999977,-6552.9599999999555,2023-12-06T16:00:00-05:00,0.0,5.549999999999997,647.0400000000063,2023-12-07T16:00:00-05:00,0.0,,,2023-12-08T15:59:00-05:00,60.0,,,,,40.0,hit,1534.0,hit,1534.0,hit,2967.0,hit,3164.0,hit,3187.0,hit,3199.0,hit,3.0,hit,4.0,hit,4.0,hit,121.0,hit,258.0,hit,351.0,hit,9.650000000000006,544,True,True,True,True,,9.650000000000006,593,True,True,True,True,,9.650000000000006,593,True,True,True,True,,9.650000000000006,593,True,True,True,True,,2967.0,2023-12-08T10:58:00-05:00,2.8000000000000007,6147.039999999999,3142.0,2023-12-08T13:53:00-05:00,2.700000000000001,6347.039999999998,3143.0,2023-12-08T13:54:00-05:00,2.799999999999999,6147.040000000003,2968.0,2023-12-08T10:59:00-05:00,2.950000000000003,5847.039999999995,3164.0,2023-12-08T14:15:00-05:00,1.75,8247.04,3165.0,2023-12-08T14:16:00-05:00,1.75,8247.04,3166.0,2023-12-08T14:17:00-05:00,1.3499999999999996,9047.040000000003,3165.0,2023-12-08T14:16:00-05:00,1.75,8247.04,3192.0,2023-12-08T14:43:00-05:00,0.8999999999999999,9947.04,3193.0,2023-12-08T14:44:00-05:00,0.7250000000000001,10297.04,3194.0,2023-12-08T14:45:00-05:00,0.7249999999999996,10297.040000000003,3193.0,2023-12-08T14:44:00-05:00,0.7250000000000001,10297.04,3200.0,2023-12-08T14:51:00-05:00,0.44999999999999996,10847.04,3237.0,2023-12-08T15:28:00-05:00,0.30000000000000004,11147.040000000003,3238.0,2023-12-08T15:29:00-05:00,0.32499999999999996,11097.04,3201.0,2023-12-08T14:52:00-05:00,0.6499999999999999,10447.04,1498
2023-12-06,2023-12-08,2,7.0,2023-12-06T09:31:00-05:00,7.049999999999983,NDXP  231208P16230000,NDXP  231208P16220000,development,False,False,0,0,0,111,0,1089,available,False,2023-12-06T09:31:00-05:00,2023-12-08T16:00:00-05:00,10.0,-6052.960000000034,0.0,last_observed_quote_not_settlement,1036.0,1034,2,8.150000000000034,-2452.9600000001033,2023-12-06T09:32:00-05:00,0.0,8.549999999999955,-3252.959999999944,2023-12-06T09:33:00-05:00,0.0,8.149999999999977,-2452.9599999999896,2023-12-06T09:36:00-05:00,0.0,9.350000000000023,-4852.960000000081,2023-12-06T09:41:00-05:00,0.0,8.949999999999989,-4052.9600000000123,2023-12-06T09:46:00-05:00,0.0,9.100000000000023,-4352.960000000081,2023-12-06T10:01:00-05:00,0.0,9.149999999999977,-4452.95999999999,2023-12-06T10:31:00-05:00,0.0,9.25,-4652.9600000000355,2023-12-06T11:31:00-05:00,0.0,,,2023-12-06T15:59:00-05:00,60.0,8.449999999999989,-3052.9600000000123,2023-12-07T16:00:00-05:00,0.0,10.0,-6052.960000000034,2023-12-08T16:00:00-05:00,0.0,,,,,,never_hit,,never_hit,,never_hit,,never_hit,,never_hit,,never_hit,,never_hit,1.0,hit,1.0,hit,0.0,hit,1.0,hit,8.0,hit,95.0,hit,,,True,True,True,False,0.15000000000000568,,,True,True,True,False,0.15000000000000568,,,True,True,True,False,0.15000000000000568,,,True,True,True,False,0.15000000000000568,,,,,,,,,,,,,,,,,,,,,,,,,,,,,,,,,,,,,,,,,,,,,,,,,,,,,,,,,,,,,,,,,1499
2023-12-08,2023-12-11,3,5.0,2023-12-08T09:31:00-05:00,4.950000000000003,NDXP  231211P15990000,NDXP  231211P15980000,development,False,False,0,0,0,33,0,762,available,False,2023-12-08T09:31:00-05:00,2023-12-11T15:59:00-05:00,0.0,9647.040000000008,1.0,last_observed_quote_not_settlement,3916.0,17,9,5.950000000000003,-2252.959999999999,2023-12-08T09:32:00-05:00,0.0,5.349999999999994,-1052.9599999999823,2023-12-08T09:33:00-05:00,0.0,5.449999999999989,-1252.959999999971,2023-12-08T09:36:00-05:00,0.0,5.050000000000011,-452.96000000001635,2023-12-08T09:41:00-05:00,0.0,4.75,147.0400000000064,2023-12-08T09:46:00-05:00,0.0,4.5,647.0400000000063,2023-12-08T10:01:00-05:00,0.0,2.8999999999999915,3847.0400000000236,2023-12-08T10:31:00-05:00,0.0,3.5999999999999943,2447.0400000000177,2023-12-08T11:31:00-05:00,0.0,2.8999999999999986,3847.040000000009,2023-12-08T16:00:00-05:00,0.0,,,2023-12-08T16:15:00-05:00,85500.0,,,2023-12-08T16:15:00-05:00,171900.0,,,2023-12-11T15:59:00-05:00,60.0,0.0,hit,0.0,hit,29.0,hit,41.0,hit,314.0,hit,4328.0,hit,4343.0,hit,1.0,hit,1.0,hit,,never_hit,,never_hit,,never_hit,,never_hit,5.950000000000003,15,False,False,False,False,,5.950000000000003,17,False,False,False,False,,5.950000000000003,17,False,False,False,False,,5.950000000000003,17,False,False,False,False,,41.0,2023-12-08T10:12:00-05:00,2.6500000000000057,4347.039999999995,46.0,2023-12-08T10:17:00-05:00,2.75,4147.040000000006,47.0,2023-12-08T10:18:00-05:00,2.75,4147.040000000006,42.0,2023-12-08T10:13:00-05:00,3.1500000000000057,3347.039999999995,314.0,2023-12-08T14:45:00-05:00,1.9499999999999993,5747.040000000008,318.0,2023-12-08T14:49:00-05:00,1.8999999999999986,5847.040000000009,4324.0,2023-12-11T09:35:00-05:00,1.4000000000000004,6847.040000000005,315.0,2023-12-08T14:46:00-05:00,2.1499999999999986,5347.040000000009,4328.0,2023-12-11T09:39:00-05:00,0.8499999999999996,7947.040000000007,4329.0,2023-12-11T09:40:00-05:00,0.7999999999999998,8047.040000000006,4336.0,2023-12-11T09:47:00-05:00,0.7999999999999989,8047.040000000008,4329.0,2023-12-11T09:40:00-05:00,0.7999999999999998,8047.040000000006,4362.0,2023-12-11T10:13:00-05:00,0.4249999999999998,8797.040000000008,4363.0,2023-12-11T10:14:00-05:00,0.32499999999999973,8997.040000000006,4385.0,2023-12-11T10:36:00-05:00,0.3750000000000002,8897.040000000008,4363.0,2023-12-11T10:14:00-05:00,0.32499999999999973,8997.040000000006,1500
2023-12-08,2023-12-11,3,6.0,2023-12-08T09:31:00-05:00,5.950000000000003,NDXP  231211P16000000,NDXP  231211P15990000,development,False,False,0,0,0,25,0,770,available,False,2023-12-08T09:31:00-05:00,2023-12-11T15:46:00-05:00,0.0,11647.040000000008,14.0,last_observed_quote_not_settlement,3916.0,2,4,5.249999999999986,1147.0400000000348,2023-12-08T09:32:00-05:00,0.0,5.300000000000011,1047.0399999999836,2023-12-08T09:33:00-05:00,0.0,5.700000000000017,247.03999999997225,2023-12-08T09:36:00-05:00,0.0,5.3999999999999915,847.0400000000234,2023-12-08T09:41:00-05:00,0.0,4.949999999999989,1747.040000000029,2023-12-08T09:46:00-05:00,0.0,4.299999999999997,3047.0400000000122,2023-12-08T10:01:00-05:00,0.0,3.0500000000000043,5547.039999999998,2023-12-08T10:31:00-05:00,0.0,3.6500000000000057,4347.039999999995,2023-12-08T11:31:00-05:00,0.0,,,2023-12-08T15:59:00-05:00,60.0,,,2023-12-08T16:15:00-05:00,85500.0,,,2023-12-08T16:15:00-05:00,171900.0,,,2023-12-11T15:46:00-05:00,840.0,1.0,hit,13.0,hit,36.0,hit,47.0,hit,379.0,hit,379.0,hit,379.0,hit,,never_hit,,never_hit,,never_hit,,never_hit,,never_hit,,never_hit,6.449999999999989,2,False,False,False,False,,6.449999999999989,2,False,False,False,False,,6.449999999999989,2,False,False,False,False,,6.449999999999989,2,False,False,False,False,,47.0,2023-12-08T10:18:00-05:00,2.9000000000000057,5847.039999999995,88.0,2023-12-08T10:59:00-05:00,2.8500000000000014,5947.040000000004,89.0,2023-12-08T11:00:00-05:00,2.799999999999997,6047.040000000012,48.0,2023-12-08T10:19:00-05:00,2.950000000000003,5747.040000000001,379.0,2023-12-08T15:50:00-05:00,0.10000000000000142,11447.040000000005,4324.0,2023-12-11T09:35:00-05:00,1.6499999999999986,8347.04000000001,4328.0,2023-12-11T09:39:00-05:00,1.1500000000000004,9347.040000000006,380.0,2023-12-08T15:51:00-05:00,2.3000000000000007,7047.0400000000045,379.0,2023-12-08T15:50:00-05:00,0.10000000000000142,11447.040000000005,4342.0,2023-12-11T09:53:00-05:00,0.7499999999999991,10147.040000000008,4343.0,2023-12-11T09:54:00-05:00,0.6000000000000001,10447.040000000006,380.0,2023-12-08T15:51:00-05:00,2.3000000000000007,7047.0400000000045,379.0,2023-12-08T15:50:00-05:00,0.10000000000000142,11447.040000000005,4385.0,2023-12-11T10:36:00-05:00,0.44999999999999973,10747.040000000006,4386.0,2023-12-11T10:37:00-05:00,0.375,10897.040000000008,380.0,2023-12-08T15:51:00-05:00,2.3000000000000007,7047.0400000000045,1501
2023-12-08,2023-12-11,3,7.0,2023-12-08T09:31:00-05:00,6.950000000000017,NDXP  231211P16090000,NDXP  231211P16080000,development,False,False,0,0,1,10,0,784,available,False,2023-12-08T09:31:00-05:00,2023-12-11T15:59:00-05:00,0.0,13647.040000000035,1.0,last_observed_quote_not_settlement,3916.0,37,29,7.449999999999989,-1252.9599999999425,2023-12-08T09:32:00-05:00,0.0,7.349999999999994,-1052.9599999999539,2023-12-08T09:33:00-05:00,0.0,7.500000000000028,-1352.960000000022,2023-12-08T09:36:00-05:00,0.0,7.0,-352.9599999999652,2023-12-08T09:41:00-05:00,0.0,7.049999999999997,-452.9599999999595,2023-12-08T09:46:00-05:00,0.0,6.649999999999977,347.0400000000803,2023-12-08T10:01:00-05:00,0.0,5.1000000000000085,3447.0400000000177,2023-12-08T10:31:00-05:00,0.0,5.800000000000011,2047.0400000000122,2023-12-08T11:31:00-05:00,0.0,7.549999999999997,-1452.9599999999596,2023-12-08T16:00:00-05:00,0.0,,,2023-12-08T16:15:00-05:00,85500.0,,,2023-12-08T16:15:00-05:00,171900.0,,,2023-12-11T15:59:00-05:00,60.0,39.0,hit,46.0,hit,4322.0,hit,4337.0,hit,4363.0,hit,4493.0,hit,4532.0,hit,4.0,hit,4.0,hit,1.0,hit,4.0,hit,,never_hit,,never_hit,8.300000000000011,37,True,True,False,False,,8.300000000000011,37,True,True,False,False,,8.300000000000011,37,True,True,False,False,,8.300000000000011,37,True,True,False,False,,4337.0,2023-12-11T09:48:00-05:00,2.4499999999999993,8747.040000000037,4338.0,2023-12-11T09:49:00-05:00,2.8999999999999986,7847.040000000037,4339.0,2023-12-11T09:50:00-05:00,2.9499999999999993,7747.040000000036,4338.0,2023-12-11T09:49:00-05:00,2.8999999999999986,7847.040000000037,4395.0,2023-12-11T10:46:00-05:00,1.9000000000000004,9847.040000000035,4396.0,2023-12-11T10:47:00-05:00,1.75,10147.040000000035,4397.0,2023-12-11T10:48:00-05:00,1.549999999999999,10547.040000000037,4396.0,2023-12-11T10:47:00-05:00,1.75,10147.040000000035,4493.0,2023-12-11T12:24:00-05:00,0.9499999999999993,11747.040000000037,4502.0,2023-12-11T12:33:00-05:00,0.9250000000000003,11797.040000000034,4503.0,2023-12-11T12:34:00-05:00,0.9499999999999997,11747.040000000035,4494.0,2023-12-11T12:25:00-05:00,1.0,11647.040000000035,4532.0,2023-12-11T13:03:00-05:00,0.2749999999999999,13097.040000000035,4533.0,2023-12-11T13:04:00-05:00,0.25,13147.040000000035,4534.0,2023-12-11T13:05:00-05:00,0.19999999999999996,13247.040000000035,4533.0,2023-12-11T13:04:00-05:00,0.25,13147.040000000035,1502
2023-12-11,2023-12-13,2,5.0,2023-12-11T09:31:00-05:00,5.0,NDXP  231213P16100000,NDXP  231213P16090000,development,False,False,0,0,0,1,15,1199,available,False,2023-12-11T09:31:00-05:00,2023-12-13T16:00:00-05:00,0.0,9747.04,0.0,last_observed_quote_not_settlement,1036.0,2,1,5.25,-752.9599999999994,2023-12-11T09:32:00-05:00,0.0,5.249999999999986,-752.9599999999709,2023-12-11T09:33:00-05:00,0.0,4.75,247.04000000000067,2023-12-11T09:36:00-05:00,0.0,4.549999999999997,647.0400000000063,2023-12-11T09:41:00-05:00,0.0,4.499999999999986,747.0400000000291,2023-12-11T09:46:00-05:00,0.0,4.050000000000011,1647.039999999978,2023-12-11T10:01:00-05:00,0.0,4.299999999999983,1147.0400000000348,2023-12-11T10:31:00-05:00,0.0,4.300000000000011,1147.039999999978,2023-12-11T11:31:00-05:00,0.0,3.0,3747.040000000001,2023-12-11T16:00:00-05:00,0.0,0.4499999999999993,8847.040000000003,2023-12-12T16:00:00-05:00,0.0,0.0,9747.04,2023-12-13T16:00:00-05:00,0.0,,,,,0.0,hit,0.0,hit,25.0,hit,121.0,hit,121.0,hit,121.0,hit,1819.0,hit,,never_hit,,never_hit,,never_hit,,never_hit,,never_hit,,never_hit,5.25,2,False,False,False,False,,5.25,2,False,False,False,False,,5.25,2,False,False,False,False,,5.25,2,False,False,False,False,,121.0,2023-12-11T11:32:00-05:00,0.5999999999999943,8547.040000000014,259.0,2023-12-11T13:50:00-05:00,2.8500000000000014,4047.039999999998,260.0,2023-12-11T13:51:00-05:00,2.799999999999997,4147.040000000006,122.0,2023-12-11T11:33:00-05:00,4.300000000000011,1147.039999999978,121.0,2023-12-11T11:32:00-05:00,0.5999999999999943,8547.040000000014,1529.0,2023-12-12T11:00:00-05:00,1.8499999999999979,6047.0400000000045,1530.0,2023-12-12T11:01:00-05:00,1.8000000000000007,6147.039999999999,122.0,2023-12-11T11:33:00-05:00,4.300000000000011,1147.039999999978,121.0,2023-12-11T11:32:00-05:00,0.5999999999999943,8547.040000000014,1754.0,2023-12-12T14:45:00-05:00,0.9000000000000004,7947.04,1755.0,2023-12-12T14:46:00-05:00,0.9000000000000004,7947.04,122.0,2023-12-11T11:33:00-05:00,4.300000000000011,1147.039999999978,1819.0,2023-12-12T15:50:00-05:00,0.0,9747.04,1830.0,2023-12-12T16:01:00-05:00,0.4499999999999993,8847.040000000003,1831.0,2023-12-12T16:02:00-05:00,0.3999999999999999,8947.04,1820.0,2023-12-12T15:51:00-05:00,0.6000000000000014,8547.039999999999,1503
2023-12-11,2023-12-13,2,6.0,2023-12-11T09:31:00-05:00,6.199999999999989,NDXP  231213P16210000,NDXP  231213P16200000,development,False,False,0,0,16,34,0,1165,available,False,2023-12-11T09:31:00-05:00,2023-12-13T15:59:00-05:00,0.35,11447.039999999977,1.0,last_observed_quote_not_settlement,1036.0,25,30,5.500000000000028,1147.039999999921,2023-12-11T09:32:00-05:00,0.0,6.25,-352.96000000002203,2023-12-11T09:33:00-05:00,0.0,8.0,-3852.9600000000237,2023-12-11T09:36:00-05:00,0.0,6.100000000000023,-52.9600000000675,2023-12-11T09:41:00-05:00,0.0,4.850000000000023,2447.0399999999327,2023-12-11T09:46:00-05:00,0.0,5.449999999999989,1247.0400000000006,2023-12-11T10:01:00-05:00,0.0,5.849999999999994,447.03999999998933,2023-12-11T10:31:00-05:00,0.0,5.75,647.0399999999779,2023-12-11T11:31:00-05:00,0.0,4.699999999999989,2747.040000000001,2023-12-11T16:00:00-05:00,0.0,1.4499999999999993,9247.03999999998,2023-12-12T16:00:00-05:00,0.0,,,2023-12-13T15:59:00-05:00,60.0,,,,,11.0,hit,11.0,hit,1473.0,hit,1657.0,hit,1778.0,hit,2880.0,hit,2943.0,hit,5.0,hit,5.0,hit,5.0,hit,5.0,hit,,never_hit,,never_hit,8.0,25,True,True,False,False,,8.0,25,True,True,False,False,,8.0,25,True,True,False,False,,8.0,25,True,True,False,False,,1663.0,2023-12-12T13:14:00-05:00,2.8500000000000014,6447.039999999975,1696.0,2023-12-12T13:47:00-05:00,2.9499999999999957,6247.039999999986,1697.0,2023-12-12T13:48:00-05:00,2.8500000000000014,6447.039999999975,1664.0,2023-12-12T13:15:00-05:00,3.1000000000000014,5947.039999999975,1786.0,2023-12-12T15:17:00-05:00,1.9499999999999957,8247.039999999988,1799.0,2023-12-12T15:30:00-05:00,1.9499999999999993,8247.03999999998,1820.0,2023-12-12T15:51:00-05:00,1.7999999999999972,8547.039999999985,1787.0,2023-12-12T15:18:00-05:00,2.1000000000000014,7947.039999999975,2880.0,2023-12-13T09:31:00-05:00,0.75,10647.039999999979,2881.0,2023-12-13T09:32:00-05:00,0.8999999999999995,10347.039999999979,2882.0,2023-12-13T09:33:00-05:00,0.8499999999999996,10447.039999999979,2881.0,2023-12-13T09:32:00-05:00,0.8999999999999995,10347.039999999979,2943.0,2023-12-13T10:34:00-05:00,0.40000000000000036,11347.039999999979,3151.0,2023-12-13T14:02:00-05:00,0.125,11897.039999999979,3152.0,2023-12-13T14:03:00-05:00,0.19999999999999996,11747.039999999979,2944.0,2023-12-13T10:35:00-05:00,0.75,10647.039999999979,1504
2023-12-11,2023-12-13,2,7.0,2023-12-11T09:31:00-05:00,7.099999999999966,NDXP  231213P16250000,NDXP  231213P16240000,development,False,False,0,0,0,22,15,1178,available,False,2023-12-11T09:31:00-05:00,2023-12-13T15:38:00-05:00,0.04999999999999999,13847.039999999934,22.0,last_observed_quote_not_settlement,1036.0,5,9,7.150000000000006,-352.9600000000789,2023-12-11T09:32:00-05:00,0.0,6.549999999999983,847.0399999999665,2023-12-11T09:33:00-05:00,0.0,4.200000000000017,5547.039999999898,2023-12-11T09:36:00-05:00,0.0,6.449999999999989,1047.0399999999552,2023-12-11T09:41:00-05:00,0.0,6.300000000000011,1347.0399999999097,2023-12-11T09:46:00-05:00,0.0,6.100000000000023,1747.039999999887,2023-12-11T10:01:00-05:00,0.0,6.349999999999994,1247.0399999999438,2023-12-11T10:31:00-05:00,0.0,6.25,1447.0399999999324,2023-12-11T11:31:00-05:00,0.0,5.1499999999999915,3647.0399999999495,2023-12-11T16:00:00-05:00,0.0,2.25,9447.039999999934,2023-12-12T16:00:00-05:00,0.0,,,2023-12-13T15:38:00-05:00,1320.0,,,,,5.0,hit,5.0,hit,310.0,hit,1764.0,hit,1831.0,hit,2885.0,hit,3150.0,hit,74.0,hit,,never_hit,0.0,hit,,never_hit,,never_hit,,never_hit,7.949999999999989,5,True,False,False,False,,7.949999999999989,5,True,False,False,False,,7.949999999999989,5,True,False,False,False,,7.949999999999989,5,True,False,False,False,,1775.0,2023-12-12T15:06:00-05:00,2.9000000000000057,8147.039999999922,1776.0,2023-12-12T15:07:00-05:00,2.799999999999997,8347.039999999939,1777.0,2023-12-12T15:08:00-05:00,2.799999999999997,8347.039999999939,1776.0,2023-12-12T15:07:00-05:00,2.799999999999997,8347.039999999939,1831.0,2023-12-12T16:02:00-05:00,1.9000000000000021,10147.03999999993,1834.0,2023-12-12T16:05:00-05:00,1.9499999999999993,10047.039999999935,1835.0,2023-12-12T16:06:00-05:00,1.8499999999999979,10247.039999999937,1832.0,2023-12-12T16:03:00-05:00,1.9500000000000028,10047.039999999928,2956.0,2023-12-13T10:47:00-05:00,0.8999999999999995,12147.039999999934,2957.0,2023-12-13T10:48:00-05:00,0.9499999999999993,12047.039999999935,3154.0,2023-12-13T14:05:00-05:00,0.4249999999999998,13097.039999999934,2957.0,2023-12-13T10:48:00-05:00,0.9499999999999993,12047.039999999935,3150.0,2023-12-13T14:01:00-05:00,0.2999999999999998,13347.039999999934,3155.0,2023-12-13T14:06:00-05:00,0.25,13447.039999999934,3159.0,2023-12-13T14:10:00-05:00,0.19999999999999996,13547.039999999934,3151.0,2023-12-13T14:02:00-05:00,1.0250000000000004,11897.039999999932,1505
2023-12-11,2023-12-14,3,5.0,2023-12-11T09:31:00-05:00,5.0,NDXP  231214P16100000,NDXP  231214P16090000,development,False,False,0,0,0,128,0,1477,available,False,2023-12-11T09:31:00-05:00,2023-12-14T15:53:00-05:00,1.3877787807814457e-17,9747.04,7.0,last_observed_quote_not_settlement,1036.0,1,2,4.900000000000006,-52.96000000001066,2023-12-11T09:32:00-05:00,0.0,5.050000000000011,-352.96000000002203,2023-12-11T09:33:00-05:00,0.0,4.599999999999994,547.040000000012,2023-12-11T09:36:00-05:00,0.0,4.5,747.0400000000006,2023-12-11T09:41:00-05:00,0.0,4.299999999999983,1147.0400000000348,2023-12-11T09:46:00-05:00,0.0,3.950000000000003,1847.039999999995,2023-12-11T10:01:00-05:00,0.0,4.3500000000000085,1047.0399999999836,2023-12-11T10:31:00-05:00,0.0,3.8499999999999943,2047.0400000000122,2023-12-11T11:31:00-05:00,0.0,3.049999999999997,3647.0400000000063,2023-12-11T16:00:00-05:00,0.0,0.9499999999999993,7847.040000000002,2023-12-12T16:00:00-05:00,0.0,0.02499999999999991,9697.04,2023-12-13T16:00:00-05:00,0.0,,,2023-12-14T15:53:00-05:00,420.0,0.0,hit,0.0,hit,23.0,hit,121.0,hit,1533.0,hit,1820.0,hit,2882.0,hit,,never_hit,,never_hit,,never_hit,,never_hit,,never_hit,,never_hit,5.050000000000011,1,False,False,False,False,,5.050000000000011,1,False,False,False,False,,5.050000000000011,1,False,False,False,False,,5.050000000000011,1,False,False,False,False,,121.0,2023-12-11T11:32:00-05:00,2.75,4247.040000000001,282.0,2023-12-11T14:13:00-05:00,2.8999999999999986,3947.0400000000036,283.0,2023-12-11T14:14:00-05:00,2.75,4247.040000000001,122.0,2023-12-11T11:33:00-05:00,4.200000000000003,1347.039999999995,1549.0,2023-12-12T11:20:00-05:00,1.8999999999999986,5947.040000000004,1554.0,2023-12-12T11:25:00-05:00,1.8500000000000014,6047.039999999998,1555.0,2023-12-12T11:26:00-05:00,1.9499999999999993,5847.040000000002,1550.0,2023-12-12T11:21:00-05:00,2.1499999999999986,5447.040000000004,1820.0,2023-12-12T15:51:00-05:00,0.9499999999999993,7847.040000000002,1832.0,2023-12-12T16:03:00-05:00,0.9000000000000004,7947.04,1833.0,2023-12-12T16:04:00-05:00,0.8000000000000007,8147.04,1821.0,2023-12-12T15:52:00-05:00,1.0999999999999979,7547.0400000000045,2887.0,2023-12-13T09:38:00-05:00,0.4499999999999993,8847.040000000003,3151.0,2023-12-13T14:02:00-05:00,0.40000000000000036,8947.04,3152.0,2023-12-13T14:03:00-05:00,0.40000000000000036,8947.04,2888.0,2023-12-13T09:39:00-05:00,0.45000000000000107,8847.039999999999,1506
2023-12-11,2023-12-14,3,6.0,2023-12-11T09:31:00-05:00,5.900000000000034,NDXP  231214P16180000,NDXP  231214P16170000,development,False,False,0,0,0,5,0,1600,available,False,2023-12-11T09:31:00-05:00,2023-12-14T16:00:00-05:00,0.0,11547.04000000007,0.0,last_observed_quote_not_settlement,1036.0,2,3,6.199999999999989,-852.9599999999084,2023-12-11T09:32:00-05:00,0.0,3.8500000000000227,3847.0400000000236,2023-12-11T09:33:00-05:00,0.0,5.650000000000006,247.04000000005752,2023-12-11T09:36:00-05:00,0.0,5.5,547.0400000000689,2023-12-11T09:41:00-05:00,0.0,5.350000000000023,847.0400000000234,2023-12-11T09:46:00-05:00,0.0,5.0,1547.0400000000689,2023-12-11T10:01:00-05:00,0.0,5.5,547.0400000000689,2023-12-11T10:31:00-05:00,0.0,5.050000000000011,1447.0400000000461,2023-12-11T11:31:00-05:00,0.0,3.950000000000003,3647.040000000063,2023-12-11T16:00:00-05:00,0.0,1.75,8047.040000000069,2023-12-12T16:00:00-05:00,0.0,0.09999999999999964,11347.04000000007,2023-12-13T16:00:00-05:00,0.0,0.0,11547.04000000007,2023-12-14T16:00:00-05:00,0.0,2.0,hit,2.0,hit,2.0,hit,1492.0,hit,1651.0,hit,1819.0,hit,1819.0,hit,,never_hit,,never_hit,,never_hit,,never_hit,,never_hit,,never_hit,6.199999999999989,2,False,False,False,False,,6.199999999999989,2,False,False,False,False,,6.199999999999989,2,False,False,False,False,,6.199999999999989,2,False,False,False,False,,1492.0,2023-12-12T10:23:00-05:00,2.8499999999999943,5847.04000000008,1553.0,2023-12-12T11:24:00-05:00,2.799999999999997,5947.0400000000745,1554.0,2023-12-12T11:25:00-05:00,2.9000000000000057,5747.040000000057,1493.0,2023-12-12T10:24:00-05:00,3.0999999999999943,5347.04000000008,1651.0,2023-12-12T13:02:00-05:00,1.2000000000000028,9147.040000000065,1819.0,2023-12-12T15:50:00-05:00,0.34999999999999787,10847.040000000074,1827.0,2023-12-12T15:58:00-05:00,1.8000000000000043,7947.04000000006,1652.0,2023-12-12T13:03:00-05:00,2.799999999999997,5947.0400000000745,1819.0,2023-12-12T15:50:00-05:00,0.34999999999999787,10847.040000000074,2886.0,2023-12-13T09:37:00-05:00,0.9000000000000004,9747.04000000007,3153.0,2023-12-13T14:04:00-05:00,0.6500000000000004,10247.04000000007,1820.0,2023-12-12T15:51:00-05:00,2.0,7547.040000000069,1819.0,2023-12-12T15:50:00-05:00,0.34999999999999787,10847.040000000074,3169.0,2023-12-13T14:20:00-05:00,0.35000000000000053,10847.040000000068,3170.0,2023-12-13T14:21:00-05:00,0.39999999999999947,10747.04000000007,1820.0,2023-12-12T15:51:00-05:00,2.0,7547.040000000069,1507
2023-12-11,2023-12-14,3,7.0,2023-12-11T09:31:00-05:00,6.849999999999994,NDXP  231214P16260000,NDXP  231214P16250000,development,False,False,0,0,0,7,0,1598,available,False,2023-12-11T09:31:00-05:00,2023-12-14T16:00:00-05:00,0.0,13447.03999999999,0.0,last_observed_quote_not_settlement,1036.0,7,11,6.949999999999989,-452.95999999998793,2023-12-11T09:32:00-05:00,0.0,8.400000000000006,-3352.9600000000237,2023-12-11T09:33:00-05:00,0.0,7.0,-552.9600000000107,2023-12-11T09:36:00-05:00,0.0,6.949999999999989,-452.95999999998793,2023-12-11T09:41:00-05:00,0.0,6.300000000000011,847.0399999999665,2023-12-11T09:46:00-05:00,0.0,5.699999999999989,2047.0400000000122,2023-12-11T10:01:00-05:00,0.0,5.799999999999983,1847.0400000000234,2023-12-11T10:31:00-05:00,0.0,6.049999999999983,1347.0400000000234,2023-12-11T11:31:00-05:00,0.0,5.25,2947.0399999999895,2023-12-11T16:00:00-05:00,0.0,2.6000000000000014,8247.039999999988,2023-12-12T16:00:00-05:00,0.0,0.17499999999999982,13097.03999999999,2023-12-13T16:00:00-05:00,0.0,0.0,13447.03999999999,2023-12-14T16:00:00-05:00,0.0,3.0,hit,3.0,hit,1490.0,hit,1819.0,hit,1819.0,hit,3160.0,hit,3192.0,hit,2.0,hit,2.0,hit,2.0,hit,2.0,hit,,never_hit,,never_hit,8.400000000000006,7,True,True,False,False,,8.400000000000006,7,True,True,False,False,,8.400000000000006,7,True,True,False,False,,8.400000000000006,7,True,True,False,False,,1819.0,2023-12-12T15:50:00-05:00,2.0,9447.03999999999,1832.0,2023-12-12T16:03:00-05:00,2.6499999999999915,8147.040000000007,1833.0,2023-12-12T16:04:00-05:00,2.6000000000000014,8247.039999999988,1820.0,2023-12-12T15:51:00-05:00,3.0,7447.039999999989,2884.0,2023-12-13T09:35:00-05:00,1.7500000000000036,9947.039999999983,2885.0,2023-12-13T09:36:00-05:00,1.8500000000000014,9747.039999999988,2886.0,2023-12-13T09:37:00-05:00,1.8000000000000007,9847.039999999988,2885.0,2023-12-13T09:36:00-05:00,1.8500000000000014,9747.039999999988,3168.0,2023-12-13T14:19:00-05:00,0.9499999999999993,11547.039999999992,3169.0,2023-12-13T14:20:00-05:00,0.9000000000000004,11647.03999999999,3170.0,2023-12-13T14:21:00-05:00,0.8499999999999979,11747.039999999994,3169.0,2023-12-13T14:20:00-05:00,0.9000000000000004,11647.03999999999,3201.0,2023-12-13T14:52:00-05:00,0.4499999999999993,12547.039999999992,3202.0,2023-12-13T14:53:00-05:00,0.40000000000000036,12647.03999999999,3203.0,2023-12-13T14:54:00-05:00,0.40000000000000036,12647.03999999999,3202.0,2023-12-13T14:53:00-05:00,0.40000000000000036,12647.03999999999,1508
2023-12-12,2023-12-14,2,5.0,2023-12-12T09:31:00-05:00,4.999999999999986,NDXP  231214P16240000,NDXP  231214P16230000,development,False,False,0,0,0,2,0,1198,available,False,2023-12-12T09:31:00-05:00,2023-12-14T16:00:00-05:00,0.0,9747.039999999974,0.0,last_observed_quote_not_settlement,1037.0,26,17,5.3999999999999915,-1052.9600000000107,2023-12-12T09:32:00-05:00,0.0,5.000000000000014,-252.96000000005614,2023-12-12T09:33:00-05:00,0.0,5.299999999999997,-852.9600000000221,2023-12-12T09:36:00-05:00,0.0,5.3500000000000085,-952.9600000000448,2023-12-12T09:41:00-05:00,0.0,5.449999999999989,-1152.960000000005,2023-12-12T09:46:00-05:00,0.0,4.75,247.03999999997225,2023-12-12T10:01:00-05:00,0.0,4.400000000000006,947.0399999999609,2023-12-12T10:31:00-05:00,0.0,3.9000000000000057,1947.0399999999609,2023-12-12T11:31:00-05:00,0.0,2.6000000000000014,4547.039999999969,2023-12-12T16:00:00-05:00,0.0,0.17500000000000027,9397.039999999972,2023-12-13T16:00:00-05:00,0.0,0.0,9747.039999999974,2023-12-14T16:00:00-05:00,0.0,,,,,0.0,hit,0.0,hit,36.0,hit,37.0,hit,1440.0,hit,1715.0,hit,1745.0,hit,13.0,hit,,never_hit,,never_hit,,never_hit,,never_hit,,never_hit,5.650000000000006,21,False,False,False,False,,5.800000000000011,26,False,False,False,False,,5.800000000000011,26,False,False,False,False,,5.800000000000011,26,False,False,False,False,,37.0,2023-12-12T10:08:00-05:00,2.9499999999999886,3847.039999999995,354.0,2023-12-12T15:25:00-05:00,2.9000000000000057,3947.039999999961,355.0,2023-12-12T15:26:00-05:00,2.8999999999999986,3947.039999999975,38.0,2023-12-12T10:09:00-05:00,5.299999999999997,-852.9600000000221,1440.0,2023-12-13T09:31:00-05:00,1.6999999999999957,6347.039999999981,1441.0,2023-12-13T09:32:00-05:00,1.6500000000000021,6447.039999999968,1442.0,2023-12-13T09:33:00-05:00,1.8000000000000007,6147.039999999971,1441.0,2023-12-13T09:32:00-05:00,1.6500000000000021,6447.039999999968,1719.0,2023-12-13T14:10:00-05:00,0.8999999999999986,7947.039999999975,1720.0,2023-12-13T14:11:00-05:00,0.8000000000000007,8147.039999999971,1721.0,2023-12-13T14:12:00-05:00,0.9499999999999993,7847.039999999974,1720.0,2023-12-13T14:11:00-05:00,0.8000000000000007,8147.039999999971,1752.0,2023-12-13T14:43:00-05:00,0.40000000000000036,8947.039999999972,1755.0,2023-12-13T14:46:00-05:00,0.39999999999999947,8947.039999999974,1759.0,2023-12-13T14:50:00-05:00,0.40000000000000036,8947.039999999972,1753.0,2023-12-13T14:44:00-05:00,0.4500000000000002,8847.039999999974,1509
2023-12-12,2023-12-14,2,6.0,2023-12-12T09:31:00-05:00,5.849999999999994,NDXP  231214P16270000,NDXP  231214P16260000,development,False,False,0,0,0,6,0,1194,available,False,2023-12-12T09:31:00-05:00,2023-12-14T16:00:00-05:00,0.0,11447.03999999999,0.0,last_observed_quote_not_settlement,1036.0,10,8,5.700000000000017,47.039999999955235,2023-12-12T09:32:00-05:00,0.0,5.649999999999977,147.0400000000348,2023-12-12T09:33:00-05:00,0.0,6.099999999999994,-752.9599999999994,2023-12-12T09:36:00-05:00,0.0,5.800000000000011,-152.9600000000334,2023-12-12T09:41:00-05:00,0.0,5.850000000000023,-252.96000000005614,2023-12-12T09:46:00-05:00,0.0,5.1499999999999915,1147.0400000000063,2023-12-12T10:01:00-05:00,0.0,4.849999999999994,1747.0400000000006,2023-12-12T10:31:00-05:00,0.0,4.299999999999997,2847.039999999995,2023-12-12T11:31:00-05:00,0.0,3.1000000000000014,5247.039999999986,2023-12-12T16:00:00-05:00,0.0,0.25,10947.03999999999,2023-12-13T16:00:00-05:00,0.0,0.0,11447.03999999999,2023-12-14T16:00:00-05:00,0.0,,,,,14.0,hit,14.0,hit,86.0,hit,278.0,hit,1444.0,hit,1725.0,hit,1752.0,hit,6.0,hit,6.0,hit,6.0,hit,,never_hit,,never_hit,,never_hit,7.25,10,True,False,False,False,,7.25,10,True,False,False,False,,7.25,10,True,False,False,False,,7.25,10,True,False,False,False,,278.0,2023-12-12T14:09:00-05:00,2.1500000000000057,7147.039999999978,393.0,2023-12-12T16:04:00-05:00,2.8500000000000014,5747.039999999986,394.0,2023-12-12T16:05:00-05:00,2.8000000000000043,5847.039999999981,279.0,2023-12-12T14:10:00-05:00,3.9000000000000057,3647.039999999978,1444.0,2023-12-13T09:35:00-05:00,1.9499999999999993,7547.039999999991,1445.0,2023-12-13T09:36:00-05:00,1.9499999999999957,7547.039999999998,1446.0,2023-12-13T09:37:00-05:00,1.8999999999999986,7647.039999999992,1445.0,2023-12-13T09:36:00-05:00,1.9499999999999957,7547.039999999998,1725.0,2023-12-13T14:16:00-05:00,0.9499999999999993,9547.039999999992,1733.0,2023-12-13T14:24:00-05:00,0.8499999999999996,9747.039999999992,1746.0,2023-12-13T14:37:00-05:00,0.8000000000000007,9847.039999999988,1726.0,2023-12-13T14:17:00-05:00,1.0999999999999996,9247.039999999992,1762.0,2023-12-13T14:53:00-05:00,0.4499999999999993,10547.039999999992,1763.0,2023-12-13T14:54:00-05:00,0.4499999999999993,10547.039999999992,1764.0,2023-12-13T14:55:00-05:00,0.40000000000000036,10647.03999999999,1763.0,2023-12-13T14:54:00-05:00,0.4499999999999993,10547.039999999992,1510
2023-12-12,2023-12-14,2,7.0,2023-12-12T09:31:00-05:00,6.950000000000017,NDXP  231214P16370000,NDXP  231214P16360000,development,False,False,0,0,0,6,0,1194,available,False,2023-12-12T09:31:00-05:00,2023-12-14T16:00:00-05:00,0.0,13647.040000000035,0.0,last_observed_quote_not_settlement,1036.0,23,6,6.549999999999983,547.0400000000689,2023-12-12T09:32:00-05:00,0.0,7.0,-352.9599999999652,2023-12-12T09:33:00-05:00,0.0,7.400000000000034,-1152.9600000000335,2023-12-12T09:36:00-05:00,0.0,7.050000000000011,-452.95999999998793,2023-12-12T09:41:00-05:00,0.0,7.199999999999989,-752.9599999999425,2023-12-12T09:46:00-05:00,0.0,6.800000000000011,47.04000000001208,2023-12-12T10:01:00-05:00,0.0,6.450000000000017,747.0400000000006,2023-12-12T10:31:00-05:00,0.0,6.100000000000023,1447.0399999999893,2023-12-12T11:31:00-05:00,0.0,4.900000000000006,3847.0400000000236,2023-12-12T16:00:00-05:00,0.0,0.7499999999999991,12147.040000000037,2023-12-13T16:00:00-05:00,0.0,0.0,13647.040000000035,2023-12-14T16:00:00-05:00,0.0,,,,,95.0,hit,96.0,hit,1440.0,hit,1713.0,hit,1744.0,hit,1765.0,hit,1831.0,hit,6.0,hit,,never_hit,2.0,hit,,never_hit,,never_hit,,never_hit,7.650000000000006,23,True,False,False,False,,7.650000000000006,23,True,False,False,False,,7.650000000000006,23,True,False,False,False,,7.650000000000006,23,True,False,False,False,,1714.0,2023-12-13T14:05:00-05:00,2.8999999999999986,7847.040000000037,1715.0,2023-12-13T14:06:00-05:00,2.5500000000000043,8547.040000000026,1716.0,2023-12-13T14:07:00-05:00,2.8999999999999986,7847.040000000037,1715.0,2023-12-13T14:06:00-05:00,2.5500000000000043,8547.040000000026,1745.0,2023-12-13T14:36:00-05:00,1.6000000000000014,10447.040000000034,1746.0,2023-12-13T14:37:00-05:00,1.6499999999999986,10347.040000000039,1747.0,2023-12-13T14:38:00-05:00,1.8499999999999979,9947.040000000039,1746.0,2023-12-13T14:37:00-05:00,1.6499999999999986,10347.040000000039,1767.0,2023-12-13T14:58:00-05:00,0.8999999999999986,11847.040000000039,1774.0,2023-12-13T15:05:00-05:00,0.8499999999999996,11947.040000000037,1775.0,2023-12-13T15:06:00-05:00,0.75,12147.040000000035,1768.0,2023-12-13T14:59:00-05:00,1.0500000000000007,11547.040000000034,1831.0,2023-12-13T16:02:00-05:00,0.34999999999999964,12947.040000000037,2881.0,2023-12-14T09:32:00-05:00,0.17500000000000027,13297.040000000034,2882.0,2023-12-14T09:33:00-05:00,0.19999999999999996,13247.040000000035,1832.0,2023-12-13T16:03:00-05:00,0.6999999999999993,12247.040000000037,1511
2023-12-15,2023-12-18,3,5.0,2023-12-15T09:31:00-05:00,4.900000000000006,NDXP  231218P16600000,NDXP  231218P16590000,development,False,False,0,0,0,23,0,772,available,False,2023-12-15T09:31:00-05:00,2023-12-18T16:00:00-05:00,0.2,9147.040000000012,0.0,last_observed_quote_not_settlement,3916.0,38,18,4.799999999999997,-52.95999999998224,2023-12-15T09:32:00-05:00,0.0,4.849999999999994,-152.95999999997656,2023-12-15T09:33:00-05:00,0.0,4.75,47.04000000001208,2023-12-15T09:36:00-05:00,0.0,4.549999999999983,447.0400000000462,2023-12-15T09:41:00-05:00,0.0,4.050000000000004,1447.0400000000036,2023-12-15T09:46:00-05:00,0.0,4.400000000000006,747.0400000000006,2023-12-15T10:01:00-05:00,0.0,3.299999999999997,2947.0400000000177,2023-12-15T10:31:00-05:00,0.0,2.8500000000000085,3847.039999999995,2023-12-15T11:31:00-05:00,0.0,4.299999999999997,947.0400000000177,2023-12-15T16:00:00-05:00,0.0,,,2023-12-15T16:15:00-05:00,85500.0,,,2023-12-15T16:15:00-05:00,171900.0,0.2,9147.040000000012,2023-12-18T16:00:00-05:00,0.0,0.0,hit,0.0,hit,12.0,hit,115.0,hit,4335.0,hit,4369.0,hit,4451.0,hit,252.0,hit,264.0,hit,,never_hit,,never_hit,,never_hit,,never_hit,5.150000000000006,1,False,False,False,False,,6.549999999999997,38,False,False,False,False,,6.549999999999997,38,False,False,False,False,,6.549999999999997,38,False,False,False,False,,120.0,2023-12-15T11:31:00-05:00,2.8500000000000085,3847.039999999995,121.0,2023-12-15T11:32:00-05:00,2.900000000000002,3747.0400000000077,127.0,2023-12-15T11:38:00-05:00,2.8999999999999986,3747.040000000015,121.0,2023-12-15T11:32:00-05:00,2.900000000000002,3747.0400000000077,4335.0,2023-12-18T09:46:00-05:00,1.8499999999999979,5847.040000000016,4350.0,2023-12-18T10:01:00-05:00,1.75,6047.040000000012,4351.0,2023-12-18T10:02:00-05:00,1.6999999999999993,6147.040000000014,4336.0,2023-12-18T09:47:00-05:00,2.799999999999997,3947.0400000000177,4369.0,2023-12-18T10:20:00-05:00,0.9499999999999993,7647.040000000014,4380.0,2023-12-18T10:31:00-05:00,0.8999999999999995,7747.040000000013,4427.0,2023-12-18T11:18:00-05:00,0.6999999999999997,8147.040000000011,4370.0,2023-12-18T10:21:00-05:00,1.200000000000001,7147.04000000001,4452.0,2023-12-18T11:43:00-05:00,0.375,8797.040000000014,4453.0,2023-12-18T11:44:00-05:00,0.40000000000000036,8747.040000000012,4454.0,2023-12-18T11:45:00-05:00,0.2250000000000001,9097.040000000012,4453.0,2023-12-18T11:44:00-05:00,0.40000000000000036,8747.040000000012,1512
2023-12-15,2023-12-18,3,6.0,2023-12-15T09:31:00-05:00,6.150000000000006,NDXP  231218P16660000,NDXP  231218P16650000,development,False,False,0,0,0,37,0,758,available,False,2023-12-15T09:31:00-05:00,2023-12-18T16:00:00-05:00,6.45,-852.9599999999883,0.0,last_observed_quote_not_settlement,3916.0,149,54,5.299999999999997,1447.0400000000177,2023-12-15T09:32:00-05:00,0.0,5.950000000000003,147.0400000000064,2023-12-15T09:33:00-05:00,0.0,6.199999999999989,-352.9599999999652,2023-12-15T09:36:00-05:00,0.0,6.800000000000011,-1552.9600000000107,2023-12-15T09:41:00-05:00,0.0,5.650000000000006,747.0400000000006,2023-12-15T09:46:00-05:00,0.0,5.75,547.040000000012,2023-12-15T10:01:00-05:00,0.0,4.949999999999989,2147.040000000035,2023-12-15T10:31:00-05:00,0.0,4.349999999999994,3347.0400000000236,2023-12-15T11:31:00-05:00,0.0,5.6499999999999915,747.0400000000291,2023-12-15T16:00:00-05:00,0.0,,,2023-12-15T16:15:00-05:00,85500.0,,,2023-12-15T16:15:00-05:00,171900.0,6.45,-852.9599999999883,2023-12-18T16:00:00-05:00,0.0,1.0,hit,58.0,hit,4347.0,hit,4357.0,hit,4449.0,hit,4486.0,hit,4547.0,hit,3.0,hit,253.0,hit,251.0,hit,,never_hit,,never_hit,,never_hit,7.5,149,True,False,False,False,,7.5,149,True,False,False,False,,7.5,149,True,False,False,False,,7.5,149,True,False,False,False,,4357.0,2023-12-18T10:08:00-05:00,2.9499999999999993,6147.040000000014,4369.0,2023-12-18T10:20:00-05:00,2.700000000000003,6647.040000000006,4380.0,2023-12-18T10:31:00-05:00,2.4999999999999982,7047.040000000015,4358.0,2023-12-18T10:09:00-05:00,3.25,5547.040000000012,4454.0,2023-12-18T11:45:00-05:00,1.8499999999999996,8347.040000000014,4455.0,2023-12-18T11:46:00-05:00,1.7999999999999998,8447.040000000014,4456.0,2023-12-18T11:47:00-05:00,1.6999999999999993,8647.040000000014,4455.0,2023-12-18T11:46:00-05:00,1.7999999999999998,8447.040000000014,4486.0,2023-12-18T12:17:00-05:00,0.9000000000000004,10247.040000000012,4490.0,2023-12-18T12:21:00-05:00,0.8499999999999996,10347.040000000014,4491.0,2023-12-18T12:22:00-05:00,0.8999999999999995,10247.040000000014,4487.0,2023-12-18T12:18:00-05:00,0.9500000000000002,10147.040000000012,4555.0,2023-12-18T13:26:00-05:00,0.375,11297.040000000014,4556.0,2023-12-18T13:27:00-05:00,0.3999999999999999,11247.040000000012,4561.0,2023-12-18T13:32:00-05:00,0.25,11547.040000000014,4556.0,2023-12-18T13:27:00-05:00,0.3999999999999999,11247.040000000012,1513
2023-12-15,2023-12-18,3,7.0,2023-12-15T09:31:00-05:00,6.849999999999994,NDXP  231218P16680000,NDXP  231218P16670000,development,False,False,0,0,0,1,0,794,available,False,2023-12-15T09:31:00-05:00,2023-12-18T16:00:00-05:00,0.0,13447.03999999999,0.0,last_observed_quote_not_settlement,3916.0,115,49,6.5,447.03999999998933,2023-12-15T09:32:00-05:00,0.0,6.200000000000003,1047.0399999999836,2023-12-15T09:33:00-05:00,0.0,6.699999999999989,47.04000000001208,2023-12-15T09:36:00-05:00,0.0,6.449999999999989,547.040000000012,2023-12-15T09:41:00-05:00,0.0,6.25,947.0399999999893,2023-12-15T09:46:00-05:00,0.0,6.450000000000003,547.0399999999836,2023-12-15T10:01:00-05:00,0.0,5.599999999999994,2247.040000000001,2023-12-15T10:31:00-05:00,0.0,4.900000000000006,3647.039999999978,2023-12-15T11:31:00-05:00,0.0,7.200000000000017,-952.9600000000448,2023-12-15T16:00:00-05:00,0.0,,,2023-12-15T16:15:00-05:00,85500.0,,,2023-12-15T16:15:00-05:00,171900.0,0.0,13447.03999999999,2023-12-18T16:00:00-05:00,0.0,49.0,hit,120.0,hit,4322.0,hit,4451.0,hit,4480.0,hit,4550.0,hit,4581.0,hit,3.0,hit,251.0,hit,3.0,hit,251.0,hit,,never_hit,,never_hit,8.25,115,True,True,False,False,,8.25,115,True,True,False,False,,8.25,115,True,True,False,False,,8.25,115,True,True,False,False,,4454.0,2023-12-18T11:45:00-05:00,2.700000000000001,8047.039999999987,4455.0,2023-12-18T11:46:00-05:00,2.6999999999999993,8047.039999999991,4456.0,2023-12-18T11:47:00-05:00,2.6000000000000014,8247.039999999988,4455.0,2023-12-18T11:46:00-05:00,2.6999999999999993,8047.039999999991,4480.0,2023-12-18T12:11:00-05:00,1.9000000000000004,9647.03999999999,4481.0,2023-12-18T12:12:00-05:00,1.8499999999999996,9747.039999999992,4487.0,2023-12-18T12:18:00-05:00,1.5499999999999998,10347.03999999999,4481.0,2023-12-18T12:12:00-05:00,1.8499999999999996,9747.039999999992,4551.0,2023-12-18T13:22:00-05:00,0.9250000000000003,11597.039999999988,4554.0,2023-12-18T13:25:00-05:00,0.9249999999999989,11597.039999999992,4555.0,2023-12-18T13:26:00-05:00,0.75,11947.03999999999,4552.0,2023-12-18T13:23:00-05:00,1.0000000000000004,11447.039999999988,4594.0,2023-12-18T14:05:00-05:00,0.42500000000000004,12597.03999999999,4595.0,2023-12-18T14:06:00-05:00,0.4249999999999998,12597.03999999999,4596.0,2023-12-18T14:07:00-05:00,0.375,12697.03999999999,4595.0,2023-12-18T14:06:00-05:00,0.4249999999999998,12597.03999999999,1514
2023-12-18,2023-12-20,2,5.0,2023-12-18T09:31:00-05:00,4.800000000000011,NDXP  231220P16640000,NDXP  231220P16630000,development,False,False,0,0,0,6,0,1193,available,False,2023-12-18T09:31:00-05:00,2023-12-20T15:58:00-05:00,10.0,-10552.959999999975,2.0,last_observed_quote_not_settlement,1036.0,48,7,4.25,847.0400000000234,2023-12-18T09:32:00-05:00,0.0,4.25,847.0400000000234,2023-12-18T09:33:00-05:00,0.0,4.650000000000006,47.04000000001208,2023-12-18T09:36:00-05:00,0.0,4.0,1347.0400000000234,2023-12-18T09:41:00-05:00,0.0,4.349999999999994,647.0400000000348,2023-12-18T09:46:00-05:00,0.0,3.8500000000000014,1647.0400000000207,2023-12-18T10:01:00-05:00,0.0,3.5500000000000043,2247.040000000015,2023-12-18T10:31:00-05:00,0.0,3.450000000000003,2447.0400000000177,2023-12-18T11:31:00-05:00,0.0,2.5500000000000007,4247.040000000022,2023-12-18T16:00:00-05:00,0.0,0.6000000000000001,8147.040000000022,2023-12-19T16:00:00-05:00,0.0,,,2023-12-20T15:58:00-05:00,120.0,,,,,0.0,hit,0.0,hit,3.0,hit,53.0,hit,324.0,hit,1529.0,hit,1808.0,hit,3212.0,hit,3214.0,hit,3214.0,hit,3218.0,hit,3245.0,hit,3246.0,hit,4.800000000000011,0,False,False,False,False,,4.800000000000011,0,False,False,False,False,,4.800000000000011,0,False,False,False,False,,4.800000000000011,0,False,False,False,False,,53.0,2023-12-18T10:24:00-05:00,2.450000000000003,4447.040000000018,166.0,2023-12-18T12:17:00-05:00,2.8999999999999915,3547.0400000000404,167.0,2023-12-18T12:18:00-05:00,2.8499999999999943,3647.040000000035,54.0,2023-12-18T10:25:00-05:00,3.3999999999999986,2547.0400000000263,1440.0,2023-12-19T09:31:00-05:00,1.6000000000000014,6147.040000000021,1441.0,2023-12-19T09:32:00-05:00,1.4499999999999993,6447.0400000000245,1442.0,2023-12-19T09:33:00-05:00,1.450000000000001,6447.040000000021,1441.0,2023-12-19T09:32:00-05:00,1.4499999999999993,6447.0400000000245,1534.0,2023-12-19T11:05:00-05:00,0.9499999999999993,7447.0400000000245,1538.0,2023-12-19T11:09:00-05:00,0.8499999999999996,7647.0400000000245,1546.0,2023-12-19T11:17:00-05:00,0.9000000000000004,7547.040000000023,1535.0,2023-12-19T11:06:00-05:00,0.9500000000000011,7447.040000000021,1821.0,2023-12-19T15:52:00-05:00,0.40000000000000036,8547.040000000023,1824.0,2023-12-19T15:55:00-05:00,0.4499999999999993,8447.040000000026,1825.0,2023-12-19T15:56:00-05:00,0.40000000000000036,8547.040000000023,1822.0,2023-12-19T15:53:00-05:00,0.45000000000000107,8447.040000000023,1515
2023-12-18,2023-12-20,2,6.0,2023-12-18T09:31:00-05:00,6.099999999999994,NDXP  231220P16730000,NDXP  231220P16720000,development,False,False,0,0,0,12,0,1187,available,False,2023-12-18T09:31:00-05:00,2023-12-20T15:59:00-05:00,10.0,-7952.960000000011,1.0,last_observed_quote_not_settlement,1036.0,99,35,5.650000000000006,647.0399999999779,2023-12-18T09:32:00-05:00,0.0,5.400000000000006,1147.039999999978,2023-12-18T09:33:00-05:00,0.0,6.150000000000006,-352.96000000002203,2023-12-18T09:36:00-05:00,0.0,6.200000000000003,-452.96000000001635,2023-12-18T09:41:00-05:00,0.0,6.349999999999994,-752.9599999999994,2023-12-18T09:46:00-05:00,0.0,6.75,-1552.9600000000107,2023-12-18T10:01:00-05:00,0.0,5.299999999999997,1347.039999999995,2023-12-18T10:31:00-05:00,0.0,5.349999999999994,1247.0400000000006,2023-12-18T11:31:00-05:00,0.0,4.75,2447.0399999999895,2023-12-18T16:00:00-05:00,0.0,1.6000000000000014,8747.039999999988,2023-12-19T16:00:00-05:00,0.0,,,2023-12-20T15:59:00-05:00,60.0,,,,,2.0,hit,26.0,hit,283.0,hit,1493.0,hit,1822.0,hit,2919.0,hit,2940.0,hit,6.0,hit,6.0,hit,6.0,hit,3202.0,hit,3203.0,hit,3211.0,hit,7.950000000000003,51,True,False,False,False,,7.950000000000003,51,True,False,False,False,,7.950000000000003,51,True,False,False,False,,7.950000000000003,51,True,False,False,False,,1504.0,2023-12-19T10:35:00-05:00,2.8999999999999986,6147.039999999992,1528.0,2023-12-19T10:59:00-05:00,2.8500000000000014,6247.039999999986,1529.0,2023-12-19T11:00:00-05:00,2.8500000000000014,6247.039999999986,1505.0,2023-12-19T10:36:00-05:00,3.049999999999997,5847.039999999995,1825.0,2023-12-19T15:56:00-05:00,1.700000000000001,8547.039999999988,1826.0,2023-12-19T15:57:00-05:00,1.8000000000000007,8347.039999999988,1827.0,2023-12-19T15:58:00-05:00,1.8000000000000007,8347.039999999988,1826.0,2023-12-19T15:57:00-05:00,1.8000000000000007,8347.039999999988,2927.0,2023-12-20T10:18:00-05:00,0.8999999999999995,10147.039999999992,2930.0,2023-12-20T10:21:00-05:00,0.8000000000000007,10347.039999999988,2931.0,2023-12-20T10:22:00-05:00,0.6000000000000001,10747.03999999999,2928.0,2023-12-20T10:19:00-05:00,0.9500000000000006,10047.039999999988,2941.0,2023-12-20T10:32:00-05:00,0.3999999999999999,11147.03999999999,2942.0,2023-12-20T10:33:00-05:00,0.375,11197.03999999999,2943.0,2023-12-20T10:34:00-05:00,0.44999999999999973,11047.03999999999,2942.0,2023-12-20T10:33:00-05:00,0.375,11197.03999999999,1516
2023-12-18,2023-12-20,2,7.0,2023-12-18T09:31:00-05:00,7.449999999999989,NDXP  231220P16790000,NDXP  231220P16780000,development,False,False,0,0,0,22,0,1177,available,False,2023-12-18T09:31:00-05:00,2023-12-20T15:58:00-05:00,9.75,-4852.960000000024,2.0,last_observed_quote_not_settlement,1036.0,78,61,7.400000000000006,-152.9600000000334,2023-12-18T09:32:00-05:00,0.0,7.599999999999966,-552.9599999999539,2023-12-18T09:33:00-05:00,0.0,7.050000000000011,547.0399999999552,2023-12-18T09:36:00-05:00,0.0,7.699999999999989,-752.9599999999994,2023-12-18T09:41:00-05:00,0.0,8.25,-1852.960000000024,2023-12-18T09:46:00-05:00,0.0,6.899999999999977,847.0400000000234,2023-12-18T10:01:00-05:00,0.0,6.900000000000006,847.0399999999665,2023-12-18T10:31:00-05:00,0.0,7.400000000000006,-152.9600000000334,2023-12-18T11:31:00-05:00,0.0,5.750000000000014,3147.0399999999495,2023-12-18T16:00:00-05:00,0.0,3.6499999999999986,7347.039999999981,2023-12-19T16:00:00-05:00,0.0,,,2023-12-20T15:58:00-05:00,120.0,,,,,230.0,hit,1440.0,hit,1825.0,hit,2911.0,hit,2934.0,hit,3086.0,hit,3122.0,hit,15.0,hit,23.0,hit,0.0,hit,15.0,hit,26.0,hit,3198.0,hit,9.25,39,True,True,True,True,,9.25,39,True,True,True,True,,9.25,39,True,True,True,True,,9.25,39,True,True,True,True,,2911.0,2023-12-20T10:02:00-05:00,2.799999999999997,9047.039999999985,2916.0,2023-12-20T10:07:00-05:00,2.8000000000000007,9047.039999999977,2917.0,2023-12-20T10:08:00-05:00,2.8000000000000007,9047.039999999977,2912.0,2023-12-20T10:03:00-05:00,3.3999999999999986,7847.039999999981,2934.0,2023-12-20T10:25:00-05:00,1.9499999999999993,10747.03999999998,2941.0,2023-12-20T10:32:00-05:00,1.4499999999999993,11747.03999999998,2942.0,2023-12-20T10:33:00-05:00,1.3500000000000005,11947.039999999977,2935.0,2023-12-20T10:26:00-05:00,2.0500000000000007,10547.039999999977,3087.0,2023-12-20T12:58:00-05:00,0.8500000000000001,12947.039999999977,3088.0,2023-12-20T12:59:00-05:00,0.8500000000000001,12947.039999999977,3089.0,2023-12-20T13:00:00-05:00,0.8000000000000003,13047.039999999977,3088.0,2023-12-20T12:59:00-05:00,0.8500000000000001,12947.039999999977,3122.0,2023-12-20T13:33:00-05:00,0.42500000000000004,13797.039999999979,,,,,,,,,3123.0,2023-12-20T13:34:00-05:00,0.5250000000000004,13597.039999999979,1517
2023-12-18,2023-12-21,3,5.0,2023-12-18T09:31:00-05:00,4.900000000000006,NDXP  231221P16670000,NDXP  231221P16660000,development,False,False,0,0,0,3,0,1602,available,False,2023-12-18T09:31:00-05:00,2023-12-21T15:59:00-05:00,0.025000000000000022,9497.040000000012,1.0,last_observed_quote_not_settlement,1036.0,135,33,4.800000000000011,-52.96000000001066,2023-12-18T09:32:00-05:00,0.0,4.6499999999999915,247.0400000000291,2023-12-18T09:33:00-05:00,0.0,4.75,47.04000000001208,2023-12-18T09:36:00-05:00,0.0,4.549999999999983,447.0400000000462,2023-12-18T09:41:00-05:00,0.0,4.799999999999997,-52.95999999998224,2023-12-18T09:46:00-05:00,0.0,4.599999999999994,347.04000000002344,2023-12-18T10:01:00-05:00,0.0,4.0,1547.040000000012,2023-12-18T10:31:00-05:00,0.0,3.950000000000003,1647.0400000000063,2023-12-18T11:31:00-05:00,0.0,3.299999999999997,2947.0400000000177,2023-12-18T16:00:00-05:00,0.0,1.3500000000000014,6847.040000000009,2023-12-19T16:00:00-05:00,0.0,7.349999999999994,-5152.959999999976,2023-12-20T16:00:00-05:00,0.0,,,2023-12-21T15:59:00-05:00,60.0,0.0,hit,0.0,hit,60.0,hit,281.0,hit,1534.0,hit,2919.0,hit,3082.0,hit,3209.0,hit,3213.0,hit,3267.0,hit,,never_hit,,never_hit,,never_hit,5.1000000000000085,7,False,False,False,False,,5.1000000000000085,7,False,False,False,False,,5.1000000000000085,7,False,False,False,False,,5.1000000000000085,7,False,False,False,False,,283.0,2023-12-18T14:14:00-05:00,2.9000000000000057,3747.040000000001,292.0,2023-12-18T14:23:00-05:00,2.8999999999999915,3747.040000000029,293.0,2023-12-18T14:24:00-05:00,2.8500000000000014,3847.040000000009,284.0,2023-12-18T14:15:00-05:00,3.0,3547.0400000000122,1534.0,2023-12-19T11:05:00-05:00,1.9499999999999993,5647.040000000014,1539.0,2023-12-19T11:10:00-05:00,1.9000000000000021,5747.040000000008,1540.0,2023-12-19T11:11:00-05:00,1.8000000000000007,5947.040000000011,1535.0,2023-12-19T11:06:00-05:00,2.0,5547.040000000012,2926.0,2023-12-20T10:17:00-05:00,0.9499999999999993,7647.040000000014,2927.0,2023-12-20T10:18:00-05:00,0.9499999999999993,7647.040000000014,2932.0,2023-12-20T10:23:00-05:00,0.8499999999999996,7847.040000000013,2927.0,2023-12-20T10:18:00-05:00,0.9499999999999993,7647.040000000014,3087.0,2023-12-20T12:58:00-05:00,0.4499999999999993,8647.040000000014,3088.0,2023-12-20T12:59:00-05:00,0.4499999999999993,8647.040000000014,3107.0,2023-12-20T13:18:00-05:00,0.4499999999999993,8647.040000000014,3088.0,2023-12-20T12:59:00-05:00,0.4499999999999993,8647.040000000014,1518
2023-12-18,2023-12-21,3,6.0,2023-12-18T09:31:00-05:00,6.0,NDXP  231221P16720000,NDXP  231221P16710000,development,False,False,0,0,0,0,0,1605,available,False,2023-12-18T09:31:00-05:00,2023-12-21T16:00:00-05:00,0.0,11747.04,0.0,last_observed_quote_not_settlement,1036.0,313,35,5.700000000000003,347.039999999995,2023-12-18T09:32:00-05:00,0.0,5.500000000000014,747.0399999999722,2023-12-18T09:33:00-05:00,0.0,5.349999999999994,1047.040000000012,2023-12-18T09:36:00-05:00,0.0,5.5,747.0400000000006,2023-12-18T09:41:00-05:00,0.0,6.499999999999986,-1252.959999999971,2023-12-18T09:46:00-05:00,0.0,5.299999999999983,1147.0400000000348,2023-12-18T10:01:00-05:00,0.0,4.900000000000006,1947.0399999999893,2023-12-18T10:31:00-05:00,0.0,4.950000000000003,1847.039999999995,2023-12-18T11:31:00-05:00,0.0,4.299999999999997,3147.0400000000063,2023-12-18T16:00:00-05:00,0.0,2.2500000000000036,7247.039999999994,2023-12-19T16:00:00-05:00,0.0,7.000000000000028,-2252.960000000056,2023-12-20T16:00:00-05:00,0.0,0.0,11747.04,2023-12-21T16:00:00-05:00,0.0,5.0,hit,17.0,hit,241.0,hit,1452.0,hit,2911.0,hit,3094.0,hit,4700.0,hit,18.0,hit,20.0,hit,20.0,hit,3245.0,hit,3281.0,hit,,never_hit,7.6000000000000085,9,True,False,False,False,,7.6000000000000085,10,True,False,False,False,,7.6000000000000085,10,True,False,False,False,,9.299999999999997,313,True,True,True,True,,1452.0,2023-12-19T09:43:00-05:00,2.9499999999999957,5847.040000000009,1504.0,2023-12-19T10:35:00-05:00,2.9499999999999957,5847.040000000009,1528.0,2023-12-19T10:59:00-05:00,2.9000000000000057,5947.039999999989,1453.0,2023-12-19T09:44:00-05:00,3.1999999999999957,5347.040000000009,2911.0,2023-12-20T10:02:00-05:00,1.9499999999999993,7847.040000000002,2916.0,2023-12-20T10:07:00-05:00,1.7999999999999972,8147.040000000007,2917.0,2023-12-20T10:08:00-05:00,1.8499999999999979,8047.0400000000045,2912.0,2023-12-20T10:03:00-05:00,2.1000000000000014,7547.039999999998,3095.0,2023-12-20T13:06:00-05:00,0.9000000000000004,9947.04,3123.0,2023-12-20T13:34:00-05:00,0.9000000000000004,9947.04,3124.0,2023-12-20T13:35:00-05:00,0.9000000000000004,9947.04,3096.0,2023-12-20T13:07:00-05:00,1.0500000000000007,9647.04,4700.0,2023-12-21T15:51:00-05:00,0.35,11047.04,4701.0,2023-12-21T15:52:00-05:00,0.2,11347.04,4702.0,2023-12-21T15:53:00-05:00,0.05000000000000002,11647.040000000003,4701.0,2023-12-21T15:52:00-05:00,0.2,11347.04,1519
2023-12-18,2023-12-21,3,7.0,2023-12-18T09:31:00-05:00,6.900000000000006,NDXP  231221P16780000,NDXP  231221P16770000,development,False,False,0,0,0,11,0,1594,available,False,2023-12-18T09:31:00-05:00,2023-12-21T16:00:00-05:00,10.0,-6352.959999999988,0.0,last_observed_quote_not_settlement,1036.0,444,40,6.2000000000000455,1147.039999999921,2023-12-18T09:32:00-05:00,0.0,5.899999999999977,1747.0400000000575,2023-12-18T09:33:00-05:00,0.0,6.800000000000011,-52.96000000001066,2023-12-18T09:36:00-05:00,0.0,6.350000000000023,847.0399999999665,2023-12-18T09:41:00-05:00,0.0,7.75,-1952.959999999988,2023-12-18T09:46:00-05:00,0.0,6.25,1047.040000000012,2023-12-18T10:01:00-05:00,0.0,6.049999999999983,1447.0400000000461,2023-12-18T10:31:00-05:00,0.0,6.099999999999994,1347.0400000000234,2023-12-18T11:31:00-05:00,0.0,5.599999999999994,2347.0400000000236,2023-12-18T16:00:00-05:00,0.0,3.5500000000000043,6447.040000000004,2023-12-19T16:00:00-05:00,0.0,8.450000000000017,-3352.9600000000237,2023-12-20T16:00:00-05:00,0.0,10.0,-6352.959999999988,2023-12-21T16:00:00-05:00,0.0,52.0,hit,163.0,hit,1507.0,hit,2925.0,hit,3122.0,hit,,never_hit,,never_hit,15.0,hit,3203.0,hit,15.0,hit,3207.0,hit,3249.0,hit,3261.0,hit,7.8999999999999915,19,True,False,False,False,,7.8999999999999915,19,True,False,False,False,,,,True,True,True,False,5.000000000000007,,,True,True,True,False,5.000000000000007,2925.0,2023-12-20T10:16:00-05:00,2.9499999999999993,7647.040000000014,2926.0,2023-12-20T10:17:00-05:00,2.7500000000000036,8047.0400000000045,2927.0,2023-12-20T10:18:00-05:00,2.900000000000002,7747.040000000008,2926.0,2023-12-20T10:17:00-05:00,2.7500000000000036,8047.0400000000045,3122.0,2023-12-20T13:33:00-05:00,1.8999999999999986,9747.040000000015,,,,,,,,,3123.0,2023-12-20T13:34:00-05:00,1.950000000000001,9647.04000000001,,,,,,,,,,,,,,,,,,,,,,,,,,,,,,,,,1520
2023-12-19,2023-12-21,2,5.0,2023-12-19T09:31:00-05:00,5.049999999999997,NDXP  231221P16790000,NDXP  231221P16780000,development,False,False,0,0,0,33,15,1167,available,False,2023-12-19T09:31:00-05:00,2023-12-21T16:00:00-05:00,10.0,-10052.960000000005,0.0,last_observed_quote_not_settlement,1036.0,461,31,4.75,347.039999999995,2023-12-19T09:32:00-05:00,0.0,4.849999999999994,147.0400000000064,2023-12-19T09:33:00-05:00,0.0,4.8500000000000085,147.03999999997797,2023-12-19T09:36:00-05:00,0.0,4.949999999999989,-52.95999999998224,2023-12-19T09:41:00-05:00,0.0,4.8999999999999915,47.04000000001208,2023-12-19T09:46:00-05:00,0.0,5.800000000000011,-1752.9600000000278,2023-12-19T10:01:00-05:00,0.0,4.599999999999994,647.0400000000063,2023-12-19T10:31:00-05:00,0.0,4.350000000000001,1147.0399999999922,2023-12-19T11:31:00-05:00,0.0,3.75,2347.039999999995,2023-12-19T16:00:00-05:00,0.0,,,2023-12-20T15:59:00-05:00,60.0,10.0,-10052.960000000005,2023-12-21T16:00:00-05:00,0.0,,,,,0.0,hit,1.0,hit,302.0,hit,1491.0,hit,,never_hit,,never_hit,,never_hit,30.0,hit,1757.0,hit,1760.0,hit,1769.0,hit,1773.0,hit,1818.0,hit,5.800000000000011,25,False,False,False,False,,,,True,True,True,False,2.8499999999999943,,,True,True,True,False,2.8499999999999943,,,True,True,True,False,2.8499999999999943,1491.0,2023-12-20T10:22:00-05:00,2.9499999999999993,3947.0399999999963,1492.0,2023-12-20T10:23:00-05:00,2.8999999999999986,4047.039999999998,1493.0,2023-12-20T10:24:00-05:00,2.9499999999999957,3947.0400000000036,1492.0,2023-12-20T10:23:00-05:00,2.8999999999999986,4047.039999999998,,,,,,,,,,,,,,,,,,,,,,,,,,,,,,,,,,,,,,,,,,,,,,,,,1521
2023-12-19,2023-12-21,2,6.0,2023-12-19T09:31:00-05:00,5.800000000000011,NDXP  231221P16840000,NDXP  231221P16830000,development,False,False,0,0,0,29,15,1171,available,False,2023-12-19T09:31:00-05:00,2023-12-21T16:00:00-05:00,10.0,-8552.959999999975,0.0,last_observed_quote_not_settlement,1036.0,628,103,6.200000000000003,-1052.9599999999823,2023-12-19T09:32:00-05:00,0.0,5.549999999999997,247.0400000000291,2023-12-19T09:33:00-05:00,0.0,6.25,-1152.9599999999766,2023-12-19T09:36:00-05:00,0.0,6.450000000000017,-1552.9600000000107,2023-12-19T09:41:00-05:00,0.0,6.75,-2152.9599999999764,2023-12-19T09:46:00-05:00,0.0,6.500000000000014,-1652.960000000005,2023-12-19T10:01:00-05:00,0.0,5.700000000000003,-52.95999999998224,2023-12-19T10:31:00-05:00,0.0,5.749999999999986,-152.95999999994814,2023-12-19T11:31:00-05:00,0.0,5.200000000000003,947.0400000000177,2023-12-19T16:00:00-05:00,0.0,9.500000000000057,-7652.960000000092,2023-12-20T16:00:00-05:00,0.0,10.0,-8552.959999999975,2023-12-21T16:00:00-05:00,0.0,,,,,23.0,hit,25.0,hit,1500.0,hit,,never_hit,,never_hit,,never_hit,,never_hit,6.0,hit,56.0,hit,197.0,hit,215.0,hit,1763.0,hit,1777.0,hit,,,True,True,True,False,2.200000000000017,,,True,True,True,False,2.200000000000017,,,True,True,True,False,2.200000000000017,,,True,True,True,False,2.200000000000017,,,,,,,,,,,,,,,,,,,,,,,,,,,,,,,,,,,,,,,,,,,,,,,,,,,,,,,,,,,,,,,,,1522
2023-12-19,2023-12-21,2,7.0,2023-12-19T09:31:00-05:00,7.049999999999997,NDXP  231221P16870000,NDXP  231221P16860000,development,False,False,0,0,0,69,15,1131,available,False,2023-12-19T09:31:00-05:00,2023-12-21T16:00:00-05:00,10.0,-6052.9600000000055,0.0,last_observed_quote_not_settlement,1036.0,395,59,6.450000000000003,947.0399999999893,2023-12-19T09:32:00-05:00,0.0,6.800000000000011,247.03999999997225,2023-12-19T09:33:00-05:00,0.0,7.0,-152.96000000000498,2023-12-19T09:36:00-05:00,0.0,6.199999999999989,1447.0400000000177,2023-12-19T09:41:00-05:00,0.0,6.700000000000003,447.03999999998933,2023-12-19T09:46:00-05:00,0.0,7.099999999999994,-352.9599999999936,2023-12-19T10:01:00-05:00,0.0,7.099999999999994,-352.9599999999936,2023-12-19T10:31:00-05:00,0.0,6.349999999999994,1147.0400000000063,2023-12-19T11:31:00-05:00,0.0,5.599999999999994,2647.0400000000063,2023-12-19T16:00:00-05:00,0.0,10.0,-6052.9600000000055,2023-12-20T16:00:00-05:00,0.0,10.0,-6052.9600000000055,2023-12-21T16:00:00-05:00,0.0,,,,,279.0,hit,1500.0,hit,,never_hit,,never_hit,,never_hit,,never_hit,,never_hit,3.0,hit,1754.0,hit,0.0,hit,1754.0,hit,1761.0,hit,1767.0,hit,,,True,True,True,False,2.549999999999997,,,True,True,True,False,2.549999999999997,,,True,True,True,False,2.549999999999997,,,True,True,True,False,2.549999999999997,,,,,,,,,,,,,,,,,,,,,,,,,,,,,,,,,,,,,,,,,,,,,,,,,,,,,,,,,,,,,,,,,1523
2023-12-19,2023-12-22,3,5.0,2023-12-19T09:31:00-05:00,4.8999999999999915,NDXP  231222P16790000,NDXP  231222P16780000,development,False,False,0,0,0,0,0,1605,available,False,2023-12-19T09:31:00-05:00,2023-12-22T16:00:00-05:00,8.100000000000001,-6652.960000000021,0.0,last_observed_quote_not_settlement,1036.0,640,60,4.800000000000011,-52.96000000003908,2023-12-19T09:32:00-05:00,0.0,5.200000000000003,-852.9600000000221,2023-12-19T09:33:00-05:00,0.0,4.950000000000003,-352.96000000002203,2023-12-19T09:36:00-05:00,0.0,5.099999999999994,-652.960000000005,2023-12-19T09:41:00-05:00,0.0,4.8500000000000085,-152.9600000000334,2023-12-19T09:46:00-05:00,0.0,5.349999999999994,-1152.960000000005,2023-12-19T10:01:00-05:00,0.0,4.400000000000006,747.0399999999722,2023-12-19T10:31:00-05:00,0.0,4.3999999999999915,747.0400000000006,2023-12-19T11:31:00-05:00,0.0,3.8999999999999986,1747.0399999999865,2023-12-19T16:00:00-05:00,0.0,8.699999999999989,-7852.9599999999955,2023-12-20T16:00:00-05:00,0.0,5.699999999999989,-1852.9599999999937,2023-12-21T16:00:00-05:00,0.0,8.100000000000001,-6652.960000000021,2023-12-22T16:00:00-05:00,0.0,0.0,hit,0.0,hit,99.0,hit,1444.0,hit,1444.0,hit,,never_hit,,never_hit,7.0,hit,1757.0,hit,1762.0,hit,1763.0,hit,1806.0,hit,4616.0,hit,5.3999999999999915,47,False,False,False,False,,5.3999999999999915,47,False,False,False,False,,,,True,True,True,False,3.200000000000003,,,True,True,True,False,3.200000000000003,1444.0,2023-12-20T09:35:00-05:00,1.6999999999999886,6147.040000000006,1503.0,2023-12-20T10:34:00-05:00,2.9499999999999957,3647.0399999999922,1647.0,2023-12-20T12:58:00-05:00,2.9000000000000057,3747.039999999972,1445.0,2023-12-20T09:36:00-05:00,4.549999999999997,447.03999999998933,1444.0,2023-12-20T09:35:00-05:00,1.6999999999999886,6147.040000000006,,,,,,,,,1445.0,2023-12-20T09:36:00-05:00,4.549999999999997,447.03999999998933,,,,,,,,,,,,,,,,,,,,,,,,,,,,,,,,,1524
2023-12-19,2023-12-22,3,6.0,2023-12-19T09:31:00-05:00,5.900000000000006,NDXP  231222P16840000,NDXP  231222P16830000,development,False,False,0,0,0,14,0,1591,available,False,2023-12-19T09:31:00-05:00,2023-12-22T16:00:00-05:00,10.0,-8352.959999999988,0.0,last_observed_quote_not_settlement,1036.0,824,75,6.049999999999997,-552.9599999999823,2023-12-19T09:32:00-05:00,0.0,5.25,1047.040000000012,2023-12-19T09:33:00-05:00,0.0,5.400000000000006,747.0400000000006,2023-12-19T09:36:00-05:00,0.0,6.000000000000014,-452.96000000001635,2023-12-19T09:41:00-05:00,0.0,5.800000000000011,-52.96000000001066,2023-12-19T09:46:00-05:00,0.0,6.199999999999989,-852.9599999999652,2023-12-19T10:01:00-05:00,0.0,5.950000000000003,-352.9599999999936,2023-12-19T10:31:00-05:00,0.0,5.3999999999999915,747.0400000000291,2023-12-19T11:31:00-05:00,0.0,5.0,1547.040000000012,2023-12-19T16:00:00-05:00,0.0,8.949999999999989,-6352.959999999967,2023-12-20T16:00:00-05:00,0.0,7.6000000000000085,-3652.960000000005,2023-12-21T16:00:00-05:00,0.0,10.0,-8352.959999999988,2023-12-22T16:00:00-05:00,0.0,2.0,hit,4.0,hit,1501.0,hit,,never_hit,,never_hit,,never_hit,,never_hit,3.0,hit,18.0,hit,18.0,hit,1762.0,hit,1773.0,hit,1786.0,hit,,,True,True,True,False,2.20000000000001,,,True,True,True,False,2.20000000000001,,,True,True,True,False,2.20000000000001,,,True,True,True,False,2.20000000000001,,,,,,,,,,,,,,,,,,,,,,,,,,,,,,,,,,,,,,,,,,,,,,,,,,,,,,,,,,,,,,,,,1525
2023-12-19,2023-12-22,3,7.0,2023-12-19T09:31:00-05:00,6.850000000000023,NDXP  231222P16870000,NDXP  231222P16860000,development,False,False,0,0,0,19,0,1586,available,False,2023-12-19T09:31:00-05:00,2023-12-22T16:00:00-05:00,10.0,-6452.959999999955,0.0,last_observed_quote_not_settlement,1036.0,901,119,5.599999999999994,2247.0400000000577,2023-12-19T09:32:00-05:00,0.0,6.25,947.0400000000461,2023-12-19T09:33:00-05:00,0.0,6.75,-52.959999999953816,2023-12-19T09:36:00-05:00,0.0,6.150000000000034,1147.039999999978,2023-12-19T09:41:00-05:00,0.0,6.400000000000034,647.0399999999779,2023-12-19T09:46:00-05:00,0.0,6.75,-52.959999999953816,2023-12-19T10:01:00-05:00,0.0,5.799999999999997,1847.0400000000518,2023-12-19T10:31:00-05:00,0.0,6.0,1447.0400000000461,2023-12-19T11:31:00-05:00,0.0,5.650000000000006,2147.040000000035,2023-12-19T16:00:00-05:00,0.0,9.600000000000023,-5752.960000000001,2023-12-20T16:00:00-05:00,0.0,8.249999999999972,-3052.9599999998986,2023-12-21T16:00:00-05:00,0.0,10.0,-6452.959999999955,2023-12-22T16:00:00-05:00,0.0,67.0,hit,67.0,hit,1501.0,hit,,never_hit,,never_hit,,never_hit,,never_hit,204.0,hit,221.0,hit,4.0,hit,221.0,hit,1763.0,hit,1770.0,hit,,,True,True,True,False,3.2500000000000284,,,True,True,True,False,3.2500000000000284,,,True,True,True,False,3.2500000000000284,,,True,True,True,False,3.2500000000000284,,,,,,,,,,,,,,,,,,,,,,,,,,,,,,,,,,,,,,,,,,,,,,,,,,,,,,,,,,,,,,,,,1526
2023-12-20,2023-12-22,2,5.0,2023-12-20T09:31:00-05:00,4.999999999999986,NDXP  231222P16800000,NDXP  231222P16790000,development,False,False,0,0,0,1,0,1199,available,False,2023-12-20T09:31:00-05:00,2023-12-22T16:00:00-05:00,5.899999999999999,-2052.9600000000246,0.0,last_observed_quote_not_settlement,1036.0,633,26,4.749999999999986,247.04000000000067,2023-12-20T09:32:00-05:00,0.0,4.700000000000003,347.0399999999666,2023-12-20T09:33:00-05:00,0.0,4.700000000000003,347.0399999999666,2023-12-20T09:36:00-05:00,0.0,4.5,747.0399999999722,2023-12-20T09:41:00-05:00,0.0,4.3500000000000085,1047.0399999999552,2023-12-20T09:46:00-05:00,0.0,4.0,1747.0399999999722,2023-12-20T10:01:00-05:00,0.0,3.249999999999993,3247.0399999999863,2023-12-20T10:31:00-05:00,0.0,3.6999999999999957,2347.039999999981,2023-12-20T11:31:00-05:00,0.0,9.349999999999994,-8952.960000000017,2023-12-20T16:00:00-05:00,0.0,7.450000000000017,-5152.960000000062,2023-12-21T16:00:00-05:00,0.0,5.899999999999999,-2052.9600000000246,2023-12-22T16:00:00-05:00,0.0,,,,,0.0,hit,0.0,hit,20.0,hit,61.0,hit,,never_hit,,never_hit,,never_hit,4.0,hit,4.0,hit,4.0,hit,321.0,hit,371.0,hit,3181.0,hit,7.900000000000006,1,True,False,False,False,,,,True,True,True,False,2.749999999999986,,,True,True,True,False,2.749999999999986,,,True,True,True,False,2.749999999999986,61.0,2023-12-20T10:32:00-05:00,2.6000000000000085,4547.039999999955,2946.0,2023-12-22T10:37:00-05:00,2.8500000000000014,4047.039999999969,2947.0,2023-12-22T10:38:00-05:00,2.9499999999999993,3847.0399999999736,62.0,2023-12-20T10:33:00-05:00,3.1000000000000085,3547.0399999999554,,,,,,,,,,,,,,,,,,,,,,,,,,,,,,,,,,,,,,,,,,,,,,,,,1527
2023-12-20,2023-12-22,2,6.0,2023-12-20T09:31:00-05:00,6.049999999999997,NDXP  231222P16860000,NDXP  231222P16850000,development,False,False,0,0,0,32,0,1168,available,False,2023-12-20T09:31:00-05:00,2023-12-22T16:00:00-05:00,5.5,847.039999999995,0.0,last_observed_quote_not_settlement,1036.0,811,33,6.6000000000000085,-1352.960000000022,2023-12-20T09:32:00-05:00,0.0,7.799999999999997,-3752.959999999999,2023-12-20T09:33:00-05:00,0.0,8.0,-4152.960000000006,2023-12-20T09:36:00-05:00,0.0,7.300000000000011,-2752.960000000028,2023-12-20T09:41:00-05:00,0.0,5.700000000000003,447.03999999998933,2023-12-20T09:46:00-05:00,0.0,5.1499999999999915,1547.040000000012,2023-12-20T10:01:00-05:00,0.0,4.450000000000003,2947.0399999999895,2023-12-20T10:31:00-05:00,0.0,5.099999999999994,1647.0400000000063,2023-12-20T11:31:00-05:00,0.0,8.949999999999989,-6052.959999999984,2023-12-20T16:00:00-05:00,0.0,7.900000000000006,-3952.9600000000164,2023-12-21T16:00:00-05:00,0.0,5.5,847.039999999995,2023-12-22T16:00:00-05:00,0.0,,,,,11.0,hit,37.0,hit,2922.0,hit,,never_hit,,never_hit,,never_hit,,never_hit,1.0,hit,2.0,hit,2.0,hit,5.0,hit,334.0,hit,335.0,hit,,,True,True,True,False,2.0500000000000043,,,True,True,True,False,2.0500000000000043,,,True,True,True,False,2.0500000000000043,,,True,True,True,False,2.0500000000000043,,,,,,,,,,,,,,,,,,,,,,,,,,,,,,,,,,,,,,,,,,,,,,,,,,,,,,,,,,,,,,,,,1528
2023-12-20,2023-12-22,2,7.0,2023-12-20T09:31:00-05:00,7.0,NDXP  231222P16900000,NDXP  231222P16890000,development,False,False,0,0,0,34,0,1166,available,False,2023-12-20T09:31:00-05:00,2023-12-22T16:00:00-05:00,10.0,-6152.96,0.0,last_observed_quote_not_settlement,1036.0,819,17,6.75,247.04000000000067,2023-12-20T09:32:00-05:00,0.0,6.25,1247.0400000000006,2023-12-20T09:33:00-05:00,0.0,5.0,3747.040000000001,2023-12-20T09:36:00-05:00,0.0,5.150000000000006,3447.0399999999895,2023-12-20T09:41:00-05:00,0.0,5.650000000000006,2447.0399999999895,2023-12-20T09:46:00-05:00,0.0,5.700000000000017,2347.0399999999668,2023-12-20T10:01:00-05:00,0.0,5.5,2747.040000000001,2023-12-20T10:31:00-05:00,0.0,5.75,2247.040000000001,2023-12-20T11:31:00-05:00,0.0,,,2023-12-20T15:59:00-05:00,60.0,7.950000000000017,-2152.960000000035,2023-12-21T16:00:00-05:00,0.0,10.0,-6152.96,2023-12-22T16:00:00-05:00,0.0,,,,,5.0,hit,5.0,hit,,never_hit,,never_hit,,never_hit,,never_hit,,never_hit,312.0,hit,318.0,hit,0.0,hit,318.0,hit,320.0,hit,320.0,hit,,,True,True,True,False,2.25,,,True,True,True,False,2.25,,,True,True,True,False,2.25,,,True,True,True,False,2.25,,,,,,,,,,,,,,,,,,,,,,,,,,,,,,,,,,,,,,,,,,,,,,,,,,,,,,,,,,,,,,,,,1529
2023-12-26,2023-12-28,2,5.0,2023-12-26T09:31:00-05:00,4.950000000000017,NDXP  231228P16860000,NDXP  231228P16850000,development,False,False,0,0,0,0,15,1200,available,False,2023-12-26T09:31:00-05:00,2023-12-28T16:00:00-05:00,9.975,-10252.959999999965,0.0,last_observed_quote_not_settlement,1036.0,5,6,5.200000000000003,-752.9599999999709,2023-12-26T09:32:00-05:00,0.0,5.400000000000006,-1152.9599999999766,2023-12-26T09:33:00-05:00,0.0,4.649999999999977,347.0400000000803,2023-12-26T09:36:00-05:00,0.0,4.450000000000017,747.0400000000006,2023-12-26T09:41:00-05:00,0.0,4.450000000000003,747.0400000000291,2023-12-26T09:46:00-05:00,0.0,4.5,647.0400000000348,2023-12-26T10:01:00-05:00,0.0,4.5,647.0400000000348,2023-12-26T10:31:00-05:00,0.0,4.75,147.0400000000348,2023-12-26T11:31:00-05:00,0.0,3.5,2647.040000000035,2023-12-26T16:00:00-05:00,0.0,2.0500000000000007,5547.040000000034,2023-12-27T16:00:00-05:00,0.0,9.975,-10252.959999999965,2023-12-28T16:00:00-05:00,0.0,,,,,0.0,hit,0.0,hit,296.0,hit,359.0,hit,1830.0,hit,2880.0,hit,3064.0,hit,3269.0,hit,3269.0,hit,3269.0,hit,3269.0,hit,3269.0,hit,3269.0,hit,5.400000000000006,4,False,False,False,False,,5.400000000000006,5,False,False,False,False,,5.400000000000006,5,False,False,False,False,,5.400000000000006,5,False,False,False,False,,1440.0,2023-12-27T09:31:00-05:00,2.5500000000000007,4547.040000000034,1441.0,2023-12-27T09:32:00-05:00,2.8999999999999986,3847.0400000000377,1445.0,2023-12-27T09:36:00-05:00,2.6000000000000014,4447.040000000032,1441.0,2023-12-27T09:32:00-05:00,2.8999999999999986,3847.0400000000377,1831.0,2023-12-27T16:02:00-05:00,1.9000000000000004,5847.0400000000345,1832.0,2023-12-27T16:03:00-05:00,1.8000000000000007,6047.040000000034,1833.0,2023-12-27T16:04:00-05:00,1.5999999999999979,6447.040000000039,1832.0,2023-12-27T16:03:00-05:00,1.8000000000000007,6047.040000000034,2880.0,2023-12-28T09:31:00-05:00,0.9000000000000004,7847.0400000000345,2943.0,2023-12-28T10:34:00-05:00,0.8999999999999986,7847.040000000037,2944.0,2023-12-28T10:35:00-05:00,0.9499999999999993,7747.040000000036,2881.0,2023-12-28T09:32:00-05:00,1.0,7647.0400000000345,3064.0,2023-12-28T12:35:00-05:00,0.42500000000000027,8797.040000000034,3065.0,2023-12-28T12:36:00-05:00,0.3999999999999999,8847.040000000035,3083.0,2023-12-28T12:54:00-05:00,0.2999999999999998,9047.040000000035,3065.0,2023-12-28T12:36:00-05:00,0.3999999999999999,8847.040000000035,1530
2023-12-26,2023-12-28,2,6.0,2023-12-26T09:31:00-05:00,5.900000000000006,NDXP  231228P16900000,NDXP  231228P16890000,development,False,False,0,0,0,0,15,1200,available,False,2023-12-26T09:31:00-05:00,2023-12-28T16:00:00-05:00,2.175,7197.040000000013,0.0,last_observed_quote_not_settlement,1036.0,6,10,5.800000000000011,-52.96000000001066,2023-12-26T09:32:00-05:00,0.0,4.999999999999986,1547.0400000000404,2023-12-26T09:33:00-05:00,0.0,5.599999999999994,347.04000000002344,2023-12-26T09:36:00-05:00,0.0,5.499999999999986,547.0400000000404,2023-12-26T09:41:00-05:00,0.0,5.299999999999997,947.0400000000177,2023-12-26T09:46:00-05:00,0.0,5.5,547.040000000012,2023-12-26T10:01:00-05:00,0.0,5.449999999999989,647.0400000000348,2023-12-26T10:31:00-05:00,0.0,5.549999999999997,447.04000000001776,2023-12-26T11:31:00-05:00,0.0,4.649999999999999,2247.040000000015,2023-12-26T16:00:00-05:00,0.0,3.25,5047.040000000012,2023-12-27T16:00:00-05:00,0.0,2.175,7197.040000000013,2023-12-28T16:00:00-05:00,0.0,,,,,2.0,hit,2.0,hit,358.0,hit,1833.0,hit,2880.0,hit,3168.0,hit,3253.0,hit,,never_hit,,never_hit,,never_hit,,never_hit,,never_hit,,never_hit,6.25,6,False,False,False,False,,6.25,6,False,False,False,False,,6.25,6,False,False,False,False,,6.25,6,False,False,False,False,,1833.0,2023-12-27T16:04:00-05:00,2.8500000000000014,5847.040000000009,1834.0,2023-12-27T16:05:00-05:00,2.8000000000000007,5947.040000000011,1835.0,2023-12-27T16:06:00-05:00,2.8500000000000014,5847.040000000009,1834.0,2023-12-27T16:05:00-05:00,2.8000000000000007,5947.040000000011,2880.0,2023-12-28T09:31:00-05:00,1.9000000000000004,7747.040000000011,2881.0,2023-12-28T09:32:00-05:00,1.75,8047.040000000012,2949.0,2023-12-28T10:40:00-05:00,1.8499999999999996,7847.040000000013,2881.0,2023-12-28T09:32:00-05:00,1.75,8047.040000000012,3177.0,2023-12-28T14:28:00-05:00,0.8999999999999999,9747.040000000012,3180.0,2023-12-28T14:31:00-05:00,0.9499999999999997,9647.040000000012,3188.0,2023-12-28T14:39:00-05:00,0.9000000000000004,9747.040000000012,3178.0,2023-12-28T14:29:00-05:00,1.0,9547.040000000014,3253.0,2023-12-28T15:44:00-05:00,0.30000000000000004,10947.040000000014,3254.0,2023-12-28T15:45:00-05:00,0.22499999999999987,11097.040000000014,,,,,3254.0,2023-12-28T15:45:00-05:00,0.22499999999999987,11097.040000000014,1531
2023-12-26,2023-12-28,2,7.0,2023-12-26T09:31:00-05:00,6.800000000000011,NDXP  231228P16910000,NDXP  231228P16900000,development,False,False,0,0,0,1,15,1199,available,False,2023-12-26T09:31:00-05:00,2023-12-28T15:59:00-05:00,6.95,-552.959999999977,1.0,last_observed_quote_not_settlement,1036.0,5,9,5.949999999999989,1447.0400000000461,2023-12-26T09:32:00-05:00,0.0,6.8999999999999915,-452.9599999999595,2023-12-26T09:33:00-05:00,0.0,4.75,3847.0400000000236,2023-12-26T09:36:00-05:00,0.0,5.450000000000003,2447.0400000000177,2023-12-26T09:41:00-05:00,0.0,5.549999999999997,2247.040000000029,2023-12-26T09:46:00-05:00,0.0,4.700000000000003,3947.0400000000177,2023-12-26T10:01:00-05:00,0.0,5.550000000000011,2247.040000000001,2023-12-26T10:31:00-05:00,0.0,4.6000000000000085,4147.040000000006,2023-12-26T11:31:00-05:00,0.0,5.100000000000001,3147.0400000000204,2023-12-26T16:00:00-05:00,0.0,4.0,5347.040000000024,2023-12-27T16:00:00-05:00,0.0,,,2023-12-28T15:59:00-05:00,60.0,,,,,5.0,hit,5.0,hit,124.0,hit,2880.0,hit,2958.0,hit,3253.0,hit,3259.0,hit,3265.0,hit,3265.0,hit,1557.0,hit,3265.0,hit,,never_hit,,never_hit,7.200000000000003,3,True,False,False,False,,7.200000000000003,3,True,False,False,False,,7.200000000000003,3,True,False,False,False,,7.200000000000003,3,True,False,False,False,,2880.0,2023-12-28T09:31:00-05:00,2.3000000000000007,8747.040000000023,2881.0,2023-12-28T09:32:00-05:00,2.5999999999999996,8147.040000000024,2882.0,2023-12-28T09:33:00-05:00,2.5,8347.040000000025,2881.0,2023-12-28T09:32:00-05:00,2.5999999999999996,8147.040000000024,2959.0,2023-12-28T10:50:00-05:00,1.9499999999999993,9447.040000000026,2960.0,2023-12-28T10:51:00-05:00,1.9000000000000012,9547.040000000023,2961.0,2023-12-28T10:52:00-05:00,1.9000000000000004,9547.040000000023,2960.0,2023-12-28T10:51:00-05:00,1.9000000000000012,9547.040000000023,3253.0,2023-12-28T15:44:00-05:00,0.875,11597.040000000025,3254.0,2023-12-28T15:45:00-05:00,0.875,11597.040000000025,,,,,3254.0,2023-12-28T15:45:00-05:00,0.875,11597.040000000025,3259.0,2023-12-28T15:50:00-05:00,0.0,13347.040000000025,,,,,,,,,3260.0,2023-12-28T15:51:00-05:00,2.625,8097.040000000024,1532
2023-12-26,2023-12-29,3,5.0,2023-12-26T09:31:00-05:00,4.949999999999989,NDXP  231229P16870000,NDXP  231229P16860000,development,False,False,0,0,0,4,0,1600,available,False,2023-12-26T09:31:00-05:00,2023-12-29T15:58:00-05:00,9.949999999999996,-10252.960000000014,2.0,last_observed_quote_not_settlement,1036.0,328,24,5.0,-352.96000000002203,2023-12-26T09:32:00-05:00,0.0,5.300000000000011,-952.9600000000448,2023-12-26T09:33:00-05:00,0.0,4.750000000000014,147.03999999994954,2023-12-26T09:36:00-05:00,0.0,4.699999999999989,247.04000000000067,2023-12-26T09:41:00-05:00,0.0,4.550000000000011,547.0399999999552,2023-12-26T09:46:00-05:00,0.0,4.800000000000011,47.039999999955235,2023-12-26T10:01:00-05:00,0.0,4.6000000000000085,447.0399999999609,2023-12-26T10:31:00-05:00,0.0,4.900000000000006,-152.9600000000334,2023-12-26T11:31:00-05:00,0.0,4.25,1147.039999999978,2023-12-26T16:00:00-05:00,0.0,2.950000000000003,3747.039999999972,2023-12-27T16:00:00-05:00,0.0,3.700000000000003,2247.039999999972,2023-12-28T16:00:00-05:00,0.0,,,2023-12-29T15:58:00-05:00,120.0,0.0,hit,0.0,hit,341.0,hit,1446.0,hit,1446.0,hit,,never_hit,,never_hit,59.0,hit,4393.0,hit,4416.0,hit,4424.0,hit,4431.0,hit,4431.0,hit,5.800000000000011,18,False,False,False,False,,5.800000000000011,18,False,False,False,False,,,,True,True,True,False,3.499999999999986,,,True,True,True,False,3.499999999999986,1446.0,2023-12-27T09:37:00-05:00,1.4500000000000028,6747.039999999973,1834.0,2023-12-27T16:05:00-05:00,2.7999999999999936,4047.039999999991,1835.0,2023-12-27T16:06:00-05:00,2.8999999999999986,3847.039999999981,1447.0,2023-12-27T09:38:00-05:00,3.5,2647.039999999978,1446.0,2023-12-27T09:37:00-05:00,1.4500000000000028,6747.039999999973,,,,,,,,,1447.0,2023-12-27T09:38:00-05:00,3.5,2647.039999999978,,,,,,,,,,,,,,,,,,,,,,,,,,,,,,,,,1533
2023-12-26,2023-12-29,3,6.0,2023-12-26T09:31:00-05:00,5.800000000000011,NDXP  231229P16920000,NDXP  231229P16910000,development,False,False,0,0,0,22,0,1582,available,False,2023-12-26T09:31:00-05:00,2023-12-29T15:59:00-05:00,10.0,-8552.959999999975,1.0,last_observed_quote_not_settlement,1036.0,304,30,6.099999999999994,-852.9599999999652,2023-12-26T09:32:00-05:00,0.0,5.900000000000006,-452.95999999998793,2023-12-26T09:33:00-05:00,0.0,5.650000000000006,47.04000000001208,2023-12-26T09:36:00-05:00,0.0,6.799999999999983,-2252.9599999999423,2023-12-26T09:41:00-05:00,0.0,5.5,347.04000000002344,2023-12-26T09:46:00-05:00,0.0,5.550000000000011,247.04000000000067,2023-12-26T10:01:00-05:00,0.0,5.550000000000011,247.04000000000067,2023-12-26T10:31:00-05:00,0.0,5.6499999999999915,47.0400000000405,2023-12-26T11:31:00-05:00,0.0,5.200000000000017,947.0399999999893,2023-12-26T16:00:00-05:00,0.0,4.300000000000004,2747.040000000015,2023-12-27T16:00:00-05:00,0.0,5.299999999999997,747.0400000000291,2023-12-28T16:00:00-05:00,0.0,,,2023-12-29T15:59:00-05:00,60.0,11.0,hit,110.0,hit,1469.0,hit,1469.0,hit,,never_hit,,never_hit,,never_hit,3.0,hit,4390.0,hit,4391.0,hit,4396.0,hit,4409.0,hit,4423.0,hit,6.799999999999983,16,False,False,False,False,,,,True,True,True,False,3.750000000000014,,,True,True,True,False,3.750000000000014,,,True,True,True,False,3.750000000000014,1469.0,2023-12-27T10:00:00-05:00,2.049999999999997,7247.040000000029,,,,,,,,,1470.0,2023-12-27T10:01:00-05:00,4.200000000000003,2947.0400000000177,,,,,,,,,,,,,,,,,,,,,,,,,,,,,,,,,,,,,,,,,,,,,,,,,1534
2023-12-26,2023-12-29,3,7.0,2023-12-26T09:31:00-05:00,6.949999999999989,NDXP  231229P16990000,NDXP  231229P16980000,development,False,False,0,0,0,55,0,1549,available,False,2023-12-26T09:31:00-05:00,2023-12-29T15:59:00-05:00,10.0,-6252.960000000023,1.0,last_observed_quote_not_settlement,1036.0,668,125,7.349999999999966,-1052.9599999999539,2023-12-26T09:32:00-05:00,0.0,7.300000000000011,-952.9600000000448,2023-12-26T09:33:00-05:00,0.0,6.300000000000011,1047.0399999999552,2023-12-26T09:36:00-05:00,0.0,6.299999999999983,1047.040000000012,2023-12-26T09:41:00-05:00,0.0,6.649999999999977,347.04000000002344,2023-12-26T09:46:00-05:00,0.0,6.899999999999977,-152.95999999997656,2023-12-26T10:01:00-05:00,0.0,6.700000000000017,247.03999999994383,2023-12-26T10:31:00-05:00,0.0,6.949999999999989,-252.9599999999993,2023-12-26T11:31:00-05:00,0.0,6.25,1147.039999999978,2023-12-26T16:00:00-05:00,0.0,7.500000000000014,-1352.9600000000505,2023-12-27T16:00:00-05:00,0.0,8.099999999999994,-2552.9600000000123,2023-12-28T16:00:00-05:00,0.0,,,2023-12-29T15:59:00-05:00,60.0,357.0,hit,362.0,hit,1448.0,hit,,never_hit,,never_hit,,never_hit,,never_hit,245.0,hit,1485.0,hit,1.0,hit,1485.0,hit,4381.0,hit,4385.0,hit,,,True,True,True,False,3.549999999999983,,,True,True,True,False,3.549999999999983,,,True,True,True,False,3.549999999999983,,,True,True,True,False,3.549999999999983,,,,,,,,,,,,,,,,,,,,,,,,,,,,,,,,,,,,,,,,,,,,,,,,,,,,,,,,,,,,,,,,,1535
2023-12-27,2023-12-29,2,5.0,2023-12-27T09:31:00-05:00,5.0,NDXP  231229P16950000,NDXP  231229P16940000,development,False,False,0,0,0,33,0,1166,available,False,2023-12-27T09:31:00-05:00,2023-12-29T15:59:00-05:00,10.0,-10152.96,1.0,last_observed_quote_not_settlement,1036.0,942,68,5.400000000000006,-1052.9600000000107,2023-12-27T09:32:00-05:00,0.0,5.25,-752.9599999999994,2023-12-27T09:33:00-05:00,0.0,5.299999999999997,-852.9599999999937,2023-12-27T09:36:00-05:00,0.0,5.0,-252.9599999999993,2023-12-27T09:41:00-05:00,0.0,5.3500000000000085,-952.9600000000164,2023-12-27T09:46:00-05:00,0.0,4.8500000000000085,47.03999999998366,2023-12-27T10:01:00-05:00,0.0,5.75,-1752.9599999999994,2023-12-27T10:31:00-05:00,0.0,5.950000000000017,-2152.9600000000332,2023-12-27T11:31:00-05:00,0.0,5.0,-252.9599999999993,2023-12-27T16:00:00-05:00,0.0,5.599999999999994,-1452.959999999988,2023-12-28T16:00:00-05:00,0.0,,,2023-12-29T15:59:00-05:00,60.0,,,,,0.0,hit,0.0,hit,29.0,hit,29.0,hit,29.0,hit,,never_hit,,never_hit,41.0,hit,43.0,hit,77.0,hit,2948.0,hit,2956.0,hit,2958.0,hit,5.449999999999989,23,False,False,False,False,,5.449999999999989,23,False,False,False,False,,,,True,True,True,False,3.3500000000000085,,,True,True,True,False,3.3500000000000085,29.0,2023-12-27T10:00:00-05:00,1.6499999999999915,6447.040000000018,,,,,,,,,30.0,2023-12-27T10:01:00-05:00,4.8500000000000085,47.03999999998366,29.0,2023-12-27T10:00:00-05:00,1.6499999999999915,6447.040000000018,,,,,,,,,30.0,2023-12-27T10:01:00-05:00,4.8500000000000085,47.03999999998366,,,,,,,,,,,,,,,,,,,,,,,,,,,,,,,,,1536
2023-12-27,2023-12-29,2,6.0,2023-12-27T09:31:00-05:00,5.849999999999994,NDXP  231229P16980000,NDXP  231229P16970000,development,False,False,0,0,0,53,0,1146,available,False,2023-12-27T09:31:00-05:00,2023-12-29T15:59:00-05:00,10.0,-8452.96000000001,1.0,last_observed_quote_not_settlement,1036.0,973,65,6.849999999999994,-2252.959999999999,2023-12-27T09:32:00-05:00,0.0,5.150000000000006,1147.039999999978,2023-12-27T09:33:00-05:00,0.0,5.6499999999999915,147.0400000000064,2023-12-27T09:36:00-05:00,0.0,6.0,-552.9600000000107,2023-12-27T09:41:00-05:00,0.0,5.449999999999989,547.040000000012,2023-12-27T09:46:00-05:00,0.0,5.299999999999997,847.039999999995,2023-12-27T10:01:00-05:00,0.0,6.749999999999986,-2052.9599999999823,2023-12-27T10:31:00-05:00,0.0,6.200000000000003,-952.9600000000164,2023-12-27T11:31:00-05:00,0.0,6.1499999999999915,-852.9599999999937,2023-12-27T16:00:00-05:00,0.0,7.300000000000011,-3152.9600000000332,2023-12-28T16:00:00-05:00,0.0,,,2023-12-29T15:59:00-05:00,60.0,,,,,2.0,hit,16.0,hit,,never_hit,,never_hit,,never_hit,,never_hit,,never_hit,1.0,hit,1.0,hit,4.0,hit,8.0,hit,2948.0,hit,2948.0,hit,,,True,True,True,False,1.7000000000000028,,,True,True,True,False,1.7000000000000028,,,True,True,True,False,1.7000000000000028,,,True,True,True,False,1.7000000000000028,,,,,,,,,,,,,,,,,,,,,,,,,,,,,,,,,,,,,,,,,,,,,,,,,,,,,,,,,,,,,,,,,1537
2023-12-27,2023-12-29,2,7.0,2023-12-27T09:31:00-05:00,7.050000000000011,NDXP  231229P17060000,NDXP  231229P17050000,development,False,False,0,0,0,104,0,1095,available,False,2023-12-27T09:31:00-05:00,2023-12-29T15:59:00-05:00,10.0,-6052.959999999977,1.0,last_observed_quote_not_settlement,1036.0,1014,10,7.949999999999989,-2052.9599999999537,2023-12-27T09:32:00-05:00,0.0,6.650000000000034,547.0399999999552,2023-12-27T09:33:00-05:00,0.0,6.800000000000011,247.04000000000067,2023-12-27T09:36:00-05:00,0.0,7.550000000000011,-1252.9599999999994,2023-12-27T09:41:00-05:00,0.0,7.850000000000023,-1852.960000000022,2023-12-27T09:46:00-05:00,0.0,7.25,-652.9599999999766,2023-12-27T10:01:00-05:00,0.0,8.25,-2652.959999999978,2023-12-27T10:31:00-05:00,0.0,8.800000000000011,-3752.960000000001,2023-12-27T11:31:00-05:00,0.0,7.850000000000023,-1852.960000000022,2023-12-27T16:00:00-05:00,0.0,9.350000000000023,-4852.960000000024,2023-12-28T16:00:00-05:00,0.0,,,2023-12-29T15:59:00-05:00,60.0,,,,,,never_hit,,never_hit,,never_hit,,never_hit,,never_hit,,never_hit,,never_hit,1.0,hit,36.0,hit,0.0,hit,36.0,hit,118.0,hit,351.0,hit,,,True,True,True,False,0.39999999999997726,,,True,True,True,False,0.39999999999997726,,,True,True,True,False,0.39999999999997726,,,True,True,True,False,0.39999999999997726,,,,,,,,,,,,,,,,,,,,,,,,,,,,,,,,,,,,,,,,,,,,,,,,,,,,,,,,,,,,,,,,,1538
2024-01-02,2024-01-04,2,5.0,2024-01-02T09:31:00-05:00,4.700000000000003,NDXP  240104P16720000,NDXP  240104P16710000,development,False,False,0,0,1,184,15,1015,available,False,2024-01-02T09:31:00-05:00,2024-01-04T16:00:00-05:00,0.0,9147.040000000008,0.0,last_observed_quote_not_settlement,1037.0,877,0,5.150000000000006,-1152.960000000005,2024-01-02T09:32:00-05:00,0.0,5.25,-1352.9599999999937,2024-01-02T09:33:00-05:00,0.0,5.349999999999994,-1552.9599999999823,2024-01-02T09:36:00-05:00,0.0,6.450000000000017,-3752.960000000028,2024-01-02T09:41:00-05:00,0.0,6.900000000000006,-4652.960000000005,2024-01-02T09:46:00-05:00,0.0,7.150000000000034,-5152.960000000062,2024-01-02T10:01:00-05:00,0.0,7.800000000000011,-6452.960000000016,2024-01-02T10:31:00-05:00,0.0,6.999999999999972,-4852.959999999936,2024-01-02T11:31:00-05:00,0.0,7.400000000000006,-5652.960000000005,2024-01-02T16:00:00-05:00,0.0,,,2024-01-03T15:58:00-05:00,120.0,0.0,9147.040000000008,2024-01-04T16:00:00-05:00,0.0,,,,,0.0,hit,0.0,hit,3269.0,hit,3269.0,hit,3269.0,hit,3269.0,hit,3269.0,hit,2.0,hit,4.0,hit,8.0,hit,26.0,hit,272.0,hit,309.0,hit,10.0,877,True,True,True,True,,10.0,877,True,True,True,True,,10.0,877,True,True,True,True,,10.0,877,True,True,True,True,,3269.0,2024-01-04T16:00:00-05:00,0.0,9147.040000000008,,,,,,,,,,,,,3269.0,2024-01-04T16:00:00-05:00,0.0,9147.040000000008,,,,,,,,,,,,,3269.0,2024-01-04T16:00:00-05:00,0.0,9147.040000000008,,,,,,,,,,,,,3269.0,2024-01-04T16:00:00-05:00,0.0,9147.040000000008,,,,,,,,,,,,,1539
2024-01-02,2024-01-04,2,6.0,2024-01-02T09:31:00-05:00,6.0,NDXP  240104P16760000,NDXP  240104P16750000,development,False,False,0,0,0,252,0,947,available,False,2024-01-02T09:31:00-05:00,2024-01-04T15:59:00-05:00,10.0,-8152.96,1.0,last_observed_quote_not_settlement,1036.0,780,0,7.099999999999994,-2452.9599999999878,2024-01-02T09:32:00-05:00,0.0,6.25,-752.9599999999994,2024-01-02T09:33:00-05:00,0.0,6.699999999999989,-1652.9599999999766,2024-01-02T09:36:00-05:00,0.0,9.25,-6752.960000000001,2024-01-02T09:41:00-05:00,0.0,9.650000000000006,-7552.960000000013,2024-01-02T09:46:00-05:00,0.0,7.599999999999966,-3452.959999999931,2024-01-02T10:01:00-05:00,0.0,8.899999999999977,-6052.9599999999555,2024-01-02T10:31:00-05:00,0.0,7.750000000000028,-3752.960000000056,2024-01-02T11:31:00-05:00,0.0,8.300000000000011,-4852.960000000024,2024-01-02T16:00:00-05:00,0.0,,,2024-01-03T15:59:00-05:00,60.0,,,2024-01-04T15:59:00-05:00,60.0,,,,,,never_hit,,never_hit,,never_hit,,never_hit,,never_hit,,never_hit,,never_hit,1.0,hit,1.0,hit,1.0,hit,4.0,hit,9.0,hit,12.0,hit,,,True,True,True,False,0.0,,,True,True,True,False,0.0,,,True,True,True,False,0.0,,,True,True,True,False,0.0,,,,,,,,,,,,,,,,,,,,,,,,,,,,,,,,,,,,,,,,,,,,,,,,,,,,,,,,,,,,,,,,,1540
2024-01-02,2024-01-04,2,7.0,2024-01-02T09:31:00-05:00,7.0,NDXP  240104P16810000,NDXP  240104P16800000,development,False,False,0,0,0,282,0,917,available,False,2024-01-02T09:31:00-05:00,2024-01-04T15:59:00-05:00,9.600000000000023,-5452.960000000046,1.0,last_observed_quote_not_settlement,1038.0,730,2,8.450000000000017,-3152.960000000035,2024-01-02T09:32:00-05:00,0.0,7.850000000000023,-1952.9600000000448,2024-01-02T09:33:00-05:00,0.0,8.550000000000011,-3352.9600000000237,2024-01-02T09:36:00-05:00,0.0,8.100000000000023,-2452.9600000000464,2024-01-02T09:41:00-05:00,0.0,8.200000000000045,-2652.960000000092,2024-01-02T09:46:00-05:00,0.0,8.400000000000034,-3052.960000000069,2024-01-02T10:01:00-05:00,0.0,9.950000000000045,-6152.96,2024-01-02T10:31:00-05:00,0.0,8.450000000000017,-3152.960000000035,2024-01-02T11:31:00-05:00,0.0,8.649999999999977,-3552.9599999999555,2024-01-02T16:00:00-05:00,0.0,9.649999999999977,-5552.9599999999555,2024-01-03T16:00:00-05:00,0.0,,,2024-01-04T15:59:00-05:00,60.0,,,,,,never_hit,,never_hit,,never_hit,,never_hit,,never_hit,,never_hit,,never_hit,1.0,hit,1.0,hit,0.0,hit,1.0,hit,7.0,hit,60.0,hit,,,True,True,True,False,0.19999999999998863,,,True,True,True,False,0.19999999999998863,,,True,True,True,False,0.19999999999998863,,,True,True,True,False,0.19999999999998863,,,,,,,,,,,,,,,,,,,,,,,,,,,,,,,,,,,,,,,,,,,,,,,,,,,,,,,,,,,,,,,,,1541
2024-01-02,2024-01-05,3,5.0,2024-01-02T09:31:00-05:00,5.0,NDXP  240105P16720000,NDXP  240105P16710000,development,False,False,0,0,0,156,0,1449,available,False,2024-01-02T09:31:00-05:00,2024-01-05T16:00:00-05:00,10.0,-10152.96,0.0,last_observed_quote_not_settlement,1036.0,1338,1,4.999999999999986,-252.95999999997088,2024-01-02T09:32:00-05:00,0.0,4.900000000000006,-52.96000000001066,2024-01-02T09:33:00-05:00,0.0,5.350000000000023,-952.9600000000448,2024-01-02T09:36:00-05:00,0.0,5.950000000000017,-2152.9600000000332,2024-01-02T09:41:00-05:00,0.0,6.400000000000006,-3052.9600000000105,2024-01-02T09:46:00-05:00,0.0,5.75,-1752.9599999999994,2024-01-02T10:01:00-05:00,0.0,6.950000000000017,-4152.960000000034,2024-01-02T10:31:00-05:00,0.0,6.5,-3252.959999999999,2024-01-02T11:31:00-05:00,0.0,7.699999999999989,-5652.959999999976,2024-01-02T16:00:00-05:00,0.0,9.650000000000034,-9552.960000000068,2024-01-03T16:00:00-05:00,0.0,,,2024-01-04T15:59:00-05:00,60.0,10.0,-10152.96,2024-01-05T16:00:00-05:00,0.0,0.0,hit,0.0,hit,,never_hit,,never_hit,,never_hit,,never_hit,,never_hit,4.0,hit,8.0,hit,22.0,hit,67.0,hit,279.0,hit,1510.0,hit,,,True,True,True,False,0.09999999999999432,,,True,True,True,False,0.09999999999999432,,,True,True,True,False,0.09999999999999432,,,True,True,True,False,0.09999999999999432,,,,,,,,,,,,,,,,,,,,,,,,,,,,,,,,,,,,,,,,,,,,,,,,,,,,,,,,,,,,,,,,,1542
2024-01-02,2024-01-05,3,6.0,2024-01-02T09:31:00-05:00,5.75,NDXP  240105P16760000,NDXP  240105P16750000,development,False,False,0,0,0,169,0,1436,available,False,2024-01-02T09:31:00-05:00,2024-01-05T16:00:00-05:00,10.0,-8652.96,0.0,last_observed_quote_not_settlement,1036.0,1318,7,5.599999999999966,47.04000000006892,2024-01-02T09:32:00-05:00,0.0,5.399999999999977,447.0400000000462,2024-01-02T09:33:00-05:00,0.0,6.0,-752.9599999999994,2024-01-02T09:36:00-05:00,0.0,9.200000000000045,-7152.960000000092,2024-01-02T09:41:00-05:00,0.0,9.049999999999983,-6852.959999999967,2024-01-02T09:46:00-05:00,0.0,7.950000000000017,-4652.9600000000355,2024-01-02T10:01:00-05:00,0.0,7.900000000000006,-4552.960000000011,2024-01-02T10:31:00-05:00,0.0,7.050000000000011,-2852.960000000022,2024-01-02T11:31:00-05:00,0.0,9.349999999999966,-7452.959999999933,2024-01-02T16:00:00-05:00,0.0,9.699999999999989,-8152.959999999978,2024-01-03T16:00:00-05:00,0.0,7.550000000000011,-3852.960000000022,2024-01-04T16:00:00-05:00,0.0,10.0,-8652.96,2024-01-05T16:00:00-05:00,0.0,2.0,hit,2894.0,hit,,never_hit,,never_hit,,never_hit,,never_hit,,never_hit,3.0,hit,4.0,hit,4.0,hit,8.0,hit,10.0,hit,20.0,hit,,,True,True,True,False,1.2500000000000568,,,True,True,True,False,1.2500000000000568,,,True,True,True,False,1.2500000000000568,,,True,True,True,False,1.2500000000000568,,,,,,,,,,,,,,,,,,,,,,,,,,,,,,,,,,,,,,,,,,,,,,,,,,,,,,,,,,,,,,,,,1543
2024-01-02,2024-01-05,3,7.0,2024-01-02T09:31:00-05:00,6.849999999999994,NDXP  240105P16840000,NDXP  240105P16830000,development,False,False,0,0,0,199,0,1406,available,False,2024-01-02T09:31:00-05:00,2024-01-05T16:00:00-05:00,10.0,-6452.960000000011,0.0,last_observed_quote_not_settlement,1036.0,1260,3,6.400000000000034,647.0399999999211,2024-01-02T09:32:00-05:00,0.0,6.950000000000017,-452.9600000000448,2024-01-02T09:33:00-05:00,0.0,7.25,-1052.9600000000107,2024-01-02T09:36:00-05:00,0.0,7.550000000000011,-1652.9600000000335,2024-01-02T09:41:00-05:00,0.0,8.400000000000034,-3352.9600000000805,2024-01-02T09:46:00-05:00,0.0,8.950000000000017,-4452.960000000046,2024-01-02T10:01:00-05:00,0.0,8.350000000000023,-3252.960000000058,2024-01-02T10:31:00-05:00,0.0,8.149999999999977,-2852.959999999967,2024-01-02T11:31:00-05:00,0.0,9.0,-4552.960000000013,2024-01-02T16:00:00-05:00,0.0,,,2024-01-03T15:59:00-05:00,60.0,9.849999999999909,-6252.959999999831,2024-01-04T16:00:00-05:00,0.0,10.0,-6452.960000000011,2024-01-05T16:00:00-05:00,0.0,2894.0,hit,2894.0,hit,2894.0,hit,2894.0,hit,2894.0,hit,,never_hit,,never_hit,4.0,hit,7.0,hit,3.0,hit,12.0,hit,14.0,hit,14.0,hit,10.0,790,True,True,True,True,,10.0,790,True,True,True,True,,,,True,True,True,False,4.950000000000017,,,True,True,True,False,4.950000000000017,2894.0,2024-01-04T09:45:00-05:00,1.8999999999999773,9647.040000000035,,,,,,,,,2895.0,2024-01-04T09:46:00-05:00,9.699999999999989,-5952.95999999999,2894.0,2024-01-04T09:45:00-05:00,1.8999999999999773,9647.040000000035,,,,,,,,,2895.0,2024-01-04T09:46:00-05:00,9.699999999999989,-5952.95999999999,,,,,,,,,,,,,,,,,,,,,,,,,,,,,,,,,1544
2024-01-03,2024-01-05,2,5.0,2024-01-03T09:31:00-05:00,5.0,NDXP  240105P16460000,NDXP  240105P16450000,development,False,False,0,0,0,54,0,1146,available,False,2024-01-03T09:31:00-05:00,2024-01-05T16:00:00-05:00,10.0,-10152.96,0.0,last_observed_quote_not_settlement,1036.0,1041,23,4.699999999999989,347.04000000002344,2024-01-03T09:32:00-05:00,0.0,5.200000000000017,-652.9600000000335,2024-01-03T09:33:00-05:00,0.0,4.6499999999999915,447.04000000001776,2024-01-03T09:36:00-05:00,0.0,4.650000000000006,447.03999999998933,2024-01-03T09:41:00-05:00,0.0,4.75,247.04000000000067,2024-01-03T09:46:00-05:00,0.0,4.599999999999994,547.040000000012,2024-01-03T10:01:00-05:00,0.0,5.349999999999994,-952.959999999988,2024-01-03T10:31:00-05:00,0.0,5.099999999999994,-452.95999999998793,2024-01-03T11:31:00-05:00,0.0,7.049999999999997,-4352.959999999994,2024-01-03T16:00:00-05:00,0.0,7.799999999999983,-5852.9599999999655,2024-01-04T16:00:00-05:00,0.0,10.0,-10152.96,2024-01-05T16:00:00-05:00,0.0,,,,,0.0,hit,0.0,hit,,never_hit,,never_hit,,never_hit,,never_hit,,never_hit,46.0,hit,70.0,hit,276.0,hit,1454.0,hit,2881.0,hit,2889.0,hit,,,True,True,True,False,0.6499999999999773,,,True,True,True,False,0.6499999999999773,,,True,True,True,False,0.6499999999999773,,,True,True,True,False,0.6499999999999773,,,,,,,,,,,,,,,,,,,,,,,,,,,,,,,,,,,,,,,,,,,,,,,,,,,,,,,,,,,,,,,,,1545
2024-01-03,2024-01-05,2,6.0,2024-01-03T09:31:00-05:00,6.050000000000011,NDXP  240105P16510000,NDXP  240105P16500000,development,False,False,0,0,0,69,0,1131,available,False,2024-01-03T09:31:00-05:00,2024-01-05T16:00:00-05:00,10.0,-8052.959999999977,0.0,last_observed_quote_not_settlement,1036.0,876,112,5.450000000000017,947.0399999999893,2024-01-03T09:32:00-05:00,0.0,7.149999999999977,-2452.959999999931,2024-01-03T09:33:00-05:00,0.0,5.400000000000006,1047.040000000012,2024-01-03T09:36:00-05:00,0.0,5.75,347.04000000002344,2024-01-03T09:41:00-05:00,0.0,5.449999999999989,947.0400000000461,2024-01-03T09:46:00-05:00,0.0,5.199999999999989,1447.0400000000461,2024-01-03T10:01:00-05:00,0.0,5.600000000000023,647.0399999999779,2024-01-03T10:31:00-05:00,0.0,5.550000000000011,747.0400000000006,2024-01-03T11:31:00-05:00,0.0,7.400000000000006,-2952.9599999999878,2024-01-03T16:00:00-05:00,0.0,6.450000000000017,-1052.9600000000107,2024-01-04T16:00:00-05:00,0.0,10.0,-8052.959999999977,2024-01-05T16:00:00-05:00,0.0,,,,,1.0,hit,33.0,hit,,never_hit,,never_hit,,never_hit,,never_hit,,never_hit,2.0,hit,2.0,hit,2.0,hit,1440.0,hit,1769.0,hit,1823.0,hit,,,True,True,True,False,1.950000000000017,,,True,True,True,False,1.950000000000017,,,True,True,True,False,1.950000000000017,,,True,True,True,False,1.950000000000017,,,,,,,,,,,,,,,,,,,,,,,,,,,,,,,,,,,,,,,,,,,,,,,,,,,,,,,,,,,,,,,,,1546
2024-01-03,2024-01-05,2,7.0,2024-01-03T09:31:00-05:00,7.299999999999983,NDXP  240105P16640000,NDXP  240105P16630000,development,False,False,0,0,1,125,0,1074,available,False,2024-01-03T09:31:00-05:00,2024-01-05T16:00:00-05:00,10.0,-5552.960000000034,0.0,last_observed_quote_not_settlement,1036.0,962,22,8.649999999999977,-2952.9599999999896,2024-01-03T09:32:00-05:00,0.0,8.400000000000006,-2452.9600000000464,2024-01-03T09:33:00-05:00,0.0,6.849999999999994,647.0399999999779,2024-01-03T09:36:00-05:00,0.0,7.549999999999983,-752.9599999999994,2024-01-03T09:41:00-05:00,0.0,7.25,-152.9600000000334,2024-01-03T09:46:00-05:00,0.0,7.300000000000011,-252.96000000005614,2024-01-03T10:01:00-05:00,0.0,8.499999999999972,-2652.959999999978,2024-01-03T10:31:00-05:00,0.0,8.650000000000034,-2952.9600000001033,2024-01-03T11:31:00-05:00,0.0,8.799999999999955,-3252.959999999944,2024-01-03T16:00:00-05:00,0.0,,,2024-01-04T15:59:00-05:00,60.0,10.0,-5552.960000000034,2024-01-05T16:00:00-05:00,0.0,,,,,4.0,hit,4.0,hit,4.0,hit,4.0,hit,,never_hit,,never_hit,,never_hit,1.0,hit,1.0,hit,0.0,hit,1.0,hit,39.0,hit,42.0,hit,8.649999999999977,3,True,True,False,False,,,,True,True,True,False,5.099999999999994,,,True,True,True,False,5.099999999999994,,,True,True,True,False,5.099999999999994,4.0,2024-01-03T09:35:00-05:00,2.1999999999999886,9947.03999999999,,,,,,,,,5.0,2024-01-03T09:36:00-05:00,6.849999999999994,647.0399999999779,,,,,,,,,,,,,,,,,,,,,,,,,,,,,,,,,,,,,,,,,,,,,,,,,1547
2024-01-05,2024-01-08,3,5.0,2024-01-05T09:31:00-05:00,5.050000000000011,NDXP  240108P16320000,NDXP  240108P16310000,development,False,False,0,0,0,52,0,743,available,False,2024-01-05T09:31:00-05:00,2024-01-08T16:00:00-05:00,0.0,9847.040000000025,0.0,last_observed_quote_not_settlement,3916.0,100,35,5.349999999999994,-852.9599999999652,2024-01-05T09:32:00-05:00,0.0,5.099999999999994,-352.9599999999652,2024-01-05T09:33:00-05:00,0.0,4.499999999999993,847.0400000000376,2024-01-05T09:36:00-05:00,0.0,5.049999999999983,-252.95999999994245,2024-01-05T09:41:00-05:00,0.0,4.650000000000006,547.040000000012,2024-01-05T09:46:00-05:00,0.0,4.149999999999999,1547.0400000000263,2024-01-05T10:01:00-05:00,0.0,3.450000000000003,2947.0400000000177,2024-01-05T10:31:00-05:00,0.0,3.3500000000000014,3147.0400000000204,2024-01-05T11:31:00-05:00,0.0,4.850000000000001,147.0400000000206,2024-01-05T16:00:00-05:00,0.0,,,2024-01-05T16:15:00-05:00,85500.0,,,2024-01-05T16:15:00-05:00,171900.0,0.0,9847.040000000025,2024-01-08T16:00:00-05:00,0.0,0.0,hit,3.0,hit,31.0,hit,33.0,hit,4325.0,hit,4347.0,hit,4359.0,hit,29.0,hit,325.0,hit,325.0,hit,325.0,hit,,never_hit,,never_hit,5.950000000000003,4,False,False,False,False,,8.25,100,True,True,False,False,,8.25,100,True,True,False,False,,8.25,100,True,True,False,False,,33.0,2024-01-05T10:04:00-05:00,2.1000000000000014,5647.040000000021,65.0,2024-01-05T10:36:00-05:00,2.8500000000000014,4147.040000000021,66.0,2024-01-05T10:37:00-05:00,2.8999999999999986,4047.0400000000263,34.0,2024-01-05T10:05:00-05:00,3.3500000000000014,3147.0400000000204,4325.0,2024-01-08T09:36:00-05:00,1.9000000000000004,6047.040000000023,4330.0,2024-01-08T09:41:00-05:00,1.4999999999999982,6847.040000000027,4331.0,2024-01-08T09:42:00-05:00,1.6999999999999993,6447.0400000000245,4326.0,2024-01-08T09:37:00-05:00,2.150000000000002,5547.040000000019,4347.0,2024-01-08T09:58:00-05:00,0.8499999999999996,8147.040000000024,4348.0,2024-01-08T09:59:00-05:00,0.75,8347.040000000025,4349.0,2024-01-08T10:00:00-05:00,0.6000000000000005,8647.040000000023,4348.0,2024-01-08T09:59:00-05:00,0.75,8347.040000000025,4372.0,2024-01-08T10:23:00-05:00,0.42500000000000027,8997.040000000023,4375.0,2024-01-08T10:26:00-05:00,0.4249999999999998,8997.040000000025,4376.0,2024-01-08T10:27:00-05:00,0.32499999999999973,9197.040000000025,4373.0,2024-01-08T10:24:00-05:00,0.5499999999999998,8747.040000000025,1548
2024-01-05,2024-01-08,3,6.0,2024-01-05T09:31:00-05:00,5.900000000000006,NDXP  240108P16350000,NDXP  240108P16340000,development,False,False,0,0,0,71,0,724,available,False,2024-01-05T09:31:00-05:00,2024-01-08T15:52:00-05:00,0.0,11547.040000000014,8.0,last_observed_quote_not_settlement,3916.0,120,23,5.650000000000006,247.04000000000067,2024-01-05T09:32:00-05:00,0.0,5.799999999999997,-52.95999999998224,2024-01-05T09:33:00-05:00,0.0,5.199999999999989,1147.0400000000348,2024-01-05T09:36:00-05:00,0.0,5.949999999999989,-352.9599999999652,2024-01-05T09:41:00-05:00,0.0,4.75,2047.0400000000122,2024-01-05T09:46:00-05:00,0.0,4.900000000000006,1747.0400000000006,2024-01-05T10:01:00-05:00,0.0,4.199999999999989,3147.040000000035,2024-01-05T10:31:00-05:00,0.0,4.150000000000006,3247.040000000001,2024-01-05T11:31:00-05:00,0.0,6.0,-452.95999999998793,2024-01-05T16:00:00-05:00,0.0,,,2024-01-05T16:15:00-05:00,85500.0,,,2024-01-05T16:15:00-05:00,171900.0,,,2024-01-08T15:52:00-05:00,480.0,4.0,hit,15.0,hit,33.0,hit,61.0,hit,4336.0,hit,4354.0,hit,4382.0,hit,225.0,hit,321.0,hit,327.0,hit,351.0,hit,,never_hit,,never_hit,6.1000000000000085,2,False,False,False,False,,8.000000000000014,120,True,True,False,False,,8.000000000000014,120,True,True,False,False,,8.000000000000014,120,True,True,False,False,,61.0,2024-01-05T10:32:00-05:00,2.5,6547.040000000012,4328.0,2024-01-08T09:39:00-05:00,2.8500000000000014,5847.040000000009,4329.0,2024-01-08T09:40:00-05:00,2.4499999999999993,6647.040000000014,62.0,2024-01-05T10:33:00-05:00,3.6999999999999957,4147.040000000021,4336.0,2024-01-08T09:47:00-05:00,1.9499999999999993,7647.040000000014,4345.0,2024-01-08T09:56:00-05:00,1.8000000000000007,7947.040000000011,4346.0,2024-01-08T09:57:00-05:00,1.8500000000000014,7847.040000000009,4337.0,2024-01-08T09:48:00-05:00,2.049999999999999,7447.0400000000145,4354.0,2024-01-08T10:05:00-05:00,0.9000000000000004,9747.040000000012,4357.0,2024-01-08T10:08:00-05:00,0.9499999999999993,9647.040000000014,4358.0,2024-01-08T10:09:00-05:00,0.8499999999999996,9847.040000000014,4355.0,2024-01-08T10:06:00-05:00,1.0,9547.040000000014,4382.0,2024-01-08T10:33:00-05:00,0.3999999999999999,10747.040000000012,4395.0,2024-01-08T10:46:00-05:00,0.4249999999999998,10697.040000000014,4396.0,2024-01-08T10:47:00-05:00,0.42500000000000027,10697.040000000012,4383.0,2024-01-08T10:34:00-05:00,0.5,10547.040000000014,1549
2024-01-05,2024-01-08,3,7.0,2024-01-05T09:31:00-05:00,7.199999999999989,NDXP  240108P16460000,NDXP  240108P16450000,development,False,False,0,0,0,15,0,780,available,False,2024-01-05T09:31:00-05:00,2024-01-08T16:00:00-05:00,9.95,-5752.960000000023,0.0,last_observed_quote_not_settlement,3916.0,300,28,7.75,-1352.960000000022,2024-01-05T09:32:00-05:00,0.0,7.699999999999989,-1252.9599999999994,2024-01-05T09:33:00-05:00,0.0,7.349999999999994,-552.9600000000107,2024-01-05T09:36:00-05:00,0.0,8.0,-1852.960000000024,2024-01-05T09:41:00-05:00,0.0,7.300000000000011,-452.9600000000448,2024-01-05T09:46:00-05:00,0.0,7.949999999999989,-1752.9599999999994,2024-01-05T10:01:00-05:00,0.0,6.550000000000011,1047.0399999999552,2024-01-05T10:31:00-05:00,0.0,7.099999999999994,-52.96000000001066,2024-01-05T11:31:00-05:00,0.0,8.849999999999994,-3552.9600000000123,2024-01-05T16:00:00-05:00,0.0,,,2024-01-05T16:15:00-05:00,85500.0,,,2024-01-05T16:15:00-05:00,171900.0,9.95,-5752.960000000023,2024-01-08T16:00:00-05:00,0.0,4337.0,hit,4347.0,hit,4349.0,hit,4380.0,hit,4448.0,hit,4499.0,hit,4511.0,hit,1.0,hit,9.0,hit,0.0,hit,9.0,hit,228.0,hit,352.0,hit,10.0,299,True,True,True,True,,10.0,299,True,True,True,True,,10.0,299,True,True,True,True,,10.0,299,True,True,True,True,,4380.0,2024-01-08T10:31:00-05:00,2.8999999999999986,8347.03999999998,4381.0,2024-01-08T10:32:00-05:00,2.75,8647.039999999979,4382.0,2024-01-08T10:33:00-05:00,2.700000000000003,8747.039999999974,4381.0,2024-01-08T10:32:00-05:00,2.75,8647.039999999979,4469.0,2024-01-08T12:00:00-05:00,1.549999999999999,11047.03999999998,4470.0,2024-01-08T12:01:00-05:00,1.5,11147.039999999979,4471.0,2024-01-08T12:02:00-05:00,1.6499999999999986,10847.03999999998,4470.0,2024-01-08T12:01:00-05:00,1.5,11147.039999999979,4499.0,2024-01-08T12:30:00-05:00,0.75,12647.039999999979,4505.0,2024-01-08T12:36:00-05:00,0.8499999999999996,12447.039999999979,4506.0,2024-01-08T12:37:00-05:00,0.9000000000000008,12347.039999999977,4500.0,2024-01-08T12:31:00-05:00,1.25,11647.039999999979,4524.0,2024-01-08T12:55:00-05:00,0.375,13397.039999999979,4525.0,2024-01-08T12:56:00-05:00,0.40000000000000036,13347.039999999979,4538.0,2024-01-08T13:09:00-05:00,0.42500000000000027,13297.039999999977,4525.0,2024-01-08T12:56:00-05:00,0.40000000000000036,13347.039999999979,1550
2024-01-08,2024-01-10,2,5.0,2024-01-08T09:31:00-05:00,4.949999999999989,NDXP  240110P16380000,NDXP  240110P16370000,development,False,False,0,0,0,34,15,1166,available,False,2024-01-08T09:31:00-05:00,2024-01-10T16:00:00-05:00,9.975,-10252.960000000021,0.0,last_observed_quote_not_settlement,1036.0,0,1,4.5,647.0399999999779,2024-01-08T09:32:00-05:00,0.0,4.599999999999994,447.03999999998933,2024-01-08T09:33:00-05:00,0.0,4.400000000000006,847.0399999999665,2024-01-08T09:36:00-05:00,0.0,3.9499999999999957,1747.0399999999865,2024-01-08T09:41:00-05:00,0.0,3.6499999999999986,2347.039999999981,2024-01-08T09:46:00-05:00,0.0,3.0500000000000043,3547.0399999999695,2024-01-08T10:01:00-05:00,0.0,2.549999999999997,4547.039999999984,2024-01-08T10:31:00-05:00,0.0,2.5,4647.039999999978,2024-01-08T11:31:00-05:00,0.0,0.6499999999999995,8347.039999999979,2024-01-08T16:00:00-05:00,0.0,0.10000000000000009,9447.039999999977,2024-01-09T16:00:00-05:00,0.0,9.975,-10252.960000000021,2024-01-10T16:00:00-05:00,0.0,,,,,0.0,hit,0.0,hit,9.0,hit,29.0,hit,79.0,hit,300.0,hit,1533.0,hit,3269.0,hit,3269.0,hit,3269.0,hit,3269.0,hit,3269.0,hit,3269.0,hit,4.949999999999989,0,False,False,False,False,,4.949999999999989,0,False,False,False,False,,4.949999999999989,0,False,False,False,False,,4.949999999999989,0,False,False,False,False,,29.0,2024-01-08T10:00:00-05:00,2.8999999999999986,3847.039999999981,34.0,2024-01-08T10:05:00-05:00,2.6499999999999986,4347.039999999981,35.0,2024-01-08T10:06:00-05:00,2.8000000000000043,4047.039999999969,30.0,2024-01-08T10:01:00-05:00,3.0500000000000043,3547.0399999999695,79.0,2024-01-08T10:50:00-05:00,1.9499999999999957,5747.039999999986,155.0,2024-01-08T12:06:00-05:00,1.9499999999999993,5747.039999999979,156.0,2024-01-08T12:07:00-05:00,1.8999999999999986,5847.039999999981,80.0,2024-01-08T10:51:00-05:00,2.25,5147.039999999978,305.0,2024-01-08T14:36:00-05:00,0.9499999999999993,7747.039999999979,314.0,2024-01-08T14:45:00-05:00,0.9499999999999993,7747.039999999979,320.0,2024-01-08T14:51:00-05:00,0.9000000000000004,7847.039999999977,306.0,2024-01-08T14:37:00-05:00,1.0500000000000007,7547.039999999976,1545.0,2024-01-09T11:16:00-05:00,0.44999999999999973,8747.039999999979,1546.0,2024-01-09T11:17:00-05:00,0.40000000000000036,8847.039999999979,1547.0,2024-01-09T11:18:00-05:00,0.39999999999999947,8847.039999999979,1546.0,2024-01-09T11:17:00-05:00,0.40000000000000036,8847.039999999979,1551
2024-01-08,2024-01-10,2,6.0,2024-01-08T09:31:00-05:00,6.099999999999994,NDXP  240110P16430000,NDXP  240110P16420000,development,False,False,0,0,0,47,15,1153,available,False,2024-01-08T09:31:00-05:00,2024-01-10T16:00:00-05:00,0.0,11947.03999999999,0.0,last_observed_quote_not_settlement,1036.0,0,0,5.550000000000011,847.0399999999665,2024-01-08T09:32:00-05:00,0.0,6.0,-52.96000000001066,2024-01-08T09:33:00-05:00,0.0,5.049999999999997,1847.039999999995,2024-01-08T09:36:00-05:00,0.0,4.799999999999997,2347.039999999995,2024-01-08T09:41:00-05:00,0.0,4.75,2447.0399999999895,2024-01-08T09:46:00-05:00,0.0,3.8999999999999915,4147.040000000006,2024-01-08T10:01:00-05:00,0.0,3.450000000000003,5047.039999999984,2024-01-08T10:31:00-05:00,0.0,3.299999999999997,5347.039999999995,2024-01-08T11:31:00-05:00,0.0,,,2024-01-08T15:59:00-05:00,60.0,0.19999999999999996,11547.03999999999,2024-01-09T16:00:00-05:00,0.0,0.0,11947.03999999999,2024-01-10T16:00:00-05:00,0.0,,,,,3.0,hit,9.0,hit,28.0,hit,81.0,hit,257.0,hit,370.0,hit,1581.0,hit,,never_hit,,never_hit,,never_hit,,never_hit,,never_hit,,never_hit,6.099999999999994,0,False,False,False,False,,6.099999999999994,0,False,False,False,False,,6.099999999999994,0,False,False,False,False,,6.099999999999994,0,False,False,False,False,,89.0,2024-01-08T11:00:00-05:00,2.799999999999997,6347.039999999995,151.0,2024-01-08T12:02:00-05:00,2.9499999999999957,6047.039999999998,152.0,2024-01-08T12:03:00-05:00,2.75,6447.039999999989,90.0,2024-01-08T11:01:00-05:00,3.299999999999997,5347.039999999995,257.0,2024-01-08T13:48:00-05:00,1.9499999999999993,8047.039999999991,258.0,2024-01-08T13:49:00-05:00,1.9499999999999993,8047.039999999991,259.0,2024-01-08T13:50:00-05:00,1.9499999999999993,8047.039999999991,258.0,2024-01-08T13:49:00-05:00,1.9499999999999993,8047.039999999991,381.0,2024-01-08T15:52:00-05:00,0.9499999999999993,10047.039999999992,388.0,2024-01-08T15:59:00-05:00,0.9000000000000004,10147.03999999999,1546.0,2024-01-09T11:17:00-05:00,0.75,10447.03999999999,382.0,2024-01-08T15:53:00-05:00,1.0999999999999996,9747.039999999992,1582.0,2024-01-09T11:53:00-05:00,0.40000000000000036,11147.03999999999,1586.0,2024-01-09T11:57:00-05:00,0.3999999999999999,11147.03999999999,1587.0,2024-01-09T11:58:00-05:00,0.40000000000000036,11147.03999999999,1583.0,2024-01-09T11:54:00-05:00,0.4500000000000002,11047.03999999999,1552
2024-01-08,2024-01-10,2,7.0,2024-01-08T09:31:00-05:00,7.049999999999983,NDXP  240110P16500000,NDXP  240110P16490000,development,False,False,0,0,0,27,15,1173,available,False,2024-01-08T09:31:00-05:00,2024-01-10T15:52:00-05:00,0.0,13847.039999999968,8.0,last_observed_quote_not_settlement,1036.0,1,2,6.25,1347.0399999999665,2024-01-08T09:32:00-05:00,0.0,7.199999999999989,-552.9600000000107,2024-01-08T09:33:00-05:00,0.0,6.700000000000017,447.0399999999325,2024-01-08T09:36:00-05:00,0.0,6.15000000000002,1547.0399999999267,2024-01-08T09:41:00-05:00,0.0,5.849999999999994,2147.039999999978,2024-01-08T09:46:00-05:00,0.0,5.25,3347.0399999999668,2024-01-08T10:01:00-05:00,0.0,4.799999999999997,4247.039999999973,2024-01-08T10:31:00-05:00,0.0,4.700000000000017,4447.039999999933,2024-01-08T11:31:00-05:00,0.0,5.600000000000001,2647.0399999999636,2024-01-08T16:00:00-05:00,0.0,0.5499999999999998,12747.039999999968,2024-01-09T16:00:00-05:00,0.0,,,2024-01-10T15:52:00-05:00,480.0,,,,,27.0,hit,33.0,hit,79.0,hit,258.0,hit,371.0,hit,1585.0,hit,1651.0,hit,,never_hit,,never_hit,0.0,hit,,never_hit,,never_hit,,never_hit,7.199999999999989,1,True,False,False,False,,7.199999999999989,1,True,False,False,False,,7.199999999999989,1,True,False,False,False,,7.199999999999989,1,True,False,False,False,,268.0,2024-01-08T13:59:00-05:00,2.9499999999999957,7947.039999999975,271.0,2024-01-08T14:02:00-05:00,2.8999999999999986,8047.039999999969,281.0,2024-01-08T14:12:00-05:00,2.8999999999999986,8047.039999999969,269.0,2024-01-08T14:00:00-05:00,2.950000000000003,7947.039999999961,381.0,2024-01-08T15:52:00-05:00,1.8999999999999986,10047.03999999997,384.0,2024-01-08T15:55:00-05:00,1.9000000000000021,10047.039999999963,385.0,2024-01-08T15:56:00-05:00,1.8500000000000014,10147.039999999964,382.0,2024-01-08T15:53:00-05:00,1.9500000000000028,9947.039999999963,1585.0,2024-01-09T11:56:00-05:00,0.9499999999999993,11947.039999999968,1586.0,2024-01-09T11:57:00-05:00,0.8999999999999995,12047.039999999968,1590.0,2024-01-09T12:01:00-05:00,0.9499999999999993,11947.039999999968,1586.0,2024-01-09T11:57:00-05:00,0.8999999999999995,12047.039999999968,1651.0,2024-01-09T13:02:00-05:00,0.40000000000000036,13047.039999999966,2881.0,2024-01-10T09:32:00-05:00,0.3250000000000002,13197.039999999966,2882.0,2024-01-10T09:33:00-05:00,0.2749999999999999,13297.039999999966,1652.0,2024-01-09T13:03:00-05:00,0.5,12847.039999999968,1553
2024-01-08,2024-01-11,3,5.0,2024-01-08T09:31:00-05:00,5.049999999999997,NDXP  240111P16420000,NDXP  240111P16410000,development,False,False,0,0,0,25,0,1580,available,False,2024-01-08T09:31:00-05:00,2024-01-11T16:00:00-05:00,0.0,9847.039999999995,0.0,last_observed_quote_not_settlement,1036.0,2,2,4.75,347.039999999995,2024-01-08T09:32:00-05:00,0.0,4.900000000000006,47.03999999998366,2024-01-08T09:33:00-05:00,0.0,4.849999999999994,147.0400000000064,2024-01-08T09:36:00-05:00,0.0,4.549999999999983,747.0400000000291,2024-01-08T09:41:00-05:00,0.0,4.150000000000006,1547.0399999999836,2024-01-08T09:46:00-05:00,0.0,3.8000000000000114,2247.039999999972,2024-01-08T10:01:00-05:00,0.0,3.450000000000017,2947.039999999961,2024-01-08T10:31:00-05:00,0.0,3.4000000000000057,3047.0399999999836,2024-01-08T11:31:00-05:00,0.0,1.6000000000000014,6647.039999999992,2024-01-08T16:00:00-05:00,0.0,0.8000000000000007,8247.039999999994,2024-01-09T16:00:00-05:00,0.0,0.20000000000000018,9447.039999999995,2024-01-10T16:00:00-05:00,0.0,0.0,9847.039999999995,2024-01-11T16:00:00-05:00,0.0,0.0,hit,1.0,hit,28.0,hit,29.0,hit,303.0,hit,1589.0,hit,2886.0,hit,,never_hit,,never_hit,,never_hit,,never_hit,,never_hit,,never_hit,5.099999999999994,2,False,False,False,False,,5.099999999999994,2,False,False,False,False,,5.099999999999994,2,False,False,False,False,,5.099999999999994,2,False,False,False,False,,29.0,2024-01-08T10:00:00-05:00,2.8499999999999943,4147.040000000006,157.0,2024-01-08T12:08:00-05:00,2.8500000000000014,4147.039999999992,158.0,2024-01-08T12:09:00-05:00,2.8500000000000085,4147.039999999978,30.0,2024-01-08T10:01:00-05:00,3.8000000000000114,2247.039999999972,306.0,2024-01-08T14:37:00-05:00,1.899999999999995,6047.0400000000045,316.0,2024-01-08T14:47:00-05:00,1.8999999999999986,6047.039999999998,320.0,2024-01-08T14:51:00-05:00,1.8500000000000014,6147.039999999992,307.0,2024-01-08T14:38:00-05:00,2.049999999999997,5747.040000000001,1637.0,2024-01-09T12:48:00-05:00,0.9499999999999993,7947.039999999996,1644.0,2024-01-09T12:55:00-05:00,0.8999999999999986,8047.039999999998,1645.0,2024-01-09T12:56:00-05:00,0.9499999999999993,7947.039999999996,1638.0,2024-01-09T12:49:00-05:00,1.0,7847.039999999995,2950.0,2024-01-10T10:41:00-05:00,0.40000000000000036,9047.039999999995,2953.0,2024-01-10T10:44:00-05:00,0.34999999999999964,9147.039999999997,2954.0,2024-01-10T10:45:00-05:00,0.34999999999999964,9147.039999999997,2951.0,2024-01-10T10:42:00-05:00,0.4500000000000002,8947.039999999995,1554
2024-01-08,2024-01-11,3,6.0,2024-01-08T09:31:00-05:00,6.100000000000023,NDXP  240111P16470000,NDXP  240111P16460000,development,False,False,0,0,0,43,0,1562,available,False,2024-01-08T09:31:00-05:00,2024-01-11T16:00:00-05:00,0.0,11947.040000000046,0.0,last_observed_quote_not_settlement,1036.0,0,0,5.050000000000011,1847.0400000000234,2024-01-08T09:32:00-05:00,0.0,5.949999999999989,47.04000000006892,2024-01-08T09:33:00-05:00,0.0,5.549999999999983,847.0400000000802,2024-01-08T09:36:00-05:00,0.0,5.300000000000011,1347.0400000000234,2024-01-08T09:41:00-05:00,0.0,5.0,1947.0400000000461,2024-01-08T09:46:00-05:00,0.0,4.449999999999989,3047.040000000069,2024-01-08T10:01:00-05:00,0.0,4.0,3947.0400000000463,2024-01-08T10:31:00-05:00,0.0,4.049999999999997,3847.040000000052,2024-01-08T11:31:00-05:00,0.0,4.9999999999999964,1947.0400000000532,2024-01-08T16:00:00-05:00,0.0,1.3000000000000007,9347.040000000046,2024-01-09T16:00:00-05:00,0.0,0.3250000000000002,11297.040000000046,2024-01-10T16:00:00-05:00,0.0,0.0,11947.040000000046,2024-01-11T16:00:00-05:00,0.0,1.0,hit,4.0,hit,36.0,hit,257.0,hit,388.0,hit,1718.0,hit,2965.0,hit,,never_hit,,never_hit,,never_hit,,never_hit,,never_hit,,never_hit,6.100000000000023,0,False,False,False,False,,6.100000000000023,0,False,False,False,False,,6.100000000000023,0,False,False,False,False,,6.100000000000023,0,False,False,False,False,,257.0,2024-01-08T13:48:00-05:00,2.8999999999999986,6147.040000000049,263.0,2024-01-08T13:54:00-05:00,2.9499999999999957,6047.0400000000545,273.0,2024-01-08T14:04:00-05:00,2.8500000000000014,6247.040000000044,258.0,2024-01-08T13:49:00-05:00,2.950000000000003,6047.040000000041,1546.0,2024-01-09T11:17:00-05:00,1.8999999999999986,8147.040000000049,1582.0,2024-01-09T11:53:00-05:00,1.75,8447.040000000046,1583.0,2024-01-09T11:54:00-05:00,1.75,8447.040000000046,1547.0,2024-01-09T11:18:00-05:00,2.249999999999993,7447.04000000006,2882.0,2024-01-10T09:33:00-05:00,0.9000000000000004,10147.040000000046,2888.0,2024-01-10T09:39:00-05:00,0.9499999999999993,10047.040000000048,2940.0,2024-01-10T10:31:00-05:00,0.9000000000000004,10147.040000000046,2883.0,2024-01-10T09:34:00-05:00,1.0,9947.040000000046,3016.0,2024-01-10T11:47:00-05:00,0.4499999999999993,11047.040000000048,3086.0,2024-01-10T12:57:00-05:00,0.40000000000000036,11147.040000000046,3095.0,2024-01-10T13:06:00-05:00,0.39999999999999947,11147.040000000048,3017.0,2024-01-10T11:48:00-05:00,0.5500000000000007,10847.040000000046,1555
2024-01-08,2024-01-11,3,7.0,2024-01-08T09:31:00-05:00,7.0,NDXP  240111P16520000,NDXP  240111P16510000,development,False,False,0,0,0,43,0,1562,available,False,2024-01-08T09:31:00-05:00,2024-01-11T16:00:00-05:00,0.0,13747.04,0.0,last_observed_quote_not_settlement,1036.0,0,0,6.75,247.04000000000067,2024-01-08T09:32:00-05:00,0.0,6.350000000000023,1047.0399999999552,2024-01-08T09:33:00-05:00,0.0,6.350000000000023,1047.0399999999552,2024-01-08T09:36:00-05:00,0.0,5.949999999999989,1847.0400000000234,2024-01-08T09:41:00-05:00,0.0,5.799999999999983,2147.040000000035,2024-01-08T09:46:00-05:00,0.0,5.200000000000003,3347.039999999995,2024-01-08T10:01:00-05:00,0.0,4.849999999999994,4047.040000000012,2024-01-08T10:31:00-05:00,0.0,4.8500000000000085,4047.0399999999836,2024-01-08T11:31:00-05:00,0.0,,,2024-01-08T15:59:00-05:00,60.0,1.8500000000000014,10047.039999999999,2024-01-09T16:00:00-05:00,0.0,,,2024-01-10T15:59:00-05:00,60.0,0.0,13747.04,2024-01-11T16:00:00-05:00,0.0,16.0,hit,16.0,hit,19.0,hit,315.0,hit,1589.0,hit,2953.0,hit,3159.0,hit,,never_hit,,never_hit,0.0,hit,,never_hit,,never_hit,,never_hit,7.0,0,True,False,False,False,,7.0,0,True,False,False,False,,7.0,0,True,False,False,False,,7.0,0,True,False,False,False,,328.0,2024-01-08T14:59:00-05:00,2.8000000000000114,8147.039999999978,329.0,2024-01-08T15:00:00-05:00,2.9499999999999957,7847.040000000009,366.0,2024-01-08T15:37:00-05:00,2.9000000000000057,7947.039999999989,329.0,2024-01-08T15:00:00-05:00,2.9499999999999957,7847.040000000009,1598.0,2024-01-09T12:09:00-05:00,1.9000000000000021,9947.039999999997,1599.0,2024-01-09T12:10:00-05:00,1.8500000000000014,10047.039999999999,1600.0,2024-01-09T12:11:00-05:00,1.9000000000000021,9947.039999999997,1599.0,2024-01-09T12:10:00-05:00,1.8500000000000014,10047.039999999999,2961.0,2024-01-10T10:52:00-05:00,0.9499999999999993,11847.040000000003,2978.0,2024-01-10T11:09:00-05:00,0.9499999999999993,11847.040000000003,3048.0,2024-01-10T12:19:00-05:00,0.9499999999999993,11847.040000000003,2962.0,2024-01-10T10:53:00-05:00,1.0,11747.04,3163.0,2024-01-10T14:14:00-05:00,0.4499999999999993,12847.040000000003,3202.0,2024-01-10T14:53:00-05:00,0.40000000000000036,12947.04,3203.0,2024-01-10T14:54:00-05:00,0.4499999999999993,12847.040000000003,3164.0,2024-01-10T14:15:00-05:00,0.5,12747.04,1556
2024-01-09,2024-01-11,2,5.0,2024-01-09T09:31:00-05:00,5.049999999999983,NDXP  240111P16570000,NDXP  240111P16560000,development,False,False,0,0,0,28,15,1172,available,False,2024-01-09T09:31:00-05:00,2024-01-11T16:00:00-05:00,0.0,9847.039999999968,0.0,last_observed_quote_not_settlement,1036.0,21,10,4.3500000000000085,1147.0399999999495,2024-01-09T09:32:00-05:00,0.0,4.150000000000006,1547.0399999999552,2024-01-09T09:33:00-05:00,0.0,5.150000000000006,-452.9600000000448,2024-01-09T09:36:00-05:00,0.0,5.25,-652.9600000000335,2024-01-09T09:41:00-05:00,0.0,5.5,-1152.9600000000335,2024-01-09T09:46:00-05:00,0.0,4.900000000000006,47.039999999955235,2024-01-09T10:01:00-05:00,0.0,4.5,847.0399999999665,2024-01-09T10:31:00-05:00,0.0,3.5,2847.0399999999668,2024-01-09T11:31:00-05:00,0.0,2.6000000000000085,4647.03999999995,2024-01-09T16:00:00-05:00,0.0,1.049999999999999,7747.039999999969,2024-01-10T16:00:00-05:00,0.0,0.0,9847.039999999968,2024-01-11T16:00:00-05:00,0.0,,,,,0.0,hit,1.0,hit,75.0,hit,143.0,hit,385.0,hit,1654.0,hit,1819.0,hit,17.0,hit,62.0,hit,,never_hit,,never_hit,,never_hit,,never_hit,6.049999999999997,21,False,False,False,False,,6.049999999999997,21,False,False,False,False,,6.049999999999997,21,False,False,False,False,,6.049999999999997,21,False,False,False,False,,143.0,2024-01-09T11:54:00-05:00,2.9000000000000057,4047.0399999999554,144.0,2024-01-09T11:55:00-05:00,2.9499999999999957,3947.039999999975,145.0,2024-01-09T11:56:00-05:00,2.8500000000000014,4147.039999999964,144.0,2024-01-09T11:55:00-05:00,2.9499999999999957,3947.039999999975,385.0,2024-01-09T15:56:00-05:00,1.5,6847.039999999966,1501.0,2024-01-10T10:32:00-05:00,1.8500000000000014,6147.039999999964,1502.0,2024-01-10T10:33:00-05:00,1.8499999999999979,6147.039999999971,386.0,2024-01-09T15:57:00-05:00,2.450000000000003,4947.039999999961,1715.0,2024-01-10T14:06:00-05:00,0.9499999999999993,7947.039999999968,1722.0,2024-01-10T14:13:00-05:00,0.8499999999999979,8147.039999999971,1723.0,2024-01-10T14:14:00-05:00,0.7999999999999989,8247.03999999997,1716.0,2024-01-10T14:07:00-05:00,1.0,7847.039999999966,1819.0,2024-01-10T15:50:00-05:00,0.3000000000000007,9247.039999999966,2881.0,2024-01-11T09:32:00-05:00,0.25,9347.039999999968,2882.0,2024-01-11T09:33:00-05:00,0.34999999999999964,9147.039999999968,1820.0,2024-01-10T15:51:00-05:00,1.3500000000000014,7147.039999999964,1557
2024-01-09,2024-01-11,2,6.0,2024-01-09T09:31:00-05:00,6.0,NDXP  240111P16620000,NDXP  240111P16610000,development,False,False,0,0,0,13,15,1187,available,False,2024-01-09T09:31:00-05:00,2024-01-11T15:58:00-05:00,0.0,11747.04,2.0,last_observed_quote_not_settlement,1036.0,16,11,6.8500000000000085,-1952.9600000000164,2024-01-09T09:32:00-05:00,0.0,5.900000000000006,-52.96000000001066,2024-01-09T09:33:00-05:00,0.0,5.799999999999983,147.0400000000348,2024-01-09T09:36:00-05:00,0.0,5.949999999999989,-152.95999999997656,2024-01-09T09:41:00-05:00,0.0,6.150000000000006,-552.9600000000107,2024-01-09T09:46:00-05:00,0.0,5.849999999999994,47.04000000001208,2024-01-09T10:01:00-05:00,0.0,5.3999999999999915,947.0400000000177,2024-01-09T10:31:00-05:00,0.0,4.3500000000000085,3047.0399999999836,2024-01-09T11:31:00-05:00,0.0,3.5500000000000043,4647.039999999992,2024-01-09T16:00:00-05:00,0.0,2.049999999999999,7647.040000000003,2024-01-10T16:00:00-05:00,0.0,,,2024-01-11T15:58:00-05:00,120.0,,,,,4.0,hit,36.0,hit,141.0,hit,213.0,hit,1629.0,hit,2880.0,hit,2880.0,hit,1.0,hit,8.0,hit,8.0,hit,,never_hit,,never_hit,,never_hit,7.300000000000011,16,True,False,False,False,,7.300000000000011,16,True,False,False,False,,7.300000000000011,16,True,False,False,False,,7.300000000000011,16,True,False,False,False,,214.0,2024-01-09T13:05:00-05:00,2.8000000000000043,6147.039999999992,1446.0,2024-01-10T09:37:00-05:00,2.9499999999999957,5847.040000000009,1500.0,2024-01-10T10:31:00-05:00,2.799999999999997,6147.040000000006,215.0,2024-01-09T13:06:00-05:00,3.0,5747.040000000001,1646.0,2024-01-10T12:57:00-05:00,1.9499999999999993,7847.040000000002,1653.0,2024-01-10T13:04:00-05:00,1.8499999999999979,8047.0400000000045,1654.0,2024-01-10T13:05:00-05:00,1.6499999999999986,8447.040000000005,1647.0,2024-01-10T12:58:00-05:00,2.0,7747.040000000001,2880.0,2024-01-11T09:31:00-05:00,0.4500000000000002,10847.04,2881.0,2024-01-11T09:32:00-05:00,0.40000000000000036,10947.04,2882.0,2024-01-11T09:33:00-05:00,0.6500000000000004,10447.04,2881.0,2024-01-11T09:32:00-05:00,0.40000000000000036,10947.04,2881.0,2024-01-11T09:32:00-05:00,0.40000000000000036,10947.04,2884.0,2024-01-11T09:35:00-05:00,0.2749999999999999,11197.04,2885.0,2024-01-11T09:36:00-05:00,0.25,11247.04,2882.0,2024-01-11T09:33:00-05:00,0.6500000000000004,10447.04,1558
2024-01-09,2024-01-11,2,7.0,2024-01-09T09:31:00-05:00,7.150000000000006,NDXP  240111P16700000,NDXP  240111P16690000,development,False,False,0,0,0,7,15,1193,available,False,2024-01-09T09:31:00-05:00,2024-01-11T15:55:00-05:00,0.0,14047.040000000014,5.0,last_observed_quote_not_settlement,1036.0,29,22,7.099999999999994,-152.95999999997656,2024-01-09T09:32:00-05:00,0.0,7.25,-452.95999999998793,2024-01-09T09:33:00-05:00,0.0,7.850000000000023,-1652.9600000000335,2024-01-09T09:36:00-05:00,0.0,7.399999999999977,-752.9599999999425,2024-01-09T09:41:00-05:00,0.0,7.450000000000017,-852.9600000000221,2024-01-09T09:46:00-05:00,0.0,6.949999999999989,147.0400000000348,2024-01-09T10:01:00-05:00,0.0,6.699999999999989,647.0400000000348,2024-01-09T10:31:00-05:00,0.0,5.749999999999986,2547.0400000000404,2024-01-09T11:31:00-05:00,0.0,4.950000000000017,4147.039999999978,2024-01-09T16:00:00-05:00,0.0,1.8499999999999943,10347.040000000025,2024-01-10T16:00:00-05:00,0.0,,,2024-01-11T15:55:00-05:00,300.0,,,,,93.0,hit,145.0,hit,1442.0,hit,1695.0,hit,1829.0,hit,2881.0,hit,3168.0,hit,5.0,hit,3015.0,hit,0.0,hit,7.0,hit,,never_hit,,never_hit,8.0,18,True,True,False,False,,8.0,18,True,True,False,False,,8.0,18,True,True,False,False,,8.250000000000014,29,True,True,False,False,,1714.0,2024-01-10T14:05:00-05:00,2.8500000000000014,8347.04000000001,1715.0,2024-01-10T14:06:00-05:00,2.8500000000000014,8347.04000000001,1716.0,2024-01-10T14:07:00-05:00,2.8499999999999943,8347.040000000025,1715.0,2024-01-10T14:06:00-05:00,2.8500000000000014,8347.04000000001,1829.0,2024-01-10T16:00:00-05:00,1.8499999999999943,10347.040000000025,2881.0,2024-01-11T09:32:00-05:00,1.0,12047.040000000014,2882.0,2024-01-11T09:33:00-05:00,1.3000000000000007,11447.040000000012,1830.0,2024-01-10T16:01:00-05:00,2.5500000000000007,8947.040000000012,2884.0,2024-01-11T09:35:00-05:00,0.8499999999999996,12347.040000000014,2885.0,2024-01-11T09:36:00-05:00,0.6999999999999993,12647.040000000014,2886.0,2024-01-11T09:37:00-05:00,0.7999999999999989,12447.040000000015,2885.0,2024-01-11T09:36:00-05:00,0.6999999999999993,12647.040000000014,3168.0,2024-01-11T14:19:00-05:00,0.44999999999999973,13147.040000000012,3177.0,2024-01-11T14:28:00-05:00,0.44999999999999973,13147.040000000012,3178.0,2024-01-11T14:29:00-05:00,0.4249999999999998,13197.040000000014,3169.0,2024-01-11T14:20:00-05:00,0.5500000000000003,12947.040000000012,1559
2024-01-09,2024-01-12,3,5.0,2024-01-09T09:31:00-05:00,5.150000000000006,NDXP  240112P16590000,NDXP  240112P16580000,development,False,False,0,0,0,31,0,1574,available,False,2024-01-09T09:31:00-05:00,2024-01-12T16:00:00-05:00,0.0,10047.040000000014,0.0,last_observed_quote_not_settlement,1036.0,20,20,4.800000000000011,447.03999999998933,2024-01-09T09:32:00-05:00,0.0,5.400000000000006,-752.9599999999994,2024-01-09T09:33:00-05:00,0.0,5.3999999999999915,-752.9599999999709,2024-01-09T09:36:00-05:00,0.0,5.299999999999997,-552.9599999999823,2024-01-09T09:41:00-05:00,0.0,5.299999999999983,-552.9599999999539,2024-01-09T09:46:00-05:00,0.0,5.099999999999994,-152.95999999997656,2024-01-09T10:01:00-05:00,0.0,4.75,547.040000000012,2024-01-09T10:31:00-05:00,0.0,3.8999999999999915,2247.040000000029,2024-01-09T11:31:00-05:00,0.0,3.1500000000000057,3747.040000000001,2024-01-09T16:00:00-05:00,0.0,2.349999999999998,5347.040000000016,2024-01-10T16:00:00-05:00,0.0,0.5,9047.040000000014,2024-01-11T16:00:00-05:00,0.0,0.0,10047.040000000014,2024-01-12T16:00:00-05:00,0.0,0.0,hit,1.0,hit,106.0,hit,149.0,hit,1533.0,hit,1726.0,hit,2940.0,hit,,never_hit,,never_hit,,never_hit,,never_hit,,never_hit,,never_hit,5.600000000000023,20,False,False,False,False,,5.600000000000023,20,False,False,False,False,,5.600000000000023,20,False,False,False,False,,5.600000000000023,20,False,False,False,False,,149.0,2024-01-09T12:00:00-05:00,2.9499999999999957,4147.040000000021,204.0,2024-01-09T12:55:00-05:00,2.9499999999999957,4147.040000000021,211.0,2024-01-09T13:02:00-05:00,2.3999999999999915,5247.040000000029,150.0,2024-01-09T12:01:00-05:00,3.3999999999999915,3247.040000000029,1607.0,2024-01-10T12:18:00-05:00,1.9000000000000057,6247.040000000001,1653.0,2024-01-10T13:04:00-05:00,1.8999999999999986,6247.0400000000145,1654.0,2024-01-10T13:05:00-05:00,1.7000000000000028,6647.040000000006,1608.0,2024-01-10T12:19:00-05:00,2.200000000000003,5647.040000000006,1726.0,2024-01-10T14:17:00-05:00,0.7999999999999972,8447.040000000019,2881.0,2024-01-11T09:32:00-05:00,0.7000000000000011,8647.04000000001,2882.0,2024-01-11T09:33:00-05:00,0.9000000000000021,8247.040000000008,1727.0,2024-01-10T14:18:00-05:00,1.5,7047.040000000012,2940.0,2024-01-11T10:31:00-05:00,0.30000000000000426,9447.040000000005,3271.0,2024-01-11T16:02:00-05:00,0.4499999999999993,9147.040000000014,3272.0,2024-01-11T16:03:00-05:00,0.4499999999999993,9147.040000000014,2941.0,2024-01-11T10:32:00-05:00,1.2999999999999972,7447.040000000018,1560
2024-01-09,2024-01-12,3,6.0,2024-01-09T09:31:00-05:00,5.9500000000000455,NDXP  240112P16630000,NDXP  240112P16620000,development,False,False,0,0,0,41,0,1564,available,False,2024-01-09T09:31:00-05:00,2024-01-12T15:59:00-05:00,0.0,11647.040000000092,1.0,last_observed_quote_not_settlement,1036.0,6,8,5.400000000000006,847.0400000000802,2024-01-09T09:32:00-05:00,0.0,5.399999999999977,847.0400000001371,2024-01-09T09:33:00-05:00,0.0,6.049999999999983,-452.95999999987424,2024-01-09T09:36:00-05:00,0.0,5.400000000000006,847.0400000000802,2024-01-09T09:41:00-05:00,0.0,6.049999999999983,-452.95999999987424,2024-01-09T09:46:00-05:00,0.0,5.900000000000034,-152.95999999997656,2024-01-09T10:01:00-05:00,0.0,5.400000000000006,847.0400000000802,2024-01-09T10:31:00-05:00,0.0,4.5,2647.040000000092,2024-01-09T11:31:00-05:00,0.0,3.700000000000003,4247.040000000086,2024-01-09T16:00:00-05:00,0.0,1.1500000000000021,9347.040000000088,2024-01-10T16:00:00-05:00,0.0,0.7000000000000002,10247.040000000092,2024-01-11T16:00:00-05:00,0.0,,,2024-01-12T15:59:00-05:00,60.0,1.0,hit,28.0,hit,31.0,hit,1447.0,hit,1720.0,hit,1784.0,hit,4320.0,hit,,never_hit,,never_hit,,never_hit,,never_hit,,never_hit,,never_hit,6.050000000000011,6,False,False,False,False,,6.050000000000011,6,False,False,False,False,,6.050000000000011,6,False,False,False,False,,6.050000000000011,6,False,False,False,False,,1447.0,2024-01-10T09:38:00-05:00,2.8999999999999986,5847.040000000095,1513.0,2024-01-10T10:44:00-05:00,2.8499999999999943,5947.040000000103,1514.0,2024-01-10T10:45:00-05:00,2.75,6147.040000000092,1448.0,2024-01-10T09:39:00-05:00,3.1000000000000014,5447.040000000089,1723.0,2024-01-10T14:14:00-05:00,1.8999999999999986,7847.040000000095,1724.0,2024-01-10T14:15:00-05:00,1.9499999999999993,7747.040000000093,1725.0,2024-01-10T14:16:00-05:00,1.8999999999999986,7847.040000000095,1724.0,2024-01-10T14:15:00-05:00,1.9499999999999993,7747.040000000093,1784.0,2024-01-10T15:15:00-05:00,0.8500000000000014,9947.04000000009,2885.0,2024-01-11T09:36:00-05:00,0.8000000000000007,10047.040000000092,2886.0,2024-01-11T09:37:00-05:00,0.8500000000000014,9947.04000000009,1785.0,2024-01-10T15:16:00-05:00,1.8000000000000043,8047.040000000083,4320.0,2024-01-12T09:31:00-05:00,0.27499999999999947,11097.040000000094,4321.0,2024-01-12T09:32:00-05:00,0.25000000000000044,11147.04000000009,4322.0,2024-01-12T09:33:00-05:00,0.40000000000000036,10847.040000000092,4321.0,2024-01-12T09:32:00-05:00,0.25000000000000044,11147.04000000009,1561
2024-01-09,2024-01-12,3,7.0,2024-01-09T09:31:00-05:00,7.0,NDXP  240112P16690000,NDXP  240112P16680000,development,False,False,0,0,0,4,0,1601,available,False,2024-01-09T09:31:00-05:00,2024-01-12T16:00:00-05:00,9.975,-6152.96,0.0,last_observed_quote_not_settlement,1036.0,4,8,7.550000000000011,-1352.960000000022,2024-01-09T09:32:00-05:00,0.0,6.25,1247.0400000000006,2024-01-09T09:33:00-05:00,0.0,6.549999999999983,647.0400000000348,2024-01-09T09:36:00-05:00,0.0,6.950000000000017,-152.9600000000334,2024-01-09T09:41:00-05:00,0.0,6.950000000000017,-152.9600000000334,2024-01-09T09:46:00-05:00,0.0,6.550000000000011,647.0399999999779,2024-01-09T10:01:00-05:00,0.0,6.100000000000023,1547.0399999999552,2024-01-09T10:31:00-05:00,0.0,5.5,2747.040000000001,2024-01-09T11:31:00-05:00,0.0,4.650000000000006,4447.039999999989,2024-01-09T16:00:00-05:00,0.0,2.3500000000000014,9047.039999999999,2024-01-10T16:00:00-05:00,0.0,1.4000000000000004,10947.04,2024-01-11T16:00:00-05:00,0.0,9.975,-6152.96,2024-01-12T16:00:00-05:00,0.0,74.0,hit,92.0,hit,1452.0,hit,1486.0,hit,2880.0,hit,3259.0,hit,3259.0,hit,1.0,hit,4699.0,hit,0.0,hit,4699.0,hit,4699.0,hit,4699.0,hit,7.550000000000011,3,True,False,False,False,,7.550000000000011,3,True,False,False,False,,7.550000000000011,3,True,False,False,False,,7.550000000000011,3,True,False,False,False,,1486.0,2024-01-10T10:17:00-05:00,2.25,9247.04,1723.0,2024-01-10T14:14:00-05:00,2.6999999999999957,8347.04000000001,1724.0,2024-01-10T14:15:00-05:00,2.799999999999997,8147.040000000007,1487.0,2024-01-10T10:18:00-05:00,4.400000000000006,4947.039999999989,2880.0,2024-01-11T09:31:00-05:00,1.6000000000000014,10547.039999999999,2881.0,2024-01-11T09:32:00-05:00,1.5999999999999979,10547.040000000006,2885.0,2024-01-11T09:36:00-05:00,1.25,11247.04,2881.0,2024-01-11T09:32:00-05:00,1.5999999999999979,10547.040000000006,3259.0,2024-01-11T15:50:00-05:00,0.0,13747.04,4321.0,2024-01-12T09:32:00-05:00,0.5499999999999998,12647.040000000003,4322.0,2024-01-12T09:33:00-05:00,0.9000000000000004,11947.04,3260.0,2024-01-11T15:51:00-05:00,1.6500000000000004,10447.04,3259.0,2024-01-11T15:50:00-05:00,0.0,13747.04,4334.0,2024-01-12T09:45:00-05:00,0.40000000000000036,12947.04,4335.0,2024-01-12T09:46:00-05:00,0.3999999999999999,12947.04,3260.0,2024-01-11T15:51:00-05:00,1.6500000000000004,10447.04,1562
2024-01-10,2024-01-12,2,5.0,2024-01-10T09:31:00-05:00,5.0,NDXP  240112P16720000,NDXP  240112P16710000,development,False,False,0,0,0,10,0,1190,available,False,2024-01-10T09:31:00-05:00,2024-01-12T16:00:00-05:00,2.0,5747.040000000001,0.0,last_observed_quote_not_settlement,1036.0,139,24,4.75,247.04000000000067,2024-01-10T09:32:00-05:00,0.0,4.6499999999999915,447.04000000001776,2024-01-10T09:33:00-05:00,0.0,4.799999999999997,147.0400000000064,2024-01-10T09:36:00-05:00,0.0,4.550000000000011,647.0399999999779,2024-01-10T09:41:00-05:00,0.0,4.8500000000000085,47.03999999998366,2024-01-10T09:46:00-05:00,0.0,5.299999999999997,-852.9599999999937,2024-01-10T10:01:00-05:00,0.0,4.599999999999994,547.040000000012,2024-01-10T10:31:00-05:00,0.0,4.5,747.0400000000006,2024-01-10T11:31:00-05:00,0.0,3.4000000000000057,2947.0399999999895,2024-01-10T16:00:00-05:00,0.0,1.8999999999999986,5947.040000000004,2024-01-11T16:00:00-05:00,0.0,2.0,5747.040000000001,2024-01-12T16:00:00-05:00,0.0,,,,,0.0,hit,0.0,hit,179.0,hit,289.0,hit,1443.0,hit,1819.0,hit,1819.0,hit,25.0,hit,1544.0,hit,,never_hit,,never_hit,,never_hit,,never_hit,5.750000000000014,27,False,False,False,False,,5.750000000000014,27,False,False,False,False,,6.900000000000006,139,False,False,False,False,,6.900000000000006,139,False,False,False,False,,289.0,2024-01-10T14:20:00-05:00,2.799999999999997,4147.040000000006,326.0,2024-01-10T14:57:00-05:00,2.8499999999999943,4047.040000000012,327.0,2024-01-10T14:58:00-05:00,2.8499999999999943,4047.040000000012,290.0,2024-01-10T14:21:00-05:00,3.0500000000000043,3647.0399999999922,1444.0,2024-01-11T09:35:00-05:00,1.7999999999999972,6147.040000000006,1445.0,2024-01-11T09:36:00-05:00,1.5999999999999979,6547.0400000000045,1446.0,2024-01-11T09:37:00-05:00,1.6999999999999957,6347.040000000009,1445.0,2024-01-11T09:36:00-05:00,1.5999999999999979,6547.0400000000045,1819.0,2024-01-11T15:50:00-05:00,0.05000000000000071,9647.04,2891.0,2024-01-12T09:42:00-05:00,0.8499999999999996,8047.040000000002,2892.0,2024-01-12T09:43:00-05:00,0.7000000000000002,8347.04,1820.0,2024-01-11T15:51:00-05:00,2.200000000000003,5347.039999999995,1819.0,2024-01-11T15:50:00-05:00,0.05000000000000071,9647.04,3103.0,2024-01-12T13:14:00-05:00,0.42500000000000027,8897.04,3104.0,2024-01-12T13:15:00-05:00,0.44999999999999973,8847.04,1820.0,2024-01-11T15:51:00-05:00,2.200000000000003,5347.039999999995,1563
2024-01-10,2024-01-12,2,6.0,2024-01-10T09:31:00-05:00,5.949999999999989,NDXP  240112P16810000,NDXP  240112P16800000,development,False,False,0,0,0,0,0,1200,available,False,2024-01-10T09:31:00-05:00,2024-01-12T16:00:00-05:00,0.0,11647.039999999979,0.0,last_observed_quote_not_settlement,1036.0,295,86,5.400000000000034,847.0399999999097,2024-01-10T09:32:00-05:00,0.0,5.849999999999994,-52.96000000001066,2024-01-10T09:33:00-05:00,0.0,6.200000000000017,-752.9600000000562,2024-01-10T09:36:00-05:00,0.0,5.5,647.0399999999779,2024-01-10T09:41:00-05:00,0.0,5.850000000000023,-52.9600000000675,2024-01-10T09:46:00-05:00,0.0,6.250000000000028,-852.9600000000789,2024-01-10T10:01:00-05:00,0.0,6.150000000000006,-652.9600000000335,2024-01-10T10:31:00-05:00,0.0,5.849999999999994,-52.96000000001066,2024-01-10T11:31:00-05:00,0.0,5.0,1647.039999999978,2024-01-10T16:00:00-05:00,0.0,4.350000000000001,2947.039999999975,2024-01-11T16:00:00-05:00,0.0,0.0,11647.039999999979,2024-01-12T16:00:00-05:00,0.0,,,,,1.0,hit,7.0,hit,286.0,hit,2880.0,hit,2894.0,hit,3256.0,hit,3263.0,hit,20.0,hit,20.0,hit,20.0,hit,62.0,hit,1569.0,hit,,never_hit,9.25,291,True,True,True,True,,9.25,291,True,True,True,True,,9.25,295,True,True,True,True,,9.25,295,True,True,True,True,,2880.0,2024-01-12T09:31:00-05:00,2.900000000000002,5847.039999999974,2881.0,2024-01-12T09:32:00-05:00,2.900000000000002,5847.039999999974,2888.0,2024-01-12T09:39:00-05:00,2.6000000000000014,6447.039999999975,2881.0,2024-01-12T09:32:00-05:00,2.900000000000002,5847.039999999974,2894.0,2024-01-12T09:45:00-05:00,1.8000000000000007,8047.039999999976,2895.0,2024-01-12T09:46:00-05:00,1.9000000000000021,7847.039999999974,2896.0,2024-01-12T09:47:00-05:00,1.8500000000000014,7947.039999999975,2895.0,2024-01-12T09:46:00-05:00,1.9000000000000021,7847.039999999974,3256.0,2024-01-12T15:47:00-05:00,0.8999999999999999,9847.039999999979,3262.0,2024-01-12T15:53:00-05:00,0.6500000000000001,10347.039999999979,3263.0,2024-01-12T15:54:00-05:00,0.5,10647.039999999979,3257.0,2024-01-12T15:48:00-05:00,1.25,9147.039999999979,3264.0,2024-01-12T15:55:00-05:00,0.32499999999999996,10997.039999999979,3265.0,2024-01-12T15:56:00-05:00,0.3,11047.039999999979,3266.0,2024-01-12T15:57:00-05:00,0.2,11247.039999999979,3265.0,2024-01-12T15:56:00-05:00,0.3,11047.039999999979,1564
2024-01-10,2024-01-12,2,7.0,2024-01-10T09:31:00-05:00,7.100000000000023,NDXP  240112P16820000,NDXP  240112P16810000,development,False,False,0,0,0,1,0,1199,available,False,2024-01-10T09:31:00-05:00,2024-01-12T16:00:00-05:00,4.975,3997.040000000047,0.0,last_observed_quote_not_settlement,1036.0,152,31,7.449999999999989,-952.9599999999311,2024-01-10T09:32:00-05:00,0.0,6.950000000000017,47.04000000001208,2024-01-10T09:33:00-05:00,0.0,6.799999999999983,347.0400000000803,2024-01-10T09:36:00-05:00,0.0,6.799999999999983,347.0400000000803,2024-01-10T09:41:00-05:00,0.0,6.949999999999989,47.04000000006892,2024-01-10T09:46:00-05:00,0.0,6.849999999999966,247.04000000011436,2024-01-10T10:01:00-05:00,0.0,6.400000000000006,1147.0400000000348,2024-01-10T10:31:00-05:00,0.0,6.600000000000023,747.0400000000006,2024-01-10T11:31:00-05:00,0.0,5.099999999999994,3747.0400000000577,2024-01-10T16:00:00-05:00,0.0,4.550000000000004,4847.040000000037,2024-01-11T16:00:00-05:00,0.0,4.975,3997.040000000047,2024-01-12T16:00:00-05:00,0.0,,,,,80.0,hit,94.0,hit,344.0,hit,2887.0,hit,2895.0,hit,3264.0,hit,3265.0,hit,32.0,hit,1545.0,hit,0.0,hit,32.0,hit,1582.0,hit,1606.0,hit,10.0,150,True,True,True,True,,10.0,150,True,True,True,True,,10.0,152,True,True,True,True,,10.0,152,True,True,True,True,,2888.0,2024-01-12T09:39:00-05:00,2.8999999999999986,8147.040000000049,2891.0,2024-01-12T09:42:00-05:00,2.6999999999999993,8547.040000000048,2892.0,2024-01-12T09:43:00-05:00,2.349999999999998,9247.040000000052,2889.0,2024-01-12T09:40:00-05:00,3.1000000000000014,7747.040000000044,2895.0,2024-01-12T09:46:00-05:00,1.9499999999999957,10047.040000000055,3167.0,2024-01-12T14:18:00-05:00,1.8999999999999995,10147.040000000048,3264.0,2024-01-12T15:55:00-05:00,0.7,12547.040000000046,2896.0,2024-01-12T09:47:00-05:00,2.450000000000003,9047.04000000004,3264.0,2024-01-12T15:55:00-05:00,0.7,12547.040000000046,3265.0,2024-01-12T15:56:00-05:00,0.2750000000000001,13397.040000000046,3266.0,2024-01-12T15:57:00-05:00,0.675,12597.040000000046,3265.0,2024-01-12T15:56:00-05:00,0.2750000000000001,13397.040000000046,3265.0,2024-01-12T15:56:00-05:00,0.2750000000000001,13397.040000000046,3268.0,2024-01-12T15:59:00-05:00,0.2,13547.040000000046,,,,,3266.0,2024-01-12T15:57:00-05:00,0.675,12597.040000000046,1565
2024-01-16,2024-01-18,2,5.0,2024-01-16T09:31:00-05:00,4.900000000000006,NDXP  240118P16820000,NDXP  240118P16810000,development,False,False,0,0,0,4,0,1196,available,False,2024-01-16T09:31:00-05:00,2024-01-18T16:00:00-05:00,0.0,9547.040000000014,0.0,last_observed_quote_not_settlement,1036.0,629,49,5.300000000000011,-1052.9600000000107,2024-01-16T09:32:00-05:00,0.0,4.549999999999997,447.04000000001776,2024-01-16T09:33:00-05:00,0.0,4.700000000000003,147.0400000000064,2024-01-16T09:36:00-05:00,0.0,5.75,-1952.959999999988,2024-01-16T09:41:00-05:00,0.0,7.599999999999994,-5652.959999999976,2024-01-16T09:46:00-05:00,0.0,5.349999999999994,-1152.9599999999766,2024-01-16T10:01:00-05:00,0.0,3.8500000000000085,1847.039999999995,2024-01-16T10:31:00-05:00,0.0,3.3500000000000014,2847.040000000009,2024-01-16T11:31:00-05:00,0.0,4.6000000000000085,347.039999999995,2024-01-16T16:00:00-05:00,0.0,6.8999999999999915,-4252.959999999971,2024-01-17T16:00:00-05:00,0.0,0.0,9547.040000000014,2024-01-18T16:00:00-05:00,0.0,,,,,0.0,hit,0.0,hit,52.0,hit,83.0,hit,2883.0,hit,2954.0,hit,3001.0,hit,3.0,hit,11.0,hit,15.0,hit,22.0,hit,1460.0,hit,,never_hit,8.5,37,True,True,False,False,,9.350000000000023,629,True,True,True,True,,9.350000000000023,629,True,True,True,True,,9.350000000000023,629,True,True,True,True,,83.0,2024-01-16T10:54:00-05:00,2.799999999999997,3947.0400000000177,2881.0,2024-01-18T09:32:00-05:00,2.299999999999997,4947.040000000018,2882.0,2024-01-18T09:33:00-05:00,2.1000000000000014,5347.040000000009,84.0,2024-01-16T10:55:00-05:00,3.1499999999999986,3247.040000000015,2885.0,2024-01-18T09:36:00-05:00,1.9499999999999993,5647.040000000014,2910.0,2024-01-18T10:01:00-05:00,1.8500000000000014,5847.040000000009,2937.0,2024-01-18T10:28:00-05:00,1.75,6047.040000000012,2886.0,2024-01-18T09:37:00-05:00,2.0500000000000007,5447.040000000011,2959.0,2024-01-18T10:50:00-05:00,0.9000000000000004,7747.040000000011,2960.0,2024-01-18T10:51:00-05:00,0.7999999999999998,7947.040000000013,2964.0,2024-01-18T10:55:00-05:00,0.7999999999999998,7947.040000000013,2960.0,2024-01-18T10:51:00-05:00,0.7999999999999998,7947.040000000013,3008.0,2024-01-18T11:39:00-05:00,0.44999999999999973,8647.040000000012,3162.0,2024-01-18T14:13:00-05:00,0.30000000000000004,8947.040000000014,3163.0,2024-01-18T14:14:00-05:00,0.32499999999999996,8897.040000000012,3009.0,2024-01-18T11:40:00-05:00,0.5499999999999998,8447.040000000014,1566
2024-01-16,2024-01-18,2,6.0,2024-01-16T09:31:00-05:00,6.099999999999994,NDXP  240118P16880000,NDXP  240118P16870000,development,False,False,0,0,0,18,0,1182,available,False,2024-01-16T09:31:00-05:00,2024-01-18T16:00:00-05:00,0.0,11947.03999999999,0.0,last_observed_quote_not_settlement,1036.0,625,57,6.699999999999989,-1452.959999999988,2024-01-16T09:32:00-05:00,0.0,5.0,1947.0399999999893,2024-01-16T09:33:00-05:00,0.0,6.1000000000000085,-252.96000000002772,2024-01-16T09:36:00-05:00,0.0,6.299999999999983,-652.9599999999766,2024-01-16T09:41:00-05:00,0.0,7.099999999999994,-2252.959999999999,2024-01-16T09:46:00-05:00,0.0,6.400000000000034,-852.9600000000789,2024-01-16T10:01:00-05:00,0.0,4.75,2447.0399999999895,2024-01-16T10:31:00-05:00,0.0,4.700000000000003,2547.0399999999836,2024-01-16T11:31:00-05:00,0.0,5.5,947.0399999999893,2024-01-16T16:00:00-05:00,0.0,8.199999999999989,-4452.95999999999,2024-01-17T16:00:00-05:00,0.0,0.0,11947.03999999999,2024-01-18T16:00:00-05:00,0.0,,,,,2.0,hit,2.0,hit,2880.0,hit,2885.0,hit,2963.0,hit,3173.0,hit,3178.0,hit,1.0,hit,11.0,hit,11.0,hit,1440.0,hit,1453.0,hit,1454.0,hit,10.0,596,True,True,True,True,,10.0,596,True,True,True,True,,10.0,625,True,True,True,True,,10.0,625,True,True,True,True,,2885.0,2024-01-18T09:36:00-05:00,2.1499999999999986,7647.039999999992,2948.0,2024-01-18T10:39:00-05:00,2.6999999999999993,6547.039999999991,2949.0,2024-01-18T10:40:00-05:00,2.5500000000000007,6847.039999999988,2886.0,2024-01-18T09:37:00-05:00,4.049999999999997,3847.039999999995,2963.0,2024-01-18T10:54:00-05:00,1.9000000000000004,8147.039999999989,2991.0,2024-01-18T11:22:00-05:00,1.9000000000000021,8147.039999999985,2992.0,2024-01-18T11:23:00-05:00,1.8499999999999996,8247.039999999992,2964.0,2024-01-18T10:55:00-05:00,2.1000000000000014,7747.039999999986,3173.0,2024-01-18T14:24:00-05:00,0.7499999999999996,10447.03999999999,3174.0,2024-01-18T14:25:00-05:00,0.75,10447.03999999999,3175.0,2024-01-18T14:26:00-05:00,0.6749999999999998,10597.03999999999,3174.0,2024-01-18T14:25:00-05:00,0.75,10447.03999999999,3180.0,2024-01-18T14:31:00-05:00,0.3999999999999999,11147.03999999999,3187.0,2024-01-18T14:38:00-05:00,0.4249999999999998,11097.03999999999,3200.0,2024-01-18T14:51:00-05:00,0.3999999999999999,11147.03999999999,3181.0,2024-01-18T14:32:00-05:00,0.5249999999999999,10897.03999999999,1567
2024-01-16,2024-01-18,2,7.0,2024-01-16T09:31:00-05:00,7.0,NDXP  240118P16920000,NDXP  240118P16910000,development,False,False,0,0,0,44,0,1156,available,False,2024-01-16T09:31:00-05:00,2024-01-18T16:00:00-05:00,0.0,13747.04,0.0,last_observed_quote_not_settlement,1036.0,550,97,7.349999999999994,-952.959999999988,2024-01-16T09:32:00-05:00,0.0,6.650000000000006,447.03999999998933,2024-01-16T09:33:00-05:00,0.0,6.699999999999989,347.04000000002344,2024-01-16T09:36:00-05:00,0.0,6.999999999999972,-252.95999999994245,2024-01-16T09:41:00-05:00,0.0,7.149999999999977,-552.9599999999539,2024-01-16T09:46:00-05:00,0.0,7.349999999999994,-952.959999999988,2024-01-16T10:01:00-05:00,0.0,5.450000000000017,2847.0399999999668,2024-01-16T10:31:00-05:00,0.0,5.450000000000003,2847.039999999995,2024-01-16T11:31:00-05:00,0.0,6.8999999999999915,-52.95999999998224,2024-01-16T16:00:00-05:00,0.0,8.899999999999977,-4052.9599999999555,2024-01-17T16:00:00-05:00,0.0,0.0,13747.04,2024-01-18T16:00:00-05:00,0.0,,,,,50.0,hit,50.0,hit,2947.0,hit,2990.0,hit,3175.0,hit,3202.0,hit,3222.0,hit,11.0,hit,37.0,hit,0.0,hit,37.0,hit,1440.0,hit,1440.0,hit,10.0,502,True,True,True,True,,10.0,550,True,True,True,True,,10.0,550,True,True,True,True,,10.0,550,True,True,True,True,,2995.0,2024-01-18T11:26:00-05:00,2.8999999999999986,7947.040000000004,2999.0,2024-01-18T11:30:00-05:00,2.6000000000000014,8547.039999999999,3000.0,2024-01-18T11:31:00-05:00,2.5,8747.04,2996.0,2024-01-18T11:27:00-05:00,3.200000000000003,7347.039999999995,3175.0,2024-01-18T14:26:00-05:00,1.8999999999999995,9947.040000000003,3178.0,2024-01-18T14:29:00-05:00,1.6000000000000005,10547.04,3179.0,2024-01-18T14:30:00-05:00,1.5500000000000007,10647.04,3176.0,2024-01-18T14:27:00-05:00,2.0999999999999996,9547.040000000003,3204.0,2024-01-18T14:55:00-05:00,0.9000000000000004,11947.04,3205.0,2024-01-18T14:56:00-05:00,0.9499999999999997,11847.04,3206.0,2024-01-18T14:57:00-05:00,0.9249999999999998,11897.040000000003,3205.0,2024-01-18T14:56:00-05:00,0.9499999999999997,11847.04,3225.0,2024-01-18T15:16:00-05:00,0.3750000000000002,12997.04,3226.0,2024-01-18T15:17:00-05:00,0.42499999999999993,12897.040000000003,3227.0,2024-01-18T15:18:00-05:00,0.4,12947.04,3226.0,2024-01-18T15:17:00-05:00,0.42499999999999993,12897.040000000003,1568
2024-01-19,2024-01-22,3,5.0,2024-01-19T09:31:00-05:00,5.0,NDXP  240122P17070000,NDXP  240122P17060000,development,False,False,0,0,0,0,0,795,available,False,2024-01-19T09:31:00-05:00,2024-01-22T16:00:00-05:00,0.0,9747.04,0.0,last_observed_quote_not_settlement,3916.0,2,2,4.950000000000017,-152.9600000000334,2024-01-19T09:32:00-05:00,0.0,4.900000000000006,-52.96000000001066,2024-01-19T09:33:00-05:00,0.0,4.650000000000006,447.03999999998933,2024-01-19T09:36:00-05:00,0.0,4.900000000000006,-52.96000000001066,2024-01-19T09:41:00-05:00,0.0,4.5,747.0400000000006,2024-01-19T09:46:00-05:00,0.0,4.25,1247.0400000000006,2024-01-19T10:01:00-05:00,0.0,4.650000000000006,447.03999999998933,2024-01-19T10:31:00-05:00,0.0,3.3500000000000014,3047.0399999999977,2024-01-19T11:31:00-05:00,0.0,0.5,8747.04,2024-01-19T16:00:00-05:00,0.0,,,2024-01-19T16:15:00-05:00,85500.0,,,2024-01-19T16:15:00-05:00,171900.0,0.0,9747.04,2024-01-22T16:00:00-05:00,0.0,0.0,hit,0.0,hit,29.0,hit,149.0,hit,207.0,hit,263.0,hit,387.0,hit,,never_hit,,never_hit,,never_hit,,never_hit,,never_hit,,never_hit,5.150000000000006,2,False,False,False,False,,5.150000000000006,2,False,False,False,False,,5.150000000000006,2,False,False,False,False,,5.150000000000006,2,False,False,False,False,,151.0,2024-01-19T12:02:00-05:00,2.9499999999999957,3847.040000000009,174.0,2024-01-19T12:25:00-05:00,2.8999999999999915,3947.0400000000177,175.0,2024-01-19T12:26:00-05:00,2.8999999999999986,3947.0400000000036,152.0,2024-01-19T12:03:00-05:00,3.0,3747.040000000001,214.0,2024-01-19T13:05:00-05:00,1.9499999999999957,5847.040000000009,218.0,2024-01-19T13:09:00-05:00,1.8000000000000007,6147.039999999999,225.0,2024-01-19T13:16:00-05:00,1.6999999999999993,6347.040000000002,215.0,2024-01-19T13:06:00-05:00,2.099999999999998,5547.0400000000045,283.0,2024-01-19T14:14:00-05:00,0.9499999999999993,7847.040000000002,329.0,2024-01-19T15:00:00-05:00,0.8499999999999979,8047.0400000000045,330.0,2024-01-19T15:01:00-05:00,0.9000000000000004,7947.04,284.0,2024-01-19T14:15:00-05:00,1.0500000000000007,7647.039999999999,395.0,2024-01-19T16:06:00-05:00,0.4499999999999993,8847.040000000003,396.0,2024-01-19T16:07:00-05:00,0.40000000000000036,8947.04,397.0,2024-01-19T16:08:00-05:00,0.4499999999999993,8847.040000000003,396.0,2024-01-19T16:07:00-05:00,0.40000000000000036,8947.04,1569
2024-01-19,2024-01-22,3,6.0,2024-01-19T09:31:00-05:00,6.099999999999994,NDXP  240122P17110000,NDXP  240122P17100000,development,False,False,0,0,0,18,0,777,available,False,2024-01-19T09:31:00-05:00,2024-01-22T16:00:00-05:00,9.975,-7952.960000000011,0.0,last_observed_quote_not_settlement,3916.0,3,5,5.849999999999994,247.04000000000067,2024-01-19T09:32:00-05:00,0.0,5.300000000000011,1347.0399999999665,2024-01-19T09:33:00-05:00,0.0,6.0,-52.96000000001066,2024-01-19T09:36:00-05:00,0.0,5.8999999999999915,147.0400000000064,2024-01-19T09:41:00-05:00,0.0,5.799999999999997,347.039999999995,2024-01-19T09:46:00-05:00,0.0,5.0,1947.0399999999893,2024-01-19T10:01:00-05:00,0.0,5.549999999999997,847.039999999995,2024-01-19T10:31:00-05:00,0.0,4.299999999999997,3347.039999999995,2024-01-19T11:31:00-05:00,0.0,0.8000000000000007,10347.039999999988,2024-01-19T16:00:00-05:00,0.0,,,2024-01-19T16:15:00-05:00,85500.0,,,2024-01-19T16:15:00-05:00,171900.0,9.975,-7952.960000000011,2024-01-22T16:00:00-05:00,0.0,2.0,hit,30.0,hit,96.0,hit,96.0,hit,209.0,hit,337.0,hit,379.0,hit,49.0,hit,49.0,hit,49.0,hit,4709.0,hit,4709.0,hit,4709.0,hit,7.300000000000011,3,True,False,False,False,,7.300000000000011,3,True,False,False,False,,7.300000000000011,3,True,False,False,False,,7.300000000000011,3,True,False,False,False,,96.0,2024-01-19T11:07:00-05:00,2.450000000000003,7047.039999999984,205.0,2024-01-19T12:56:00-05:00,2.8499999999999943,6247.040000000001,206.0,2024-01-19T12:57:00-05:00,2.8500000000000014,6247.039999999986,97.0,2024-01-19T11:08:00-05:00,4.300000000000004,3347.039999999981,209.0,2024-01-19T13:00:00-05:00,1.8499999999999943,8247.04,252.0,2024-01-19T13:43:00-05:00,1.9499999999999993,8047.039999999991,253.0,2024-01-19T13:44:00-05:00,1.8500000000000014,8247.039999999988,210.0,2024-01-19T13:01:00-05:00,2.799999999999997,6347.039999999995,337.0,2024-01-19T15:08:00-05:00,0.8999999999999986,10147.039999999994,380.0,2024-01-19T15:51:00-05:00,0.9499999999999993,10047.039999999992,384.0,2024-01-19T15:55:00-05:00,0.8499999999999979,10247.039999999994,338.0,2024-01-19T15:09:00-05:00,1.0500000000000007,9847.039999999988,379.0,2024-01-19T15:50:00-05:00,0.3500000000000014,11247.039999999988,4321.0,2024-01-22T09:32:00-05:00,0.10000000000000009,11747.03999999999,4322.0,2024-01-22T09:33:00-05:00,0.125,11697.03999999999,380.0,2024-01-19T15:51:00-05:00,0.9499999999999993,10047.039999999992,1570
2024-01-19,2024-01-22,3,7.0,2024-01-19T09:31:00-05:00,6.75,NDXP  240122P17160000,NDXP  240122P17150000,development,False,False,0,0,0,20,0,775,available,False,2024-01-19T09:31:00-05:00,2024-01-22T16:00:00-05:00,9.975,-6652.96,0.0,last_observed_quote_not_settlement,3916.0,13,23,6.75,-252.9599999999993,2024-01-19T09:32:00-05:00,0.0,6.700000000000017,-152.9600000000334,2024-01-19T09:33:00-05:00,0.0,6.75,-252.9599999999993,2024-01-19T09:36:00-05:00,0.0,6.900000000000006,-552.9600000000107,2024-01-19T09:41:00-05:00,0.0,6.349999999999994,547.040000000012,2024-01-19T09:46:00-05:00,0.0,5.650000000000006,1947.0399999999893,2024-01-19T10:01:00-05:00,0.0,6.6499999999999915,-52.95999999998224,2024-01-19T10:31:00-05:00,0.0,5.700000000000003,1847.039999999995,2024-01-19T11:31:00-05:00,0.0,1.450000000000001,10347.039999999999,2024-01-19T16:00:00-05:00,0.0,,,2024-01-19T16:15:00-05:00,85500.0,,,2024-01-19T16:15:00-05:00,171900.0,9.975,-6652.96,2024-01-22T16:00:00-05:00,0.0,29.0,hit,29.0,hit,159.0,hit,240.0,hit,283.0,hit,404.0,hit,4320.0,hit,4699.0,hit,4699.0,hit,27.0,hit,4699.0,hit,4699.0,hit,4699.0,hit,7.150000000000006,12,True,False,False,False,,7.150000000000006,12,True,False,False,False,,7.150000000000006,12,True,False,False,False,,7.150000000000006,12,True,False,False,False,,243.0,2024-01-19T13:34:00-05:00,2.8999999999999986,7447.040000000004,248.0,2024-01-19T13:39:00-05:00,2.8999999999999986,7447.040000000004,249.0,2024-01-19T13:40:00-05:00,2.75,7747.040000000001,244.0,2024-01-19T13:35:00-05:00,3.1500000000000057,6947.039999999989,284.0,2024-01-19T14:15:00-05:00,1.9499999999999993,9347.040000000003,298.0,2024-01-19T14:29:00-05:00,1.8999999999999986,9447.040000000005,328.0,2024-01-19T14:59:00-05:00,1.8500000000000014,9547.039999999999,285.0,2024-01-19T14:16:00-05:00,2.0,9247.04,404.0,2024-01-19T16:15:00-05:00,0.6500000000000004,11947.04,4321.0,2024-01-22T09:32:00-05:00,0.2250000000000001,12797.04,4322.0,2024-01-22T09:33:00-05:00,0.2250000000000001,12797.04,,,,,4320.0,2024-01-22T09:31:00-05:00,0.24999999999999956,12747.04,4321.0,2024-01-22T09:32:00-05:00,0.2250000000000001,12797.04,4322.0,2024-01-22T09:33:00-05:00,0.2250000000000001,12797.04,4321.0,2024-01-22T09:32:00-05:00,0.2250000000000001,12797.04,1571
2024-01-22,2024-01-24,2,5.0,2024-01-22T09:31:00-05:00,4.849999999999994,NDXP  240124P17420000,NDXP  240124P17410000,development,False,False,0,0,16,11,0,1188,available,False,2024-01-22T09:31:00-05:00,2024-01-24T15:59:00-05:00,0.024999999999999994,9397.03999999999,1.0,last_observed_quote_not_settlement,1036.0,779,31,4.5,447.03999999998933,2024-01-22T09:32:00-05:00,0.0,4.549999999999997,347.039999999995,2024-01-22T09:33:00-05:00,0.0,4.049999999999997,1347.039999999995,2024-01-22T09:36:00-05:00,0.0,4.950000000000003,-452.96000000001635,2024-01-22T09:41:00-05:00,0.0,5.450000000000003,-1452.9600000000164,2024-01-22T09:46:00-05:00,0.0,4.849999999999994,-252.9599999999993,2024-01-22T10:01:00-05:00,0.0,4.300000000000011,847.0399999999665,2024-01-22T10:31:00-05:00,0.0,5.75,-2052.9600000000105,2024-01-22T11:31:00-05:00,0.0,6.3500000000000085,-3252.960000000028,2024-01-22T16:00:00-05:00,0.0,5.200000000000003,-952.9600000000164,2024-01-23T16:00:00-05:00,0.0,,,2024-01-24T15:59:00-05:00,60.0,,,,,0.0,hit,0.0,hit,64.0,hit,64.0,hit,2880.0,hit,2880.0,hit,2925.0,hit,13.0,hit,58.0,hit,61.0,hit,,never_hit,,never_hit,,never_hit,7.450000000000003,44,True,False,False,False,,7.700000000000017,778,True,False,False,False,,7.700000000000017,778,True,False,False,False,,7.700000000000017,778,True,False,False,False,,2880.0,2024-01-24T09:31:00-05:00,0.9500000000000002,7547.039999999989,2881.0,2024-01-24T09:32:00-05:00,1.1999999999999993,7047.039999999991,2882.0,2024-01-24T09:33:00-05:00,1.3000000000000007,6847.039999999988,2881.0,2024-01-24T09:32:00-05:00,1.1999999999999993,7047.039999999991,2880.0,2024-01-24T09:31:00-05:00,0.9500000000000002,7547.039999999989,2881.0,2024-01-24T09:32:00-05:00,1.1999999999999993,7047.039999999991,2882.0,2024-01-24T09:33:00-05:00,1.3000000000000007,6847.039999999988,2881.0,2024-01-24T09:32:00-05:00,1.1999999999999993,7047.039999999991,2904.0,2024-01-24T09:55:00-05:00,0.9499999999999993,7547.039999999991,2905.0,2024-01-24T09:56:00-05:00,0.9000000000000004,7647.039999999989,2919.0,2024-01-24T10:10:00-05:00,0.6500000000000004,8147.039999999989,2905.0,2024-01-24T09:56:00-05:00,0.9000000000000004,7647.039999999989,2926.0,2024-01-24T10:17:00-05:00,0.4249999999999998,8597.03999999999,2927.0,2024-01-24T10:18:00-05:00,0.3999999999999999,8647.03999999999,2928.0,2024-01-24T10:19:00-05:00,0.3999999999999999,8647.03999999999,2927.0,2024-01-24T10:18:00-05:00,0.3999999999999999,8647.03999999999,1572
2024-01-22,2024-01-24,2,6.0,2024-01-22T09:31:00-05:00,5.900000000000006,NDXP  240124P17490000,NDXP  240124P17480000,development,False,False,0,0,0,1,15,1199,available,False,2024-01-22T09:31:00-05:00,2024-01-24T16:00:00-05:00,2.9,5747.040000000012,0.0,last_observed_quote_not_settlement,1036.0,792,20,6.500000000000014,-1452.9600000000164,2024-01-22T09:32:00-05:00,0.0,5.6499999999999915,247.0400000000291,2024-01-22T09:33:00-05:00,0.0,5.200000000000003,1147.0400000000063,2024-01-22T09:36:00-05:00,0.0,7.2000000000000455,-2852.9600000000787,2024-01-22T09:41:00-05:00,0.0,6.300000000000011,-1052.9600000000107,2024-01-22T09:46:00-05:00,0.0,5.400000000000006,747.0400000000006,2024-01-22T10:01:00-05:00,0.0,7.599999999999994,-3652.9599999999764,2024-01-22T10:31:00-05:00,0.0,6.850000000000023,-2152.9600000000332,2024-01-22T11:31:00-05:00,0.0,7.650000000000006,-3752.959999999999,2024-01-22T16:00:00-05:00,0.0,7.099999999999994,-2652.9599999999764,2024-01-23T16:00:00-05:00,0.0,2.9,5747.040000000012,2024-01-24T16:00:00-05:00,0.0,,,,,3.0,hit,4.0,hit,2880.0,hit,2880.0,hit,2894.0,hit,2894.0,hit,2894.0,hit,1.0,hit,10.0,hit,10.0,hit,79.0,hit,,never_hit,,never_hit,8.800000000000011,792,True,True,False,False,,8.800000000000011,792,True,True,False,False,,8.800000000000011,792,True,True,False,False,,8.800000000000011,792,True,True,False,False,,2880.0,2024-01-24T09:31:00-05:00,2.8000000000000007,5947.040000000011,2883.0,2024-01-24T09:34:00-05:00,2.8000000000000043,5947.040000000004,2902.0,2024-01-24T09:53:00-05:00,2.9499999999999993,5647.040000000014,2881.0,2024-01-24T09:32:00-05:00,3.1000000000000014,5347.040000000009,2894.0,2024-01-24T09:45:00-05:00,0.20000000000000284,11147.040000000008,2923.0,2024-01-24T10:14:00-05:00,1.8499999999999996,7847.040000000013,2927.0,2024-01-24T10:18:00-05:00,1.4499999999999993,8647.040000000014,2895.0,2024-01-24T09:46:00-05:00,3.299999999999997,4947.040000000018,2894.0,2024-01-24T09:45:00-05:00,0.20000000000000284,11147.040000000008,2947.0,2024-01-24T10:38:00-05:00,0.7999999999999989,9947.040000000015,2948.0,2024-01-24T10:39:00-05:00,0.9000000000000004,9747.040000000012,2895.0,2024-01-24T09:46:00-05:00,3.299999999999997,4947.040000000018,2894.0,2024-01-24T09:45:00-05:00,0.20000000000000284,11147.040000000008,3023.0,2024-01-24T11:54:00-05:00,0.4249999999999998,10697.040000000014,3024.0,2024-01-24T11:55:00-05:00,0.375,10797.040000000014,2895.0,2024-01-24T09:46:00-05:00,3.299999999999997,4947.040000000018,1573
2024-01-22,2024-01-24,2,7.0,2024-01-22T09:31:00-05:00,6.999999999999972,NDXP  240124P17570000,NDXP  240124P17560000,development,False,False,0,0,0,19,0,1180,available,False,2024-01-22T09:31:00-05:00,2024-01-24T15:58:00-05:00,9.850000000000009,-5952.960000000075,2.0,last_observed_quote_not_settlement,1036.0,825,29,7.25,-752.9600000000562,2024-01-22T09:32:00-05:00,0.0,6.5,747.0399999999438,2024-01-22T09:33:00-05:00,0.0,6.699999999999989,347.0399999999666,2024-01-22T09:36:00-05:00,0.0,6.900000000000034,-52.960000000124346,2024-01-22T09:41:00-05:00,0.0,7.500000000000028,-1252.960000000113,2024-01-22T09:46:00-05:00,0.0,7.149999999999977,-552.9600000000107,2024-01-22T10:01:00-05:00,0.0,7.049999999999983,-352.96000000002203,2024-01-22T10:31:00-05:00,0.0,8.0,-2252.960000000058,2024-01-22T11:31:00-05:00,0.0,8.650000000000006,-3552.960000000069,2024-01-22T16:00:00-05:00,0.0,8.699999999999989,-3652.960000000035,2024-01-23T16:00:00-05:00,0.0,,,2024-01-24T15:58:00-05:00,120.0,,,,,1472.0,hit,2880.0,hit,2927.0,hit,2946.0,hit,2954.0,hit,3061.0,hit,3091.0,hit,12.0,hit,13.0,hit,1.0,hit,13.0,hit,77.0,hit,293.0,hit,10.0,772,True,True,True,True,,10.0,772,True,True,True,True,,10.0,772,True,True,True,True,,10.0,772,True,True,True,True,,2946.0,2024-01-24T10:37:00-05:00,2.75,8247.039999999944,2947.0,2024-01-24T10:38:00-05:00,2.8000000000000007,8147.039999999942,2948.0,2024-01-24T10:39:00-05:00,2.900000000000002,7947.03999999994,2947.0,2024-01-24T10:38:00-05:00,2.8000000000000007,8147.039999999942,3025.0,2024-01-24T11:56:00-05:00,1.9499999999999993,9847.039999999946,3029.0,2024-01-24T12:00:00-05:00,1.75,10247.039999999944,3030.0,2024-01-24T12:01:00-05:00,1.6499999999999995,10447.039999999946,3026.0,2024-01-24T11:57:00-05:00,2.0,9747.039999999944,3063.0,2024-01-24T12:34:00-05:00,0.8999999999999999,11947.039999999944,3064.0,2024-01-24T12:35:00-05:00,0.7499999999999996,12247.039999999944,3065.0,2024-01-24T12:36:00-05:00,0.7999999999999998,12147.039999999944,3064.0,2024-01-24T12:35:00-05:00,0.7499999999999996,12247.039999999944,3091.0,2024-01-24T13:02:00-05:00,0.40000000000000036,12947.039999999944,,,,,,,,,3092.0,2024-01-24T13:03:00-05:00,1.1000000000000005,11547.039999999944,1574
2024-01-22,2024-01-25,3,5.0,2024-01-22T09:31:00-05:00,4.950000000000017,NDXP  240125P17450000,NDXP  240125P17440000,development,False,False,0,0,1,0,0,1604,available,False,2024-01-22T09:31:00-05:00,2024-01-25T15:59:00-05:00,0.0,9647.040000000035,1.0,last_observed_quote_not_settlement,1036.0,798,18,4.800000000000011,47.04000000001208,2024-01-22T09:32:00-05:00,0.0,4.6499999999999915,347.04000000005186,2024-01-22T09:33:00-05:00,0.0,4.5,647.0400000000348,2024-01-22T09:36:00-05:00,0.0,5.300000000000011,-952.959999999988,2024-01-22T09:41:00-05:00,0.0,5.300000000000011,-952.959999999988,2024-01-22T09:46:00-05:00,0.0,5.150000000000006,-652.9599999999766,2024-01-22T10:01:00-05:00,0.0,6.699999999999989,-3752.9599999999423,2024-01-22T10:31:00-05:00,0.0,6.25,-2852.959999999965,2024-01-22T11:31:00-05:00,0.0,6.199999999999989,-2752.9599999999423,2024-01-22T16:00:00-05:00,0.0,5.700000000000003,-1752.959999999971,2024-01-23T16:00:00-05:00,0.0,2.5,4647.0400000000345,2024-01-24T16:00:00-05:00,0.0,,,2024-01-25T15:59:00-05:00,60.0,0.0,hit,0.0,hit,2880.0,hit,2880.0,hit,2894.0,hit,3042.0,hit,4349.0,hit,13.0,hit,59.0,hit,66.0,hit,330.0,hit,,never_hit,,never_hit,8.450000000000017,794,True,True,False,False,,8.450000000000017,794,True,True,False,False,,8.450000000000017,794,True,True,False,False,,8.450000000000017,795,True,True,False,False,,2880.0,2024-01-24T09:31:00-05:00,2.5,4647.0400000000345,2881.0,2024-01-24T09:32:00-05:00,2.8000000000000114,4047.040000000012,2882.0,2024-01-24T09:33:00-05:00,2.6499999999999986,4347.040000000037,2881.0,2024-01-24T09:32:00-05:00,2.8000000000000114,4047.040000000012,2925.0,2024-01-24T10:16:00-05:00,1.9499999999999957,5747.040000000044,2926.0,2024-01-24T10:17:00-05:00,1.8500000000000014,5947.040000000032,2927.0,2024-01-24T10:18:00-05:00,1.7499999999999964,6147.040000000042,2926.0,2024-01-24T10:17:00-05:00,1.8500000000000014,5947.040000000032,3042.0,2024-01-24T12:13:00-05:00,0.9000000000000004,7847.0400000000345,3064.0,2024-01-24T12:35:00-05:00,0.7999999999999989,8047.040000000037,3079.0,2024-01-24T12:50:00-05:00,0.8500000000000014,7947.040000000032,3043.0,2024-01-24T12:14:00-05:00,1.299999999999999,7047.040000000037,4349.0,2024-01-25T10:00:00-05:00,0.3999999999999986,8847.040000000039,4457.0,2024-01-25T11:48:00-05:00,0.375,8897.040000000035,4458.0,2024-01-25T11:49:00-05:00,0.30000000000000004,9047.040000000035,4350.0,2024-01-25T10:01:00-05:00,1.75,6147.0400000000345,1575
2024-01-22,2024-01-25,3,6.0,2024-01-22T09:31:00-05:00,6.100000000000023,NDXP  240125P17540000,NDXP  240125P17530000,development,False,False,0,0,0,7,0,1597,available,False,2024-01-22T09:31:00-05:00,2024-01-25T15:59:00-05:00,9.600000000000001,-7252.959999999958,1.0,last_observed_quote_not_settlement,1036.0,938,35,5.899999999999977,147.04000000009165,2024-01-22T09:32:00-05:00,0.0,7.149999999999977,-2352.959999999908,2024-01-22T09:33:00-05:00,0.0,5.950000000000017,47.04000000001208,2024-01-22T09:36:00-05:00,0.0,6.249999999999972,-552.959999999897,2024-01-22T09:41:00-05:00,0.0,6.900000000000006,-1852.9599999999652,2024-01-22T09:46:00-05:00,0.0,6.450000000000017,-952.959999999988,2024-01-22T10:01:00-05:00,0.0,7.349999999999994,-2752.9599999999423,2024-01-22T10:31:00-05:00,0.0,7.299999999999983,-2652.9599999999195,2024-01-22T11:31:00-05:00,0.0,7.75,-3552.9599999999537,2024-01-22T16:00:00-05:00,0.0,7.199999999999989,-2452.959999999931,2024-01-23T16:00:00-05:00,0.0,6.25,-552.9599999999539,2024-01-24T16:00:00-05:00,0.0,,,2024-01-25T15:59:00-05:00,60.0,3.0,hit,18.0,hit,2918.0,hit,2946.0,hit,3064.0,hit,,never_hit,,never_hit,2.0,hit,2.0,hit,2.0,hit,65.0,hit,1444.0,hit,4598.0,hit,9.150000000000006,795,True,True,True,True,,9.150000000000006,795,True,True,True,True,,,,True,True,True,False,4.900000000000022,,,True,True,True,False,4.900000000000022,2946.0,2024-01-24T10:37:00-05:00,2.8500000000000014,6247.040000000044,2947.0,2024-01-24T10:38:00-05:00,2.9499999999999957,6047.0400000000545,2951.0,2024-01-24T10:42:00-05:00,2.799999999999997,6347.040000000052,2947.0,2024-01-24T10:38:00-05:00,2.9499999999999957,6047.0400000000545,3064.0,2024-01-24T12:35:00-05:00,1.9000000000000021,8147.040000000042,3065.0,2024-01-24T12:36:00-05:00,1.8999999999999986,8147.040000000049,3083.0,2024-01-24T12:54:00-05:00,1.9499999999999993,8047.040000000047,3065.0,2024-01-24T12:36:00-05:00,1.8999999999999986,8147.040000000049,,,,,,,,,,,,,,,,,,,,,,,,,,,,,,,,,1576
2024-01-22,2024-01-25,3,7.0,2024-01-22T09:31:00-05:00,7.000000000000028,NDXP  240125P17580000,NDXP  240125P17570000,development,False,False,0,0,1,41,0,1563,available,False,2024-01-22T09:31:00-05:00,2024-01-25T15:57:00-05:00,9.850000000000009,-5952.959999999961,3.0,last_observed_quote_not_settlement,1036.0,894,44,6.450000000000017,847.0400000000234,2024-01-22T09:32:00-05:00,0.0,6.599999999999994,547.0400000000689,2024-01-22T09:33:00-05:00,0.0,6.599999999999994,547.0400000000689,2024-01-22T09:36:00-05:00,0.0,6.600000000000023,547.040000000012,2024-01-22T09:41:00-05:00,0.0,7.200000000000017,-652.9599999999766,2024-01-22T09:46:00-05:00,0.0,7.599999999999994,-1452.9599999999311,2024-01-22T10:01:00-05:00,0.0,8.800000000000011,-3852.959999999967,2024-01-22T10:31:00-05:00,0.0,7.600000000000023,-1452.959999999988,2024-01-22T11:31:00-05:00,0.0,7.200000000000017,-652.9599999999766,2024-01-22T16:00:00-05:00,0.0,8.0,-2252.959999999944,2024-01-23T16:00:00-05:00,0.0,7.1499999999999915,-552.9599999999255,2024-01-24T16:00:00-05:00,0.0,,,2024-01-25T15:57:00-05:00,180.0,4.0,hit,2898.0,hit,2905.0,hit,3055.0,hit,,never_hit,,never_hit,,never_hit,13.0,hit,60.0,hit,0.0,hit,60.0,hit,295.0,hit,4588.0,hit,9.449999999999989,778,True,True,True,True,,,,True,True,True,False,4.6500000000000306,,,True,True,True,False,4.6500000000000306,,,True,True,True,False,4.6500000000000306,3060.0,2024-01-24T12:31:00-05:00,2.9000000000000057,7947.040000000046,3061.0,2024-01-24T12:32:00-05:00,2.799999999999997,8147.040000000064,3062.0,2024-01-24T12:33:00-05:00,2.8999999999999986,7947.04000000006,3061.0,2024-01-24T12:32:00-05:00,2.799999999999997,8147.040000000064,,,,,,,,,,,,,,,,,,,,,,,,,,,,,,,,,,,,,,,,,,,,,,,,,1577
2024-01-23,2024-01-25,2,5.0,2024-01-23T09:31:00-05:00,5.050000000000011,NDXP  240125P17380000,NDXP  240125P17370000,development,False,False,0,0,16,7,0,1192,available,False,2024-01-23T09:31:00-05:00,2024-01-25T15:59:00-05:00,0.0,9847.040000000025,1.0,last_observed_quote_not_settlement,1036.0,233,37,5.8500000000000085,-1852.9599999999937,2024-01-23T09:32:00-05:00,0.0,5.59999999999998,-1352.9599999999368,2024-01-23T09:33:00-05:00,0.0,5.899999999999977,-1952.9599999999311,2024-01-23T09:36:00-05:00,0.0,5.200000000000003,-552.9599999999823,2024-01-23T09:41:00-05:00,0.0,5.099999999999994,-352.9599999999652,2024-01-23T09:46:00-05:00,0.0,5.0,-152.95999999997656,2024-01-23T10:01:00-05:00,0.0,5.299999999999997,-752.9599999999709,2024-01-23T10:31:00-05:00,0.0,5.750000000000014,-1652.960000000005,2024-01-23T11:31:00-05:00,0.0,2.4000000000000057,5047.040000000012,2024-01-23T16:00:00-05:00,0.0,1.75,6347.040000000024,2024-01-24T16:00:00-05:00,0.0,,,2024-01-25T15:59:00-05:00,60.0,,,,,0.0,hit,22.0,hit,379.0,hit,389.0,hit,1440.0,hit,1454.0,hit,1454.0,hit,1.0,hit,29.0,hit,,never_hit,,never_hit,,never_hit,,never_hit,6.849999999999994,233,False,False,False,False,,6.849999999999994,233,False,False,False,False,,6.849999999999994,233,False,False,False,False,,6.849999999999994,233,False,False,False,False,,389.0,2024-01-23T16:00:00-05:00,2.4000000000000057,5047.040000000012,1441.0,2024-01-24T09:32:00-05:00,1.6000000000000014,6647.040000000021,1442.0,2024-01-24T09:33:00-05:00,1.1999999999999993,7447.0400000000245,390.0,2024-01-23T16:01:00-05:00,4.350000000000001,1147.0400000000207,1440.0,2024-01-24T09:31:00-05:00,1.4000000000000004,7047.040000000023,1441.0,2024-01-24T09:32:00-05:00,1.6000000000000014,6647.040000000021,1442.0,2024-01-24T09:33:00-05:00,1.1999999999999993,7447.0400000000245,1441.0,2024-01-24T09:32:00-05:00,1.6000000000000014,6647.040000000021,1454.0,2024-01-24T09:45:00-05:00,0.0,9847.040000000025,1505.0,2024-01-24T10:36:00-05:00,0.9000000000000004,8047.040000000023,1506.0,2024-01-24T10:37:00-05:00,0.8000000000000007,8247.040000000023,1455.0,2024-01-24T09:46:00-05:00,1.6999999999999993,6447.0400000000245,1454.0,2024-01-24T09:45:00-05:00,0.0,9847.040000000025,1645.0,2024-01-24T12:56:00-05:00,0.4499999999999993,8947.040000000026,1646.0,2024-01-24T12:57:00-05:00,0.4499999999999993,8947.040000000026,1455.0,2024-01-24T09:46:00-05:00,1.6999999999999993,6447.0400000000245,1578
2024-01-23,2024-01-25,2,6.0,2024-01-23T09:31:00-05:00,6.000000000000028,NDXP  240125P17460000,NDXP  240125P17450000,development,False,False,0,0,0,0,15,1200,available,False,2024-01-23T09:31:00-05:00,2024-01-25T16:00:00-05:00,0.0,11747.040000000059,0.0,last_observed_quote_not_settlement,1036.0,262,89,6.5,-1252.9599999999425,2024-01-23T09:32:00-05:00,0.0,6.400000000000006,-1052.9599999999539,2024-01-23T09:33:00-05:00,0.0,6.25,-752.9599999999425,2024-01-23T09:36:00-05:00,0.0,6.849999999999994,-1952.9599999999311,2024-01-23T09:41:00-05:00,0.0,6.449999999999989,-1152.9599999999198,2024-01-23T09:46:00-05:00,0.0,5.900000000000006,-52.959999999953816,2024-01-23T10:01:00-05:00,0.0,6.049999999999983,-352.95999999990835,2024-01-23T10:31:00-05:00,0.0,6.900000000000006,-2052.9599999999537,2024-01-23T11:31:00-05:00,0.0,5.799999999999997,147.04000000006323,2024-01-23T16:00:00-05:00,0.0,3.8999999999999915,3947.0400000000745,2024-01-24T16:00:00-05:00,0.0,0.0,11747.040000000059,2024-01-25T16:00:00-05:00,0.0,,,,,8.0,hit,330.0,hit,1440.0,hit,1440.0,hit,1487.0,hit,1624.0,hit,1651.0,hit,4.0,hit,55.0,hit,19.0,hit,90.0,hit,,never_hit,,never_hit,8.25,260,True,True,False,False,,8.25,260,True,True,False,False,,8.25,260,True,True,False,False,,8.25,260,True,True,False,False,,1440.0,2024-01-24T09:31:00-05:00,2.6999999999999993,6347.040000000059,1441.0,2024-01-24T09:32:00-05:00,2.799999999999997,6147.040000000064,1442.0,2024-01-24T09:33:00-05:00,2.8000000000000043,6147.040000000049,1441.0,2024-01-24T09:32:00-05:00,2.799999999999997,6147.040000000064,1496.0,2024-01-24T10:27:00-05:00,1.8499999999999979,8047.040000000062,1499.0,2024-01-24T10:30:00-05:00,1.8999999999999986,7947.04000000006,1505.0,2024-01-24T10:36:00-05:00,1.6999999999999993,8347.040000000059,1497.0,2024-01-24T10:28:00-05:00,2.0500000000000007,7647.040000000056,1624.0,2024-01-24T12:35:00-05:00,0.9000000000000021,9947.040000000054,1625.0,2024-01-24T12:36:00-05:00,0.9499999999999993,9847.040000000059,1641.0,2024-01-24T12:52:00-05:00,0.8999999999999986,9947.04000000006,1625.0,2024-01-24T12:36:00-05:00,0.9499999999999993,9847.040000000059,1651.0,2024-01-24T13:02:00-05:00,0.15000000000000036,11447.040000000057,3019.0,2024-01-25T11:50:00-05:00,0.34999999999999964,11047.040000000059,3020.0,2024-01-25T11:51:00-05:00,0.2999999999999998,11147.040000000059,1652.0,2024-01-24T13:03:00-05:00,1.0999999999999979,9547.040000000063,1579
2024-01-23,2024-01-25,2,7.0,2024-01-23T09:31:00-05:00,6.949999999999989,NDXP  240125P17480000,NDXP  240125P17470000,development,False,False,0,0,0,1,15,1199,available,False,2024-01-23T09:31:00-05:00,2024-01-25T16:00:00-05:00,0.15000000000000002,13347.039999999979,0.0,last_observed_quote_not_settlement,1036.0,204,51,7.2000000000000455,-752.960000000113,2024-01-23T09:32:00-05:00,0.0,7.550000000000011,-1452.9600000000448,2024-01-23T09:33:00-05:00,0.0,6.900000000000006,-152.9600000000334,2024-01-23T09:36:00-05:00,0.0,6.949999999999989,-252.9599999999993,2024-01-23T09:41:00-05:00,0.0,6.949999999999989,-252.9599999999993,2024-01-23T09:46:00-05:00,0.0,6.549999999999983,547.040000000012,2024-01-23T10:01:00-05:00,0.0,7.0,-352.96000000002203,2024-01-23T10:31:00-05:00,0.0,7.450000000000017,-1252.9600000000562,2024-01-23T11:31:00-05:00,0.0,6.300000000000011,1047.0399999999552,2024-01-23T16:00:00-05:00,0.0,4.099999999999994,5447.039999999989,2024-01-24T16:00:00-05:00,0.0,0.15000000000000002,13347.039999999979,2024-01-25T16:00:00-05:00,0.0,,,,,385.0,hit,385.0,hit,1440.0,hit,1458.0,hit,1505.0,hit,2932.0,hit,3020.0,hit,2.0,hit,124.0,hit,1.0,hit,124.0,hit,,never_hit,,never_hit,8.050000000000011,204,True,True,False,False,,8.050000000000011,204,True,True,False,False,,8.050000000000011,204,True,True,False,False,,8.050000000000011,204,True,True,False,False,,1458.0,2024-01-24T09:49:00-05:00,2.549999999999997,8547.039999999985,1479.0,2024-01-24T10:10:00-05:00,2.799999999999997,8047.039999999984,1480.0,2024-01-24T10:11:00-05:00,2.8500000000000085,7947.039999999961,1459.0,2024-01-24T09:50:00-05:00,3.450000000000003,6747.039999999973,1506.0,2024-01-24T10:37:00-05:00,1.9499999999999993,9747.03999999998,1509.0,2024-01-24T10:40:00-05:00,1.8499999999999979,9947.039999999983,1510.0,2024-01-24T10:41:00-05:00,1.8500000000000014,9947.039999999975,1507.0,2024-01-24T10:38:00-05:00,1.9500000000000028,9747.039999999974,2933.0,2024-01-25T10:24:00-05:00,0.9499999999999993,11747.03999999998,2939.0,2024-01-25T10:30:00-05:00,0.9499999999999993,11747.03999999998,2940.0,2024-01-25T10:31:00-05:00,0.7999999999999998,12047.039999999979,2934.0,2024-01-25T10:25:00-05:00,1.1000000000000014,11447.039999999975,3020.0,2024-01-25T11:51:00-05:00,0.375,12897.039999999979,3021.0,2024-01-25T11:52:00-05:00,0.375,12897.039999999979,3022.0,2024-01-25T11:53:00-05:00,0.40000000000000036,12847.039999999979,3021.0,2024-01-25T11:52:00-05:00,0.375,12897.039999999979,1580
2024-01-23,2024-01-26,3,5.0,2024-01-23T09:31:00-05:00,3.0999999999999943,NDXP  240126P17250000,NDXP  240126P17240000,development,False,False,0,0,0,27,0,1578,available,False,2024-01-23T09:31:00-05:00,2024-01-26T15:40:00-05:00,0.024999999999999994,5897.039999999989,20.0,last_observed_quote_not_settlement,1036.0,221,41,3.5,-1052.9600000000107,2024-01-23T09:32:00-05:00,0.0,4.049999999999997,-2152.960000000005,2024-01-23T09:33:00-05:00,0.0,3.75,-1552.9600000000107,2024-01-23T09:36:00-05:00,0.0,3.3500000000000227,-752.9600000000562,2024-01-23T09:41:00-05:00,0.0,3.450000000000003,-952.9600000000164,2024-01-23T09:46:00-05:00,0.0,2.999999999999986,-52.95999999998224,2024-01-23T10:01:00-05:00,0.0,3.299999999999997,-652.960000000005,2024-01-23T10:31:00-05:00,0.0,3.6000000000000085,-1252.9600000000278,2024-01-23T11:31:00-05:00,0.0,1.4500000000000028,3047.039999999983,2024-01-23T16:00:00-05:00,0.0,0.6000000000000014,4747.039999999986,2024-01-24T16:00:00-05:00,0.0,0.5,4947.039999999989,2024-01-25T16:00:00-05:00,0.0,,,2024-01-26T15:40:00-05:00,1200.0,0.0,hit,0.0,hit,0.0,hit,30.0,hit,389.0,hit,1440.0,hit,1507.0,hit,2.0,hit,390.0,hit,,never_hit,,never_hit,,never_hit,,never_hit,4.049999999999997,27,False,False,False,False,,4.049999999999997,220,False,False,False,False,,4.6000000000000085,221,False,False,False,False,,4.6000000000000085,221,False,False,False,False,,204.0,2024-01-23T12:55:00-05:00,2.9499999999999957,47.03999999999787,211.0,2024-01-23T13:02:00-05:00,2.799999999999997,347.039999999995,212.0,2024-01-23T13:03:00-05:00,2.8500000000000014,247.03999999998646,205.0,2024-01-23T12:56:00-05:00,2.950000000000003,47.03999999998366,389.0,2024-01-23T16:00:00-05:00,1.4500000000000028,3047.039999999983,1441.0,2024-01-24T09:32:00-05:00,0.8500000000000014,4247.039999999986,1442.0,2024-01-24T09:33:00-05:00,0.6500000000000004,4647.039999999989,390.0,2024-01-23T16:01:00-05:00,4.6000000000000085,-3252.960000000028,1440.0,2024-01-24T09:31:00-05:00,0.7500000000000018,4447.039999999985,1441.0,2024-01-24T09:32:00-05:00,0.8500000000000014,4247.039999999986,1442.0,2024-01-24T09:33:00-05:00,0.6500000000000004,4647.039999999989,1441.0,2024-01-24T09:32:00-05:00,0.8500000000000014,4247.039999999986,1514.0,2024-01-24T10:45:00-05:00,0.34999999999999787,5247.039999999994,1594.0,2024-01-24T12:05:00-05:00,0.3999999999999986,5147.039999999992,1622.0,2024-01-24T12:33:00-05:00,0.40000000000000036,5147.039999999989,1515.0,2024-01-24T10:46:00-05:00,0.5,4947.039999999989,1581
2024-01-23,2024-01-26,3,6.0,2024-01-23T09:31:00-05:00,3.0999999999999943,NDXP  240126P17250000,NDXP  240126P17240000,development,False,False,0,0,0,27,0,1578,available,False,2024-01-23T09:31:00-05:00,2024-01-26T15:40:00-05:00,0.024999999999999994,5897.039999999989,20.0,last_observed_quote_not_settlement,1036.0,221,41,3.5,-1052.9600000000107,2024-01-23T09:32:00-05:00,0.0,4.049999999999997,-2152.960000000005,2024-01-23T09:33:00-05:00,0.0,3.75,-1552.9600000000107,2024-01-23T09:36:00-05:00,0.0,3.3500000000000227,-752.9600000000562,2024-01-23T09:41:00-05:00,0.0,3.450000000000003,-952.9600000000164,2024-01-23T09:46:00-05:00,0.0,2.999999999999986,-52.95999999998224,2024-01-23T10:01:00-05:00,0.0,3.299999999999997,-652.960000000005,2024-01-23T10:31:00-05:00,0.0,3.6000000000000085,-1252.9600000000278,2024-01-23T11:31:00-05:00,0.0,1.4500000000000028,3047.039999999983,2024-01-23T16:00:00-05:00,0.0,0.6000000000000014,4747.039999999986,2024-01-24T16:00:00-05:00,0.0,0.5,4947.039999999989,2024-01-25T16:00:00-05:00,0.0,,,2024-01-26T15:40:00-05:00,1200.0,0.0,hit,0.0,hit,0.0,hit,30.0,hit,389.0,hit,1440.0,hit,1507.0,hit,2.0,hit,390.0,hit,,never_hit,,never_hit,,never_hit,,never_hit,4.049999999999997,27,False,False,False,False,,4.049999999999997,220,False,False,False,False,,4.6000000000000085,221,False,False,False,False,,4.6000000000000085,221,False,False,False,False,,204.0,2024-01-23T12:55:00-05:00,2.9499999999999957,47.03999999999787,211.0,2024-01-23T13:02:00-05:00,2.799999999999997,347.039999999995,212.0,2024-01-23T13:03:00-05:00,2.8500000000000014,247.03999999998646,205.0,2024-01-23T12:56:00-05:00,2.950000000000003,47.03999999998366,389.0,2024-01-23T16:00:00-05:00,1.4500000000000028,3047.039999999983,1441.0,2024-01-24T09:32:00-05:00,0.8500000000000014,4247.039999999986,1442.0,2024-01-24T09:33:00-05:00,0.6500000000000004,4647.039999999989,390.0,2024-01-23T16:01:00-05:00,4.6000000000000085,-3252.960000000028,1440.0,2024-01-24T09:31:00-05:00,0.7500000000000018,4447.039999999985,1441.0,2024-01-24T09:32:00-05:00,0.8500000000000014,4247.039999999986,1442.0,2024-01-24T09:33:00-05:00,0.6500000000000004,4647.039999999989,1441.0,2024-01-24T09:32:00-05:00,0.8500000000000014,4247.039999999986,1514.0,2024-01-24T10:45:00-05:00,0.34999999999999787,5247.039999999994,1594.0,2024-01-24T12:05:00-05:00,0.3999999999999986,5147.039999999992,1622.0,2024-01-24T12:33:00-05:00,0.40000000000000036,5147.039999999989,1515.0,2024-01-24T10:46:00-05:00,0.5,4947.039999999989,1582
2024-01-23,2024-01-26,3,7.0,2024-01-23T09:31:00-05:00,3.0999999999999943,NDXP  240126P17250000,NDXP  240126P17240000,development,False,False,0,0,0,27,0,1578,available,False,2024-01-23T09:31:00-05:00,2024-01-26T15:40:00-05:00,0.024999999999999994,5897.039999999989,20.0,last_observed_quote_not_settlement,1036.0,221,41,3.5,-1052.9600000000107,2024-01-23T09:32:00-05:00,0.0,4.049999999999997,-2152.960000000005,2024-01-23T09:33:00-05:00,0.0,3.75,-1552.9600000000107,2024-01-23T09:36:00-05:00,0.0,3.3500000000000227,-752.9600000000562,2024-01-23T09:41:00-05:00,0.0,3.450000000000003,-952.9600000000164,2024-01-23T09:46:00-05:00,0.0,2.999999999999986,-52.95999999998224,2024-01-23T10:01:00-05:00,0.0,3.299999999999997,-652.960000000005,2024-01-23T10:31:00-05:00,0.0,3.6000000000000085,-1252.9600000000278,2024-01-23T11:31:00-05:00,0.0,1.4500000000000028,3047.039999999983,2024-01-23T16:00:00-05:00,0.0,0.6000000000000014,4747.039999999986,2024-01-24T16:00:00-05:00,0.0,0.5,4947.039999999989,2024-01-25T16:00:00-05:00,0.0,,,2024-01-26T15:40:00-05:00,1200.0,0.0,hit,0.0,hit,0.0,hit,30.0,hit,389.0,hit,1440.0,hit,1507.0,hit,2.0,hit,390.0,hit,,never_hit,,never_hit,,never_hit,,never_hit,4.049999999999997,27,False,False,False,False,,4.049999999999997,220,False,False,False,False,,4.6000000000000085,221,False,False,False,False,,4.6000000000000085,221,False,False,False,False,,204.0,2024-01-23T12:55:00-05:00,2.9499999999999957,47.03999999999787,211.0,2024-01-23T13:02:00-05:00,2.799999999999997,347.039999999995,212.0,2024-01-23T13:03:00-05:00,2.8500000000000014,247.03999999998646,205.0,2024-01-23T12:56:00-05:00,2.950000000000003,47.03999999998366,389.0,2024-01-23T16:00:00-05:00,1.4500000000000028,3047.039999999983,1441.0,2024-01-24T09:32:00-05:00,0.8500000000000014,4247.039999999986,1442.0,2024-01-24T09:33:00-05:00,0.6500000000000004,4647.039999999989,390.0,2024-01-23T16:01:00-05:00,4.6000000000000085,-3252.960000000028,1440.0,2024-01-24T09:31:00-05:00,0.7500000000000018,4447.039999999985,1441.0,2024-01-24T09:32:00-05:00,0.8500000000000014,4247.039999999986,1442.0,2024-01-24T09:33:00-05:00,0.6500000000000004,4647.039999999989,1441.0,2024-01-24T09:32:00-05:00,0.8500000000000014,4247.039999999986,1514.0,2024-01-24T10:45:00-05:00,0.34999999999999787,5247.039999999994,1594.0,2024-01-24T12:05:00-05:00,0.3999999999999986,5147.039999999992,1622.0,2024-01-24T12:33:00-05:00,0.40000000000000036,5147.039999999989,1515.0,2024-01-24T10:46:00-05:00,0.5,4947.039999999989,1583
2024-01-24,2024-01-26,2,5.0,2024-01-24T09:31:00-05:00,0.8499999999999996,NDXP  240126P17230000,NDXP  240126P17220000,development,False,False,0,0,0,20,0,1180,available,False,2024-01-24T09:31:00-05:00,2024-01-26T15:59:00-05:00,0.0,1447.039999999999,1.0,last_observed_quote_not_settlement,1036.0,115,32,0.7499999999999982,-52.959999999997336,2024-01-24T09:32:00-05:00,0.0,0.6999999999999993,47.04000000000054,2024-01-24T09:33:00-05:00,0.0,0.8500000000000014,-252.96000000000373,2024-01-24T09:36:00-05:00,0.0,0.8500000000000014,-252.96000000000373,2024-01-24T09:41:00-05:00,0.0,0.8500000000000014,-252.96000000000373,2024-01-24T09:46:00-05:00,0.0,0.75,-52.96000000000089,2024-01-24T10:01:00-05:00,0.0,0.5500000000000007,347.0399999999977,2024-01-24T10:31:00-05:00,0.0,0.5999999999999996,247.03999999999982,2024-01-24T11:31:00-05:00,0.0,0.5500000000000007,347.0399999999977,2024-01-24T16:00:00-05:00,0.0,0.35000000000000053,747.0399999999981,2024-01-25T16:00:00-05:00,0.0,,,2024-01-26T15:59:00-05:00,60.0,,,,,0.0,hit,0.0,hit,0.0,hit,0.0,hit,0.0,hit,0.0,hit,45.0,hit,379.0,hit,379.0,hit,,never_hit,,never_hit,,never_hit,,never_hit,0.8499999999999996,0,False,False,False,False,,0.8499999999999996,0,False,False,False,False,,0.8499999999999996,0,False,False,False,False,,0.9500000000000011,7,False,False,False,False,,0.0,2024-01-24T09:31:00-05:00,0.8499999999999996,-252.96000000000018,1.0,2024-01-24T09:32:00-05:00,0.7499999999999982,-52.959999999997336,2.0,2024-01-24T09:33:00-05:00,0.6999999999999993,47.04000000000054,1.0,2024-01-24T09:32:00-05:00,0.7499999999999982,-52.959999999997336,0.0,2024-01-24T09:31:00-05:00,0.8499999999999996,-252.96000000000018,1.0,2024-01-24T09:32:00-05:00,0.7499999999999982,-52.959999999997336,2.0,2024-01-24T09:33:00-05:00,0.6999999999999993,47.04000000000054,1.0,2024-01-24T09:32:00-05:00,0.7499999999999982,-52.959999999997336,0.0,2024-01-24T09:31:00-05:00,0.8499999999999996,-252.96000000000018,1.0,2024-01-24T09:32:00-05:00,0.7499999999999982,-52.959999999997336,2.0,2024-01-24T09:33:00-05:00,0.6999999999999993,47.04000000000054,1.0,2024-01-24T09:32:00-05:00,0.7499999999999982,-52.959999999997336,67.0,2024-01-24T10:38:00-05:00,0.4499999999999993,547.0400000000006,70.0,2024-01-24T10:41:00-05:00,0.39999999999999947,647.0400000000003,71.0,2024-01-24T10:42:00-05:00,0.40000000000000036,647.0399999999985,68.0,2024-01-24T10:39:00-05:00,0.5,447.0399999999991,1584
2024-01-24,2024-01-26,2,6.0,2024-01-24T09:31:00-05:00,0.8499999999999996,NDXP  240126P17230000,NDXP  240126P17220000,development,False,False,0,0,0,20,0,1180,available,False,2024-01-24T09:31:00-05:00,2024-01-26T15:59:00-05:00,0.0,1447.039999999999,1.0,last_observed_quote_not_settlement,1036.0,115,32,0.7499999999999982,-52.959999999997336,2024-01-24T09:32:00-05:00,0.0,0.6999999999999993,47.04000000000054,2024-01-24T09:33:00-05:00,0.0,0.8500000000000014,-252.96000000000373,2024-01-24T09:36:00-05:00,0.0,0.8500000000000014,-252.96000000000373,2024-01-24T09:41:00-05:00,0.0,0.8500000000000014,-252.96000000000373,2024-01-24T09:46:00-05:00,0.0,0.75,-52.96000000000089,2024-01-24T10:01:00-05:00,0.0,0.5500000000000007,347.0399999999977,2024-01-24T10:31:00-05:00,0.0,0.5999999999999996,247.03999999999982,2024-01-24T11:31:00-05:00,0.0,0.5500000000000007,347.0399999999977,2024-01-24T16:00:00-05:00,0.0,0.35000000000000053,747.0399999999981,2024-01-25T16:00:00-05:00,0.0,,,2024-01-26T15:59:00-05:00,60.0,,,,,0.0,hit,0.0,hit,0.0,hit,0.0,hit,0.0,hit,0.0,hit,45.0,hit,379.0,hit,379.0,hit,,never_hit,,never_hit,,never_hit,,never_hit,0.8499999999999996,0,False,False,False,False,,0.8499999999999996,0,False,False,False,False,,0.8499999999999996,0,False,False,False,False,,0.9500000000000011,7,False,False,False,False,,0.0,2024-01-24T09:31:00-05:00,0.8499999999999996,-252.96000000000018,1.0,2024-01-24T09:32:00-05:00,0.7499999999999982,-52.959999999997336,2.0,2024-01-24T09:33:00-05:00,0.6999999999999993,47.04000000000054,1.0,2024-01-24T09:32:00-05:00,0.7499999999999982,-52.959999999997336,0.0,2024-01-24T09:31:00-05:00,0.8499999999999996,-252.96000000000018,1.0,2024-01-24T09:32:00-05:00,0.7499999999999982,-52.959999999997336,2.0,2024-01-24T09:33:00-05:00,0.6999999999999993,47.04000000000054,1.0,2024-01-24T09:32:00-05:00,0.7499999999999982,-52.959999999997336,0.0,2024-01-24T09:31:00-05:00,0.8499999999999996,-252.96000000000018,1.0,2024-01-24T09:32:00-05:00,0.7499999999999982,-52.959999999997336,2.0,2024-01-24T09:33:00-05:00,0.6999999999999993,47.04000000000054,1.0,2024-01-24T09:32:00-05:00,0.7499999999999982,-52.959999999997336,67.0,2024-01-24T10:38:00-05:00,0.4499999999999993,547.0400000000006,70.0,2024-01-24T10:41:00-05:00,0.39999999999999947,647.0400000000003,71.0,2024-01-24T10:42:00-05:00,0.40000000000000036,647.0399999999985,68.0,2024-01-24T10:39:00-05:00,0.5,447.0399999999991,1585
2024-01-24,2024-01-26,2,7.0,2024-01-24T09:31:00-05:00,0.8499999999999996,NDXP  240126P17230000,NDXP  240126P17220000,development,False,False,0,0,0,20,0,1180,available,False,2024-01-24T09:31:00-05:00,2024-01-26T15:59:00-05:00,0.0,1447.039999999999,1.0,last_observed_quote_not_settlement,1036.0,115,32,0.7499999999999982,-52.959999999997336,2024-01-24T09:32:00-05:00,0.0,0.6999999999999993,47.04000000000054,2024-01-24T09:33:00-05:00,0.0,0.8500000000000014,-252.96000000000373,2024-01-24T09:36:00-05:00,0.0,0.8500000000000014,-252.96000000000373,2024-01-24T09:41:00-05:00,0.0,0.8500000000000014,-252.96000000000373,2024-01-24T09:46:00-05:00,0.0,0.75,-52.96000000000089,2024-01-24T10:01:00-05:00,0.0,0.5500000000000007,347.0399999999977,2024-01-24T10:31:00-05:00,0.0,0.5999999999999996,247.03999999999982,2024-01-24T11:31:00-05:00,0.0,0.5500000000000007,347.0399999999977,2024-01-24T16:00:00-05:00,0.0,0.35000000000000053,747.0399999999981,2024-01-25T16:00:00-05:00,0.0,,,2024-01-26T15:59:00-05:00,60.0,,,,,0.0,hit,0.0,hit,0.0,hit,0.0,hit,0.0,hit,0.0,hit,45.0,hit,379.0,hit,379.0,hit,,never_hit,,never_hit,,never_hit,,never_hit,0.8499999999999996,0,False,False,False,False,,0.8499999999999996,0,False,False,False,False,,0.8499999999999996,0,False,False,False,False,,0.9500000000000011,7,False,False,False,False,,0.0,2024-01-24T09:31:00-05:00,0.8499999999999996,-252.96000000000018,1.0,2024-01-24T09:32:00-05:00,0.7499999999999982,-52.959999999997336,2.0,2024-01-24T09:33:00-05:00,0.6999999999999993,47.04000000000054,1.0,2024-01-24T09:32:00-05:00,0.7499999999999982,-52.959999999997336,0.0,2024-01-24T09:31:00-05:00,0.8499999999999996,-252.96000000000018,1.0,2024-01-24T09:32:00-05:00,0.7499999999999982,-52.959999999997336,2.0,2024-01-24T09:33:00-05:00,0.6999999999999993,47.04000000000054,1.0,2024-01-24T09:32:00-05:00,0.7499999999999982,-52.959999999997336,0.0,2024-01-24T09:31:00-05:00,0.8499999999999996,-252.96000000000018,1.0,2024-01-24T09:32:00-05:00,0.7499999999999982,-52.959999999997336,2.0,2024-01-24T09:33:00-05:00,0.6999999999999993,47.04000000000054,1.0,2024-01-24T09:32:00-05:00,0.7499999999999982,-52.959999999997336,67.0,2024-01-24T10:38:00-05:00,0.4499999999999993,547.0400000000006,70.0,2024-01-24T10:41:00-05:00,0.39999999999999947,647.0400000000003,71.0,2024-01-24T10:42:00-05:00,0.40000000000000036,647.0399999999985,68.0,2024-01-24T10:39:00-05:00,0.5,447.0399999999991,1586
2024-01-26,2024-01-29,3,5.0,2024-01-26T09:31:00-05:00,5.0,NDXP  240129P17450000,NDXP  240129P17440000,development,False,False,0,0,0,5,0,790,available,False,2024-01-26T09:31:00-05:00,2024-01-29T16:00:00-05:00,1.25,7247.040000000001,0.0,last_observed_quote_not_settlement,3916.0,273,56,5.0,-252.9599999999993,2024-01-26T09:32:00-05:00,0.0,4.950000000000003,-152.96000000000498,2024-01-26T09:33:00-05:00,0.0,5.099999999999994,-452.95999999998793,2024-01-26T09:36:00-05:00,0.0,4.949999999999989,-152.95999999997656,2024-01-26T09:41:00-05:00,0.0,5.099999999999994,-452.95999999998793,2024-01-26T09:46:00-05:00,0.0,5.299999999999997,-852.9599999999937,2024-01-26T10:01:00-05:00,0.0,4.3500000000000085,1047.0399999999836,2024-01-26T10:31:00-05:00,0.0,3.549999999999997,2647.0400000000063,2024-01-26T11:31:00-05:00,0.0,5.549999999999997,-1352.9599999999937,2024-01-26T16:00:00-05:00,0.0,,,2024-01-26T16:15:00-05:00,85500.0,,,2024-01-26T16:15:00-05:00,171900.0,1.25,7247.040000000001,2024-01-29T16:00:00-05:00,0.0,0.0,hit,0.0,hit,23.0,hit,29.0,hit,4507.0,hit,4603.0,hit,4645.0,hit,21.0,hit,210.0,hit,404.0,hit,,never_hit,,never_hit,,never_hit,5.950000000000003,17,False,False,False,False,,7.099999999999994,273,True,False,False,False,,7.099999999999994,273,True,False,False,False,,7.099999999999994,273,True,False,False,False,,29.0,2024-01-26T10:00:00-05:00,2.049999999999997,5647.040000000006,4483.0,2024-01-29T12:14:00-05:00,2.900000000000002,3947.0399999999963,4484.0,2024-01-29T12:15:00-05:00,2.900000000000002,3947.0399999999963,30.0,2024-01-26T10:01:00-05:00,5.299999999999997,-852.9599999999937,4572.0,2024-01-29T13:43:00-05:00,1.8500000000000005,6047.04,4573.0,2024-01-29T13:44:00-05:00,1.75,6247.040000000001,4574.0,2024-01-29T13:45:00-05:00,1.9499999999999993,5847.040000000002,4573.0,2024-01-29T13:44:00-05:00,1.75,6247.040000000001,4605.0,2024-01-29T14:16:00-05:00,0.8500000000000005,8047.04,4613.0,2024-01-29T14:24:00-05:00,0.9000000000000008,7947.039999999998,4618.0,2024-01-29T14:29:00-05:00,0.8500000000000005,8047.04,4606.0,2024-01-29T14:17:00-05:00,1.0,7747.040000000001,4646.0,2024-01-29T14:57:00-05:00,0.4249999999999998,8897.040000000003,4647.0,2024-01-29T14:58:00-05:00,0.42500000000000004,8897.040000000003,4648.0,2024-01-29T14:59:00-05:00,0.4249999999999998,8897.040000000003,4647.0,2024-01-29T14:58:00-05:00,0.42500000000000004,8897.040000000003,1587
2024-01-26,2024-01-29,3,6.0,2024-01-26T09:31:00-05:00,6.349999999999994,NDXP  240129P17510000,NDXP  240129P17500000,development,False,False,0,0,0,6,0,789,available,False,2024-01-26T09:31:00-05:00,2024-01-29T16:00:00-05:00,9.975,-7452.960000000011,0.0,last_observed_quote_not_settlement,3916.0,415,70,6.5,-552.9600000000107,2024-01-26T09:32:00-05:00,0.0,6.700000000000003,-952.9600000000164,2024-01-26T09:33:00-05:00,0.0,4.1000000000000085,4247.039999999973,2024-01-26T09:36:00-05:00,0.0,5.200000000000003,2047.0399999999836,2024-01-26T09:41:00-05:00,0.0,7.299999999999997,-2152.960000000005,2024-01-26T09:46:00-05:00,0.0,5.8500000000000085,747.0399999999722,2024-01-26T10:01:00-05:00,0.0,5.699999999999989,1047.040000000012,2024-01-26T10:31:00-05:00,0.0,4.8999999999999915,2647.0400000000063,2024-01-26T11:31:00-05:00,0.0,7.099999999999994,-1752.9599999999994,2024-01-26T16:00:00-05:00,0.0,,,2024-01-26T16:15:00-05:00,85500.0,,,2024-01-26T16:15:00-05:00,171900.0,9.975,-7452.960000000011,2024-01-29T16:00:00-05:00,0.0,5.0,hit,5.0,hit,4605.0,hit,4630.0,hit,4650.0,hit,4651.0,hit,4662.0,hit,15.0,hit,256.0,hit,15.0,hit,4372.0,hit,4709.0,hit,4709.0,hit,8.300000000000011,415,True,True,False,False,,8.300000000000011,415,True,True,False,False,,8.300000000000011,415,True,True,False,False,,8.300000000000011,415,True,True,False,False,,4630.0,2024-01-29T14:41:00-05:00,2.9000000000000004,6647.039999999989,4633.0,2024-01-29T14:44:00-05:00,2.799999999999999,6847.039999999992,4652.0,2024-01-29T15:03:00-05:00,1.0,10447.03999999999,4631.0,2024-01-29T14:42:00-05:00,3.25,5947.039999999989,4650.0,2024-01-29T15:01:00-05:00,1.25,9947.03999999999,4651.0,2024-01-29T15:02:00-05:00,0.7749999999999995,10897.039999999992,4652.0,2024-01-29T15:03:00-05:00,1.0,10447.03999999999,4651.0,2024-01-29T15:02:00-05:00,0.7749999999999995,10897.039999999992,4651.0,2024-01-29T15:02:00-05:00,0.7749999999999995,10897.039999999992,4658.0,2024-01-29T15:09:00-05:00,0.5749999999999997,11297.03999999999,4659.0,2024-01-29T15:10:00-05:00,0.7250000000000001,10997.03999999999,4652.0,2024-01-29T15:03:00-05:00,1.0,10447.03999999999,4665.0,2024-01-29T15:16:00-05:00,0.30000000000000004,11847.03999999999,4666.0,2024-01-29T15:17:00-05:00,0.25,11947.03999999999,4667.0,2024-01-29T15:18:00-05:00,0.30000000000000004,11847.03999999999,4666.0,2024-01-29T15:17:00-05:00,0.25,11947.03999999999,1588
2024-01-26,2024-01-29,3,7.0,2024-01-26T09:31:00-05:00,6.899999999999977,NDXP  240129P17550000,NDXP  240129P17540000,development,False,False,0,0,0,0,0,795,available,False,2024-01-26T09:31:00-05:00,2024-01-29T16:00:00-05:00,0.0,13547.039999999955,0.0,last_observed_quote_not_settlement,3916.0,575,47,8.850000000000023,-4152.960000000092,2024-01-26T09:32:00-05:00,0.0,7.349999999999966,-1152.9599999999766,2024-01-26T09:33:00-05:00,0.0,6.949999999999989,-352.96000000002203,2024-01-26T09:36:00-05:00,0.0,7.300000000000011,-1052.9600000000676,2024-01-26T09:41:00-05:00,0.0,5.649999999999977,2247.040000000001,2024-01-26T09:46:00-05:00,0.0,6.5,547.0399999999552,2024-01-26T10:01:00-05:00,0.0,6.400000000000006,747.0399999999438,2024-01-26T10:31:00-05:00,0.0,5.949999999999989,1647.039999999978,2024-01-26T11:31:00-05:00,0.0,7.900000000000006,-2252.960000000056,2024-01-26T16:00:00-05:00,0.0,,,2024-01-26T16:15:00-05:00,85500.0,,,2024-01-26T16:15:00-05:00,171900.0,0.0,13547.039999999955,2024-01-29T16:00:00-05:00,0.0,63.0,hit,4651.0,hit,4651.0,hit,4657.0,hit,4666.0,hit,4673.0,hit,4680.0,hit,1.0,hit,1.0,hit,1.0,hit,1.0,hit,4355.0,hit,4408.0,hit,10.0,575,True,True,True,True,,10.0,575,True,True,True,True,,10.0,575,True,True,True,True,,10.0,575,True,True,True,True,,4658.0,2024-01-29T15:09:00-05:00,2.6999999999999993,8147.039999999956,4662.0,2024-01-29T15:13:00-05:00,2.799999999999999,7947.039999999957,4667.0,2024-01-29T15:18:00-05:00,2.05,9447.039999999957,4659.0,2024-01-29T15:10:00-05:00,3.1999999999999993,7147.039999999956,4666.0,2024-01-29T15:17:00-05:00,1.7250000000000005,10097.039999999955,4669.0,2024-01-29T15:20:00-05:00,1.0500000000000003,11447.039999999955,4670.0,2024-01-29T15:21:00-05:00,1.2499999999999998,11047.039999999955,4667.0,2024-01-29T15:18:00-05:00,2.05,9447.039999999957,4673.0,2024-01-29T15:24:00-05:00,0.8999999999999999,11747.039999999955,4674.0,2024-01-29T15:25:00-05:00,0.8500000000000003,11847.039999999955,4675.0,2024-01-29T15:26:00-05:00,0.5999999999999999,12347.039999999957,4674.0,2024-01-29T15:25:00-05:00,0.8500000000000003,11847.039999999955,4680.0,2024-01-29T15:31:00-05:00,0.34999999999999987,12847.039999999957,4681.0,2024-01-29T15:32:00-05:00,0.3250000000000002,12897.039999999955,4682.0,2024-01-29T15:33:00-05:00,0.20000000000000007,13147.039999999955,4681.0,2024-01-29T15:32:00-05:00,0.3250000000000002,12897.039999999955,1589
2024-01-29,2024-01-31,2,5.0,2024-01-29T09:31:00-05:00,4.950000000000003,NDXP  240131P17440000,NDXP  240131P17430000,development,False,False,0,0,0,22,0,1176,available,False,2024-01-29T09:31:00-05:00,2024-01-31T15:59:00-05:00,8.349999999999966,-7052.959999999927,1.0,last_observed_quote_not_settlement,1036.0,376,33,5.099999999999994,-552.9599999999823,2024-01-29T09:32:00-05:00,0.0,4.800000000000011,47.03999999998366,2024-01-29T09:33:00-05:00,0.0,4.75,147.0400000000064,2024-01-29T09:36:00-05:00,0.0,4.449999999999989,747.0400000000291,2024-01-29T09:41:00-05:00,0.0,4.650000000000006,347.039999999995,2024-01-29T09:46:00-05:00,0.0,4.550000000000011,547.0399999999836,2024-01-29T10:01:00-05:00,0.0,4.549999999999997,547.040000000012,2024-01-29T10:31:00-05:00,0.0,4.450000000000003,747.0400000000006,2024-01-29T11:31:00-05:00,0.0,2.6499999999999986,4347.040000000009,2024-01-29T16:00:00-05:00,0.0,4.299999999999997,1047.040000000012,2024-01-30T16:00:00-05:00,0.0,,,2024-01-31T15:59:00-05:00,60.0,,,,,0.0,hit,0.0,hit,167.0,hit,336.0,hit,,never_hit,,never_hit,,never_hit,94.0,hit,2880.0,hit,2880.0,hit,2880.0,hit,2939.0,hit,2949.0,hit,5.650000000000006,19,False,False,False,False,,,,True,True,True,False,2.3500000000000014,,,True,True,True,False,2.3500000000000014,,,True,True,True,False,2.3500000000000014,336.0,2024-01-29T15:07:00-05:00,2.9499999999999957,3747.040000000015,349.0,2024-01-29T15:20:00-05:00,2.8499999999999943,3947.0400000000177,350.0,2024-01-29T15:21:00-05:00,2.75,4147.040000000006,337.0,2024-01-29T15:08:00-05:00,3.25,3147.0400000000063,,,,,,,,,,,,,,,,,,,,,,,,,,,,,,,,,,,,,,,,,,,,,,,,,1590
2024-01-29,2024-01-31,2,6.0,2024-01-29T09:31:00-05:00,5.799999999999983,NDXP  240131P17540000,NDXP  240131P17530000,development,False,False,0,0,0,32,0,1167,available,False,2024-01-29T09:31:00-05:00,2024-01-31T15:59:00-05:00,9.699999999999989,-8052.960000000013,1.0,last_observed_quote_not_settlement,1036.0,590,96,6.199999999999989,-1052.9600000000107,2024-01-29T09:32:00-05:00,0.0,6.150000000000006,-952.9600000000448,2024-01-29T09:33:00-05:00,0.0,6.0,-652.9600000000335,2024-01-29T09:36:00-05:00,0.0,5.649999999999977,47.04000000001208,2024-01-29T09:41:00-05:00,0.0,5.749999999999972,-152.95999999997656,2024-01-29T09:46:00-05:00,0.0,6.050000000000011,-752.9600000000562,2024-01-29T10:01:00-05:00,0.0,5.950000000000017,-552.9600000000676,2024-01-29T10:31:00-05:00,0.0,5.449999999999989,447.03999999998933,2024-01-29T11:31:00-05:00,0.0,3.9000000000000057,3547.0399999999554,2024-01-29T16:00:00-05:00,0.0,5.999999999999986,-652.960000000005,2024-01-30T16:00:00-05:00,0.0,,,2024-01-31T15:59:00-05:00,60.0,,,,,44.0,hit,305.0,hit,350.0,hit,,never_hit,,never_hit,,never_hit,,never_hit,29.0,hit,1834.0,hit,1834.0,hit,1834.0,hit,2880.0,hit,2881.0,hit,,,True,True,True,False,1.9999999999999716,,,True,True,True,False,1.9999999999999716,,,True,True,True,False,1.9999999999999716,,,True,True,True,False,1.9999999999999716,,,,,,,,,,,,,,,,,,,,,,,,,,,,,,,,,,,,,,,,,,,,,,,,,,,,,,,,,,,,,,,,,1591
2024-01-29,2024-01-31,2,7.0,2024-01-29T09:31:00-05:00,7.100000000000023,NDXP  240131P17590000,NDXP  240131P17580000,development,False,False,0,0,0,39,0,1160,available,False,2024-01-29T09:31:00-05:00,2024-01-31T15:59:00-05:00,10.0,-5952.959999999955,1.0,last_observed_quote_not_settlement,1036.0,333,17,6.799999999999983,347.0400000000803,2024-01-29T09:32:00-05:00,0.0,6.850000000000023,247.04000000000067,2024-01-29T09:33:00-05:00,0.0,6.699999999999989,547.0400000000689,2024-01-29T09:36:00-05:00,0.0,6.400000000000006,1147.0400000000348,2024-01-29T09:41:00-05:00,0.0,6.449999999999989,1047.0400000000689,2024-01-29T09:46:00-05:00,0.0,6.849999999999994,247.04000000005752,2024-01-29T10:01:00-05:00,0.0,6.649999999999977,647.0400000000916,2024-01-29T10:31:00-05:00,0.0,6.599999999999994,747.0400000000575,2024-01-29T11:31:00-05:00,0.0,4.75,4447.040000000046,2024-01-29T16:00:00-05:00,0.0,6.25,1447.0400000000461,2024-01-30T16:00:00-05:00,0.0,,,2024-01-31T15:59:00-05:00,60.0,,,,,299.0,hit,319.0,hit,,never_hit,,never_hit,,never_hit,,never_hit,,never_hit,1522.0,hit,1522.0,hit,0.0,hit,1522.0,hit,1522.0,hit,2882.0,hit,,,True,True,True,False,2.700000000000017,,,True,True,True,False,2.700000000000017,,,True,True,True,False,2.700000000000017,,,True,True,True,False,2.700000000000017,,,,,,,,,,,,,,,,,,,,,,,,,,,,,,,,,,,,,,,,,,,,,,,,,,,,,,,,,,,,,,,,,1592
2024-01-29,2024-02-01,3,5.0,2024-01-29T09:31:00-05:00,5.0,NDXP  240201P17550000,NDXP  240201P17540000,development,False,False,0,0,0,216,0,1389,available,False,2024-01-29T09:31:00-05:00,2024-02-01T15:57:00-05:00,10.0,-10152.96,3.0,last_observed_quote_not_settlement,1036.0,1066,70,5.0499999999999545,-352.95999999990835,2024-01-29T09:32:00-05:00,0.0,5.900000000000006,-2052.9600000000105,2024-01-29T09:33:00-05:00,0.0,5.799999999999983,-1852.9599999999652,2024-01-29T09:36:00-05:00,0.0,5.600000000000023,-1452.9600000000448,2024-01-29T09:41:00-05:00,0.0,5.75,-1752.9599999999994,2024-01-29T09:46:00-05:00,0.0,5.800000000000011,-1852.960000000022,2024-01-29T10:01:00-05:00,0.0,5.849999999999994,-1952.959999999988,2024-01-29T10:31:00-05:00,0.0,5.799999999999983,-1852.9599999999652,2024-01-29T11:31:00-05:00,0.0,4.1000000000000085,1547.0399999999836,2024-01-29T16:00:00-05:00,0.0,6.0,-2252.959999999999,2024-01-30T16:00:00-05:00,0.0,8.949999999999989,-8152.959999999978,2024-01-31T16:00:00-05:00,0.0,,,2024-02-01T15:57:00-05:00,180.0,0.0,hit,0.0,hit,354.0,hit,4699.0,hit,,never_hit,,never_hit,,never_hit,2.0,hit,3.0,hit,2880.0,hit,2880.0,hit,2881.0,hit,2906.0,hit,10.0,1062,True,True,True,True,,,,True,True,True,False,2.349999999999966,,,True,True,True,False,2.349999999999966,,,True,True,True,False,2.349999999999966,4699.0,2024-02-01T15:50:00-05:00,2.650000000000034,4447.039999999933,,,,,,,,,4700.0,2024-02-01T15:51:00-05:00,9.650000000000006,-9552.960000000012,,,,,,,,,,,,,,,,,,,,,,,,,,,,,,,,,,,,,,,,,,,,,,,,,1593
2024-01-29,2024-02-01,3,6.0,2024-01-29T09:31:00-05:00,6.0,NDXP  240201P17520000,NDXP  240201P17510000,development,False,False,0,0,0,171,0,1434,available,False,2024-01-29T09:31:00-05:00,2024-02-01T16:00:00-05:00,10.0,-8152.96,0.0,last_observed_quote_not_settlement,1036.0,513,11,5.699999999999989,347.04000000002344,2024-01-29T09:32:00-05:00,0.0,5.349999999999966,1047.0400000000689,2024-01-29T09:33:00-05:00,0.0,5.400000000000006,947.0399999999893,2024-01-29T09:36:00-05:00,0.0,5.25,1247.0400000000006,2024-01-29T09:41:00-05:00,0.0,4.949999999999989,1847.0400000000234,2024-01-29T09:46:00-05:00,0.0,5.549999999999983,647.0400000000348,2024-01-29T10:01:00-05:00,0.0,5.5,747.0400000000006,2024-01-29T10:31:00-05:00,0.0,5.450000000000017,847.0399999999665,2024-01-29T11:31:00-05:00,0.0,3.8000000000000114,4147.039999999978,2024-01-29T16:00:00-05:00,0.0,5.900000000000006,-52.96000000001066,2024-01-30T16:00:00-05:00,0.0,9.450000000000045,-7152.960000000092,2024-01-31T16:00:00-05:00,0.0,10.0,-8152.96,2024-02-01T16:00:00-05:00,0.0,2.0,hit,13.0,hit,346.0,hit,,never_hit,,never_hit,,never_hit,,never_hit,1834.0,hit,2880.0,hit,2880.0,hit,2881.0,hit,2924.0,hit,3213.0,hit,,,True,True,True,False,2.4000000000000057,,,True,True,True,False,2.4000000000000057,,,True,True,True,False,2.4000000000000057,,,True,True,True,False,2.4000000000000057,,,,,,,,,,,,,,,,,,,,,,,,,,,,,,,,,,,,,,,,,,,,,,,,,,,,,,,,,,,,,,,,,1594
2024-01-29,2024-02-01,3,7.0,2024-01-29T09:31:00-05:00,7.0,NDXP  240201P17630000,NDXP  240201P17620000,development,False,False,0,0,0,222,0,1383,available,False,2024-01-29T09:31:00-05:00,2024-02-01T16:00:00-05:00,10.0,-6152.96,0.0,last_observed_quote_not_settlement,1037.0,504,50,7.0,-252.9599999999993,2024-01-29T09:32:00-05:00,0.0,6.949999999999989,-152.95999999997656,2024-01-29T09:33:00-05:00,0.0,6.800000000000011,147.03999999997797,2024-01-29T09:36:00-05:00,0.0,6.549999999999983,647.0400000000348,2024-01-29T09:41:00-05:00,0.0,6.699999999999989,347.04000000002344,2024-01-29T09:46:00-05:00,0.0,6.800000000000011,147.03999999997797,2024-01-29T10:01:00-05:00,0.0,6.75,247.04000000000067,2024-01-29T10:31:00-05:00,0.0,6.800000000000011,147.03999999997797,2024-01-29T11:31:00-05:00,0.0,5.199999999999989,3347.0400000000236,2024-01-29T16:00:00-05:00,0.0,7.949999999999989,-2152.9599999999764,2024-01-30T16:00:00-05:00,0.0,,,2024-01-31T15:58:00-05:00,120.0,10.0,-6152.96,2024-02-01T16:00:00-05:00,0.0,338.0,hit,339.0,hit,,never_hit,,never_hit,,never_hit,,never_hit,,never_hit,1638.0,hit,1839.0,hit,0.0,hit,1839.0,hit,2881.0,hit,2883.0,hit,,,True,True,True,False,2.25,,,True,True,True,False,2.25,,,True,True,True,False,2.25,,,True,True,True,False,2.25,,,,,,,,,,,,,,,,,,,,,,,,,,,,,,,,,,,,,,,,,,,,,,,,,,,,,,,,,,,,,,,,,1595
2024-01-30,2024-02-01,2,5.0,2024-01-30T09:31:00-05:00,5.049999999999997,NDXP  240201P17580000,NDXP  240201P17570000,development,False,False,0,0,0,179,15,1021,available,False,2024-01-30T09:31:00-05:00,2024-02-01T16:00:00-05:00,6.050000000000011,-2252.960000000028,0.0,last_observed_quote_not_settlement,1036.0,845,51,5.049999999999997,-252.9599999999993,2024-01-30T09:32:00-05:00,0.0,5.200000000000003,-552.9600000000107,2024-01-30T09:33:00-05:00,0.0,4.650000000000006,547.0399999999836,2024-01-30T09:36:00-05:00,0.0,5.299999999999983,-752.9599999999709,2024-01-30T09:41:00-05:00,0.0,4.950000000000017,-52.96000000003908,2024-01-30T09:46:00-05:00,0.0,5.299999999999983,-752.9599999999709,2024-01-30T10:01:00-05:00,0.0,5.250000000000028,-652.9600000000619,2024-01-30T10:31:00-05:00,0.0,5.150000000000006,-452.96000000001635,2024-01-30T11:31:00-05:00,0.0,5.950000000000017,-2052.960000000039,2024-01-30T16:00:00-05:00,0.0,,,2024-01-31T15:58:00-05:00,120.0,6.050000000000011,-2252.960000000028,2024-02-01T16:00:00-05:00,0.0,,,,,0.0,hit,3.0,hit,29.0,hit,,never_hit,,never_hit,,never_hit,,never_hit,31.0,hit,174.0,hit,265.0,hit,1440.0,hit,1448.0,hit,1487.0,hit,,,True,True,True,False,1.4999999999999858,,,True,True,True,False,1.4999999999999858,,,True,True,True,False,1.4999999999999858,,,True,True,True,False,1.4999999999999858,,,,,,,,,,,,,,,,,,,,,,,,,,,,,,,,,,,,,,,,,,,,,,,,,,,,,,,,,,,,,,,,,1596
2024-01-30,2024-02-01,2,6.0,2024-01-30T09:31:00-05:00,6.0,NDXP  240201P17640000,NDXP  240201P17630000,development,False,False,0,0,0,199,15,1001,available,False,2024-01-30T09:31:00-05:00,2024-02-01T16:00:00-05:00,10.0,-8152.96,0.0,last_observed_quote_not_settlement,1036.0,818,32,5.650000000000006,447.03999999998933,2024-01-30T09:32:00-05:00,0.0,5.650000000000006,447.03999999998933,2024-01-30T09:33:00-05:00,0.0,5.899999999999977,-52.959999999953816,2024-01-30T09:36:00-05:00,0.0,6.0,-252.9599999999993,2024-01-30T09:41:00-05:00,0.0,5.550000000000011,647.0399999999779,2024-01-30T09:46:00-05:00,0.0,6.750000000000028,-1752.9600000000562,2024-01-30T10:01:00-05:00,0.0,5.25,1247.0400000000006,2024-01-30T10:31:00-05:00,0.0,6.0,-252.9599999999993,2024-01-30T11:31:00-05:00,0.0,4.25,3247.040000000001,2024-01-30T16:00:00-05:00,0.0,9.850000000000023,-7952.960000000046,2024-01-31T16:00:00-05:00,0.0,10.0,-8152.96,2024-02-01T16:00:00-05:00,0.0,,,,,6.0,hit,29.0,hit,59.0,hit,2909.0,hit,2909.0,hit,2909.0,hit,2909.0,hit,30.0,hit,179.0,hit,179.0,hit,397.0,hit,1440.0,hit,1441.0,hit,10.0,703,True,True,True,True,,10.0,703,True,True,True,True,,10.0,703,True,True,True,True,,10.0,703,True,True,True,True,,2909.0,2024-02-01T10:00:00-05:00,0.0,11747.04,,,,,,,,,2910.0,2024-02-01T10:01:00-05:00,10.0,-8152.96,2909.0,2024-02-01T10:00:00-05:00,0.0,11747.04,,,,,,,,,2910.0,2024-02-01T10:01:00-05:00,10.0,-8152.96,2909.0,2024-02-01T10:00:00-05:00,0.0,11747.04,,,,,,,,,2910.0,2024-02-01T10:01:00-05:00,10.0,-8152.96,2909.0,2024-02-01T10:00:00-05:00,0.0,11747.04,,,,,,,,,2910.0,2024-02-01T10:01:00-05:00,10.0,-8152.96,1597
2024-01-30,2024-02-01,2,7.0,2024-01-30T09:31:00-05:00,7.0,NDXP  240201P17740000,NDXP  240201P17730000,development,False,False,0,0,0,253,15,947,available,False,2024-01-30T09:31:00-05:00,2024-02-01T16:00:00-05:00,10.0,-6152.96,0.0,last_observed_quote_not_settlement,1037.0,736,19,7.0,-252.9599999999993,2024-01-30T09:32:00-05:00,0.0,6.849999999999994,47.04000000001208,2024-01-30T09:33:00-05:00,0.0,7.0,-252.9599999999993,2024-01-30T09:36:00-05:00,0.0,6.900000000000006,-52.96000000001066,2024-01-30T09:41:00-05:00,0.0,7.150000000000006,-552.9600000000107,2024-01-30T09:46:00-05:00,0.0,7.349999999999994,-952.959999999988,2024-01-30T10:01:00-05:00,0.0,6.900000000000034,-52.9600000000675,2024-01-30T10:31:00-05:00,0.0,7.449999999999989,-1152.9599999999766,2024-01-30T11:31:00-05:00,0.0,8.0,-2252.960000000001,2024-01-30T16:00:00-05:00,0.0,,,2024-01-31T15:59:00-05:00,60.0,10.0,-6152.96,2024-02-01T16:00:00-05:00,0.0,,,,,,never_hit,,never_hit,,never_hit,,never_hit,,never_hit,,never_hit,,never_hit,31.0,hit,165.0,hit,0.0,hit,165.0,hit,1440.0,hit,1443.0,hit,,,True,True,True,False,1.1000000000000227,,,True,True,True,False,1.1000000000000227,,,True,True,True,False,1.1000000000000227,,,True,True,True,False,1.1000000000000227,,,,,,,,,,,,,,,,,,,,,,,,,,,,,,,,,,,,,,,,,,,,,,,,,,,,,,,,,,,,,,,,,1598
2024-01-30,2024-02-02,3,5.0,2024-01-30T09:31:00-05:00,4.949999999999989,NDXP  240202P17640000,NDXP  240202P17630000,development,False,False,0,0,0,15,0,1589,available,False,2024-01-30T09:31:00-05:00,2024-02-02T15:59:00-05:00,0.6000000000000001,8447.039999999977,1.0,last_observed_quote_not_settlement,1037.0,1406,21,5.500000000000028,-1352.960000000079,2024-01-30T09:32:00-05:00,0.0,5.699999999999989,-1752.9599999999994,2024-01-30T09:33:00-05:00,0.0,5.699999999999989,-1752.9599999999994,2024-01-30T09:36:00-05:00,0.0,5.099999999999994,-552.9600000000107,2024-01-30T09:41:00-05:00,0.0,5.550000000000011,-1452.9600000000448,2024-01-30T09:46:00-05:00,0.0,6.0,-2352.960000000022,2024-01-30T10:01:00-05:00,0.0,5.649999999999977,-1652.9599999999766,2024-01-30T10:31:00-05:00,0.0,5.799999999999983,-1952.959999999988,2024-01-30T11:31:00-05:00,0.0,6.25,-2852.960000000022,2024-01-30T16:00:00-05:00,0.0,8.25,-6852.960000000024,2024-01-31T16:00:00-05:00,0.0,9.400000000000034,-9152.960000000092,2024-02-01T16:00:00-05:00,0.0,,,2024-02-02T15:59:00-05:00,60.0,0.0,hit,0.0,hit,1819.0,hit,1819.0,hit,1819.0,hit,1819.0,hit,1819.0,hit,1.0,hit,29.0,hit,76.0,hit,82.0,hit,82.0,hit,1451.0,hit,10.0,776,True,True,True,True,,10.0,776,True,True,True,True,,10.0,776,True,True,True,True,,10.0,776,True,True,True,True,,1819.0,2024-01-31T15:50:00-05:00,0.10000000000002274,9447.039999999934,4606.0,2024-02-02T14:17:00-05:00,2.5999999999999996,4447.039999999979,4607.0,2024-02-02T14:18:00-05:00,2.549999999999999,4547.03999999998,1820.0,2024-01-31T15:51:00-05:00,9.400000000000034,-9152.960000000092,1819.0,2024-01-31T15:50:00-05:00,0.10000000000002274,9447.039999999934,4660.0,2024-02-02T15:11:00-05:00,1.5499999999999998,6547.039999999978,4661.0,2024-02-02T15:12:00-05:00,1.4499999999999993,6747.039999999979,1820.0,2024-01-31T15:51:00-05:00,9.400000000000034,-9152.960000000092,1819.0,2024-01-31T15:50:00-05:00,0.10000000000002274,9447.039999999934,4701.0,2024-02-02T15:52:00-05:00,0.3750000000000002,8897.039999999979,4702.0,2024-02-02T15:53:00-05:00,0.30000000000000004,9047.039999999979,1820.0,2024-01-31T15:51:00-05:00,9.400000000000034,-9152.960000000092,1819.0,2024-01-31T15:50:00-05:00,0.10000000000002274,9447.039999999934,4702.0,2024-02-02T15:53:00-05:00,0.30000000000000004,9047.039999999979,,,,,1820.0,2024-01-31T15:51:00-05:00,9.400000000000034,-9152.960000000092,1599
2024-01-30,2024-02-02,3,6.0,2024-01-30T09:31:00-05:00,5.800000000000011,NDXP  240202P17660000,NDXP  240202P17650000,development,False,False,0,0,0,79,0,1525,available,False,2024-01-30T09:31:00-05:00,2024-02-02T16:00:00-05:00,6.0,-652.9599999999766,0.0,last_observed_quote_not_settlement,1038.0,1134,139,5.699999999999989,-52.959999999953816,2024-01-30T09:32:00-05:00,0.0,5.349999999999994,647.0400000000348,2024-01-30T09:33:00-05:00,0.0,5.699999999999989,-52.959999999953816,2024-01-30T09:36:00-05:00,0.0,6.050000000000011,-752.9599999999994,2024-01-30T09:41:00-05:00,0.0,5.849999999999994,-352.9599999999652,2024-01-30T09:46:00-05:00,0.0,6.300000000000011,-1252.9599999999994,2024-01-30T10:01:00-05:00,0.0,5.700000000000017,-52.96000000001066,2024-01-30T10:31:00-05:00,0.0,6.050000000000011,-752.9599999999994,2024-01-30T11:31:00-05:00,0.0,6.450000000000017,-1552.9600000000107,2024-01-30T16:00:00-05:00,0.0,,,2024-01-31T15:59:00-05:00,60.0,,,2024-02-01T15:59:00-05:00,60.0,6.0,-652.9599999999766,2024-02-02T16:00:00-05:00,0.0,2.0,hit,36.0,hit,43.0,hit,4661.0,hit,4701.0,hit,,never_hit,,never_hit,30.0,hit,33.0,hit,208.0,hit,1440.0,hit,1442.0,hit,1451.0,hit,10.0,1129,True,True,True,True,,10.0,1133,True,True,True,True,,,,True,True,True,False,4.175000000000011,,,True,True,True,False,4.175000000000011,4661.0,2024-02-02T15:12:00-05:00,2.8499999999999996,5647.0400000000245,4679.0,2024-02-02T15:30:00-05:00,2.75,5847.040000000024,4702.0,2024-02-02T15:53:00-05:00,1.9749999999999996,7397.0400000000245,4662.0,2024-02-02T15:13:00-05:00,3.049999999999999,5247.040000000025,4701.0,2024-02-02T15:52:00-05:00,1.6250000000000004,8097.040000000022,,,,,,,,,4702.0,2024-02-02T15:53:00-05:00,1.9749999999999996,7397.0400000000245,,,,,,,,,,,,,,,,,,,,,,,,,,,,,,,,,1600
2024-01-30,2024-02-02,3,7.0,2024-01-30T09:31:00-05:00,7.050000000000011,NDXP  240202P17770000,NDXP  240202P17760000,development,False,False,0,0,0,179,0,1424,available,False,2024-01-30T09:31:00-05:00,2024-02-02T15:59:00-05:00,9.950000000000003,-6052.959999999977,1.0,last_observed_quote_not_settlement,1038.0,1184,55,6.599999999999966,647.0400000000916,2024-01-30T09:32:00-05:00,0.0,6.600000000000023,647.0399999999779,2024-01-30T09:33:00-05:00,0.0,6.75,347.04000000002344,2024-01-30T09:36:00-05:00,0.0,6.699999999999989,447.0400000000462,2024-01-30T09:41:00-05:00,0.0,6.650000000000034,547.0399999999552,2024-01-30T09:46:00-05:00,0.0,7.0,-152.95999999997656,2024-01-30T10:01:00-05:00,0.0,7.050000000000011,-252.9599999999993,2024-01-30T10:31:00-05:00,0.0,7.100000000000023,-352.96000000002203,2024-01-30T11:31:00-05:00,0.0,6.5,847.0400000000234,2024-01-30T16:00:00-05:00,0.0,,,2024-01-31T15:59:00-05:00,60.0,5.899999999999977,2047.040000000069,2024-02-01T16:00:00-05:00,0.0,,,2024-02-02T15:59:00-05:00,60.0,379.0,hit,1713.0,hit,3259.0,hit,3259.0,hit,3259.0,hit,,never_hit,,never_hit,36.0,hit,55.0,hit,0.0,hit,36.0,hit,1440.0,hit,1440.0,hit,10.0,891,True,True,True,True,,10.0,891,True,True,True,True,,,,True,True,True,False,5.60000000000008,,,True,True,True,False,5.60000000000008,3259.0,2024-02-01T15:50:00-05:00,1.4499999999999318,10947.040000000161,,,,,,,,,3260.0,2024-02-01T15:51:00-05:00,9.800000000000011,-5752.960000000001,3259.0,2024-02-01T15:50:00-05:00,1.4499999999999318,10947.040000000161,,,,,,,,,3260.0,2024-02-01T15:51:00-05:00,9.800000000000011,-5752.960000000001,,,,,,,,,,,,,,,,,,,,,,,,,,,,,,,,,1601
2024-01-31,2024-02-02,2,5.0,2024-01-31T09:31:00-05:00,4.849999999999994,NDXP  240202P17300000,NDXP  240202P17290000,development,False,False,0,0,1,84,0,1115,available,False,2024-01-31T09:31:00-05:00,2024-02-02T15:40:00-05:00,0.0,9447.03999999999,20.0,last_observed_quote_not_settlement,1036.0,618,51,4.849999999999994,-252.9599999999993,2024-01-31T09:32:00-05:00,0.0,5.0,-552.9600000000107,2024-01-31T09:33:00-05:00,0.0,4.500000000000014,447.0399999999609,2024-01-31T09:36:00-05:00,0.0,5.099999999999994,-752.9599999999994,2024-01-31T09:41:00-05:00,0.0,5.5,-1552.9600000000107,2024-01-31T09:46:00-05:00,0.0,5.150000000000006,-852.9600000000221,2024-01-31T10:01:00-05:00,0.0,5.899999999999977,-2352.959999999965,2024-01-31T10:31:00-05:00,0.0,5.549999999999983,-1652.9599999999766,2024-01-31T11:31:00-05:00,0.0,4.599999999999966,247.04000000005752,2024-01-31T16:00:00-05:00,0.0,3.8499999999999943,1747.0400000000006,2024-02-01T16:00:00-05:00,0.0,,,2024-02-02T15:40:00-05:00,1200.0,,,,,0.0,hit,0.0,hit,314.0,hit,1836.0,hit,2880.0,hit,2880.0,hit,2897.0,hit,14.0,hit,58.0,hit,124.0,hit,,never_hit,,never_hit,,never_hit,7.900000000000006,618,True,False,False,False,,7.900000000000006,618,True,False,False,False,,7.900000000000006,618,True,False,False,False,,7.900000000000006,618,True,False,False,False,,1837.0,2024-02-01T16:08:00-05:00,2.549999999999997,4347.039999999995,1838.0,2024-02-01T16:09:00-05:00,2.5,4447.039999999989,1839.0,2024-02-01T16:10:00-05:00,2.5500000000000043,4347.039999999981,1838.0,2024-02-01T16:09:00-05:00,2.5,4447.039999999989,2880.0,2024-02-02T09:31:00-05:00,1.0,7447.039999999989,2885.0,2024-02-02T09:36:00-05:00,1.6999999999999993,6047.039999999991,2886.0,2024-02-02T09:37:00-05:00,1.5500000000000007,6347.039999999988,2881.0,2024-02-02T09:32:00-05:00,2.3999999999999986,4647.039999999992,2895.0,2024-02-02T09:46:00-05:00,0.6500000000000004,8147.039999999989,2896.0,2024-02-02T09:47:00-05:00,0.5500000000000007,8347.039999999988,2897.0,2024-02-02T09:48:00-05:00,0.5,8447.03999999999,2896.0,2024-02-02T09:47:00-05:00,0.5500000000000007,8347.039999999988,2926.0,2024-02-02T10:17:00-05:00,0.4249999999999998,8597.03999999999,2927.0,2024-02-02T10:18:00-05:00,0.44999999999999973,8547.03999999999,2933.0,2024-02-02T10:24:00-05:00,0.42500000000000027,8597.039999999988,2927.0,2024-02-02T10:18:00-05:00,0.44999999999999973,8547.03999999999,1602
2024-01-31,2024-02-02,2,6.0,2024-01-31T09:31:00-05:00,5.949999999999989,NDXP  240202P17390000,NDXP  240202P17380000,development,False,False,0,0,1,2,0,1197,available,False,2024-01-31T09:31:00-05:00,2024-02-02T15:59:00-05:00,0.0,11647.039999999979,1.0,last_observed_quote_not_settlement,1036.0,666,55,6.199999999999989,-752.9599999999994,2024-01-31T09:32:00-05:00,0.0,5.950000000000017,-252.96000000005614,2024-01-31T09:33:00-05:00,0.0,5.650000000000006,347.0399999999666,2024-01-31T09:36:00-05:00,0.0,7.550000000000011,-3452.9600000000446,2024-01-31T09:41:00-05:00,0.0,6.5,-1352.960000000022,2024-01-31T09:46:00-05:00,0.0,6.549999999999983,-1452.959999999988,2024-01-31T10:01:00-05:00,0.0,7.550000000000011,-3452.9600000000446,2024-01-31T10:31:00-05:00,0.0,6.550000000000011,-1452.9600000000448,2024-01-31T11:31:00-05:00,0.0,6.5,-1352.960000000022,2024-01-31T16:00:00-05:00,0.0,5.450000000000003,747.0399999999722,2024-02-01T16:00:00-05:00,0.0,,,2024-02-02T15:59:00-05:00,60.0,,,,,232.0,hit,313.0,hit,1834.0,hit,2887.0,hit,2895.0,hit,2909.0,hit,2909.0,hit,9.0,hit,9.0,hit,9.0,hit,11.0,hit,,never_hit,,never_hit,8.550000000000011,665,True,True,False,False,,8.550000000000011,665,True,True,False,False,,8.550000000000011,665,True,True,False,False,,8.550000000000011,665,True,True,False,False,,2887.0,2024-02-02T09:38:00-05:00,2.9499999999999993,5747.039999999979,2888.0,2024-02-02T09:39:00-05:00,2.8500000000000014,5947.039999999975,2889.0,2024-02-02T09:40:00-05:00,2.7499999999999964,6147.039999999985,2888.0,2024-02-02T09:39:00-05:00,2.8500000000000014,5947.039999999975,2895.0,2024-02-02T09:46:00-05:00,1.8500000000000014,7947.039999999975,2896.0,2024-02-02T09:47:00-05:00,1.8500000000000014,7947.039999999975,2897.0,2024-02-02T09:48:00-05:00,1.549999999999999,8547.03999999998,2896.0,2024-02-02T09:47:00-05:00,1.8500000000000014,7947.039999999975,2909.0,2024-02-02T10:00:00-05:00,0.05000000000000071,11547.039999999977,2951.0,2024-02-02T10:42:00-05:00,0.9499999999999993,9747.03999999998,2952.0,2024-02-02T10:43:00-05:00,0.75,10147.039999999979,2910.0,2024-02-02T10:01:00-05:00,1.5999999999999996,8447.039999999979,2909.0,2024-02-02T10:00:00-05:00,0.05000000000000071,11547.039999999977,2999.0,2024-02-02T11:30:00-05:00,0.30000000000000027,11047.039999999977,3000.0,2024-02-02T11:31:00-05:00,0.2999999999999998,11047.039999999979,2910.0,2024-02-02T10:01:00-05:00,1.5999999999999996,8447.039999999979,1603
2024-01-31,2024-02-02,2,7.0,2024-01-31T09:31:00-05:00,7.000000000000057,NDXP  240202P17600000,NDXP  240202P17590000,development,False,False,0,0,0,32,0,1167,available,False,2024-01-31T09:31:00-05:00,2024-02-02T15:58:00-05:00,0.07500000000000001,13597.040000000115,2.0,last_observed_quote_not_settlement,1037.0,822,19,9.099999999999966,-4452.959999999819,2024-01-31T09:32:00-05:00,0.0,7.949999999999932,-2152.959999999749,2024-01-31T09:33:00-05:00,0.0,7.750000000000057,-1752.9599999999994,2024-01-31T09:36:00-05:00,0.0,8.650000000000034,-3552.9599999999555,2024-01-31T09:41:00-05:00,0.0,8.899999999999977,-4052.959999999842,2024-01-31T09:46:00-05:00,0.0,8.449999999999989,-3152.9599999998645,2024-01-31T10:01:00-05:00,0.0,9.5,-5252.959999999887,2024-01-31T10:31:00-05:00,0.0,8.300000000000011,-2852.95999999991,2024-01-31T11:31:00-05:00,0.0,7.800000000000011,-1852.9599999999084,2024-01-31T16:00:00-05:00,0.0,9.25,-4752.959999999887,2024-02-01T16:00:00-05:00,0.0,,,2024-02-02T15:58:00-05:00,120.0,,,,,3000.0,hit,3009.0,hit,3021.0,hit,3058.0,hit,3152.0,hit,3167.0,hit,3218.0,hit,1.0,hit,1.0,hit,0.0,hit,1.0,hit,1.0,hit,11.0,hit,10.0,822,True,True,True,True,,10.0,822,True,True,True,True,,10.0,822,True,True,True,True,,10.0,822,True,True,True,True,,3058.0,2024-02-02T12:29:00-05:00,2.75,8247.040000000115,3059.0,2024-02-02T12:30:00-05:00,2.4000000000000004,8947.040000000114,3060.0,2024-02-02T12:31:00-05:00,2.4000000000000004,8947.040000000114,3059.0,2024-02-02T12:30:00-05:00,2.4000000000000004,8947.040000000114,3152.0,2024-02-02T14:03:00-05:00,1.9000000000000021,9947.040000000112,3153.0,2024-02-02T14:04:00-05:00,1.9499999999999993,9847.040000000117,3158.0,2024-02-02T14:09:00-05:00,1.5999999999999996,10547.040000000115,3153.0,2024-02-02T14:04:00-05:00,1.9499999999999993,9847.040000000117,3168.0,2024-02-02T14:19:00-05:00,0.9000000000000004,11947.040000000114,3184.0,2024-02-02T14:35:00-05:00,0.7749999999999999,12197.040000000114,3185.0,2024-02-02T14:36:00-05:00,0.9249999999999998,11897.040000000115,3169.0,2024-02-02T14:20:00-05:00,1.2000000000000002,11347.040000000115,3219.0,2024-02-02T15:10:00-05:00,0.42500000000000004,12897.040000000115,3220.0,2024-02-02T15:11:00-05:00,0.34999999999999987,13047.040000000115,3221.0,2024-02-02T15:12:00-05:00,0.3500000000000002,13047.040000000114,3220.0,2024-02-02T15:11:00-05:00,0.34999999999999987,13047.040000000115,1604
2024-02-02,2024-02-05,3,5.0,2024-02-02T09:31:00-05:00,4.950000000000017,NDXP  240205P17440000,NDXP  240205P17430000,development,False,False,0,0,0,24,0,771,available,False,2024-02-02T09:31:00-05:00,2024-02-05T16:00:00-05:00,0.0,9647.040000000035,0.0,last_observed_quote_not_settlement,3916.0,2,1,5.799999999999997,-1952.9599999999596,2024-02-02T09:32:00-05:00,0.0,5.6499999999999915,-1652.9599999999482,2024-02-02T09:33:00-05:00,0.0,4.699999999999989,247.04000000005752,2024-02-02T09:36:00-05:00,0.0,4.299999999999997,1047.0400000000404,2024-02-02T09:41:00-05:00,0.0,3.5,2647.040000000035,2024-02-02T09:46:00-05:00,0.0,3.200000000000003,3247.040000000029,2024-02-02T10:01:00-05:00,0.0,3.6499999999999986,2347.0400000000377,2024-02-02T10:31:00-05:00,0.0,2.1000000000000014,5447.040000000032,2024-02-02T11:31:00-05:00,0.0,0.9500000000000011,7747.040000000033,2024-02-02T16:00:00-05:00,0.0,,,2024-02-02T16:15:00-05:00,85500.0,,,2024-02-02T16:15:00-05:00,171900.0,0.0,9647.040000000035,2024-02-05T16:00:00-05:00,0.0,0.0,hit,0.0,hit,14.0,hit,70.0,hit,123.0,hit,273.0,hit,4326.0,hit,1.0,hit,,never_hit,,never_hit,,never_hit,,never_hit,,never_hit,5.799999999999997,2,False,False,False,False,,5.799999999999997,2,False,False,False,False,,5.799999999999997,2,False,False,False,False,,5.799999999999997,2,False,False,False,False,,70.0,2024-02-02T10:41:00-05:00,2.8499999999999943,3947.0400000000463,71.0,2024-02-02T10:42:00-05:00,2.8499999999999943,3947.0400000000463,72.0,2024-02-02T10:43:00-05:00,2.700000000000003,4247.040000000029,71.0,2024-02-02T10:42:00-05:00,2.8499999999999943,3947.0400000000463,123.0,2024-02-02T11:34:00-05:00,1.8500000000000014,5947.040000000032,132.0,2024-02-02T11:43:00-05:00,1.9000000000000021,5847.040000000031,133.0,2024-02-02T11:44:00-05:00,1.7000000000000028,6247.040000000029,124.0,2024-02-02T11:35:00-05:00,2.0500000000000043,5547.040000000026,273.0,2024-02-02T14:04:00-05:00,0.9499999999999993,7747.040000000036,286.0,2024-02-02T14:17:00-05:00,0.8999999999999986,7847.040000000037,287.0,2024-02-02T14:18:00-05:00,0.9000000000000004,7847.0400000000345,274.0,2024-02-02T14:05:00-05:00,1.0,7647.0400000000345,4349.0,2024-02-05T10:00:00-05:00,0.34999999999999964,8947.040000000037,4480.0,2024-02-05T12:11:00-05:00,0.375,8897.040000000035,4481.0,2024-02-05T12:12:00-05:00,0.40000000000000013,8847.040000000035,4350.0,2024-02-05T10:01:00-05:00,0.9499999999999993,7747.040000000036,1605
2024-02-02,2024-02-05,3,6.0,2024-02-02T09:31:00-05:00,6.099999999999994,NDXP  240205P17480000,NDXP  240205P17470000,development,False,False,0,0,0,14,0,780,available,False,2024-02-02T09:31:00-05:00,2024-02-05T15:59:00-05:00,0.0,11947.03999999999,1.0,last_observed_quote_not_settlement,3916.0,4,3,6.150000000000006,-352.96000000002203,2024-02-02T09:32:00-05:00,0.0,6.949999999999989,-1952.959999999988,2024-02-02T09:33:00-05:00,0.0,5.099999999999994,1747.0400000000006,2024-02-02T09:36:00-05:00,0.0,5.049999999999997,1847.039999999995,2024-02-02T09:41:00-05:00,0.0,4.150000000000006,3647.039999999978,2024-02-02T09:46:00-05:00,0.0,4.099999999999994,3747.040000000001,2024-02-02T10:01:00-05:00,0.0,4.449999999999989,3047.0400000000122,2024-02-02T10:31:00-05:00,0.0,2.75,6447.039999999989,2024-02-02T11:31:00-05:00,0.0,1.3999999999999986,9147.039999999994,2024-02-02T16:00:00-05:00,0.0,,,2024-02-02T16:15:00-05:00,85500.0,,,2024-02-02T16:15:00-05:00,171900.0,,,2024-02-05T15:59:00-05:00,60.0,5.0,hit,6.0,hit,16.0,hit,16.0,hit,16.0,hit,357.0,hit,4498.0,hit,2.0,hit,,never_hit,,never_hit,,never_hit,,never_hit,,never_hit,6.949999999999989,3,False,False,False,False,,6.949999999999989,3,False,False,False,False,,6.949999999999989,3,False,False,False,False,,6.949999999999989,4,False,False,False,False,,16.0,2024-02-02T09:47:00-05:00,1.4499999999999886,9047.040000000014,120.0,2024-02-02T11:31:00-05:00,2.75,6447.039999999989,121.0,2024-02-02T11:32:00-05:00,2.749999999999993,6447.040000000004,17.0,2024-02-02T09:48:00-05:00,4.0,3947.0399999999895,16.0,2024-02-02T09:47:00-05:00,1.4499999999999886,9047.040000000014,178.0,2024-02-02T12:29:00-05:00,1.7999999999999972,8347.039999999995,179.0,2024-02-02T12:30:00-05:00,1.6999999999999993,8547.039999999992,17.0,2024-02-02T09:48:00-05:00,4.0,3947.0399999999895,4324.0,2024-02-05T09:35:00-05:00,0.8000000000000007,10347.039999999988,4325.0,2024-02-05T09:36:00-05:00,0.9499999999999993,10047.039999999992,4326.0,2024-02-05T09:37:00-05:00,0.8499999999999996,10247.039999999992,4325.0,2024-02-05T09:36:00-05:00,0.9499999999999993,10047.039999999992,4501.0,2024-02-05T12:32:00-05:00,0.44999999999999973,11047.03999999999,4502.0,2024-02-05T12:33:00-05:00,0.3250000000000002,11297.03999999999,4503.0,2024-02-05T12:34:00-05:00,0.42500000000000027,11097.039999999988,4502.0,2024-02-05T12:33:00-05:00,0.3250000000000002,11297.03999999999,1606
2024-02-02,2024-02-05,3,7.0,2024-02-02T09:31:00-05:00,7.0,NDXP  240205P17560000,NDXP  240205P17550000,development,False,False,0,0,0,2,0,793,available,False,2024-02-02T09:31:00-05:00,2024-02-05T16:00:00-05:00,4.925,3897.040000000001,0.0,last_observed_quote_not_settlement,3916.0,23,9,7.200000000000017,-652.9600000000335,2024-02-02T09:32:00-05:00,0.0,6.799999999999983,147.0400000000348,2024-02-02T09:33:00-05:00,0.0,6.800000000000011,147.03999999997797,2024-02-02T09:36:00-05:00,0.0,6.400000000000006,947.0399999999893,2024-02-02T09:41:00-05:00,0.0,5.6499999999999915,2447.0400000000177,2024-02-02T09:46:00-05:00,0.0,5.599999999999994,2547.0400000000122,2024-02-02T10:01:00-05:00,0.0,5.6000000000000085,2547.0399999999836,2024-02-02T10:31:00-05:00,0.0,4.349999999999994,5047.040000000012,2024-02-02T11:31:00-05:00,0.0,2.700000000000003,8347.039999999995,2024-02-02T16:00:00-05:00,0.0,,,2024-02-02T16:15:00-05:00,85500.0,,,2024-02-02T16:15:00-05:00,171900.0,4.925,3897.040000000001,2024-02-05T16:00:00-05:00,0.0,16.0,hit,46.0,hit,125.0,hit,178.0,hit,379.0,hit,4603.0,hit,4623.0,hit,4369.0,hit,4369.0,hit,0.0,hit,4369.0,hit,4369.0,hit,,never_hit,7.399999999999977,3,True,False,False,False,,7.399999999999977,3,True,False,False,False,,9.0,23,True,True,True,True,,9.0,23,True,True,True,True,,179.0,2024-02-02T12:30:00-05:00,2.8500000000000014,8047.039999999998,180.0,2024-02-02T12:31:00-05:00,2.799999999999997,8147.040000000007,181.0,2024-02-02T12:32:00-05:00,2.799999999999997,8147.040000000007,180.0,2024-02-02T12:31:00-05:00,2.799999999999997,8147.040000000007,379.0,2024-02-02T15:50:00-05:00,1.6000000000000014,10547.039999999999,4508.0,2024-02-05T12:39:00-05:00,1.5000000000000009,10747.039999999999,4509.0,2024-02-05T12:40:00-05:00,1.4499999999999993,10847.040000000003,380.0,2024-02-02T15:51:00-05:00,2.0500000000000043,9647.039999999994,4616.0,2024-02-05T14:27:00-05:00,0.75,12247.04,4617.0,2024-02-05T14:28:00-05:00,0.8000000000000003,12147.04,4618.0,2024-02-05T14:29:00-05:00,0.8999999999999999,11947.04,4617.0,2024-02-05T14:28:00-05:00,0.8000000000000003,12147.04,4624.0,2024-02-05T14:35:00-05:00,0.40000000000000036,12947.04,4625.0,2024-02-05T14:36:00-05:00,0.375,12997.04,4626.0,2024-02-05T14:37:00-05:00,0.29999999999999993,13147.040000000003,4625.0,2024-02-05T14:36:00-05:00,0.375,12997.04,1607
2024-02-05,2024-02-07,2,5.0,2024-02-05T09:31:00-05:00,5.099999999999994,NDXP  240207P17640000,NDXP  240207P17630000,development,False,False,0,0,0,3,15,1197,available,False,2024-02-05T09:31:00-05:00,2024-02-07T16:00:00-05:00,0.0,9947.03999999999,0.0,last_observed_quote_not_settlement,1036.0,684,38,4.1000000000000085,1747.0399999999722,2024-02-05T09:32:00-05:00,0.0,4.700000000000003,547.0399999999836,2024-02-05T09:33:00-05:00,0.0,4.400000000000006,1147.039999999978,2024-02-05T09:36:00-05:00,0.0,4.950000000000003,47.03999999998366,2024-02-05T09:41:00-05:00,0.0,5.300000000000011,-652.9600000000335,2024-02-05T09:46:00-05:00,0.0,5.400000000000006,-852.9600000000221,2024-02-05T10:01:00-05:00,0.0,6.349999999999994,-2752.959999999999,2024-02-05T10:31:00-05:00,0.0,6.449999999999989,-2952.9599999999878,2024-02-05T11:31:00-05:00,0.0,3.549999999999983,2847.0400000000236,2024-02-05T16:00:00-05:00,0.0,6.400000000000006,-2852.960000000022,2024-02-06T16:00:00-05:00,0.0,0.0,9947.03999999999,2024-02-07T16:00:00-05:00,0.0,,,,,0.0,hit,1.0,hit,389.0,hit,2922.0,hit,2924.0,hit,2956.0,hit,3119.0,hit,32.0,hit,42.0,hit,50.0,hit,74.0,hit,1503.0,hit,1503.0,hit,9.699999999999989,684,True,True,True,True,,9.699999999999989,684,True,True,True,True,,9.699999999999989,684,True,True,True,True,,9.699999999999989,684,True,True,True,True,,2922.0,2024-02-07T10:13:00-05:00,2.8500000000000014,4247.039999999986,2925.0,2024-02-07T10:16:00-05:00,1.8500000000000014,6247.039999999986,2926.0,2024-02-07T10:17:00-05:00,1.8500000000000014,6247.039999999986,,,,,2925.0,2024-02-07T10:16:00-05:00,1.8500000000000014,6247.039999999986,2926.0,2024-02-07T10:17:00-05:00,1.8500000000000014,6247.039999999986,2927.0,2024-02-07T10:18:00-05:00,1.6499999999999986,6647.039999999992,2926.0,2024-02-07T10:17:00-05:00,1.8500000000000014,6247.039999999986,2960.0,2024-02-07T10:51:00-05:00,0.9000000000000004,8147.039999999989,3025.0,2024-02-07T11:56:00-05:00,0.9000000000000004,8147.039999999989,3026.0,2024-02-07T11:57:00-05:00,0.8999999999999995,8147.039999999991,2961.0,2024-02-07T10:52:00-05:00,0.9500000000000011,8047.039999999987,3119.0,2024-02-07T13:30:00-05:00,0.3750000000000002,9197.03999999999,3120.0,2024-02-07T13:31:00-05:00,0.34999999999999987,9247.039999999992,3121.0,2024-02-07T13:32:00-05:00,0.32499999999999996,9297.03999999999,3120.0,2024-02-07T13:31:00-05:00,0.34999999999999987,9247.039999999992,1608
2024-02-05,2024-02-07,2,6.0,2024-02-05T09:31:00-05:00,5.850000000000023,NDXP  240207P17700000,NDXP  240207P17690000,development,False,False,0,0,0,4,15,1196,available,False,2024-02-05T09:31:00-05:00,2024-02-07T15:58:00-05:00,0.07499999999999998,11297.040000000046,2.0,last_observed_quote_not_settlement,1036.0,746,76,4.8500000000000085,1747.040000000029,2024-02-05T09:32:00-05:00,0.0,6.099999999999966,-752.9599999998857,2024-02-05T09:33:00-05:00,0.0,6.199999999999989,-952.9599999999311,2024-02-05T09:36:00-05:00,0.0,6.799999999999983,-2152.9599999999195,2024-02-05T09:41:00-05:00,0.0,6.349999999999966,-1252.9599999998857,2024-02-05T09:46:00-05:00,0.0,7.100000000000023,-2752.959999999999,2024-02-05T10:01:00-05:00,0.0,8.050000000000011,-4652.959999999978,2024-02-05T10:31:00-05:00,0.0,7.399999999999977,-3352.959999999908,2024-02-05T11:31:00-05:00,0.0,4.799999999999997,1847.0400000000518,2024-02-05T16:00:00-05:00,0.0,7.300000000000011,-3152.9599999999764,2024-02-06T16:00:00-05:00,0.0,,,2024-02-07T15:58:00-05:00,120.0,,,,,1.0,hit,1.0,hit,19.0,hit,2923.0,hit,2923.0,hit,3149.0,hit,3197.0,hit,10.0,hit,17.0,hit,17.0,hit,17.0,hit,17.0,hit,1629.0,hit,9.75,746,True,True,True,True,,9.75,746,True,True,True,True,,9.75,746,True,True,True,True,,9.75,746,True,True,True,True,,2923.0,2024-02-07T10:14:00-05:00,1.3500000000000014,8747.040000000045,2935.0,2024-02-07T10:26:00-05:00,2.6999999999999993,6047.040000000047,2936.0,2024-02-07T10:27:00-05:00,2.8999999999999986,5647.040000000049,2924.0,2024-02-07T10:15:00-05:00,3.8499999999999943,3747.0400000000577,2923.0,2024-02-07T10:14:00-05:00,1.3500000000000014,8747.040000000045,2960.0,2024-02-07T10:51:00-05:00,1.8999999999999986,7647.040000000049,3119.0,2024-02-07T13:30:00-05:00,1.6500000000000004,8147.040000000045,2924.0,2024-02-07T10:15:00-05:00,3.8499999999999943,3747.0400000000577,3149.0,2024-02-07T14:00:00-05:00,0.7000000000000002,10047.040000000046,3190.0,2024-02-07T14:41:00-05:00,0.8499999999999996,9747.040000000048,3191.0,2024-02-07T14:42:00-05:00,0.8500000000000005,9747.040000000046,3150.0,2024-02-07T14:01:00-05:00,1.0500000000000007,9347.040000000046,3200.0,2024-02-07T14:51:00-05:00,0.32499999999999973,10797.040000000046,3203.0,2024-02-07T14:54:00-05:00,0.3999999999999999,10647.040000000046,3204.0,2024-02-07T14:55:00-05:00,0.27500000000000013,10897.040000000046,3201.0,2024-02-07T14:52:00-05:00,0.4750000000000001,10497.040000000046,1609
2024-02-05,2024-02-07,2,7.0,2024-02-05T09:31:00-05:00,7.0,NDXP  240207P17750000,NDXP  240207P17740000,development,False,False,0,0,0,10,15,1190,available,False,2024-02-05T09:31:00-05:00,2024-02-07T16:00:00-05:00,0.0,13747.04,0.0,last_observed_quote_not_settlement,1036.0,729,75,6.000000000000028,1747.0399999999438,2024-02-05T09:32:00-05:00,0.0,6.5,747.0400000000006,2024-02-05T09:33:00-05:00,0.0,7.200000000000017,-652.9600000000335,2024-02-05T09:36:00-05:00,0.0,7.449999999999989,-1152.9599999999766,2024-02-05T09:41:00-05:00,0.0,6.449999999999989,847.0400000000234,2024-02-05T09:46:00-05:00,0.0,7.0,-252.9599999999993,2024-02-05T10:01:00-05:00,0.0,8.949999999999989,-4152.959999999978,2024-02-05T10:31:00-05:00,0.0,8.350000000000023,-2952.9600000000464,2024-02-05T11:31:00-05:00,0.0,7.200000000000017,-652.9600000000335,2024-02-05T16:00:00-05:00,0.0,8.699999999999989,-3652.959999999978,2024-02-06T16:00:00-05:00,0.0,0.0,13747.04,2024-02-07T16:00:00-05:00,0.0,,,,,2927.0,hit,2933.0,hit,2938.0,hit,3145.0,hit,3213.0,hit,3269.0,hit,3269.0,hit,9.0,hit,9.0,hit,0.0,hit,9.0,hit,49.0,hit,76.0,hit,10.0,729,True,True,True,True,,10.0,729,True,True,True,True,,10.0,729,True,True,True,True,,10.0,729,True,True,True,True,,3198.0,2024-02-07T14:49:00-05:00,2.9000000000000012,7947.039999999998,3202.0,2024-02-07T14:53:00-05:00,2.5,8747.04,3203.0,2024-02-07T14:54:00-05:00,2.8000000000000007,8147.04,3199.0,2024-02-07T14:50:00-05:00,3.200000000000001,7347.039999999998,3213.0,2024-02-07T15:04:00-05:00,1.7000000000000002,10347.04,3214.0,2024-02-07T15:05:00-05:00,1.9500000000000002,9847.04,3215.0,2024-02-07T15:06:00-05:00,1.6500000000000004,10447.04,3214.0,2024-02-07T15:05:00-05:00,1.9500000000000002,9847.04,3269.0,2024-02-07T16:00:00-05:00,0.0,13747.04,,,,,,,,,,,,,3269.0,2024-02-07T16:00:00-05:00,0.0,13747.04,,,,,,,,,,,,,1610
2024-02-05,2024-02-08,3,5.0,2024-02-05T09:31:00-05:00,5.000000000000028,NDXP  240208P17660000,NDXP  240208P17650000,development,False,False,0,0,0,5,0,1600,available,False,2024-02-05T09:31:00-05:00,2024-02-08T16:00:00-05:00,0.0,9747.040000000059,0.0,last_observed_quote_not_settlement,1036.0,749,59,7.1000000000000085,-4452.959999999959,2024-02-05T09:32:00-05:00,0.0,5.25,-752.9599999999425,2024-02-05T09:33:00-05:00,0.0,4.5,747.0400000000575,2024-02-05T09:36:00-05:00,0.0,5.449999999999989,-1152.9599999999198,2024-02-05T09:41:00-05:00,0.0,5.150000000000006,-552.9599999999539,2024-02-05T09:46:00-05:00,0.0,5.300000000000011,-852.9599999999652,2024-02-05T10:01:00-05:00,0.0,5.5,-1252.9599999999425,2024-02-05T10:31:00-05:00,0.0,6.449999999999989,-3152.9599999999195,2024-02-05T11:31:00-05:00,0.0,5.199999999999989,-652.9599999999198,2024-02-05T16:00:00-05:00,0.0,5.200000000000017,-652.9599999999766,2024-02-06T16:00:00-05:00,0.0,2.1000000000000014,5547.0400000000545,2024-02-07T16:00:00-05:00,0.0,0.0,9747.040000000059,2024-02-08T16:00:00-05:00,0.0,0.0,hit,3.0,hit,1467.0,hit,2933.0,hit,3203.0,hit,4354.0,hit,4423.0,hit,1.0,hit,1.0,hit,1.0,hit,49.0,hit,,never_hit,,never_hit,8.949999999999989,748,True,True,False,False,,8.949999999999989,749,True,True,False,False,,8.949999999999989,749,True,True,False,False,,8.949999999999989,749,True,True,False,False,,2934.0,2024-02-07T10:25:00-05:00,2.799999999999997,4147.040000000064,2935.0,2024-02-07T10:26:00-05:00,2.75,4247.040000000057,2936.0,2024-02-07T10:27:00-05:00,2.700000000000003,4347.040000000052,2935.0,2024-02-07T10:26:00-05:00,2.75,4247.040000000057,3213.0,2024-02-07T15:04:00-05:00,1.8999999999999986,5947.04000000006,3249.0,2024-02-07T15:40:00-05:00,1.8500000000000014,6047.0400000000545,4327.0,2024-02-08T09:38:00-05:00,1.6500000000000004,6447.040000000056,3214.0,2024-02-07T15:05:00-05:00,2.0,5747.040000000057,4354.0,2024-02-08T10:05:00-05:00,0.6500000000000004,8447.040000000057,4399.0,2024-02-08T10:50:00-05:00,0.75,8247.040000000059,4400.0,2024-02-08T10:51:00-05:00,0.6000000000000001,8547.040000000057,4355.0,2024-02-08T10:06:00-05:00,1.3000000000000016,7147.0400000000545,4430.0,2024-02-08T11:21:00-05:00,0.4249999999999998,8897.040000000059,4431.0,2024-02-08T11:22:00-05:00,0.375,8997.040000000059,4451.0,2024-02-08T11:42:00-05:00,0.3999999999999999,8947.040000000057,4431.0,2024-02-08T11:22:00-05:00,0.375,8997.040000000059,1611
2024-02-05,2024-02-08,3,6.0,2024-02-05T09:31:00-05:00,5.949999999999989,NDXP  240208P17720000,NDXP  240208P17710000,development,False,False,0,0,0,1,0,1604,available,False,2024-02-05T09:31:00-05:00,2024-02-08T15:59:00-05:00,0.024999999999999994,11597.039999999979,1.0,last_observed_quote_not_settlement,1036.0,770,38,5.449999999999989,747.0400000000006,2024-02-05T09:32:00-05:00,0.0,5.849999999999994,-52.96000000001066,2024-02-05T09:33:00-05:00,0.0,2.5,6647.039999999978,2024-02-05T09:36:00-05:00,0.0,5.450000000000017,747.0399999999438,2024-02-05T09:41:00-05:00,0.0,5.699999999999989,247.04000000000067,2024-02-05T09:46:00-05:00,0.0,6.799999999999983,-1952.959999999988,2024-02-05T10:01:00-05:00,0.0,7.050000000000011,-2452.9600000000446,2024-02-05T10:31:00-05:00,0.0,7.199999999999989,-2752.959999999999,2024-02-05T11:31:00-05:00,0.0,6.5,-1352.960000000022,2024-02-05T16:00:00-05:00,0.0,7.199999999999989,-2752.959999999999,2024-02-06T16:00:00-05:00,0.0,4.299999999999997,3047.0399999999836,2024-02-07T16:00:00-05:00,0.0,,,2024-02-08T15:59:00-05:00,60.0,1.0,hit,5.0,hit,5.0,hit,5.0,hit,4399.0,hit,4496.0,hit,4563.0,hit,8.0,hit,9.0,hit,9.0,hit,9.0,hit,9.0,hit,9.0,hit,5.949999999999989,0,False,False,False,False,,9.650000000000006,770,True,True,True,True,,9.650000000000006,770,True,True,True,True,,9.650000000000006,770,True,True,True,True,,5.0,2024-02-05T09:36:00-05:00,2.5,6647.039999999978,4354.0,2024-02-08T10:05:00-05:00,2.1999999999999993,7247.039999999979,4355.0,2024-02-08T10:06:00-05:00,2.799999999999997,6047.039999999984,6.0,2024-02-05T09:37:00-05:00,5.349999999999994,947.0399999999893,4399.0,2024-02-08T10:50:00-05:00,1.6000000000000014,8447.039999999975,4400.0,2024-02-08T10:51:00-05:00,1.6999999999999993,8247.03999999998,4401.0,2024-02-08T10:52:00-05:00,1.75,8147.039999999978,4400.0,2024-02-08T10:51:00-05:00,1.6999999999999993,8247.03999999998,4498.0,2024-02-08T12:29:00-05:00,0.8499999999999996,9947.039999999979,4537.0,2024-02-08T13:08:00-05:00,0.8499999999999996,9947.039999999979,4556.0,2024-02-08T13:27:00-05:00,0.75,10147.039999999979,4499.0,2024-02-08T12:30:00-05:00,1.0,9647.039999999979,4647.0,2024-02-08T14:58:00-05:00,0.3999999999999999,10847.039999999979,4650.0,2024-02-08T15:01:00-05:00,0.35,10947.039999999977,4651.0,2024-02-08T15:02:00-05:00,0.32499999999999973,10997.039999999979,4648.0,2024-02-08T14:59:00-05:00,0.4750000000000001,10697.039999999977,1612
2024-02-05,2024-02-08,3,7.0,2024-02-05T09:31:00-05:00,7.0499999999999545,NDXP  240208P17880000,NDXP  240208P17870000,development,False,False,0,0,0,16,0,1589,available,False,2024-02-05T09:31:00-05:00,2024-02-08T16:00:00-05:00,10.0,-6052.960000000091,0.0,last_observed_quote_not_settlement,1037.0,1538,38,7.849999999999966,-1852.960000000022,2024-02-05T09:32:00-05:00,0.0,7.800000000000068,-1752.9600000002267,2024-02-05T09:33:00-05:00,0.0,7.199999999999989,-552.9600000000676,2024-02-05T09:36:00-05:00,0.0,8.400000000000034,-2952.96000000016,2024-02-05T09:41:00-05:00,0.0,9.349999999999966,-4852.960000000024,2024-02-05T09:46:00-05:00,0.0,8.350000000000023,-2852.9600000001374,2024-02-05T10:01:00-05:00,0.0,8.75,-3652.960000000092,2024-02-05T10:31:00-05:00,0.0,8.699999999999989,-3552.960000000069,2024-02-05T11:31:00-05:00,0.0,9.449999999999989,-5052.960000000069,2024-02-05T16:00:00-05:00,0.0,9.25,-4652.960000000092,2024-02-06T16:00:00-05:00,0.0,7.900000000000006,-1952.9600000001017,2024-02-07T16:00:00-05:00,0.0,10.0,-6052.960000000091,2024-02-08T16:00:00-05:00,0.0,,never_hit,,never_hit,,never_hit,,never_hit,,never_hit,,never_hit,,never_hit,1.0,hit,7.0,hit,0.0,hit,7.0,hit,15.0,hit,48.0,hit,,,True,True,True,False,0.9499999999999602,,,True,True,True,False,0.9499999999999602,,,True,True,True,False,0.9499999999999602,,,True,True,True,False,0.9499999999999602,,,,,,,,,,,,,,,,,,,,,,,,,,,,,,,,,,,,,,,,,,,,,,,,,,,,,,,,,,,,,,,,,1613
2024-02-06,2024-02-08,2,5.0,2024-02-06T09:31:00-05:00,5.049999999999997,NDXP  240208P17710000,NDXP  240208P17700000,development,False,False,0,0,0,7,15,1193,available,False,2024-02-06T09:31:00-05:00,2024-02-08T16:00:00-05:00,9.975,-10052.960000000005,0.0,last_observed_quote_not_settlement,1036.0,444,10,5.849999999999994,-1852.9599999999937,2024-02-06T09:32:00-05:00,0.0,5.199999999999989,-552.9599999999823,2024-02-06T09:33:00-05:00,0.0,5.849999999999994,-1852.9599999999937,2024-02-06T09:36:00-05:00,0.0,6.199999999999989,-2552.9599999999823,2024-02-06T09:41:00-05:00,0.0,5.75,-1652.960000000005,2024-02-06T09:46:00-05:00,0.0,7.350000000000023,-4852.96000000005,2024-02-06T10:01:00-05:00,0.0,7.300000000000011,-4752.960000000027,2024-02-06T10:31:00-05:00,0.0,6.150000000000006,-2452.9600000000164,2024-02-06T11:31:00-05:00,0.0,7.100000000000023,-4352.96000000005,2024-02-06T16:00:00-05:00,0.0,4.299999999999997,1247.0400000000006,2024-02-07T16:00:00-05:00,0.0,9.975,-10052.960000000005,2024-02-08T16:00:00-05:00,0.0,,,,,0.0,hit,17.0,hit,1446.0,hit,1765.0,hit,2958.0,hit,3026.0,hit,3091.0,hit,1.0,hit,8.0,hit,11.0,hit,33.0,hit,3269.0,hit,3269.0,hit,8.700000000000017,444,True,True,False,False,,8.700000000000017,444,True,True,False,False,,8.700000000000017,444,True,True,False,False,,8.700000000000017,444,True,True,False,False,,1773.0,2024-02-07T15:04:00-05:00,2.8999999999999986,4047.039999999998,2886.0,2024-02-08T09:37:00-05:00,2.9499999999999957,3947.0400000000036,2887.0,2024-02-08T09:38:00-05:00,2.75,4347.039999999995,1774.0,2024-02-07T15:05:00-05:00,2.950000000000003,3947.0399999999895,2958.0,2024-02-08T10:49:00-05:00,1.75,6347.039999999995,2959.0,2024-02-08T10:50:00-05:00,1.75,6347.039999999995,2960.0,2024-02-08T10:51:00-05:00,1.5999999999999996,6647.039999999995,2959.0,2024-02-08T10:50:00-05:00,1.75,6347.039999999995,3026.0,2024-02-08T11:57:00-05:00,0.7999999999999989,8247.039999999997,3027.0,2024-02-08T11:58:00-05:00,0.9499999999999993,7947.039999999996,3045.0,2024-02-08T12:16:00-05:00,0.9000000000000004,8047.0399999999945,3027.0,2024-02-08T11:58:00-05:00,0.9499999999999993,7947.039999999996,3091.0,2024-02-08T13:02:00-05:00,0.09999999999999964,9647.039999999997,3121.0,2024-02-08T13:32:00-05:00,0.4249999999999998,8997.039999999995,3127.0,2024-02-08T13:38:00-05:00,0.34999999999999987,9147.039999999997,3092.0,2024-02-08T13:03:00-05:00,0.8249999999999993,8197.039999999997,1614
2024-02-06,2024-02-08,2,6.0,2024-02-06T09:31:00-05:00,5.849999999999994,NDXP  240208P17750000,NDXP  240208P17740000,development,False,False,0,0,0,0,15,1200,available,False,2024-02-06T09:31:00-05:00,2024-02-08T16:00:00-05:00,0.0,11447.03999999999,0.0,last_observed_quote_not_settlement,1036.0,440,9,5.5,447.03999999998933,2024-02-06T09:32:00-05:00,0.0,6.050000000000011,-652.9600000000335,2024-02-06T09:33:00-05:00,0.0,6.699999999999989,-1952.959999999988,2024-02-06T09:36:00-05:00,0.0,6.100000000000023,-752.9600000000562,2024-02-06T09:41:00-05:00,0.0,8.050000000000011,-4652.9600000000355,2024-02-06T09:46:00-05:00,0.0,6.949999999999989,-2452.9599999999878,2024-02-06T10:01:00-05:00,0.0,7.799999999999983,-4152.959999999976,2024-02-06T10:31:00-05:00,0.0,7.099999999999994,-2752.959999999999,2024-02-06T11:31:00-05:00,0.0,7.800000000000011,-4152.960000000034,2024-02-06T16:00:00-05:00,0.0,5.649999999999999,147.03999999999218,2024-02-07T16:00:00-05:00,0.0,0.0,11447.03999999999,2024-02-08T16:00:00-05:00,0.0,,,,,1.0,hit,1487.0,hit,1499.0,hit,2958.0,hit,3028.0,hit,3212.0,hit,3237.0,hit,4.0,hit,4.0,hit,4.0,hit,6.0,hit,6.0,hit,6.0,hit,9.699999999999989,440,True,True,True,True,,9.699999999999989,440,True,True,True,True,,9.699999999999989,440,True,True,True,True,,9.699999999999989,440,True,True,True,True,,2959.0,2024-02-08T10:50:00-05:00,2.75,5947.039999999989,2960.0,2024-02-08T10:51:00-05:00,2.599999999999998,6247.039999999994,2961.0,2024-02-08T10:52:00-05:00,2.2500000000000018,6947.039999999985,2960.0,2024-02-08T10:51:00-05:00,2.599999999999998,6247.039999999994,3055.0,2024-02-08T12:26:00-05:00,1.9499999999999993,7547.039999999991,3056.0,2024-02-08T12:27:00-05:00,1.8500000000000014,7747.039999999986,3057.0,2024-02-08T12:28:00-05:00,1.7499999999999982,7947.039999999993,3056.0,2024-02-08T12:27:00-05:00,1.8500000000000014,7747.039999999986,3212.0,2024-02-08T15:03:00-05:00,0.95,9547.03999999999,3223.0,2024-02-08T15:14:00-05:00,0.8500000000000001,9747.03999999999,3224.0,2024-02-08T15:15:00-05:00,0.9250000000000003,9597.039999999988,3213.0,2024-02-08T15:04:00-05:00,1.0749999999999997,9297.03999999999,3238.0,2024-02-08T15:29:00-05:00,0.4,10647.03999999999,3239.0,2024-02-08T15:30:00-05:00,0.42500000000000004,10597.03999999999,3240.0,2024-02-08T15:31:00-05:00,0.19999999999999996,11047.03999999999,3239.0,2024-02-08T15:30:00-05:00,0.42500000000000004,10597.03999999999,1615
2024-02-06,2024-02-08,2,7.0,2024-02-06T09:31:00-05:00,7.0,NDXP  240208P17830000,NDXP  240208P17820000,development,False,False,0,0,0,8,15,1192,available,False,2024-02-06T09:31:00-05:00,2024-02-08T16:00:00-05:00,10.0,-6152.96,0.0,last_observed_quote_not_settlement,1036.0,648,101,7.0,-252.9599999999993,2024-02-06T09:32:00-05:00,0.0,6.850000000000023,47.039999999955235,2024-02-06T09:33:00-05:00,0.0,7.400000000000006,-1052.9600000000107,2024-02-06T09:36:00-05:00,0.0,7.199999999999989,-652.9599999999766,2024-02-06T09:41:00-05:00,0.0,7.099999999999966,-452.9599999999311,2024-02-06T09:46:00-05:00,0.0,8.0,-2252.960000000001,2024-02-06T10:01:00-05:00,0.0,8.900000000000091,-4052.960000000183,2024-02-06T10:31:00-05:00,0.0,8.550000000000011,-3352.9600000000237,2024-02-06T11:31:00-05:00,0.0,9.200000000000017,-4652.9600000000355,2024-02-06T16:00:00-05:00,0.0,5.949999999999989,1847.0400000000234,2024-02-07T16:00:00-05:00,0.0,10.0,-6152.96,2024-02-08T16:00:00-05:00,0.0,,,,,1499.0,hit,,never_hit,,never_hit,,never_hit,,never_hit,,never_hit,,never_hit,6.0,hit,9.0,hit,0.0,hit,9.0,hit,33.0,hit,42.0,hit,,,True,True,True,False,1.8000000000000043,,,True,True,True,False,1.8000000000000043,,,True,True,True,False,1.8000000000000043,,,True,True,True,False,1.8000000000000043,,,,,,,,,,,,,,,,,,,,,,,,,,,,,,,,,,,,,,,,,,,,,,,,,,,,,,,,,,,,,,,,,1616
2024-02-06,2024-02-09,3,5.0,2024-02-06T09:31:00-05:00,5.049999999999983,NDXP  240209P17710000,NDXP  240209P17700000,development,False,False,0,0,0,23,0,1582,available,False,2024-02-06T09:31:00-05:00,2024-02-09T16:00:00-05:00,0.075,9697.039999999966,0.0,last_observed_quote_not_settlement,1036.0,442,17,5.400000000000006,-952.9600000000448,2024-02-06T09:32:00-05:00,0.0,5.999999999999972,-2152.9599999999764,2024-02-06T09:33:00-05:00,0.0,5.699999999999989,-1552.9600000000107,2024-02-06T09:36:00-05:00,0.0,5.650000000000006,-1452.9600000000448,2024-02-06T09:41:00-05:00,0.0,5.449999999999989,-1052.9600000000107,2024-02-06T09:46:00-05:00,0.0,6.399999999999977,-2952.9599999999878,2024-02-06T10:01:00-05:00,0.0,6.399999999999977,-2952.9599999999878,2024-02-06T10:31:00-05:00,0.0,6.0,-2152.9600000000332,2024-02-06T11:31:00-05:00,0.0,6.75,-3652.9600000000332,2024-02-06T16:00:00-05:00,0.0,6.150000000000006,-2452.9600000000446,2024-02-07T16:00:00-05:00,0.0,2.75,4347.039999999966,2024-02-08T16:00:00-05:00,0.0,0.075,9697.039999999966,2024-02-09T16:00:00-05:00,0.0,0.0,hit,21.0,hit,1494.0,hit,2958.0,hit,3091.0,hit,3091.0,hit,3091.0,hit,2.0,hit,8.0,hit,24.0,hit,40.0,hit,145.0,hit,,never_hit,9.049999999999983,442,True,True,True,True,,9.049999999999983,442,True,True,True,True,,9.049999999999983,442,True,True,True,True,,9.049999999999983,442,True,True,True,True,,2958.0,2024-02-08T10:49:00-05:00,2.9499999999999957,3947.039999999975,2959.0,2024-02-08T10:50:00-05:00,2.8500000000000014,4147.039999999964,2960.0,2024-02-08T10:51:00-05:00,2.8000000000000043,4247.039999999958,2959.0,2024-02-08T10:50:00-05:00,2.8500000000000014,4147.039999999964,3091.0,2024-02-08T13:02:00-05:00,0.0,9847.039999999968,4321.0,2024-02-09T09:32:00-05:00,1.6999999999999993,6447.039999999968,4322.0,2024-02-09T09:33:00-05:00,1.6999999999999993,6447.039999999968,3092.0,2024-02-08T13:03:00-05:00,2.700000000000003,4447.039999999961,3091.0,2024-02-08T13:02:00-05:00,0.0,9847.039999999968,4349.0,2024-02-09T10:00:00-05:00,0.7499999999999991,8347.03999999997,4350.0,2024-02-09T10:01:00-05:00,0.7999999999999998,8247.039999999968,3092.0,2024-02-08T13:03:00-05:00,2.700000000000003,4447.039999999961,3091.0,2024-02-08T13:02:00-05:00,0.0,9847.039999999968,4369.0,2024-02-09T10:20:00-05:00,0.44999999999999973,8947.039999999966,4373.0,2024-02-09T10:24:00-05:00,0.44999999999999973,8947.039999999966,3092.0,2024-02-08T13:03:00-05:00,2.700000000000003,4447.039999999961,1617
2024-02-06,2024-02-09,3,6.0,2024-02-06T09:31:00-05:00,6.099999999999994,NDXP  240209P17870000,NDXP  240209P17860000,development,False,False,0,0,0,3,0,1602,available,False,2024-02-06T09:31:00-05:00,2024-02-09T16:00:00-05:00,0.0,11947.03999999999,0.0,last_observed_quote_not_settlement,1036.0,1213,33,7.099999999999994,-2252.959999999999,2024-02-06T09:32:00-05:00,0.0,7.350000000000023,-2752.960000000056,2024-02-06T09:33:00-05:00,0.0,7.699999999999989,-3452.9599999999878,2024-02-06T09:36:00-05:00,0.0,7.5,-3052.9600000000105,2024-02-06T09:41:00-05:00,0.0,7.550000000000011,-3152.9600000000332,2024-02-06T09:46:00-05:00,0.0,8.800000000000011,-5652.9600000000355,2024-02-06T10:01:00-05:00,0.0,8.800000000000068,-5652.960000000149,2024-02-06T10:31:00-05:00,0.0,7.999999999999943,-4052.9599999998986,2024-02-06T11:31:00-05:00,0.0,8.100000000000023,-4252.960000000058,2024-02-06T16:00:00-05:00,0.0,6.949999999999989,-1952.959999999988,2024-02-07T16:00:00-05:00,0.0,7.050000000000011,-2152.9600000000332,2024-02-08T16:00:00-05:00,0.0,0.0,11947.03999999999,2024-02-09T16:00:00-05:00,0.0,1549.0,hit,2914.0,hit,2914.0,hit,4385.0,hit,4499.0,hit,4522.0,hit,4558.0,hit,1.0,hit,1.0,hit,1.0,hit,16.0,hit,39.0,hit,39.0,hit,9.949999999999989,1213,True,True,True,True,,9.949999999999989,1213,True,True,True,True,,9.949999999999989,1213,True,True,True,True,,9.949999999999989,1213,True,True,True,True,,4385.0,2024-02-09T10:36:00-05:00,2.9499999999999993,6047.039999999991,4386.0,2024-02-09T10:37:00-05:00,2.75,6447.039999999989,4387.0,2024-02-09T10:38:00-05:00,2.9499999999999957,6047.039999999998,4386.0,2024-02-09T10:37:00-05:00,2.75,6447.039999999989,4499.0,2024-02-09T12:30:00-05:00,1.8000000000000007,8347.039999999988,4500.0,2024-02-09T12:31:00-05:00,1.7499999999999991,8447.039999999992,4501.0,2024-02-09T12:32:00-05:00,1.6000000000000005,8747.03999999999,4500.0,2024-02-09T12:31:00-05:00,1.7499999999999991,8447.039999999992,4522.0,2024-02-09T12:53:00-05:00,0.8999999999999995,10147.039999999992,4523.0,2024-02-09T12:54:00-05:00,0.9000000000000004,10147.03999999999,4524.0,2024-02-09T12:55:00-05:00,0.8999999999999995,10147.039999999992,4523.0,2024-02-09T12:54:00-05:00,0.9000000000000004,10147.03999999999,4563.0,2024-02-09T13:34:00-05:00,0.3999999999999999,11147.03999999999,4564.0,2024-02-09T13:35:00-05:00,0.375,11197.03999999999,4565.0,2024-02-09T13:36:00-05:00,0.4249999999999998,11097.03999999999,4564.0,2024-02-09T13:35:00-05:00,0.375,11197.03999999999,1618
2024-02-06,2024-02-09,3,7.0,2024-02-06T09:31:00-05:00,6.949999999999989,NDXP  240209P17850000,NDXP  240209P17840000,development,False,False,0,0,0,19,0,1586,available,False,2024-02-06T09:31:00-05:00,2024-02-09T15:50:00-05:00,0.0,13647.039999999979,10.0,last_observed_quote_not_settlement,1036.0,522,117,7.75,-1852.960000000022,2024-02-06T09:32:00-05:00,0.0,7.700000000000017,-1752.9600000000562,2024-02-06T09:33:00-05:00,0.0,7.350000000000023,-1052.9600000000676,2024-02-06T09:36:00-05:00,0.0,7.499999999999972,-1352.9599999999652,2024-02-06T09:41:00-05:00,0.0,7.349999999999994,-1052.9600000000107,2024-02-06T09:46:00-05:00,0.0,8.700000000000045,-3752.9600000001146,2024-02-06T10:01:00-05:00,0.0,8.850000000000023,-4052.960000000069,2024-02-06T10:31:00-05:00,0.0,8.150000000000034,-2652.960000000092,2024-02-06T11:31:00-05:00,0.0,8.149999999999977,-2652.959999999978,2024-02-06T16:00:00-05:00,0.0,6.000000000000028,1647.039999999921,2024-02-07T16:00:00-05:00,0.0,6.400000000000006,847.0399999999665,2024-02-08T16:00:00-05:00,0.0,,,2024-02-09T15:50:00-05:00,600.0,1504.0,hit,1691.0,hit,4359.0,hit,4377.0,hit,4396.0,hit,4501.0,hit,4523.0,hit,1.0,hit,18.0,hit,1.0,hit,18.0,hit,33.0,hit,139.0,hit,10.0,522,True,True,True,True,,10.0,522,True,True,True,True,,10.0,522,True,True,True,True,,10.0,522,True,True,True,True,,4378.0,2024-02-09T10:29:00-05:00,2.900000000000002,7847.039999999974,4379.0,2024-02-09T10:30:00-05:00,2.8000000000000007,8047.039999999976,4380.0,2024-02-09T10:31:00-05:00,2.8999999999999986,7847.039999999981,4379.0,2024-02-09T10:30:00-05:00,2.8000000000000007,8047.039999999976,4396.0,2024-02-09T10:47:00-05:00,1.9000000000000004,9847.039999999979,4412.0,2024-02-09T11:03:00-05:00,1.8499999999999996,9947.039999999979,4413.0,2024-02-09T11:04:00-05:00,1.7499999999999982,10147.039999999983,4397.0,2024-02-09T10:48:00-05:00,2.0500000000000007,9547.039999999977,4512.0,2024-02-09T12:43:00-05:00,0.9000000000000004,11847.039999999979,4515.0,2024-02-09T12:46:00-05:00,0.75,12147.039999999979,4516.0,2024-02-09T12:47:00-05:00,0.75,12147.039999999979,4513.0,2024-02-09T12:44:00-05:00,0.9999999999999991,11647.03999999998,4536.0,2024-02-09T13:07:00-05:00,0.44999999999999973,12747.039999999979,4541.0,2024-02-09T13:12:00-05:00,0.375,12897.039999999979,4542.0,2024-02-09T13:13:00-05:00,0.375,12897.039999999979,4537.0,2024-02-09T13:08:00-05:00,0.47499999999999964,12697.039999999979,1619
2024-02-07,2024-02-09,2,5.0,2024-02-07T09:31:00-05:00,5.049999999999983,NDXP  240209P17700000,NDXP  240209P17690000,development,False,False,0,0,0,19,0,1181,available,False,2024-02-07T09:31:00-05:00,2024-02-09T15:55:00-05:00,0.0,9847.039999999968,5.0,last_observed_quote_not_settlement,1036.0,35,10,4.799999999999997,247.03999999997225,2024-02-07T09:32:00-05:00,0.0,5.400000000000006,-952.9600000000448,2024-02-07T09:33:00-05:00,0.0,5.25,-652.9600000000335,2024-02-07T09:36:00-05:00,0.0,5.500000000000014,-1152.9600000000619,2024-02-07T09:41:00-05:00,0.0,5.700000000000017,-1552.9600000000676,2024-02-07T09:46:00-05:00,0.0,5.349999999999994,-852.9600000000221,2024-02-07T10:01:00-05:00,0.0,3.54999999999999,2747.0399999999863,2024-02-07T10:31:00-05:00,0.0,3.9000000000000057,2047.0399999999554,2024-02-07T11:31:00-05:00,0.0,3.6499999999999986,2547.0399999999695,2024-02-07T16:00:00-05:00,0.0,2.5500000000000043,4747.039999999958,2024-02-08T16:00:00-05:00,0.0,,,2024-02-09T15:55:00-05:00,300.0,,,,,0.0,hit,1.0,hit,53.0,hit,89.0,hit,2880.0,hit,2904.0,hit,2920.0,hit,3.0,hit,,never_hit,,never_hit,,never_hit,,never_hit,,never_hit,5.8500000000000085,35,False,False,False,False,,5.8500000000000085,35,False,False,False,False,,5.8500000000000085,35,False,False,False,False,,5.8500000000000085,35,False,False,False,False,,89.0,2024-02-07T11:00:00-05:00,2.8999999999999915,4047.0399999999836,1519.0,2024-02-08T10:50:00-05:00,2.6499999999999915,4547.039999999984,1520.0,2024-02-08T10:51:00-05:00,2.5999999999999943,4647.039999999978,90.0,2024-02-07T11:01:00-05:00,4.200000000000003,1447.0399999999609,2880.0,2024-02-09T09:31:00-05:00,1.6500000000000004,6547.039999999965,2881.0,2024-02-09T09:32:00-05:00,1.5,6847.039999999966,2882.0,2024-02-09T09:33:00-05:00,1.5500000000000007,6747.039999999965,2881.0,2024-02-09T09:32:00-05:00,1.5,6847.039999999966,2904.0,2024-02-09T09:55:00-05:00,0.9000000000000004,8047.039999999965,2905.0,2024-02-09T09:56:00-05:00,0.75,8347.039999999968,2906.0,2024-02-09T09:57:00-05:00,0.75,8347.039999999968,2905.0,2024-02-09T09:56:00-05:00,0.75,8347.039999999968,2920.0,2024-02-09T10:11:00-05:00,0.375,9097.039999999968,2926.0,2024-02-09T10:17:00-05:00,0.375,9097.039999999968,2927.0,2024-02-09T10:18:00-05:00,0.375,9097.039999999968,2921.0,2024-02-09T10:12:00-05:00,0.6000000000000001,8647.039999999966,1620
2024-02-07,2024-02-09,2,6.0,2024-02-07T09:31:00-05:00,6.150000000000006,NDXP  240209P17790000,NDXP  240209P17780000,development,False,False,0,0,0,0,0,1200,available,False,2024-02-07T09:31:00-05:00,2024-02-09T16:00:00-05:00,0.0,12047.040000000014,0.0,last_observed_quote_not_settlement,1036.0,47,28,6.5,-952.959999999988,2024-02-07T09:32:00-05:00,0.0,6.5,-952.959999999988,2024-02-07T09:33:00-05:00,0.0,6.2999999999999545,-552.959999999897,2024-02-07T09:36:00-05:00,0.0,7.699999999999989,-3352.959999999965,2024-02-07T09:41:00-05:00,0.0,7.199999999999989,-2352.959999999965,2024-02-07T09:46:00-05:00,0.0,6.299999999999983,-552.9599999999539,2024-02-07T10:01:00-05:00,0.0,5.550000000000011,947.0399999999893,2024-02-07T10:31:00-05:00,0.0,5.549999999999997,947.0400000000177,2024-02-07T11:31:00-05:00,0.0,5.25,1547.040000000012,2024-02-07T16:00:00-05:00,0.0,4.75,2547.0400000000122,2024-02-08T16:00:00-05:00,0.0,0.0,12047.040000000014,2024-02-09T16:00:00-05:00,0.0,,,,,27.0,hit,27.0,hit,2880.0,hit,2905.0,hit,2925.0,hit,2941.0,hit,2972.0,hit,4.0,hit,7.0,hit,7.0,hit,,never_hit,,never_hit,,never_hit,7.699999999999989,47,True,False,False,False,,7.699999999999989,47,True,False,False,False,,7.699999999999989,47,True,False,False,False,,7.699999999999989,47,True,False,False,False,,2905.0,2024-02-09T09:56:00-05:00,2.900000000000002,6247.040000000008,2906.0,2024-02-09T09:57:00-05:00,2.6499999999999986,6747.0400000000145,2907.0,2024-02-09T09:58:00-05:00,2.8000000000000043,6447.040000000004,2906.0,2024-02-09T09:57:00-05:00,2.6499999999999986,6747.0400000000145,2926.0,2024-02-09T10:17:00-05:00,1.8000000000000007,8447.040000000012,2927.0,2024-02-09T10:18:00-05:00,1.6500000000000004,8747.040000000012,2928.0,2024-02-09T10:19:00-05:00,1.549999999999999,8947.040000000015,2927.0,2024-02-09T10:18:00-05:00,1.6500000000000004,8747.040000000012,2945.0,2024-02-09T10:36:00-05:00,0.8999999999999995,10247.040000000014,2946.0,2024-02-09T10:37:00-05:00,0.75,10547.040000000014,2947.0,2024-02-09T10:38:00-05:00,0.8000000000000007,10447.040000000012,2946.0,2024-02-09T10:37:00-05:00,0.75,10547.040000000014,2972.0,2024-02-09T11:03:00-05:00,0.44999999999999973,11147.040000000012,2973.0,2024-02-09T11:04:00-05:00,0.39999999999999947,11247.040000000014,3020.0,2024-02-09T11:51:00-05:00,0.35000000000000053,11347.040000000012,2973.0,2024-02-09T11:04:00-05:00,0.39999999999999947,11247.040000000014,1621
2024-02-07,2024-02-09,2,7.0,2024-02-07T09:31:00-05:00,6.899999999999977,NDXP  240209P17860000,NDXP  240209P17850000,development,False,False,0,0,0,0,0,1200,available,False,2024-02-07T09:31:00-05:00,2024-02-09T16:00:00-05:00,9.975,-6352.9600000000455,0.0,last_observed_quote_not_settlement,1036.0,188,143,5.850000000000023,1847.0399999999097,2024-02-07T09:32:00-05:00,0.0,8.5,-3452.9600000000464,2024-02-07T09:33:00-05:00,0.0,7.200000000000017,-852.9600000000789,2024-02-07T09:36:00-05:00,0.0,6.699999999999989,147.03999999997797,2024-02-07T09:41:00-05:00,0.0,8.549999999999983,-3552.9600000000123,2024-02-07T09:46:00-05:00,0.0,8.199999999999989,-2852.9600000000237,2024-02-07T10:01:00-05:00,0.0,5.649999999999977,2247.040000000001,2024-02-07T10:31:00-05:00,0.0,5.899999999999977,1747.0400000000006,2024-02-07T11:31:00-05:00,0.0,7.199999999999989,-852.9600000000221,2024-02-07T16:00:00-05:00,0.0,6.75,47.039999999955235,2024-02-08T16:00:00-05:00,0.0,9.975,-6352.9600000000455,2024-02-09T16:00:00-05:00,0.0,,,,,43.0,hit,58.0,hit,2927.0,hit,2942.0,hit,2972.0,hit,3077.0,hit,3111.0,hit,2.0,hit,2.0,hit,2.0,hit,2.0,hit,27.0,hit,1474.0,hit,9.900000000000006,188,True,True,True,True,,9.900000000000006,188,True,True,True,True,,9.900000000000006,188,True,True,True,True,,9.900000000000006,188,True,True,True,True,,2944.0,2024-02-09T10:35:00-05:00,2.8999999999999986,7747.039999999958,2945.0,2024-02-09T10:36:00-05:00,2.6500000000000004,8247.039999999955,2946.0,2024-02-09T10:37:00-05:00,2.450000000000001,8647.039999999954,2945.0,2024-02-09T10:36:00-05:00,2.6500000000000004,8247.039999999955,2972.0,2024-02-09T11:03:00-05:00,1.9000000000000004,9747.039999999955,2978.0,2024-02-09T11:09:00-05:00,1.799999999999999,9947.039999999959,2983.0,2024-02-09T11:14:00-05:00,1.9000000000000021,9747.039999999952,2973.0,2024-02-09T11:04:00-05:00,2.1000000000000014,9347.039999999954,3079.0,2024-02-09T12:50:00-05:00,0.9499999999999993,11647.039999999957,3080.0,2024-02-09T12:51:00-05:00,0.8999999999999995,11747.039999999957,3081.0,2024-02-09T12:52:00-05:00,0.8999999999999995,11747.039999999957,3080.0,2024-02-09T12:51:00-05:00,0.8999999999999995,11747.039999999957,3118.0,2024-02-09T13:29:00-05:00,0.40000000000000036,12747.039999999955,3121.0,2024-02-09T13:32:00-05:00,0.42500000000000027,12697.039999999955,3122.0,2024-02-09T13:33:00-05:00,0.375,12797.039999999955,3119.0,2024-02-09T13:30:00-05:00,0.5249999999999999,12497.039999999955,1622
2024-02-09,2024-02-12,3,5.0,2024-02-09T09:31:00-05:00,4.8999999999999915,NDXP  240212P17850000,NDXP  240212P17840000,development,False,False,0,0,0,1,0,794,available,False,2024-02-09T09:31:00-05:00,2024-02-12T16:00:00-05:00,0.0,9547.039999999985,0.0,last_observed_quote_not_settlement,3916.0,21,6,4.700000000000003,147.03999999997797,2024-02-09T09:32:00-05:00,0.0,5.449999999999989,-1352.9599999999937,2024-02-09T09:33:00-05:00,0.0,5.700000000000003,-1852.960000000022,2024-02-09T09:36:00-05:00,0.0,6.150000000000006,-2752.960000000028,2024-02-09T09:41:00-05:00,0.0,4.8999999999999915,-252.9599999999993,2024-02-09T09:46:00-05:00,0.0,4.449999999999989,647.0400000000063,2024-02-09T10:01:00-05:00,0.0,3.700000000000003,2147.039999999978,2024-02-09T10:31:00-05:00,0.0,3.299999999999997,2947.0399999999895,2024-02-09T11:31:00-05:00,0.0,1.5499999999999972,6447.039999999989,2024-02-09T16:00:00-05:00,0.0,,,2024-02-09T16:15:00-05:00,85500.0,,,2024-02-09T16:15:00-05:00,171900.0,0.0,9547.039999999985,2024-02-12T16:00:00-05:00,0.0,0.0,hit,0.0,hit,47.0,hit,96.0,hit,243.0,hit,4359.0,hit,4391.0,hit,2.0,hit,7.0,hit,,never_hit,,never_hit,,never_hit,,never_hit,6.150000000000006,21,False,False,False,False,,6.150000000000006,21,False,False,False,False,,6.150000000000006,21,False,False,False,False,,6.150000000000006,21,False,False,False,False,,97.0,2024-02-09T11:08:00-05:00,2.8500000000000014,3847.039999999981,98.0,2024-02-09T11:09:00-05:00,2.9499999999999886,3647.0400000000063,181.0,2024-02-09T12:32:00-05:00,2.75,4047.0399999999836,98.0,2024-02-09T11:09:00-05:00,2.9499999999999886,3647.0400000000063,244.0,2024-02-09T13:35:00-05:00,1.8000000000000007,5947.039999999982,295.0,2024-02-09T14:26:00-05:00,1.8499999999999979,5847.039999999988,296.0,2024-02-09T14:27:00-05:00,1.8000000000000007,5947.039999999982,245.0,2024-02-09T13:36:00-05:00,2.049999999999997,5447.039999999989,4375.0,2024-02-12T10:26:00-05:00,0.8500000000000005,7847.039999999983,4378.0,2024-02-12T10:29:00-05:00,0.9000000000000004,7747.039999999983,4379.0,2024-02-12T10:30:00-05:00,0.8999999999999986,7747.039999999986,4376.0,2024-02-12T10:27:00-05:00,1.0,7547.039999999984,4391.0,2024-02-12T10:42:00-05:00,0.42500000000000027,8697.039999999983,4397.0,2024-02-12T10:48:00-05:00,0.3999999999999999,8747.039999999985,4403.0,2024-02-12T10:54:00-05:00,0.4249999999999998,8697.039999999985,4392.0,2024-02-12T10:43:00-05:00,0.47499999999999964,8597.039999999985,1623
2024-02-09,2024-02-12,3,6.0,2024-02-09T09:31:00-05:00,5.8500000000000085,NDXP  240212P17860000,NDXP  240212P17850000,development,False,False,0,0,0,0,0,795,available,False,2024-02-09T09:31:00-05:00,2024-02-12T16:00:00-05:00,1.0250000000000001,9397.040000000017,0.0,last_observed_quote_not_settlement,3916.0,7,7,6.200000000000003,-952.959999999988,2024-02-09T09:32:00-05:00,0.0,5.800000000000011,-152.96000000000498,2024-02-09T09:33:00-05:00,0.0,5.949999999999989,-452.9599999999595,2024-02-09T09:36:00-05:00,0.0,5.949999999999989,-452.9599999999595,2024-02-09T09:41:00-05:00,0.0,5.450000000000003,547.040000000012,2024-02-09T09:46:00-05:00,0.0,4.450000000000017,2547.0399999999836,2024-02-09T10:01:00-05:00,0.0,3.9499999999999957,3547.0400000000263,2024-02-09T10:31:00-05:00,0.0,3.6000000000000014,4247.0400000000145,2024-02-09T11:31:00-05:00,0.0,2.0500000000000043,7347.040000000009,2024-02-09T16:00:00-05:00,0.0,,,2024-02-09T16:15:00-05:00,85500.0,,,2024-02-09T16:15:00-05:00,171900.0,1.0250000000000001,9397.040000000017,2024-02-12T16:00:00-05:00,0.0,4.0,hit,24.0,hit,50.0,hit,181.0,hit,295.0,hit,4382.0,hit,4397.0,hit,,never_hit,,never_hit,,never_hit,,never_hit,,never_hit,,never_hit,6.25,7,False,False,False,False,,6.25,7,False,False,False,False,,6.25,7,False,False,False,False,,6.25,7,False,False,False,False,,181.0,2024-02-09T12:32:00-05:00,2.8999999999999986,5647.040000000021,195.0,2024-02-09T12:46:00-05:00,2.7000000000000064,6047.0400000000045,196.0,2024-02-09T12:47:00-05:00,2.7999999999999936,5847.040000000031,182.0,2024-02-09T12:33:00-05:00,3.049999999999997,5347.040000000024,295.0,2024-02-09T14:26:00-05:00,1.9499999999999993,7547.040000000019,300.0,2024-02-09T14:31:00-05:00,1.8500000000000014,7747.0400000000145,301.0,2024-02-09T14:32:00-05:00,1.8999999999999986,7647.040000000021,296.0,2024-02-09T14:27:00-05:00,2.0,7447.040000000018,4382.0,2024-02-12T10:33:00-05:00,0.8999999999999995,9647.040000000019,4383.0,2024-02-12T10:34:00-05:00,0.7499999999999991,9947.04000000002,4387.0,2024-02-12T10:38:00-05:00,0.8000000000000007,9847.040000000017,4383.0,2024-02-12T10:34:00-05:00,0.7499999999999991,9947.04000000002,4403.0,2024-02-12T10:54:00-05:00,0.32499999999999973,10797.040000000019,4404.0,2024-02-12T10:55:00-05:00,0.375,10697.040000000019,4405.0,2024-02-12T10:56:00-05:00,0.3999999999999999,10647.040000000017,4404.0,2024-02-12T10:55:00-05:00,0.375,10697.040000000019,1624
2024-02-09,2024-02-12,3,7.0,2024-02-09T09:31:00-05:00,7.000000000000028,NDXP  240212P17940000,NDXP  240212P17930000,development,False,False,0,0,0,8,0,787,available,False,2024-02-09T09:31:00-05:00,2024-02-12T16:00:00-05:00,10.0,-6152.959999999943,0.0,last_observed_quote_not_settlement,3916.0,111,18,7.050000000000011,-352.9599999999652,2024-02-09T09:32:00-05:00,0.0,7.099999999999966,-452.95999999987424,2024-02-09T09:33:00-05:00,0.0,7.400000000000006,-1052.9599999999539,2024-02-09T09:36:00-05:00,0.0,7.400000000000006,-1052.9599999999539,2024-02-09T09:41:00-05:00,0.0,6.849999999999994,47.04000000006892,2024-02-09T09:46:00-05:00,0.0,6.300000000000011,1147.0400000000348,2024-02-09T10:01:00-05:00,0.0,5.950000000000017,1847.0400000000234,2024-02-09T10:31:00-05:00,0.0,5.5,2747.0400000000577,2024-02-09T11:31:00-05:00,0.0,3.950000000000003,5847.040000000052,2024-02-09T16:00:00-05:00,0.0,,,2024-02-09T16:15:00-05:00,85500.0,,,2024-02-09T16:15:00-05:00,171900.0,10.0,-6152.959999999943,2024-02-12T16:00:00-05:00,0.0,65.0,hit,97.0,hit,244.0,hit,4387.0,hit,4402.0,hit,4445.0,hit,4543.0,hit,13.0,hit,20.0,hit,0.0,hit,20.0,hit,4641.0,hit,4641.0,hit,8.100000000000023,22,True,True,False,False,,8.100000000000023,22,True,True,False,False,,8.100000000000023,22,True,True,False,False,,8.100000000000023,22,True,True,False,False,,4387.0,2024-02-12T10:38:00-05:00,2.9499999999999993,7847.040000000059,4388.0,2024-02-12T10:39:00-05:00,2.8999999999999986,7947.04000000006,4393.0,2024-02-12T10:44:00-05:00,2.799999999999997,8147.040000000064,4388.0,2024-02-12T10:39:00-05:00,2.8999999999999986,7947.04000000006,4403.0,2024-02-12T10:54:00-05:00,1.9499999999999993,9847.040000000059,4404.0,2024-02-12T10:55:00-05:00,1.6500000000000004,10447.040000000057,4405.0,2024-02-12T10:56:00-05:00,1.8499999999999996,10047.040000000059,4404.0,2024-02-12T10:55:00-05:00,1.6500000000000004,10447.040000000057,4447.0,2024-02-12T11:38:00-05:00,0.8499999999999996,12047.040000000059,4448.0,2024-02-12T11:39:00-05:00,0.9000000000000004,11947.040000000057,4449.0,2024-02-12T11:40:00-05:00,0.9000000000000004,11947.040000000057,4448.0,2024-02-12T11:39:00-05:00,0.9000000000000004,11947.040000000057,,,,,,,,,,,,,,,,,1625
2024-02-12,2024-02-14,2,5.0,2024-02-12T09:31:00-05:00,4.950000000000003,NDXP  240214P17970000,NDXP  240214P17960000,development,False,False,0,0,0,195,0,1004,available,False,2024-02-12T09:31:00-05:00,2024-02-14T15:59:00-05:00,10.0,-10252.959999999994,1.0,last_observed_quote_not_settlement,1036.0,660,34,5.25,-852.9599999999937,2024-02-12T09:32:00-05:00,0.0,5.099999999999994,-552.9599999999823,2024-02-12T09:33:00-05:00,0.0,4.800000000000011,47.03999999998366,2024-02-12T09:36:00-05:00,0.0,4.749999999999986,147.0400000000348,2024-02-12T09:41:00-05:00,0.0,5.1499999999999915,-652.9599999999766,2024-02-12T09:46:00-05:00,0.0,4.799999999999997,47.04000000001208,2024-02-12T10:01:00-05:00,0.0,5.199999999999989,-752.9599999999709,2024-02-12T10:31:00-05:00,0.0,3.749999999999986,2147.040000000035,2024-02-12T11:31:00-05:00,0.0,6.75,-3852.9599999999937,2024-02-12T16:00:00-05:00,0.0,,,2024-02-13T15:59:00-05:00,60.0,,,2024-02-14T15:59:00-05:00,60.0,,,,,0.0,hit,0.0,hit,117.0,hit,,never_hit,,never_hit,,never_hit,,never_hit,249.0,hit,275.0,hit,403.0,hit,1440.0,hit,1440.0,hit,1440.0,hit,,,True,True,True,False,1.3500000000000085,,,True,True,True,False,1.3500000000000085,,,True,True,True,False,1.3500000000000085,,,True,True,True,False,1.3500000000000085,,,,,,,,,,,,,,,,,,,,,,,,,,,,,,,,,,,,,,,,,,,,,,,,,,,,,,,,,,,,,,,,,1626
2024-02-12,2024-02-14,2,6.0,2024-02-12T09:31:00-05:00,6.0,NDXP  240214P18030000,NDXP  240214P18020000,development,False,False,0,0,0,319,0,880,available,False,2024-02-12T09:31:00-05:00,2024-02-14T15:59:00-05:00,10.0,-8152.96,1.0,last_observed_quote_not_settlement,1037.0,478,34,6.399999999999977,-1052.9599999999539,2024-02-12T09:32:00-05:00,0.0,5.5,747.0400000000006,2024-02-12T09:33:00-05:00,0.0,5.899999999999977,-52.959999999953816,2024-02-12T09:36:00-05:00,0.0,4.750000000000028,2247.039999999944,2024-02-12T09:41:00-05:00,0.0,5.75,247.04000000000067,2024-02-12T09:46:00-05:00,0.0,6.049999999999983,-352.9599999999652,2024-02-12T10:01:00-05:00,0.0,5.849999999999966,47.04000000006892,2024-02-12T10:31:00-05:00,0.0,5.0,1747.0400000000006,2024-02-12T11:31:00-05:00,0.0,6.849999999999966,-1952.9599999999311,2024-02-12T16:00:00-05:00,0.0,9.699999999999932,-7652.9599999998645,2024-02-13T16:00:00-05:00,0.0,,,2024-02-14T15:59:00-05:00,60.0,,,,,2.0,hit,3.0,hit,,never_hit,,never_hit,,never_hit,,never_hit,,never_hit,22.0,hit,246.0,hit,246.0,hit,289.0,hit,1441.0,hit,1441.0,hit,,,True,True,True,False,1.5,,,True,True,True,False,1.5,,,True,True,True,False,1.5,,,True,True,True,False,1.5,,,,,,,,,,,,,,,,,,,,,,,,,,,,,,,,,,,,,,,,,,,,,,,,,,,,,,,,,,,,,,,,,1627
2024-02-12,2024-02-14,2,7.0,2024-02-12T09:31:00-05:00,7.0,NDXP  240214P18230000,NDXP  240214P18220000,development,False,False,0,0,0,178,0,1021,available,False,2024-02-12T09:31:00-05:00,2024-02-14T15:59:00-05:00,9.550000000000011,-5352.960000000024,1.0,last_observed_quote_not_settlement,1037.0,884,4,7.75,-1752.9599999999994,2024-02-12T09:32:00-05:00,0.0,9.300000000000011,-4852.960000000024,2024-02-12T09:33:00-05:00,0.0,8.050000000000068,-2352.9600000001374,2024-02-12T09:36:00-05:00,0.0,9.599999999999909,-5452.959999999819,2024-02-12T09:41:00-05:00,0.0,9.450000000000045,-5152.960000000092,2024-02-12T09:46:00-05:00,0.0,8.449999999999989,-3152.959999999978,2024-02-12T10:01:00-05:00,0.0,9.100000000000023,-4452.960000000046,2024-02-12T10:31:00-05:00,0.0,7.949999999999989,-2152.9599999999764,2024-02-12T11:31:00-05:00,0.0,8.800000000000011,-3852.9600000000237,2024-02-12T16:00:00-05:00,0.0,,,2024-02-13T15:59:00-05:00,60.0,,,2024-02-14T15:59:00-05:00,60.0,,,,,1819.0,hit,1819.0,hit,1819.0,hit,3259.0,hit,3259.0,hit,3259.0,hit,3259.0,hit,1.0,hit,2.0,hit,0.0,hit,2.0,hit,2.0,hit,10.0,hit,10.0,876,True,True,True,True,,10.0,876,True,True,True,True,,10.0,876,True,True,True,True,,10.0,876,True,True,True,True,,3259.0,2024-02-14T15:50:00-05:00,0.10000000000002274,13547.039999999955,,,,,,,,,3260.0,2024-02-14T15:51:00-05:00,10.0,-6152.96,3259.0,2024-02-14T15:50:00-05:00,0.10000000000002274,13547.039999999955,,,,,,,,,3260.0,2024-02-14T15:51:00-05:00,10.0,-6152.96,3259.0,2024-02-14T15:50:00-05:00,0.10000000000002274,13547.039999999955,,,,,,,,,3260.0,2024-02-14T15:51:00-05:00,10.0,-6152.96,3259.0,2024-02-14T15:50:00-05:00,0.10000000000002274,13547.039999999955,,,,,,,,,3260.0,2024-02-14T15:51:00-05:00,10.0,-6152.96,1628
2024-02-12,2024-02-15,3,5.0,2024-02-12T09:31:00-05:00,4.849999999999994,NDXP  240215P17970000,NDXP  240215P17960000,development,False,False,0,0,0,72,0,1533,available,False,2024-02-12T09:31:00-05:00,2024-02-15T16:00:00-05:00,10.0,-10452.96000000001,0.0,last_observed_quote_not_settlement,1036.0,1250,24,4.900000000000006,-352.96000000002203,2024-02-12T09:32:00-05:00,0.0,4.75,-52.96000000001066,2024-02-12T09:33:00-05:00,0.0,4.549999999999997,347.039999999995,2024-02-12T09:36:00-05:00,0.0,4.75,-52.96000000001066,2024-02-12T09:41:00-05:00,0.0,4.949999999999989,-452.95999999998793,2024-02-12T09:46:00-05:00,0.0,4.849999999999994,-252.9599999999993,2024-02-12T10:01:00-05:00,0.0,4.800000000000011,-152.9600000000334,2024-02-12T10:31:00-05:00,0.0,3.950000000000017,1547.0399999999552,2024-02-12T11:31:00-05:00,0.0,6.0,-2552.9600000000105,2024-02-12T16:00:00-05:00,0.0,9.349999999999966,-9252.959999999943,2024-02-13T16:00:00-05:00,0.0,7.899999999999977,-6352.9599999999655,2024-02-14T16:00:00-05:00,0.0,10.0,-10452.96000000001,2024-02-15T16:00:00-05:00,0.0,0.0,hit,0.0,hit,115.0,hit,,never_hit,,never_hit,,never_hit,,never_hit,26.0,hit,288.0,hit,400.0,hit,1440.0,hit,1440.0,hit,1450.0,hit,,,True,True,True,False,1.34999999999998,,,True,True,True,False,1.34999999999998,,,True,True,True,False,1.34999999999998,,,True,True,True,False,1.34999999999998,,,,,,,,,,,,,,,,,,,,,,,,,,,,,,,,,,,,,,,,,,,,,,,,,,,,,,,,,,,,,,,,,1629
2024-02-12,2024-02-15,3,6.0,2024-02-12T09:31:00-05:00,6.0,NDXP  240215P18020000,NDXP  240215P18010000,development,False,False,0,0,0,227,0,1378,available,False,2024-02-12T09:31:00-05:00,2024-02-15T16:00:00-05:00,10.0,-8152.96,0.0,last_observed_quote_not_settlement,1037.0,913,23,5.699999999999989,347.04000000002344,2024-02-12T09:32:00-05:00,0.0,5.75,247.04000000000067,2024-02-12T09:33:00-05:00,0.0,5.349999999999994,1047.040000000012,2024-02-12T09:36:00-05:00,0.0,5.450000000000017,847.0399999999665,2024-02-12T09:41:00-05:00,0.0,5.599999999999994,547.040000000012,2024-02-12T09:46:00-05:00,0.0,5.400000000000006,947.0399999999893,2024-02-12T10:01:00-05:00,0.0,5.899999999999977,-52.959999999953816,2024-02-12T10:31:00-05:00,0.0,4.699999999999989,2347.0400000000236,2024-02-12T11:31:00-05:00,0.0,5.900000000000006,-52.96000000001066,2024-02-12T16:00:00-05:00,0.0,9.5,-7252.960000000001,2024-02-13T16:00:00-05:00,0.0,8.449999999999989,-5152.959999999978,2024-02-14T16:00:00-05:00,0.0,10.0,-8152.96,2024-02-15T16:00:00-05:00,0.0,4.0,hit,9.0,hit,1788.0,hit,,never_hit,,never_hit,,never_hit,,never_hit,69.0,hit,290.0,hit,290.0,hit,1440.0,hit,1440.0,hit,1444.0,hit,,,True,True,True,False,2.0499999999999545,,,True,True,True,False,2.0499999999999545,,,True,True,True,False,2.0499999999999545,,,True,True,True,False,2.0499999999999545,,,,,,,,,,,,,,,,,,,,,,,,,,,,,,,,,,,,,,,,,,,,,,,,,,,,,,,,,,,,,,,,,1630
2024-02-12,2024-02-15,3,7.0,2024-02-12T09:31:00-05:00,7.0,NDXP  240215P18120000,NDXP  240215P18110000,development,False,False,0,0,1,348,0,1256,available,False,2024-02-12T09:31:00-05:00,2024-02-15T15:59:00-05:00,9.850000000000023,-5952.960000000046,1.0,last_observed_quote_not_settlement,1036.0,775,59,6.949999999999989,-152.95999999997656,2024-02-12T09:32:00-05:00,0.0,7.449999999999989,-1152.9599999999766,2024-02-12T09:33:00-05:00,0.0,7.0,-252.9599999999993,2024-02-12T09:36:00-05:00,0.0,6.449999999999989,847.0400000000234,2024-02-12T09:41:00-05:00,0.0,6.849999999999994,47.04000000001208,2024-02-12T09:46:00-05:00,0.0,6.75,247.04000000000067,2024-02-12T10:01:00-05:00,0.0,6.900000000000006,-52.96000000001066,2024-02-12T10:31:00-05:00,0.0,6.199999999999989,1347.0400000000234,2024-02-12T11:31:00-05:00,0.0,9.100000000000023,-4452.960000000046,2024-02-12T16:00:00-05:00,0.0,,,2024-02-13T15:59:00-05:00,60.0,10.0,-6152.96,2024-02-14T16:00:00-05:00,0.0,,,2024-02-15T15:59:00-05:00,60.0,122.0,hit,122.0,hit,,never_hit,,never_hit,,never_hit,,never_hit,,never_hit,11.0,hit,209.0,hit,0.0,hit,209.0,hit,387.0,hit,1440.0,hit,,,True,True,True,False,2.1499999999999773,,,True,True,True,False,2.1499999999999773,,,True,True,True,False,2.1499999999999773,,,True,True,True,False,2.1499999999999773,,,,,,,,,,,,,,,,,,,,,,,,,,,,,,,,,,,,,,,,,,,,,,,,,,,,,,,,,,,,,,,,,1631
2024-02-13,2024-02-15,2,5.0,2024-02-13T09:31:00-05:00,5.1000000000000085,NDXP  240215P17560000,NDXP  240215P17550000,development,False,False,0,0,0,3,0,1197,available,False,2024-02-13T09:31:00-05:00,2024-02-15T16:00:00-05:00,9.975,-9952.959999999981,0.0,last_observed_quote_not_settlement,1036.0,45,23,4.700000000000003,547.040000000012,2024-02-13T09:32:00-05:00,0.0,4.599999999999994,747.0400000000291,2024-02-13T09:33:00-05:00,0.0,4.450000000000017,1047.0399999999836,2024-02-13T09:36:00-05:00,0.0,4.400000000000006,1147.0400000000063,2024-02-13T09:41:00-05:00,0.0,4.5,947.0400000000177,2024-02-13T09:46:00-05:00,0.0,4.150000000000006,1647.0400000000063,2024-02-13T10:01:00-05:00,0.0,2.9000000000000057,4147.040000000006,2024-02-13T10:31:00-05:00,0.0,2.8999999999999986,4147.040000000021,2024-02-13T11:31:00-05:00,0.0,3.700000000000003,2547.0400000000122,2024-02-13T16:00:00-05:00,0.0,0.09999999999999964,9747.040000000019,2024-02-14T16:00:00-05:00,0.0,9.975,-9952.959999999981,2024-02-15T16:00:00-05:00,0.0,,,,,0.0,hit,1.0,hit,24.0,hit,60.0,hit,1440.0,hit,1797.0,hit,1819.0,hit,3.0,hit,3269.0,hit,3269.0,hit,3269.0,hit,3269.0,hit,3269.0,hit,5.8999999999999915,1,False,False,False,False,,6.0,45,False,False,False,False,,6.0,45,False,False,False,False,,6.0,45,False,False,False,False,,60.0,2024-02-13T10:31:00-05:00,2.9000000000000057,4147.040000000006,68.0,2024-02-13T10:39:00-05:00,2.8000000000000043,4347.040000000009,69.0,2024-02-13T10:40:00-05:00,2.5999999999999943,4747.040000000029,61.0,2024-02-13T10:32:00-05:00,2.950000000000003,4047.040000000012,1440.0,2024-02-14T09:31:00-05:00,1.8000000000000007,6347.040000000016,1441.0,2024-02-14T09:32:00-05:00,1.75,6447.040000000018,1471.0,2024-02-14T10:02:00-05:00,1.8499999999999979,6247.040000000022,1441.0,2024-02-14T09:32:00-05:00,1.75,6447.040000000018,1810.0,2024-02-14T15:41:00-05:00,0.9000000000000004,8147.040000000016,1811.0,2024-02-14T15:42:00-05:00,0.9499999999999993,8047.040000000019,1812.0,2024-02-14T15:43:00-05:00,0.9499999999999993,8047.040000000019,1811.0,2024-02-14T15:42:00-05:00,0.9499999999999993,8047.040000000019,1819.0,2024-02-14T15:50:00-05:00,0.0,9947.040000000019,2881.0,2024-02-15T09:32:00-05:00,0.20000000000000018,9547.040000000019,2882.0,2024-02-15T09:33:00-05:00,0.32499999999999973,9297.040000000019,1820.0,2024-02-14T15:51:00-05:00,0.75,8447.040000000019,1632
2024-02-13,2024-02-15,2,6.0,2024-02-13T09:31:00-05:00,6.0,NDXP  240215P17640000,NDXP  240215P17630000,development,False,False,0,0,0,0,0,1200,available,False,2024-02-13T09:31:00-05:00,2024-02-15T16:00:00-05:00,0.0,11747.04,0.0,last_observed_quote_not_settlement,1036.0,86,24,4.199999999999989,3347.0400000000236,2024-02-13T09:32:00-05:00,0.0,6.800000000000011,-1852.960000000022,2024-02-13T09:33:00-05:00,0.0,5.849999999999994,47.04000000001208,2024-02-13T09:36:00-05:00,0.0,5.550000000000011,647.0399999999779,2024-02-13T09:41:00-05:00,0.0,5.600000000000023,547.0399999999552,2024-02-13T09:46:00-05:00,0.0,5.300000000000011,1147.039999999978,2024-02-13T10:01:00-05:00,0.0,3.950000000000017,3847.0399999999668,2024-02-13T10:31:00-05:00,0.0,4.200000000000003,3347.039999999995,2024-02-13T11:31:00-05:00,0.0,5.1000000000000085,1547.0399999999836,2024-02-13T16:00:00-05:00,0.0,1.25,9247.04,2024-02-14T16:00:00-05:00,0.0,0.0,11747.04,2024-02-15T16:00:00-05:00,0.0,,,,,1.0,hit,1.0,hit,60.0,hit,1440.0,hit,1501.0,hit,2880.0,hit,3048.0,hit,2.0,hit,325.0,hit,325.0,hit,348.0,hit,,never_hit,,never_hit,8.049999999999983,86,True,True,False,False,,8.049999999999983,86,True,True,False,False,,8.049999999999983,86,True,True,False,False,,8.049999999999983,86,True,True,False,False,,1443.0,2024-02-14T09:34:00-05:00,2.9499999999999957,5847.040000000009,1477.0,2024-02-14T10:08:00-05:00,2.700000000000003,6347.039999999995,1478.0,2024-02-14T10:09:00-05:00,2.8000000000000043,6147.039999999992,1444.0,2024-02-14T09:35:00-05:00,3.1999999999999957,5347.040000000009,1795.0,2024-02-14T15:26:00-05:00,1.9499999999999993,7847.040000000002,1796.0,2024-02-14T15:27:00-05:00,1.9000000000000021,7947.039999999996,1797.0,2024-02-14T15:28:00-05:00,1.9000000000000057,7947.039999999989,1796.0,2024-02-14T15:27:00-05:00,1.9000000000000021,7947.039999999996,2880.0,2024-02-15T09:31:00-05:00,0.75,10247.04,2881.0,2024-02-15T09:32:00-05:00,0.75,10247.04,3014.0,2024-02-15T11:45:00-05:00,0.8499999999999996,10047.040000000003,2881.0,2024-02-15T09:32:00-05:00,0.75,10247.04,3057.0,2024-02-15T12:28:00-05:00,0.44999999999999973,10847.04,3058.0,2024-02-15T12:29:00-05:00,0.4249999999999998,10897.040000000003,3059.0,2024-02-15T12:30:00-05:00,0.375,10997.04,3058.0,2024-02-15T12:29:00-05:00,0.4249999999999998,10897.040000000003,1633
2024-02-13,2024-02-15,2,7.0,2024-02-13T09:31:00-05:00,6.75,NDXP  240215P17940000,NDXP  240215P17930000,development,False,False,0,0,0,48,0,1152,available,False,2024-02-13T09:31:00-05:00,2024-02-15T16:00:00-05:00,10.0,-6652.96,0.0,last_observed_quote_not_settlement,1036.0,1105,6,9.25,-5252.960000000001,2024-02-13T09:32:00-05:00,0.0,9.849999999999966,-6452.959999999933,2024-02-13T09:33:00-05:00,0.0,8.400000000000034,-3552.960000000069,2024-02-13T09:36:00-05:00,0.0,9.550000000000011,-5852.960000000024,2024-02-13T09:41:00-05:00,0.0,9.299999999999955,-5352.95999999991,2024-02-13T09:46:00-05:00,0.0,8.300000000000011,-3352.9600000000237,2024-02-13T10:01:00-05:00,0.0,8.299999999999955,-3352.95999999991,2024-02-13T10:31:00-05:00,0.0,8.400000000000034,-3552.960000000069,2024-02-13T11:31:00-05:00,0.0,8.699999999999989,-4152.959999999978,2024-02-13T16:00:00-05:00,0.0,7.800000000000011,-2352.960000000022,2024-02-14T16:00:00-05:00,0.0,10.0,-6652.96,2024-02-15T16:00:00-05:00,0.0,,,,,,never_hit,,never_hit,,never_hit,,never_hit,,never_hit,,never_hit,,never_hit,1.0,hit,1.0,hit,1.0,hit,1.0,hit,1.0,hit,2.0,hit,,,True,True,True,False,0.9000000000000057,,,True,True,True,False,0.9000000000000057,,,True,True,True,False,0.9000000000000057,,,True,True,True,False,0.9000000000000057,,,,,,,,,,,,,,,,,,,,,,,,,,,,,,,,,,,,,,,,,,,,,,,,,,,,,,,,,,,,,,,,,1634
2024-02-20,2024-02-22,2,5.0,2024-02-20T09:31:00-05:00,5.050000000000011,NDXP  240222P17660000,NDXP  240222P17650000,development,False,False,0,0,0,2,15,1198,available,False,2024-02-20T09:31:00-05:00,2024-02-22T16:00:00-05:00,9.925,-10002.95999999998,0.0,last_observed_quote_not_settlement,1036.0,796,12,4.650000000000006,547.040000000012,2024-02-20T09:32:00-05:00,0.0,4.750000000000028,347.0399999999666,2024-02-20T09:33:00-05:00,0.0,4.900000000000006,47.04000000001208,2024-02-20T09:36:00-05:00,0.0,6.200000000000017,-2552.9600000000105,2024-02-20T09:41:00-05:00,0.0,6.150000000000006,-2452.9599999999878,2024-02-20T09:46:00-05:00,0.0,5.850000000000023,-1852.960000000022,2024-02-20T10:01:00-05:00,0.0,6.750000000000057,-3652.96000000009,2024-02-20T10:31:00-05:00,0.0,6.099999999999966,-2352.959999999908,2024-02-20T11:31:00-05:00,0.0,5.700000000000017,-1552.9600000000107,2024-02-20T16:00:00-05:00,0.0,7.199999999999989,-4552.959999999954,2024-02-21T16:00:00-05:00,0.0,9.925,-10002.95999999998,2024-02-22T16:00:00-05:00,0.0,,,,,0.0,hit,1.0,hit,2880.0,hit,2880.0,hit,2880.0,hit,2890.0,hit,2897.0,hit,9.0,hit,10.0,hit,23.0,hit,75.0,hit,202.0,hit,295.0,hit,9.850000000000023,796,True,True,True,True,,9.850000000000023,796,True,True,True,True,,9.850000000000023,796,True,True,True,True,,9.850000000000023,796,True,True,True,True,,2880.0,2024-02-22T09:31:00-05:00,1.3000000000000007,7247.040000000022,2881.0,2024-02-22T09:32:00-05:00,1.5999999999999996,6647.0400000000245,2882.0,2024-02-22T09:33:00-05:00,1.3500000000000014,7147.040000000021,2881.0,2024-02-22T09:32:00-05:00,1.5999999999999996,6647.0400000000245,2880.0,2024-02-22T09:31:00-05:00,1.3000000000000007,7247.040000000022,2881.0,2024-02-22T09:32:00-05:00,1.5999999999999996,6647.0400000000245,2882.0,2024-02-22T09:33:00-05:00,1.3500000000000014,7147.040000000021,2881.0,2024-02-22T09:32:00-05:00,1.5999999999999996,6647.0400000000245,2892.0,2024-02-22T09:43:00-05:00,0.9499999999999993,7947.0400000000245,2893.0,2024-02-22T09:44:00-05:00,0.9000000000000012,8047.040000000021,2894.0,2024-02-22T09:45:00-05:00,0.6999999999999993,8447.040000000026,2893.0,2024-02-22T09:44:00-05:00,0.9000000000000012,8047.040000000021,2927.0,2024-02-22T10:18:00-05:00,0.40000000000000036,9047.040000000023,2939.0,2024-02-22T10:30:00-05:00,0.2999999999999998,9247.040000000025,2940.0,2024-02-22T10:31:00-05:00,0.22500000000000053,9397.040000000023,2928.0,2024-02-22T10:19:00-05:00,0.5499999999999998,8747.040000000025,1635
2024-02-20,2024-02-22,2,6.0,2024-02-20T09:31:00-05:00,6.050000000000068,NDXP  240222P18490000,NDXP  240222P18480000,development,False,False,0,0,0,379,15,820,available,False,2024-02-20T09:31:00-05:00,2024-02-22T16:00:00-05:00,10.0,-8052.959999999864,0.0,last_observed_quote_not_settlement,1037.0,565,0,,,2024-02-20T09:31:00-05:00,60.0,8.450000000000045,-5052.9599999999555,2024-02-20T09:33:00-05:00,0.0,9.950000000000045,-8052.959999999864,2024-02-20T09:36:00-05:00,0.0,9.800000000000068,-7752.960000000001,2024-02-20T09:41:00-05:00,0.0,,,2024-02-20T09:45:00-05:00,60.0,9.800000000000068,-7752.960000000001,2024-02-20T10:01:00-05:00,0.0,,,2024-02-20T10:29:00-05:00,120.0,9.900000000000091,-7952.960000000046,2024-02-20T11:31:00-05:00,0.0,,,2024-02-20T15:59:00-05:00,60.0,8.699999999999932,-5552.959999999728,2024-02-21T16:00:00-05:00,0.0,10.0,-8052.959999999864,2024-02-22T16:00:00-05:00,0.0,,,,,,never_hit,,never_hit,,never_hit,,never_hit,,never_hit,,never_hit,,never_hit,2.0,hit,2.0,hit,2.0,hit,2.0,hit,5.0,hit,5.0,hit,,,True,True,True,False,0.0,,,True,True,True,False,0.0,,,True,True,True,False,0.0,,,True,True,True,False,0.0,,,,,,,,,,,,,,,,,,,,,,,,,,,,,,,,,,,,,,,,,,,,,,,,,,,,,,,,,,,,,,,,,1636
2024-02-20,2024-02-22,2,7.0,2024-02-20T09:31:00-05:00,6.999999999999972,NDXP  240222P17820000,NDXP  240222P17810000,development,False,False,0,0,0,6,15,1194,available,False,2024-02-20T09:31:00-05:00,2024-02-22T16:00:00-05:00,0.7999999999999998,12147.039999999944,0.0,last_observed_quote_not_settlement,1036.0,790,13,6.099999999999966,1547.040000000012,2024-02-20T09:32:00-05:00,0.0,6.399999999999977,947.0399999999893,2024-02-20T09:33:00-05:00,0.0,6.800000000000011,147.03999999992112,2024-02-20T09:36:00-05:00,0.0,7.649999999999977,-1552.9600000000107,2024-02-20T09:41:00-05:00,0.0,7.550000000000011,-1352.960000000079,2024-02-20T09:46:00-05:00,0.0,7.149999999999977,-552.9600000000107,2024-02-20T10:01:00-05:00,0.0,8.200000000000045,-2652.9600000001487,2024-02-20T10:31:00-05:00,0.0,8.350000000000023,-2952.9600000001033,2024-02-20T11:31:00-05:00,0.0,6.550000000000068,647.0399999998074,2024-02-20T16:00:00-05:00,0.0,8.699999999999989,-3652.960000000035,2024-02-21T16:00:00-05:00,0.0,0.7999999999999998,12147.039999999944,2024-02-22T16:00:00-05:00,0.0,,,,,2880.0,hit,2880.0,hit,2885.0,hit,2897.0,hit,2944.0,hit,3053.0,hit,3083.0,hit,4.0,hit,17.0,hit,4.0,hit,17.0,hit,150.0,hit,1457.0,hit,10.0,790,True,True,True,True,,10.0,790,True,True,True,True,,10.0,790,True,True,True,True,,10.0,790,True,True,True,True,,2897.0,2024-02-22T09:48:00-05:00,2.8000000000000007,8147.039999999942,2898.0,2024-02-22T09:49:00-05:00,2.75,8247.039999999944,2899.0,2024-02-22T09:50:00-05:00,2.7500000000000036,8247.039999999937,2898.0,2024-02-22T09:49:00-05:00,2.75,8247.039999999944,2944.0,2024-02-22T10:35:00-05:00,1.9000000000000021,9947.03999999994,2987.0,2024-02-22T11:18:00-05:00,1.799999999999999,10147.039999999946,2988.0,2024-02-22T11:19:00-05:00,1.5500000000000007,10647.039999999943,2945.0,2024-02-22T10:36:00-05:00,2.150000000000002,9447.03999999994,3054.0,2024-02-22T12:25:00-05:00,0.9000000000000004,11947.039999999944,3059.0,2024-02-22T12:30:00-05:00,0.8999999999999995,11947.039999999946,3060.0,2024-02-22T12:31:00-05:00,0.8000000000000007,12147.039999999943,3055.0,2024-02-22T12:26:00-05:00,1.0,11747.039999999944,3086.0,2024-02-22T12:57:00-05:00,0.4249999999999998,12897.039999999944,3087.0,2024-02-22T12:58:00-05:00,0.40000000000000036,12947.039999999944,3088.0,2024-02-22T12:59:00-05:00,0.40000000000000036,12947.039999999944,3087.0,2024-02-22T12:58:00-05:00,0.40000000000000036,12947.039999999944,1637
2024-02-20,2024-02-23,3,5.0,2024-02-20T09:31:00-05:00,5.0,NDXP  240223P17640000,NDXP  240223P17630000,development,False,False,0,0,0,15,0,1590,available,False,2024-02-20T09:31:00-05:00,2024-02-23T16:00:00-05:00,9.05,-8352.960000000001,0.0,last_observed_quote_not_settlement,1036.0,800,4,4.400000000000006,947.0399999999893,2024-02-20T09:32:00-05:00,0.0,4.349999999999994,1047.040000000012,2024-02-20T09:33:00-05:00,0.0,4.949999999999989,-152.95999999997656,2024-02-20T09:36:00-05:00,0.0,6.049999999999983,-2352.959999999965,2024-02-20T09:41:00-05:00,0.0,5.699999999999989,-1652.9599999999766,2024-02-20T09:46:00-05:00,0.0,7.650000000000006,-5552.960000000011,2024-02-20T10:01:00-05:00,0.0,6.850000000000023,-3952.9600000000446,2024-02-20T10:31:00-05:00,0.0,5.800000000000011,-1852.960000000022,2024-02-20T11:31:00-05:00,0.0,5.5,-1252.9599999999994,2024-02-20T16:00:00-05:00,0.0,6.5,-3252.959999999999,2024-02-21T16:00:00-05:00,0.0,0.2500000000000009,9247.039999999999,2024-02-22T16:00:00-05:00,0.0,9.05,-8352.960000000001,2024-02-23T16:00:00-05:00,0.0,0.0,hit,0.0,hit,2880.0,hit,2880.0,hit,2880.0,hit,2900.0,hit,3020.0,hit,8.0,hit,10.0,hit,22.0,hit,168.0,hit,1650.0,hit,1650.0,hit,10.0,800,True,True,True,True,,10.0,800,True,True,True,True,,10.0,800,True,True,True,True,,10.0,800,True,True,True,True,,2880.0,2024-02-22T09:31:00-05:00,1.8999999999999986,5947.040000000004,2881.0,2024-02-22T09:32:00-05:00,2.0,5747.040000000001,2882.0,2024-02-22T09:33:00-05:00,1.8999999999999986,5947.040000000004,2881.0,2024-02-22T09:32:00-05:00,2.0,5747.040000000001,2880.0,2024-02-22T09:31:00-05:00,1.8999999999999986,5947.040000000004,2883.0,2024-02-22T09:34:00-05:00,1.9000000000000057,5947.039999999989,2889.0,2024-02-22T09:40:00-05:00,1.8000000000000043,6147.039999999992,2881.0,2024-02-22T09:32:00-05:00,2.0,5747.040000000001,2988.0,2024-02-22T11:19:00-05:00,0.9499999999999993,7847.040000000002,2989.0,2024-02-22T11:20:00-05:00,0.9000000000000004,7947.04,3011.0,2024-02-22T11:42:00-05:00,0.9499999999999993,7847.040000000002,2989.0,2024-02-22T11:20:00-05:00,0.9000000000000004,7947.04,3124.0,2024-02-22T13:35:00-05:00,0.40000000000000036,8947.04,3125.0,2024-02-22T13:36:00-05:00,0.4499999999999993,8847.040000000003,3134.0,2024-02-22T13:45:00-05:00,0.40000000000000036,8947.04,3125.0,2024-02-22T13:36:00-05:00,0.4499999999999993,8847.040000000003,1638
2024-02-20,2024-02-23,3,6.0,2024-02-20T09:31:00-05:00,5.949999999999989,NDXP  240223P17730000,NDXP  240223P17720000,development,False,False,0,0,0,17,0,1588,available,False,2024-02-20T09:31:00-05:00,2024-02-23T16:00:00-05:00,0.0,11647.039999999979,0.0,last_observed_quote_not_settlement,1037.0,793,11,5.150000000000006,1347.0399999999665,2024-02-20T09:32:00-05:00,0.0,5.300000000000011,1047.0399999999552,2024-02-20T09:33:00-05:00,0.0,5.699999999999989,247.04000000000067,2024-02-20T09:36:00-05:00,0.0,6.649999999999977,-1652.9599999999766,2024-02-20T09:41:00-05:00,0.0,7.199999999999989,-2752.959999999999,2024-02-20T09:46:00-05:00,0.0,6.2999999999999545,-952.9599999999311,2024-02-20T10:01:00-05:00,0.0,7.75,-3852.960000000022,2024-02-20T10:31:00-05:00,0.0,6.900000000000034,-2152.96000000009,2024-02-20T11:31:00-05:00,0.0,7.4500000000000455,-3252.960000000113,2024-02-20T16:00:00-05:00,0.0,7.199999999999989,-2752.959999999999,2024-02-21T16:00:00-05:00,0.0,0.6500000000000004,10347.039999999979,2024-02-22T16:00:00-05:00,0.0,0.0,11647.039999999979,2024-02-23T16:00:00-05:00,0.0,1.0,hit,2880.0,hit,2880.0,hit,2880.0,hit,2937.0,hit,3085.0,hit,3085.0,hit,6.0,hit,9.0,hit,9.0,hit,16.0,hit,1522.0,hit,1522.0,hit,9.650000000000034,793,True,True,True,True,,9.650000000000034,793,True,True,True,True,,9.650000000000034,793,True,True,True,True,,9.650000000000034,793,True,True,True,True,,2882.0,2024-02-22T09:33:00-05:00,2.700000000000003,6247.039999999973,2890.0,2024-02-22T09:41:00-05:00,2.75,6147.039999999978,2894.0,2024-02-22T09:45:00-05:00,2.799999999999997,6047.039999999984,2883.0,2024-02-22T09:34:00-05:00,3.1000000000000014,5447.039999999975,2937.0,2024-02-22T10:28:00-05:00,1.8999999999999986,7847.039999999981,2944.0,2024-02-22T10:35:00-05:00,1.8500000000000014,7947.039999999975,2987.0,2024-02-22T11:18:00-05:00,1.9000000000000021,7847.039999999974,2938.0,2024-02-22T10:29:00-05:00,2.049999999999997,7547.039999999984,3085.0,2024-02-22T12:56:00-05:00,0.25,11147.039999999979,3131.0,2024-02-22T13:42:00-05:00,0.9000000000000004,9847.039999999979,3136.0,2024-02-22T13:47:00-05:00,0.8000000000000007,10047.039999999977,3086.0,2024-02-22T12:57:00-05:00,1.200000000000001,9247.039999999977,3085.0,2024-02-22T12:56:00-05:00,0.25,11147.039999999979,4321.0,2024-02-23T09:32:00-05:00,0.09999999999999987,11447.039999999979,4322.0,2024-02-23T09:33:00-05:00,0.125,11397.039999999979,3086.0,2024-02-22T12:57:00-05:00,1.200000000000001,9247.039999999977,1639
2024-02-20,2024-02-23,3,7.0,2024-02-20T09:31:00-05:00,6.900000000000034,NDXP  240223P17830000,NDXP  240223P17820000,development,False,False,0,0,0,3,0,1602,available,False,2024-02-20T09:31:00-05:00,2024-02-23T16:00:00-05:00,9.85,-6152.959999999932,0.0,last_observed_quote_not_settlement,1036.0,777,37,7.400000000000006,-1252.9599999999425,2024-02-20T09:32:00-05:00,0.0,6.350000000000023,847.0400000000234,2024-02-20T09:33:00-05:00,0.0,6.349999999999966,847.0400000001371,2024-02-20T09:36:00-05:00,0.0,7.5499999999999545,-1552.9599999998402,2024-02-20T09:41:00-05:00,0.0,7.349999999999966,-1152.959999999863,2024-02-20T09:46:00-05:00,0.0,7.300000000000011,-1052.9599999999539,2024-02-20T10:01:00-05:00,0.0,8.300000000000011,-3052.9599999999555,2024-02-20T10:31:00-05:00,0.0,7.800000000000011,-2052.9599999999537,2024-02-20T11:31:00-05:00,0.0,7.150000000000034,-752.9599999999994,2024-02-20T16:00:00-05:00,0.0,7.800000000000011,-2052.9599999999537,2024-02-21T16:00:00-05:00,0.0,1.5500000000000043,10447.04000000006,2024-02-22T16:00:00-05:00,0.0,9.85,-6152.959999999932,2024-02-23T16:00:00-05:00,0.0,9.0,hit,2880.0,hit,2895.0,hit,3005.0,hit,3107.0,hit,3214.0,hit,4320.0,hit,10.0,hit,11.0,hit,1.0,hit,11.0,hit,45.0,hit,1465.0,hit,9.950000000000045,777,True,True,True,True,,9.950000000000045,777,True,True,True,True,,9.950000000000045,777,True,True,True,True,,9.950000000000045,777,True,True,True,True,,3039.0,2024-02-22T12:10:00-05:00,2.8999999999999915,7747.040000000086,3050.0,2024-02-22T12:21:00-05:00,2.8000000000000114,7947.040000000046,3051.0,2024-02-22T12:22:00-05:00,2.9499999999999957,7647.040000000077,3040.0,2024-02-22T12:11:00-05:00,3.0,7547.040000000069,3127.0,2024-02-22T13:38:00-05:00,1.9499999999999993,9647.040000000072,3132.0,2024-02-22T13:43:00-05:00,1.8999999999999986,9747.040000000072,3133.0,2024-02-22T13:44:00-05:00,1.8999999999999986,9747.040000000072,3128.0,2024-02-22T13:39:00-05:00,2.0,9547.04000000007,3214.0,2024-02-22T15:05:00-05:00,0.6500000000000021,12247.040000000066,4321.0,2024-02-23T09:32:00-05:00,0.35000000000000053,12847.040000000068,4322.0,2024-02-23T09:33:00-05:00,0.4499999999999993,12647.040000000072,3215.0,2024-02-22T15:06:00-05:00,1.5,10547.04000000007,4321.0,2024-02-23T09:32:00-05:00,0.35000000000000053,12847.040000000068,4322.0,2024-02-23T09:33:00-05:00,0.4499999999999993,12647.040000000072,4323.0,2024-02-23T09:34:00-05:00,0.3500000000000001,12847.040000000068,4322.0,2024-02-23T09:33:00-05:00,0.4499999999999993,12647.040000000072,1640
2024-02-21,2024-02-23,2,5.0,2024-02-21T09:31:00-05:00,4.949999999999989,NDXP  240223P17460000,NDXP  240223P17450000,development,False,False,0,0,0,82,0,1118,available,False,2024-02-21T09:31:00-05:00,2024-02-23T15:33:00-05:00,0.0,9647.039999999979,27.0,last_observed_quote_not_settlement,1036.0,326,60,4.599999999999994,447.03999999998933,2024-02-21T09:32:00-05:00,0.0,4.950000000000017,-252.96000000005614,2024-02-21T09:33:00-05:00,0.0,4.650000000000034,347.03999999990975,2024-02-21T09:36:00-05:00,0.0,4.799999999999983,47.04000000001208,2024-02-21T09:41:00-05:00,0.0,5.400000000000006,-1152.9600000000335,2024-02-21T09:46:00-05:00,0.0,5.25,-852.9600000000221,2024-02-21T10:01:00-05:00,0.0,5.450000000000017,-1252.9600000000562,2024-02-21T10:31:00-05:00,0.0,4.850000000000023,-52.9600000000675,2024-02-21T11:31:00-05:00,0.0,4.5,647.0399999999779,2024-02-21T16:00:00-05:00,0.0,0.07499999999999973,9497.039999999979,2024-02-22T16:00:00-05:00,0.0,,,2024-02-23T15:33:00-05:00,1620.0,,,,,0.0,hit,0.0,hit,64.0,hit,64.0,hit,1440.0,hit,1440.0,hit,1448.0,hit,20.0,hit,175.0,hit,,never_hit,,never_hit,,never_hit,,never_hit,5.649999999999977,41,False,False,False,False,,6.650000000000034,326,False,False,False,False,,6.650000000000034,326,False,False,False,False,,6.650000000000034,326,False,False,False,False,,64.0,2024-02-21T10:35:00-05:00,2.1500000000000057,5347.039999999966,1441.0,2024-02-22T09:32:00-05:00,0.7000000000000011,8247.039999999977,1442.0,2024-02-22T09:33:00-05:00,0.5499999999999989,8547.03999999998,65.0,2024-02-21T10:36:00-05:00,5.299999999999983,-952.959999999988,1440.0,2024-02-22T09:31:00-05:00,0.6000000000000014,8447.039999999975,1441.0,2024-02-22T09:32:00-05:00,0.7000000000000011,8247.039999999977,1442.0,2024-02-22T09:33:00-05:00,0.5499999999999989,8547.03999999998,1441.0,2024-02-22T09:32:00-05:00,0.7000000000000011,8247.039999999977,1440.0,2024-02-22T09:31:00-05:00,0.6000000000000014,8447.039999999975,1441.0,2024-02-22T09:32:00-05:00,0.7000000000000011,8247.039999999977,1442.0,2024-02-22T09:33:00-05:00,0.5499999999999989,8547.03999999998,1441.0,2024-02-22T09:32:00-05:00,0.7000000000000011,8247.039999999977,1452.0,2024-02-22T09:43:00-05:00,0.4499999999999993,8747.03999999998,1456.0,2024-02-22T09:47:00-05:00,0.39999999999999947,8847.039999999979,1457.0,2024-02-22T09:48:00-05:00,0.40000000000000036,8847.039999999979,1453.0,2024-02-22T09:44:00-05:00,0.5,8647.039999999979,1641
2024-02-21,2024-02-23,2,6.0,2024-02-21T09:31:00-05:00,5.900000000000006,NDXP  240223P17490000,NDXP  240223P17480000,development,False,False,0,0,0,87,0,1113,available,False,2024-02-21T09:31:00-05:00,2024-02-23T16:00:00-05:00,0.025000000000000355,11497.040000000012,0.0,last_observed_quote_not_settlement,1036.0,87,40,4.950000000000017,1647.039999999978,2024-02-21T09:32:00-05:00,0.0,5.049999999999983,1447.0400000000461,2024-02-21T09:33:00-05:00,0.0,5.599999999999994,347.04000000002344,2024-02-21T09:36:00-05:00,0.0,4.949999999999989,1647.0400000000348,2024-02-21T09:41:00-05:00,0.0,5.649999999999977,247.04000000005752,2024-02-21T09:46:00-05:00,0.0,5.700000000000017,147.03999999997797,2024-02-21T10:01:00-05:00,0.0,5.550000000000011,447.03999999998933,2024-02-21T10:31:00-05:00,0.0,5.400000000000006,747.0400000000006,2024-02-21T11:31:00-05:00,0.0,5.050000000000011,1447.0399999999893,2024-02-21T16:00:00-05:00,0.0,0.07499999999999996,11397.040000000012,2024-02-22T16:00:00-05:00,0.0,0.025000000000000355,11497.040000000012,2024-02-23T16:00:00-05:00,0.0,,,,,1.0,hit,1.0,hit,25.0,hit,38.0,hit,1440.0,hit,1440.0,hit,1447.0,hit,64.0,hit,64.0,hit,64.0,hit,356.0,hit,,never_hit,,never_hit,5.949999999999989,1,False,False,False,False,,8.150000000000006,87,True,True,False,False,,8.150000000000006,87,True,True,False,False,,8.150000000000006,87,True,True,False,False,,38.0,2024-02-21T10:09:00-05:00,2.799999999999983,5947.040000000046,1441.0,2024-02-22T09:32:00-05:00,0.7999999999999989,9947.040000000015,1442.0,2024-02-22T09:33:00-05:00,0.6000000000000014,10347.04000000001,39.0,2024-02-21T10:10:00-05:00,5.25,1047.040000000012,1440.0,2024-02-22T09:31:00-05:00,0.6999999999999993,10147.040000000014,1441.0,2024-02-22T09:32:00-05:00,0.7999999999999989,9947.040000000015,1442.0,2024-02-22T09:33:00-05:00,0.6000000000000014,10347.04000000001,1441.0,2024-02-22T09:32:00-05:00,0.7999999999999989,9947.040000000015,1440.0,2024-02-22T09:31:00-05:00,0.6999999999999993,10147.040000000014,1441.0,2024-02-22T09:32:00-05:00,0.7999999999999989,9947.040000000015,1442.0,2024-02-22T09:33:00-05:00,0.6000000000000014,10347.04000000001,1441.0,2024-02-22T09:32:00-05:00,0.7999999999999989,9947.040000000015,1450.0,2024-02-22T09:41:00-05:00,0.4499999999999993,10647.040000000014,1478.0,2024-02-22T10:09:00-05:00,0.4499999999999993,10647.040000000014,1498.0,2024-02-22T10:29:00-05:00,0.40000000000000036,10747.040000000012,1451.0,2024-02-22T09:42:00-05:00,0.5999999999999996,10347.040000000014,1642
2024-02-21,2024-02-23,2,7.0,2024-02-21T09:31:00-05:00,7.100000000000023,NDXP  240223P17670000,NDXP  240223P17660000,development,False,False,0,0,0,8,0,1192,available,False,2024-02-21T09:31:00-05:00,2024-02-23T16:00:00-05:00,0.0,13947.040000000046,0.0,last_observed_quote_not_settlement,1036.0,364,20,6.949999999999932,47.04000000018261,2024-02-21T09:32:00-05:00,0.0,7.449999999999989,-952.9599999999311,2024-02-21T09:33:00-05:00,0.0,7.25,-552.9599999999539,2024-02-21T09:36:00-05:00,0.0,7.800000000000068,-1652.9600000000903,2024-02-21T09:41:00-05:00,0.0,8.050000000000011,-2152.959999999978,2024-02-21T09:46:00-05:00,0.0,8.700000000000045,-3452.9600000000464,2024-02-21T10:01:00-05:00,0.0,7.550000000000011,-1152.9599999999766,2024-02-21T10:31:00-05:00,0.0,8.399999999999977,-2852.95999999991,2024-02-21T11:31:00-05:00,0.0,6.199999999999989,1547.0400000000689,2024-02-21T16:00:00-05:00,0.0,0.3000000000000007,13347.040000000046,2024-02-22T16:00:00-05:00,0.0,0.0,13947.040000000046,2024-02-23T16:00:00-05:00,0.0,,,,,404.0,hit,1440.0,hit,1440.0,hit,1440.0,hit,1449.0,hit,1570.0,hit,1692.0,hit,4.0,hit,13.0,hit,0.0,hit,6.0,hit,61.0,hit,298.0,hit,9.850000000000023,364,True,True,True,True,,9.850000000000023,364,True,True,True,True,,9.850000000000023,364,True,True,True,True,,9.850000000000023,364,True,True,True,True,,1440.0,2024-02-22T09:31:00-05:00,2.3500000000000014,9247.040000000045,1441.0,2024-02-22T09:32:00-05:00,2.4000000000000057,9147.040000000035,1442.0,2024-02-22T09:33:00-05:00,2.0999999999999943,9747.040000000059,1441.0,2024-02-22T09:32:00-05:00,2.4000000000000057,9147.040000000035,1449.0,2024-02-22T09:40:00-05:00,1.8999999999999986,10147.04000000005,1450.0,2024-02-22T09:41:00-05:00,1.9000000000000021,10147.040000000043,1456.0,2024-02-22T09:47:00-05:00,1.6999999999999993,10547.040000000048,1450.0,2024-02-22T09:41:00-05:00,1.9000000000000021,10147.040000000043,1610.0,2024-02-22T12:21:00-05:00,0.9499999999999993,12047.040000000048,1613.0,2024-02-22T12:24:00-05:00,0.9000000000000004,12147.040000000046,1614.0,2024-02-22T12:25:00-05:00,0.9000000000000004,12147.040000000046,1611.0,2024-02-22T12:22:00-05:00,1.0500000000000007,11847.040000000046,1704.0,2024-02-22T13:55:00-05:00,0.4499999999999993,13047.040000000048,1708.0,2024-02-22T13:59:00-05:00,0.4499999999999993,13047.040000000048,1724.0,2024-02-22T14:15:00-05:00,0.34999999999999964,13247.040000000048,1705.0,2024-02-22T13:56:00-05:00,0.5,12947.040000000046,1643
2024-02-23,2024-02-26,3,5.0,2024-02-23T09:31:00-05:00,4.8999999999999915,NDXP  240226P18070000,NDXP  240226P18060000,development,False,False,0,0,0,25,0,769,available,False,2024-02-23T09:31:00-05:00,2024-02-26T15:57:00-05:00,10.0,-10352.960000000015,3.0,last_observed_quote_not_settlement,3916.0,726,3,4.6000000000000085,347.0399999999666,2024-02-23T09:32:00-05:00,0.0,3.5999999999999943,2347.039999999995,2024-02-23T09:33:00-05:00,0.0,4.3500000000000085,847.0399999999665,2024-02-23T09:36:00-05:00,0.0,4.449999999999989,647.0400000000063,2024-02-23T09:41:00-05:00,0.0,4.450000000000003,647.0399999999779,2024-02-23T09:46:00-05:00,0.0,5.700000000000017,-1852.9600000000505,2024-02-23T10:01:00-05:00,0.0,6.099999999999994,-2652.960000000005,2024-02-23T10:31:00-05:00,0.0,7.400000000000006,-5252.960000000027,2024-02-23T11:31:00-05:00,0.0,8.25,-6952.960000000018,2024-02-23T16:00:00-05:00,0.0,,,2024-02-23T16:15:00-05:00,85500.0,,,2024-02-23T16:15:00-05:00,171900.0,,,2024-02-26T15:57:00-05:00,180.0,0.0,hit,0.0,hit,2.0,hit,,never_hit,,never_hit,,never_hit,,never_hit,27.0,hit,51.0,hit,94.0,hit,105.0,hit,4349.0,hit,4349.0,hit,,,True,True,True,False,1.2999999999999972,,,True,True,True,False,1.2999999999999972,,,True,True,True,False,1.2999999999999972,,,True,True,True,False,1.2999999999999972,,,,,,,,,,,,,,,,,,,,,,,,,,,,,,,,,,,,,,,,,,,,,,,,,,,,,,,,,,,,,,,,,1644
2024-02-23,2024-02-26,3,6.0,2024-02-23T09:31:00-05:00,5.950000000000017,NDXP  240226P18120000,NDXP  240226P18110000,development,False,False,0,0,0,60,0,734,available,False,2024-02-23T09:31:00-05:00,2024-02-26T15:59:00-05:00,9.900000000000006,-8152.959999999978,1.0,last_observed_quote_not_settlement,3916.0,665,6,5.999999999999986,-352.95999999993677,2024-02-23T09:32:00-05:00,0.0,7.299999999999983,-2952.959999999931,2024-02-23T09:33:00-05:00,0.0,5.299999999999997,1047.0400000000404,2024-02-23T09:36:00-05:00,0.0,5.400000000000006,847.0400000000234,2024-02-23T09:41:00-05:00,0.0,5.349999999999994,947.0400000000461,2024-02-23T09:46:00-05:00,0.0,6.299999999999983,-952.9599999999311,2024-02-23T10:01:00-05:00,0.0,6.650000000000006,-1652.9599999999766,2024-02-23T10:31:00-05:00,0.0,7.75,-3852.959999999965,2024-02-23T11:31:00-05:00,0.0,8.400000000000006,-5152.959999999978,2024-02-23T16:00:00-05:00,0.0,,,2024-02-23T16:15:00-05:00,85500.0,,,2024-02-23T16:15:00-05:00,171900.0,,,2024-02-26T15:59:00-05:00,60.0,3.0,hit,,never_hit,,never_hit,,never_hit,,never_hit,,never_hit,,never_hit,2.0,hit,2.0,hit,2.0,hit,91.0,hit,115.0,hit,4334.0,hit,,,True,True,True,False,0.9000000000000057,,,True,True,True,False,0.9000000000000057,,,True,True,True,False,0.9000000000000057,,,True,True,True,False,0.9000000000000057,,,,,,,,,,,,,,,,,,,,,,,,,,,,,,,,,,,,,,,,,,,,,,,,,,,,,,,,,,,,,,,,,1645
2024-02-23,2024-02-26,3,7.0,2024-02-23T09:31:00-05:00,6.949999999999989,NDXP  240226P18190000,NDXP  240226P18180000,development,False,False,0,0,0,83,0,712,available,False,2024-02-23T09:31:00-05:00,2024-02-26T15:59:00-05:00,10.0,-6252.960000000023,1.0,last_observed_quote_not_settlement,3916.0,633,6,6.800000000000011,47.039999999955235,2024-02-23T09:32:00-05:00,0.0,7.0,-352.96000000002203,2024-02-23T09:33:00-05:00,0.0,6.699999999999989,247.04000000000067,2024-02-23T09:36:00-05:00,0.0,6.750000000000028,147.03999999992112,2024-02-23T09:41:00-05:00,0.0,6.800000000000011,47.039999999955235,2024-02-23T09:46:00-05:00,0.0,7.800000000000011,-1952.9600000000448,2024-02-23T10:01:00-05:00,0.0,7.950000000000017,-2252.960000000058,2024-02-23T10:31:00-05:00,0.0,8.749999999999972,-3852.959999999967,2024-02-23T11:31:00-05:00,0.0,8.649999999999977,-3652.959999999978,2024-02-23T16:00:00-05:00,0.0,,,2024-02-23T16:15:00-05:00,85500.0,,,2024-02-23T16:15:00-05:00,171900.0,,,2024-02-26T15:59:00-05:00,60.0,4349.0,hit,4349.0,hit,4349.0,hit,,never_hit,,never_hit,,never_hit,,never_hit,26.0,hit,28.0,hit,2.0,hit,28.0,hit,93.0,hit,110.0,hit,,,True,True,True,False,2.9499999999999886,,,True,True,True,False,2.9499999999999886,,,True,True,True,False,2.9499999999999886,,,True,True,True,False,2.9499999999999886,,,,,,,,,,,,,,,,,,,,,,,,,,,,,,,,,,,,,,,,,,,,,,,,,,,,,,,,,,,,,,,,,1646
2024-02-26,2024-02-28,2,5.0,2024-02-26T09:31:00-05:00,4.900000000000006,NDXP  240228P18000000,NDXP  240228P17990000,development,False,False,0,0,0,33,15,1167,available,False,2024-02-26T09:31:00-05:00,2024-02-28T16:00:00-05:00,10.0,-10352.959999999988,0.0,last_observed_quote_not_settlement,1036.0,1041,65,4.599999999999994,347.04000000002344,2024-02-26T09:32:00-05:00,0.0,4.5,547.040000000012,2024-02-26T09:33:00-05:00,0.0,4.949999999999989,-352.9599999999652,2024-02-26T09:36:00-05:00,0.0,5.25,-952.959999999988,2024-02-26T09:41:00-05:00,0.0,5.150000000000006,-752.9599999999994,2024-02-26T09:46:00-05:00,0.0,6.000000000000014,-2452.9600000000164,2024-02-26T10:01:00-05:00,0.0,5.400000000000006,-1252.9599999999994,2024-02-26T10:31:00-05:00,0.0,5.099999999999994,-652.9599999999766,2024-02-26T11:31:00-05:00,0.0,7.3999999999999915,-5252.959999999971,2024-02-26T16:00:00-05:00,0.0,5.400000000000006,-1252.9599999999994,2024-02-27T16:00:00-05:00,0.0,10.0,-10352.959999999988,2024-02-28T16:00:00-05:00,0.0,,,,,0.0,hit,0.0,hit,,never_hit,,never_hit,,never_hit,,never_hit,,never_hit,8.0,hit,17.0,hit,389.0,hit,2881.0,hit,2883.0,hit,2898.0,hit,,,True,True,True,False,0.45000000000000284,,,True,True,True,False,0.45000000000000284,,,True,True,True,False,0.45000000000000284,,,True,True,True,False,0.45000000000000284,,,,,,,,,,,,,,,,,,,,,,,,,,,,,,,,,,,,,,,,,,,,,,,,,,,,,,,,,,,,,,,,,1647
2024-02-26,2024-02-28,2,6.0,2024-02-26T09:31:00-05:00,6.149999999999977,NDXP  240228P18070000,NDXP  240228P18060000,development,False,False,0,0,1,65,15,1134,available,False,2024-02-26T09:31:00-05:00,2024-02-28T16:00:00-05:00,10.0,-7852.9600000000455,0.0,last_observed_quote_not_settlement,1036.0,1024,45,5.75,547.0399999999552,2024-02-26T09:32:00-05:00,0.0,6.049999999999983,-52.96000000001066,2024-02-26T09:33:00-05:00,0.0,6.300000000000011,-552.9600000000676,2024-02-26T09:36:00-05:00,0.0,6.600000000000023,-1152.9600000000903,2024-02-26T09:41:00-05:00,0.0,6.75,-1452.9600000000448,2024-02-26T09:46:00-05:00,0.0,7.099999999999994,-2152.9600000000332,2024-02-26T10:01:00-05:00,0.0,6.999999999999972,-1952.959999999988,2024-02-26T10:31:00-05:00,0.0,6.350000000000023,-652.9600000000903,2024-02-26T11:31:00-05:00,0.0,7.25,-2452.9600000000446,2024-02-26T16:00:00-05:00,0.0,7.6499999999999915,-3252.960000000028,2024-02-27T16:00:00-05:00,0.0,10.0,-7852.9600000000455,2024-02-28T16:00:00-05:00,0.0,,,,,141.0,hit,379.0,hit,,never_hit,,never_hit,,never_hit,,never_hit,,never_hit,13.0,hit,23.0,hit,19.0,hit,32.0,hit,1612.0,hit,1710.0,hit,,,True,True,True,False,1.549999999999983,,,True,True,True,False,1.549999999999983,,,True,True,True,False,1.549999999999983,,,True,True,True,False,1.549999999999983,,,,,,,,,,,,,,,,,,,,,,,,,,,,,,,,,,,,,,,,,,,,,,,,,,,,,,,,,,,,,,,,,1648
2024-02-26,2024-02-28,2,7.0,2024-02-26T09:31:00-05:00,6.849999999999966,NDXP  240228P18150000,NDXP  240228P18140000,development,False,False,0,0,0,166,15,1033,available,False,2024-02-26T09:31:00-05:00,2024-02-28T16:00:00-05:00,10.0,-6452.960000000068,0.0,last_observed_quote_not_settlement,1036.0,921,4,7.550000000000011,-1652.9600000000903,2024-02-26T09:32:00-05:00,0.0,7.699999999999989,-1952.9600000000448,2024-02-26T09:33:00-05:00,0.0,7.199999999999989,-952.9600000000448,2024-02-26T09:36:00-05:00,0.0,7.0,-552.9600000000676,2024-02-26T09:41:00-05:00,0.0,8.099999999999994,-2752.960000000058,2024-02-26T09:46:00-05:00,0.0,7.599999999999966,-1752.9599999999994,2024-02-26T10:01:00-05:00,0.0,7.649999999999977,-1852.960000000022,2024-02-26T10:31:00-05:00,0.0,7.599999999999966,-1752.9599999999994,2024-02-26T11:31:00-05:00,0.0,8.050000000000011,-2652.960000000092,2024-02-26T16:00:00-05:00,0.0,9.150000000000006,-4852.960000000081,2024-02-27T16:00:00-05:00,0.0,10.0,-6452.960000000068,2024-02-28T16:00:00-05:00,0.0,,,,,,never_hit,,never_hit,,never_hit,,never_hit,,never_hit,,never_hit,,never_hit,1.0,hit,11.0,hit,1.0,hit,11.0,hit,17.0,hit,17.0,hit,,,True,True,True,False,0.4499999999999602,,,True,True,True,False,0.4499999999999602,,,True,True,True,False,0.4499999999999602,,,True,True,True,False,0.4499999999999602,,,,,,,,,,,,,,,,,,,,,,,,,,,,,,,,,,,,,,,,,,,,,,,,,,,,,,,,,,,,,,,,,1649
2024-02-26,2024-02-29,3,5.0,2024-02-26T09:31:00-05:00,4.849999999999994,NDXP  240229P18010000,NDXP  240229P18000000,development,False,False,0,0,0,0,0,1605,available,False,2024-02-26T09:31:00-05:00,2024-02-29T16:00:00-05:00,0.0,9447.03999999999,0.0,last_observed_quote_not_settlement,1036.0,1476,50,4.900000000000006,-352.96000000002203,2024-02-26T09:32:00-05:00,0.0,4.8999999999999915,-352.9599999999936,2024-02-26T09:33:00-05:00,0.0,5.299999999999997,-1152.960000000005,2024-02-26T09:36:00-05:00,0.0,5.25,-1052.9600000000107,2024-02-26T09:41:00-05:00,0.0,5.400000000000006,-1352.960000000022,2024-02-26T09:46:00-05:00,0.0,5.849999999999994,-2252.959999999999,2024-02-26T10:01:00-05:00,0.0,5.349999999999994,-1252.9599999999994,2024-02-26T10:31:00-05:00,0.0,5.199999999999989,-952.959999999988,2024-02-26T11:31:00-05:00,0.0,6.549999999999983,-3652.9599999999764,2024-02-26T16:00:00-05:00,0.0,5.0,-552.9600000000107,2024-02-27T16:00:00-05:00,0.0,7.649999999999977,-5852.9599999999655,2024-02-28T16:00:00-05:00,0.0,0.0,9447.03999999999,2024-02-29T16:00:00-05:00,0.0,0.0,hit,0.0,hit,4349.0,hit,4349.0,hit,4349.0,hit,4700.0,hit,4704.0,hit,14.0,hit,22.0,hit,1459.0,hit,2899.0,hit,3208.0,hit,4450.0,hit,9.199999999999989,1180,True,True,True,True,,9.199999999999989,1180,True,True,True,True,,9.549999999999983,1476,True,True,True,True,,9.549999999999983,1476,True,True,True,True,,4349.0,2024-02-29T10:00:00-05:00,2.0,5447.039999999989,4691.0,2024-02-29T15:42:00-05:00,2.05,5347.03999999999,4698.0,2024-02-29T15:49:00-05:00,1.275,6897.039999999989,4350.0,2024-02-29T10:01:00-05:00,4.200000000000003,1047.0399999999836,4698.0,2024-02-29T15:49:00-05:00,1.275,6897.039999999989,4701.0,2024-02-29T15:52:00-05:00,0.8500000000000001,7747.039999999988,4702.0,2024-02-29T15:53:00-05:00,1.525,6397.039999999989,4699.0,2024-02-29T15:50:00-05:00,6.799999999999999,-4152.960000000008,4700.0,2024-02-29T15:51:00-05:00,0.925,7597.039999999989,4701.0,2024-02-29T15:52:00-05:00,0.8500000000000001,7747.039999999988,4706.0,2024-02-29T15:57:00-05:00,0.09999999999999998,9247.03999999999,4701.0,2024-02-29T15:52:00-05:00,0.8500000000000001,7747.039999999988,4704.0,2024-02-29T15:55:00-05:00,0.32499999999999996,8797.03999999999,4705.0,2024-02-29T15:56:00-05:00,0.2,9047.03999999999,4706.0,2024-02-29T15:57:00-05:00,0.09999999999999998,9247.03999999999,4705.0,2024-02-29T15:56:00-05:00,0.2,9047.03999999999,1650
2024-02-26,2024-02-29,3,6.0,2024-02-26T09:31:00-05:00,5.850000000000023,NDXP  240229P18100000,NDXP  240229P18090000,development,False,False,0,0,0,19,0,1585,available,False,2024-02-26T09:31:00-05:00,2024-02-29T15:59:00-05:00,9.150000000000002,-6852.95999999996,1.0,last_observed_quote_not_settlement,1037.0,1555,11,5.650000000000006,147.0400000000348,2024-02-26T09:32:00-05:00,0.0,5.900000000000006,-352.9599999999652,2024-02-26T09:33:00-05:00,0.0,5.699999999999989,47.04000000006892,2024-02-26T09:36:00-05:00,0.0,6.399999999999977,-1352.9599999999084,2024-02-26T09:41:00-05:00,0.0,8.149999999999977,-4852.95999999991,2024-02-26T09:46:00-05:00,0.0,6.050000000000011,-652.9599999999766,2024-02-26T10:01:00-05:00,0.0,6.650000000000034,-1852.960000000022,2024-02-26T10:31:00-05:00,0.0,7.0,-2552.9599999999537,2024-02-26T11:31:00-05:00,0.0,6.300000000000011,-1152.9599999999766,2024-02-26T16:00:00-05:00,0.0,7.199999999999989,-2952.959999999931,2024-02-27T16:00:00-05:00,0.0,8.650000000000006,-5852.959999999967,2024-02-28T16:00:00-05:00,0.0,,,2024-02-29T15:59:00-05:00,60.0,9.0,hit,9.0,hit,,never_hit,,never_hit,,never_hit,,never_hit,,never_hit,3.0,hit,11.0,hit,12.0,hit,15.0,hit,2881.0,hit,2903.0,hit,,,True,True,True,False,0.950000000000017,,,True,True,True,False,0.950000000000017,,,True,True,True,False,0.950000000000017,,,True,True,True,False,0.950000000000017,,,,,,,,,,,,,,,,,,,,,,,,,,,,,,,,,,,,,,,,,,,,,,,,,,,,,,,,,,,,,,,,,1651
2024-02-26,2024-02-29,3,7.0,2024-02-26T09:31:00-05:00,7.0,NDXP  240229P18180000,NDXP  240229P18170000,development,False,False,0,0,0,241,0,1362,available,False,2024-02-26T09:31:00-05:00,2024-02-29T15:59:00-05:00,10.0,-6152.96,1.0,last_observed_quote_not_settlement,1036.0,1242,34,7.449999999999989,-1152.9599999999766,2024-02-26T09:32:00-05:00,0.0,7.050000000000011,-352.96000000002203,2024-02-26T09:33:00-05:00,0.0,7.5,-1252.9599999999994,2024-02-26T09:36:00-05:00,0.0,7.300000000000011,-852.9600000000221,2024-02-26T09:41:00-05:00,0.0,8.199999999999989,-2652.959999999978,2024-02-26T09:46:00-05:00,0.0,7.850000000000023,-1952.9600000000448,2024-02-26T10:01:00-05:00,0.0,7.849999999999994,-1952.959999999988,2024-02-26T10:31:00-05:00,0.0,7.500000000000028,-1252.9600000000562,2024-02-26T11:31:00-05:00,0.0,8.149999999999977,-2552.9599999999555,2024-02-26T16:00:00-05:00,0.0,8.0,-2252.960000000001,2024-02-27T16:00:00-05:00,0.0,9.850000000000023,-5952.960000000046,2024-02-28T16:00:00-05:00,0.0,,,2024-02-29T15:59:00-05:00,60.0,,never_hit,,never_hit,,never_hit,,never_hit,,never_hit,,never_hit,,never_hit,4.0,hit,15.0,hit,0.0,hit,15.0,hit,1452.0,hit,1638.0,hit,,,True,True,True,False,0.8500000000000227,,,True,True,True,False,0.8500000000000227,,,True,True,True,False,0.8500000000000227,,,True,True,True,False,0.8500000000000227,,,,,,,,,,,,,,,,,,,,,,,,,,,,,,,,,,,,,,,,,,,,,,,,,,,,,,,,,,,,,,,,,1652
2024-02-27,2024-02-29,2,5.0,2024-02-27T09:31:00-05:00,5.0,NDXP  240229P18020000,NDXP  240229P18010000,development,False,False,0,0,16,1,0,1198,available,False,2024-02-27T09:31:00-05:00,2024-02-29T15:59:00-05:00,0.07499999999999998,9597.04,1.0,last_observed_quote_not_settlement,1036.0,1133,24,5.700000000000003,-1652.960000000005,2024-02-27T09:32:00-05:00,0.0,5.450000000000017,-1152.9600000000335,2024-02-27T09:33:00-05:00,0.0,5.800000000000011,-1852.960000000022,2024-02-27T09:36:00-05:00,0.0,6.549999999999983,-3352.959999999965,2024-02-27T09:41:00-05:00,0.0,6.5,-3252.959999999999,2024-02-27T09:46:00-05:00,0.0,5.650000000000006,-1552.9600000000107,2024-02-27T10:01:00-05:00,0.0,5.199999999999989,-652.9599999999766,2024-02-27T10:31:00-05:00,0.0,6.0,-2252.959999999999,2024-02-27T11:31:00-05:00,0.0,5.700000000000003,-1652.960000000005,2024-02-27T16:00:00-05:00,0.0,7.850000000000023,-5952.960000000045,2024-02-28T16:00:00-05:00,0.0,,,2024-02-29T15:59:00-05:00,60.0,,,,,0.0,hit,0.0,hit,1538.0,hit,3258.0,hit,3260.0,hit,3265.0,hit,3265.0,hit,1.0,hit,9.0,hit,24.0,hit,1441.0,hit,3007.0,hit,3009.0,hit,9.849999999999966,1133,True,True,True,True,,9.849999999999966,1133,True,True,True,True,,9.849999999999966,1133,True,True,True,True,,9.849999999999966,1133,True,True,True,True,,3258.0,2024-02-29T15:49:00-05:00,2.1999999999999993,5347.040000000002,3261.0,2024-02-29T15:52:00-05:00,1.375,6997.040000000001,3262.0,2024-02-29T15:53:00-05:00,2.1000000000000005,5547.04,,,,,3260.0,2024-02-29T15:51:00-05:00,1.6749999999999998,6397.040000000001,3261.0,2024-02-29T15:52:00-05:00,1.375,6997.040000000001,3265.0,2024-02-29T15:56:00-05:00,0.475,8797.04,3261.0,2024-02-29T15:52:00-05:00,1.375,6997.040000000001,3265.0,2024-02-29T15:56:00-05:00,0.475,8797.04,3266.0,2024-02-29T15:57:00-05:00,0.25,9247.04,3267.0,2024-02-29T15:58:00-05:00,0.025000000000000022,9697.04,3266.0,2024-02-29T15:57:00-05:00,0.25,9247.04,3266.0,2024-02-29T15:57:00-05:00,0.25,9247.04,3267.0,2024-02-29T15:58:00-05:00,0.025000000000000022,9697.04,3268.0,2024-02-29T15:59:00-05:00,0.07499999999999998,9597.04,3267.0,2024-02-29T15:58:00-05:00,0.025000000000000022,9697.04,1653
2024-02-27,2024-02-29,2,6.0,2024-02-27T09:31:00-05:00,6.0,NDXP  240229P18030000,NDXP  240229P18020000,development,False,False,0,0,16,1,0,1198,available,False,2024-02-27T09:31:00-05:00,2024-02-29T15:59:00-05:00,0.2,11347.04,1.0,last_observed_quote_not_settlement,1036.0,913,72,5.549999999999997,647.0400000000063,2024-02-27T09:32:00-05:00,0.0,5.5,747.0400000000006,2024-02-27T09:33:00-05:00,0.0,5.449999999999989,847.0400000000234,2024-02-27T09:36:00-05:00,0.0,6.150000000000034,-552.9600000000676,2024-02-27T09:41:00-05:00,0.0,6.650000000000034,-1552.9600000000676,2024-02-27T09:46:00-05:00,0.0,5.599999999999994,547.040000000012,2024-02-27T10:01:00-05:00,0.0,5.75,247.04000000000067,2024-02-27T10:31:00-05:00,0.0,6.349999999999966,-952.9599999999311,2024-02-27T11:31:00-05:00,0.0,5.75,247.04000000000067,2024-02-27T16:00:00-05:00,0.0,8.049999999999983,-4352.959999999967,2024-02-28T16:00:00-05:00,0.0,,,2024-02-29T15:59:00-05:00,60.0,,,,,2.0,hit,58.0,hit,2909.0,hit,2909.0,hit,3265.0,hit,3265.0,hit,3266.0,hit,11.0,hit,11.0,hit,11.0,hit,1460.0,hit,3004.0,hit,3004.0,hit,8.900000000000034,599,True,True,False,False,,10.0,913,True,True,True,True,,10.0,913,True,True,True,True,,10.0,913,True,True,True,True,,2909.0,2024-02-29T10:00:00-05:00,2.299999999999997,7147.040000000006,3261.0,2024-02-29T15:52:00-05:00,2.3000000000000003,7147.04,3266.0,2024-02-29T15:57:00-05:00,0.375,10997.04,2910.0,2024-02-29T10:01:00-05:00,4.950000000000003,1847.039999999995,3265.0,2024-02-29T15:56:00-05:00,0.7999999999999998,10147.040000000003,3266.0,2024-02-29T15:57:00-05:00,0.375,10997.04,3267.0,2024-02-29T15:58:00-05:00,0.125,11497.04,3266.0,2024-02-29T15:57:00-05:00,0.375,10997.04,3265.0,2024-02-29T15:56:00-05:00,0.7999999999999998,10147.040000000003,3266.0,2024-02-29T15:57:00-05:00,0.375,10997.04,3267.0,2024-02-29T15:58:00-05:00,0.125,11497.04,3266.0,2024-02-29T15:57:00-05:00,0.375,10997.04,3266.0,2024-02-29T15:57:00-05:00,0.375,10997.04,3267.0,2024-02-29T15:58:00-05:00,0.125,11497.04,3268.0,2024-02-29T15:59:00-05:00,0.2,11347.04,3267.0,2024-02-29T15:58:00-05:00,0.125,11497.04,1654
2024-02-27,2024-02-29,2,7.0,2024-02-27T09:31:00-05:00,7.0,NDXP  240229P18090000,NDXP  240229P18080000,development,False,False,0,0,0,9,0,1190,available,False,2024-02-27T09:31:00-05:00,2024-02-29T15:59:00-05:00,7.1999999999999975,-652.9599999999944,1.0,last_observed_quote_not_settlement,1036.0,965,91,6.599999999999994,547.040000000012,2024-02-27T09:32:00-05:00,0.0,5.75,2247.040000000001,2024-02-27T09:33:00-05:00,0.0,6.600000000000023,547.0399999999552,2024-02-27T09:36:00-05:00,0.0,7.449999999999989,-1152.9599999999766,2024-02-27T09:41:00-05:00,0.0,7.5,-1252.9599999999994,2024-02-27T09:46:00-05:00,0.0,5.949999999999989,1847.0400000000234,2024-02-27T10:01:00-05:00,0.0,6.799999999999983,147.0400000000348,2024-02-27T10:31:00-05:00,0.0,7.349999999999994,-952.959999999988,2024-02-27T11:31:00-05:00,0.0,6.600000000000023,547.0399999999552,2024-02-27T16:00:00-05:00,0.0,8.899999999999977,-4052.9599999999555,2024-02-28T16:00:00-05:00,0.0,,,2024-02-29T15:59:00-05:00,60.0,,,,,,never_hit,,never_hit,,never_hit,,never_hit,,never_hit,,never_hit,,never_hit,9.0,hit,9.0,hit,0.0,hit,9.0,hit,1442.0,hit,1461.0,hit,,,True,True,True,False,1.25,,,True,True,True,False,1.25,,,True,True,True,False,1.25,,,True,True,True,False,1.25,,,,,,,,,,,,,,,,,,,,,,,,,,,,,,,,,,,,,,,,,,,,,,,,,,,,,,,,,,,,,,,,,1655
2024-02-27,2024-03-01,3,5.0,2024-02-27T09:31:00-05:00,4.800000000000011,NDXP  240301P17980000,NDXP  240301P17970000,development,False,False,0,0,1,73,0,1531,available,False,2024-02-27T09:31:00-05:00,2024-03-01T15:59:00-05:00,0.0,9347.040000000025,1.0,last_observed_quote_not_settlement,1036.0,803,73,4.950000000000003,-552.9599999999823,2024-02-27T09:32:00-05:00,0.0,4.549999999999997,247.0400000000291,2024-02-27T09:33:00-05:00,0.0,4.949999999999989,-552.9599999999539,2024-02-27T09:36:00-05:00,0.0,5.75,-2152.9599999999764,2024-02-27T09:41:00-05:00,0.0,5.599999999999994,-1852.9599999999652,2024-02-27T09:46:00-05:00,0.0,4.799999999999997,-252.95999999997088,2024-02-27T10:01:00-05:00,0.0,4.799999999999997,-252.95999999997088,2024-02-27T10:31:00-05:00,0.0,5.199999999999989,-1052.9599999999539,2024-02-27T11:31:00-05:00,0.0,4.75,-152.95999999997656,2024-02-27T16:00:00-05:00,0.0,5.150000000000006,-952.959999999988,2024-02-28T16:00:00-05:00,0.0,3.4499999999999957,2447.040000000032,2024-02-29T16:00:00-05:00,0.0,,,2024-03-01T15:59:00-05:00,60.0,0.0,hit,0.0,hit,2882.0,hit,3264.0,hit,4321.0,hit,4357.0,hit,4395.0,hit,10.0,hit,13.0,hit,1457.0,hit,,never_hit,,never_hit,,never_hit,7.549999999999983,803,True,False,False,False,,7.549999999999983,803,True,False,False,False,,7.549999999999983,803,True,False,False,False,,7.549999999999983,803,True,False,False,False,,3265.0,2024-02-29T15:56:00-05:00,2.75,3847.0400000000236,3266.0,2024-02-29T15:57:00-05:00,2.650000000000002,4047.040000000019,3267.0,2024-02-29T15:58:00-05:00,2.5,4347.040000000024,3266.0,2024-02-29T15:57:00-05:00,2.650000000000002,4047.040000000019,4321.0,2024-03-01T09:32:00-05:00,1.6999999999999993,5947.0400000000245,4322.0,2024-03-01T09:33:00-05:00,1.5999999999999996,6147.0400000000245,4323.0,2024-03-01T09:34:00-05:00,1.6000000000000014,6147.040000000021,4322.0,2024-03-01T09:33:00-05:00,1.5999999999999996,6147.0400000000245,4360.0,2024-03-01T10:11:00-05:00,0.6999999999999993,7947.0400000000245,4361.0,2024-03-01T10:12:00-05:00,0.7999999999999989,7747.040000000025,4362.0,2024-03-01T10:13:00-05:00,0.7500000000000009,7847.040000000022,4361.0,2024-03-01T10:12:00-05:00,0.7999999999999989,7747.040000000025,4396.0,2024-03-01T10:47:00-05:00,0.39999999999999947,8547.040000000025,4397.0,2024-03-01T10:48:00-05:00,0.40000000000000036,8547.040000000023,4405.0,2024-03-01T10:56:00-05:00,0.34999999999999964,8647.040000000025,4397.0,2024-03-01T10:48:00-05:00,0.40000000000000036,8547.040000000023,1656
2024-02-27,2024-03-01,3,6.0,2024-02-27T09:31:00-05:00,5.799999999999983,NDXP  240301P18030000,NDXP  240301P18020000,development,False,False,0,0,1,37,0,1567,available,False,2024-02-27T09:31:00-05:00,2024-03-01T15:59:00-05:00,0.0,11347.039999999968,1.0,last_observed_quote_not_settlement,1036.0,726,136,5.0,1347.0399999999665,2024-02-27T09:32:00-05:00,0.0,5.449999999999989,447.03999999998933,2024-02-27T09:33:00-05:00,0.0,5.5,347.0399999999666,2024-02-27T09:36:00-05:00,0.0,6.849999999999994,-2352.960000000022,2024-02-27T09:41:00-05:00,0.0,6.299999999999983,-1252.9599999999994,2024-02-27T09:46:00-05:00,0.0,5.699999999999989,-52.96000000001066,2024-02-27T10:01:00-05:00,0.0,5.75,-152.9600000000334,2024-02-27T10:31:00-05:00,0.0,6.199999999999989,-1052.9600000000107,2024-02-27T11:31:00-05:00,0.0,5.799999999999997,-252.96000000002772,2024-02-27T16:00:00-05:00,0.0,7.749999999999972,-4152.959999999976,2024-02-28T16:00:00-05:00,0.0,4.600000000000001,2147.0399999999636,2024-02-29T16:00:00-05:00,0.0,,,2024-03-01T15:59:00-05:00,60.0,1.0,hit,1.0,hit,3265.0,hit,4321.0,hit,4351.0,hit,4396.0,hit,4414.0,hit,10.0,hit,10.0,hit,173.0,hit,1474.0,hit,,never_hit,,never_hit,8.5,726,True,True,False,False,,8.5,726,True,True,False,False,,8.5,726,True,True,False,False,,8.5,726,True,True,False,False,,4321.0,2024-03-01T09:32:00-05:00,2.75,5847.039999999966,4322.0,2024-03-01T09:33:00-05:00,2.700000000000003,5947.039999999961,4326.0,2024-03-01T09:37:00-05:00,2.849999999999998,5647.039999999971,4322.0,2024-03-01T09:33:00-05:00,2.700000000000003,5947.039999999961,4357.0,2024-03-01T10:08:00-05:00,1.8000000000000007,7747.039999999965,4358.0,2024-03-01T10:09:00-05:00,1.6499999999999986,8047.039999999969,4359.0,2024-03-01T10:10:00-05:00,1.549999999999999,8247.03999999997,4358.0,2024-03-01T10:09:00-05:00,1.6499999999999986,8047.039999999969,4405.0,2024-03-01T10:56:00-05:00,0.8500000000000005,9647.039999999966,4406.0,2024-03-01T10:57:00-05:00,0.9000000000000004,9547.039999999966,4407.0,2024-03-01T10:58:00-05:00,0.8999999999999995,9547.039999999968,4406.0,2024-03-01T10:57:00-05:00,0.9000000000000004,9547.039999999966,4420.0,2024-03-01T11:11:00-05:00,0.39999999999999947,10547.039999999968,4421.0,2024-03-01T11:12:00-05:00,0.4249999999999998,10497.039999999968,4427.0,2024-03-01T11:18:00-05:00,0.35000000000000053,10647.039999999966,4421.0,2024-03-01T11:12:00-05:00,0.4249999999999998,10497.039999999968,1657
2024-02-27,2024-03-01,3,7.0,2024-02-27T09:31:00-05:00,7.0,NDXP  240301P18150000,NDXP  240301P18140000,development,False,False,0,0,2,18,0,1585,available,False,2024-02-27T09:31:00-05:00,2024-03-01T15:59:00-05:00,0.024999999999999994,13697.04,1.0,last_observed_quote_not_settlement,1036.0,1144,70,6.949999999999989,-152.95999999997656,2024-02-27T09:32:00-05:00,0.0,7.0,-252.9599999999993,2024-02-27T09:33:00-05:00,0.0,6.75,247.04000000000067,2024-02-27T09:36:00-05:00,0.0,7.7000000000000455,-1652.9600000000903,2024-02-27T09:41:00-05:00,0.0,7.599999999999994,-1452.959999999988,2024-02-27T09:46:00-05:00,0.0,6.949999999999989,-152.95999999997656,2024-02-27T10:01:00-05:00,0.0,7.550000000000011,-1352.960000000022,2024-02-27T10:31:00-05:00,0.0,7.800000000000011,-1852.960000000022,2024-02-27T11:31:00-05:00,0.0,6.900000000000006,-52.96000000001066,2024-02-27T16:00:00-05:00,0.0,7.899999999999977,-2052.9599999999537,2024-02-28T16:00:00-05:00,0.0,7.5,-1252.9599999999994,2024-02-29T16:00:00-05:00,0.0,,,2024-03-01T15:59:00-05:00,60.0,4350.0,hit,4359.0,hit,4406.0,hit,4416.0,hit,4461.0,hit,4503.0,hit,4532.0,hit,9.0,hit,11.0,hit,0.0,hit,11.0,hit,1441.0,hit,1441.0,hit,10.0,1144,True,True,True,True,,10.0,1144,True,True,True,True,,10.0,1144,True,True,True,True,,10.0,1144,True,True,True,True,,4417.0,2024-03-01T11:08:00-05:00,2.8999999999999986,7947.040000000004,4421.0,2024-03-01T11:12:00-05:00,2.8999999999999986,7947.040000000004,4427.0,2024-03-01T11:18:00-05:00,2.75,8247.04,4418.0,2024-03-01T11:09:00-05:00,3.0,7747.040000000001,4461.0,2024-03-01T11:52:00-05:00,1.9499999999999993,9847.040000000003,4464.0,2024-03-01T11:55:00-05:00,1.8999999999999986,9947.040000000005,4486.0,2024-03-01T12:17:00-05:00,1.6500000000000004,10447.04,4462.0,2024-03-01T11:53:00-05:00,2.0500000000000007,9647.04,4506.0,2024-03-01T12:37:00-05:00,0.9499999999999993,11847.040000000003,4520.0,2024-03-01T12:51:00-05:00,0.7999999999999998,12147.040000000003,4521.0,2024-03-01T12:52:00-05:00,0.7999999999999998,12147.040000000003,4507.0,2024-03-01T12:38:00-05:00,0.9500000000000002,11847.04,4537.0,2024-03-01T13:08:00-05:00,0.375,12997.04,4541.0,2024-03-01T13:12:00-05:00,0.375,12997.04,4542.0,2024-03-01T13:13:00-05:00,0.2749999999999999,13197.04,4538.0,2024-03-01T13:09:00-05:00,0.47499999999999964,12797.040000000003,1658
2024-02-28,2024-03-01,2,5.0,2024-02-28T09:31:00-05:00,5.049999999999997,NDXP  240301P17910000,NDXP  240301P17900000,development,False,False,0,0,0,145,0,1054,available,False,2024-02-28T09:31:00-05:00,2024-03-01T15:59:00-05:00,0.0,9847.039999999995,1.0,last_observed_quote_not_settlement,1036.0,224,47,4.700000000000003,447.03999999998933,2024-02-28T09:32:00-05:00,0.0,5.150000000000006,-452.96000000001635,2024-02-28T09:33:00-05:00,0.0,4.850000000000023,147.03999999994954,2024-02-28T09:36:00-05:00,0.0,4.5,847.039999999995,2024-02-28T09:41:00-05:00,0.0,5.300000000000011,-752.9600000000278,2024-02-28T09:46:00-05:00,0.0,5.449999999999989,-1052.9599999999823,2024-02-28T10:01:00-05:00,0.0,5.349999999999994,-852.9599999999937,2024-02-28T10:31:00-05:00,0.0,4.300000000000011,1247.0399999999722,2024-02-28T11:31:00-05:00,0.0,4.75,347.039999999995,2024-02-28T16:00:00-05:00,0.0,0.9499999999999993,7947.039999999996,2024-02-29T16:00:00-05:00,0.0,,,2024-03-01T15:59:00-05:00,60.0,,,,,0.0,hit,1.0,hit,149.0,hit,1440.0,hit,1451.0,hit,1451.0,hit,1451.0,hit,22.0,hit,26.0,hit,,never_hit,,never_hit,,never_hit,,never_hit,6.5,218,False,False,False,False,,6.5,218,False,False,False,False,,6.5,218,False,False,False,False,,6.5,218,False,False,False,False,,1440.0,2024-02-29T09:31:00-05:00,2.8999999999999986,4047.039999999998,1445.0,2024-02-29T09:36:00-05:00,2.5,4847.039999999995,1446.0,2024-02-29T09:37:00-05:00,2.8000000000000043,4247.039999999986,1441.0,2024-02-29T09:32:00-05:00,2.999999999999993,3847.040000000009,1451.0,2024-02-29T09:42:00-05:00,0.19999999999999574,9447.040000000005,1821.0,2024-02-29T15:52:00-05:00,1.8000000000000007,6247.039999999994,1826.0,2024-02-29T15:57:00-05:00,1.5,6847.039999999995,1452.0,2024-02-29T09:43:00-05:00,2.749999999999993,4347.040000000009,1451.0,2024-02-29T09:42:00-05:00,0.19999999999999574,9447.040000000005,2882.0,2024-03-01T09:33:00-05:00,0.75,8347.039999999995,2883.0,2024-03-01T09:34:00-05:00,0.7500000000000009,8347.039999999994,1452.0,2024-02-29T09:43:00-05:00,2.749999999999993,4347.040000000009,1451.0,2024-02-29T09:42:00-05:00,0.19999999999999574,9447.040000000005,2911.0,2024-03-01T10:02:00-05:00,0.40000000000000036,9047.039999999995,2912.0,2024-03-01T10:03:00-05:00,0.44999999999999973,8947.039999999995,1452.0,2024-02-29T09:43:00-05:00,2.749999999999993,4347.040000000009,1659
2024-02-28,2024-03-01,2,6.0,2024-02-28T09:31:00-05:00,6.0,NDXP  240301P18050000,NDXP  240301P18040000,development,False,False,0,0,0,29,0,1171,available,False,2024-02-28T09:31:00-05:00,2024-03-01T16:00:00-05:00,9.6,-7452.96,0.0,last_observed_quote_not_settlement,1036.0,627,59,6.699999999999989,-1652.9599999999766,2024-02-28T09:32:00-05:00,0.0,7.0,-2252.959999999999,2024-02-28T09:33:00-05:00,0.0,5.5,747.0400000000006,2024-02-28T09:36:00-05:00,0.0,6.699999999999989,-1652.9599999999766,2024-02-28T09:41:00-05:00,0.0,6.450000000000017,-1152.9600000000335,2024-02-28T09:46:00-05:00,0.0,7.599999999999994,-3452.9599999999878,2024-02-28T10:01:00-05:00,0.0,7.099999999999994,-2452.9599999999878,2024-02-28T10:31:00-05:00,0.0,6.75,-1752.9599999999994,2024-02-28T11:31:00-05:00,0.0,7.550000000000011,-3352.960000000022,2024-02-28T16:00:00-05:00,0.0,4.599999999999994,2547.0400000000122,2024-02-29T16:00:00-05:00,0.0,9.6,-7452.96,2024-03-01T16:00:00-05:00,0.0,,,,,5.0,hit,1445.0,hit,1828.0,hit,2884.0,hit,2890.0,hit,2890.0,hit,2989.0,hit,1.0,hit,2.0,hit,2.0,hit,20.0,hit,3269.0,hit,3269.0,hit,8.949999999999989,627,True,True,False,False,,8.949999999999989,627,True,True,False,False,,8.949999999999989,627,True,True,False,False,,8.949999999999989,627,True,True,False,False,,2884.0,2024-03-01T09:35:00-05:00,2.9499999999999957,5847.040000000009,2911.0,2024-03-01T10:02:00-05:00,2.349999999999998,7047.0400000000045,2912.0,2024-03-01T10:03:00-05:00,2.849999999999998,6047.0400000000045,2885.0,2024-03-01T09:36:00-05:00,3.450000000000003,4847.039999999995,2890.0,2024-03-01T09:41:00-05:00,0.8500000000000014,10047.039999999999,2920.0,2024-03-01T10:11:00-05:00,1.799999999999999,8147.040000000004,2921.0,2024-03-01T10:12:00-05:00,1.9499999999999993,7847.040000000002,2891.0,2024-03-01T09:42:00-05:00,3.6999999999999957,4347.040000000009,2890.0,2024-03-01T09:41:00-05:00,0.8500000000000014,10047.039999999999,2975.0,2024-03-01T11:06:00-05:00,0.7000000000000002,10347.04,2976.0,2024-03-01T11:07:00-05:00,0.6500000000000004,10447.04,2891.0,2024-03-01T09:42:00-05:00,3.6999999999999957,4347.040000000009,2989.0,2024-03-01T11:20:00-05:00,0.4249999999999998,10897.040000000003,2990.0,2024-03-01T11:21:00-05:00,0.4249999999999998,10897.040000000003,3000.0,2024-03-01T11:31:00-05:00,0.42500000000000027,10897.04,2990.0,2024-03-01T11:21:00-05:00,0.4249999999999998,10897.040000000003,1660
2024-02-28,2024-03-01,2,7.0,2024-02-28T09:31:00-05:00,7.0,NDXP  240301P18100000,NDXP  240301P18090000,development,False,False,0,0,0,29,0,1171,available,False,2024-02-28T09:31:00-05:00,2024-03-01T15:58:00-05:00,0.0,13747.04,2.0,last_observed_quote_not_settlement,1036.0,649,70,6.850000000000023,47.039999999955235,2024-02-28T09:32:00-05:00,0.0,7.699999999999989,-1652.9599999999766,2024-02-28T09:33:00-05:00,0.0,7.0,-252.9599999999993,2024-02-28T09:36:00-05:00,0.0,7.800000000000011,-1852.960000000022,2024-02-28T09:41:00-05:00,0.0,7.349999999999994,-952.959999999988,2024-02-28T09:46:00-05:00,0.0,8.199999999999989,-2652.959999999978,2024-02-28T10:01:00-05:00,0.0,8.650000000000006,-3552.9600000000123,2024-02-28T10:31:00-05:00,0.0,7.049999999999983,-352.9599999999652,2024-02-28T11:31:00-05:00,0.0,7.349999999999994,-952.959999999988,2024-02-28T16:00:00-05:00,0.0,6.299999999999997,1147.0400000000063,2024-02-29T16:00:00-05:00,0.0,,,2024-03-01T15:58:00-05:00,120.0,,,,,1827.0,hit,2881.0,hit,2895.0,hit,2895.0,hit,2972.0,hit,2990.0,hit,3052.0,hit,2.0,hit,8.0,hit,0.0,hit,8.0,hit,34.0,hit,55.0,hit,9.69999999999996,649,True,True,True,True,,9.69999999999996,649,True,True,True,True,,9.69999999999996,649,True,True,True,True,,9.69999999999996,649,True,True,True,True,,2895.0,2024-03-01T09:46:00-05:00,2.1000000000000014,9547.039999999999,2924.0,2024-03-01T10:15:00-05:00,2.8500000000000014,8047.039999999998,2925.0,2024-03-01T10:16:00-05:00,2.75,8247.04,2896.0,2024-03-01T09:47:00-05:00,4.800000000000004,4147.039999999992,2973.0,2024-03-01T11:04:00-05:00,1.8500000000000014,10047.039999999999,2974.0,2024-03-01T11:05:00-05:00,1.6500000000000004,10447.04,2975.0,2024-03-01T11:06:00-05:00,1.6000000000000014,10547.039999999999,2974.0,2024-03-01T11:05:00-05:00,1.6500000000000004,10447.04,3017.0,2024-03-01T11:48:00-05:00,0.9000000000000004,11947.04,3018.0,2024-03-01T11:49:00-05:00,0.9000000000000004,11947.04,3019.0,2024-03-01T11:50:00-05:00,0.8499999999999996,12047.040000000003,3018.0,2024-03-01T11:49:00-05:00,0.9000000000000004,11947.04,3056.0,2024-03-01T12:27:00-05:00,0.375,12997.04,3057.0,2024-03-01T12:28:00-05:00,0.375,12997.04,3058.0,2024-03-01T12:29:00-05:00,0.34999999999999964,13047.040000000003,3057.0,2024-03-01T12:28:00-05:00,0.375,12997.04,1661
2024-03-01,2024-03-04,3,5.0,2024-03-01T09:31:00-05:00,5.0,NDXP  240304P18100000,NDXP  240304P18090000,development,False,False,0,0,0,28,0,767,available,False,2024-03-01T09:31:00-05:00,2024-03-04T16:00:00-05:00,0.0,9747.04,0.0,last_observed_quote_not_settlement,3916.0,5,10,4.800000000000011,147.03999999997797,2024-03-01T09:32:00-05:00,0.0,4.599999999999994,547.040000000012,2024-03-01T09:33:00-05:00,0.0,4.750000000000014,247.03999999997225,2024-03-01T09:36:00-05:00,0.0,5.349999999999994,-952.959999999988,2024-03-01T09:41:00-05:00,0.0,4.599999999999994,547.040000000012,2024-03-01T09:46:00-05:00,0.0,4.349999999999994,1047.040000000012,2024-03-01T10:01:00-05:00,0.0,3.799999999999997,2147.0400000000063,2024-03-01T10:31:00-05:00,0.0,2.6000000000000014,4547.039999999998,2024-03-01T11:31:00-05:00,0.0,0.7999999999999998,8147.040000000002,2024-03-01T16:00:00-05:00,0.0,,,2024-03-01T16:15:00-05:00,85500.0,,,2024-03-01T16:15:00-05:00,171900.0,0.0,9747.04,2024-03-04T16:00:00-05:00,0.0,0.0,hit,0.0,hit,14.0,hit,94.0,hit,170.0,hit,251.0,hit,4320.0,hit,,never_hit,,never_hit,,never_hit,,never_hit,,never_hit,,never_hit,5.349999999999994,5,False,False,False,False,,5.349999999999994,5,False,False,False,False,,5.349999999999994,5,False,False,False,False,,5.349999999999994,5,False,False,False,False,,94.0,2024-03-01T11:05:00-05:00,2.9499999999999957,3847.040000000009,95.0,2024-03-01T11:06:00-05:00,2.9499999999999957,3847.040000000009,96.0,2024-03-01T11:07:00-05:00,2.799999999999997,4147.040000000006,95.0,2024-03-01T11:06:00-05:00,2.9499999999999957,3847.040000000009,176.0,2024-03-01T12:27:00-05:00,1.8999999999999986,5947.040000000004,177.0,2024-03-01T12:28:00-05:00,1.9499999999999993,5847.040000000002,185.0,2024-03-01T12:36:00-05:00,1.9499999999999993,5847.040000000002,177.0,2024-03-01T12:28:00-05:00,1.9499999999999993,5847.040000000002,251.0,2024-03-01T13:42:00-05:00,0.9499999999999993,7847.040000000002,252.0,2024-03-01T13:43:00-05:00,0.9499999999999993,7847.040000000002,253.0,2024-03-01T13:44:00-05:00,0.9499999999999993,7847.040000000002,252.0,2024-03-01T13:43:00-05:00,0.9499999999999993,7847.040000000002,4321.0,2024-03-04T09:32:00-05:00,0.44999999999999973,8847.04,4326.0,2024-03-04T09:37:00-05:00,0.3500000000000001,9047.04,4327.0,2024-03-04T09:38:00-05:00,0.34999999999999964,9047.040000000003,4322.0,2024-03-04T09:33:00-05:00,0.5499999999999998,8647.040000000003,1662
2024-03-01,2024-03-04,3,6.0,2024-03-01T09:31:00-05:00,6.000000000000014,NDXP  240304P18140000,NDXP  240304P18130000,development,False,False,0,0,0,18,0,777,available,False,2024-03-01T09:31:00-05:00,2024-03-04T16:00:00-05:00,3.5,4747.040000000029,0.0,last_observed_quote_not_settlement,3916.0,0,0,5.5,747.0400000000291,2024-03-01T09:32:00-05:00,0.0,4.999999999999986,1747.0400000000575,2024-03-01T09:33:00-05:00,0.0,5.5,747.0400000000291,2024-03-01T09:36:00-05:00,0.0,5.549999999999997,647.0400000000348,2024-03-01T09:41:00-05:00,0.0,5.25,1247.040000000029,2024-03-01T09:46:00-05:00,0.0,5.0,1747.040000000029,2024-03-01T10:01:00-05:00,0.0,4.699999999999989,2347.040000000052,2024-03-01T10:31:00-05:00,0.0,3.3000000000000114,5147.040000000006,2024-03-01T11:31:00-05:00,0.0,1.4000000000000004,8947.04000000003,2024-03-01T16:00:00-05:00,0.0,,,2024-03-01T16:15:00-05:00,85500.0,,,2024-03-01T16:15:00-05:00,171900.0,3.5,4747.040000000029,2024-03-04T16:00:00-05:00,0.0,1.0,hit,2.0,hit,29.0,hit,144.0,hit,218.0,hit,294.0,hit,4330.0,hit,,never_hit,,never_hit,,never_hit,,never_hit,,never_hit,,never_hit,6.000000000000014,0,False,False,False,False,,6.000000000000014,0,False,False,False,False,,6.000000000000014,0,False,False,False,False,,6.000000000000014,0,False,False,False,False,,164.0,2024-03-01T12:15:00-05:00,2.8999999999999986,5947.040000000032,165.0,2024-03-01T12:16:00-05:00,2.8000000000000114,6147.040000000006,166.0,2024-03-01T12:17:00-05:00,2.799999999999997,6147.0400000000345,165.0,2024-03-01T12:16:00-05:00,2.8000000000000114,6147.040000000006,218.0,2024-03-01T13:09:00-05:00,1.9000000000000021,7947.0400000000245,221.0,2024-03-01T13:12:00-05:00,1.8500000000000014,8047.040000000026,222.0,2024-03-01T13:13:00-05:00,1.8999999999999986,7947.040000000032,219.0,2024-03-01T13:10:00-05:00,2.049999999999997,7647.0400000000345,4320.0,2024-03-04T09:31:00-05:00,0.8999999999999986,9947.040000000034,4321.0,2024-03-04T09:32:00-05:00,0.8499999999999996,10047.04000000003,4322.0,2024-03-04T09:33:00-05:00,0.9499999999999993,9847.040000000032,4321.0,2024-03-04T09:32:00-05:00,0.8499999999999996,10047.04000000003,4330.0,2024-03-04T09:41:00-05:00,0.40000000000000036,10947.04000000003,4387.0,2024-03-04T10:38:00-05:00,0.2999999999999998,11147.04000000003,4388.0,2024-03-04T10:39:00-05:00,0.2999999999999998,11147.04000000003,4331.0,2024-03-04T09:42:00-05:00,0.5999999999999992,10547.04000000003,1663
2024-03-01,2024-03-04,3,7.0,2024-03-01T09:31:00-05:00,7.050000000000011,NDXP  240304P18190000,NDXP  240304P18180000,development,False,False,0,0,0,17,0,778,available,False,2024-03-01T09:31:00-05:00,2024-03-04T16:00:00-05:00,0.075,13697.040000000025,0.0,last_observed_quote_not_settlement,3916.0,3,6,6.400000000000006,1047.040000000012,2024-03-01T09:32:00-05:00,0.0,6.299999999999997,1247.040000000029,2024-03-01T09:33:00-05:00,0.0,6.050000000000011,1747.0400000000006,2024-03-01T09:36:00-05:00,0.0,6.849999999999994,147.0400000000348,2024-03-01T09:41:00-05:00,0.0,6.300000000000011,1247.0400000000006,2024-03-01T09:46:00-05:00,0.0,6.549999999999997,747.0400000000291,2024-03-01T10:01:00-05:00,0.0,5.8999999999999915,2047.0400000000404,2024-03-01T10:31:00-05:00,0.0,4.549999999999997,4747.040000000029,2024-03-01T11:31:00-05:00,0.0,1.5500000000000007,10747.040000000023,2024-03-01T16:00:00-05:00,0.0,,,2024-03-01T16:15:00-05:00,85500.0,,,2024-03-01T16:15:00-05:00,171900.0,0.075,13697.040000000025,2024-03-04T16:00:00-05:00,0.0,42.0,hit,80.0,hit,143.0,hit,215.0,hit,266.0,hit,4387.0,hit,4577.0,hit,29.0,hit,,never_hit,0.0,hit,29.0,hit,,never_hit,,never_hit,8.0,3,True,True,False,False,,8.0,3,True,True,False,False,,8.0,3,True,True,False,False,,8.0,3,True,True,False,False,,217.0,2024-03-01T13:08:00-05:00,2.8999999999999915,8047.040000000041,218.0,2024-03-01T13:09:00-05:00,2.8500000000000014,8147.04000000002,219.0,2024-03-01T13:10:00-05:00,2.799999999999997,8247.04000000003,218.0,2024-03-01T13:09:00-05:00,2.8500000000000014,8147.04000000002,270.0,2024-03-01T14:01:00-05:00,1.8999999999999986,10047.040000000026,271.0,2024-03-01T14:02:00-05:00,1.8999999999999986,10047.040000000026,272.0,2024-03-01T14:03:00-05:00,1.8500000000000014,10147.04000000002,271.0,2024-03-01T14:02:00-05:00,1.8999999999999986,10047.040000000026,4388.0,2024-03-04T10:39:00-05:00,0.9000000000000004,12047.040000000023,4394.0,2024-03-04T10:45:00-05:00,0.9499999999999993,11947.040000000026,4398.0,2024-03-04T10:49:00-05:00,0.8999999999999995,12047.040000000025,4389.0,2024-03-04T10:40:00-05:00,1.0,11847.040000000025,4586.0,2024-03-04T13:57:00-05:00,0.42500000000000027,12997.040000000023,4587.0,2024-03-04T13:58:00-05:00,0.44999999999999996,12947.040000000025,4593.0,2024-03-04T14:04:00-05:00,0.3500000000000001,13147.040000000023,4587.0,2024-03-04T13:58:00-05:00,0.44999999999999996,12947.040000000025,1664
2024-03-04,2024-03-06,2,5.0,2024-03-04T09:31:00-05:00,4.900000000000006,NDXP  240306P18290000,NDXP  240306P18280000,development,False,False,0,0,0,148,0,1051,available,False,2024-03-04T09:31:00-05:00,2024-03-06T15:59:00-05:00,9.900000000000034,-10252.960000000057,1.0,last_observed_quote_not_settlement,1036.0,766,55,4.650000000000006,247.04000000000067,2024-03-04T09:32:00-05:00,0.0,4.75,47.04000000001208,2024-03-04T09:33:00-05:00,0.0,4.799999999999983,-52.959999999953816,2024-03-04T09:36:00-05:00,0.0,4.150000000000006,1247.0400000000006,2024-03-04T09:41:00-05:00,0.0,5.049999999999997,-552.9599999999823,2024-03-04T09:46:00-05:00,0.0,5.200000000000003,-852.9599999999937,2024-03-04T10:01:00-05:00,0.0,5.050000000000011,-552.9600000000107,2024-03-04T10:31:00-05:00,0.0,5.150000000000006,-752.9599999999994,2024-03-04T11:31:00-05:00,0.0,6.349999999999994,-3152.9599999999764,2024-03-04T16:00:00-05:00,0.0,,,2024-03-05T15:59:00-05:00,60.0,,,2024-03-06T15:59:00-05:00,60.0,,,,,0.0,hit,0.0,hit,,never_hit,,never_hit,,never_hit,,never_hit,,never_hit,58.0,hit,380.0,hit,1440.0,hit,1440.0,hit,1443.0,hit,1462.0,hit,,,True,True,True,False,0.75,,,True,True,True,False,0.75,,,True,True,True,False,0.75,,,True,True,True,False,0.75,,,,,,,,,,,,,,,,,,,,,,,,,,,,,,,,,,,,,,,,,,,,,,,,,,,,,,,,,,,,,,,,,1665
2024-03-04,2024-03-06,2,6.0,2024-03-04T09:31:00-05:00,6.100000000000023,NDXP  240306P18350000,NDXP  240306P18340000,development,False,False,0,0,0,279,0,920,available,False,2024-03-04T09:31:00-05:00,2024-03-06T15:59:00-05:00,9.949999999999989,-7952.959999999933,1.0,last_observed_quote_not_settlement,1036.0,435,83,5.75,447.0400000000462,2024-03-04T09:32:00-05:00,0.0,6.050000000000011,-152.95999999997656,2024-03-04T09:33:00-05:00,0.0,6.049999999999983,-152.95999999991972,2024-03-04T09:36:00-05:00,0.0,5.700000000000003,547.0400000000404,2024-03-04T09:41:00-05:00,0.0,5.849999999999966,247.04000000011436,2024-03-04T09:46:00-05:00,0.0,5.75,447.0400000000462,2024-03-04T10:01:00-05:00,0.0,6.199999999999989,-452.9599999999311,2024-03-04T10:31:00-05:00,0.0,5.75,447.0400000000462,2024-03-04T11:31:00-05:00,0.0,6.150000000000006,-352.9599999999652,2024-03-04T16:00:00-05:00,0.0,9.450000000000045,-6952.960000000046,2024-03-05T16:00:00-05:00,0.0,,,2024-03-06T15:59:00-05:00,60.0,,,,,4.0,hit,4.0,hit,,never_hit,,never_hit,,never_hit,,never_hit,,never_hit,32.0,hit,32.0,hit,32.0,hit,1440.0,hit,1442.0,hit,1442.0,hit,,,True,True,True,False,1.950000000000017,,,True,True,True,False,1.950000000000017,,,True,True,True,False,1.950000000000017,,,True,True,True,False,1.950000000000017,,,,,,,,,,,,,,,,,,,,,,,,,,,,,,,,,,,,,,,,,,,,,,,,,,,,,,,,,,,,,,,,,1666
2024-03-04,2024-03-06,2,7.0,2024-03-04T09:31:00-05:00,6.900000000000006,NDXP  240306P18430000,NDXP  240306P18420000,development,False,False,0,0,0,302,0,897,available,False,2024-03-04T09:31:00-05:00,2024-03-06T15:59:00-05:00,10.0,-6352.959999999988,1.0,last_observed_quote_not_settlement,1039.0,652,70,6.25,1047.040000000012,2024-03-04T09:32:00-05:00,0.0,7.549999999999983,-1552.9599999999539,2024-03-04T09:33:00-05:00,0.0,7.099999999999966,-652.9599999999198,2024-03-04T09:36:00-05:00,0.0,6.850000000000023,-152.9600000000334,2024-03-04T09:41:00-05:00,0.0,7.199999999999989,-852.9599999999652,2024-03-04T09:46:00-05:00,0.0,6.550000000000011,447.03999999998933,2024-03-04T10:01:00-05:00,0.0,7.5,-1452.959999999988,2024-03-04T10:31:00-05:00,0.0,7.449999999999989,-1352.9599999999652,2024-03-04T11:31:00-05:00,0.0,8.5,-3452.9599999999896,2024-03-04T16:00:00-05:00,0.0,,,2024-03-05T15:59:00-05:00,60.0,,,2024-03-06T15:59:00-05:00,60.0,,,,,1469.0,hit,,never_hit,,never_hit,,never_hit,,never_hit,,never_hit,,never_hit,2.0,hit,32.0,hit,2.0,hit,32.0,hit,402.0,hit,1442.0,hit,,,True,True,True,False,1.8000000000000398,,,True,True,True,False,1.8000000000000398,,,True,True,True,False,1.8000000000000398,,,True,True,True,False,1.8000000000000398,,,,,,,,,,,,,,,,,,,,,,,,,,,,,,,,,,,,,,,,,,,,,,,,,,,,,,,,,,,,,,,,,1667
2024-03-04,2024-03-07,3,5.0,2024-03-04T09:31:00-05:00,4.999999999999986,NDXP  240307P18320000,NDXP  240307P18310000,development,False,False,0,0,0,59,0,1545,available,False,2024-03-04T09:31:00-05:00,2024-03-07T15:59:00-05:00,6.449999999999999,-3152.9600000000264,1.0,last_observed_quote_not_settlement,1036.0,1325,52,5.200000000000017,-652.9600000000619,2024-03-04T09:32:00-05:00,0.0,5.0,-252.96000000002772,2024-03-04T09:33:00-05:00,0.0,5.100000000000023,-452.9600000000732,2024-03-04T09:36:00-05:00,0.0,4.799999999999997,147.03999999997797,2024-03-04T09:41:00-05:00,0.0,5.550000000000011,-1352.9600000000505,2024-03-04T09:46:00-05:00,0.0,5.549999999999983,-1352.9599999999937,2024-03-04T10:01:00-05:00,0.0,6.650000000000006,-3552.960000000039,2024-03-04T10:31:00-05:00,0.0,5.400000000000006,-1052.9600000000391,2024-03-04T11:31:00-05:00,0.0,6.949999999999989,-4152.960000000005,2024-03-04T16:00:00-05:00,0.0,9.750000000000057,-9752.960000000143,2024-03-05T16:00:00-05:00,0.0,9.549999999999955,-9352.959999999937,2024-03-06T16:00:00-05:00,0.0,,,2024-03-07T15:59:00-05:00,60.0,0.0,hit,0.0,hit,110.0,hit,,never_hit,,never_hit,,never_hit,,never_hit,3.0,hit,60.0,hit,1440.0,hit,1440.0,hit,1447.0,hit,1447.0,hit,,,True,True,True,False,1.9499999999999886,,,True,True,True,False,1.9499999999999886,,,True,True,True,False,1.9499999999999886,,,True,True,True,False,1.9499999999999886,,,,,,,,,,,,,,,,,,,,,,,,,,,,,,,,,,,,,,,,,,,,,,,,,,,,,,,,,,,,,,,,,1668
2024-03-04,2024-03-07,3,6.0,2024-03-04T09:31:00-05:00,6.049999999999983,NDXP  240307P18390000,NDXP  240307P18380000,development,False,False,0,0,0,180,0,1424,available,False,2024-03-04T09:31:00-05:00,2024-03-07T15:57:00-05:00,8.849999999999994,-5852.960000000024,3.0,last_observed_quote_not_settlement,1036.0,1195,55,6.150000000000006,-452.9600000000448,2024-03-04T09:32:00-05:00,0.0,7.350000000000023,-2852.9600000000787,2024-03-04T09:33:00-05:00,0.0,6.350000000000023,-852.9600000000789,2024-03-04T09:36:00-05:00,0.0,4.75,2347.0399999999668,2024-03-04T09:41:00-05:00,0.0,6.150000000000006,-452.9600000000448,2024-03-04T09:46:00-05:00,0.0,6.300000000000011,-752.9600000000562,2024-03-04T10:01:00-05:00,0.0,6.600000000000023,-1352.960000000079,2024-03-04T10:31:00-05:00,0.0,6.349999999999966,-852.9599999999652,2024-03-04T11:31:00-05:00,0.0,6.900000000000006,-1952.9600000000448,2024-03-04T16:00:00-05:00,0.0,,,2024-03-05T15:59:00-05:00,60.0,9.700000000000045,-7552.9600000001265,2024-03-06T16:00:00-05:00,0.0,,,2024-03-07T15:57:00-05:00,180.0,7.0,hit,10.0,hit,1819.0,hit,,never_hit,,never_hit,,never_hit,,never_hit,2.0,hit,2.0,hit,2.0,hit,1440.0,hit,1442.0,hit,1442.0,hit,,,True,True,True,False,2.5999999999999375,,,True,True,True,False,2.5999999999999375,,,True,True,True,False,2.5999999999999375,,,True,True,True,False,2.5999999999999375,,,,,,,,,,,,,,,,,,,,,,,,,,,,,,,,,,,,,,,,,,,,,,,,,,,,,,,,,,,,,,,,,1669
2024-03-04,2024-03-07,3,7.0,2024-03-04T09:31:00-05:00,7.0499999999999545,NDXP  240307P18550000,NDXP  240307P18540000,development,False,False,0,0,0,506,0,1098,available,False,2024-03-04T09:31:00-05:00,2024-03-07T15:58:00-05:00,9.899999999999977,-5952.960000000046,2.0,last_observed_quote_not_settlement,1039.0,798,0,7.7000000000000455,-1552.9600000001813,2024-03-04T09:32:00-05:00,0.0,7.9500000000000455,-2052.960000000183,2024-03-04T09:33:00-05:00,0.0,8.850000000000023,-3852.9600000001374,2024-03-04T09:36:00-05:00,0.0,7.75,-1652.9600000000903,2024-03-04T09:41:00-05:00,0.0,8.0,-2152.960000000092,2024-03-04T09:46:00-05:00,0.0,9.600000000000023,-5352.960000000137,2024-03-04T10:01:00-05:00,0.0,8.850000000000023,-3852.9600000001374,2024-03-04T10:31:00-05:00,0.0,8.199999999999989,-2552.960000000069,2024-03-04T11:31:00-05:00,0.0,9.25,-4652.960000000092,2024-03-04T16:00:00-05:00,0.0,9.149999999999977,-4452.960000000046,2024-03-05T16:00:00-05:00,0.0,,,2024-03-06T15:59:00-05:00,60.0,,,2024-03-07T15:58:00-05:00,120.0,,never_hit,,never_hit,,never_hit,,never_hit,,never_hit,,never_hit,,never_hit,1.0,hit,3.0,hit,0.0,hit,3.0,hit,28.0,hit,30.0,hit,,,True,True,True,False,0.0,,,True,True,True,False,0.0,,,True,True,True,False,0.0,,,True,True,True,False,0.0,,,,,,,,,,,,,,,,,,,,,,,,,,,,,,,,,,,,,,,,,,,,,,,,,,,,,,,,,,,,,,,,,1670
2024-03-05,2024-03-07,2,5.0,2024-03-05T09:31:00-05:00,5.099999999999994,NDXP  240307P18200000,NDXP  240307P18190000,development,False,False,0,0,0,15,15,1185,available,False,2024-03-05T09:31:00-05:00,2024-03-07T15:56:00-05:00,0.0,9947.03999999999,4.0,last_observed_quote_not_settlement,1036.0,836,11,6.949999999999989,-3952.9599999999878,2024-03-05T09:32:00-05:00,0.0,7.350000000000023,-4752.960000000056,2024-03-05T09:33:00-05:00,0.0,6.100000000000023,-2252.960000000056,2024-03-05T09:36:00-05:00,0.0,7.199999999999989,-4452.959999999988,2024-03-05T09:41:00-05:00,0.0,7.299999999999983,-4652.959999999976,2024-03-05T09:46:00-05:00,0.0,6.75,-3552.9600000000105,2024-03-05T10:01:00-05:00,0.0,8.599999999999966,-7252.959999999945,2024-03-05T10:31:00-05:00,0.0,8.5,-7052.960000000013,2024-03-05T11:31:00-05:00,0.0,8.649999999999977,-7352.959999999967,2024-03-05T16:00:00-05:00,0.0,8.150000000000034,-6352.960000000081,2024-03-06T16:00:00-05:00,0.0,,,2024-03-07T15:56:00-05:00,240.0,,,,,0.0,hit,2886.0,hit,2937.0,hit,2952.0,hit,2997.0,hit,3056.0,hit,3122.0,hit,1.0,hit,1.0,hit,2.0,hit,23.0,hit,29.0,hit,69.0,hit,10.0,835,True,True,True,True,,10.0,836,True,True,True,True,,10.0,836,True,True,True,True,,10.0,836,True,True,True,True,,2952.0,2024-03-07T10:43:00-05:00,2.9000000000000057,4147.039999999978,2955.0,2024-03-07T10:46:00-05:00,2.8500000000000014,4247.039999999986,2956.0,2024-03-07T10:47:00-05:00,2.5500000000000007,4847.039999999988,2953.0,2024-03-07T10:44:00-05:00,3.0500000000000043,3847.039999999981,2998.0,2024-03-07T11:29:00-05:00,1.8999999999999986,6147.039999999992,2999.0,2024-03-07T11:30:00-05:00,1.450000000000001,7047.039999999987,3012.0,2024-03-07T11:43:00-05:00,1.75,6447.039999999989,2999.0,2024-03-07T11:30:00-05:00,1.450000000000001,7047.039999999987,3066.0,2024-03-07T12:37:00-05:00,0.9000000000000004,8147.039999999989,3093.0,2024-03-07T13:04:00-05:00,0.9000000000000004,8147.039999999989,3101.0,2024-03-07T13:12:00-05:00,0.6999999999999993,8547.039999999992,3067.0,2024-03-07T12:38:00-05:00,1.1000000000000005,7747.039999999988,3123.0,2024-03-07T13:34:00-05:00,0.375,9197.03999999999,3124.0,2024-03-07T13:35:00-05:00,0.27499999999999947,9397.039999999992,3125.0,2024-03-07T13:36:00-05:00,0.2999999999999996,9347.03999999999,3124.0,2024-03-07T13:35:00-05:00,0.27499999999999947,9397.039999999992,1671
2024-03-05,2024-03-07,2,6.0,2024-03-05T09:31:00-05:00,6.049999999999983,NDXP  240307P18190000,NDXP  240307P18180000,development,False,False,0,0,0,5,15,1195,available,False,2024-03-05T09:31:00-05:00,2024-03-07T16:00:00-05:00,6.5,-1152.9600000000335,0.0,last_observed_quote_not_settlement,1036.0,779,23,6.200000000000017,-552.9600000000676,2024-03-05T09:32:00-05:00,0.0,5.299999999999983,1247.0400000000006,2024-03-05T09:33:00-05:00,0.0,6.949999999999989,-2052.9600000000105,2024-03-05T09:36:00-05:00,0.0,6.5,-1152.9600000000335,2024-03-05T09:41:00-05:00,0.0,6.349999999999994,-852.9600000000221,2024-03-05T09:46:00-05:00,0.0,8.300000000000011,-4752.960000000058,2024-03-05T10:01:00-05:00,0.0,8.199999999999989,-4552.960000000013,2024-03-05T10:31:00-05:00,0.0,7.9500000000000455,-4052.960000000126,2024-03-05T11:31:00-05:00,0.0,8.5,-5152.9600000000355,2024-03-05T16:00:00-05:00,0.0,8.699999999999989,-5552.960000000013,2024-03-06T16:00:00-05:00,0.0,6.5,-1152.9600000000335,2024-03-07T16:00:00-05:00,0.0,,,,,2.0,hit,29.0,hit,1603.0,hit,1603.0,hit,2994.0,hit,3040.0,hit,3101.0,hit,3.0,hit,13.0,hit,12.0,hit,30.0,hit,64.0,hit,85.0,hit,9.850000000000023,554,True,True,True,True,,9.850000000000023,779,True,True,True,True,,9.850000000000023,779,True,True,True,True,,9.850000000000023,779,True,True,True,True,,1603.0,2024-03-06T12:14:00-05:00,2.75,6347.039999999966,2951.0,2024-03-07T10:42:00-05:00,2.849999999999998,6147.039999999971,2952.0,2024-03-07T10:43:00-05:00,2.6499999999999986,6547.039999999969,1604.0,2024-03-06T12:15:00-05:00,5.549999999999997,747.0399999999722,2994.0,2024-03-07T11:25:00-05:00,1.6999999999999993,8447.039999999968,2995.0,2024-03-07T11:26:00-05:00,1.6999999999999993,8447.039999999968,2996.0,2024-03-07T11:27:00-05:00,1.8500000000000014,8147.039999999964,2995.0,2024-03-07T11:26:00-05:00,1.6999999999999993,8447.039999999968,3046.0,2024-03-07T12:17:00-05:00,0.8999999999999995,10047.039999999968,3047.0,2024-03-07T12:18:00-05:00,0.8499999999999996,10147.039999999968,3048.0,2024-03-07T12:19:00-05:00,0.9000000000000004,10047.039999999966,3047.0,2024-03-07T12:18:00-05:00,0.8499999999999996,10147.039999999968,3119.0,2024-03-07T13:30:00-05:00,0.4250000000000007,10997.039999999966,3120.0,2024-03-07T13:31:00-05:00,0.375,11097.039999999968,3121.0,2024-03-07T13:32:00-05:00,0.375,11097.039999999968,3120.0,2024-03-07T13:31:00-05:00,0.375,11097.039999999968,1672
2024-03-05,2024-03-07,2,7.0,2024-03-05T09:31:00-05:00,7.050000000000011,NDXP  240307P18330000,NDXP  240307P18320000,development,False,False,0,0,0,91,0,1108,available,False,2024-03-05T09:31:00-05:00,2024-03-07T15:59:00-05:00,9.75,-5652.959999999978,1.0,last_observed_quote_not_settlement,1036.0,847,49,7.399999999999977,-952.9599999999311,2024-03-05T09:32:00-05:00,0.0,8.199999999999989,-2552.9599999999555,2024-03-05T09:33:00-05:00,0.0,8.149999999999977,-2452.9599999999327,2024-03-05T09:36:00-05:00,0.0,7.5499999999999545,-1252.9599999998857,2024-03-05T09:41:00-05:00,0.0,8.349999999999966,-2852.95999999991,2024-03-05T09:46:00-05:00,0.0,7.75,-1652.9599999999766,2024-03-05T10:01:00-05:00,0.0,9.0,-4152.959999999978,2024-03-05T10:31:00-05:00,0.0,9.600000000000023,-5352.960000000024,2024-03-05T11:31:00-05:00,0.0,9.099999999999909,-4352.959999999796,2024-03-05T16:00:00-05:00,0.0,,,2024-03-06T15:59:00-05:00,60.0,,,2024-03-07T15:59:00-05:00,60.0,,,,,379.0,hit,379.0,hit,379.0,hit,379.0,hit,379.0,hit,,never_hit,,never_hit,2.0,hit,2.0,hit,0.0,hit,2.0,hit,4.0,hit,4.0,hit,10.0,277,True,True,True,True,,10.0,277,True,True,True,True,,,,True,True,True,False,5.600000000000023,,,True,True,True,False,5.600000000000023,379.0,2024-03-05T15:50:00-05:00,1.4499999999999886,10947.040000000046,,,,,,,,,380.0,2024-03-05T15:51:00-05:00,9.749999999999943,-5652.9599999998645,379.0,2024-03-05T15:50:00-05:00,1.4499999999999886,10947.040000000046,,,,,,,,,380.0,2024-03-05T15:51:00-05:00,9.749999999999943,-5652.9599999998645,,,,,,,,,,,,,,,,,,,,,,,,,,,,,,,,,1673
2024-03-05,2024-03-08,3,5.0,2024-03-05T09:31:00-05:00,5.050000000000011,NDXP  240308P18110000,NDXP  240308P18100000,development,False,False,0,0,0,5,0,1599,available,False,2024-03-05T09:31:00-05:00,2024-03-08T15:59:00-05:00,6.900000000000006,-3952.9599999999878,1.0,last_observed_quote_not_settlement,1036.0,800,60,5.099999999999994,-352.9599999999652,2024-03-05T09:32:00-05:00,0.0,5.199999999999989,-552.9599999999539,2024-03-05T09:33:00-05:00,0.0,4.950000000000017,-52.96000000001066,2024-03-05T09:36:00-05:00,0.0,5.25,-652.9599999999766,2024-03-05T09:41:00-05:00,0.0,5.349999999999994,-852.9599999999652,2024-03-05T09:46:00-05:00,0.0,5.25,-652.9599999999766,2024-03-05T10:01:00-05:00,0.0,6.150000000000006,-2452.9599999999878,2024-03-05T10:31:00-05:00,0.0,6.300000000000011,-2752.959999999999,2024-03-05T11:31:00-05:00,0.0,7.300000000000011,-4752.959999999999,2024-03-05T16:00:00-05:00,0.0,5.149999999999977,-452.9599999999311,2024-03-06T16:00:00-05:00,0.0,1.9499999999999993,5947.0400000000245,2024-03-07T16:00:00-05:00,0.0,,,2024-03-08T15:59:00-05:00,60.0,0.0,hit,4.0,hit,1776.0,hit,2948.0,hit,3100.0,hit,4320.0,hit,4337.0,hit,6.0,hit,19.0,hit,57.0,hit,341.0,hit,361.0,hit,4687.0,hit,9.25,670,True,True,True,True,,9.25,670,True,True,True,True,,9.25,670,True,True,True,True,,9.25,670,True,True,True,True,,2948.0,2024-03-07T10:39:00-05:00,2.8500000000000014,4147.040000000021,2949.0,2024-03-07T10:40:00-05:00,2.8500000000000014,4147.040000000021,2950.0,2024-03-07T10:41:00-05:00,2.75,4347.040000000024,2949.0,2024-03-07T10:40:00-05:00,2.8500000000000014,4147.040000000021,3114.0,2024-03-07T13:25:00-05:00,1.9499999999999993,5947.0400000000245,3123.0,2024-03-07T13:34:00-05:00,1.8999999999999986,6047.040000000026,3124.0,2024-03-07T13:35:00-05:00,1.9499999999999957,5947.040000000032,3115.0,2024-03-07T13:26:00-05:00,2.049999999999997,5747.040000000029,4320.0,2024-03-08T09:31:00-05:00,0.9499999999999993,7947.0400000000245,4321.0,2024-03-08T09:32:00-05:00,0.8000000000000007,8247.040000000023,4322.0,2024-03-08T09:33:00-05:00,0.9000000000000004,8047.040000000023,4321.0,2024-03-08T09:32:00-05:00,0.8000000000000007,8247.040000000023,4341.0,2024-03-08T09:52:00-05:00,0.40000000000000036,9047.040000000023,4342.0,2024-03-08T09:53:00-05:00,0.39999999999999947,9047.040000000025,4343.0,2024-03-08T09:54:00-05:00,0.40000000000000036,9047.040000000023,4342.0,2024-03-08T09:53:00-05:00,0.39999999999999947,9047.040000000025,1674
2024-03-05,2024-03-08,3,6.0,2024-03-05T09:31:00-05:00,5.950000000000017,NDXP  240308P18250000,NDXP  240308P18240000,development,False,False,0,0,0,32,0,1572,available,False,2024-03-05T09:31:00-05:00,2024-03-08T15:55:00-05:00,9.449999999999989,-7252.959999999945,5.0,last_observed_quote_not_settlement,1036.0,1044,36,5.650000000000006,347.04000000002344,2024-03-05T09:32:00-05:00,0.0,6.150000000000006,-652.9599999999766,2024-03-05T09:33:00-05:00,0.0,6.200000000000017,-752.9599999999994,2024-03-05T09:36:00-05:00,0.0,6.100000000000023,-552.9600000000107,2024-03-05T09:41:00-05:00,0.0,6.350000000000023,-1052.9600000000107,2024-03-05T09:46:00-05:00,0.0,7.049999999999983,-2452.959999999931,2024-03-05T10:01:00-05:00,0.0,7.449999999999932,-3252.9599999998286,2024-03-05T10:31:00-05:00,0.0,8.100000000000023,-4552.960000000013,2024-03-05T11:31:00-05:00,0.0,8.549999999999955,-5452.959999999876,2024-03-05T16:00:00-05:00,0.0,5.900000000000006,-152.95999999997656,2024-03-06T16:00:00-05:00,0.0,3.6499999999999915,4347.040000000052,2024-03-07T16:00:00-05:00,0.0,,,2024-03-08T15:55:00-05:00,300.0,8.0,hit,38.0,hit,3028.0,hit,4324.0,hit,4344.0,hit,4359.0,hit,,never_hit,3.0,hit,4.0,hit,11.0,hit,29.0,hit,39.0,hit,39.0,hit,10.0,820,True,True,True,True,,10.0,820,True,True,True,True,,10.0,820,True,True,True,True,,,,True,True,True,False,5.250000000000017,4324.0,2024-03-08T09:35:00-05:00,2.6499999999999986,6347.040000000037,4336.0,2024-03-08T09:47:00-05:00,2.650000000000002,6347.040000000031,4337.0,2024-03-08T09:48:00-05:00,2.349999999999998,6947.040000000039,4325.0,2024-03-08T09:36:00-05:00,3.5,4647.0400000000345,4344.0,2024-03-08T09:55:00-05:00,1.8499999999999979,7947.040000000039,4345.0,2024-03-08T09:56:00-05:00,1.75,8147.0400000000345,4346.0,2024-03-08T09:57:00-05:00,1.549999999999999,8547.040000000037,4345.0,2024-03-08T09:56:00-05:00,1.75,8147.0400000000345,4363.0,2024-03-08T10:14:00-05:00,0.75,10147.040000000035,4364.0,2024-03-08T10:15:00-05:00,0.8500000000000005,9947.040000000035,4365.0,2024-03-08T10:16:00-05:00,0.8499999999999996,9947.040000000037,4364.0,2024-03-08T10:15:00-05:00,0.8500000000000005,9947.040000000035,,,,,,,,,,,,,,,,,1675
2024-03-05,2024-03-08,3,7.0,2024-03-05T09:31:00-05:00,6.900000000000034,NDXP  240308P18410000,NDXP  240308P18400000,development,False,False,0,0,0,96,0,1508,available,False,2024-03-05T09:31:00-05:00,2024-03-08T15:59:00-05:00,10.0,-6352.959999999932,1.0,last_observed_quote_not_settlement,1036.0,1144,92,9.050000000000011,-4552.9599999999555,2024-03-05T09:32:00-05:00,0.0,8.899999999999977,-4252.959999999887,2024-03-05T09:33:00-05:00,0.0,8.500000000000057,-3452.9600000000464,2024-03-05T09:36:00-05:00,0.0,8.649999999999977,-3752.9599999998873,2024-03-05T09:41:00-05:00,0.0,8.549999999999955,-3552.959999999842,2024-03-05T09:46:00-05:00,0.0,7.399999999999977,-1252.9599999998857,2024-03-05T10:01:00-05:00,0.0,8.100000000000023,-2652.959999999978,2024-03-05T10:31:00-05:00,0.0,9.199999999999932,-4852.959999999796,2024-03-05T11:31:00-05:00,0.0,9.850000000000023,-6152.959999999978,2024-03-05T16:00:00-05:00,0.0,,,2024-03-06T15:59:00-05:00,60.0,7.050000000000011,-552.9599999999539,2024-03-07T16:00:00-05:00,0.0,,,2024-03-08T15:59:00-05:00,60.0,4356.0,hit,4363.0,hit,,never_hit,,never_hit,,never_hit,,never_hit,,never_hit,1.0,hit,1.0,hit,1.0,hit,1.0,hit,1.0,hit,6.0,hit,,,True,True,True,False,2.5500000000000256,,,True,True,True,False,2.5500000000000256,,,True,True,True,False,2.5500000000000256,,,True,True,True,False,2.5500000000000256,,,,,,,,,,,,,,,,,,,,,,,,,,,,,,,,,,,,,,,,,,,,,,,,,,,,,,,,,,,,,,,,,1676
2024-03-06,2024-03-08,2,5.0,2024-03-06T09:31:00-05:00,4.949999999999989,NDXP  240308P18130000,NDXP  240308P18120000,development,False,False,0,0,0,4,0,1195,available,False,2024-03-06T09:31:00-05:00,2024-03-08T15:59:00-05:00,9.850000000000009,-10052.96000000004,1.0,last_observed_quote_not_settlement,1036.0,470,53,5.399999999999977,-1152.9599999999766,2024-03-06T09:32:00-05:00,0.0,5.0,-352.96000000002203,2024-03-06T09:33:00-05:00,0.0,5.450000000000017,-1252.9600000000562,2024-03-06T09:36:00-05:00,0.0,5.349999999999994,-1052.9600000000107,2024-03-06T09:41:00-05:00,0.0,5.150000000000034,-652.9600000000903,2024-03-06T09:46:00-05:00,0.0,6.300000000000011,-2952.9600000000446,2024-03-06T10:01:00-05:00,0.0,7.200000000000017,-4752.960000000056,2024-03-06T10:31:00-05:00,0.0,5.449999999999989,-1252.9599999999994,2024-03-06T11:31:00-05:00,0.0,7.600000000000023,-5552.960000000067,2024-03-06T16:00:00-05:00,0.0,2.25,5147.039999999978,2024-03-07T16:00:00-05:00,0.0,,,2024-03-08T15:59:00-05:00,60.0,,,,,0.0,hit,0.0,hit,14.0,hit,14.0,hit,1686.0,hit,1844.0,hit,2902.0,hit,3.0,hit,25.0,hit,36.0,hit,3090.0,hit,3143.0,hit,3240.0,hit,5.800000000000011,12,False,False,False,False,,7.75,314,True,False,False,False,,7.75,314,True,False,False,False,,7.75,314,True,False,False,False,,14.0,2024-03-06T09:45:00-05:00,2.5500000000000114,4547.039999999955,1516.0,2024-03-07T10:47:00-05:00,2.8500000000000014,3947.039999999975,1552.0,2024-03-07T11:23:00-05:00,2.8999999999999986,3847.039999999981,15.0,2024-03-06T09:46:00-05:00,5.150000000000034,-652.9600000000903,1686.0,2024-03-07T13:37:00-05:00,1.9499999999999993,5747.039999999979,1701.0,2024-03-07T13:52:00-05:00,1.8999999999999986,5847.039999999981,1702.0,2024-03-07T13:53:00-05:00,1.9000000000000021,5847.039999999974,1687.0,2024-03-07T13:38:00-05:00,2.0,5647.039999999978,1844.0,2024-03-07T16:15:00-05:00,0.5500000000000043,8547.03999999997,2896.0,2024-03-08T09:47:00-05:00,0.7000000000000002,8247.039999999979,2897.0,2024-03-08T09:48:00-05:00,0.5999999999999996,8447.039999999979,,,,,2904.0,2024-03-08T09:55:00-05:00,0.39999999999999947,8847.039999999979,2905.0,2024-03-08T09:56:00-05:00,0.39999999999999947,8847.039999999979,2906.0,2024-03-08T09:57:00-05:00,0.39999999999999947,8847.039999999979,2905.0,2024-03-08T09:56:00-05:00,0.39999999999999947,8847.039999999979,1677
2024-03-06,2024-03-08,2,6.0,2024-03-06T09:31:00-05:00,6.149999999999977,NDXP  240308P18190000,NDXP  240308P18180000,development,False,False,0,0,0,21,0,1178,available,False,2024-03-06T09:31:00-05:00,2024-03-08T15:59:00-05:00,10.0,-7852.9600000000455,1.0,last_observed_quote_not_settlement,1036.0,457,79,6.300000000000011,-552.9600000000676,2024-03-06T09:32:00-05:00,0.0,6.800000000000011,-1552.9600000000676,2024-03-06T09:33:00-05:00,0.0,6.5499999999999545,-1052.9599999999539,2024-03-06T09:36:00-05:00,0.0,6.650000000000006,-1252.9600000000562,2024-03-06T09:41:00-05:00,0.0,6.550000000000011,-1052.9600000000676,2024-03-06T09:46:00-05:00,0.0,6.25,-452.9600000000448,2024-03-06T10:01:00-05:00,0.0,7.5,-2952.9600000000446,2024-03-06T10:31:00-05:00,0.0,6.150000000000006,-252.96000000005614,2024-03-06T11:31:00-05:00,0.0,7.0,-1952.9600000000448,2024-03-06T16:00:00-05:00,0.0,3.200000000000003,5647.03999999995,2024-03-07T16:00:00-05:00,0.0,,,2024-03-08T15:59:00-05:00,60.0,,,,,29.0,hit,29.0,hit,1511.0,hit,1606.0,hit,2881.0,hit,2903.0,hit,2916.0,hit,2.0,hit,8.0,hit,7.0,hit,28.0,hit,3084.0,hit,3112.0,hit,8.599999999999966,283,True,True,False,False,,8.599999999999966,283,True,True,False,False,,8.599999999999966,283,True,True,False,False,,8.599999999999966,283,True,True,False,False,,1627.0,2024-03-07T12:38:00-05:00,2.9499999999999957,6147.039999999964,1682.0,2024-03-07T13:33:00-05:00,2.8500000000000014,6347.039999999953,1683.0,2024-03-07T13:34:00-05:00,2.8500000000000014,6347.039999999953,1628.0,2024-03-07T12:39:00-05:00,3.0,6047.039999999955,2881.0,2024-03-08T09:32:00-05:00,1.8999999999999986,8247.039999999959,2882.0,2024-03-08T09:33:00-05:00,1.8999999999999986,8247.039999999959,2883.0,2024-03-08T09:34:00-05:00,1.9000000000000021,8247.039999999952,2882.0,2024-03-08T09:33:00-05:00,1.8999999999999986,8247.039999999959,2905.0,2024-03-08T09:56:00-05:00,0.8999999999999986,10247.039999999959,2906.0,2024-03-08T09:57:00-05:00,0.75,10547.039999999955,2907.0,2024-03-08T09:58:00-05:00,0.75,10547.039999999955,2906.0,2024-03-08T09:57:00-05:00,0.75,10547.039999999955,2916.0,2024-03-08T10:07:00-05:00,0.40000000000000036,11247.039999999955,2924.0,2024-03-08T10:15:00-05:00,0.39999999999999947,11247.039999999957,2925.0,2024-03-08T10:16:00-05:00,0.40000000000000036,11247.039999999955,2917.0,2024-03-08T10:08:00-05:00,0.5499999999999998,10947.039999999957,1678
2024-03-06,2024-03-08,2,7.0,2024-03-06T09:31:00-05:00,6.950000000000017,NDXP  240308P18260000,NDXP  240308P18250000,development,False,False,0,0,0,31,0,1168,available,False,2024-03-06T09:31:00-05:00,2024-03-08T15:59:00-05:00,9.700000000000017,-5752.960000000001,1.0,last_observed_quote_not_settlement,1036.0,493,49,7.200000000000017,-752.9599999999994,2024-03-06T09:32:00-05:00,0.0,6.550000000000011,547.040000000012,2024-03-06T09:33:00-05:00,0.0,6.649999999999977,347.0400000000803,2024-03-06T09:36:00-05:00,0.0,7.100000000000023,-552.9600000000107,2024-03-06T09:41:00-05:00,0.0,7.050000000000011,-452.95999999998793,2024-03-06T09:46:00-05:00,0.0,7.899999999999977,-2152.9599999999195,2024-03-06T10:01:00-05:00,0.0,8.499999999999943,-3352.959999999853,2024-03-06T10:31:00-05:00,0.0,6.999999999999972,-352.95999999990835,2024-03-06T11:31:00-05:00,0.0,8.149999999999977,-2652.9599999999214,2024-03-06T16:00:00-05:00,0.0,5.1000000000000085,3447.0400000000177,2024-03-07T16:00:00-05:00,0.0,,,2024-03-08T15:59:00-05:00,60.0,,,,,185.0,hit,1467.0,hit,1606.0,hit,2884.0,hit,2906.0,hit,2938.0,hit,,never_hit,6.0,hit,23.0,hit,1.0,hit,23.0,hit,37.0,hit,43.0,hit,9.5,282,True,True,True,True,,9.5,282,True,True,True,True,,9.5,282,True,True,True,True,,,,True,True,True,False,6.100000000000017,2884.0,2024-03-08T09:35:00-05:00,2.8500000000000014,7947.040000000032,2898.0,2024-03-08T09:49:00-05:00,2.650000000000002,8347.040000000032,2899.0,2024-03-08T09:50:00-05:00,2.400000000000002,8847.040000000032,2885.0,2024-03-08T09:36:00-05:00,3.6000000000000085,6447.040000000018,2906.0,2024-03-08T09:57:00-05:00,1.9000000000000021,9847.040000000032,2907.0,2024-03-08T09:58:00-05:00,1.8499999999999979,9947.040000000039,2908.0,2024-03-08T09:59:00-05:00,1.7999999999999972,10047.04000000004,2907.0,2024-03-08T09:58:00-05:00,1.8499999999999979,9947.040000000039,2938.0,2024-03-08T10:29:00-05:00,0.8499999999999996,11947.040000000037,2939.0,2024-03-08T10:30:00-05:00,0.9000000000000004,11847.040000000035,2940.0,2024-03-08T10:31:00-05:00,0.8999999999999995,11847.040000000037,2939.0,2024-03-08T10:30:00-05:00,0.9000000000000004,11847.040000000035,,,,,,,,,,,,,,,,,1679
2024-03-08,2024-03-11,3,5.0,2024-03-08T09:31:00-05:00,4.950000000000017,NDXP  240311P18320000,NDXP  240311P18310000,development,False,False,0,0,0,153,0,641,available,False,2024-03-08T09:31:00-05:00,2024-03-11T15:59:00-04:00,10.0,-10252.959999999965,1.0,last_observed_quote_not_settlement,3916.0,456,9,4.8500000000000085,-52.95999999998224,2024-03-08T09:32:00-05:00,0.0,4.849999999999994,-52.959999999953816,2024-03-08T09:33:00-05:00,0.0,4.999999999999986,-352.95999999993677,2024-03-08T09:36:00-05:00,0.0,4.8500000000000085,-52.95999999998224,2024-03-08T09:41:00-05:00,0.0,6.999999999999986,-4352.959999999936,2024-03-08T09:46:00-05:00,0.0,3.8500000000000014,1947.040000000032,2024-03-08T10:01:00-05:00,0.0,3.0500000000000043,3547.0400000000263,2024-03-08T10:31:00-05:00,0.0,7.500000000000028,-5352.960000000022,2024-03-08T11:31:00-05:00,0.0,9.699999999999989,-9752.959999999943,2024-03-08T16:00:00-05:00,0.0,,,2024-03-08T16:15:00-05:00,85500.0,,,2024-03-08T16:15:00-05:00,171900.0,,,2024-03-11T15:59:00-04:00,60.0,0.0,hit,0.0,hit,25.0,hit,,never_hit,,never_hit,,never_hit,,never_hit,7.0,hit,9.0,hit,107.0,hit,149.0,hit,204.0,hit,204.0,hit,,,True,True,True,False,1.9000000000000128,,,True,True,True,False,1.9000000000000128,,,True,True,True,False,1.9000000000000128,,,True,True,True,False,1.9000000000000128,,,,,,,,,,,,,,,,,,,,,,,,,,,,,,,,,,,,,,,,,,,,,,,,,,,,,,,,,,,,,,,,,1680
2024-03-08,2024-03-11,3,6.0,2024-03-08T09:31:00-05:00,5.950000000000017,NDXP  240311P18350000,NDXP  240311P18340000,development,False,False,0,0,0,175,0,619,available,False,2024-03-08T09:31:00-05:00,2024-03-11T15:59:00-04:00,10.0,-8252.959999999965,1.0,last_observed_quote_not_settlement,3916.0,399,12,6.0,-352.9599999999652,2024-03-08T09:32:00-05:00,0.0,5.050000000000011,1547.040000000012,2024-03-08T09:33:00-05:00,0.0,5.400000000000006,847.0400000000234,2024-03-08T09:36:00-05:00,0.0,5.599999999999994,447.0400000000462,2024-03-08T09:41:00-05:00,0.0,6.650000000000006,-1652.9599999999766,2024-03-08T09:46:00-05:00,0.0,4.349999999999994,2947.0400000000463,2024-03-08T10:01:00-05:00,0.0,3.6000000000000085,4447.040000000018,2024-03-08T10:31:00-05:00,0.0,8.099999999999994,-4552.9599999999555,2024-03-08T11:31:00-05:00,0.0,9.0,-6352.959999999967,2024-03-08T16:00:00-05:00,0.0,,,2024-03-08T16:15:00-05:00,85500.0,,,2024-03-08T16:15:00-05:00,171900.0,,,2024-03-11T15:59:00-04:00,60.0,2.0,hit,16.0,hit,36.0,hit,,never_hit,,never_hit,,never_hit,,never_hit,15.0,hit,106.0,hit,106.0,hit,119.0,hit,205.0,hit,223.0,hit,,,True,True,True,False,2.6000000000000156,,,True,True,True,False,2.6000000000000156,,,True,True,True,False,2.6000000000000156,,,True,True,True,False,2.6000000000000156,,,,,,,,,,,,,,,,,,,,,,,,,,,,,,,,,,,,,,,,,,,,,,,,,,,,,,,,,,,,,,,,,1681
2024-03-08,2024-03-11,3,7.0,2024-03-08T09:31:00-05:00,6.949999999999989,NDXP  240311P18410000,NDXP  240311P18400000,development,False,False,0,0,0,161,0,633,available,False,2024-03-08T09:31:00-05:00,2024-03-11T15:59:00-04:00,10.0,-6252.960000000023,1.0,last_observed_quote_not_settlement,3918.0,439,7,6.450000000000017,747.0399999999438,2024-03-08T09:32:00-05:00,0.0,6.549999999999983,547.040000000012,2024-03-08T09:33:00-05:00,0.0,7.0,-352.96000000002203,2024-03-08T09:36:00-05:00,0.0,6.300000000000011,1047.0399999999552,2024-03-08T09:41:00-05:00,0.0,6.5,647.0399999999779,2024-03-08T09:46:00-05:00,0.0,5.150000000000006,3347.0399999999668,2024-03-08T10:01:00-05:00,0.0,4.650000000000006,4347.039999999966,2024-03-08T10:31:00-05:00,0.0,8.75,-3852.9600000000237,2024-03-08T11:31:00-05:00,0.0,,,2024-03-08T15:59:00-05:00,60.0,,,2024-03-08T16:15:00-05:00,85500.0,,,2024-03-08T16:15:00-05:00,171900.0,,,2024-03-11T15:59:00-04:00,60.0,26.0,hit,36.0,hit,,never_hit,,never_hit,,never_hit,,never_hit,,never_hit,99.0,hit,107.0,hit,5.0,hit,110.0,hit,118.0,hit,124.0,hit,,,True,True,True,False,2.59999999999998,,,True,True,True,False,2.59999999999998,,,True,True,True,False,2.59999999999998,,,True,True,True,False,2.59999999999998,,,,,,,,,,,,,,,,,,,,,,,,,,,,,,,,,,,,,,,,,,,,,,,,,,,,,,,,,,,,,,,,,1682
2024-03-11,2024-03-13,2,5.0,2024-03-11T09:31:00-04:00,4.800000000000011,NDXP  240313P18000000,NDXP  240313P17990000,development,False,False,0,0,0,2,15,1198,available,False,2024-03-11T09:31:00-04:00,2024-03-13T16:00:00-04:00,0.025000000000000355,9297.040000000023,0.0,last_observed_quote_not_settlement,1036.0,404,22,5.399999999999977,-1452.9599999999311,2024-03-11T09:32:00-04:00,0.0,5.800000000000011,-2252.959999999999,2024-03-11T09:33:00-04:00,0.0,5.099999999999966,-852.9599999999084,2024-03-11T09:36:00-04:00,0.0,4.800000000000011,-252.9599999999993,2024-03-11T09:41:00-04:00,0.0,5.0,-652.9599999999766,2024-03-11T09:46:00-04:00,0.0,5.600000000000023,-1852.960000000022,2024-03-11T10:01:00-04:00,0.0,5.349999999999966,-1352.9599999999084,2024-03-11T10:31:00-04:00,0.0,5.699999999999989,-2052.9599999999537,2024-03-11T11:31:00-04:00,0.0,5.350000000000023,-1352.960000000022,2024-03-11T16:00:00-04:00,0.0,0.8499999999999996,7647.0400000000245,2024-03-12T16:00:00-04:00,0.0,0.025000000000000355,9297.040000000023,2024-03-13T16:00:00-04:00,0.0,,,,,0.0,hit,0.0,hit,1440.0,hit,1494.0,hit,1521.0,hit,1800.0,hit,3098.0,hit,1.0,hit,2.0,hit,37.0,hit,,never_hit,,never_hit,,never_hit,7.300000000000011,404,True,False,False,False,,7.300000000000011,404,True,False,False,False,,7.300000000000011,404,True,False,False,False,,7.300000000000011,404,True,False,False,False,,1496.0,2024-03-12T10:27:00-04:00,2.8999999999999986,3547.0400000000263,1499.0,2024-03-12T10:30:00-04:00,2.799999999999997,3747.040000000029,1500.0,2024-03-12T10:31:00-04:00,2.5,4347.040000000024,1497.0,2024-03-12T10:28:00-04:00,3.200000000000003,2947.0400000000177,1521.0,2024-03-12T10:52:00-04:00,1.8500000000000014,5647.040000000021,1541.0,2024-03-12T11:12:00-04:00,1.9499999999999993,5447.0400000000245,1553.0,2024-03-12T11:24:00-04:00,1.6999999999999993,5947.0400000000245,1522.0,2024-03-12T10:53:00-04:00,2.0999999999999943,5147.0400000000345,1811.0,2024-03-12T15:42:00-04:00,0.9499999999999993,7447.0400000000245,1812.0,2024-03-12T15:43:00-04:00,0.9000000000000021,7547.040000000019,1813.0,2024-03-12T15:44:00-04:00,0.9499999999999993,7447.0400000000245,1812.0,2024-03-12T15:43:00-04:00,0.9000000000000021,7547.040000000019,3119.0,2024-03-13T13:30:00-04:00,0.42500000000000027,8497.040000000023,3120.0,2024-03-13T13:31:00-04:00,0.17499999999999982,8997.040000000025,3121.0,2024-03-13T13:32:00-04:00,0.3999999999999999,8547.040000000023,3120.0,2024-03-13T13:31:00-04:00,0.17499999999999982,8997.040000000025,1683
2024-03-11,2024-03-13,2,6.0,2024-03-11T09:31:00-04:00,6.049999999999983,NDXP  240313P17990000,NDXP  240313P17980000,development,False,False,0,0,0,17,15,1183,available,False,2024-03-11T09:31:00-04:00,2024-03-13T16:00:00-04:00,0.0,11847.039999999968,0.0,last_observed_quote_not_settlement,1036.0,7,14,5.350000000000023,1147.039999999921,2024-03-11T09:32:00-04:00,0.0,5.149999999999977,1547.040000000012,2024-03-11T09:33:00-04:00,0.0,5.350000000000023,1147.039999999921,2024-03-11T09:36:00-04:00,0.0,4.849999999999994,2147.039999999978,2024-03-11T09:41:00-04:00,0.0,4.400000000000006,3047.0399999999554,2024-03-11T09:46:00-04:00,0.0,6.449999999999989,-1052.9600000000107,2024-03-11T10:01:00-04:00,0.0,5.75,347.0399999999666,2024-03-11T10:31:00-04:00,0.0,5.949999999999989,-52.96000000001066,2024-03-11T11:31:00-04:00,0.0,5.149999999999977,1547.040000000012,2024-03-11T16:00:00-04:00,0.0,0.7000000000000002,10447.039999999966,2024-03-12T16:00:00-04:00,0.0,0.0,11847.039999999968,2024-03-13T16:00:00-04:00,0.0,,,,,1.0,hit,7.0,hit,1440.0,hit,1494.0,hit,1517.0,hit,1793.0,hit,3097.0,hit,4.0,hit,,never_hit,,never_hit,,never_hit,,never_hit,,never_hit,6.699999999999989,7,False,False,False,False,,6.699999999999989,7,False,False,False,False,,6.699999999999989,7,False,False,False,False,,6.699999999999989,7,False,False,False,False,,1494.0,2024-03-12T10:25:00-04:00,2.799999999999997,6247.039999999973,1495.0,2024-03-12T10:26:00-04:00,2.9000000000000057,6047.039999999955,1496.0,2024-03-12T10:27:00-04:00,2.9000000000000057,6047.039999999955,1495.0,2024-03-12T10:26:00-04:00,2.9000000000000057,6047.039999999955,1520.0,2024-03-12T10:51:00-04:00,1.8999999999999986,8047.039999999969,1521.0,2024-03-12T10:52:00-04:00,1.8999999999999986,8047.039999999969,1543.0,2024-03-12T11:14:00-04:00,1.9499999999999993,7947.039999999968,1521.0,2024-03-12T10:52:00-04:00,1.8999999999999986,8047.039999999969,1810.0,2024-03-12T15:41:00-04:00,0.9000000000000021,10047.039999999963,1811.0,2024-03-12T15:42:00-04:00,0.8000000000000007,10247.039999999966,1812.0,2024-03-12T15:43:00-04:00,0.7999999999999989,10247.03999999997,1811.0,2024-03-12T15:42:00-04:00,0.8000000000000007,10247.039999999966,3098.0,2024-03-13T13:09:00-04:00,0.42500000000000027,10997.039999999966,3101.0,2024-03-13T13:12:00-04:00,0.3999999999999999,11047.039999999966,3102.0,2024-03-13T13:13:00-04:00,0.42500000000000027,10997.039999999966,3099.0,2024-03-13T13:10:00-04:00,0.4500000000000002,10947.039999999966,1684
2024-03-11,2024-03-13,2,7.0,2024-03-11T09:31:00-04:00,6.9500000000000455,NDXP  240313P18180000,NDXP  240313P18170000,development,False,False,0,0,0,20,0,1179,available,False,2024-03-11T09:31:00-04:00,2024-03-13T15:58:00-04:00,9.649999999999991,-5652.959999999893,2.0,last_observed_quote_not_settlement,1036.0,712,107,7.449999999999932,-1252.959999999772,2024-03-11T09:32:00-04:00,0.0,7.399999999999977,-1152.959999999863,2024-03-11T09:33:00-04:00,0.0,7.349999999999966,-1052.9599999998402,2024-03-11T09:36:00-04:00,0.0,6.899999999999977,-152.95999999986287,2024-03-11T09:41:00-04:00,0.0,7.249999999999943,-852.9599999997947,2024-03-11T09:46:00-04:00,0.0,7.75,-1852.9599999999084,2024-03-11T10:01:00-04:00,0.0,6.850000000000023,-52.959999999953816,2024-03-11T10:31:00-04:00,0.0,7.75,-1852.9599999999084,2024-03-11T11:31:00-04:00,0.0,8.250000000000057,-2852.9600000000237,2024-03-11T16:00:00-04:00,0.0,0.4000000000000057,12847.04000000008,2024-03-12T16:00:00-04:00,0.0,,,2024-03-13T15:58:00-04:00,120.0,,,,,1500.0,hit,1518.0,hit,1780.0,hit,1829.0,hit,1829.0,hit,1829.0,hit,1829.0,hit,3.0,hit,3.0,hit,1.0,hit,3.0,hit,2969.0,hit,3013.0,hit,8.949999999999932,381,True,True,False,False,,8.949999999999932,381,True,True,False,False,,8.949999999999932,381,True,True,False,False,,8.949999999999932,381,True,True,False,False,,1829.0,2024-03-12T16:00:00-04:00,0.4000000000000057,12847.04000000008,,,,,,,,,1830.0,2024-03-12T16:01:00-04:00,3.75,6147.040000000092,1829.0,2024-03-12T16:00:00-04:00,0.4000000000000057,12847.04000000008,,,,,,,,,1830.0,2024-03-12T16:01:00-04:00,3.75,6147.040000000092,1829.0,2024-03-12T16:00:00-04:00,0.4000000000000057,12847.04000000008,,,,,,,,,1830.0,2024-03-12T16:01:00-04:00,3.75,6147.040000000092,1829.0,2024-03-12T16:00:00-04:00,0.4000000000000057,12847.04000000008,,,,,,,,,1830.0,2024-03-12T16:01:00-04:00,3.75,6147.040000000092,1685
2024-03-11,2024-03-14,3,5.0,2024-03-11T09:31:00-04:00,4.899999999999977,NDXP  240314P18110000,NDXP  240314P18100000,development,False,False,0,0,0,31,0,1574,available,False,2024-03-11T09:31:00-04:00,2024-03-14T16:00:00-04:00,10.0,-10352.960000000045,0.0,last_observed_quote_not_settlement,1036.0,1018,78,7.0499999999999545,-4552.959999999954,2024-03-11T09:32:00-04:00,0.0,6.2999999999999545,-3052.9599999999537,2024-03-11T09:33:00-04:00,0.0,7.400000000000034,-5252.960000000113,2024-03-11T09:36:00-04:00,0.0,6.5,-3452.9600000000446,2024-03-11T09:41:00-04:00,0.0,5.5,-1452.9600000000448,2024-03-11T09:46:00-04:00,0.0,6.849999999999966,-4152.959999999976,2024-03-11T10:01:00-04:00,0.0,7.650000000000006,-5752.960000000056,2024-03-11T10:31:00-04:00,0.0,6.400000000000034,-3252.960000000113,2024-03-11T11:31:00-04:00,0.0,6.75,-3952.9600000000446,2024-03-11T16:00:00-04:00,0.0,2.8500000000000085,3847.039999999938,2024-03-12T16:00:00-04:00,0.0,5.0,-452.9600000000448,2024-03-13T16:00:00-04:00,0.0,10.0,-10352.960000000045,2024-03-14T16:00:00-04:00,0.0,0.0,hit,0.0,hit,1508.0,hit,1556.0,hit,,never_hit,,never_hit,,never_hit,1.0,hit,1.0,hit,1.0,hit,45.0,hit,4528.0,hit,4538.0,hit,8.050000000000011,449,True,True,False,False,,,,True,True,True,False,2.1499999999999773,,,True,True,True,False,2.1499999999999773,,,True,True,True,False,2.1499999999999773,1807.0,2024-03-12T15:38:00-04:00,2.9499999999999957,3647.0399999999636,1812.0,2024-03-12T15:43:00-04:00,2.8999999999999986,3747.039999999958,1818.0,2024-03-12T15:49:00-04:00,2.8500000000000014,3847.039999999952,1808.0,2024-03-12T15:39:00-04:00,3.0,3547.0399999999554,,,,,,,,,,,,,,,,,,,,,,,,,,,,,,,,,,,,,,,,,,,,,,,,,1686
2024-03-11,2024-03-14,3,6.0,2024-03-11T09:31:00-04:00,6.0,NDXP  240314P18030000,NDXP  240314P18020000,development,False,False,0,0,0,4,0,1600,available,False,2024-03-11T09:31:00-04:00,2024-03-14T15:59:00-04:00,8.550000000000002,-5352.960000000006,1.0,last_observed_quote_not_settlement,1036.0,134,51,5.099999999999994,1547.040000000012,2024-03-11T09:32:00-04:00,0.0,5.899999999999977,-52.959999999953816,2024-03-11T09:33:00-04:00,0.0,6.199999999999989,-652.9599999999766,2024-03-11T09:36:00-04:00,0.0,4.900000000000006,1947.0399999999893,2024-03-11T09:41:00-04:00,0.0,5.049999999999983,1647.0400000000348,2024-03-11T09:46:00-04:00,0.0,5.849999999999966,47.04000000006892,2024-03-11T10:01:00-04:00,0.0,5.150000000000006,1447.0399999999893,2024-03-11T10:31:00-04:00,0.0,5.599999999999966,547.0400000000689,2024-03-11T11:31:00-04:00,0.0,5.75,247.04000000000067,2024-03-11T16:00:00-04:00,0.0,1.9499999999999957,7847.040000000009,2024-03-12T16:00:00-04:00,0.0,3.6999999999999886,4347.040000000024,2024-03-13T16:00:00-04:00,0.0,,,2024-03-14T15:59:00-04:00,60.0,1.0,hit,6.0,hit,1459.0,hit,1508.0,hit,1795.0,hit,2932.0,hit,2932.0,hit,4.0,hit,31.0,hit,31.0,hit,44.0,hit,4661.0,hit,4664.0,hit,8.25,28,True,True,False,False,,8.25,28,True,True,False,False,,8.25,28,True,True,False,False,,8.25,28,True,True,False,False,,1515.0,2024-03-12T10:46:00-04:00,2.9000000000000057,5947.039999999989,1518.0,2024-03-12T10:49:00-04:00,2.8000000000000043,6147.039999999992,1519.0,2024-03-12T10:50:00-04:00,2.799999999999997,6147.040000000006,1516.0,2024-03-12T10:47:00-04:00,3.1500000000000057,5447.039999999989,1795.0,2024-03-12T15:26:00-04:00,1.8000000000000043,8147.039999999993,1814.0,2024-03-12T15:45:00-04:00,1.8999999999999915,7947.040000000018,1823.0,2024-03-12T15:54:00-04:00,1.8499999999999979,8047.0400000000045,1796.0,2024-03-12T15:27:00-04:00,2.049999999999997,7647.040000000006,2932.0,2024-03-13T10:23:00-04:00,0.0,11747.04,,,,,,,,,2933.0,2024-03-13T10:24:00-04:00,3.5999999999999943,4547.040000000012,2932.0,2024-03-13T10:23:00-04:00,0.0,11747.04,,,,,,,,,2933.0,2024-03-13T10:24:00-04:00,3.5999999999999943,4547.040000000012,1687
2024-03-11,2024-03-14,3,7.0,2024-03-11T09:31:00-04:00,7.0,NDXP  240314P18180000,NDXP  240314P18170000,development,False,False,0,0,0,29,0,1576,available,False,2024-03-11T09:31:00-04:00,2024-03-14T16:00:00-04:00,10.0,-6152.96,0.0,last_observed_quote_not_settlement,1036.0,546,184,6.400000000000091,947.0399999998187,2024-03-11T09:32:00-04:00,0.0,6.849999999999966,47.04000000006892,2024-03-11T09:33:00-04:00,0.0,7.050000000000068,-352.9600000001357,2024-03-11T09:36:00-04:00,0.0,6.899999999999977,-52.959999999953816,2024-03-11T09:41:00-04:00,0.0,7.350000000000023,-952.9600000000448,2024-03-11T09:46:00-04:00,0.0,7.249999999999943,-752.9599999998857,2024-03-11T10:01:00-04:00,0.0,6.400000000000091,947.0399999998187,2024-03-11T10:31:00-04:00,0.0,7.449999999999989,-1152.9599999999766,2024-03-11T11:31:00-04:00,0.0,6.600000000000023,547.0399999999552,2024-03-11T16:00:00-04:00,0.0,3.9000000000000057,5947.039999999989,2024-03-12T16:00:00-04:00,0.0,5.300000000000011,3147.039999999978,2024-03-13T16:00:00-04:00,0.0,10.0,-6152.96,2024-03-14T16:00:00-04:00,0.0,379.0,hit,1496.0,hit,1663.0,hit,,never_hit,,never_hit,,never_hit,,never_hit,3.0,hit,3.0,hit,0.0,hit,3.0,hit,4340.0,hit,4340.0,hit,,,True,True,True,False,3.6499999999999915,,,True,True,True,False,3.6499999999999915,,,True,True,True,False,3.6499999999999915,,,True,True,True,False,3.6499999999999915,,,,,,,,,,,,,,,,,,,,,,,,,,,,,,,,,,,,,,,,,,,,,,,,,,,,,,,,,,,,,,,,,1688
2024-03-12,2024-03-14,2,5.0,2024-03-12T09:31:00-04:00,4.9500000000000455,NDXP  240314P18160000,NDXP  240314P18150000,development,False,False,0,0,0,35,0,1165,available,False,2024-03-12T09:31:00-04:00,2024-03-14T16:00:00-04:00,10.0,-10252.959999999908,0.0,last_observed_quote_not_settlement,1036.0,877,70,6.250000000000028,-2852.959999999965,2024-03-12T09:32:00-04:00,0.0,5.599999999999994,-1552.959999999897,2024-03-12T09:33:00-04:00,0.0,6.550000000000011,-3452.959999999931,2024-03-12T09:36:00-04:00,0.0,7.649999999999977,-5652.959999999863,2024-03-12T09:41:00-04:00,0.0,7.900000000000006,-6152.95999999992,2024-03-12T09:46:00-04:00,0.0,5.650000000000006,-1652.9599999999198,2024-03-12T10:01:00-04:00,0.0,4.8500000000000085,-52.959999999925394,2024-03-12T10:31:00-04:00,0.0,4.25,1147.0400000000916,2024-03-12T11:31:00-04:00,0.0,3.4000000000000057,2847.0400000000805,2024-03-12T16:00:00-04:00,0.0,6.800000000000011,-3952.959999999931,2024-03-13T16:00:00-04:00,0.0,10.0,-10252.959999999908,2024-03-14T16:00:00-04:00,0.0,,,,,0.0,hit,0.0,hit,118.0,hit,,never_hit,,never_hit,,never_hit,,never_hit,1.0,hit,1.0,hit,8.0,hit,8.0,hit,8.0,hit,2905.0,hit,,,True,True,True,False,1.5500000000000398,,,True,True,True,False,1.5500000000000398,,,True,True,True,False,1.5500000000000398,,,True,True,True,False,1.5500000000000398,,,,,,,,,,,,,,,,,,,,,,,,,,,,,,,,,,,,,,,,,,,,,,,,,,,,,,,,,,,,,,,,,1689
2024-03-12,2024-03-14,2,6.0,2024-03-12T09:31:00-04:00,6.0,NDXP  240314P18180000,NDXP  240314P18170000,development,False,False,0,0,0,29,0,1171,available,False,2024-03-12T09:31:00-04:00,2024-03-14T16:00:00-04:00,10.0,-8152.96,0.0,last_observed_quote_not_settlement,1036.0,692,94,6.200000000000017,-652.9600000000335,2024-03-12T09:32:00-04:00,0.0,6.25,-752.9599999999994,2024-03-12T09:33:00-04:00,0.0,6.649999999999977,-1552.9599999999539,2024-03-12T09:36:00-04:00,0.0,7.0,-2252.959999999999,2024-03-12T09:41:00-04:00,0.0,7.449999999999932,-3152.9599999998627,2024-03-12T09:46:00-04:00,0.0,6.050000000000011,-352.96000000002203,2024-03-12T10:01:00-04:00,0.0,5.149999999999977,1447.0400000000461,2024-03-12T10:31:00-04:00,0.0,4.449999999999989,2847.0400000000236,2024-03-12T11:31:00-04:00,0.0,3.9000000000000057,3947.0399999999895,2024-03-12T16:00:00-04:00,0.0,5.300000000000011,1147.039999999978,2024-03-13T16:00:00-04:00,0.0,10.0,-8152.96,2024-03-14T16:00:00-04:00,0.0,,,,,28.0,hit,56.0,hit,223.0,hit,,never_hit,,never_hit,,never_hit,,never_hit,3.0,hit,3.0,hit,3.0,hit,16.0,hit,2900.0,hit,2900.0,hit,,,True,True,True,False,2.6499999999999915,,,True,True,True,False,2.6499999999999915,,,True,True,True,False,2.6499999999999915,,,True,True,True,False,2.6499999999999915,,,,,,,,,,,,,,,,,,,,,,,,,,,,,,,,,,,,,,,,,,,,,,,,,,,,,,,,,,,,,,,,,1690
2024-03-12,2024-03-14,2,7.0,2024-03-12T09:31:00-04:00,6.949999999999989,NDXP  240314P18200000,NDXP  240314P18190000,development,False,False,0,0,0,34,0,1166,available,False,2024-03-12T09:31:00-04:00,2024-03-14T16:00:00-04:00,10.0,-6252.960000000023,0.0,last_observed_quote_not_settlement,1036.0,490,111,5.949999999999989,1747.0400000000006,2024-03-12T09:32:00-04:00,0.0,6.699999999999989,247.04000000000067,2024-03-12T09:33:00-04:00,0.0,8.100000000000023,-2552.960000000069,2024-03-12T09:36:00-04:00,0.0,7.350000000000023,-1052.9600000000676,2024-03-12T09:41:00-04:00,0.0,8.799999999999955,-3952.9599999999327,2024-03-12T09:46:00-04:00,0.0,6.800000000000011,47.039999999955235,2024-03-12T10:01:00-04:00,0.0,5.550000000000011,2547.0399999999554,2024-03-12T10:31:00-04:00,0.0,4.75,4147.039999999978,2024-03-12T11:31:00-04:00,0.0,4.299999999999997,5047.039999999984,2024-03-12T16:00:00-04:00,0.0,7.550000000000011,-1452.9600000000448,2024-03-13T16:00:00-04:00,0.0,10.0,-6252.960000000023,2024-03-14T16:00:00-04:00,0.0,,,,,8.0,hit,72.0,hit,384.0,hit,,never_hit,,never_hit,,never_hit,,never_hit,4.0,hit,5.0,hit,4.0,hit,5.0,hit,17.0,hit,2904.0,hit,,,True,True,True,False,3.3999999999999773,,,True,True,True,False,3.3999999999999773,,,True,True,True,False,3.3999999999999773,,,True,True,True,False,3.3999999999999773,,,,,,,,,,,,,,,,,,,,,,,,,,,,,,,,,,,,,,,,,,,,,,,,,,,,,,,,,,,,,,,,,1691
2024-03-15,2024-03-18,3,5.0,2024-03-15T09:31:00-04:00,5.049999999999997,NDXP  240318P17930000,NDXP  240318P17920000,development,False,False,0,0,0,2,0,793,available,False,2024-03-15T09:31:00-04:00,2024-03-18T16:00:00-04:00,0.5750000000000001,8697.039999999995,0.0,last_observed_quote_not_settlement,3916.0,394,9,4.900000000000006,47.03999999998366,2024-03-15T09:32:00-04:00,0.0,5.049999999999983,-252.95999999997088,2024-03-15T09:33:00-04:00,0.0,5.299999999999997,-752.9599999999994,2024-03-15T09:36:00-04:00,0.0,5.599999999999994,-1352.9599999999937,2024-03-15T09:41:00-04:00,0.0,5.750000000000028,-1652.9600000000619,2024-03-15T09:46:00-04:00,0.0,5.699999999999989,-1552.9599999999823,2024-03-15T10:01:00-04:00,0.0,5.799999999999983,-1752.959999999971,2024-03-15T10:31:00-04:00,0.0,6.099999999999994,-2352.9599999999937,2024-03-15T11:31:00-04:00,0.0,7.199999999999989,-4552.959999999982,2024-03-15T16:00:00-04:00,0.0,,,2024-03-15T16:15:00-04:00,85500.0,,,2024-03-15T16:15:00-04:00,171900.0,0.5750000000000001,8697.039999999995,2024-03-18T16:00:00-04:00,0.0,0.0,hit,1.0,hit,7.0,hit,4320.0,hit,4320.0,hit,4324.0,hit,4375.0,hit,6.0,hit,14.0,hit,19.0,hit,,never_hit,,never_hit,,never_hit,7.849999999999994,394,True,False,False,False,,7.849999999999994,394,True,False,False,False,,7.849999999999994,394,True,False,False,False,,7.849999999999994,394,True,False,False,False,,4320.0,2024-03-18T09:31:00-04:00,1.6500000000000021,6547.039999999991,4321.0,2024-03-18T09:32:00-04:00,1.4000000000000004,7047.0399999999945,4322.0,2024-03-18T09:33:00-04:00,1.25,7347.039999999995,4321.0,2024-03-18T09:32:00-04:00,1.4000000000000004,7047.0399999999945,4320.0,2024-03-18T09:31:00-04:00,1.6500000000000021,6547.039999999991,4321.0,2024-03-18T09:32:00-04:00,1.4000000000000004,7047.0399999999945,4322.0,2024-03-18T09:33:00-04:00,1.25,7347.039999999995,4321.0,2024-03-18T09:32:00-04:00,1.4000000000000004,7047.0399999999945,4324.0,2024-03-18T09:35:00-04:00,0.75,8347.039999999995,4358.0,2024-03-18T10:09:00-04:00,0.9499999999999993,7947.039999999996,4359.0,2024-03-18T10:10:00-04:00,0.9499999999999993,7947.039999999996,4325.0,2024-03-18T09:36:00-04:00,1.1499999999999986,7547.039999999998,4375.0,2024-03-18T10:26:00-04:00,0.4249999999999998,8997.039999999995,4376.0,2024-03-18T10:27:00-04:00,0.375,9097.039999999995,4377.0,2024-03-18T10:28:00-04:00,0.4249999999999998,8997.039999999995,4376.0,2024-03-18T10:27:00-04:00,0.375,9097.039999999995,1692
2024-03-15,2024-03-18,3,6.0,2024-03-15T09:31:00-04:00,6.000000000000028,NDXP  240318P18060000,NDXP  240318P18050000,development,False,False,0,0,0,3,0,791,available,False,2024-03-15T09:31:00-04:00,2024-03-18T15:59:00-04:00,10.0,-8152.959999999943,1.0,last_observed_quote_not_settlement,3916.0,556,19,7.700000000000017,-3652.9599999999764,2024-03-15T09:32:00-04:00,0.0,7.699999999999989,-3652.9599999999195,2024-03-15T09:33:00-04:00,0.0,6.950000000000017,-2152.9599999999764,2024-03-15T09:36:00-04:00,0.0,7.299999999999983,-2852.959999999908,2024-03-15T09:41:00-04:00,0.0,7.5,-3252.9599999999423,2024-03-15T09:46:00-04:00,0.0,7.849999999999966,-3952.959999999874,2024-03-15T10:01:00-04:00,0.0,7.899999999999977,-4052.959999999897,2024-03-15T10:31:00-04:00,0.0,7.75,-3752.9599999999423,2024-03-15T11:31:00-04:00,0.0,,,2024-03-15T15:59:00-04:00,60.0,,,2024-03-15T16:15:00-04:00,85500.0,,,2024-03-15T16:15:00-04:00,171900.0,,,2024-03-18T15:59:00-04:00,60.0,4320.0,hit,4320.0,hit,4320.0,hit,4323.0,hit,,never_hit,,never_hit,,never_hit,1.0,hit,1.0,hit,1.0,hit,19.0,hit,29.0,hit,192.0,hit,10.0,401,True,True,True,True,,,,True,True,True,False,3.7000000000000277,,,True,True,True,False,3.7000000000000277,,,True,True,True,False,3.7000000000000277,4323.0,2024-03-18T09:34:00-04:00,2.549999999999997,6647.040000000064,4376.0,2024-03-18T10:27:00-04:00,2.6000000000000014,6547.0400000000545,4377.0,2024-03-18T10:28:00-04:00,2.5,6747.040000000057,4324.0,2024-03-18T09:35:00-04:00,4.600000000000001,2547.0400000000545,,,,,,,,,,,,,,,,,,,,,,,,,,,,,,,,,,,,,,,,,,,,,,,,,1693
2024-03-15,2024-03-18,3,7.0,2024-03-15T09:31:00-04:00,6.999999999999972,NDXP  240318P18070000,NDXP  240318P18060000,development,False,False,0,0,0,7,0,787,available,False,2024-03-15T09:31:00-04:00,2024-03-18T15:59:00-04:00,9.950000000000003,-6152.960000000056,1.0,last_observed_quote_not_settlement,3916.0,539,29,7.149999999999977,-552.9600000000107,2024-03-15T09:32:00-04:00,0.0,7.150000000000006,-552.9600000000676,2024-03-15T09:33:00-04:00,0.0,7.599999999999994,-1452.9600000000448,2024-03-15T09:36:00-04:00,0.0,7.650000000000006,-1552.9600000000676,2024-03-15T09:41:00-04:00,0.0,7.899999999999977,-2052.9600000000105,2024-03-15T09:46:00-04:00,0.0,8.100000000000023,-2452.9600000001033,2024-03-15T10:01:00-04:00,0.0,8.0,-2252.960000000058,2024-03-15T10:31:00-04:00,0.0,8.549999999999983,-3352.9600000000237,2024-03-15T11:31:00-04:00,0.0,8.700000000000017,-3652.960000000092,2024-03-15T16:00:00-04:00,0.0,,,2024-03-15T16:15:00-04:00,85500.0,,,2024-03-15T16:15:00-04:00,171900.0,,,2024-03-18T15:59:00-04:00,60.0,4321.0,hit,4321.0,hit,4331.0,hit,4375.0,hit,,never_hit,,never_hit,,never_hit,5.0,hit,14.0,hit,1.0,hit,14.0,hit,58.0,hit,191.0,hit,10.0,396,True,True,True,True,,,,True,True,True,False,4.449999999999967,,,True,True,True,False,4.449999999999967,,,True,True,True,False,4.449999999999967,4375.0,2024-03-18T10:26:00-04:00,2.900000000000002,7947.03999999994,4376.0,2024-03-18T10:27:00-04:00,2.75,8247.039999999944,4377.0,2024-03-18T10:28:00-04:00,2.75,8247.039999999944,4376.0,2024-03-18T10:27:00-04:00,2.75,8247.039999999944,,,,,,,,,,,,,,,,,,,,,,,,,,,,,,,,,,,,,,,,,,,,,,,,,1694
2024-03-18,2024-03-20,2,5.0,2024-03-18T09:31:00-04:00,4.949999999999989,NDXP  240320P18040000,NDXP  240320P18030000,development,False,False,0,0,16,11,0,1188,available,False,2024-03-18T09:31:00-04:00,2024-03-20T15:59:00-04:00,0.0,9647.039999999979,1.0,last_observed_quote_not_settlement,1036.0,593,100,4.650000000000034,347.03999999990975,2024-03-18T09:32:00-04:00,0.0,5.099999999999966,-552.9599999999539,2024-03-18T09:33:00-04:00,0.0,4.300000000000011,1047.0399999999552,2024-03-18T09:36:00-04:00,0.0,4.550000000000011,547.0399999999552,2024-03-18T09:41:00-04:00,0.0,4.150000000000006,1347.0399999999665,2024-03-18T09:46:00-04:00,0.0,4.650000000000006,347.0399999999666,2024-03-18T10:01:00-04:00,0.0,3.8999999999999915,1847.039999999995,2024-03-18T10:31:00-04:00,0.0,4.550000000000011,547.0399999999552,2024-03-18T11:31:00-04:00,0.0,4.800000000000011,47.039999999955235,2024-03-18T16:00:00-04:00,0.0,4.549999999999997,547.0399999999836,2024-03-19T16:00:00-04:00,0.0,,,2024-03-20T15:59:00-04:00,60.0,,,,,0.0,hit,0.0,hit,3.0,hit,21.0,hit,3192.0,hit,3195.0,hit,3214.0,hit,201.0,hit,313.0,hit,313.0,hit,1500.0,hit,,never_hit,,never_hit,5.099999999999966,1,False,False,False,False,,8.300000000000011,593,True,True,False,False,,8.300000000000011,593,True,True,False,False,,8.300000000000011,593,True,True,False,False,,21.0,2024-03-18T09:52:00-04:00,2.8999999999999773,3847.0400000000236,3156.0,2024-03-20T14:07:00-04:00,2.549999999999997,4547.039999999984,3189.0,2024-03-20T14:40:00-04:00,2.650000000000002,4347.039999999974,22.0,2024-03-18T09:53:00-04:00,4.349999999999966,947.0400000000461,3192.0,2024-03-20T14:43:00-04:00,1.8999999999999968,5847.0399999999845,3195.0,2024-03-20T14:46:00-04:00,0.7000000000000028,8247.039999999974,3196.0,2024-03-20T14:47:00-04:00,1.0999999999999979,7447.039999999982,3193.0,2024-03-20T14:44:00-04:00,2.099999999999998,5447.039999999982,3195.0,2024-03-20T14:46:00-04:00,0.7000000000000028,8247.039999999974,3202.0,2024-03-20T14:53:00-04:00,0.7000000000000002,8247.039999999979,3203.0,2024-03-20T14:54:00-04:00,0.7000000000000002,8247.039999999979,3196.0,2024-03-20T14:47:00-04:00,1.0999999999999979,7447.039999999982,3215.0,2024-03-20T15:06:00-04:00,0.30000000000000027,9047.039999999977,3216.0,2024-03-20T15:07:00-04:00,0.2749999999999997,9097.039999999979,3217.0,2024-03-20T15:08:00-04:00,0.2749999999999999,9097.039999999979,3216.0,2024-03-20T15:07:00-04:00,0.2749999999999997,9097.039999999979,1695
2024-03-18,2024-03-20,2,6.0,2024-03-18T09:31:00-04:00,6.0,NDXP  240320P18120000,NDXP  240320P18110000,development,False,False,0,0,16,2,0,1196,available,False,2024-03-18T09:31:00-04:00,2024-03-20T15:59:00-04:00,0.0,11747.04,1.0,last_observed_quote_not_settlement,1036.0,714,102,5.650000000000006,447.03999999998933,2024-03-18T09:32:00-04:00,0.0,5.2999999999999545,1147.0400000000916,2024-03-18T09:33:00-04:00,0.0,4.949999999999989,1847.0400000000234,2024-03-18T09:36:00-04:00,0.0,5.400000000000006,947.0399999999893,2024-03-18T09:41:00-04:00,0.0,4.950000000000017,1847.0399999999665,2024-03-18T09:46:00-04:00,0.0,5.550000000000011,647.0399999999779,2024-03-18T10:01:00-04:00,0.0,4.949999999999989,1847.0400000000234,2024-03-18T10:31:00-04:00,0.0,5.399999999999977,947.0400000000461,2024-03-18T11:31:00-04:00,0.0,6.25,-752.9599999999994,2024-03-18T16:00:00-04:00,0.0,6.300000000000011,-852.9600000000221,2024-03-19T16:00:00-04:00,0.0,,,2024-03-20T15:59:00-04:00,60.0,,,,,2.0,hit,5.0,hit,3155.0,hit,3191.0,hit,3197.0,hit,3215.0,hit,3229.0,hit,182.0,hit,231.0,hit,231.0,hit,379.0,hit,1452.0,hit,1452.0,hit,9.700000000000045,714,True,True,True,True,,9.700000000000045,714,True,True,True,True,,9.700000000000045,714,True,True,True,True,,9.700000000000045,714,True,True,True,True,,3191.0,2024-03-20T14:42:00-04:00,2.6999999999999957,6347.040000000009,3196.0,2024-03-20T14:47:00-04:00,2.5,6747.040000000001,3197.0,2024-03-20T14:48:00-04:00,2.0,7747.040000000001,3192.0,2024-03-20T14:43:00-04:00,3.5,4747.040000000001,3202.0,2024-03-20T14:53:00-04:00,1.8499999999999996,8047.040000000002,3215.0,2024-03-20T15:06:00-04:00,1.0,9747.04,3216.0,2024-03-20T15:07:00-04:00,0.6999999999999993,10347.040000000003,3203.0,2024-03-20T14:54:00-04:00,1.950000000000001,7847.039999999998,3216.0,2024-03-20T15:07:00-04:00,0.6999999999999993,10347.040000000003,3217.0,2024-03-20T15:08:00-04:00,0.8999999999999995,9947.040000000003,3229.0,2024-03-20T15:20:00-04:00,0.4750000000000001,10797.04,3217.0,2024-03-20T15:08:00-04:00,0.8999999999999995,9947.040000000003,3230.0,2024-03-20T15:21:00-04:00,0.44999999999999973,10847.04,3237.0,2024-03-20T15:28:00-04:00,0.2749999999999999,11197.04,3238.0,2024-03-20T15:29:00-04:00,0.30000000000000004,11147.040000000003,3231.0,2024-03-20T15:22:00-04:00,0.5749999999999997,10597.04,1696
2024-03-18,2024-03-20,2,7.0,2024-03-18T09:31:00-04:00,6.949999999999989,NDXP  240320P18270000,NDXP  240320P18260000,development,False,False,0,0,0,32,0,1166,available,False,2024-03-18T09:31:00-04:00,2024-03-20T15:59:00-04:00,9.950000000000003,-6252.960000000023,1.0,last_observed_quote_not_settlement,1036.0,991,86,7.300000000000011,-952.9600000000448,2024-03-18T09:32:00-04:00,0.0,6.800000000000011,47.039999999955235,2024-03-18T09:33:00-04:00,0.0,6.4500000000000455,747.039999999887,2024-03-18T09:36:00-04:00,0.0,6.5499999999999545,547.0400000000689,2024-03-18T09:41:00-04:00,0.0,6.350000000000023,947.0399999999324,2024-03-18T09:46:00-04:00,0.0,7.199999999999989,-752.9599999999994,2024-03-18T10:01:00-04:00,0.0,6.099999999999994,1447.0399999999893,2024-03-18T10:31:00-04:00,0.0,6.899999999999977,-152.95999999997656,2024-03-18T11:31:00-04:00,0.0,8.849999999999966,-4052.9599999999555,2024-03-18T16:00:00-04:00,0.0,8.299999999999983,-2952.9599999999896,2024-03-19T16:00:00-04:00,0.0,,,2024-03-20T15:59:00-04:00,60.0,,,,,,never_hit,,never_hit,,never_hit,,never_hit,,never_hit,,never_hit,,never_hit,3.0,hit,200.0,hit,1.0,hit,204.0,hit,398.0,hit,1444.0,hit,,,True,True,True,False,1.1000000000000227,,,True,True,True,False,1.1000000000000227,,,True,True,True,False,1.1000000000000227,,,True,True,True,False,1.1000000000000227,,,,,,,,,,,,,,,,,,,,,,,,,,,,,,,,,,,,,,,,,,,,,,,,,,,,,,,,,,,,,,,,,1697
2024-03-18,2024-03-21,3,5.0,2024-03-18T09:31:00-04:00,4.9500000000000455,NDXP  240321P18780000,NDXP  240321P18770000,development,False,False,0,0,0,489,0,1113,available,False,2024-03-18T09:31:00-04:00,2024-03-21T15:58:00-04:00,9.449999999999989,-9252.959999999886,2.0,last_observed_quote_not_settlement,1038.0,810,3,,,2024-03-18T09:31:00-04:00,60.0,9.650000000000091,-9652.960000000092,2024-03-18T09:33:00-04:00,0.0,5.300000000000068,-952.9600000000448,2024-03-18T09:36:00-04:00,0.0,9.450000000000045,-9252.960000000001,2024-03-18T09:41:00-04:00,0.0,9.399999999999977,-9152.959999999865,2024-03-18T09:46:00-04:00,0.0,9.649999999999977,-9652.959999999865,2024-03-18T10:01:00-04:00,0.0,8.800000000000068,-7952.960000000046,2024-03-18T10:31:00-04:00,0.0,9.899999999999864,-10152.959999999637,2024-03-18T11:31:00-04:00,0.0,9.400000000000091,-9152.960000000092,2024-03-18T16:00:00-04:00,0.0,4.5499999999999545,547.0400000001825,2024-03-19T16:00:00-04:00,0.0,,,2024-03-20T15:58:00-04:00,120.0,,,2024-03-21T15:58:00-04:00,120.0,0.0,hit,0.0,hit,3195.0,hit,3195.0,hit,,never_hit,,never_hit,,never_hit,2.0,hit,2.0,hit,2.0,hit,2.0,hit,2.0,hit,2.0,hit,10.0,626,True,True,True,True,,,,True,True,True,False,2.8500000000001364,,,True,True,True,False,2.8500000000001364,,,True,True,True,False,2.8500000000001364,3195.0,2024-03-20T14:46:00-04:00,2.099999999999909,5447.040000000274,,,,,,,,,3196.0,2024-03-20T14:47:00-04:00,9.600000000000023,-9552.959999999955,,,,,,,,,,,,,,,,,,,,,,,,,,,,,,,,,,,,,,,,,,,,,,,,,1698
2024-03-18,2024-03-21,3,6.0,2024-03-18T09:31:00-04:00,6.0,NDXP  240321P18140000,NDXP  240321P18130000,development,False,False,0,0,0,3,0,1601,available,False,2024-03-18T09:31:00-04:00,2024-03-21T16:00:00-04:00,0.0,11747.04,0.0,last_observed_quote_not_settlement,1036.0,579,163,5.599999999999966,547.0400000000689,2024-03-18T09:32:00-04:00,0.0,5.25,1247.0400000000006,2024-03-18T09:33:00-04:00,0.0,5.299999999999983,1147.0400000000348,2024-03-18T09:36:00-04:00,0.0,5.200000000000017,1347.0399999999665,2024-03-18T09:41:00-04:00,0.0,5.100000000000023,1547.0399999999552,2024-03-18T09:46:00-04:00,0.0,5.5,747.0400000000006,2024-03-18T10:01:00-04:00,0.0,4.849999999999994,2047.0400000000122,2024-03-18T10:31:00-04:00,0.0,5.100000000000023,1547.0399999999552,2024-03-18T11:31:00-04:00,0.0,6.25,-752.9599999999994,2024-03-18T16:00:00-04:00,0.0,5.349999999999994,1047.040000000012,2024-03-19T16:00:00-04:00,0.0,2.3000000000000007,7147.039999999999,2024-03-20T16:00:00-04:00,0.0,0.0,11747.04,2024-03-21T16:00:00-04:00,0.0,2.0,hit,9.0,hit,67.0,hit,3216.0,hit,3272.0,hit,4320.0,hit,4320.0,hit,231.0,hit,1440.0,hit,1440.0,hit,1450.0,hit,1489.0,hit,,never_hit,9.299999999999955,579,True,True,True,True,,9.299999999999955,579,True,True,True,True,,9.299999999999955,579,True,True,True,True,,9.299999999999955,579,True,True,True,True,,3216.0,2024-03-20T15:07:00-04:00,2.9499999999999957,5847.040000000009,3230.0,2024-03-20T15:21:00-04:00,2.5,6747.040000000001,3234.0,2024-03-20T15:25:00-04:00,2.6499999999999986,6447.040000000004,3217.0,2024-03-20T15:08:00-04:00,3.0,5747.040000000001,3273.0,2024-03-20T16:04:00-04:00,1.7000000000000028,8347.039999999995,3274.0,2024-03-20T16:05:00-04:00,1.75,8247.04,3275.0,2024-03-20T16:06:00-04:00,1.6999999999999993,8347.040000000003,3274.0,2024-03-20T16:05:00-04:00,1.75,8247.04,4320.0,2024-03-21T09:31:00-04:00,0.17499999999999982,11397.040000000003,4321.0,2024-03-21T09:32:00-04:00,0.25,11247.04,4322.0,2024-03-21T09:33:00-04:00,0.20000000000000018,11347.04,4321.0,2024-03-21T09:32:00-04:00,0.25,11247.04,4320.0,2024-03-21T09:31:00-04:00,0.17499999999999982,11397.040000000003,4321.0,2024-03-21T09:32:00-04:00,0.25,11247.04,4322.0,2024-03-21T09:33:00-04:00,0.20000000000000018,11347.04,4321.0,2024-03-21T09:32:00-04:00,0.25,11247.04,1699
2024-03-18,2024-03-21,3,7.0,2024-03-18T09:31:00-04:00,7.0,NDXP  240321P18290000,NDXP  240321P18280000,development,False,False,0,0,0,6,0,1598,available,False,2024-03-18T09:31:00-04:00,2024-03-21T16:00:00-04:00,0.0,13747.04,0.0,last_observed_quote_not_settlement,1036.0,912,110,5.5,2747.040000000001,2024-03-18T09:32:00-04:00,0.0,6.699999999999989,347.04000000002344,2024-03-18T09:33:00-04:00,0.0,6.399999999999977,947.0400000000461,2024-03-18T09:36:00-04:00,0.0,6.5,747.0400000000006,2024-03-18T09:41:00-04:00,0.0,6.2999999999999545,1147.0400000000916,2024-03-18T09:46:00-04:00,0.0,7.149999999999977,-552.9599999999539,2024-03-18T10:01:00-04:00,0.0,7.050000000000011,-352.96000000002203,2024-03-18T10:31:00-04:00,0.0,6.900000000000034,-52.9600000000675,2024-03-18T11:31:00-04:00,0.0,7.650000000000034,-1552.9600000000676,2024-03-18T16:00:00-04:00,0.0,8.0,-2252.960000000001,2024-03-19T16:00:00-04:00,0.0,5.0,3747.040000000001,2024-03-20T16:00:00-04:00,0.0,0.0,13747.04,2024-03-21T16:00:00-04:00,0.0,1.0,hit,1651.0,hit,1651.0,hit,1651.0,hit,4320.0,hit,4330.0,hit,4334.0,hit,162.0,hit,201.0,hit,0.0,hit,201.0,hit,1440.0,hit,1440.0,hit,10.0,416,True,True,True,True,,10.0,912,True,True,True,True,,10.0,912,True,True,True,True,,10.0,912,True,True,True,True,,1651.0,2024-03-19T13:02:00-04:00,2.2000000000000455,9347.03999999991,4321.0,2024-03-21T09:32:00-04:00,1.2000000000000028,11347.039999999995,4322.0,2024-03-21T09:33:00-04:00,1.25,11247.04,1652.0,2024-03-19T13:03:00-04:00,8.5,-3252.960000000001,4320.0,2024-03-21T09:31:00-04:00,1.2499999999999982,11247.040000000005,4321.0,2024-03-21T09:32:00-04:00,1.2000000000000028,11347.039999999995,4322.0,2024-03-21T09:33:00-04:00,1.25,11247.04,4321.0,2024-03-21T09:32:00-04:00,1.2000000000000028,11347.039999999995,4330.0,2024-03-21T09:41:00-04:00,0.75,12247.04,4331.0,2024-03-21T09:42:00-04:00,0.9000000000000012,11947.039999999999,4372.0,2024-03-21T10:23:00-04:00,0.6500000000000004,12447.04,4331.0,2024-03-21T09:42:00-04:00,0.9000000000000012,11947.039999999999,4334.0,2024-03-21T09:45:00-04:00,0.0,13747.04,4453.0,2024-03-21T11:44:00-04:00,0.44999999999999973,12847.04,4454.0,2024-03-21T11:45:00-04:00,0.375,12997.04,4335.0,2024-03-21T09:46:00-04:00,0.8999999999999986,11947.040000000005,1700
2024-03-19,2024-03-21,2,5.0,2024-03-19T09:31:00-04:00,4.949999999999989,NDXP  240321P17920000,NDXP  240321P17910000,development,False,False,0,0,0,2,15,1198,available,False,2024-03-19T09:31:00-04:00,2024-03-21T16:00:00-04:00,0.0,9647.039999999979,0.0,last_observed_quote_not_settlement,1036.0,110,17,5.400000000000034,-1152.9600000000903,2024-03-19T09:32:00-04:00,0.0,5.150000000000006,-652.9600000000335,2024-03-19T09:33:00-04:00,0.0,5.349999999999966,-1052.9599999999539,2024-03-19T09:36:00-04:00,0.0,5.699999999999989,-1752.9599999999994,2024-03-19T09:41:00-04:00,0.0,5.700000000000017,-1752.9600000000562,2024-03-19T09:46:00-04:00,0.0,5.199999999999989,-752.9599999999994,2024-03-19T10:01:00-04:00,0.0,5.549999999999983,-1452.959999999988,2024-03-19T10:31:00-04:00,0.0,4.850000000000023,-52.9600000000675,2024-03-19T11:31:00-04:00,0.0,3.25,3147.039999999978,2024-03-19T16:00:00-04:00,0.0,0.4500000000000002,8747.039999999979,2024-03-20T16:00:00-04:00,0.0,0.0,9647.039999999979,2024-03-21T16:00:00-04:00,0.0,,,,,0.0,hit,0.0,hit,185.0,hit,384.0,hit,1716.0,hit,1755.0,hit,1797.0,hit,3.0,hit,17.0,hit,,never_hit,,never_hit,,never_hit,,never_hit,6.349999999999966,109,False,False,False,False,,6.349999999999966,109,False,False,False,False,,6.75,110,False,False,False,False,,6.75,110,False,False,False,False,,392.0,2024-03-19T16:03:00-04:00,2.6500000000000057,4347.039999999966,1441.0,2024-03-20T09:32:00-04:00,2.6999999999999886,4247.040000000001,1442.0,2024-03-20T09:33:00-04:00,2.75,4147.039999999978,393.0,2024-03-19T16:04:00-04:00,3.1500000000000057,3347.0399999999668,1716.0,2024-03-20T14:07:00-04:00,1.8999999999999986,5847.039999999981,1740.0,2024-03-20T14:31:00-04:00,1.8999999999999986,5847.039999999981,1753.0,2024-03-20T14:44:00-04:00,1.6000000000000014,6447.039999999975,1717.0,2024-03-20T14:08:00-04:00,2.3500000000000014,4947.039999999975,1764.0,2024-03-20T14:55:00-04:00,0.8500000000000014,7947.039999999975,1776.0,2024-03-20T15:07:00-04:00,0.6500000000000021,8347.039999999975,1777.0,2024-03-20T15:08:00-04:00,0.7500000000000018,8147.0399999999745,1765.0,2024-03-20T14:56:00-04:00,1.049999999999999,7547.03999999998,1802.0,2024-03-20T15:33:00-04:00,0.40000000000000036,8847.039999999979,1803.0,2024-03-20T15:34:00-04:00,0.40000000000000036,8847.039999999979,1835.0,2024-03-20T16:06:00-04:00,0.29999999999999893,9047.03999999998,1803.0,2024-03-20T15:34:00-04:00,0.40000000000000036,8847.039999999979,1701
2024-03-19,2024-03-21,2,6.0,2024-03-19T09:31:00-04:00,5.849999999999994,NDXP  240321P18000000,NDXP  240321P17990000,development,False,False,0,0,0,105,15,1095,available,False,2024-03-19T09:31:00-04:00,2024-03-21T16:00:00-04:00,0.0,11447.03999999999,0.0,last_observed_quote_not_settlement,1036.0,99,62,3.9000000000000057,3647.039999999978,2024-03-19T09:32:00-04:00,0.0,6.0,-552.9600000000107,2024-03-19T09:33:00-04:00,0.0,5.75,-52.96000000001066,2024-03-19T09:36:00-04:00,0.0,7.149999999999977,-2852.959999999965,2024-03-19T09:41:00-04:00,0.0,6.499999999999972,-1552.9599999999539,2024-03-19T09:46:00-04:00,0.0,6.099999999999994,-752.9599999999994,2024-03-19T10:01:00-04:00,0.0,5.75,-52.96000000001066,2024-03-19T10:31:00-04:00,0.0,6.149999999999977,-852.9599999999652,2024-03-19T11:31:00-04:00,0.0,4.099999999999994,3247.040000000001,2024-03-19T16:00:00-04:00,0.0,0.8000000000000007,9847.039999999988,2024-03-20T16:00:00-04:00,0.0,0.0,11447.03999999999,2024-03-21T16:00:00-04:00,0.0,,,,,1.0,hit,1.0,hit,1.0,hit,1715.0,hit,1755.0,hit,1790.0,hit,1837.0,hit,7.0,hit,7.0,hit,7.0,hit,,never_hit,,never_hit,,never_hit,7.850000000000023,99,True,False,False,False,,7.850000000000023,99,True,False,False,False,,7.850000000000023,99,True,False,False,False,,7.850000000000023,99,True,False,False,False,,1715.0,2024-03-20T14:06:00-04:00,2.1499999999999986,7147.039999999992,1716.0,2024-03-20T14:07:00-04:00,2.750000000000007,5947.039999999975,1740.0,2024-03-20T14:31:00-04:00,2.799999999999997,5847.039999999995,1716.0,2024-03-20T14:07:00-04:00,2.750000000000007,5947.039999999975,1755.0,2024-03-20T14:46:00-04:00,1.8500000000000014,7747.039999999986,1756.0,2024-03-20T14:47:00-04:00,1.9000000000000021,7647.039999999985,1757.0,2024-03-20T14:48:00-04:00,1.6499999999999986,8147.039999999993,1756.0,2024-03-20T14:47:00-04:00,1.9000000000000021,7647.039999999985,1797.0,2024-03-20T15:28:00-04:00,0.8999999999999986,9647.039999999994,1798.0,2024-03-20T15:29:00-04:00,0.9499999999999993,9547.039999999992,1799.0,2024-03-20T15:30:00-04:00,0.9000000000000004,9647.03999999999,1798.0,2024-03-20T15:29:00-04:00,0.9499999999999993,9547.039999999992,1842.0,2024-03-20T16:13:00-04:00,0.40000000000000036,10647.03999999999,2881.0,2024-03-21T09:32:00-04:00,0.02499999999999991,11397.03999999999,2882.0,2024-03-21T09:33:00-04:00,0.07500000000000007,11297.03999999999,1843.0,2024-03-20T16:14:00-04:00,0.5,10447.03999999999,1702
2024-03-19,2024-03-21,2,7.0,2024-03-19T09:31:00-04:00,7.0,NDXP  240321P18090000,NDXP  240321P18080000,development,False,False,0,0,0,1,15,1199,available,False,2024-03-19T09:31:00-04:00,2024-03-21T16:00:00-04:00,0.0,13747.04,0.0,last_observed_quote_not_settlement,1036.0,103,44,6.399999999999977,947.0400000000461,2024-03-19T09:32:00-04:00,0.0,6.75,247.04000000000067,2024-03-19T09:33:00-04:00,0.0,6.400000000000034,947.0399999999324,2024-03-19T09:36:00-04:00,0.0,6.800000000000011,147.03999999997797,2024-03-19T09:41:00-04:00,0.0,7.2000000000000455,-652.9600000000903,2024-03-19T09:46:00-04:00,0.0,7.300000000000011,-852.9600000000221,2024-03-19T10:01:00-04:00,0.0,6.849999999999966,47.04000000006892,2024-03-19T10:31:00-04:00,0.0,6.850000000000023,47.039999999955235,2024-03-19T11:31:00-04:00,0.0,5.650000000000006,2447.0399999999895,2024-03-19T16:00:00-04:00,0.0,1.5999999999999979,10547.040000000006,2024-03-20T16:00:00-04:00,0.0,0.0,13747.04,2024-03-21T16:00:00-04:00,0.0,,,,,195.0,hit,195.0,hit,211.0,hit,283.0,hit,1789.0,hit,1840.0,hit,2880.0,hit,7.0,hit,7.0,hit,0.0,hit,7.0,hit,,never_hit,,never_hit,8.550000000000011,101,True,True,False,False,,8.550000000000011,103,True,True,False,False,,8.550000000000011,103,True,True,False,False,,8.550000000000011,103,True,True,False,False,,283.0,2024-03-19T14:14:00-04:00,2.3499999999999943,9047.040000000014,1757.0,2024-03-20T14:48:00-04:00,2.75,8247.04,1764.0,2024-03-20T14:55:00-04:00,2.75,8247.04,284.0,2024-03-19T14:15:00-04:00,5.600000000000023,2547.0399999999554,1789.0,2024-03-20T15:20:00-04:00,1.9000000000000021,9947.039999999997,1790.0,2024-03-20T15:21:00-04:00,1.8999999999999986,9947.040000000005,1798.0,2024-03-20T15:29:00-04:00,1.8000000000000007,10147.04,1790.0,2024-03-20T15:21:00-04:00,1.8999999999999986,9947.040000000005,2880.0,2024-03-21T09:31:00-04:00,0.09999999999999987,13547.040000000003,2881.0,2024-03-21T09:32:00-04:00,0.125,13497.04,2882.0,2024-03-21T09:33:00-04:00,0.09999999999999987,13547.040000000003,2881.0,2024-03-21T09:32:00-04:00,0.125,13497.04,2880.0,2024-03-21T09:31:00-04:00,0.09999999999999987,13547.040000000003,2881.0,2024-03-21T09:32:00-04:00,0.125,13497.04,2882.0,2024-03-21T09:33:00-04:00,0.09999999999999987,13547.040000000003,2881.0,2024-03-21T09:32:00-04:00,0.125,13497.04,1703
2024-03-19,2024-03-22,3,5.0,2024-03-19T09:31:00-04:00,5.0,NDXP  240322P17950000,NDXP  240322P17940000,development,False,False,0,0,0,4,0,1600,available,False,2024-03-19T09:31:00-04:00,2024-03-22T15:59:00-04:00,0.0,9747.04,1.0,last_observed_quote_not_settlement,1036.0,132,21,5.099999999999966,-452.9599999999311,2024-03-19T09:32:00-04:00,0.0,5.349999999999994,-952.959999999988,2024-03-19T09:33:00-04:00,0.0,5.549999999999983,-1352.9599999999652,2024-03-19T09:36:00-04:00,0.0,5.550000000000011,-1352.960000000022,2024-03-19T09:41:00-04:00,0.0,5.799999999999983,-1852.9599999999652,2024-03-19T09:46:00-04:00,0.0,5.550000000000011,-1352.960000000022,2024-03-19T10:01:00-04:00,0.0,5.850000000000023,-1952.9600000000448,2024-03-19T10:31:00-04:00,0.0,5.100000000000023,-452.9600000000448,2024-03-19T11:31:00-04:00,0.0,3.549999999999997,2647.0400000000063,2024-03-19T16:00:00-04:00,0.0,1.0500000000000007,7647.039999999999,2024-03-20T16:00:00-04:00,0.0,0.1499999999999999,9447.04,2024-03-21T16:00:00-04:00,0.0,,,2024-03-22T15:59:00-04:00,60.0,0.0,hit,0.0,hit,194.0,hit,395.0,hit,1752.0,hit,1800.0,hit,2880.0,hit,4.0,hit,8.0,hit,,never_hit,,never_hit,,never_hit,,never_hit,6.150000000000006,132,False,False,False,False,,6.150000000000006,132,False,False,False,False,,6.150000000000006,132,False,False,False,False,,6.150000000000006,132,False,False,False,False,,395.0,2024-03-19T16:06:00-04:00,2.9000000000000057,3947.0399999999895,1712.0,2024-03-20T14:03:00-04:00,2.8999999999999915,3947.0400000000177,1716.0,2024-03-20T14:07:00-04:00,2.5,4747.040000000001,396.0,2024-03-19T16:07:00-04:00,3.6999999999999886,2347.0400000000236,1755.0,2024-03-20T14:46:00-04:00,1.8999999999999986,5947.040000000004,1756.0,2024-03-20T14:47:00-04:00,1.75,6247.040000000001,1757.0,2024-03-20T14:48:00-04:00,1.7000000000000064,6347.039999999988,1756.0,2024-03-20T14:47:00-04:00,1.75,6247.040000000001,1800.0,2024-03-20T15:31:00-04:00,0.9000000000000021,7947.039999999996,1835.0,2024-03-20T16:06:00-04:00,0.8500000000000014,8047.039999999998,1836.0,2024-03-20T16:07:00-04:00,0.7999999999999989,8147.040000000004,1801.0,2024-03-20T15:32:00-04:00,1.1000000000000014,7547.039999999998,2880.0,2024-03-21T09:31:00-04:00,0.17499999999999982,9397.040000000003,2881.0,2024-03-21T09:32:00-04:00,0.15000000000000036,9447.04,2882.0,2024-03-21T09:33:00-04:00,0.20000000000000018,9347.04,2881.0,2024-03-21T09:32:00-04:00,0.15000000000000036,9447.04,1704
2024-03-19,2024-03-22,3,6.0,2024-03-19T09:31:00-04:00,5.949999999999989,NDXP  240322P18030000,NDXP  240322P18020000,development,False,False,0,0,0,0,0,1604,available,False,2024-03-19T09:31:00-04:00,2024-03-22T15:59:00-04:00,0.0,11647.039999999979,1.0,last_observed_quote_not_settlement,1036.0,130,35,6.400000000000006,-1152.9600000000335,2024-03-19T09:32:00-04:00,0.0,6.649999999999977,-1652.9599999999766,2024-03-19T09:33:00-04:00,0.0,6.100000000000023,-552.9600000000676,2024-03-19T09:36:00-04:00,0.0,6.699999999999989,-1752.9599999999994,2024-03-19T09:41:00-04:00,0.0,7.399999999999977,-3152.9599999999764,2024-03-19T09:46:00-04:00,0.0,6.450000000000017,-1252.9600000000562,2024-03-19T10:01:00-04:00,0.0,6.0,-352.96000000002203,2024-03-19T10:31:00-04:00,0.0,6.0,-352.96000000002203,2024-03-19T11:31:00-04:00,0.0,4.25,3147.039999999978,2024-03-19T16:00:00-04:00,0.0,1.3999999999999986,8847.03999999998,2024-03-20T16:00:00-04:00,0.0,0.34999999999999964,10947.039999999979,2024-03-21T16:00:00-04:00,0.0,,,2024-03-22T15:59:00-04:00,60.0,3.0,hit,3.0,hit,211.0,hit,1751.0,hit,1776.0,hit,2880.0,hit,2880.0,hit,2.0,hit,15.0,hit,15.0,hit,,never_hit,,never_hit,,never_hit,7.400000000000034,130,True,False,False,False,,7.400000000000034,130,True,False,False,False,,7.400000000000034,130,True,False,False,False,,7.400000000000034,130,True,False,False,False,,1751.0,2024-03-20T14:42:00-04:00,2.9000000000000057,5847.039999999966,1756.0,2024-03-20T14:47:00-04:00,2.5,6647.039999999978,1757.0,2024-03-20T14:48:00-04:00,2.3999999999999986,6847.039999999981,1752.0,2024-03-20T14:43:00-04:00,3.0,5647.039999999978,1789.0,2024-03-20T15:20:00-04:00,1.75,8147.039999999978,1790.0,2024-03-20T15:21:00-04:00,1.6500000000000057,8347.039999999968,1798.0,2024-03-20T15:29:00-04:00,1.6499999999999986,8347.03999999998,1790.0,2024-03-20T15:21:00-04:00,1.6500000000000057,8347.039999999968,2880.0,2024-03-21T09:31:00-04:00,0.34999999999999964,10947.039999999979,2881.0,2024-03-21T09:32:00-04:00,0.2999999999999998,11047.039999999979,2882.0,2024-03-21T09:33:00-04:00,0.34999999999999964,10947.039999999979,2881.0,2024-03-21T09:32:00-04:00,0.2999999999999998,11047.039999999979,2880.0,2024-03-21T09:31:00-04:00,0.34999999999999964,10947.039999999979,2881.0,2024-03-21T09:32:00-04:00,0.2999999999999998,11047.039999999979,2882.0,2024-03-21T09:33:00-04:00,0.34999999999999964,10947.039999999979,2881.0,2024-03-21T09:32:00-04:00,0.2999999999999998,11047.039999999979,1705
2024-03-19,2024-03-22,3,7.0,2024-03-19T09:31:00-04:00,7.0,NDXP  240322P18150000,NDXP  240322P18140000,development,False,False,0,0,1,19,0,1584,available,False,2024-03-19T09:31:00-04:00,2024-03-22T15:59:00-04:00,0.07500000000000001,13597.04,1.0,last_observed_quote_not_settlement,1036.0,135,45,7.449999999999989,-1152.9599999999766,2024-03-19T09:32:00-04:00,0.0,7.2000000000000455,-652.9600000000903,2024-03-19T09:33:00-04:00,0.0,7.25,-752.9599999999994,2024-03-19T09:36:00-04:00,0.0,7.849999999999966,-1952.9599999999311,2024-03-19T09:41:00-04:00,0.0,7.7999999999999545,-1852.9599999999084,2024-03-19T09:46:00-04:00,0.0,7.0499999999999545,-352.95999999990835,2024-03-19T10:01:00-04:00,0.0,8.300000000000068,-2852.9600000001374,2024-03-19T10:31:00-04:00,0.0,6.600000000000023,547.0399999999552,2024-03-19T11:31:00-04:00,0.0,5.349999999999994,3047.0400000000122,2024-03-19T16:00:00-04:00,0.0,2.5999999999999943,8547.040000000014,2024-03-20T16:00:00-04:00,0.0,1.0,11747.04,2024-03-21T16:00:00-04:00,0.0,,,2024-03-22T15:59:00-04:00,60.0,196.0,hit,213.0,hit,1756.0,hit,1797.0,hit,1809.0,hit,2880.0,hit,2909.0,hit,6.0,hit,13.0,hit,0.0,hit,13.0,hit,,never_hit,,never_hit,8.949999999999989,135,True,True,False,False,,8.949999999999989,135,True,True,False,False,,8.949999999999989,135,True,True,False,False,,8.949999999999989,135,True,True,False,False,,1797.0,2024-03-20T15:28:00-04:00,2.9499999999999957,7847.040000000009,1809.0,2024-03-20T15:40:00-04:00,1.75,10247.04,1833.0,2024-03-20T16:04:00-04:00,2.450000000000003,8847.039999999995,1798.0,2024-03-20T15:29:00-04:00,3.0,7747.040000000001,1809.0,2024-03-20T15:40:00-04:00,1.75,10247.04,2881.0,2024-03-21T09:32:00-04:00,0.6999999999999993,12347.040000000003,2882.0,2024-03-21T09:33:00-04:00,0.7999999999999989,12147.040000000005,1810.0,2024-03-20T15:41:00-04:00,3.1500000000000057,7447.039999999989,2880.0,2024-03-21T09:31:00-04:00,0.75,12247.04,2881.0,2024-03-21T09:32:00-04:00,0.6999999999999993,12347.040000000003,2882.0,2024-03-21T09:33:00-04:00,0.7999999999999989,12147.040000000005,2881.0,2024-03-21T09:32:00-04:00,0.6999999999999993,12347.040000000003,2909.0,2024-03-21T10:00:00-04:00,0.05000000000000071,13647.04,4415.0,2024-03-22T11:06:00-04:00,0.40000000000000036,12947.04,4422.0,2024-03-22T11:13:00-04:00,0.30000000000000004,13147.040000000003,2910.0,2024-03-21T10:01:00-04:00,1.0,11747.04,1706
2024-03-20,2024-03-22,2,5.0,2024-03-20T09:31:00-04:00,4.900000000000006,NDXP  240322P18110000,NDXP  240322P18100000,development,False,False,0,0,0,75,0,1124,available,False,2024-03-20T09:31:00-04:00,2024-03-22T16:00:00-04:00,2.725,4097.040000000012,0.0,last_observed_quote_not_settlement,1036.0,278,16,5.0,-452.95999999998793,2024-03-20T09:32:00-04:00,0.0,4.599999999999994,347.04000000002344,2024-03-20T09:33:00-04:00,0.0,5.050000000000011,-552.9600000000107,2024-03-20T09:36:00-04:00,0.0,5.599999999999994,-1652.9599999999766,2024-03-20T09:41:00-04:00,0.0,5.300000000000011,-1052.9600000000107,2024-03-20T09:46:00-04:00,0.0,5.949999999999989,-2352.959999999965,2024-03-20T10:01:00-04:00,0.0,5.0,-452.95999999998793,2024-03-20T10:31:00-04:00,0.0,5.400000000000006,-1252.9599999999994,2024-03-20T11:31:00-04:00,0.0,2.3999999999999915,4747.040000000029,2024-03-20T16:00:00-04:00,0.0,0.8500000000000014,7847.040000000009,2024-03-21T16:00:00-04:00,0.0,2.725,4097.040000000012,2024-03-22T16:00:00-04:00,0.0,,,,,0.0,hit,0.0,hit,312.0,hit,318.0,hit,393.0,hit,1440.0,hit,1440.0,hit,7.0,hit,19.0,hit,310.0,hit,,never_hit,,never_hit,,never_hit,7.400000000000006,278,True,False,False,False,,7.400000000000006,278,True,False,False,False,,7.400000000000006,278,True,False,False,False,,7.400000000000006,278,True,False,False,False,,318.0,2024-03-20T14:49:00-04:00,2.1499999999999915,5247.040000000029,337.0,2024-03-20T15:08:00-04:00,2.9499999999999957,3647.0400000000204,349.0,2024-03-20T15:20:00-04:00,2.499999999999993,4547.040000000026,319.0,2024-03-20T14:50:00-04:00,3.3000000000000114,2947.0399999999895,393.0,2024-03-20T16:04:00-04:00,1.8999999999999986,5747.0400000000145,398.0,2024-03-20T16:09:00-04:00,1.9000000000000057,5747.040000000001,399.0,2024-03-20T16:10:00-04:00,1.8500000000000085,5847.039999999995,394.0,2024-03-20T16:05:00-04:00,1.9500000000000028,5647.040000000006,1440.0,2024-03-21T09:31:00-04:00,0.5,8547.040000000014,1441.0,2024-03-21T09:32:00-04:00,0.6000000000000014,8347.04000000001,1442.0,2024-03-21T09:33:00-04:00,0.5999999999999996,8347.040000000014,1441.0,2024-03-21T09:32:00-04:00,0.6000000000000014,8347.04000000001,1450.0,2024-03-21T09:41:00-04:00,0.40000000000000036,8747.040000000012,1491.0,2024-03-21T10:22:00-04:00,0.40000000000000036,8747.040000000012,1492.0,2024-03-21T10:23:00-04:00,0.39999999999999947,8747.040000000014,1451.0,2024-03-21T09:42:00-04:00,0.45000000000000107,8647.04000000001,1707
2024-03-20,2024-03-22,2,6.0,2024-03-20T09:31:00-04:00,6.0,NDXP  240322P18180000,NDXP  240322P18170000,development,False,False,0,0,0,53,0,1145,available,False,2024-03-20T09:31:00-04:00,2024-03-22T15:59:00-04:00,0.0,11747.04,1.0,last_observed_quote_not_settlement,1036.0,258,27,6.5,-1252.9599999999994,2024-03-20T09:32:00-04:00,0.0,5.050000000000011,1647.039999999978,2024-03-20T09:33:00-04:00,0.0,5.949999999999989,-152.95999999997656,2024-03-20T09:36:00-04:00,0.0,6.5,-1252.9599999999994,2024-03-20T09:41:00-04:00,0.0,6.150000000000006,-552.9600000000107,2024-03-20T09:46:00-04:00,0.0,6.349999999999966,-952.9599999999311,2024-03-20T10:01:00-04:00,0.0,6.150000000000006,-552.9600000000107,2024-03-20T10:31:00-04:00,0.0,6.25,-752.9599999999994,2024-03-20T11:31:00-04:00,0.0,3.4000000000000057,4947.039999999989,2024-03-20T16:00:00-04:00,0.0,1.5,8747.04,2024-03-21T16:00:00-04:00,0.0,,,2024-03-22T15:59:00-04:00,60.0,,,,,2.0,hit,275.0,hit,292.0,hit,393.0,hit,1440.0,hit,1440.0,hit,2940.0,hit,1.0,hit,16.0,hit,16.0,hit,,never_hit,,never_hit,,never_hit,7.399999999999977,258,True,False,False,False,,7.399999999999977,258,True,False,False,False,,7.399999999999977,258,True,False,False,False,,7.399999999999977,258,True,False,False,False,,393.0,2024-03-20T16:04:00-04:00,2.8500000000000014,6047.039999999998,394.0,2024-03-20T16:05:00-04:00,2.8999999999999986,5947.040000000004,398.0,2024-03-20T16:09:00-04:00,2.700000000000003,6347.039999999995,394.0,2024-03-20T16:05:00-04:00,2.8999999999999986,5947.040000000004,1440.0,2024-03-21T09:31:00-04:00,0.8499999999999996,10047.040000000003,1441.0,2024-03-21T09:32:00-04:00,0.8500000000000014,10047.039999999999,1442.0,2024-03-21T09:33:00-04:00,0.9499999999999993,9847.040000000003,1441.0,2024-03-21T09:32:00-04:00,0.8500000000000014,10047.039999999999,1440.0,2024-03-21T09:31:00-04:00,0.8499999999999996,10047.040000000003,1441.0,2024-03-21T09:32:00-04:00,0.8500000000000014,10047.039999999999,1442.0,2024-03-21T09:33:00-04:00,0.9499999999999993,9847.040000000003,1441.0,2024-03-21T09:32:00-04:00,0.8500000000000014,10047.039999999999,3004.0,2024-03-22T11:35:00-04:00,0.4249999999999998,10897.040000000003,3005.0,2024-03-22T11:36:00-04:00,0.4249999999999998,10897.040000000003,3029.0,2024-03-22T12:00:00-04:00,0.34999999999999987,11047.040000000003,3005.0,2024-03-22T11:36:00-04:00,0.4249999999999998,10897.040000000003,1708
2024-03-20,2024-03-22,2,7.0,2024-03-20T09:31:00-04:00,7.0499999999999545,NDXP  240322P18390000,NDXP  240322P18380000,development,False,False,0,0,0,4,0,1194,available,False,2024-03-20T09:31:00-04:00,2024-03-22T15:58:00-04:00,10.0,-6052.960000000091,2.0,last_observed_quote_not_settlement,1036.0,650,49,8.099999999999966,-2352.9600000000237,2024-03-20T09:32:00-04:00,0.0,8.25,-2652.960000000092,2024-03-20T09:33:00-04:00,0.0,8.549999999999955,-3252.960000000001,2024-03-20T09:36:00-04:00,0.0,9.350000000000023,-4852.960000000137,2024-03-20T09:41:00-04:00,0.0,8.549999999999955,-3252.960000000001,2024-03-20T09:46:00-04:00,0.0,9.800000000000011,-5752.960000000115,2024-03-20T10:01:00-04:00,0.0,8.850000000000023,-3852.9600000001374,2024-03-20T10:31:00-04:00,0.0,8.149999999999977,-2452.9600000000464,2024-03-20T11:31:00-04:00,0.0,8.25,-2652.960000000092,2024-03-20T16:00:00-04:00,0.0,6.550000000000011,747.039999999887,2024-03-21T16:00:00-04:00,0.0,,,2024-03-22T15:58:00-04:00,120.0,,,,,399.0,hit,1440.0,hit,1440.0,hit,1454.0,hit,,never_hit,,never_hit,,never_hit,1.0,hit,1.0,hit,0.0,hit,1.0,hit,10.0,hit,27.0,hit,9.800000000000011,360,True,True,True,True,,,,True,True,True,False,4.19999999999996,,,True,True,True,False,4.19999999999996,,,True,True,True,False,4.19999999999996,1454.0,2024-03-21T09:45:00-04:00,2.9000000000000057,8047.039999999898,,,,,,,,,1455.0,2024-03-21T09:46:00-04:00,3.6499999999999986,6547.039999999913,,,,,,,,,,,,,,,,,,,,,,,,,,,,,,,,,,,,,,,,,,,,,,,,,1709
2024-03-22,2024-03-25,3,5.0,2024-03-22T09:31:00-04:00,4.849999999999994,NDXP  240325P18320000,NDXP  240325P18310000,development,False,False,0,0,0,0,0,795,available,False,2024-03-22T09:31:00-04:00,2024-03-25T16:00:00-04:00,8.25,-7052.960000000013,0.0,last_observed_quote_not_settlement,3916.0,369,51,5.049999999999983,-652.9599999999766,2024-03-22T09:32:00-04:00,0.0,5.299999999999997,-1152.960000000005,2024-03-22T09:33:00-04:00,0.0,4.900000000000006,-352.96000000002203,2024-03-22T09:36:00-04:00,0.0,4.799999999999997,-152.96000000000498,2024-03-22T09:41:00-04:00,0.0,5.75,-2052.9600000000105,2024-03-22T09:46:00-04:00,0.0,4.949999999999989,-452.95999999998793,2024-03-22T10:01:00-04:00,0.0,5.25,-1052.9600000000107,2024-03-22T10:31:00-04:00,0.0,4.599999999999994,247.04000000000067,2024-03-22T11:31:00-04:00,0.0,3.8999999999999986,1647.0399999999922,2024-03-22T16:00:00-04:00,0.0,,,2024-03-22T16:15:00-04:00,85500.0,,,2024-03-22T16:15:00-04:00,171900.0,8.25,-7052.960000000013,2024-03-25T16:00:00-04:00,0.0,0.0,hit,0.0,hit,201.0,hit,265.0,hit,,never_hit,,never_hit,,never_hit,3.0,hit,17.0,hit,17.0,hit,4320.0,hit,4332.0,hit,4334.0,hit,7.199999999999989,90,True,False,False,False,,,,True,True,True,False,2.7499999999999947,,,True,True,True,False,2.7499999999999947,,,True,True,True,False,2.7499999999999947,266.0,2024-03-22T13:57:00-04:00,2.9000000000000057,3647.039999999978,4638.0,2024-03-25T14:49:00-04:00,2.4000000000000004,4647.039999999989,4643.0,2024-03-25T14:54:00-04:00,2.3500000000000005,4747.039999999988,267.0,2024-03-22T13:58:00-04:00,3.049999999999997,3347.039999999995,,,,,,,,,,,,,,,,,,,,,,,,,,,,,,,,,,,,,,,,,,,,,,,,,1710
2024-03-22,2024-03-25,3,6.0,2024-03-22T09:31:00-04:00,5.949999999999989,NDXP  240325P18360000,NDXP  240325P18350000,development,False,False,0,0,0,8,0,787,available,False,2024-03-22T09:31:00-04:00,2024-03-25T16:00:00-04:00,10.0,-8252.960000000021,0.0,last_observed_quote_not_settlement,3916.0,439,32,5.650000000000006,347.0399999999666,2024-03-22T09:32:00-04:00,0.0,5.849999999999994,-52.96000000001066,2024-03-22T09:33:00-04:00,0.0,6.200000000000003,-752.9600000000278,2024-03-22T09:36:00-04:00,0.0,5.549999999999983,547.040000000012,2024-03-22T09:41:00-04:00,0.0,5.849999999999994,-52.96000000001066,2024-03-22T09:46:00-04:00,0.0,5.949999999999989,-252.9599999999993,2024-03-22T10:01:00-04:00,0.0,5.049999999999997,1547.0399999999836,2024-03-22T10:31:00-04:00,0.0,5.349999999999994,947.0399999999893,2024-03-22T11:31:00-04:00,0.0,5.1499999999999915,1347.039999999995,2024-03-22T16:00:00-04:00,0.0,,,2024-03-22T16:15:00-04:00,85500.0,,,2024-03-22T16:15:00-04:00,171900.0,10.0,-8252.960000000021,2024-03-25T16:00:00-04:00,0.0,24.0,hit,164.0,hit,164.0,hit,,never_hit,,never_hit,,never_hit,,never_hit,18.0,hit,92.0,hit,92.0,hit,92.0,hit,4320.0,hit,4320.0,hit,,,True,True,True,False,2.499999999999986,,,True,True,True,False,2.499999999999986,,,True,True,True,False,2.499999999999986,,,True,True,True,False,2.499999999999986,,,,,,,,,,,,,,,,,,,,,,,,,,,,,,,,,,,,,,,,,,,,,,,,,,,,,,,,,,,,,,,,,1711
2024-03-22,2024-03-25,3,7.0,2024-03-22T09:31:00-04:00,7.0,NDXP  240325P18400000,NDXP  240325P18390000,development,False,False,0,0,0,25,0,770,available,False,2024-03-22T09:31:00-04:00,2024-03-25T16:00:00-04:00,10.0,-6152.96,0.0,last_observed_quote_not_settlement,3916.0,381,42,5.900000000000006,1947.0399999999893,2024-03-22T09:32:00-04:00,0.0,6.399999999999977,947.0400000000461,2024-03-22T09:33:00-04:00,0.0,6.850000000000023,47.039999999955235,2024-03-22T09:36:00-04:00,0.0,6.550000000000011,647.0399999999779,2024-03-22T09:41:00-04:00,0.0,7.099999999999994,-452.95999999998793,2024-03-22T09:46:00-04:00,0.0,6.700000000000017,347.0399999999666,2024-03-22T10:01:00-04:00,0.0,6.90000000000002,-52.96000000003908,2024-03-22T10:31:00-04:00,0.0,6.450000000000003,847.039999999995,2024-03-22T11:31:00-04:00,0.0,5.599999999999994,2547.0400000000122,2024-03-22T16:00:00-04:00,0.0,,,2024-03-22T16:15:00-04:00,85500.0,,,2024-03-22T16:15:00-04:00,171900.0,10.0,-6152.96,2024-03-25T16:00:00-04:00,0.0,209.0,hit,261.0,hit,,never_hit,,never_hit,,never_hit,,never_hit,,never_hit,17.0,hit,4320.0,hit,0.0,hit,4320.0,hit,4320.0,hit,4320.0,hit,,,True,True,True,False,2.3000000000000043,,,True,True,True,False,2.3000000000000043,,,True,True,True,False,2.3000000000000043,,,True,True,True,False,2.3000000000000043,,,,,,,,,,,,,,,,,,,,,,,,,,,,,,,,,,,,,,,,,,,,,,,,,,,,,,,,,,,,,,,,,1712
2024-03-25,2024-03-27,2,5.0,2024-03-25T09:31:00-04:00,4.950000000000003,NDXP  240327P18260000,NDXP  240327P18250000,development,False,False,0,0,0,3,15,1197,available,False,2024-03-25T09:31:00-04:00,2024-03-27T16:00:00-04:00,2.0,5647.040000000006,0.0,last_observed_quote_not_settlement,1036.0,368,21,5.200000000000003,-752.9599999999994,2024-03-25T09:32:00-04:00,0.0,4.549999999999997,547.040000000012,2024-03-25T09:33:00-04:00,0.0,4.099999999999994,1447.0400000000177,2024-03-25T09:36:00-04:00,0.0,6.25,-2852.9599999999937,2024-03-25T09:41:00-04:00,0.0,5.599999999999994,-1552.9599999999823,2024-03-25T09:46:00-04:00,0.0,4.6000000000000085,447.03999999998933,2024-03-25T10:01:00-04:00,0.0,4.050000000000011,1547.0399999999836,2024-03-25T10:31:00-04:00,0.0,3.9000000000000057,1847.039999999995,2024-03-25T11:31:00-04:00,0.0,4.099999999999994,1447.0400000000177,2024-03-25T16:00:00-04:00,0.0,6.150000000000006,-2652.960000000005,2024-03-26T16:00:00-04:00,0.0,2.0,5647.040000000006,2024-03-27T16:00:00-04:00,0.0,,,,,0.0,hit,0.0,hit,41.0,hit,278.0,hit,1469.0,hit,1469.0,hit,1469.0,hit,10.0,hit,10.0,hit,2913.0,hit,2981.0,hit,3144.0,hit,3200.0,hit,6.25,14,False,False,False,False,,6.25,14,False,False,False,False,,6.25,14,False,False,False,False,,6.25,14,False,False,False,False,,281.0,2024-03-25T14:12:00-04:00,2.9499999999999957,3747.040000000015,282.0,2024-03-25T14:13:00-04:00,2.9499999999999957,3747.040000000015,325.0,2024-03-25T14:56:00-04:00,2.9000000000000057,3847.039999999995,282.0,2024-03-25T14:13:00-04:00,2.9499999999999957,3747.040000000015,1469.0,2024-03-26T10:00:00-04:00,0.25000000000000355,9147.04,3265.0,2024-03-27T15:56:00-04:00,1.5750000000000002,6497.040000000006,3266.0,2024-03-27T15:57:00-04:00,0.95,7747.040000000006,1470.0,2024-03-26T10:01:00-04:00,2.0,5647.040000000006,1469.0,2024-03-26T10:00:00-04:00,0.25000000000000355,9147.04,,,,,,,,,1470.0,2024-03-26T10:01:00-04:00,2.0,5647.040000000006,1469.0,2024-03-26T10:00:00-04:00,0.25000000000000355,9147.04,,,,,,,,,1470.0,2024-03-26T10:01:00-04:00,2.0,5647.040000000006,1713
2024-03-25,2024-03-27,2,6.0,2024-03-25T09:31:00-04:00,6.049999999999983,NDXP  240327P18310000,NDXP  240327P18300000,development,False,False,0,0,0,28,15,1172,available,False,2024-03-25T09:31:00-04:00,2024-03-27T16:00:00-04:00,10.0,-8052.960000000034,0.0,last_observed_quote_not_settlement,1036.0,377,12,6.0,-152.9600000000334,2024-03-25T09:32:00-04:00,0.0,7.550000000000011,-3252.960000000056,2024-03-25T09:33:00-04:00,0.0,5.25,1347.0399999999665,2024-03-25T09:36:00-04:00,0.0,7.300000000000011,-2752.960000000056,2024-03-25T09:41:00-04:00,0.0,7.150000000000006,-2452.9600000000446,2024-03-25T09:46:00-04:00,0.0,5.550000000000011,747.0399999999438,2024-03-25T10:01:00-04:00,0.0,4.450000000000003,2947.039999999961,2024-03-25T10:31:00-04:00,0.0,5.049999999999983,1747.0400000000006,2024-03-25T11:31:00-04:00,0.0,5.599999999999994,647.0399999999779,2024-03-25T16:00:00-04:00,0.0,6.099999999999994,-352.96000000002203,2024-03-26T16:00:00-04:00,0.0,10.0,-8052.960000000034,2024-03-27T16:00:00-04:00,0.0,,,,,5.0,hit,20.0,hit,250.0,hit,1470.0,hit,,never_hit,,never_hit,,never_hit,2.0,hit,2.0,hit,2.0,hit,2911.0,hit,2915.0,hit,2972.0,hit,7.550000000000011,15,True,False,False,False,,,,True,True,True,False,3.4499999999999886,,,True,True,True,False,3.4499999999999886,,,True,True,True,False,3.4499999999999886,1470.0,2024-03-26T10:01:00-04:00,2.9000000000000057,6047.039999999955,1475.0,2024-03-26T10:06:00-04:00,2.8499999999999943,6147.039999999978,1476.0,2024-03-26T10:07:00-04:00,2.8500000000000014,6147.039999999964,1471.0,2024-03-26T10:02:00-04:00,3.049999999999997,5747.039999999973,,,,,,,,,,,,,,,,,,,,,,,,,,,,,,,,,,,,,,,,,,,,,,,,,1714
2024-03-25,2024-03-27,2,7.0,2024-03-25T09:31:00-04:00,7.050000000000011,NDXP  240327P18370000,NDXP  240327P18360000,development,False,False,0,0,0,58,15,1142,available,False,2024-03-25T09:31:00-04:00,2024-03-27T16:00:00-04:00,10.0,-6052.959999999977,0.0,last_observed_quote_not_settlement,1036.0,342,24,6.950000000000017,-52.96000000001066,2024-03-25T09:32:00-04:00,0.0,7.5,-1152.9599999999766,2024-03-25T09:33:00-04:00,0.0,7.0,-152.95999999997656,2024-03-25T09:36:00-04:00,0.0,8.199999999999989,-2552.9599999999555,2024-03-25T09:41:00-04:00,0.0,7.450000000000017,-1052.9600000000107,2024-03-25T09:46:00-04:00,0.0,6.700000000000017,447.03999999998933,2024-03-25T10:01:00-04:00,0.0,7.400000000000006,-952.959999999988,2024-03-25T10:31:00-04:00,0.0,5.550000000000011,2747.040000000001,2024-03-25T11:31:00-04:00,0.0,7.400000000000006,-952.959999999988,2024-03-25T16:00:00-04:00,0.0,8.300000000000011,-2752.960000000001,2024-03-26T16:00:00-04:00,0.0,10.0,-6052.959999999977,2024-03-27T16:00:00-04:00,0.0,,,,,42.0,hit,42.0,hit,,never_hit,,never_hit,,never_hit,,never_hit,,never_hit,10.0,hit,10.0,hit,0.0,hit,10.0,hit,1827.0,hit,2912.0,hit,,,True,True,True,False,3.049999999999997,,,True,True,True,False,3.049999999999997,,,True,True,True,False,3.049999999999997,,,True,True,True,False,3.049999999999997,,,,,,,,,,,,,,,,,,,,,,,,,,,,,,,,,,,,,,,,,,,,,,,,,,,,,,,,,,,,,,,,,1715
2024-03-25,2024-03-28,3,5.0,2024-03-25T09:31:00-04:00,5.049999999999997,NDXP  240328P18260000,NDXP  240328P18250000,development,False,False,0,0,1,0,0,1604,available,False,2024-03-25T09:31:00-04:00,2024-03-28T15:59:00-04:00,0.975,7897.0399999999945,1.0,last_observed_quote_not_settlement,1036.0,408,43,5.299999999999983,-752.9599999999709,2024-03-25T09:32:00-04:00,0.0,4.550000000000011,747.0399999999722,2024-03-25T09:33:00-04:00,0.0,4.450000000000003,947.0399999999893,2024-03-25T09:36:00-04:00,0.0,4.8500000000000085,147.03999999997797,2024-03-25T09:41:00-04:00,0.0,5.25,-652.960000000005,2024-03-25T09:46:00-04:00,0.0,4.599999999999994,647.0400000000063,2024-03-25T10:01:00-04:00,0.0,4.150000000000006,1547.0399999999836,2024-03-25T10:31:00-04:00,0.0,4.049999999999983,1747.040000000029,2024-03-25T11:31:00-04:00,0.0,4.200000000000003,1447.0399999999893,2024-03-25T16:00:00-04:00,0.0,5.650000000000006,-1452.9600000000164,2024-03-26T16:00:00-04:00,0.0,3.8999999999999986,2047.0399999999977,2024-03-27T16:00:00-04:00,0.0,,,2024-03-28T15:59:00-04:00,60.0,0.0,hit,2.0,hit,41.0,hit,1444.0,hit,4676.0,hit,4707.0,hit,,never_hit,1828.0,hit,1828.0,hit,2981.0,hit,,never_hit,,never_hit,,never_hit,5.500000000000028,8,False,False,False,False,,7.0,408,True,False,False,False,,7.0,408,True,False,False,False,,,,True,False,False,False,4.099999999999997,1444.0,2024-03-26T09:35:00-04:00,2.9000000000000057,4047.0399999999836,1458.0,2024-03-26T09:49:00-04:00,2.8999999999999986,4047.039999999998,1467.0,2024-03-26T09:58:00-04:00,2.8999999999999986,4047.039999999998,1445.0,2024-03-26T09:36:00-04:00,3.0999999999999943,3647.0400000000063,4676.0,2024-03-28T15:27:00-04:00,1.9000000000000004,6047.0399999999945,4707.0,2024-03-28T15:58:00-04:00,0.95,7947.0399999999945,4708.0,2024-03-28T15:59:00-04:00,0.975,7897.0399999999945,4677.0,2024-03-28T15:28:00-04:00,2.2,5447.0399999999945,4707.0,2024-03-28T15:58:00-04:00,0.95,7947.0399999999945,,,,,,,,,4708.0,2024-03-28T15:59:00-04:00,0.975,7897.0399999999945,,,,,,,,,,,,,,,,,1716
2024-03-25,2024-03-28,3,6.0,2024-03-25T09:31:00-04:00,5.949999999999989,NDXP  240328P18320000,NDXP  240328P18310000,development,False,False,0,0,0,1,0,1603,available,False,2024-03-25T09:31:00-04:00,2024-03-28T15:59:00-04:00,9.899999999999999,-8152.960000000021,1.0,last_observed_quote_not_settlement,1036.0,747,47,7.700000000000017,-3752.960000000056,2024-03-25T09:32:00-04:00,0.0,8.049999999999983,-4452.95999999999,2024-03-25T09:33:00-04:00,0.0,5.150000000000034,1347.0399999999097,2024-03-25T09:36:00-04:00,0.0,6.849999999999966,-2052.9599999999537,2024-03-25T09:41:00-04:00,0.0,6.199999999999989,-752.9599999999994,2024-03-25T09:46:00-04:00,0.0,5.699999999999989,247.04000000000067,2024-03-25T10:01:00-04:00,0.0,4.75,2147.039999999978,2024-03-25T10:31:00-04:00,0.0,4.8500000000000085,1947.0399999999609,2024-03-25T11:31:00-04:00,0.0,5.150000000000006,1347.0399999999665,2024-03-25T16:00:00-04:00,0.0,6.800000000000011,-1952.9600000000448,2024-03-26T16:00:00-04:00,0.0,5.349999999999994,947.0399999999893,2024-03-27T16:00:00-04:00,0.0,,,2024-03-28T15:59:00-04:00,60.0,3.0,hit,40.0,hit,282.0,hit,4349.0,hit,4349.0,hit,,never_hit,,never_hit,1.0,hit,1.0,hit,1.0,hit,2.0,hit,4543.0,hit,4591.0,hit,8.699999999999989,400,True,True,False,False,,8.699999999999989,400,True,True,False,False,,,,True,True,True,False,3.9499999999999886,,,True,True,True,False,3.9499999999999886,4349.0,2024-03-28T10:00:00-04:00,2.0,7647.039999999978,,,,,,,,,4350.0,2024-03-28T10:01:00-04:00,5.550000000000004,547.0399999999694,,,,,,,,,,,,,,,,,,,,,,,,,,,,,,,,,,,,,,,,,,,,,,,,,1717
2024-03-25,2024-03-28,3,7.0,2024-03-25T09:31:00-04:00,7.099999999999966,NDXP  240328P18450000,NDXP  240328P18440000,development,False,False,0,0,0,36,0,1568,available,False,2024-03-25T09:31:00-04:00,2024-03-28T15:59:00-04:00,10.0,-5952.960000000068,1.0,last_observed_quote_not_settlement,1036.0,966,116,7.300000000000011,-652.9600000000903,2024-03-25T09:32:00-04:00,0.0,7.599999999999966,-1252.9599999999994,2024-03-25T09:33:00-04:00,0.0,7.0,-52.9600000000675,2024-03-25T09:36:00-04:00,0.0,7.900000000000006,-1852.960000000079,2024-03-25T09:41:00-04:00,0.0,8.450000000000017,-2952.9600000001033,2024-03-25T09:46:00-04:00,0.0,7.350000000000023,-752.960000000113,2024-03-25T10:01:00-04:00,0.0,6.699999999999989,547.0399999999552,2024-03-25T10:31:00-04:00,0.0,6.849999999999994,247.03999999994383,2024-03-25T11:31:00-04:00,0.0,7.599999999999994,-1252.9600000000562,2024-03-25T16:00:00-04:00,0.0,8.300000000000011,-2652.960000000092,2024-03-26T16:00:00-04:00,0.0,8.449999999999989,-2952.9600000000464,2024-03-27T16:00:00-04:00,0.0,,,2024-03-28T15:59:00-04:00,60.0,307.0,hit,1445.0,hit,,never_hit,,never_hit,,never_hit,,never_hit,,never_hit,2.0,hit,6.0,hit,0.0,hit,6.0,hit,2904.0,hit,2904.0,hit,,,True,True,True,False,2.099999999999966,,,True,True,True,False,2.099999999999966,,,True,True,True,False,2.099999999999966,,,True,True,True,False,2.099999999999966,,,,,,,,,,,,,,,,,,,,,,,,,,,,,,,,,,,,,,,,,,,,,,,,,,,,,,,,,,,,,,,,,1718
2024-03-26,2024-03-28,2,5.0,2024-03-26T09:31:00-04:00,5.150000000000006,NDXP  240328P18370000,NDXP  240328P18360000,development,False,False,0,0,0,10,0,1189,available,False,2024-03-26T09:31:00-04:00,2024-03-28T15:59:00-04:00,10.0,-9852.959999999988,1.0,last_observed_quote_not_settlement,1036.0,1002,57,4.900000000000006,247.04000000000067,2024-03-26T09:32:00-04:00,0.0,4.6000000000000085,847.039999999995,2024-03-26T09:33:00-04:00,0.0,5.0,47.04000000001208,2024-03-26T09:36:00-04:00,0.0,4.800000000000011,447.03999999998933,2024-03-26T09:41:00-04:00,0.0,4.5,1047.040000000012,2024-03-26T09:46:00-04:00,0.0,4.400000000000006,1247.0400000000006,2024-03-26T10:01:00-04:00,0.0,5.400000000000006,-752.9599999999994,2024-03-26T10:31:00-04:00,0.0,4.950000000000003,147.0400000000064,2024-03-26T11:31:00-04:00,0.0,6.699999999999989,-3352.959999999965,2024-03-26T16:00:00-04:00,0.0,7.200000000000003,-4352.959999999994,2024-03-27T16:00:00-04:00,0.0,,,2024-03-28T15:59:00-04:00,60.0,,,,,0.0,hit,1.0,hit,29.0,hit,29.0,hit,,never_hit,,never_hit,,never_hit,59.0,hit,59.0,hit,59.0,hit,1464.0,hit,1464.0,hit,1464.0,hit,5.150000000000006,0,False,False,False,False,,,,True,True,True,False,2.6000000000000085,,,True,True,True,False,2.6000000000000085,,,True,True,True,False,2.6000000000000085,29.0,2024-03-26T10:00:00-04:00,2.549999999999997,4947.040000000018,,,,,,,,,30.0,2024-03-26T10:01:00-04:00,4.400000000000006,1247.0400000000006,,,,,,,,,,,,,,,,,,,,,,,,,,,,,,,,,,,,,,,,,,,,,,,,,1719
2024-03-26,2024-03-28,2,6.0,2024-03-26T09:31:00-04:00,6.0,NDXP  240328P18450000,NDXP  240328P18440000,development,False,False,0,0,0,36,0,1163,available,False,2024-03-26T09:31:00-04:00,2024-03-28T15:59:00-04:00,10.0,-8152.96,1.0,last_observed_quote_not_settlement,1036.0,1076,57,5.349999999999966,1047.0400000000689,2024-03-26T09:32:00-04:00,0.0,6.199999999999989,-652.9599999999766,2024-03-26T09:33:00-04:00,0.0,5.0,1747.0400000000006,2024-03-26T09:36:00-04:00,0.0,6.0,-252.9599999999993,2024-03-26T09:41:00-04:00,0.0,5.75,247.04000000000067,2024-03-26T09:46:00-04:00,0.0,5.699999999999989,347.04000000002344,2024-03-26T10:01:00-04:00,0.0,6.200000000000017,-652.9600000000335,2024-03-26T10:31:00-04:00,0.0,6.550000000000011,-1352.960000000022,2024-03-26T11:31:00-04:00,0.0,8.300000000000011,-4852.960000000024,2024-03-26T16:00:00-04:00,0.0,8.449999999999989,-5152.959999999978,2024-03-27T16:00:00-04:00,0.0,,,2024-03-28T15:59:00-04:00,60.0,,,,,1.0,hit,5.0,hit,,never_hit,,never_hit,,never_hit,,never_hit,,never_hit,11.0,hit,59.0,hit,59.0,hit,335.0,hit,1464.0,hit,1464.0,hit,,,True,True,True,False,1.0,,,True,True,True,False,1.0,,,True,True,True,False,1.0,,,True,True,True,False,1.0,,,,,,,,,,,,,,,,,,,,,,,,,,,,,,,,,,,,,,,,,,,,,,,,,,,,,,,,,,,,,,,,,1720
2024-03-26,2024-03-28,2,7.0,2024-03-26T09:31:00-04:00,7.0,NDXP  240328P18480000,NDXP  240328P18470000,development,False,False,0,0,0,191,0,1008,available,False,2024-03-26T09:31:00-04:00,2024-03-28T15:59:00-04:00,9.75,-5752.960000000001,1.0,last_observed_quote_not_settlement,1036.0,841,43,6.850000000000023,47.039999999955235,2024-03-26T09:32:00-04:00,0.0,6.550000000000011,647.0399999999779,2024-03-26T09:33:00-04:00,0.0,6.649999999999977,447.0400000000462,2024-03-26T09:36:00-04:00,0.0,5.800000000000011,2147.039999999978,2024-03-26T09:41:00-04:00,0.0,6.449999999999989,847.0400000000234,2024-03-26T09:46:00-04:00,0.0,6.75,247.04000000000067,2024-03-26T10:01:00-04:00,0.0,7.999999999999972,-2252.959999999944,2024-03-26T10:31:00-04:00,0.0,7.0,-252.9599999999993,2024-03-26T11:31:00-04:00,0.0,7.900000000000006,-2052.9600000000105,2024-03-26T16:00:00-04:00,0.0,8.75,-3752.960000000001,2024-03-27T16:00:00-04:00,0.0,,,2024-03-28T15:59:00-04:00,60.0,,,,,385.0,hit,,never_hit,,never_hit,,never_hit,,never_hit,,never_hit,,never_hit,60.0,hit,210.0,hit,0.0,hit,210.0,hit,373.0,hit,1463.0,hit,,,True,True,True,False,1.5999999999999943,,,True,True,True,False,1.5999999999999943,,,True,True,True,False,1.5999999999999943,,,True,True,True,False,1.5999999999999943,,,,,,,,,,,,,,,,,,,,,,,,,,,,,,,,,,,,,,,,,,,,,,,,,,,,,,,,,,,,,,,,,1721
2024-04-01,2024-04-03,2,5.0,2024-04-01T09:31:00-04:00,5.000000000000014,NDXP  240403P18350000,NDXP  240403P18340000,development,False,False,0,0,0,111,15,1089,available,False,2024-04-01T09:31:00-04:00,2024-04-03T16:00:00-04:00,10.0,-10152.95999999997,0.0,last_observed_quote_not_settlement,1036.0,950,14,5.8500000000000085,-1952.959999999988,2024-04-01T09:32:00-04:00,0.0,5.549999999999997,-1352.9599999999652,2024-04-01T09:33:00-04:00,0.0,4.400000000000006,947.0400000000177,2024-04-01T09:36:00-04:00,0.0,4.0,1747.040000000029,2024-04-01T09:41:00-04:00,0.0,3.799999999999997,2147.040000000035,2024-04-01T09:46:00-04:00,0.0,4.099999999999994,1547.0400000000404,2024-04-01T10:01:00-04:00,0.0,5.1000000000000085,-452.95999999998793,2024-04-01T10:31:00-04:00,0.0,6.5,-3252.959999999971,2024-04-01T11:31:00-04:00,0.0,6.900000000000006,-4052.9599999999823,2024-04-01T16:00:00-04:00,0.0,,,2024-04-02T15:59:00-04:00,60.0,10.0,-10152.95999999997,2024-04-03T16:00:00-04:00,0.0,,,,,0.0,hit,4.0,hit,7.0,hit,,never_hit,,never_hit,,never_hit,,never_hit,1.0,hit,71.0,hit,91.0,hit,150.0,hit,1441.0,hit,1441.0,hit,,,True,True,True,False,1.6000000000000085,,,True,True,True,False,1.6000000000000085,,,True,True,True,False,1.6000000000000085,,,True,True,True,False,1.6000000000000085,,,,,,,,,,,,,,,,,,,,,,,,,,,,,,,,,,,,,,,,,,,,,,,,,,,,,,,,,,,,,,,,,1722
2024-04-01,2024-04-03,2,6.0,2024-04-01T09:31:00-04:00,5.650000000000006,NDXP  240403P18300000,NDXP  240403P18290000,development,False,False,0,0,0,52,15,1148,available,False,2024-04-01T09:31:00-04:00,2024-04-03T16:00:00-04:00,9.999999999999986,-8852.959999999988,0.0,last_observed_quote_not_settlement,1037.0,770,58,4.799999999999997,1447.0400000000177,2024-04-01T09:32:00-04:00,0.0,4.6499999999999915,1747.040000000029,2024-04-01T09:33:00-04:00,0.0,3.5,4047.040000000012,2024-04-01T09:36:00-04:00,0.0,3.049999999999997,4947.040000000018,2024-04-01T09:41:00-04:00,0.0,2.9499999999999957,5147.040000000021,2024-04-01T09:46:00-04:00,0.0,3.0999999999999943,4847.040000000024,2024-04-01T10:01:00-04:00,0.0,4.150000000000006,2747.040000000001,2024-04-01T10:31:00-04:00,0.0,5.400000000000006,247.04000000000067,2024-04-01T11:31:00-04:00,0.0,4.849999999999994,1347.0400000000234,2024-04-01T16:00:00-04:00,0.0,8.849999999999994,-6652.959999999978,2024-04-02T16:00:00-04:00,0.0,9.999999999999986,-8852.959999999988,2024-04-03T16:00:00-04:00,0.0,,,,,1.0,hit,1.0,hit,3.0,hit,15.0,hit,,never_hit,,never_hit,,never_hit,107.0,hit,107.0,hit,143.0,hit,1440.0,hit,1445.0,hit,1467.0,hit,5.650000000000006,0,False,False,False,False,,,,True,True,True,False,2.70000000000001,,,True,True,True,False,2.70000000000001,,,True,True,True,False,2.70000000000001,15.0,2024-04-01T09:46:00-04:00,2.9499999999999957,5147.040000000021,,,,,,,,,16.0,2024-04-01T09:47:00-04:00,3.1000000000000085,4847.039999999995,,,,,,,,,,,,,,,,,,,,,,,,,,,,,,,,,,,,,,,,,,,,,,,,,1723
2024-04-01,2024-04-03,2,7.0,2024-04-01T09:31:00-04:00,7.099999999999966,NDXP  240403P18380000,NDXP  240403P18370000,development,False,False,0,0,0,365,15,835,available,False,2024-04-01T09:31:00-04:00,2024-04-03T15:59:00-04:00,9.800000000000011,-5652.960000000092,1.0,last_observed_quote_not_settlement,1036.0,427,90,5.899999999999977,2147.039999999978,2024-04-01T09:32:00-04:00,0.0,5.400000000000006,3147.0399999999213,2024-04-01T09:33:00-04:00,0.0,4.799999999999983,4347.039999999966,2024-04-01T09:36:00-04:00,0.0,4.200000000000017,5547.039999999898,2024-04-01T09:41:00-04:00,0.0,4.199999999999989,5547.039999999955,2024-04-01T09:46:00-04:00,0.0,4.6000000000000085,4747.039999999915,2024-04-01T10:01:00-04:00,0.0,5.550000000000011,2847.03999999991,2024-04-01T10:31:00-04:00,0.0,7.050000000000011,-152.96000000009025,2024-04-01T11:31:00-04:00,0.0,7.200000000000003,-452.9600000000732,2024-04-01T16:00:00-04:00,0.0,9.400000000000006,-4852.960000000081,2024-04-02T16:00:00-04:00,0.0,,,2024-04-03T15:59:00-04:00,60.0,,,,,2.0,hit,5.0,hit,,never_hit,,never_hit,,never_hit,,never_hit,,never_hit,136.0,hit,143.0,hit,0.0,hit,143.0,hit,1442.0,hit,1444.0,hit,,,True,True,True,False,2.8999999999999773,,,True,True,True,False,2.8999999999999773,,,True,True,True,False,2.8999999999999773,,,True,True,True,False,2.8999999999999773,,,,,,,,,,,,,,,,,,,,,,,,,,,,,,,,,,,,,,,,,,,,,,,,,,,,,,,,,,,,,,,,,1724
2024-04-01,2024-04-04,3,5.0,2024-04-01T09:31:00-04:00,5.1000000000000085,NDXP  240404P18340000,NDXP  240404P18330000,development,False,False,0,0,0,23,0,1581,available,False,2024-04-01T09:31:00-04:00,2024-04-04T15:59:00-04:00,10.0,-9952.959999999981,1.0,last_observed_quote_not_settlement,1036.0,1351,40,5.050000000000011,-152.96000000000498,2024-04-01T09:32:00-04:00,0.0,4.900000000000006,147.0400000000064,2024-04-01T09:33:00-04:00,0.0,4.299999999999997,1347.0400000000234,2024-04-01T09:36:00-04:00,0.0,3.8000000000000114,2347.039999999995,2024-04-01T09:41:00-04:00,0.0,3.5999999999999943,2747.040000000029,2024-04-01T09:46:00-04:00,0.0,3.8500000000000085,2247.040000000001,2024-04-01T10:01:00-04:00,0.0,4.650000000000006,647.0400000000063,2024-04-01T10:31:00-04:00,0.0,6.349999999999994,-2752.959999999971,2024-04-01T11:31:00-04:00,0.0,4.400000000000006,1147.0400000000063,2024-04-01T16:00:00-04:00,0.0,8.349999999999966,-6752.959999999915,2024-04-02T16:00:00-04:00,0.0,9.649999999999977,-9352.959999999937,2024-04-03T16:00:00-04:00,0.0,,,2024-04-04T15:59:00-04:00,60.0,0.0,hit,2.0,hit,7.0,hit,4510.0,hit,,never_hit,,never_hit,,never_hit,48.0,hit,92.0,hit,137.0,hit,1441.0,hit,1447.0,hit,1476.0,hit,10.0,1250,True,True,True,True,,,,True,True,True,False,2.500000000000007,,,True,True,True,False,2.500000000000007,,,True,True,True,False,2.500000000000007,4510.0,2024-04-04T12:41:00-04:00,2.9499999999999975,4047.0400000000227,4517.0,2024-04-04T12:48:00-04:00,2.9499999999999993,4047.040000000019,4522.0,2024-04-04T12:53:00-04:00,2.6500000000000004,4647.040000000017,4511.0,2024-04-04T12:42:00-04:00,3.0500000000000007,3847.0400000000163,,,,,,,,,,,,,,,,,,,,,,,,,,,,,,,,,,,,,,,,,,,,,,,,,1725
2024-04-01,2024-04-04,3,6.0,2024-04-01T09:31:00-04:00,5.999999999999972,NDXP  240404P18380000,NDXP  240404P18370000,development,False,False,0,0,0,35,0,1569,available,False,2024-04-01T09:31:00-04:00,2024-04-04T15:59:00-04:00,10.0,-8152.960000000056,1.0,last_observed_quote_not_settlement,1036.0,1419,41,6.0,-252.96000000005614,2024-04-01T09:32:00-04:00,0.0,6.950000000000017,-2152.96000000009,2024-04-01T09:33:00-04:00,0.0,4.299999999999997,3147.0399999999495,2024-04-01T09:36:00-04:00,0.0,4.5,2747.039999999944,2024-04-01T09:41:00-04:00,0.0,4.150000000000006,3447.0399999999327,2024-04-01T09:46:00-04:00,0.0,4.400000000000006,2947.0399999999327,2024-04-01T10:01:00-04:00,0.0,5.3500000000000085,1047.0399999999267,2024-04-01T10:31:00-04:00,0.0,6.549999999999983,-1352.960000000022,2024-04-01T11:31:00-04:00,0.0,6.0,-252.96000000005614,2024-04-01T16:00:00-04:00,0.0,8.799999999999955,-5852.959999999967,2024-04-02T16:00:00-04:00,0.0,7.550000000000011,-3352.9600000000787,2024-04-03T16:00:00-04:00,0.0,,,2024-04-04T15:59:00-04:00,60.0,3.0,hit,5.0,hit,4684.0,hit,4684.0,hit,4684.0,hit,4684.0,hit,4684.0,hit,2.0,hit,105.0,hit,105.0,hit,1440.0,hit,1441.0,hit,1447.0,hit,10.0,1402,True,True,True,True,,10.0,1402,True,True,True,True,,10.0,1402,True,True,True,True,,10.0,1402,True,True,True,True,,4684.0,2024-04-04T15:35:00-04:00,0.0999999999999659,11547.040000000014,,,,,,,,,4685.0,2024-04-04T15:36:00-04:00,10.0,-8152.960000000056,4684.0,2024-04-04T15:35:00-04:00,0.0999999999999659,11547.040000000014,,,,,,,,,4685.0,2024-04-04T15:36:00-04:00,10.0,-8152.960000000056,4684.0,2024-04-04T15:35:00-04:00,0.0999999999999659,11547.040000000014,,,,,,,,,4685.0,2024-04-04T15:36:00-04:00,10.0,-8152.960000000056,4684.0,2024-04-04T15:35:00-04:00,0.0999999999999659,11547.040000000014,,,,,,,,,4685.0,2024-04-04T15:36:00-04:00,10.0,-8152.960000000056,1726
2024-04-01,2024-04-04,3,7.0,2024-04-01T09:31:00-04:00,7.200000000000017,NDXP  240404P18440000,NDXP  240404P18430000,development,False,False,0,0,0,110,0,1494,available,False,2024-04-01T09:31:00-04:00,2024-04-04T15:59:00-04:00,10.0,-5752.9599999999655,1.0,last_observed_quote_not_settlement,1037.0,1224,92,6.949999999999989,247.04000000005752,2024-04-01T09:32:00-04:00,0.0,6.349999999999966,1447.040000000103,2024-04-01T09:33:00-04:00,0.0,6.750000000000028,647.0399999999779,2024-04-01T09:36:00-04:00,0.0,5.549999999999983,3047.040000000069,2024-04-01T09:41:00-04:00,0.0,4.6499999999999915,4847.040000000052,2024-04-01T09:46:00-04:00,0.0,5.349999999999994,3447.0400000000463,2024-04-01T10:01:00-04:00,0.0,6.400000000000006,1347.0400000000234,2024-04-01T10:31:00-04:00,0.0,7.300000000000011,-452.95999999998793,2024-04-01T11:31:00-04:00,0.0,7.5,-852.9599999999652,2024-04-01T16:00:00-04:00,0.0,9.299999999999955,-4452.959999999876,2024-04-02T16:00:00-04:00,0.0,9.75,-5352.959999999967,2024-04-03T16:00:00-04:00,0.0,,,2024-04-04T15:59:00-04:00,60.0,7.0,hit,11.0,hit,37.0,hit,,never_hit,,never_hit,,never_hit,,never_hit,91.0,hit,1441.0,hit,0.0,hit,107.0,hit,1441.0,hit,1444.0,hit,,,True,True,True,False,3.5999999999999943,,,True,True,True,False,3.5999999999999943,,,True,True,True,False,3.5999999999999943,,,True,True,True,False,3.5999999999999943,,,,,,,,,,,,,,,,,,,,,,,,,,,,,,,,,,,,,,,,,,,,,,,,,,,,,,,,,,,,,,,,,1727
2024-04-02,2024-04-04,2,5.0,2024-04-02T09:31:00-04:00,5.049999999999997,NDXP  240404P18130000,NDXP  240404P18120000,development,False,False,0,0,0,20,0,1179,available,False,2024-04-02T09:31:00-04:00,2024-04-04T15:59:00-04:00,10.0,-10052.960000000005,1.0,last_observed_quote_not_settlement,1036.0,423,35,5.75,-1652.960000000005,2024-04-02T09:32:00-04:00,0.0,5.499999999999986,-1152.9599999999766,2024-04-02T09:33:00-04:00,0.0,5.399999999999977,-952.9599999999596,2024-04-02T09:36:00-04:00,0.0,6.349999999999994,-2852.9599999999937,2024-04-02T09:41:00-04:00,0.0,7.300000000000011,-4752.960000000027,2024-04-02T09:46:00-04:00,0.0,4.099999999999994,1647.0400000000063,2024-04-02T10:01:00-04:00,0.0,6.349999999999994,-2852.9599999999937,2024-04-02T10:31:00-04:00,0.0,5.25,-652.960000000005,2024-04-02T11:31:00-04:00,0.0,4.650000000000006,547.0399999999836,2024-04-02T16:00:00-04:00,0.0,3.4499999999999957,2947.0400000000036,2024-04-03T16:00:00-04:00,0.0,,,2024-04-04T15:59:00-04:00,60.0,,,,,0.0,hit,24.0,hit,136.0,hit,1496.0,hit,1631.0,hit,2880.0,hit,2880.0,hit,1.0,hit,3.0,hit,14.0,hit,3203.0,hit,3205.0,hit,3205.0,hit,7.700000000000003,364,True,False,False,False,,7.700000000000003,364,True,False,False,False,,7.700000000000003,364,True,False,False,False,,7.700000000000003,364,True,False,False,False,,1496.0,2024-04-03T10:27:00-04:00,2.799999999999997,4247.040000000001,1499.0,2024-04-03T10:30:00-04:00,2.8999999999999986,4047.039999999998,1500.0,2024-04-03T10:31:00-04:00,2.799999999999997,4247.040000000001,1497.0,2024-04-03T10:28:00-04:00,2.950000000000003,3947.0399999999895,1631.0,2024-04-03T12:42:00-04:00,1.6499999999999986,6547.039999999998,2881.0,2024-04-04T09:32:00-04:00,0.3999999999999999,9047.039999999995,2882.0,2024-04-04T09:33:00-04:00,0.32499999999999973,9197.039999999995,1632.0,2024-04-03T12:43:00-04:00,2.6999999999999993,4447.039999999996,2880.0,2024-04-04T09:31:00-04:00,0.3999999999999999,9047.039999999995,2881.0,2024-04-04T09:32:00-04:00,0.3999999999999999,9047.039999999995,2882.0,2024-04-04T09:33:00-04:00,0.32499999999999973,9197.039999999995,2881.0,2024-04-04T09:32:00-04:00,0.3999999999999999,9047.039999999995,2880.0,2024-04-04T09:31:00-04:00,0.3999999999999999,9047.039999999995,2881.0,2024-04-04T09:32:00-04:00,0.3999999999999999,9047.039999999995,2882.0,2024-04-04T09:33:00-04:00,0.32499999999999973,9197.039999999995,2881.0,2024-04-04T09:32:00-04:00,0.3999999999999999,9047.039999999995,1728
2024-04-02,2024-04-04,2,6.0,2024-04-02T09:31:00-04:00,6.050000000000011,NDXP  240404P18180000,NDXP  240404P18170000,development,False,False,0,0,0,19,0,1180,available,False,2024-04-02T09:31:00-04:00,2024-04-04T15:59:00-04:00,10.0,-8052.959999999977,1.0,last_observed_quote_not_settlement,1036.0,422,40,6.199999999999989,-552.9599999999539,2024-04-02T09:32:00-04:00,0.0,6.099999999999994,-352.9599999999652,2024-04-02T09:33:00-04:00,0.0,6.599999999999994,-1352.9599999999652,2024-04-02T09:36:00-04:00,0.0,6.550000000000011,-1252.9599999999994,2024-04-02T09:41:00-04:00,0.0,7.300000000000011,-2752.959999999999,2024-04-02T09:46:00-04:00,0.0,7.949999999999989,-4052.9599999999537,2024-04-02T10:01:00-04:00,0.0,6.949999999999989,-2052.9599999999537,2024-04-02T10:31:00-04:00,0.0,6.849999999999994,-1852.9599999999652,2024-04-02T11:31:00-04:00,0.0,6.599999999999994,-1352.9599999999652,2024-04-02T16:00:00-04:00,0.0,4.599999999999994,2647.040000000035,2024-04-03T16:00:00-04:00,0.0,,,2024-04-04T15:59:00-04:00,60.0,,,,,7.0,hit,379.0,hit,1496.0,hit,1543.0,hit,2880.0,hit,2880.0,hit,2887.0,hit,4.0,hit,15.0,hit,13.0,hit,1454.0,hit,3180.0,hit,3195.0,hit,8.599999999999994,364,True,True,False,False,,8.599999999999994,365,True,True,False,False,,8.599999999999994,365,True,True,False,False,,8.599999999999994,365,True,True,False,False,,1543.0,2024-04-03T11:14:00-04:00,2.700000000000003,6447.040000000018,2881.0,2024-04-04T09:32:00-04:00,0.7999999999999998,10247.040000000025,2882.0,2024-04-04T09:33:00-04:00,0.6499999999999995,10547.040000000025,1544.0,2024-04-03T11:15:00-04:00,3.0500000000000043,5747.0400000000145,2880.0,2024-04-04T09:31:00-04:00,0.7500000000000009,10347.040000000023,2881.0,2024-04-04T09:32:00-04:00,0.7999999999999998,10247.040000000025,2882.0,2024-04-04T09:33:00-04:00,0.6499999999999995,10547.040000000025,2881.0,2024-04-04T09:32:00-04:00,0.7999999999999998,10247.040000000025,2880.0,2024-04-04T09:31:00-04:00,0.7500000000000009,10347.040000000023,2881.0,2024-04-04T09:32:00-04:00,0.7999999999999998,10247.040000000025,2882.0,2024-04-04T09:33:00-04:00,0.6499999999999995,10547.040000000025,2881.0,2024-04-04T09:32:00-04:00,0.7999999999999998,10247.040000000025,3000.0,2024-04-04T11:31:00-04:00,0.3999999999999999,11047.040000000023,3009.0,2024-04-04T11:40:00-04:00,0.375,11097.040000000025,3010.0,2024-04-04T11:41:00-04:00,0.40000000000000036,11047.040000000023,3001.0,2024-04-04T11:32:00-04:00,0.4500000000000002,10947.040000000025,1729
2024-04-02,2024-04-04,2,7.0,2024-04-02T09:31:00-04:00,7.0,NDXP  240404P18240000,NDXP  240404P18230000,development,False,False,0,0,0,39,0,1160,available,False,2024-04-02T09:31:00-04:00,2024-04-04T15:59:00-04:00,10.0,-6152.96,1.0,last_observed_quote_not_settlement,1036.0,447,67,7.450000000000017,-1152.9600000000335,2024-04-02T09:32:00-04:00,0.0,7.300000000000011,-852.9600000000221,2024-04-02T09:33:00-04:00,0.0,7.75,-1752.9599999999994,2024-04-02T09:36:00-04:00,0.0,7.499999999999972,-1252.9599999999425,2024-04-02T09:41:00-04:00,0.0,8.050000000000011,-2352.9600000000237,2024-04-02T09:46:00-04:00,0.0,7.849999999999966,-1952.9599999999311,2024-04-02T10:01:00-04:00,0.0,7.849999999999994,-1952.959999999988,2024-04-02T10:31:00-04:00,0.0,6.950000000000017,-152.9600000000334,2024-04-02T11:31:00-04:00,0.0,8.550000000000011,-3352.9600000000237,2024-04-02T16:00:00-04:00,0.0,6.599999999999994,547.040000000012,2024-04-03T16:00:00-04:00,0.0,,,2024-04-04T15:59:00-04:00,60.0,,,,,29.0,hit,29.0,hit,29.0,hit,29.0,hit,29.0,hit,29.0,hit,29.0,hit,5.0,hit,12.0,hit,0.0,hit,12.0,hit,3180.0,hit,3180.0,hit,8.199999999999989,27,True,True,False,False,,8.199999999999989,27,True,True,False,False,,8.199999999999989,27,True,True,False,False,,8.199999999999989,27,True,True,False,False,,29.0,2024-04-02T10:00:00-04:00,0.0,13747.04,2881.0,2024-04-04T09:32:00-04:00,1.75,10247.04,2882.0,2024-04-04T09:33:00-04:00,1.6499999999999986,10447.040000000005,30.0,2024-04-02T10:01:00-04:00,7.849999999999966,-1952.9599999999311,29.0,2024-04-02T10:00:00-04:00,0.0,13747.04,2881.0,2024-04-04T09:32:00-04:00,1.75,10247.04,2882.0,2024-04-04T09:33:00-04:00,1.6499999999999986,10447.040000000005,30.0,2024-04-02T10:01:00-04:00,7.849999999999966,-1952.9599999999311,29.0,2024-04-02T10:00:00-04:00,0.0,13747.04,3029.0,2024-04-04T12:00:00-04:00,0.8500000000000005,12047.04,3030.0,2024-04-04T12:01:00-04:00,0.8999999999999995,11947.040000000003,30.0,2024-04-02T10:01:00-04:00,7.849999999999966,-1952.9599999999311,29.0,2024-04-02T10:00:00-04:00,0.0,13747.04,3081.0,2024-04-04T12:52:00-04:00,0.3749999999999998,12997.04,3082.0,2024-04-04T12:53:00-04:00,0.34999999999999964,13047.040000000003,30.0,2024-04-02T10:01:00-04:00,7.849999999999966,-1952.9599999999311,1730
2024-04-02,2024-04-05,3,5.0,2024-04-02T09:31:00-04:00,4.949999999999989,NDXP  240405P18100000,NDXP  240405P18090000,development,False,False,0,0,0,0,0,1605,available,False,2024-04-02T09:31:00-04:00,2024-04-05T16:00:00-04:00,0.125,9397.039999999979,0.0,last_observed_quote_not_settlement,1036.0,404,93,4.550000000000011,547.0399999999552,2024-04-02T09:32:00-04:00,0.0,4.850000000000023,-52.9600000000675,2024-04-02T09:33:00-04:00,0.0,4.75,147.03999999997797,2024-04-02T09:36:00-04:00,0.0,5.349999999999994,-1052.9600000000107,2024-04-02T09:41:00-04:00,0.0,5.400000000000006,-1152.9600000000335,2024-04-02T09:46:00-04:00,0.0,5.599999999999994,-1552.9600000000107,2024-04-02T10:01:00-04:00,0.0,5.200000000000017,-752.9600000000562,2024-04-02T10:31:00-04:00,0.0,4.649999999999977,347.04000000002344,2024-04-02T11:31:00-04:00,0.0,4.299999999999983,1047.040000000012,2024-04-02T16:00:00-04:00,0.0,3.1500000000000057,3347.0399999999668,2024-04-03T16:00:00-04:00,0.0,9.900000000000034,-10152.960000000092,2024-04-04T16:00:00-04:00,0.0,0.125,9397.039999999979,2024-04-05T16:00:00-04:00,0.0,0.0,hit,0.0,hit,271.0,hit,1454.0,hit,1454.0,hit,1454.0,hit,1454.0,hit,9.0,hit,1800.0,hit,3228.0,hit,3228.0,hit,3269.0,hit,3269.0,hit,5.800000000000011,166,False,False,False,False,,5.800000000000011,166,False,False,False,False,,5.800000000000011,166,False,False,False,False,,5.800000000000011,166,False,False,False,False,,1454.0,2024-04-03T09:45:00-04:00,0.25,9147.039999999979,1501.0,2024-04-03T10:32:00-04:00,2.8999999999999986,3847.039999999981,1527.0,2024-04-03T10:58:00-04:00,2.75,4147.039999999978,1455.0,2024-04-03T09:46:00-04:00,5.25,-852.9600000000221,1454.0,2024-04-03T09:45:00-04:00,0.25,9147.039999999979,2881.0,2024-04-04T09:32:00-04:00,1.3000000000000043,7047.039999999969,2882.0,2024-04-04T09:33:00-04:00,1.3500000000000014,6947.039999999975,1455.0,2024-04-03T09:46:00-04:00,5.25,-852.9600000000221,1454.0,2024-04-03T09:45:00-04:00,0.25,9147.039999999979,3035.0,2024-04-04T12:06:00-04:00,0.9000000000000004,7847.039999999977,3039.0,2024-04-04T12:10:00-04:00,0.9000000000000004,7847.039999999977,1455.0,2024-04-03T09:46:00-04:00,5.25,-852.9600000000221,1454.0,2024-04-03T09:45:00-04:00,0.25,9147.039999999979,4705.0,2024-04-05T15:56:00-04:00,0.35,8947.039999999977,,,,,1455.0,2024-04-03T09:46:00-04:00,5.25,-852.9600000000221,1731
2024-04-02,2024-04-05,3,6.0,2024-04-02T09:31:00-04:00,6.050000000000011,NDXP  240405P18220000,NDXP  240405P18210000,development,False,False,0,0,0,24,0,1581,available,False,2024-04-02T09:31:00-04:00,2024-04-05T16:00:00-04:00,10.0,-8052.959999999977,0.0,last_observed_quote_not_settlement,1037.0,822,48,5.699999999999989,447.0400000000462,2024-04-02T09:32:00-04:00,0.0,6.599999999999994,-1352.9599999999652,2024-04-02T09:33:00-04:00,0.0,5.849999999999994,147.0400000000348,2024-04-02T09:36:00-04:00,0.0,6.5,-1152.9599999999766,2024-04-02T09:41:00-04:00,0.0,6.5,-1152.9599999999766,2024-04-02T09:46:00-04:00,0.0,5.650000000000034,547.0399999999552,2024-04-02T10:01:00-04:00,0.0,6.75,-1652.9599999999766,2024-04-02T10:31:00-04:00,0.0,6.399999999999977,-952.9599999999311,2024-04-02T11:31:00-04:00,0.0,6.25,-652.9599999999766,2024-04-02T16:00:00-04:00,0.0,5.0,1847.0400000000234,2024-04-03T16:00:00-04:00,0.0,9.5,-7152.959999999978,2024-04-04T16:00:00-04:00,0.0,10.0,-8052.959999999977,2024-04-05T16:00:00-04:00,0.0,29.0,hit,29.0,hit,1572.0,hit,2880.0,hit,3228.0,hit,,never_hit,,never_hit,2.0,hit,9.0,hit,6.0,hit,1454.0,hit,3247.0,hit,3252.0,hit,8.600000000000023,381,True,True,False,False,,8.699999999999989,427,True,True,False,False,,,,True,True,True,False,4.949999999999989,,,True,True,True,False,4.949999999999989,2880.0,2024-04-04T09:31:00-04:00,2.5,6847.040000000024,2881.0,2024-04-04T09:32:00-04:00,2.8499999999999943,6147.0400000000345,2882.0,2024-04-04T09:33:00-04:00,2.549999999999997,6747.040000000029,2881.0,2024-04-04T09:32:00-04:00,2.8499999999999943,6147.0400000000345,3228.0,2024-04-04T15:19:00-04:00,1.1000000000000227,9647.039999999979,,,,,,,,,3229.0,2024-04-04T15:20:00-04:00,8.5,-5152.959999999978,,,,,,,,,,,,,,,,,,,,,,,,,,,,,,,,,1732
2024-04-02,2024-04-05,3,7.0,2024-04-02T09:31:00-04:00,7.0,NDXP  240405P18280000,NDXP  240405P18270000,development,False,False,0,0,0,58,0,1547,available,False,2024-04-02T09:31:00-04:00,2024-04-05T16:00:00-04:00,10.0,-6152.96,0.0,last_observed_quote_not_settlement,1038.0,727,96,6.900000000000034,-52.9600000000675,2024-04-02T09:32:00-04:00,0.0,7.400000000000006,-1052.9600000000107,2024-04-02T09:33:00-04:00,0.0,7.099999999999994,-452.95999999998793,2024-04-02T09:36:00-04:00,0.0,7.399999999999977,-1052.9599999999539,2024-04-02T09:41:00-04:00,0.0,8.0,-2252.960000000001,2024-04-02T09:46:00-04:00,0.0,7.100000000000023,-452.9600000000448,2024-04-02T10:01:00-04:00,0.0,7.300000000000011,-852.9600000000221,2024-04-02T10:31:00-04:00,0.0,7.199999999999989,-652.9599999999766,2024-04-02T11:31:00-04:00,0.0,7.75,-1752.9599999999994,2024-04-02T16:00:00-04:00,0.0,5.75,2247.040000000001,2024-04-03T16:00:00-04:00,0.0,9.399999999999977,-5052.9599999999555,2024-04-04T16:00:00-04:00,0.0,10.0,-6152.96,2024-04-05T16:00:00-04:00,0.0,1469.0,hit,1469.0,hit,1485.0,hit,3039.0,hit,3228.0,hit,,never_hit,,never_hit,7.0,hit,9.0,hit,0.0,hit,9.0,hit,3221.0,hit,3238.0,hit,8.75,337,True,True,False,False,,9.100000000000023,386,True,True,True,True,,,,True,True,True,False,5.300000000000011,,,True,True,True,False,5.300000000000011,3082.0,2024-04-04T12:53:00-04:00,2.9499999999999957,7847.040000000009,,,,,,,,,3083.0,2024-04-04T12:54:00-04:00,3.0500000000000043,7647.039999999992,3228.0,2024-04-04T15:19:00-04:00,1.6999999999999886,10347.040000000025,,,,,,,,,3229.0,2024-04-04T15:20:00-04:00,7.050000000000011,-352.96000000002203,,,,,,,,,,,,,,,,,,,,,,,,,,,,,,,,,1733
2024-04-03,2024-04-05,2,5.0,2024-04-03T09:31:00-04:00,5.0,NDXP  240405P18100000,NDXP  240405P18090000,development,False,False,0,0,0,0,0,1200,available,False,2024-04-03T09:31:00-04:00,2024-04-05T16:00:00-04:00,0.125,9497.04,0.0,last_observed_quote_not_settlement,1036.0,236,37,5.199999999999974,-652.9599999999482,2024-04-03T09:32:00-04:00,0.0,5.1499999999999915,-552.9599999999823,2024-04-03T09:33:00-04:00,0.0,4.900000000000006,-52.96000000001066,2024-04-03T09:36:00-04:00,0.0,5.25,-752.9599999999994,2024-04-03T09:41:00-04:00,0.0,5.25,-752.9599999999994,2024-04-03T09:46:00-04:00,0.0,4.349999999999994,1047.040000000012,2024-04-03T10:01:00-04:00,0.0,2.8500000000000014,4047.039999999998,2024-04-03T10:31:00-04:00,0.0,2.5,4747.040000000001,2024-04-03T11:31:00-04:00,0.0,3.1500000000000057,3447.0399999999895,2024-04-03T16:00:00-04:00,0.0,9.900000000000034,-10052.960000000068,2024-04-04T16:00:00-04:00,0.0,0.125,9497.04,2024-04-05T16:00:00-04:00,0.0,,,,,0.0,hit,0.0,hit,14.0,hit,14.0,hit,14.0,hit,14.0,hit,14.0,hit,360.0,hit,360.0,hit,1788.0,hit,1788.0,hit,1829.0,hit,1829.0,hit,5.25,7,False,False,False,False,,5.25,7,False,False,False,False,,5.25,7,False,False,False,False,,5.25,7,False,False,False,False,,14.0,2024-04-03T09:45:00-04:00,0.25,9247.04,61.0,2024-04-03T10:32:00-04:00,2.8999999999999986,3947.0400000000036,87.0,2024-04-03T10:58:00-04:00,2.75,4247.040000000001,15.0,2024-04-03T09:46:00-04:00,5.25,-752.9599999999994,14.0,2024-04-03T09:45:00-04:00,0.25,9247.04,1441.0,2024-04-04T09:32:00-04:00,1.3000000000000043,7147.039999999992,1442.0,2024-04-04T09:33:00-04:00,1.3500000000000014,7047.039999999998,15.0,2024-04-03T09:46:00-04:00,5.25,-752.9599999999994,14.0,2024-04-03T09:45:00-04:00,0.25,9247.04,1595.0,2024-04-04T12:06:00-04:00,0.9000000000000004,7947.04,1599.0,2024-04-04T12:10:00-04:00,0.9000000000000004,7947.04,15.0,2024-04-03T09:46:00-04:00,5.25,-752.9599999999994,14.0,2024-04-03T09:45:00-04:00,0.25,9247.04,3265.0,2024-04-05T15:56:00-04:00,0.35,9047.04,,,,,15.0,2024-04-03T09:46:00-04:00,5.25,-752.9599999999994,1734
2024-04-03,2024-04-05,2,6.0,2024-04-03T09:31:00-04:00,5.950000000000017,NDXP  240405P18120000,NDXP  240405P18110000,development,False,False,0,0,0,1,0,1199,available,False,2024-04-03T09:31:00-04:00,2024-04-05T16:00:00-04:00,9.3,-6952.959999999968,0.0,last_observed_quote_not_settlement,1036.0,230,41,4.949999999999989,1747.0400000000575,2024-04-03T09:32:00-04:00,0.0,5.349999999999994,947.0400000000461,2024-04-03T09:33:00-04:00,0.0,5.300000000000011,1047.040000000012,2024-04-03T09:36:00-04:00,0.0,5.050000000000011,1547.040000000012,2024-04-03T09:41:00-04:00,0.0,5.550000000000011,547.040000000012,2024-04-03T09:46:00-04:00,0.0,4.699999999999989,2247.0400000000577,2024-04-03T10:01:00-04:00,0.0,3.3499999999999943,4947.040000000046,2024-04-03T10:31:00-04:00,0.0,2.8999999999999915,5847.040000000052,2024-04-03T11:31:00-04:00,0.0,3.6500000000000057,4347.040000000024,2024-04-03T16:00:00-04:00,0.0,9.300000000000011,-6952.95999999999,2024-04-04T16:00:00-04:00,0.0,9.3,-6952.959999999968,2024-04-05T16:00:00-04:00,0.0,,,,,1.0,hit,1.0,hit,29.0,hit,33.0,hit,1440.0,hit,1628.0,hit,,never_hit,14.0,hit,14.0,hit,14.0,hit,1799.0,hit,1829.0,hit,2888.0,hit,7.599999999999966,1,True,False,False,False,,7.599999999999966,1,True,False,False,False,,7.599999999999966,1,True,False,False,False,,,,True,True,True,False,4.950000000000017,33.0,2024-04-03T10:04:00-04:00,2.6500000000000057,6347.040000000024,100.0,2024-04-03T11:11:00-04:00,2.9000000000000057,5847.040000000024,104.0,2024-04-03T11:15:00-04:00,2.8999999999999986,5847.040000000037,34.0,2024-04-03T10:05:00-04:00,4.25,3147.040000000035,1440.0,2024-04-04T09:31:00-04:00,1.6000000000000014,8447.040000000034,1441.0,2024-04-04T09:32:00-04:00,1.4000000000000021,8847.040000000032,1442.0,2024-04-04T09:33:00-04:00,1.4499999999999993,8747.040000000037,1441.0,2024-04-04T09:32:00-04:00,1.4000000000000021,8847.040000000032,,,,,,,,,,,,,,,,,,,,,,,,,,,,,,,,,1735
2024-04-03,2024-04-05,2,7.0,2024-04-03T09:31:00-04:00,7.050000000000011,NDXP  240405P18240000,NDXP  240405P18230000,development,False,False,0,0,0,31,0,1169,available,False,2024-04-03T09:31:00-04:00,2024-04-05T16:00:00-04:00,10.0,-6052.959999999977,0.0,last_observed_quote_not_settlement,1036.0,442,53,7.400000000000006,-952.959999999988,2024-04-03T09:32:00-04:00,0.0,6.849999999999966,147.04000000009165,2024-04-03T09:33:00-04:00,0.0,6.699999999999989,447.0400000000462,2024-04-03T09:36:00-04:00,0.0,6.800000000000011,247.04000000000067,2024-04-03T09:41:00-04:00,0.0,6.849999999999994,147.0400000000348,2024-04-03T09:46:00-04:00,0.0,6.600000000000023,647.0399999999779,2024-04-03T10:01:00-04:00,0.0,4.900000000000006,4047.040000000012,2024-04-03T10:31:00-04:00,0.0,4.550000000000011,4747.040000000001,2024-04-03T11:31:00-04:00,0.0,4.949999999999989,3947.0400000000463,2024-04-03T16:00:00-04:00,0.0,9.5,-5152.959999999978,2024-04-04T16:00:00-04:00,0.0,10.0,-6052.959999999977,2024-04-05T16:00:00-04:00,0.0,,,,,14.0,hit,14.0,hit,14.0,hit,14.0,hit,14.0,hit,14.0,hit,,never_hit,3.0,hit,1765.0,hit,0.0,hit,1765.0,hit,1793.0,hit,1824.0,hit,7.800000000000011,8,True,False,False,False,,7.800000000000011,8,True,False,False,False,,7.800000000000011,8,True,False,False,False,,,,True,True,True,False,6.450000000000017,14.0,2024-04-03T09:45:00-04:00,0.5999999999999943,12647.040000000035,1445.0,2024-04-04T09:36:00-04:00,2.799999999999997,8247.04000000003,1446.0,2024-04-04T09:37:00-04:00,2.6500000000000057,8547.040000000014,15.0,2024-04-03T09:46:00-04:00,6.849999999999994,147.0400000000348,14.0,2024-04-03T09:45:00-04:00,0.5999999999999943,12647.040000000035,,,,,,,,,15.0,2024-04-03T09:46:00-04:00,6.849999999999994,147.0400000000348,14.0,2024-04-03T09:45:00-04:00,0.5999999999999943,12647.040000000035,,,,,,,,,15.0,2024-04-03T09:46:00-04:00,6.849999999999994,147.0400000000348,,,,,,,,,,,,,,,,,1736
2024-04-05,2024-04-08,3,5.0,2024-04-05T09:31:00-04:00,4.750000000000014,NDXP  240408P17960000,NDXP  240408P17950000,development,False,False,0,0,0,0,0,795,available,False,2024-04-05T09:31:00-04:00,2024-04-08T16:00:00-04:00,9.975,-10652.95999999997,0.0,last_observed_quote_not_settlement,3916.0,5,7,4.400000000000006,447.04000000001776,2024-04-05T09:32:00-04:00,0.0,4.299999999999997,647.0400000000348,2024-04-05T09:33:00-04:00,0.0,7.799999999999997,-6352.9599999999655,2024-04-05T09:36:00-04:00,0.0,3.450000000000003,2347.0400000000236,2024-04-05T09:41:00-04:00,0.0,4.1000000000000085,1047.040000000012,2024-04-05T09:46:00-04:00,0.0,3.799999999999997,1647.0400000000348,2024-04-05T10:01:00-04:00,0.0,3.700000000000017,1847.039999999995,2024-04-05T10:31:00-04:00,0.0,2.4000000000000057,4447.040000000018,2024-04-05T11:31:00-04:00,0.0,2.3999999999999986,4447.040000000032,2024-04-05T16:00:00-04:00,0.0,,,2024-04-05T16:15:00-04:00,85500.0,,,2024-04-05T16:15:00-04:00,171900.0,9.975,-10652.95999999997,2024-04-08T16:00:00-04:00,0.0,0.0,hit,0.0,hit,10.0,hit,42.0,hit,130.0,hit,4321.0,hit,4376.0,hit,5.0,hit,5.0,hit,5.0,hit,4709.0,hit,4709.0,hit,4709.0,hit,7.799999999999997,5,True,False,False,False,,7.799999999999997,5,True,False,False,False,,7.799999999999997,5,True,False,False,False,,7.799999999999997,5,True,False,False,False,,79.0,2024-04-05T10:50:00-04:00,2.6000000000000014,4047.0400000000263,80.0,2024-04-05T10:51:00-04:00,2.5500000000000043,4147.040000000021,81.0,2024-04-05T10:52:00-04:00,2.3999999999999986,4447.040000000032,80.0,2024-04-05T10:51:00-04:00,2.5500000000000043,4147.040000000021,131.0,2024-04-05T11:42:00-04:00,1.9499999999999957,5347.040000000037,132.0,2024-04-05T11:43:00-04:00,1.8999999999999986,5447.040000000032,133.0,2024-04-05T11:44:00-04:00,1.7999999999999972,5647.0400000000345,132.0,2024-04-05T11:43:00-04:00,1.8999999999999986,5447.040000000032,4321.0,2024-04-08T09:32:00-04:00,0.9499999999999993,7347.040000000031,4322.0,2024-04-08T09:33:00-04:00,0.75,7747.040000000029,4352.0,2024-04-08T10:03:00-04:00,0.9000000000000004,7447.040000000028,4322.0,2024-04-08T09:33:00-04:00,0.75,7747.040000000029,4379.0,2024-04-08T10:30:00-04:00,0.39999999999999947,8447.040000000032,4380.0,2024-04-08T10:31:00-04:00,0.2999999999999998,8647.04000000003,4381.0,2024-04-08T10:32:00-04:00,0.2999999999999998,8647.04000000003,4380.0,2024-04-08T10:31:00-04:00,0.2999999999999998,8647.04000000003,1737
2024-04-05,2024-04-08,3,6.0,2024-04-05T09:31:00-04:00,6.0,NDXP  240408P18040000,NDXP  240408P18030000,development,False,False,0,0,0,2,0,793,available,False,2024-04-05T09:31:00-04:00,2024-04-08T15:59:00-04:00,0.024999999999999994,11697.04,1.0,last_observed_quote_not_settlement,3916.0,2,2,5.199999999999989,1347.0400000000234,2024-04-05T09:32:00-04:00,0.0,5.550000000000011,647.0399999999779,2024-04-05T09:33:00-04:00,0.0,5.900000000000006,-52.96000000001066,2024-04-05T09:36:00-04:00,0.0,6.050000000000011,-352.96000000002203,2024-04-05T09:41:00-04:00,0.0,5.149999999999977,1447.0400000000461,2024-04-05T09:46:00-04:00,0.0,4.949999999999989,1847.0400000000234,2024-04-05T10:01:00-04:00,0.0,5.049999999999983,1647.0400000000348,2024-04-05T10:31:00-04:00,0.0,3.5,4747.040000000001,2024-04-05T11:31:00-04:00,0.0,3.249999999999993,5247.0400000000145,2024-04-05T16:00:00-04:00,0.0,,,2024-04-05T16:15:00-04:00,85500.0,,,2024-04-05T16:15:00-04:00,171900.0,,,2024-04-08T15:59:00-04:00,60.0,1.0,hit,12.0,hit,79.0,hit,89.0,hit,89.0,hit,4380.0,hit,4603.0,hit,9.0,hit,,never_hit,,never_hit,,never_hit,,never_hit,,never_hit,6.600000000000023,2,False,False,False,False,,6.600000000000023,2,False,False,False,False,,6.600000000000023,2,False,False,False,False,,6.600000000000023,2,False,False,False,False,,89.0,2024-04-05T11:00:00-04:00,1.6499999999999986,8447.040000000005,132.0,2024-04-05T11:43:00-04:00,2.9000000000000057,5947.039999999989,133.0,2024-04-05T11:44:00-04:00,2.750000000000007,6247.039999999986,90.0,2024-04-05T11:01:00-04:00,3.200000000000003,5347.039999999995,89.0,2024-04-05T11:00:00-04:00,1.6499999999999986,8447.040000000005,210.0,2024-04-05T13:01:00-04:00,1.6000000000000014,8547.039999999999,4375.0,2024-04-08T10:26:00-04:00,1.6999999999999993,8347.040000000003,90.0,2024-04-05T11:01:00-04:00,3.200000000000003,5347.039999999995,4382.0,2024-04-08T10:33:00-04:00,0.8499999999999996,10047.040000000003,4383.0,2024-04-08T10:34:00-04:00,0.8999999999999995,9947.040000000003,4399.0,2024-04-08T10:50:00-04:00,0.7999999999999998,10147.040000000003,4383.0,2024-04-08T10:34:00-04:00,0.8999999999999995,9947.040000000003,4617.0,2024-04-08T14:28:00-04:00,0.3749999999999998,10997.04,4646.0,2024-04-08T14:57:00-04:00,0.3749999999999998,10997.04,4647.0,2024-04-08T14:58:00-04:00,0.3500000000000001,11047.04,4618.0,2024-04-08T14:29:00-04:00,0.47500000000000053,10797.04,1738
2024-04-05,2024-04-08,3,7.0,2024-04-05T09:31:00-04:00,7.099999999999994,NDXP  240408P18090000,NDXP  240408P18080000,development,False,False,0,0,0,0,0,795,available,False,2024-04-05T09:31:00-04:00,2024-04-08T16:00:00-04:00,0.0,13947.03999999999,0.0,last_observed_quote_not_settlement,3916.0,1,2,6.5,947.0399999999893,2024-04-05T09:32:00-04:00,0.0,5.849999999999994,2247.040000000001,2024-04-05T09:33:00-04:00,0.0,6.25,1447.0399999999893,2024-04-05T09:36:00-04:00,0.0,6.750000000000028,447.0399999999325,2024-04-05T09:41:00-04:00,0.0,6.600000000000023,747.0399999999438,2024-04-05T09:46:00-04:00,0.0,5.599999999999994,2747.040000000001,2024-04-05T10:01:00-04:00,0.0,5.649999999999977,2647.040000000035,2024-04-05T10:31:00-04:00,0.0,4.299999999999997,5347.039999999995,2024-04-05T11:31:00-04:00,0.0,3.799999999999997,6347.039999999995,2024-04-05T16:00:00-04:00,0.0,,,2024-04-05T16:15:00-04:00,85500.0,,,2024-04-05T16:15:00-04:00,171900.0,0.0,13947.03999999999,2024-04-08T16:00:00-04:00,0.0,12.0,hit,42.0,hit,86.0,hit,147.0,hit,4340.0,hit,4679.0,hit,4683.0,hit,,never_hit,,never_hit,0.0,hit,,never_hit,,never_hit,,never_hit,7.25,1,True,False,False,False,,7.25,1,True,False,False,False,,7.25,1,True,False,False,False,,7.25,1,True,False,False,False,,150.0,2024-04-05T12:01:00-04:00,2.75,8447.03999999999,166.0,2024-04-05T12:17:00-04:00,2.8999999999999915,8147.040000000007,205.0,2024-04-05T12:56:00-04:00,2.8999999999999986,8147.039999999993,151.0,2024-04-05T12:02:00-04:00,2.950000000000003,8047.039999999984,4361.0,2024-04-08T10:12:00-04:00,1.8999999999999986,10147.039999999994,4381.0,2024-04-08T10:32:00-04:00,1.799999999999999,10347.039999999992,4382.0,2024-04-08T10:33:00-04:00,1.8000000000000007,10347.039999999988,4362.0,2024-04-08T10:13:00-04:00,3.9000000000000057,6147.039999999978,4679.0,2024-04-08T15:30:00-04:00,0.9249999999999998,12097.03999999999,4680.0,2024-04-08T15:31:00-04:00,0.5750000000000002,12797.03999999999,4681.0,2024-04-08T15:32:00-04:00,0.9250000000000003,12097.039999999988,4680.0,2024-04-08T15:31:00-04:00,0.5750000000000002,12797.03999999999,4684.0,2024-04-08T15:35:00-04:00,0.42500000000000004,13097.03999999999,,,,,,,,,4685.0,2024-04-08T15:36:00-04:00,0.5749999999999997,12797.03999999999,1739
2024-04-08,2024-04-10,2,5.0,2024-04-08T09:31:00-04:00,5.0,NDXP  240410P18240000,NDXP  240410P18230000,development,False,False,0,0,0,58,15,1142,available,False,2024-04-08T09:31:00-04:00,2024-04-10T16:00:00-04:00,10.0,-10152.96,0.0,last_observed_quote_not_settlement,1036.0,1072,24,5.5,-1252.9599999999994,2024-04-08T09:32:00-04:00,0.0,5.950000000000017,-2152.9600000000332,2024-04-08T09:33:00-04:00,0.0,5.949999999999989,-2152.9599999999764,2024-04-08T09:36:00-04:00,0.0,6.600000000000023,-3452.9600000000446,2024-04-08T09:41:00-04:00,0.0,6.599999999999994,-3452.9599999999878,2024-04-08T09:46:00-04:00,0.0,6.25,-2752.959999999999,2024-04-08T10:01:00-04:00,0.0,5.399999999999977,-1052.9599999999539,2024-04-08T10:31:00-04:00,0.0,5.800000000000011,-1852.960000000022,2024-04-08T11:31:00-04:00,0.0,7.549999999999983,-5352.9599999999655,2024-04-08T16:00:00-04:00,0.0,5.200000000000017,-652.9600000000335,2024-04-09T16:00:00-04:00,0.0,10.0,-10152.96,2024-04-10T16:00:00-04:00,0.0,,,,,0.0,hit,0.0,hit,1493.0,hit,,never_hit,,never_hit,,never_hit,,never_hit,1.0,hit,4.0,hit,389.0,hit,1512.0,hit,1513.0,hit,2880.0,hit,,,True,True,True,False,1.1499999999999773,,,True,True,True,False,1.1499999999999773,,,True,True,True,False,1.1499999999999773,,,True,True,True,False,1.1499999999999773,,,,,,,,,,,,,,,,,,,,,,,,,,,,,,,,,,,,,,,,,,,,,,,,,,,,,,,,,,,,,,,,,1740
2024-04-08,2024-04-10,2,6.0,2024-04-08T09:31:00-04:00,6.050000000000011,NDXP  240410P18230000,NDXP  240410P18220000,development,False,False,0,0,0,49,15,1151,available,False,2024-04-08T09:31:00-04:00,2024-04-10T16:00:00-04:00,6.0,-152.95999999997656,0.0,last_observed_quote_not_settlement,1036.0,805,99,6.0,-152.95999999997656,2024-04-08T09:32:00-04:00,0.0,6.150000000000006,-452.95999999998793,2024-04-08T09:33:00-04:00,0.0,6.400000000000034,-952.9600000000448,2024-04-08T09:36:00-04:00,0.0,6.699999999999989,-1552.9599999999539,2024-04-08T09:41:00-04:00,0.0,6.150000000000034,-452.9600000000448,2024-04-08T09:46:00-04:00,0.0,5.850000000000023,147.03999999997797,2024-04-08T10:01:00-04:00,0.0,5.099999999999994,1647.0400000000348,2024-04-08T10:31:00-04:00,0.0,5.800000000000011,247.04000000000067,2024-04-08T11:31:00-04:00,0.0,6.099999999999994,-352.9599999999652,2024-04-08T16:00:00-04:00,0.0,5.549999999999997,747.0400000000291,2024-04-09T16:00:00-04:00,0.0,6.0,-152.95999999997656,2024-04-10T16:00:00-04:00,0.0,,,,,58.0,hit,63.0,hit,,never_hit,,never_hit,,never_hit,,never_hit,,never_hit,9.0,hit,1493.0,hit,1493.0,hit,1521.0,hit,2880.0,hit,2880.0,hit,,,True,True,True,False,1.5500000000000114,,,True,True,True,False,1.5500000000000114,,,True,True,True,False,1.5500000000000114,,,True,True,True,False,1.5500000000000114,,,,,,,,,,,,,,,,,,,,,,,,,,,,,,,,,,,,,,,,,,,,,,,,,,,,,,,,,,,,,,,,,1741
2024-04-08,2024-04-10,2,7.0,2024-04-08T09:31:00-04:00,7.0,NDXP  240410P18280000,NDXP  240410P18270000,development,False,False,0,0,0,45,15,1155,available,False,2024-04-08T09:31:00-04:00,2024-04-10T16:00:00-04:00,10.0,-6152.96,0.0,last_observed_quote_not_settlement,1036.0,631,92,6.300000000000011,1147.039999999978,2024-04-08T09:32:00-04:00,0.0,6.650000000000034,447.0399999999325,2024-04-08T09:33:00-04:00,0.0,6.699999999999989,347.04000000002344,2024-04-08T09:36:00-04:00,0.0,6.849999999999994,47.04000000001208,2024-04-08T09:41:00-04:00,0.0,6.849999999999994,47.04000000001208,2024-04-08T09:46:00-04:00,0.0,6.75,247.04000000000067,2024-04-08T10:01:00-04:00,0.0,5.950000000000017,1847.0399999999665,2024-04-08T10:31:00-04:00,0.0,6.650000000000006,447.03999999998933,2024-04-08T11:31:00-04:00,0.0,7.099999999999966,-452.9599999999311,2024-04-08T16:00:00-04:00,0.0,5.899999999999977,1947.0400000000461,2024-04-09T16:00:00-04:00,0.0,10.0,-6152.96,2024-04-10T16:00:00-04:00,0.0,,,,,1440.0,hit,1442.0,hit,,never_hit,,never_hit,,never_hit,,never_hit,,never_hit,8.0,hit,1507.0,hit,0.0,hit,1507.0,hit,1507.0,hit,2881.0,hit,,,True,True,True,False,2.400000000000034,,,True,True,True,False,2.400000000000034,,,True,True,True,False,2.400000000000034,,,True,True,True,False,2.400000000000034,,,,,,,,,,,,,,,,,,,,,,,,,,,,,,,,,,,,,,,,,,,,,,,,,,,,,,,,,,,,,,,,,1742
2024-04-08,2024-04-11,3,5.0,2024-04-08T09:31:00-04:00,4.950000000000017,NDXP  240411P18180000,NDXP  240411P18170000,development,False,False,0,0,0,8,0,1597,available,False,2024-04-08T09:31:00-04:00,2024-04-11T16:00:00-04:00,0.025000000000000355,9597.040000000035,0.0,last_observed_quote_not_settlement,1036.0,1212,104,4.800000000000011,47.04000000001208,2024-04-08T09:32:00-04:00,0.0,4.949999999999989,-252.95999999994245,2024-04-08T09:33:00-04:00,0.0,5.549999999999983,-1452.9599999999311,2024-04-08T09:36:00-04:00,0.0,5.299999999999983,-952.9599999999311,2024-04-08T09:41:00-04:00,0.0,5.349999999999994,-1052.9599999999539,2024-04-08T09:46:00-04:00,0.0,5.25,-852.9599999999652,2024-04-08T10:01:00-04:00,0.0,4.5,647.0400000000348,2024-04-08T10:31:00-04:00,0.0,4.950000000000017,-252.9599999999993,2024-04-08T11:31:00-04:00,0.0,5.200000000000017,-752.9599999999994,2024-04-08T16:00:00-04:00,0.0,4.700000000000003,247.0400000000291,2024-04-09T16:00:00-04:00,0.0,8.349999999999994,-7052.9599999999555,2024-04-10T16:00:00-04:00,0.0,0.025000000000000355,9597.040000000035,2024-04-11T16:00:00-04:00,0.0,0.0,hit,0.0,hit,1440.0,hit,4542.0,hit,4549.0,hit,4592.0,hit,4598.0,hit,5.0,hit,92.0,hit,1575.0,hit,2896.0,hit,3043.0,hit,4331.0,hit,9.549999999999997,1212,True,True,True,True,,9.549999999999997,1212,True,True,True,True,,9.549999999999997,1212,True,True,True,True,,9.549999999999997,1212,True,True,True,True,,4542.0,2024-04-11T13:13:00-04:00,2.799999999999997,4047.040000000041,4543.0,2024-04-11T13:14:00-04:00,2.8000000000000007,4047.0400000000336,4544.0,2024-04-11T13:15:00-04:00,2.6499999999999986,4347.040000000037,4543.0,2024-04-11T13:14:00-04:00,2.8000000000000007,4047.0400000000336,4549.0,2024-04-11T13:20:00-04:00,1.9499999999999993,5747.040000000036,4550.0,2024-04-11T13:21:00-04:00,1.8500000000000014,5947.040000000032,4557.0,2024-04-11T13:28:00-04:00,1.8500000000000014,5947.040000000032,4550.0,2024-04-11T13:21:00-04:00,1.8500000000000014,5947.040000000032,4592.0,2024-04-11T14:03:00-04:00,0.8000000000000007,8047.040000000034,4598.0,2024-04-11T14:09:00-04:00,0.5,8647.040000000035,4599.0,2024-04-11T14:10:00-04:00,0.4750000000000001,8697.040000000035,4593.0,2024-04-11T14:04:00-04:00,1.0,7647.0400000000345,4614.0,2024-04-11T14:25:00-04:00,0.44999999999999973,8747.040000000035,4618.0,2024-04-11T14:29:00-04:00,0.3999999999999999,8847.040000000035,4619.0,2024-04-11T14:30:00-04:00,0.32499999999999973,8997.040000000035,4615.0,2024-04-11T14:26:00-04:00,0.4500000000000002,8747.040000000035,1743
2024-04-08,2024-04-11,3,6.0,2024-04-08T09:31:00-04:00,5.900000000000006,NDXP  240411P18270000,NDXP  240411P18260000,development,False,False,0,0,0,22,0,1583,available,False,2024-04-08T09:31:00-04:00,2024-04-11T15:56:00-04:00,0.15000000000000002,11247.040000000012,4.0,last_observed_quote_not_settlement,1036.0,1314,65,6.449999999999989,-1352.9599999999652,2024-04-08T09:32:00-04:00,0.0,6.099999999999994,-652.9599999999766,2024-04-08T09:33:00-04:00,0.0,5.900000000000006,-252.9599999999993,2024-04-08T09:36:00-04:00,0.0,7.0,-2452.9599999999878,2024-04-08T09:41:00-04:00,0.0,5.900000000000006,-252.9599999999993,2024-04-08T09:46:00-04:00,0.0,6.149999999999977,-752.9599999999425,2024-04-08T10:01:00-04:00,0.0,6.0,-452.95999999998793,2024-04-08T10:31:00-04:00,0.0,5.949999999999989,-352.9599999999652,2024-04-08T11:31:00-04:00,0.0,5.900000000000006,-252.9599999999993,2024-04-08T16:00:00-04:00,0.0,4.300000000000011,2947.0399999999895,2024-04-09T16:00:00-04:00,0.0,7.699999999999989,-3852.959999999965,2024-04-10T16:00:00-04:00,0.0,,,2024-04-11T15:56:00-04:00,240.0,57.0,hit,89.0,hit,1461.0,hit,4598.0,hit,4616.0,hit,4657.0,hit,4681.0,hit,1.0,hit,10.0,hit,10.0,hit,1521.0,hit,2880.0,hit,2880.0,hit,10.0,1314,True,True,True,True,,10.0,1314,True,True,True,True,,10.0,1314,True,True,True,True,,10.0,1314,True,True,True,True,,4598.0,2024-04-11T14:09:00-04:00,2.600000000000003,6347.040000000005,4599.0,2024-04-11T14:10:00-04:00,2.6499999999999986,6247.0400000000145,4600.0,2024-04-11T14:11:00-04:00,2.8999999999999986,5747.0400000000145,4599.0,2024-04-11T14:10:00-04:00,2.6499999999999986,6247.0400000000145,4616.0,2024-04-11T14:27:00-04:00,1.75,8047.040000000012,4617.0,2024-04-11T14:28:00-04:00,1.9000000000000021,7747.040000000008,4618.0,2024-04-11T14:29:00-04:00,1.9000000000000004,7747.040000000011,4617.0,2024-04-11T14:28:00-04:00,1.9000000000000021,7747.040000000008,4657.0,2024-04-11T15:08:00-04:00,0.9499999999999993,9647.040000000014,4673.0,2024-04-11T15:24:00-04:00,0.9249999999999989,9697.040000000015,4674.0,2024-04-11T15:25:00-04:00,0.8499999999999996,9847.040000000014,4658.0,2024-04-11T15:09:00-04:00,1.1500000000000004,9247.040000000012,4684.0,2024-04-11T15:35:00-04:00,0.3999999999999999,10747.040000000012,4685.0,2024-04-11T15:36:00-04:00,0.4249999999999998,10697.040000000014,4686.0,2024-04-11T15:37:00-04:00,0.375,10797.040000000014,4685.0,2024-04-11T15:36:00-04:00,0.4249999999999998,10697.040000000014,1744
2024-04-08,2024-04-11,3,7.0,2024-04-08T09:31:00-04:00,7.0,NDXP  240411P18410000,NDXP  240411P18400000,development,False,False,0,0,0,187,0,1418,available,False,2024-04-08T09:31:00-04:00,2024-04-11T15:54:00-04:00,10.0,-6152.96,6.0,last_observed_quote_not_settlement,1038.0,1258,39,6.400000000000034,947.0399999999324,2024-04-08T09:32:00-04:00,0.0,7.449999999999989,-1152.9599999999766,2024-04-08T09:33:00-04:00,0.0,8.5,-3252.960000000001,2024-04-08T09:36:00-04:00,0.0,8.550000000000011,-3352.9600000000237,2024-04-08T09:41:00-04:00,0.0,7.850000000000023,-1952.9600000000448,2024-04-08T09:46:00-04:00,0.0,7.699999999999989,-1652.9599999999766,2024-04-08T10:01:00-04:00,0.0,7.399999999999977,-1052.9599999999539,2024-04-08T10:31:00-04:00,0.0,8.300000000000068,-2852.9600000001374,2024-04-08T11:31:00-04:00,0.0,8.350000000000023,-2952.9600000000464,2024-04-08T16:00:00-04:00,0.0,6.100000000000023,1547.0399999999552,2024-04-09T16:00:00-04:00,0.0,,,2024-04-10T15:59:00-04:00,60.0,,,2024-04-11T15:54:00-04:00,360.0,1804.0,hit,1804.0,hit,,never_hit,,never_hit,,never_hit,,never_hit,,never_hit,3.0,hit,3.0,hit,0.0,hit,3.0,hit,33.0,hit,1675.0,hit,,,True,True,True,False,2.8000000000000114,,,True,True,True,False,2.8000000000000114,,,True,True,True,False,2.8000000000000114,,,True,True,True,False,2.8000000000000114,,,,,,,,,,,,,,,,,,,,,,,,,,,,,,,,,,,,,,,,,,,,,,,,,,,,,,,,,,,,,,,,,1745
2024-04-09,2024-04-11,2,5.0,2024-04-09T09:31:00-04:00,5.0,NDXP  240411P18300000,NDXP  240411P18290000,development,False,False,0,0,0,28,15,1172,available,False,2024-04-09T09:31:00-04:00,2024-04-11T16:00:00-04:00,0.4750000000000001,8797.04,0.0,last_observed_quote_not_settlement,1036.0,1028,7,5.700000000000017,-1652.9600000000335,2024-04-09T09:32:00-04:00,0.0,5.899999999999977,-2052.9599999999537,2024-04-09T09:33:00-04:00,0.0,5.550000000000011,-1352.960000000022,2024-04-09T09:36:00-04:00,0.0,5.549999999999983,-1352.9599999999652,2024-04-09T09:41:00-04:00,0.0,5.700000000000017,-1652.9600000000335,2024-04-09T09:46:00-04:00,0.0,6.0,-2252.959999999999,2024-04-09T10:01:00-04:00,0.0,6.899999999999977,-4052.9599999999537,2024-04-09T10:31:00-04:00,0.0,7.499999999999943,-5252.959999999885,2024-04-09T11:31:00-04:00,0.0,5.650000000000006,-1552.9600000000107,2024-04-09T16:00:00-04:00,0.0,9.499999999999943,-9252.959999999886,2024-04-10T16:00:00-04:00,0.0,0.4750000000000001,8797.04,2024-04-11T16:00:00-04:00,0.0,,,,,0.0,hit,0.0,hit,3166.0,hit,3182.0,hit,3240.0,hit,3244.0,hit,3244.0,hit,1.0,hit,3.0,hit,21.0,hit,21.0,hit,332.0,hit,1458.0,hit,10.0,1028,True,True,True,True,,10.0,1028,True,True,True,True,,10.0,1028,True,True,True,True,,10.0,1028,True,True,True,True,,3182.0,2024-04-11T14:33:00-04:00,2.900000000000002,3947.0399999999963,3185.0,2024-04-11T14:36:00-04:00,2.8500000000000014,4047.039999999998,3186.0,2024-04-11T14:37:00-04:00,2.6500000000000004,4447.04,3183.0,2024-04-11T14:34:00-04:00,3.1000000000000014,3547.0399999999977,3240.0,2024-04-11T15:31:00-04:00,1.8499999999999996,6047.040000000002,3241.0,2024-04-11T15:32:00-04:00,1.7000000000000002,6347.04,3246.0,2024-04-11T15:37:00-04:00,1.4000000000000004,6947.04,3241.0,2024-04-11T15:32:00-04:00,1.7000000000000002,6347.04,3244.0,2024-04-11T15:35:00-04:00,0.4500000000000002,8847.04,3251.0,2024-04-11T15:42:00-04:00,0.7750000000000004,8197.04,3256.0,2024-04-11T15:47:00-04:00,0.8250000000000002,8097.04,3245.0,2024-04-11T15:36:00-04:00,1.5,6747.040000000001,,,,,,,,,,,,,,,,,1746
2024-04-09,2024-04-11,2,6.0,2024-04-09T09:31:00-04:00,6.0,NDXP  240411P18290000,NDXP  240411P18280000,development,False,False,0,0,0,53,15,1147,available,False,2024-04-09T09:31:00-04:00,2024-04-11T16:00:00-04:00,0.5,10747.04,0.0,last_observed_quote_not_settlement,1037.0,943,23,5.549999999999983,647.0400000000348,2024-04-09T09:32:00-04:00,0.0,5.25,1247.0400000000006,2024-04-09T09:33:00-04:00,0.0,5.899999999999977,-52.959999999953816,2024-04-09T09:36:00-04:00,0.0,5.400000000000006,947.0399999999893,2024-04-09T09:41:00-04:00,0.0,5.399999999999977,947.0400000000461,2024-04-09T09:46:00-04:00,0.0,6.100000000000023,-452.9600000000448,2024-04-09T10:01:00-04:00,0.0,7.4500000000000455,-3152.96000000009,2024-04-09T10:31:00-04:00,0.0,7.4500000000000455,-3152.96000000009,2024-04-09T11:31:00-04:00,0.0,6.849999999999994,-1952.959999999988,2024-04-09T16:00:00-04:00,0.0,9.000000000000057,-6252.960000000115,2024-04-10T16:00:00-04:00,0.0,0.5,10747.04,2024-04-11T16:00:00-04:00,0.0,,,,,2.0,hit,8.0,hit,3158.0,hit,3176.0,hit,3215.0,hit,3245.0,hit,3250.0,hit,57.0,hit,60.0,hit,60.0,hit,64.0,hit,1440.0,hit,1440.0,hit,10.0,943,True,True,True,True,,10.0,943,True,True,True,True,,10.0,943,True,True,True,True,,10.0,943,True,True,True,True,,3176.0,2024-04-11T14:27:00-04:00,2.6499999999999986,6447.040000000004,3177.0,2024-04-11T14:28:00-04:00,2.700000000000001,6347.039999999998,3178.0,2024-04-11T14:29:00-04:00,2.8500000000000014,6047.039999999998,3177.0,2024-04-11T14:28:00-04:00,2.700000000000001,6347.039999999998,3216.0,2024-04-11T15:07:00-04:00,1.9500000000000002,7847.04,3217.0,2024-04-11T15:08:00-04:00,1.8500000000000005,8047.04,3218.0,2024-04-11T15:09:00-04:00,1.9500000000000002,7847.04,3217.0,2024-04-11T15:08:00-04:00,1.8500000000000005,8047.04,3248.0,2024-04-11T15:39:00-04:00,0.875,9997.04,3249.0,2024-04-11T15:40:00-04:00,0.7250000000000001,10297.04,3250.0,2024-04-11T15:41:00-04:00,0.44999999999999996,10847.04,3249.0,2024-04-11T15:40:00-04:00,0.7250000000000001,10297.04,3250.0,2024-04-11T15:41:00-04:00,0.44999999999999996,10847.04,3251.0,2024-04-11T15:42:00-04:00,0.4249999999999998,10897.040000000003,3267.0,2024-04-11T15:58:00-04:00,0.2,11347.04,3251.0,2024-04-11T15:42:00-04:00,0.4249999999999998,10897.040000000003,1747
2024-04-09,2024-04-11,2,7.0,2024-04-09T09:31:00-04:00,7.099999999999966,NDXP  240411P18420000,NDXP  240411P18410000,development,False,False,0,0,0,213,15,987,available,False,2024-04-09T09:31:00-04:00,2024-04-11T16:00:00-04:00,10.0,-5952.960000000068,0.0,last_observed_quote_not_settlement,1037.0,847,20,7.349999999999994,-752.9600000000562,2024-04-09T09:32:00-04:00,0.0,6.900000000000006,147.03999999992112,2024-04-09T09:33:00-04:00,0.0,6.899999999999977,147.03999999997797,2024-04-09T09:36:00-04:00,0.0,7.299999999999983,-652.9600000000335,2024-04-09T09:41:00-04:00,0.0,7.199999999999989,-452.9600000000448,2024-04-09T09:46:00-04:00,0.0,7.649999999999977,-1352.960000000022,2024-04-09T10:01:00-04:00,0.0,8.75,-3552.960000000069,2024-04-09T10:31:00-04:00,0.0,9.0,-4052.960000000069,2024-04-09T11:31:00-04:00,0.0,9.049999999999955,-4152.959999999978,2024-04-09T16:00:00-04:00,0.0,9.199999999999989,-4452.960000000046,2024-04-10T16:00:00-04:00,0.0,10.0,-5952.960000000068,2024-04-11T16:00:00-04:00,0.0,,,,,1709.0,hit,1709.0,hit,1709.0,hit,1709.0,hit,1709.0,hit,1709.0,hit,1709.0,hit,4.0,hit,4.0,hit,0.0,hit,4.0,hit,62.0,hit,76.0,hit,10.0,606,True,True,True,True,,10.0,606,True,True,True,True,,10.0,606,True,True,True,True,,10.0,606,True,True,True,True,,1709.0,2024-04-10T14:00:00-04:00,0.0,13947.039999999934,,,,,,,,,,,,,1709.0,2024-04-10T14:00:00-04:00,0.0,13947.039999999934,,,,,,,,,,,,,1709.0,2024-04-10T14:00:00-04:00,0.0,13947.039999999934,,,,,,,,,,,,,1709.0,2024-04-10T14:00:00-04:00,0.0,13947.039999999934,,,,,,,,,,,,,1748
2024-04-09,2024-04-12,3,5.0,2024-04-09T09:31:00-04:00,5.0,NDXP  240412P18270000,NDXP  240412P18260000,development,False,False,0,0,0,49,0,1556,available,False,2024-04-09T09:31:00-04:00,2024-04-12T16:00:00-04:00,10.0,-10152.96,0.0,last_observed_quote_not_settlement,1036.0,1349,31,5.200000000000017,-652.9600000000335,2024-04-09T09:32:00-04:00,0.0,5.25,-752.9599999999994,2024-04-09T09:33:00-04:00,0.0,5.449999999999989,-1152.9599999999766,2024-04-09T09:36:00-04:00,0.0,5.049999999999983,-352.9599999999652,2024-04-09T09:41:00-04:00,0.0,5.200000000000017,-652.9600000000335,2024-04-09T09:46:00-04:00,0.0,4.75,247.04000000000067,2024-04-09T10:01:00-04:00,0.0,7.649999999999977,-5552.959999999954,2024-04-09T10:31:00-04:00,0.0,6.849999999999966,-3952.959999999931,2024-04-09T11:31:00-04:00,0.0,5.499999999999972,-1252.9599999999425,2024-04-09T16:00:00-04:00,0.0,9.5,-9252.960000000001,2024-04-10T16:00:00-04:00,0.0,3.6000000000000014,2547.0399999999977,2024-04-11T16:00:00-04:00,0.0,10.0,-10152.96,2024-04-12T16:00:00-04:00,0.0,0.0,hit,0.0,hit,3102.0,hit,3102.0,hit,,never_hit,,never_hit,,never_hit,18.0,hit,21.0,hit,60.0,hit,66.0,hit,1457.0,hit,1710.0,hit,9.699999999999989,1012,True,True,True,True,,,,True,True,True,False,2.549999999999997,,,True,True,True,False,2.549999999999997,,,True,True,True,False,2.549999999999997,3102.0,2024-04-11T13:13:00-04:00,2.450000000000003,4847.039999999995,,,,,,,,,3103.0,2024-04-11T13:14:00-04:00,5.900000000000006,-2052.9600000000105,,,,,,,,,,,,,,,,,,,,,,,,,,,,,,,,,,,,,,,,,,,,,,,,,1749
2024-04-09,2024-04-12,3,6.0,2024-04-09T09:31:00-04:00,5.949999999999989,NDXP  240412P18350000,NDXP  240412P18340000,development,False,False,0,0,0,80,0,1525,available,False,2024-04-09T09:31:00-04:00,2024-04-12T16:00:00-04:00,10.0,-8252.960000000021,0.0,last_observed_quote_not_settlement,1036.0,1328,21,6.0,-352.96000000002203,2024-04-09T09:32:00-04:00,0.0,5.899999999999977,-152.95999999997656,2024-04-09T09:33:00-04:00,0.0,6.25,-852.9600000000221,2024-04-09T09:36:00-04:00,0.0,6.199999999999989,-752.9599999999994,2024-04-09T09:41:00-04:00,0.0,6.099999999999994,-552.9600000000107,2024-04-09T09:46:00-04:00,0.0,6.449999999999989,-1252.9599999999994,2024-04-09T10:01:00-04:00,0.0,7.050000000000011,-2452.9600000000446,2024-04-09T10:31:00-04:00,0.0,7.649999999999977,-3652.9599999999764,2024-04-09T11:31:00-04:00,0.0,5.300000000000011,1047.0399999999552,2024-04-09T16:00:00-04:00,0.0,8.400000000000034,-5152.960000000092,2024-04-10T16:00:00-04:00,0.0,6.150000000000006,-652.9600000000335,2024-04-11T16:00:00-04:00,0.0,10.0,-8252.960000000021,2024-04-12T16:00:00-04:00,0.0,315.0,hit,315.0,hit,,never_hit,,never_hit,,never_hit,,never_hit,,never_hit,4.0,hit,36.0,hit,36.0,hit,66.0,hit,1444.0,hit,1534.0,hit,,,True,True,True,False,1.7499999999999432,,,True,True,True,False,1.7499999999999432,,,True,True,True,False,1.7499999999999432,,,True,True,True,False,1.7499999999999432,,,,,,,,,,,,,,,,,,,,,,,,,,,,,,,,,,,,,,,,,,,,,,,,,,,,,,,,,,,,,,,,,1750
2024-04-09,2024-04-12,3,7.0,2024-04-09T09:31:00-04:00,7.0,NDXP  240412P18420000,NDXP  240412P18410000,development,False,False,0,0,0,153,0,1452,available,False,2024-04-09T09:31:00-04:00,2024-04-12T16:00:00-04:00,10.0,-6152.96,0.0,last_observed_quote_not_settlement,1036.0,1232,50,6.950000000000017,-152.9600000000334,2024-04-09T09:32:00-04:00,0.0,7.450000000000017,-1152.9600000000335,2024-04-09T09:33:00-04:00,0.0,8.449999999999932,-3152.9599999998645,2024-04-09T09:36:00-04:00,0.0,6.900000000000034,-52.9600000000675,2024-04-09T09:41:00-04:00,0.0,6.800000000000011,147.03999999997797,2024-04-09T09:46:00-04:00,0.0,7.25,-752.9599999999994,2024-04-09T10:01:00-04:00,0.0,8.149999999999977,-2552.9599999999555,2024-04-09T10:31:00-04:00,0.0,7.850000000000023,-1952.9600000000448,2024-04-09T11:31:00-04:00,0.0,7.400000000000034,-1052.9600000000676,2024-04-09T16:00:00-04:00,0.0,9.900000000000034,-6052.960000000069,2024-04-10T16:00:00-04:00,0.0,4.950000000000017,3847.0399999999668,2024-04-11T16:00:00-04:00,0.0,10.0,-6152.96,2024-04-12T16:00:00-04:00,0.0,318.0,hit,318.0,hit,1469.0,hit,1469.0,hit,4684.0,hit,4684.0,hit,4684.0,hit,5.0,hit,5.0,hit,0.0,hit,5.0,hit,72.0,hit,72.0,hit,10.0,403,True,True,True,True,,10.0,1220,True,True,True,True,,10.0,1220,True,True,True,True,,10.0,1220,True,True,True,True,,1469.0,2024-04-10T10:00:00-04:00,2.7000000000000455,8347.03999999991,,,,,,,,,1470.0,2024-04-10T10:01:00-04:00,9.600000000000023,-5452.960000000046,4684.0,2024-04-12T15:35:00-04:00,0.0,13747.04,,,,,,,,,4685.0,2024-04-12T15:36:00-04:00,10.0,-6152.96,4684.0,2024-04-12T15:35:00-04:00,0.0,13747.04,,,,,,,,,4685.0,2024-04-12T15:36:00-04:00,10.0,-6152.96,4684.0,2024-04-12T15:35:00-04:00,0.0,13747.04,,,,,,,,,4685.0,2024-04-12T15:36:00-04:00,10.0,-6152.96,1751
2024-04-10,2024-04-12,2,5.0,2024-04-10T09:31:00-04:00,5.050000000000011,NDXP  240412P17980000,NDXP  240412P17970000,development,False,False,0,0,1,0,0,1198,available,False,2024-04-10T09:31:00-04:00,2024-04-12T15:59:00-04:00,0.2750000000000001,9297.040000000023,1.0,last_observed_quote_not_settlement,1036.0,70,40,4.849999999999994,147.0400000000348,2024-04-10T09:32:00-04:00,0.0,4.450000000000003,947.0400000000177,2024-04-10T09:33:00-04:00,0.0,4.950000000000003,-52.95999999998224,2024-04-10T09:36:00-04:00,0.0,4.450000000000017,947.0399999999893,2024-04-10T09:41:00-04:00,0.0,4.849999999999994,147.0400000000348,2024-04-10T09:46:00-04:00,0.0,4.599999999999994,647.0400000000348,2024-04-10T10:01:00-04:00,0.0,4.25,1347.0400000000234,2024-04-10T10:31:00-04:00,0.0,4.200000000000017,1447.0399999999893,2024-04-10T11:31:00-04:00,0.0,3.950000000000003,1947.0400000000177,2024-04-10T16:00:00-04:00,0.0,0.34999999999999964,9147.040000000025,2024-04-11T16:00:00-04:00,0.0,,,2024-04-12T15:59:00-04:00,60.0,,,,,0.0,hit,1.0,hit,25.0,hit,1444.0,hit,1557.0,hit,1669.0,hit,1721.0,hit,249.0,hit,249.0,hit,,never_hit,,never_hit,,never_hit,,never_hit,6.499999999999972,13,False,False,False,False,,6.499999999999972,13,False,False,False,False,,6.499999999999972,13,False,False,False,False,,6.499999999999972,13,False,False,False,False,,1444.0,2024-04-11T09:35:00-04:00,2.9499999999999957,3947.040000000032,1534.0,2024-04-11T11:05:00-04:00,2.9499999999999957,3947.040000000032,1535.0,2024-04-11T11:06:00-04:00,2.75,4347.040000000024,1445.0,2024-04-11T09:36:00-04:00,3.0,3847.0400000000236,1557.0,2024-04-11T11:28:00-04:00,1.7000000000000028,6447.040000000018,1654.0,2024-04-11T13:05:00-04:00,1.5500000000000007,6747.040000000022,1655.0,2024-04-11T13:06:00-04:00,1.5499999999999972,6747.040000000029,1558.0,2024-04-11T11:29:00-04:00,3.0,3847.0400000000236,1670.0,2024-04-11T13:21:00-04:00,0.9499999999999993,7947.0400000000245,1671.0,2024-04-11T13:22:00-04:00,0.9000000000000004,8047.040000000023,1695.0,2024-04-11T13:46:00-04:00,0.9000000000000004,8047.040000000023,1671.0,2024-04-11T13:22:00-04:00,0.9000000000000004,8047.040000000023,1745.0,2024-04-11T14:36:00-04:00,0.4499999999999993,8947.040000000026,1746.0,2024-04-11T14:37:00-04:00,0.39999999999999947,9047.040000000025,1788.0,2024-04-11T15:19:00-04:00,0.40000000000000036,9047.040000000023,1746.0,2024-04-11T14:37:00-04:00,0.39999999999999947,9047.040000000025,1752
2024-04-10,2024-04-12,2,6.0,2024-04-10T09:31:00-04:00,6.0499999999999545,NDXP  240412P18870000,NDXP  240412P18860000,development,False,False,0,0,0,252,0,948,available,False,2024-04-10T09:31:00-04:00,2024-04-12T16:00:00-04:00,0.0,11847.03999999991,0.0,last_observed_quote_not_settlement,1038.0,756,21,,,2024-04-10T09:31:00-04:00,60.0,9.849999999999909,-7852.95999999991,2024-04-10T09:33:00-04:00,0.0,,,2024-04-10T09:33:00-04:00,180.0,9.649999999999977,-7452.960000000046,2024-04-10T09:41:00-04:00,0.0,9.200000000000045,-6552.960000000183,2024-04-10T09:46:00-04:00,0.0,6.5,-1152.9600000000903,2024-04-10T10:01:00-04:00,0.0,9.899999999999977,-7952.960000000046,2024-04-10T10:31:00-04:00,0.0,10.0,-8052.960000000091,2024-04-10T11:31:00-04:00,0.0,9.649999999999864,-7452.959999999819,2024-04-10T16:00:00-04:00,0.0,,,2024-04-11T15:59:00-04:00,60.0,0.0,11847.03999999991,2024-04-12T16:00:00-04:00,0.0,,,,,210.0,hit,210.0,hit,210.0,hit,269.0,hit,269.0,hit,269.0,hit,269.0,hit,2.0,hit,2.0,hit,2.0,hit,2.0,hit,2.0,hit,2.0,hit,10.0,186,True,True,True,True,,10.0,186,True,True,True,True,,10.0,186,True,True,True,True,,10.0,186,True,True,True,True,,269.0,2024-04-10T14:00:00-04:00,0.0,11847.03999999991,,,,,,,,,,,,,269.0,2024-04-10T14:00:00-04:00,0.0,11847.03999999991,,,,,,,,,,,,,269.0,2024-04-10T14:00:00-04:00,0.0,11847.03999999991,,,,,,,,,,,,,269.0,2024-04-10T14:00:00-04:00,0.0,11847.03999999991,,,,,,,,,,,,,1753
2024-04-10,2024-04-12,2,7.0,2024-04-10T09:31:00-04:00,7.0,NDXP  240412P18120000,NDXP  240412P18110000,development,False,False,0,0,0,16,0,1184,available,False,2024-04-10T09:31:00-04:00,2024-04-12T16:00:00-04:00,10.0,-6152.96,0.0,last_observed_quote_not_settlement,1036.0,235,65,6.800000000000011,147.03999999997797,2024-04-10T09:32:00-04:00,0.0,7.599999999999966,-1452.9599999999311,2024-04-10T09:33:00-04:00,0.0,6.850000000000023,47.039999999955235,2024-04-10T09:36:00-04:00,0.0,6.550000000000011,647.0399999999779,2024-04-10T09:41:00-04:00,0.0,6.599999999999994,547.040000000012,2024-04-10T09:46:00-04:00,0.0,6.599999999999966,547.0400000000689,2024-04-10T10:01:00-04:00,0.0,6.050000000000011,1647.039999999978,2024-04-10T10:31:00-04:00,0.0,6.25,1247.0400000000006,2024-04-10T11:31:00-04:00,0.0,6.249999999999972,1247.0400000000575,2024-04-10T16:00:00-04:00,0.0,,,2024-04-11T15:59:00-04:00,60.0,10.0,-6152.96,2024-04-12T16:00:00-04:00,0.0,,,,,38.0,hit,73.0,hit,237.0,hit,1658.0,hit,1711.0,hit,1817.0,hit,,never_hit,2.0,hit,16.0,hit,0.0,hit,16.0,hit,2947.0,hit,3089.0,hit,8.350000000000023,28,True,True,False,False,,8.350000000000023,28,True,True,False,False,,8.350000000000023,28,True,True,False,False,,,,True,True,True,False,6.0,1660.0,2024-04-11T13:11:00-04:00,2.9000000000000057,7947.039999999989,1663.0,2024-04-11T13:14:00-04:00,2.749999999999993,8247.040000000015,1664.0,2024-04-11T13:15:00-04:00,2.700000000000003,8347.039999999995,1661.0,2024-04-11T13:12:00-04:00,3.0500000000000043,7647.039999999992,1712.0,2024-04-11T14:03:00-04:00,1.8499999999999943,10047.040000000014,1715.0,2024-04-11T14:06:00-04:00,1.9499999999999993,9847.040000000003,1716.0,2024-04-11T14:07:00-04:00,1.9499999999999993,9847.040000000003,1713.0,2024-04-11T14:04:00-04:00,2.0,9747.04,,,,,,,,,,,,,,,,,,,,,,,,,,,,,,,,,1754
2024-04-12,2024-04-15,3,5.0,2024-04-12T09:31:00-04:00,5.049999999999997,NDXP  240415P17960000,NDXP  240415P17950000,development,False,False,0,0,0,28,0,767,available,False,2024-04-12T09:31:00-04:00,2024-04-15T16:00:00-04:00,10.0,-10052.960000000005,0.0,last_observed_quote_not_settlement,3916.0,158,15,2.3499999999999943,5147.040000000006,2024-04-12T09:32:00-04:00,0.0,2.049999999999997,5747.040000000001,2024-04-12T09:33:00-04:00,0.0,1.8999999999999915,6047.040000000012,2024-04-12T09:36:00-04:00,0.0,1.8500000000000014,6147.039999999992,2024-04-12T09:41:00-04:00,0.0,1.9500000000000028,5947.039999999989,2024-04-12T09:46:00-04:00,0.0,1.9000000000000057,6047.039999999984,2024-04-12T10:01:00-04:00,0.0,2.6500000000000057,4547.039999999984,2024-04-12T10:31:00-04:00,0.0,2.5999999999999943,4647.040000000006,2024-04-12T11:31:00-04:00,0.0,4.049999999999997,1747.0400000000006,2024-04-12T16:00:00-04:00,0.0,,,2024-04-12T16:15:00-04:00,85500.0,,,2024-04-12T16:15:00-04:00,171900.0,10.0,-10052.960000000005,2024-04-15T16:00:00-04:00,0.0,0.0,hit,1.0,hit,1.0,hit,1.0,hit,5.0,hit,17.0,hit,33.0,hit,152.0,hit,4512.0,hit,4548.0,hit,4550.0,hit,4555.0,hit,4560.0,hit,5.049999999999997,0,False,False,False,False,,5.049999999999997,0,False,False,False,False,,5.049999999999997,0,False,False,False,False,,5.049999999999997,0,False,False,False,False,,1.0,2024-04-12T09:32:00-04:00,2.3499999999999943,5147.040000000006,2.0,2024-04-12T09:33:00-04:00,2.049999999999997,5747.040000000001,3.0,2024-04-12T09:34:00-04:00,2.1499999999999986,5547.039999999998,2.0,2024-04-12T09:33:00-04:00,2.049999999999997,5747.040000000001,5.0,2024-04-12T09:36:00-04:00,1.8999999999999915,6047.040000000012,14.0,2024-04-12T09:45:00-04:00,1.8999999999999986,6047.039999999998,18.0,2024-04-12T09:49:00-04:00,1.6999999999999886,6447.040000000018,6.0,2024-04-12T09:37:00-04:00,2.0999999999999943,5647.040000000006,17.0,2024-04-12T09:48:00-04:00,0.5999999999999943,8647.040000000008,4333.0,2024-04-15T09:44:00-04:00,0.8500000000000005,8147.0399999999945,4334.0,2024-04-15T09:45:00-04:00,0.8500000000000005,8147.0399999999945,18.0,2024-04-12T09:49:00-04:00,1.6999999999999886,6447.040000000018,4390.0,2024-04-15T10:41:00-04:00,0.3999999999999986,9047.039999999999,,,,,,,,,4391.0,2024-04-15T10:42:00-04:00,2.099999999999998,5647.039999999999,1755
2024-04-12,2024-04-15,3,6.0,2024-04-12T09:31:00-04:00,6.099999999999994,NDXP  240415P18230000,NDXP  240415P18220000,development,False,False,0,0,0,88,0,707,available,False,2024-04-12T09:31:00-04:00,2024-04-15T16:00:00-04:00,10.0,-7952.960000000011,0.0,last_observed_quote_not_settlement,3916.0,435,45,5.299999999999983,1347.0400000000234,2024-04-12T09:32:00-04:00,0.0,7.5,-3052.9600000000105,2024-04-12T09:33:00-04:00,0.0,5.75,447.03999999998933,2024-04-12T09:36:00-04:00,0.0,6.799999999999983,-1652.9599999999766,2024-04-12T09:41:00-04:00,0.0,6.549999999999983,-1152.9599999999766,2024-04-12T09:46:00-04:00,0.0,5.0,1947.0399999999893,2024-04-12T10:01:00-04:00,0.0,5.0,1947.0399999999893,2024-04-12T10:31:00-04:00,0.0,5.950000000000017,47.039999999955235,2024-04-12T11:31:00-04:00,0.0,8.050000000000011,-4152.9600000000355,2024-04-12T16:00:00-04:00,0.0,,,2024-04-12T16:15:00-04:00,85500.0,,,2024-04-12T16:15:00-04:00,171900.0,10.0,-7952.960000000011,2024-04-15T16:00:00-04:00,0.0,1.0,hit,8.0,hit,,never_hit,,never_hit,,never_hit,,never_hit,,never_hit,2.0,hit,2.0,hit,2.0,hit,18.0,hit,276.0,hit,367.0,hit,,,True,True,True,False,1.549999999999983,,,True,True,True,False,1.549999999999983,,,True,True,True,False,1.549999999999983,,,True,True,True,False,1.549999999999983,,,,,,,,,,,,,,,,,,,,,,,,,,,,,,,,,,,,,,,,,,,,,,,,,,,,,,,,,,,,,,,,,1756
2024-04-12,2024-04-15,3,7.0,2024-04-12T09:31:00-04:00,7.150000000000006,NDXP  240415P18350000,NDXP  240415P18340000,development,False,False,0,0,0,168,0,627,available,False,2024-04-12T09:31:00-04:00,2024-04-15T16:00:00-04:00,10.0,-5852.959999999988,0.0,last_observed_quote_not_settlement,3916.0,501,15,6.550000000000011,947.0399999999893,2024-04-12T09:32:00-04:00,0.0,5.849999999999994,2347.0400000000236,2024-04-12T09:33:00-04:00,0.0,6.300000000000011,1447.0399999999893,2024-04-12T09:36:00-04:00,0.0,6.850000000000023,347.0399999999666,2024-04-12T09:41:00-04:00,0.0,7.650000000000006,-1252.9599999999994,2024-04-12T09:46:00-04:00,0.0,7.5,-952.959999999988,2024-04-12T10:01:00-04:00,0.0,8.0,-1952.9599999999898,2024-04-12T10:31:00-04:00,0.0,8.199999999999932,-2352.959999999853,2024-04-12T11:31:00-04:00,0.0,10.0,-5852.959999999988,2024-04-12T16:00:00-04:00,0.0,,,2024-04-12T16:15:00-04:00,85500.0,,,2024-04-12T16:15:00-04:00,171900.0,10.0,-5852.959999999988,2024-04-15T16:00:00-04:00,0.0,,never_hit,,never_hit,,never_hit,,never_hit,,never_hit,,never_hit,,never_hit,14.0,hit,17.0,hit,0.0,hit,17.0,hit,55.0,hit,169.0,hit,,,True,True,True,False,1.4999999999999716,,,True,True,True,False,1.4999999999999716,,,True,True,True,False,1.4999999999999716,,,True,True,True,False,1.4999999999999716,,,,,,,,,,,,,,,,,,,,,,,,,,,,,,,,,,,,,,,,,,,,,,,,,,,,,,,,,,,,,,,,,1757
2024-04-15,2024-04-17,2,5.0,2024-04-15T09:31:00-04:00,5.0,NDXP  240417P18200000,NDXP  240417P18190000,development,False,False,0,0,0,263,15,937,available,False,2024-04-15T09:31:00-04:00,2024-04-17T16:00:00-04:00,10.0,-10152.96,0.0,last_observed_quote_not_settlement,1036.0,738,6,5.550000000000011,-1352.960000000022,2024-04-15T09:32:00-04:00,0.0,5.599999999999966,-1452.9599999999311,2024-04-15T09:33:00-04:00,0.0,6.25,-2752.959999999999,2024-04-15T09:36:00-04:00,0.0,5.400000000000034,-1052.9600000000676,2024-04-15T09:41:00-04:00,0.0,5.599999999999994,-1452.959999999988,2024-04-15T09:46:00-04:00,0.0,5.349999999999994,-952.959999999988,2024-04-15T10:01:00-04:00,0.0,7.25,-4752.959999999999,2024-04-15T10:31:00-04:00,0.0,6.699999999999989,-3652.9599999999764,2024-04-15T11:31:00-04:00,0.0,8.649999999999977,-7552.9599999999555,2024-04-15T16:00:00-04:00,0.0,9.949999999999989,-10152.959999999977,2024-04-16T16:00:00-04:00,0.0,10.0,-10152.96,2024-04-17T16:00:00-04:00,0.0,,,,,0.0,hit,0.0,hit,9.0,hit,,never_hit,,never_hit,,never_hit,,never_hit,1.0,hit,5.0,hit,7.0,hit,57.0,hit,72.0,hit,81.0,hit,,,True,True,True,False,1.75,,,True,True,True,False,1.75,,,True,True,True,False,1.75,,,True,True,True,False,1.75,,,,,,,,,,,,,,,,,,,,,,,,,,,,,,,,,,,,,,,,,,,,,,,,,,,,,,,,,,,,,,,,,1758
2024-04-15,2024-04-17,2,6.0,2024-04-15T09:31:00-04:00,6.149999999999977,NDXP  240417P18250000,NDXP  240417P18240000,development,False,False,0,0,0,320,15,880,available,False,2024-04-15T09:31:00-04:00,2024-04-17T16:00:00-04:00,10.0,-7852.9600000000455,0.0,last_observed_quote_not_settlement,1039.0,672,15,8.550000000000011,-5052.960000000069,2024-04-15T09:32:00-04:00,0.0,6.600000000000023,-1152.9600000000903,2024-04-15T09:33:00-04:00,0.0,7.25,-2452.9600000000446,2024-04-15T09:36:00-04:00,0.0,6.199999999999989,-352.96000000002203,2024-04-15T09:41:00-04:00,0.0,7.199999999999989,-2352.960000000022,2024-04-15T09:46:00-04:00,0.0,5.5,1047.0399999999552,2024-04-15T10:01:00-04:00,0.0,7.050000000000011,-2052.9600000000673,2024-04-15T10:31:00-04:00,0.0,7.549999999999983,-3052.9600000000105,2024-04-15T11:31:00-04:00,0.0,9.850000000000023,-7652.960000000092,2024-04-15T16:00:00-04:00,0.0,9.749999999999886,-7452.959999999819,2024-04-16T16:00:00-04:00,0.0,10.0,-7852.9600000000455,2024-04-17T16:00:00-04:00,0.0,,,,,18.0,hit,1681.0,hit,1681.0,hit,1681.0,hit,1681.0,hit,1681.0,hit,1681.0,hit,1.0,hit,1.0,hit,1.0,hit,1.0,hit,175.0,hit,225.0,hit,10.0,419,True,True,True,True,,10.0,419,True,True,True,True,,10.0,419,True,True,True,True,,10.0,419,True,True,True,True,,1681.0,2024-04-16T13:32:00-04:00,0.049999999999954525,11947.040000000046,,,,,,,,,1682.0,2024-04-16T13:33:00-04:00,8.75,-5452.960000000046,1681.0,2024-04-16T13:32:00-04:00,0.049999999999954525,11947.040000000046,,,,,,,,,1682.0,2024-04-16T13:33:00-04:00,8.75,-5452.960000000046,1681.0,2024-04-16T13:32:00-04:00,0.049999999999954525,11947.040000000046,,,,,,,,,1682.0,2024-04-16T13:33:00-04:00,8.75,-5452.960000000046,1681.0,2024-04-16T13:32:00-04:00,0.049999999999954525,11947.040000000046,,,,,,,,,1682.0,2024-04-16T13:33:00-04:00,8.75,-5452.960000000046,1759
2024-04-15,2024-04-17,2,7.0,2024-04-15T09:31:00-04:00,6.950000000000017,NDXP  240417P18300000,NDXP  240417P18290000,development,False,False,0,0,0,341,15,859,available,False,2024-04-15T09:31:00-04:00,2024-04-17T16:00:00-04:00,10.0,-6252.9599999999655,0.0,last_observed_quote_not_settlement,1036.0,626,28,6.550000000000011,547.040000000012,2024-04-15T09:32:00-04:00,0.0,7.5,-1352.9599999999652,2024-04-15T09:33:00-04:00,0.0,7.700000000000017,-1752.9599999999994,2024-04-15T09:36:00-04:00,0.0,6.25,1147.0400000000348,2024-04-15T09:41:00-04:00,0.0,7.050000000000011,-452.95999999998793,2024-04-15T09:46:00-04:00,0.0,6.850000000000023,-52.96000000001066,2024-04-15T10:01:00-04:00,0.0,7.4500000000000455,-1252.9600000000562,2024-04-15T10:31:00-04:00,0.0,8.799999999999955,-3952.959999999876,2024-04-15T11:31:00-04:00,0.0,,,2024-04-15T15:59:00-04:00,60.0,9.449999999999932,-5252.959999999831,2024-04-16T16:00:00-04:00,0.0,10.0,-6252.9599999999655,2024-04-17T16:00:00-04:00,0.0,,,,,,never_hit,,never_hit,,never_hit,,never_hit,,never_hit,,never_hit,,never_hit,2.0,hit,37.0,hit,2.0,hit,37.0,hit,52.0,hit,52.0,hit,,,True,True,True,False,0.8000000000000682,,,True,True,True,False,0.8000000000000682,,,True,True,True,False,0.8000000000000682,,,True,True,True,False,0.8000000000000682,,,,,,,,,,,,,,,,,,,,,,,,,,,,,,,,,,,,,,,,,,,,,,,,,,,,,,,,,,,,,,,,,1760
2024-04-15,2024-04-18,3,5.0,2024-04-15T09:31:00-04:00,5.0,NDXP  240418P18150000,NDXP  240418P18140000,development,False,False,0,0,0,263,0,1342,available,False,2024-04-15T09:31:00-04:00,2024-04-18T15:59:00-04:00,8.099999999999909,-6452.959999999819,1.0,last_observed_quote_not_settlement,1039.0,1119,24,4.650000000000006,447.03999999998933,2024-04-15T09:32:00-04:00,0.0,4.5,747.0400000000006,2024-04-15T09:33:00-04:00,0.0,4.700000000000017,347.0399999999666,2024-04-15T09:36:00-04:00,0.0,4.3999999999999915,947.0400000000177,2024-04-15T09:41:00-04:00,0.0,4.400000000000006,947.0399999999893,2024-04-15T09:46:00-04:00,0.0,4.5,747.0400000000006,2024-04-15T10:01:00-04:00,0.0,5.399999999999977,-1052.9599999999539,2024-04-15T10:31:00-04:00,0.0,5.450000000000017,-1152.9600000000335,2024-04-15T11:31:00-04:00,0.0,9.549999999999955,-9352.95999999991,2024-04-15T16:00:00-04:00,0.0,9.550000000000068,-9352.960000000137,2024-04-16T16:00:00-04:00,0.0,10.0,-10152.96,2024-04-17T16:00:00-04:00,0.0,,,2024-04-18T15:59:00-04:00,60.0,0.0,hit,0.0,hit,9.0,hit,9.0,hit,,never_hit,,never_hit,,never_hit,42.0,hit,67.0,hit,107.0,hit,231.0,hit,261.0,hit,261.0,hit,5.0,0,False,False,False,False,,,,True,True,True,False,2.4000000000000057,,,True,True,True,False,2.4000000000000057,,,True,True,True,False,2.4000000000000057,9.0,2024-04-15T09:40:00-04:00,2.5999999999999943,4547.040000000012,,,,,,,,,10.0,2024-04-15T09:41:00-04:00,4.3999999999999915,947.0400000000177,,,,,,,,,,,,,,,,,,,,,,,,,,,,,,,,,,,,,,,,,,,,,,,,,1761
2024-04-15,2024-04-18,3,6.0,2024-04-15T09:31:00-04:00,6.0,NDXP  240418P18290000,NDXP  240418P18280000,development,False,False,0,0,0,324,0,1281,available,False,2024-04-15T09:31:00-04:00,2024-04-18T16:00:00-04:00,0.0,11747.04,0.0,last_observed_quote_not_settlement,1037.0,1037,15,6.449999999999989,-1152.9599999999766,2024-04-15T09:32:00-04:00,0.0,6.400000000000006,-1052.9600000000107,2024-04-15T09:33:00-04:00,0.0,6.600000000000023,-1452.9600000000448,2024-04-15T09:36:00-04:00,0.0,6.100000000000023,-452.9600000000448,2024-04-15T09:41:00-04:00,0.0,6.650000000000034,-1552.9600000000676,2024-04-15T09:46:00-04:00,0.0,6.149999999999977,-552.9599999999539,2024-04-15T10:01:00-04:00,0.0,7.250000000000028,-2752.960000000056,2024-04-15T10:31:00-04:00,0.0,7.449999999999989,-3152.9599999999764,2024-04-15T11:31:00-04:00,0.0,,,2024-04-15T15:59:00-04:00,60.0,10.0,-8152.96,2024-04-16T16:00:00-04:00,0.0,,,2024-04-17T15:58:00-04:00,120.0,0.0,11747.04,2024-04-18T16:00:00-04:00,0.0,379.0,hit,2940.0,hit,4595.0,hit,4705.0,hit,4709.0,hit,4709.0,hit,4709.0,hit,3.0,hit,3.0,hit,3.0,hit,42.0,hit,187.0,hit,187.0,hit,10.0,1037,True,True,True,True,,10.0,1037,True,True,True,True,,10.0,1037,True,True,True,True,,10.0,1037,True,True,True,True,,4705.0,2024-04-18T15:56:00-04:00,2.75,6247.040000000001,,,,,,,,,4706.0,2024-04-18T15:57:00-04:00,4.399999999999977,2947.0400000000463,4709.0,2024-04-18T16:00:00-04:00,0.0,11747.04,,,,,,,,,,,,,4709.0,2024-04-18T16:00:00-04:00,0.0,11747.04,,,,,,,,,,,,,4709.0,2024-04-18T16:00:00-04:00,0.0,11747.04,,,,,,,,,,,,,1762
2024-04-15,2024-04-18,3,7.0,2024-04-15T09:31:00-04:00,6.899999999999977,NDXP  240418P18300000,NDXP  240418P18290000,development,False,False,0,0,0,369,0,1236,available,False,2024-04-15T09:31:00-04:00,2024-04-18T16:00:00-04:00,4.0,5547.039999999955,0.0,last_observed_quote_not_settlement,1037.0,962,55,8.300000000000011,-3052.960000000069,2024-04-15T09:32:00-04:00,0.0,6.25,1047.0399999999552,2024-04-15T09:33:00-04:00,0.0,6.949999999999989,-352.96000000002203,2024-04-15T09:36:00-04:00,0.0,7.199999999999989,-852.9600000000221,2024-04-15T09:41:00-04:00,0.0,6.849999999999966,-152.95999999997656,2024-04-15T09:46:00-04:00,0.0,5.050000000000011,3447.0399999999327,2024-04-15T10:01:00-04:00,0.0,7.899999999999977,-2252.959999999999,2024-04-15T10:31:00-04:00,0.0,8.399999999999977,-3252.960000000001,2024-04-15T11:31:00-04:00,0.0,8.350000000000023,-3152.960000000092,2024-04-15T16:00:00-04:00,0.0,,,2024-04-16T15:59:00-04:00,60.0,8.550000000000068,-3552.960000000183,2024-04-17T16:00:00-04:00,0.0,4.0,5547.039999999955,2024-04-18T16:00:00-04:00,0.0,30.0,hit,3074.0,hit,4690.0,hit,4690.0,hit,4690.0,hit,,never_hit,,never_hit,1.0,hit,1.0,hit,1.0,hit,1.0,hit,52.0,hit,235.0,hit,10.0,962,True,True,True,True,,10.0,962,True,True,True,True,,,,True,True,True,False,4.949999999999932,,,True,True,True,False,4.949999999999932,4690.0,2024-04-18T15:41:00-04:00,1.9500000000000455,9647.039999999864,4691.0,2024-04-18T15:42:00-04:00,1.9500000000000455,9647.039999999864,,,,,4691.0,2024-04-18T15:42:00-04:00,1.9500000000000455,9647.039999999864,,,,,,,,,,,,,,,,,,,,,,,,,,,,,,,,,,,,,,,,,,,,,,,,,1763
2024-04-16,2024-04-18,2,5.0,2024-04-16T09:31:00-04:00,5.0,NDXP  240418P17740000,NDXP  240418P17730000,development,False,False,0,0,0,70,0,1129,available,False,2024-04-16T09:31:00-04:00,2024-04-18T15:59:00-04:00,10.0,-10152.96,1.0,last_observed_quote_not_settlement,1036.0,690,49,4.799999999999983,147.0400000000348,2024-04-16T09:32:00-04:00,0.0,4.449999999999989,847.0400000000234,2024-04-16T09:33:00-04:00,0.0,4.949999999999989,-152.95999999997656,2024-04-16T09:36:00-04:00,0.0,4.75,247.04000000000067,2024-04-16T09:41:00-04:00,0.0,5.550000000000011,-1352.960000000022,2024-04-16T09:46:00-04:00,0.0,4.550000000000011,647.0399999999779,2024-04-16T10:01:00-04:00,0.0,4.9500000000000455,-152.96000000009025,2024-04-16T10:31:00-04:00,0.0,4.599999999999994,547.040000000012,2024-04-16T11:31:00-04:00,0.0,4.450000000000003,847.039999999995,2024-04-16T16:00:00-04:00,0.0,8.75,-7752.960000000001,2024-04-17T16:00:00-04:00,0.0,,,2024-04-18T15:59:00-04:00,60.0,,,,,0.0,hit,0.0,hit,19.0,hit,209.0,hit,,never_hit,,never_hit,,never_hit,12.0,hit,12.0,hit,241.0,hit,1600.0,hit,1634.0,hit,1634.0,hit,6.649999999999977,24,False,False,False,False,,,,True,True,True,False,2.549999999999997,,,True,True,True,False,2.549999999999997,,,True,True,True,False,2.549999999999997,209.0,2024-04-16T13:00:00-04:00,2.450000000000003,4847.039999999995,,,,,,,,,210.0,2024-04-16T13:01:00-04:00,4.550000000000011,647.0399999999779,,,,,,,,,,,,,,,,,,,,,,,,,,,,,,,,,,,,,,,,,,,,,,,,,1764
2024-04-16,2024-04-18,2,6.0,2024-04-16T09:31:00-04:00,6.050000000000011,NDXP  240418P17830000,NDXP  240418P17820000,development,False,False,0,0,0,181,0,1019,available,False,2024-04-16T09:31:00-04:00,2024-04-18T16:00:00-04:00,0.0,11847.040000000025,0.0,last_observed_quote_not_settlement,1037.0,589,109,6.25,-652.9599999999766,2024-04-16T09:32:00-04:00,0.0,7.400000000000006,-2952.9599999999878,2024-04-16T09:33:00-04:00,0.0,6.5,-1152.9599999999766,2024-04-16T09:36:00-04:00,0.0,6.0,-152.95999999997656,2024-04-16T09:41:00-04:00,0.0,6.300000000000011,-752.9599999999994,2024-04-16T09:46:00-04:00,0.0,4.800000000000011,2247.040000000001,2024-04-16T10:01:00-04:00,0.0,5.800000000000011,247.04000000000067,2024-04-16T10:31:00-04:00,0.0,4.75,2347.0400000000236,2024-04-16T11:31:00-04:00,0.0,7.299999999999983,-2752.9599999999423,2024-04-16T16:00:00-04:00,0.0,8.050000000000068,-4252.960000000115,2024-04-17T16:00:00-04:00,0.0,0.0,11847.040000000025,2024-04-18T16:00:00-04:00,0.0,,,,,6.0,hit,30.0,hit,163.0,hit,3269.0,hit,3269.0,hit,3269.0,hit,3269.0,hit,2.0,hit,2.0,hit,2.0,hit,1493.0,hit,1567.0,hit,1595.0,hit,10.0,589,True,True,True,True,,10.0,589,True,True,True,True,,10.0,589,True,True,True,True,,10.0,589,True,True,True,True,,3269.0,2024-04-18T16:00:00-04:00,0.0,11847.040000000025,,,,,,,,,,,,,3269.0,2024-04-18T16:00:00-04:00,0.0,11847.040000000025,,,,,,,,,,,,,3269.0,2024-04-18T16:00:00-04:00,0.0,11847.040000000025,,,,,,,,,,,,,3269.0,2024-04-18T16:00:00-04:00,0.0,11847.040000000025,,,,,,,,,,,,,1765
2024-04-16,2024-04-18,2,7.0,2024-04-16T09:31:00-04:00,7.0,NDXP  240418P19000000,NDXP  240418P18990000,development,False,False,0,0,0,224,0,976,available,False,2024-04-16T09:31:00-04:00,2024-04-18T16:00:00-04:00,10.0,-6152.96,0.0,last_observed_quote_not_settlement,1037.0,784,15,10.0,-6152.96,2024-04-16T09:32:00-04:00,0.0,10.0,-6152.96,2024-04-16T09:33:00-04:00,0.0,,,2024-04-16T09:34:00-04:00,120.0,,,2024-04-16T09:40:00-04:00,60.0,9.700000000000273,-5652.960000000547,2024-04-16T09:46:00-04:00,0.0,,,2024-04-16T10:00:00-04:00,60.0,9.850000000000136,-5952.960000000274,2024-04-16T10:31:00-04:00,0.0,,,2024-04-16T11:30:00-04:00,60.0,,,2024-04-16T15:59:00-04:00,60.0,10.0,-6152.96,2024-04-17T16:00:00-04:00,0.0,10.0,-6152.96,2024-04-18T16:00:00-04:00,0.0,,,,,310.0,hit,1441.0,hit,1765.0,hit,1765.0,hit,1765.0,hit,1778.0,hit,,never_hit,1.0,hit,1.0,hit,0.0,hit,1.0,hit,1.0,hit,1.0,hit,10.0,427,True,True,True,True,,10.0,427,True,True,True,True,,10.0,430,True,True,True,True,,,,True,True,True,False,6.349999999999909,1765.0,2024-04-17T14:56:00-04:00,1.7500000000002274,10247.039999999546,1820.0,2024-04-17T15:51:00-04:00,0.650000000000091,12447.039999999819,,,,,1766.0,2024-04-17T14:57:00-04:00,10.0,-6152.96,1765.0,2024-04-17T14:56:00-04:00,1.7500000000002274,10247.039999999546,1820.0,2024-04-17T15:51:00-04:00,0.650000000000091,12447.039999999819,,,,,1766.0,2024-04-17T14:57:00-04:00,10.0,-6152.96,1792.0,2024-04-17T15:23:00-04:00,0.8000000000001819,12147.039999999637,1820.0,2024-04-17T15:51:00-04:00,0.650000000000091,12447.039999999819,,,,,1793.0,2024-04-17T15:24:00-04:00,9.75,-5752.960000000001,,,,,,,,,,,,,,,,,1766
2024-04-19,2024-04-22,3,5.0,2024-04-19T09:31:00-04:00,5.049999999999997,NDXP  240422P17360000,NDXP  240422P17350000,development,False,False,0,0,0,35,0,760,available,False,2024-04-19T09:31:00-04:00,2024-04-22T16:00:00-04:00,10.0,-10052.960000000005,0.0,last_observed_quote_not_settlement,3916.0,718,14,5.099999999999994,-352.9599999999936,2024-04-19T09:32:00-04:00,0.0,4.799999999999997,247.04000000000067,2024-04-19T09:33:00-04:00,0.0,5.050000000000011,-252.96000000002772,2024-04-19T09:36:00-04:00,0.0,6.199999999999989,-2552.9599999999823,2024-04-19T09:41:00-04:00,0.0,4.6499999999999915,547.040000000012,2024-04-19T09:46:00-04:00,0.0,5.5,-1152.960000000005,2024-04-19T10:01:00-04:00,0.0,6.049999999999983,-2252.959999999971,2024-04-19T10:31:00-04:00,0.0,7.150000000000006,-4452.960000000016,2024-04-19T11:31:00-04:00,0.0,8.850000000000023,-7852.960000000052,2024-04-19T16:00:00-04:00,0.0,,,2024-04-19T16:15:00-04:00,85500.0,,,2024-04-19T16:15:00-04:00,171900.0,10.0,-10052.960000000005,2024-04-22T16:00:00-04:00,0.0,0.0,hit,2.0,hit,,never_hit,,never_hit,,never_hit,,never_hit,,never_hit,8.0,hit,10.0,hit,11.0,hit,155.0,hit,166.0,hit,190.0,hit,,,True,True,True,False,0.5499999999999972,,,True,True,True,False,0.5499999999999972,,,True,True,True,False,0.5499999999999972,,,True,True,True,False,0.5499999999999972,,,,,,,,,,,,,,,,,,,,,,,,,,,,,,,,,,,,,,,,,,,,,,,,,,,,,,,,,,,,,,,,,1767
2024-04-19,2024-04-22,3,6.0,2024-04-19T09:31:00-04:00,5.850000000000023,NDXP  240422P17470000,NDXP  240422P17460000,development,False,False,0,0,0,118,0,677,available,False,2024-04-19T09:31:00-04:00,2024-04-22T16:00:00-04:00,10.0,-8452.959999999954,0.0,last_observed_quote_not_settlement,3916.0,593,0,6.450000000000017,-1452.959999999988,2024-04-19T09:32:00-04:00,0.0,6.099999999999966,-752.9599999998857,2024-04-19T09:33:00-04:00,0.0,7.0,-2552.9599999999537,2024-04-19T09:36:00-04:00,0.0,7.550000000000011,-3652.9599999999764,2024-04-19T09:41:00-04:00,0.0,5.950000000000017,-452.95999999998793,2024-04-19T09:46:00-04:00,0.0,7.399999999999977,-3352.959999999908,2024-04-19T10:01:00-04:00,0.0,7.649999999999977,-3852.959999999908,2024-04-19T10:31:00-04:00,0.0,8.399999999999977,-5352.95999999991,2024-04-19T11:31:00-04:00,0.0,9.449999999999989,-7452.959999999933,2024-04-19T16:00:00-04:00,0.0,,,2024-04-19T16:15:00-04:00,85500.0,,,2024-04-19T16:15:00-04:00,171900.0,10.0,-8452.959999999954,2024-04-22T16:00:00-04:00,0.0,,never_hit,,never_hit,,never_hit,,never_hit,,never_hit,,never_hit,,never_hit,1.0,hit,4.0,hit,4.0,hit,51.0,hit,64.0,hit,151.0,hit,,,True,True,True,False,0.0,,,True,True,True,False,0.0,,,True,True,True,False,0.0,,,True,True,True,False,0.0,,,,,,,,,,,,,,,,,,,,,,,,,,,,,,,,,,,,,,,,,,,,,,,,,,,,,,,,,,,,,,,,,1768
2024-04-19,2024-04-22,3,7.0,2024-04-19T09:31:00-04:00,7.049999999999983,NDXP  240422P17500000,NDXP  240422P17490000,development,False,False,0,0,1,158,0,636,available,False,2024-04-19T09:31:00-04:00,2024-04-22T15:55:00-04:00,10.0,-6052.960000000034,5.0,last_observed_quote_not_settlement,3919.0,525,27,6.699999999999989,447.03999999998933,2024-04-19T09:32:00-04:00,0.0,7.75,-1652.9600000000335,2024-04-19T09:33:00-04:00,0.0,7.300000000000011,-752.9600000000562,2024-04-19T09:36:00-04:00,0.0,7.5,-1152.9600000000335,2024-04-19T09:41:00-04:00,0.0,7.0,-152.9600000000334,2024-04-19T09:46:00-04:00,0.0,7.449999999999989,-1052.9600000000107,2024-04-19T10:01:00-04:00,0.0,8.350000000000023,-2852.9600000000805,2024-04-19T10:31:00-04:00,0.0,8.300000000000011,-2752.960000000058,2024-04-19T11:31:00-04:00,0.0,9.899999999999977,-5952.95999999999,2024-04-19T16:00:00-04:00,0.0,,,2024-04-19T16:15:00-04:00,85500.0,,,2024-04-19T16:15:00-04:00,171900.0,,,2024-04-22T15:55:00-04:00,300.0,3.0,hit,,never_hit,,never_hit,,never_hit,,never_hit,,never_hit,,never_hit,2.0,hit,6.0,hit,0.0,hit,6.0,hit,52.0,hit,139.0,hit,,,True,True,True,False,1.6500000000000057,,,True,True,True,False,1.6500000000000057,,,True,True,True,False,1.6500000000000057,,,True,True,True,False,1.6500000000000057,,,,,,,,,,,,,,,,,,,,,,,,,,,,,,,,,,,,,,,,,,,,,,,,,,,,,,,,,,,,,,,,,1769
2024-04-22,2024-04-24,2,5.0,2024-04-22T09:31:00-04:00,4.749999999999986,NDXP  240424P17160000,NDXP  240424P17150000,development,False,False,0,0,0,1,0,1198,available,False,2024-04-22T09:31:00-04:00,2024-04-24T15:59:00-04:00,0.0,9247.039999999974,1.0,last_observed_quote_not_settlement,1036.0,187,33,4.850000000000023,-452.9600000000732,2024-04-22T09:32:00-04:00,0.0,4.650000000000006,-52.96000000003908,2024-04-22T09:33:00-04:00,0.0,4.949999999999989,-652.960000000005,2024-04-22T09:36:00-04:00,0.0,4.699999999999989,-152.96000000000498,2024-04-22T09:41:00-04:00,0.0,5.099999999999994,-952.9600000000164,2024-04-22T09:46:00-04:00,0.0,3.1500000000000057,2947.039999999961,2024-04-22T10:01:00-04:00,0.0,4.699999999999989,-152.96000000000498,2024-04-22T10:31:00-04:00,0.0,6.650000000000034,-4052.960000000096,2024-04-22T11:31:00-04:00,0.0,4.199999999999989,847.039999999995,2024-04-22T16:00:00-04:00,0.0,0.5,8247.039999999974,2024-04-23T16:00:00-04:00,0.0,,,2024-04-24T15:59:00-04:00,60.0,,,,,0.0,hit,0.0,hit,24.0,hit,35.0,hit,1452.0,hit,1500.0,hit,1701.0,hit,4.0,hit,54.0,hit,125.0,hit,,never_hit,,never_hit,,never_hit,5.450000000000017,17,False,False,False,False,,7.25,187,True,False,False,False,,7.25,187,True,False,False,False,,7.25,187,True,False,False,False,,35.0,2024-04-22T10:06:00-04:00,2.250000000000014,4747.039999999944,288.0,2024-04-22T14:19:00-04:00,2.9499999999999957,3347.039999999981,289.0,2024-04-22T14:20:00-04:00,2.8500000000000014,3547.0399999999695,36.0,2024-04-22T10:07:00-04:00,5.049999999999983,-852.9599999999937,1452.0,2024-04-23T09:43:00-04:00,1.0500000000000007,7147.039999999971,1456.0,2024-04-23T09:47:00-04:00,1.75,5747.039999999973,1457.0,2024-04-23T09:48:00-04:00,1.7000000000000028,5847.039999999966,1453.0,2024-04-23T09:44:00-04:00,2.1500000000000057,4947.039999999961,1503.0,2024-04-23T10:34:00-04:00,0.9000000000000004,7447.039999999972,1504.0,2024-04-23T10:35:00-04:00,0.9000000000000004,7447.039999999972,1528.0,2024-04-23T10:59:00-04:00,0.8500000000000014,7547.039999999969,1504.0,2024-04-23T10:35:00-04:00,0.9000000000000004,7447.039999999972,1703.0,2024-04-23T13:54:00-04:00,0.4499999999999993,8347.039999999975,1713.0,2024-04-23T14:04:00-04:00,0.4499999999999993,8347.039999999975,1735.0,2024-04-23T14:26:00-04:00,0.39999999999999947,8447.039999999974,1704.0,2024-04-23T13:55:00-04:00,0.5,8247.039999999974,1770
2024-04-22,2024-04-24,2,6.0,2024-04-22T09:31:00-04:00,5.949999999999989,NDXP  240424P17310000,NDXP  240424P17300000,development,False,False,0,0,16,3,0,1196,available,False,2024-04-22T09:31:00-04:00,2024-04-24T15:59:00-04:00,0.0,11647.039999999979,1.0,last_observed_quote_not_settlement,1036.0,277,20,6.799999999999983,-1952.959999999988,2024-04-22T09:32:00-04:00,0.0,6.599999999999966,-1552.9599999999539,2024-04-22T09:33:00-04:00,0.0,5.699999999999989,247.04000000000067,2024-04-22T09:36:00-04:00,0.0,7.150000000000034,-2652.96000000009,2024-04-22T09:41:00-04:00,0.0,6.599999999999994,-1552.9600000000107,2024-04-22T09:46:00-04:00,0.0,6.300000000000011,-952.9600000000448,2024-04-22T10:01:00-04:00,0.0,7.949999999999989,-4252.959999999999,2024-04-22T10:31:00-04:00,0.0,7.800000000000068,-3952.9600000001583,2024-04-22T11:31:00-04:00,0.0,5.800000000000011,47.039999999955235,2024-04-22T16:00:00-04:00,0.0,1.6500000000000021,8347.039999999975,2024-04-23T16:00:00-04:00,0.0,,,2024-04-24T15:59:00-04:00,60.0,,,,,242.0,hit,242.0,hit,1452.0,hit,1452.0,hit,1620.0,hit,2880.0,hit,2880.0,hit,1.0,hit,4.0,hit,4.0,hit,24.0,hit,,never_hit,,never_hit,8.849999999999994,276,True,True,False,False,,8.849999999999994,277,True,True,False,False,,8.849999999999994,277,True,True,False,False,,8.849999999999994,277,True,True,False,False,,1452.0,2024-04-23T09:43:00-04:00,2.9000000000000057,5847.039999999966,1497.0,2024-04-23T10:28:00-04:00,2.799999999999997,6047.039999999984,1498.0,2024-04-23T10:29:00-04:00,2.6499999999999915,6347.039999999995,1453.0,2024-04-23T09:44:00-04:00,4.549999999999997,2547.0399999999836,1620.0,2024-04-23T12:31:00-04:00,1.9499999999999993,7747.039999999979,1657.0,2024-04-23T13:08:00-04:00,1.7999999999999972,8047.039999999984,1658.0,2024-04-23T13:09:00-04:00,1.8500000000000014,7947.039999999975,1621.0,2024-04-23T12:32:00-04:00,2.1000000000000014,7447.039999999975,2880.0,2024-04-24T09:31:00-04:00,0.25,11147.039999999979,2881.0,2024-04-24T09:32:00-04:00,0.3999999999999999,10847.039999999979,2882.0,2024-04-24T09:33:00-04:00,0.2999999999999998,11047.039999999979,2881.0,2024-04-24T09:32:00-04:00,0.3999999999999999,10847.039999999979,2880.0,2024-04-24T09:31:00-04:00,0.25,11147.039999999979,2881.0,2024-04-24T09:32:00-04:00,0.3999999999999999,10847.039999999979,2882.0,2024-04-24T09:33:00-04:00,0.2999999999999998,11047.039999999979,2881.0,2024-04-24T09:32:00-04:00,0.3999999999999999,10847.039999999979,1771
2024-04-22,2024-04-24,2,7.0,2024-04-22T09:31:00-04:00,7.0,NDXP  240424P17320000,NDXP  240424P17310000,development,False,False,0,0,16,6,0,1193,available,False,2024-04-22T09:31:00-04:00,2024-04-24T15:59:00-04:00,0.0,13747.04,1.0,last_observed_quote_not_settlement,1036.0,165,22,7.0,-252.9599999999993,2024-04-22T09:32:00-04:00,0.0,6.700000000000017,347.0399999999666,2024-04-22T09:33:00-04:00,0.0,6.949999999999989,-152.95999999997656,2024-04-22T09:36:00-04:00,0.0,6.5,747.0400000000006,2024-04-22T09:41:00-04:00,0.0,6.650000000000006,447.03999999998933,2024-04-22T09:46:00-04:00,0.0,6.899999999999977,-52.959999999953816,2024-04-22T10:01:00-04:00,0.0,7.5,-1252.9599999999994,2024-04-22T10:31:00-04:00,0.0,7.849999999999909,-1952.9599999998175,2024-04-22T11:31:00-04:00,0.0,5.949999999999989,1847.0400000000234,2024-04-22T16:00:00-04:00,0.0,1.8000000000000007,10147.04,2024-04-23T16:00:00-04:00,0.0,,,2024-04-24T15:59:00-04:00,60.0,,,,,24.0,hit,260.0,hit,1455.0,hit,1497.0,hit,1623.0,hit,1783.0,hit,1783.0,hit,14.0,hit,54.0,hit,0.0,hit,54.0,hit,61.0,hit,,never_hit,9.149999999999977,165,True,True,True,True,,9.149999999999977,165,True,True,True,True,,9.149999999999977,165,True,True,True,True,,9.149999999999977,165,True,True,True,True,,1497.0,2024-04-23T10:28:00-04:00,2.8499999999999943,8047.040000000012,1498.0,2024-04-23T10:29:00-04:00,2.9000000000000057,7947.039999999989,1499.0,2024-04-23T10:30:00-04:00,2.700000000000003,8347.039999999995,1498.0,2024-04-23T10:29:00-04:00,2.9000000000000057,7947.039999999989,1635.0,2024-04-23T12:46:00-04:00,1.9499999999999993,9847.040000000003,1693.0,2024-04-23T13:44:00-04:00,1.7999999999999972,10147.040000000008,1694.0,2024-04-23T13:45:00-04:00,1.9000000000000021,9947.039999999997,1636.0,2024-04-23T12:47:00-04:00,2.150000000000002,9447.039999999997,1783.0,2024-04-23T15:14:00-04:00,0.24999999999999645,13247.040000000008,2881.0,2024-04-24T09:32:00-04:00,0.20000000000000018,13347.04,2882.0,2024-04-24T09:33:00-04:00,0.3999999999999999,12947.04,1784.0,2024-04-23T15:15:00-04:00,1.6000000000000014,10547.039999999999,1783.0,2024-04-23T15:14:00-04:00,0.24999999999999645,13247.040000000008,2881.0,2024-04-24T09:32:00-04:00,0.20000000000000018,13347.04,2882.0,2024-04-24T09:33:00-04:00,0.3999999999999999,12947.04,1784.0,2024-04-23T15:15:00-04:00,1.6000000000000014,10547.039999999999,1772
2024-04-22,2024-04-25,3,5.0,2024-04-22T09:31:00-04:00,4.950000000000017,NDXP  240425P17190000,NDXP  240425P17180000,development,False,False,0,0,1,12,0,1592,available,False,2024-04-22T09:31:00-04:00,2024-04-25T15:59:00-04:00,0.0,9647.040000000035,1.0,last_observed_quote_not_settlement,1036.0,187,43,5.0,-352.9599999999652,2024-04-22T09:32:00-04:00,0.0,5.150000000000034,-652.9600000000335,2024-04-22T09:33:00-04:00,0.0,5.099999999999994,-552.9599999999539,2024-04-22T09:36:00-04:00,0.0,4.900000000000006,-152.95999999997656,2024-04-22T09:41:00-04:00,0.0,4.600000000000023,447.03999999998933,2024-04-22T09:46:00-04:00,0.0,3.0500000000000114,3547.0400000000122,2024-04-22T10:01:00-04:00,0.0,4.999999999999972,-352.95999999990835,2024-04-22T10:31:00-04:00,0.0,5.900000000000034,-2152.9600000000332,2024-04-22T11:31:00-04:00,0.0,4.5,647.0400000000348,2024-04-22T16:00:00-04:00,0.0,1.0500000000000007,7547.040000000034,2024-04-23T16:00:00-04:00,0.0,0.5999999999999996,8447.040000000037,2024-04-24T16:00:00-04:00,0.0,,,2024-04-25T15:59:00-04:00,60.0,0.0,hit,0.0,hit,30.0,hit,1442.0,hit,1498.0,hit,2880.0,hit,2883.0,hit,13.0,hit,24.0,hit,24.0,hit,,never_hit,,never_hit,,never_hit,7.599999999999994,187,True,False,False,False,,7.599999999999994,187,True,False,False,False,,7.599999999999994,187,True,False,False,False,,7.599999999999994,187,True,False,False,False,,1442.0,2024-04-23T09:33:00-04:00,2.8499999999999943,3947.0400000000463,1456.0,2024-04-23T09:47:00-04:00,2.700000000000003,4247.040000000029,1457.0,2024-04-23T09:48:00-04:00,2.499999999999993,4647.040000000049,1443.0,2024-04-23T09:34:00-04:00,3.25,3147.040000000035,1500.0,2024-04-23T10:31:00-04:00,1.8999999999999915,5847.040000000052,1501.0,2024-04-23T10:32:00-04:00,1.8499999999999943,5947.040000000046,1502.0,2024-04-23T10:33:00-04:00,1.8500000000000085,5947.040000000018,1501.0,2024-04-23T10:32:00-04:00,1.8499999999999943,5947.040000000046,2880.0,2024-04-24T09:31:00-04:00,0.6000000000000014,8447.040000000034,2881.0,2024-04-24T09:32:00-04:00,0.6500000000000004,8347.040000000035,2882.0,2024-04-24T09:33:00-04:00,0.6500000000000004,8347.040000000035,2881.0,2024-04-24T09:32:00-04:00,0.6500000000000004,8347.040000000035,2900.0,2024-04-24T09:51:00-04:00,0.40000000000000036,8847.040000000035,2901.0,2024-04-24T09:52:00-04:00,0.4499999999999993,8747.040000000037,4526.0,2024-04-25T12:57:00-04:00,0.2749999999999999,9097.040000000035,2901.0,2024-04-24T09:52:00-04:00,0.4499999999999993,8747.040000000037,1773
2024-04-22,2024-04-25,3,6.0,2024-04-22T09:31:00-04:00,6.0,NDXP  240425P17330000,NDXP  240425P17320000,development,False,False,0,0,1,0,0,1604,available,False,2024-04-22T09:31:00-04:00,2024-04-25T15:59:00-04:00,0.0,11747.04,1.0,last_observed_quote_not_settlement,1036.0,399,29,6.350000000000023,-952.9600000000448,2024-04-22T09:32:00-04:00,0.0,6.850000000000051,-1952.9600000001017,2024-04-22T09:33:00-04:00,0.0,6.849999999999966,-1952.9599999999311,2024-04-22T09:36:00-04:00,0.0,6.600000000000023,-1452.9600000000448,2024-04-22T09:41:00-04:00,0.0,6.249999999999972,-752.9599999999425,2024-04-22T09:46:00-04:00,0.0,6.300000000000011,-852.9600000000221,2024-04-22T10:01:00-04:00,0.0,7.0,-2252.959999999999,2024-04-22T10:31:00-04:00,0.0,7.399999999999977,-3052.9599999999537,2024-04-22T11:31:00-04:00,0.0,5.850000000000023,47.039999999955235,2024-04-22T16:00:00-04:00,0.0,3.450000000000003,4847.039999999995,2024-04-23T16:00:00-04:00,0.0,1.8000000000000007,8147.04,2024-04-24T16:00:00-04:00,0.0,,,2024-04-25T15:59:00-04:00,60.0,240.0,hit,240.0,hit,258.0,hit,1525.0,hit,2880.0,hit,2900.0,hit,4603.0,hit,2.0,hit,50.0,hit,50.0,hit,110.0,hit,,never_hit,,never_hit,8.150000000000034,260,True,True,False,False,,8.150000000000034,260,True,True,False,False,,8.150000000000034,260,True,True,False,False,,8.799999999999983,399,True,True,False,False,,1525.0,2024-04-23T10:56:00-04:00,2.9499999999999886,5847.040000000024,1526.0,2024-04-23T10:57:00-04:00,2.9499999999999886,5847.040000000024,1606.0,2024-04-23T12:17:00-04:00,2.8000000000000043,6147.039999999992,1526.0,2024-04-23T10:57:00-04:00,2.9499999999999886,5847.040000000024,2880.0,2024-04-24T09:31:00-04:00,1.3500000000000014,9047.039999999999,2881.0,2024-04-24T09:32:00-04:00,1.4500000000000028,8847.039999999995,2882.0,2024-04-24T09:33:00-04:00,1.3500000000000014,9047.039999999999,2881.0,2024-04-24T09:32:00-04:00,1.4500000000000028,8847.039999999995,4578.0,2024-04-25T13:49:00-04:00,0.8499999999999996,10047.040000000003,4581.0,2024-04-25T13:52:00-04:00,0.8999999999999995,9947.040000000003,4582.0,2024-04-25T13:53:00-04:00,0.7499999999999991,10247.040000000003,4579.0,2024-04-25T13:50:00-04:00,1.0,9747.04,4606.0,2024-04-25T14:17:00-04:00,0.42500000000000027,10897.04,4607.0,2024-04-25T14:18:00-04:00,0.39999999999999947,10947.040000000003,4612.0,2024-04-25T14:23:00-04:00,0.3999999999999999,10947.04,4607.0,2024-04-25T14:18:00-04:00,0.39999999999999947,10947.040000000003,1774
2024-04-22,2024-04-25,3,7.0,2024-04-22T09:31:00-04:00,7.0,NDXP  240425P17410000,NDXP  240425P17400000,development,False,False,0,0,0,6,0,1599,available,False,2024-04-22T09:31:00-04:00,2024-04-25T16:00:00-04:00,0.050000000000000044,13647.040000000003,0.0,last_observed_quote_not_settlement,1036.0,430,56,6.600000000000023,547.0399999999552,2024-04-22T09:32:00-04:00,0.0,7.0499999999999545,-352.95999999990835,2024-04-22T09:33:00-04:00,0.0,8.0,-2252.960000000001,2024-04-22T09:36:00-04:00,0.0,6.9500000000000455,-152.96000000009025,2024-04-22T09:41:00-04:00,0.0,7.050000000000011,-352.96000000002203,2024-04-22T09:46:00-04:00,0.0,7.5,-1252.9599999999994,2024-04-22T10:01:00-04:00,0.0,7.399999999999977,-1052.9599999999539,2024-04-22T10:31:00-04:00,0.0,7.850000000000023,-1952.9600000000448,2024-04-22T11:31:00-04:00,0.0,6.300000000000011,1147.039999999978,2024-04-22T16:00:00-04:00,0.0,3.4000000000000057,6947.039999999989,2024-04-23T16:00:00-04:00,0.0,4.199999999999996,5347.040000000009,2024-04-24T16:00:00-04:00,0.0,0.050000000000000044,13647.040000000003,2024-04-25T16:00:00-04:00,0.0,24.0,hit,282.0,hit,1440.0,hit,1452.0,hit,1663.0,hit,3220.0,hit,4708.0,hit,4.0,hit,5.0,hit,0.0,hit,5.0,hit,102.0,hit,102.0,hit,9.549999999999955,230,True,True,True,True,,9.549999999999955,230,True,True,True,True,,9.549999999999955,230,True,True,True,True,,10.0,430,True,True,True,True,,1452.0,2024-04-23T09:43:00-04:00,2.1999999999999886,9347.040000000025,2881.0,2024-04-24T09:32:00-04:00,2.0,9747.04,2882.0,2024-04-24T09:33:00-04:00,2.200000000000003,9347.039999999995,1453.0,2024-04-23T09:44:00-04:00,5.599999999999994,2547.0400000000122,1663.0,2024-04-23T13:14:00-04:00,1.75,10247.04,2886.0,2024-04-24T09:37:00-04:00,1.8500000000000014,10047.039999999999,2887.0,2024-04-24T09:38:00-04:00,1.850000000000005,10047.039999999992,1664.0,2024-04-23T13:15:00-04:00,3.950000000000003,5847.039999999995,3220.0,2024-04-24T15:11:00-04:00,0.8999999999999986,11947.040000000005,4673.0,2024-04-25T15:24:00-04:00,0.8499999999999996,12047.040000000003,4680.0,2024-04-25T15:31:00-04:00,0.8000000000000003,12147.04,3221.0,2024-04-24T15:12:00-04:00,3.1000000000000085,7547.039999999984,4708.0,2024-04-25T15:59:00-04:00,0.22499999999999992,13297.040000000003,4709.0,2024-04-25T16:00:00-04:00,0.050000000000000044,13647.040000000003,,,,,4709.0,2024-04-25T16:00:00-04:00,0.050000000000000044,13647.040000000003,1775
2024-04-23,2024-04-25,2,5.0,2024-04-23T09:31:00-04:00,4.9500000000000455,NDXP  240425P17330000,NDXP  240425P17320000,development,False,False,0,0,16,0,0,1199,available,False,2024-04-23T09:31:00-04:00,2024-04-25T15:59:00-04:00,0.0,9647.040000000092,1.0,last_observed_quote_not_settlement,1036.0,174,11,4.949999999999989,-252.9599999998856,2024-04-23T09:32:00-04:00,0.0,4.700000000000003,247.04000000008594,2024-04-23T09:33:00-04:00,0.0,4.850000000000023,-52.959999999953816,2024-04-23T09:36:00-04:00,0.0,4.849999999999994,-52.95999999989697,2024-04-23T09:41:00-04:00,0.0,4.0,1647.0400000000916,2024-04-23T09:46:00-04:00,0.0,4.400000000000006,847.0400000000802,2024-04-23T10:01:00-04:00,0.0,3.200000000000003,3247.040000000086,2024-04-23T10:31:00-04:00,0.0,3.1500000000000057,3347.0400000000805,2024-04-23T11:31:00-04:00,0.0,3.450000000000003,2747.040000000086,2024-04-23T16:00:00-04:00,0.0,1.8000000000000007,6047.04000000009,2024-04-24T16:00:00-04:00,0.0,,,2024-04-25T15:59:00-04:00,60.0,,,,,0.0,hit,0.0,hit,15.0,hit,85.0,hit,1440.0,hit,1460.0,hit,3163.0,hit,2880.0,hit,2880.0,hit,2880.0,hit,2882.0,hit,,never_hit,,never_hit,5.0,1,False,False,False,False,,5.0,1,False,False,False,False,,5.0,1,False,False,False,False,,8.799999999999983,174,True,True,False,False,,85.0,2024-04-23T10:56:00-04:00,2.9499999999999886,3747.0400000001146,86.0,2024-04-23T10:57:00-04:00,2.9499999999999886,3747.0400000001146,166.0,2024-04-23T12:17:00-04:00,2.8000000000000043,4047.0400000000827,86.0,2024-04-23T10:57:00-04:00,2.9499999999999886,3747.0400000001146,1440.0,2024-04-24T09:31:00-04:00,1.3500000000000014,6947.040000000089,1441.0,2024-04-24T09:32:00-04:00,1.4500000000000028,6747.040000000086,1442.0,2024-04-24T09:33:00-04:00,1.3500000000000014,6947.040000000089,1441.0,2024-04-24T09:32:00-04:00,1.4500000000000028,6747.040000000086,3138.0,2024-04-25T13:49:00-04:00,0.8499999999999996,7947.040000000093,3141.0,2024-04-25T13:52:00-04:00,0.8999999999999995,7847.040000000093,3142.0,2024-04-25T13:53:00-04:00,0.7499999999999991,8147.040000000093,3139.0,2024-04-25T13:50:00-04:00,1.0,7647.040000000092,3166.0,2024-04-25T14:17:00-04:00,0.42500000000000027,8797.040000000092,3167.0,2024-04-25T14:18:00-04:00,0.39999999999999947,8847.040000000094,3172.0,2024-04-25T14:23:00-04:00,0.3999999999999999,8847.040000000092,3167.0,2024-04-25T14:18:00-04:00,0.39999999999999947,8847.040000000094,1776
2024-04-23,2024-04-25,2,6.0,2024-04-23T09:31:00-04:00,6.0,NDXP  240425P17370000,NDXP  240425P17360000,development,False,False,0,0,16,0,0,1198,available,False,2024-04-23T09:31:00-04:00,2024-04-25T15:59:00-04:00,0.0,11747.04,1.0,last_observed_quote_not_settlement,1036.0,195,9,5.550000000000011,647.0399999999779,2024-04-23T09:32:00-04:00,0.0,5.300000000000011,1147.039999999978,2024-04-23T09:33:00-04:00,0.0,5.399999999999977,947.0400000000461,2024-04-23T09:36:00-04:00,0.0,5.200000000000017,1347.0399999999665,2024-04-23T09:41:00-04:00,0.0,5.499999999999986,747.0400000000291,2024-04-23T09:46:00-04:00,0.0,4.799999999999997,2147.0400000000063,2024-04-23T10:01:00-04:00,0.0,3.549999999999997,4647.040000000006,2024-04-23T10:31:00-04:00,0.0,3.5999999999999943,4547.040000000012,2024-04-23T11:31:00-04:00,0.0,3.1999999999999957,5347.040000000009,2024-04-23T16:00:00-04:00,0.0,2.8999999999999986,5947.040000000004,2024-04-24T16:00:00-04:00,0.0,,,2024-04-25T15:59:00-04:00,60.0,,,,,2.0,hit,7.0,hit,29.0,hit,254.0,hit,1440.0,hit,3166.0,hit,3227.0,hit,12.0,hit,2880.0,hit,2880.0,hit,2880.0,hit,2886.0,hit,,never_hit,6.549999999999983,2,False,False,False,False,,6.549999999999983,2,False,False,False,False,,9.400000000000034,195,True,True,True,True,,9.400000000000034,195,True,True,True,True,,264.0,2024-04-23T13:55:00-04:00,2.9499999999999886,5847.040000000024,265.0,2024-04-23T13:56:00-04:00,2.8499999999999943,6047.040000000012,277.0,2024-04-23T14:08:00-04:00,2.8999999999999986,5947.040000000004,265.0,2024-04-23T13:56:00-04:00,2.8499999999999943,6047.040000000012,1440.0,2024-04-24T09:31:00-04:00,1.6500000000000057,8447.03999999999,1441.0,2024-04-24T09:32:00-04:00,1.6000000000000014,8547.039999999999,1442.0,2024-04-24T09:33:00-04:00,1.7999999999999972,8147.040000000007,1441.0,2024-04-24T09:32:00-04:00,1.6000000000000014,8547.039999999999,3223.0,2024-04-25T15:14:00-04:00,0.8000000000000003,10147.04,3224.0,2024-04-25T15:15:00-04:00,0.75,10247.04,3225.0,2024-04-25T15:16:00-04:00,0.8250000000000002,10097.04,3224.0,2024-04-25T15:15:00-04:00,0.75,10247.04,3229.0,2024-04-25T15:20:00-04:00,0.2749999999999999,11197.04,3230.0,2024-04-25T15:21:00-04:00,0.25,11247.04,3231.0,2024-04-25T15:22:00-04:00,0.27500000000000013,11197.04,3230.0,2024-04-25T15:21:00-04:00,0.25,11247.04,1777
2024-04-23,2024-04-25,2,7.0,2024-04-23T09:31:00-04:00,7.0,NDXP  240425P17470000,NDXP  240425P17460000,development,False,False,0,0,16,14,0,1185,available,False,2024-04-23T09:31:00-04:00,2024-04-25T15:59:00-04:00,9.95,-6152.96,1.0,last_observed_quote_not_settlement,1036.0,300,26,7.349999999999994,-952.959999999988,2024-04-23T09:32:00-04:00,0.0,7.0,-252.9599999999993,2024-04-23T09:33:00-04:00,0.0,6.699999999999989,347.04000000002344,2024-04-23T09:36:00-04:00,0.0,6.650000000000006,447.03999999998933,2024-04-23T09:41:00-04:00,0.0,7.099999999999994,-452.95999999998793,2024-04-23T09:46:00-04:00,0.0,6.0,1747.0400000000006,2024-04-23T10:01:00-04:00,0.0,4.699999999999989,4347.040000000024,2024-04-23T10:31:00-04:00,0.0,4.800000000000011,4147.039999999978,2024-04-23T11:31:00-04:00,0.0,1.25,11247.04,2024-04-23T16:00:00-04:00,0.0,4.950000000000003,3847.039999999995,2024-04-24T16:00:00-04:00,0.0,,,2024-04-25T15:59:00-04:00,60.0,,,,,16.0,hit,25.0,hit,40.0,hit,71.0,hit,389.0,hit,,never_hit,,never_hit,27.0,hit,27.0,hit,0.0,hit,27.0,hit,2880.0,hit,2880.0,hit,8.700000000000017,5,True,True,False,False,,8.700000000000017,5,True,True,False,False,,,,True,True,True,False,5.75,,,True,True,True,False,5.75,71.0,2024-04-23T10:42:00-04:00,2.0999999999999943,9547.040000000014,1442.0,2024-04-24T09:33:00-04:00,2.8999999999999986,7947.040000000004,1443.0,2024-04-24T09:34:00-04:00,2.9499999999999957,7847.040000000009,72.0,2024-04-23T10:43:00-04:00,5.050000000000011,3647.039999999978,389.0,2024-04-23T16:00:00-04:00,1.25,11247.04,,,,,,,,,390.0,2024-04-23T16:01:00-04:00,4.5,4747.040000000001,,,,,,,,,,,,,,,,,,,,,,,,,,,,,,,,,1778
2024-04-23,2024-04-26,3,5.0,2024-04-23T09:31:00-04:00,5.000000000000028,NDXP  240426P17370000,NDXP  240426P17360000,development,False,False,0,0,9,1,0,1525,available,False,2024-04-23T09:31:00-04:00,2024-04-26T14:58:00-04:00,0.0,9747.040000000059,62.0,last_observed_quote_not_settlement,1036.0,212,21,4.800000000000011,147.0400000000348,2024-04-23T09:32:00-04:00,0.0,5.149999999999977,-552.959999999897,2024-04-23T09:33:00-04:00,0.0,5.400000000000034,-1052.9600000000107,2024-04-23T09:36:00-04:00,0.0,5.199999999999989,-652.9599999999198,2024-04-23T09:41:00-04:00,0.0,4.900000000000034,-52.96000000001066,2024-04-23T09:46:00-04:00,0.0,4.75,247.04000000005752,2024-04-23T10:01:00-04:00,0.0,3.6500000000000057,2447.0400000000463,2024-04-23T10:31:00-04:00,0.0,3.6999999999999886,2347.0400000000805,2024-04-23T11:31:00-04:00,0.0,3.5,2747.0400000000577,2024-04-23T16:00:00-04:00,0.0,2.8999999999999986,3947.0400000000604,2024-04-24T16:00:00-04:00,0.0,3.200000000000003,3347.040000000052,2024-04-25T16:00:00-04:00,0.0,,,2024-04-26T14:58:00-04:00,3720.0,0.0,hit,1.0,hit,57.0,hit,79.0,hit,1450.0,hit,3275.0,hit,4340.0,hit,2880.0,hit,2880.0,hit,2880.0,hit,,never_hit,,never_hit,,never_hit,5.5,8,False,False,False,False,,5.5,8,False,False,False,False,,7.800000000000011,212,True,False,False,False,,7.800000000000011,212,True,False,False,False,,303.0,2024-04-23T14:34:00-04:00,2.8499999999999943,4047.040000000069,1441.0,2024-04-24T09:32:00-04:00,2.200000000000003,5347.040000000052,1442.0,2024-04-24T09:33:00-04:00,2.450000000000003,4847.040000000052,304.0,2024-04-23T14:35:00-04:00,3.1999999999999886,3347.0400000000805,1450.0,2024-04-24T09:41:00-04:00,1.9499999999999957,5847.040000000066,1457.0,2024-04-24T09:48:00-04:00,1.7999999999999972,6147.040000000064,1458.0,2024-04-24T09:49:00-04:00,1.8999999999999986,5947.04000000006,1451.0,2024-04-24T09:42:00-04:00,2.0,5747.040000000057,3275.0,2024-04-25T16:06:00-04:00,0.9250000000000007,7897.040000000056,3279.0,2024-04-25T16:10:00-04:00,0.5499999999999989,8647.04000000006,4329.0,2024-04-26T09:40:00-04:00,0.6500000000000004,8447.040000000057,,,,,4340.0,2024-04-26T09:51:00-04:00,0.40000000000000036,8947.040000000057,4346.0,2024-04-26T09:57:00-04:00,0.39999999999999947,8947.040000000059,4347.0,2024-04-26T09:58:00-04:00,0.35000000000000053,9047.040000000057,4341.0,2024-04-26T09:52:00-04:00,0.4500000000000002,8847.040000000057,1779
2024-04-23,2024-04-26,3,6.0,2024-04-23T09:31:00-04:00,6.0,NDXP  240426P17260000,NDXP  240426P17250000,development,False,False,0,0,51,30,0,1445,available,False,2024-04-23T09:31:00-04:00,2024-04-26T14:43:00-04:00,0.0,11747.04,77.0,last_observed_quote_not_settlement,1036.0,0,0,4.0,3747.040000000001,2024-04-23T09:32:00-04:00,0.0,3.6000000000000085,4547.039999999984,2024-04-23T09:33:00-04:00,0.0,4.199999999999989,3347.0400000000236,2024-04-23T09:36:00-04:00,0.0,4.150000000000006,3447.0399999999895,2024-04-23T09:41:00-04:00,0.0,3.5,4747.040000000001,2024-04-23T09:46:00-04:00,0.0,3.6000000000000085,4547.039999999984,2024-04-23T10:01:00-04:00,0.0,2.700000000000003,6347.039999999995,2024-04-23T10:31:00-04:00,0.0,2.75,6247.040000000001,2024-04-23T11:31:00-04:00,0.0,3.500000000000007,4747.039999999986,2024-04-23T16:00:00-04:00,0.0,4.450000000000003,2847.039999999995,2024-04-24T16:00:00-04:00,0.0,0.7999999999999972,10147.040000000008,2024-04-25T16:00:00-04:00,0.0,,,2024-04-26T14:43:00-04:00,4620.0,1.0,hit,1.0,hit,1.0,hit,12.0,hit,12.0,hit,3215.0,hit,3275.0,hit,,never_hit,,never_hit,,never_hit,,never_hit,,never_hit,,never_hit,6.0,0,False,False,False,False,,6.0,0,False,False,False,False,,6.0,0,False,False,False,False,,6.0,0,False,False,False,False,,12.0,2024-04-23T09:43:00-04:00,1.8499999999999943,8047.040000000012,60.0,2024-04-23T10:31:00-04:00,2.700000000000003,6347.039999999995,61.0,2024-04-23T10:32:00-04:00,2.8499999999999943,6047.040000000012,13.0,2024-04-23T09:44:00-04:00,3.8999999999999915,3947.0400000000177,12.0,2024-04-23T09:43:00-04:00,1.8499999999999943,8047.040000000012,1441.0,2024-04-24T09:32:00-04:00,1.75,8247.04,1442.0,2024-04-24T09:33:00-04:00,1.6499999999999986,8447.040000000005,13.0,2024-04-23T09:44:00-04:00,3.8999999999999915,3947.0400000000177,3269.0,2024-04-25T16:00:00-04:00,0.7999999999999972,10147.040000000008,3276.0,2024-04-25T16:07:00-04:00,0.2999999999999998,11147.040000000003,3277.0,2024-04-25T16:08:00-04:00,0.2999999999999998,11147.040000000003,3270.0,2024-04-25T16:01:00-04:00,2.200000000000003,7347.039999999995,3275.0,2024-04-25T16:06:00-04:00,0.2999999999999998,11147.040000000003,3276.0,2024-04-25T16:07:00-04:00,0.2999999999999998,11147.040000000003,3277.0,2024-04-25T16:08:00-04:00,0.2999999999999998,11147.040000000003,3276.0,2024-04-25T16:07:00-04:00,0.2999999999999998,11147.040000000003,1780
2024-04-23,2024-04-26,3,7.0,2024-04-23T09:31:00-04:00,6.900000000000034,NDXP  240426P17530000,NDXP  240426P17520000,development,False,False,0,0,31,6,0,1558,available,False,2024-04-23T09:31:00-04:00,2024-04-26T15:38:00-04:00,0.0,13547.04000000007,22.0,last_observed_quote_not_settlement,1036.0,247,48,7.550000000000011,-1552.9599999999539,2024-04-23T09:32:00-04:00,0.0,7.050000000000068,-552.9600000000676,2024-04-23T09:33:00-04:00,0.0,7.699999999999932,-1852.9599999997947,2024-04-23T09:36:00-04:00,0.0,7.050000000000011,-552.9599999999539,2024-04-23T09:41:00-04:00,0.0,6.0,1547.0400000000689,2024-04-23T09:46:00-04:00,0.0,6.25,1047.0400000000689,2024-04-23T10:01:00-04:00,0.0,5.400000000000006,2747.0400000000577,2024-04-23T10:31:00-04:00,0.0,5.449999999999989,2647.040000000092,2024-04-23T11:31:00-04:00,0.0,5.149999999999977,3247.0400000001146,2024-04-23T16:00:00-04:00,0.0,4.599999999999994,4347.04000000008,2024-04-24T16:00:00-04:00,0.0,5.099999999999994,3347.0400000000805,2024-04-25T16:00:00-04:00,0.0,,,2024-04-26T15:38:00-04:00,1320.0,50.0,hit,80.0,hit,1440.0,hit,1779.0,hit,4340.0,hit,4362.0,hit,4411.0,hit,1.0,hit,2880.0,hit,1.0,hit,2880.0,hit,2881.0,hit,,never_hit,7.699999999999932,6,True,False,False,False,,9.299999999999955,247,True,True,True,True,,9.299999999999955,247,True,True,True,True,,9.299999999999955,247,True,True,True,True,,1779.0,2024-04-24T15:10:00-04:00,2.6500000000000057,8247.040000000059,3276.0,2024-04-25T16:07:00-04:00,2.5500000000000043,8447.04000000006,3277.0,2024-04-25T16:08:00-04:00,2.3999999999999986,8747.040000000072,1780.0,2024-04-24T15:11:00-04:00,4.800000000000011,3947.0400000000463,4340.0,2024-04-26T09:51:00-04:00,1.6999999999999993,10147.040000000072,4341.0,2024-04-26T09:52:00-04:00,1.8000000000000007,9947.040000000068,4346.0,2024-04-26T09:57:00-04:00,1.7000000000000028,10147.040000000065,4341.0,2024-04-26T09:52:00-04:00,1.8000000000000007,9947.040000000068,4362.0,2024-04-26T10:13:00-04:00,0.9000000000000004,11747.04000000007,4363.0,2024-04-26T10:14:00-04:00,0.9499999999999993,11647.040000000072,4364.0,2024-04-26T10:15:00-04:00,0.9000000000000004,11747.04000000007,4363.0,2024-04-26T10:14:00-04:00,0.9499999999999993,11647.040000000072,4413.0,2024-04-26T11:04:00-04:00,0.40000000000000036,12747.04000000007,4454.0,2024-04-26T11:45:00-04:00,0.34999999999999964,12847.04000000007,4455.0,2024-04-26T11:46:00-04:00,0.40000000000000036,12747.04000000007,4414.0,2024-04-26T11:05:00-04:00,0.5,12547.04000000007,1781
2024-04-24,2024-04-26,2,5.0,2024-04-24T09:31:00-04:00,5.099999999999994,NDXP  240426P17620000,NDXP  240426P17610000,development,False,False,0,0,3,2,0,1174,available,False,2024-04-24T09:31:00-04:00,2024-04-26T15:51:00-04:00,0.07500000000000001,9797.03999999999,9.0,last_observed_quote_not_settlement,1049.0,718,34,4.600000000000023,747.0399999999438,2024-04-24T09:32:00-04:00,0.0,5.25,-552.9600000000107,2024-04-24T09:33:00-04:00,0.0,4.550000000000011,847.0399999999665,2024-04-24T09:36:00-04:00,0.0,4.349999999999994,1247.0400000000006,2024-04-24T09:41:00-04:00,0.0,4.349999999999994,1247.0400000000006,2024-04-24T09:46:00-04:00,0.0,4.800000000000011,347.0399999999666,2024-04-24T10:01:00-04:00,0.0,4.75,447.03999999998933,2024-04-24T10:31:00-04:00,0.0,5.949999999999989,-1952.959999999988,2024-04-24T11:31:00-04:00,0.0,6.199999999999989,-2452.9599999999878,2024-04-24T16:00:00-04:00,0.0,4.300000000000011,1347.0399999999665,2024-04-25T16:00:00-04:00,0.0,,,2024-04-26T15:51:00-04:00,540.0,,,,,0.0,hit,1.0,hit,2899.0,hit,2899.0,hit,2911.0,hit,2911.0,hit,2911.0,hit,88.0,hit,114.0,hit,135.0,hit,404.0,hit,1440.0,hit,1445.0,hit,10.0,717,True,True,True,True,,10.0,718,True,True,True,True,,10.0,718,True,True,True,True,,10.0,718,True,True,True,True,,2899.0,2024-04-26T09:50:00-04:00,2.799999999999997,4347.039999999995,2914.0,2024-04-26T10:05:00-04:00,2.8000000000000043,4347.039999999981,2920.0,2024-04-26T10:11:00-04:00,2.6000000000000014,4747.039999999986,2900.0,2024-04-26T09:51:00-04:00,3.1499999999999986,3647.0399999999922,2911.0,2024-04-26T10:02:00-04:00,0.5,8947.03999999999,2959.0,2024-04-26T10:50:00-04:00,1.9000000000000021,6147.039999999985,2965.0,2024-04-26T10:56:00-04:00,1.6499999999999986,6647.039999999992,2912.0,2024-04-26T10:03:00-04:00,3.25,3447.0399999999895,2911.0,2024-04-26T10:02:00-04:00,0.5,8947.03999999999,3067.0,2024-04-26T12:38:00-04:00,0.8499999999999996,8247.039999999992,3068.0,2024-04-26T12:39:00-04:00,0.9000000000000004,8147.039999999989,2912.0,2024-04-26T10:03:00-04:00,3.25,3447.0399999999895,3121.0,2024-04-26T13:32:00-04:00,0.3999999999999999,9147.03999999999,3136.0,2024-04-26T13:47:00-04:00,0.4249999999999998,9097.03999999999,3137.0,2024-04-26T13:48:00-04:00,0.44999999999999973,9047.03999999999,3122.0,2024-04-26T13:33:00-04:00,0.49999999999999956,8947.03999999999,1782
2024-04-24,2024-04-26,2,6.0,2024-04-24T09:31:00-04:00,6.0,NDXP  240426P17720000,NDXP  240426P17710000,development,False,False,0,0,0,34,0,1151,available,False,2024-04-24T09:31:00-04:00,2024-04-26T15:59:00-04:00,2.7,6347.04,1.0,last_observed_quote_not_settlement,1049.0,721,37,6.050000000000011,-352.96000000002203,2024-04-24T09:32:00-04:00,0.0,6.199999999999989,-652.9599999999766,2024-04-24T09:33:00-04:00,0.0,5.349999999999966,1047.0400000000689,2024-04-24T09:36:00-04:00,0.0,5.649999999999977,447.0400000000462,2024-04-24T09:41:00-04:00,0.0,5.450000000000017,847.0399999999665,2024-04-24T09:46:00-04:00,0.0,6.25,-752.9599999999994,2024-04-24T10:01:00-04:00,0.0,6.100000000000023,-452.9600000000448,2024-04-24T10:31:00-04:00,0.0,6.950000000000017,-2152.9600000000332,2024-04-24T11:31:00-04:00,0.0,7.100000000000023,-2452.9600000000446,2024-04-24T16:00:00-04:00,0.0,5.800000000000011,147.03999999997797,2024-04-25T16:00:00-04:00,0.0,,,2024-04-26T15:59:00-04:00,60.0,,,,,5.0,hit,1650.0,hit,1650.0,hit,1650.0,hit,2952.0,hit,3239.0,hit,,never_hit,6.0,hit,6.0,hit,6.0,hit,146.0,hit,402.0,hit,1442.0,hit,10.0,522,True,True,True,True,,10.0,721,True,True,True,True,,10.0,721,True,True,True,True,,,,True,True,True,False,5.1,1650.0,2024-04-25T13:01:00-04:00,2.099999999999966,7547.040000000069,3088.0,2024-04-26T12:59:00-04:00,2.8999999999999986,5947.040000000004,3089.0,2024-04-26T13:00:00-04:00,2.9499999999999993,5847.040000000002,1651.0,2024-04-25T13:02:00-04:00,8.900000000000034,-6052.960000000069,2952.0,2024-04-26T10:43:00-04:00,1.6999999999999957,8347.04000000001,3140.0,2024-04-26T13:51:00-04:00,1.9499999999999993,7847.040000000002,3231.0,2024-04-26T15:22:00-04:00,1.5499999999999998,8647.040000000003,2953.0,2024-04-26T10:44:00-04:00,5.400000000000006,947.0399999999893,3239.0,2024-04-26T15:30:00-04:00,0.8999999999999999,9947.04,,,,,,,,,3240.0,2024-04-26T15:31:00-04:00,1.1750000000000003,9397.04,,,,,,,,,,,,,,,,,1783
2024-04-24,2024-04-26,2,7.0,2024-04-24T09:31:00-04:00,7.0,NDXP  240426P17760000,NDXP  240426P17750000,development,False,False,0,0,0,61,0,1125,available,False,2024-04-24T09:31:00-04:00,2024-04-26T15:59:00-04:00,7.950000000000003,-2152.960000000007,1.0,last_observed_quote_not_settlement,1049.0,652,96,6.550000000000011,647.0399999999779,2024-04-24T09:32:00-04:00,0.0,6.650000000000006,447.03999999998933,2024-04-24T09:33:00-04:00,0.0,7.050000000000011,-352.96000000002203,2024-04-24T09:36:00-04:00,0.0,7.799999999999983,-1852.9599999999652,2024-04-24T09:41:00-04:00,0.0,6.700000000000017,347.0399999999666,2024-04-24T09:46:00-04:00,0.0,7.599999999999994,-1452.959999999988,2024-04-24T10:01:00-04:00,0.0,6.800000000000011,147.03999999997797,2024-04-24T10:31:00-04:00,0.0,6.5,747.0400000000006,2024-04-24T11:31:00-04:00,0.0,8.300000000000011,-2852.9600000000237,2024-04-24T16:00:00-04:00,0.0,,,2024-04-25T15:59:00-04:00,60.0,,,2024-04-26T15:59:00-04:00,60.0,,,,,20.0,hit,36.0,hit,2958.0,hit,2958.0,hit,,never_hit,,never_hit,,never_hit,9.0,hit,29.0,hit,0.0,hit,29.0,hit,208.0,hit,1440.0,hit,10.0,609,True,True,True,True,,,,True,True,True,False,4.5,,,True,True,True,False,4.5,,,True,True,True,False,4.5,2958.0,2024-04-26T10:49:00-04:00,2.8499999999999943,8047.040000000012,,,,,,,,,2959.0,2024-04-26T10:50:00-04:00,5.950000000000003,1847.039999999995,,,,,,,,,,,,,,,,,,,,,,,,,,,,,,,,,,,,,,,,,,,,,,,,,1784
2024-04-26,2024-04-29,3,5.0,2024-04-26T09:31:00-04:00,5.049999999999983,NDXP  240429P17610000,NDXP  240429P17600000,development,False,False,0,0,0,6,0,789,available,False,2024-04-26T09:31:00-04:00,2024-04-29T16:00:00-04:00,0.125,9597.039999999968,0.0,last_observed_quote_not_settlement,3916.0,4,3,5.850000000000023,-1852.960000000079,2024-04-26T09:32:00-04:00,0.0,5.800000000000011,-1752.9600000000562,2024-04-26T09:33:00-04:00,0.0,4.900000000000006,47.039999999955235,2024-04-26T09:36:00-04:00,0.0,4.75,347.0399999999666,2024-04-26T09:41:00-04:00,0.0,1.5,6847.039999999966,2024-04-26T09:46:00-04:00,0.0,3.6500000000000057,2547.0399999999554,2024-04-26T10:01:00-04:00,0.0,3.6000000000000085,2647.0399999999495,2024-04-26T10:31:00-04:00,0.0,2.950000000000003,3947.039999999961,2024-04-26T11:31:00-04:00,0.0,2.3999999999999986,5047.039999999969,2024-04-26T16:00:00-04:00,0.0,,,2024-04-26T16:15:00-04:00,85500.0,,,2024-04-26T16:15:00-04:00,171900.0,0.125,9597.039999999968,2024-04-29T16:00:00-04:00,0.0,0.0,hit,4.0,hit,15.0,hit,15.0,hit,15.0,hit,4320.0,hit,4429.0,hit,1.0,hit,,never_hit,,never_hit,,never_hit,,never_hit,,never_hit,5.850000000000023,3,False,False,False,False,,5.850000000000023,3,False,False,False,False,,5.850000000000023,4,False,False,False,False,,5.850000000000023,4,False,False,False,False,,15.0,2024-04-26T09:46:00-04:00,1.5,6847.039999999966,47.0,2024-04-26T10:18:00-04:00,2.8999999999999986,4047.039999999969,71.0,2024-04-26T10:42:00-04:00,2.8999999999999986,4047.039999999969,16.0,2024-04-26T09:47:00-04:00,4.5,847.0399999999665,15.0,2024-04-26T09:46:00-04:00,1.5,6847.039999999966,236.0,2024-04-26T13:27:00-04:00,1.8999999999999986,6047.039999999969,258.0,2024-04-26T13:49:00-04:00,1.9000000000000021,6047.039999999963,16.0,2024-04-26T09:47:00-04:00,4.5,847.0399999999665,4320.0,2024-04-29T09:31:00-04:00,0.9000000000000004,8047.039999999965,4321.0,2024-04-29T09:32:00-04:00,0.6499999999999995,8547.039999999968,4322.0,2024-04-29T09:33:00-04:00,0.6000000000000014,8647.039999999964,4321.0,2024-04-29T09:32:00-04:00,0.6499999999999995,8547.039999999968,4470.0,2024-04-29T12:01:00-04:00,0.42500000000000027,8997.039999999966,4471.0,2024-04-29T12:02:00-04:00,0.4249999999999998,8997.039999999968,4472.0,2024-04-29T12:03:00-04:00,0.39999999999999947,9047.039999999968,4471.0,2024-04-29T12:02:00-04:00,0.4249999999999998,8997.039999999968,1785
2024-04-26,2024-04-29,3,6.0,2024-04-26T09:31:00-04:00,5.949999999999989,NDXP  240429P17690000,NDXP  240429P17680000,development,False,False,0,0,0,1,0,794,available,False,2024-04-26T09:31:00-04:00,2024-04-29T16:00:00-04:00,0.17500000000000002,11297.039999999979,0.0,last_observed_quote_not_settlement,3916.0,15,13,7.199999999999989,-2752.959999999999,2024-04-26T09:32:00-04:00,0.0,6.649999999999977,-1652.9599999999766,2024-04-26T09:33:00-04:00,0.0,5.849999999999994,-52.96000000001066,2024-04-26T09:36:00-04:00,0.0,6.300000000000011,-952.9600000000448,2024-04-26T09:41:00-04:00,0.0,5.900000000000006,-152.9600000000334,2024-04-26T09:46:00-04:00,0.0,4.800000000000011,2047.0399999999554,2024-04-26T10:01:00-04:00,0.0,4.75,2147.039999999978,2024-04-26T10:31:00-04:00,0.0,4.150000000000006,3347.0399999999668,2024-04-26T11:31:00-04:00,0.0,3.5999999999999943,4447.039999999989,2024-04-26T16:00:00-04:00,0.0,,,2024-04-26T16:15:00-04:00,85500.0,,,2024-04-26T16:15:00-04:00,171900.0,0.17500000000000002,11297.039999999979,2024-04-29T16:00:00-04:00,0.0,9.0,hit,24.0,hit,50.0,hit,50.0,hit,4320.0,hit,4503.0,hit,4559.0,hit,1.0,hit,1.0,hit,1.0,hit,,never_hit,,never_hit,,never_hit,7.249999999999986,14,True,False,False,False,,7.249999999999986,15,True,False,False,False,,7.249999999999986,15,True,False,False,False,,7.249999999999986,15,True,False,False,False,,50.0,2024-04-26T10:21:00-04:00,2.6500000000000057,6347.039999999966,354.0,2024-04-26T15:25:00-04:00,2.8999999999999986,5847.039999999981,355.0,2024-04-26T15:26:00-04:00,2.3999999999999986,6847.039999999981,51.0,2024-04-26T10:22:00-04:00,4.5,2647.039999999978,4320.0,2024-04-29T09:31:00-04:00,1.8999999999999986,7847.039999999981,4321.0,2024-04-29T09:32:00-04:00,1.549999999999999,8547.03999999998,4322.0,2024-04-29T09:33:00-04:00,1.3500000000000014,8947.039999999975,4321.0,2024-04-29T09:32:00-04:00,1.549999999999999,8547.03999999998,4546.0,2024-04-29T13:17:00-04:00,0.8999999999999995,9847.039999999979,4552.0,2024-04-29T13:23:00-04:00,0.6500000000000004,10347.039999999979,4553.0,2024-04-29T13:24:00-04:00,0.7250000000000001,10197.039999999977,4547.0,2024-04-29T13:18:00-04:00,1.0500000000000007,9547.039999999977,4566.0,2024-04-29T13:37:00-04:00,0.375,10897.039999999979,4567.0,2024-04-29T13:38:00-04:00,0.375,10897.039999999979,4576.0,2024-04-29T13:47:00-04:00,0.375,10897.039999999979,4567.0,2024-04-29T13:38:00-04:00,0.375,10897.039999999979,1786
2024-04-26,2024-04-29,3,7.0,2024-04-26T09:31:00-04:00,6.899999999999977,NDXP  240429P17700000,NDXP  240429P17690000,development,False,False,0,0,0,1,0,794,available,False,2024-04-26T09:31:00-04:00,2024-04-29T16:00:00-04:00,0.8,11947.039999999955,0.0,last_observed_quote_not_settlement,3916.0,3,1,7.550000000000011,-1552.9600000000676,2024-04-26T09:32:00-04:00,0.0,7.150000000000006,-752.9600000000562,2024-04-26T09:33:00-04:00,0.0,6.199999999999989,1147.039999999978,2024-04-26T09:36:00-04:00,0.0,6.100000000000023,1347.0399999999097,2024-04-26T09:41:00-04:00,0.0,6.799999999999983,-52.96000000001066,2024-04-26T09:46:00-04:00,0.0,5.099999999999994,3347.0399999999668,2024-04-26T10:01:00-04:00,0.0,5.150000000000006,3247.039999999944,2024-04-26T10:31:00-04:00,0.0,4.5,4547.039999999955,2024-04-26T11:31:00-04:00,0.0,4.70000000000001,4147.039999999935,2024-04-26T16:00:00-04:00,0.0,,,2024-04-26T16:15:00-04:00,85500.0,,,2024-04-26T16:15:00-04:00,171900.0,0.8,11947.039999999955,2024-04-29T16:00:00-04:00,0.0,20.0,hit,27.0,hit,84.0,hit,254.0,hit,4321.0,hit,4552.0,hit,4564.0,hit,1.0,hit,,never_hit,1.0,hit,,never_hit,,never_hit,,never_hit,7.550000000000011,3,True,False,False,False,,7.550000000000011,3,True,False,False,False,,7.550000000000011,3,True,False,False,False,,7.550000000000011,3,True,False,False,False,,254.0,2024-04-26T13:45:00-04:00,2.700000000000003,8147.039999999949,4321.0,2024-04-29T09:32:00-04:00,1.75,10047.039999999955,4322.0,2024-04-29T09:33:00-04:00,1.8499999999999979,9847.03999999996,255.0,2024-04-26T13:46:00-04:00,3.4000000000000057,6747.039999999944,4321.0,2024-04-29T09:32:00-04:00,1.75,10047.039999999955,4322.0,2024-04-29T09:33:00-04:00,1.8499999999999979,9847.03999999996,4323.0,2024-04-29T09:34:00-04:00,1.7000000000000028,10147.03999999995,4322.0,2024-04-29T09:33:00-04:00,1.8499999999999979,9847.03999999996,4553.0,2024-04-29T13:24:00-04:00,0.8999999999999995,11747.039999999957,4554.0,2024-04-29T13:25:00-04:00,0.8499999999999996,11847.039999999957,4555.0,2024-04-29T13:26:00-04:00,0.7500000000000004,12047.039999999954,4554.0,2024-04-29T13:25:00-04:00,0.8499999999999996,11847.039999999957,4577.0,2024-04-29T13:48:00-04:00,0.44999999999999973,12647.039999999955,4697.0,2024-04-29T15:48:00-04:00,0.3500000000000001,12847.039999999955,4702.0,2024-04-29T15:53:00-04:00,0.17500000000000002,13197.039999999957,4578.0,2024-04-29T13:49:00-04:00,0.6000000000000001,12347.039999999955,1787
2024-04-29,2024-05-01,2,5.0,2024-04-29T09:31:00-04:00,5.0,NDXP  240501P17850000,NDXP  240501P17840000,development,False,False,0,0,0,138,0,1053,available,False,2024-04-29T09:31:00-04:00,2024-05-01T15:59:00-04:00,8.350000000000023,-6952.960000000046,1.0,last_observed_quote_not_settlement,1037.0,950,15,4.450000000000017,847.0399999999665,2024-04-29T09:32:00-04:00,0.0,4.900000000000006,-52.96000000001066,2024-04-29T09:33:00-04:00,0.0,5.050000000000011,-352.96000000002203,2024-04-29T09:36:00-04:00,0.0,5.299999999999983,-852.9599999999652,2024-04-29T09:41:00-04:00,0.0,5.300000000000011,-852.9600000000221,2024-04-29T09:46:00-04:00,0.0,5.5,-1252.9599999999994,2024-04-29T10:01:00-04:00,0.0,5.349999999999994,-952.959999999988,2024-04-29T10:31:00-04:00,0.0,5.899999999999977,-2052.9599999999537,2024-04-29T11:31:00-04:00,0.0,5.250000000000028,-752.9600000000562,2024-04-29T16:00:00-04:00,0.0,8.900000000000034,-8052.960000000069,2024-04-30T16:00:00-04:00,0.0,,,2024-05-01T15:59:00-04:00,60.0,,,,,0.0,hit,0.0,hit,,never_hit,,never_hit,,never_hit,,never_hit,,never_hit,11.0,hit,13.0,hit,20.0,hit,1571.0,hit,1670.0,hit,1670.0,hit,,,True,True,True,False,0.549999999999983,,,True,True,True,False,0.549999999999983,,,True,True,True,False,0.549999999999983,,,True,True,True,False,0.549999999999983,,,,,,,,,,,,,,,,,,,,,,,,,,,,,,,,,,,,,,,,,,,,,,,,,,,,,,,,,,,,,,,,,1788
2024-04-29,2024-05-01,2,6.0,2024-04-29T09:31:00-04:00,5.900000000000006,NDXP  240501P17880000,NDXP  240501P17870000,development,False,False,0,0,0,136,0,1055,available,False,2024-04-29T09:31:00-04:00,2024-05-01T15:59:00-04:00,7.75,-3952.9599999999878,1.0,last_observed_quote_not_settlement,1037.0,843,91,5.049999999999983,1447.0400000000461,2024-04-29T09:32:00-04:00,0.0,5.350000000000023,847.0399999999665,2024-04-29T09:33:00-04:00,0.0,5.350000000000023,847.0399999999665,2024-04-29T09:36:00-04:00,0.0,5.900000000000006,-252.9599999999993,2024-04-29T09:41:00-04:00,0.0,6.150000000000034,-752.9600000000562,2024-04-29T09:46:00-04:00,0.0,6.199999999999989,-852.9599999999652,2024-04-29T10:01:00-04:00,0.0,6.349999999999994,-1152.9599999999766,2024-04-29T10:31:00-04:00,0.0,6.199999999999989,-852.9599999999652,2024-04-29T11:31:00-04:00,0.0,5.650000000000006,247.04000000000067,2024-04-29T16:00:00-04:00,0.0,8.5,-5452.95999999999,2024-04-30T16:00:00-04:00,0.0,,,2024-05-01T15:59:00-04:00,60.0,,,,,1.0,hit,52.0,hit,1840.0,hit,1840.0,hit,1840.0,hit,1840.0,hit,1840.0,hit,12.0,hit,13.0,hit,63.0,hit,1545.0,hit,1645.0,hit,1825.0,hit,9.700000000000045,670,True,True,True,True,,9.700000000000045,670,True,True,True,True,,9.700000000000045,670,True,True,True,True,,9.700000000000045,670,True,True,True,True,,1840.0,2024-04-30T16:11:00-04:00,0.0,11547.040000000014,,,,,,,,,1841.0,2024-04-30T16:12:00-04:00,9.599999999999966,-7652.959999999922,1840.0,2024-04-30T16:11:00-04:00,0.0,11547.040000000014,,,,,,,,,1841.0,2024-04-30T16:12:00-04:00,9.599999999999966,-7652.959999999922,1840.0,2024-04-30T16:11:00-04:00,0.0,11547.040000000014,,,,,,,,,1841.0,2024-04-30T16:12:00-04:00,9.599999999999966,-7652.959999999922,1840.0,2024-04-30T16:11:00-04:00,0.0,11547.040000000014,,,,,,,,,1841.0,2024-04-30T16:12:00-04:00,9.599999999999966,-7652.959999999922,1789
2024-04-29,2024-05-01,2,7.0,2024-04-29T09:31:00-04:00,7.049999999999983,NDXP  240501P17990000,NDXP  240501P17980000,development,False,False,0,0,1,117,0,1074,available,False,2024-04-29T09:31:00-04:00,2024-05-01T15:59:00-04:00,5.100000000000023,3647.0399999999213,1.0,last_observed_quote_not_settlement,1037.0,909,97,6.900000000000006,47.039999999955235,2024-04-29T09:32:00-04:00,0.0,6.5,847.0399999999665,2024-04-29T09:33:00-04:00,0.0,7.149999999999977,-452.95999999998793,2024-04-29T09:36:00-04:00,0.0,8.0,-2152.960000000035,2024-04-29T09:41:00-04:00,0.0,7.599999999999966,-1352.9599999999652,2024-04-29T09:46:00-04:00,0.0,8.099999999999966,-2352.959999999967,2024-04-29T10:01:00-04:00,0.0,7.69999999999996,-1552.9599999999539,2024-04-29T10:31:00-04:00,0.0,7.5,-1152.9600000000335,2024-04-29T11:31:00-04:00,0.0,7.849999999999966,-1852.9599999999652,2024-04-29T16:00:00-04:00,0.0,,,2024-04-30T15:58:00-04:00,120.0,,,2024-05-01T15:59:00-04:00,60.0,,,,,3259.0,hit,3259.0,hit,3259.0,hit,,never_hit,,never_hit,,never_hit,,never_hit,10.0,hit,14.0,hit,0.0,hit,10.0,hit,337.0,hit,1547.0,hit,,,True,True,True,False,3.8499999999999375,,,True,True,True,False,3.8499999999999375,,,True,True,True,False,3.8499999999999375,,,True,True,True,False,3.8499999999999375,,,,,,,,,,,,,,,,,,,,,,,,,,,,,,,,,,,,,,,,,,,,,,,,,,,,,,,,,,,,,,,,,1790
2024-04-29,2024-05-02,3,5.0,2024-04-29T09:31:00-04:00,4.899999999999977,NDXP  240502P17840000,NDXP  240502P17830000,development,False,False,0,0,0,221,0,1376,available,False,2024-04-29T09:31:00-04:00,2024-05-02T15:59:00-04:00,10.0,-10352.960000000045,1.0,last_observed_quote_not_settlement,1038.0,1181,61,4.849999999999994,-152.9600000000334,2024-04-29T09:32:00-04:00,0.0,4.849999999999994,-152.9600000000334,2024-04-29T09:33:00-04:00,0.0,4.949999999999989,-352.96000000002203,2024-04-29T09:36:00-04:00,0.0,5.400000000000006,-1252.9600000000562,2024-04-29T09:41:00-04:00,0.0,5.0,-452.9600000000448,2024-04-29T09:46:00-04:00,0.0,5.299999999999983,-1052.9600000000107,2024-04-29T10:01:00-04:00,0.0,4.999999999999972,-452.95999999998793,2024-04-29T10:31:00-04:00,0.0,5.699999999999989,-1852.960000000022,2024-04-29T11:31:00-04:00,0.0,5.199999999999989,-852.9600000000221,2024-04-29T16:00:00-04:00,0.0,8.200000000000045,-6852.960000000137,2024-04-30T16:00:00-04:00,0.0,7.699999999999989,-5852.960000000022,2024-05-01T16:00:00-04:00,0.0,,,2024-05-02T15:59:00-04:00,60.0,0.0,hit,0.0,hit,283.0,hit,,never_hit,,never_hit,,never_hit,,never_hit,10.0,hit,14.0,hit,1443.0,hit,1639.0,hit,1824.0,hit,1824.0,hit,,,True,True,True,False,1.3999999999999773,,,True,True,True,False,1.3999999999999773,,,True,True,True,False,1.3999999999999773,,,True,True,True,False,1.3999999999999773,,,,,,,,,,,,,,,,,,,,,,,,,,,,,,,,,,,,,,,,,,,,,,,,,,,,,,,,,,,,,,,,,1791
2024-04-29,2024-05-02,3,6.0,2024-04-29T09:31:00-04:00,6.049999999999983,NDXP  240502P17940000,NDXP  240502P17930000,development,False,False,0,0,0,273,0,1324,available,False,2024-04-29T09:31:00-04:00,2024-05-02T15:59:00-04:00,9.600000000000023,-7352.960000000081,1.0,last_observed_quote_not_settlement,1037.0,1104,55,6.449999999999989,-1052.9600000000107,2024-04-29T09:32:00-04:00,0.0,6.75,-1652.9600000000335,2024-04-29T09:33:00-04:00,0.0,5.800000000000011,247.03999999994383,2024-04-29T09:36:00-04:00,0.0,6.450000000000017,-1052.9600000000676,2024-04-29T09:41:00-04:00,0.0,6.2000000000000455,-552.9600000001244,2024-04-29T09:46:00-04:00,0.0,6.5,-1152.9600000000335,2024-04-29T10:01:00-04:00,0.0,6.400000000000006,-952.9600000000448,2024-04-29T10:31:00-04:00,0.0,6.600000000000023,-1352.960000000079,2024-04-29T11:31:00-04:00,0.0,5.900000000000006,47.039999999955235,2024-04-29T16:00:00-04:00,0.0,,,2024-04-30T15:59:00-04:00,60.0,,,2024-05-01T15:57:00-04:00,180.0,,,2024-05-02T15:59:00-04:00,60.0,390.0,hit,4349.0,hit,4349.0,hit,4349.0,hit,4349.0,hit,,never_hit,,never_hit,2.0,hit,302.0,hit,11.0,hit,1524.0,hit,1632.0,hit,1632.0,hit,10.0,993,True,True,True,True,,10.0,993,True,True,True,True,,,,True,True,True,False,4.350000000000051,,,True,True,True,False,4.350000000000051,4349.0,2024-05-02T10:00:00-04:00,1.6999999999999318,8447.040000000105,,,,,,,,,,,,,4349.0,2024-05-02T10:00:00-04:00,1.6999999999999318,8447.040000000105,,,,,,,,,,,,,,,,,,,,,,,,,,,,,,,,,,,,,,,,,,,,,1792
2024-04-29,2024-05-02,3,7.0,2024-04-29T09:31:00-04:00,7.050000000000011,NDXP  240502P18050000,NDXP  240502P18040000,development,False,False,0,0,0,279,0,1318,available,False,2024-04-29T09:31:00-04:00,2024-05-02T15:55:00-04:00,9.0,-4152.959999999978,5.0,last_observed_quote_not_settlement,1039.0,1086,71,7.0,-152.95999999997656,2024-04-29T09:32:00-04:00,0.0,6.150000000000034,1547.0399999999552,2024-04-29T09:33:00-04:00,0.0,7.850000000000023,-1852.960000000022,2024-04-29T09:36:00-04:00,0.0,7.699999999999989,-1552.9599999999539,2024-04-29T09:41:00-04:00,0.0,8.5,-3152.959999999978,2024-04-29T09:46:00-04:00,0.0,7.400000000000034,-952.9600000000448,2024-04-29T10:01:00-04:00,0.0,7.0,-152.95999999997656,2024-04-29T10:31:00-04:00,0.0,7.800000000000011,-1752.9599999999994,2024-04-29T11:31:00-04:00,0.0,7.550000000000011,-1252.9599999999994,2024-04-29T16:00:00-04:00,0.0,9.349999999999909,-4852.959999999796,2024-04-30T16:00:00-04:00,0.0,9.450000000000045,-5052.960000000069,2024-05-01T16:00:00-04:00,0.0,,,2024-05-02T15:55:00-04:00,300.0,3072.0,hit,3213.0,hit,3213.0,hit,,never_hit,,never_hit,,never_hit,,never_hit,5.0,hit,15.0,hit,0.0,hit,15.0,hit,1527.0,hit,1553.0,hit,,,True,True,True,False,3.3000000000000114,,,True,True,True,False,3.3000000000000114,,,True,True,True,False,3.3000000000000114,,,True,True,True,False,3.3000000000000114,,,,,,,,,,,,,,,,,,,,,,,,,,,,,,,,,,,,,,,,,,,,,,,,,,,,,,,,,,,,,,,,,1793
2024-04-30,2024-05-02,2,5.0,2024-04-30T09:31:00-04:00,4.950000000000017,NDXP  240502P17750000,NDXP  240502P17740000,development,False,False,0,0,0,139,0,1052,available,False,2024-04-30T09:31:00-04:00,2024-05-02T15:59:00-04:00,9.850000000000023,-10052.960000000012,1.0,last_observed_quote_not_settlement,1037.0,869,16,5.449999999999989,-1252.9599999999425,2024-04-30T09:32:00-04:00,0.0,4.950000000000017,-252.9599999999993,2024-04-30T09:33:00-04:00,0.0,1.799999999999983,6047.040000000069,2024-04-30T09:36:00-04:00,0.0,4.75,147.0400000000348,2024-04-30T09:41:00-04:00,0.0,4.450000000000017,747.0400000000006,2024-04-30T09:46:00-04:00,0.0,4.650000000000006,347.04000000002344,2024-04-30T10:01:00-04:00,0.0,5.400000000000006,-1152.9599999999766,2024-04-30T10:31:00-04:00,0.0,5.599999999999994,-1552.9599999999539,2024-04-30T11:31:00-04:00,0.0,7.249999999999943,-4852.959999999852,2024-04-30T16:00:00-04:00,0.0,9.549999999999955,-9452.959999999875,2024-05-01T16:00:00-04:00,0.0,,,2024-05-02T15:59:00-04:00,60.0,,,,,0.0,hit,0.0,hit,5.0,hit,5.0,hit,5.0,hit,,never_hit,,never_hit,100.0,hit,104.0,hit,184.0,hit,323.0,hit,1443.0,hit,1443.0,hit,5.449999999999989,3,False,False,False,False,,5.449999999999989,3,False,False,False,False,,,,True,True,True,False,3.150000000000034,,,True,True,True,False,3.150000000000034,5.0,2024-04-30T09:36:00-04:00,1.799999999999983,6047.040000000069,,,,,,,,,6.0,2024-04-30T09:37:00-04:00,4.799999999999983,47.04000000006892,5.0,2024-04-30T09:36:00-04:00,1.799999999999983,6047.040000000069,,,,,,,,,6.0,2024-04-30T09:37:00-04:00,4.799999999999983,47.04000000006892,,,,,,,,,,,,,,,,,,,,,,,,,,,,,,,,,1794
2024-04-30,2024-05-02,2,6.0,2024-04-30T09:31:00-04:00,6.000000000000028,NDXP  240502P17890000,NDXP  240502P17880000,development,False,False,0,0,0,252,0,940,available,False,2024-04-30T09:31:00-04:00,2024-05-02T15:59:00-04:00,10.0,-8152.959999999943,1.0,last_observed_quote_not_settlement,1040.0,750,31,6.400000000000006,-1052.9599999999539,2024-04-30T09:32:00-04:00,0.0,6.550000000000011,-1352.9599999999652,2024-04-30T09:33:00-04:00,0.0,6.100000000000023,-452.95999999998793,2024-04-30T09:36:00-04:00,0.0,5.900000000000006,-52.959999999953816,2024-04-30T09:41:00-04:00,0.0,6.0,-252.95999999994245,2024-04-30T09:46:00-04:00,0.0,6.75,-1752.9599999999425,2024-04-30T10:01:00-04:00,0.0,6.5,-1252.9599999999425,2024-04-30T10:31:00-04:00,0.0,7.149999999999977,-2552.959999999897,2024-04-30T11:31:00-04:00,0.0,8.899999999999977,-6052.959999999899,2024-04-30T16:00:00-04:00,0.0,10.0,-8152.959999999943,2024-05-01T16:00:00-04:00,0.0,,,2024-05-02T15:59:00-04:00,60.0,,,,,11.0,hit,11.0,hit,11.0,hit,11.0,hit,,never_hit,,never_hit,,never_hit,2.0,hit,95.0,hit,88.0,hit,136.0,hit,346.0,hit,1440.0,hit,6.949999999999989,8,False,False,False,False,,,,True,True,True,False,3.5000000000000284,,,True,True,True,False,3.5000000000000284,,,True,True,True,False,3.5000000000000284,11.0,2024-04-30T09:42:00-04:00,2.5,6747.040000000057,,,,,,,,,12.0,2024-04-30T09:43:00-04:00,6.149999999999977,-552.959999999897,,,,,,,,,,,,,,,,,,,,,,,,,,,,,,,,,,,,,,,,,,,,,,,,,1795
2024-04-30,2024-05-02,2,7.0,2024-04-30T09:31:00-04:00,6.999999999999972,NDXP  240502P17920000,NDXP  240502P17910000,development,False,False,0,0,0,253,0,939,available,False,2024-04-30T09:31:00-04:00,2024-05-02T15:59:00-04:00,10.0,-6152.960000000056,1.0,last_observed_quote_not_settlement,1037.0,670,57,7.0,-252.96000000005614,2024-04-30T09:32:00-04:00,0.0,6.349999999999994,1047.0399999999552,2024-04-30T09:33:00-04:00,0.0,7.0,-252.96000000005614,2024-04-30T09:36:00-04:00,0.0,6.7999999999999545,147.0400000000348,2024-04-30T09:41:00-04:00,0.0,6.0,1747.0399999999438,2024-04-30T09:46:00-04:00,0.0,6.5,747.0399999999438,2024-04-30T10:01:00-04:00,0.0,6.400000000000034,947.0399999998756,2024-04-30T10:31:00-04:00,0.0,8.050000000000011,-2352.9600000000805,2024-04-30T11:31:00-04:00,0.0,7.949999999999989,-2152.9600000000332,2024-04-30T16:00:00-04:00,0.0,9.599999999999909,-5452.959999999876,2024-05-01T16:00:00-04:00,0.0,,,2024-05-02T15:59:00-04:00,60.0,,,,,11.0,hit,11.0,hit,11.0,hit,11.0,hit,11.0,hit,1720.0,hit,,never_hit,104.0,hit,104.0,hit,1.0,hit,104.0,hit,255.0,hit,347.0,hit,7.300000000000011,3,True,False,False,False,,7.300000000000011,3,True,False,False,False,,10.0,448,True,True,True,True,,,,True,True,True,False,6.05000000000004,11.0,2024-04-30T09:42:00-04:00,1.1000000000000227,11547.039999999899,,,,,,,,,12.0,2024-04-30T09:43:00-04:00,7.099999999999994,-452.9600000000448,11.0,2024-04-30T09:42:00-04:00,1.1000000000000227,11547.039999999899,,,,,,,,,12.0,2024-04-30T09:43:00-04:00,7.099999999999994,-452.9600000000448,1720.0,2024-05-01T14:11:00-04:00,0.9499999999999318,11847.04000000008,,,,,,,,,1721.0,2024-05-01T14:12:00-04:00,9.75,-5752.960000000058,,,,,,,,,,,,,,,,,1796
2024-04-30,2024-05-03,3,5.0,2024-04-30T09:31:00-04:00,5.0,NDXP  240503P17770000,NDXP  240503P17760000,development,False,False,0,0,0,5,0,1591,available,False,2024-04-30T09:31:00-04:00,2024-05-03T15:59:00-04:00,0.0,9747.04,1.0,last_observed_quote_not_settlement,1037.0,1111,20,5.600000000000023,-1452.9600000000448,2024-04-30T09:32:00-04:00,0.0,5.049999999999983,-352.9599999999652,2024-04-30T09:33:00-04:00,0.0,4.800000000000011,147.03999999997797,2024-04-30T09:36:00-04:00,0.0,4.900000000000006,-52.96000000001066,2024-04-30T09:41:00-04:00,0.0,4.549999999999983,647.0400000000348,2024-04-30T09:46:00-04:00,0.0,4.650000000000006,447.03999999998933,2024-04-30T10:01:00-04:00,0.0,5.050000000000011,-352.96000000002203,2024-04-30T10:31:00-04:00,0.0,5.949999999999989,-2152.9599999999764,2024-04-30T11:31:00-04:00,0.0,7.650000000000034,-5552.960000000067,2024-04-30T16:00:00-04:00,0.0,9.100000000000023,-8452.960000000046,2024-05-01T16:00:00-04:00,0.0,9.900000000000034,-10052.960000000068,2024-05-02T16:00:00-04:00,0.0,,,2024-05-03T15:59:00-04:00,60.0,0.0,hit,0.0,hit,4320.0,hit,4320.0,hit,4332.0,hit,4445.0,hit,4587.0,hit,1.0,hit,107.0,hit,180.0,hit,346.0,hit,1450.0,hit,1477.0,hit,10.0,1111,True,True,True,True,,10.0,1111,True,True,True,True,,10.0,1111,True,True,True,True,,10.0,1111,True,True,True,True,,4320.0,2024-05-03T09:31:00-04:00,2.500000000000007,4747.039999999986,4321.0,2024-05-03T09:32:00-04:00,2.9499999999999957,3847.040000000009,4332.0,2024-05-03T09:43:00-04:00,1.7500000000000036,6247.039999999994,4321.0,2024-05-03T09:32:00-04:00,2.9499999999999957,3847.040000000009,4332.0,2024-05-03T09:43:00-04:00,1.7500000000000036,6247.039999999994,4344.0,2024-05-03T09:55:00-04:00,1.7499999999999964,6247.040000000008,4345.0,2024-05-03T09:56:00-04:00,1.8500000000000014,6047.039999999998,4333.0,2024-05-03T09:44:00-04:00,2.6000000000000014,4547.039999999998,4445.0,2024-05-03T11:36:00-04:00,0.9000000000000004,7947.04,4512.0,2024-05-03T12:43:00-04:00,0.9000000000000004,7947.04,4513.0,2024-05-03T12:44:00-04:00,0.9000000000000004,7947.04,4446.0,2024-05-03T11:37:00-04:00,1.5,6747.040000000001,4591.0,2024-05-03T14:02:00-04:00,0.44999999999999973,8847.04,4596.0,2024-05-03T14:07:00-04:00,0.4249999999999998,8897.040000000003,4597.0,2024-05-03T14:08:00-04:00,0.3250000000000002,9097.04,4592.0,2024-05-03T14:03:00-04:00,0.5,8747.04,1797
2024-04-30,2024-05-03,3,6.0,2024-04-30T09:31:00-04:00,5.849999999999994,NDXP  240503P17820000,NDXP  240503P17810000,development,False,False,0,0,1,15,0,1581,available,False,2024-04-30T09:31:00-04:00,2024-05-03T15:59:00-04:00,0.024999999999999994,11397.03999999999,1.0,last_observed_quote_not_settlement,1037.0,1070,11,5.5,447.03999999998933,2024-04-30T09:32:00-04:00,0.0,5.599999999999994,247.04000000000067,2024-04-30T09:33:00-04:00,0.0,3.3499999999999943,4747.040000000001,2024-04-30T09:36:00-04:00,0.0,4.949999999999989,1547.040000000012,2024-04-30T09:41:00-04:00,0.0,5.300000000000011,847.0399999999665,2024-04-30T09:46:00-04:00,0.0,5.25,947.0399999999893,2024-04-30T10:01:00-04:00,0.0,5.549999999999983,347.04000000002344,2024-04-30T10:31:00-04:00,0.0,6.5499999999999545,-1652.9599999999198,2024-04-30T11:31:00-04:00,0.0,6.900000000000034,-2352.9600000000787,2024-04-30T16:00:00-04:00,0.0,9.449999999999932,-7452.959999999876,2024-05-01T16:00:00-04:00,0.0,10.0,-8452.96000000001,2024-05-02T16:00:00-04:00,0.0,,,2024-05-03T15:59:00-04:00,60.0,1.0,hit,5.0,hit,5.0,hit,4335.0,hit,4349.0,hit,4595.0,hit,4617.0,hit,99.0,hit,99.0,hit,105.0,hit,401.0,hit,402.0,hit,1452.0,hit,10.0,1070,True,True,True,True,,10.0,1070,True,True,True,True,,10.0,1070,True,True,True,True,,10.0,1070,True,True,True,True,,4335.0,2024-05-03T09:46:00-04:00,2.700000000000003,6047.039999999984,4336.0,2024-05-03T09:47:00-04:00,2.6999999999999957,6047.039999999998,4337.0,2024-05-03T09:48:00-04:00,2.799999999999997,5847.039999999995,4336.0,2024-05-03T09:47:00-04:00,2.6999999999999957,6047.039999999998,4349.0,2024-05-03T10:00:00-04:00,1.2999999999999972,8847.039999999995,4496.0,2024-05-03T12:27:00-04:00,1.9000000000000004,7647.039999999989,4497.0,2024-05-03T12:28:00-04:00,1.8500000000000014,7747.039999999986,4350.0,2024-05-03T10:01:00-04:00,2.950000000000003,5547.039999999984,4596.0,2024-05-03T14:07:00-04:00,0.9499999999999993,9547.039999999992,4597.0,2024-05-03T14:08:00-04:00,0.8500000000000005,9747.03999999999,4598.0,2024-05-03T14:09:00-04:00,0.8499999999999996,9747.039999999992,4597.0,2024-05-03T14:08:00-04:00,0.8500000000000005,9747.03999999999,4626.0,2024-05-03T14:37:00-04:00,0.4249999999999998,10597.03999999999,4654.0,2024-05-03T15:05:00-04:00,0.34999999999999987,10747.039999999992,4655.0,2024-05-03T15:06:00-04:00,0.34999999999999964,10747.039999999992,4627.0,2024-05-03T14:38:00-04:00,0.5,10447.03999999999,1798
2024-04-30,2024-05-03,3,7.0,2024-04-30T09:31:00-04:00,6.900000000000034,NDXP  240503P17950000,NDXP  240503P17940000,development,False,False,0,0,0,141,0,1456,available,False,2024-04-30T09:31:00-04:00,2024-05-03T16:00:00-04:00,10.0,-6352.959999999932,0.0,last_observed_quote_not_settlement,1037.0,1238,99,7.199999999999989,-852.9599999999084,2024-04-30T09:32:00-04:00,0.0,6.850000000000023,-152.95999999997656,2024-04-30T09:33:00-04:00,0.0,6.5,547.0400000000689,2024-04-30T09:36:00-04:00,0.0,6.9500000000000455,-352.96000000002203,2024-04-30T09:41:00-04:00,0.0,7.600000000000023,-1652.9599999999766,2024-04-30T09:46:00-04:00,0.0,6.550000000000011,447.0400000000462,2024-04-30T10:01:00-04:00,0.0,7.649999999999977,-1752.9599999998857,2024-04-30T10:31:00-04:00,0.0,6.800000000000011,-52.959999999953816,2024-04-30T11:31:00-04:00,0.0,7.150000000000034,-752.9599999999994,2024-04-30T16:00:00-04:00,0.0,,,2024-05-01T15:59:00-04:00,60.0,9.5,-5452.959999999933,2024-05-02T16:00:00-04:00,0.0,10.0,-6352.959999999932,2024-05-03T16:00:00-04:00,0.0,29.0,hit,29.0,hit,29.0,hit,29.0,hit,29.0,hit,402.0,hit,402.0,hit,3.0,hit,18.0,hit,1.0,hit,18.0,hit,18.0,hit,391.0,hit,9.300000000000068,16,True,True,True,True,,9.300000000000068,16,True,True,True,True,,9.650000000000091,323,True,True,True,True,,9.650000000000091,323,True,True,True,True,,29.0,2024-04-30T10:00:00-04:00,1.5,10547.04000000007,,,,,,,,,30.0,2024-04-30T10:01:00-04:00,6.550000000000011,447.0400000000462,29.0,2024-04-30T10:00:00-04:00,1.5,10547.04000000007,,,,,,,,,30.0,2024-04-30T10:01:00-04:00,6.550000000000011,447.0400000000462,402.0,2024-04-30T16:13:00-04:00,0.4500000000000455,12647.039999999979,,,,,,,,,403.0,2024-04-30T16:14:00-04:00,8.800000000000011,-4052.9599999999555,,,,,,,,,,,,,,,,,1799
2024-05-01,2024-05-03,2,5.0,2024-05-01T09:31:00-04:00,5.099999999999994,NDXP  240503P17390000,NDXP  240503P17380000,development,False,False,0,0,0,34,0,1165,available,False,2024-05-01T09:31:00-04:00,2024-05-03T15:59:00-04:00,0.0,9947.03999999999,1.0,last_observed_quote_not_settlement,1036.0,258,70,5.100000000000023,-252.96000000005614,2024-05-01T09:32:00-04:00,0.0,5.0,-52.96000000001066,2024-05-01T09:33:00-04:00,0.0,4.900000000000006,147.03999999997797,2024-05-01T09:36:00-04:00,0.0,5.050000000000011,-152.9600000000334,2024-05-01T09:41:00-04:00,0.0,4.850000000000023,247.03999999994383,2024-05-01T09:46:00-04:00,0.0,5.5,-1052.9600000000107,2024-05-01T10:01:00-04:00,0.0,5.299999999999983,-652.9599999999766,2024-05-01T10:31:00-04:00,0.0,5.449999999999989,-952.959999999988,2024-05-01T11:31:00-04:00,0.0,6.150000000000034,-2352.9600000000787,2024-05-01T16:00:00-04:00,0.0,2.200000000000003,5547.039999999984,2024-05-02T16:00:00-04:00,0.0,,,2024-05-03T15:59:00-04:00,60.0,,,,,0.0,hit,2.0,hit,78.0,hit,309.0,hit,330.0,hit,2880.0,hit,2880.0,hit,39.0,hit,201.0,hit,,never_hit,,never_hit,,never_hit,,never_hit,6.149999999999977,219,False,False,False,False,,6.149999999999977,219,False,False,False,False,,6.799999999999997,258,False,False,False,False,,6.799999999999997,258,False,False,False,False,,309.0,2024-05-01T14:40:00-04:00,2.9499999999999886,4047.040000000012,319.0,2024-05-01T14:50:00-04:00,2.4000000000000057,5147.039999999978,320.0,2024-05-01T14:51:00-04:00,2.6000000000000014,4747.039999999986,310.0,2024-05-01T14:41:00-04:00,3.1500000000000057,3647.039999999978,331.0,2024-05-01T15:02:00-04:00,1.8500000000000014,6247.039999999986,339.0,2024-05-01T15:10:00-04:00,1.9499999999999957,6047.039999999998,2882.0,2024-05-03T09:33:00-04:00,0.09999999999999987,9747.039999999992,332.0,2024-05-01T15:03:00-04:00,2.0999999999999943,5747.040000000001,2880.0,2024-05-03T09:31:00-04:00,0.07500000000000018,9797.03999999999,2881.0,2024-05-03T09:32:00-04:00,0.09999999999999987,9747.039999999992,2882.0,2024-05-03T09:33:00-04:00,0.09999999999999987,9747.039999999992,2881.0,2024-05-03T09:32:00-04:00,0.09999999999999987,9747.039999999992,2880.0,2024-05-03T09:31:00-04:00,0.07500000000000018,9797.03999999999,2881.0,2024-05-03T09:32:00-04:00,0.09999999999999987,9747.039999999992,2882.0,2024-05-03T09:33:00-04:00,0.09999999999999987,9747.039999999992,2881.0,2024-05-03T09:32:00-04:00,0.09999999999999987,9747.039999999992,1800
2024-05-01,2024-05-03,2,6.0,2024-05-01T09:31:00-04:00,5.950000000000017,NDXP  240503P17490000,NDXP  240503P17480000,development,False,False,0,0,1,0,0,1199,available,False,2024-05-01T09:31:00-04:00,2024-05-03T15:59:00-04:00,0.0,11647.040000000035,1.0,last_observed_quote_not_settlement,1036.0,321,94,8.0,-4352.959999999967,2024-05-01T09:32:00-04:00,0.0,4.899999999999977,1847.0400000000802,2024-05-01T09:33:00-04:00,0.0,5.600000000000023,447.03999999998933,2024-05-01T09:36:00-04:00,0.0,6.150000000000006,-652.9599999999766,2024-05-01T09:41:00-04:00,0.0,6.049999999999983,-452.9599999999311,2024-05-01T09:46:00-04:00,0.0,4.899999999999977,1847.0400000000802,2024-05-01T10:01:00-04:00,0.0,6.899999999999977,-2152.9599999999195,2024-05-01T10:31:00-04:00,0.0,6.400000000000006,-1152.9599999999766,2024-05-01T11:31:00-04:00,0.0,6.950000000000017,-2252.959999999999,2024-05-01T16:00:00-04:00,0.0,1.4000000000000057,8847.040000000025,2024-05-02T16:00:00-04:00,0.0,,,2024-05-03T15:59:00-04:00,60.0,,,,,2.0,hit,2.0,hit,29.0,hit,29.0,hit,333.0,hit,333.0,hit,2880.0,hit,1.0,hit,1.0,hit,1.0,hit,1.0,hit,269.0,hit,,never_hit,8.0,13,True,True,False,False,,9.300000000000011,235,True,True,True,True,,9.300000000000011,235,True,True,True,True,,9.300000000000011,321,True,True,True,True,,29.0,2024-05-01T10:00:00-04:00,2.4000000000000057,6847.040000000024,331.0,2024-05-01T15:02:00-04:00,2.75,6147.0400000000345,2882.0,2024-05-03T09:33:00-04:00,0.2749999999999999,11097.040000000035,30.0,2024-05-01T10:01:00-04:00,4.899999999999977,1847.0400000000802,333.0,2024-05-01T15:04:00-04:00,0.6999999999999957,10247.040000000045,2881.0,2024-05-03T09:32:00-04:00,0.25,11147.040000000035,2882.0,2024-05-03T09:33:00-04:00,0.2749999999999999,11097.040000000035,334.0,2024-05-01T15:05:00-04:00,4.950000000000017,1747.0400000000006,333.0,2024-05-01T15:04:00-04:00,0.6999999999999957,10247.040000000045,2881.0,2024-05-03T09:32:00-04:00,0.25,11147.040000000035,2882.0,2024-05-03T09:33:00-04:00,0.2749999999999999,11097.040000000035,334.0,2024-05-01T15:05:00-04:00,4.950000000000017,1747.0400000000006,2880.0,2024-05-03T09:31:00-04:00,0.17500000000000027,11297.040000000034,2881.0,2024-05-03T09:32:00-04:00,0.25,11147.040000000035,2882.0,2024-05-03T09:33:00-04:00,0.2749999999999999,11097.040000000035,2881.0,2024-05-03T09:32:00-04:00,0.25,11147.040000000035,1801
2024-05-01,2024-05-03,2,7.0,2024-05-01T09:31:00-04:00,6.949999999999989,NDXP  240503P17660000,NDXP  240503P17650000,development,False,False,0,0,0,15,0,1184,available,False,2024-05-01T09:31:00-04:00,2024-05-03T15:59:00-04:00,0.0,13647.039999999979,1.0,last_observed_quote_not_settlement,1036.0,587,83,7.399999999999977,-1152.9599999999766,2024-05-01T09:32:00-04:00,0.0,7.599999999999966,-1552.9599999999539,2024-05-01T09:33:00-04:00,0.0,6.349999999999966,947.0400000000461,2024-05-01T09:36:00-04:00,0.0,7.199999999999989,-752.9599999999994,2024-05-01T09:41:00-04:00,0.0,6.849999999999966,-52.959999999953816,2024-05-01T09:46:00-04:00,0.0,7.350000000000023,-1052.9600000000676,2024-05-01T10:01:00-04:00,0.0,8.100000000000023,-2552.960000000069,2024-05-01T10:31:00-04:00,0.0,7.75,-1852.960000000022,2024-05-01T11:31:00-04:00,0.0,8.650000000000034,-3652.960000000092,2024-05-01T16:00:00-04:00,0.0,6.800000000000011,47.039999999955235,2024-05-02T16:00:00-04:00,0.0,,,2024-05-03T15:59:00-04:00,60.0,,,,,280.0,hit,280.0,hit,280.0,hit,2880.0,hit,2880.0,hit,2894.0,hit,2905.0,hit,2.0,hit,3.0,hit,1.0,hit,3.0,hit,113.0,hit,,never_hit,9.399999999999977,587,True,True,True,True,,9.399999999999977,587,True,True,True,True,,9.399999999999977,587,True,True,True,True,,9.399999999999977,587,True,True,True,True,,2880.0,2024-05-03T09:31:00-04:00,1.1500000000000004,11347.039999999979,2881.0,2024-05-03T09:32:00-04:00,1.3499999999999996,10947.039999999979,2882.0,2024-05-03T09:33:00-04:00,1.5500000000000007,10547.039999999977,2881.0,2024-05-03T09:32:00-04:00,1.3499999999999996,10947.039999999979,2880.0,2024-05-03T09:31:00-04:00,1.1500000000000004,11347.039999999979,2881.0,2024-05-03T09:32:00-04:00,1.3499999999999996,10947.039999999979,2882.0,2024-05-03T09:33:00-04:00,1.5500000000000007,10547.039999999977,2881.0,2024-05-03T09:32:00-04:00,1.3499999999999996,10947.039999999979,2894.0,2024-05-03T09:45:00-04:00,0.9499999999999993,11747.03999999998,2895.0,2024-05-03T09:46:00-04:00,0.8000000000000007,12047.039999999977,2896.0,2024-05-03T09:47:00-04:00,0.8000000000000007,12047.039999999977,2895.0,2024-05-03T09:46:00-04:00,0.8000000000000007,12047.039999999977,2905.0,2024-05-03T09:56:00-04:00,0.4499999999999993,12747.03999999998,3004.0,2024-05-03T11:35:00-04:00,0.40000000000000036,12847.039999999979,3005.0,2024-05-03T11:36:00-04:00,0.40000000000000036,12847.039999999979,2906.0,2024-05-03T09:57:00-04:00,0.5999999999999996,12447.039999999979,1802
2024-05-03,2024-05-06,3,5.0,2024-05-03T09:31:00-04:00,5.0,NDXP  240506P17870000,NDXP  240506P17860000,development,False,False,0,0,0,1,0,794,available,False,2024-05-03T09:31:00-04:00,2024-05-06T16:00:00-04:00,4.5,747.0400000000006,0.0,last_observed_quote_not_settlement,3916.0,73,17,5.25,-752.9599999999994,2024-05-03T09:32:00-04:00,0.0,5.1000000000000085,-452.96000000001635,2024-05-03T09:33:00-04:00,0.0,5.650000000000006,-1552.9600000000107,2024-05-03T09:36:00-04:00,0.0,4.950000000000003,-152.96000000000498,2024-05-03T09:41:00-04:00,0.0,4.3500000000000085,1047.0399999999836,2024-05-03T09:46:00-04:00,0.0,4.450000000000017,847.0399999999665,2024-05-03T10:01:00-04:00,0.0,5.0,-252.9599999999993,2024-05-03T10:31:00-04:00,0.0,4.849999999999994,47.04000000001208,2024-05-03T11:31:00-04:00,0.0,4.449999999999996,847.0400000000092,2024-05-03T16:00:00-04:00,0.0,,,2024-05-03T16:15:00-04:00,85500.0,,,2024-05-03T16:15:00-04:00,171900.0,4.5,747.0400000000006,2024-05-06T16:00:00-04:00,0.0,0.0,hit,0.0,hit,14.0,hit,383.0,hit,4324.0,hit,4387.0,hit,4509.0,hit,5.0,hit,50.0,hit,,never_hit,,never_hit,,never_hit,,never_hit,6.25,73,False,False,False,False,,6.25,73,False,False,False,False,,6.25,73,False,False,False,False,,6.25,73,False,False,False,False,,383.0,2024-05-03T15:54:00-04:00,2.200000000000003,5347.039999999995,4321.0,2024-05-06T09:32:00-04:00,2.299999999999997,5147.040000000006,4322.0,2024-05-06T09:33:00-04:00,2.3000000000000007,5147.039999999999,384.0,2024-05-03T15:55:00-04:00,3.8500000000000014,2047.0399999999977,4324.0,2024-05-06T09:35:00-04:00,1.8000000000000007,6147.039999999999,4325.0,2024-05-06T09:36:00-04:00,1.5500000000000007,6647.039999999999,4326.0,2024-05-06T09:37:00-04:00,1.5999999999999996,6547.040000000002,4325.0,2024-05-06T09:36:00-04:00,1.5500000000000007,6647.039999999999,4387.0,2024-05-06T10:38:00-04:00,0.9000000000000004,7947.04,4421.0,2024-05-06T11:12:00-04:00,0.9499999999999993,7847.040000000002,4434.0,2024-05-06T11:25:00-04:00,0.9000000000000004,7947.04,4388.0,2024-05-06T10:39:00-04:00,1.0,7747.040000000001,4519.0,2024-05-06T12:50:00-04:00,0.29999999999999893,9147.040000000005,4528.0,2024-05-06T12:59:00-04:00,0.42500000000000027,8897.04,4529.0,2024-05-06T13:00:00-04:00,0.3999999999999999,8947.04,4520.0,2024-05-06T12:51:00-04:00,0.5500000000000007,8647.04,1803
2024-05-03,2024-05-06,3,6.0,2024-05-03T09:31:00-04:00,5.949999999999989,NDXP  240506P17940000,NDXP  240506P17930000,development,False,False,0,0,1,18,0,776,available,False,2024-05-03T09:31:00-04:00,2024-05-06T15:41:00-04:00,0.0,11647.039999999979,19.0,last_observed_quote_not_settlement,3916.0,137,59,6.349999999999966,-1052.9599999999539,2024-05-03T09:32:00-04:00,0.0,6.0,-352.96000000002203,2024-05-03T09:33:00-04:00,0.0,6.099999999999994,-552.9600000000107,2024-05-03T09:36:00-04:00,0.0,5.75,147.03999999997797,2024-05-03T09:41:00-04:00,0.0,5.550000000000011,547.0399999999552,2024-05-03T09:46:00-04:00,0.0,4.799999999999997,2047.0399999999836,2024-05-03T10:01:00-04:00,0.0,6.350000000000023,-1052.9600000000676,2024-05-03T10:31:00-04:00,0.0,6.450000000000017,-1252.9600000000562,2024-05-03T11:31:00-04:00,0.0,5.5,647.0399999999779,2024-05-03T16:00:00-04:00,0.0,,,2024-05-03T16:15:00-04:00,85500.0,,,2024-05-03T16:15:00-04:00,171900.0,,,2024-05-06T15:41:00-04:00,1140.0,16.0,hit,23.0,hit,4324.0,hit,4326.0,hit,4349.0,hit,4565.0,hit,4591.0,hit,3.0,hit,7.0,hit,7.0,hit,117.0,hit,117.0,hit,,never_hit,9.299999999999983,137,True,True,True,True,,9.299999999999983,137,True,True,True,True,,9.299999999999983,137,True,True,True,True,,9.299999999999983,137,True,True,True,True,,4327.0,2024-05-06T09:38:00-04:00,2.4499999999999993,6747.039999999979,4328.0,2024-05-06T09:39:00-04:00,2.650000000000002,6347.039999999974,4339.0,2024-05-06T09:50:00-04:00,2.6999999999999993,6247.039999999979,4328.0,2024-05-06T09:39:00-04:00,2.650000000000002,6347.039999999974,4349.0,2024-05-06T10:00:00-04:00,1.3999999999999986,8847.03999999998,4445.0,2024-05-06T11:36:00-04:00,1.75,8147.039999999978,4452.0,2024-05-06T11:43:00-04:00,1.8499999999999996,7947.039999999979,4350.0,2024-05-06T10:01:00-04:00,2.5,6647.039999999978,4572.0,2024-05-06T13:43:00-04:00,0.8499999999999996,9947.039999999979,4573.0,2024-05-06T13:44:00-04:00,0.9000000000000004,9847.039999999979,4574.0,2024-05-06T13:45:00-04:00,0.7000000000000002,10247.039999999979,4573.0,2024-05-06T13:44:00-04:00,0.9000000000000004,9847.039999999979,4592.0,2024-05-06T14:03:00-04:00,0.375,10897.039999999979,4593.0,2024-05-06T14:04:00-04:00,0.4249999999999998,10797.039999999979,4614.0,2024-05-06T14:25:00-04:00,0.2250000000000001,11197.039999999977,4593.0,2024-05-06T14:04:00-04:00,0.4249999999999998,10797.039999999979,1804
2024-05-03,2024-05-06,3,7.0,2024-05-03T09:31:00-04:00,7.0,NDXP  240506P17970000,NDXP  240506P17960000,development,False,False,0,0,0,4,0,790,available,False,2024-05-03T09:31:00-04:00,2024-05-06T15:59:00-04:00,0.0,13747.04,1.0,last_observed_quote_not_settlement,3916.0,73,48,6.650000000000006,447.03999999998933,2024-05-03T09:32:00-04:00,0.0,7.400000000000034,-1052.9600000000676,2024-05-03T09:33:00-04:00,0.0,7.049999999999983,-352.9599999999652,2024-05-03T09:36:00-04:00,0.0,7.150000000000006,-552.9600000000107,2024-05-03T09:41:00-04:00,0.0,5.899999999999977,1947.0400000000461,2024-05-03T09:46:00-04:00,0.0,6.300000000000011,1147.039999999978,2024-05-03T10:01:00-04:00,0.0,6.900000000000034,-52.9600000000675,2024-05-03T10:31:00-04:00,0.0,6.849999999999994,47.04000000001208,2024-05-03T11:31:00-04:00,0.0,8.049999999999997,-2352.9599999999955,2024-05-03T16:00:00-04:00,0.0,,,2024-05-03T16:15:00-04:00,85500.0,,,2024-05-03T16:15:00-04:00,171900.0,,,2024-05-06T15:59:00-04:00,60.0,14.0,hit,4324.0,hit,4326.0,hit,4349.0,hit,4562.0,hit,4592.0,hit,4637.0,hit,43.0,hit,389.0,hit,0.0,hit,389.0,hit,,never_hit,,never_hit,8.049999999999997,73,True,True,False,False,,8.049999999999997,73,True,True,False,False,,8.049999999999997,73,True,True,False,False,,8.049999999999997,73,True,True,False,False,,4349.0,2024-05-06T10:00:00-04:00,2.6999999999999993,8347.040000000003,4392.0,2024-05-06T10:43:00-04:00,2.7500000000000036,8247.039999999994,4446.0,2024-05-06T11:37:00-04:00,2.8500000000000014,8047.039999999998,4350.0,2024-05-06T10:01:00-04:00,3.3499999999999943,7047.040000000012,4565.0,2024-05-06T13:36:00-04:00,1.9499999999999993,9847.040000000003,4571.0,2024-05-06T13:42:00-04:00,1.8999999999999986,9947.040000000005,4572.0,2024-05-06T13:43:00-04:00,1.75,10247.04,4566.0,2024-05-06T13:37:00-04:00,2.0,9747.04,4608.0,2024-05-06T14:19:00-04:00,0.9499999999999993,11847.040000000003,4609.0,2024-05-06T14:20:00-04:00,0.8500000000000005,12047.04,4610.0,2024-05-06T14:21:00-04:00,0.9499999999999997,11847.04,4609.0,2024-05-06T14:20:00-04:00,0.8500000000000005,12047.04,4643.0,2024-05-06T14:54:00-04:00,0.40000000000000013,12947.04,4644.0,2024-05-06T14:55:00-04:00,0.3500000000000001,13047.04,4645.0,2024-05-06T14:56:00-04:00,0.30000000000000004,13147.040000000003,4644.0,2024-05-06T14:55:00-04:00,0.3500000000000001,13047.04,1805
2024-05-06,2024-05-08,2,5.0,2024-05-06T09:31:00-04:00,5.099999999999994,NDXP  240508P17970000,NDXP  240508P17960000,development,False,False,0,0,0,2,15,1198,available,False,2024-05-06T09:31:00-04:00,2024-05-08T16:00:00-04:00,0.0,9947.03999999999,0.0,last_observed_quote_not_settlement,1036.0,1,2,5.050000000000011,-152.9600000000334,2024-05-06T09:32:00-04:00,0.0,5.0,-52.96000000001066,2024-05-06T09:33:00-04:00,0.0,4.3999999999999915,1147.0400000000063,2024-05-06T09:36:00-04:00,0.0,4.300000000000011,1347.0399999999665,2024-05-06T09:41:00-04:00,0.0,4.300000000000011,1347.0399999999665,2024-05-06T09:46:00-04:00,0.0,3.950000000000003,2047.0399999999836,2024-05-06T10:01:00-04:00,0.0,4.099999999999994,1747.0400000000006,2024-05-06T10:31:00-04:00,0.0,4.0,1947.0399999999893,2024-05-06T11:31:00-04:00,0.0,2.549999999999997,4847.039999999995,2024-05-06T16:00:00-04:00,0.0,0.8500000000000014,8247.039999999988,2024-05-07T16:00:00-04:00,0.0,0.0,9947.03999999999,2024-05-08T16:00:00-04:00,0.0,,,,,0.0,hit,2.0,hit,7.0,hit,301.0,hit,1440.0,hit,1614.0,hit,2963.0,hit,,never_hit,,never_hit,,never_hit,,never_hit,,never_hit,,never_hit,5.200000000000003,1,False,False,False,False,,5.200000000000003,1,False,False,False,False,,5.200000000000003,1,False,False,False,False,,5.200000000000003,1,False,False,False,False,,327.0,2024-05-06T14:58:00-04:00,2.9499999999999957,4047.039999999998,374.0,2024-05-06T15:45:00-04:00,2.9000000000000057,4147.039999999978,379.0,2024-05-06T15:50:00-04:00,2.799999999999997,4347.039999999995,328.0,2024-05-06T14:59:00-04:00,3.1499999999999986,3647.0399999999922,1440.0,2024-05-07T09:31:00-04:00,1.75,6447.039999999989,1441.0,2024-05-07T09:32:00-04:00,1.6499999999999986,6647.039999999992,1442.0,2024-05-07T09:33:00-04:00,1.5500000000000007,6847.039999999988,1441.0,2024-05-07T09:32:00-04:00,1.6499999999999986,6647.039999999992,1829.0,2024-05-07T16:00:00-04:00,0.8500000000000014,8247.039999999988,2939.0,2024-05-08T10:30:00-04:00,0.8499999999999996,8247.039999999992,2940.0,2024-05-08T10:31:00-04:00,0.8999999999999995,8147.039999999991,1830.0,2024-05-07T16:01:00-04:00,1.3000000000000007,7347.039999999988,2964.0,2024-05-08T10:55:00-04:00,0.4499999999999993,9047.039999999992,3147.0,2024-05-08T13:58:00-04:00,0.34999999999999964,9247.039999999992,3148.0,2024-05-08T13:59:00-04:00,0.34999999999999987,9247.039999999992,2965.0,2024-05-08T10:56:00-04:00,0.6500000000000004,8647.03999999999,1806
2024-05-06,2024-05-08,2,6.0,2024-05-06T09:31:00-04:00,6.0,NDXP  240508P18030000,NDXP  240508P18020000,development,False,False,0,0,0,3,15,1197,available,False,2024-05-06T09:31:00-04:00,2024-05-08T15:57:00-04:00,0.0,11747.04,3.0,last_observed_quote_not_settlement,1036.0,2,4,5.950000000000017,-152.9600000000334,2024-05-06T09:32:00-04:00,0.0,5.949999999999989,-152.95999999997656,2024-05-06T09:33:00-04:00,0.0,5.700000000000003,347.039999999995,2024-05-06T09:36:00-04:00,0.0,5.25,1247.0400000000006,2024-05-06T09:41:00-04:00,0.0,5.200000000000003,1347.039999999995,2024-05-06T09:46:00-04:00,0.0,4.900000000000006,1947.0399999999893,2024-05-06T10:01:00-04:00,0.0,5.1000000000000085,1547.0399999999836,2024-05-06T10:31:00-04:00,0.0,5.050000000000011,1647.039999999978,2024-05-06T11:31:00-04:00,0.0,3.250000000000007,5247.039999999986,2024-05-06T16:00:00-04:00,0.0,2.349999999999998,7047.0400000000045,2024-05-07T16:00:00-04:00,0.0,,,2024-05-08T15:57:00-04:00,180.0,,,,,6.0,hit,8.0,hit,375.0,hit,1440.0,hit,1529.0,hit,3166.0,hit,3228.0,hit,,never_hit,,never_hit,,never_hit,,never_hit,,never_hit,,never_hit,6.400000000000006,2,False,False,False,False,,6.400000000000006,2,False,False,False,False,,6.400000000000006,2,False,False,False,False,,6.400000000000006,2,False,False,False,False,,1441.0,2024-05-07T09:32:00-04:00,2.5500000000000043,6647.039999999992,1442.0,2024-05-07T09:33:00-04:00,2.5,6747.040000000001,1443.0,2024-05-07T09:34:00-04:00,2.6000000000000014,6547.039999999998,1442.0,2024-05-07T09:33:00-04:00,2.5,6747.040000000001,1532.0,2024-05-07T11:03:00-04:00,1.9499999999999993,7847.040000000002,1542.0,2024-05-07T11:13:00-04:00,1.9499999999999993,7847.040000000002,1552.0,2024-05-07T11:23:00-04:00,1.8999999999999986,7947.040000000004,1533.0,2024-05-07T11:04:00-04:00,2.1499999999999986,7447.040000000004,3167.0,2024-05-08T14:18:00-04:00,0.9000000000000004,9947.04,3183.0,2024-05-08T14:34:00-04:00,0.9249999999999998,9897.040000000003,3198.0,2024-05-08T14:49:00-04:00,0.8250000000000002,10097.04,3168.0,2024-05-08T14:19:00-04:00,1.0,9747.04,3228.0,2024-05-08T15:19:00-04:00,0.44999999999999996,10847.04,3238.0,2024-05-08T15:29:00-04:00,0.32499999999999996,11097.04,3239.0,2024-05-08T15:30:00-04:00,0.4,10947.04,3229.0,2024-05-08T15:20:00-04:00,0.5499999999999998,10647.040000000003,1807
2024-05-06,2024-05-08,2,7.0,2024-05-06T09:31:00-04:00,7.0,NDXP  240508P18110000,NDXP  240508P18100000,development,False,False,0,0,0,1,15,1199,available,False,2024-05-06T09:31:00-04:00,2024-05-08T15:59:00-04:00,7.899999999999999,-2052.9599999999964,1.0,last_observed_quote_not_settlement,1036.0,225,73,7.249999999999972,-752.9599999999425,2024-05-06T09:32:00-04:00,0.0,7.049999999999983,-352.9599999999652,2024-05-06T09:33:00-04:00,0.0,7.949999999999989,-2152.9599999999764,2024-05-06T09:36:00-04:00,0.0,6.899999999999977,-52.959999999953816,2024-05-06T09:41:00-04:00,0.0,6.649999999999977,447.0400000000462,2024-05-06T09:46:00-04:00,0.0,5.900000000000006,1947.0399999999893,2024-05-06T10:01:00-04:00,0.0,6.550000000000011,647.0399999999779,2024-05-06T10:31:00-04:00,0.0,6.650000000000006,447.03999999998933,2024-05-06T11:31:00-04:00,0.0,4.799999999999983,4147.0400000000345,2024-05-06T16:00:00-04:00,0.0,5.199999999999996,3347.040000000009,2024-05-07T16:00:00-04:00,0.0,,,2024-05-08T15:59:00-04:00,60.0,,,,,312.0,hit,387.0,hit,1444.0,hit,1512.0,hit,1651.0,hit,,never_hit,,never_hit,5.0,hit,1830.0,hit,0.0,hit,1830.0,hit,3130.0,hit,3263.0,hit,7.949999999999989,41,True,False,False,False,,7.949999999999989,41,True,False,False,False,,,,True,True,True,False,5.900000000000006,,,True,True,True,False,5.900000000000006,1512.0,2024-05-07T10:43:00-04:00,2.9499999999999957,7847.040000000009,,,,,,,,,1513.0,2024-05-07T10:44:00-04:00,4.449999999999996,4847.040000000009,1651.0,2024-05-07T13:02:00-04:00,1.0999999999999943,11547.040000000014,,,,,,,,,1652.0,2024-05-07T13:03:00-04:00,3.700000000000003,6347.039999999995,,,,,,,,,,,,,,,,,,,,,,,,,,,,,,,,,1808
2024-05-06,2024-05-09,3,5.0,2024-05-06T09:31:00-04:00,5.049999999999997,NDXP  240509P17980000,NDXP  240509P17970000,development,False,False,0,0,0,3,0,1602,available,False,2024-05-06T09:31:00-04:00,2024-05-09T15:59:00-04:00,0.024999999999999994,9797.039999999995,1.0,last_observed_quote_not_settlement,1036.0,2,3,5.200000000000017,-552.9600000000391,2024-05-06T09:32:00-04:00,0.0,4.949999999999989,-52.95999999998224,2024-05-06T09:33:00-04:00,0.0,4.599999999999994,647.0400000000063,2024-05-06T09:36:00-04:00,0.0,4.25,1347.039999999995,2024-05-06T09:41:00-04:00,0.0,4.450000000000003,947.0399999999893,2024-05-06T09:46:00-04:00,0.0,4.250000000000014,1347.0399999999665,2024-05-06T10:01:00-04:00,0.0,4.349999999999994,1147.0400000000063,2024-05-06T10:31:00-04:00,0.0,4.199999999999989,1447.0400000000177,2024-05-06T11:31:00-04:00,0.0,2.75,4347.039999999995,2024-05-06T16:00:00-04:00,0.0,2.299999999999997,5247.040000000001,2024-05-07T16:00:00-04:00,0.0,1.8499999999999979,6147.039999999999,2024-05-08T16:00:00-04:00,0.0,,,2024-05-09T15:59:00-04:00,60.0,0.0,hit,2.0,hit,19.0,hit,221.0,hit,1469.0,hit,1559.0,hit,4412.0,hit,,never_hit,,never_hit,,never_hit,,never_hit,,never_hit,,never_hit,5.3999999999999915,2,False,False,False,False,,5.3999999999999915,2,False,False,False,False,,5.3999999999999915,2,False,False,False,False,,5.3999999999999915,2,False,False,False,False,,221.0,2024-05-06T13:12:00-04:00,2.9499999999999886,3947.0400000000177,386.0,2024-05-06T15:57:00-04:00,2.8500000000000014,4147.039999999992,387.0,2024-05-06T15:58:00-04:00,2.8500000000000014,4147.039999999992,222.0,2024-05-06T13:13:00-04:00,4.250000000000014,1347.0399999999665,1469.0,2024-05-07T10:00:00-04:00,1.4500000000000028,6947.039999999989,1526.0,2024-05-07T10:57:00-04:00,1.8500000000000014,6147.039999999992,1527.0,2024-05-07T10:58:00-04:00,1.8500000000000014,6147.039999999992,1470.0,2024-05-07T10:01:00-04:00,2.6000000000000085,4647.039999999978,1559.0,2024-05-07T11:30:00-04:00,0.75,8347.039999999995,4388.0,2024-05-09T10:39:00-04:00,0.7999999999999998,8247.039999999995,4392.0,2024-05-09T10:43:00-04:00,0.8999999999999986,8047.039999999998,1560.0,2024-05-07T11:31:00-04:00,2.0,5847.039999999995,4418.0,2024-05-09T11:09:00-04:00,0.40000000000000036,9047.039999999995,4440.0,2024-05-09T11:31:00-04:00,0.375,9097.039999999995,4441.0,2024-05-09T11:32:00-04:00,0.44999999999999973,8947.039999999995,4419.0,2024-05-09T11:10:00-04:00,0.47499999999999964,8897.039999999997,1809
2024-05-06,2024-05-09,3,6.0,2024-05-06T09:31:00-04:00,5.799999999999983,NDXP  240509P18060000,NDXP  240509P18050000,development,False,False,0,0,0,7,0,1598,available,False,2024-05-06T09:31:00-04:00,2024-05-09T16:00:00-04:00,0.05,11247.039999999968,0.0,last_observed_quote_not_settlement,1036.0,19,17,7.300000000000011,-3252.960000000056,2024-05-06T09:32:00-04:00,0.0,5.849999999999994,-352.96000000002203,2024-05-06T09:33:00-04:00,0.0,5.300000000000011,747.0399999999438,2024-05-06T09:36:00-04:00,0.0,5.550000000000011,247.03999999994383,2024-05-06T09:41:00-04:00,0.0,5.4500000000000455,447.03999999987565,2024-05-06T09:46:00-04:00,0.0,5.5,347.0399999999666,2024-05-06T10:01:00-04:00,0.0,5.400000000000006,547.0399999999552,2024-05-06T10:31:00-04:00,0.0,5.300000000000011,747.0399999999438,2024-05-06T11:31:00-04:00,0.0,3.8000000000000114,3747.039999999944,2024-05-06T16:00:00-04:00,0.0,4.0,3347.0399999999668,2024-05-07T16:00:00-04:00,0.0,3.6000000000000014,4147.039999999964,2024-05-08T16:00:00-04:00,0.0,0.05,11247.039999999968,2024-05-09T16:00:00-04:00,0.0,5.0,hit,55.0,hit,385.0,hit,1499.0,hit,1499.0,hit,4531.0,hit,4560.0,hit,1.0,hit,1.0,hit,1.0,hit,,never_hit,,never_hit,,never_hit,7.300000000000011,13,True,False,False,False,,7.300000000000011,13,True,False,False,False,,7.300000000000011,19,True,False,False,False,,7.300000000000011,19,True,False,False,False,,1499.0,2024-05-07T10:30:00-04:00,1.6000000000000227,8147.039999999922,1530.0,2024-05-07T11:01:00-04:00,2.9499999999999957,5447.039999999975,1531.0,2024-05-07T11:02:00-04:00,2.8499999999999943,5647.039999999978,1500.0,2024-05-07T10:31:00-04:00,3.8499999999999943,3647.039999999978,1499.0,2024-05-07T10:30:00-04:00,1.6000000000000227,8147.039999999922,4416.0,2024-05-09T11:07:00-04:00,1.8500000000000014,7647.039999999964,4417.0,2024-05-09T11:08:00-04:00,1.700000000000001,7947.0399999999645,1500.0,2024-05-07T10:31:00-04:00,3.8499999999999943,3647.039999999978,4531.0,2024-05-09T13:02:00-04:00,0.6500000000000004,10047.039999999966,4617.0,2024-05-09T14:28:00-04:00,0.8499999999999996,9647.039999999968,4618.0,2024-05-09T14:29:00-04:00,0.75,9847.039999999968,4532.0,2024-05-09T13:03:00-04:00,1.3000000000000007,8747.039999999966,4560.0,2024-05-09T13:31:00-04:00,0.3999999999999986,10547.03999999997,4641.0,2024-05-09T14:52:00-04:00,0.40000000000000036,10547.039999999966,4642.0,2024-05-09T14:53:00-04:00,0.3999999999999999,10547.039999999966,4561.0,2024-05-09T13:32:00-04:00,1.2999999999999998,8747.039999999968,1810
2024-05-06,2024-05-09,3,7.0,2024-05-06T09:31:00-04:00,6.950000000000017,NDXP  240509P18120000,NDXP  240509P18110000,development,False,False,0,0,0,0,0,1605,available,False,2024-05-06T09:31:00-04:00,2024-05-09T16:00:00-04:00,0.47499999999999964,12697.040000000037,0.0,last_observed_quote_not_settlement,1036.0,49,29,6.25,1147.0400000000348,2024-05-06T09:32:00-04:00,0.0,6.5,647.0400000000348,2024-05-06T09:33:00-04:00,0.0,6.900000000000034,-152.9600000000334,2024-05-06T09:36:00-04:00,0.0,6.399999999999977,847.0400000000802,2024-05-06T09:41:00-04:00,0.0,7.149999999999977,-652.9599999999198,2024-05-06T09:46:00-04:00,0.0,6.0,1647.0400000000348,2024-05-06T10:01:00-04:00,0.0,6.400000000000006,847.0400000000234,2024-05-06T10:31:00-04:00,0.0,6.300000000000011,1047.040000000012,2024-05-06T11:31:00-04:00,0.0,4.800000000000011,4047.040000000012,2024-05-06T16:00:00-04:00,0.0,6.849999999999994,-52.959999999953816,2024-05-07T16:00:00-04:00,0.0,5.399999999999999,2847.0400000000377,2024-05-08T16:00:00-04:00,0.0,0.47499999999999964,12697.040000000037,2024-05-09T16:00:00-04:00,0.0,297.0,hit,385.0,hit,1526.0,hit,1651.0,hit,4709.0,hit,4709.0,hit,4709.0,hit,2884.0,hit,4339.0,hit,9.0,hit,4339.0,hit,,never_hit,,never_hit,7.150000000000006,5,True,False,False,False,,8.049999999999997,49,True,True,False,False,,8.049999999999997,49,True,True,False,False,,8.049999999999997,49,True,True,False,False,,1651.0,2024-05-07T13:02:00-04:00,2.3499999999999943,8947.040000000046,4642.0,2024-05-09T14:53:00-04:00,2.599999999999998,8447.040000000039,4643.0,2024-05-09T14:54:00-04:00,2.4499999999999993,8747.040000000037,1652.0,2024-05-07T13:03:00-04:00,4.0,5647.0400000000345,4709.0,2024-05-09T16:00:00-04:00,0.47499999999999964,12697.040000000037,,,,,,,,,,,,,4709.0,2024-05-09T16:00:00-04:00,0.47499999999999964,12697.040000000037,,,,,,,,,,,,,,,,,,,,,,,,,,,,,1811
2024-05-07,2024-05-09,2,5.0,2024-05-07T09:31:00-04:00,5.1000000000000085,NDXP  240509P18130000,NDXP  240509P18120000,development,False,False,0,0,0,1,15,1199,available,False,2024-05-07T09:31:00-04:00,2024-05-09T16:00:00-04:00,2.2750000000000004,5397.040000000017,0.0,last_observed_quote_not_settlement,1036.0,721,110,4.299999999999997,1347.0400000000234,2024-05-07T09:32:00-04:00,0.0,4.449999999999989,1047.0400000000404,2024-05-07T09:33:00-04:00,0.0,4.599999999999994,747.0400000000291,2024-05-07T09:36:00-04:00,0.0,4.550000000000011,847.039999999995,2024-05-07T09:41:00-04:00,0.0,4.550000000000011,847.039999999995,2024-05-07T09:46:00-04:00,0.0,5.049999999999997,-152.95999999997656,2024-05-07T10:01:00-04:00,0.0,5.0,-52.95999999998224,2024-05-07T10:31:00-04:00,0.0,4.1000000000000085,1747.0400000000006,2024-05-07T11:31:00-04:00,0.0,5.349999999999994,-752.9599999999709,2024-05-07T16:00:00-04:00,0.0,5.700000000000003,-1452.959999999988,2024-05-08T16:00:00-04:00,0.0,2.2750000000000004,5397.040000000017,2024-05-09T16:00:00-04:00,0.0,,,,,0.0,hit,1.0,hit,59.0,hit,3207.0,hit,,never_hit,,never_hit,,never_hit,297.0,hit,1440.0,hit,1440.0,hit,2892.0,hit,3258.0,hit,3265.0,hit,8.450000000000003,675,True,True,False,False,,,,True,True,True,False,2.9000000000000092,,,True,True,True,False,2.9000000000000092,,,True,True,True,False,2.9000000000000092,3207.0,2024-05-09T14:58:00-04:00,2.1999999999999993,5547.040000000019,,,,,,,,,3208.0,2024-05-09T14:59:00-04:00,3.1999999999999993,3547.040000000019,,,,,,,,,,,,,,,,,,,,,,,,,,,,,,,,,,,,,,,,,,,,,,,,,1812
2024-05-07,2024-05-09,2,6.0,2024-05-07T09:31:00-04:00,5.949999999999989,NDXP  240509P18180000,NDXP  240509P18170000,development,False,False,0,0,0,10,15,1190,available,False,2024-05-07T09:31:00-04:00,2024-05-09T16:00:00-04:00,9.350000000000001,-7052.960000000026,0.0,last_observed_quote_not_settlement,1036.0,915,58,3.700000000000003,4247.039999999973,2024-05-07T09:32:00-04:00,0.0,5.400000000000006,847.0399999999665,2024-05-07T09:33:00-04:00,0.0,5.299999999999997,1047.0399999999836,2024-05-07T09:36:00-04:00,0.0,4.800000000000011,2047.0399999999554,2024-05-07T09:41:00-04:00,0.0,5.900000000000006,-152.9600000000334,2024-05-07T09:46:00-04:00,0.0,6.200000000000003,-752.9600000000278,2024-05-07T10:01:00-04:00,0.0,6.250000000000014,-852.9600000000505,2024-05-07T10:31:00-04:00,0.0,4.950000000000003,1747.0399999999722,2024-05-07T11:31:00-04:00,0.0,6.849999999999994,-2052.9600000000105,2024-05-07T16:00:00-04:00,0.0,7.349999999999994,-3052.9600000000105,2024-05-08T16:00:00-04:00,0.0,9.350000000000001,-7052.960000000026,2024-05-09T16:00:00-04:00,0.0,,,,,1.0,hit,1.0,hit,1.0,hit,,never_hit,,never_hit,,never_hit,,never_hit,22.0,hit,1440.0,hit,1440.0,hit,1440.0,hit,2882.0,hit,2897.0,hit,,,True,True,True,False,2.3499999999999943,,,True,True,True,False,2.3499999999999943,,,True,True,True,False,2.3499999999999943,,,True,True,True,False,2.3499999999999943,,,,,,,,,,,,,,,,,,,,,,,,,,,,,,,,,,,,,,,,,,,,,,,,,,,,,,,,,,,,,,,,,1813
2024-05-07,2024-05-09,2,7.0,2024-05-07T09:31:00-04:00,7.5,NDXP  240509P18170000,NDXP  240509P18160000,development,False,False,0,0,0,5,15,1195,available,False,2024-05-07T09:31:00-04:00,2024-05-09T16:00:00-04:00,9.950000000000003,-5152.96,0.0,last_observed_quote_not_settlement,1036.0,336,85,5.3500000000000085,4047.0399999999836,2024-05-07T09:32:00-04:00,0.0,5.450000000000003,3847.039999999995,2024-05-07T09:33:00-04:00,0.0,5.549999999999997,3647.0400000000063,2024-05-07T09:36:00-04:00,0.0,5.049999999999997,4647.040000000006,2024-05-07T09:41:00-04:00,0.0,5.25,4247.040000000001,2024-05-07T09:46:00-04:00,0.0,6.000000000000014,2747.039999999972,2024-05-07T10:01:00-04:00,0.0,6.1000000000000085,2547.0399999999836,2024-05-07T10:31:00-04:00,0.0,5.1000000000000085,4547.039999999984,2024-05-07T11:31:00-04:00,0.0,6.0,2747.040000000001,2024-05-07T16:00:00-04:00,0.0,7.0,747.0400000000006,2024-05-08T16:00:00-04:00,0.0,9.950000000000003,-5152.96,2024-05-09T16:00:00-04:00,0.0,,,,,1.0,hit,6.0,hit,229.0,hit,,never_hit,,never_hit,,never_hit,,never_hit,1440.0,hit,1442.0,hit,0.0,hit,1440.0,hit,2891.0,hit,2899.0,hit,,,True,True,True,False,3.8000000000000114,,,True,True,True,False,3.8000000000000114,,,True,True,True,False,3.8000000000000114,,,True,True,True,False,3.8000000000000114,,,,,,,,,,,,,,,,,,,,,,,,,,,,,,,,,,,,,,,,,,,,,,,,,,,,,,,,,,,,,,,,,1814
2024-05-07,2024-05-10,3,5.0,2024-05-07T09:31:00-04:00,5.0,NDXP  240510P18140000,NDXP  240510P18130000,development,False,False,0,0,0,0,0,1605,available,False,2024-05-07T09:31:00-04:00,2024-05-10T16:00:00-04:00,0.9,7947.04,0.0,last_observed_quote_not_settlement,1036.0,862,135,4.550000000000011,647.0399999999779,2024-05-07T09:32:00-04:00,0.0,4.599999999999994,547.040000000012,2024-05-07T09:33:00-04:00,0.0,4.599999999999994,547.040000000012,2024-05-07T09:36:00-04:00,0.0,4.949999999999989,-152.95999999997656,2024-05-07T09:41:00-04:00,0.0,4.800000000000011,147.03999999997797,2024-05-07T09:46:00-04:00,0.0,5.200000000000003,-652.960000000005,2024-05-07T10:01:00-04:00,0.0,5.200000000000017,-652.9600000000335,2024-05-07T10:31:00-04:00,0.0,4.300000000000011,1147.039999999978,2024-05-07T11:31:00-04:00,0.0,5.050000000000011,-352.96000000002203,2024-05-07T16:00:00-04:00,0.0,4.8500000000000085,47.03999999998366,2024-05-08T16:00:00-04:00,0.0,4.449999999999996,847.0400000000092,2024-05-09T16:00:00-04:00,0.0,0.9,7947.04,2024-05-10T16:00:00-04:00,0.0,0.0,hit,0.0,hit,72.0,hit,119.0,hit,4324.0,hit,4686.0,hit,4703.0,hit,266.0,hit,1440.0,hit,1441.0,hit,1446.0,hit,1446.0,hit,1446.0,hit,5.400000000000006,33,False,False,False,False,,9.849999999999994,800,True,True,True,True,,9.849999999999994,862,True,True,True,True,,9.849999999999994,862,True,True,True,True,,119.0,2024-05-07T11:30:00-04:00,2.75,4247.040000000001,4322.0,2024-05-10T09:33:00-04:00,2.900000000000002,3947.0399999999963,4323.0,2024-05-10T09:34:00-04:00,2.5500000000000043,4647.039999999992,120.0,2024-05-07T11:31:00-04:00,4.300000000000011,1147.039999999978,4324.0,2024-05-10T09:35:00-04:00,1.9000000000000021,5947.039999999996,4331.0,2024-05-10T09:42:00-04:00,1.8500000000000014,6047.039999999998,4332.0,2024-05-10T09:43:00-04:00,1.8000000000000007,6147.039999999999,4325.0,2024-05-10T09:36:00-04:00,2.6999999999999993,4347.040000000002,4686.0,2024-05-10T15:37:00-04:00,0.825,8097.04,4703.0,2024-05-10T15:54:00-04:00,0.47499999999999987,8797.040000000003,4704.0,2024-05-10T15:55:00-04:00,0.15000000000000002,9447.04,4687.0,2024-05-10T15:38:00-04:00,1.0750000000000002,7597.04,4704.0,2024-05-10T15:55:00-04:00,0.15000000000000002,9447.04,4705.0,2024-05-10T15:56:00-04:00,0.07500000000000001,9597.04,4706.0,2024-05-10T15:57:00-04:00,0.07500000000000001,9597.04,4705.0,2024-05-10T15:56:00-04:00,0.07500000000000001,9597.04,1815
2024-05-07,2024-05-10,3,6.0,2024-05-07T09:31:00-04:00,6.349999999999994,NDXP  240510P18220000,NDXP  240510P18210000,development,False,False,0,0,0,13,0,1592,available,False,2024-05-07T09:31:00-04:00,2024-05-10T16:00:00-04:00,8.399999999999991,-4352.9599999999955,0.0,last_observed_quote_not_settlement,1036.0,1303,76,6.200000000000017,47.039999999955235,2024-05-07T09:32:00-04:00,0.0,7.699999999999989,-2952.9599999999878,2024-05-07T09:33:00-04:00,0.0,7.050000000000011,-1652.9600000000335,2024-05-07T09:36:00-04:00,0.0,6.549999999999983,-652.9599999999766,2024-05-07T09:41:00-04:00,0.0,5.5,1447.0399999999893,2024-05-07T09:46:00-04:00,0.0,6.649999999999977,-852.9599999999652,2024-05-07T10:01:00-04:00,0.0,7.200000000000017,-1952.9600000000448,2024-05-07T10:31:00-04:00,0.0,5.899999999999977,647.0400000000348,2024-05-07T11:31:00-04:00,0.0,7.049999999999983,-1652.9599999999766,2024-05-07T16:00:00-04:00,0.0,7.25,-2052.9600000000105,2024-05-08T16:00:00-04:00,0.0,7.800000000000011,-3152.9600000000332,2024-05-09T16:00:00-04:00,0.0,8.399999999999991,-4352.9599999999955,2024-05-10T16:00:00-04:00,0.0,15.0,hit,88.0,hit,88.0,hit,,never_hit,,never_hit,,never_hit,,never_hit,2.0,hit,2.0,hit,2.0,hit,308.0,hit,1443.0,hit,4403.0,hit,,,True,True,True,False,2.899999999999995,,,True,True,True,False,2.899999999999995,,,True,True,True,False,2.899999999999995,,,True,True,True,False,2.899999999999995,,,,,,,,,,,,,,,,,,,,,,,,,,,,,,,,,,,,,,,,,,,,,,,,,,,,,,,,,,,,,,,,,1816
2024-05-07,2024-05-10,3,7.0,2024-05-07T09:31:00-04:00,6.949999999999989,NDXP  240510P18330000,NDXP  240510P18320000,development,False,False,0,0,0,79,0,1526,available,False,2024-05-07T09:31:00-04:00,2024-05-10T16:00:00-04:00,10.0,-6252.960000000023,0.0,last_observed_quote_not_settlement,1036.0,1474,14,7.599999999999994,-1552.9600000000107,2024-05-07T09:32:00-04:00,0.0,7.350000000000023,-1052.9600000000676,2024-05-07T09:33:00-04:00,0.0,6.900000000000006,-152.9600000000334,2024-05-07T09:36:00-04:00,0.0,7.649999999999977,-1652.9599999999766,2024-05-07T09:41:00-04:00,0.0,7.350000000000023,-1052.9600000000676,2024-05-07T09:46:00-04:00,0.0,7.800000000000011,-1952.9600000000448,2024-05-07T10:01:00-04:00,0.0,7.900000000000034,-2152.96000000009,2024-05-07T10:31:00-04:00,0.0,6.25,1147.039999999978,2024-05-07T11:31:00-04:00,0.0,7.649999999999977,-1652.9599999999766,2024-05-07T16:00:00-04:00,0.0,8.949999999999989,-4252.960000000001,2024-05-08T16:00:00-04:00,0.0,,,2024-05-09T15:59:00-04:00,60.0,10.0,-6252.960000000023,2024-05-10T16:00:00-04:00,0.0,,never_hit,,never_hit,,never_hit,,never_hit,,never_hit,,never_hit,,never_hit,1.0,hit,6.0,hit,1.0,hit,6.0,hit,308.0,hit,1447.0,hit,,,True,True,True,False,0.8499999999999943,,,True,True,True,False,0.8499999999999943,,,True,True,True,False,0.8499999999999943,,,True,True,True,False,0.8499999999999943,,,,,,,,,,,,,,,,,,,,,,,,,,,,,,,,,,,,,,,,,,,,,,,,,,,,,,,,,,,,,,,,,1817
2024-05-08,2024-05-10,2,5.0,2024-05-08T09:31:00-04:00,4.949999999999989,NDXP  240510P18100000,NDXP  240510P18090000,development,False,False,0,0,0,2,0,1198,available,False,2024-05-08T09:31:00-04:00,2024-05-10T15:59:00-04:00,0.0,9647.039999999979,1.0,last_observed_quote_not_settlement,1036.0,214,92,5.050000000000011,-452.9600000000448,2024-05-08T09:32:00-04:00,0.0,6.699999999999989,-3752.959999999999,2024-05-08T09:33:00-04:00,0.0,6.099999999999994,-2552.9600000000105,2024-05-08T09:36:00-04:00,0.0,5.6000000000000085,-1552.9600000000391,2024-05-08T09:41:00-04:00,0.0,4.400000000000006,847.0399999999665,2024-05-08T09:46:00-04:00,0.0,4.700000000000017,247.03999999994383,2024-05-08T10:01:00-04:00,0.0,4.199999999999989,1247.0400000000006,2024-05-08T10:31:00-04:00,0.0,4.6000000000000085,447.0399999999609,2024-05-08T11:31:00-04:00,0.0,4.700000000000017,247.03999999994383,2024-05-08T16:00:00-04:00,0.0,4.549999999999997,547.0399999999836,2024-05-09T16:00:00-04:00,0.0,,,2024-05-10T15:59:00-04:00,60.0,,,,,0.0,hit,0.0,hit,72.0,hit,1844.0,hit,2881.0,hit,2898.0,hit,3206.0,hit,2.0,hit,2.0,hit,,never_hit,,never_hit,,never_hit,,never_hit,6.699999999999989,213,False,False,False,False,,6.699999999999989,213,False,False,False,False,,6.699999999999989,213,False,False,False,False,,6.699999999999989,214,False,False,False,False,,1844.0,2024-05-09T16:15:00-04:00,2.25,5147.039999999978,2881.0,2024-05-10T09:32:00-04:00,1.9000000000000021,5847.039999999974,2882.0,2024-05-10T09:33:00-04:00,1.7500000000000018,6147.0399999999745,,,,,2881.0,2024-05-10T09:32:00-04:00,1.9000000000000021,5847.039999999974,2882.0,2024-05-10T09:33:00-04:00,1.7500000000000018,6147.0399999999745,2883.0,2024-05-10T09:34:00-04:00,1.6499999999999986,6347.039999999981,2882.0,2024-05-10T09:33:00-04:00,1.7500000000000018,6147.0399999999745,2898.0,2024-05-10T09:49:00-04:00,0.9000000000000004,7847.039999999977,2899.0,2024-05-10T09:50:00-04:00,0.9000000000000004,7847.039999999977,3168.0,2024-05-10T14:19:00-04:00,0.7750000000000004,8097.039999999977,2899.0,2024-05-10T09:50:00-04:00,0.9000000000000004,7847.039999999977,3206.0,2024-05-10T14:57:00-04:00,0.44999999999999973,8747.039999999979,3217.0,2024-05-10T15:08:00-04:00,0.44999999999999996,8747.039999999979,3218.0,2024-05-10T15:09:00-04:00,0.44999999999999996,8747.039999999979,3207.0,2024-05-10T14:58:00-04:00,0.6499999999999999,8347.039999999979,1818
2024-05-08,2024-05-10,2,6.0,2024-05-08T09:31:00-04:00,5.700000000000017,NDXP  240510P18080000,NDXP  240510P18070000,development,False,False,0,0,0,3,0,1197,available,False,2024-05-08T09:31:00-04:00,2024-05-10T16:00:00-04:00,0.0,11147.040000000035,0.0,last_observed_quote_not_settlement,1036.0,18,15,6.150000000000006,-1152.9599999999766,2024-05-08T09:32:00-04:00,0.0,5.849999999999994,-552.9599999999539,2024-05-08T09:33:00-04:00,0.0,5.75,-352.9599999999652,2024-05-08T09:36:00-04:00,0.0,5.400000000000006,347.04000000002344,2024-05-08T09:41:00-04:00,0.0,5.099999999999994,947.0400000000461,2024-05-08T09:46:00-04:00,0.0,4.5,2147.040000000035,2024-05-08T10:01:00-04:00,0.0,3.8500000000000085,3447.0400000000177,2024-05-08T10:31:00-04:00,0.0,4.300000000000011,2547.0400000000122,2024-05-08T11:31:00-04:00,0.0,4.299999999999997,2547.0400000000404,2024-05-08T16:00:00-04:00,0.0,3.4000000000000057,4347.040000000024,2024-05-09T16:00:00-04:00,0.0,0.0,11147.040000000035,2024-05-10T16:00:00-04:00,0.0,,,,,4.0,hit,16.0,hit,58.0,hit,105.0,hit,2880.0,hit,2884.0,hit,3162.0,hit,7.0,hit,7.0,hit,7.0,hit,,never_hit,,never_hit,,never_hit,7.200000000000003,9,True,False,False,False,,7.450000000000003,18,True,False,False,False,,7.450000000000003,18,True,False,False,False,,7.450000000000003,18,True,False,False,False,,105.0,2024-05-08T11:16:00-04:00,2.8499999999999943,5447.040000000046,1840.0,2024-05-09T16:11:00-04:00,2.8000000000000007,5547.040000000034,1841.0,2024-05-09T16:12:00-04:00,2.700000000000003,5747.040000000029,106.0,2024-05-08T11:17:00-04:00,4.599999999999994,1947.0400000000461,2880.0,2024-05-10T09:31:00-04:00,1.9499999999999993,7247.040000000036,2881.0,2024-05-10T09:32:00-04:00,1.450000000000001,8247.040000000034,2882.0,2024-05-10T09:33:00-04:00,1.4499999999999993,8247.040000000037,2881.0,2024-05-10T09:32:00-04:00,1.450000000000001,8247.040000000034,2884.0,2024-05-10T09:35:00-04:00,0.9000000000000004,9347.040000000035,2892.0,2024-05-10T09:43:00-04:00,0.8000000000000007,9547.040000000034,2897.0,2024-05-10T09:48:00-04:00,0.9000000000000004,9347.040000000035,2885.0,2024-05-10T09:36:00-04:00,1.4000000000000004,8347.040000000035,3197.0,2024-05-10T14:48:00-04:00,0.4249999999999998,10297.040000000035,3198.0,2024-05-10T14:49:00-04:00,0.32499999999999973,10497.040000000035,3199.0,2024-05-10T14:50:00-04:00,0.42500000000000027,10297.040000000034,3198.0,2024-05-10T14:49:00-04:00,0.32499999999999973,10497.040000000035,1819
2024-05-08,2024-05-10,2,7.0,2024-05-08T09:31:00-04:00,6.899999999999977,NDXP  240510P18130000,NDXP  240510P18120000,development,False,False,0,0,0,3,0,1197,available,False,2024-05-08T09:31:00-04:00,2024-05-10T15:57:00-04:00,0.04999999999999999,13447.039999999957,3.0,last_observed_quote_not_settlement,1036.0,9,14,6.0,1547.0399999999552,2024-05-08T09:32:00-04:00,0.0,6.849999999999994,-152.9600000000334,2024-05-08T09:33:00-04:00,0.0,6.349999999999994,847.0399999999665,2024-05-08T09:36:00-04:00,0.0,6.599999999999966,347.04000000002344,2024-05-08T09:41:00-04:00,0.0,6.300000000000011,947.0399999999324,2024-05-08T09:46:00-04:00,0.0,5.750000000000014,2047.0399999999267,2024-05-08T10:01:00-04:00,0.0,4.75,4047.0399999999554,2024-05-08T10:31:00-04:00,0.0,5.25,3047.0399999999554,2024-05-08T11:31:00-04:00,0.0,5.3999999999999915,2747.039999999972,2024-05-08T16:00:00-04:00,0.0,4.799999999999997,3947.039999999961,2024-05-09T16:00:00-04:00,0.0,,,2024-05-10T15:57:00-04:00,180.0,,,,,6.0,hit,6.0,hit,6.0,hit,2881.0,hit,2884.0,hit,3229.0,hit,3246.0,hit,,never_hit,,never_hit,3.0,hit,,never_hit,,never_hit,,never_hit,7.150000000000006,9,True,False,False,False,,7.150000000000006,9,True,False,False,False,,7.150000000000006,9,True,False,False,False,,7.150000000000006,9,True,False,False,False,,2881.0,2024-05-10T09:32:00-04:00,2.599999999999998,8347.03999999996,2882.0,2024-05-10T09:33:00-04:00,2.400000000000002,8747.039999999952,2883.0,2024-05-10T09:34:00-04:00,2.299999999999997,8947.039999999963,2882.0,2024-05-10T09:33:00-04:00,2.400000000000002,8747.039999999952,2884.0,2024-05-10T09:35:00-04:00,1.8499999999999979,9847.03999999996,2888.0,2024-05-10T09:39:00-04:00,1.8999999999999986,9747.039999999959,2889.0,2024-05-10T09:40:00-04:00,1.9499999999999993,9647.039999999957,2885.0,2024-05-10T09:36:00-04:00,2.4499999999999993,8647.039999999957,3229.0,2024-05-10T15:20:00-04:00,0.8000000000000007,11947.039999999955,3232.0,2024-05-10T15:23:00-04:00,0.75,12047.039999999955,3233.0,2024-05-10T15:24:00-04:00,0.7999999999999998,11947.039999999957,3230.0,2024-05-10T15:21:00-04:00,1.0999999999999996,11347.039999999957,3246.0,2024-05-10T15:37:00-04:00,0.42500000000000004,12697.039999999957,3263.0,2024-05-10T15:54:00-04:00,0.20000000000000007,13147.039999999955,3264.0,2024-05-10T15:55:00-04:00,0.09999999999999998,13347.039999999955,3247.0,2024-05-10T15:38:00-04:00,0.5499999999999998,12447.039999999957,1820
2024-05-10,2024-05-13,3,5.0,2024-05-10T09:31:00-04:00,4.900000000000006,NDXP  240513P18180000,NDXP  240513P18170000,development,False,False,0,0,0,0,0,795,available,False,2024-05-10T09:31:00-04:00,2024-05-13T16:00:00-04:00,0.0,9547.040000000014,0.0,last_observed_quote_not_settlement,3916.0,343,44,4.399999999999999,747.0400000000149,2024-05-10T09:32:00-04:00,0.0,4.25,1047.040000000012,2024-05-10T09:33:00-04:00,0.0,4.050000000000004,1447.0400000000036,2024-05-10T09:36:00-04:00,0.0,3.5,2547.0400000000122,2024-05-10T09:41:00-04:00,0.0,3.450000000000003,2647.0400000000063,2024-05-10T09:46:00-04:00,0.0,3.75,2047.0400000000122,2024-05-10T10:01:00-04:00,0.0,5.900000000000006,-2252.959999999999,2024-05-10T10:31:00-04:00,0.0,5.5,-1452.959999999988,2024-05-10T11:31:00-04:00,0.0,5.149999999999999,-752.9599999999851,2024-05-10T16:00:00-04:00,0.0,,,2024-05-10T16:15:00-04:00,85500.0,,,2024-05-10T16:15:00-04:00,171900.0,0.0,9547.040000000014,2024-05-13T16:00:00-04:00,0.0,0.0,hit,0.0,hit,3.0,hit,36.0,hit,36.0,hit,36.0,hit,4702.0,hit,40.0,hit,58.0,hit,61.0,hit,,never_hit,,never_hit,,never_hit,4.900000000000006,0,False,False,False,False,,4.900000000000006,0,False,False,False,False,,4.900000000000006,0,False,False,False,False,,7.599999999999998,343,True,False,False,False,,36.0,2024-05-10T10:07:00-04:00,0.7999999999999972,7947.040000000018,4321.0,2024-05-13T09:32:00-04:00,2.4499999999999957,4647.040000000021,4322.0,2024-05-13T09:33:00-04:00,2.8000000000000043,3947.0400000000036,37.0,2024-05-10T10:08:00-04:00,4.0,1547.040000000012,36.0,2024-05-10T10:07:00-04:00,0.7999999999999972,7947.040000000018,4666.0,2024-05-13T15:17:00-04:00,1.8500000000000005,5847.040000000011,4667.0,2024-05-13T15:18:00-04:00,1.7000000000000002,6147.040000000012,37.0,2024-05-10T10:08:00-04:00,4.0,1547.040000000012,36.0,2024-05-10T10:07:00-04:00,0.7999999999999972,7947.040000000018,4694.0,2024-05-13T15:45:00-04:00,0.7249999999999999,8097.040000000013,4703.0,2024-05-13T15:54:00-04:00,0.32499999999999996,8897.040000000012,37.0,2024-05-10T10:08:00-04:00,4.0,1547.040000000012,4702.0,2024-05-13T15:53:00-04:00,0.32500000000000007,8897.040000000012,4703.0,2024-05-13T15:54:00-04:00,0.32499999999999996,8897.040000000012,4704.0,2024-05-13T15:55:00-04:00,0.17500000000000004,9197.040000000014,4703.0,2024-05-13T15:54:00-04:00,0.32499999999999996,8897.040000000012,1821
2024-05-10,2024-05-13,3,6.0,2024-05-10T09:31:00-04:00,6.049999999999983,NDXP  240513P18230000,NDXP  240513P18220000,development,False,False,0,0,0,3,0,792,available,False,2024-05-10T09:31:00-04:00,2024-05-13T15:59:00-04:00,10.0,-8052.960000000034,1.0,last_observed_quote_not_settlement,3916.0,610,56,5.349999999999994,1147.039999999978,2024-05-10T09:32:00-04:00,0.0,5.349999999999994,1147.039999999978,2024-05-10T09:33:00-04:00,0.0,5.099999999999994,1647.039999999978,2024-05-10T09:36:00-04:00,0.0,4.449999999999989,2947.0399999999895,2024-05-10T09:41:00-04:00,0.0,4.400000000000006,3047.0399999999554,2024-05-10T09:46:00-04:00,0.0,4.650000000000006,2547.0399999999554,2024-05-10T10:01:00-04:00,0.0,7.050000000000011,-2252.960000000056,2024-05-10T10:31:00-04:00,0.0,6.900000000000006,-1952.9600000000448,2024-05-10T11:31:00-04:00,0.0,6.650000000000006,-1452.9600000000448,2024-05-10T16:00:00-04:00,0.0,,,2024-05-10T16:15:00-04:00,85500.0,,,2024-05-10T16:15:00-04:00,171900.0,,,2024-05-13T15:59:00-04:00,60.0,1.0,hit,4.0,hit,4330.0,hit,,never_hit,,never_hit,,never_hit,,never_hit,33.0,hit,60.0,hit,60.0,hit,4438.0,hit,4438.0,hit,4438.0,hit,,,True,True,True,False,2.84999999999998,,,True,True,True,False,2.84999999999998,,,True,True,True,False,2.84999999999998,,,True,True,True,False,2.84999999999998,,,,,,,,,,,,,,,,,,,,,,,,,,,,,,,,,,,,,,,,,,,,,,,,,,,,,,,,,,,,,,,,,1822
2024-05-10,2024-05-13,3,7.0,2024-05-10T09:31:00-04:00,6.950000000000003,NDXP  240513P18270000,NDXP  240513P18260000,development,False,False,0,0,0,18,0,777,available,False,2024-05-10T09:31:00-04:00,2024-05-13T16:00:00-04:00,9.25,-4852.9599999999955,0.0,last_observed_quote_not_settlement,3916.0,696,16,6.199999999999989,1247.040000000029,2024-05-10T09:32:00-04:00,0.0,6.349999999999994,947.0400000000177,2024-05-10T09:33:00-04:00,0.0,6.350000000000023,947.0399999999609,2024-05-10T09:36:00-04:00,0.0,5.349999999999994,2947.0400000000177,2024-05-10T09:41:00-04:00,0.0,5.6000000000000085,2447.0399999999895,2024-05-10T09:46:00-04:00,0.0,5.8999999999999915,1847.0400000000234,2024-05-10T10:01:00-04:00,0.0,7.850000000000023,-2052.960000000039,2024-05-10T10:31:00-04:00,0.0,7.549999999999983,-1452.9599999999596,2024-05-10T11:31:00-04:00,0.0,7.949999999999989,-2252.959999999971,2024-05-10T16:00:00-04:00,0.0,,,2024-05-10T16:15:00-04:00,85500.0,,,2024-05-10T16:15:00-04:00,171900.0,9.25,-4852.9599999999955,2024-05-13T16:00:00-04:00,0.0,10.0,hit,18.0,hit,,never_hit,,never_hit,,never_hit,,never_hit,,never_hit,51.0,hit,66.0,hit,50.0,hit,82.0,hit,4449.0,hit,4536.0,hit,,,True,True,True,False,2.0999999999999943,,,True,True,True,False,2.0999999999999943,,,True,True,True,False,2.0999999999999943,,,True,True,True,False,2.0999999999999943,,,,,,,,,,,,,,,,,,,,,,,,,,,,,,,,,,,,,,,,,,,,,,,,,,,,,,,,,,,,,,,,,1823
2024-05-13,2024-05-15,2,5.0,2024-05-13T09:31:00-04:00,5.099999999999994,NDXP  240515P18250000,NDXP  240515P18240000,development,False,False,0,0,0,77,15,1123,available,False,2024-05-13T09:31:00-04:00,2024-05-15T16:00:00-04:00,0.0,9947.03999999999,0.0,last_observed_quote_not_settlement,1036.0,375,148,4.75,447.03999999998933,2024-05-13T09:32:00-04:00,0.0,4.949999999999989,47.04000000001208,2024-05-13T09:33:00-04:00,0.0,4.950000000000017,47.039999999955235,2024-05-13T09:36:00-04:00,0.0,5.450000000000017,-952.9600000000448,2024-05-13T09:41:00-04:00,0.0,5.599999999999966,-1252.9599999999425,2024-05-13T09:46:00-04:00,0.0,5.0,-52.96000000001066,2024-05-13T10:01:00-04:00,0.0,4.849999999999994,247.04000000000067,2024-05-13T10:31:00-04:00,0.0,5.599999999999994,-1252.9599999999994,2024-05-13T11:31:00-04:00,0.0,5.150000000000006,-352.96000000002203,2024-05-13T16:00:00-04:00,0.0,6.449999999999989,-2952.9599999999878,2024-05-14T16:00:00-04:00,0.0,0.0,9947.03999999999,2024-05-15T16:00:00-04:00,0.0,,,,,0.0,hit,1.0,hit,111.0,hit,111.0,hit,1504.0,hit,2880.0,hit,2926.0,hit,12.0,hit,62.0,hit,62.0,hit,,never_hit,,never_hit,,never_hit,7.599999999999966,73,True,False,False,False,,7.599999999999966,338,True,False,False,False,,7.599999999999966,375,True,False,False,False,,7.599999999999966,375,True,False,False,False,,111.0,2024-05-13T11:22:00-04:00,2.8499999999999943,4247.040000000001,2881.0,2024-05-15T09:32:00-04:00,1.049999999999999,7847.039999999992,2882.0,2024-05-15T09:33:00-04:00,0.9499999999999993,8047.039999999991,112.0,2024-05-13T11:23:00-04:00,5.300000000000011,-652.9600000000335,2880.0,2024-05-15T09:31:00-04:00,1.0,7947.039999999989,2881.0,2024-05-15T09:32:00-04:00,1.049999999999999,7847.039999999992,2882.0,2024-05-15T09:33:00-04:00,0.9499999999999993,8047.039999999991,2881.0,2024-05-15T09:32:00-04:00,1.049999999999999,7847.039999999992,2882.0,2024-05-15T09:33:00-04:00,0.9499999999999993,8047.039999999991,2883.0,2024-05-15T09:34:00-04:00,0.8999999999999986,8147.039999999993,2884.0,2024-05-15T09:35:00-04:00,0.8499999999999996,8247.039999999992,2883.0,2024-05-15T09:34:00-04:00,0.8999999999999986,8147.039999999993,2928.0,2024-05-15T10:19:00-04:00,0.4499999999999993,9047.039999999992,2929.0,2024-05-15T10:20:00-04:00,0.39999999999999947,9147.039999999992,2934.0,2024-05-15T10:25:00-04:00,0.34999999999999964,9247.039999999992,2929.0,2024-05-15T10:20:00-04:00,0.39999999999999947,9147.039999999992,1824
2024-05-13,2024-05-15,2,6.0,2024-05-13T09:31:00-04:00,6.049999999999983,NDXP  240515P18350000,NDXP  240515P18340000,development,False,False,0,0,0,22,15,1178,available,False,2024-05-13T09:31:00-04:00,2024-05-15T15:59:00-04:00,0.0,11847.039999999968,1.0,last_observed_quote_not_settlement,1036.0,610,70,5.650000000000006,547.0399999999552,2024-05-13T09:32:00-04:00,0.0,6.099999999999994,-352.96000000002203,2024-05-13T09:33:00-04:00,0.0,6.349999999999994,-852.9600000000221,2024-05-13T09:36:00-04:00,0.0,6.799999999999983,-1752.9599999999994,2024-05-13T09:41:00-04:00,0.0,7.150000000000006,-2452.9600000000446,2024-05-13T09:46:00-04:00,0.0,6.549999999999983,-1252.9599999999994,2024-05-13T10:01:00-04:00,0.0,6.5,-1152.9600000000335,2024-05-13T10:31:00-04:00,0.0,6.399999999999977,-952.959999999988,2024-05-13T11:31:00-04:00,0.0,7.050000000000011,-2252.960000000056,2024-05-13T16:00:00-04:00,0.0,3.299999999999997,5247.039999999973,2024-05-14T16:00:00-04:00,0.0,,,2024-05-15T15:59:00-04:00,60.0,,,,,1494.0,hit,1550.0,hit,1550.0,hit,1550.0,hit,2883.0,hit,2946.0,hit,2977.0,hit,3.0,hit,3.0,hit,3.0,hit,1504.0,hit,,never_hit,,never_hit,8.900000000000034,473,True,True,False,False,,8.900000000000034,610,True,True,False,False,,8.900000000000034,610,True,True,False,False,,8.900000000000034,610,True,True,False,False,,1550.0,2024-05-14T11:21:00-04:00,2.5999999999999943,6647.039999999978,2882.0,2024-05-15T09:33:00-04:00,2.549999999999997,6747.039999999973,2883.0,2024-05-15T09:34:00-04:00,2.0,7847.039999999966,1551.0,2024-05-14T11:22:00-04:00,5.650000000000006,547.0399999999552,2927.0,2024-05-15T10:18:00-04:00,1.8999999999999986,8047.039999999969,2928.0,2024-05-15T10:19:00-04:00,1.6999999999999993,8447.039999999968,2929.0,2024-05-15T10:20:00-04:00,1.8000000000000007,8247.039999999966,2928.0,2024-05-15T10:19:00-04:00,1.6999999999999993,8447.039999999968,2950.0,2024-05-15T10:41:00-04:00,0.9000000000000004,10047.039999999966,2951.0,2024-05-15T10:42:00-04:00,0.8999999999999986,10047.03999999997,2952.0,2024-05-15T10:43:00-04:00,0.8499999999999996,10147.039999999968,2951.0,2024-05-15T10:42:00-04:00,0.8999999999999986,10047.03999999997,2985.0,2024-05-15T11:16:00-04:00,0.3999999999999999,11047.039999999966,2988.0,2024-05-15T11:19:00-04:00,0.39999999999999947,11047.039999999968,2989.0,2024-05-15T11:20:00-04:00,0.40000000000000036,11047.039999999966,2986.0,2024-05-15T11:17:00-04:00,0.5,10847.039999999968,1825
2024-05-13,2024-05-15,2,7.0,2024-05-13T09:31:00-04:00,7.0,NDXP  240515P18400000,NDXP  240515P18390000,development,False,False,0,0,0,18,15,1182,available,False,2024-05-13T09:31:00-04:00,2024-05-15T15:59:00-04:00,0.0,13747.04,1.0,last_observed_quote_not_settlement,1036.0,474,161,7.350000000000023,-952.9600000000448,2024-05-13T09:32:00-04:00,0.0,7.150000000000006,-552.9600000000107,2024-05-13T09:33:00-04:00,0.0,7.0,-252.9599999999993,2024-05-13T09:36:00-04:00,0.0,7.400000000000034,-1052.9600000000676,2024-05-13T09:41:00-04:00,0.0,7.5,-1252.9599999999994,2024-05-13T09:46:00-04:00,0.0,7.200000000000017,-652.9600000000335,2024-05-13T10:01:00-04:00,0.0,6.800000000000011,147.03999999997797,2024-05-13T10:31:00-04:00,0.0,7.199999999999989,-652.9599999999766,2024-05-13T11:31:00-04:00,0.0,6.949999999999989,-152.95999999997656,2024-05-13T16:00:00-04:00,0.0,2.8000000000000114,8147.039999999978,2024-05-14T16:00:00-04:00,0.0,,,2024-05-15T15:59:00-04:00,60.0,,,,,1550.0,hit,1550.0,hit,1550.0,hit,1829.0,hit,2950.0,hit,2985.0,hit,3057.0,hit,3.0,hit,11.0,hit,0.0,hit,11.0,hit,1563.0,hit,,never_hit,9.450000000000017,474,True,True,True,True,,9.450000000000017,474,True,True,True,True,,9.450000000000017,474,True,True,True,True,,9.450000000000017,474,True,True,True,True,,1829.0,2024-05-14T16:00:00-04:00,2.8000000000000114,8147.039999999978,2931.0,2024-05-15T10:22:00-04:00,2.849999999999998,8047.0400000000045,2932.0,2024-05-15T10:23:00-04:00,2.900000000000002,7947.039999999996,1830.0,2024-05-14T16:01:00-04:00,5.900000000000006,1947.0399999999893,2950.0,2024-05-15T10:41:00-04:00,1.9000000000000004,9947.04,2951.0,2024-05-15T10:42:00-04:00,1.9000000000000004,9947.04,2958.0,2024-05-15T10:49:00-04:00,1.6500000000000004,10447.04,2951.0,2024-05-15T10:42:00-04:00,1.9000000000000004,9947.04,2989.0,2024-05-15T11:20:00-04:00,0.9499999999999993,11847.040000000003,2992.0,2024-05-15T11:23:00-04:00,0.9000000000000004,11947.04,2993.0,2024-05-15T11:24:00-04:00,0.9499999999999993,11847.040000000003,2990.0,2024-05-15T11:21:00-04:00,1.0499999999999998,11647.040000000003,3063.0,2024-05-15T12:34:00-04:00,0.3999999999999999,12947.04,3071.0,2024-05-15T12:42:00-04:00,0.44999999999999973,12847.04,3077.0,2024-05-15T12:48:00-04:00,0.42500000000000027,12897.04,3064.0,2024-05-15T12:35:00-04:00,0.49999999999999956,12747.04,1826
2024-05-13,2024-05-16,3,5.0,2024-05-13T09:31:00-04:00,5.050000000000011,NDXP  240516P18260000,NDXP  240516P18250000,development,False,False,0,0,0,53,0,1551,available,False,2024-05-13T09:31:00-04:00,2024-05-16T15:59:00-04:00,0.0,9847.040000000025,1.0,last_observed_quote_not_settlement,1036.0,443,96,4.699999999999989,447.0400000000462,2024-05-13T09:32:00-04:00,0.0,4.849999999999994,147.0400000000348,2024-05-13T09:33:00-04:00,0.0,4.75,347.04000000002344,2024-05-13T09:36:00-04:00,0.0,5.349999999999994,-852.9599999999652,2024-05-13T09:41:00-04:00,0.0,5.549999999999983,-1252.9599999999425,2024-05-13T09:46:00-04:00,0.0,5.049999999999983,-252.95999999994245,2024-05-13T10:01:00-04:00,0.0,5.199999999999989,-552.9599999999539,2024-05-13T10:31:00-04:00,0.0,5.25,-652.9599999999766,2024-05-13T11:31:00-04:00,0.0,5.199999999999989,-552.9599999999539,2024-05-13T16:00:00-04:00,0.0,3.549999999999983,2747.0400000000577,2024-05-14T16:00:00-04:00,0.0,0.12500000000000044,9597.040000000023,2024-05-15T16:00:00-04:00,0.0,,,2024-05-16T15:59:00-04:00,60.0,0.0,hit,1.0,hit,1563.0,hit,2880.0,hit,2880.0,hit,2956.0,hit,3060.0,hit,13.0,hit,17.0,hit,17.0,hit,,never_hit,,never_hit,,never_hit,7.299999999999997,443,True,False,False,False,,7.299999999999997,443,True,False,False,False,,7.299999999999997,443,True,False,False,False,,7.299999999999997,443,True,False,False,False,,2880.0,2024-05-15T09:31:00-04:00,2.0,5847.040000000024,2881.0,2024-05-15T09:32:00-04:00,1.9999999999999964,5847.040000000031,2882.0,2024-05-15T09:33:00-04:00,1.8000000000000007,6247.040000000022,2881.0,2024-05-15T09:32:00-04:00,1.9999999999999964,5847.040000000031,2882.0,2024-05-15T09:33:00-04:00,1.8000000000000007,6247.040000000022,2883.0,2024-05-15T09:34:00-04:00,1.7999999999999972,6247.040000000029,2884.0,2024-05-15T09:35:00-04:00,1.75,6347.040000000024,2883.0,2024-05-15T09:34:00-04:00,1.7999999999999972,6247.040000000029,2956.0,2024-05-15T10:47:00-04:00,0.9000000000000004,8047.040000000023,2970.0,2024-05-15T11:01:00-04:00,0.8000000000000007,8247.040000000023,2971.0,2024-05-15T11:02:00-04:00,0.8500000000000014,8147.04000000002,2957.0,2024-05-15T10:48:00-04:00,1.0,7847.040000000024,3086.0,2024-05-15T12:57:00-04:00,0.4499999999999993,8947.040000000026,3087.0,2024-05-15T12:58:00-04:00,0.4499999999999993,8947.040000000026,3091.0,2024-05-15T13:02:00-04:00,0.40000000000000036,9047.040000000023,3087.0,2024-05-15T12:58:00-04:00,0.4499999999999993,8947.040000000026,1827
2024-05-13,2024-05-16,3,6.0,2024-05-13T09:31:00-04:00,5.950000000000017,NDXP  240516P18340000,NDXP  240516P18330000,development,False,False,0,0,1,20,0,1584,available,False,2024-05-13T09:31:00-04:00,2024-05-16T15:59:00-04:00,0.0,11647.040000000035,1.0,last_observed_quote_not_settlement,1036.0,519,98,5.800000000000011,47.04000000001208,2024-05-13T09:32:00-04:00,0.0,5.849999999999994,-52.959999999953816,2024-05-13T09:33:00-04:00,0.0,5.850000000000023,-52.96000000001066,2024-05-13T09:36:00-04:00,0.0,6.25,-852.9599999999652,2024-05-13T09:41:00-04:00,0.0,6.549999999999983,-1452.9599999999311,2024-05-13T09:46:00-04:00,0.0,6.149999999999977,-652.9599999999198,2024-05-13T10:01:00-04:00,0.0,5.949999999999989,-252.95999999994245,2024-05-13T10:31:00-04:00,0.0,6.699999999999989,-1752.9599999999425,2024-05-13T11:31:00-04:00,0.0,5.650000000000006,347.04000000002344,2024-05-13T16:00:00-04:00,0.0,7.150000000000006,-2652.9599999999764,2024-05-14T16:00:00-04:00,0.0,0.30000000000000027,11047.040000000034,2024-05-15T16:00:00-04:00,0.0,,,2024-05-16T15:59:00-04:00,60.0,1457.0,hit,1494.0,hit,2880.0,hit,2882.0,hit,2929.0,hit,3085.0,hit,3147.0,hit,4.0,hit,1829.0,hit,1829.0,hit,,never_hit,,never_hit,,never_hit,7.150000000000006,519,True,False,False,False,,7.150000000000006,519,True,False,False,False,,7.150000000000006,519,True,False,False,False,,7.150000000000006,519,True,False,False,False,,2883.0,2024-05-15T09:34:00-04:00,2.9000000000000057,5847.040000000024,2884.0,2024-05-15T09:35:00-04:00,2.8499999999999943,5947.040000000046,2885.0,2024-05-15T09:36:00-04:00,2.6000000000000014,6447.040000000032,2884.0,2024-05-15T09:35:00-04:00,2.8499999999999943,5947.040000000046,2929.0,2024-05-15T10:20:00-04:00,1.75,8147.0400000000345,2954.0,2024-05-15T10:45:00-04:00,1.9499999999999993,7747.040000000036,2955.0,2024-05-15T10:46:00-04:00,1.8999999999999986,7847.040000000037,2930.0,2024-05-15T10:21:00-04:00,2.6000000000000085,6447.040000000018,3088.0,2024-05-15T12:59:00-04:00,0.9499999999999993,9747.040000000037,3089.0,2024-05-15T13:00:00-04:00,0.9499999999999993,9747.040000000037,3090.0,2024-05-15T13:01:00-04:00,0.9000000000000004,9847.040000000035,3089.0,2024-05-15T13:00:00-04:00,0.9499999999999993,9747.040000000037,3155.0,2024-05-15T14:06:00-04:00,0.4499999999999993,10747.040000000037,3163.0,2024-05-15T14:14:00-04:00,0.4499999999999993,10747.040000000037,3164.0,2024-05-15T14:15:00-04:00,0.40000000000000036,10847.040000000035,3156.0,2024-05-15T14:07:00-04:00,0.5,10647.040000000035,1828
2024-05-13,2024-05-16,3,7.0,2024-05-13T09:31:00-04:00,6.949999999999989,NDXP  240516P18430000,NDXP  240516P18420000,development,False,False,0,0,0,9,0,1595,available,False,2024-05-13T09:31:00-04:00,2024-05-16T15:59:00-04:00,0.024999999999999994,13597.039999999979,1.0,last_observed_quote_not_settlement,1036.0,576,124,6.949999999999989,-252.9599999999993,2024-05-13T09:32:00-04:00,0.0,6.850000000000023,-52.9600000000675,2024-05-13T09:33:00-04:00,0.0,7.150000000000006,-652.9600000000335,2024-05-13T09:36:00-04:00,0.0,8.300000000000011,-2952.9600000000464,2024-05-13T09:41:00-04:00,0.0,7.75,-1852.960000000022,2024-05-13T09:46:00-04:00,0.0,7.350000000000023,-1052.9600000000676,2024-05-13T10:01:00-04:00,0.0,7.199999999999989,-752.9599999999994,2024-05-13T10:31:00-04:00,0.0,7.2999999999999545,-952.9599999999311,2024-05-13T11:31:00-04:00,0.0,7.199999999999989,-752.9599999999994,2024-05-13T16:00:00-04:00,0.0,6.300000000000011,1047.0399999999552,2024-05-14T16:00:00-04:00,0.0,4.800000000000001,4047.0399999999763,2024-05-15T16:00:00-04:00,0.0,,,2024-05-16T15:59:00-04:00,60.0,1793.0,hit,1822.0,hit,2933.0,hit,2970.0,hit,3086.0,hit,3160.0,hit,4327.0,hit,4.0,hit,10.0,hit,4.0,hit,10.0,hit,,never_hit,,never_hit,8.300000000000011,576,True,True,False,False,,8.300000000000011,576,True,True,False,False,,8.300000000000011,576,True,True,False,False,,8.300000000000011,576,True,True,False,False,,2978.0,2024-05-15T11:09:00-04:00,2.749999999999993,8147.039999999993,2979.0,2024-05-15T11:10:00-04:00,2.9000000000000057,7847.039999999966,2980.0,2024-05-15T11:11:00-04:00,2.8500000000000014,7947.039999999975,2979.0,2024-05-15T11:10:00-04:00,2.9000000000000057,7847.039999999966,3091.0,2024-05-15T13:02:00-04:00,1.9499999999999993,9747.03999999998,3095.0,2024-05-15T13:06:00-04:00,1.8999999999999986,9847.03999999998,3096.0,2024-05-15T13:07:00-04:00,1.9000000000000021,9847.039999999975,3092.0,2024-05-15T13:03:00-04:00,2.0,9647.039999999979,3230.0,2024-05-15T15:21:00-04:00,0.9499999999999993,11747.03999999998,3231.0,2024-05-15T15:22:00-04:00,0.9000000000000021,11847.039999999975,3232.0,2024-05-15T15:23:00-04:00,0.8499999999999996,11947.039999999979,3231.0,2024-05-15T15:22:00-04:00,0.9000000000000021,11847.039999999975,4332.0,2024-05-16T09:43:00-04:00,0.39999999999999947,12847.039999999979,4335.0,2024-05-16T09:46:00-04:00,0.375,12897.039999999979,4336.0,2024-05-16T09:47:00-04:00,0.3250000000000002,12997.039999999979,4333.0,2024-05-16T09:44:00-04:00,0.5,12647.039999999979,1829
2024-05-14,2024-05-16,2,5.0,2024-05-14T09:31:00-04:00,5.0,NDXP  240516P18300000,NDXP  240516P18290000,development,False,False,0,0,1,0,0,1199,available,False,2024-05-14T09:31:00-04:00,2024-05-16T15:59:00-04:00,0.125,9497.04,1.0,last_observed_quote_not_settlement,1036.0,232,47,7.0,-4252.959999999999,2024-05-14T09:32:00-04:00,0.0,5.549999999999983,-1352.9599999999652,2024-05-14T09:33:00-04:00,0.0,3.1500000000000057,3447.0399999999895,2024-05-14T09:36:00-04:00,0.0,5.300000000000011,-852.9600000000221,2024-05-14T09:41:00-04:00,0.0,5.399999999999977,-1052.9599999999539,2024-05-14T09:46:00-04:00,0.0,3.3000000000000114,3147.039999999978,2024-05-14T10:01:00-04:00,0.0,5.000000000000028,-252.96000000005614,2024-05-14T10:31:00-04:00,0.0,5.150000000000006,-552.9600000000107,2024-05-14T11:31:00-04:00,0.0,3.3999999999999915,2947.0400000000177,2024-05-14T16:00:00-04:00,0.0,0.20000000000000018,9347.04,2024-05-15T16:00:00-04:00,0.0,,,2024-05-16T15:59:00-04:00,60.0,,,,,0.0,hit,0.0,hit,4.0,hit,110.0,hit,1486.0,hit,1540.0,hit,1657.0,hit,1.0,hit,1.0,hit,1.0,hit,87.0,hit,,never_hit,,never_hit,8.400000000000006,76,True,True,False,False,,8.400000000000006,232,True,True,False,False,,8.400000000000006,232,True,True,False,False,,8.400000000000006,232,True,True,False,False,,110.0,2024-05-14T11:21:00-04:00,2.75,4247.040000000001,1441.0,2024-05-15T09:32:00-04:00,2.6999999999999957,4347.040000000009,1442.0,2024-05-15T09:33:00-04:00,2.25,5247.040000000001,111.0,2024-05-14T11:22:00-04:00,5.050000000000011,-352.96000000002203,1486.0,2024-05-15T10:17:00-04:00,1.9499999999999993,5847.040000000002,1494.0,2024-05-15T10:25:00-04:00,1.7999999999999972,6147.040000000006,1495.0,2024-05-15T10:26:00-04:00,1.9499999999999957,5847.040000000009,1487.0,2024-05-15T10:18:00-04:00,2.0500000000000043,5647.039999999992,1576.0,2024-05-15T11:47:00-04:00,0.9000000000000004,7947.04,1589.0,2024-05-15T12:00:00-04:00,0.9499999999999993,7847.040000000002,1601.0,2024-05-15T12:12:00-04:00,0.9000000000000004,7947.04,1577.0,2024-05-15T11:48:00-04:00,1.0,7747.040000000001,1684.0,2024-05-15T13:35:00-04:00,0.4499999999999993,8847.040000000003,1685.0,2024-05-15T13:36:00-04:00,0.40000000000000036,8947.04,1694.0,2024-05-15T13:45:00-04:00,0.39999999999999947,8947.040000000003,1685.0,2024-05-15T13:36:00-04:00,0.40000000000000036,8947.04,1830
2024-05-14,2024-05-16,2,6.0,2024-05-14T09:31:00-04:00,6.049999999999983,NDXP  240516P18350000,NDXP  240516P18340000,development,False,False,0,0,0,17,0,1182,available,False,2024-05-14T09:31:00-04:00,2024-05-16T15:59:00-04:00,0.024999999999999994,11797.039999999966,1.0,last_observed_quote_not_settlement,1036.0,147,123,6.099999999999994,-352.96000000002203,2024-05-14T09:32:00-04:00,0.0,6.349999999999994,-852.9600000000221,2024-05-14T09:33:00-04:00,0.0,7.200000000000017,-2552.9600000000673,2024-05-14T09:36:00-04:00,0.0,6.5,-1152.9600000000335,2024-05-14T09:41:00-04:00,0.0,6.050000000000011,-252.96000000005614,2024-05-14T09:46:00-04:00,0.0,6.5,-1152.9600000000335,2024-05-14T10:01:00-04:00,0.0,5.200000000000017,1447.0399999999324,2024-05-14T10:31:00-04:00,0.0,5.449999999999989,947.0399999999893,2024-05-14T11:31:00-04:00,0.0,2.799999999999983,6247.040000000001,2024-05-14T16:00:00-04:00,0.0,0.3999999999999999,11047.039999999966,2024-05-15T16:00:00-04:00,0.0,,,2024-05-16T15:59:00-04:00,60.0,,,,,21.0,hit,54.0,hit,389.0,hit,389.0,hit,1453.0,hit,1652.0,hit,1716.0,hit,5.0,hit,5.0,hit,5.0,hit,,never_hit,,never_hit,,never_hit,7.650000000000006,147,True,False,False,False,,7.650000000000006,147,True,False,False,False,,7.650000000000006,147,True,False,False,False,,7.650000000000006,147,True,False,False,False,,389.0,2024-05-14T16:00:00-04:00,2.799999999999983,6247.040000000001,1451.0,2024-05-15T09:42:00-04:00,2.8999999999999986,6047.039999999969,1488.0,2024-05-15T10:19:00-04:00,2.799999999999997,6247.039999999973,390.0,2024-05-14T16:01:00-04:00,4.900000000000006,2047.0399999999554,1453.0,2024-05-15T09:44:00-04:00,1.2000000000000028,9447.039999999963,1531.0,2024-05-15T11:02:00-04:00,1.75,8347.039999999968,1532.0,2024-05-15T11:03:00-04:00,1.8000000000000007,8247.039999999966,1454.0,2024-05-15T09:45:00-04:00,3.299999999999997,5247.039999999973,1655.0,2024-05-15T13:06:00-04:00,0.9499999999999993,9947.039999999968,1656.0,2024-05-15T13:07:00-04:00,0.9499999999999993,9947.039999999968,1657.0,2024-05-15T13:08:00-04:00,0.8499999999999996,10147.039999999968,1656.0,2024-05-15T13:07:00-04:00,0.9499999999999993,9947.039999999968,1720.0,2024-05-15T14:11:00-04:00,0.40000000000000036,11047.039999999966,1786.0,2024-05-15T15:17:00-04:00,0.39999999999999947,11047.039999999968,1792.0,2024-05-15T15:23:00-04:00,0.39999999999999947,11047.039999999968,1721.0,2024-05-15T14:12:00-04:00,0.5,10847.039999999968,1831
2024-05-14,2024-05-16,2,7.0,2024-05-14T09:31:00-04:00,7.099999999999966,NDXP  240516P18420000,NDXP  240516P18410000,development,False,False,0,0,1,20,0,1179,available,False,2024-05-14T09:31:00-04:00,2024-05-16T15:59:00-04:00,0.0,13947.039999999934,1.0,last_observed_quote_not_settlement,1036.0,105,116,5.800000000000011,2347.03999999991,2024-05-14T09:32:00-04:00,0.0,6.549999999999983,847.0399999999665,2024-05-14T09:33:00-04:00,0.0,7.800000000000011,-1652.9600000000903,2024-05-14T09:36:00-04:00,0.0,6.650000000000006,647.0399999999211,2024-05-14T09:41:00-04:00,0.0,6.099999999999966,1747.0400000000006,2024-05-14T09:46:00-04:00,0.0,7.2000000000000455,-452.96000000015846,2024-05-14T10:01:00-04:00,0.0,5.600000000000023,2747.039999999887,2024-05-14T10:31:00-04:00,0.0,6.0,1947.0399999999324,2024-05-14T11:31:00-04:00,0.0,5.650000000000006,2647.0399999999213,2024-05-14T16:00:00-04:00,0.0,0.75,12447.039999999934,2024-05-15T16:00:00-04:00,0.0,,,2024-05-16T15:59:00-04:00,60.0,,,,,339.0,hit,353.0,hit,382.0,hit,1454.0,hit,1642.0,hit,1714.0,hit,2884.0,hit,4.0,hit,86.0,hit,0.0,hit,4.0,hit,,never_hit,,never_hit,8.300000000000011,105,True,True,False,False,,8.300000000000011,105,True,True,False,False,,8.300000000000011,105,True,True,False,False,,8.300000000000011,105,True,True,False,False,,1454.0,2024-05-15T09:45:00-04:00,2.4000000000000057,9147.039999999923,1531.0,2024-05-15T11:02:00-04:00,2.8499999999999943,8247.039999999944,1539.0,2024-05-15T11:10:00-04:00,2.75,8447.039999999934,1455.0,2024-05-15T09:46:00-04:00,4.5,4947.039999999933,1645.0,2024-05-15T12:56:00-04:00,1.9499999999999993,10047.039999999935,1650.0,2024-05-15T13:01:00-04:00,1.7999999999999972,10347.039999999939,1651.0,2024-05-15T13:02:00-04:00,1.8000000000000007,10347.039999999932,1646.0,2024-05-15T12:57:00-04:00,2.0,9947.039999999934,1718.0,2024-05-15T14:09:00-04:00,0.8500000000000014,12247.03999999993,1725.0,2024-05-15T14:16:00-04:00,0.9499999999999993,12047.039999999935,1788.0,2024-05-15T15:19:00-04:00,0.9000000000000004,12147.039999999932,1719.0,2024-05-15T14:10:00-04:00,0.9500000000000011,12047.039999999932,2887.0,2024-05-16T09:38:00-04:00,0.40000000000000036,13147.039999999932,2888.0,2024-05-16T09:39:00-04:00,0.40000000000000036,13147.039999999932,2889.0,2024-05-16T09:40:00-04:00,0.39999999999999947,13147.039999999934,2888.0,2024-05-16T09:39:00-04:00,0.40000000000000036,13147.039999999932,1832
2024-05-17,2024-05-20,3,5.0,2024-05-17T09:31:00-04:00,5.1000000000000085,NDXP  240520P18580000,NDXP  240520P18570000,development,False,False,0,0,0,14,0,781,available,False,2024-05-17T09:31:00-04:00,2024-05-20T16:00:00-04:00,0.0,9947.040000000019,0.0,last_observed_quote_not_settlement,3916.0,303,28,4.75,447.04000000001776,2024-05-17T09:32:00-04:00,0.0,4.799999999999997,347.04000000002344,2024-05-17T09:33:00-04:00,0.0,4.8999999999999915,147.0400000000348,2024-05-17T09:36:00-04:00,0.0,4.75,447.04000000001776,2024-05-17T09:41:00-04:00,0.0,5.300000000000011,-652.960000000005,2024-05-17T09:46:00-04:00,0.0,5.1499999999999915,-352.9599999999652,2024-05-17T10:01:00-04:00,0.0,4.549999999999997,847.0400000000234,2024-05-17T10:31:00-04:00,0.0,4.900000000000006,147.0400000000064,2024-05-17T11:31:00-04:00,0.0,5.200000000000003,-452.95999999998793,2024-05-17T16:00:00-04:00,0.0,,,2024-05-17T16:15:00-04:00,85500.0,,,2024-05-17T16:15:00-04:00,171900.0,0.0,9947.040000000019,2024-05-20T16:00:00-04:00,0.0,0.0,hit,1.0,hit,61.0,hit,61.0,hit,61.0,hit,4392.0,hit,4509.0,hit,26.0,hit,198.0,hit,283.0,hit,,never_hit,,never_hit,,never_hit,6.000000000000014,33,False,False,False,False,,6.000000000000014,33,False,False,False,False,,7.700000000000003,303,True,False,False,False,,7.700000000000003,303,True,False,False,False,,61.0,2024-05-17T10:32:00-04:00,1.25,7447.040000000018,4328.0,2024-05-20T09:39:00-04:00,2.9499999999999993,4047.040000000019,4329.0,2024-05-20T09:40:00-04:00,2.9499999999999957,4047.0400000000263,62.0,2024-05-17T10:33:00-04:00,4.599999999999994,747.0400000000291,61.0,2024-05-17T10:32:00-04:00,1.25,7447.040000000018,4345.0,2024-05-20T09:56:00-04:00,1.6500000000000021,6647.040000000014,4346.0,2024-05-20T09:57:00-04:00,1.5999999999999979,6747.040000000022,62.0,2024-05-17T10:33:00-04:00,4.599999999999994,747.0400000000291,4399.0,2024-05-20T10:50:00-04:00,0.8499999999999996,8247.040000000019,4400.0,2024-05-20T10:51:00-04:00,0.9000000000000004,8147.040000000016,4442.0,2024-05-20T11:33:00-04:00,0.8000000000000007,8347.040000000017,4400.0,2024-05-20T10:51:00-04:00,0.9000000000000004,8147.040000000016,4511.0,2024-05-20T12:42:00-04:00,0.42500000000000027,9097.040000000017,4512.0,2024-05-20T12:43:00-04:00,0.3999999999999999,9147.040000000017,4513.0,2024-05-20T12:44:00-04:00,0.3500000000000001,9247.040000000017,4512.0,2024-05-20T12:43:00-04:00,0.3999999999999999,9147.040000000017,1833
2024-05-17,2024-05-20,3,6.0,2024-05-17T09:31:00-04:00,6.200000000000003,NDXP  240520P18650000,NDXP  240520P18640000,development,False,False,0,0,0,0,0,795,available,False,2024-05-17T09:31:00-04:00,2024-05-20T16:00:00-04:00,0.0,12147.040000000008,0.0,last_observed_quote_not_settlement,3916.0,402,14,5.6499999999999915,847.0400000000234,2024-05-17T09:32:00-04:00,0.0,6.5,-852.9599999999937,2024-05-17T09:33:00-04:00,0.0,6.049999999999997,47.04000000001208,2024-05-17T09:36:00-04:00,0.0,6.450000000000003,-752.9599999999994,2024-05-17T09:41:00-04:00,0.0,6.900000000000006,-1652.960000000005,2024-05-17T09:46:00-04:00,0.0,6.8999999999999915,-1652.9599999999766,2024-05-17T10:01:00-04:00,0.0,6.650000000000006,-1152.960000000005,2024-05-17T10:31:00-04:00,0.0,7.1499999999999915,-2152.9599999999764,2024-05-17T11:31:00-04:00,0.0,8.25,-4352.9599999999955,2024-05-17T16:00:00-04:00,0.0,,,2024-05-17T16:15:00-04:00,85500.0,,,2024-05-17T16:15:00-04:00,171900.0,0.0,12147.040000000008,2024-05-20T16:00:00-04:00,0.0,4340.0,hit,4340.0,hit,4345.0,hit,4399.0,hit,4513.0,hit,4536.0,hit,4625.0,hit,3.0,hit,22.0,hit,20.0,hit,130.0,hit,241.0,hit,292.0,hit,9.899999999999977,402,True,True,True,True,,9.899999999999977,402,True,True,True,True,,9.899999999999977,402,True,True,True,True,,9.899999999999977,402,True,True,True,True,,4399.0,2024-05-20T10:50:00-04:00,2.9000000000000004,6347.040000000005,4400.0,2024-05-20T10:51:00-04:00,2.900000000000002,6347.040000000002,4510.0,2024-05-20T12:41:00-04:00,2.3999999999999986,7347.040000000009,4400.0,2024-05-20T10:51:00-04:00,2.900000000000002,6347.040000000002,4513.0,2024-05-20T12:44:00-04:00,1.8999999999999986,8347.04000000001,4522.0,2024-05-20T12:53:00-04:00,1.700000000000001,8747.040000000005,4523.0,2024-05-20T12:54:00-04:00,1.700000000000001,8747.040000000005,4514.0,2024-05-20T12:45:00-04:00,2.0999999999999996,7947.040000000007,4536.0,2024-05-20T13:07:00-04:00,0.75,10647.040000000008,4665.0,2024-05-20T15:16:00-04:00,0.8999999999999999,10347.040000000006,4666.0,2024-05-20T15:17:00-04:00,0.8250000000000002,10497.040000000006,4537.0,2024-05-20T13:08:00-04:00,1.5500000000000007,9047.040000000006,4625.0,2024-05-20T14:36:00-04:00,0.3999999999999986,11347.04000000001,4681.0,2024-05-20T15:32:00-04:00,0.44999999999999984,11247.040000000006,,,,,4626.0,2024-05-20T14:37:00-04:00,2.6499999999999986,6847.040000000009,1834
2024-05-17,2024-05-20,3,7.0,2024-05-17T09:31:00-04:00,7.049999999999983,NDXP  240520P18700000,NDXP  240520P18690000,development,False,False,0,0,0,4,0,791,available,False,2024-05-17T09:31:00-04:00,2024-05-20T16:00:00-04:00,9.975,-6052.960000000034,0.0,last_observed_quote_not_settlement,3916.0,580,50,7.299999999999983,-752.9599999999994,2024-05-17T09:32:00-04:00,0.0,7.5,-1152.9600000000335,2024-05-17T09:33:00-04:00,0.0,8.25,-2652.960000000035,2024-05-17T09:36:00-04:00,0.0,7.949999999999989,-2052.9600000000105,2024-05-17T09:41:00-04:00,0.0,8.0,-2152.960000000035,2024-05-17T09:46:00-04:00,0.0,8.050000000000011,-2252.960000000058,2024-05-17T10:01:00-04:00,0.0,7.849999999999994,-1852.960000000022,2024-05-17T10:31:00-04:00,0.0,8.099999999999994,-2352.9600000000237,2024-05-17T11:31:00-04:00,0.0,9.550000000000011,-5252.960000000058,2024-05-17T16:00:00-04:00,0.0,,,2024-05-17T16:15:00-04:00,85500.0,,,2024-05-17T16:15:00-04:00,171900.0,9.975,-6052.960000000034,2024-05-20T16:00:00-04:00,0.0,4379.0,hit,4379.0,hit,4379.0,hit,,never_hit,,never_hit,,never_hit,,never_hit,3.0,hit,5.0,hit,0.0,hit,5.0,hit,50.0,hit,157.0,hit,,,True,True,True,False,3.8499999999999837,,,True,True,True,False,3.8499999999999837,,,True,True,True,False,3.8499999999999837,,,True,True,True,False,3.8499999999999837,,,,,,,,,,,,,,,,,,,,,,,,,,,,,,,,,,,,,,,,,,,,,,,,,,,,,,,,,,,,,,,,,1835
2024-05-20,2024-05-22,2,5.0,2024-05-20T09:31:00-04:00,4.950000000000003,NDXP  240522P18590000,NDXP  240522P18580000,development,False,False,0,0,16,2,0,1197,available,False,2024-05-20T09:31:00-04:00,2024-05-22T15:59:00-04:00,0.075,9497.040000000006,1.0,last_observed_quote_not_settlement,1036.0,3,3,5.300000000000011,-952.9600000000164,2024-05-20T09:32:00-04:00,0.0,5.0,-352.9599999999936,2024-05-20T09:33:00-04:00,0.0,4.650000000000006,347.039999999995,2024-05-20T09:36:00-04:00,0.0,4.1000000000000085,1447.0399999999893,2024-05-20T09:41:00-04:00,0.0,3.950000000000003,1747.0400000000006,2024-05-20T09:46:00-04:00,0.0,3.200000000000003,3247.040000000001,2024-05-20T10:01:00-04:00,0.0,3.1999999999999957,3247.040000000015,2024-05-20T10:31:00-04:00,0.0,3.0500000000000043,3547.0399999999977,2024-05-20T11:31:00-04:00,0.0,2.6000000000000014,4447.040000000004,2024-05-20T16:00:00-04:00,0.0,1.1500000000000004,7347.040000000005,2024-05-21T16:00:00-04:00,0.0,,,2024-05-22T15:59:00-04:00,60.0,,,,,0.0,hit,0.0,hit,7.0,hit,51.0,hit,305.0,hit,1827.0,hit,2884.0,hit,1442.0,hit,1442.0,hit,,never_hit,,never_hit,,never_hit,,never_hit,5.300000000000011,2,False,False,False,False,,5.300000000000011,2,False,False,False,False,,6.850000000000001,3,False,False,False,False,,6.850000000000001,3,False,False,False,False,,59.0,2024-05-20T10:30:00-04:00,2.8999999999999915,3847.0400000000236,79.0,2024-05-20T10:50:00-04:00,2.75,4147.040000000006,80.0,2024-05-20T10:51:00-04:00,2.799999999999997,4047.040000000012,60.0,2024-05-20T10:31:00-04:00,3.1999999999999957,3247.040000000015,305.0,2024-05-20T14:36:00-04:00,1.5499999999999972,6547.040000000012,1708.0,2024-05-21T13:59:00-04:00,1.8999999999999986,5847.040000000009,1709.0,2024-05-21T14:00:00-04:00,1.8499999999999979,5947.040000000011,306.0,2024-05-20T14:37:00-04:00,2.8999999999999915,3847.0400000000236,2880.0,2024-05-22T09:31:00-04:00,0.7000000000000002,8247.040000000006,2881.0,2024-05-22T09:32:00-04:00,0.7750000000000004,8097.040000000005,2882.0,2024-05-22T09:33:00-04:00,0.5499999999999998,8547.040000000008,2881.0,2024-05-22T09:32:00-04:00,0.7750000000000004,8097.040000000005,2894.0,2024-05-22T09:45:00-04:00,0.42500000000000027,8797.040000000006,2895.0,2024-05-22T09:46:00-04:00,0.44999999999999973,8747.040000000006,2896.0,2024-05-22T09:47:00-04:00,0.375,8897.040000000008,2895.0,2024-05-22T09:46:00-04:00,0.44999999999999973,8747.040000000006,1836
2024-05-20,2024-05-22,2,6.0,2024-05-20T09:31:00-04:00,5.900000000000006,NDXP  240522P18600000,NDXP  240522P18590000,development,False,False,0,0,0,7,15,1193,available,False,2024-05-20T09:31:00-04:00,2024-05-22T15:58:00-04:00,0.025000000000000022,11497.040000000012,2.0,last_observed_quote_not_settlement,1036.0,0,0,5.0,1547.040000000012,2024-05-20T09:32:00-04:00,0.0,4.949999999999989,1647.0400000000348,2024-05-20T09:33:00-04:00,0.0,4.1499999999999915,3247.040000000029,2024-05-20T09:36:00-04:00,0.0,4.349999999999994,2847.0400000000236,2024-05-20T09:41:00-04:00,0.0,4.0,3547.0400000000122,2024-05-20T09:46:00-04:00,0.0,3.5,4547.040000000012,2024-05-20T10:01:00-04:00,0.0,3.3500000000000085,4847.039999999995,2024-05-20T10:31:00-04:00,0.0,3.1999999999999957,5147.040000000021,2024-05-20T11:31:00-04:00,0.0,2.799999999999997,5947.040000000018,2024-05-20T16:00:00-04:00,0.0,1.1999999999999993,9147.040000000014,2024-05-21T16:00:00-04:00,0.0,,,2024-05-22T15:58:00-04:00,120.0,,,,,1.0,hit,1.0,hit,13.0,hit,80.0,hit,394.0,hit,2880.0,hit,2896.0,hit,,never_hit,,never_hit,,never_hit,,never_hit,,never_hit,,never_hit,5.900000000000006,0,False,False,False,False,,5.900000000000006,0,False,False,False,False,,5.900000000000006,0,False,False,False,False,,5.900000000000006,0,False,False,False,False,,189.0,2024-05-20T12:40:00-04:00,2.9000000000000057,5747.040000000001,190.0,2024-05-20T12:41:00-04:00,2.9499999999999957,5647.040000000021,195.0,2024-05-20T12:46:00-04:00,2.799999999999997,5947.040000000018,190.0,2024-05-20T12:41:00-04:00,2.9499999999999957,5647.040000000021,394.0,2024-05-20T16:05:00-04:00,1.6000000000000014,8347.04000000001,1781.0,2024-05-21T15:12:00-04:00,1.75,8047.040000000012,1782.0,2024-05-21T15:13:00-04:00,1.8000000000000007,7947.040000000011,395.0,2024-05-20T16:06:00-04:00,2.6999999999999957,6147.040000000021,2880.0,2024-05-22T09:31:00-04:00,0.7999999999999989,9947.040000000015,2881.0,2024-05-22T09:32:00-04:00,0.6999999999999993,10147.040000000014,2882.0,2024-05-22T09:33:00-04:00,0.6000000000000005,10347.040000000012,2881.0,2024-05-22T09:32:00-04:00,0.6999999999999993,10147.040000000014,2899.0,2024-05-22T09:50:00-04:00,0.375,10797.040000000014,2900.0,2024-05-22T09:51:00-04:00,0.3500000000000001,10847.040000000012,2901.0,2024-05-22T09:52:00-04:00,0.3250000000000002,10897.040000000012,2900.0,2024-05-22T09:51:00-04:00,0.3500000000000001,10847.040000000012,1837
2024-05-20,2024-05-22,2,7.0,2024-05-20T09:31:00-04:00,7.0,NDXP  240522P18670000,NDXP  240522P18660000,development,False,False,0,0,0,1,15,1199,available,False,2024-05-20T09:31:00-04:00,2024-05-22T16:00:00-04:00,0.7,12347.04,0.0,last_observed_quote_not_settlement,1036.0,34,20,6.849999999999994,47.04000000001208,2024-05-20T09:32:00-04:00,0.0,6.550000000000011,647.0399999999779,2024-05-20T09:33:00-04:00,0.0,8.75,-3752.960000000001,2024-05-20T09:36:00-04:00,0.0,5.599999999999994,2547.0400000000122,2024-05-20T09:41:00-04:00,0.0,5.3999999999999915,2947.0400000000177,2024-05-20T09:46:00-04:00,0.0,4.900000000000006,3947.0399999999895,2024-05-20T10:01:00-04:00,0.0,4.650000000000006,4447.039999999989,2024-05-20T10:31:00-04:00,0.0,4.650000000000006,4447.039999999989,2024-05-20T11:31:00-04:00,0.0,4.3500000000000085,5047.039999999984,2024-05-20T16:00:00-04:00,0.0,3.25,7247.040000000001,2024-05-21T16:00:00-04:00,0.0,0.7,12347.04,2024-05-22T16:00:00-04:00,0.0,,,,,4.0,hit,7.0,hit,7.0,hit,18.0,hit,1625.0,hit,2974.0,hit,3113.0,hit,5.0,hit,5.0,hit,0.0,hit,5.0,hit,3261.0,hit,,never_hit,8.75,1,True,True,False,False,,8.75,1,True,True,False,False,,8.75,1,True,True,False,False,,8.75,1,True,True,False,False,,18.0,2024-05-20T09:49:00-04:00,2.6499999999999915,8447.040000000019,1838.0,2024-05-21T16:09:00-04:00,2.9499999999999993,7847.040000000002,1839.0,2024-05-21T16:10:00-04:00,2.75,8247.04,19.0,2024-05-20T09:50:00-04:00,4.0,5747.040000000001,1625.0,2024-05-21T12:36:00-04:00,1.5999999999999943,10547.040000000014,2900.0,2024-05-22T09:51:00-04:00,1.6000000000000005,10547.04,2901.0,2024-05-22T09:52:00-04:00,1.700000000000001,10347.039999999999,1626.0,2024-05-21T12:37:00-04:00,4.450000000000003,4847.039999999995,2975.0,2024-05-22T11:06:00-04:00,0.9000000000000004,11947.04,2976.0,2024-05-22T11:07:00-04:00,0.7999999999999998,12147.040000000003,2977.0,2024-05-22T11:08:00-04:00,0.8500000000000005,12047.04,2976.0,2024-05-22T11:07:00-04:00,0.7999999999999998,12147.040000000003,3113.0,2024-05-22T13:24:00-04:00,0.42500000000000027,12897.04,,,,,,,,,3114.0,2024-05-22T13:25:00-04:00,0.5500000000000003,12647.04,1838
2024-05-20,2024-05-23,3,5.0,2024-05-20T09:31:00-04:00,5.0,NDXP  240523P18630000,NDXP  240523P18620000,development,False,False,0,0,0,0,0,1605,available,False,2024-05-20T09:31:00-04:00,2024-05-23T16:00:00-04:00,5.6,-1452.9599999999987,0.0,last_observed_quote_not_settlement,1036.0,111,33,5.350000000000023,-952.9600000000448,2024-05-20T09:32:00-04:00,0.0,5.150000000000006,-552.9600000000107,2024-05-20T09:33:00-04:00,0.0,4.950000000000017,-152.9600000000334,2024-05-20T09:36:00-04:00,0.0,4.599999999999994,547.040000000012,2024-05-20T09:41:00-04:00,0.0,4.550000000000011,647.0399999999779,2024-05-20T09:46:00-04:00,0.0,4.099999999999994,1547.040000000012,2024-05-20T10:01:00-04:00,0.0,4.25,1247.0400000000006,2024-05-20T10:31:00-04:00,0.0,4.200000000000017,1347.0399999999665,2024-05-20T11:31:00-04:00,0.0,4.0,1747.0400000000006,2024-05-20T16:00:00-04:00,0.0,3.6000000000000227,2547.0399999999554,2024-05-21T16:00:00-04:00,0.0,4.0,1747.0400000000006,2024-05-22T16:00:00-04:00,0.0,5.6,-1452.9599999999987,2024-05-23T16:00:00-04:00,0.0,0.0,hit,0.0,hit,29.0,hit,305.0,hit,305.0,hit,4320.0,hit,4320.0,hit,4609.0,hit,4609.0,hit,4636.0,hit,4642.0,hit,4649.0,hit,,never_hit,5.350000000000023,2,False,False,False,False,,5.350000000000023,2,False,False,False,False,,5.350000000000023,20,False,False,False,False,,5.350000000000023,20,False,False,False,False,,305.0,2024-05-20T14:36:00-04:00,1.5499999999999972,6647.040000000006,4321.0,2024-05-23T09:32:00-04:00,0.2999999999999998,9147.040000000003,4322.0,2024-05-23T09:33:00-04:00,0.27500000000000036,9197.04,306.0,2024-05-20T14:37:00-04:00,4.150000000000006,1447.0399999999893,305.0,2024-05-20T14:36:00-04:00,1.5499999999999972,6647.040000000006,4321.0,2024-05-23T09:32:00-04:00,0.2999999999999998,9147.040000000003,4322.0,2024-05-23T09:33:00-04:00,0.27500000000000036,9197.04,306.0,2024-05-20T14:37:00-04:00,4.150000000000006,1447.0399999999893,4320.0,2024-05-23T09:31:00-04:00,0.19999999999999973,9347.04,4321.0,2024-05-23T09:32:00-04:00,0.2999999999999998,9147.040000000003,4322.0,2024-05-23T09:33:00-04:00,0.27500000000000036,9197.04,4321.0,2024-05-23T09:32:00-04:00,0.2999999999999998,9147.040000000003,4320.0,2024-05-23T09:31:00-04:00,0.19999999999999973,9347.04,4321.0,2024-05-23T09:32:00-04:00,0.2999999999999998,9147.040000000003,4322.0,2024-05-23T09:33:00-04:00,0.27500000000000036,9197.04,4321.0,2024-05-23T09:32:00-04:00,0.2999999999999998,9147.040000000003,1839
2024-05-20,2024-05-23,3,6.0,2024-05-20T09:31:00-04:00,5.950000000000017,NDXP  240523P18670000,NDXP  240523P18660000,development,False,False,0,0,0,6,0,1598,available,False,2024-05-20T09:31:00-04:00,2024-05-23T15:59:00-04:00,9.800000000000004,-7952.9599999999755,1.0,last_observed_quote_not_settlement,1036.0,107,9,5.899999999999977,-152.95999999991972,2024-05-20T09:32:00-04:00,0.0,5.150000000000006,1347.0400000000234,2024-05-20T09:33:00-04:00,0.0,4.950000000000017,1747.0400000000006,2024-05-20T09:36:00-04:00,0.0,5.25,1147.0400000000348,2024-05-20T09:41:00-04:00,0.0,4.949999999999989,1747.0400000000575,2024-05-20T09:46:00-04:00,0.0,4.599999999999994,2447.0400000000463,2024-05-20T10:01:00-04:00,0.0,4.649999999999977,2347.0400000000805,2024-05-20T10:31:00-04:00,0.0,4.600000000000023,2447.0399999999895,2024-05-20T11:31:00-04:00,0.0,4.449999999999989,2747.0400000000577,2024-05-20T16:00:00-04:00,0.0,4.099999999999994,3447.0400000000463,2024-05-21T16:00:00-04:00,0.0,4.099999999999994,3447.0400000000463,2024-05-22T16:00:00-04:00,0.0,,,2024-05-23T15:59:00-04:00,60.0,2.0,hit,5.0,hit,72.0,hit,1625.0,hit,4320.0,hit,4320.0,hit,4320.0,hit,3232.0,hit,3232.0,hit,3232.0,hit,3232.0,hit,4638.0,hit,4643.0,hit,5.950000000000017,0,False,False,False,False,,8.299999999999997,1,True,True,False,False,,8.299999999999997,1,True,True,False,False,,8.299999999999997,1,True,True,False,False,,1625.0,2024-05-21T12:36:00-04:00,2.799999999999997,6047.040000000041,4321.0,2024-05-23T09:32:00-04:00,0.4500000000000002,10747.040000000035,4322.0,2024-05-23T09:33:00-04:00,0.4500000000000002,10747.040000000035,1626.0,2024-05-21T12:37:00-04:00,4.699999999999989,2247.0400000000577,4320.0,2024-05-23T09:31:00-04:00,0.40000000000000036,10847.040000000035,4321.0,2024-05-23T09:32:00-04:00,0.4500000000000002,10747.040000000035,4322.0,2024-05-23T09:33:00-04:00,0.4500000000000002,10747.040000000035,4321.0,2024-05-23T09:32:00-04:00,0.4500000000000002,10747.040000000035,4320.0,2024-05-23T09:31:00-04:00,0.40000000000000036,10847.040000000035,4321.0,2024-05-23T09:32:00-04:00,0.4500000000000002,10747.040000000035,4322.0,2024-05-23T09:33:00-04:00,0.4500000000000002,10747.040000000035,4321.0,2024-05-23T09:32:00-04:00,0.4500000000000002,10747.040000000035,4320.0,2024-05-23T09:31:00-04:00,0.40000000000000036,10847.040000000035,4446.0,2024-05-23T11:37:00-04:00,0.3999999999999999,10847.040000000035,4447.0,2024-05-23T11:38:00-04:00,0.3250000000000002,10997.040000000035,4321.0,2024-05-23T09:32:00-04:00,0.4500000000000002,10747.040000000035,1840
2024-05-20,2024-05-23,3,7.0,2024-05-20T09:31:00-04:00,7.049999999999983,NDXP  240523P18750000,NDXP  240523P18740000,development,False,False,0,0,0,30,0,1574,available,False,2024-05-20T09:31:00-04:00,2024-05-23T15:59:00-04:00,10.0,-6052.960000000034,1.0,last_observed_quote_not_settlement,1036.0,91,9,6.75,347.0399999999666,2024-05-20T09:32:00-04:00,0.0,6.799999999999983,247.04000000000067,2024-05-20T09:33:00-04:00,0.0,5.150000000000006,3547.0399999999554,2024-05-20T09:36:00-04:00,0.0,6.050000000000011,1747.0399999999438,2024-05-20T09:41:00-04:00,0.0,5.5,2847.0399999999668,2024-05-20T09:46:00-04:00,0.0,5.800000000000011,2247.039999999944,2024-05-20T10:01:00-04:00,0.0,5.549999999999983,2747.040000000001,2024-05-20T10:31:00-04:00,0.0,5.599999999999994,2647.039999999978,2024-05-20T11:31:00-04:00,0.0,5.399999999999977,3047.0400000000122,2024-05-20T16:00:00-04:00,0.0,4.950000000000003,3947.039999999961,2024-05-21T16:00:00-04:00,0.0,5.400000000000006,3047.0399999999554,2024-05-22T16:00:00-04:00,0.0,,,2024-05-23T15:59:00-04:00,60.0,5.0,hit,210.0,hit,2889.0,hit,2889.0,hit,4320.0,hit,4463.0,hit,,never_hit,305.0,hit,305.0,hit,0.0,hit,305.0,hit,4572.0,hit,4597.0,hit,8.150000000000006,2,True,True,False,False,,8.150000000000006,2,True,True,False,False,,8.150000000000006,3,True,True,False,False,,,,True,True,True,False,6.249999999999982,2889.0,2024-05-22T09:40:00-04:00,2.8499999999999943,8147.039999999978,4321.0,2024-05-23T09:32:00-04:00,1.5,10847.039999999968,4322.0,2024-05-23T09:33:00-04:00,1.200000000000001,11447.039999999964,2890.0,2024-05-22T09:41:00-04:00,5.049999999999997,3747.039999999972,4320.0,2024-05-23T09:31:00-04:00,1.1499999999999986,11547.03999999997,4321.0,2024-05-23T09:32:00-04:00,1.5,10847.039999999968,4322.0,2024-05-23T09:33:00-04:00,1.200000000000001,11447.039999999964,4321.0,2024-05-23T09:32:00-04:00,1.5,10847.039999999968,4466.0,2024-05-23T11:57:00-04:00,0.9000000000000004,12047.039999999966,4499.0,2024-05-23T12:30:00-04:00,0.8000000000000007,12247.039999999966,4500.0,2024-05-23T12:31:00-04:00,0.9000000000000004,12047.039999999966,4467.0,2024-05-23T11:58:00-04:00,1.0499999999999998,11747.039999999968,,,,,,,,,,,,,,,,,1841
2024-05-21,2024-05-23,2,5.0,2024-05-21T09:31:00-04:00,4.949999999999989,NDXP  240523P18650000,NDXP  240523P18640000,development,False,False,0,0,0,11,0,1188,available,False,2024-05-21T09:31:00-04:00,2024-05-23T15:59:00-04:00,8.95,-8252.960000000021,1.0,last_observed_quote_not_settlement,1036.0,162,37,4.800000000000011,47.039999999955235,2024-05-21T09:32:00-04:00,0.0,4.900000000000034,-152.96000000009025,2024-05-21T09:33:00-04:00,0.0,4.899999999999977,-152.95999999997656,2024-05-21T09:36:00-04:00,0.0,5.100000000000023,-552.9600000000676,2024-05-21T09:41:00-04:00,0.0,5.300000000000011,-952.9600000000448,2024-05-21T09:46:00-04:00,0.0,4.799999999999997,47.03999999998366,2024-05-21T10:01:00-04:00,0.0,4.6000000000000085,447.0399999999609,2024-05-21T10:31:00-04:00,0.0,4.5,647.0399999999779,2024-05-21T11:31:00-04:00,0.0,3.75,2147.039999999978,2024-05-21T16:00:00-04:00,0.0,4.400000000000006,847.0399999999665,2024-05-22T16:00:00-04:00,0.0,,,2024-05-23T15:59:00-04:00,60.0,,,,,0.0,hit,0.0,hit,173.0,hit,2880.0,hit,2880.0,hit,2880.0,hit,2880.0,hit,1742.0,hit,1792.0,hit,1792.0,hit,1792.0,hit,3205.0,hit,3221.0,hit,8.0,64,True,True,False,False,,8.0,64,True,True,False,False,,8.0,64,True,True,False,False,,8.0,64,True,True,False,False,,2880.0,2024-05-23T09:31:00-04:00,0.2999999999999998,9047.039999999979,2881.0,2024-05-23T09:32:00-04:00,0.2999999999999998,9047.039999999979,2882.0,2024-05-23T09:33:00-04:00,0.375,8897.039999999979,2881.0,2024-05-23T09:32:00-04:00,0.2999999999999998,9047.039999999979,2880.0,2024-05-23T09:31:00-04:00,0.2999999999999998,9047.039999999979,2881.0,2024-05-23T09:32:00-04:00,0.2999999999999998,9047.039999999979,2882.0,2024-05-23T09:33:00-04:00,0.375,8897.039999999979,2881.0,2024-05-23T09:32:00-04:00,0.2999999999999998,9047.039999999979,2880.0,2024-05-23T09:31:00-04:00,0.2999999999999998,9047.039999999979,2881.0,2024-05-23T09:32:00-04:00,0.2999999999999998,9047.039999999979,2882.0,2024-05-23T09:33:00-04:00,0.375,8897.039999999979,2881.0,2024-05-23T09:32:00-04:00,0.2999999999999998,9047.039999999979,2880.0,2024-05-23T09:31:00-04:00,0.2999999999999998,9047.039999999979,2881.0,2024-05-23T09:32:00-04:00,0.2999999999999998,9047.039999999979,2882.0,2024-05-23T09:33:00-04:00,0.375,8897.039999999979,2881.0,2024-05-23T09:32:00-04:00,0.2999999999999998,9047.039999999979,1842
2024-05-21,2024-05-23,2,6.0,2024-05-21T09:31:00-04:00,5.950000000000017,NDXP  240523P18740000,NDXP  240523P18730000,development,False,False,0,0,0,23,0,1176,available,False,2024-05-21T09:31:00-04:00,2024-05-23T15:59:00-04:00,10.0,-8252.959999999965,1.0,last_observed_quote_not_settlement,1036.0,181,70,6.399999999999977,-1152.9599999999198,2024-05-21T09:32:00-04:00,0.0,6.150000000000006,-652.9599999999766,2024-05-21T09:33:00-04:00,0.0,5.799999999999983,47.04000000006892,2024-05-21T09:36:00-04:00,0.0,6.4500000000000455,-1252.9600000000562,2024-05-21T09:41:00-04:00,0.0,6.450000000000017,-1252.9599999999994,2024-05-21T09:46:00-04:00,0.0,5.699999999999989,247.04000000005752,2024-05-21T10:01:00-04:00,0.0,5.699999999999989,247.04000000005752,2024-05-21T10:31:00-04:00,0.0,5.750000000000028,147.03999999997797,2024-05-21T11:31:00-04:00,0.0,5.099999999999994,1447.0400000000461,2024-05-21T16:00:00-04:00,0.0,5.099999999999994,1447.0400000000461,2024-05-22T16:00:00-04:00,0.0,,,2024-05-23T15:59:00-04:00,60.0,,,,,22.0,hit,43.0,hit,149.0,hit,2880.0,hit,2880.0,hit,2880.0,hit,,never_hit,4.0,hit,4.0,hit,4.0,hit,2909.0,hit,2909.0,hit,2909.0,hit,7.699999999999989,85,True,False,False,False,,7.699999999999989,85,True,False,False,False,,7.699999999999989,85,True,False,False,False,,,,True,True,True,False,5.3500000000000165,2880.0,2024-05-23T09:31:00-04:00,0.9500000000000011,9747.040000000034,2881.0,2024-05-23T09:32:00-04:00,1.3499999999999996,8947.040000000037,2882.0,2024-05-23T09:33:00-04:00,1.5000000000000018,8647.040000000032,2881.0,2024-05-23T09:32:00-04:00,1.3499999999999996,8947.040000000037,2880.0,2024-05-23T09:31:00-04:00,0.9500000000000011,9747.040000000034,2881.0,2024-05-23T09:32:00-04:00,1.3499999999999996,8947.040000000037,2882.0,2024-05-23T09:33:00-04:00,1.5000000000000018,8647.040000000032,2881.0,2024-05-23T09:32:00-04:00,1.3499999999999996,8947.040000000037,2919.0,2024-05-23T10:10:00-04:00,0.9000000000000021,9847.040000000032,3024.0,2024-05-23T11:55:00-04:00,0.8500000000000005,9947.040000000035,3025.0,2024-05-23T11:56:00-04:00,0.7999999999999998,10047.040000000035,2920.0,2024-05-23T10:11:00-04:00,2.2499999999999964,7147.040000000042,,,,,,,,,,,,,,,,,1843
2024-05-21,2024-05-23,2,7.0,2024-05-21T09:31:00-04:00,7.000000000000028,NDXP  240523P18710000,NDXP  240523P18700000,development,False,False,0,0,0,14,0,1185,available,False,2024-05-21T09:31:00-04:00,2024-05-23T15:59:00-04:00,8.75,-3752.959999999944,1.0,last_observed_quote_not_settlement,1036.0,96,5,6.099999999999994,1547.0400000000689,2024-05-21T09:32:00-04:00,0.0,6.75,247.04000000005752,2024-05-21T09:33:00-04:00,0.0,5.800000000000011,2147.040000000035,2024-05-21T09:36:00-04:00,0.0,6.0,1747.0400000000575,2024-05-21T09:41:00-04:00,0.0,4.5,4747.040000000057,2024-05-21T09:46:00-04:00,0.0,5.5,2747.0400000000577,2024-05-21T10:01:00-04:00,0.0,5.150000000000006,3447.0400000000463,2024-05-21T10:31:00-04:00,0.0,5.049999999999983,3647.040000000092,2024-05-21T11:31:00-04:00,0.0,4.699999999999989,4347.04000000008,2024-05-21T16:00:00-04:00,0.0,2.950000000000017,7847.040000000024,2024-05-22T16:00:00-04:00,0.0,,,2024-05-23T15:59:00-04:00,60.0,,,,,4.0,hit,15.0,hit,404.0,hit,1829.0,hit,2880.0,hit,2880.0,hit,3023.0,hit,2909.0,hit,2909.0,hit,0.0,hit,2909.0,hit,3155.0,hit,3181.0,hit,7.000000000000028,0,True,False,False,False,,7.000000000000028,0,True,False,False,False,,7.000000000000028,0,True,False,False,False,,8.649999999999995,1,True,True,False,False,,2880.0,2024-05-23T09:31:00-04:00,0.6500000000000004,12447.040000000057,2881.0,2024-05-23T09:32:00-04:00,0.8000000000000007,12147.040000000057,2882.0,2024-05-23T09:33:00-04:00,0.8500000000000005,12047.040000000057,2881.0,2024-05-23T09:32:00-04:00,0.8000000000000007,12147.040000000057,2880.0,2024-05-23T09:31:00-04:00,0.6500000000000004,12447.040000000057,2881.0,2024-05-23T09:32:00-04:00,0.8000000000000007,12147.040000000057,2882.0,2024-05-23T09:33:00-04:00,0.8500000000000005,12047.040000000057,2881.0,2024-05-23T09:32:00-04:00,0.8000000000000007,12147.040000000057,2880.0,2024-05-23T09:31:00-04:00,0.6500000000000004,12447.040000000057,2881.0,2024-05-23T09:32:00-04:00,0.8000000000000007,12147.040000000057,2882.0,2024-05-23T09:33:00-04:00,0.8500000000000005,12047.040000000057,2881.0,2024-05-23T09:32:00-04:00,0.8000000000000007,12147.040000000057,3031.0,2024-05-23T12:02:00-04:00,0.44999999999999973,12847.040000000057,3058.0,2024-05-23T12:29:00-04:00,0.375,12997.040000000059,3059.0,2024-05-23T12:30:00-04:00,0.2749999999999999,13197.040000000057,3032.0,2024-05-23T12:03:00-04:00,0.4500000000000002,12847.040000000057,1844
2024-05-21,2024-05-24,3,5.0,2024-05-21T09:31:00-04:00,4.949999999999989,NDXP  240524P18630000,NDXP  240524P18620000,development,False,False,0,0,0,21,0,1584,available,False,2024-05-21T09:31:00-04:00,2024-05-24T15:55:00-04:00,0.024999999999999994,9597.039999999979,5.0,last_observed_quote_not_settlement,1036.0,93,57,5.0,-352.96000000002203,2024-05-21T09:32:00-04:00,0.0,7.049999999999983,-4452.959999999988,2024-05-21T09:33:00-04:00,0.0,4.5,647.0399999999779,2024-05-21T09:36:00-04:00,0.0,4.75,147.03999999997797,2024-05-21T09:41:00-04:00,0.0,4.800000000000011,47.039999999955235,2024-05-21T09:46:00-04:00,0.0,4.650000000000006,347.0399999999666,2024-05-21T10:01:00-04:00,0.0,4.3500000000000085,947.0399999999609,2024-05-21T10:31:00-04:00,0.0,4.0,1647.039999999978,2024-05-21T11:31:00-04:00,0.0,3.6000000000000085,2447.039999999961,2024-05-21T16:00:00-04:00,0.0,3.200000000000003,3247.039999999972,2024-05-22T16:00:00-04:00,0.0,4.649999999999999,347.0399999999808,2024-05-23T16:00:00-04:00,0.0,,,2024-05-24T15:55:00-04:00,300.0,0.0,hit,0.0,hit,92.0,hit,2880.0,hit,2880.0,hit,2880.0,hit,4399.0,hit,2.0,hit,2.0,hit,2.0,hit,,never_hit,,never_hit,,never_hit,7.049999999999983,19,True,False,False,False,,7.049999999999983,19,True,False,False,False,,7.049999999999983,19,True,False,False,False,,7.049999999999997,93,True,False,False,False,,2880.0,2024-05-23T09:31:00-04:00,0.75,8147.039999999978,2881.0,2024-05-23T09:32:00-04:00,0.9499999999999993,7747.039999999979,2882.0,2024-05-23T09:33:00-04:00,0.9499999999999993,7747.039999999979,2881.0,2024-05-23T09:32:00-04:00,0.9499999999999993,7747.039999999979,2880.0,2024-05-23T09:31:00-04:00,0.75,8147.039999999978,2881.0,2024-05-23T09:32:00-04:00,0.9499999999999993,7747.039999999979,2882.0,2024-05-23T09:33:00-04:00,0.9499999999999993,7747.039999999979,2881.0,2024-05-23T09:32:00-04:00,0.9499999999999993,7747.039999999979,2880.0,2024-05-23T09:31:00-04:00,0.75,8147.039999999978,2881.0,2024-05-23T09:32:00-04:00,0.9499999999999993,7747.039999999979,2882.0,2024-05-23T09:33:00-04:00,0.9499999999999993,7747.039999999979,2881.0,2024-05-23T09:32:00-04:00,0.9499999999999993,7747.039999999979,4405.0,2024-05-24T10:56:00-04:00,0.4499999999999993,8747.03999999998,4406.0,2024-05-24T10:57:00-04:00,0.3999999999999999,8847.039999999979,4407.0,2024-05-24T10:58:00-04:00,0.40000000000000036,8847.039999999979,4406.0,2024-05-24T10:57:00-04:00,0.3999999999999999,8847.039999999979,1845
2024-05-21,2024-05-24,3,6.0,2024-05-21T09:31:00-04:00,6.100000000000023,NDXP  240524P18740000,NDXP  240524P18730000,development,False,False,0,0,0,0,0,1605,available,False,2024-05-21T09:31:00-04:00,2024-05-24T16:00:00-04:00,9.775,-7602.959999999956,0.0,last_observed_quote_not_settlement,1036.0,199,48,6.449999999999989,-952.9599999999311,2024-05-21T09:32:00-04:00,0.0,6.399999999999977,-852.9599999999084,2024-05-21T09:33:00-04:00,0.0,6.049999999999983,-152.95999999991972,2024-05-21T09:36:00-04:00,0.0,7.349999999999966,-2752.9599999998854,2024-05-21T09:41:00-04:00,0.0,7.449999999999989,-2952.959999999931,2024-05-21T09:46:00-04:00,0.0,5.550000000000011,847.0400000000234,2024-05-21T10:01:00-04:00,0.0,5.400000000000034,1147.039999999978,2024-05-21T10:31:00-04:00,0.0,5.550000000000011,847.0400000000234,2024-05-21T11:31:00-04:00,0.0,4.6000000000000085,2747.040000000029,2024-05-21T16:00:00-04:00,0.0,5.099999999999994,1747.0400000000575,2024-05-22T16:00:00-04:00,0.0,7.299999999999983,-2652.9599999999195,2024-05-23T16:00:00-04:00,0.0,9.775,-7602.959999999956,2024-05-24T16:00:00-04:00,0.0,4.0,hit,4.0,hit,1834.0,hit,2880.0,hit,2880.0,hit,2924.0,hit,4581.0,hit,8.0,hit,10.0,hit,10.0,hit,1477.0,hit,4709.0,hit,4709.0,hit,8.450000000000003,40,True,True,False,False,,8.450000000000003,40,True,True,False,False,,8.450000000000003,40,True,True,False,False,,8.549999999999983,199,True,True,False,False,,2880.0,2024-05-23T09:31:00-04:00,1.9500000000000028,8047.040000000041,2881.0,2024-05-23T09:32:00-04:00,2.1499999999999986,7647.040000000049,2882.0,2024-05-23T09:33:00-04:00,2.3500000000000014,7247.040000000044,2881.0,2024-05-23T09:32:00-04:00,2.1499999999999986,7647.040000000049,2924.0,2024-05-23T10:15:00-04:00,1.0,9947.040000000046,4413.0,2024-05-24T11:04:00-04:00,1.6500000000000004,8647.040000000046,4414.0,2024-05-24T11:05:00-04:00,1.5500000000000007,8847.040000000046,2925.0,2024-05-23T10:16:00-04:00,2.6500000000000057,6647.0400000000345,4443.0,2024-05-24T11:34:00-04:00,0.9000000000000004,10147.040000000046,4444.0,2024-05-24T11:35:00-04:00,0.8999999999999995,10147.040000000048,4479.0,2024-05-24T12:10:00-04:00,0.9000000000000004,10147.040000000046,4444.0,2024-05-24T11:35:00-04:00,0.8999999999999995,10147.040000000048,4585.0,2024-05-24T13:56:00-04:00,0.4249999999999998,11097.040000000048,4586.0,2024-05-24T13:57:00-04:00,0.3999999999999999,11147.040000000046,4587.0,2024-05-24T13:58:00-04:00,0.42500000000000027,11097.040000000046,4586.0,2024-05-24T13:57:00-04:00,0.3999999999999999,11147.040000000046,1846
2024-05-21,2024-05-24,3,7.0,2024-05-21T09:31:00-04:00,7.099999999999994,NDXP  240524P18770000,NDXP  240524P18760000,development,False,False,0,0,0,0,0,1605,available,False,2024-05-21T09:31:00-04:00,2024-05-24T16:00:00-04:00,0.05,13847.03999999999,0.0,last_observed_quote_not_settlement,1036.0,233,84,6.850000000000023,247.03999999994383,2024-05-21T09:32:00-04:00,0.0,6.399999999999977,1147.0400000000348,2024-05-21T09:33:00-04:00,0.0,7.400000000000034,-852.9600000000789,2024-05-21T09:36:00-04:00,0.0,7.250000000000028,-552.9600000000676,2024-05-21T09:41:00-04:00,0.0,7.650000000000034,-1352.960000000079,2024-05-21T09:46:00-04:00,0.0,7.949999999999989,-1952.959999999988,2024-05-21T10:01:00-04:00,0.0,6.849999999999966,247.04000000005752,2024-05-21T10:31:00-04:00,0.0,5.850000000000023,2247.039999999944,2024-05-21T11:31:00-04:00,0.0,5.349999999999994,3247.040000000001,2024-05-21T16:00:00-04:00,0.0,4.900000000000006,4147.039999999978,2024-05-22T16:00:00-04:00,0.0,8.549999999999983,-3152.959999999978,2024-05-23T16:00:00-04:00,0.0,0.05,13847.03999999999,2024-05-24T16:00:00-04:00,0.0,63.0,hit,75.0,hit,173.0,hit,1489.0,hit,2884.0,hit,4584.0,hit,4598.0,hit,4.0,hit,1730.0,hit,0.0,hit,19.0,hit,3206.0,hit,3220.0,hit,8.000000000000028,32,True,True,False,False,,8.350000000000023,75,True,True,False,False,,9.599999999999994,233,True,True,True,True,,9.599999999999994,233,True,True,True,True,,1489.0,2024-05-22T10:20:00-04:00,2.4499999999999886,9047.040000000014,2881.0,2024-05-23T09:32:00-04:00,2.6000000000000014,8747.039999999988,2882.0,2024-05-23T09:33:00-04:00,2.5,8947.03999999999,1490.0,2024-05-22T10:21:00-04:00,5.149999999999977,3647.040000000035,2884.0,2024-05-23T09:35:00-04:00,1.7999999999999972,10347.039999999995,4422.0,2024-05-24T11:13:00-04:00,1.9000000000000004,10147.03999999999,4423.0,2024-05-24T11:14:00-04:00,1.6999999999999993,10547.039999999992,2885.0,2024-05-23T09:36:00-04:00,2.700000000000003,8547.039999999985,4585.0,2024-05-24T13:56:00-04:00,0.9000000000000004,12147.03999999999,4586.0,2024-05-24T13:57:00-04:00,0.8999999999999995,12147.039999999992,4587.0,2024-05-24T13:58:00-04:00,0.75,12447.03999999999,4586.0,2024-05-24T13:57:00-04:00,0.8999999999999995,12147.039999999992,4607.0,2024-05-24T14:18:00-04:00,0.4249999999999998,13097.03999999999,4608.0,2024-05-24T14:19:00-04:00,0.3999999999999999,13147.03999999999,4609.0,2024-05-24T14:20:00-04:00,0.3999999999999999,13147.03999999999,4608.0,2024-05-24T14:19:00-04:00,0.3999999999999999,13147.03999999999,1847
2024-05-22,2024-05-24,2,5.0,2024-05-22T09:31:00-04:00,4.900000000000006,NDXP  240524P18770000,NDXP  240524P18760000,development,False,False,0,0,0,0,0,1200,available,False,2024-05-22T09:31:00-04:00,2024-05-24T16:00:00-04:00,0.05,9447.040000000014,0.0,last_observed_quote_not_settlement,1036.0,601,46,4.949999999999989,-352.9599999999652,2024-05-22T09:32:00-04:00,0.0,5.050000000000011,-552.9600000000107,2024-05-22T09:33:00-04:00,0.0,4.650000000000006,247.04000000000067,2024-05-22T09:36:00-04:00,0.0,5.450000000000017,-1352.960000000022,2024-05-22T09:41:00-04:00,0.0,5.200000000000017,-852.9600000000221,2024-05-22T09:46:00-04:00,0.0,5.300000000000011,-1052.9600000000107,2024-05-22T10:01:00-04:00,0.0,5.149999999999977,-752.9599999999425,2024-05-22T10:31:00-04:00,0.0,4.949999999999989,-352.9599999999652,2024-05-22T11:31:00-04:00,0.0,4.900000000000006,-252.9599999999993,2024-05-22T16:00:00-04:00,0.0,8.549999999999983,-7552.9599999999555,2024-05-23T16:00:00-04:00,0.0,0.05,9447.040000000014,2024-05-24T16:00:00-04:00,0.0,,,,,0.0,hit,0.0,hit,49.0,hit,49.0,hit,1444.0,hit,3144.0,hit,3158.0,hit,8.0,hit,9.0,hit,9.0,hit,290.0,hit,1766.0,hit,1780.0,hit,7.5,40,True,False,False,False,,8.350000000000023,376,True,True,False,False,,9.599999999999994,601,True,True,True,True,,9.599999999999994,601,True,True,True,True,,49.0,2024-05-22T10:20:00-04:00,2.4499999999999886,4647.0400000000345,1441.0,2024-05-23T09:32:00-04:00,2.6000000000000014,4347.040000000009,1442.0,2024-05-23T09:33:00-04:00,2.5,4547.040000000012,50.0,2024-05-22T10:21:00-04:00,5.149999999999977,-752.9599999999425,1444.0,2024-05-23T09:35:00-04:00,1.7999999999999972,5947.040000000018,2982.0,2024-05-24T11:13:00-04:00,1.9000000000000004,5747.040000000011,2983.0,2024-05-24T11:14:00-04:00,1.6999999999999993,6147.040000000014,1445.0,2024-05-23T09:36:00-04:00,2.700000000000003,4147.040000000006,3145.0,2024-05-24T13:56:00-04:00,0.9000000000000004,7747.040000000011,3146.0,2024-05-24T13:57:00-04:00,0.8999999999999995,7747.040000000013,3147.0,2024-05-24T13:58:00-04:00,0.75,8047.040000000012,3146.0,2024-05-24T13:57:00-04:00,0.8999999999999995,7747.040000000013,3167.0,2024-05-24T14:18:00-04:00,0.4249999999999998,8697.040000000014,3168.0,2024-05-24T14:19:00-04:00,0.3999999999999999,8747.040000000012,3169.0,2024-05-24T14:20:00-04:00,0.3999999999999999,8747.040000000012,3168.0,2024-05-24T14:19:00-04:00,0.3999999999999999,8747.040000000012,1848
2024-05-22,2024-05-24,2,6.0,2024-05-22T09:31:00-04:00,5.899999999999977,NDXP  240524P18830000,NDXP  240524P18820000,development,False,False,0,0,0,12,0,1187,available,False,2024-05-22T09:31:00-04:00,2024-05-24T15:59:00-04:00,9.899999999999999,-8252.960000000043,1.0,last_observed_quote_not_settlement,1036.0,557,109,6.299999999999983,-1052.9600000000107,2024-05-22T09:32:00-04:00,0.0,5.849999999999994,-152.9600000000334,2024-05-22T09:33:00-04:00,0.0,5.699999999999989,147.03999999997797,2024-05-22T09:36:00-04:00,0.0,6.799999999999983,-2052.9600000000105,2024-05-22T09:41:00-04:00,0.0,5.450000000000017,647.0399999999211,2024-05-22T09:46:00-04:00,0.0,5.650000000000006,247.03999999994383,2024-05-22T10:01:00-04:00,0.0,5.900000000000006,-252.96000000005614,2024-05-22T10:31:00-04:00,0.0,5.75,47.039999999955235,2024-05-22T11:31:00-04:00,0.0,6.0,-452.9600000000448,2024-05-22T16:00:00-04:00,0.0,9.049999999999983,-6552.960000000013,2024-05-23T16:00:00-04:00,0.0,,,2024-05-24T15:59:00-04:00,60.0,,,,,7.0,hit,7.0,hit,1440.0,hit,1598.0,hit,,never_hit,,never_hit,,never_hit,10.0,hit,11.0,hit,11.0,hit,1688.0,hit,1688.0,hit,1763.0,hit,7.900000000000006,231,True,False,False,False,,,,True,True,True,False,3.649999999999979,,,True,True,True,False,3.649999999999979,,,True,True,True,False,3.649999999999979,3158.0,2024-05-24T14:09:00-04:00,2.5999999999999996,6347.039999999956,3159.0,2024-05-24T14:10:00-04:00,2.75,6047.039999999955,3164.0,2024-05-24T14:15:00-04:00,2.8999999999999986,5747.039999999958,3159.0,2024-05-24T14:10:00-04:00,2.75,6047.039999999955,,,,,,,,,,,,,,,,,,,,,,,,,,,,,,,,,,,,,,,,,,,,,,,,,1849
2024-05-22,2024-05-24,2,7.0,2024-05-22T09:31:00-04:00,6.699999999999989,NDXP  240524P18880000,NDXP  240524P18870000,development,False,False,0,0,1,15,0,1184,available,False,2024-05-22T09:31:00-04:00,2024-05-24T15:59:00-04:00,10.0,-6752.960000000023,1.0,last_observed_quote_not_settlement,1036.0,726,139,6.899999999999977,-652.9599999999766,2024-05-22T09:32:00-04:00,0.0,5.600000000000023,1947.0399999999324,2024-05-22T09:33:00-04:00,0.0,6.75,-352.96000000002203,2024-05-22T09:36:00-04:00,0.0,6.950000000000017,-752.9600000000562,2024-05-22T09:41:00-04:00,0.0,7.0,-852.9600000000221,2024-05-22T09:46:00-04:00,0.0,6.800000000000011,-452.9600000000448,2024-05-22T10:01:00-04:00,0.0,6.5,147.03999999997797,2024-05-22T10:31:00-04:00,0.0,6.350000000000023,447.0399999999325,2024-05-22T11:31:00-04:00,0.0,9.050000000000011,-4952.960000000046,2024-05-22T16:00:00-04:00,0.0,9.050000000000011,-4952.960000000046,2024-05-23T16:00:00-04:00,0.0,,,2024-05-24T15:59:00-04:00,60.0,,,,,92.0,hit,1440.0,hit,1440.0,hit,,never_hit,,never_hit,,never_hit,,never_hit,243.0,hit,298.0,hit,13.0,hit,300.0,hit,389.0,hit,1709.0,hit,,,True,True,True,False,2.6999999999999886,,,True,True,True,False,2.6999999999999886,,,True,True,True,False,2.6999999999999886,,,True,True,True,False,2.6999999999999886,,,,,,,,,,,,,,,,,,,,,,,,,,,,,,,,,,,,,,,,,,,,,,,,,,,,,,,,,,,,,,,,,1850
2024-05-28,2024-05-30,2,5.0,2024-05-28T09:31:00-04:00,5.050000000000011,NDXP  240530P18880000,NDXP  240530P18870000,development,False,False,0,0,0,137,0,1062,available,False,2024-05-28T09:31:00-04:00,2024-05-30T15:59:00-04:00,10.0,-10052.959999999975,1.0,last_observed_quote_not_settlement,1037.0,791,68,4.699999999999989,447.0400000000462,2024-05-28T09:32:00-04:00,0.0,4.8999999999999915,47.0400000000405,2024-05-28T09:33:00-04:00,0.0,5.200000000000017,-552.9600000000107,2024-05-28T09:36:00-04:00,0.0,5.400000000000006,-952.959999999988,2024-05-28T09:41:00-04:00,0.0,6.249999999999986,-2652.959999999948,2024-05-28T09:46:00-04:00,0.0,6.599999999999994,-3352.959999999965,2024-05-28T10:01:00-04:00,0.0,5.099999999999994,-352.9599999999652,2024-05-28T10:31:00-04:00,0.0,4.599999999999994,647.0400000000348,2024-05-28T11:31:00-04:00,0.0,4.5,847.0400000000234,2024-05-28T16:00:00-04:00,0.0,8.800000000000011,-7752.960000000001,2024-05-29T16:00:00-04:00,0.0,,,2024-05-30T15:59:00-04:00,60.0,,,,,0.0,hit,1.0,hit,370.0,hit,,never_hit,,never_hit,,never_hit,,never_hit,9.0,hit,15.0,hit,29.0,hit,1441.0,hit,2883.0,hit,2883.0,hit,,,True,True,True,False,1.4000000000000128,,,True,True,True,False,1.4000000000000128,,,True,True,True,False,1.4000000000000128,,,True,True,True,False,1.4000000000000128,,,,,,,,,,,,,,,,,,,,,,,,,,,,,,,,,,,,,,,,,,,,,,,,,,,,,,,,,,,,,,,,,1851
2024-05-28,2024-05-30,2,6.0,2024-05-28T09:31:00-04:00,6.0,NDXP  240530P18930000,NDXP  240530P18920000,development,False,False,0,0,0,143,0,1056,available,False,2024-05-28T09:31:00-04:00,2024-05-30T15:59:00-04:00,10.0,-8152.96,1.0,last_observed_quote_not_settlement,1036.0,849,90,5.349999999999994,1047.040000000012,2024-05-28T09:32:00-04:00,0.0,6.400000000000006,-1052.9600000000107,2024-05-28T09:33:00-04:00,0.0,6.700000000000003,-1652.960000000005,2024-05-28T09:36:00-04:00,0.0,6.299999999999983,-852.9599999999652,2024-05-28T09:41:00-04:00,0.0,7.400000000000006,-3052.9600000000105,2024-05-28T09:46:00-04:00,0.0,7.650000000000034,-3552.9600000000673,2024-05-28T10:01:00-04:00,0.0,5.950000000000017,-152.9600000000334,2024-05-28T10:31:00-04:00,0.0,5.900000000000006,-52.96000000001066,2024-05-28T11:31:00-04:00,0.0,5.950000000000003,-152.96000000000498,2024-05-28T16:00:00-04:00,0.0,9.5,-7252.960000000001,2024-05-29T16:00:00-04:00,0.0,,,2024-05-30T15:59:00-04:00,60.0,,,,,1.0,hit,404.0,hit,3259.0,hit,3259.0,hit,3259.0,hit,,never_hit,,never_hit,5.0,hit,7.0,hit,7.0,hit,18.0,hit,1441.0,hit,1829.0,hit,10.0,845,True,True,True,True,,10.0,845,True,True,True,True,,,,True,True,True,False,4.550000000000011,,,True,True,True,False,4.550000000000011,3259.0,2024-05-30T15:50:00-04:00,1.4499999999999886,8847.040000000025,,,,,,,,,3260.0,2024-05-30T15:51:00-04:00,4.649999999999977,2447.0400000000463,3259.0,2024-05-30T15:50:00-04:00,1.4499999999999886,8847.040000000025,,,,,,,,,3260.0,2024-05-30T15:51:00-04:00,4.649999999999977,2447.0400000000463,,,,,,,,,,,,,,,,,,,,,,,,,,,,,,,,,1852
2024-05-28,2024-05-30,2,7.0,2024-05-28T09:31:00-04:00,7.050000000000011,NDXP  240530P18960000,NDXP  240530P18950000,development,False,False,0,0,0,148,0,1050,available,False,2024-05-28T09:31:00-04:00,2024-05-30T15:58:00-04:00,8.549999999999955,-3252.9599999998873,2.0,last_observed_quote_not_settlement,1036.0,702,66,5.849999999999994,2147.040000000035,2024-05-28T09:32:00-04:00,0.0,6.75,347.04000000002344,2024-05-28T09:33:00-04:00,0.0,6.400000000000006,1047.040000000012,2024-05-28T09:36:00-04:00,0.0,6.25,1347.0400000000234,2024-05-28T09:41:00-04:00,0.0,7.899999999999977,-1952.9599999999311,2024-05-28T09:46:00-04:00,0.0,7.849999999999994,-1852.9599999999652,2024-05-28T10:01:00-04:00,0.0,6.949999999999989,-52.959999999953816,2024-05-28T10:31:00-04:00,0.0,6.400000000000006,1047.040000000012,2024-05-28T11:31:00-04:00,0.0,6.8999999999999915,47.0400000000405,2024-05-28T16:00:00-04:00,0.0,8.999999999999972,-4152.959999999922,2024-05-29T16:00:00-04:00,0.0,,,2024-05-30T15:58:00-04:00,120.0,,,,,404.0,hit,,never_hit,,never_hit,,never_hit,,never_hit,,never_hit,,never_hit,12.0,hit,12.0,hit,0.0,hit,12.0,hit,318.0,hit,1440.0,hit,,,True,True,True,False,1.5500000000000114,,,True,True,True,False,1.5500000000000114,,,True,True,True,False,1.5500000000000114,,,True,True,True,False,1.5500000000000114,,,,,,,,,,,,,,,,,,,,,,,,,,,,,,,,,,,,,,,,,,,,,,,,,,,,,,,,,,,,,,,,,1853
2024-05-28,2024-05-31,3,5.0,2024-05-28T09:31:00-04:00,4.799999999999997,NDXP  240531P18880000,NDXP  240531P18870000,development,False,False,0,0,0,151,0,1453,available,False,2024-05-28T09:31:00-04:00,2024-05-31T15:59:00-04:00,10.0,-10552.960000000005,1.0,last_observed_quote_not_settlement,1037.0,1168,60,4.299999999999997,747.0400000000006,2024-05-28T09:32:00-04:00,0.0,4.549999999999997,247.04000000000067,2024-05-28T09:33:00-04:00,0.0,5.050000000000011,-752.9600000000278,2024-05-28T09:36:00-04:00,0.0,5.099999999999994,-852.9599999999937,2024-05-28T09:41:00-04:00,0.0,5.949999999999989,-2552.9599999999823,2024-05-28T09:46:00-04:00,0.0,5.300000000000011,-1252.9600000000278,2024-05-28T10:01:00-04:00,0.0,4.849999999999994,-352.9599999999936,2024-05-28T10:31:00-04:00,0.0,4.550000000000011,247.03999999997225,2024-05-28T11:31:00-04:00,0.0,4.25,847.039999999995,2024-05-28T16:00:00-04:00,0.0,5.900000000000006,-2452.9600000000164,2024-05-29T16:00:00-04:00,0.0,9.549999999999955,-9752.959999999915,2024-05-30T16:00:00-04:00,0.0,,,2024-05-31T15:59:00-04:00,60.0,0.0,hit,0.0,hit,89.0,hit,,never_hit,,never_hit,,never_hit,,never_hit,9.0,hit,15.0,hit,24.0,hit,2880.0,hit,2929.0,hit,2950.0,hit,,,True,True,True,False,0.9500000000000028,,,True,True,True,False,0.9500000000000028,,,True,True,True,False,0.9500000000000028,,,True,True,True,False,0.9500000000000028,,,,,,,,,,,,,,,,,,,,,,,,,,,,,,,,,,,,,,,,,,,,,,,,,,,,,,,,,,,,,,,,,1854
2024-05-28,2024-05-31,3,6.0,2024-05-28T09:31:00-04:00,6.299999999999983,NDXP  240531P18940000,NDXP  240531P18930000,development,False,False,0,0,0,131,0,1473,available,False,2024-05-28T09:31:00-04:00,2024-05-31T15:59:00-04:00,9.400000000000034,-6452.960000000104,1.0,last_observed_quote_not_settlement,1036.0,1174,142,5.450000000000017,1447.0399999999324,2024-05-28T09:32:00-04:00,0.0,6.150000000000034,47.03999999989839,2024-05-28T09:33:00-04:00,0.0,6.5,-652.9600000000335,2024-05-28T09:36:00-04:00,0.0,6.599999999999994,-852.9600000000221,2024-05-28T09:41:00-04:00,0.0,6.900000000000006,-1452.9600000000448,2024-05-28T09:46:00-04:00,0.0,7.649999999999977,-2952.9599999999878,2024-05-28T10:01:00-04:00,0.0,6.050000000000011,247.03999999994383,2024-05-28T10:31:00-04:00,0.0,5.699999999999974,947.0400000000177,2024-05-28T11:31:00-04:00,0.0,5.200000000000003,1947.0399999999609,2024-05-28T16:00:00-04:00,0.0,6.400000000000006,-452.9600000000448,2024-05-29T16:00:00-04:00,0.0,9.899999999999977,-7452.95999999999,2024-05-30T16:00:00-04:00,0.0,,,2024-05-31T15:59:00-04:00,60.0,1.0,hit,89.0,hit,,never_hit,,never_hit,,never_hit,,never_hit,,never_hit,3.0,hit,3.0,hit,3.0,hit,3.0,hit,2883.0,hit,2887.0,hit,,,True,True,True,False,1.8999999999999773,,,True,True,True,False,1.8999999999999773,,,True,True,True,False,1.8999999999999773,,,True,True,True,False,1.8999999999999773,,,,,,,,,,,,,,,,,,,,,,,,,,,,,,,,,,,,,,,,,,,,,,,,,,,,,,,,,,,,,,,,,1855
2024-05-28,2024-05-31,3,7.0,2024-05-28T09:31:00-04:00,6.850000000000023,NDXP  240531P19000000,NDXP  240531P18990000,development,False,False,0,0,0,133,0,1470,available,False,2024-05-28T09:31:00-04:00,2024-05-31T15:59:00-04:00,9.949999999999989,-6452.959999999933,1.0,last_observed_quote_not_settlement,1037.0,1177,128,7.150000000000006,-852.9599999999652,2024-05-28T09:32:00-04:00,0.0,6.699999999999989,47.04000000006892,2024-05-28T09:33:00-04:00,0.0,7.049999999999983,-652.9599999999198,2024-05-28T09:36:00-04:00,0.0,7.299999999999983,-1152.9599999999198,2024-05-28T09:41:00-04:00,0.0,7.799999999999983,-2152.9599999999195,2024-05-28T09:46:00-04:00,0.0,7.550000000000011,-1652.9599999999766,2024-05-28T10:01:00-04:00,0.0,7.0,-552.9599999999539,2024-05-28T10:31:00-04:00,0.0,6.699999999999989,47.04000000006892,2024-05-28T11:31:00-04:00,0.0,6.0,1447.0400000000461,2024-05-28T16:00:00-04:00,0.0,9.599999999999994,-5752.959999999945,2024-05-29T16:00:00-04:00,0.0,9.600000000000023,-5752.960000000001,2024-05-30T16:00:00-04:00,0.0,,,2024-05-31T15:59:00-04:00,60.0,4700.0,hit,4700.0,hit,,never_hit,,never_hit,,never_hit,,never_hit,,never_hit,4.0,hit,14.0,hit,1.0,hit,16.0,hit,309.0,hit,1829.0,hit,,,True,True,True,False,2.5499999999999545,,,True,True,True,False,2.5499999999999545,,,True,True,True,False,2.5499999999999545,,,True,True,True,False,2.5499999999999545,,,,,,,,,,,,,,,,,,,,,,,,,,,,,,,,,,,,,,,,,,,,,,,,,,,,,,,,,,,,,,,,,1856
2024-05-29,2024-05-31,2,5.0,2024-05-29T09:31:00-04:00,4.949999999999989,NDXP  240531P18770000,NDXP  240531P18760000,development,False,False,0,0,0,103,0,1096,available,False,2024-05-29T09:31:00-04:00,2024-05-31T15:59:00-04:00,10.0,-10252.960000000021,1.0,last_observed_quote_not_settlement,1037.0,644,26,5.049999999999983,-452.95999999998793,2024-05-29T09:32:00-04:00,0.0,4.700000000000017,247.03999999994383,2024-05-29T09:33:00-04:00,0.0,4.950000000000003,-252.96000000002772,2024-05-29T09:36:00-04:00,0.0,4.599999999999994,447.03999999998933,2024-05-29T09:41:00-04:00,0.0,4.849999999999994,-52.96000000001066,2024-05-29T09:46:00-04:00,0.0,4.450000000000017,747.0399999999438,2024-05-29T10:01:00-04:00,0.0,3.750000000000014,2147.0399999999495,2024-05-29T10:31:00-04:00,0.0,4.200000000000003,1247.0399999999722,2024-05-29T11:31:00-04:00,0.0,4.950000000000003,-252.96000000002772,2024-05-29T16:00:00-04:00,0.0,9.550000000000011,-9452.960000000046,2024-05-30T16:00:00-04:00,0.0,,,2024-05-31T15:59:00-04:00,60.0,,,,,0.0,hit,0.0,hit,20.0,hit,,never_hit,,never_hit,,never_hit,,never_hit,239.0,hit,329.0,hit,329.0,hit,1511.0,hit,1534.0,hit,1813.0,hit,,,True,True,True,False,1.799999999999983,,,True,True,True,False,1.799999999999983,,,True,True,True,False,1.799999999999983,,,True,True,True,False,1.799999999999983,,,,,,,,,,,,,,,,,,,,,,,,,,,,,,,,,,,,,,,,,,,,,,,,,,,,,,,,,,,,,,,,,1857
2024-05-29,2024-05-31,2,6.0,2024-05-29T09:31:00-04:00,6.0,NDXP  240531P18820000,NDXP  240531P18810000,development,False,False,0,0,0,122,0,1077,available,False,2024-05-29T09:31:00-04:00,2024-05-31T15:59:00-04:00,10.0,-8152.96,1.0,last_observed_quote_not_settlement,1037.0,601,28,4.850000000000023,2047.0399999999554,2024-05-29T09:32:00-04:00,0.0,5.800000000000011,147.03999999997797,2024-05-29T09:33:00-04:00,0.0,5.0,1747.0400000000006,2024-05-29T09:36:00-04:00,0.0,5.049999999999983,1647.0400000000348,2024-05-29T09:41:00-04:00,0.0,5.349999999999994,1047.040000000012,2024-05-29T09:46:00-04:00,0.0,5.0,1747.0400000000006,2024-05-29T10:01:00-04:00,0.0,4.850000000000023,2047.0399999999554,2024-05-29T10:31:00-04:00,0.0,5.1499999999999915,1447.0400000000177,2024-05-29T11:31:00-04:00,0.0,5.5,747.0400000000006,2024-05-29T16:00:00-04:00,0.0,8.899999999999977,-6052.9599999999555,2024-05-30T16:00:00-04:00,0.0,,,2024-05-31T15:59:00-04:00,60.0,,,,,1.0,hit,1.0,hit,,never_hit,,never_hit,,never_hit,,never_hit,,never_hit,16.0,hit,1440.0,hit,1440.0,hit,1445.0,hit,1521.0,hit,1534.0,hit,,,True,True,True,False,1.75,,,True,True,True,False,1.75,,,True,True,True,False,1.75,,,True,True,True,False,1.75,,,,,,,,,,,,,,,,,,,,,,,,,,,,,,,,,,,,,,,,,,,,,,,,,,,,,,,,,,,,,,,,,1858
2024-05-29,2024-05-31,2,7.0,2024-05-29T09:31:00-04:00,6.900000000000006,NDXP  240531P18870000,NDXP  240531P18860000,development,False,False,0,0,0,127,0,1072,available,False,2024-05-29T09:31:00-04:00,2024-05-31T15:59:00-04:00,10.0,-6352.959999999988,1.0,last_observed_quote_not_settlement,1036.0,621,72,6.75,47.04000000001208,2024-05-29T09:32:00-04:00,0.0,6.0,1547.040000000012,2024-05-29T09:33:00-04:00,0.0,7.25,-952.959999999988,2024-05-29T09:36:00-04:00,0.0,6.5,547.040000000012,2024-05-29T09:41:00-04:00,0.0,6.900000000000006,-252.9599999999993,2024-05-29T09:46:00-04:00,0.0,6.25,1047.040000000012,2024-05-29T10:01:00-04:00,0.0,5.0,3547.0400000000122,2024-05-29T10:31:00-04:00,0.0,6.299999999999983,947.0400000000461,2024-05-29T11:31:00-04:00,0.0,7.949999999999989,-2352.959999999965,2024-05-29T16:00:00-04:00,0.0,9.200000000000045,-4852.960000000081,2024-05-30T16:00:00-04:00,0.0,,,2024-05-31T15:59:00-04:00,60.0,,,,,44.0,hit,55.0,hit,,never_hit,,never_hit,,never_hit,,never_hit,,never_hit,3.0,hit,70.0,hit,3.0,hit,307.0,hit,1447.0,hit,1447.0,hit,,,True,True,True,False,2.450000000000017,,,True,True,True,False,2.450000000000017,,,True,True,True,False,2.450000000000017,,,True,True,True,False,2.450000000000017,,,,,,,,,,,,,,,,,,,,,,,,,,,,,,,,,,,,,,,,,,,,,,,,,,,,,,,,,,,,,,,,,1859
2024-05-31,2024-06-03,3,5.0,2024-05-31T09:31:00-04:00,4.900000000000006,NDXP  240603P18550000,NDXP  240603P18540000,development,False,False,0,0,0,2,0,793,available,True,2024-05-31T09:31:00-04:00,2024-06-03T16:00:00-04:00,0.1,9347.040000000012,0.0,last_observed_quote_not_settlement,3916.0,604,34,4.499999999999986,547.0400000000404,2024-05-31T09:32:00-04:00,0.0,4.749999999999986,47.0400000000405,2024-05-31T09:33:00-04:00,0.0,4.400000000000006,747.0400000000006,2024-05-31T09:36:00-04:00,0.0,4.200000000000003,1147.0400000000063,2024-05-31T09:41:00-04:00,0.0,4.799999999999997,-52.95999999998224,2024-05-31T09:46:00-04:00,0.0,6.300000000000011,-3052.9600000000105,2024-05-31T10:01:00-04:00,0.0,9.300000000000011,-9052.960000000012,2024-05-31T10:31:00-04:00,0.0,4.699999999999989,147.0400000000348,2024-05-31T11:31:00-04:00,0.0,3.250000000000007,3047.0399999999977,2024-05-31T16:00:00-04:00,0.0,,,2024-05-31T16:15:00-04:00,85500.0,,,2024-05-31T16:15:00-04:00,171900.0,0.1,9347.040000000012,2024-06-03T16:00:00-04:00,0.0,0.0,hit,0.0,hit,17.0,hit,17.0,hit,4320.0,hit,4323.0,hit,4323.0,hit,23.0,hit,26.0,hit,26.0,hit,54.0,hit,60.0,hit,121.0,hit,4.949999999999989,1,False,False,False,False,,10.0,370,True,True,True,True,,10.0,370,True,True,True,True,,10.0,370,True,True,True,True,,17.0,2024-05-31T09:48:00-04:00,2.6499999999999915,4247.040000000029,4321.0,2024-06-03T09:32:00-04:00,1.5999999999999996,6347.040000000013,4322.0,2024-06-03T09:33:00-04:00,1.6000000000000014,6347.040000000009,18.0,2024-05-31T09:49:00-04:00,4.75,47.04000000001208,4320.0,2024-06-03T09:31:00-04:00,1.6500000000000021,6247.040000000008,4321.0,2024-06-03T09:32:00-04:00,1.5999999999999996,6347.040000000013,4322.0,2024-06-03T09:33:00-04:00,1.6000000000000014,6347.040000000009,4321.0,2024-06-03T09:32:00-04:00,1.5999999999999996,6347.040000000013,4323.0,2024-06-03T09:34:00-04:00,0.5,8547.040000000014,4706.0,2024-06-03T15:57:00-04:00,0.49999999999999994,8547.040000000014,4707.0,2024-06-03T15:58:00-04:00,0.42500000000000004,8697.040000000014,4324.0,2024-06-03T09:35:00-04:00,1.5500000000000007,6447.040000000011,4707.0,2024-06-03T15:58:00-04:00,0.42500000000000004,8697.040000000014,4708.0,2024-06-03T15:59:00-04:00,0.050000000000000044,9447.040000000014,4709.0,2024-06-03T16:00:00-04:00,0.1,9347.040000000012,4708.0,2024-06-03T15:59:00-04:00,0.050000000000000044,9447.040000000014,1860
2024-05-31,2024-06-03,3,6.0,2024-05-31T09:31:00-04:00,6.2999999999999545,NDXP  240603P18670000,NDXP  240603P18660000,development,False,False,0,0,0,54,0,740,available,True,2024-05-31T09:31:00-04:00,2024-06-03T15:59:00-04:00,10.0,-7552.960000000091,1.0,last_observed_quote_not_settlement,3916.0,637,13,6.75,-1152.9600000000903,2024-05-31T09:32:00-04:00,0.0,6.900000000000006,-1452.9600000001017,2024-05-31T09:33:00-04:00,0.0,7.050000000000011,-1752.960000000113,2024-05-31T09:36:00-04:00,0.0,6.249999999999972,-152.9600000000334,2024-05-31T09:41:00-04:00,0.0,7.150000000000034,-1952.9600000001585,2024-05-31T09:46:00-04:00,0.0,8.200000000000017,-4052.960000000126,2024-05-31T10:01:00-04:00,0.0,9.700000000000045,-7052.960000000183,2024-05-31T10:31:00-04:00,0.0,10.0,-7552.960000000091,2024-05-31T11:31:00-04:00,0.0,7.499999999999972,-2652.9600000000332,2024-05-31T16:00:00-04:00,0.0,,,2024-05-31T16:15:00-04:00,85500.0,,,2024-05-31T16:15:00-04:00,171900.0,,,2024-06-03T15:59:00-04:00,60.0,4320.0,hit,4320.0,hit,4325.0,hit,4343.0,hit,,never_hit,,never_hit,,never_hit,2.0,hit,4.0,hit,3.0,hit,25.0,hit,26.0,hit,46.0,hit,10.0,363,True,True,True,True,,,,True,True,True,False,4.0499999999999545,,,True,True,True,False,4.0499999999999545,,,True,True,True,False,4.0499999999999545,4343.0,2024-06-03T09:54:00-04:00,2.25,7847.03999999991,,,,,,,,,4344.0,2024-06-03T09:55:00-04:00,5.549999999999997,1247.0399999999154,,,,,,,,,,,,,,,,,,,,,,,,,,,,,,,,,,,,,,,,,,,,,,,,,1861
2024-05-31,2024-06-03,3,7.0,2024-05-31T09:31:00-04:00,7.0,NDXP  240603P18690000,NDXP  240603P18680000,development,False,False,0,0,0,46,0,748,available,True,2024-05-31T09:31:00-04:00,2024-06-03T15:59:00-04:00,10.0,-6152.96,1.0,last_observed_quote_not_settlement,3916.0,634,20,6.799999999999983,147.0400000000348,2024-05-31T09:32:00-04:00,0.0,6.900000000000006,-52.96000000001066,2024-05-31T09:33:00-04:00,0.0,7.749999999999972,-1752.9599999999425,2024-05-31T09:36:00-04:00,0.0,6.800000000000011,147.03999999997797,2024-05-31T09:41:00-04:00,0.0,7.450000000000017,-1152.9600000000335,2024-05-31T09:46:00-04:00,0.0,7.850000000000023,-1952.9600000000448,2024-05-31T10:01:00-04:00,0.0,8.949999999999932,-4152.9599999998645,2024-05-31T10:31:00-04:00,0.0,,,2024-05-31T11:30:00-04:00,60.0,7.950000000000017,-2152.960000000035,2024-05-31T16:00:00-04:00,0.0,,,2024-05-31T16:15:00-04:00,85500.0,,,2024-05-31T16:15:00-04:00,171900.0,,,2024-06-03T15:59:00-04:00,60.0,4321.0,hit,4326.0,hit,4334.0,hit,4334.0,hit,4334.0,hit,,never_hit,,never_hit,3.0,hit,25.0,hit,0.0,hit,25.0,hit,33.0,hit,51.0,hit,10.0,353,True,True,True,True,,10.0,353,True,True,True,True,,,,True,True,True,False,5.199999999999996,,,True,True,True,False,5.199999999999996,4334.0,2024-06-03T09:45:00-04:00,1.8000000000000043,10147.039999999994,,,,,,,,,4335.0,2024-06-03T09:46:00-04:00,3.9499999999999957,5847.040000000009,4334.0,2024-06-03T09:45:00-04:00,1.8000000000000043,10147.039999999994,,,,,,,,,4335.0,2024-06-03T09:46:00-04:00,3.9499999999999957,5847.040000000009,,,,,,,,,,,,,,,,,,,,,,,,,,,,,,,,,1862
2024-06-03,2024-06-05,2,5.0,2024-06-03T09:31:00-04:00,4.8999999999999915,NDXP  240605P18700000,NDXP  240605P18690000,development,True,False,0,0,0,9,15,1191,available,True,2024-06-03T09:31:00-04:00,2024-06-05T15:59:00-04:00,0.049999999999999996,9447.039999999985,1.0,last_observed_quote_not_settlement,1036.0,775,26,5.099999999999994,-652.960000000005,2024-06-03T09:32:00-04:00,0.0,4.900000000000006,-252.96000000002772,2024-06-03T09:33:00-04:00,0.0,4.75,47.03999999998366,2024-06-03T09:36:00-04:00,0.0,4.900000000000006,-252.96000000002772,2024-06-03T09:41:00-04:00,0.0,4.349999999999994,847.039999999995,2024-06-03T09:46:00-04:00,0.0,5.299999999999997,-1052.9600000000107,2024-06-03T10:01:00-04:00,0.0,5.150000000000006,-752.9600000000278,2024-06-03T10:31:00-04:00,0.0,5.850000000000023,-2152.960000000062,2024-06-03T11:31:00-04:00,0.0,6.75,-3952.9600000000164,2024-06-03T16:00:00-04:00,0.0,6.0,-2452.9600000000164,2024-06-04T16:00:00-04:00,0.0,,,2024-06-05T15:59:00-04:00,60.0,,,,,0.0,hit,0.0,hit,14.0,hit,1669.0,hit,1669.0,hit,2935.0,hit,2970.0,hit,3.0,hit,3.0,hit,3.0,hit,124.0,hit,124.0,hit,232.0,hit,9.650000000000034,615,True,True,True,True,,9.650000000000034,615,True,True,True,True,,9.650000000000034,775,True,True,True,True,,9.650000000000034,775,True,True,True,True,,1669.0,2024-06-04T13:20:00-04:00,1.6499999999999773,6247.040000000029,2881.0,2024-06-05T09:32:00-04:00,2.3000000000000007,4947.039999999982,2882.0,2024-06-05T09:33:00-04:00,2.1000000000000014,5347.039999999981,1670.0,2024-06-04T13:21:00-04:00,6.950000000000017,-4352.96000000005,1669.0,2024-06-04T13:20:00-04:00,1.6499999999999773,6247.040000000029,2903.0,2024-06-05T09:54:00-04:00,1.75,6047.039999999984,2904.0,2024-06-05T09:55:00-04:00,1.9499999999999993,5647.039999999985,1670.0,2024-06-04T13:21:00-04:00,6.950000000000017,-4352.96000000005,2940.0,2024-06-05T10:31:00-04:00,0.8499999999999996,7847.0399999999845,2941.0,2024-06-05T10:32:00-04:00,0.8499999999999996,7847.0399999999845,2942.0,2024-06-05T10:33:00-04:00,0.7999999999999998,7947.039999999984,2941.0,2024-06-05T10:32:00-04:00,0.8499999999999996,7847.0399999999845,2971.0,2024-06-05T11:02:00-04:00,0.40000000000000036,8747.039999999985,2972.0,2024-06-05T11:03:00-04:00,0.40000000000000036,8747.039999999985,2982.0,2024-06-05T11:13:00-04:00,0.40000000000000036,8747.039999999985,2972.0,2024-06-05T11:03:00-04:00,0.40000000000000036,8747.039999999985,1863
2024-06-03,2024-06-05,2,6.0,2024-06-03T09:31:00-04:00,5.899999999999977,NDXP  240605P18760000,NDXP  240605P18750000,development,True,False,0,0,0,22,15,1178,available,True,2024-06-03T09:31:00-04:00,2024-06-05T16:00:00-04:00,9.875,-8202.960000000046,0.0,last_observed_quote_not_settlement,1036.0,778,31,6.449999999999989,-1352.960000000022,2024-06-03T09:32:00-04:00,0.0,6.650000000000006,-1752.9600000000562,2024-06-03T09:33:00-04:00,0.0,5.200000000000017,1147.039999999921,2024-06-03T09:36:00-04:00,0.0,6.349999999999994,-1152.9600000000335,2024-06-03T09:41:00-04:00,0.0,5.650000000000006,247.03999999994383,2024-06-03T09:46:00-04:00,0.0,5.949999999999989,-352.96000000002203,2024-06-03T10:01:00-04:00,0.0,7.949999999999989,-4352.960000000022,2024-06-03T10:31:00-04:00,0.0,8.050000000000011,-4552.960000000069,2024-06-03T11:31:00-04:00,0.0,8.199999999999989,-4852.960000000024,2024-06-03T16:00:00-04:00,0.0,6.849999999999994,-2152.9600000000332,2024-06-04T16:00:00-04:00,0.0,9.875,-8202.960000000046,2024-06-05T16:00:00-04:00,0.0,,,,,4.0,hit,4.0,hit,2880.0,hit,2903.0,hit,2940.0,hit,2971.0,hit,3005.0,hit,1.0,hit,22.0,hit,24.0,hit,36.0,hit,73.0,hit,181.0,hit,9.950000000000045,778,True,True,True,True,,9.950000000000045,778,True,True,True,True,,9.950000000000045,778,True,True,True,True,,9.950000000000045,778,True,True,True,True,,2910.0,2024-06-05T10:01:00-04:00,2.0999999999999943,7347.039999999966,2934.0,2024-06-05T10:25:00-04:00,2.4499999999999957,6647.039999999964,2935.0,2024-06-05T10:26:00-04:00,2.1000000000000014,7347.039999999953,2911.0,2024-06-05T10:02:00-04:00,3.1999999999999957,5147.039999999964,2940.0,2024-06-05T10:31:00-04:00,1.7500000000000018,8047.039999999952,2941.0,2024-06-05T10:32:00-04:00,1.700000000000001,8147.039999999953,2942.0,2024-06-05T10:33:00-04:00,1.4000000000000004,8747.039999999955,2941.0,2024-06-05T10:32:00-04:00,1.700000000000001,8147.039999999953,2972.0,2024-06-05T11:03:00-04:00,0.9499999999999993,9647.039999999957,2975.0,2024-06-05T11:06:00-04:00,0.8500000000000014,9847.039999999954,2979.0,2024-06-05T11:10:00-04:00,0.9499999999999993,9647.039999999957,2973.0,2024-06-05T11:04:00-04:00,1.0,9547.039999999955,3052.0,2024-06-05T12:23:00-04:00,0.39999999999999947,10747.039999999957,3053.0,2024-06-05T12:24:00-04:00,0.40000000000000036,10747.039999999955,3058.0,2024-06-05T12:29:00-04:00,0.39999999999999947,10747.039999999957,3053.0,2024-06-05T12:24:00-04:00,0.40000000000000036,10747.039999999955,1864
2024-06-03,2024-06-05,2,7.0,2024-06-03T09:31:00-04:00,7.25,NDXP  240605P18790000,NDXP  240605P18780000,development,True,False,0,0,1,30,15,1169,available,True,2024-06-03T09:31:00-04:00,2024-06-05T15:54:00-04:00,0.024999999999999994,14197.04,6.0,last_observed_quote_not_settlement,1036.0,714,55,6.900000000000006,447.03999999998933,2024-06-03T09:32:00-04:00,0.0,6.299999999999983,1647.0400000000348,2024-06-03T09:33:00-04:00,0.0,6.149999999999977,1947.0400000000461,2024-06-03T09:36:00-04:00,0.0,5.749999999999972,2747.0400000000577,2024-06-03T09:41:00-04:00,0.0,6.349999999999994,1547.040000000012,2024-06-03T09:46:00-04:00,0.0,7.900000000000006,-1552.9600000000107,2024-06-03T10:01:00-04:00,0.0,6.650000000000006,947.0399999999893,2024-06-03T10:31:00-04:00,0.0,6.900000000000006,447.03999999998933,2024-06-03T11:31:00-04:00,0.0,8.75,-3252.960000000001,2024-06-03T16:00:00-04:00,0.0,6.600000000000023,1047.0399999999552,2024-06-04T16:00:00-04:00,0.0,,,2024-06-05T15:54:00-04:00,360.0,,,,,2880.0,hit,2881.0,hit,2894.0,hit,2894.0,hit,2894.0,hit,2985.0,hit,3052.0,hit,14.0,hit,81.0,hit,0.0,hit,14.0,hit,82.0,hit,153.0,hit,10.0,714,True,True,True,True,,10.0,714,True,True,True,True,,10.0,714,True,True,True,True,,10.0,714,True,True,True,True,,2894.0,2024-06-05T09:45:00-04:00,1.6000000000000085,11047.039999999985,2938.0,2024-06-05T10:29:00-04:00,2.849999999999998,8547.040000000006,2939.0,2024-06-05T10:30:00-04:00,2.900000000000002,8447.039999999997,2895.0,2024-06-05T09:46:00-04:00,4.3999999999999915,5447.040000000018,2894.0,2024-06-05T09:45:00-04:00,1.6000000000000085,11047.039999999985,2945.0,2024-06-05T10:36:00-04:00,1.8999999999999986,10447.040000000005,2951.0,2024-06-05T10:42:00-04:00,1.8499999999999979,10547.040000000006,2895.0,2024-06-05T09:46:00-04:00,4.3999999999999915,5447.040000000018,2985.0,2024-06-05T11:16:00-04:00,0.8999999999999986,12447.040000000005,2986.0,2024-06-05T11:17:00-04:00,0.9499999999999993,12347.040000000003,2987.0,2024-06-05T11:18:00-04:00,0.8000000000000007,12647.04,2986.0,2024-06-05T11:17:00-04:00,0.9499999999999993,12347.040000000003,3059.0,2024-06-05T12:30:00-04:00,0.4499999999999993,13347.040000000003,3066.0,2024-06-05T12:37:00-04:00,0.40000000000000036,13447.04,3067.0,2024-06-05T12:38:00-04:00,0.34999999999999964,13547.040000000003,3060.0,2024-06-05T12:31:00-04:00,0.5,13247.04,1865
2024-06-03,2024-06-06,3,5.0,2024-06-03T09:31:00-04:00,4.900000000000006,NDXP  240606P18690000,NDXP  240606P18680000,development,True,False,0,0,0,8,0,1597,available,True,2024-06-03T09:31:00-04:00,2024-06-06T15:59:00-04:00,0.0,9547.040000000014,1.0,last_observed_quote_not_settlement,1036.0,732,31,4.800000000000011,-52.96000000001066,2024-06-03T09:32:00-04:00,0.0,4.75,47.04000000001208,2024-06-03T09:33:00-04:00,0.0,4.75,47.04000000001208,2024-06-03T09:36:00-04:00,0.0,4.25,1047.040000000012,2024-06-03T09:41:00-04:00,0.0,4.199999999999989,1147.0400000000348,2024-06-03T09:46:00-04:00,0.0,4.3500000000000085,847.039999999995,2024-06-03T10:01:00-04:00,0.0,5.25,-952.959999999988,2024-06-03T10:31:00-04:00,0.0,6.400000000000006,-3252.959999999999,2024-06-03T11:31:00-04:00,0.0,6.25,-2952.9599999999878,2024-06-03T16:00:00-04:00,0.0,5.250000000000014,-952.9600000000164,2024-06-04T16:00:00-04:00,0.0,0.2749999999999999,8997.040000000012,2024-06-05T16:00:00-04:00,0.0,,,2024-06-06T15:59:00-04:00,60.0,0.0,hit,0.0,hit,14.0,hit,2880.0,hit,2909.0,hit,2985.0,hit,3130.0,hit,22.0,hit,25.0,hit,25.0,hit,165.0,hit,,never_hit,,never_hit,8.749999999999943,732,True,True,False,False,,8.749999999999943,732,True,True,False,False,,8.749999999999943,732,True,True,False,False,,8.749999999999943,732,True,True,False,False,,2880.0,2024-06-05T09:31:00-04:00,2.9499999999999957,3647.0400000000204,2881.0,2024-06-05T09:32:00-04:00,2.6000000000000014,4347.040000000009,2882.0,2024-06-05T09:33:00-04:00,2.75,4047.040000000012,2881.0,2024-06-05T09:32:00-04:00,2.6000000000000014,4347.040000000009,2910.0,2024-06-05T10:01:00-04:00,1.9499999999999957,5647.040000000021,2940.0,2024-06-05T10:31:00-04:00,1.9000000000000021,5747.040000000008,2941.0,2024-06-05T10:32:00-04:00,1.7000000000000028,6147.040000000006,2911.0,2024-06-05T10:02:00-04:00,2.549999999999997,4447.040000000018,2992.0,2024-06-05T11:23:00-04:00,0.8999999999999986,7747.0400000000145,3013.0,2024-06-05T11:44:00-04:00,0.9499999999999993,7647.040000000014,3014.0,2024-06-05T11:45:00-04:00,0.9000000000000004,7747.040000000011,2993.0,2024-06-05T11:24:00-04:00,0.9500000000000011,7647.04000000001,3146.0,2024-06-05T13:57:00-04:00,0.4499999999999993,8647.040000000014,3180.0,2024-06-05T14:31:00-04:00,0.3000000000000007,8947.040000000012,3212.0,2024-06-05T15:03:00-04:00,0.40000000000000036,8747.040000000012,3147.0,2024-06-05T13:58:00-04:00,0.5499999999999989,8447.040000000015,1866
2024-06-03,2024-06-06,3,6.0,2024-06-03T09:31:00-04:00,6.099999999999994,NDXP  240606P18750000,NDXP  240606P18740000,development,True,False,0,0,0,44,0,1561,available,True,2024-06-03T09:31:00-04:00,2024-06-06T15:30:00-04:00,0.0,11947.03999999999,30.0,last_observed_quote_not_settlement,1036.0,674,62,6.099999999999994,-252.9599999999993,2024-06-03T09:32:00-04:00,0.0,5.600000000000023,747.0399999999438,2024-06-03T09:33:00-04:00,0.0,6.199999999999989,-452.95999999998793,2024-06-03T09:36:00-04:00,0.0,5.400000000000006,1147.039999999978,2024-06-03T09:41:00-04:00,0.0,5.1000000000000085,1747.0399999999722,2024-06-03T09:46:00-04:00,0.0,5.5,947.0399999999893,2024-06-03T10:01:00-04:00,0.0,4.5,2947.0399999999895,2024-06-03T10:31:00-04:00,0.0,7.199999999999989,-2452.9599999999878,2024-06-03T11:31:00-04:00,0.0,6.800000000000011,-1652.9600000000335,2024-06-03T16:00:00-04:00,0.0,5.349999999999994,1247.0400000000006,2024-06-04T16:00:00-04:00,0.0,0.40000000000000036,11147.03999999999,2024-06-05T16:00:00-04:00,0.0,,,2024-06-06T15:30:00-04:00,1800.0,3.0,hit,3.0,hit,3.0,hit,2935.0,hit,2974.0,hit,3094.0,hit,3247.0,hit,23.0,hit,80.0,hit,80.0,hit,104.0,hit,202.0,hit,222.0,hit,10.0,674,True,True,True,True,,10.0,674,True,True,True,True,,10.0,674,True,True,True,True,,10.0,674,True,True,True,True,,2936.0,2024-06-05T10:27:00-04:00,2.8500000000000014,6247.039999999986,2937.0,2024-06-05T10:28:00-04:00,2.749999999999993,6447.040000000004,2938.0,2024-06-05T10:29:00-04:00,2.8500000000000085,6247.039999999973,2937.0,2024-06-05T10:28:00-04:00,2.749999999999993,6447.040000000004,2977.0,2024-06-05T11:08:00-04:00,1.8499999999999979,8247.039999999994,2978.0,2024-06-05T11:09:00-04:00,1.8999999999999986,8147.039999999993,2983.0,2024-06-05T11:14:00-04:00,1.8000000000000007,8347.039999999988,2978.0,2024-06-05T11:09:00-04:00,1.8999999999999986,8147.039999999993,3100.0,2024-06-05T13:11:00-04:00,0.9499999999999993,10047.039999999992,3145.0,2024-06-05T13:56:00-04:00,0.9000000000000004,10147.03999999999,3146.0,2024-06-05T13:57:00-04:00,0.8500000000000014,10247.039999999988,3101.0,2024-06-05T13:12:00-04:00,0.9500000000000011,10047.039999999988,3259.0,2024-06-05T15:50:00-04:00,0.34999999999999964,11247.039999999992,3266.0,2024-06-05T15:57:00-04:00,0.40000000000000036,11147.03999999999,3275.0,2024-06-05T16:06:00-04:00,0.39999999999999947,11147.039999999992,3260.0,2024-06-05T15:51:00-04:00,0.7999999999999998,10347.03999999999,1867
2024-06-03,2024-06-06,3,7.0,2024-06-03T09:31:00-04:00,6.949999999999989,NDXP  240606P18910000,NDXP  240606P18900000,development,True,False,0,0,0,44,0,1560,available,True,2024-06-03T09:31:00-04:00,2024-06-06T15:59:00-04:00,0.0,13647.039999999979,1.0,last_observed_quote_not_settlement,1036.0,753,17,8.75,-3852.9600000000237,2024-06-03T09:32:00-04:00,0.0,8.099999999999966,-2552.9599999999555,2024-06-03T09:33:00-04:00,0.0,8.199999999999989,-2752.960000000001,2024-06-03T09:36:00-04:00,0.0,8.25,-2852.9600000000237,2024-06-03T09:41:00-04:00,0.0,8.150000000000006,-2652.960000000035,2024-06-03T09:46:00-04:00,0.0,8.600000000000023,-3552.960000000069,2024-06-03T10:01:00-04:00,0.0,8.5,-3352.9600000000237,2024-06-03T10:31:00-04:00,0.0,8.75,-3852.9600000000237,2024-06-03T11:31:00-04:00,0.0,9.5,-5352.960000000024,2024-06-03T16:00:00-04:00,0.0,9.099999999999966,-4552.9599999999555,2024-06-04T16:00:00-04:00,0.0,1.0,11647.039999999979,2024-06-05T16:00:00-04:00,0.0,,,2024-06-06T15:59:00-04:00,60.0,2910.0,hit,2947.0,hit,2990.0,hit,2990.0,hit,2990.0,hit,3269.0,hit,4386.0,hit,1.0,hit,1.0,hit,1.0,hit,1.0,hit,21.0,hit,31.0,hit,10.0,753,True,True,True,True,,10.0,753,True,True,True,True,,10.0,753,True,True,True,True,,10.0,753,True,True,True,True,,2990.0,2024-06-05T11:21:00-04:00,1.9500000000000028,9747.039999999974,3179.0,2024-06-05T14:30:00-04:00,2.75,8147.039999999978,3180.0,2024-06-05T14:31:00-04:00,2.8499999999999943,7947.039999999989,2991.0,2024-06-05T11:22:00-04:00,4.149999999999977,5347.040000000024,3265.0,2024-06-05T15:56:00-04:00,1.6999999999999993,10247.03999999998,3266.0,2024-06-05T15:57:00-04:00,1.9000000000000057,9847.039999999968,3267.0,2024-06-05T15:58:00-04:00,1.8999999999999986,9847.03999999998,3266.0,2024-06-05T15:57:00-04:00,1.9000000000000057,9847.039999999968,4326.0,2024-06-06T09:37:00-04:00,0.8499999999999996,11947.039999999979,4387.0,2024-06-06T10:38:00-04:00,0.75,12147.039999999979,4388.0,2024-06-06T10:39:00-04:00,0.8500000000000005,11947.039999999977,4327.0,2024-06-06T09:38:00-04:00,1.0999999999999979,11447.039999999983,4386.0,2024-06-06T10:37:00-04:00,0.09999999999999964,13447.039999999979,4557.0,2024-06-06T13:28:00-04:00,0.44999999999999973,12747.039999999979,4558.0,2024-06-06T13:29:00-04:00,0.37500000000000044,12897.039999999977,4387.0,2024-06-06T10:38:00-04:00,0.75,12147.039999999979,1868
2024-06-04,2024-06-06,2,5.0,2024-06-04T09:31:00-04:00,5.0,NDXP  240606P18710000,NDXP  240606P18700000,development,False,False,0,0,0,7,15,1193,available,False,2024-06-04T09:31:00-04:00,2024-06-06T16:00:00-04:00,0.0,9747.04,0.0,last_observed_quote_not_settlement,1036.0,382,18,6.050000000000011,-2352.960000000022,2024-06-04T09:32:00-04:00,0.0,6.800000000000011,-3852.960000000022,2024-06-04T09:33:00-04:00,0.0,7.199999999999989,-4652.959999999976,2024-06-04T09:36:00-04:00,0.0,6.750000000000028,-3752.960000000056,2024-06-04T09:41:00-04:00,0.0,6.100000000000023,-2452.9600000000446,2024-06-04T09:46:00-04:00,0.0,5.550000000000011,-1352.960000000022,2024-06-04T10:01:00-04:00,0.0,6.049999999999983,-2352.959999999965,2024-06-04T10:31:00-04:00,0.0,6.849999999999994,-3952.9599999999878,2024-06-04T11:31:00-04:00,0.0,4.8999999999999915,-52.95999999998224,2024-06-04T16:00:00-04:00,0.0,0.34999999999999964,9047.040000000003,2024-06-05T16:00:00-04:00,0.0,0.0,9747.04,2024-06-06T16:00:00-04:00,0.0,,,,,0.0,hit,0.0,hit,229.0,hit,1444.0,hit,1500.0,hit,1568.0,hit,1732.0,hit,1.0,hit,1.0,hit,5.0,hit,92.0,hit,,never_hit,,never_hit,8.899999999999977,382,True,True,False,False,,8.899999999999977,382,True,True,False,False,,8.899999999999977,382,True,True,False,False,,8.899999999999977,382,True,True,False,False,,1462.0,2024-06-05T09:53:00-04:00,2.8000000000000043,4147.039999999992,1463.0,2024-06-05T09:54:00-04:00,2.799999999999997,4147.040000000006,1464.0,2024-06-05T09:55:00-04:00,2.8999999999999986,3947.0400000000036,1463.0,2024-06-05T09:54:00-04:00,2.799999999999997,4147.040000000006,1501.0,2024-06-05T10:32:00-04:00,1.8499999999999979,6047.0400000000045,1504.0,2024-06-05T10:35:00-04:00,1.8499999999999979,6047.0400000000045,1505.0,2024-06-05T10:36:00-04:00,1.7000000000000028,6347.039999999995,1502.0,2024-06-05T10:33:00-04:00,1.9500000000000028,5847.039999999995,1571.0,2024-06-05T11:42:00-04:00,0.9499999999999993,7847.040000000002,1572.0,2024-06-05T11:43:00-04:00,0.9499999999999993,7847.040000000002,1627.0,2024-06-05T12:38:00-04:00,0.9499999999999993,7847.040000000002,1572.0,2024-06-05T11:43:00-04:00,0.9499999999999993,7847.040000000002,1755.0,2024-06-05T14:46:00-04:00,0.4499999999999993,8847.040000000003,1785.0,2024-06-05T15:16:00-04:00,0.35000000000000053,9047.04,1791.0,2024-06-05T15:22:00-04:00,0.3999999999999986,8947.040000000005,1756.0,2024-06-05T14:47:00-04:00,0.5499999999999989,8647.040000000005,1869
2024-06-04,2024-06-06,2,6.0,2024-06-04T09:31:00-04:00,6.100000000000023,NDXP  240606P18660000,NDXP  240606P18650000,development,False,False,0,0,0,73,15,1127,available,False,2024-06-04T09:31:00-04:00,2024-06-06T16:00:00-04:00,9.95,-7952.959999999955,0.0,last_observed_quote_not_settlement,1037.0,111,89,5.75,447.0400000000462,2024-06-04T09:32:00-04:00,0.0,6.600000000000023,-1252.9599999999994,2024-06-04T09:33:00-04:00,0.0,6.599999999999994,-1252.9599999999425,2024-06-04T09:36:00-04:00,0.0,5.800000000000011,347.04000000002344,2024-06-04T09:41:00-04:00,0.0,5.550000000000011,847.0400000000234,2024-06-04T09:46:00-04:00,0.0,5.650000000000006,647.0400000000348,2024-06-04T10:01:00-04:00,0.0,5.949999999999989,47.04000000006892,2024-06-04T10:31:00-04:00,0.0,6.300000000000011,-652.9599999999766,2024-06-04T11:31:00-04:00,0.0,4.5,2947.0400000000463,2024-06-04T16:00:00-04:00,0.0,0.2250000000000001,11497.040000000046,2024-06-05T16:00:00-04:00,0.0,9.95,-7952.959999999955,2024-06-06T16:00:00-04:00,0.0,,,,,8.0,hit,61.0,hit,71.0,hit,394.0,hit,1471.0,hit,1534.0,hit,1573.0,hit,2.0,hit,28.0,hit,28.0,hit,116.0,hit,3269.0,hit,3269.0,hit,8.949999999999989,111,True,True,False,False,,8.949999999999989,111,True,True,False,False,,8.949999999999989,111,True,True,False,False,,8.949999999999989,111,True,True,False,False,,394.0,2024-06-04T16:05:00-04:00,2.049999999999997,7847.040000000052,1441.0,2024-06-05T09:32:00-04:00,2.3999999999999986,7147.040000000049,1442.0,2024-06-05T09:33:00-04:00,2.4000000000000057,7147.0400000000345,395.0,2024-06-04T16:06:00-04:00,4.700000000000017,2547.0400000000122,1471.0,2024-06-05T10:02:00-04:00,1.9499999999999993,8047.040000000047,1472.0,2024-06-05T10:03:00-04:00,1.8499999999999943,8247.040000000059,1495.0,2024-06-05T10:26:00-04:00,1.8500000000000014,8247.040000000045,1472.0,2024-06-05T10:03:00-04:00,1.8499999999999943,8247.040000000059,1536.0,2024-06-05T11:07:00-04:00,0.9499999999999993,10047.040000000048,1544.0,2024-06-05T11:15:00-04:00,0.8000000000000007,10347.040000000046,1545.0,2024-06-05T11:16:00-04:00,0.8000000000000007,10347.040000000046,1537.0,2024-06-05T11:08:00-04:00,1.0,9947.040000000046,1656.0,2024-06-05T13:07:00-04:00,0.4499999999999993,11047.040000000048,1657.0,2024-06-05T13:08:00-04:00,0.4499999999999993,11047.040000000048,1689.0,2024-06-05T13:40:00-04:00,0.4499999999999993,11047.040000000048,1657.0,2024-06-05T13:08:00-04:00,0.4499999999999993,11047.040000000048,1870
2024-06-04,2024-06-06,2,7.0,2024-06-04T09:31:00-04:00,6.900000000000006,NDXP  240606P18780000,NDXP  240606P18770000,development,False,False,0,0,0,30,15,1170,available,False,2024-06-04T09:31:00-04:00,2024-06-06T15:57:00-04:00,0.0,13547.040000000014,3.0,last_observed_quote_not_settlement,1036.0,332,35,7.549999999999983,-1552.9599999999539,2024-06-04T09:32:00-04:00,0.0,7.7000000000000455,-1852.960000000079,2024-06-04T09:33:00-04:00,0.0,7.949999999999989,-2352.959999999965,2024-06-04T09:36:00-04:00,0.0,7.500000000000028,-1452.9600000000448,2024-06-04T09:41:00-04:00,0.0,7.349999999999994,-1152.9599999999766,2024-06-04T09:46:00-04:00,0.0,7.549999999999983,-1552.9599999999539,2024-06-04T10:01:00-04:00,0.0,7.900000000000006,-2252.959999999999,2024-06-04T10:31:00-04:00,0.0,8.100000000000023,-2652.960000000035,2024-06-04T11:31:00-04:00,0.0,6.949999999999989,-352.9599999999652,2024-06-04T16:00:00-04:00,0.0,0.5,12547.040000000014,2024-06-05T16:00:00-04:00,0.0,,,2024-06-06T15:57:00-04:00,180.0,,,,,1440.0,hit,1440.0,hit,1442.0,hit,1501.0,hit,1545.0,hit,1740.0,hit,1825.0,hit,1.0,hit,3.0,hit,1.0,hit,3.0,hit,,never_hit,,never_hit,8.949999999999989,332,True,True,False,False,,8.949999999999989,332,True,True,False,False,,8.949999999999989,332,True,True,False,False,,8.949999999999989,332,True,True,False,False,,1501.0,2024-06-05T10:32:00-04:00,2.8499999999999943,7847.040000000024,1502.0,2024-06-05T10:33:00-04:00,2.799999999999997,7947.040000000018,1503.0,2024-06-05T10:34:00-04:00,2.5999999999999943,8347.040000000025,1502.0,2024-06-05T10:33:00-04:00,2.799999999999997,7947.040000000018,1547.0,2024-06-05T11:18:00-04:00,1.8500000000000014,9847.04000000001,1553.0,2024-06-05T11:24:00-04:00,1.9499999999999993,9647.040000000014,1563.0,2024-06-05T11:34:00-04:00,1.8999999999999986,9747.040000000015,1548.0,2024-06-05T11:19:00-04:00,1.9500000000000028,9647.040000000008,1748.0,2024-06-05T14:39:00-04:00,0.9499999999999993,11647.040000000014,1757.0,2024-06-05T14:48:00-04:00,0.9499999999999993,11647.040000000014,1758.0,2024-06-05T14:49:00-04:00,0.9499999999999993,11647.040000000014,1749.0,2024-06-05T14:40:00-04:00,1.0,11547.040000000014,2880.0,2024-06-06T09:31:00-04:00,0.3500000000000001,12847.040000000012,2881.0,2024-06-06T09:32:00-04:00,0.3500000000000001,12847.040000000012,2882.0,2024-06-06T09:33:00-04:00,0.30000000000000027,12947.040000000012,2881.0,2024-06-06T09:32:00-04:00,0.3500000000000001,12847.040000000012,1871
2024-06-04,2024-06-07,3,5.0,2024-06-04T09:31:00-04:00,4.949999999999989,NDXP  240607P18580000,NDXP  240607P18570000,development,False,False,0,0,0,40,0,1565,available,False,2024-06-04T09:31:00-04:00,2024-06-07T16:00:00-04:00,0.0,9647.039999999979,0.0,last_observed_quote_not_settlement,1036.0,19,28,4.249999999999972,1147.0400000000348,2024-06-04T09:32:00-04:00,0.0,4.649999999999977,347.04000000002344,2024-06-04T09:33:00-04:00,0.0,4.800000000000011,47.039999999955235,2024-06-04T09:36:00-04:00,0.0,4.5,647.0399999999779,2024-06-04T09:41:00-04:00,0.0,4.449999999999989,747.0400000000006,2024-06-04T09:46:00-04:00,0.0,4.399999999999977,847.0400000000234,2024-06-04T10:01:00-04:00,0.0,4.5,647.0399999999779,2024-06-04T10:31:00-04:00,0.0,4.649999999999977,347.04000000002344,2024-06-04T11:31:00-04:00,0.0,3.8500000000000085,1947.0399999999609,2024-06-04T16:00:00-04:00,0.0,0.4500000000000002,8747.039999999979,2024-06-05T16:00:00-04:00,0.0,0.1499999999999999,9347.039999999979,2024-06-06T16:00:00-04:00,0.0,0.0,9647.039999999979,2024-06-07T16:00:00-04:00,0.0,0.0,hit,0.0,hit,27.0,hit,27.0,hit,27.0,hit,1554.0,hit,1823.0,hit,44.0,hit,,never_hit,,never_hit,,never_hit,,never_hit,,never_hit,4.949999999999989,0,False,False,False,False,,4.949999999999989,0,False,False,False,False,,5.900000000000006,19,False,False,False,False,,5.900000000000006,19,False,False,False,False,,27.0,2024-06-04T09:58:00-04:00,1.9000000000000057,5847.039999999966,1441.0,2024-06-05T09:32:00-04:00,2.1499999999999986,5347.039999999981,1442.0,2024-06-05T09:33:00-04:00,2.049999999999997,5547.039999999984,28.0,2024-06-04T09:59:00-04:00,4.699999999999989,247.04000000000067,27.0,2024-06-04T09:58:00-04:00,1.9000000000000057,5847.039999999966,1471.0,2024-06-05T10:02:00-04:00,1.9499999999999957,5747.039999999986,1495.0,2024-06-05T10:26:00-04:00,1.6000000000000014,6447.039999999975,28.0,2024-06-04T09:59:00-04:00,4.699999999999989,247.04000000000067,1614.0,2024-06-05T12:25:00-04:00,0.9499999999999993,7747.039999999979,1633.0,2024-06-05T12:44:00-04:00,0.9499999999999993,7747.039999999979,1639.0,2024-06-05T12:50:00-04:00,0.8999999999999986,7847.039999999981,1615.0,2024-06-05T12:26:00-04:00,1.0500000000000007,7547.039999999976,1844.0,2024-06-05T16:15:00-04:00,0.4499999999999993,8747.03999999998,2881.0,2024-06-06T09:32:00-04:00,0.35000000000000053,8947.039999999977,2882.0,2024-06-06T09:33:00-04:00,0.3000000000000007,9047.039999999977,,,,,1872
2024-06-04,2024-06-07,3,6.0,2024-06-04T09:31:00-04:00,6.0,NDXP  240607P18680000,NDXP  240607P18670000,development,False,False,0,0,0,90,0,1515,available,False,2024-06-04T09:31:00-04:00,2024-06-07T16:00:00-04:00,0.0,11747.04,0.0,last_observed_quote_not_settlement,1036.0,54,54,5.399999999999977,947.0400000000461,2024-06-04T09:32:00-04:00,0.0,5.5,747.0400000000006,2024-06-04T09:33:00-04:00,0.0,6.199999999999989,-652.9599999999766,2024-06-04T09:36:00-04:00,0.0,5.549999999999983,647.0400000000348,2024-06-04T09:41:00-04:00,0.0,5.0,1747.0400000000006,2024-06-04T09:46:00-04:00,0.0,5.25,1247.0400000000006,2024-06-04T10:01:00-04:00,0.0,5.199999999999989,1347.0400000000234,2024-06-04T10:31:00-04:00,0.0,5.949999999999989,-152.95999999997656,2024-06-04T11:31:00-04:00,0.0,3.8499999999999943,4047.040000000012,2024-06-04T16:00:00-04:00,0.0,0.8499999999999996,10047.040000000003,2024-06-05T16:00:00-04:00,0.0,0.39999999999999947,10947.040000000003,2024-06-06T16:00:00-04:00,0.0,0.0,11747.04,2024-06-07T16:00:00-04:00,0.0,1.0,hit,3.0,hit,17.0,hit,109.0,hit,1534.0,hit,1750.0,hit,2947.0,hit,16.0,hit,52.0,hit,52.0,hit,1469.0,hit,,never_hit,,never_hit,7.800000000000011,21,True,False,False,False,,8.799999999999997,54,True,True,False,False,,8.799999999999997,54,True,True,False,False,,8.799999999999997,54,True,True,False,False,,109.0,2024-06-04T11:20:00-04:00,2.700000000000017,6347.039999999966,1472.0,2024-06-05T10:03:00-04:00,2.5999999999999943,6547.040000000012,1495.0,2024-06-05T10:26:00-04:00,2.5,6747.040000000001,110.0,2024-06-04T11:21:00-04:00,5.449999999999989,847.0400000000234,1541.0,2024-06-05T11:12:00-04:00,1.8999999999999986,7947.040000000004,1542.0,2024-06-05T11:13:00-04:00,1.8999999999999915,7947.040000000018,1543.0,2024-06-05T11:14:00-04:00,1.8999999999999986,7947.040000000004,1542.0,2024-06-05T11:13:00-04:00,1.8999999999999915,7947.040000000018,1824.0,2024-06-05T15:55:00-04:00,0.7999999999999989,10147.040000000005,1825.0,2024-06-05T15:56:00-04:00,0.8499999999999996,10047.040000000003,1826.0,2024-06-05T15:57:00-04:00,0.7999999999999989,10147.040000000005,1825.0,2024-06-05T15:56:00-04:00,0.8499999999999996,10047.040000000003,3126.0,2024-06-06T13:37:00-04:00,0.40000000000000036,10947.04,3127.0,2024-06-06T13:38:00-04:00,0.39999999999999947,10947.040000000003,3249.0,2024-06-06T15:40:00-04:00,0.4499999999999993,10847.040000000003,3127.0,2024-06-06T13:38:00-04:00,0.39999999999999947,10947.040000000003,1873
2024-06-04,2024-06-07,3,7.0,2024-06-04T09:31:00-04:00,6.900000000000006,NDXP  240607P18760000,NDXP  240607P18750000,development,False,False,0,0,0,83,0,1522,available,False,2024-06-04T09:31:00-04:00,2024-06-07T16:00:00-04:00,9.875,-6202.95999999999,0.0,last_observed_quote_not_settlement,1036.0,78,88,6.949999999999989,-352.9599999999652,2024-06-04T09:32:00-04:00,0.0,6.5,547.040000000012,2024-06-04T09:33:00-04:00,0.0,6.900000000000006,-252.9599999999993,2024-06-04T09:36:00-04:00,0.0,6.200000000000017,1147.039999999978,2024-06-04T09:41:00-04:00,0.0,6.300000000000011,947.0399999999893,2024-06-04T09:46:00-04:00,0.0,6.399999999999977,747.0400000000575,2024-06-04T10:01:00-04:00,0.0,7.050000000000011,-552.9600000000107,2024-06-04T10:31:00-04:00,0.0,6.949999999999989,-352.9599999999652,2024-06-04T11:31:00-04:00,0.0,6.550000000000011,447.03999999998933,2024-06-04T16:00:00-04:00,0.0,1.3000000000000007,10947.040000000012,2024-06-05T16:00:00-04:00,0.0,0.6999999999999993,12147.040000000014,2024-06-06T16:00:00-04:00,0.0,9.875,-6202.95999999999,2024-06-07T16:00:00-04:00,0.0,287.0,hit,287.0,hit,287.0,hit,1454.0,hit,1454.0,hit,1454.0,hit,1454.0,hit,35.0,hit,4709.0,hit,24.0,hit,4709.0,hit,4709.0,hit,4709.0,hit,7.800000000000011,78,True,False,False,False,,7.800000000000011,78,True,False,False,False,,7.800000000000011,78,True,False,False,False,,7.800000000000011,78,True,False,False,False,,1454.0,2024-06-05T09:45:00-04:00,0.45000000000000284,12647.040000000008,1533.0,2024-06-05T11:04:00-04:00,2.9000000000000057,7747.040000000001,1534.0,2024-06-05T11:05:00-04:00,2.75,8047.040000000012,1455.0,2024-06-05T09:46:00-04:00,4.299999999999997,4947.040000000018,1454.0,2024-06-05T09:45:00-04:00,0.45000000000000284,12647.040000000008,1723.0,2024-06-05T14:14:00-04:00,1.9499999999999886,9647.040000000035,1741.0,2024-06-05T14:32:00-04:00,1.9000000000000057,9747.04,1455.0,2024-06-05T09:46:00-04:00,4.299999999999997,4947.040000000018,1454.0,2024-06-05T09:45:00-04:00,0.45000000000000284,12647.040000000008,2955.0,2024-06-06T10:46:00-04:00,0.9499999999999993,11647.040000000014,2956.0,2024-06-06T10:47:00-04:00,0.9499999999999993,11647.040000000014,1455.0,2024-06-05T09:46:00-04:00,4.299999999999997,4947.040000000018,2961.0,2024-06-06T10:52:00-04:00,0.049999999999998934,13447.040000000015,4342.0,2024-06-07T09:53:00-04:00,0.2999999999999998,12947.040000000014,4343.0,2024-06-07T09:54:00-04:00,0.2999999999999998,12947.040000000014,2962.0,2024-06-06T10:53:00-04:00,1.0999999999999996,11347.040000000014,1874
2024-06-05,2024-06-07,2,5.0,2024-06-05T09:31:00-04:00,5.049999999999983,NDXP  240607P18840000,NDXP  240607P18830000,development,False,False,0,0,0,23,0,1177,available,False,2024-06-05T09:31:00-04:00,2024-06-07T16:00:00-04:00,9.85,-9852.960000000034,0.0,last_observed_quote_not_settlement,1036.0,24,17,4.899999999999977,47.04000000001208,2024-06-05T09:32:00-04:00,0.0,5.100000000000023,-352.9600000000789,2024-06-05T09:33:00-04:00,0.0,5.300000000000011,-752.9600000000562,2024-06-05T09:36:00-04:00,0.0,5.25,-652.9600000000335,2024-06-05T09:41:00-04:00,0.0,5.150000000000006,-452.9600000000448,2024-06-05T09:46:00-04:00,0.0,4.549999999999983,747.0400000000006,2024-06-05T10:01:00-04:00,0.0,4.049999999999997,1747.0399999999722,2024-06-05T10:31:00-04:00,0.0,3.3499999999999943,3147.039999999978,2024-06-05T11:31:00-04:00,0.0,2.0,5847.039999999966,2024-06-05T16:00:00-04:00,0.0,1.6000000000000014,6647.039999999964,2024-06-06T16:00:00-04:00,0.0,9.85,-9852.960000000034,2024-06-07T16:00:00-04:00,0.0,,,,,0.0,hit,1.0,hit,14.0,hit,137.0,hit,385.0,hit,1521.0,hit,1521.0,hit,29.0,hit,3269.0,hit,3269.0,hit,3269.0,hit,3269.0,hit,3269.0,hit,5.900000000000006,23,False,False,False,False,,5.900000000000006,24,False,False,False,False,,5.900000000000006,24,False,False,False,False,,5.900000000000006,24,False,False,False,False,,202.0,2024-06-05T12:53:00-04:00,2.9000000000000057,4047.0399999999554,203.0,2024-06-05T12:54:00-04:00,2.8500000000000085,4147.03999999995,216.0,2024-06-05T13:07:00-04:00,2.8500000000000014,4147.039999999964,203.0,2024-06-05T12:54:00-04:00,2.8500000000000085,4147.03999999995,1440.0,2024-06-06T09:31:00-04:00,1.75,6347.039999999966,1443.0,2024-06-06T09:34:00-04:00,1.8000000000000007,6247.039999999965,1444.0,2024-06-06T09:35:00-04:00,1.6500000000000021,6547.039999999963,1441.0,2024-06-06T09:32:00-04:00,1.9999999999999964,5847.039999999974,1521.0,2024-06-06T10:52:00-04:00,0.45000000000000284,8947.039999999963,2902.0,2024-06-07T09:53:00-04:00,0.9499999999999993,7947.039999999968,2903.0,2024-06-07T09:54:00-04:00,0.75,8347.039999999968,1522.0,2024-06-06T10:53:00-04:00,1.8500000000000014,6147.039999999964,2950.0,2024-06-07T10:41:00-04:00,0.40000000000000036,9047.039999999966,2951.0,2024-06-07T10:42:00-04:00,0.39999999999999947,9047.039999999968,2952.0,2024-06-07T10:43:00-04:00,0.40000000000000036,9047.039999999966,2951.0,2024-06-07T10:42:00-04:00,0.39999999999999947,9047.039999999968,1875
2024-06-05,2024-06-07,2,6.0,2024-06-05T09:31:00-04:00,6.0,NDXP  240607P18910000,NDXP  240607P18900000,development,False,False,0,0,0,5,0,1195,available,False,2024-06-05T09:31:00-04:00,2024-06-07T16:00:00-04:00,0.5,10747.04,0.0,last_observed_quote_not_settlement,1036.0,19,24,4.400000000000034,2947.0399999999327,2024-06-05T09:32:00-04:00,0.0,3.9000000000000057,3947.0399999999895,2024-06-05T09:33:00-04:00,0.0,5.949999999999989,-152.95999999997656,2024-06-05T09:36:00-04:00,0.0,6.5,-1252.9599999999994,2024-06-05T09:41:00-04:00,0.0,5.75,247.04000000000067,2024-06-05T09:46:00-04:00,0.0,6.200000000000017,-652.9600000000335,2024-06-05T10:01:00-04:00,0.0,4.75,2247.040000000001,2024-06-05T10:31:00-04:00,0.0,4.25,3247.040000000001,2024-06-05T11:31:00-04:00,0.0,2.6499999999999986,6447.040000000004,2024-06-05T16:00:00-04:00,0.0,2.6000000000000014,6547.039999999998,2024-06-06T16:00:00-04:00,0.0,0.5,10747.04,2024-06-07T16:00:00-04:00,0.0,,,,,1.0,hit,1.0,hit,2.0,hit,51.0,hit,404.0,hit,2950.0,hit,3038.0,hit,6.0,hit,,never_hit,,never_hit,,never_hit,,never_hit,,never_hit,6.700000000000017,18,False,False,False,False,,6.700000000000017,19,False,False,False,False,,6.700000000000017,19,False,False,False,False,,6.700000000000017,19,False,False,False,False,,51.0,2024-06-05T10:22:00-04:00,2.0500000000000114,7647.039999999978,386.0,2024-06-05T15:57:00-04:00,2.750000000000007,6247.039999999986,391.0,2024-06-05T16:02:00-04:00,2.8499999999999943,6047.040000000012,52.0,2024-06-05T10:23:00-04:00,6.349999999999994,-952.959999999988,404.0,2024-06-05T16:15:00-04:00,1.749999999999993,8247.040000000015,2904.0,2024-06-07T09:55:00-04:00,1.9499999999999993,7847.040000000002,2928.0,2024-06-07T10:19:00-04:00,1.6499999999999986,8447.040000000005,,,,,2950.0,2024-06-07T10:41:00-04:00,0.9499999999999993,9847.040000000003,2951.0,2024-06-07T10:42:00-04:00,0.8999999999999986,9947.040000000005,2952.0,2024-06-07T10:43:00-04:00,0.9499999999999993,9847.040000000003,2951.0,2024-06-07T10:42:00-04:00,0.8999999999999986,9947.040000000005,3042.0,2024-06-07T12:13:00-04:00,0.44999999999999973,10847.04,3050.0,2024-06-07T12:21:00-04:00,0.40000000000000036,10947.04,3051.0,2024-06-07T12:22:00-04:00,0.39999999999999947,10947.040000000003,3043.0,2024-06-07T12:14:00-04:00,0.5250000000000004,10697.04,1876
2024-06-05,2024-06-07,2,7.0,2024-06-05T09:31:00-04:00,7.050000000000011,NDXP  240607P19020000,NDXP  240607P19010000,development,False,False,0,0,0,1,0,1199,available,False,2024-06-05T09:31:00-04:00,2024-06-07T16:00:00-04:00,7.750000000000002,-1652.95999999998,0.0,last_observed_quote_not_settlement,1036.0,64,26,7.25,-652.9599999999766,2024-06-05T09:32:00-04:00,0.0,7.300000000000011,-752.9599999999994,2024-06-05T09:33:00-04:00,0.0,7.449999999999989,-1052.9599999999539,2024-06-05T09:36:00-04:00,0.0,7.600000000000023,-1352.960000000022,2024-06-05T09:41:00-04:00,0.0,7.450000000000017,-1052.9600000000107,2024-06-05T09:46:00-04:00,0.0,6.200000000000017,1447.0399999999893,2024-06-05T10:01:00-04:00,0.0,6.850000000000023,147.03999999997797,2024-06-05T10:31:00-04:00,0.0,5.650000000000006,2547.0400000000122,2024-06-05T11:31:00-04:00,0.0,4.200000000000003,5447.040000000018,2024-06-05T16:00:00-04:00,0.0,4.799999999999997,4247.040000000029,2024-06-06T16:00:00-04:00,0.0,7.750000000000002,-1652.95999999998,2024-06-07T16:00:00-04:00,0.0,,,,,111.0,hit,113.0,hit,127.0,hit,2956.0,hit,3058.0,hit,3113.0,hit,,never_hit,3.0,hit,3.0,hit,0.0,hit,3.0,hit,3262.0,hit,,never_hit,8.400000000000006,52,True,True,False,False,,8.400000000000006,52,True,True,False,False,,8.400000000000006,52,True,True,False,False,,,,True,True,True,False,6.2500000000000115,2957.0,2024-06-07T10:48:00-04:00,2.700000000000003,8447.040000000019,2958.0,2024-06-07T10:49:00-04:00,2.4499999999999993,8947.040000000026,2959.0,2024-06-07T10:50:00-04:00,2.75,8347.040000000025,2958.0,2024-06-07T10:49:00-04:00,2.4499999999999993,8947.040000000026,3059.0,2024-06-07T12:30:00-04:00,1.8000000000000007,10247.040000000023,3060.0,2024-06-07T12:31:00-04:00,1.6000000000000014,10647.04000000002,3061.0,2024-06-07T12:32:00-04:00,1.6000000000000014,10647.04000000002,3060.0,2024-06-07T12:31:00-04:00,1.6000000000000014,10647.04000000002,3113.0,2024-06-07T13:24:00-04:00,0.8999999999999995,12047.040000000025,3114.0,2024-06-07T13:25:00-04:00,0.8500000000000005,12147.040000000023,3147.0,2024-06-07T13:58:00-04:00,0.7999999999999998,12247.040000000025,3114.0,2024-06-07T13:25:00-04:00,0.8500000000000005,12147.040000000023,,,,,,,,,,,,,,,,,1877
2024-06-07,2024-06-10,3,5.0,2024-06-07T09:31:00-04:00,5.0,NDXP  240610P18990000,NDXP  240610P18980000,development,False,False,0,0,0,3,0,792,available,False,2024-06-07T09:31:00-04:00,2024-06-10T16:00:00-04:00,9.075000000000001,-8402.960000000003,0.0,last_observed_quote_not_settlement,3916.0,39,13,5.349999999999994,-952.959999999988,2024-06-07T09:32:00-04:00,0.0,4.799999999999997,147.0400000000064,2024-06-07T09:33:00-04:00,0.0,3.299999999999997,3147.0400000000063,2024-06-07T09:36:00-04:00,0.0,5.0,-252.9599999999993,2024-06-07T09:41:00-04:00,0.0,4.5,747.0400000000006,2024-06-07T09:46:00-04:00,0.0,4.1499999999999915,1447.0400000000177,2024-06-07T10:01:00-04:00,0.0,4.25,1247.0400000000006,2024-06-07T10:31:00-04:00,0.0,3.4000000000000057,2947.0399999999895,2024-06-07T11:31:00-04:00,0.0,4.0,1747.0400000000006,2024-06-07T16:00:00-04:00,0.0,,,2024-06-07T16:15:00-04:00,85500.0,,,2024-06-07T16:15:00-04:00,171900.0,9.075000000000001,-8402.960000000003,2024-06-10T16:00:00-04:00,0.0,0.0,hit,0.0,hit,5.0,hit,9.0,hit,233.0,hit,4487.0,hit,4652.0,hit,11.0,hit,28.0,hit,4369.0,hit,4369.0,hit,4369.0,hit,4369.0,hit,5.349999999999994,1,False,False,False,False,,6.6000000000000085,3,False,False,False,False,,9.5,39,True,True,True,True,,9.5,39,True,True,True,True,,9.0,2024-06-07T09:40:00-04:00,2.299999999999983,5147.0400000000345,175.0,2024-06-07T12:26:00-04:00,2.8499999999999943,4047.040000000012,176.0,2024-06-07T12:27:00-04:00,2.9499999999999957,3847.040000000009,10.0,2024-06-07T09:41:00-04:00,5.0,-252.9599999999993,345.0,2024-06-07T15:16:00-04:00,1.7999999999999972,6147.040000000006,4436.0,2024-06-10T11:27:00-04:00,1.9499999999999993,5847.040000000002,4437.0,2024-06-10T11:28:00-04:00,1.9499999999999993,5847.040000000002,346.0,2024-06-07T15:17:00-04:00,4.200000000000003,1347.039999999995,4578.0,2024-06-10T13:49:00-04:00,0.7500000000000004,8247.039999999999,4579.0,2024-06-10T13:50:00-04:00,0.6499999999999999,8447.04,4580.0,2024-06-10T13:51:00-04:00,0.5999999999999992,8547.040000000003,4579.0,2024-06-10T13:50:00-04:00,0.6499999999999999,8447.04,4654.0,2024-06-10T15:05:00-04:00,0.40000000000000013,8947.04,4655.0,2024-06-10T15:06:00-04:00,0.34999999999999987,9047.040000000003,4656.0,2024-06-10T15:07:00-04:00,0.30000000000000004,9147.040000000003,4655.0,2024-06-10T15:06:00-04:00,0.34999999999999987,9047.040000000003,1878
2024-06-07,2024-06-10,3,6.0,2024-06-07T09:31:00-04:00,6.0,NDXP  240610P19040000,NDXP  240610P19030000,development,False,False,0,0,0,0,0,795,available,False,2024-06-07T09:31:00-04:00,2024-06-10T16:00:00-04:00,0.0,11747.04,0.0,last_observed_quote_not_settlement,3916.0,102,28,5.099999999999994,1547.040000000012,2024-06-07T09:32:00-04:00,0.0,5.800000000000011,147.03999999997797,2024-06-07T09:33:00-04:00,0.0,8.649999999999991,-5552.959999999984,2024-06-07T09:36:00-04:00,0.0,6.25,-752.9599999999994,2024-06-07T09:41:00-04:00,0.0,5.449999999999989,847.0400000000234,2024-06-07T09:46:00-04:00,0.0,5.699999999999989,347.04000000002344,2024-06-07T10:01:00-04:00,0.0,5.299999999999997,1147.0400000000063,2024-06-07T10:31:00-04:00,0.0,4.799999999999997,2147.0400000000063,2024-06-07T11:31:00-04:00,0.0,5.5,747.0400000000006,2024-06-07T16:00:00-04:00,0.0,,,2024-06-07T16:15:00-04:00,85500.0,,,2024-06-07T16:15:00-04:00,171900.0,0.0,11747.04,2024-06-10T16:00:00-04:00,0.0,1.0,hit,21.0,hit,77.0,hit,82.0,hit,4663.0,hit,4664.0,hit,4703.0,hit,5.0,hit,5.0,hit,5.0,hit,5.0,hit,,never_hit,,never_hit,8.649999999999991,6,True,True,False,False,,8.649999999999991,102,True,True,False,False,,8.649999999999991,102,True,True,False,False,,8.649999999999991,102,True,True,False,False,,82.0,2024-06-07T10:53:00-04:00,2.3999999999999915,6947.040000000018,4487.0,2024-06-10T12:18:00-04:00,2.5,6747.040000000001,4488.0,2024-06-10T12:19:00-04:00,2.5500000000000043,6647.039999999992,83.0,2024-06-07T10:54:00-04:00,4.150000000000006,3447.0399999999895,4663.0,2024-06-10T15:14:00-04:00,1.8000000000000007,8147.04,4664.0,2024-06-10T15:15:00-04:00,0.8250000000000002,10097.04,4665.0,2024-06-10T15:16:00-04:00,1.2749999999999995,9197.040000000003,4664.0,2024-06-10T15:15:00-04:00,0.8250000000000002,10097.04,4664.0,2024-06-10T15:15:00-04:00,0.8250000000000002,10097.04,4691.0,2024-06-10T15:42:00-04:00,0.5500000000000002,10647.04,4692.0,2024-06-10T15:43:00-04:00,0.8249999999999997,10097.04,4665.0,2024-06-10T15:16:00-04:00,1.2749999999999995,9197.040000000003,4703.0,2024-06-10T15:54:00-04:00,0.32500000000000007,11097.04,4708.0,2024-06-10T15:59:00-04:00,0.22500000000000003,11297.04,4709.0,2024-06-10T16:00:00-04:00,0.0,11747.04,4704.0,2024-06-10T15:55:00-04:00,0.4999999999999999,10747.04,1879
2024-06-07,2024-06-10,3,7.0,2024-06-07T09:31:00-04:00,7.050000000000011,NDXP  240610P19100000,NDXP  240610P19090000,development,False,False,0,0,0,5,0,790,available,False,2024-06-07T09:31:00-04:00,2024-06-10T15:59:00-04:00,8.95,-4052.959999999977,1.0,last_observed_quote_not_settlement,3916.0,309,65,6.550000000000011,747.0400000000006,2024-06-07T09:32:00-04:00,0.0,6.999999999999972,-152.95999999991972,2024-06-07T09:33:00-04:00,0.0,6.849999999999994,147.0400000000348,2024-06-07T09:36:00-04:00,0.0,6.0,1847.0400000000234,2024-06-07T09:41:00-04:00,0.0,6.849999999999994,147.0400000000348,2024-06-07T09:46:00-04:00,0.0,5.849999999999994,2147.040000000035,2024-06-07T10:01:00-04:00,0.0,6.550000000000011,747.0400000000006,2024-06-07T10:31:00-04:00,0.0,5.549999999999997,2747.040000000029,2024-06-07T11:31:00-04:00,0.0,7.099999999999994,-352.9599999999652,2024-06-07T16:00:00-04:00,0.0,,,2024-06-07T16:15:00-04:00,85500.0,,,2024-06-07T16:15:00-04:00,171900.0,,,2024-06-10T15:59:00-04:00,60.0,70.0,hit,78.0,hit,,never_hit,,never_hit,,never_hit,,never_hit,,never_hit,12.0,hit,4320.0,hit,0.0,hit,349.0,hit,4336.0,hit,4620.0,hit,,,True,True,True,False,2.8000000000000185,,,True,True,True,False,2.8000000000000185,,,True,True,True,False,2.8000000000000185,,,True,True,True,False,2.8000000000000185,,,,,,,,,,,,,,,,,,,,,,,,,,,,,,,,,,,,,,,,,,,,,,,,,,,,,,,,,,,,,,,,,1880
2024-06-10,2024-06-12,2,5.0,2024-06-10T09:31:00-04:00,5.0,NDXP  240612P19150000,NDXP  240612P19140000,development,False,False,0,0,13,1,0,1149,available,False,2024-06-10T09:31:00-04:00,2024-06-12T15:36:00-04:00,0.0,9747.04,24.0,last_observed_quote_not_settlement,1036.0,615,77,5.649999999999977,-1552.9599999999539,2024-06-10T09:32:00-04:00,0.0,4.5,747.0400000000006,2024-06-10T09:33:00-04:00,0.0,4.699999999999989,347.04000000002344,2024-06-10T09:36:00-04:00,0.0,4.900000000000034,-52.9600000000675,2024-06-10T09:41:00-04:00,0.0,5.849999999999994,-1952.959999999988,2024-06-10T09:46:00-04:00,0.0,5.300000000000011,-852.9600000000221,2024-06-10T10:01:00-04:00,0.0,5.150000000000006,-552.9600000000107,2024-06-10T10:31:00-04:00,0.0,5.650000000000006,-1552.9600000000107,2024-06-10T11:31:00-04:00,0.0,5.300000000000011,-852.9600000000221,2024-06-10T16:00:00-04:00,0.0,3.8499999999999943,2047.0400000000122,2024-06-11T16:00:00-04:00,0.0,,,2024-06-12T15:36:00-04:00,1440.0,,,,,0.0,hit,0.0,hit,96.0,hit,279.0,hit,2880.0,hit,2882.0,hit,2889.0,hit,1.0,hit,17.0,hit,387.0,hit,1457.0,hit,1457.0,hit,1457.0,hit,6.800000000000011,236,False,False,False,False,,9.75,615,True,True,True,True,,9.75,615,True,True,True,True,,9.75,615,True,True,True,True,,279.0,2024-06-10T14:10:00-04:00,2.6500000000000057,4447.039999999989,2881.0,2024-06-12T09:32:00-04:00,1.1500000000000004,7447.04,2882.0,2024-06-12T09:33:00-04:00,0.9499999999999993,7847.040000000002,280.0,2024-06-10T14:11:00-04:00,5.649999999999977,-1552.9599999999539,2880.0,2024-06-12T09:31:00-04:00,1.4000000000000021,6947.039999999996,2881.0,2024-06-12T09:32:00-04:00,1.1500000000000004,7447.04,2882.0,2024-06-12T09:33:00-04:00,0.9499999999999993,7847.040000000002,2881.0,2024-06-12T09:32:00-04:00,1.1500000000000004,7447.04,2882.0,2024-06-12T09:33:00-04:00,0.9499999999999993,7847.040000000002,2883.0,2024-06-12T09:34:00-04:00,0.8499999999999996,8047.040000000002,2884.0,2024-06-12T09:35:00-04:00,0.8000000000000007,8147.04,2883.0,2024-06-12T09:34:00-04:00,0.8499999999999996,8047.040000000002,2901.0,2024-06-12T09:52:00-04:00,0.4499999999999993,8847.040000000003,2925.0,2024-06-12T10:16:00-04:00,0.39999999999999947,8947.040000000003,2935.0,2024-06-12T10:26:00-04:00,0.34999999999999964,9047.040000000003,2902.0,2024-06-12T09:53:00-04:00,0.5,8747.04,1881
2024-06-10,2024-06-12,2,6.0,2024-06-10T09:31:00-04:00,6.049999999999983,NDXP  240612P19090000,NDXP  240612P19080000,development,False,False,0,0,7,1,0,1140,available,False,2024-06-10T09:31:00-04:00,2024-06-12T15:12:00-04:00,0.0,11847.039999999968,48.0,last_observed_quote_not_settlement,1036.0,25,29,6.449999999999989,-1052.9600000000107,2024-06-10T09:32:00-04:00,0.0,5.300000000000011,1247.0399999999438,2024-06-10T09:33:00-04:00,0.0,6.049999999999983,-252.9599999999993,2024-06-10T09:36:00-04:00,0.0,6.650000000000006,-1452.9600000000448,2024-06-10T09:41:00-04:00,0.0,5.75,347.0399999999666,2024-06-10T09:46:00-04:00,0.0,5.799999999999983,247.04000000000067,2024-06-10T10:01:00-04:00,0.0,5.599999999999966,647.0400000000348,2024-06-10T10:31:00-04:00,0.0,4.949999999999989,1947.0399999999893,2024-06-10T11:31:00-04:00,0.0,4.800000000000011,2247.039999999944,2024-06-10T16:00:00-04:00,0.0,3.3499999999999943,5147.039999999978,2024-06-11T16:00:00-04:00,0.0,,,2024-06-12T15:12:00-04:00,2880.0,,,,,2.0,hit,26.0,hit,1723.0,hit,1835.0,hit,2880.0,hit,2880.0,hit,2883.0,hit,10.0,hit,12.0,hit,12.0,hit,,never_hit,,never_hit,,never_hit,7.850000000000023,25,True,False,False,False,,7.850000000000023,25,True,False,False,False,,7.850000000000023,25,True,False,False,False,,7.850000000000023,25,True,False,False,False,,1835.0,2024-06-11T16:06:00-04:00,2.5,6847.039999999966,2881.0,2024-06-12T09:32:00-04:00,0.5499999999999998,10747.039999999968,2882.0,2024-06-12T09:33:00-04:00,0.6499999999999995,10547.039999999968,1836.0,2024-06-11T16:07:00-04:00,3.5,4847.039999999966,2880.0,2024-06-12T09:31:00-04:00,0.8000000000000007,10247.039999999966,2881.0,2024-06-12T09:32:00-04:00,0.5499999999999998,10747.039999999968,2882.0,2024-06-12T09:33:00-04:00,0.6499999999999995,10547.039999999968,2881.0,2024-06-12T09:32:00-04:00,0.5499999999999998,10747.039999999968,2880.0,2024-06-12T09:31:00-04:00,0.8000000000000007,10247.039999999966,2881.0,2024-06-12T09:32:00-04:00,0.5499999999999998,10747.039999999968,2882.0,2024-06-12T09:33:00-04:00,0.6499999999999995,10547.039999999968,2881.0,2024-06-12T09:32:00-04:00,0.5499999999999998,10747.039999999968,2886.0,2024-06-12T09:37:00-04:00,0.34999999999999964,11147.039999999968,2889.0,2024-06-12T09:40:00-04:00,0.40000000000000036,11047.039999999966,2890.0,2024-06-12T09:41:00-04:00,0.34999999999999964,11147.039999999968,2887.0,2024-06-12T09:38:00-04:00,0.45000000000000107,10947.039999999964,1882
2024-06-10,2024-06-12,2,7.0,2024-06-10T09:31:00-04:00,6.9500000000000455,NDXP  240612P19310000,NDXP  240612P19300000,development,False,False,0,0,6,5,0,1183,available,False,2024-06-10T09:31:00-04:00,2024-06-12T15:51:00-04:00,0.19999999999999996,13247.040000000092,9.0,last_observed_quote_not_settlement,1036.0,661,35,8.449999999999989,-3252.9599999998873,2024-06-10T09:32:00-04:00,0.0,7.399999999999977,-1152.959999999863,2024-06-10T09:33:00-04:00,0.0,7.900000000000034,-2152.9599999999764,2024-06-10T09:36:00-04:00,0.0,8.450000000000045,-3252.960000000001,2024-06-10T09:41:00-04:00,0.0,8.849999999999966,-4052.959999999842,2024-06-10T09:46:00-04:00,0.0,8.099999999999966,-2552.959999999842,2024-06-10T10:01:00-04:00,0.0,7.7999999999999545,-1952.9599999998175,2024-06-10T10:31:00-04:00,0.0,7.0,-352.95999999990835,2024-06-10T11:31:00-04:00,0.0,7.400000000000034,-1152.9599999999766,2024-06-10T16:00:00-04:00,0.0,5.899999999999977,1847.040000000137,2024-06-11T16:00:00-04:00,0.0,,,2024-06-12T15:51:00-04:00,540.0,,,,,2880.0,hit,2880.0,hit,2881.0,hit,2885.0,hit,2896.0,hit,3115.0,hit,3208.0,hit,1.0,hit,1.0,hit,1.0,hit,1.0,hit,307.0,hit,379.0,hit,9.850000000000023,661,True,True,True,True,,9.850000000000023,661,True,True,True,True,,9.850000000000023,661,True,True,True,True,,9.850000000000023,661,True,True,True,True,,2885.0,2024-06-12T09:36:00-04:00,2.8500000000000014,7947.040000000089,2891.0,2024-06-12T09:42:00-04:00,2.5,8647.040000000092,2892.0,2024-06-12T09:43:00-04:00,2.3999999999999986,8847.040000000095,2886.0,2024-06-12T09:37:00-04:00,3.25,7147.040000000092,2896.0,2024-06-12T09:47:00-04:00,1.8999999999999986,9847.040000000095,2900.0,2024-06-12T09:51:00-04:00,1.8500000000000014,9947.04000000009,2901.0,2024-06-12T09:52:00-04:00,1.8999999999999986,9847.040000000095,2897.0,2024-06-12T09:48:00-04:00,2.0000000000000036,9647.040000000085,3178.0,2024-06-12T14:29:00-04:00,0.7999999999999989,12047.040000000095,3190.0,2024-06-12T14:41:00-04:00,0.9499999999999993,11747.040000000094,3207.0,2024-06-12T14:58:00-04:00,0.5499999999999998,12547.040000000094,3179.0,2024-06-12T14:30:00-04:00,1.0,11647.040000000092,3209.0,2024-06-12T15:00:00-04:00,0.34999999999999964,12947.040000000094,3210.0,2024-06-12T15:01:00-04:00,0.32499999999999973,12997.040000000092,3211.0,2024-06-12T15:02:00-04:00,0.19999999999999996,13247.040000000092,3210.0,2024-06-12T15:01:00-04:00,0.32499999999999973,12997.040000000092,1883
2024-06-10,2024-06-13,3,5.0,2024-06-10T09:31:00-04:00,4.949999999999989,NDXP  240613P18990000,NDXP  240613P18980000,development,False,False,0,0,2,8,0,1593,available,False,2024-06-10T09:31:00-04:00,2024-06-13T16:00:00-04:00,9.875,-10102.960000000023,0.0,last_observed_quote_not_settlement,1037.0,8,12,5.349999999999994,-1052.9600000000107,2024-06-10T09:32:00-04:00,0.0,4.799999999999983,47.04000000001208,2024-06-10T09:33:00-04:00,0.0,4.799999999999983,47.04000000001208,2024-06-10T09:36:00-04:00,0.0,4.700000000000017,247.03999999994383,2024-06-10T09:41:00-04:00,0.0,4.600000000000023,447.0399999999325,2024-06-10T09:46:00-04:00,0.0,4.899999999999977,-152.95999999997656,2024-06-10T10:01:00-04:00,0.0,4.550000000000011,547.0399999999552,2024-06-10T10:31:00-04:00,0.0,4.199999999999989,1247.0400000000006,2024-06-10T11:31:00-04:00,0.0,3.75,2147.039999999978,2024-06-10T16:00:00-04:00,0.0,2.75,4147.039999999978,2024-06-11T16:00:00-04:00,0.0,0.050000000000000044,9547.039999999979,2024-06-12T16:00:00-04:00,0.0,9.875,-10102.960000000023,2024-06-13T16:00:00-04:00,0.0,0.0,hit,0.0,hit,42.0,hit,42.0,hit,387.0,hit,2880.0,hit,2888.0,hit,4709.0,hit,4709.0,hit,4709.0,hit,4709.0,hit,4709.0,hit,4709.0,hit,5.349999999999994,7,False,False,False,False,,5.349999999999994,7,False,False,False,False,,5.349999999999994,8,False,False,False,False,,5.349999999999994,8,False,False,False,False,,62.0,2024-06-10T10:33:00-04:00,2.1499999999999773,5347.040000000024,1736.0,2024-06-11T14:27:00-04:00,2.8999999999999915,3847.039999999995,1737.0,2024-06-11T14:28:00-04:00,2.75,4147.039999999978,63.0,2024-06-10T10:34:00-04:00,4.550000000000011,547.0399999999552,387.0,2024-06-10T15:58:00-04:00,1.7000000000000028,6247.039999999973,2881.0,2024-06-12T09:32:00-04:00,0.8499999999999996,7947.039999999979,2882.0,2024-06-12T09:33:00-04:00,0.6500000000000004,8347.039999999979,388.0,2024-06-10T15:59:00-04:00,3.950000000000003,1747.0399999999722,2880.0,2024-06-12T09:31:00-04:00,0.8499999999999996,7947.039999999979,2881.0,2024-06-12T09:32:00-04:00,0.8499999999999996,7947.039999999979,2882.0,2024-06-12T09:33:00-04:00,0.6500000000000004,8347.039999999979,2881.0,2024-06-12T09:32:00-04:00,0.8499999999999996,7947.039999999979,2892.0,2024-06-12T09:43:00-04:00,0.3999999999999986,8847.03999999998,2893.0,2024-06-12T09:44:00-04:00,0.4499999999999993,8747.03999999998,2905.0,2024-06-12T09:56:00-04:00,0.40000000000000036,8847.039999999979,2893.0,2024-06-12T09:44:00-04:00,0.4499999999999993,8747.03999999998,1884
2024-06-10,2024-06-13,3,6.0,2024-06-10T09:31:00-04:00,6.0499999999999545,NDXP  240613P19050000,NDXP  240613P19040000,development,False,False,0,0,1,20,0,1581,available,False,2024-06-10T09:31:00-04:00,2024-06-13T16:00:00-04:00,0.0,11847.03999999991,0.0,last_observed_quote_not_settlement,1037.0,2,4,5.75,347.03999999990975,2024-06-10T09:32:00-04:00,0.0,5.150000000000006,1547.0399999998983,2024-06-10T09:33:00-04:00,0.0,4.849999999999994,2147.0399999999213,2024-06-10T09:36:00-04:00,0.0,5.349999999999994,1147.039999999921,2024-06-10T09:41:00-04:00,0.0,5.400000000000006,1047.0399999998983,2024-06-10T09:46:00-04:00,0.0,5.25,1347.0399999999097,2024-06-10T10:01:00-04:00,0.0,5.099999999999994,1647.039999999921,2024-06-10T10:31:00-04:00,0.0,4.5,2847.03999999991,2024-06-10T11:31:00-04:00,0.0,4.199999999999989,3447.0399999999327,2024-06-10T16:00:00-04:00,0.0,3.0500000000000043,5747.039999999901,2024-06-11T16:00:00-04:00,0.0,0.07500000000000018,11697.03999999991,2024-06-12T16:00:00-04:00,0.0,0.0,11847.03999999991,2024-06-13T16:00:00-04:00,0.0,2.0,hit,5.0,hit,49.0,hit,49.0,hit,2880.0,hit,2882.0,hit,2925.0,hit,,never_hit,,never_hit,,never_hit,,never_hit,,never_hit,,never_hit,6.0499999999999545,0,False,False,False,False,,6.449999999999989,2,False,False,False,False,,6.449999999999989,2,False,False,False,False,,6.449999999999989,2,False,False,False,False,,49.0,2024-06-10T10:20:00-04:00,2.25,7347.03999999991,1843.0,2024-06-11T16:14:00-04:00,2.8999999999999986,6047.039999999913,2882.0,2024-06-12T09:33:00-04:00,1.0,9847.03999999991,50.0,2024-06-10T10:21:00-04:00,5.25,1347.0399999999097,2880.0,2024-06-12T09:31:00-04:00,1.3000000000000007,9247.03999999991,2881.0,2024-06-12T09:32:00-04:00,1.1499999999999986,9547.039999999914,2882.0,2024-06-12T09:33:00-04:00,1.0,9847.03999999991,2881.0,2024-06-12T09:32:00-04:00,1.1499999999999986,9547.039999999914,2883.0,2024-06-12T09:34:00-04:00,0.9000000000000004,10047.03999999991,2884.0,2024-06-12T09:35:00-04:00,0.8499999999999996,10147.039999999912,2885.0,2024-06-12T09:36:00-04:00,0.9499999999999993,9947.039999999912,2884.0,2024-06-12T09:35:00-04:00,0.8499999999999996,10147.039999999912,2934.0,2024-06-12T10:25:00-04:00,0.4499999999999993,10947.039999999912,2935.0,2024-06-12T10:26:00-04:00,0.4499999999999993,10947.039999999912,2939.0,2024-06-12T10:30:00-04:00,0.39999999999999947,11047.039999999912,2935.0,2024-06-12T10:26:00-04:00,0.4499999999999993,10947.039999999912,1885
2024-06-10,2024-06-13,3,7.0,2024-06-10T09:31:00-04:00,7.100000000000023,NDXP  240613P19110000,NDXP  240613P19100000,development,False,False,0,0,1,3,0,1600,available,False,2024-06-10T09:31:00-04:00,2024-06-13T16:00:00-04:00,0.0,13947.040000000046,0.0,last_observed_quote_not_settlement,1037.0,22,38,6.899999999999977,147.04000000009165,2024-06-10T09:32:00-04:00,0.0,7.900000000000034,-1852.960000000022,2024-06-10T09:33:00-04:00,0.0,7.25,-552.9599999999539,2024-06-10T09:36:00-04:00,0.0,6.899999999999977,147.04000000009165,2024-06-10T09:41:00-04:00,0.0,6.899999999999977,147.04000000009165,2024-06-10T09:46:00-04:00,0.0,7.25,-552.9599999999539,2024-06-10T10:01:00-04:00,0.0,5.550000000000011,2847.0400000000236,2024-06-10T10:31:00-04:00,0.0,5.099999999999994,3747.0400000000577,2024-06-10T11:31:00-04:00,0.0,4.950000000000017,4047.040000000012,2024-06-10T16:00:00-04:00,0.0,3.6999999999999886,6547.040000000069,2024-06-11T16:00:00-04:00,0.0,0.6000000000000001,12747.040000000046,2024-06-12T16:00:00-04:00,0.0,0.0,13947.040000000046,2024-06-13T16:00:00-04:00,0.0,52.0,hit,104.0,hit,304.0,hit,2880.0,hit,2880.0,hit,2892.0,hit,3105.0,hit,2.0,hit,1458.0,hit,0.0,hit,1458.0,hit,,never_hit,,never_hit,8.450000000000045,22,True,True,False,False,,8.450000000000045,22,True,True,False,False,,8.450000000000045,22,True,True,False,False,,8.450000000000045,22,True,True,False,False,,2880.0,2024-06-12T09:31:00-04:00,1.9000000000000021,10147.040000000043,2881.0,2024-06-12T09:32:00-04:00,1.6000000000000014,10747.040000000045,2882.0,2024-06-12T09:33:00-04:00,1.3500000000000014,11247.040000000045,2881.0,2024-06-12T09:32:00-04:00,1.6000000000000014,10747.040000000045,2880.0,2024-06-12T09:31:00-04:00,1.9000000000000021,10147.040000000043,2881.0,2024-06-12T09:32:00-04:00,1.6000000000000014,10747.040000000045,2882.0,2024-06-12T09:33:00-04:00,1.3500000000000014,11247.040000000045,2881.0,2024-06-12T09:32:00-04:00,1.6000000000000014,10747.040000000045,2893.0,2024-06-12T09:44:00-04:00,0.9000000000000021,12147.040000000043,2894.0,2024-06-12T09:45:00-04:00,0.8999999999999986,12147.04000000005,2895.0,2024-06-12T09:46:00-04:00,0.8999999999999986,12147.04000000005,2894.0,2024-06-12T09:45:00-04:00,0.8999999999999986,12147.04000000005,3112.0,2024-06-12T13:23:00-04:00,0.4499999999999993,13047.040000000048,3209.0,2024-06-12T15:00:00-04:00,0.34999999999999964,13247.040000000048,3210.0,2024-06-12T15:01:00-04:00,0.40000000000000036,13147.040000000046,3113.0,2024-06-12T13:24:00-04:00,0.5499999999999989,12847.04000000005,1886
2024-06-11,2024-06-13,2,5.0,2024-06-11T09:31:00-04:00,5.0,NDXP  240613P19050000,NDXP  240613P19040000,development,False,False,0,0,1,20,15,1176,available,False,2024-06-11T09:31:00-04:00,2024-06-13T16:00:00-04:00,0.0,9747.04,0.0,last_observed_quote_not_settlement,1037.0,24,19,5.150000000000006,-552.9600000000107,2024-06-11T09:32:00-04:00,0.0,4.300000000000011,1147.039999999978,2024-06-11T09:33:00-04:00,0.0,5.0,-252.9599999999993,2024-06-11T09:36:00-04:00,0.0,5.150000000000006,-552.9600000000107,2024-06-11T09:41:00-04:00,0.0,4.949999999999989,-152.95999999997656,2024-06-11T09:46:00-04:00,0.0,5.100000000000023,-452.9600000000448,2024-06-11T10:01:00-04:00,0.0,4.900000000000006,-52.96000000001066,2024-06-11T10:31:00-04:00,0.0,4.349999999999994,1047.040000000012,2024-06-11T11:31:00-04:00,0.0,3.0500000000000043,3647.0399999999922,2024-06-11T16:00:00-04:00,0.0,0.07500000000000018,9597.04,2024-06-12T16:00:00-04:00,0.0,0.0,9747.04,2024-06-13T16:00:00-04:00,0.0,,,,,0.0,hit,0.0,hit,213.0,hit,402.0,hit,1440.0,hit,1442.0,hit,1485.0,hit,12.0,hit,12.0,hit,,never_hit,,never_hit,,never_hit,,never_hit,6.050000000000011,24,False,False,False,False,,6.050000000000011,24,False,False,False,False,,6.050000000000011,24,False,False,False,False,,6.050000000000011,24,False,False,False,False,,402.0,2024-06-11T16:13:00-04:00,2.9499999999999957,3847.040000000009,403.0,2024-06-11T16:14:00-04:00,2.8999999999999986,3947.0400000000036,1442.0,2024-06-12T09:33:00-04:00,1.0,7747.040000000001,403.0,2024-06-11T16:14:00-04:00,2.8999999999999986,3947.0400000000036,1440.0,2024-06-12T09:31:00-04:00,1.3000000000000007,7147.039999999999,1441.0,2024-06-12T09:32:00-04:00,1.1499999999999986,7447.040000000004,1442.0,2024-06-12T09:33:00-04:00,1.0,7747.040000000001,1441.0,2024-06-12T09:32:00-04:00,1.1499999999999986,7447.040000000004,1443.0,2024-06-12T09:34:00-04:00,0.9000000000000004,7947.04,1444.0,2024-06-12T09:35:00-04:00,0.8499999999999996,8047.040000000002,1445.0,2024-06-12T09:36:00-04:00,0.9499999999999993,7847.040000000002,1444.0,2024-06-12T09:35:00-04:00,0.8499999999999996,8047.040000000002,1494.0,2024-06-12T10:25:00-04:00,0.4499999999999993,8847.040000000003,1495.0,2024-06-12T10:26:00-04:00,0.4499999999999993,8847.040000000003,1499.0,2024-06-12T10:30:00-04:00,0.39999999999999947,8947.040000000003,1495.0,2024-06-12T10:26:00-04:00,0.4499999999999993,8847.040000000003,1887
2024-06-11,2024-06-13,2,6.0,2024-06-11T09:31:00-04:00,6.050000000000011,NDXP  240613P19200000,NDXP  240613P19190000,development,False,False,0,0,0,82,15,1116,available,False,2024-06-11T09:31:00-04:00,2024-06-13T15:59:00-04:00,0.0,11847.040000000025,1.0,last_observed_quote_not_settlement,1037.0,51,76,6.050000000000011,-252.9599999999993,2024-06-11T09:32:00-04:00,0.0,5.0,1847.0400000000234,2024-06-11T09:33:00-04:00,0.0,4.799999999999983,2247.0400000000577,2024-06-11T09:36:00-04:00,0.0,4.650000000000006,2547.0400000000122,2024-06-11T09:41:00-04:00,0.0,5.600000000000023,647.0399999999779,2024-06-11T09:46:00-04:00,0.0,5.25,1347.0400000000234,2024-06-11T10:01:00-04:00,0.0,6.149999999999977,-452.9599999999311,2024-06-11T10:31:00-04:00,0.0,6.25,-652.9599999999766,2024-06-11T11:31:00-04:00,0.0,4.550000000000011,2747.040000000001,2024-06-11T16:00:00-04:00,0.0,0.6500000000000004,10547.040000000023,2024-06-12T16:00:00-04:00,0.0,,,2024-06-13T15:59:00-04:00,60.0,,,,,2.0,hit,2.0,hit,6.0,hit,1440.0,hit,1448.0,hit,1668.0,hit,1739.0,hit,22.0,hit,46.0,hit,46.0,hit,,never_hit,,never_hit,,never_hit,7.199999999999989,51,True,False,False,False,,7.199999999999989,51,True,False,False,False,,7.199999999999989,51,True,False,False,False,,7.199999999999989,51,True,False,False,False,,1440.0,2024-06-12T09:31:00-04:00,2.75,6347.040000000024,1441.0,2024-06-12T09:32:00-04:00,2.6500000000000057,6547.040000000012,1442.0,2024-06-12T09:33:00-04:00,2.1000000000000014,7647.040000000021,1441.0,2024-06-12T09:32:00-04:00,2.6500000000000057,6547.040000000012,1449.0,2024-06-12T09:40:00-04:00,1.6999999999999957,8447.040000000034,1450.0,2024-06-12T09:41:00-04:00,1.8500000000000014,8147.04000000002,1451.0,2024-06-12T09:42:00-04:00,1.7999999999999972,8247.04000000003,1450.0,2024-06-12T09:41:00-04:00,1.8500000000000014,8147.04000000002,1676.0,2024-06-12T13:27:00-04:00,0.9499999999999993,9947.040000000026,1740.0,2024-06-12T14:31:00-04:00,0.8000000000000007,10247.040000000023,1771.0,2024-06-12T15:02:00-04:00,0.5999999999999996,10647.040000000025,1677.0,2024-06-12T13:28:00-04:00,1.0,9847.040000000025,1739.0,2024-06-12T14:30:00-04:00,0.40000000000000036,11047.040000000023,1787.0,2024-06-12T15:18:00-04:00,0.40000000000000036,11047.040000000023,1788.0,2024-06-12T15:19:00-04:00,0.34999999999999964,11147.040000000025,1740.0,2024-06-12T14:31:00-04:00,0.8000000000000007,10247.040000000023,1888
2024-06-11,2024-06-13,2,7.0,2024-06-11T09:31:00-04:00,6.999999999999972,NDXP  240613P19220000,NDXP  240613P19210000,development,False,False,0,0,0,3,15,1195,available,False,2024-06-11T09:31:00-04:00,2024-06-13T16:00:00-04:00,0.0,13747.039999999944,0.0,last_observed_quote_not_settlement,1037.0,18,30,5.900000000000034,1947.0399999998756,2024-06-11T09:32:00-04:00,0.0,6.349999999999994,1047.0399999999552,2024-06-11T09:33:00-04:00,0.0,7.150000000000006,-552.9600000000676,2024-06-11T09:36:00-04:00,0.0,6.149999999999977,1447.0399999999893,2024-06-11T09:41:00-04:00,0.0,6.650000000000006,447.0399999999325,2024-06-11T09:46:00-04:00,0.0,7.500000000000028,-1252.960000000113,2024-06-11T10:01:00-04:00,0.0,5.949999999999989,1847.0399999999665,2024-06-11T10:31:00-04:00,0.0,6.349999999999994,1047.0399999999552,2024-06-11T11:31:00-04:00,0.0,4.75,4247.039999999944,2024-06-11T16:00:00-04:00,0.0,0.9999999999999991,11747.039999999946,2024-06-12T16:00:00-04:00,0.0,0.0,13747.039999999944,2024-06-13T16:00:00-04:00,0.0,,,,,78.0,hit,279.0,hit,1440.0,hit,1440.0,hit,1449.0,hit,1748.0,hit,1785.0,hit,18.0,hit,,never_hit,5.0,hit,,never_hit,,never_hit,,never_hit,7.75,18,True,False,False,False,,7.75,18,True,False,False,False,,7.75,18,True,False,False,False,,7.75,18,True,False,False,False,,1441.0,2024-06-12T09:32:00-04:00,2.6000000000000014,8547.039999999943,1442.0,2024-06-12T09:33:00-04:00,2.5,8747.039999999944,1443.0,2024-06-12T09:34:00-04:00,2.3999999999999986,8947.039999999948,1442.0,2024-06-12T09:33:00-04:00,2.5,8747.039999999944,1452.0,2024-06-12T09:43:00-04:00,1.9499999999999957,9847.039999999954,1455.0,2024-06-12T09:46:00-04:00,1.8000000000000007,10147.039999999943,1456.0,2024-06-12T09:47:00-04:00,1.7500000000000036,10247.039999999937,1453.0,2024-06-12T09:44:00-04:00,2.0,9747.039999999944,1749.0,2024-06-12T14:40:00-04:00,0.9499999999999993,11847.039999999946,1770.0,2024-06-12T15:01:00-04:00,0.8500000000000014,12047.039999999943,1771.0,2024-06-12T15:02:00-04:00,0.7999999999999989,12147.039999999946,1750.0,2024-06-12T14:41:00-04:00,1.1999999999999957,11347.039999999954,1787.0,2024-06-12T15:18:00-04:00,0.40000000000000036,12947.039999999944,1788.0,2024-06-12T15:19:00-04:00,0.4499999999999993,12847.039999999946,1789.0,2024-06-12T15:20:00-04:00,0.39999999999999947,12947.039999999946,1788.0,2024-06-12T15:19:00-04:00,0.4499999999999993,12847.039999999946,1889
2024-06-11,2024-06-14,3,5.0,2024-06-11T09:31:00-04:00,4.950000000000017,NDXP  240614P19080000,NDXP  240614P19070000,development,False,False,0,0,27,9,0,1432,available,False,2024-06-11T09:31:00-04:00,2024-06-14T14:39:00-04:00,0.024999999999999994,9597.040000000035,81.0,last_observed_quote_not_settlement,1038.0,52,25,5.399999999999977,-1152.9599999999198,2024-06-11T09:32:00-04:00,0.0,4.900000000000006,-152.95999999997656,2024-06-11T09:33:00-04:00,0.0,4.900000000000006,-152.95999999997656,2024-06-11T09:36:00-04:00,0.0,5.100000000000023,-552.9600000000107,2024-06-11T09:41:00-04:00,0.0,5.0,-352.9599999999652,2024-06-11T09:46:00-04:00,0.0,5.099999999999994,-552.9599999999539,2024-06-11T10:01:00-04:00,0.0,4.75,147.0400000000348,2024-06-11T10:31:00-04:00,0.0,4.449999999999989,747.0400000000575,2024-06-11T11:31:00-04:00,0.0,3.5999999999999943,2447.0400000000463,2024-06-11T16:00:00-04:00,0.0,0.4499999999999993,8747.040000000037,2024-06-12T16:00:00-04:00,0.0,0.050000000000000044,9547.040000000035,2024-06-13T16:00:00-04:00,0.0,,,2024-06-14T14:39:00-04:00,4860.0,0.0,hit,0.0,hit,265.0,hit,1440.0,hit,1440.0,hit,1454.0,hit,1768.0,hit,19.0,hit,40.0,hit,,never_hit,,never_hit,,never_hit,,never_hit,6.25,52,False,False,False,False,,6.25,52,False,False,False,False,,6.25,52,False,False,False,False,,6.25,52,False,False,False,False,,1440.0,2024-06-12T09:31:00-04:00,1.7000000000000028,6247.040000000029,1441.0,2024-06-12T09:32:00-04:00,1.5999999999999943,6447.040000000046,1442.0,2024-06-12T09:33:00-04:00,1.4499999999999993,6747.040000000036,1441.0,2024-06-12T09:32:00-04:00,1.5999999999999943,6447.040000000046,1440.0,2024-06-12T09:31:00-04:00,1.7000000000000028,6247.040000000029,1441.0,2024-06-12T09:32:00-04:00,1.5999999999999943,6447.040000000046,1442.0,2024-06-12T09:33:00-04:00,1.4499999999999993,6747.040000000036,1441.0,2024-06-12T09:32:00-04:00,1.5999999999999943,6447.040000000046,1460.0,2024-06-12T09:51:00-04:00,0.9499999999999993,7747.040000000036,1483.0,2024-06-12T10:14:00-04:00,0.9499999999999957,7747.040000000044,1484.0,2024-06-12T10:15:00-04:00,0.8500000000000014,7947.040000000032,1461.0,2024-06-12T09:52:00-04:00,1.0,7647.0400000000345,1772.0,2024-06-12T15:03:00-04:00,0.4499999999999993,8747.040000000037,1780.0,2024-06-12T15:11:00-04:00,0.34999999999999964,8947.040000000037,1781.0,2024-06-12T15:12:00-04:00,0.35000000000000053,8947.040000000035,1773.0,2024-06-12T15:04:00-04:00,0.45000000000000107,8747.040000000034,1890
2024-06-11,2024-06-14,3,6.0,2024-06-11T09:31:00-04:00,5.950000000000017,NDXP  240614P19210000,NDXP  240614P19200000,development,False,False,0,0,69,77,0,1405,available,False,2024-06-11T09:31:00-04:00,2024-06-14T15:00:00-04:00,0.024999999999999994,11597.040000000035,60.0,last_observed_quote_not_settlement,1036.0,51,59,6.5,-1352.9599999999652,2024-06-11T09:32:00-04:00,0.0,6.699999999999989,-1752.9599999999425,2024-06-11T09:33:00-04:00,0.0,6.099999999999966,-552.959999999897,2024-06-11T09:36:00-04:00,0.0,5.900000000000006,-152.95999999997656,2024-06-11T09:41:00-04:00,0.0,5.849999999999966,-52.95999999989697,2024-06-11T09:46:00-04:00,0.0,6.2000000000000455,-752.9600000000562,2024-06-11T10:01:00-04:00,0.0,5.0,1647.0400000000348,2024-06-11T10:31:00-04:00,0.0,5.5,647.0400000000348,2024-06-11T11:31:00-04:00,0.0,4.25,3147.040000000035,2024-06-11T16:00:00-04:00,0.0,1.1999999999999993,9247.040000000037,2024-06-12T16:00:00-04:00,0.0,0.050000000000000044,11547.040000000035,2024-06-13T16:00:00-04:00,0.0,,,2024-06-14T15:00:00-04:00,3600.0,9.0,hit,9.0,hit,229.0,hit,229.0,hit,1453.0,hit,1709.0,hit,1709.0,hit,1.0,hit,6.0,hit,6.0,hit,34.0,hit,,never_hit,,never_hit,8.449999999999989,50,True,True,False,False,,8.449999999999989,51,True,True,False,False,,8.449999999999989,51,True,True,False,False,,8.449999999999989,51,True,True,False,False,,229.0,2024-06-11T13:20:00-04:00,2.8499999999999943,5947.040000000046,1441.0,2024-06-12T09:32:00-04:00,2.6500000000000057,6347.040000000024,1442.0,2024-06-12T09:33:00-04:00,2.450000000000003,6747.040000000029,230.0,2024-06-11T13:21:00-04:00,5.0,1647.0400000000348,1454.0,2024-06-12T09:45:00-04:00,1.9499999999999957,7747.040000000044,1455.0,2024-06-12T09:46:00-04:00,1.8999999999999986,7847.040000000037,1461.0,2024-06-12T09:52:00-04:00,1.8000000000000043,8047.040000000026,1455.0,2024-06-12T09:46:00-04:00,1.8999999999999986,7847.040000000037,1709.0,2024-06-12T14:00:00-04:00,0.05000000000000071,11547.040000000034,1784.0,2024-06-12T15:15:00-04:00,0.75,10147.040000000035,1785.0,2024-06-12T15:16:00-04:00,0.6999999999999993,10247.040000000037,,,,,1709.0,2024-06-12T14:00:00-04:00,0.05000000000000071,11547.040000000034,2881.0,2024-06-13T09:32:00-04:00,0.25,11147.040000000035,2882.0,2024-06-13T09:33:00-04:00,0.2999999999999998,11047.040000000035,,,,,1891
2024-06-11,2024-06-14,3,7.0,2024-06-11T09:31:00-04:00,6.900000000000034,NDXP  240614P19310000,NDXP  240614P19300000,development,False,False,0,0,28,11,0,1515,available,False,2024-06-11T09:31:00-04:00,2024-06-14T15:32:00-04:00,0.0,13547.04000000007,28.0,last_observed_quote_not_settlement,1036.0,151,85,7.400000000000034,-1252.9599999999994,2024-06-11T09:32:00-04:00,0.0,6.2999999999999545,947.0400000001598,2024-06-11T09:33:00-04:00,0.0,6.500000000000057,547.0399999999552,2024-06-11T09:36:00-04:00,0.0,8.0,-2452.9599999999327,2024-06-11T09:41:00-04:00,0.0,7.650000000000091,-1752.960000000113,2024-06-11T09:46:00-04:00,0.0,6.850000000000023,-152.95999999997656,2024-06-11T10:01:00-04:00,0.0,7.0499999999999545,-552.9599999998402,2024-06-11T10:31:00-04:00,0.0,7.4500000000000455,-1352.960000000022,2024-06-11T11:31:00-04:00,0.0,4.050000000000011,5447.040000000046,2024-06-11T16:00:00-04:00,0.0,2.25,9047.04000000007,2024-06-12T16:00:00-04:00,0.0,0.2999999999999998,12947.04000000007,2024-06-13T16:00:00-04:00,0.0,,,2024-06-14T15:32:00-04:00,1680.0,225.0,hit,292.0,hit,312.0,hit,1449.0,hit,1449.0,hit,1749.0,hit,1749.0,hit,1.0,hit,7.0,hit,1.0,hit,7.0,hit,,never_hit,,never_hit,8.699999999999989,151,True,True,False,False,,8.699999999999989,151,True,True,False,False,,8.699999999999989,151,True,True,False,False,,8.699999999999989,151,True,True,False,False,,1449.0,2024-06-12T09:40:00-04:00,1.9499999999999886,9647.040000000092,1456.0,2024-06-12T09:47:00-04:00,2.6499999999999986,8247.040000000072,1457.0,2024-06-12T09:48:00-04:00,2.75,8047.040000000069,1450.0,2024-06-12T09:41:00-04:00,3.0,7547.040000000069,1449.0,2024-06-12T09:40:00-04:00,1.9499999999999886,9647.040000000092,1781.0,2024-06-12T15:12:00-04:00,1.6000000000000014,10347.040000000066,1782.0,2024-06-12T15:13:00-04:00,1.7500000000000036,10047.040000000063,1450.0,2024-06-12T09:41:00-04:00,3.0,7547.040000000069,1749.0,2024-06-12T14:40:00-04:00,0.29999999999999716,12947.040000000075,2881.0,2024-06-13T09:32:00-04:00,0.6000000000000005,12347.040000000068,2882.0,2024-06-13T09:33:00-04:00,0.5500000000000007,12447.040000000068,1750.0,2024-06-12T14:41:00-04:00,2.049999999999997,9447.040000000075,1749.0,2024-06-12T14:40:00-04:00,0.29999999999999716,12947.040000000075,3184.0,2024-06-13T14:35:00-04:00,0.39999999999999947,12747.04000000007,3185.0,2024-06-13T14:36:00-04:00,0.40000000000000036,12747.04000000007,1750.0,2024-06-12T14:41:00-04:00,2.049999999999997,9447.040000000075,1892
2024-06-12,2024-06-14,2,5.0,2024-06-12T09:31:00-04:00,5.100000000000023,NDXP  240614P19510000,NDXP  240614P19500000,development,False,False,0,0,4,8,0,1184,available,False,2024-06-12T09:31:00-04:00,2024-06-14T15:59:00-04:00,0.0,9947.040000000046,1.0,last_observed_quote_not_settlement,1036.0,89,63,5.300000000000011,-652.9599999999766,2024-06-12T09:32:00-04:00,0.0,5.300000000000011,-652.9599999999766,2024-06-12T09:33:00-04:00,0.0,5.150000000000034,-352.96000000002203,2024-06-12T09:36:00-04:00,0.0,5.300000000000011,-652.9599999999766,2024-06-12T09:41:00-04:00,0.0,4.850000000000023,247.04000000000067,2024-06-12T09:46:00-04:00,0.0,5.449999999999989,-952.9599999999311,2024-06-12T10:01:00-04:00,0.0,4.599999999999994,747.0400000000575,2024-06-12T10:31:00-04:00,0.0,4.550000000000011,847.0400000000234,2024-06-12T11:31:00-04:00,0.0,5.400000000000006,-852.9599999999652,2024-06-12T16:00:00-04:00,0.0,2.75,4447.040000000046,2024-06-13T16:00:00-04:00,0.0,,,2024-06-14T15:59:00-04:00,60.0,,,,,0.0,hit,3.0,hit,61.0,hit,351.0,hit,1629.0,hit,2956.0,hit,2956.0,hit,7.0,hit,7.0,hit,166.0,hit,,never_hit,,never_hit,,never_hit,7.25,44,True,False,False,False,,7.25,87,True,False,False,False,,7.950000000000003,89,True,False,False,False,,7.950000000000003,89,True,False,False,False,,351.0,2024-06-12T15:22:00-04:00,2.6000000000000085,4747.040000000029,1441.0,2024-06-13T09:32:00-04:00,2.5999999999999943,4747.040000000057,1442.0,2024-06-13T09:33:00-04:00,2.6000000000000014,4747.040000000044,352.0,2024-06-12T15:23:00-04:00,4.349999999999994,1247.0400000000575,1629.0,2024-06-13T12:40:00-04:00,1.6000000000000227,6747.040000000001,2902.0,2024-06-14T09:53:00-04:00,1.8000000000000007,6347.0400000000445,2903.0,2024-06-14T09:54:00-04:00,1.8999999999999986,6147.040000000049,1630.0,2024-06-13T12:41:00-04:00,4.299999999999997,1347.0400000000518,2956.0,2024-06-14T10:47:00-04:00,0.4499999999999993,9047.040000000048,3042.0,2024-06-14T12:13:00-04:00,0.9000000000000004,8147.040000000045,3043.0,2024-06-14T12:14:00-04:00,0.9499999999999993,8047.040000000047,2957.0,2024-06-14T10:48:00-04:00,1.8000000000000007,6347.0400000000445,2956.0,2024-06-14T10:47:00-04:00,0.4499999999999993,9047.040000000048,3123.0,2024-06-14T13:34:00-04:00,0.37500000000000044,9197.040000000045,3124.0,2024-06-14T13:35:00-04:00,0.3500000000000001,9247.040000000046,2957.0,2024-06-14T10:48:00-04:00,1.8000000000000007,6347.0400000000445,1893
2024-06-12,2024-06-14,2,6.0,2024-06-12T09:31:00-04:00,5.850000000000023,NDXP  240614P19470000,NDXP  240614P19460000,development,False,False,0,0,9,1,0,1186,available,False,2024-06-12T09:31:00-04:00,2024-06-14T15:59:00-04:00,0.0,11447.040000000046,1.0,last_observed_quote_not_settlement,1036.0,1,2,5.849999999999966,-252.9599999998856,2024-06-12T09:32:00-04:00,0.0,4.950000000000017,1547.040000000012,2024-06-12T09:33:00-04:00,0.0,5.549999999999983,347.0400000000803,2024-06-12T09:36:00-04:00,0.0,5.0,1447.0400000000461,2024-06-12T09:41:00-04:00,0.0,4.5,2447.0400000000463,2024-06-12T09:46:00-04:00,0.0,4.650000000000006,2147.040000000035,2024-06-12T10:01:00-04:00,0.0,3.8500000000000085,3747.040000000029,2024-06-12T10:31:00-04:00,0.0,4.1499999999999915,3147.040000000063,2024-06-12T11:31:00-04:00,0.0,4.6499999999999915,2147.040000000063,2024-06-12T16:00:00-04:00,0.0,,,2024-06-13T15:59:00-04:00,60.0,,,2024-06-14T15:59:00-04:00,60.0,,,,,2.0,hit,2.0,hit,54.0,hit,366.0,hit,1440.0,hit,2929.0,hit,3041.0,hit,166.0,hit,,never_hit,,never_hit,,never_hit,,never_hit,,never_hit,6.599999999999994,1,False,False,False,False,,6.599999999999994,1,False,False,False,False,,6.599999999999994,1,False,False,False,False,,6.599999999999994,1,False,False,False,False,,366.0,2024-06-12T15:37:00-04:00,2.4000000000000057,6647.0400000000345,1441.0,2024-06-13T09:32:00-04:00,1.9999999999999964,7447.040000000054,1442.0,2024-06-13T09:33:00-04:00,1.6999999999999993,8047.040000000047,367.0,2024-06-12T15:38:00-04:00,4.799999999999997,1847.0400000000518,1442.0,2024-06-13T09:33:00-04:00,1.6999999999999993,8047.040000000047,1448.0,2024-06-13T09:39:00-04:00,1.7000000000000028,8047.040000000041,1449.0,2024-06-13T09:40:00-04:00,1.7000000000000028,8047.040000000041,1443.0,2024-06-13T09:34:00-04:00,2.049999999999997,7347.040000000052,2931.0,2024-06-14T10:22:00-04:00,0.9000000000000004,9647.040000000046,2934.0,2024-06-14T10:25:00-04:00,0.8000000000000007,9847.040000000046,2935.0,2024-06-14T10:26:00-04:00,0.9499999999999993,9547.040000000048,2932.0,2024-06-14T10:23:00-04:00,0.9500000000000011,9547.040000000045,3069.0,2024-06-14T12:40:00-04:00,0.39999999999999947,10647.040000000048,3092.0,2024-06-14T13:03:00-04:00,0.42500000000000027,10597.040000000046,3099.0,2024-06-14T13:10:00-04:00,0.3250000000000002,10797.040000000046,3070.0,2024-06-14T12:41:00-04:00,0.5499999999999998,10347.040000000048,1894
2024-06-12,2024-06-14,2,7.0,2024-06-12T09:31:00-04:00,7.100000000000023,NDXP  240614P19550000,NDXP  240614P19540000,development,False,False,0,0,1,2,0,1196,available,False,2024-06-12T09:31:00-04:00,2024-06-14T15:59:00-04:00,0.0,13947.040000000046,1.0,last_observed_quote_not_settlement,1036.0,0,0,6.699999999999989,547.0400000000689,2024-06-12T09:32:00-04:00,0.0,6.200000000000017,1547.040000000012,2024-06-12T09:33:00-04:00,0.0,6.199999999999989,1547.0400000000689,2024-06-12T09:36:00-04:00,0.0,6.200000000000017,1547.040000000012,2024-06-12T09:41:00-04:00,0.0,5.25,3447.0400000000463,2024-06-12T09:46:00-04:00,0.0,5.349999999999966,3247.0400000001146,2024-06-12T10:01:00-04:00,0.0,5.0,3947.0400000000463,2024-06-12T10:31:00-04:00,0.0,5.050000000000011,3847.0400000000236,2024-06-12T11:31:00-04:00,0.0,6.099999999999994,1747.0400000000575,2024-06-12T16:00:00-04:00,0.0,5.950000000000003,2047.0400000000404,2024-06-13T16:00:00-04:00,0.0,,,2024-06-14T15:59:00-04:00,60.0,,,,,14.0,hit,40.0,hit,320.0,hit,1447.0,hit,2909.0,hit,2909.0,hit,2909.0,hit,,never_hit,,never_hit,0.0,hit,,never_hit,,never_hit,,never_hit,7.100000000000023,0,True,False,False,False,,7.100000000000023,0,True,False,False,False,,7.100000000000023,0,True,False,False,False,,7.100000000000023,0,True,False,False,False,,1448.0,2024-06-13T09:39:00-04:00,2.8999999999999986,8147.040000000049,1449.0,2024-06-13T09:40:00-04:00,2.8999999999999986,8147.040000000049,2901.0,2024-06-14T09:52:00-04:00,2.9499999999999957,8047.0400000000545,1449.0,2024-06-13T09:40:00-04:00,2.8999999999999986,8147.040000000049,2909.0,2024-06-14T10:00:00-04:00,0.09999999999999432,13747.040000000059,3042.0,2024-06-14T12:13:00-04:00,1.700000000000001,10547.040000000045,3043.0,2024-06-14T12:14:00-04:00,1.75,10447.040000000046,2910.0,2024-06-14T10:01:00-04:00,3.1999999999999993,7547.040000000047,2909.0,2024-06-14T10:00:00-04:00,0.09999999999999432,13747.040000000059,3121.0,2024-06-14T13:32:00-04:00,0.9499999999999993,12047.040000000048,3125.0,2024-06-14T13:36:00-04:00,0.75,12447.040000000046,2910.0,2024-06-14T10:01:00-04:00,3.1999999999999993,7547.040000000047,2909.0,2024-06-14T10:00:00-04:00,0.09999999999999432,13747.040000000059,3204.0,2024-06-14T14:55:00-04:00,0.375,13197.040000000046,3205.0,2024-06-14T14:56:00-04:00,0.17500000000000027,13597.040000000046,2910.0,2024-06-14T10:01:00-04:00,3.1999999999999993,7547.040000000047,1895
2024-06-14,2024-06-17,3,5.0,2024-06-14T09:31:00-04:00,5.0,NDXP  240617P19590000,NDXP  240617P19580000,development,False,False,0,0,0,41,0,753,available,False,2024-06-14T09:31:00-04:00,2024-06-17T15:59:00-04:00,0.0,9747.04,1.0,last_observed_quote_not_settlement,3916.0,13,16,4.8999999999999915,-52.95999999998224,2024-06-14T09:32:00-04:00,0.0,5.450000000000003,-1152.960000000005,2024-06-14T09:33:00-04:00,0.0,5.200000000000003,-652.960000000005,2024-06-14T09:36:00-04:00,0.0,5.000000000000014,-252.96000000002772,2024-06-14T09:41:00-04:00,0.0,4.5,747.0400000000006,2024-06-14T09:46:00-04:00,0.0,4.400000000000006,947.0399999999893,2024-06-14T10:01:00-04:00,0.0,4.1499999999999915,1447.0400000000177,2024-06-14T10:31:00-04:00,0.0,6.3500000000000085,-2952.9600000000164,2024-06-14T11:31:00-04:00,0.0,2.6999999999999993,4347.040000000002,2024-06-14T16:00:00-04:00,0.0,,,2024-06-14T16:15:00-04:00,85500.0,,,2024-06-14T16:15:00-04:00,171900.0,,,2024-06-17T15:59:00-04:00,60.0,0.0,hit,0.0,hit,51.0,hit,246.0,hit,4320.0,hit,4409.0,hit,4419.0,hit,29.0,hit,29.0,hit,,never_hit,,never_hit,,never_hit,,never_hit,6.3500000000000085,13,False,False,False,False,,6.3500000000000085,13,False,False,False,False,,6.3500000000000085,13,False,False,False,False,,6.3500000000000085,13,False,False,False,False,,334.0,2024-06-14T15:05:00-04:00,2.8999999999999986,3947.0400000000036,340.0,2024-06-14T15:11:00-04:00,2.8999999999999986,3947.0400000000036,341.0,2024-06-14T15:12:00-04:00,2.8500000000000014,4047.039999999998,335.0,2024-06-14T15:06:00-04:00,3.1000000000000014,3547.0399999999977,4320.0,2024-06-17T09:31:00-04:00,1.8000000000000007,6147.039999999999,4321.0,2024-06-17T09:32:00-04:00,1.8499999999999979,6047.0400000000045,4330.0,2024-06-17T09:41:00-04:00,1.8499999999999979,6047.0400000000045,4321.0,2024-06-17T09:32:00-04:00,1.8499999999999979,6047.0400000000045,4410.0,2024-06-17T11:01:00-04:00,0.9000000000000004,7947.04,4413.0,2024-06-17T11:04:00-04:00,0.7999999999999989,8147.040000000004,4414.0,2024-06-17T11:05:00-04:00,0.75,8247.04,4411.0,2024-06-17T11:02:00-04:00,0.9500000000000002,7847.04,4452.0,2024-06-17T11:43:00-04:00,0.4499999999999993,8847.040000000003,4455.0,2024-06-17T11:46:00-04:00,0.40000000000000036,8947.04,4456.0,2024-06-17T11:47:00-04:00,0.44999999999999973,8847.04,4453.0,2024-06-17T11:44:00-04:00,0.5,8747.04,1896
2024-06-14,2024-06-17,3,6.0,2024-06-14T09:31:00-04:00,5.950000000000003,NDXP  240617P19610000,NDXP  240617P19600000,development,False,False,0,0,0,51,0,744,available,False,2024-06-14T09:31:00-04:00,2024-06-17T16:00:00-04:00,0.49999999999999994,10647.040000000008,0.0,last_observed_quote_not_settlement,3916.0,3,5,5.950000000000003,-252.9599999999993,2024-06-14T09:32:00-04:00,0.0,6.0,-352.9599999999936,2024-06-14T09:33:00-04:00,0.0,5.900000000000006,-152.96000000000498,2024-06-14T09:36:00-04:00,0.0,5.099999999999994,1447.0400000000177,2024-06-14T09:41:00-04:00,0.0,4.949999999999989,1747.040000000029,2024-06-14T09:46:00-04:00,0.0,4.75,2147.0400000000063,2024-06-14T10:01:00-04:00,0.0,4.299999999999997,3047.0400000000122,2024-06-14T10:31:00-04:00,0.0,6.099999999999994,-552.9599999999823,2024-06-14T11:31:00-04:00,0.0,3.299999999999997,5047.040000000012,2024-06-14T16:00:00-04:00,0.0,,,2024-06-14T16:15:00-04:00,85500.0,,,2024-06-14T16:15:00-04:00,171900.0,0.49999999999999994,10647.040000000008,2024-06-17T16:00:00-04:00,0.0,7.0,hit,14.0,hit,222.0,hit,292.0,hit,4355.0,hit,4415.0,hit,4461.0,hit,,never_hit,,never_hit,,never_hit,,never_hit,,never_hit,,never_hit,6.099999999999994,3,False,False,False,False,,6.099999999999994,3,False,False,False,False,,6.099999999999994,3,False,False,False,False,,6.099999999999994,3,False,False,False,False,,292.0,2024-06-14T14:23:00-04:00,2.5500000000000043,6547.039999999998,4321.0,2024-06-17T09:32:00-04:00,2.25,7147.040000000006,4322.0,2024-06-17T09:33:00-04:00,2.450000000000003,6747.040000000001,293.0,2024-06-14T14:24:00-04:00,3.750000000000007,4147.039999999992,4355.0,2024-06-17T10:06:00-04:00,1.8000000000000007,8047.0400000000045,4356.0,2024-06-17T10:07:00-04:00,1.8999999999999986,7847.040000000009,4357.0,2024-06-17T10:08:00-04:00,1.9000000000000021,7847.040000000002,4356.0,2024-06-17T10:07:00-04:00,1.8999999999999986,7847.040000000009,4415.0,2024-06-17T11:06:00-04:00,0.8499999999999996,9947.040000000008,4416.0,2024-06-17T11:07:00-04:00,0.7999999999999998,10047.040000000008,4417.0,2024-06-17T11:08:00-04:00,0.7999999999999989,10047.04000000001,4416.0,2024-06-17T11:07:00-04:00,0.7999999999999998,10047.040000000008,4488.0,2024-06-17T12:19:00-04:00,0.3999999999999999,10847.040000000006,4491.0,2024-06-17T12:22:00-04:00,0.39999999999999947,10847.040000000008,4492.0,2024-06-17T12:23:00-04:00,0.3999999999999999,10847.040000000006,4489.0,2024-06-17T12:20:00-04:00,0.4500000000000002,10747.040000000006,1897
2024-06-14,2024-06-17,3,7.0,2024-06-14T09:31:00-04:00,7.050000000000011,NDXP  240617P19690000,NDXP  240617P19680000,development,False,False,0,0,0,5,0,790,available,False,2024-06-14T09:31:00-04:00,2024-06-17T16:00:00-04:00,0.575,12697.040000000025,0.0,last_observed_quote_not_settlement,3916.0,22,26,6.75,347.04000000002344,2024-06-14T09:32:00-04:00,0.0,7.600000000000023,-1352.960000000022,2024-06-14T09:33:00-04:00,0.0,7.150000000000006,-452.95999999998793,2024-06-14T09:36:00-04:00,0.0,6.850000000000023,147.03999999997797,2024-06-14T09:41:00-04:00,0.0,6.600000000000023,647.0399999999779,2024-06-14T09:46:00-04:00,0.0,6.649999999999977,547.0400000000689,2024-06-14T10:01:00-04:00,0.0,6.1499999999999915,1547.0400000000404,2024-06-14T10:31:00-04:00,0.0,6.650000000000006,547.040000000012,2024-06-14T11:31:00-04:00,0.0,4.8999999999999915,4047.040000000041,2024-06-14T16:00:00-04:00,0.0,,,2024-06-14T16:15:00-04:00,85500.0,,,2024-06-14T16:15:00-04:00,171900.0,0.575,12697.040000000025,2024-06-17T16:00:00-04:00,0.0,238.0,hit,269.0,hit,4365.0,hit,4415.0,hit,4461.0,hit,4499.0,hit,4517.0,hit,2.0,hit,,never_hit,0.0,hit,,never_hit,,never_hit,,never_hit,7.800000000000011,22,True,False,False,False,,7.800000000000011,22,True,False,False,False,,7.800000000000011,22,True,False,False,False,,7.800000000000011,22,True,False,False,False,,4415.0,2024-06-17T11:06:00-04:00,2.8999999999999986,8047.040000000026,4416.0,2024-06-17T11:07:00-04:00,2.5500000000000043,8747.040000000015,4417.0,2024-06-17T11:08:00-04:00,2.6999999999999993,8447.040000000026,4416.0,2024-06-17T11:07:00-04:00,2.5500000000000043,8747.040000000015,4461.0,2024-06-17T11:52:00-04:00,1.9499999999999993,9947.040000000026,4487.0,2024-06-17T12:18:00-04:00,1.8999999999999986,10047.040000000026,4488.0,2024-06-17T12:19:00-04:00,1.700000000000001,10447.040000000023,4462.0,2024-06-17T11:53:00-04:00,2.1499999999999986,9547.040000000026,4499.0,2024-06-17T12:30:00-04:00,0.9000000000000004,12047.040000000023,4505.0,2024-06-17T12:36:00-04:00,0.9499999999999993,11947.040000000026,4506.0,2024-06-17T12:37:00-04:00,0.9000000000000004,12047.040000000023,4500.0,2024-06-17T12:31:00-04:00,1.0,11847.040000000025,4528.0,2024-06-17T12:59:00-04:00,0.4499999999999993,12947.040000000026,4543.0,2024-06-17T13:14:00-04:00,0.42500000000000027,12997.040000000023,4544.0,2024-06-17T13:15:00-04:00,0.3999999999999999,13047.040000000023,4529.0,2024-06-17T13:00:00-04:00,0.9000000000000004,12047.040000000023,1898
2024-06-17,2024-06-20,3,5.0,2024-06-17T09:31:00-04:00,5.049999999999983,NDXP  240620P19720000,NDXP  240620P19710000,development,False,False,0,0,0,1,0,1199,available,False,2024-06-17T09:31:00-04:00,2024-06-20T16:00:00-04:00,0.0,9847.039999999968,0.0,last_observed_quote_not_settlement,2476.0,57,31,5.450000000000003,-1052.9600000000391,2024-06-17T09:32:00-04:00,0.0,5.25,-652.9600000000335,2024-06-17T09:33:00-04:00,0.0,5.650000000000006,-1452.9600000000448,2024-06-17T09:36:00-04:00,0.0,5.0,-152.9600000000334,2024-06-17T09:41:00-04:00,0.0,5.550000000000011,-1252.9600000000562,2024-06-17T09:46:00-04:00,0.0,5.25,-652.9600000000335,2024-06-17T10:01:00-04:00,0.0,5.0,-152.9600000000334,2024-06-17T10:31:00-04:00,0.0,4.200000000000017,1447.0399999999324,2024-06-17T11:31:00-04:00,0.0,,,2024-06-17T15:59:00-04:00,60.0,0.9500000000000011,7947.0399999999645,2024-06-18T16:00:00-04:00,0.0,,,2024-06-18T16:15:00-04:00,85500.0,0.0,9847.039999999968,2024-06-20T16:00:00-04:00,0.0,0.0,hit,10.0,hit,23.0,hit,184.0,hit,244.0,hit,1486.0,hit,4320.0,hit,5.0,hit,18.0,hit,19.0,hit,,never_hit,,never_hit,,never_hit,7.5,47,True,False,False,False,,7.5,47,True,False,False,False,,7.5,47,True,False,False,False,,7.5,47,True,False,False,False,,193.0,2024-06-17T12:44:00-04:00,2.9499999999999957,3947.039999999975,197.0,2024-06-17T12:48:00-04:00,2.6000000000000014,4647.039999999964,198.0,2024-06-17T12:49:00-04:00,2.75,4347.039999999966,194.0,2024-06-17T12:45:00-04:00,3.1000000000000014,3647.0399999999636,245.0,2024-06-17T13:36:00-04:00,1.8500000000000085,6147.03999999995,248.0,2024-06-17T13:39:00-04:00,1.8999999999999986,6047.039999999969,249.0,2024-06-17T13:40:00-04:00,1.75,6347.039999999966,246.0,2024-06-17T13:37:00-04:00,1.9500000000000028,5947.039999999961,1486.0,2024-06-18T10:17:00-04:00,0.75,8347.039999999968,1701.0,2024-06-18T13:52:00-04:00,0.8999999999999986,8047.039999999969,1702.0,2024-06-18T13:53:00-04:00,0.9499999999999993,7947.039999999968,1487.0,2024-06-18T10:18:00-04:00,1.5,6847.039999999966,4320.0,2024-06-20T09:31:00-04:00,0.34999999999999964,9147.039999999968,4330.0,2024-06-20T09:41:00-04:00,0.40000000000000036,9047.039999999966,4334.0,2024-06-20T09:45:00-04:00,0.30000000000000027,9247.039999999966,4321.0,2024-06-20T09:32:00-04:00,0.5500000000000007,8747.039999999966,1899
2024-06-17,2024-06-20,3,6.0,2024-06-17T09:31:00-04:00,5.900000000000006,NDXP  240620P19760000,NDXP  240620P19750000,development,False,False,0,0,0,2,0,1198,available,False,2024-06-17T09:31:00-04:00,2024-06-20T16:00:00-04:00,8.75,-5952.95999999999,0.0,last_observed_quote_not_settlement,2476.0,104,37,5.449999999999989,647.0400000000348,2024-06-17T09:32:00-04:00,0.0,7.299999999999983,-3052.9599999999537,2024-06-17T09:33:00-04:00,0.0,6.599999999999994,-1652.9599999999766,2024-06-17T09:36:00-04:00,0.0,7.349999999999994,-3152.9599999999764,2024-06-17T09:41:00-04:00,0.0,6.75,-1952.959999999988,2024-06-17T09:46:00-04:00,0.0,6.599999999999994,-1652.9599999999766,2024-06-17T10:01:00-04:00,0.0,8.300000000000011,-5052.960000000013,2024-06-17T10:31:00-04:00,0.0,4.75,2047.0400000000122,2024-06-17T11:31:00-04:00,0.0,,,2024-06-17T15:59:00-04:00,60.0,1.3499999999999996,8847.040000000014,2024-06-18T16:00:00-04:00,0.0,,,2024-06-18T16:15:00-04:00,85500.0,8.75,-5952.95999999999,2024-06-20T16:00:00-04:00,0.0,1.0,hit,39.0,hit,178.0,hit,226.0,hit,257.0,hit,4320.0,hit,4333.0,hit,2.0,hit,2.0,hit,2.0,hit,19.0,hit,,never_hit,,never_hit,8.349999999999966,65,True,True,False,False,,8.349999999999966,65,True,True,False,False,,8.349999999999966,65,True,True,False,False,,8.349999999999966,65,True,True,False,False,,229.0,2024-06-17T13:20:00-04:00,2.6999999999999957,6147.040000000021,230.0,2024-06-17T13:21:00-04:00,2.6999999999999957,6147.040000000021,231.0,2024-06-17T13:22:00-04:00,2.8499999999999943,5847.040000000024,230.0,2024-06-17T13:21:00-04:00,2.6999999999999957,6147.040000000021,264.0,2024-06-17T13:55:00-04:00,1.9000000000000057,7747.040000000001,265.0,2024-06-17T13:56:00-04:00,1.7999999999999972,7947.040000000018,271.0,2024-06-17T14:02:00-04:00,1.8000000000000114,7947.039999999989,265.0,2024-06-17T13:56:00-04:00,1.7999999999999972,7947.040000000018,4320.0,2024-06-20T09:31:00-04:00,0.6499999999999995,10247.040000000014,4321.0,2024-06-20T09:32:00-04:00,0.7999999999999998,9947.040000000014,4322.0,2024-06-20T09:33:00-04:00,0.9499999999999993,9647.040000000014,4321.0,2024-06-20T09:32:00-04:00,0.7999999999999998,9947.040000000014,4334.0,2024-06-20T09:45:00-04:00,0.44999999999999973,10647.040000000012,4418.0,2024-06-20T11:09:00-04:00,0.34999999999999964,10847.040000000014,4452.0,2024-06-20T11:43:00-04:00,0.3999999999999999,10747.040000000012,4335.0,2024-06-20T09:46:00-04:00,0.4500000000000002,10647.040000000012,1900
2024-06-17,2024-06-20,3,7.0,2024-06-17T09:31:00-04:00,7.0,NDXP  240620P19860000,NDXP  240620P19850000,development,False,False,0,0,0,15,0,1184,available,False,2024-06-17T09:31:00-04:00,2024-06-20T15:59:00-04:00,9.950000000000003,-6152.96,1.0,last_observed_quote_not_settlement,2476.0,262,38,6.550000000000011,647.0399999999779,2024-06-17T09:32:00-04:00,0.0,8.650000000000006,-3552.9600000000123,2024-06-17T09:33:00-04:00,0.0,7.949999999999989,-2152.9599999999764,2024-06-17T09:36:00-04:00,0.0,7.800000000000011,-1852.960000000022,2024-06-17T09:41:00-04:00,0.0,7.5,-1252.9599999999994,2024-06-17T09:46:00-04:00,0.0,8.0,-2252.960000000001,2024-06-17T10:01:00-04:00,0.0,8.5,-3252.960000000001,2024-06-17T10:31:00-04:00,0.0,6.799999999999983,147.0400000000348,2024-06-17T11:31:00-04:00,0.0,3.549999999999997,6647.040000000006,2024-06-17T16:00:00-04:00,0.0,3.1999999999999957,7347.040000000009,2024-06-18T16:00:00-04:00,0.0,,,2024-06-18T16:15:00-04:00,85500.0,,,2024-06-20T15:59:00-04:00,60.0,173.0,hit,197.0,hit,232.0,hit,232.0,hit,4320.0,hit,,never_hit,,never_hit,2.0,hit,2.0,hit,0.0,hit,2.0,hit,4539.0,hit,4565.0,hit,8.900000000000034,88,True,True,False,False,,8.900000000000034,88,True,True,False,False,,,,True,True,True,False,5.550000000000001,,,True,True,True,False,5.550000000000001,232.0,2024-06-17T13:23:00-04:00,2.4499999999999886,8847.040000000025,273.0,2024-06-17T14:04:00-04:00,2.8500000000000085,8047.039999999984,277.0,2024-06-17T14:08:00-04:00,2.8000000000000043,8147.039999999993,233.0,2024-06-17T13:24:00-04:00,4.200000000000003,5347.039999999995,4320.0,2024-06-20T09:31:00-04:00,1.6000000000000014,10547.039999999999,4333.0,2024-06-20T09:44:00-04:00,1.6999999999999993,10347.040000000003,4334.0,2024-06-20T09:45:00-04:00,1.5,10747.04,4321.0,2024-06-20T09:32:00-04:00,2.25,9247.04,,,,,,,,,,,,,,,,,,,,,,,,,,,,,,,,,1901
2024-06-18,2024-06-20,2,5.0,2024-06-18T09:31:00-04:00,4.900000000000006,NDXP  240620P19930000,NDXP  240620P19920000,development,False,False,0,0,0,41,0,753,available,False,2024-06-18T09:31:00-04:00,2024-06-20T15:59:00-04:00,10.0,-10352.959999999988,1.0,last_observed_quote_not_settlement,2476.0,599,47,4.799999999999997,-52.95999999998224,2024-06-18T09:32:00-04:00,0.0,5.299999999999997,-1052.9599999999823,2024-06-18T09:33:00-04:00,0.0,4.300000000000011,947.0399999999893,2024-06-18T09:36:00-04:00,0.0,4.8500000000000085,-152.96000000000498,2024-06-18T09:41:00-04:00,0.0,4.900000000000006,-252.9599999999993,2024-06-18T09:46:00-04:00,0.0,5.599999999999994,-1652.9599999999766,2024-06-18T10:01:00-04:00,0.0,5.349999999999994,-1152.9599999999766,2024-06-18T10:31:00-04:00,0.0,5.650000000000006,-1752.9599999999994,2024-06-18T11:31:00-04:00,0.0,5.450000000000003,-1352.9599999999937,2024-06-18T16:00:00-04:00,0.0,,,2024-06-18T16:15:00-04:00,85500.0,,,2024-06-20T15:59:00-04:00,60.0,,,,,0.0,hit,0.0,hit,2880.0,hit,2894.0,hit,,never_hit,,never_hit,,never_hit,13.0,hit,46.0,hit,2884.0,hit,2884.0,hit,3059.0,hit,3061.0,hit,8.400000000000006,340,True,True,False,False,,,,True,True,True,False,1.9500000000000028,,,True,True,True,False,1.9500000000000028,,,True,True,True,False,1.9500000000000028,,,,,,,,,,,,,,,,,,,,,,,,,,,,,,,,,,,,,,,,,,,,,,,,,,,,,,,,,,,,,,,,,1902
2024-06-18,2024-06-20,2,6.0,2024-06-18T09:31:00-04:00,6.049999999999997,NDXP  240620P19960000,NDXP  240620P19950000,development,False,False,0,0,0,31,0,763,available,False,2024-06-18T09:31:00-04:00,2024-06-20T15:59:00-04:00,10.0,-8052.9600000000055,1.0,last_observed_quote_not_settlement,2476.0,418,106,7.599999999999994,-3352.9599999999937,2024-06-18T09:32:00-04:00,0.0,5.549999999999997,747.0400000000006,2024-06-18T09:33:00-04:00,0.0,5.049999999999997,1747.0400000000006,2024-06-18T09:36:00-04:00,0.0,5.549999999999997,747.0400000000006,2024-06-18T09:41:00-04:00,0.0,5.750000000000014,347.0399999999666,2024-06-18T09:46:00-04:00,0.0,7.3500000000000085,-2852.960000000022,2024-06-18T10:01:00-04:00,0.0,7.25,-2652.960000000005,2024-06-18T10:31:00-04:00,0.0,7.150000000000006,-2452.9600000000164,2024-06-18T11:31:00-04:00,0.0,5.3999999999999915,1047.040000000012,2024-06-18T16:00:00-04:00,0.0,,,2024-06-18T16:15:00-04:00,85500.0,,,2024-06-20T15:59:00-04:00,60.0,,,,,3.0,hit,29.0,hit,29.0,hit,,never_hit,,never_hit,,never_hit,,never_hit,1.0,hit,1.0,hit,1.0,hit,50.0,hit,2884.0,hit,3056.0,hit,,,True,True,True,False,2.34999999999998,,,True,True,True,False,2.34999999999998,,,True,True,True,False,2.34999999999998,,,True,True,True,False,2.34999999999998,,,,,,,,,,,,,,,,,,,,,,,,,,,,,,,,,,,,,,,,,,,,,,,,,,,,,,,,,,,,,,,,,1903
2024-06-18,2024-06-20,2,7.0,2024-06-18T09:31:00-04:00,7.050000000000011,NDXP  240620P20050000,NDXP  240620P20040000,development,False,False,0,0,0,65,0,729,available,False,2024-06-18T09:31:00-04:00,2024-06-20T15:59:00-04:00,10.0,-6052.959999999977,1.0,last_observed_quote_not_settlement,2476.0,666,32,7.300000000000011,-752.9599999999994,2024-06-18T09:32:00-04:00,0.0,7.000000000000028,-152.9600000000334,2024-06-18T09:33:00-04:00,0.0,7.149999999999977,-452.9599999999311,2024-06-18T09:36:00-04:00,0.0,7.749999999999972,-1652.9599999999198,2024-06-18T09:41:00-04:00,0.0,7.699999999999989,-1552.9599999999539,2024-06-18T09:46:00-04:00,0.0,8.250000000000028,-2652.960000000035,2024-06-18T10:01:00-04:00,0.0,7.649999999999977,-1452.9599999999311,2024-06-18T10:31:00-04:00,0.0,7.850000000000023,-1852.960000000022,2024-06-18T11:31:00-04:00,0.0,8.150000000000006,-2452.9599999999896,2024-06-18T16:00:00-04:00,0.0,,,2024-06-18T16:15:00-04:00,85500.0,,,2024-06-20T15:59:00-04:00,60.0,,,,,,never_hit,,never_hit,,never_hit,,never_hit,,never_hit,,never_hit,,never_hit,10.0,hit,29.0,hit,0.0,hit,13.0,hit,103.0,hit,2922.0,hit,,,True,True,True,False,1.5,,,True,True,True,False,1.5,,,True,True,True,False,1.5,,,True,True,True,False,1.5,,,,,,,,,,,,,,,,,,,,,,,,,,,,,,,,,,,,,,,,,,,,,,,,,,,,,,,,,,,,,,,,,1904
2024-06-21,2024-06-24,3,5.0,2024-06-21T09:31:00-04:00,5.050000000000011,NDXP  240624P19760000,NDXP  240624P19750000,development,False,False,0,0,0,38,0,757,available,False,2024-06-21T09:31:00-04:00,2024-06-24T16:00:00-04:00,10.0,-10052.959999999975,0.0,last_observed_quote_not_settlement,3916.0,603,29,5.0,-152.95999999997656,2024-06-21T09:32:00-04:00,0.0,4.6000000000000085,647.0400000000063,2024-06-21T09:33:00-04:00,0.0,4.550000000000011,747.0400000000006,2024-06-21T09:36:00-04:00,0.0,4.849999999999994,147.0400000000348,2024-06-21T09:41:00-04:00,0.0,5.200000000000003,-552.9599999999823,2024-06-21T09:46:00-04:00,0.0,5.75,-1652.9599999999766,2024-06-21T10:01:00-04:00,0.0,6.049999999999997,-2252.959999999971,2024-06-21T10:31:00-04:00,0.0,5.400000000000006,-952.959999999988,2024-06-21T11:31:00-04:00,0.0,6.150000000000006,-2452.9599999999878,2024-06-21T16:00:00-04:00,0.0,,,2024-06-21T16:15:00-04:00,85500.0,,,2024-06-21T16:15:00-04:00,171900.0,10.0,-10052.959999999975,2024-06-24T16:00:00-04:00,0.0,0.0,hit,1.0,hit,14.0,hit,,never_hit,,never_hit,,never_hit,,never_hit,8.0,hit,20.0,hit,76.0,hit,4331.0,hit,4339.0,hit,4396.0,hit,,,True,True,True,False,1.65000000000002,,,True,True,True,False,1.65000000000002,,,True,True,True,False,1.65000000000002,,,True,True,True,False,1.65000000000002,,,,,,,,,,,,,,,,,,,,,,,,,,,,,,,,,,,,,,,,,,,,,,,,,,,,,,,,,,,,,,,,,1905
2024-06-21,2024-06-24,3,6.0,2024-06-21T09:31:00-04:00,6.049999999999983,NDXP  240624P19810000,NDXP  240624P19800000,development,False,False,0,0,0,81,0,714,available,False,2024-06-21T09:31:00-04:00,2024-06-24T16:00:00-04:00,10.0,-8052.960000000034,0.0,last_observed_quote_not_settlement,3916.0,554,43,5.849999999999994,147.03999999997797,2024-06-21T09:32:00-04:00,0.0,5.849999999999994,147.03999999997797,2024-06-21T09:33:00-04:00,0.0,5.050000000000011,1747.0399999999438,2024-06-21T09:36:00-04:00,0.0,6.150000000000034,-452.9600000001016,2024-06-21T09:41:00-04:00,0.0,6.050000000000011,-252.96000000005614,2024-06-21T09:46:00-04:00,0.0,6.499999999999972,-1152.9599999999766,2024-06-21T10:01:00-04:00,0.0,6.949999999999989,-2052.9600000000105,2024-06-21T10:31:00-04:00,0.0,6.5,-1152.9600000000335,2024-06-21T11:31:00-04:00,0.0,7.3999999999999915,-2952.9600000000164,2024-06-21T16:00:00-04:00,0.0,,,2024-06-21T16:15:00-04:00,85500.0,,,2024-06-21T16:15:00-04:00,171900.0,10.0,-8052.960000000034,2024-06-24T16:00:00-04:00,0.0,4.0,hit,6.0,hit,,never_hit,,never_hit,,never_hit,,never_hit,,never_hit,19.0,hit,19.0,hit,19.0,hit,22.0,hit,4320.0,hit,4328.0,hit,,,True,True,True,False,1.8999999999999915,,,True,True,True,False,1.8999999999999915,,,True,True,True,False,1.8999999999999915,,,True,True,True,False,1.8999999999999915,,,,,,,,,,,,,,,,,,,,,,,,,,,,,,,,,,,,,,,,,,,,,,,,,,,,,,,,,,,,,,,,,1906
2024-06-21,2024-06-24,3,7.0,2024-06-21T09:31:00-04:00,7.0,NDXP  240624P19860000,NDXP  240624P19850000,development,False,False,0,0,0,64,0,731,available,False,2024-06-21T09:31:00-04:00,2024-06-24T16:00:00-04:00,10.0,-6152.96,0.0,last_observed_quote_not_settlement,3916.0,585,48,7.300000000000011,-852.9600000000221,2024-06-21T09:32:00-04:00,0.0,6.099999999999966,1547.0400000000689,2024-06-21T09:33:00-04:00,0.0,6.449999999999989,847.0400000000234,2024-06-21T09:36:00-04:00,0.0,6.75,247.04000000000067,2024-06-21T09:41:00-04:00,0.0,7.0,-252.9599999999993,2024-06-21T09:46:00-04:00,0.0,7.2000000000000455,-652.9600000000903,2024-06-21T10:01:00-04:00,0.0,7.700000000000017,-1652.9600000000335,2024-06-21T10:31:00-04:00,0.0,7.550000000000011,-1352.960000000022,2024-06-21T11:31:00-04:00,0.0,8.399999999999977,-3052.9599999999555,2024-06-21T16:00:00-04:00,0.0,,,2024-06-21T16:15:00-04:00,85500.0,,,2024-06-21T16:15:00-04:00,171900.0,10.0,-6152.96,2024-06-24T16:00:00-04:00,0.0,155.0,hit,,never_hit,,never_hit,,never_hit,,never_hit,,never_hit,,never_hit,6.0,hit,6.0,hit,0.0,hit,6.0,hit,4320.0,hit,4320.0,hit,,,True,True,True,False,1.5000000000000142,,,True,True,True,False,1.5000000000000142,,,True,True,True,False,1.5000000000000142,,,True,True,True,False,1.5000000000000142,,,,,,,,,,,,,,,,,,,,,,,,,,,,,,,,,,,,,,,,,,,,,,,,,,,,,,,,,,,,,,,,,1907
2024-06-24,2024-06-26,2,5.0,2024-06-24T09:31:00-04:00,4.949999999999989,NDXP  240626P19660000,NDXP  240626P19650000,development,False,False,0,0,0,0,15,1200,available,False,2024-06-24T09:31:00-04:00,2024-06-26T16:00:00-04:00,9.9,-10152.960000000023,0.0,last_observed_quote_not_settlement,1036.0,450,63,4.75,147.03999999997797,2024-06-24T09:32:00-04:00,0.0,4.199999999999989,1247.0400000000006,2024-06-24T09:33:00-04:00,0.0,4.599999999999994,447.03999999998933,2024-06-24T09:36:00-04:00,0.0,4.799999999999997,47.03999999998366,2024-06-24T09:41:00-04:00,0.0,4.400000000000006,847.0399999999665,2024-06-24T09:46:00-04:00,0.0,4.050000000000011,1547.0399999999552,2024-06-24T10:01:00-04:00,0.0,4.949999999999989,-252.9599999999993,2024-06-24T10:31:00-04:00,0.0,5.049999999999997,-452.96000000001635,2024-06-24T11:31:00-04:00,0.0,9.150000000000006,-8652.960000000034,2024-06-24T16:00:00-04:00,0.0,2.8500000000000014,3947.039999999975,2024-06-25T16:00:00-04:00,0.0,9.9,-10152.960000000023,2024-06-26T16:00:00-04:00,0.0,,,,,0.0,hit,0.0,hit,3.0,hit,1829.0,hit,2918.0,hit,3198.0,hit,3246.0,hit,19.0,hit,80.0,hit,144.0,hit,380.0,hit,389.0,hit,3269.0,hit,9.150000000000006,449,True,True,True,True,,9.150000000000006,450,True,True,True,True,,9.150000000000006,450,True,True,True,True,,9.150000000000006,450,True,True,True,True,,1829.0,2024-06-25T16:00:00-04:00,2.8500000000000014,3947.039999999975,2900.0,2024-06-26T09:51:00-04:00,2.8500000000000014,3947.039999999975,2901.0,2024-06-26T09:52:00-04:00,2.650000000000002,4347.039999999974,1830.0,2024-06-25T16:01:00-04:00,3.5500000000000043,2547.0399999999695,2918.0,2024-06-26T10:09:00-04:00,1.8999999999999986,5847.039999999981,2933.0,2024-06-26T10:24:00-04:00,1.8999999999999986,5847.039999999981,2934.0,2024-06-26T10:25:00-04:00,1.8999999999999986,5847.039999999981,2919.0,2024-06-26T10:10:00-04:00,2.25,5147.039999999978,3200.0,2024-06-26T14:51:00-04:00,0.8999999999999999,7847.039999999977,3241.0,2024-06-26T15:32:00-04:00,0.9249999999999998,7797.039999999978,3242.0,2024-06-26T15:33:00-04:00,0.8,8047.039999999976,3201.0,2024-06-26T14:52:00-04:00,1.125,7397.039999999978,3246.0,2024-06-26T15:37:00-04:00,0.4,8847.039999999979,3247.0,2024-06-26T15:38:00-04:00,0.29999999999999993,9047.039999999979,3248.0,2024-06-26T15:39:00-04:00,0.32499999999999996,8997.039999999979,3247.0,2024-06-26T15:38:00-04:00,0.29999999999999993,9047.039999999979,1908
2024-06-24,2024-06-26,2,6.0,2024-06-24T09:31:00-04:00,6.0,NDXP  240626P19740000,NDXP  240626P19730000,development,False,False,0,0,0,0,15,1200,available,False,2024-06-24T09:31:00-04:00,2024-06-26T16:00:00-04:00,0.35,11047.04,0.0,last_observed_quote_not_settlement,1036.0,853,113,4.150000000000006,3447.0399999999895,2024-06-24T09:32:00-04:00,0.0,6.550000000000011,-1352.960000000022,2024-06-24T09:33:00-04:00,0.0,5.649999999999977,447.0400000000462,2024-06-24T09:36:00-04:00,0.0,5.900000000000006,-52.96000000001066,2024-06-24T09:41:00-04:00,0.0,6.0,-252.9599999999993,2024-06-24T09:46:00-04:00,0.0,5.200000000000017,1347.0399999999665,2024-06-24T10:01:00-04:00,0.0,6.200000000000017,-652.9600000000335,2024-06-24T10:31:00-04:00,0.0,6.199999999999989,-652.9599999999766,2024-06-24T11:31:00-04:00,0.0,8.850000000000023,-5952.960000000046,2024-06-24T16:00:00-04:00,0.0,5.199999999999989,1347.0400000000234,2024-06-25T16:00:00-04:00,0.0,0.35,11047.04,2024-06-26T16:00:00-04:00,0.0,,,,,1.0,hit,1.0,hit,2957.0,hit,3023.0,hit,3023.0,hit,3266.0,hit,3268.0,hit,2.0,hit,6.0,hit,6.0,hit,220.0,hit,388.0,hit,396.0,hit,9.550000000000011,675,True,True,True,True,,9.550000000000011,675,True,True,True,True,,9.550000000000011,853,True,True,True,True,,9.550000000000011,853,True,True,True,True,,3023.0,2024-06-26T11:54:00-04:00,1.5500000000000007,8647.04,3266.0,2024-06-26T15:57:00-04:00,0.575,10597.04,3267.0,2024-06-26T15:58:00-04:00,0.975,9797.040000000003,3024.0,2024-06-26T11:55:00-04:00,3.3000000000000007,5147.039999999999,3023.0,2024-06-26T11:54:00-04:00,1.5500000000000007,8647.04,3267.0,2024-06-26T15:58:00-04:00,0.975,9797.040000000003,3268.0,2024-06-26T15:59:00-04:00,0.24999999999999994,11247.04,3024.0,2024-06-26T11:55:00-04:00,3.3000000000000007,5147.039999999999,3266.0,2024-06-26T15:57:00-04:00,0.575,10597.04,3269.0,2024-06-26T16:00:00-04:00,0.35,11047.04,,,,,3267.0,2024-06-26T15:58:00-04:00,0.975,9797.040000000003,3268.0,2024-06-26T15:59:00-04:00,0.24999999999999994,11247.04,3269.0,2024-06-26T16:00:00-04:00,0.35,11047.04,,,,,3269.0,2024-06-26T16:00:00-04:00,0.35,11047.04,1909
2024-06-24,2024-06-26,2,7.0,2024-06-24T09:31:00-04:00,7.099999999999994,NDXP  240626P19830000,NDXP  240626P19820000,development,False,False,0,0,0,49,15,1151,available,False,2024-06-24T09:31:00-04:00,2024-06-26T16:00:00-04:00,10.0,-5952.960000000011,0.0,last_observed_quote_not_settlement,1036.0,1067,37,6.949999999999989,47.04000000001208,2024-06-24T09:32:00-04:00,0.0,6.849999999999966,247.04000000005752,2024-06-24T09:33:00-04:00,0.0,7.25,-552.9600000000107,2024-06-24T09:36:00-04:00,0.0,7.5,-1052.9600000000107,2024-06-24T09:41:00-04:00,0.0,7.4500000000000455,-952.9600000001017,2024-06-24T09:46:00-04:00,0.0,6.450000000000017,1047.0399999999552,2024-06-24T10:01:00-04:00,0.0,7.699999999999989,-1452.959999999988,2024-06-24T10:31:00-04:00,0.0,8.099999999999966,-2252.959999999944,2024-06-24T11:31:00-04:00,0.0,,,2024-06-24T15:59:00-04:00,60.0,7.5,-1052.9600000000107,2024-06-25T16:00:00-04:00,0.0,10.0,-5952.960000000011,2024-06-26T16:00:00-04:00,0.0,,,,,,never_hit,,never_hit,,never_hit,,never_hit,,never_hit,,never_hit,,never_hit,12.0,hit,72.0,hit,0.0,hit,72.0,hit,72.0,hit,274.0,hit,,,True,True,True,False,1.1500000000000057,,,True,True,True,False,1.1500000000000057,,,True,True,True,False,1.1500000000000057,,,True,True,True,False,1.1500000000000057,,,,,,,,,,,,,,,,,,,,,,,,,,,,,,,,,,,,,,,,,,,,,,,,,,,,,,,,,,,,,,,,,1910
2024-06-24,2024-06-27,3,5.0,2024-06-24T09:31:00-04:00,5.050000000000011,NDXP  240627P19670000,NDXP  240627P19660000,development,False,False,0,0,0,15,0,1590,available,False,2024-06-24T09:31:00-04:00,2024-06-27T16:00:00-04:00,5.0,-152.95999999997656,0.0,last_observed_quote_not_settlement,1036.0,425,76,4.549999999999997,747.0400000000291,2024-06-24T09:32:00-04:00,0.0,4.699999999999989,447.0400000000462,2024-06-24T09:33:00-04:00,0.0,4.549999999999997,747.0400000000291,2024-06-24T09:36:00-04:00,0.0,4.800000000000011,247.04000000000067,2024-06-24T09:41:00-04:00,0.0,5.0,-152.95999999997656,2024-06-24T09:46:00-04:00,0.0,4.199999999999989,1447.0400000000461,2024-06-24T10:01:00-04:00,0.0,4.849999999999994,147.0400000000348,2024-06-24T10:31:00-04:00,0.0,5.149999999999977,-452.9599999999311,2024-06-24T11:31:00-04:00,0.0,8.050000000000011,-6252.960000000001,2024-06-24T16:00:00-04:00,0.0,4.249999999999986,1347.0400000000518,2024-06-25T16:00:00-04:00,0.0,4.200000000000003,1447.0400000000177,2024-06-26T16:00:00-04:00,0.0,5.0,-152.95999999997656,2024-06-27T16:00:00-04:00,0.0,0.0,hit,1.0,hit,31.0,hit,2911.0,hit,2911.0,hit,2919.0,hit,4337.0,hit,76.0,hit,79.0,hit,296.0,hit,389.0,hit,,never_hit,,never_hit,8.050000000000011,424,True,True,False,False,,8.050000000000011,424,True,True,False,False,,8.050000000000011,424,True,True,False,False,,8.050000000000011,425,True,True,False,False,,2911.0,2024-06-26T10:02:00-04:00,1.4500000000000028,6947.040000000018,3266.0,2024-06-26T15:57:00-04:00,2.75,4347.040000000024,3267.0,2024-06-26T15:58:00-04:00,2.8999999999999986,4047.0400000000263,2912.0,2024-06-26T10:03:00-04:00,3.799999999999997,2247.040000000029,2911.0,2024-06-26T10:02:00-04:00,1.4500000000000028,6947.040000000018,4324.0,2024-06-27T09:35:00-04:00,1.7500000000000018,6347.04000000002,4328.0,2024-06-27T09:39:00-04:00,1.200000000000001,7447.040000000021,2912.0,2024-06-26T10:03:00-04:00,3.799999999999997,2247.040000000029,4337.0,2024-06-27T09:48:00-04:00,0.15000000000000036,9547.040000000023,4363.0,2024-06-27T10:14:00-04:00,0.8999999999999995,8047.0400000000245,4364.0,2024-06-27T10:15:00-04:00,0.6500000000000004,8547.040000000023,4338.0,2024-06-27T09:49:00-04:00,1.25,7347.040000000024,4337.0,2024-06-27T09:48:00-04:00,0.15000000000000036,9547.040000000023,4558.0,2024-06-27T13:29:00-04:00,0.25,9347.040000000025,4559.0,2024-06-27T13:30:00-04:00,0.1499999999999999,9547.040000000023,4338.0,2024-06-27T09:49:00-04:00,1.25,7347.040000000024,1911
2024-06-24,2024-06-27,3,6.0,2024-06-24T09:31:00-04:00,6.050000000000011,NDXP  240627P19780000,NDXP  240627P19770000,development,False,False,0,0,0,1,0,1604,available,False,2024-06-24T09:31:00-04:00,2024-06-27T16:00:00-04:00,7.025,-2202.9599999999773,0.0,last_observed_quote_not_settlement,1036.0,969,168,6.099999999999994,-352.9599999999652,2024-06-24T09:32:00-04:00,0.0,5.949999999999989,-52.959999999953816,2024-06-24T09:33:00-04:00,0.0,4.400000000000006,3047.0400000000122,2024-06-24T09:36:00-04:00,0.0,6.25,-652.9599999999766,2024-06-24T09:41:00-04:00,0.0,6.599999999999994,-1352.9599999999652,2024-06-24T09:46:00-04:00,0.0,5.649999999999977,547.0400000000689,2024-06-24T10:01:00-04:00,0.0,6.299999999999983,-752.9599999999425,2024-06-24T10:31:00-04:00,0.0,6.5,-1152.9599999999766,2024-06-24T11:31:00-04:00,0.0,8.549999999999955,-5252.959999999887,2024-06-24T16:00:00-04:00,0.0,5.000000000000014,1847.039999999995,2024-06-25T16:00:00-04:00,0.0,5.1000000000000085,1647.0400000000063,2024-06-26T16:00:00-04:00,0.0,7.025,-2202.9599999999773,2024-06-27T16:00:00-04:00,0.0,5.0,hit,5.0,hit,48.0,hit,3057.0,hit,,never_hit,,never_hit,,never_hit,15.0,hit,74.0,hit,74.0,hit,218.0,hit,379.0,hit,379.0,hit,9.599999999999966,765,True,True,True,True,,,,True,True,True,False,3.850000000000012,,,True,True,True,False,3.850000000000012,,,True,True,True,False,3.850000000000012,4337.0,2024-06-27T09:48:00-04:00,2.549999999999997,6747.040000000029,4365.0,2024-06-27T10:16:00-04:00,2.400000000000002,7047.040000000019,4366.0,2024-06-27T10:17:00-04:00,2.700000000000003,6447.040000000018,4338.0,2024-06-27T09:49:00-04:00,3.299999999999997,5247.040000000029,,,,,,,,,,,,,,,,,,,,,,,,,,,,,,,,,,,,,,,,,,,,,,,,,1912
2024-06-24,2024-06-27,3,7.0,2024-06-24T09:31:00-04:00,6.849999999999966,NDXP  240627P19830000,NDXP  240627P19820000,development,False,False,0,0,0,1,0,1603,available,False,2024-06-24T09:31:00-04:00,2024-06-27T15:59:00-04:00,9.449999999999996,-5452.960000000061,1.0,last_observed_quote_not_settlement,1036.0,1208,202,6.400000000000006,647.0399999999211,2024-06-24T09:32:00-04:00,0.0,6.200000000000017,1047.0399999998983,2024-06-24T09:33:00-04:00,0.0,6.5,447.0399999999325,2024-06-24T09:36:00-04:00,0.0,6.599999999999994,247.03999999994383,2024-06-24T09:41:00-04:00,0.0,6.949999999999989,-452.9600000000448,2024-06-24T09:46:00-04:00,0.0,6.399999999999977,647.0399999999779,2024-06-24T10:01:00-04:00,0.0,6.800000000000011,-152.96000000009025,2024-06-24T10:31:00-04:00,0.0,6.800000000000011,-152.96000000009025,2024-06-24T11:31:00-04:00,0.0,8.350000000000023,-3252.9600000001146,2024-06-24T16:00:00-04:00,0.0,6.75,-52.9600000000675,2024-06-25T16:00:00-04:00,0.0,7.3999999999999915,-1352.9600000000505,2024-06-26T16:00:00-04:00,0.0,,,2024-06-27T15:59:00-04:00,60.0,2999.0,hit,2999.0,hit,4340.0,hit,,never_hit,,never_hit,,never_hit,,never_hit,18.0,hit,63.0,hit,12.0,hit,76.0,hit,271.0,hit,271.0,hit,,,True,True,True,False,2.9999999999999645,,,True,True,True,False,2.9999999999999645,,,True,True,True,False,2.9999999999999645,,,True,True,True,False,2.9999999999999645,,,,,,,,,,,,,,,,,,,,,,,,,,,,,,,,,,,,,,,,,,,,,,,,,,,,,,,,,,,,,,,,,1913
2024-06-25,2024-06-27,2,5.0,2024-06-25T09:31:00-04:00,5.0,NDXP  240627P19580000,NDXP  240627P19570000,development,False,False,0,0,0,20,15,1180,available,False,2024-06-25T09:31:00-04:00,2024-06-27T16:00:00-04:00,0.0,9747.04,0.0,last_observed_quote_not_settlement,1036.0,11,15,5.200000000000003,-652.960000000005,2024-06-25T09:32:00-04:00,0.0,5.25,-752.9599999999994,2024-06-25T09:33:00-04:00,0.0,4.849999999999994,47.04000000001208,2024-06-25T09:36:00-04:00,0.0,4.950000000000003,-152.96000000000498,2024-06-25T09:41:00-04:00,0.0,4.75,247.04000000000067,2024-06-25T09:46:00-04:00,0.0,4.599999999999994,547.040000000012,2024-06-25T10:01:00-04:00,0.0,4.25,1247.0400000000006,2024-06-25T10:31:00-04:00,0.0,3.250000000000007,3247.0399999999863,2024-06-25T11:31:00-04:00,0.0,2.6500000000000057,4447.039999999989,2024-06-25T16:00:00-04:00,0.0,1.450000000000001,6847.039999999998,2024-06-26T16:00:00-04:00,0.0,0.0,9747.04,2024-06-27T16:00:00-04:00,0.0,,,,,0.0,hit,0.0,hit,36.0,hit,124.0,hit,379.0,hit,1617.0,hit,2885.0,hit,12.0,hit,12.0,hit,12.0,hit,12.0,hit,,never_hit,,never_hit,8.200000000000003,11,True,True,False,False,,8.200000000000003,11,True,True,False,False,,8.200000000000003,11,True,True,False,False,,8.200000000000003,11,True,True,False,False,,144.0,2024-06-25T11:55:00-04:00,2.8499999999999943,4047.040000000012,150.0,2024-06-25T12:01:00-04:00,2.9499999999999957,3847.040000000009,151.0,2024-06-25T12:02:00-04:00,2.8500000000000085,4047.0399999999836,145.0,2024-06-25T11:56:00-04:00,2.950000000000003,3847.039999999995,379.0,2024-06-25T15:50:00-04:00,1.9499999999999957,5847.040000000009,1478.0,2024-06-26T10:09:00-04:00,1.8000000000000007,6147.039999999999,1479.0,2024-06-26T10:10:00-04:00,1.8500000000000014,6047.039999999998,380.0,2024-06-25T15:51:00-04:00,3.1999999999999957,3347.040000000009,1617.0,2024-06-26T12:28:00-04:00,0.8000000000000007,8147.04,2883.0,2024-06-27T09:34:00-04:00,0.5999999999999996,8547.040000000003,2884.0,2024-06-27T09:35:00-04:00,0.6500000000000004,8447.04,1618.0,2024-06-26T12:29:00-04:00,1.5499999999999972,6647.040000000006,2886.0,2024-06-27T09:37:00-04:00,0.40000000000000036,8947.04,2889.0,2024-06-27T09:40:00-04:00,0.40000000000000036,8947.04,2896.0,2024-06-27T09:47:00-04:00,0.3249999999999993,9097.040000000003,2887.0,2024-06-27T09:38:00-04:00,0.4500000000000002,8847.04,1914
2024-06-25,2024-06-27,2,6.0,2024-06-25T09:31:00-04:00,5.949999999999989,NDXP  240627P19640000,NDXP  240627P19630000,development,False,False,0,0,0,4,15,1196,available,False,2024-06-25T09:31:00-04:00,2024-06-27T16:00:00-04:00,0.0,11647.039999999979,0.0,last_observed_quote_not_settlement,1036.0,11,13,6.0,-352.96000000002203,2024-06-25T09:32:00-04:00,0.0,6.349999999999994,-1052.9600000000107,2024-06-25T09:33:00-04:00,0.0,6.5,-1352.960000000022,2024-06-25T09:36:00-04:00,0.0,6.049999999999983,-452.95999999998793,2024-06-25T09:41:00-04:00,0.0,5.700000000000017,247.03999999994383,2024-06-25T09:46:00-04:00,0.0,5.700000000000017,247.03999999994383,2024-06-25T10:01:00-04:00,0.0,5.049999999999983,1547.040000000012,2024-06-25T10:31:00-04:00,0.0,4.099999999999994,3447.0399999999895,2024-06-25T11:31:00-04:00,0.0,3.5,4647.039999999978,2024-06-25T16:00:00-04:00,0.0,2.5500000000000043,6547.039999999969,2024-06-26T16:00:00-04:00,0.0,0.0,11647.039999999979,2024-06-27T16:00:00-04:00,0.0,,,,,4.0,hit,34.0,hit,51.0,hit,51.0,hit,1469.0,hit,1479.0,hit,2909.0,hit,5.0,hit,11.0,hit,11.0,hit,,never_hit,,never_hit,,never_hit,7.100000000000023,11,True,False,False,False,,7.100000000000023,11,True,False,False,False,,7.100000000000023,11,True,False,False,False,,7.100000000000023,11,True,False,False,False,,51.0,2024-06-25T10:22:00-04:00,2.6499999999999915,6347.039999999995,1477.0,2024-06-26T10:08:00-04:00,2.75,6147.039999999978,1478.0,2024-06-26T10:09:00-04:00,2.6499999999999915,6347.039999999995,52.0,2024-06-25T10:23:00-04:00,5.150000000000006,1347.0399999999665,1479.0,2024-06-26T10:10:00-04:00,0.8999999999999986,9847.03999999998,2881.0,2024-06-27T09:32:00-04:00,1.7500000000000018,8147.0399999999745,2882.0,2024-06-27T09:33:00-04:00,1.5500000000000007,8547.039999999977,1480.0,2024-06-26T10:11:00-04:00,2.75,6147.039999999978,1479.0,2024-06-26T10:10:00-04:00,0.8999999999999986,9847.03999999998,2889.0,2024-06-27T09:40:00-04:00,0.8500000000000005,9947.039999999977,2896.0,2024-06-27T09:47:00-04:00,0.8500000000000014,9947.039999999975,1480.0,2024-06-26T10:11:00-04:00,2.75,6147.039999999978,2909.0,2024-06-27T10:00:00-04:00,0.25,11147.039999999979,3064.0,2024-06-27T12:35:00-04:00,0.44999999999999973,10747.039999999979,3065.0,2024-06-27T12:36:00-04:00,0.4249999999999998,10797.039999999979,2910.0,2024-06-27T10:01:00-04:00,0.8500000000000005,9947.039999999977,1915
2024-06-25,2024-06-27,2,7.0,2024-06-25T09:31:00-04:00,7.099999999999994,NDXP  240627P19730000,NDXP  240627P19720000,development,False,False,0,0,0,0,15,1200,available,False,2024-06-25T09:31:00-04:00,2024-06-27T16:00:00-04:00,0.0,13947.03999999999,0.0,last_observed_quote_not_settlement,1036.0,15,17,7.150000000000006,-352.96000000002203,2024-06-25T09:32:00-04:00,0.0,6.950000000000017,47.039999999955235,2024-06-25T09:33:00-04:00,0.0,7.300000000000011,-652.9600000000335,2024-06-25T09:36:00-04:00,0.0,7.400000000000006,-852.9600000000221,2024-06-25T09:41:00-04:00,0.0,8.099999999999994,-2252.960000000001,2024-06-25T09:46:00-04:00,0.0,6.25,1447.0399999999893,2024-06-25T10:01:00-04:00,0.0,6.550000000000011,847.0399999999665,2024-06-25T10:31:00-04:00,0.0,5.450000000000017,3047.0399999999554,2024-06-25T11:31:00-04:00,0.0,5.200000000000017,3547.0399999999554,2024-06-25T16:00:00-04:00,0.0,4.550000000000004,4847.039999999981,2024-06-26T16:00:00-04:00,0.0,0.0,13947.03999999999,2024-06-27T16:00:00-04:00,0.0,,,,,106.0,hit,152.0,hit,1469.0,hit,1471.0,hit,1471.0,hit,3130.0,hit,3221.0,hit,15.0,hit,15.0,hit,0.0,hit,15.0,hit,,never_hit,,never_hit,8.099999999999994,15,True,True,False,False,,8.099999999999994,15,True,True,False,False,,8.099999999999994,15,True,True,False,False,,8.099999999999994,15,True,True,False,False,,1471.0,2024-06-26T10:02:00-04:00,1.9499999999999886,10047.040000000014,2887.0,2024-06-27T09:38:00-04:00,2.549999999999997,8847.039999999995,2888.0,2024-06-27T09:39:00-04:00,2.1000000000000014,9747.039999999988,1472.0,2024-06-26T10:03:00-04:00,4.900000000000006,4147.039999999978,1471.0,2024-06-26T10:02:00-04:00,1.9499999999999886,10047.040000000014,2923.0,2024-06-27T10:14:00-04:00,1.6999999999999993,10547.039999999992,2924.0,2024-06-27T10:15:00-04:00,1.299999999999999,11347.039999999992,1472.0,2024-06-26T10:03:00-04:00,4.900000000000006,4147.039999999978,3209.0,2024-06-27T15:00:00-04:00,0.875,12197.03999999999,3213.0,2024-06-27T15:04:00-04:00,0.8249999999999997,12297.03999999999,3214.0,2024-06-27T15:05:00-04:00,0.8500000000000001,12247.03999999999,3210.0,2024-06-27T15:01:00-04:00,1.0000000000000009,11947.039999999988,3221.0,2024-06-27T15:12:00-04:00,0.44999999999999973,13047.03999999999,3222.0,2024-06-27T15:13:00-04:00,0.44999999999999996,13047.03999999999,3226.0,2024-06-27T15:17:00-04:00,0.375,13197.03999999999,3222.0,2024-06-27T15:13:00-04:00,0.44999999999999996,13047.03999999999,1916
2024-06-25,2024-06-28,3,5.0,2024-06-25T09:31:00-04:00,5.099999999999994,NDXP  240628P19630000,NDXP  240628P19620000,development,False,False,0,0,0,2,0,1603,available,False,2024-06-25T09:31:00-04:00,2024-06-28T15:59:00-04:00,0.07499999999999998,9797.03999999999,1.0,last_observed_quote_not_settlement,1036.0,29,15,5.450000000000017,-952.9600000000448,2024-06-25T09:32:00-04:00,0.0,5.250000000000028,-552.9600000000676,2024-06-25T09:33:00-04:00,0.0,5.150000000000006,-352.96000000002203,2024-06-25T09:36:00-04:00,0.0,5.349999999999994,-752.9599999999994,2024-06-25T09:41:00-04:00,0.0,5.150000000000006,-352.96000000002203,2024-06-25T09:46:00-04:00,0.0,5.5,-1052.9600000000107,2024-06-25T10:01:00-04:00,0.0,4.800000000000011,347.0399999999666,2024-06-25T10:31:00-04:00,0.0,4.099999999999994,1747.0400000000006,2024-06-25T11:31:00-04:00,0.0,3.4000000000000057,3147.039999999978,2024-06-25T16:00:00-04:00,0.0,3.049999999999997,3847.039999999995,2024-06-26T16:00:00-04:00,0.0,1.6000000000000014,6747.039999999986,2024-06-27T16:00:00-04:00,0.0,,,2024-06-28T15:59:00-04:00,60.0,0.0,hit,16.0,hit,58.0,hit,1462.0,hit,1469.0,hit,4326.0,hit,4339.0,hit,9.0,hit,,never_hit,,never_hit,,never_hit,,never_hit,,never_hit,5.900000000000006,29,False,False,False,False,,5.900000000000006,29,False,False,False,False,,5.900000000000006,29,False,False,False,False,,5.900000000000006,29,False,False,False,False,,1469.0,2024-06-26T10:00:00-04:00,2.0,5947.039999999989,1586.0,2024-06-26T11:57:00-04:00,2.8500000000000014,4247.039999999986,1587.0,2024-06-26T11:58:00-04:00,2.9499999999999957,4047.039999999998,1470.0,2024-06-26T10:01:00-04:00,3.5,2947.0399999999895,2886.0,2024-06-27T09:37:00-04:00,1.9499999999999993,6047.039999999991,2889.0,2024-06-27T09:40:00-04:00,1.8000000000000043,6347.039999999981,2923.0,2024-06-27T10:14:00-04:00,1.6999999999999993,6547.039999999991,2887.0,2024-06-27T09:38:00-04:00,2.0500000000000007,5847.039999999988,4326.0,2024-06-28T09:37:00-04:00,0.8500000000000005,8247.03999999999,4327.0,2024-06-28T09:38:00-04:00,0.7999999999999989,8347.039999999992,4328.0,2024-06-28T09:39:00-04:00,0.8000000000000007,8347.039999999988,4327.0,2024-06-28T09:38:00-04:00,0.7999999999999989,8347.039999999992,4340.0,2024-06-28T09:51:00-04:00,0.44999999999999973,9047.03999999999,4345.0,2024-06-28T09:56:00-04:00,0.40000000000000036,9147.03999999999,4346.0,2024-06-28T09:57:00-04:00,0.3999999999999999,9147.03999999999,4341.0,2024-06-28T09:52:00-04:00,0.4500000000000002,9047.03999999999,1917
2024-06-25,2024-06-28,3,6.0,2024-06-25T09:31:00-04:00,6.000000000000028,NDXP  240628P19650000,NDXP  240628P19640000,development,False,False,0,0,0,3,0,1602,available,False,2024-06-25T09:31:00-04:00,2024-06-28T16:00:00-04:00,0.024999999999999967,11697.040000000057,0.0,last_observed_quote_not_settlement,1036.0,6,10,5.849999999999966,47.040000000125765,2024-06-25T09:32:00-04:00,0.0,5.699999999999989,347.0400000000803,2024-06-25T09:33:00-04:00,0.0,6.449999999999989,-1152.9599999999198,2024-06-25T09:36:00-04:00,0.0,5.950000000000017,-152.95999999997656,2024-06-25T09:41:00-04:00,0.0,5.5,747.0400000000575,2024-06-25T09:46:00-04:00,0.0,5.449999999999989,847.0400000000802,2024-06-25T10:01:00-04:00,0.0,4.950000000000017,1847.0400000000234,2024-06-25T10:31:00-04:00,0.0,4.199999999999989,3347.0400000000805,2024-06-25T11:31:00-04:00,0.0,4.0,3747.0400000000577,2024-06-25T16:00:00-04:00,0.0,3.0999999999999943,5547.040000000069,2024-06-26T16:00:00-04:00,0.0,1.9000000000000021,7947.040000000054,2024-06-27T16:00:00-04:00,0.0,0.024999999999999967,11697.040000000057,2024-06-28T16:00:00-04:00,0.0,13.0,hit,29.0,hit,122.0,hit,149.0,hit,1471.0,hit,1471.0,hit,4347.0,hit,8.0,hit,8.0,hit,8.0,hit,,never_hit,,never_hit,,never_hit,7.599999999999966,6,True,False,False,False,,7.599999999999966,6,True,False,False,False,,7.599999999999966,6,True,False,False,False,,7.599999999999966,6,True,False,False,False,,149.0,2024-06-25T12:00:00-04:00,2.8500000000000085,6047.040000000041,2881.0,2024-06-27T09:32:00-04:00,2.8499999999999943,6047.040000000069,2882.0,2024-06-27T09:33:00-04:00,2.8999999999999986,5947.04000000006,150.0,2024-06-25T12:01:00-04:00,4.150000000000006,3447.0400000000463,1471.0,2024-06-26T10:02:00-04:00,0.75,10247.040000000059,2924.0,2024-06-27T10:15:00-04:00,1.75,8247.040000000059,2925.0,2024-06-27T10:16:00-04:00,1.6499999999999986,8447.04000000006,1472.0,2024-06-26T10:03:00-04:00,3.6999999999999886,4347.04000000008,1471.0,2024-06-26T10:02:00-04:00,0.75,10247.040000000059,4336.0,2024-06-28T09:47:00-04:00,0.8499999999999996,10047.040000000059,4337.0,2024-06-28T09:48:00-04:00,0.8000000000000007,10147.040000000057,1472.0,2024-06-26T10:03:00-04:00,3.6999999999999886,4347.04000000008,4347.0,2024-06-28T09:58:00-04:00,0.40000000000000036,10947.040000000057,4350.0,2024-06-28T10:01:00-04:00,0.37500000000000044,10997.040000000057,4351.0,2024-06-28T10:02:00-04:00,0.3500000000000001,11047.040000000057,4348.0,2024-06-28T09:59:00-04:00,0.5500000000000007,10647.040000000057,1918
2024-06-25,2024-06-28,3,7.0,2024-06-25T09:31:00-04:00,7.000000000000028,NDXP  240628P19750000,NDXP  240628P19740000,development,False,False,0,0,1,0,0,1604,available,False,2024-06-25T09:31:00-04:00,2024-06-28T15:59:00-04:00,10.0,-6152.959999999943,1.0,last_observed_quote_not_settlement,1036.0,17,21,6.949999999999989,-152.95999999991972,2024-06-25T09:32:00-04:00,0.0,7.149999999999977,-552.959999999897,2024-06-25T09:33:00-04:00,0.0,7.0,-252.95999999994245,2024-06-25T09:36:00-04:00,0.0,6.800000000000011,147.0400000000348,2024-06-25T09:41:00-04:00,0.0,6.550000000000011,647.0400000000348,2024-06-25T09:46:00-04:00,0.0,6.899999999999977,-52.95999999989697,2024-06-25T10:01:00-04:00,0.0,5.75,2247.0400000000577,2024-06-25T10:31:00-04:00,0.0,5.199999999999989,3347.0400000000805,2024-06-25T11:31:00-04:00,0.0,4.899999999999977,3947.040000000103,2024-06-25T16:00:00-04:00,0.0,5.200000000000003,3347.040000000052,2024-06-26T16:00:00-04:00,0.0,3.6999999999999957,6347.040000000066,2024-06-27T16:00:00-04:00,0.0,,,2024-06-28T15:59:00-04:00,60.0,44.0,hit,56.0,hit,140.0,hit,1583.0,hit,2885.0,hit,4338.0,hit,4338.0,hit,29.0,hit,29.0,hit,0.0,hit,29.0,hit,29.0,hit,29.0,hit,10.0,8,True,True,True,True,,10.0,8,True,True,True,True,,10.0,9,True,True,True,True,,10.0,9,True,True,True,True,,1583.0,2024-06-26T11:54:00-04:00,2.6499999999999915,8447.040000000075,4327.0,2024-06-28T09:38:00-04:00,2.349999999999998,9047.040000000063,4328.0,2024-06-28T09:39:00-04:00,2.450000000000003,8847.040000000054,1584.0,2024-06-26T11:55:00-04:00,4.349999999999994,5047.040000000069,2885.0,2024-06-27T09:36:00-04:00,1.499999999999993,10747.040000000072,4339.0,2024-06-28T09:50:00-04:00,1.75,10247.040000000059,4340.0,2024-06-28T09:51:00-04:00,1.5999999999999996,10547.040000000059,2886.0,2024-06-27T09:37:00-04:00,3.6999999999999957,6347.040000000066,4338.0,2024-06-28T09:49:00-04:00,0.25,13247.040000000059,4352.0,2024-06-28T10:03:00-04:00,0.8499999999999996,12047.040000000059,4353.0,2024-06-28T10:04:00-04:00,0.7000000000000002,12347.040000000057,4339.0,2024-06-28T09:50:00-04:00,1.75,10247.040000000059,4338.0,2024-06-28T09:49:00-04:00,0.25,13247.040000000059,4371.0,2024-06-28T10:22:00-04:00,0.4499999999999993,12847.040000000059,4384.0,2024-06-28T10:35:00-04:00,0.34999999999999964,13047.040000000059,4339.0,2024-06-28T09:50:00-04:00,1.75,10247.040000000059,1919
2024-06-26,2024-06-28,2,5.0,2024-06-26T09:31:00-04:00,5.099999999999966,NDXP  240628P19720000,NDXP  240628P19710000,development,False,False,0,0,0,1,0,1198,available,False,2024-06-26T09:31:00-04:00,2024-06-28T15:59:00-04:00,8.0,-6052.960000000069,1.0,last_observed_quote_not_settlement,1036.0,46,40,4.950000000000017,47.03999999989839,2024-06-26T09:32:00-04:00,0.0,4.599999999999994,747.0399999999438,2024-06-26T09:33:00-04:00,0.0,5.050000000000011,-152.96000000009025,2024-06-26T09:36:00-04:00,0.0,5.049999999999997,-152.96000000006183,2024-06-26T09:41:00-04:00,0.0,4.800000000000011,347.03999999990975,2024-06-26T09:46:00-04:00,0.0,4.550000000000011,847.0399999999097,2024-06-26T10:01:00-04:00,0.0,4.5,947.0399999999324,2024-06-26T10:31:00-04:00,0.0,4.8999999999999915,147.03999999994954,2024-06-26T11:31:00-04:00,0.0,3.1999999999999886,3547.0399999999554,2024-06-26T16:00:00-04:00,0.0,3.1000000000000014,3747.0399999999295,2024-06-27T16:00:00-04:00,0.0,,,2024-06-28T15:59:00-04:00,60.0,,,,,0.0,hit,1.0,hit,37.0,hit,119.0,hit,2887.0,hit,2898.0,hit,2909.0,hit,29.0,hit,3242.0,hit,3268.0,hit,3268.0,hit,,never_hit,,never_hit,6.0,14,False,False,False,False,,6.0,38,False,False,False,False,,6.0,38,False,False,False,False,,6.0,38,False,False,False,False,,119.0,2024-06-26T11:30:00-04:00,2.6500000000000057,4647.039999999921,1449.0,2024-06-27T09:40:00-04:00,2.5,4947.039999999933,1483.0,2024-06-27T10:14:00-04:00,2.6499999999999915,4647.03999999995,120.0,2024-06-26T11:31:00-04:00,4.8999999999999915,147.03999999994954,2887.0,2024-06-28T09:38:00-04:00,1.9499999999999993,6047.039999999934,2888.0,2024-06-28T09:39:00-04:00,1.9000000000000021,6147.039999999928,2889.0,2024-06-28T09:40:00-04:00,1.8999999999999986,6147.039999999935,2888.0,2024-06-28T09:39:00-04:00,1.9000000000000021,6147.039999999928,2898.0,2024-06-28T09:49:00-04:00,0.8500000000000014,8247.03999999993,2910.0,2024-06-28T10:01:00-04:00,0.8999999999999995,8147.039999999933,2911.0,2024-06-28T10:02:00-04:00,0.75,8447.039999999934,2899.0,2024-06-28T09:50:00-04:00,1.3500000000000014,7247.03999999993,2915.0,2024-06-28T10:06:00-04:00,0.4499999999999993,9047.039999999935,2920.0,2024-06-28T10:11:00-04:00,0.39999999999999947,9147.039999999934,2921.0,2024-06-28T10:12:00-04:00,0.39999999999999947,9147.039999999934,2916.0,2024-06-28T10:07:00-04:00,0.5,8947.039999999934,1920
2024-06-26,2024-06-28,2,6.0,2024-06-26T09:31:00-04:00,5.949999999999989,NDXP  240628P19760000,NDXP  240628P19750000,development,False,False,0,0,1,1,0,1198,available,False,2024-06-26T09:31:00-04:00,2024-06-28T15:59:00-04:00,9.100000000000001,-6552.960000000026,1.0,last_observed_quote_not_settlement,1036.0,36,39,5.000000000000028,1647.039999999921,2024-06-26T09:32:00-04:00,0.0,5.950000000000017,-252.96000000005614,2024-06-26T09:33:00-04:00,0.0,7.450000000000017,-3252.960000000056,2024-06-26T09:36:00-04:00,0.0,5.800000000000011,47.039999999955235,2024-06-26T09:41:00-04:00,0.0,5.649999999999977,347.04000000002344,2024-06-26T09:46:00-04:00,0.0,5.449999999999989,747.0400000000006,2024-06-26T10:01:00-04:00,0.0,5.049999999999983,1547.040000000012,2024-06-26T10:31:00-04:00,0.0,5.400000000000006,847.0399999999665,2024-06-26T11:31:00-04:00,0.0,2.75,6147.039999999978,2024-06-26T16:00:00-04:00,0.0,3.700000000000003,4247.039999999973,2024-06-27T16:00:00-04:00,0.0,,,2024-06-28T15:59:00-04:00,60.0,,,,,1.0,hit,23.0,hit,125.0,hit,145.0,hit,1460.0,hit,2911.0,hit,2924.0,hit,4.0,hit,4.0,hit,5.0,hit,3071.0,hit,3243.0,hit,3243.0,hit,7.800000000000011,10,True,False,False,False,,7.800000000000011,13,True,False,False,False,,7.800000000000011,14,True,False,False,False,,7.800000000000011,14,True,False,False,False,,145.0,2024-06-26T11:56:00-04:00,2.4000000000000057,6847.039999999966,2887.0,2024-06-28T09:38:00-04:00,2.650000000000002,6347.039999999974,2888.0,2024-06-28T09:39:00-04:00,2.6999999999999957,6247.039999999986,146.0,2024-06-26T11:57:00-04:00,4.550000000000011,2547.0399999999554,1460.0,2024-06-27T09:51:00-04:00,1.8000000000000114,8047.039999999955,2900.0,2024-06-28T09:51:00-04:00,1.6000000000000014,8447.039999999975,2901.0,2024-06-28T09:52:00-04:00,1.5999999999999979,8447.039999999983,1461.0,2024-06-27T09:52:00-04:00,4.25,3147.039999999978,2912.0,2024-06-28T10:03:00-04:00,0.8999999999999986,9847.03999999998,2913.0,2024-06-28T10:04:00-04:00,0.7500000000000009,10147.039999999977,2914.0,2024-06-28T10:05:00-04:00,0.7000000000000002,10247.039999999979,2913.0,2024-06-28T10:04:00-04:00,0.7500000000000009,10147.039999999977,2924.0,2024-06-28T10:15:00-04:00,0.3999999999999986,10847.03999999998,,,,,,,,,2925.0,2024-06-28T10:16:00-04:00,0.5,10647.039999999979,1921
2024-06-26,2024-06-28,2,7.0,2024-06-26T09:31:00-04:00,7.049999999999983,NDXP  240628P19840000,NDXP  240628P19830000,development,False,False,0,0,0,4,0,1195,available,False,2024-06-26T09:31:00-04:00,2024-06-28T15:59:00-04:00,10.0,-6052.960000000034,1.0,last_observed_quote_not_settlement,1036.0,301,175,6.5,847.0399999999665,2024-06-26T09:32:00-04:00,0.0,6.650000000000006,547.0399999999552,2024-06-26T09:33:00-04:00,0.0,7.550000000000011,-1252.9600000000562,2024-06-26T09:36:00-04:00,0.0,7.199999999999989,-552.9600000000107,2024-06-26T09:41:00-04:00,0.0,6.25,1347.0399999999665,2024-06-26T09:46:00-04:00,0.0,7.050000000000011,-252.96000000005614,2024-06-26T10:01:00-04:00,0.0,6.449999999999989,947.0399999999893,2024-06-26T10:31:00-04:00,0.0,7.350000000000023,-852.9600000000789,2024-06-26T11:31:00-04:00,0.0,5.649999999999977,2547.0400000000122,2024-06-26T16:00:00-04:00,0.0,5.699999999999989,2447.0399999999895,2024-06-27T16:00:00-04:00,0.0,,,2024-06-28T15:59:00-04:00,60.0,,,,,23.0,hit,1445.0,hit,1596.0,hit,2898.0,hit,2898.0,hit,2941.0,hit,2948.0,hit,5.0,hit,45.0,hit,0.0,hit,40.0,hit,3208.0,hit,3220.0,hit,8.5,188,True,True,False,False,,8.5,188,True,True,False,False,,8.5,188,True,True,False,False,,8.5,188,True,True,False,False,,2898.0,2024-06-28T09:49:00-04:00,1.2999999999999972,11247.039999999974,2911.0,2024-06-28T10:02:00-04:00,2.0500000000000007,9747.039999999966,2912.0,2024-06-28T10:03:00-04:00,1.6999999999999957,10447.039999999975,2899.0,2024-06-28T09:50:00-04:00,3.4499999999999957,6947.039999999975,2898.0,2024-06-28T09:49:00-04:00,1.2999999999999972,11247.039999999974,2913.0,2024-06-28T10:04:00-04:00,1.5500000000000007,10747.039999999966,2914.0,2024-06-28T10:05:00-04:00,1.5999999999999979,10647.039999999972,2899.0,2024-06-28T09:50:00-04:00,3.4499999999999957,6947.039999999975,2948.0,2024-06-28T10:39:00-04:00,0.25,13347.039999999968,,,,,,,,,2949.0,2024-06-28T10:40:00-04:00,1.5999999999999996,10647.039999999968,2948.0,2024-06-28T10:39:00-04:00,0.25,13347.039999999968,,,,,,,,,2949.0,2024-06-28T10:40:00-04:00,1.5999999999999996,10647.039999999968,1922
2024-06-28,2024-07-01,3,5.0,2024-06-28T09:31:00-04:00,4.8999999999999915,NDXP  240701P19820000,NDXP  240701P19810000,development,False,False,0,0,0,4,0,791,available,False,2024-06-28T09:31:00-04:00,2024-07-01T16:00:00-04:00,6.1000000000000005,-2652.9600000000173,0.0,last_observed_quote_not_settlement,3916.0,573,34,5.050000000000011,-552.9600000000391,2024-06-28T09:32:00-04:00,0.0,4.799999999999997,-52.96000000001066,2024-06-28T09:33:00-04:00,0.0,4.6499999999999915,247.04000000000067,2024-06-28T09:36:00-04:00,0.0,4.5,547.0399999999836,2024-06-28T09:41:00-04:00,0.0,3.8000000000000114,1947.0399999999609,2024-06-28T09:46:00-04:00,0.0,2.799999999999997,3947.0399999999895,2024-06-28T10:01:00-04:00,0.0,2.1000000000000014,5347.039999999981,2024-06-28T10:31:00-04:00,0.0,4.049999999999997,1447.0399999999893,2024-06-28T11:31:00-04:00,0.0,7.799999999999983,-6052.959999999982,2024-06-28T16:00:00-04:00,0.0,,,2024-06-28T16:15:00-04:00,85500.0,,,2024-06-28T16:15:00-04:00,171900.0,6.1000000000000005,-2652.9600000000173,2024-07-01T16:00:00-04:00,0.0,0.0,hit,0.0,hit,7.0,hit,11.0,hit,29.0,hit,48.0,hit,48.0,hit,18.0,hit,18.0,hit,361.0,hit,392.0,hit,4334.0,hit,4342.0,hit,5.150000000000006,3,False,False,False,False,,6.699999999999996,4,False,False,False,False,,6.699999999999996,4,False,False,False,False,,6.699999999999996,4,False,False,False,False,,11.0,2024-06-28T09:42:00-04:00,2.8000000000000114,3947.039999999961,30.0,2024-06-28T10:01:00-04:00,2.799999999999997,3947.0399999999895,31.0,2024-06-28T10:02:00-04:00,2.450000000000003,4647.039999999978,12.0,2024-06-28T09:43:00-04:00,3.75,2047.0399999999836,38.0,2024-06-28T10:09:00-04:00,1.9499999999999993,5647.039999999985,41.0,2024-06-28T10:12:00-04:00,1.9499999999999993,5647.039999999985,42.0,2024-06-28T10:13:00-04:00,1.7999999999999972,5947.039999999989,39.0,2024-06-28T10:10:00-04:00,2.1000000000000014,5347.039999999981,48.0,2024-06-28T10:19:00-04:00,0.10000000000000142,9347.03999999998,,,,,,,,,49.0,2024-06-28T10:20:00-04:00,2.9499999999999993,3647.039999999985,48.0,2024-06-28T10:19:00-04:00,0.10000000000000142,9347.03999999998,,,,,,,,,49.0,2024-06-28T10:20:00-04:00,2.9499999999999993,3647.039999999985,1923
2024-06-28,2024-07-01,3,6.0,2024-06-28T09:31:00-04:00,5.849999999999994,NDXP  240701P19870000,NDXP  240701P19860000,development,False,False,0,0,0,32,0,763,available,False,2024-06-28T09:31:00-04:00,2024-07-01T15:59:00-04:00,9.699999999999996,-7952.960000000004,1.0,last_observed_quote_not_settlement,3916.0,532,44,6.049999999999997,-652.960000000005,2024-06-28T09:32:00-04:00,0.0,5.599999999999994,247.04000000000067,2024-06-28T09:33:00-04:00,0.0,5.6000000000000085,247.03999999997225,2024-06-28T09:36:00-04:00,0.0,5.3999999999999915,647.0400000000063,2024-06-28T09:41:00-04:00,0.0,4.749999999999986,1947.0400000000177,2024-06-28T09:46:00-04:00,0.0,3.6499999999999915,4147.040000000006,2024-06-28T10:01:00-04:00,0.0,2.6999999999999957,6047.039999999998,2024-06-28T10:31:00-04:00,0.0,5.050000000000011,1347.0399999999665,2024-06-28T11:31:00-04:00,0.0,,,2024-06-28T15:59:00-04:00,60.0,,,2024-06-28T16:15:00-04:00,85500.0,,,2024-06-28T16:15:00-04:00,171900.0,,,2024-07-01T15:59:00-04:00,60.0,6.0,hit,14.0,hit,29.0,hit,33.0,hit,69.0,hit,69.0,hit,,never_hit,13.0,hit,149.0,hit,149.0,hit,361.0,hit,4329.0,hit,4334.0,hit,6.549999999999983,3,False,False,False,False,,6.549999999999983,3,False,False,False,False,,6.549999999999983,3,False,False,False,False,,,,True,True,True,False,4.8999999999999915,33.0,2024-06-28T10:04:00-04:00,2.8500000000000014,5747.039999999986,34.0,2024-06-28T10:05:00-04:00,2.8500000000000014,5747.039999999986,35.0,2024-06-28T10:06:00-04:00,2.5999999999999943,6247.040000000001,34.0,2024-06-28T10:05:00-04:00,2.8500000000000014,5747.039999999986,69.0,2024-06-28T10:40:00-04:00,0.9500000000000028,9547.039999999985,,,,,,,,,70.0,2024-06-28T10:41:00-04:00,3.299999999999997,4847.039999999995,,,,,,,,,,,,,,,,,,,,,,,,,,,,,,,,,1924
2024-06-28,2024-07-01,3,7.0,2024-06-28T09:31:00-04:00,7.0,NDXP  240701P19940000,NDXP  240701P19930000,development,False,False,0,0,0,55,0,740,available,False,2024-06-28T09:31:00-04:00,2024-07-01T16:00:00-04:00,10.0,-6152.96,0.0,last_observed_quote_not_settlement,3916.0,526,18,7.5,-1252.9599999999994,2024-06-28T09:32:00-04:00,0.0,7.149999999999977,-552.9599999999539,2024-06-28T09:33:00-04:00,0.0,6.550000000000011,647.0399999999779,2024-06-28T09:36:00-04:00,0.0,6.699999999999989,347.04000000002344,2024-06-28T09:41:00-04:00,0.0,5.800000000000011,2147.039999999978,2024-06-28T09:46:00-04:00,0.0,4.849999999999994,4047.040000000012,2024-06-28T10:01:00-04:00,0.0,3.6000000000000014,6547.039999999998,2024-06-28T10:31:00-04:00,0.0,6.400000000000006,947.0399999999893,2024-06-28T11:31:00-04:00,0.0,9.049999999999983,-4352.959999999967,2024-06-28T16:00:00-04:00,0.0,,,2024-06-28T16:15:00-04:00,85500.0,,,2024-06-28T16:15:00-04:00,171900.0,10.0,-6152.96,2024-07-01T16:00:00-04:00,0.0,18.0,hit,30.0,hit,34.0,hit,51.0,hit,51.0,hit,,never_hit,,never_hit,1.0,hit,190.0,hit,0.0,hit,190.0,hit,361.0,hit,361.0,hit,7.600000000000023,4,True,False,False,False,,7.600000000000023,4,True,False,False,False,,,,True,True,True,False,5.25,,,True,True,True,False,5.25,51.0,2024-06-28T10:22:00-04:00,1.75,10247.04,,,,,,,,,52.0,2024-06-28T10:23:00-04:00,3.6000000000000014,6547.039999999998,51.0,2024-06-28T10:22:00-04:00,1.75,10247.04,,,,,,,,,52.0,2024-06-28T10:23:00-04:00,3.6000000000000014,6547.039999999998,,,,,,,,,,,,,,,,,,,,,,,,,,,,,,,,,1925
2024-07-01,2024-07-03,2,5.0,2024-07-01T09:31:00-04:00,4.949999999999989,NDXP  240703P19760000,NDXP  240703P19750000,development,False,False,0,0,0,24,0,1010,available,False,2024-07-01T09:31:00-04:00,2024-07-03T13:14:00-04:00,9.4,-9152.960000000023,166.0,last_observed_quote_not_settlement,1036.0,171,14,4.799999999999983,47.04000000001208,2024-07-01T09:32:00-04:00,0.0,5.450000000000003,-1252.9600000000278,2024-07-01T09:33:00-04:00,0.0,5.25,-852.9600000000221,2024-07-01T09:36:00-04:00,0.0,5.75,-1852.960000000022,2024-07-01T09:41:00-04:00,0.0,6.0,-2352.960000000022,2024-07-01T09:46:00-04:00,0.0,6.350000000000023,-3052.9600000000673,2024-07-01T10:01:00-04:00,0.0,7.199999999999989,-4752.959999999999,2024-07-01T10:31:00-04:00,0.0,5.5,-1352.960000000022,2024-07-01T11:31:00-04:00,0.0,3.500000000000007,2647.0399999999636,2024-07-01T16:00:00-04:00,0.0,0.17500000000000004,9297.039999999979,2024-07-02T16:00:00-04:00,0.0,,,2024-07-03T13:14:00-04:00,9960.0,,,,,0.0,hit,0.0,hit,158.0,hit,158.0,hit,1527.0,hit,1660.0,hit,1708.0,hit,2.0,hit,11.0,hit,17.0,hit,20.0,hit,3089.0,hit,,never_hit,8.350000000000023,153,True,True,False,False,,8.350000000000023,156,True,True,False,False,,8.350000000000023,157,True,True,False,False,,8.350000000000023,157,True,True,False,False,,158.0,2024-07-01T12:09:00-04:00,2.1000000000000085,5447.039999999961,1501.0,2024-07-02T10:32:00-04:00,2.75,4147.039999999978,1502.0,2024-07-02T10:33:00-04:00,2.75,4147.039999999978,159.0,2024-07-01T12:10:00-04:00,4.400000000000006,847.0399999999665,1527.0,2024-07-02T10:58:00-04:00,1.9499999999999993,5747.039999999979,1555.0,2024-07-02T11:26:00-04:00,1.8500000000000014,5947.039999999975,1559.0,2024-07-02T11:30:00-04:00,1.9000000000000021,5847.039999999974,1528.0,2024-07-02T10:59:00-04:00,2.0500000000000007,5547.039999999976,1662.0,2024-07-02T13:13:00-04:00,0.9499999999999993,7747.039999999979,1665.0,2024-07-02T13:16:00-04:00,0.9000000000000004,7847.039999999977,1670.0,2024-07-02T13:21:00-04:00,0.8499999999999996,7947.039999999979,1663.0,2024-07-02T13:14:00-04:00,0.9500000000000011,7747.039999999975,1739.0,2024-07-02T14:30:00-04:00,0.40000000000000036,8847.039999999979,1740.0,2024-07-02T14:31:00-04:00,0.39999999999999947,8847.039999999979,1755.0,2024-07-02T14:46:00-04:00,0.40000000000000036,8847.039999999979,1740.0,2024-07-02T14:31:00-04:00,0.39999999999999947,8847.039999999979,1926
2024-07-01,2024-07-03,2,6.0,2024-07-01T09:31:00-04:00,6.0,NDXP  240703P19800000,NDXP  240703P19790000,development,False,False,0,0,0,60,0,974,available,False,2024-07-01T09:31:00-04:00,2024-07-03T12:59:00-04:00,0.0,11747.04,181.0,last_observed_quote_not_settlement,1036.0,113,30,5.199999999999974,1347.0400000000518,2024-07-01T09:32:00-04:00,0.0,6.400000000000006,-1052.9600000000107,2024-07-01T09:33:00-04:00,0.0,5.949999999999989,-152.95999999997656,2024-07-01T09:36:00-04:00,0.0,6.099999999999994,-452.95999999998793,2024-07-01T09:41:00-04:00,0.0,6.400000000000006,-1052.9600000000107,2024-07-01T09:46:00-04:00,0.0,6.649999999999977,-1552.9599999999539,2024-07-01T10:01:00-04:00,0.0,6.199999999999989,-652.9599999999766,2024-07-01T10:31:00-04:00,0.0,6.349999999999994,-952.959999999988,2024-07-01T11:31:00-04:00,0.0,4.299999999999997,3147.0400000000063,2024-07-01T16:00:00-04:00,0.0,0.44999999999999973,10847.04,2024-07-02T16:00:00-04:00,0.0,,,2024-07-03T12:59:00-04:00,10860.0,,,,,1.0,hit,66.0,hit,140.0,hit,236.0,hit,1576.0,hit,1661.0,hit,1661.0,hit,3.0,hit,4.0,hit,4.0,hit,14.0,hit,23.0,hit,,never_hit,9.300000000000011,112,True,True,True,True,,9.300000000000011,113,True,True,True,True,,9.300000000000011,113,True,True,True,True,,9.300000000000011,113,True,True,True,True,,236.0,2024-07-01T13:27:00-04:00,2.799999999999997,6147.040000000006,1527.0,2024-07-02T10:58:00-04:00,2.4499999999999957,6847.040000000009,1528.0,2024-07-02T10:59:00-04:00,2.700000000000003,6347.039999999995,237.0,2024-07-01T13:28:00-04:00,5.299999999999997,1147.0400000000063,1576.0,2024-07-02T11:47:00-04:00,1.6499999999999986,8447.040000000005,1656.0,2024-07-02T13:07:00-04:00,1.7999999999999972,8147.040000000007,1657.0,2024-07-02T13:08:00-04:00,1.75,8247.04,1577.0,2024-07-02T11:48:00-04:00,2.3000000000000007,7147.039999999999,1661.0,2024-07-02T13:12:00-04:00,0.25,11247.04,1707.0,2024-07-02T13:58:00-04:00,0.8999999999999995,9947.040000000003,1708.0,2024-07-02T13:59:00-04:00,0.8500000000000005,10047.04,1662.0,2024-07-02T13:13:00-04:00,1.3500000000000014,9047.039999999999,1661.0,2024-07-02T13:12:00-04:00,0.25,11247.04,1827.0,2024-07-02T15:58:00-04:00,0.34999999999999964,11047.040000000003,1828.0,2024-07-02T15:59:00-04:00,0.3250000000000002,11097.04,1662.0,2024-07-02T13:13:00-04:00,1.3500000000000014,9047.039999999999,1927
2024-07-01,2024-07-03,2,7.0,2024-07-01T09:31:00-04:00,6.950000000000017,NDXP  240703P19870000,NDXP  240703P19860000,development,False,False,0,0,1,1,0,1032,available,False,2024-07-01T09:31:00-04:00,2024-07-03T13:14:00-04:00,0.0,13647.040000000035,166.0,last_observed_quote_not_settlement,1036.0,153,44,6.199999999999989,1247.0400000000575,2024-07-01T09:32:00-04:00,0.0,7.149999999999977,-652.9599999999198,2024-07-01T09:33:00-04:00,0.0,7.099999999999966,-552.959999999897,2024-07-01T09:36:00-04:00,0.0,6.799999999999983,47.04000000006892,2024-07-01T09:41:00-04:00,0.0,7.25,-852.9599999999652,2024-07-01T09:46:00-04:00,0.0,7.699999999999989,-1752.9599999999425,2024-07-01T10:01:00-04:00,0.0,7.199999999999989,-752.9599999999425,2024-07-01T10:31:00-04:00,0.0,7.299999999999983,-952.9599999999311,2024-07-01T11:31:00-04:00,0.0,5.650000000000006,2347.0400000000236,2024-07-01T16:00:00-04:00,0.0,0.8500000000000005,11947.040000000035,2024-07-02T16:00:00-04:00,0.0,,,2024-07-03T13:14:00-04:00,9960.0,,,,,188.0,hit,1455.0,hit,1457.0,hit,1656.0,hit,1664.0,hit,1825.0,hit,2882.0,hit,3.0,hit,16.0,hit,2.0,hit,16.0,hit,,never_hit,,never_hit,8.650000000000034,153,True,True,False,False,,8.650000000000034,153,True,True,False,False,,8.650000000000034,153,True,True,False,False,,8.650000000000034,153,True,True,False,False,,1656.0,2024-07-02T13:07:00-04:00,2.3000000000000043,9047.040000000026,1662.0,2024-07-02T13:13:00-04:00,2.650000000000002,8347.040000000032,1663.0,2024-07-02T13:14:00-04:00,2.650000000000002,8347.040000000032,1657.0,2024-07-02T13:08:00-04:00,3.25,7147.0400000000345,1664.0,2024-07-02T13:15:00-04:00,1.7500000000000036,10147.040000000028,1711.0,2024-07-02T14:02:00-04:00,1.7999999999999972,10047.04000000004,1712.0,2024-07-02T14:03:00-04:00,1.9000000000000021,9847.040000000032,1665.0,2024-07-02T13:16:00-04:00,2.6000000000000014,8447.040000000034,1825.0,2024-07-02T15:56:00-04:00,0.9000000000000004,11847.040000000035,1826.0,2024-07-02T15:57:00-04:00,0.8999999999999986,11847.040000000039,1827.0,2024-07-02T15:58:00-04:00,0.8499999999999996,11947.040000000037,1826.0,2024-07-02T15:57:00-04:00,0.8999999999999986,11847.040000000039,2892.0,2024-07-03T09:43:00-04:00,0.39999999999999947,12847.040000000037,2897.0,2024-07-03T09:48:00-04:00,0.42500000000000027,12797.040000000034,2901.0,2024-07-03T09:52:00-04:00,0.32499999999999973,12997.040000000035,2893.0,2024-07-03T09:44:00-04:00,0.5750000000000002,12497.040000000035,1928
2024-07-02,2024-07-05,3,5.0,2024-07-02T09:31:00-04:00,5.0,NDXP  240705P19780000,NDXP  240705P19770000,development,False,False,0,0,0,94,0,925,available,False,2024-07-02T09:31:00-04:00,2024-07-05T16:00:00-04:00,0.0,9747.04,0.0,last_observed_quote_not_settlement,2657.0,0,0,4.300000000000011,1147.039999999978,2024-07-02T09:32:00-04:00,0.0,4.300000000000011,1147.039999999978,2024-07-02T09:33:00-04:00,0.0,4.5,747.0400000000006,2024-07-02T09:36:00-04:00,0.0,4.150000000000006,1447.0399999999893,2024-07-02T09:41:00-04:00,0.0,3.4000000000000057,2947.0399999999895,2024-07-02T09:46:00-04:00,0.0,3.6500000000000057,2447.0399999999895,2024-07-02T10:01:00-04:00,0.0,3.5,2747.040000000001,2024-07-02T10:31:00-04:00,0.0,2.3999999999999986,4947.040000000004,2024-07-02T11:31:00-04:00,0.0,1.1499999999999986,7447.040000000004,2024-07-02T16:00:00-04:00,0.0,,,2024-07-03T13:14:00-04:00,9960.0,,,2024-07-03T13:14:00-04:00,96360.0,0.0,9747.04,2024-07-05T16:00:00-04:00,0.0,0.0,hit,0.0,hit,6.0,hit,85.0,hit,223.0,hit,1442.0,hit,1469.0,hit,,never_hit,,never_hit,,never_hit,,never_hit,,never_hit,,never_hit,5.0,0,False,False,False,False,,5.0,0,False,False,False,False,,5.0,0,False,False,False,False,,5.0,0,False,False,False,False,,86.0,2024-07-02T10:57:00-04:00,2.3500000000000014,5047.039999999998,87.0,2024-07-02T10:58:00-04:00,2.8999999999999986,3947.0400000000036,100.0,2024-07-02T11:11:00-04:00,2.8499999999999943,4047.040000000012,87.0,2024-07-02T10:58:00-04:00,2.8999999999999986,3947.0400000000036,225.0,2024-07-02T13:16:00-04:00,1.8999999999999986,5947.040000000004,230.0,2024-07-02T13:21:00-04:00,1.9499999999999993,5847.040000000002,231.0,2024-07-02T13:22:00-04:00,1.9499999999999957,5847.040000000009,226.0,2024-07-02T13:17:00-04:00,2.0,5747.040000000001,1454.0,2024-07-03T09:45:00-04:00,0.5999999999999996,8547.040000000003,1460.0,2024-07-03T09:51:00-04:00,0.9000000000000021,7947.039999999996,1464.0,2024-07-03T09:55:00-04:00,0.9499999999999993,7847.040000000002,1455.0,2024-07-03T09:46:00-04:00,1.049999999999999,7647.040000000003,1469.0,2024-07-03T10:00:00-04:00,0.0,9747.04,1543.0,2024-07-03T11:14:00-04:00,0.40000000000000036,8947.04,1544.0,2024-07-03T11:15:00-04:00,0.3999999999999986,8947.040000000005,1470.0,2024-07-03T10:01:00-04:00,1.0,7747.040000000001,1929
2024-07-02,2024-07-05,3,6.0,2024-07-02T09:31:00-04:00,6.050000000000011,NDXP  240705P19840000,NDXP  240705P19830000,development,False,False,0,0,0,42,0,977,available,False,2024-07-02T09:31:00-04:00,2024-07-05T16:00:00-04:00,0.0,11847.040000000025,0.0,last_observed_quote_not_settlement,2657.0,0,0,5.850000000000023,147.03999999997797,2024-07-02T09:32:00-04:00,0.0,5.600000000000023,647.0399999999779,2024-07-02T09:33:00-04:00,0.0,5.1499999999999915,1547.0400000000404,2024-07-02T09:36:00-04:00,0.0,4.6499999999999915,2547.0400000000404,2024-07-02T09:41:00-04:00,0.0,4.400000000000006,3047.0400000000122,2024-07-02T09:46:00-04:00,0.0,4.75,2347.0400000000236,2024-07-02T10:01:00-04:00,0.0,4.5,2847.0400000000236,2024-07-02T10:31:00-04:00,0.0,3.5999999999999943,4647.0400000000345,2024-07-02T11:31:00-04:00,0.0,1.9499999999999993,7947.0400000000245,2024-07-02T16:00:00-04:00,0.0,,,2024-07-03T13:14:00-04:00,9960.0,,,2024-07-03T13:14:00-04:00,96360.0,0.0,11847.040000000025,2024-07-05T16:00:00-04:00,0.0,4.0,hit,7.0,hit,20.0,hit,219.0,hit,317.0,hit,1459.0,hit,1469.0,hit,,never_hit,,never_hit,,never_hit,,never_hit,,never_hit,,never_hit,6.050000000000011,0,False,False,False,False,,6.050000000000011,0,False,False,False,False,,6.050000000000011,0,False,False,False,False,,6.050000000000011,0,False,False,False,False,,219.0,2024-07-02T13:10:00-04:00,2.9499999999999957,5947.040000000032,222.0,2024-07-02T13:13:00-04:00,2.750000000000007,6347.040000000009,223.0,2024-07-02T13:14:00-04:00,2.75,6347.040000000024,220.0,2024-07-02T13:11:00-04:00,3.0,5847.040000000024,321.0,2024-07-02T14:52:00-04:00,1.8500000000000014,8147.04000000002,322.0,2024-07-02T14:53:00-04:00,1.9000000000000021,8047.040000000019,366.0,2024-07-02T15:37:00-04:00,1.8499999999999979,8147.040000000027,322.0,2024-07-02T14:53:00-04:00,1.9000000000000021,8047.040000000019,1459.0,2024-07-03T09:50:00-04:00,0.8499999999999943,10147.040000000035,1516.0,2024-07-03T10:47:00-04:00,0.8999999999999986,10047.040000000026,1520.0,2024-07-03T10:51:00-04:00,0.9000000000000021,10047.04000000002,1460.0,2024-07-03T09:51:00-04:00,1.4499999999999957,8947.040000000034,1469.0,2024-07-03T10:00:00-04:00,0.0,11847.040000000025,1604.0,2024-07-03T12:15:00-04:00,0.40000000000000036,11047.040000000023,1608.0,2024-07-03T12:19:00-04:00,0.40000000000000036,11047.040000000023,1470.0,2024-07-03T10:01:00-04:00,1.5999999999999943,8647.040000000035,1930
2024-07-02,2024-07-05,3,7.0,2024-07-02T09:31:00-04:00,7.099999999999994,NDXP  240705P19900000,NDXP  240705P19890000,development,False,False,0,0,0,23,0,996,available,False,2024-07-02T09:31:00-04:00,2024-07-05T16:00:00-04:00,0.0,13947.03999999999,0.0,last_observed_quote_not_settlement,2657.0,1,1,7.149999999999977,-352.9599999999652,2024-07-02T09:32:00-04:00,0.0,6.649999999999977,647.0400000000348,2024-07-02T09:33:00-04:00,0.0,6.5,947.0399999999893,2024-07-02T09:36:00-04:00,0.0,5.849999999999994,2247.040000000001,2024-07-02T09:41:00-04:00,0.0,5.400000000000006,3147.039999999978,2024-07-02T09:46:00-04:00,0.0,6.0,1947.0399999999893,2024-07-02T10:01:00-04:00,0.0,5.75,2447.0399999999895,2024-07-02T10:31:00-04:00,0.0,1.4000000000000057,11147.039999999979,2024-07-02T11:31:00-04:00,0.0,2.4000000000000057,9147.039999999979,2024-07-02T16:00:00-04:00,0.0,,,2024-07-03T13:14:00-04:00,9960.0,,,2024-07-03T13:14:00-04:00,96360.0,0.0,13947.03999999999,2024-07-05T16:00:00-04:00,0.0,12.0,hit,20.0,hit,20.0,hit,120.0,hit,120.0,hit,1546.0,hit,1652.0,hit,,never_hit,,never_hit,0.0,hit,,never_hit,,never_hit,,never_hit,7.149999999999977,1,True,False,False,False,,7.149999999999977,1,True,False,False,False,,7.149999999999977,1,True,False,False,False,,7.149999999999977,1,True,False,False,False,,120.0,2024-07-02T11:31:00-04:00,1.4000000000000057,11147.039999999979,313.0,2024-07-02T14:44:00-04:00,2.8999999999999986,8147.039999999993,318.0,2024-07-02T14:49:00-04:00,2.8499999999999943,8247.04,121.0,2024-07-02T11:32:00-04:00,4.300000000000011,5347.039999999966,120.0,2024-07-02T11:31:00-04:00,1.4000000000000057,11147.039999999979,1467.0,2024-07-03T09:58:00-04:00,1.9499999999999993,10047.039999999992,1485.0,2024-07-03T10:16:00-04:00,1.7000000000000028,10547.039999999985,121.0,2024-07-02T11:32:00-04:00,4.300000000000011,5347.039999999966,1583.0,2024-07-03T11:54:00-04:00,0.8999999999999986,12147.039999999994,1586.0,2024-07-03T11:57:00-04:00,0.8499999999999979,12247.039999999994,1587.0,2024-07-03T11:58:00-04:00,0.8500000000000014,12247.039999999988,1584.0,2024-07-03T11:55:00-04:00,1.0,11947.03999999999,1656.0,2024-07-03T13:07:00-04:00,0.39999999999999947,13147.039999999992,4321.0,2024-07-05T09:32:00-04:00,0.20000000000000018,13547.03999999999,4322.0,2024-07-05T09:33:00-04:00,0.20000000000000018,13547.03999999999,1657.0,2024-07-03T13:08:00-04:00,0.4500000000000002,13047.03999999999,1931
2024-07-03,2024-07-05,2,5.0,2024-07-03T09:31:00-04:00,4.550000000000011,NDXP  240705P19990000,NDXP  240705P19980000,development,False,False,0,0,0,1,0,613,available,False,2024-07-03T09:31:00-04:00,2024-07-05T16:00:00-04:00,7.5,-6152.959999999976,0.0,last_observed_quote_not_settlement,2657.0,0,1,4.299999999999997,247.0400000000291,2024-07-03T09:32:00-04:00,0.0,3.6999999999999957,1447.040000000032,2024-07-03T09:33:00-04:00,0.0,4.200000000000003,447.04000000001776,2024-07-03T09:36:00-04:00,0.0,3.8999999999999915,1047.0400000000404,2024-07-03T09:41:00-04:00,0.0,3.8499999999999943,1147.0400000000348,2024-07-03T09:46:00-04:00,0.0,3.75,1347.0400000000234,2024-07-03T10:01:00-04:00,0.0,3.5999999999999943,1647.0400000000348,2024-07-03T10:31:00-04:00,0.0,2.1999999999999957,4447.040000000032,2024-07-03T11:31:00-04:00,0.0,,,2024-07-03T13:14:00-04:00,9960.0,,,2024-07-03T13:14:00-04:00,96360.0,7.5,-6152.959999999976,2024-07-05T16:00:00-04:00,0.0,,,,,0.0,hit,0.0,hit,2.0,hit,41.0,hit,104.0,hit,212.0,hit,2880.0,hit,3269.0,hit,3269.0,hit,3269.0,hit,,never_hit,,never_hit,,never_hit,4.550000000000011,0,False,False,False,False,,4.550000000000011,0,False,False,False,False,,4.550000000000011,0,False,False,False,False,,4.550000000000011,0,False,False,False,False,,41.0,2024-07-03T10:12:00-04:00,2.25,4347.040000000024,76.0,2024-07-03T10:47:00-04:00,2.6000000000000014,3647.0400000000204,77.0,2024-07-03T10:48:00-04:00,2.6499999999999986,3547.0400000000263,42.0,2024-07-03T10:13:00-04:00,3.5,1847.0400000000234,140.0,2024-07-03T11:51:00-04:00,1.8499999999999979,5147.040000000027,141.0,2024-07-03T11:52:00-04:00,1.8999999999999986,5047.040000000026,142.0,2024-07-03T11:53:00-04:00,1.8500000000000014,5147.040000000021,141.0,2024-07-03T11:52:00-04:00,1.8999999999999986,5047.040000000026,212.0,2024-07-03T13:03:00-04:00,0.9499999999999993,6947.0400000000245,2881.0,2024-07-05T09:32:00-04:00,0.6500000000000004,7547.040000000023,2882.0,2024-07-05T09:33:00-04:00,0.4500000000000002,7947.040000000023,213.0,2024-07-03T13:04:00-04:00,1.0,6847.040000000024,2880.0,2024-07-05T09:31:00-04:00,0.40000000000000036,8047.040000000023,2887.0,2024-07-05T09:38:00-04:00,0.34999999999999964,8147.040000000024,2888.0,2024-07-05T09:39:00-04:00,0.2999999999999998,8247.040000000025,2881.0,2024-07-05T09:32:00-04:00,0.6500000000000004,7547.040000000023,1932
2024-07-03,2024-07-05,2,6.0,2024-07-03T09:31:00-04:00,6.150000000000006,NDXP  240705P20040000,NDXP  240705P20030000,development,False,False,0,0,0,19,0,595,available,False,2024-07-03T09:31:00-04:00,2024-07-05T16:00:00-04:00,0.1499999999999999,11747.040000000012,0.0,last_observed_quote_not_settlement,2657.0,0,0,4.900000000000006,2247.040000000001,2024-07-03T09:32:00-04:00,0.0,4.900000000000006,2247.040000000001,2024-07-03T09:33:00-04:00,0.0,5.050000000000011,1947.0399999999893,2024-07-03T09:36:00-04:00,0.0,4.8500000000000085,2347.039999999995,2024-07-03T09:41:00-04:00,0.0,4.75,2547.0400000000122,2024-07-03T09:46:00-04:00,0.0,5.300000000000011,1447.0399999999893,2024-07-03T10:01:00-04:00,0.0,4.700000000000003,2647.0400000000063,2024-07-03T10:31:00-04:00,0.0,3.1499999999999986,5747.0400000000145,2024-07-03T11:31:00-04:00,0.0,,,2024-07-03T13:14:00-04:00,9960.0,,,2024-07-03T13:14:00-04:00,96360.0,0.1499999999999999,11747.040000000012,2024-07-05T16:00:00-04:00,0.0,,,,,1.0,hit,1.0,hit,41.0,hit,104.0,hit,166.0,hit,2880.0,hit,2903.0,hit,,never_hit,,never_hit,,never_hit,,never_hit,,never_hit,,never_hit,6.150000000000006,0,False,False,False,False,,6.150000000000006,0,False,False,False,False,,6.150000000000006,0,False,False,False,False,,6.150000000000006,0,False,False,False,False,,105.0,2024-07-03T11:16:00-04:00,2.8999999999999915,6247.040000000029,106.0,2024-07-03T11:17:00-04:00,2.8999999999999986,6247.0400000000145,136.0,2024-07-03T11:47:00-04:00,2.8999999999999986,6247.0400000000145,106.0,2024-07-03T11:17:00-04:00,2.8999999999999986,6247.0400000000145,170.0,2024-07-03T12:21:00-04:00,1.8999999999999986,8247.040000000015,175.0,2024-07-03T12:26:00-04:00,1.8500000000000014,8347.04000000001,176.0,2024-07-03T12:27:00-04:00,1.8999999999999986,8247.040000000015,171.0,2024-07-03T12:22:00-04:00,2.0,8047.040000000012,2880.0,2024-07-05T09:31:00-04:00,0.7500000000000018,10547.04000000001,2881.0,2024-07-05T09:32:00-04:00,0.7999999999999998,10447.040000000014,2882.0,2024-07-05T09:33:00-04:00,0.75,10547.040000000014,2881.0,2024-07-05T09:32:00-04:00,0.7999999999999998,10447.040000000014,2906.0,2024-07-05T09:57:00-04:00,0.39999999999999947,11247.040000000014,2907.0,2024-07-05T09:58:00-04:00,0.35000000000000053,11347.040000000012,2908.0,2024-07-05T09:59:00-04:00,0.40000000000000036,11247.040000000012,2907.0,2024-07-05T09:58:00-04:00,0.35000000000000053,11347.040000000012,1933
2024-07-03,2024-07-05,2,7.0,2024-07-03T09:31:00-04:00,7.099999999999994,NDXP  240705P20120000,NDXP  240705P20110000,development,False,False,0,0,0,8,0,606,available,False,2024-07-03T09:31:00-04:00,2024-07-05T16:00:00-04:00,0.0,13947.03999999999,0.0,last_observed_quote_not_settlement,2657.0,2,4,6.849999999999994,247.04000000000067,2024-07-03T09:32:00-04:00,0.0,6.349999999999994,1247.0400000000006,2024-07-03T09:33:00-04:00,0.0,6.899999999999977,147.0400000000348,2024-07-03T09:36:00-04:00,0.0,6.599999999999966,747.0400000000575,2024-07-03T09:41:00-04:00,0.0,6.75,447.03999999998933,2024-07-03T09:46:00-04:00,0.0,6.699999999999989,547.040000000012,2024-07-03T10:01:00-04:00,0.0,7.099999999999994,-252.9599999999993,2024-07-03T10:31:00-04:00,0.0,4.849999999999994,4247.040000000001,2024-07-03T11:31:00-04:00,0.0,,,2024-07-03T13:14:00-04:00,9960.0,,,2024-07-03T13:14:00-04:00,96360.0,0.0,13947.03999999999,2024-07-05T16:00:00-04:00,0.0,,,,,44.0,hit,97.0,hit,145.0,hit,179.0,hit,2880.0,hit,2905.0,hit,2954.0,hit,,never_hit,,never_hit,0.0,hit,,never_hit,,never_hit,,never_hit,7.299999999999983,2,True,False,False,False,,7.299999999999983,2,True,False,False,False,,7.299999999999983,2,True,False,False,False,,7.299999999999983,2,True,False,False,False,,179.0,2024-07-03T12:30:00-04:00,2.9499999999999957,8047.039999999998,214.0,2024-07-03T13:05:00-04:00,2.799999999999997,8347.039999999995,215.0,2024-07-03T13:06:00-04:00,2.6999999999999957,8547.039999999999,180.0,2024-07-03T12:31:00-04:00,3.25,7447.039999999989,2880.0,2024-07-05T09:31:00-04:00,1.6000000000000014,10747.039999999988,2881.0,2024-07-05T09:32:00-04:00,1.4500000000000028,11047.039999999985,2882.0,2024-07-05T09:33:00-04:00,1.7000000000000028,10547.039999999985,2881.0,2024-07-05T09:32:00-04:00,1.4500000000000028,11047.039999999985,2906.0,2024-07-05T09:57:00-04:00,0.7999999999999989,12347.039999999992,2907.0,2024-07-05T09:58:00-04:00,0.8499999999999996,12247.039999999992,2908.0,2024-07-05T09:59:00-04:00,0.8999999999999986,12147.039999999994,2907.0,2024-07-05T09:58:00-04:00,0.8499999999999996,12247.039999999992,2958.0,2024-07-05T10:49:00-04:00,0.39999999999999947,13147.039999999992,2959.0,2024-07-05T10:50:00-04:00,0.39999999999999947,13147.039999999992,2978.0,2024-07-05T11:09:00-04:00,0.40000000000000036,13147.03999999999,2959.0,2024-07-05T10:50:00-04:00,0.39999999999999947,13147.039999999992,1934
2024-07-05,2024-07-08,3,5.0,2024-07-05T09:31:00-04:00,4.900000000000006,NDXP  240708P20240000,NDXP  240708P20230000,development,False,False,0,0,0,13,0,782,available,False,2024-07-05T09:31:00-04:00,2024-07-08T15:54:00-04:00,0.024999999999999994,9497.040000000012,6.0,last_observed_quote_not_settlement,3916.0,4,4,4.599999999999994,347.04000000002344,2024-07-05T09:32:00-04:00,0.0,4.75,47.04000000001208,2024-07-05T09:33:00-04:00,0.0,5.0,-452.95999999998793,2024-07-05T09:36:00-04:00,0.0,3.950000000000003,1647.0400000000063,2024-07-05T09:41:00-04:00,0.0,5.049999999999997,-552.9599999999823,2024-07-05T09:46:00-04:00,0.0,3.3999999999999915,2747.040000000029,2024-07-05T10:01:00-04:00,0.0,3.5999999999999943,2347.0400000000236,2024-07-05T10:31:00-04:00,0.0,2.4000000000000057,4747.040000000001,2024-07-05T11:31:00-04:00,0.0,1.3500000000000014,6847.040000000009,2024-07-05T16:00:00-04:00,0.0,,,2024-07-05T16:15:00-04:00,85500.0,,,2024-07-05T16:15:00-04:00,171900.0,,,2024-07-08T15:54:00-04:00,360.0,0.0,hit,0.0,hit,8.0,hit,32.0,hit,78.0,hit,78.0,hit,4413.0,hit,16.0,hit,,never_hit,,never_hit,,never_hit,,never_hit,,never_hit,5.6000000000000085,4,False,False,False,False,,5.6000000000000085,4,False,False,False,False,,5.6000000000000085,4,False,False,False,False,,5.6000000000000085,4,False,False,False,False,,32.0,2024-07-05T10:03:00-04:00,2.8500000000000014,3847.040000000009,98.0,2024-07-05T11:09:00-04:00,2.8500000000000085,3847.039999999995,102.0,2024-07-05T11:13:00-04:00,2.549999999999997,4447.040000000018,33.0,2024-07-05T10:04:00-04:00,3.4499999999999957,2647.0400000000204,78.0,2024-07-05T10:49:00-04:00,0.9499999999999886,7647.0400000000345,141.0,2024-07-05T11:52:00-04:00,1.9000000000000021,5747.040000000008,142.0,2024-07-05T11:53:00-04:00,1.8999999999999986,5747.0400000000145,79.0,2024-07-05T10:50:00-04:00,3.0999999999999943,3347.0400000000236,78.0,2024-07-05T10:49:00-04:00,0.9499999999999886,7647.0400000000345,4323.0,2024-07-08T09:34:00-04:00,0.9499999999999993,7647.040000000014,4335.0,2024-07-08T09:46:00-04:00,0.9499999999999993,7647.040000000014,79.0,2024-07-05T10:50:00-04:00,3.0999999999999943,3347.0400000000236,4422.0,2024-07-08T11:13:00-04:00,0.4249999999999998,8697.040000000014,4425.0,2024-07-08T11:16:00-04:00,0.4249999999999998,8697.040000000014,4426.0,2024-07-08T11:17:00-04:00,0.4249999999999998,8697.040000000014,4423.0,2024-07-08T11:14:00-04:00,0.5,8547.040000000014,1935
2024-07-05,2024-07-08,3,6.0,2024-07-05T09:31:00-04:00,6.0,NDXP  240708P20370000,NDXP  240708P20360000,development,False,False,0,0,0,2,0,793,available,False,2024-07-05T09:31:00-04:00,2024-07-08T15:59:00-04:00,0.07499999999999998,11597.04,1.0,last_observed_quote_not_settlement,3916.0,84,13,7.050000000000011,-2352.960000000022,2024-07-05T09:32:00-04:00,0.0,6.900000000000006,-2052.9600000000105,2024-07-05T09:33:00-04:00,0.0,7.349999999999994,-2952.9599999999878,2024-07-05T09:36:00-04:00,0.0,6.600000000000023,-1452.9600000000448,2024-07-05T09:41:00-04:00,0.0,7.400000000000034,-3052.9600000000673,2024-07-05T09:46:00-04:00,0.0,6.300000000000011,-852.9600000000221,2024-07-05T10:01:00-04:00,0.0,6.5,-1252.9599999999994,2024-07-05T10:31:00-04:00,0.0,5.200000000000017,1347.0399999999665,2024-07-05T11:31:00-04:00,0.0,3.1999999999999957,5347.040000000009,2024-07-05T16:00:00-04:00,0.0,,,2024-07-05T16:15:00-04:00,85500.0,,,2024-07-05T16:15:00-04:00,171900.0,,,2024-07-08T15:59:00-04:00,60.0,32.0,hit,131.0,hit,174.0,hit,4340.0,hit,4432.0,hit,4615.0,hit,4691.0,hit,1.0,hit,1.0,hit,1.0,hit,,never_hit,,never_hit,,never_hit,7.899999999999977,84,True,False,False,False,,7.899999999999977,84,True,False,False,False,,7.899999999999977,84,True,False,False,False,,7.899999999999977,84,True,False,False,False,,4340.0,2024-07-08T09:51:00-04:00,2.849999999999998,6047.0400000000045,4341.0,2024-07-08T09:52:00-04:00,2.75,6247.040000000001,4431.0,2024-07-08T11:22:00-04:00,2.3500000000000014,7047.039999999998,4341.0,2024-07-08T09:52:00-04:00,2.75,6247.040000000001,4440.0,2024-07-08T11:31:00-04:00,1.9000000000000004,7947.04,4443.0,2024-07-08T11:34:00-04:00,1.9499999999999993,7847.040000000002,4470.0,2024-07-08T12:01:00-04:00,1.8500000000000014,8047.039999999998,4441.0,2024-07-08T11:32:00-04:00,2.0500000000000007,7647.039999999999,4615.0,2024-07-08T14:26:00-04:00,0.7999999999999998,10147.040000000003,4616.0,2024-07-08T14:27:00-04:00,0.8499999999999996,10047.040000000003,4617.0,2024-07-08T14:28:00-04:00,0.9250000000000003,9897.04,4616.0,2024-07-08T14:27:00-04:00,0.8499999999999996,10047.040000000003,4692.0,2024-07-08T15:43:00-04:00,0.29999999999999993,11147.040000000003,4693.0,2024-07-08T15:44:00-04:00,0.29999999999999993,11147.040000000003,4694.0,2024-07-08T15:45:00-04:00,0.25,11247.04,4693.0,2024-07-08T15:44:00-04:00,0.29999999999999993,11147.040000000003,1936
2024-07-05,2024-07-08,3,7.0,2024-07-05T09:31:00-04:00,6.949999999999989,NDXP  240708P20350000,NDXP  240708P20340000,development,False,False,0,0,0,2,0,793,available,False,2024-07-05T09:31:00-04:00,2024-07-08T15:59:00-04:00,0.0,13647.039999999979,1.0,last_observed_quote_not_settlement,3916.0,10,10,6.800000000000011,47.039999999955235,2024-07-05T09:32:00-04:00,0.0,6.900000000000006,-152.9600000000334,2024-07-05T09:33:00-04:00,0.0,7.300000000000011,-952.9600000000448,2024-07-05T09:36:00-04:00,0.0,6.550000000000011,547.0399999999552,2024-07-05T09:41:00-04:00,0.0,7.100000000000023,-552.9600000000676,2024-07-05T09:46:00-04:00,0.0,5.500000000000014,2647.0399999999495,2024-07-05T10:01:00-04:00,0.0,6.050000000000011,1547.0399999999552,2024-07-05T10:31:00-04:00,0.0,4.799999999999997,4047.0399999999836,2024-07-05T11:31:00-04:00,0.0,2.299999999999997,9047.039999999985,2024-07-05T16:00:00-04:00,0.0,,,2024-07-05T16:15:00-04:00,85500.0,,,2024-07-05T16:15:00-04:00,171900.0,,,2024-07-08T15:59:00-04:00,60.0,31.0,hit,78.0,hit,142.0,hit,384.0,hit,4324.0,hit,4324.0,hit,4615.0,hit,3.0,hit,16.0,hit,3.0,hit,16.0,hit,,never_hit,,never_hit,8.0,10,True,True,False,False,,8.0,10,True,True,False,False,,8.0,10,True,True,False,False,,8.0,10,True,True,False,False,,384.0,2024-07-05T15:55:00-04:00,2.8999999999999986,7847.039999999981,385.0,2024-07-05T15:56:00-04:00,2.6000000000000014,8447.039999999975,4324.0,2024-07-08T09:35:00-04:00,0.75,12147.039999999979,385.0,2024-07-05T15:56:00-04:00,2.6000000000000014,8447.039999999975,4324.0,2024-07-08T09:35:00-04:00,0.75,12147.039999999979,4431.0,2024-07-08T11:22:00-04:00,1.7500000000000018,10147.039999999975,4432.0,2024-07-08T11:23:00-04:00,1.4000000000000004,10847.039999999979,4325.0,2024-07-08T09:36:00-04:00,3.6000000000000014,6447.039999999975,4324.0,2024-07-08T09:35:00-04:00,0.75,12147.039999999979,4562.0,2024-07-08T13:33:00-04:00,0.8999999999999995,11847.039999999979,4563.0,2024-07-08T13:34:00-04:00,0.9499999999999993,11747.03999999998,4325.0,2024-07-08T09:36:00-04:00,3.6000000000000014,6447.039999999975,4671.0,2024-07-08T15:22:00-04:00,0.44999999999999996,12747.039999999979,4672.0,2024-07-08T15:23:00-04:00,0.42500000000000004,12797.039999999979,4673.0,2024-07-08T15:24:00-04:00,0.3999999999999999,12847.039999999979,4672.0,2024-07-08T15:23:00-04:00,0.42500000000000004,12797.039999999979,1937
2024-07-08,2024-07-10,2,5.0,2024-07-08T09:31:00-04:00,5.099999999999994,NDXP  240710P20440000,NDXP  240710P20430000,development,False,False,0,0,0,2,15,1198,available,False,2024-07-08T09:31:00-04:00,2024-07-10T15:59:00-04:00,0.024999999999999994,9897.03999999999,1.0,last_observed_quote_not_settlement,1036.0,253,59,5.349999999999994,-752.9599999999994,2024-07-08T09:32:00-04:00,0.0,5.099999999999994,-252.9599999999993,2024-07-08T09:33:00-04:00,0.0,5.550000000000011,-1152.9600000000335,2024-07-08T09:36:00-04:00,0.0,5.549999999999997,-1152.960000000005,2024-07-08T09:41:00-04:00,0.0,5.450000000000003,-952.9600000000164,2024-07-08T09:46:00-04:00,0.0,5.400000000000006,-852.9600000000221,2024-07-08T10:01:00-04:00,0.0,5.199999999999989,-452.95999999998793,2024-07-08T10:31:00-04:00,0.0,4.799999999999983,347.04000000002344,2024-07-08T11:31:00-04:00,0.0,4.6499999999999915,647.0400000000063,2024-07-08T16:00:00-04:00,0.0,4.5,947.0399999999893,2024-07-09T16:00:00-04:00,0.0,,,2024-07-10T15:59:00-04:00,60.0,,,,,0.0,hit,4.0,hit,4.0,hit,1444.0,hit,1458.0,hit,3002.0,hit,3056.0,hit,6.0,hit,,never_hit,,never_hit,,never_hit,,never_hit,,never_hit,6.050000000000011,240,False,False,False,False,,6.050000000000011,240,False,False,False,False,,6.050000000000011,253,False,False,False,False,,6.050000000000011,253,False,False,False,False,,1444.0,2024-07-09T09:35:00-04:00,2.8500000000000014,4247.039999999986,1458.0,2024-07-09T09:49:00-04:00,2.0,5947.039999999989,1468.0,2024-07-09T09:59:00-04:00,2.9000000000000057,4147.039999999978,1445.0,2024-07-09T09:36:00-04:00,3.1499999999999986,3647.0399999999922,2893.0,2024-07-10T09:44:00-04:00,1.9000000000000004,6147.039999999989,2894.0,2024-07-10T09:45:00-04:00,1.75,6447.039999999989,2895.0,2024-07-10T09:46:00-04:00,1.6999999999999993,6547.039999999991,2894.0,2024-07-10T09:45:00-04:00,1.75,6447.039999999989,3021.0,2024-07-10T11:52:00-04:00,0.8500000000000005,8247.03999999999,3022.0,2024-07-10T11:53:00-04:00,0.9000000000000004,8147.039999999989,3023.0,2024-07-10T11:54:00-04:00,0.8499999999999996,8247.039999999992,3022.0,2024-07-10T11:53:00-04:00,0.9000000000000004,8147.039999999989,3058.0,2024-07-10T12:29:00-04:00,0.4249999999999998,9097.03999999999,3062.0,2024-07-10T12:33:00-04:00,0.375,9197.03999999999,3066.0,2024-07-10T12:37:00-04:00,0.375,9197.03999999999,3059.0,2024-07-10T12:30:00-04:00,0.4750000000000001,8997.03999999999,1938
2024-07-08,2024-07-10,2,6.0,2024-07-08T09:31:00-04:00,6.099999999999994,NDXP  240710P20480000,NDXP  240710P20470000,development,False,False,0,0,0,29,15,1171,available,False,2024-07-08T09:31:00-04:00,2024-07-10T16:00:00-04:00,0.0,11947.03999999999,0.0,last_observed_quote_not_settlement,1036.0,233,107,6.25,-552.9600000000107,2024-07-08T09:32:00-04:00,0.0,5.8500000000000085,247.03999999997225,2024-07-08T09:33:00-04:00,0.0,6.400000000000006,-852.9600000000221,2024-07-08T09:36:00-04:00,0.0,6.400000000000006,-852.9600000000221,2024-07-08T09:41:00-04:00,0.0,6.050000000000011,-152.9600000000334,2024-07-08T09:46:00-04:00,0.0,6.199999999999989,-452.95999999998793,2024-07-08T10:01:00-04:00,0.0,6.150000000000006,-352.96000000002203,2024-07-08T10:31:00-04:00,0.0,5.25,1447.0399999999893,2024-07-08T11:31:00-04:00,0.0,5.349999999999994,1247.0400000000006,2024-07-08T16:00:00-04:00,0.0,6.0,-52.96000000001066,2024-07-09T16:00:00-04:00,0.0,0.0,11947.03999999999,2024-07-10T16:00:00-04:00,0.0,,,,,108.0,hit,128.0,hit,128.0,hit,1464.0,hit,2919.0,hit,3054.0,hit,3075.0,hit,8.0,hit,20.0,hit,20.0,hit,,never_hit,,never_hit,,never_hit,7.400000000000006,213,True,False,False,False,,7.400000000000006,233,True,False,False,False,,7.400000000000006,233,True,False,False,False,,7.400000000000006,233,True,False,False,False,,1464.0,2024-07-09T09:55:00-04:00,2.5,6947.039999999989,2894.0,2024-07-10T09:45:00-04:00,2.8000000000000007,6347.039999999988,2895.0,2024-07-10T09:46:00-04:00,2.599999999999998,6747.039999999994,1465.0,2024-07-09T09:56:00-04:00,3.9000000000000057,4147.039999999978,2920.0,2024-07-10T10:11:00-04:00,1.75,8447.03999999999,2923.0,2024-07-10T10:14:00-04:00,1.9000000000000021,8147.039999999985,2924.0,2024-07-10T10:15:00-04:00,1.8500000000000014,8247.039999999988,2921.0,2024-07-10T10:12:00-04:00,1.950000000000001,8047.039999999987,3056.0,2024-07-10T12:27:00-04:00,0.9499999999999993,10047.039999999992,3061.0,2024-07-10T12:32:00-04:00,0.7999999999999998,10347.03999999999,3062.0,2024-07-10T12:33:00-04:00,0.7000000000000002,10547.03999999999,3057.0,2024-07-10T12:28:00-04:00,0.9500000000000011,10047.039999999988,3093.0,2024-07-10T13:04:00-04:00,0.44999999999999973,11047.03999999999,3094.0,2024-07-10T13:05:00-04:00,0.375,11197.03999999999,3095.0,2024-07-10T13:06:00-04:00,0.30000000000000027,11347.039999999988,3094.0,2024-07-10T13:05:00-04:00,0.375,11197.03999999999,1939
2024-07-08,2024-07-10,2,7.0,2024-07-08T09:31:00-04:00,6.949999999999989,NDXP  240710P20520000,NDXP  240710P20510000,development,False,False,0,0,0,16,15,1184,available,False,2024-07-08T09:31:00-04:00,2024-07-10T16:00:00-04:00,0.0,13647.039999999979,0.0,last_observed_quote_not_settlement,1036.0,147,129,6.949999999999989,-252.9599999999993,2024-07-08T09:32:00-04:00,0.0,7.0,-352.96000000002203,2024-07-08T09:33:00-04:00,0.0,7.0,-352.96000000002203,2024-07-08T09:36:00-04:00,0.0,6.750000000000028,147.03999999992112,2024-07-08T09:41:00-04:00,0.0,7.099999999999994,-552.9600000000107,2024-07-08T09:46:00-04:00,0.0,7.549999999999983,-1452.959999999988,2024-07-08T10:01:00-04:00,0.0,6.800000000000011,47.039999999955235,2024-07-08T10:31:00-04:00,0.0,5.300000000000011,3047.0399999999554,2024-07-08T11:31:00-04:00,0.0,6.150000000000006,1347.0399999999665,2024-07-08T16:00:00-04:00,0.0,6.750000000000014,147.03999999994954,2024-07-09T16:00:00-04:00,0.0,0.0,13647.039999999979,2024-07-10T16:00:00-04:00,0.0,,,,,120.0,hit,1442.0,hit,1457.0,hit,1457.0,hit,3054.0,hit,3087.0,hit,3127.0,hit,30.0,hit,,never_hit,2.0,hit,,never_hit,,never_hit,,never_hit,7.700000000000017,87,True,False,False,False,,7.700000000000017,147,True,False,False,False,,7.700000000000017,147,True,False,False,False,,7.700000000000017,147,True,False,False,False,,1457.0,2024-07-09T09:48:00-04:00,2.9499999999999886,7747.040000000001,2924.0,2024-07-10T10:15:00-04:00,2.8000000000000007,8047.039999999976,2925.0,2024-07-10T10:16:00-04:00,2.8500000000000014,7947.039999999975,1458.0,2024-07-09T09:49:00-04:00,4.800000000000011,4047.0399999999554,3054.0,2024-07-10T12:25:00-04:00,1.8999999999999986,9847.03999999998,3055.0,2024-07-10T12:26:00-04:00,1.799999999999999,10047.03999999998,3056.0,2024-07-10T12:27:00-04:00,1.7500000000000018,10147.039999999975,3055.0,2024-07-10T12:26:00-04:00,1.799999999999999,10047.03999999998,3087.0,2024-07-10T12:58:00-04:00,0.8499999999999996,11947.039999999979,3093.0,2024-07-10T13:04:00-04:00,0.8999999999999995,11847.039999999979,3094.0,2024-07-10T13:05:00-04:00,0.9499999999999993,11747.03999999998,3088.0,2024-07-10T12:59:00-04:00,1.0,11647.039999999979,3130.0,2024-07-10T13:41:00-04:00,0.32499999999999973,12997.039999999979,3131.0,2024-07-10T13:42:00-04:00,0.42500000000000027,12797.039999999977,3132.0,2024-07-10T13:43:00-04:00,0.34999999999999964,12947.039999999979,3131.0,2024-07-10T13:42:00-04:00,0.42500000000000027,12797.039999999977,1940
2024-07-08,2024-07-11,3,5.0,2024-07-08T09:31:00-04:00,5.0,NDXP  240711P20420000,NDXP  240711P20410000,development,False,False,0,0,0,18,0,1586,available,False,2024-07-08T09:31:00-04:00,2024-07-11T15:58:00-04:00,9.599999999999994,-9452.959999999988,2.0,last_observed_quote_not_settlement,1036.0,320,58,5.150000000000034,-552.9600000000676,2024-07-08T09:32:00-04:00,0.0,4.800000000000011,147.03999999997797,2024-07-08T09:33:00-04:00,0.0,5.0,-252.9599999999993,2024-07-08T09:36:00-04:00,0.0,5.099999999999994,-452.95999999998793,2024-07-08T09:41:00-04:00,0.0,4.949999999999989,-152.95999999997656,2024-07-08T09:46:00-04:00,0.0,4.950000000000017,-152.9600000000334,2024-07-08T10:01:00-04:00,0.0,5.099999999999994,-452.95999999998793,2024-07-08T10:31:00-04:00,0.0,4.5,747.0400000000006,2024-07-08T11:31:00-04:00,0.0,4.550000000000011,647.0399999999779,2024-07-08T16:00:00-04:00,0.0,4.199999999999989,1347.0400000000234,2024-07-09T16:00:00-04:00,0.0,1.3000000000000007,7147.039999999999,2024-07-10T16:00:00-04:00,0.0,,,2024-07-11T15:58:00-04:00,120.0,0.0,hit,0.0,hit,401.0,hit,2895.0,hit,3073.0,hit,3180.0,hit,4335.0,hit,4372.0,hit,4372.0,hit,4372.0,hit,4447.0,hit,4450.0,hit,4523.0,hit,5.499999999999986,54,False,False,False,False,,5.499999999999986,54,False,False,False,False,,5.499999999999986,54,False,False,False,False,,5.499999999999986,54,False,False,False,False,,2895.0,2024-07-10T09:46:00-04:00,2.9000000000000057,3947.0399999999895,2905.0,2024-07-10T09:56:00-04:00,2.8000000000000043,4147.039999999992,2906.0,2024-07-10T09:57:00-04:00,2.8500000000000014,4047.039999999998,2896.0,2024-07-10T09:47:00-04:00,3.0,3747.040000000001,3073.0,2024-07-10T12:44:00-04:00,1.9499999999999957,5847.040000000009,3074.0,2024-07-10T12:45:00-04:00,1.9499999999999957,5847.040000000009,3075.0,2024-07-10T12:46:00-04:00,1.8499999999999979,6047.0400000000045,3074.0,2024-07-10T12:45:00-04:00,1.9499999999999957,5847.040000000009,3180.0,2024-07-10T14:31:00-04:00,0.8000000000000007,8147.04,4321.0,2024-07-11T09:32:00-04:00,0.7000000000000011,8347.039999999999,4322.0,2024-07-11T09:33:00-04:00,0.8499999999999996,8047.040000000002,3181.0,2024-07-10T14:32:00-04:00,1.75,6247.040000000001,,,,,,,,,,,,,,,,,1941
2024-07-08,2024-07-11,3,6.0,2024-07-08T09:31:00-04:00,6.150000000000034,NDXP  240711P20530000,NDXP  240711P20520000,development,False,False,0,0,0,124,0,1480,available,False,2024-07-08T09:31:00-04:00,2024-07-11T15:59:00-04:00,10.0,-7852.959999999932,1.0,last_observed_quote_not_settlement,1036.0,524,198,6.5,-952.9599999999311,2024-07-08T09:32:00-04:00,0.0,6.150000000000006,-252.95999999994245,2024-07-08T09:33:00-04:00,0.0,6.899999999999977,-1752.9599999998857,2024-07-08T09:36:00-04:00,0.0,6.099999999999994,-152.95999999991972,2024-07-08T09:41:00-04:00,0.0,6.400000000000006,-752.9599999999425,2024-07-08T09:46:00-04:00,0.0,6.800000000000011,-1552.9599999999539,2024-07-08T10:01:00-04:00,0.0,6.25,-452.9599999999311,2024-07-08T10:31:00-04:00,0.0,7.25,-2452.959999999931,2024-07-08T11:31:00-04:00,0.0,6.400000000000034,-752.9599999999994,2024-07-08T16:00:00-04:00,0.0,6.650000000000006,-1252.9599999999425,2024-07-09T16:00:00-04:00,0.0,2.6999999999999957,6647.040000000077,2024-07-10T16:00:00-04:00,0.0,,,2024-07-11T15:59:00-04:00,60.0,131.0,hit,1440.0,hit,3043.0,hit,3097.0,hit,4320.0,hit,,never_hit,,never_hit,5.0,hit,33.0,hit,27.0,hit,4403.0,hit,4422.0,hit,4434.0,hit,7.650000000000006,371,True,False,False,False,,7.650000000000006,371,True,False,False,False,,,,True,True,True,False,4.650000000000034,,,True,True,True,False,4.650000000000034,3097.0,2024-07-10T13:08:00-04:00,2.75,6547.040000000069,3153.0,2024-07-10T14:04:00-04:00,2.8999999999999986,6247.040000000072,3154.0,2024-07-10T14:05:00-04:00,2.8999999999999986,6247.040000000072,3098.0,2024-07-10T13:09:00-04:00,3.3500000000000014,5347.040000000066,4320.0,2024-07-11T09:31:00-04:00,1.9499999999999993,8147.040000000071,4321.0,2024-07-11T09:32:00-04:00,1.6000000000000014,8847.040000000066,4325.0,2024-07-11T09:36:00-04:00,1.7000000000000028,8647.040000000065,4321.0,2024-07-11T09:32:00-04:00,1.6000000000000014,8847.040000000066,,,,,,,,,,,,,,,,,,,,,,,,,,,,,,,,,1942
2024-07-08,2024-07-11,3,7.0,2024-07-08T09:31:00-04:00,7.0,NDXP  240711P20590000,NDXP  240711P20580000,development,False,False,0,0,0,66,0,1538,available,False,2024-07-08T09:31:00-04:00,2024-07-11T15:59:00-04:00,10.0,-6152.96,1.0,last_observed_quote_not_settlement,1036.0,460,142,7.300000000000011,-852.9600000000221,2024-07-08T09:32:00-04:00,0.0,7.0,-252.9599999999993,2024-07-08T09:33:00-04:00,0.0,7.400000000000034,-1052.9600000000676,2024-07-08T09:36:00-04:00,0.0,7.350000000000023,-952.9600000000448,2024-07-08T09:41:00-04:00,0.0,7.200000000000017,-652.9600000000335,2024-07-08T09:46:00-04:00,0.0,7.250000000000028,-752.9600000000562,2024-07-08T10:01:00-04:00,0.0,6.949999999999989,-152.95999999997656,2024-07-08T10:31:00-04:00,0.0,6.199999999999989,1347.0400000000234,2024-07-08T11:31:00-04:00,0.0,6.849999999999994,47.04000000001208,2024-07-08T16:00:00-04:00,0.0,6.949999999999989,-152.95999999997656,2024-07-09T16:00:00-04:00,0.0,3.5999999999999943,6547.040000000012,2024-07-10T16:00:00-04:00,0.0,,,2024-07-11T15:59:00-04:00,60.0,379.0,hit,379.0,hit,379.0,hit,3267.0,hit,4356.0,hit,4356.0,hit,4356.0,hit,4.0,hit,4.0,hit,0.0,hit,4.0,hit,4372.0,hit,4394.0,hit,8.300000000000011,238,True,True,False,False,,8.300000000000011,238,True,True,False,False,,8.300000000000011,238,True,True,False,False,,8.300000000000011,238,True,True,False,False,,3267.0,2024-07-10T15:58:00-04:00,2.3499999999999943,9047.040000000014,4325.0,2024-07-11T09:36:00-04:00,2.9000000000000057,7947.039999999989,4326.0,2024-07-11T09:37:00-04:00,2.850000000000005,8047.039999999991,3268.0,2024-07-10T15:59:00-04:00,3.549999999999997,6647.040000000006,4356.0,2024-07-11T10:07:00-04:00,0.25,13247.04,,,,,,,,,4357.0,2024-07-11T10:08:00-04:00,3.8500000000000085,6047.039999999984,4356.0,2024-07-11T10:07:00-04:00,0.25,13247.04,,,,,,,,,4357.0,2024-07-11T10:08:00-04:00,3.8500000000000085,6047.039999999984,4356.0,2024-07-11T10:07:00-04:00,0.25,13247.04,,,,,,,,,4357.0,2024-07-11T10:08:00-04:00,3.8500000000000085,6047.039999999984,1943
2024-07-09,2024-07-11,2,5.0,2024-07-09T09:31:00-04:00,5.0,NDXP  240711P20540000,NDXP  240711P20530000,development,False,False,0,0,0,71,0,1128,available,False,2024-07-09T09:31:00-04:00,2024-07-11T15:59:00-04:00,10.0,-10152.96,1.0,last_observed_quote_not_settlement,1036.0,638,51,5.0499999999999545,-352.95999999990835,2024-07-09T09:32:00-04:00,0.0,4.849999999999994,47.04000000001208,2024-07-09T09:33:00-04:00,0.0,4.800000000000011,147.03999999997797,2024-07-09T09:36:00-04:00,0.0,5.050000000000011,-352.96000000002203,2024-07-09T09:41:00-04:00,0.0,4.900000000000006,-52.96000000001066,2024-07-09T09:46:00-04:00,0.0,4.75,247.04000000000067,2024-07-09T10:01:00-04:00,0.0,5.549999999999983,-1352.9599999999652,2024-07-09T10:31:00-04:00,0.0,5.800000000000011,-1852.960000000022,2024-07-09T11:31:00-04:00,0.0,6.0,-2252.959999999999,2024-07-09T16:00:00-04:00,0.0,2.8500000000000014,4047.039999999998,2024-07-10T16:00:00-04:00,0.0,,,2024-07-11T15:59:00-04:00,60.0,,,,,0.0,hit,0.0,hit,32.0,hit,32.0,hit,1707.0,hit,,never_hit,,never_hit,18.0,hit,92.0,hit,176.0,hit,381.0,hit,2971.0,hit,2992.0,hit,5.5,13,False,False,False,False,,8.25,413,True,True,False,False,,,,True,True,True,False,3.3000000000000043,,,True,True,True,False,3.3000000000000043,32.0,2024-07-09T10:03:00-04:00,2.6500000000000057,4447.039999999989,1758.0,2024-07-10T14:49:00-04:00,2.8000000000000043,4147.039999999992,1821.0,2024-07-10T15:52:00-04:00,2.700000000000003,4347.039999999995,33.0,2024-07-09T10:04:00-04:00,4.800000000000011,147.03999999997797,1707.0,2024-07-10T13:58:00-04:00,1.7999999999999972,6147.040000000006,2881.0,2024-07-11T09:32:00-04:00,1.8999999999999986,5947.040000000004,2885.0,2024-07-11T09:36:00-04:00,1.9499999999999957,5847.040000000009,1708.0,2024-07-10T13:59:00-04:00,3.1999999999999957,3347.040000000009,,,,,,,,,,,,,,,,,,,,,,,,,,,,,,,,,1944
2024-07-09,2024-07-11,2,6.0,2024-07-09T09:31:00-04:00,5.900000000000006,NDXP  240711P20580000,NDXP  240711P20570000,development,False,False,0,0,0,62,0,1137,available,False,2024-07-09T09:31:00-04:00,2024-07-11T15:59:00-04:00,10.0,-8352.959999999988,1.0,last_observed_quote_not_settlement,1036.0,591,64,5.850000000000023,-152.9600000000334,2024-07-09T09:32:00-04:00,0.0,5.349999999999994,847.0400000000234,2024-07-09T09:33:00-04:00,0.0,5.25,1047.040000000012,2024-07-09T09:36:00-04:00,0.0,5.599999999999994,347.04000000002344,2024-07-09T09:41:00-04:00,0.0,5.249999999999972,1047.0400000000689,2024-07-09T09:46:00-04:00,0.0,4.599999999999966,2347.0400000000805,2024-07-09T10:01:00-04:00,0.0,5.649999999999977,247.04000000005752,2024-07-09T10:31:00-04:00,0.0,6.300000000000011,-1052.9600000000107,2024-07-09T11:31:00-04:00,0.0,6.550000000000011,-1552.9600000000107,2024-07-09T16:00:00-04:00,0.0,3.5500000000000043,4447.040000000004,2024-07-10T16:00:00-04:00,0.0,,,2024-07-11T15:59:00-04:00,60.0,,,,,2.0,hit,17.0,hit,1656.0,hit,2880.0,hit,,never_hit,,never_hit,,never_hit,26.0,hit,26.0,hit,26.0,hit,1490.0,hit,2968.0,hit,2968.0,hit,8.800000000000011,356,True,True,False,False,,,,True,True,True,False,3.8000000000000114,,,True,True,True,False,3.8000000000000114,,,True,True,True,False,3.8000000000000114,2881.0,2024-07-11T09:32:00-04:00,2.599999999999998,6347.040000000016,2882.0,2024-07-11T09:33:00-04:00,2.700000000000003,6147.040000000006,2883.0,2024-07-11T09:34:00-04:00,2.6999999999999993,6147.040000000014,2882.0,2024-07-11T09:33:00-04:00,2.700000000000003,6147.040000000006,,,,,,,,,,,,,,,,,,,,,,,,,,,,,,,,,,,,,,,,,,,,,,,,,1945
2024-07-09,2024-07-11,2,7.0,2024-07-09T09:31:00-04:00,6.900000000000006,NDXP  240711P20680000,NDXP  240711P20670000,development,False,False,0,0,0,79,0,1120,available,False,2024-07-09T09:31:00-04:00,2024-07-11T15:59:00-04:00,9.949999999999989,-6352.959999999967,1.0,last_observed_quote_not_settlement,1036.0,706,80,6.950000000000017,-352.96000000002203,2024-07-09T09:32:00-04:00,0.0,6.799999999999983,-52.959999999953816,2024-07-09T09:33:00-04:00,0.0,6.849999999999994,-152.95999999997656,2024-07-09T09:36:00-04:00,0.0,7.099999999999994,-652.9599999999766,2024-07-09T09:41:00-04:00,0.0,6.649999999999977,247.04000000005752,2024-07-09T09:46:00-04:00,0.0,6.75,47.04000000001208,2024-07-09T10:01:00-04:00,0.0,7.300000000000011,-1052.9600000000107,2024-07-09T10:31:00-04:00,0.0,7.900000000000006,-2252.959999999999,2024-07-09T11:31:00-04:00,0.0,8.0,-2452.9599999999896,2024-07-09T16:00:00-04:00,0.0,4.849999999999994,3847.0400000000236,2024-07-10T16:00:00-04:00,0.0,,,2024-07-11T15:59:00-04:00,60.0,,,,,1655.0,hit,1712.0,hit,,never_hit,,never_hit,,never_hit,,never_hit,,never_hit,3.0,hit,101.0,hit,3.0,hit,101.0,hit,2926.0,hit,2929.0,hit,,,True,True,True,False,2.5999999999999943,,,True,True,True,False,2.5999999999999943,,,True,True,True,False,2.5999999999999943,,,True,True,True,False,2.5999999999999943,,,,,,,,,,,,,,,,,,,,,,,,,,,,,,,,,,,,,,,,,,,,,,,,,,,,,,,,,,,,,,,,,1946
2024-07-09,2024-07-12,3,5.0,2024-07-09T09:31:00-04:00,5.0,NDXP  240712P20530000,NDXP  240712P20520000,development,False,False,0,0,1,40,0,1564,available,False,2024-07-09T09:31:00-04:00,2024-07-12T15:59:00-04:00,9.449999999999989,-9152.959999999977,1.0,last_observed_quote_not_settlement,1036.0,999,50,4.599999999999966,547.0400000000689,2024-07-09T09:32:00-04:00,0.0,4.700000000000017,347.0399999999666,2024-07-09T09:33:00-04:00,0.0,4.75,247.04000000000067,2024-07-09T09:36:00-04:00,0.0,5.0,-252.9599999999993,2024-07-09T09:41:00-04:00,0.0,4.650000000000006,447.03999999998933,2024-07-09T09:46:00-04:00,0.0,5.599999999999994,-1452.959999999988,2024-07-09T10:01:00-04:00,0.0,5.799999999999983,-1852.9599999999652,2024-07-09T10:31:00-04:00,0.0,5.299999999999983,-852.9599999999652,2024-07-09T11:31:00-04:00,0.0,4.75,247.04000000000067,2024-07-09T16:00:00-04:00,0.0,2.8500000000000085,4047.0399999999836,2024-07-10T16:00:00-04:00,0.0,,,2024-07-11T15:59:00-04:00,60.0,,,2024-07-12T15:59:00-04:00,60.0,0.0,hit,0.0,hit,26.0,hit,26.0,hit,2903.0,hit,,never_hit,,never_hit,18.0,hit,18.0,hit,18.0,hit,2932.0,hit,3011.0,hit,3084.0,hit,7.099999999999966,3,True,False,False,False,,7.75,333,True,False,False,False,,,,True,True,True,False,3.6000000000000014,,,True,True,True,False,3.6000000000000014,26.0,2024-07-09T09:57:00-04:00,2.549999999999983,4647.0400000000345,1761.0,2024-07-10T14:52:00-04:00,2.8999999999999915,3947.0400000000177,1819.0,2024-07-10T15:50:00-04:00,2.799999999999997,4147.040000000006,27.0,2024-07-09T09:58:00-04:00,4.75,247.04000000000067,2903.0,2024-07-11T09:54:00-04:00,1.3999999999999986,6947.040000000004,,,,,,,,,2904.0,2024-07-11T09:55:00-04:00,3.25,3247.040000000001,,,,,,,,,,,,,,,,,,,,,,,,,,,,,,,,,1947
2024-07-09,2024-07-12,3,6.0,2024-07-09T09:31:00-04:00,6.0,NDXP  240712P20630000,NDXP  240712P20620000,development,False,False,0,0,1,232,0,1372,available,False,2024-07-09T09:31:00-04:00,2024-07-12T15:59:00-04:00,10.0,-8152.96,1.0,last_observed_quote_not_settlement,1037.0,861,83,5.949999999999989,-152.95999999997656,2024-07-09T09:32:00-04:00,0.0,5.050000000000011,1647.039999999978,2024-07-09T09:33:00-04:00,0.0,6.199999999999989,-652.9599999999766,2024-07-09T09:36:00-04:00,0.0,6.349999999999994,-952.959999999988,2024-07-09T09:41:00-04:00,0.0,6.849999999999994,-1952.959999999988,2024-07-09T09:46:00-04:00,0.0,5.850000000000023,47.039999999955235,2024-07-09T10:01:00-04:00,0.0,6.649999999999977,-1552.9599999999539,2024-07-09T10:31:00-04:00,0.0,6.450000000000017,-1152.9600000000335,2024-07-09T11:31:00-04:00,0.0,,,2024-07-09T15:59:00-04:00,60.0,4.099999999999994,3547.0400000000122,2024-07-10T16:00:00-04:00,0.0,9.800000000000011,-7852.960000000024,2024-07-11T16:00:00-04:00,0.0,,,2024-07-12T15:59:00-04:00,60.0,2.0,hit,25.0,hit,1442.0,hit,1740.0,hit,,never_hit,,never_hit,,never_hit,3.0,hit,7.0,hit,7.0,hit,2933.0,hit,2968.0,hit,2998.0,hit,7.899999999999977,451,True,False,False,False,,,,True,True,True,False,3.1999999999999886,,,True,True,True,False,3.1999999999999886,,,True,True,True,False,3.1999999999999886,1740.0,2024-07-10T14:31:00-04:00,2.8000000000000114,6147.039999999978,,,,,,,,,1741.0,2024-07-10T14:32:00-04:00,4.549999999999997,2647.0400000000063,,,,,,,,,,,,,,,,,,,,,,,,,,,,,,,,,,,,,,,,,,,,,,,,,1948
2024-07-09,2024-07-12,3,7.0,2024-07-09T09:31:00-04:00,6.949999999999989,NDXP  240712P20690000,NDXP  240712P20680000,development,False,False,0,0,1,171,0,1433,available,False,2024-07-09T09:31:00-04:00,2024-07-12T15:59:00-04:00,10.0,-6252.960000000023,1.0,last_observed_quote_not_settlement,1038.0,849,82,6.700000000000017,247.03999999994383,2024-07-09T09:32:00-04:00,0.0,6.5,647.0399999999779,2024-07-09T09:33:00-04:00,0.0,6.950000000000017,-252.96000000005614,2024-07-09T09:36:00-04:00,0.0,6.75,147.03999999997797,2024-07-09T09:41:00-04:00,0.0,6.75,147.03999999997797,2024-07-09T09:46:00-04:00,0.0,6.699999999999989,247.04000000000067,2024-07-09T10:01:00-04:00,0.0,7.30000000000004,-952.9600000001017,2024-07-09T10:31:00-04:00,0.0,7.400000000000034,-1152.9600000000903,2024-07-09T11:31:00-04:00,0.0,7.800000000000011,-1952.9600000000448,2024-07-09T16:00:00-04:00,0.0,4.549999999999997,4547.039999999984,2024-07-10T16:00:00-04:00,0.0,8.650000000000091,-3652.9600000002056,2024-07-11T16:00:00-04:00,0.0,,,2024-07-12T15:59:00-04:00,60.0,1621.0,hit,1621.0,hit,2898.0,hit,,never_hit,,never_hit,,never_hit,,never_hit,59.0,hit,107.0,hit,9.0,hit,107.0,hit,2954.0,hit,2992.0,hit,,,True,True,True,False,3.3499999999999943,,,True,True,True,False,3.3499999999999943,,,True,True,True,False,3.3499999999999943,,,True,True,True,False,3.3499999999999943,,,,,,,,,,,,,,,,,,,,,,,,,,,,,,,,,,,,,,,,,,,,,,,,,,,,,,,,,,,,,,,,,1949
2024-07-10,2024-07-12,2,5.0,2024-07-10T09:31:00-04:00,5.0499999999999545,NDXP  240712P20580000,NDXP  240712P20570000,development,False,False,0,0,0,68,0,1132,available,False,2024-07-10T09:31:00-04:00,2024-07-12T16:00:00-04:00,10.0,-10052.96000000009,0.0,last_observed_quote_not_settlement,1036.0,763,37,4.849999999999994,147.03999999992112,2024-07-10T09:32:00-04:00,0.0,5.5,-1152.9600000000903,2024-07-10T09:33:00-04:00,0.0,5.599999999999994,-1352.960000000079,2024-07-10T09:36:00-04:00,0.0,5.600000000000023,-1352.9600000001358,2024-07-10T09:41:00-04:00,0.0,5.1499999999999915,-452.9600000000732,2024-07-10T09:46:00-04:00,0.0,5.250000000000014,-652.9600000001187,2024-07-10T10:01:00-04:00,0.0,5.049999999999997,-252.96000000008456,2024-07-10T10:31:00-04:00,0.0,5.300000000000011,-752.960000000113,2024-07-10T11:31:00-04:00,0.0,3.200000000000003,3447.039999999904,2024-07-10T16:00:00-04:00,0.0,9.799999999999955,-9752.960000000001,2024-07-11T16:00:00-04:00,0.0,10.0,-10052.96000000009,2024-07-12T16:00:00-04:00,0.0,,,,,0.0,hit,1.0,hit,89.0,hit,89.0,hit,,never_hit,,never_hit,,never_hit,5.0,hit,91.0,hit,1488.0,hit,1528.0,hit,1531.0,hit,1562.0,hit,6.0,66,False,False,False,False,,,,True,True,True,False,2.7999999999999545,,,True,True,True,False,2.7999999999999545,,,True,True,True,False,2.7999999999999545,89.0,2024-07-10T11:00:00-04:00,2.25,5347.03999999991,,,,,,,,,90.0,2024-07-10T11:01:00-04:00,5.75,-1652.9600000000903,,,,,,,,,,,,,,,,,,,,,,,,,,,,,,,,,,,,,,,,,,,,,,,,,1950
2024-07-10,2024-07-12,2,6.0,2024-07-10T09:31:00-04:00,5.849999999999994,NDXP  240712P20620000,NDXP  240712P20610000,development,False,False,0,0,0,106,0,1093,available,False,2024-07-10T09:31:00-04:00,2024-07-12T15:59:00-04:00,10.0,-8452.96000000001,1.0,last_observed_quote_not_settlement,1036.0,635,58,5.75,-52.96000000001066,2024-07-10T09:32:00-04:00,0.0,8.25,-5052.960000000013,2024-07-10T09:33:00-04:00,0.0,6.150000000000006,-852.9600000000221,2024-07-10T09:36:00-04:00,0.0,5.700000000000017,47.039999999955235,2024-07-10T09:41:00-04:00,0.0,6.300000000000011,-1152.9600000000335,2024-07-10T09:46:00-04:00,0.0,5.949999999999989,-452.95999999998793,2024-07-10T10:01:00-04:00,0.0,5.549999999999983,347.04000000002344,2024-07-10T10:31:00-04:00,0.0,5.75,-52.96000000001066,2024-07-10T11:31:00-04:00,0.0,3.950000000000003,3547.0399999999836,2024-07-10T16:00:00-04:00,0.0,3.8500000000000227,3747.039999999944,2024-07-11T16:00:00-04:00,0.0,,,2024-07-12T15:59:00-04:00,60.0,,,,,4.0,hit,77.0,hit,77.0,hit,211.0,hit,211.0,hit,,never_hit,,never_hit,2.0,hit,2.0,hit,2.0,hit,2.0,hit,1558.0,hit,1558.0,hit,8.25,76,True,True,False,False,,8.25,76,True,True,False,False,,,,True,True,True,False,4.0,,,True,True,True,False,4.0,211.0,2024-07-10T13:02:00-04:00,1.8999999999999915,7647.040000000006,,,,,,,,,212.0,2024-07-10T13:03:00-04:00,4.700000000000003,2047.0399999999836,211.0,2024-07-10T13:02:00-04:00,1.8999999999999915,7647.040000000006,,,,,,,,,212.0,2024-07-10T13:03:00-04:00,4.700000000000003,2047.0399999999836,,,,,,,,,,,,,,,,,,,,,,,,,,,,,,,,,1951
2024-07-10,2024-07-12,2,7.0,2024-07-10T09:31:00-04:00,7.100000000000023,NDXP  240712P20730000,NDXP  240712P20720000,development,False,False,0,0,0,180,0,1019,available,False,2024-07-10T09:31:00-04:00,2024-07-12T15:58:00-04:00,10.0,-5952.959999999955,2.0,last_observed_quote_not_settlement,1036.0,567,79,7.650000000000006,-1352.9599999999652,2024-07-10T09:32:00-04:00,0.0,7.350000000000023,-752.9599999999994,2024-07-10T09:33:00-04:00,0.0,7.600000000000023,-1252.9599999999994,2024-07-10T09:36:00-04:00,0.0,7.049999999999983,-152.95999999991972,2024-07-10T09:41:00-04:00,0.0,6.850000000000023,247.04000000000067,2024-07-10T09:46:00-04:00,0.0,7.300000000000011,-652.9599999999766,2024-07-10T10:01:00-04:00,0.0,7.0,-52.959999999953816,2024-07-10T10:31:00-04:00,0.0,7.299999999999983,-652.9599999999198,2024-07-10T11:31:00-04:00,0.0,5.149999999999977,3647.040000000092,2024-07-10T16:00:00-04:00,0.0,,,2024-07-11T15:59:00-04:00,60.0,,,2024-07-12T15:58:00-04:00,120.0,,,,,215.0,hit,215.0,hit,1791.0,hit,,never_hit,,never_hit,,never_hit,,never_hit,1.0,hit,89.0,hit,0.0,hit,89.0,hit,1491.0,hit,1520.0,hit,,,True,True,True,False,3.4500000000000455,,,True,True,True,False,3.4500000000000455,,,True,True,True,False,3.4500000000000455,,,True,True,True,False,3.4500000000000455,,,,,,,,,,,,,,,,,,,,,,,,,,,,,,,,,,,,,,,,,,,,,,,,,,,,,,,,,,,,,,,,,1952
2024-07-12,2024-07-15,3,5.0,2024-07-12T09:31:00-04:00,5.000000000000014,NDXP  240715P20270000,NDXP  240715P20260000,development,False,False,0,0,0,8,0,787,available,False,2024-07-12T09:31:00-04:00,2024-07-15T16:00:00-04:00,1.65,6447.040000000028,0.0,last_observed_quote_not_settlement,3916.0,5,10,4.749999999999986,247.04000000005752,2024-07-12T09:32:00-04:00,0.0,5.250000000000014,-752.9599999999994,2024-07-12T09:33:00-04:00,0.0,4.849999999999994,47.0400000000405,2024-07-12T09:36:00-04:00,0.0,4.949999999999989,-152.95999999994814,2024-07-12T09:41:00-04:00,0.0,4.650000000000006,447.04000000001776,2024-07-12T09:46:00-04:00,0.0,3.1499999999999915,3447.0400000000463,2024-07-12T10:01:00-04:00,0.0,3.299999999999997,3147.040000000035,2024-07-12T10:31:00-04:00,0.0,1.8999999999999986,5947.040000000032,2024-07-12T11:31:00-04:00,0.0,3.4000000000000057,2947.0400000000177,2024-07-12T16:00:00-04:00,0.0,,,2024-07-12T16:15:00-04:00,85500.0,,,2024-07-12T16:15:00-04:00,171900.0,1.65,6447.040000000028,2024-07-15T16:00:00-04:00,0.0,0.0,hit,1.0,hit,16.0,hit,40.0,hit,74.0,hit,253.0,hit,4381.0,hit,14.0,hit,14.0,hit,14.0,hit,4701.0,hit,,never_hit,,never_hit,7.050000000000011,4,True,False,False,False,,7.050000000000011,4,True,False,False,False,,7.050000000000011,4,True,False,False,False,,7.050000000000011,4,True,False,False,False,,41.0,2024-07-12T10:12:00-04:00,2.8999999999999986,3947.040000000032,64.0,2024-07-12T10:35:00-04:00,2.6500000000000057,4447.040000000018,65.0,2024-07-12T10:36:00-04:00,2.549999999999997,4647.0400000000345,42.0,2024-07-12T10:13:00-04:00,3.1000000000000014,3547.0400000000263,74.0,2024-07-12T10:45:00-04:00,1.9499999999999957,5847.040000000037,82.0,2024-07-12T10:53:00-04:00,1.7999999999999972,6147.0400000000345,83.0,2024-07-12T10:54:00-04:00,1.9000000000000021,5947.0400000000245,75.0,2024-07-12T10:46:00-04:00,2.049999999999997,5647.0400000000345,256.0,2024-07-12T13:47:00-04:00,0.9000000000000021,7947.0400000000245,259.0,2024-07-12T13:50:00-04:00,0.9000000000000004,7947.040000000028,260.0,2024-07-12T13:51:00-04:00,0.9000000000000004,7947.040000000028,257.0,2024-07-12T13:48:00-04:00,0.9500000000000011,7847.040000000027,4385.0,2024-07-15T10:36:00-04:00,0.40000000000000036,8947.04000000003,4386.0,2024-07-15T10:37:00-04:00,0.39999999999999947,8947.040000000032,4387.0,2024-07-15T10:38:00-04:00,0.39999999999999947,8947.040000000032,4386.0,2024-07-15T10:37:00-04:00,0.39999999999999947,8947.040000000032,1953
2024-07-12,2024-07-15,3,6.0,2024-07-12T09:31:00-04:00,6.150000000000006,NDXP  240715P20310000,NDXP  240715P20300000,development,False,False,0,0,0,2,0,793,available,False,2024-07-12T09:31:00-04:00,2024-07-15T16:00:00-04:00,0.0,12047.040000000014,0.0,last_observed_quote_not_settlement,3916.0,1,2,5.199999999999989,1647.0400000000348,2024-07-12T09:32:00-04:00,0.0,4.650000000000006,2747.040000000001,2024-07-12T09:33:00-04:00,0.0,5.200000000000017,1647.039999999978,2024-07-12T09:36:00-04:00,0.0,5.299999999999997,1447.0400000000177,2024-07-12T09:41:00-04:00,0.0,5.600000000000023,847.0399999999665,2024-07-12T09:46:00-04:00,0.0,3.9000000000000057,4247.040000000001,2024-07-12T10:01:00-04:00,0.0,4.0,4047.040000000012,2024-07-12T10:31:00-04:00,0.0,2.3999999999999986,7247.0400000000145,2024-07-12T11:31:00-04:00,0.0,3.5999999999999943,4847.040000000024,2024-07-12T16:00:00-04:00,0.0,,,2024-07-12T16:15:00-04:00,85500.0,,,2024-07-12T16:15:00-04:00,171900.0,0.0,12047.040000000014,2024-07-15T16:00:00-04:00,0.0,1.0,hit,2.0,hit,30.0,hit,68.0,hit,232.0,hit,262.0,hit,4400.0,hit,,never_hit,,never_hit,,never_hit,,never_hit,,never_hit,,never_hit,6.299999999999997,1,False,False,False,False,,6.299999999999997,1,False,False,False,False,,6.299999999999997,1,False,False,False,False,,6.299999999999997,1,False,False,False,False,,70.0,2024-07-12T10:41:00-04:00,2.8500000000000014,6347.040000000009,71.0,2024-07-12T10:42:00-04:00,2.5999999999999943,6847.040000000024,72.0,2024-07-12T10:43:00-04:00,2.8000000000000043,6447.040000000004,71.0,2024-07-12T10:42:00-04:00,2.5999999999999943,6847.040000000024,234.0,2024-07-12T13:25:00-04:00,1.9499999999999993,8147.040000000013,240.0,2024-07-12T13:31:00-04:00,1.9000000000000021,8247.040000000008,241.0,2024-07-12T13:32:00-04:00,1.8999999999999986,8247.040000000015,235.0,2024-07-12T13:26:00-04:00,2.1499999999999986,7747.0400000000145,4352.0,2024-07-15T10:03:00-04:00,0.6999999999999993,10647.040000000014,4380.0,2024-07-15T10:31:00-04:00,0.8500000000000014,10347.04000000001,4381.0,2024-07-15T10:32:00-04:00,0.7499999999999982,10547.040000000017,4353.0,2024-07-15T10:04:00-04:00,1.6000000000000014,8847.04000000001,4406.0,2024-07-15T10:57:00-04:00,0.39999999999999947,11247.040000000014,4407.0,2024-07-15T10:58:00-04:00,0.34999999999999964,11347.040000000014,4413.0,2024-07-15T11:04:00-04:00,0.3999999999999999,11247.040000000012,4407.0,2024-07-15T10:58:00-04:00,0.34999999999999964,11347.040000000014,1954
2024-07-12,2024-07-15,3,7.0,2024-07-12T09:31:00-04:00,7.049999999999983,NDXP  240715P20430000,NDXP  240715P20420000,development,False,False,0,0,0,6,0,788,available,False,2024-07-12T09:31:00-04:00,2024-07-15T15:59:00-04:00,9.499999999999993,-5152.960000000021,1.0,last_observed_quote_not_settlement,3916.0,73,43,6.949999999999989,-52.96000000001066,2024-07-12T09:32:00-04:00,0.0,7.700000000000017,-1552.9600000000676,2024-07-12T09:33:00-04:00,0.0,8.550000000000011,-3252.960000000058,2024-07-12T09:36:00-04:00,0.0,7.800000000000011,-1752.9600000000562,2024-07-12T09:41:00-04:00,0.0,7.600000000000023,-1352.960000000079,2024-07-12T09:46:00-04:00,0.0,5.849999999999966,2147.040000000035,2024-07-12T10:01:00-04:00,0.0,6.050000000000011,1747.0399999999438,2024-07-12T10:31:00-04:00,0.0,4.5,4847.039999999966,2024-07-12T11:31:00-04:00,0.0,6.1499999999999915,1547.0399999999836,2024-07-12T16:00:00-04:00,0.0,,,2024-07-12T16:15:00-04:00,85500.0,,,2024-07-12T16:15:00-04:00,171900.0,,,2024-07-15T15:59:00-04:00,60.0,66.0,hit,69.0,hit,102.0,hit,256.0,hit,4402.0,hit,4430.0,hit,,never_hit,2.0,hit,5.0,hit,0.0,hit,5.0,hit,4689.0,hit,4689.0,hit,8.550000000000011,17,True,True,False,False,,8.550000000000011,24,True,True,False,False,,8.550000000000011,24,True,True,False,False,,,,True,True,True,False,6.249999999999984,258.0,2024-07-12T13:49:00-04:00,2.799999999999997,8247.039999999974,259.0,2024-07-12T13:50:00-04:00,2.799999999999997,8247.039999999974,260.0,2024-07-12T13:51:00-04:00,2.799999999999997,8247.039999999974,259.0,2024-07-12T13:50:00-04:00,2.799999999999997,8247.039999999974,4404.0,2024-07-15T10:55:00-04:00,1.8500000000000014,10147.039999999964,4405.0,2024-07-15T10:56:00-04:00,1.7999999999999972,10247.039999999974,4406.0,2024-07-15T10:57:00-04:00,1.8000000000000007,10247.039999999966,4405.0,2024-07-15T10:56:00-04:00,1.7999999999999972,10247.039999999974,4432.0,2024-07-15T11:23:00-04:00,0.9499999999999993,11947.039999999968,,,,,,,,,4433.0,2024-07-15T11:24:00-04:00,1.0500000000000007,11747.039999999966,,,,,,,,,,,,,,,,,1955
2024-07-15,2024-07-17,2,5.0,2024-07-15T09:31:00-04:00,4.900000000000006,NDXP  240717P20430000,NDXP  240717P20420000,development,False,False,0,0,0,135,0,1064,available,False,2024-07-15T09:31:00-04:00,2024-07-17T15:59:00-04:00,10.0,-10352.959999999988,1.0,last_observed_quote_not_settlement,1036.0,684,60,4.5,547.040000000012,2024-07-15T09:32:00-04:00,0.0,4.849999999999994,-152.95999999997656,2024-07-15T09:33:00-04:00,0.0,4.0,1547.040000000012,2024-07-15T09:36:00-04:00,0.0,4.400000000000006,747.0400000000006,2024-07-15T09:41:00-04:00,0.0,5.050000000000011,-552.9600000000107,2024-07-15T09:46:00-04:00,0.0,4.5,547.040000000012,2024-07-15T10:01:00-04:00,0.0,3.8999999999999915,1747.040000000029,2024-07-15T10:31:00-04:00,0.0,3.1499999999999915,3247.040000000029,2024-07-15T11:31:00-04:00,0.0,4.75,47.04000000001208,2024-07-15T16:00:00-04:00,0.0,5.3500000000000085,-1152.960000000005,2024-07-16T16:00:00-04:00,0.0,,,2024-07-17T15:59:00-04:00,60.0,,,,,0.0,hit,0.0,hit,5.0,hit,6.0,hit,112.0,hit,3251.0,hit,,never_hit,16.0,hit,193.0,hit,243.0,hit,2880.0,hit,2880.0,hit,2880.0,hit,4.900000000000006,0,False,False,False,False,,5.8999999999999915,9,False,False,False,False,,10.0,674,True,True,True,True,,,,True,True,True,False,4.249999999999915,6.0,2024-07-15T09:37:00-04:00,2.6000000000000085,4347.039999999995,102.0,2024-07-15T11:13:00-04:00,2.8500000000000085,3847.039999999995,103.0,2024-07-15T11:14:00-04:00,2.749999999999993,4047.0400000000263,7.0,2024-07-15T09:38:00-04:00,4.950000000000003,-352.9599999999936,112.0,2024-07-15T11:23:00-04:00,1.8500000000000014,5847.040000000009,3251.0,2024-07-17T15:42:00-04:00,0.650000000000091,8247.039999999832,,,,,113.0,2024-07-15T11:24:00-04:00,2.5,4547.040000000012,3251.0,2024-07-17T15:42:00-04:00,0.650000000000091,8247.039999999832,,,,,,,,,,,,,,,,,,,,,,,,,,,,,1956
2024-07-15,2024-07-17,2,6.0,2024-07-15T09:31:00-04:00,5.949999999999989,NDXP  240717P20490000,NDXP  240717P20480000,development,False,False,0,0,16,128,0,1071,available,False,2024-07-15T09:31:00-04:00,2024-07-17T15:59:00-04:00,10.0,-8252.960000000021,1.0,last_observed_quote_not_settlement,1036.0,696,78,6.400000000000006,-1152.9600000000335,2024-07-15T09:32:00-04:00,0.0,5.999999999999972,-352.9599999999652,2024-07-15T09:33:00-04:00,0.0,5.600000000000023,447.0399999999325,2024-07-15T09:36:00-04:00,0.0,5.049999999999983,1547.040000000012,2024-07-15T09:41:00-04:00,0.0,5.650000000000006,347.0399999999666,2024-07-15T09:46:00-04:00,0.0,5.249999999999972,1147.0400000000348,2024-07-15T10:01:00-04:00,0.0,4.849999999999994,1947.0399999999893,2024-07-15T10:31:00-04:00,0.0,4.150000000000006,3347.0399999999668,2024-07-15T11:31:00-04:00,0.0,6.299999999999983,-952.959999999988,2024-07-15T16:00:00-04:00,0.0,6.25,-852.9600000000221,2024-07-16T16:00:00-04:00,0.0,,,2024-07-17T15:59:00-04:00,60.0,,,,,3.0,hit,13.0,hit,13.0,hit,13.0,hit,3251.0,hit,3251.0,hit,3251.0,hit,6.0,hit,6.0,hit,6.0,hit,1474.0,hit,1474.0,hit,1630.0,hit,7.450000000000017,4,True,False,False,False,,10.0,692,True,True,True,True,,10.0,692,True,True,True,True,,10.0,692,True,True,True,True,,13.0,2024-07-15T09:44:00-04:00,2.6000000000000227,6447.039999999933,,,,,,,,,14.0,2024-07-15T09:45:00-04:00,5.699999999999989,247.04000000000067,3251.0,2024-07-17T15:42:00-04:00,0.2999999999999545,11047.04000000007,,,,,,,,,,,,,3251.0,2024-07-17T15:42:00-04:00,0.2999999999999545,11047.04000000007,,,,,,,,,,,,,3251.0,2024-07-17T15:42:00-04:00,0.2999999999999545,11047.04000000007,,,,,,,,,,,,,1957
2024-07-15,2024-07-17,2,7.0,2024-07-15T09:31:00-04:00,7.0,NDXP  240717P20600000,NDXP  240717P20590000,development,False,False,0,0,0,147,15,1053,available,False,2024-07-15T09:31:00-04:00,2024-07-17T16:00:00-04:00,10.0,-6152.96,0.0,last_observed_quote_not_settlement,1037.0,791,56,7.400000000000006,-1052.9600000000107,2024-07-15T09:32:00-04:00,0.0,7.349999999999994,-952.959999999988,2024-07-15T09:33:00-04:00,0.0,6.900000000000006,-52.96000000001066,2024-07-15T09:36:00-04:00,0.0,6.749999999999972,247.04000000005752,2024-07-15T09:41:00-04:00,0.0,7.099999999999994,-452.95999999998793,2024-07-15T09:46:00-04:00,0.0,7.0,-252.9599999999993,2024-07-15T10:01:00-04:00,0.0,6.349999999999994,1047.040000000012,2024-07-15T10:31:00-04:00,0.0,5.5,2747.040000000001,2024-07-15T11:31:00-04:00,0.0,7.550000000000011,-1352.960000000022,2024-07-15T16:00:00-04:00,0.0,8.5,-3252.960000000001,2024-07-16T16:00:00-04:00,0.0,10.0,-6152.96,2024-07-17T16:00:00-04:00,0.0,,,,,87.0,hit,104.0,hit,,never_hit,,never_hit,,never_hit,,never_hit,,never_hit,3.0,hit,163.0,hit,0.0,hit,163.0,hit,1481.0,hit,1481.0,hit,,,True,True,True,False,2.9000000000000057,,,True,True,True,False,2.9000000000000057,,,True,True,True,False,2.9000000000000057,,,True,True,True,False,2.9000000000000057,,,,,,,,,,,,,,,,,,,,,,,,,,,,,,,,,,,,,,,,,,,,,,,,,,,,,,,,,,,,,,,,,1958
2024-07-15,2024-07-18,3,5.0,2024-07-15T09:31:00-04:00,5.049999999999983,NDXP  240718P20500000,NDXP  240718P20490000,development,False,False,0,0,1,222,0,1382,available,False,2024-07-15T09:31:00-04:00,2024-07-18T15:59:00-04:00,10.0,-10052.960000000034,1.0,last_observed_quote_not_settlement,1036.0,1117,44,6.550000000000011,-3252.960000000056,2024-07-15T09:32:00-04:00,0.0,5.550000000000011,-1252.9600000000562,2024-07-15T09:33:00-04:00,0.0,5.900000000000006,-1952.9600000000448,2024-07-15T09:36:00-04:00,0.0,5.349999999999966,-852.9599999999652,2024-07-15T09:41:00-04:00,0.0,5.800000000000011,-1752.9600000000562,2024-07-15T09:46:00-04:00,0.0,5.399999999999977,-952.959999999988,2024-07-15T10:01:00-04:00,0.0,4.750000000000028,347.03999999990975,2024-07-15T10:31:00-04:00,0.0,4.200000000000003,1447.0399999999609,2024-07-15T11:31:00-04:00,0.0,6.349999999999994,-2852.960000000022,2024-07-15T16:00:00-04:00,0.0,7.199999999999989,-4552.960000000011,2024-07-16T16:00:00-04:00,0.0,9.949999999999932,-10052.959999999897,2024-07-17T16:00:00-04:00,0.0,,,2024-07-18T15:59:00-04:00,60.0,0.0,hit,34.0,hit,91.0,hit,,never_hit,,never_hit,,never_hit,,never_hit,1.0,hit,1.0,hit,338.0,hit,382.0,hit,2880.0,hit,2882.0,hit,,,True,True,True,False,1.7999999999999972,,,True,True,True,False,1.7999999999999972,,,True,True,True,False,1.7999999999999972,,,True,True,True,False,1.7999999999999972,,,,,,,,,,,,,,,,,,,,,,,,,,,,,,,,,,,,,,,,,,,,,,,,,,,,,,,,,,,,,,,,,1959
2024-07-15,2024-07-18,3,6.0,2024-07-15T09:31:00-04:00,5.950000000000017,NDXP  240718P20510000,NDXP  240718P20500000,development,False,False,0,0,0,305,0,1299,available,False,2024-07-15T09:31:00-04:00,2024-07-18T15:59:00-04:00,10.0,-8252.959999999965,1.0,last_observed_quote_not_settlement,1037.0,802,84,4.699999999999989,2247.0400000000577,2024-07-15T09:32:00-04:00,0.0,4.099999999999994,3447.0400000000463,2024-07-15T09:33:00-04:00,0.0,5.849999999999994,-52.959999999953816,2024-07-15T09:36:00-04:00,0.0,5.450000000000017,747.0400000000006,2024-07-15T09:41:00-04:00,0.0,6.650000000000006,-1652.9599999999766,2024-07-15T09:46:00-04:00,0.0,5.5,647.0400000000348,2024-07-15T10:01:00-04:00,0.0,4.949999999999989,1747.0400000000575,2024-07-15T10:31:00-04:00,0.0,4.349999999999994,2947.0400000000463,2024-07-15T11:31:00-04:00,0.0,5.75,147.0400000000348,2024-07-15T16:00:00-04:00,0.0,5.0,1647.0400000000348,2024-07-16T16:00:00-04:00,0.0,9.950000000000045,-8252.959999999965,2024-07-17T16:00:00-04:00,0.0,,,2024-07-18T15:59:00-04:00,60.0,1.0,hit,1.0,hit,96.0,hit,112.0,hit,,never_hit,,never_hit,,never_hit,7.0,hit,7.0,hit,7.0,hit,1459.0,hit,1469.0,hit,2880.0,hit,7.100000000000023,9,True,False,False,False,,,,True,True,True,False,3.8000000000000114,,,True,True,True,False,3.8000000000000114,,,True,True,True,False,3.8000000000000114,112.0,2024-07-15T11:23:00-04:00,2.1500000000000057,7347.040000000024,,,,,,,,,113.0,2024-07-15T11:24:00-04:00,3.5999999999999943,4447.040000000046,,,,,,,,,,,,,,,,,,,,,,,,,,,,,,,,,,,,,,,,,,,,,,,,,1960
2024-07-15,2024-07-18,3,7.0,2024-07-15T09:31:00-04:00,7.0,NDXP  240718P20560000,NDXP  240718P20550000,development,False,False,0,0,0,272,0,1333,available,False,2024-07-15T09:31:00-04:00,2024-07-18T16:00:00-04:00,0.0,13747.04,0.0,last_observed_quote_not_settlement,1038.0,811,142,8.100000000000023,-2452.9600000000464,2024-07-15T09:32:00-04:00,0.0,7.850000000000023,-1952.9600000000448,2024-07-15T09:33:00-04:00,0.0,7.75,-1752.9599999999994,2024-07-15T09:36:00-04:00,0.0,6.199999999999989,1347.0400000000234,2024-07-15T09:41:00-04:00,0.0,7.350000000000023,-952.9600000000448,2024-07-15T09:46:00-04:00,0.0,7.900000000000006,-2052.9600000000105,2024-07-15T10:01:00-04:00,0.0,5.250000000000028,3247.039999999944,2024-07-15T10:31:00-04:00,0.0,5.0,3747.040000000001,2024-07-15T11:31:00-04:00,0.0,6.5,747.0400000000006,2024-07-15T16:00:00-04:00,0.0,6.75,247.04000000000067,2024-07-16T16:00:00-04:00,0.0,9.950000000000045,-6152.96,2024-07-17T16:00:00-04:00,0.0,0.0,13747.04,2024-07-18T16:00:00-04:00,0.0,34.0,hit,85.0,hit,4706.0,hit,4706.0,hit,4706.0,hit,4706.0,hit,4709.0,hit,1.0,hit,1.0,hit,0.0,hit,1.0,hit,1622.0,hit,1622.0,hit,10.0,810,True,True,True,True,,10.0,810,True,True,True,True,,10.0,810,True,True,True,True,,10.0,811,True,True,True,True,,4706.0,2024-07-18T15:57:00-04:00,0.6499999999999773,12447.040000000046,,,,,,,,,,,,,4706.0,2024-07-18T15:57:00-04:00,0.6499999999999773,12447.040000000046,,,,,,,,,,,,,4706.0,2024-07-18T15:57:00-04:00,0.6499999999999773,12447.040000000046,,,,,,,,,,,,,4709.0,2024-07-18T16:00:00-04:00,0.0,13747.04,,,,,,,,,,,,,1961
2024-07-16,2024-07-18,2,5.0,2024-07-16T09:31:00-04:00,4.950000000000017,NDXP  240718P20480000,NDXP  240718P20470000,development,False,False,0,0,0,252,0,947,available,False,2024-07-16T09:31:00-04:00,2024-07-18T15:59:00-04:00,10.0,-10252.959999999965,1.0,last_observed_quote_not_settlement,1036.0,766,13,5.199999999999989,-752.9599999999425,2024-07-16T09:32:00-04:00,0.0,5.349999999999966,-1052.959999999897,2024-07-16T09:33:00-04:00,0.0,4.9500000000000455,-252.96000000005614,2024-07-16T09:36:00-04:00,0.0,4.8999999999999915,-152.95999999994814,2024-07-16T09:41:00-04:00,0.0,5.300000000000011,-952.959999999988,2024-07-16T09:46:00-04:00,0.0,5.899999999999977,-2152.9599999999195,2024-07-16T10:01:00-04:00,0.0,6.450000000000017,-3252.959999999999,2024-07-16T10:31:00-04:00,0.0,7.100000000000023,-4552.960000000011,2024-07-16T11:31:00-04:00,0.0,5.650000000000006,-1652.9599999999766,2024-07-16T16:00:00-04:00,0.0,9.399999999999977,-9152.959999999921,2024-07-17T16:00:00-04:00,0.0,,,2024-07-18T15:59:00-04:00,60.0,,,,,0.0,hit,0.0,hit,386.0,hit,,never_hit,,never_hit,,never_hit,,never_hit,19.0,hit,32.0,hit,33.0,hit,185.0,hit,1440.0,hit,1441.0,hit,,,True,True,True,False,1.049999999999926,,,True,True,True,False,1.049999999999926,,,True,True,True,False,1.049999999999926,,,True,True,True,False,1.049999999999926,,,,,,,,,,,,,,,,,,,,,,,,,,,,,,,,,,,,,,,,,,,,,,,,,,,,,,,,,,,,,,,,,1962
2024-07-16,2024-07-18,2,6.0,2024-07-16T09:31:00-04:00,5.850000000000023,NDXP  240718P20530000,NDXP  240718P20520000,development,False,False,0,0,1,254,0,945,available,False,2024-07-16T09:31:00-04:00,2024-07-18T15:59:00-04:00,10.0,-8452.959999999954,1.0,last_observed_quote_not_settlement,1036.0,758,15,5.700000000000017,47.04000000001208,2024-07-16T09:32:00-04:00,0.0,5.400000000000006,647.0400000000348,2024-07-16T09:33:00-04:00,0.0,5.699999999999989,47.04000000006892,2024-07-16T09:36:00-04:00,0.0,5.349999999999994,747.0400000000575,2024-07-16T09:41:00-04:00,0.0,5.699999999999989,47.04000000006892,2024-07-16T09:46:00-04:00,0.0,7.099999999999994,-2752.9599999999423,2024-07-16T10:01:00-04:00,0.0,7.399999999999977,-3352.959999999908,2024-07-16T10:31:00-04:00,0.0,7.499999999999972,-3552.959999999897,2024-07-16T11:31:00-04:00,0.0,6.599999999999994,-1752.9599999999425,2024-07-16T16:00:00-04:00,0.0,,,2024-07-17T15:58:00-04:00,120.0,,,2024-07-18T15:59:00-04:00,60.0,,,,,2.0,hit,6.0,hit,,never_hit,,never_hit,,never_hit,,never_hit,,never_hit,19.0,hit,30.0,hit,30.0,hit,41.0,hit,184.0,hit,184.0,hit,,,True,True,True,False,1.5000000000001137,,,True,True,True,False,1.5000000000001137,,,True,True,True,False,1.5000000000001137,,,True,True,True,False,1.5000000000001137,,,,,,,,,,,,,,,,,,,,,,,,,,,,,,,,,,,,,,,,,,,,,,,,,,,,,,,,,,,,,,,,,1963
2024-07-16,2024-07-18,2,7.0,2024-07-16T09:31:00-04:00,6.75,NDXP  240718P20610000,NDXP  240718P20600000,development,False,False,0,0,0,261,0,939,available,False,2024-07-16T09:31:00-04:00,2024-07-18T16:00:00-04:00,0.0,13247.04,0.0,last_observed_quote_not_settlement,1038.0,753,33,7.0,-752.9599999999994,2024-07-16T09:32:00-04:00,0.0,6.900000000000006,-552.9600000000107,2024-07-16T09:33:00-04:00,0.0,6.900000000000006,-552.9600000000107,2024-07-16T09:36:00-04:00,0.0,6.150000000000006,947.0399999999893,2024-07-16T09:41:00-04:00,0.0,7.5,-1752.9599999999994,2024-07-16T09:46:00-04:00,0.0,7.800000000000011,-2352.960000000022,2024-07-16T10:01:00-04:00,0.0,7.899999999999977,-2552.9599999999537,2024-07-16T10:31:00-04:00,0.0,8.250000000000057,-3252.9600000001146,2024-07-16T11:31:00-04:00,0.0,7.700000000000017,-2152.9600000000332,2024-07-16T16:00:00-04:00,0.0,9.449999999999932,-5652.9599999998645,2024-07-17T16:00:00-04:00,0.0,0.0,13247.04,2024-07-18T16:00:00-04:00,0.0,,,,,2891.0,hit,2891.0,hit,3112.0,hit,3260.0,hit,3260.0,hit,3260.0,hit,3260.0,hit,7.0,hit,29.0,hit,1.0,hit,29.0,hit,38.0,hit,1440.0,hit,10.0,749,True,True,True,True,,10.0,749,True,True,True,True,,10.0,749,True,True,True,True,,10.0,749,True,True,True,True,,3260.0,2024-07-18T15:51:00-04:00,0.0,13247.04,,,,,,,,,3261.0,2024-07-18T15:52:00-04:00,10.0,-6652.96,3260.0,2024-07-18T15:51:00-04:00,0.0,13247.04,,,,,,,,,3261.0,2024-07-18T15:52:00-04:00,10.0,-6652.96,3260.0,2024-07-18T15:51:00-04:00,0.0,13247.04,,,,,,,,,3261.0,2024-07-18T15:52:00-04:00,10.0,-6652.96,3260.0,2024-07-18T15:51:00-04:00,0.0,13247.04,,,,,,,,,3261.0,2024-07-18T15:52:00-04:00,10.0,-6652.96,1964
2024-07-19,2024-07-22,3,5.0,2024-07-19T09:31:00-04:00,5.099999999999966,NDXP  240722P19800000,NDXP  240722P19790000,development,False,False,0,0,0,4,0,791,available,False,2024-07-19T09:31:00-04:00,2024-07-22T16:00:00-04:00,0.47500000000000003,8997.039999999932,0.0,last_observed_quote_not_settlement,3916.0,557,31,6.0,-2052.9600000000673,2024-07-19T09:32:00-04:00,0.0,6.449999999999989,-2952.9600000000446,2024-07-19T09:33:00-04:00,0.0,5.650000000000006,-1352.960000000079,2024-07-19T09:36:00-04:00,0.0,4.349999999999994,1247.0399999999438,2024-07-19T09:41:00-04:00,0.0,5.150000000000006,-352.9600000000789,2024-07-19T09:46:00-04:00,0.0,6.449999999999989,-2952.9600000000446,2024-07-19T10:01:00-04:00,0.0,6.650000000000006,-3352.9600000000787,2024-07-19T10:31:00-04:00,0.0,7.800000000000011,-5652.96000000009,2024-07-19T11:31:00-04:00,0.0,6.699999999999989,-3452.9600000000446,2024-07-19T16:00:00-04:00,0.0,,,2024-07-19T16:15:00-04:00,85500.0,,,2024-07-19T16:15:00-04:00,171900.0,0.47500000000000003,8997.039999999932,2024-07-22T16:00:00-04:00,0.0,0.0,hit,10.0,hit,4337.0,hit,4364.0,hit,4393.0,hit,4393.0,hit,4696.0,hit,1.0,hit,2.0,hit,11.0,hit,99.0,hit,197.0,hit,300.0,hit,9.899999999999977,424,True,True,True,True,,9.899999999999977,440,True,True,True,True,,9.899999999999977,440,True,True,True,True,,9.899999999999977,557,True,True,True,True,,4364.0,2024-07-22T10:15:00-04:00,2.8499999999999943,4247.039999999944,4599.0,2024-07-22T14:10:00-04:00,2.0999999999999996,5747.039999999934,4600.0,2024-07-22T14:11:00-04:00,2.3000000000000007,5347.039999999931,4365.0,2024-07-22T10:16:00-04:00,5.000000000000014,-52.960000000095924,4393.0,2024-07-22T10:44:00-04:00,0.6499999999999986,8647.039999999935,4614.0,2024-07-22T14:25:00-04:00,1.4999999999999991,6947.0399999999345,4615.0,2024-07-22T14:26:00-04:00,1.4500000000000002,7047.039999999932,4394.0,2024-07-22T10:45:00-04:00,6.349999999999994,-2752.960000000056,4393.0,2024-07-22T10:44:00-04:00,0.6499999999999986,8647.039999999935,4693.0,2024-07-22T15:44:00-04:00,0.8999999999999999,8147.039999999931,4697.0,2024-07-22T15:48:00-04:00,0.5499999999999999,8847.039999999934,4394.0,2024-07-22T10:45:00-04:00,6.349999999999994,-2752.960000000056,,,,,,,,,,,,,,,,,1965
2024-07-19,2024-07-22,3,6.0,2024-07-19T09:31:00-04:00,6.099999999999994,NDXP  240722P19820000,NDXP  240722P19810000,development,False,False,0,0,0,3,0,792,available,False,2024-07-19T09:31:00-04:00,2024-07-22T16:00:00-04:00,8.625,-5302.960000000013,0.0,last_observed_quote_not_settlement,3916.0,516,54,6.850000000000023,-1752.9600000000562,2024-07-19T09:32:00-04:00,0.0,5.800000000000011,347.0399999999666,2024-07-19T09:33:00-04:00,0.0,5.949999999999989,47.04000000001208,2024-07-19T09:36:00-04:00,0.0,5.449999999999989,1047.040000000012,2024-07-19T09:41:00-04:00,0.0,5.799999999999983,347.04000000002344,2024-07-19T09:46:00-04:00,0.0,6.549999999999983,-1152.9599999999766,2024-07-19T10:01:00-04:00,0.0,6.25,-552.9600000000107,2024-07-19T10:31:00-04:00,0.0,8.850000000000023,-5752.960000000058,2024-07-19T11:31:00-04:00,0.0,,,2024-07-19T15:59:00-04:00,60.0,,,2024-07-19T16:15:00-04:00,85500.0,,,2024-07-19T16:15:00-04:00,171900.0,8.625,-5302.960000000013,2024-07-22T16:00:00-04:00,0.0,10.0,hit,4336.0,hit,4340.0,hit,4343.0,hit,4343.0,hit,,never_hit,,never_hit,1.0,hit,11.0,hit,11.0,hit,119.0,hit,129.0,hit,205.0,hit,9.850000000000023,384,True,True,True,True,,9.850000000000023,384,True,True,True,True,,,,True,True,True,False,4.849999999999994,,,True,True,True,False,4.849999999999994,4343.0,2024-07-22T09:54:00-04:00,1.25,9447.03999999999,4610.0,2024-07-22T14:21:00-04:00,2.9000000000000004,6147.039999999989,4611.0,2024-07-22T14:22:00-04:00,2.5500000000000007,6847.039999999988,4344.0,2024-07-22T09:55:00-04:00,4.25,3447.0399999999895,4343.0,2024-07-22T09:54:00-04:00,1.25,9447.03999999999,4696.0,2024-07-22T15:47:00-04:00,1.2500000000000004,9447.039999999988,4697.0,2024-07-22T15:48:00-04:00,1.35,9247.03999999999,4344.0,2024-07-22T09:55:00-04:00,4.25,3447.0399999999895,,,,,,,,,,,,,,,,,,,,,,,,,,,,,,,,,1966
2024-07-19,2024-07-22,3,7.0,2024-07-19T09:31:00-04:00,7.0,NDXP  240722P19840000,NDXP  240722P19830000,development,False,False,0,0,1,4,0,790,available,False,2024-07-19T09:31:00-04:00,2024-07-22T15:59:00-04:00,9.0,-4252.960000000001,1.0,last_observed_quote_not_settlement,3916.0,460,63,7.0,-252.9599999999993,2024-07-19T09:32:00-04:00,0.0,7.0,-252.9599999999993,2024-07-19T09:33:00-04:00,0.0,6.100000000000023,1547.0399999999552,2024-07-19T09:36:00-04:00,0.0,5.5,2747.040000000001,2024-07-19T09:41:00-04:00,0.0,6.75,247.04000000000067,2024-07-19T09:46:00-04:00,0.0,6.849999999999994,47.04000000001208,2024-07-19T10:01:00-04:00,0.0,6.949999999999989,-152.95999999997656,2024-07-19T10:31:00-04:00,0.0,8.5,-3252.960000000001,2024-07-19T11:31:00-04:00,0.0,,,2024-07-19T15:59:00-04:00,60.0,,,2024-07-19T16:15:00-04:00,85500.0,,,2024-07-19T16:15:00-04:00,171900.0,,,2024-07-22T15:59:00-04:00,60.0,10.0,hit,27.0,hit,27.0,hit,4393.0,hit,4394.0,hit,,never_hit,,never_hit,11.0,hit,99.0,hit,0.0,hit,99.0,hit,173.0,hit,223.0,hit,10.0,348,True,True,True,True,,10.0,348,True,True,True,True,,,,True,True,True,False,5.350000000000001,,,True,True,True,False,5.350000000000001,4393.0,2024-07-22T10:44:00-04:00,2.1499999999999986,9447.040000000005,4394.0,2024-07-22T10:45:00-04:00,1.6499999999999986,10447.040000000005,,,,,4394.0,2024-07-22T10:45:00-04:00,1.6499999999999986,10447.040000000005,4394.0,2024-07-22T10:45:00-04:00,1.6499999999999986,10447.040000000005,,,,,,,,,4395.0,2024-07-22T10:46:00-04:00,5.550000000000004,2647.0399999999922,,,,,,,,,,,,,,,,,,,,,,,,,,,,,,,,,1967
2024-07-22,2024-07-24,2,5.0,2024-07-22T09:31:00-04:00,4.999999999999972,NDXP  240724P19730000,NDXP  240724P19720000,development,False,False,0,0,1,109,0,1086,available,False,2024-07-22T09:31:00-04:00,2024-07-24T15:59:00-04:00,10.0,-10152.960000000056,1.0,last_observed_quote_not_settlement,1037.0,261,35,4.650000000000006,447.0399999999325,2024-07-22T09:32:00-04:00,0.0,4.450000000000017,847.0399999999097,2024-07-22T09:33:00-04:00,0.0,4.699999999999989,347.0399999999666,2024-07-22T09:36:00-04:00,0.0,4.300000000000011,1147.039999999921,2024-07-22T09:41:00-04:00,0.0,3.799999999999983,2147.039999999978,2024-07-22T09:46:00-04:00,0.0,4.199999999999989,1347.0399999999665,2024-07-22T10:01:00-04:00,0.0,4.199999999999989,1347.0399999999665,2024-07-22T10:31:00-04:00,0.0,5.599999999999966,-1452.959999999988,2024-07-22T11:31:00-04:00,0.0,3.5500000000000114,2647.0399999999213,2024-07-22T16:00:00-04:00,0.0,4.75,247.03999999994383,2024-07-23T16:00:00-04:00,0.0,,,2024-07-24T15:59:00-04:00,60.0,,,,,0.0,hit,0.0,hit,8.0,hit,48.0,hit,59.0,hit,86.0,hit,86.0,hit,102.0,hit,126.0,hit,126.0,hit,126.0,hit,2880.0,hit,2880.0,hit,4.999999999999972,0,False,False,False,False,,4.999999999999972,0,False,False,False,False,,4.999999999999972,0,False,False,False,False,,4.999999999999972,0,False,False,False,False,,48.0,2024-07-22T10:19:00-04:00,2.25,5247.039999999944,1491.0,2024-07-23T10:22:00-04:00,2.8499999999999943,4047.0399999999554,1492.0,2024-07-23T10:23:00-04:00,2.8000000000000043,4147.039999999935,49.0,2024-07-22T10:20:00-04:00,4.349999999999966,1047.040000000012,59.0,2024-07-22T10:30:00-04:00,1.4999999999999858,6747.039999999973,,,,,,,,,60.0,2024-07-22T10:31:00-04:00,4.199999999999989,1347.0399999999665,86.0,2024-07-22T10:57:00-04:00,0.44999999999998863,8847.039999999968,,,,,,,,,87.0,2024-07-22T10:58:00-04:00,4.050000000000011,1647.039999999921,86.0,2024-07-22T10:57:00-04:00,0.44999999999998863,8847.039999999968,,,,,,,,,87.0,2024-07-22T10:58:00-04:00,4.050000000000011,1647.039999999921,1968
2024-07-22,2024-07-24,2,6.0,2024-07-22T09:31:00-04:00,5.900000000000006,NDXP  240724P19810000,NDXP  240724P19800000,development,False,False,0,0,0,142,15,1055,available,False,2024-07-22T09:31:00-04:00,2024-07-24T16:00:00-04:00,10.0,-8352.959999999988,0.0,last_observed_quote_not_settlement,1036.0,241,28,5.849999999999994,-152.95999999997656,2024-07-22T09:32:00-04:00,0.0,4.450000000000017,2647.039999999978,2024-07-22T09:33:00-04:00,0.0,6.0,-452.95999999998793,2024-07-22T09:36:00-04:00,0.0,5.25,1047.040000000012,2024-07-22T09:41:00-04:00,0.0,5.0,1547.040000000012,2024-07-22T09:46:00-04:00,0.0,5.049999999999983,1447.0400000000461,2024-07-22T10:01:00-04:00,0.0,5.199999999999989,1147.0400000000348,2024-07-22T10:31:00-04:00,0.0,6.75,-1952.959999999988,2024-07-22T11:31:00-04:00,0.0,4.5,2547.0400000000122,2024-07-22T16:00:00-04:00,0.0,5.8999999999999915,-252.95999999997088,2024-07-23T16:00:00-04:00,0.0,10.0,-8352.959999999988,2024-07-24T16:00:00-04:00,0.0,,,,,2.0,hit,2.0,hit,32.0,hit,32.0,hit,1470.0,hit,2977.0,hit,,never_hit,94.0,hit,94.0,hit,94.0,hit,140.0,hit,2880.0,hit,2880.0,hit,6.049999999999983,2,False,False,False,False,,8.099999999999994,71,True,True,False,False,,10.0,119,True,True,True,True,,,,True,True,True,False,5.050000000000097,32.0,2024-07-22T10:03:00-04:00,2.8499999999999943,5847.040000000024,,,,,,,,,33.0,2024-07-22T10:04:00-04:00,5.350000000000023,847.0399999999665,1470.0,2024-07-23T10:01:00-04:00,1.3499999999999943,8847.040000000025,,,,,,,,,1471.0,2024-07-23T10:02:00-04:00,4.400000000000006,2747.040000000001,2977.0,2024-07-24T11:08:00-04:00,0.849999999999909,9847.040000000196,,,,,,,,,,,,,,,,,,,,,,,,,,,,,1969
2024-07-22,2024-07-24,2,7.0,2024-07-22T09:31:00-04:00,6.999999999999943,NDXP  240724P19970000,NDXP  240724P19960000,development,False,False,0,0,16,74,0,1122,available,False,2024-07-22T09:31:00-04:00,2024-07-24T15:59:00-04:00,10.0,-6152.960000000114,1.0,last_observed_quote_not_settlement,1038.0,640,124,7.550000000000011,-1352.9600000001358,2024-07-22T09:32:00-04:00,0.0,6.749999999999943,247.04000000000067,2024-07-22T09:33:00-04:00,0.0,7.350000000000023,-952.9600000001585,2024-07-22T09:36:00-04:00,0.0,6.749999999999972,247.03999999994383,2024-07-22T09:41:00-04:00,0.0,6.349999999999994,1047.0399999998983,2024-07-22T09:46:00-04:00,0.0,6.699999999999989,347.03999999990975,2024-07-22T10:01:00-04:00,0.0,6.800000000000011,147.03999999986428,2024-07-22T10:31:00-04:00,0.0,8.100000000000023,-2452.96000000016,2024-07-22T11:31:00-04:00,0.0,7.699999999999989,-1652.9600000000903,2024-07-22T16:00:00-04:00,0.0,8.0,-2252.9600000001146,2024-07-23T16:00:00-04:00,0.0,,,2024-07-24T15:59:00-04:00,60.0,,,,,1559.0,hit,1600.0,hit,1600.0,hit,,never_hit,,never_hit,,never_hit,,never_hit,1.0,hit,100.0,hit,1.0,hit,100.0,hit,1441.0,hit,1441.0,hit,,,True,True,True,False,3.1499999999999204,,,True,True,True,False,3.1499999999999204,,,True,True,True,False,3.1499999999999204,,,True,True,True,False,3.1499999999999204,,,,,,,,,,,,,,,,,,,,,,,,,,,,,,,,,,,,,,,,,,,,,,,,,,,,,,,,,,,,,,,,,1970
2024-07-22,2024-07-25,3,5.0,2024-07-22T09:31:00-04:00,5.050000000000011,NDXP  240725P19780000,NDXP  240725P19770000,development,False,False,0,0,1,91,0,1510,available,False,2024-07-22T09:31:00-04:00,2024-07-25T16:00:00-04:00,10.0,-10052.959999999975,0.0,last_observed_quote_not_settlement,1037.0,736,60,5.0,-152.95999999997656,2024-07-22T09:32:00-04:00,0.0,5.300000000000011,-752.9599999999994,2024-07-22T09:33:00-04:00,0.0,4.800000000000011,247.04000000000067,2024-07-22T09:36:00-04:00,0.0,7.450000000000017,-5052.960000000011,2024-07-22T09:41:00-04:00,0.0,4.550000000000011,747.0400000000006,2024-07-22T09:46:00-04:00,0.0,5.0,-152.95999999997656,2024-07-22T10:01:00-04:00,0.0,4.849999999999966,147.04000000009165,2024-07-22T10:31:00-04:00,0.0,6.449999999999989,-3052.9599999999537,2024-07-22T11:31:00-04:00,0.0,4.25,1347.0400000000234,2024-07-22T16:00:00-04:00,0.0,6.849999999999994,-3852.959999999965,2024-07-23T16:00:00-04:00,0.0,9.899999999999977,-9952.959999999932,2024-07-24T16:00:00-04:00,0.0,10.0,-10052.959999999975,2024-07-25T16:00:00-04:00,0.0,0.0,hit,1.0,hit,17.0,hit,86.0,hit,99.0,hit,,never_hit,,never_hit,10.0,hit,10.0,hit,10.0,hit,2880.0,hit,2881.0,hit,2886.0,hit,7.450000000000017,11,True,False,False,False,,7.450000000000017,13,True,False,False,False,,,,True,True,True,False,3.7500000000000284,,,True,True,True,False,3.7500000000000284,86.0,2024-07-22T10:57:00-04:00,2.4499999999999886,4947.040000000046,,,,,,,,,87.0,2024-07-22T10:58:00-04:00,4.400000000000006,1047.040000000012,99.0,2024-07-22T11:10:00-04:00,1.299999999999983,7247.040000000057,,,,,,,,,100.0,2024-07-22T11:11:00-04:00,5.150000000000006,-452.95999999998793,,,,,,,,,,,,,,,,,,,,,,,,,,,,,,,,,1971
2024-07-22,2024-07-25,3,6.0,2024-07-22T09:31:00-04:00,6.0,NDXP  240725P19850000,NDXP  240725P19840000,development,False,False,0,0,2,263,0,1337,available,False,2024-07-22T09:31:00-04:00,2024-07-25T16:00:00-04:00,10.0,-8152.96,0.0,last_observed_quote_not_settlement,1038.0,401,59,6.0,-252.9599999999993,2024-07-22T09:32:00-04:00,0.0,5.75,247.04000000000067,2024-07-22T09:33:00-04:00,0.0,5.549999999999983,647.0400000000348,2024-07-22T09:36:00-04:00,0.0,6.75,-1752.9599999999994,2024-07-22T09:41:00-04:00,0.0,4.900000000000034,1947.0399999999324,2024-07-22T09:46:00-04:00,0.0,5.700000000000017,347.0399999999666,2024-07-22T10:01:00-04:00,0.0,5.099999999999994,1547.040000000012,2024-07-22T10:31:00-04:00,0.0,5.699999999999932,347.0400000001371,2024-07-22T11:31:00-04:00,0.0,4.900000000000034,1947.0399999999324,2024-07-22T16:00:00-04:00,0.0,6.0,-252.9599999999993,2024-07-23T16:00:00-04:00,0.0,,,2024-07-24T15:59:00-04:00,60.0,10.0,-8152.96,2024-07-25T16:00:00-04:00,0.0,6.0,hit,15.0,hit,62.0,hit,94.0,hit,,never_hit,,never_hit,,never_hit,3.0,hit,3.0,hit,3.0,hit,3.0,hit,2880.0,hit,2885.0,hit,8.650000000000006,7,True,True,False,False,,,,True,True,True,False,3.3499999999999943,,,True,True,True,False,3.3499999999999943,,,True,True,True,False,3.3499999999999943,94.0,2024-07-22T11:05:00-04:00,2.6500000000000057,6447.039999999989,95.0,2024-07-22T11:06:00-04:00,2.6500000000000057,6447.039999999989,,,,,95.0,2024-07-22T11:06:00-04:00,2.6500000000000057,6447.039999999989,,,,,,,,,,,,,,,,,,,,,,,,,,,,,,,,,,,,,,,,,,,,,,,,,1972
2024-07-22,2024-07-25,3,7.0,2024-07-22T09:31:00-04:00,7.0,NDXP  240725P19990000,NDXP  240725P19980000,development,False,False,0,0,1,215,0,1386,available,False,2024-07-22T09:31:00-04:00,2024-07-25T16:00:00-04:00,10.0,-6152.96,0.0,last_observed_quote_not_settlement,1037.0,737,158,7.199999999999989,-652.9599999999766,2024-07-22T09:32:00-04:00,0.0,7.050000000000011,-352.96000000002203,2024-07-22T09:33:00-04:00,0.0,6.899999999999977,-52.959999999953816,2024-07-22T09:36:00-04:00,0.0,6.699999999999989,347.04000000002344,2024-07-22T09:41:00-04:00,0.0,6.25,1247.0400000000006,2024-07-22T09:46:00-04:00,0.0,6.600000000000023,547.0399999999552,2024-07-22T10:01:00-04:00,0.0,6.399999999999977,947.0400000000461,2024-07-22T10:31:00-04:00,0.0,7.5,-1252.9599999999994,2024-07-22T11:31:00-04:00,0.0,7.199999999999989,-652.9599999999766,2024-07-22T16:00:00-04:00,0.0,8.0,-2252.960000000001,2024-07-23T16:00:00-04:00,0.0,,,2024-07-24T15:58:00-04:00,120.0,10.0,-6152.96,2024-07-25T16:00:00-04:00,0.0,70.0,hit,1554.0,hit,3259.0,hit,,never_hit,,never_hit,,never_hit,,never_hit,102.0,hit,107.0,hit,0.0,hit,107.0,hit,2880.0,hit,2881.0,hit,,,True,True,True,False,3.5,,,True,True,True,False,3.5,,,True,True,True,False,3.5,,,True,True,True,False,3.5,,,,,,,,,,,,,,,,,,,,,,,,,,,,,,,,,,,,,,,,,,,,,,,,,,,,,,,,,,,,,,,,,1973
2024-07-23,2024-07-25,2,5.0,2024-07-23T09:31:00-04:00,4.900000000000006,NDXP  240725P19810000,NDXP  240725P19800000,development,False,False,0,0,1,252,15,944,available,False,2024-07-23T09:31:00-04:00,2024-07-25T16:00:00-04:00,10.0,-10352.959999999988,0.0,last_observed_quote_not_settlement,1037.0,473,67,3.25,3047.0400000000122,2024-07-23T09:32:00-04:00,0.0,4.849999999999994,-152.95999999997656,2024-07-23T09:33:00-04:00,0.0,4.75,47.04000000001208,2024-07-23T09:36:00-04:00,0.0,4.449999999999989,647.0400000000348,2024-07-23T09:41:00-04:00,0.0,4.599999999999994,347.04000000002344,2024-07-23T09:46:00-04:00,0.0,3.0999999999999943,3347.0400000000236,2024-07-23T10:01:00-04:00,0.0,4.200000000000003,1147.0400000000063,2024-07-23T10:31:00-04:00,0.0,3.700000000000017,2147.039999999978,2024-07-23T11:31:00-04:00,0.0,6.0,-2452.9599999999878,2024-07-23T16:00:00-04:00,0.0,,,2024-07-24T15:58:00-04:00,120.0,10.0,-10352.959999999988,2024-07-25T16:00:00-04:00,0.0,,,,,0.0,hit,0.0,hit,1.0,hit,54.0,hit,160.0,hit,1454.0,hit,1454.0,hit,23.0,hit,23.0,hit,34.0,hit,1440.0,hit,1444.0,hit,1444.0,hit,7.0,3,True,False,False,False,,7.300000000000011,15,True,False,False,False,,9.899999999999977,121,True,True,True,True,,9.899999999999977,121,True,True,True,True,,54.0,2024-07-23T10:25:00-04:00,2.700000000000017,4147.039999999978,,,,,,,,,55.0,2024-07-23T10:26:00-04:00,4.299999999999997,947.0400000000177,160.0,2024-07-23T12:11:00-04:00,1.3999999999999915,6747.040000000029,,,,,,,,,161.0,2024-07-23T12:12:00-04:00,4.150000000000006,1247.0400000000006,1454.0,2024-07-24T09:45:00-04:00,0.0,9547.040000000014,,,,,,,,,1455.0,2024-07-24T09:46:00-04:00,9.549999999999955,-9552.959999999897,1454.0,2024-07-24T09:45:00-04:00,0.0,9547.040000000014,,,,,,,,,1455.0,2024-07-24T09:46:00-04:00,9.549999999999955,-9552.959999999897,1974
2024-07-23,2024-07-25,2,6.0,2024-07-23T09:31:00-04:00,6.0,NDXP  240725P19900000,NDXP  240725P19890000,development,False,False,0,0,1,283,15,913,available,False,2024-07-23T09:31:00-04:00,2024-07-25T16:00:00-04:00,10.0,-8152.96,0.0,last_observed_quote_not_settlement,1038.0,375,66,6.050000000000011,-352.96000000002203,2024-07-23T09:32:00-04:00,0.0,4.449999999999989,2847.0400000000236,2024-07-23T09:33:00-04:00,0.0,7.449999999999989,-3152.9599999999764,2024-07-23T09:36:00-04:00,0.0,5.300000000000011,1147.039999999978,2024-07-23T09:41:00-04:00,0.0,5.050000000000011,1647.039999999978,2024-07-23T09:46:00-04:00,0.0,5.0,1747.0400000000006,2024-07-23T10:01:00-04:00,0.0,5.099999999999994,1547.040000000012,2024-07-23T10:31:00-04:00,0.0,4.75,2247.040000000001,2024-07-23T11:31:00-04:00,0.0,6.0,-252.9599999999993,2024-07-23T16:00:00-04:00,0.0,,,2024-07-24T15:59:00-04:00,60.0,10.0,-8152.96,2024-07-25T16:00:00-04:00,0.0,,,,,2.0,hit,2.0,hit,3251.0,hit,3268.0,hit,,never_hit,,never_hit,,never_hit,5.0,hit,5.0,hit,5.0,hit,229.0,hit,1440.0,hit,1441.0,hit,10.0,375,True,True,True,True,,,,True,True,True,False,3.0499999999999545,,,True,True,True,False,3.0499999999999545,,,True,True,True,False,3.0499999999999545,,,,,,,,,,,,,,,,,,,,,,,,,,,,,,,,,,,,,,,,,,,,,,,,,,,,,,,,,,,,,,,,,1975
2024-07-23,2024-07-25,2,7.0,2024-07-23T09:31:00-04:00,6.949999999999989,NDXP  240725P19990000,NDXP  240725P19980000,development,False,False,0,0,1,215,15,981,available,False,2024-07-23T09:31:00-04:00,2024-07-25T16:00:00-04:00,10.0,-6252.960000000023,0.0,last_observed_quote_not_settlement,1037.0,652,123,6.5,647.0399999999779,2024-07-23T09:32:00-04:00,0.0,6.550000000000011,547.0399999999552,2024-07-23T09:33:00-04:00,0.0,6.600000000000023,447.0399999999325,2024-07-23T09:36:00-04:00,0.0,6.800000000000011,47.039999999955235,2024-07-23T09:41:00-04:00,0.0,6.5,647.0399999999779,2024-07-23T09:46:00-04:00,0.0,6.799999999999983,47.04000000001208,2024-07-23T10:01:00-04:00,0.0,6.25,1147.039999999978,2024-07-23T10:31:00-04:00,0.0,6.75,147.03999999997797,2024-07-23T11:31:00-04:00,0.0,8.0,-2352.9600000000237,2024-07-23T16:00:00-04:00,0.0,,,2024-07-24T15:58:00-04:00,120.0,10.0,-6252.960000000023,2024-07-25T16:00:00-04:00,0.0,,,,,114.0,hit,114.0,hit,1819.0,hit,,never_hit,,never_hit,,never_hit,,never_hit,79.0,hit,153.0,hit,36.0,hit,154.0,hit,1440.0,hit,1441.0,hit,,,True,True,True,False,3.4499999999999886,,,True,True,True,False,3.4499999999999886,,,True,True,True,False,3.4499999999999886,,,True,True,True,False,3.4499999999999886,,,,,,,,,,,,,,,,,,,,,,,,,,,,,,,,,,,,,,,,,,,,,,,,,,,,,,,,,,,,,,,,,1976
2024-07-23,2024-07-26,3,5.0,2024-07-23T09:31:00-04:00,5.0,NDXP  240726P19870000,NDXP  240726P19860000,development,False,False,0,0,1,294,0,1307,available,False,2024-07-23T09:31:00-04:00,2024-07-26T15:57:00-04:00,6.0499999999999545,-2352.959999999908,3.0,last_observed_quote_not_settlement,1038.0,975,50,6.149999999999977,-2552.9599999999537,2024-07-23T09:32:00-04:00,0.0,5.249999999999972,-752.9599999999425,2024-07-23T09:33:00-04:00,0.0,5.549999999999983,-1352.9599999999652,2024-07-23T09:36:00-04:00,0.0,5.0,-252.9599999999993,2024-07-23T09:41:00-04:00,0.0,4.800000000000011,147.03999999997797,2024-07-23T09:46:00-04:00,0.0,3.5,2747.040000000001,2024-07-23T10:01:00-04:00,0.0,5.150000000000034,-552.9600000000676,2024-07-23T10:31:00-04:00,0.0,4.400000000000034,947.0399999999324,2024-07-23T11:31:00-04:00,0.0,,,2024-07-23T15:59:00-04:00,60.0,,,2024-07-24T15:59:00-04:00,60.0,8.75,-7752.960000000001,2024-07-25T16:00:00-04:00,0.0,,,2024-07-26T15:57:00-04:00,180.0,0.0,hit,0.0,hit,30.0,hit,4349.0,hit,4349.0,hit,4349.0,hit,4349.0,hit,1.0,hit,1.0,hit,89.0,hit,1440.0,hit,1445.0,hit,1454.0,hit,10.0,830,True,True,True,True,,10.0,830,True,True,True,True,,10.0,830,True,True,True,True,,10.0,830,True,True,True,True,,4349.0,2024-07-26T10:00:00-04:00,0.0,9747.04,,,,,,,,,4350.0,2024-07-26T10:01:00-04:00,9.75,-9752.960000000001,4349.0,2024-07-26T10:00:00-04:00,0.0,9747.04,,,,,,,,,4350.0,2024-07-26T10:01:00-04:00,9.75,-9752.960000000001,4349.0,2024-07-26T10:00:00-04:00,0.0,9747.04,,,,,,,,,4350.0,2024-07-26T10:01:00-04:00,9.75,-9752.960000000001,4349.0,2024-07-26T10:00:00-04:00,0.0,9747.04,,,,,,,,,4350.0,2024-07-26T10:01:00-04:00,9.75,-9752.960000000001,1977
2024-07-23,2024-07-26,3,6.0,2024-07-23T09:31:00-04:00,6.149999999999977,NDXP  240726P19940000,NDXP  240726P19930000,development,False,False,0,0,0,228,0,1374,available,False,2024-07-23T09:31:00-04:00,2024-07-26T16:00:00-04:00,10.0,-7852.9600000000455,0.0,last_observed_quote_not_settlement,1037.0,1022,65,6.700000000000017,-1352.960000000079,2024-07-23T09:32:00-04:00,0.0,6.000000000000028,47.03999999989839,2024-07-23T09:33:00-04:00,0.0,5.849999999999994,347.0399999999666,2024-07-23T09:36:00-04:00,0.0,5.349999999999994,1347.0399999999665,2024-07-23T09:41:00-04:00,0.0,5.599999999999966,847.0400000000234,2024-07-23T09:46:00-04:00,0.0,4.949999999999989,2147.039999999978,2024-07-23T10:01:00-04:00,0.0,5.75,547.0399999999552,2024-07-23T10:31:00-04:00,0.0,5.199999999999989,1647.039999999978,2024-07-23T11:31:00-04:00,0.0,6.0,47.039999999955235,2024-07-23T16:00:00-04:00,0.0,0.0,12047.039999999955,2024-07-24T16:00:00-04:00,0.0,9.25,-6452.960000000046,2024-07-25T16:00:00-04:00,0.0,10.0,-7852.9600000000455,2024-07-26T16:00:00-04:00,0.0,3.0,hit,30.0,hit,396.0,hit,1829.0,hit,1829.0,hit,1829.0,hit,1829.0,hit,1.0,hit,77.0,hit,35.0,hit,390.0,hit,390.0,hit,390.0,hit,10.0,590,True,True,True,True,,10.0,590,True,True,True,True,,10.0,590,True,True,True,True,,10.0,590,True,True,True,True,,1829.0,2024-07-24T16:00:00-04:00,0.0,12047.039999999955,,,,,,,,,1830.0,2024-07-24T16:01:00-04:00,9.25,-6452.960000000046,1829.0,2024-07-24T16:00:00-04:00,0.0,12047.039999999955,,,,,,,,,1830.0,2024-07-24T16:01:00-04:00,9.25,-6452.960000000046,1829.0,2024-07-24T16:00:00-04:00,0.0,12047.039999999955,,,,,,,,,1830.0,2024-07-24T16:01:00-04:00,9.25,-6452.960000000046,1829.0,2024-07-24T16:00:00-04:00,0.0,12047.039999999955,,,,,,,,,1830.0,2024-07-24T16:01:00-04:00,9.25,-6452.960000000046,1978
2024-07-23,2024-07-26,3,7.0,2024-07-23T09:31:00-04:00,7.0,NDXP  240726P20040000,NDXP  240726P20030000,development,False,False,0,0,2,274,0,1326,available,False,2024-07-23T09:31:00-04:00,2024-07-26T15:54:00-04:00,10.0,-6152.96,6.0,last_observed_quote_not_settlement,1037.0,888,115,6.25,1247.0400000000006,2024-07-23T09:32:00-04:00,0.0,7.050000000000011,-352.96000000002203,2024-07-23T09:33:00-04:00,0.0,7.149999999999977,-552.9599999999539,2024-07-23T09:36:00-04:00,0.0,6.550000000000011,647.0399999999779,2024-07-23T09:41:00-04:00,0.0,6.599999999999966,547.0400000000689,2024-07-23T09:46:00-04:00,0.0,6.75,247.04000000000067,2024-07-23T10:01:00-04:00,0.0,6.5,747.0400000000006,2024-07-23T10:31:00-04:00,0.0,5.899999999999977,1947.0400000000461,2024-07-23T11:31:00-04:00,0.0,7.800000000000011,-1852.960000000022,2024-07-23T16:00:00-04:00,0.0,3.5499999999999545,6647.040000000092,2024-07-24T16:00:00-04:00,0.0,,,2024-07-25T15:59:00-04:00,60.0,,,2024-07-26T15:54:00-04:00,360.0,114.0,hit,1464.0,hit,1464.0,hit,1464.0,hit,,never_hit,,never_hit,,never_hit,29.0,hit,29.0,hit,0.0,hit,29.0,hit,1440.0,hit,1441.0,hit,10.0,197,True,True,True,True,,,,True,True,True,False,4.949999999999932,,,True,True,True,False,4.949999999999932,,,True,True,True,False,4.949999999999932,1464.0,2024-07-24T09:55:00-04:00,2.050000000000068,9647.039999999864,,,,,,,,,1465.0,2024-07-24T09:56:00-04:00,8.350000000000023,-2952.9600000000464,,,,,,,,,,,,,,,,,,,,,,,,,,,,,,,,,,,,,,,,,,,,,,,,,1979
2024-07-24,2024-07-26,2,5.0,2024-07-24T09:31:00-04:00,5.0,NDXP  240726P19600000,NDXP  240726P19590000,development,False,False,0,0,0,226,0,974,available,False,2024-07-24T09:31:00-04:00,2024-07-26T16:00:00-04:00,10.0,-10152.96,0.0,last_observed_quote_not_settlement,1037.0,814,6,5.550000000000011,-1352.960000000022,2024-07-24T09:32:00-04:00,0.0,5.600000000000023,-1452.9600000000448,2024-07-24T09:33:00-04:00,0.0,6.900000000000006,-4052.9600000000105,2024-07-24T09:36:00-04:00,0.0,4.800000000000068,147.03999999986428,2024-07-24T09:41:00-04:00,0.0,4.649999999999977,447.0400000000462,2024-07-24T09:46:00-04:00,0.0,6.199999999999932,-2652.9599999998627,2024-07-24T10:01:00-04:00,0.0,7.449999999999989,-5152.959999999976,2024-07-24T10:31:00-04:00,0.0,8.099999999999909,-6452.959999999819,2024-07-24T11:31:00-04:00,0.0,9.550000000000068,-9352.960000000137,2024-07-24T16:00:00-04:00,0.0,,,2024-07-25T15:58:00-04:00,120.0,10.0,-10152.96,2024-07-26T16:00:00-04:00,0.0,,,,,0.0,hit,0.0,hit,22.0,hit,22.0,hit,22.0,hit,,never_hit,,never_hit,1.0,hit,3.0,hit,6.0,hit,14.0,hit,111.0,hit,159.0,hit,8.0,12,True,True,False,False,,8.0,12,True,True,False,False,,,,True,True,True,False,3.999999999999943,,,True,True,True,False,3.999999999999943,22.0,2024-07-24T09:53:00-04:00,1.0000000000000568,7747.039999999887,,,,,,,,,23.0,2024-07-24T09:54:00-04:00,5.0,-252.9599999999993,22.0,2024-07-24T09:53:00-04:00,1.0000000000000568,7747.039999999887,,,,,,,,,23.0,2024-07-24T09:54:00-04:00,5.0,-252.9599999999993,,,,,,,,,,,,,,,,,,,,,,,,,,,,,,,,,1980
2024-07-24,2024-07-26,2,6.0,2024-07-24T09:31:00-04:00,6.050000000000011,NDXP  240726P19570000,NDXP  240726P19560000,development,False,False,0,0,0,140,0,1060,available,False,2024-07-24T09:31:00-04:00,2024-07-26T16:00:00-04:00,10.0,-8052.959999999977,0.0,last_observed_quote_not_settlement,1036.0,944,3,5.25,1347.0400000000234,2024-07-24T09:32:00-04:00,0.0,5.949999999999989,-52.959999999953816,2024-07-24T09:33:00-04:00,0.0,6.250000000000028,-652.9600000000335,2024-07-24T09:36:00-04:00,0.0,6.75,-1652.9599999999766,2024-07-24T09:41:00-04:00,0.0,6.599999999999994,-1352.9599999999652,2024-07-24T09:46:00-04:00,0.0,8.400000000000034,-4952.960000000046,2024-07-24T10:01:00-04:00,0.0,8.849999999999966,-5852.95999999991,2024-07-24T10:31:00-04:00,0.0,8.049999999999955,-4252.959999999887,2024-07-24T11:31:00-04:00,0.0,9.700000000000045,-7552.960000000069,2024-07-24T16:00:00-04:00,0.0,,,2024-07-25T15:59:00-04:00,60.0,10.0,-8052.959999999977,2024-07-26T16:00:00-04:00,0.0,,,,,1.0,hit,,never_hit,,never_hit,,never_hit,,never_hit,,never_hit,,never_hit,4.0,hit,9.0,hit,9.0,hit,14.0,hit,38.0,hit,181.0,hit,,,True,True,True,False,0.8000000000000114,,,True,True,True,False,0.8000000000000114,,,True,True,True,False,0.8000000000000114,,,True,True,True,False,0.8000000000000114,,,,,,,,,,,,,,,,,,,,,,,,,,,,,,,,,,,,,,,,,,,,,,,,,,,,,,,,,,,,,,,,,1981
2024-07-24,2024-07-26,2,7.0,2024-07-24T09:31:00-04:00,7.0,NDXP  240726P19770000,NDXP  240726P19760000,development,False,False,0,0,0,241,0,959,available,False,2024-07-24T09:31:00-04:00,2024-07-26T16:00:00-04:00,10.0,-6152.96,0.0,last_observed_quote_not_settlement,1036.0,797,2,7.800000000000011,-1852.960000000022,2024-07-24T09:32:00-04:00,0.0,7.250000000000057,-752.960000000113,2024-07-24T09:33:00-04:00,0.0,8.299999999999955,-2852.95999999991,2024-07-24T09:36:00-04:00,0.0,6.949999999999932,-152.95999999986287,2024-07-24T09:41:00-04:00,0.0,8.449999999999932,-3152.9599999998645,2024-07-24T09:46:00-04:00,0.0,8.75,-3752.960000000001,2024-07-24T10:01:00-04:00,0.0,9.25,-4752.960000000001,2024-07-24T10:31:00-04:00,0.0,9.400000000000091,-5052.960000000183,2024-07-24T11:31:00-04:00,0.0,7.800000000000068,-1852.9600000001358,2024-07-24T16:00:00-04:00,0.0,9.700000000000045,-5652.960000000092,2024-07-25T16:00:00-04:00,0.0,10.0,-6152.96,2024-07-26T16:00:00-04:00,0.0,,,,,,never_hit,,never_hit,,never_hit,,never_hit,,never_hit,,never_hit,,never_hit,1.0,hit,4.0,hit,0.0,hit,4.0,hit,11.0,hit,32.0,hit,,,True,True,True,False,0.05000000000006821,,,True,True,True,False,0.05000000000006821,,,True,True,True,False,0.05000000000006821,,,True,True,True,False,0.05000000000006821,,,,,,,,,,,,,,,,,,,,,,,,,,,,,,,,,,,,,,,,,,,,,,,,,,,,,,,,,,,,,,,,,1982
2024-07-26,2024-07-29,3,5.0,2024-07-26T09:31:00-04:00,5.0499999999999545,NDXP  240729P19020000,NDXP  240729P19010000,development,False,False,0,0,0,2,0,793,available,False,2024-07-26T09:31:00-04:00,2024-07-29T15:59:00-04:00,0.275,9297.03999999991,1.0,last_observed_quote_not_settlement,3916.0,137,59,5.5,-1152.9600000000903,2024-07-26T09:32:00-04:00,0.0,6.650000000000034,-3452.9600000001583,2024-07-26T09:33:00-04:00,0.0,5.350000000000023,-852.9600000001358,2024-07-26T09:36:00-04:00,0.0,5.5,-1152.9600000000903,2024-07-26T09:41:00-04:00,0.0,4.75,347.03999999990975,2024-07-26T09:46:00-04:00,0.0,5.0,-152.96000000009025,2024-07-26T10:01:00-04:00,0.0,7.25,-4652.96000000009,2024-07-26T10:31:00-04:00,0.0,5.349999999999966,-852.9600000000221,2024-07-26T11:31:00-04:00,0.0,4.400000000000006,1047.0399999998983,2024-07-26T16:00:00-04:00,0.0,,,2024-07-26T16:15:00-04:00,85500.0,,,2024-07-26T16:15:00-04:00,171900.0,,,2024-07-29T15:59:00-04:00,60.0,0.0,hit,3.0,hit,115.0,hit,210.0,hit,395.0,hit,4348.0,hit,4348.0,hit,2.0,hit,2.0,hit,59.0,hit,,never_hit,,never_hit,,never_hit,7.549999999999983,101,True,False,False,False,,7.549999999999983,128,True,False,False,False,,7.549999999999983,128,True,False,False,False,,7.549999999999983,128,True,False,False,False,,395.0,2024-07-26T16:06:00-04:00,1.3999999999999915,7047.039999999927,4326.0,2024-07-29T09:37:00-04:00,2.799999999999997,4247.039999999915,4327.0,2024-07-29T09:38:00-04:00,2.6000000000000014,4647.039999999907,396.0,2024-07-26T16:07:00-04:00,4.500000000000014,847.0399999998813,395.0,2024-07-26T16:06:00-04:00,1.3999999999999915,7047.039999999927,4335.0,2024-07-29T09:46:00-04:00,1.5999999999999979,6647.039999999914,4336.0,2024-07-29T09:47:00-04:00,1.75,6347.03999999991,396.0,2024-07-26T16:07:00-04:00,4.500000000000014,847.0399999998813,4348.0,2024-07-29T09:59:00-04:00,0.3500000000000014,9147.039999999908,4541.0,2024-07-29T13:12:00-04:00,0.8999999999999995,8047.039999999911,4542.0,2024-07-29T13:13:00-04:00,0.7000000000000002,8447.03999999991,4349.0,2024-07-29T10:00:00-04:00,1.4499999999999993,6947.039999999911,4348.0,2024-07-29T09:59:00-04:00,0.3500000000000014,9147.039999999908,4687.0,2024-07-29T15:38:00-04:00,0.375,9097.03999999991,4688.0,2024-07-29T15:39:00-04:00,0.3750000000000001,9097.03999999991,4349.0,2024-07-29T10:00:00-04:00,1.4499999999999993,6947.039999999911,1983
2024-07-26,2024-07-29,3,6.0,2024-07-26T09:31:00-04:00,6.0,NDXP  240729P19110000,NDXP  240729P19100000,development,False,False,0,0,0,4,0,791,available,False,2024-07-26T09:31:00-04:00,2024-07-29T16:00:00-04:00,9.0,-6252.960000000001,0.0,last_observed_quote_not_settlement,3916.0,276,77,6.099999999999966,-452.9599999999311,2024-07-26T09:32:00-04:00,0.0,6.950000000000017,-2152.9600000000332,2024-07-26T09:33:00-04:00,0.0,6.25,-752.9599999999994,2024-07-26T09:36:00-04:00,0.0,6.499999999999972,-1252.9599999999425,2024-07-26T09:41:00-04:00,0.0,6.099999999999994,-452.95999999998793,2024-07-26T09:46:00-04:00,0.0,5.700000000000017,347.0399999999666,2024-07-26T10:01:00-04:00,0.0,6.850000000000023,-1952.9600000000448,2024-07-26T10:31:00-04:00,0.0,6.299999999999983,-852.9599999999652,2024-07-26T11:31:00-04:00,0.0,5.400000000000006,947.0399999999893,2024-07-26T16:00:00-04:00,0.0,,,2024-07-26T16:15:00-04:00,85500.0,,,2024-07-26T16:15:00-04:00,171900.0,9.0,-6252.960000000001,2024-07-29T16:00:00-04:00,0.0,54.0,hit,57.0,hit,57.0,hit,395.0,hit,4349.0,hit,4367.0,hit,,never_hit,2.0,hit,3.0,hit,3.0,hit,70.0,hit,4705.0,hit,,never_hit,8.150000000000006,173,True,True,False,False,,8.150000000000006,174,True,True,False,False,,8.150000000000006,174,True,True,False,False,,,,True,True,True,False,5.100000000000001,395.0,2024-07-26T16:06:00-04:00,2.6499999999999773,6447.040000000046,4337.0,2024-07-29T09:48:00-04:00,2.9000000000000057,5947.039999999989,4350.0,2024-07-29T10:01:00-04:00,2.3999999999999986,6947.040000000004,396.0,2024-07-26T16:07:00-04:00,5.5,747.0400000000006,4349.0,2024-07-29T10:00:00-04:00,1.25,9247.04,,,,,,,,,4350.0,2024-07-29T10:01:00-04:00,2.3999999999999986,6947.040000000004,4367.0,2024-07-29T10:18:00-04:00,0.8999999999999986,9947.040000000005,,,,,,,,,4368.0,2024-07-29T10:19:00-04:00,4.149999999999999,3447.0400000000036,,,,,,,,,,,,,,,,,1984
2024-07-26,2024-07-29,3,7.0,2024-07-26T09:31:00-04:00,7.050000000000011,NDXP  240729P19200000,NDXP  240729P19190000,development,False,False,0,0,0,11,0,784,available,False,2024-07-26T09:31:00-04:00,2024-07-29T16:00:00-04:00,10.0,-6052.959999999977,0.0,last_observed_quote_not_settlement,3916.0,372,90,7.050000000000011,-252.9599999999993,2024-07-26T09:32:00-04:00,0.0,6.800000000000011,247.04000000000067,2024-07-26T09:33:00-04:00,0.0,6.0,1847.0400000000234,2024-07-26T09:36:00-04:00,0.0,7.5,-1152.9599999999766,2024-07-26T09:41:00-04:00,0.0,7.0,-152.95999999997656,2024-07-26T09:46:00-04:00,0.0,6.5,847.0400000000234,2024-07-26T10:01:00-04:00,0.0,5.150000000000034,3547.0399999999554,2024-07-26T10:31:00-04:00,0.0,7.449999999999989,-1052.9599999999539,2024-07-26T11:31:00-04:00,0.0,7.400000000000006,-952.959999999988,2024-07-26T16:00:00-04:00,0.0,,,2024-07-26T16:15:00-04:00,85500.0,,,2024-07-26T16:15:00-04:00,171900.0,10.0,-6052.959999999977,2024-07-29T16:00:00-04:00,0.0,60.0,hit,192.0,hit,4354.0,hit,,never_hit,,never_hit,,never_hit,,never_hit,4.0,hit,8.0,hit,0.0,hit,8.0,hit,350.0,hit,4418.0,hit,,,True,True,True,False,3.1000000000000085,,,True,True,True,False,3.1000000000000085,,,True,True,True,False,3.1000000000000085,,,True,True,True,False,3.1000000000000085,,,,,,,,,,,,,,,,,,,,,,,,,,,,,,,,,,,,,,,,,,,,,,,,,,,,,,,,,,,,,,,,,1985
2024-07-29,2024-07-31,2,5.0,2024-07-29T09:31:00-04:00,5.0,NDXP  240731P19160000,NDXP  240731P19150000,development,False,False,0,0,0,8,15,1187,available,False,2024-07-29T09:31:00-04:00,2024-07-31T15:58:00-04:00,0.09999999999999999,9547.04,2.0,last_observed_quote_not_settlement,1037.0,588,71,5.150000000000034,-552.9600000000676,2024-07-29T09:32:00-04:00,0.0,5.150000000000006,-552.9600000000107,2024-07-29T09:33:00-04:00,0.0,4.599999999999994,547.040000000012,2024-07-29T09:36:00-04:00,0.0,4.799999999999983,147.0400000000348,2024-07-29T09:41:00-04:00,0.0,4.149999999999977,1447.0400000000461,2024-07-29T09:46:00-04:00,0.0,4.199999999999989,1347.0400000000234,2024-07-29T10:01:00-04:00,0.0,4.800000000000011,147.03999999997797,2024-07-29T10:31:00-04:00,0.0,5.5,-1252.9599999999994,2024-07-29T11:31:00-04:00,0.0,5.5,-1252.9599999999994,2024-07-29T16:00:00-04:00,0.0,8.199999999999989,-6652.959999999978,2024-07-30T16:00:00-04:00,0.0,,,2024-07-31T15:58:00-04:00,120.0,,,,,0.0,hit,0.0,hit,57.0,hit,57.0,hit,2880.0,hit,2901.0,hit,2901.0,hit,20.0,hit,20.0,hit,1531.0,hit,1535.0,hit,1640.0,hit,1648.0,hit,6.050000000000011,7,False,False,False,False,,9.950000000000045,583,True,True,True,True,,9.950000000000045,585,True,True,True,True,,9.950000000000045,585,True,True,True,True,,57.0,2024-07-29T10:28:00-04:00,2.599999999999966,4547.040000000069,2917.0,2024-07-31T10:08:00-04:00,2.799999999999997,4147.040000000006,2918.0,2024-07-31T10:09:00-04:00,2.75,4247.040000000001,58.0,2024-07-29T10:29:00-04:00,4.650000000000006,447.03999999998933,2880.0,2024-07-31T09:31:00-04:00,1.1999999999999886,7347.040000000024,2989.0,2024-07-31T11:20:00-04:00,1.8500000000000014,6047.039999999998,2996.0,2024-07-31T11:27:00-04:00,1.7999999999999972,6147.040000000006,2881.0,2024-07-31T09:32:00-04:00,4.1000000000000085,1547.0399999999836,2901.0,2024-07-31T09:52:00-04:00,0.44999999999998863,8847.040000000025,3183.0,2024-07-31T14:34:00-04:00,0.7499999999999982,8247.040000000005,3184.0,2024-07-31T14:35:00-04:00,0.9000000000000004,7947.04,2902.0,2024-07-31T09:53:00-04:00,3.450000000000017,2847.0399999999668,2901.0,2024-07-31T09:52:00-04:00,0.44999999999998863,8847.040000000025,3194.0,2024-07-31T14:45:00-04:00,0.3999999999999999,8947.04,3195.0,2024-07-31T14:46:00-04:00,0.3999999999999999,8947.04,2902.0,2024-07-31T09:53:00-04:00,3.450000000000017,2847.0399999999668,1986
2024-07-29,2024-07-31,2,6.0,2024-07-29T09:31:00-04:00,6.0,NDXP  240731P19360000,NDXP  240731P19350000,development,False,False,0,0,0,9,0,1185,available,False,2024-07-29T09:31:00-04:00,2024-07-31T15:59:00-04:00,1.5500000000000007,8647.04,1.0,last_observed_quote_not_settlement,1037.0,814,117,6.050000000000011,-352.96000000002203,2024-07-29T09:32:00-04:00,0.0,5.399999999999977,947.0400000000461,2024-07-29T09:33:00-04:00,0.0,6.550000000000011,-1352.960000000022,2024-07-29T09:36:00-04:00,0.0,6.0499999999999545,-352.95999999990835,2024-07-29T09:41:00-04:00,0.0,5.2999999999999545,1147.0400000000916,2024-07-29T09:46:00-04:00,0.0,5.200000000000017,1347.0399999999665,2024-07-29T10:01:00-04:00,0.0,5.300000000000011,1147.039999999978,2024-07-29T10:31:00-04:00,0.0,7.550000000000011,-3352.960000000022,2024-07-29T11:31:00-04:00,0.0,7.9500000000000455,-4152.960000000092,2024-07-29T16:00:00-04:00,0.0,9.5,-7252.960000000001,2024-07-30T16:00:00-04:00,0.0,,,2024-07-31T15:59:00-04:00,60.0,,,,,2.0,hit,14.0,hit,3191.0,hit,3199.0,hit,3205.0,hit,,never_hit,,never_hit,5.0,hit,44.0,hit,44.0,hit,286.0,hit,1532.0,hit,1533.0,hit,10.0,803,True,True,True,True,,10.0,803,True,True,True,True,,,,True,True,True,False,4.650000000000002,,,True,True,True,False,4.650000000000002,3199.0,2024-07-31T14:50:00-04:00,2.75,6247.040000000001,3200.0,2024-07-31T14:51:00-04:00,2.8500000000000014,6047.039999999998,3201.0,2024-07-31T14:52:00-04:00,2.599999999999998,6547.0400000000045,3200.0,2024-07-31T14:51:00-04:00,2.8500000000000014,6047.039999999998,3205.0,2024-07-31T14:56:00-04:00,1.9000000000000021,7947.039999999996,,,,,,,,,3206.0,2024-07-31T14:57:00-04:00,3.1499999999999986,5447.040000000004,,,,,,,,,,,,,,,,,,,,,,,,,,,,,,,,,1987
2024-07-29,2024-07-31,2,7.0,2024-07-29T09:31:00-04:00,7.0,NDXP  240731P19420000,NDXP  240731P19410000,development,False,False,0,0,0,16,0,1178,available,False,2024-07-29T09:31:00-04:00,2024-07-31T15:59:00-04:00,10.0,-6152.96,1.0,last_observed_quote_not_settlement,1037.0,792,141,7.949999999999932,-2152.9599999998627,2024-07-29T09:32:00-04:00,0.0,6.9500000000000455,-152.96000000009025,2024-07-29T09:33:00-04:00,0.0,7.25,-752.9599999999994,2024-07-29T09:36:00-04:00,0.0,7.0499999999999545,-352.95999999990835,2024-07-29T09:41:00-04:00,0.0,6.2999999999999545,1147.0400000000916,2024-07-29T09:46:00-04:00,0.0,6.25,1247.0400000000006,2024-07-29T10:01:00-04:00,0.0,7.0,-252.9599999999993,2024-07-29T10:31:00-04:00,0.0,8.199999999999989,-2652.959999999978,2024-07-29T11:31:00-04:00,0.0,7.899999999999977,-2052.9599999999537,2024-07-29T16:00:00-04:00,0.0,8.600000000000023,-3452.9600000000464,2024-07-30T16:00:00-04:00,0.0,,,2024-07-31T15:59:00-04:00,60.0,,,,,3001.0,hit,3199.0,hit,,never_hit,,never_hit,,never_hit,,never_hit,,never_hit,1.0,hit,63.0,hit,0.0,hit,63.0,hit,1495.0,hit,1531.0,hit,,,True,True,True,False,2.8999999999999986,,,True,True,True,False,2.8999999999999986,,,True,True,True,False,2.8999999999999986,,,True,True,True,False,2.8999999999999986,,,,,,,,,,,,,,,,,,,,,,,,,,,,,,,,,,,,,,,,,,,,,,,,,,,,,,,,,,,,,,,,,1988
2024-07-29,2024-08-01,3,5.0,2024-07-29T09:31:00-04:00,5.0,NDXP  240801P19130000,NDXP  240801P19120000,development,False,False,0,0,0,44,0,1554,available,False,2024-07-29T09:31:00-04:00,2024-08-01T15:59:00-04:00,9.999999999999972,-10152.96,1.0,last_observed_quote_not_settlement,1037.0,673,85,5.000000000000028,-252.96000000005614,2024-07-29T09:32:00-04:00,0.0,4.25,1247.0400000000006,2024-07-29T09:33:00-04:00,0.0,5.650000000000006,-1552.9600000000107,2024-07-29T09:36:00-04:00,0.0,4.25,1247.0400000000006,2024-07-29T09:41:00-04:00,0.0,4.199999999999989,1347.0400000000234,2024-07-29T09:46:00-04:00,0.0,3.8000000000000114,2147.039999999978,2024-07-29T10:01:00-04:00,0.0,4.800000000000011,147.03999999997797,2024-07-29T10:31:00-04:00,0.0,5.4500000000000455,-1152.9600000000903,2024-07-29T11:31:00-04:00,0.0,4.75,247.04000000000067,2024-07-29T16:00:00-04:00,0.0,7.199999999999989,-4652.959999999976,2024-07-30T16:00:00-04:00,0.0,2.799999999999997,4147.040000000006,2024-07-31T16:00:00-04:00,0.0,,,2024-08-01T15:59:00-04:00,60.0,0.0,hit,0.0,hit,16.0,hit,20.0,hit,20.0,hit,2959.0,hit,3271.0,hit,5.0,hit,54.0,hit,54.0,hit,54.0,hit,1835.0,hit,4512.0,hit,5.650000000000006,2,False,False,False,False,,5.650000000000006,2,False,False,False,False,,9.0,472,True,True,True,True,,9.0,473,True,True,True,True,,20.0,2024-07-29T09:51:00-04:00,1.0500000000000114,7647.039999999978,2948.0,2024-07-31T10:39:00-04:00,2.6999999999999886,4347.040000000024,2949.0,2024-07-31T10:40:00-04:00,2.75,4247.040000000001,21.0,2024-07-29T09:52:00-04:00,4.400000000000006,947.0399999999893,20.0,2024-07-29T09:51:00-04:00,1.0500000000000114,7647.039999999978,3201.0,2024-07-31T14:52:00-04:00,1.8500000000000085,6047.039999999984,3218.0,2024-07-31T15:09:00-04:00,1.8499999999999943,6047.040000000012,21.0,2024-07-29T09:52:00-04:00,4.400000000000006,947.0399999999893,2959.0,2024-07-31T10:50:00-04:00,0.8999999999999915,7947.040000000018,4330.0,2024-08-01T09:41:00-04:00,0.6999999999999993,8347.040000000003,4331.0,2024-08-01T09:42:00-04:00,0.7000000000000002,8347.04,2960.0,2024-07-31T10:51:00-04:00,3.0500000000000114,3647.039999999978,3271.0,2024-07-31T16:02:00-04:00,0.44999999999999574,8847.04000000001,4334.0,2024-08-01T09:45:00-04:00,0.0,9747.04,4339.0,2024-08-01T09:50:00-04:00,0.40000000000000036,8947.04,3272.0,2024-07-31T16:03:00-04:00,1.75,6247.040000000001,1989
2024-07-29,2024-08-01,3,6.0,2024-07-29T09:31:00-04:00,6.0,NDXP  240801P19250000,NDXP  240801P19240000,development,False,False,0,0,0,67,0,1531,available,False,2024-07-29T09:31:00-04:00,2024-08-01T15:58:00-04:00,8.950000000000045,-6152.960000000092,2.0,last_observed_quote_not_settlement,1037.0,663,101,5.699999999999989,347.04000000002344,2024-07-29T09:32:00-04:00,0.0,5.199999999999989,1347.0400000000234,2024-07-29T09:33:00-04:00,0.0,5.550000000000011,647.0399999999779,2024-07-29T09:36:00-04:00,0.0,5.25,1247.0400000000006,2024-07-29T09:41:00-04:00,0.0,5.300000000000011,1147.039999999978,2024-07-29T09:46:00-04:00,0.0,4.349999999999994,3047.0400000000122,2024-07-29T10:01:00-04:00,0.0,5.399999999999977,947.0400000000461,2024-07-29T10:31:00-04:00,0.0,6.399999999999977,-1052.9599999999539,2024-07-29T11:31:00-04:00,0.0,6.650000000000034,-1552.9600000000676,2024-07-29T16:00:00-04:00,0.0,8.0,-4252.960000000001,2024-07-30T16:00:00-04:00,0.0,3.799999999999997,4147.040000000006,2024-07-31T16:00:00-04:00,0.0,,,2024-08-01T15:58:00-04:00,120.0,2.0,hit,4.0,hit,20.0,hit,2949.0,hit,2949.0,hit,4334.0,hit,4334.0,hit,85.0,hit,85.0,hit,85.0,hit,139.0,hit,1662.0,hit,1833.0,hit,9.950000000000045,467,True,True,True,True,,9.950000000000045,467,True,True,True,True,,9.950000000000045,469,True,True,True,True,,9.950000000000045,469,True,True,True,True,,2949.0,2024-07-31T10:40:00-04:00,1.6500000000000057,8447.03999999999,3201.0,2024-07-31T14:52:00-04:00,2.8500000000000014,6047.039999999998,3202.0,2024-07-31T14:53:00-04:00,2.9499999999999886,5847.040000000024,2950.0,2024-07-31T10:41:00-04:00,4.049999999999983,3647.040000000035,2949.0,2024-07-31T10:40:00-04:00,1.6500000000000057,8447.03999999999,4331.0,2024-08-01T09:42:00-04:00,1.6000000000000014,8547.039999999999,4332.0,2024-08-01T09:43:00-04:00,1.4500000000000028,8847.039999999995,2950.0,2024-07-31T10:41:00-04:00,4.049999999999983,3647.040000000035,4334.0,2024-08-01T09:45:00-04:00,0.0,11747.04,4339.0,2024-08-01T09:50:00-04:00,0.9499999999999993,9847.040000000003,,,,,,,,,4334.0,2024-08-01T09:45:00-04:00,0.0,11747.04,,,,,,,,,,,,,1990
2024-07-29,2024-08-01,3,7.0,2024-07-29T09:31:00-04:00,6.999999999999943,NDXP  240801P19350000,NDXP  240801P19340000,development,False,False,0,0,0,87,0,1511,available,False,2024-07-29T09:31:00-04:00,2024-08-01T15:58:00-04:00,10.0,-6152.960000000114,2.0,last_observed_quote_not_settlement,1037.0,648,196,7.099999999999966,-452.9600000000448,2024-07-29T09:32:00-04:00,0.0,6.800000000000011,147.03999999986428,2024-07-29T09:33:00-04:00,0.0,6.2999999999999545,1147.039999999978,2024-07-29T09:36:00-04:00,0.0,6.800000000000011,147.03999999986428,2024-07-29T09:41:00-04:00,0.0,5.599999999999966,2547.0399999999554,2024-07-29T09:46:00-04:00,0.0,5.25,3247.039999999887,2024-07-29T10:01:00-04:00,0.0,6.699999999999989,347.03999999990975,2024-07-29T10:31:00-04:00,0.0,7.75,-1752.960000000113,2024-07-29T11:31:00-04:00,0.0,7.149999999999977,-552.9600000000676,2024-07-29T16:00:00-04:00,0.0,8.599999999999909,-3452.9599999999327,2024-07-30T16:00:00-04:00,0.0,4.450000000000003,4847.039999999882,2024-07-31T16:00:00-04:00,0.0,,,2024-08-01T15:58:00-04:00,120.0,19.0,hit,19.0,hit,2892.0,hit,2993.0,hit,4338.0,hit,,never_hit,,never_hit,62.0,hit,139.0,hit,1.0,hit,139.0,hit,1576.0,hit,1618.0,hit,9.800000000000068,475,True,True,True,True,,9.800000000000068,475,True,True,True,True,,,,True,True,True,False,5.39999999999992,,,True,True,True,False,5.39999999999992,2993.0,2024-07-31T11:24:00-04:00,2.75,8247.039999999888,4336.0,2024-08-01T09:47:00-04:00,2.1499999999999986,9447.03999999989,4337.0,2024-08-01T09:48:00-04:00,2.1499999999999986,9447.03999999989,2994.0,2024-07-31T11:25:00-04:00,4.750000000000028,4247.03999999983,4338.0,2024-08-01T09:49:00-04:00,1.8999999999999986,9947.03999999989,4346.0,2024-08-01T09:57:00-04:00,1.6499999999999986,10447.03999999989,4347.0,2024-08-01T09:58:00-04:00,1.8500000000000014,10047.039999999884,4339.0,2024-08-01T09:50:00-04:00,2.0,9747.039999999888,,,,,,,,,,,,,,,,,,,,,,,,,,,,,,,,,1991
2024-07-30,2024-08-01,2,5.0,2024-07-30T09:31:00-04:00,5.0,NDXP  240801P19260000,NDXP  240801P19250000,development,False,False,0,0,0,67,0,1126,available,False,2024-07-30T09:31:00-04:00,2024-08-01T15:57:00-04:00,9.599999999999966,-9452.959999999932,3.0,last_observed_quote_not_settlement,1037.0,626,40,6.2999999999999545,-2852.959999999908,2024-07-30T09:32:00-04:00,0.0,5.399999999999977,-1052.9599999999539,2024-07-30T09:33:00-04:00,0.0,5.449999999999932,-1152.959999999863,2024-07-30T09:36:00-04:00,0.0,5.450000000000017,-1152.9600000000335,2024-07-30T09:41:00-04:00,0.0,5.499999999999943,-1252.9599999998857,2024-07-30T09:46:00-04:00,0.0,5.399999999999977,-1052.9599999999539,2024-07-30T10:01:00-04:00,0.0,6.400000000000034,-3052.9600000000673,2024-07-30T10:31:00-04:00,0.0,7.399999999999977,-5052.959999999954,2024-07-30T11:31:00-04:00,0.0,8.000000000000057,-6252.960000000115,2024-07-30T16:00:00-04:00,0.0,3.8500000000000085,2047.0399999999836,2024-07-31T16:00:00-04:00,0.0,,,2024-08-01T15:57:00-04:00,180.0,,,,,0.0,hit,0.0,hit,1445.0,hit,1469.0,hit,1615.0,hit,2894.0,hit,2894.0,hit,1.0,hit,1.0,hit,32.0,hit,96.0,hit,205.0,hit,207.0,hit,9.700000000000045,406,True,True,True,True,,9.700000000000045,409,True,True,True,True,,9.700000000000045,412,True,True,True,True,,9.700000000000045,412,True,True,True,True,,1469.0,2024-07-31T10:00:00-04:00,2.7500000000000284,4247.039999999944,1772.0,2024-07-31T15:03:00-04:00,2.9000000000000057,3947.0399999999895,2883.0,2024-08-01T09:34:00-04:00,2.549999999999997,4647.040000000006,1470.0,2024-07-31T10:01:00-04:00,4.949999999999989,-152.95999999997656,1615.0,2024-07-31T12:26:00-04:00,1.6999999999999886,6347.040000000024,2891.0,2024-08-01T09:42:00-04:00,1.8000000000000007,6147.039999999999,2892.0,2024-08-01T09:43:00-04:00,1.4499999999999993,6847.040000000002,1616.0,2024-07-31T12:27:00-04:00,4.250000000000014,1247.0399999999722,2894.0,2024-08-01T09:45:00-04:00,0.0,9747.04,2907.0,2024-08-01T09:58:00-04:00,0.8499999999999979,8047.0400000000045,,,,,2895.0,2024-08-01T09:46:00-04:00,7.899999999999999,-6052.959999999996,2894.0,2024-08-01T09:45:00-04:00,0.0,9747.04,,,,,,,,,2895.0,2024-08-01T09:46:00-04:00,7.899999999999999,-6052.959999999996,1992
2024-07-30,2024-08-01,2,6.0,2024-07-30T09:31:00-04:00,5.849999999999966,NDXP  240801P19290000,NDXP  240801P19280000,development,False,False,0,0,0,55,0,1138,available,False,2024-07-30T09:31:00-04:00,2024-08-01T15:59:00-04:00,7.699999999999989,-3952.9600000000446,1.0,last_observed_quote_not_settlement,1037.0,598,28,5.75,-52.9600000000675,2024-07-30T09:32:00-04:00,0.0,6.0,-552.9600000000676,2024-07-30T09:33:00-04:00,0.0,5.199999999999989,1047.0399999999552,2024-07-30T09:36:00-04:00,0.0,5.9500000000000455,-452.96000000015846,2024-07-30T09:41:00-04:00,0.0,6.350000000000023,-1252.960000000113,2024-07-30T09:46:00-04:00,0.0,6.300000000000011,-1152.9600000000903,2024-07-30T10:01:00-04:00,0.0,6.7000000000000455,-1952.9600000001585,2024-07-30T10:31:00-04:00,0.0,7.649999999999977,-3852.960000000022,2024-07-30T11:31:00-04:00,0.0,,,2024-07-30T15:59:00-04:00,60.0,3.5,4447.039999999933,2024-07-31T16:00:00-04:00,0.0,,,2024-08-01T15:59:00-04:00,60.0,,,,,3.0,hit,6.0,hit,1449.0,hit,1508.0,hit,1508.0,hit,2894.0,hit,2894.0,hit,15.0,hit,62.0,hit,65.0,hit,93.0,hit,392.0,hit,2992.0,hit,9.250000000000114,378,True,True,True,True,,9.250000000000114,378,True,True,True,True,,9.250000000000114,380,True,True,True,True,,9.250000000000114,380,True,True,True,True,,1508.0,2024-07-31T10:39:00-04:00,1.9000000000000057,7647.039999999921,1513.0,2024-07-31T10:44:00-04:00,1.900000000000034,7647.039999999864,2889.0,2024-08-01T09:40:00-04:00,2.5,6447.039999999933,1509.0,2024-07-31T10:40:00-04:00,4.349999999999966,2747.040000000001,1508.0,2024-07-31T10:39:00-04:00,1.9000000000000057,7647.039999999921,2893.0,2024-08-01T09:44:00-04:00,1.6000000000000014,8247.03999999993,2894.0,2024-08-01T09:45:00-04:00,0.20000000000000284,11047.039999999928,1509.0,2024-07-31T10:40:00-04:00,4.349999999999966,2747.040000000001,2894.0,2024-08-01T09:45:00-04:00,0.20000000000000284,11047.039999999928,,,,,,,,,2895.0,2024-08-01T09:46:00-04:00,1.6000000000000014,8247.03999999993,2894.0,2024-08-01T09:45:00-04:00,0.20000000000000284,11047.039999999928,,,,,,,,,2895.0,2024-08-01T09:46:00-04:00,1.6000000000000014,8247.03999999993,1993
2024-07-30,2024-08-01,2,7.0,2024-07-30T09:31:00-04:00,7.0,NDXP  240801P19380000,NDXP  240801P19370000,development,False,False,0,0,0,78,0,1115,available,False,2024-07-30T09:31:00-04:00,2024-08-01T15:59:00-04:00,9.899999999999977,-6052.9599999999555,1.0,last_observed_quote_not_settlement,1037.0,547,42,6.350000000000023,1047.0399999999552,2024-07-30T09:32:00-04:00,0.0,6.399999999999977,947.0400000000461,2024-07-30T09:33:00-04:00,0.0,6.300000000000011,1147.039999999978,2024-07-30T09:36:00-04:00,0.0,6.7999999999999545,147.04000000009165,2024-07-30T09:41:00-04:00,0.0,7.149999999999977,-552.9599999999539,2024-07-30T09:46:00-04:00,0.0,7.0,-252.9599999999993,2024-07-30T10:01:00-04:00,0.0,7.449999999999989,-1152.9599999999766,2024-07-30T10:31:00-04:00,0.0,8.050000000000068,-2352.9600000001374,2024-07-30T11:31:00-04:00,0.0,8.800000000000068,-3852.9600000001374,2024-07-30T16:00:00-04:00,0.0,5.800000000000011,2147.039999999978,2024-07-31T16:00:00-04:00,0.0,,,2024-08-01T15:59:00-04:00,60.0,,,,,227.0,hit,227.0,hit,227.0,hit,1504.0,hit,2912.0,hit,3206.0,hit,3206.0,hit,25.0,hit,25.0,hit,0.0,hit,25.0,hit,125.0,hit,178.0,hit,10.0,355,True,True,True,True,,10.0,357,True,True,True,True,,10.0,530,True,True,True,True,,10.0,530,True,True,True,True,,1744.0,2024-07-31T14:35:00-04:00,2.8500000000000227,8047.039999999955,2894.0,2024-08-01T09:45:00-04:00,2.1000000000000014,9547.039999999999,2895.0,2024-08-01T09:46:00-04:00,2.75,8247.04,1745.0,2024-07-31T14:36:00-04:00,6.050000000000011,1647.039999999978,3206.0,2024-08-01T14:57:00-04:00,0.34999999999990905,13047.040000000183,,,,,,,,,3207.0,2024-08-01T14:58:00-04:00,9.75,-5752.960000000001,3206.0,2024-08-01T14:57:00-04:00,0.34999999999990905,13047.040000000183,,,,,,,,,3207.0,2024-08-01T14:58:00-04:00,9.75,-5752.960000000001,3206.0,2024-08-01T14:57:00-04:00,0.34999999999990905,13047.040000000183,,,,,,,,,3207.0,2024-08-01T14:58:00-04:00,9.75,-5752.960000000001,1994
2024-07-30,2024-08-02,3,5.0,2024-07-30T09:31:00-04:00,5.0,NDXP  240802P19170000,NDXP  240802P19160000,development,False,False,0,0,0,80,0,1517,available,False,2024-07-30T09:31:00-04:00,2024-08-02T15:59:00-04:00,9.800000000000068,-9852.960000000137,1.0,last_observed_quote_not_settlement,1037.0,897,56,4.300000000000011,1147.039999999978,2024-07-30T09:32:00-04:00,0.0,4.749999999999972,247.04000000005752,2024-07-30T09:33:00-04:00,0.0,4.7999999999999545,147.04000000009165,2024-07-30T09:36:00-04:00,0.0,4.699999999999989,347.04000000002344,2024-07-30T09:41:00-04:00,0.0,5.600000000000023,-1452.9600000000448,2024-07-30T09:46:00-04:00,0.0,5.2000000000000455,-652.9600000000903,2024-07-30T10:01:00-04:00,0.0,5.399999999999977,-1052.9599999999539,2024-07-30T10:31:00-04:00,0.0,8.299999999999955,-6852.95999999991,2024-07-30T11:31:00-04:00,0.0,8.699999999999989,-7652.959999999978,2024-07-30T16:00:00-04:00,0.0,4.299999999999997,1147.0400000000063,2024-07-31T16:00:00-04:00,0.0,8.199999999999989,-6652.959999999978,2024-08-01T16:00:00-04:00,0.0,,,2024-08-02T15:59:00-04:00,60.0,0.0,hit,0.0,hit,20.0,hit,1460.0,hit,1718.0,hit,2895.0,hit,2929.0,hit,15.0,hit,29.0,hit,91.0,hit,104.0,hit,155.0,hit,3191.0,hit,9.25,365,True,True,True,True,,9.25,369,True,True,True,True,,9.25,369,True,True,True,True,,9.25,370,True,True,True,True,,1460.0,2024-07-31T09:51:00-04:00,2.4499999999999886,4847.040000000024,1759.0,2024-07-31T14:50:00-04:00,2.700000000000017,4347.039999999966,1760.0,2024-07-31T14:51:00-04:00,2.549999999999997,4647.040000000006,1461.0,2024-07-31T09:52:00-04:00,4.199999999999989,1347.0400000000234,1828.0,2024-07-31T15:59:00-04:00,1.7999999999999972,6147.040000000006,2894.0,2024-08-01T09:45:00-04:00,1.8999999999999986,5947.040000000004,2895.0,2024-08-01T09:46:00-04:00,0.6000000000000085,8547.039999999985,1829.0,2024-07-31T16:00:00-04:00,4.299999999999997,1147.0400000000063,2895.0,2024-08-01T09:46:00-04:00,0.6000000000000085,8547.039999999985,,,,,,,,,2896.0,2024-08-01T09:47:00-04:00,1.8999999999999986,5947.040000000004,2929.0,2024-08-01T10:20:00-04:00,0.14999999999999858,9447.040000000005,,,,,,,,,2930.0,2024-08-01T10:21:00-04:00,2.499999999999993,4747.0400000000145,1995
2024-07-30,2024-08-02,3,6.0,2024-07-30T09:31:00-04:00,6.0,NDXP  240802P19290000,NDXP  240802P19280000,development,False,False,0,0,0,122,0,1474,available,False,2024-07-30T09:31:00-04:00,2024-08-02T15:59:00-04:00,10.0,-8152.96,1.0,last_observed_quote_not_settlement,1037.0,826,68,5.050000000000011,1647.039999999978,2024-07-30T09:32:00-04:00,0.0,5.5499999999999545,647.0400000000916,2024-07-30T09:33:00-04:00,0.0,5.5,747.0400000000006,2024-07-30T09:36:00-04:00,0.0,5.399999999999977,947.0400000000461,2024-07-30T09:41:00-04:00,0.0,5.699999999999989,347.04000000002344,2024-07-30T09:46:00-04:00,0.0,6.000000000000057,-252.96000000011298,2024-07-30T10:01:00-04:00,0.0,6.2999999999999545,-852.9599999999084,2024-07-30T10:31:00-04:00,0.0,6.850000000000023,-1952.9600000000448,2024-07-30T11:31:00-04:00,0.0,,,2024-07-30T15:59:00-04:00,60.0,4.099999999999994,3547.0400000000122,2024-07-31T16:00:00-04:00,0.0,8.649999999999977,-5552.9599999999555,2024-08-01T16:00:00-04:00,0.0,,,2024-08-02T15:59:00-04:00,60.0,1.0,hit,152.0,hit,194.0,hit,1482.0,hit,2894.0,hit,,never_hit,,never_hit,57.0,hit,91.0,hit,91.0,hit,111.0,hit,172.0,hit,198.0,hit,9.999999999999886,335,True,True,True,True,,9.999999999999886,338,True,True,True,True,,,,True,True,True,False,4.800000000000068,,,True,True,True,False,4.800000000000068,1482.0,2024-07-31T10:13:00-04:00,2.5,6747.040000000001,2892.0,2024-08-01T09:43:00-04:00,2.6000000000000085,6547.039999999984,2893.0,2024-08-01T09:44:00-04:00,2.75,6247.040000000001,1483.0,2024-07-31T10:14:00-04:00,4.649999999999977,2447.0400000000463,4698.0,2024-08-02T15:49:00-04:00,1.1999999999999318,9347.040000000137,,,,,,,,,,,,,,,,,,,,,,,,,,,,,,,,,,,,,,,,,,,,,1996
2024-07-30,2024-08-02,3,7.0,2024-07-30T09:31:00-04:00,7.0,NDXP  240802P19500000,NDXP  240802P19490000,development,False,False,0,0,1,185,0,1411,available,False,2024-07-30T09:31:00-04:00,2024-08-02T15:59:00-04:00,10.0,-6152.96,1.0,last_observed_quote_not_settlement,1037.0,773,95,7.199999999999989,-652.9599999999766,2024-07-30T09:32:00-04:00,0.0,7.099999999999966,-452.9599999999311,2024-07-30T09:33:00-04:00,0.0,7.2000000000000455,-652.9600000000903,2024-07-30T09:36:00-04:00,0.0,6.5499999999999545,647.0400000000916,2024-07-30T09:41:00-04:00,0.0,7.650000000000091,-1552.9600000001813,2024-07-30T09:46:00-04:00,0.0,8.049999999999955,-2352.95999999991,2024-07-30T10:01:00-04:00,0.0,7.649999999999977,-1552.9599999999539,2024-07-30T10:31:00-04:00,0.0,8.649999999999977,-3552.9599999999555,2024-07-30T11:31:00-04:00,0.0,7.5,-1252.9599999999994,2024-07-30T16:00:00-04:00,0.0,5.350000000000023,3047.0399999999554,2024-07-31T16:00:00-04:00,0.0,,,2024-08-01T15:59:00-04:00,60.0,,,2024-08-02T15:59:00-04:00,60.0,66.0,hit,66.0,hit,370.0,hit,392.0,hit,392.0,hit,392.0,hit,392.0,hit,15.0,hit,30.0,hit,0.0,hit,30.0,hit,118.0,hit,118.0,hit,10.0,342,True,True,True,True,,10.0,342,True,True,True,True,,10.0,342,True,True,True,True,,10.0,342,True,True,True,True,,392.0,2024-07-30T16:03:00-04:00,0.0,13747.04,,,,,,,,,393.0,2024-07-30T16:04:00-04:00,9.299999999999955,-4852.95999999991,392.0,2024-07-30T16:03:00-04:00,0.0,13747.04,,,,,,,,,393.0,2024-07-30T16:04:00-04:00,9.299999999999955,-4852.95999999991,392.0,2024-07-30T16:03:00-04:00,0.0,13747.04,,,,,,,,,393.0,2024-07-30T16:04:00-04:00,9.299999999999955,-4852.95999999991,392.0,2024-07-30T16:03:00-04:00,0.0,13747.04,,,,,,,,,393.0,2024-07-30T16:04:00-04:00,9.299999999999955,-4852.95999999991,1997
2024-07-31,2024-08-02,2,5.0,2024-07-31T09:31:00-04:00,5.0,NDXP  240802P19290000,NDXP  240802P19280000,development,False,False,0,0,0,119,0,1077,available,False,2024-07-31T09:31:00-04:00,2024-08-02T15:59:00-04:00,10.0,-10152.96,1.0,last_observed_quote_not_settlement,1037.0,541,45,5.099999999999994,-452.95999999998793,2024-07-31T09:32:00-04:00,0.0,5.400000000000006,-1052.9600000000107,2024-07-31T09:33:00-04:00,0.0,5.25,-752.9599999999994,2024-07-31T09:36:00-04:00,0.0,4.599999999999966,547.0400000000689,2024-07-31T09:41:00-04:00,0.0,5.099999999999994,-452.95999999998793,2024-07-31T09:46:00-04:00,0.0,5.25,-752.9599999999994,2024-07-31T10:01:00-04:00,0.0,4.449999999999989,847.0400000000234,2024-07-31T10:31:00-04:00,0.0,4.199999999999989,1347.0400000000234,2024-07-31T11:31:00-04:00,0.0,4.099999999999994,1547.040000000012,2024-07-31T16:00:00-04:00,0.0,8.649999999999977,-7552.9599999999555,2024-08-01T16:00:00-04:00,0.0,,,2024-08-02T15:59:00-04:00,60.0,,,,,0.0,hit,0.0,hit,42.0,hit,42.0,hit,1454.0,hit,,never_hit,,never_hit,4.0,hit,11.0,hit,1551.0,hit,1633.0,hit,1688.0,hit,1699.0,hit,6.199999999999989,18,False,False,False,False,,6.700000000000017,28,False,False,False,False,,,,True,True,True,False,3.800000000000068,,,True,True,True,False,3.800000000000068,42.0,2024-07-31T10:13:00-04:00,2.5,4747.040000000001,1452.0,2024-08-01T09:43:00-04:00,2.6000000000000085,4547.039999999984,1453.0,2024-08-01T09:44:00-04:00,2.75,4247.040000000001,43.0,2024-07-31T10:14:00-04:00,4.649999999999977,447.0400000000462,3258.0,2024-08-02T15:49:00-04:00,1.1999999999999318,7347.040000000137,,,,,,,,,,,,,,,,,,,,,,,,,,,,,,,,,,,,,,,,,,,,,1998
2024-07-31,2024-08-02,2,6.0,2024-07-31T09:31:00-04:00,6.0,NDXP  240802P19420000,NDXP  240802P19410000,development,False,False,0,0,1,121,0,1075,available,False,2024-07-31T09:31:00-04:00,2024-08-02T15:59:00-04:00,10.0,-8152.96,1.0,last_observed_quote_not_settlement,1036.0,552,44,6.25,-752.9599999999994,2024-07-31T09:32:00-04:00,0.0,6.050000000000011,-352.96000000002203,2024-07-31T09:33:00-04:00,0.0,6.5,-1252.9599999999994,2024-07-31T09:36:00-04:00,0.0,6.800000000000011,-1852.960000000022,2024-07-31T09:41:00-04:00,0.0,6.199999999999989,-652.9599999999766,2024-07-31T09:46:00-04:00,0.0,5.800000000000011,147.03999999997797,2024-07-31T10:01:00-04:00,0.0,5.400000000000006,947.0399999999893,2024-07-31T10:31:00-04:00,0.0,4.949999999999989,1847.0400000000234,2024-07-31T11:31:00-04:00,0.0,5.150000000000006,1447.0399999999893,2024-07-31T16:00:00-04:00,0.0,6.2999999999999545,-852.9599999999084,2024-08-01T16:00:00-04:00,0.0,,,2024-08-02T15:59:00-04:00,60.0,,,,,34.0,hit,39.0,hit,57.0,hit,57.0,hit,57.0,hit,,never_hit,,never_hit,5.0,hit,27.0,hit,27.0,hit,1546.0,hit,1561.0,hit,1641.0,hit,7.949999999999932,21,True,False,False,False,,7.949999999999932,21,True,False,False,False,,,,True,True,True,False,4.050000000000068,,,True,True,True,False,4.050000000000068,57.0,2024-07-31T10:28:00-04:00,1.9499999999999318,7847.040000000137,,,,,,,,,58.0,2024-07-31T10:29:00-04:00,5.449999999999989,847.0400000000234,57.0,2024-07-31T10:28:00-04:00,1.9499999999999318,7847.040000000137,,,,,,,,,58.0,2024-07-31T10:29:00-04:00,5.449999999999989,847.0400000000234,,,,,,,,,,,,,,,,,,,,,,,,,,,,,,,,,1999
2024-07-31,2024-08-02,2,7.0,2024-07-31T09:31:00-04:00,7.0,NDXP  240802P19410000,NDXP  240802P19400000,development,False,False,0,0,0,159,0,1038,available,False,2024-07-31T09:31:00-04:00,2024-08-02T15:59:00-04:00,10.0,-6152.96,1.0,last_observed_quote_not_settlement,1037.0,434,24,5.150000000000034,3447.0399999999327,2024-07-31T09:32:00-04:00,0.0,6.149999999999977,1447.0400000000461,2024-07-31T09:33:00-04:00,0.0,5.599999999999966,2547.040000000069,2024-07-31T09:36:00-04:00,0.0,6.300000000000011,1147.039999999978,2024-07-31T09:41:00-04:00,0.0,5.550000000000011,2647.039999999978,2024-07-31T09:46:00-04:00,0.0,4.800000000000011,4147.039999999978,2024-07-31T10:01:00-04:00,0.0,5.099999999999994,3547.0400000000122,2024-07-31T10:31:00-04:00,0.0,5.25,3247.040000000001,2024-07-31T11:31:00-04:00,0.0,6.849999999999994,47.04000000001208,2024-07-31T16:00:00-04:00,0.0,9.800000000000068,-5852.960000000137,2024-08-01T16:00:00-04:00,0.0,,,2024-08-02T15:59:00-04:00,60.0,,,,,1.0,hit,13.0,hit,375.0,hit,375.0,hit,3264.0,hit,,never_hit,,never_hit,90.0,hit,269.0,hit,0.0,hit,269.0,hit,1545.0,hit,1545.0,hit,8.0,4,True,True,False,False,,10.0,431,True,True,True,True,,,,True,True,True,False,5.7999999999999545,,,True,True,True,False,5.7999999999999545,1454.0,2024-08-01T09:45:00-04:00,2.0999999999999943,9547.040000000014,,,,,,,,,1455.0,2024-08-01T09:46:00-04:00,3.0999999999999943,7547.040000000012,3264.0,2024-08-02T15:55:00-04:00,1.2000000000000455,11347.03999999991,,,,,,,,,3265.0,2024-08-02T15:56:00-04:00,10.0,-6152.96,,,,,,,,,,,,,,,,,,,,,,,,,,,,,,,,,2000
2024-08-02,2024-08-05,3,5.0,2024-08-02T09:31:00-04:00,5.0,NDXP  240805P18660000,NDXP  240805P18650000,development,False,False,0,0,0,122,0,596,available,False,2024-08-02T09:31:00-04:00,2024-08-05T15:59:00-04:00,10.0,-10152.96,1.0,last_observed_quote_not_settlement,3990.0,505,24,5.949999999999989,-2152.9599999999764,2024-08-02T09:32:00-04:00,0.0,6.0499999999999545,-2352.959999999908,2024-08-02T09:33:00-04:00,0.0,6.7999999999999545,-3852.959999999908,2024-08-02T09:36:00-04:00,0.0,4.800000000000011,147.03999999997797,2024-08-02T09:41:00-04:00,0.0,5.450000000000017,-1152.9600000000335,2024-08-02T09:46:00-04:00,0.0,6.0,-2252.959999999999,2024-08-02T10:01:00-04:00,0.0,7.0,-4252.959999999999,2024-08-02T10:31:00-04:00,0.0,6.7999999999999545,-3852.959999999908,2024-08-02T11:31:00-04:00,0.0,7.050000000000011,-4352.960000000022,2024-08-02T16:00:00-04:00,0.0,,,2024-08-02T16:15:00-04:00,85500.0,,,2024-08-02T16:15:00-04:00,171900.0,,,2024-08-05T15:59:00-04:00,60.0,0.0,hit,0.0,hit,4405.0,hit,4406.0,hit,4410.0,hit,4410.0,hit,4410.0,hit,1.0,hit,2.0,hit,18.0,hit,70.0,hit,4394.0,hit,4394.0,hit,9.950000000000045,396,True,True,True,True,,9.950000000000045,397,True,True,True,True,,9.950000000000045,397,True,True,True,True,,9.950000000000045,397,True,True,True,True,,4406.0,2024-08-05T10:57:00-04:00,2.6000000000000227,4547.039999999955,,,,,,,,,,,,,4410.0,2024-08-05T11:01:00-04:00,0.09999999999990905,9547.040000000183,,,,,,,,,4411.0,2024-08-05T11:02:00-04:00,9.949999999999932,-10152.959999999865,4410.0,2024-08-05T11:01:00-04:00,0.09999999999990905,9547.040000000183,,,,,,,,,4411.0,2024-08-05T11:02:00-04:00,9.949999999999932,-10152.959999999865,4410.0,2024-08-05T11:01:00-04:00,0.09999999999990905,9547.040000000183,,,,,,,,,4411.0,2024-08-05T11:02:00-04:00,9.949999999999932,-10152.959999999865,2001
2024-08-02,2024-08-05,3,6.0,2024-08-02T09:31:00-04:00,6.050000000000011,NDXP  240805P18760000,NDXP  240805P18750000,development,False,False,0,0,0,123,0,595,available,False,2024-08-02T09:31:00-04:00,2024-08-05T15:58:00-04:00,3.050000000000068,5747.039999999887,2.0,last_observed_quote_not_settlement,3990.0,506,18,6.649999999999977,-1452.9599999999311,2024-08-02T09:32:00-04:00,0.0,7.0,-2152.9599999999764,2024-08-02T09:33:00-04:00,0.0,7.649999999999977,-3452.959999999931,2024-08-02T09:36:00-04:00,0.0,5.850000000000023,147.03999999997797,2024-08-02T09:41:00-04:00,0.0,5.899999999999977,47.04000000006892,2024-08-02T09:46:00-04:00,0.0,7.0499999999999545,-2252.9599999998854,2024-08-02T10:01:00-04:00,0.0,7.050000000000068,-2252.960000000113,2024-08-02T10:31:00-04:00,0.0,7.0,-2152.9599999999764,2024-08-02T11:31:00-04:00,0.0,7.050000000000068,-2252.960000000113,2024-08-02T16:00:00-04:00,0.0,,,2024-08-02T16:15:00-04:00,85500.0,,,2024-08-02T16:15:00-04:00,171900.0,,,2024-08-05T15:58:00-04:00,120.0,49.0,hit,4419.0,hit,4419.0,hit,4419.0,hit,4702.0,hit,4702.0,hit,,never_hit,1.0,hit,3.0,hit,2.0,hit,29.0,hit,70.0,hit,99.0,hit,10.0,404,True,True,True,True,,10.0,505,True,True,True,True,,10.0,505,True,True,True,True,,,,True,True,True,False,5.14999999999992,4702.0,2024-08-05T15:53:00-04:00,0.900000000000091,10047.039999999843,,,,,,,,,4703.0,2024-08-05T15:54:00-04:00,10.0,-8052.959999999977,4702.0,2024-08-05T15:53:00-04:00,0.900000000000091,10047.039999999843,,,,,,,,,4703.0,2024-08-05T15:54:00-04:00,10.0,-8052.959999999977,4702.0,2024-08-05T15:53:00-04:00,0.900000000000091,10047.039999999843,,,,,,,,,4703.0,2024-08-05T15:54:00-04:00,10.0,-8052.959999999977,,,,,,,,,,,,,,,,,2002
2024-08-02,2024-08-05,3,7.0,2024-08-02T09:31:00-04:00,6.900000000000034,NDXP  240805P18800000,NDXP  240805P18790000,development,False,False,0,0,47,122,0,596,available,False,2024-08-02T09:31:00-04:00,2024-08-05T15:58:00-04:00,10.0,-6352.959999999932,2.0,last_observed_quote_not_settlement,3991.0,488,48,8.199999999999989,-2852.95999999991,2024-08-02T09:32:00-04:00,0.0,6.75,47.04000000006892,2024-08-02T09:33:00-04:00,0.0,7.699999999999989,-1852.9599999999084,2024-08-02T09:36:00-04:00,0.0,6.0,1547.0400000000689,2024-08-02T09:41:00-04:00,0.0,6.9500000000000455,-352.96000000002203,2024-08-02T09:46:00-04:00,0.0,7.0,-452.9599999999311,2024-08-02T10:01:00-04:00,0.0,7.849999999999966,-2152.9599999998627,2024-08-02T10:31:00-04:00,0.0,7.149999999999977,-752.9599999998857,2024-08-02T11:31:00-04:00,0.0,7.199999999999932,-852.9599999997947,2024-08-02T16:00:00-04:00,0.0,,,2024-08-02T16:15:00-04:00,85500.0,,,2024-08-02T16:15:00-04:00,171900.0,,,2024-08-05T15:58:00-04:00,120.0,48.0,hit,379.0,hit,379.0,hit,4404.0,hit,4404.0,hit,4404.0,hit,4404.0,hit,1.0,hit,1.0,hit,1.0,hit,1.0,hit,41.0,hit,68.0,hit,9.950000000000045,370,True,True,True,True,,9.950000000000045,370,True,True,True,True,,9.950000000000045,370,True,True,True,True,,9.950000000000045,370,True,True,True,True,,4404.0,2024-08-05T10:55:00-04:00,0.2999999999999545,12947.040000000161,,,,,,,,,,,,,4404.0,2024-08-05T10:55:00-04:00,0.2999999999999545,12947.040000000161,,,,,,,,,,,,,4404.0,2024-08-05T10:55:00-04:00,0.2999999999999545,12947.040000000161,,,,,,,,,,,,,4404.0,2024-08-05T10:55:00-04:00,0.2999999999999545,12947.040000000161,,,,,,,,,,,,,2003
2024-08-06,2024-08-08,2,5.0,2024-08-06T09:31:00-04:00,4.9500000000000455,NDXP  240808P18090000,NDXP  240808P18080000,development,False,False,0,0,0,4,15,1196,available,False,2024-08-06T09:31:00-04:00,2024-08-08T16:00:00-04:00,2.725,4197.040000000092,0.0,last_observed_quote_not_settlement,1036.0,198,61,5.0,-352.95999999990835,2024-08-06T09:32:00-04:00,0.0,,,2024-08-06T09:32:00-04:00,60.0,5.550000000000011,-1452.9599999999311,2024-08-06T09:36:00-04:00,0.0,5.600000000000023,-1552.9599999999539,2024-08-06T09:41:00-04:00,0.0,5.5,-1352.9599999999084,2024-08-06T09:46:00-04:00,0.0,5.400000000000091,-1152.9600000000903,2024-08-06T10:01:00-04:00,0.0,4.5,647.0400000000916,2024-08-06T10:31:00-04:00,0.0,5.400000000000006,-1152.9599999999198,2024-08-06T11:31:00-04:00,0.0,0.19999999999998863,9247.040000000115,2024-08-06T16:00:00-04:00,0.0,4.600000000000023,447.0400000000462,2024-08-07T16:00:00-04:00,0.0,2.725,4197.040000000092,2024-08-08T16:00:00-04:00,0.0,,,,,0.0,hit,0.0,hit,13.0,hit,13.0,hit,13.0,hit,210.0,hit,389.0,hit,5.0,hit,121.0,hit,1769.0,hit,1769.0,hit,,never_hit,,never_hit,5.900000000000034,9,False,False,False,False,,5.900000000000034,9,False,False,False,False,,6.5,33,False,False,False,False,,6.5,33,False,False,False,False,,13.0,2024-08-06T09:44:00-04:00,1.5,6647.040000000092,249.0,2024-08-06T13:40:00-04:00,0.950000000000017,7747.040000000057,292.0,2024-08-06T14:23:00-04:00,2.75,4147.040000000092,14.0,2024-08-06T09:45:00-04:00,4.599999999999966,447.04000000015986,13.0,2024-08-06T09:44:00-04:00,1.5,6647.040000000092,1461.0,2024-08-07T09:52:00-04:00,1.7000000000000028,6247.040000000086,1472.0,2024-08-07T10:03:00-04:00,1.7999999999999972,6047.040000000097,14.0,2024-08-06T09:45:00-04:00,4.599999999999966,447.04000000015986,287.0,2024-08-06T14:18:00-04:00,0.9000000000000057,7847.04000000008,3051.0,2024-08-08T12:22:00-04:00,0.9499999999999993,7747.040000000093,3110.0,2024-08-08T13:21:00-04:00,0.6999999999999993,8247.040000000094,288.0,2024-08-06T14:19:00-04:00,2.8499999999999943,3947.040000000103,389.0,2024-08-06T16:00:00-04:00,0.19999999999998863,9247.040000000115,3120.0,2024-08-08T13:31:00-04:00,0.3000000000000007,9047.040000000092,3124.0,2024-08-08T13:35:00-04:00,0.25,9147.040000000092,390.0,2024-08-06T16:01:00-04:00,4.7999999999999545,47.04000000018261,2004
2024-08-06,2024-08-08,2,6.0,2024-08-06T09:31:00-04:00,6.000000000000057,NDXP  240808P18170000,NDXP  240808P18160000,development,False,False,0,0,16,4,0,1195,available,False,2024-08-06T09:31:00-04:00,2024-08-08T15:59:00-04:00,0.0,11747.040000000115,1.0,last_observed_quote_not_settlement,1036.0,143,65,5.5,747.0400000001143,2024-08-06T09:32:00-04:00,0.0,,,2024-08-06T09:32:00-04:00,60.0,5.300000000000011,1147.0400000000916,2024-08-06T09:36:00-04:00,0.0,5.899999999999977,-52.95999999984013,2024-08-06T09:41:00-04:00,0.0,6.25,-752.9599999998857,2024-08-06T09:46:00-04:00,0.0,5.5,747.0400000001143,2024-08-06T10:01:00-04:00,0.0,5.4500000000000455,847.0400000000234,2024-08-06T10:31:00-04:00,0.0,5.2000000000000455,1347.0400000000234,2024-08-06T11:31:00-04:00,0.0,6.2999999999999545,-852.9599999997947,2024-08-06T16:00:00-04:00,0.0,5.300000000000011,1147.0400000000916,2024-08-07T16:00:00-04:00,0.0,,,2024-08-08T15:59:00-04:00,60.0,,,,,1.0,hit,18.0,hit,18.0,hit,18.0,hit,18.0,hit,48.0,hit,48.0,hit,8.0,hit,8.0,hit,8.0,hit,8.0,hit,2897.0,hit,2897.0,hit,8.099999999999966,7,True,True,False,False,,8.099999999999966,7,True,True,False,False,,8.099999999999966,7,True,True,False,False,,8.099999999999966,7,True,True,False,False,,18.0,2024-08-06T09:49:00-04:00,1.8999999999999773,7947.04000000016,215.0,2024-08-06T13:06:00-04:00,2.9000000000000057,5947.040000000103,1445.0,2024-08-07T09:36:00-04:00,2.6999999999999886,6347.040000000137,19.0,2024-08-06T09:50:00-04:00,4.699999999999989,2347.0400000001373,18.0,2024-08-06T09:49:00-04:00,1.8999999999999773,7947.04000000016,2943.0,2024-08-08T10:34:00-04:00,0.8000000000000043,10147.040000000106,3037.0,2024-08-08T12:08:00-04:00,1.6999999999999957,8347.040000000125,19.0,2024-08-06T09:50:00-04:00,4.699999999999989,2347.0400000001373,48.0,2024-08-06T10:19:00-04:00,0.4500000000000455,10847.040000000025,3120.0,2024-08-08T13:31:00-04:00,0.8999999999999986,9947.040000000117,3121.0,2024-08-08T13:32:00-04:00,0.8499999999999979,10047.04000000012,49.0,2024-08-06T10:20:00-04:00,5.149999999999977,1447.0400000001598,1531.0,2024-08-07T11:02:00-04:00,0.3999999999999915,10947.040000000132,3140.0,2024-08-08T13:51:00-04:00,0.4499999999999993,10847.040000000117,3141.0,2024-08-08T13:52:00-04:00,0.40000000000000036,10947.040000000114,1532.0,2024-08-07T11:03:00-04:00,2.6500000000000057,6447.040000000103,2005
2024-08-06,2024-08-08,2,7.0,2024-08-06T09:31:00-04:00,7.0,NDXP  240808P18420000,NDXP  240808P18410000,development,False,False,0,0,0,13,0,1186,available,False,2024-08-06T09:31:00-04:00,2024-08-08T15:59:00-04:00,9.699999999999996,-5652.959999999993,1.0,last_observed_quote_not_settlement,1036.0,390,132,7.000000000000057,-252.96000000011298,2024-08-06T09:32:00-04:00,0.0,6.699999999999989,347.04000000002344,2024-08-06T09:33:00-04:00,0.0,7.0,-252.9599999999993,2024-08-06T09:36:00-04:00,0.0,7.4500000000000455,-1152.9600000000903,2024-08-06T09:41:00-04:00,0.0,7.75,-1752.9599999999994,2024-08-06T09:46:00-04:00,0.0,7.149999999999977,-552.9599999999539,2024-08-06T10:01:00-04:00,0.0,7.149999999999977,-552.9599999999539,2024-08-06T10:31:00-04:00,0.0,6.25,1247.0400000000006,2024-08-06T11:31:00-04:00,0.0,,,2024-08-06T15:58:00-04:00,120.0,9.599999999999909,-5452.959999999819,2024-08-07T16:00:00-04:00,0.0,,,2024-08-08T15:59:00-04:00,60.0,,,,,27.0,hit,27.0,hit,38.0,hit,38.0,hit,401.0,hit,401.0,hit,401.0,hit,11.0,hit,52.0,hit,0.0,hit,52.0,hit,121.0,hit,1722.0,hit,7.75,24,True,False,False,False,,9.149999999999977,58,True,True,True,True,,9.149999999999977,58,True,True,True,True,,9.149999999999977,58,True,True,True,True,,38.0,2024-08-06T10:09:00-04:00,2.749999999999943,8247.040000000115,,,,,,,,,39.0,2024-08-06T10:10:00-04:00,6.5,747.0400000000006,401.0,2024-08-06T16:12:00-04:00,0.0,13747.04,,,,,,,,,402.0,2024-08-06T16:13:00-04:00,8.400000000000034,-3052.960000000069,401.0,2024-08-06T16:12:00-04:00,0.0,13747.04,,,,,,,,,402.0,2024-08-06T16:13:00-04:00,8.400000000000034,-3052.960000000069,401.0,2024-08-06T16:12:00-04:00,0.0,13747.04,,,,,,,,,402.0,2024-08-06T16:13:00-04:00,8.400000000000034,-3052.960000000069,2006
2024-08-06,2024-08-09,3,5.0,2024-08-06T09:31:00-04:00,5.0,NDXP  240809P18190000,NDXP  240809P18180000,development,False,False,0,0,1,0,0,1604,available,False,2024-08-06T09:31:00-04:00,2024-08-09T15:59:00-04:00,0.0,9747.04,1.0,last_observed_quote_not_settlement,1036.0,263,91,5.0,-252.9599999999993,2024-08-06T09:32:00-04:00,0.0,4.399999999999977,947.0400000000461,2024-08-06T09:33:00-04:00,0.0,4.2000000000000455,1347.0399999999097,2024-08-06T09:36:00-04:00,0.0,8.850000000000023,-7952.960000000046,2024-08-06T09:41:00-04:00,0.0,6.100000000000023,-2452.9600000000446,2024-08-06T09:46:00-04:00,0.0,5.900000000000034,-2052.9600000000673,2024-08-06T10:01:00-04:00,0.0,5.5,-1252.9599999999994,2024-08-06T10:31:00-04:00,0.0,5.0,-252.9599999999993,2024-08-06T11:31:00-04:00,0.0,5.199999999999989,-652.9599999999766,2024-08-06T16:00:00-04:00,0.0,7.399999999999977,-5052.959999999954,2024-08-07T16:00:00-04:00,0.0,2.3999999999999915,4947.040000000018,2024-08-08T16:00:00-04:00,0.0,,,2024-08-09T15:59:00-04:00,60.0,0.0,hit,0.0,hit,19.0,hit,19.0,hit,64.0,hit,121.0,hit,4351.0,hit,6.0,hit,6.0,hit,6.0,hit,6.0,hit,1738.0,hit,,never_hit,8.850000000000023,11,True,True,False,False,,8.850000000000023,39,True,True,False,False,,8.850000000000023,44,True,True,False,False,,9.25,263,True,True,True,True,,19.0,2024-08-06T09:50:00-04:00,2.8999999999999773,3947.0400000000463,1461.0,2024-08-07T09:52:00-04:00,2.8500000000000085,4047.0399999999836,1462.0,2024-08-07T09:53:00-04:00,2.8499999999999943,4047.040000000012,20.0,2024-08-06T09:51:00-04:00,4.849999999999966,47.04000000006892,64.0,2024-08-06T10:35:00-04:00,1.8500000000000227,6047.039999999955,4361.0,2024-08-09T10:12:00-04:00,1.6999999999999957,6347.040000000009,4362.0,2024-08-09T10:13:00-04:00,1.3999999999999986,6947.040000000004,65.0,2024-08-06T10:36:00-04:00,5.050000000000011,-352.96000000002203,121.0,2024-08-06T11:32:00-04:00,0.8000000000000682,8147.0399999998635,4415.0,2024-08-09T11:06:00-04:00,0.8500000000000014,8047.039999999998,4416.0,2024-08-09T11:07:00-04:00,0.9000000000000021,7947.039999999996,122.0,2024-08-06T11:33:00-04:00,6.350000000000023,-2952.9600000000446,4351.0,2024-08-09T10:02:00-04:00,0.2500000000000071,9247.039999999988,4521.0,2024-08-09T12:52:00-04:00,0.4499999999999993,8847.040000000003,4522.0,2024-08-09T12:53:00-04:00,0.4499999999999993,8847.040000000003,4352.0,2024-08-09T10:03:00-04:00,2.5500000000000043,4647.039999999992,2007
2024-08-06,2024-08-09,3,6.0,2024-08-06T09:31:00-04:00,6.0499999999999545,NDXP  240809P18090000,NDXP  240809P18080000,development,False,False,0,0,1,17,0,1587,available,False,2024-08-06T09:31:00-04:00,2024-08-09T15:59:00-04:00,0.0,11847.03999999991,1.0,last_observed_quote_not_settlement,1036.0,24,37,4.899999999999977,2047.0399999999554,2024-08-06T09:32:00-04:00,0.0,3.5,4847.03999999991,2024-08-06T09:33:00-04:00,0.0,5.100000000000023,1647.0399999998642,2024-08-06T09:36:00-04:00,0.0,5.600000000000023,647.0399999998642,2024-08-06T09:41:00-04:00,0.0,5.699999999999989,447.0399999999325,2024-08-06T09:46:00-04:00,0.0,4.550000000000011,2747.039999999887,2024-08-06T10:01:00-04:00,0.0,4.800000000000011,2247.039999999887,2024-08-06T10:31:00-04:00,0.0,6.0499999999999545,-252.9599999999993,2024-08-06T11:31:00-04:00,0.0,0.44999999999998863,10947.039999999934,2024-08-06T16:00:00-04:00,0.0,6.399999999999977,-952.9600000000448,2024-08-07T16:00:00-04:00,0.0,3.700000000000003,4447.0399999999045,2024-08-08T16:00:00-04:00,0.0,,,2024-08-09T15:59:00-04:00,60.0,1.0,hit,1.0,hit,2.0,hit,19.0,hit,118.0,hit,389.0,hit,389.0,hit,61.0,hit,62.0,hit,62.0,hit,1726.0,hit,,never_hit,,never_hit,6.449999999999989,1,False,False,False,False,,7.550000000000011,4,True,False,False,False,,7.550000000000011,4,True,False,False,False,,7.550000000000011,4,True,False,False,False,,118.0,2024-08-06T11:29:00-04:00,1.0499999999999545,9747.04,299.0,2024-08-06T14:30:00-04:00,2.9499999999999886,5947.039999999933,315.0,2024-08-06T14:46:00-04:00,2.8499999999999943,6147.039999999921,119.0,2024-08-06T11:30:00-04:00,6.0499999999999545,-252.9599999999993,118.0,2024-08-06T11:29:00-04:00,1.0499999999999545,9747.04,3122.0,2024-08-08T13:33:00-04:00,1.8500000000000014,8147.039999999907,3123.0,2024-08-08T13:34:00-04:00,1.8499999999999943,8147.039999999922,119.0,2024-08-06T11:30:00-04:00,6.0499999999999545,-252.9599999999993,389.0,2024-08-06T16:00:00-04:00,0.44999999999998863,10947.039999999934,4363.0,2024-08-09T10:14:00-04:00,0.7499999999999982,10347.039999999914,4364.0,2024-08-09T10:15:00-04:00,0.8000000000000007,10247.03999999991,390.0,2024-08-06T16:01:00-04:00,4.0,3847.03999999991,389.0,2024-08-06T16:00:00-04:00,0.44999999999998863,10947.039999999934,4415.0,2024-08-09T11:06:00-04:00,0.40000000000000036,11047.03999999991,4416.0,2024-08-09T11:07:00-04:00,0.40000000000000036,11047.03999999991,390.0,2024-08-06T16:01:00-04:00,4.0,3847.03999999991,2008
2024-08-06,2024-08-09,3,7.0,2024-08-06T09:31:00-04:00,7.0,NDXP  240809P18430000,NDXP  240809P18420000,development,False,False,0,0,0,17,0,1587,available,False,2024-08-06T09:31:00-04:00,2024-08-09T15:59:00-04:00,0.0,13747.04,1.0,last_observed_quote_not_settlement,1036.0,231,142,,,2024-08-06T09:31:00-04:00,60.0,6.400000000000034,947.0399999999324,2024-08-06T09:33:00-04:00,0.0,6.349999999999909,1047.0400000001825,2024-08-06T09:36:00-04:00,0.0,7.100000000000023,-452.9600000000448,2024-08-06T09:41:00-04:00,0.0,7.350000000000023,-952.9600000000448,2024-08-06T09:46:00-04:00,0.0,6.899999999999864,-52.95999999972644,2024-08-06T10:01:00-04:00,0.0,6.7000000000000455,347.03999999990975,2024-08-06T10:31:00-04:00,0.0,6.449999999999989,847.0400000000234,2024-08-06T11:31:00-04:00,0.0,8.449999999999989,-3152.959999999978,2024-08-06T16:00:00-04:00,0.0,8.400000000000091,-3052.960000000183,2024-08-07T16:00:00-04:00,0.0,7.650000000000006,-1552.9600000000107,2024-08-08T16:00:00-04:00,0.0,,,2024-08-09T15:59:00-04:00,60.0,39.0,hit,61.0,hit,127.0,hit,1529.0,hit,4403.0,hit,4661.0,hit,4685.0,hit,3.0,hit,3.0,hit,0.0,hit,3.0,hit,3.0,hit,1701.0,hit,9.100000000000023,41,True,True,True,True,,9.800000000000011,231,True,True,True,True,,9.800000000000011,231,True,True,True,True,,9.800000000000011,231,True,True,True,True,,1529.0,2024-08-07T11:00:00-04:00,2.9499999999999886,7847.040000000024,4544.0,2024-08-09T13:15:00-04:00,2.6000000000000014,8547.039999999999,4545.0,2024-08-09T13:16:00-04:00,1.9499999999999957,9847.04000000001,1530.0,2024-08-07T11:01:00-04:00,4.400000000000006,4947.039999999989,4403.0,2024-08-09T10:54:00-04:00,1.5999999999999943,10547.040000000014,4546.0,2024-08-09T13:17:00-04:00,1.9499999999999993,9847.040000000003,4559.0,2024-08-09T13:30:00-04:00,1.3999999999999986,10947.040000000005,4404.0,2024-08-09T10:55:00-04:00,4.349999999999994,5047.040000000012,4661.0,2024-08-09T15:12:00-04:00,0.9000000000000004,11947.04,4666.0,2024-08-09T15:17:00-04:00,0.6499999999999999,12447.04,4667.0,2024-08-09T15:18:00-04:00,0.7500000000000004,12247.039999999999,4662.0,2024-08-09T15:13:00-04:00,1.1500000000000004,11447.04,4685.0,2024-08-09T15:36:00-04:00,0.3250000000000002,13097.04,4686.0,2024-08-09T15:37:00-04:00,0.34999999999999987,13047.040000000003,4692.0,2024-08-09T15:43:00-04:00,0.3500000000000001,13047.04,4686.0,2024-08-09T15:37:00-04:00,0.34999999999999987,13047.040000000003,2009
2024-08-07,2024-08-09,2,5.0,2024-08-07T09:31:00-04:00,4.949999999999989,NDXP  240809P18440000,NDXP  240809P18430000,development,False,False,0,0,1,5,0,1194,available,False,2024-08-07T09:31:00-04:00,2024-08-09T15:58:00-04:00,0.05000000000000002,9547.039999999979,2.0,last_observed_quote_not_settlement,1036.0,698,131,4.800000000000011,47.039999999955235,2024-08-07T09:32:00-04:00,0.0,4.849999999999966,-52.959999999953816,2024-08-07T09:33:00-04:00,0.0,5.199999999999989,-752.9599999999994,2024-08-07T09:36:00-04:00,0.0,4.899999999999977,-152.95999999997656,2024-08-07T09:41:00-04:00,0.0,4.7000000000000455,247.039999999887,2024-08-07T09:46:00-04:00,0.0,4.449999999999989,747.0400000000006,2024-08-07T10:01:00-04:00,0.0,3.1499999999999773,3347.0400000000236,2024-08-07T10:31:00-04:00,0.0,5.0,-352.96000000002203,2024-08-07T11:31:00-04:00,0.0,8.5,-7352.960000000024,2024-08-07T16:00:00-04:00,0.0,3.6999999999999886,2247.040000000001,2024-08-08T16:00:00-04:00,0.0,,,2024-08-09T15:58:00-04:00,120.0,,,,,0.0,hit,0.0,hit,38.0,hit,84.0,hit,84.0,hit,84.0,hit,3246.0,hit,36.0,hit,89.0,hit,111.0,hit,159.0,hit,197.0,hit,197.0,hit,5.900000000000006,26,False,False,False,False,,5.900000000000006,26,False,False,False,False,,5.900000000000006,26,False,False,False,False,,9.799999999999955,698,True,True,True,True,,84.0,2024-08-07T10:55:00-04:00,0.6499999999999773,8347.040000000025,3105.0,2024-08-09T13:16:00-04:00,2.25,5147.039999999978,3106.0,2024-08-09T13:17:00-04:00,2.1499999999999986,5347.039999999981,85.0,2024-08-07T10:56:00-04:00,4.299999999999983,1047.040000000012,84.0,2024-08-07T10:55:00-04:00,0.6499999999999773,8347.040000000025,3119.0,2024-08-09T13:30:00-04:00,1.4000000000000004,6847.039999999977,3120.0,2024-08-09T13:31:00-04:00,1.3499999999999996,6947.039999999979,85.0,2024-08-07T10:56:00-04:00,4.299999999999983,1047.040000000012,84.0,2024-08-07T10:55:00-04:00,0.6499999999999773,8347.040000000025,3228.0,2024-08-09T15:19:00-04:00,0.7999999999999998,8047.039999999978,3229.0,2024-08-09T15:20:00-04:00,0.7000000000000002,8247.039999999979,85.0,2024-08-07T10:56:00-04:00,4.299999999999983,1047.040000000012,3246.0,2024-08-09T15:37:00-04:00,0.44999999999999973,8747.039999999979,3251.0,2024-08-09T15:42:00-04:00,0.32499999999999996,8997.039999999979,3252.0,2024-08-09T15:43:00-04:00,0.42500000000000004,8797.039999999979,3247.0,2024-08-09T15:38:00-04:00,0.75,8147.039999999978,2010
2024-08-07,2024-08-09,2,6.0,2024-08-07T09:31:00-04:00,6.099999999999966,NDXP  240809P18590000,NDXP  240809P18580000,development,False,False,0,0,0,20,0,1179,available,False,2024-08-07T09:31:00-04:00,2024-08-09T15:57:00-04:00,10.0,-7952.960000000068,3.0,last_observed_quote_not_settlement,1036.0,1071,97,6.050000000000011,-152.96000000009025,2024-08-07T09:32:00-04:00,0.0,6.100000000000023,-252.96000000011298,2024-08-07T09:33:00-04:00,0.0,5.899999999999977,147.03999999997797,2024-08-07T09:36:00-04:00,0.0,5.5,947.0399999999324,2024-08-07T09:41:00-04:00,0.0,5.800000000000011,347.03999999990975,2024-08-07T09:46:00-04:00,0.0,8.800000000000011,-5652.960000000092,2024-08-07T10:01:00-04:00,0.0,6.7000000000000455,-1452.9600000001585,2024-08-07T10:31:00-04:00,0.0,6.75,-1552.9600000000676,2024-08-07T11:31:00-04:00,0.0,9.0,-6052.960000000069,2024-08-07T16:00:00-04:00,0.0,1.0999999999999943,9747.039999999944,2024-08-08T16:00:00-04:00,0.0,,,2024-08-09T15:57:00-04:00,180.0,,,,,10.0,hit,23.0,hit,54.0,hit,1829.0,hit,1829.0,hit,,never_hit,,never_hit,8.0,hit,8.0,hit,8.0,hit,28.0,hit,224.0,hit,240.0,hit,10.0,705,True,True,True,True,,10.0,705,True,True,True,True,,,,True,True,True,False,4.999999999999972,,,True,True,True,False,4.999999999999972,1829.0,2024-08-08T16:00:00-04:00,1.0999999999999943,9747.039999999944,,,,,,,,,1830.0,2024-08-08T16:01:00-04:00,5.700000000000017,547.0399999998983,1829.0,2024-08-08T16:00:00-04:00,1.0999999999999943,9747.039999999944,,,,,,,,,1830.0,2024-08-08T16:01:00-04:00,5.700000000000017,547.0399999998983,,,,,,,,,,,,,,,,,,,,,,,,,,,,,,,,,2011
2024-08-07,2024-08-09,2,7.0,2024-08-07T09:31:00-04:00,7.0,NDXP  240809P18700000,NDXP  240809P18690000,development,False,False,0,0,0,93,0,1106,available,False,2024-08-07T09:31:00-04:00,2024-08-09T15:59:00-04:00,9.900000000000006,-6052.960000000013,1.0,last_observed_quote_not_settlement,1036.0,939,63,6.5,747.0400000000006,2024-08-07T09:32:00-04:00,0.0,7.0,-252.9599999999993,2024-08-07T09:33:00-04:00,0.0,6.349999999999909,1047.0400000001825,2024-08-07T09:36:00-04:00,0.0,6.800000000000068,147.03999999986428,2024-08-07T09:41:00-04:00,0.0,6.699999999999989,347.04000000002344,2024-08-07T09:46:00-04:00,0.0,8.050000000000068,-2352.9600000001374,2024-08-07T10:01:00-04:00,0.0,8.400000000000034,-3052.960000000069,2024-08-07T10:31:00-04:00,0.0,7.300000000000011,-852.9600000000221,2024-08-07T11:31:00-04:00,0.0,8.600000000000023,-3452.9600000000464,2024-08-07T16:00:00-04:00,0.0,,,2024-08-08T15:59:00-04:00,60.0,,,2024-08-09T15:59:00-04:00,60.0,,,,,16.0,hit,16.0,hit,45.0,hit,2898.0,hit,,never_hit,,never_hit,,never_hit,21.0,hit,21.0,hit,0.0,hit,21.0,hit,26.0,hit,66.0,hit,10.0,704,True,True,True,True,,,,True,True,True,False,4.550000000000011,,,True,True,True,False,4.550000000000011,,,True,True,True,False,4.550000000000011,2898.0,2024-08-09T09:49:00-04:00,2.4499999999999886,8847.040000000025,,,,,,,,,2899.0,2024-08-09T09:50:00-04:00,9.300000000000068,-4852.960000000137,,,,,,,,,,,,,,,,,,,,,,,,,,,,,,,,,,,,,,,,,,,,,,,,,2012
2024-08-09,2024-08-12,3,5.0,2024-08-09T09:31:00-04:00,4.900000000000006,NDXP  240812P18420000,NDXP  240812P18410000,development,False,False,0,0,0,4,0,791,available,False,2024-08-09T09:31:00-04:00,2024-08-12T15:59:00-04:00,0.0,9547.040000000014,1.0,last_observed_quote_not_settlement,3916.0,37,28,4.400000000000006,747.0400000000006,2024-08-09T09:32:00-04:00,0.0,4.550000000000011,447.03999999998933,2024-08-09T09:33:00-04:00,0.0,5.450000000000017,-1352.960000000022,2024-08-09T09:36:00-04:00,0.0,4.899999999999977,-252.95999999994245,2024-08-09T09:41:00-04:00,0.0,4.699999999999989,147.0400000000348,2024-08-09T09:46:00-04:00,0.0,5.100000000000023,-652.9600000000335,2024-08-09T10:01:00-04:00,0.0,4.400000000000006,747.0400000000006,2024-08-09T10:31:00-04:00,0.0,4.399999999999977,747.0400000000575,2024-08-09T11:31:00-04:00,0.0,3.1999999999999886,3147.040000000035,2024-08-09T16:00:00-04:00,0.0,,,2024-08-09T16:15:00-04:00,85500.0,,,2024-08-09T16:15:00-04:00,171900.0,,,2024-08-12T15:59:00-04:00,60.0,0.0,hit,0.0,hit,18.0,hit,18.0,hit,18.0,hit,4386.0,hit,4640.0,hit,5.0,hit,34.0,hit,34.0,hit,,never_hit,,never_hit,,never_hit,5.850000000000023,5,False,False,False,False,,5.850000000000023,5,False,False,False,False,,7.449999999999989,37,True,False,False,False,,7.449999999999989,37,True,False,False,False,,18.0,2024-08-09T09:49:00-04:00,1.599999999999966,6347.04000000008,240.0,2024-08-09T13:31:00-04:00,2.8499999999999943,3847.0400000000236,247.0,2024-08-09T13:38:00-04:00,2.8999999999999915,3747.040000000029,19.0,2024-08-09T09:50:00-04:00,4.849999999999994,-152.95999999997656,18.0,2024-08-09T09:49:00-04:00,1.599999999999966,6347.04000000008,4366.0,2024-08-12T10:17:00-04:00,1.75,6047.040000000012,4367.0,2024-08-12T10:18:00-04:00,1.8999999999999986,5747.0400000000145,19.0,2024-08-09T09:50:00-04:00,4.849999999999994,-152.95999999997656,4391.0,2024-08-12T10:42:00-04:00,0.9499999999999993,7647.040000000014,4409.0,2024-08-12T11:00:00-04:00,0.9000000000000021,7747.040000000008,4413.0,2024-08-12T11:04:00-04:00,0.7000000000000011,8147.040000000009,4392.0,2024-08-12T10:43:00-04:00,1.0,7547.040000000012,4646.0,2024-08-12T14:57:00-04:00,0.42500000000000027,8697.040000000012,4647.0,2024-08-12T14:58:00-04:00,0.375,8797.040000000014,4648.0,2024-08-12T14:59:00-04:00,0.3250000000000002,8897.040000000012,4647.0,2024-08-12T14:58:00-04:00,0.375,8797.040000000014,2013
2024-08-09,2024-08-12,3,6.0,2024-08-09T09:31:00-04:00,5.9500000000000455,NDXP  240812P18580000,NDXP  240812P18570000,development,False,False,0,0,0,5,0,789,available,False,2024-08-09T09:31:00-04:00,2024-08-12T15:59:00-04:00,10.0,-8252.959999999908,1.0,last_observed_quote_not_settlement,3916.0,329,91,5.75,147.04000000009165,2024-08-09T09:32:00-04:00,0.0,6.25,-852.9599999999084,2024-08-09T09:33:00-04:00,0.0,6.300000000000011,-952.9599999999311,2024-08-09T09:36:00-04:00,0.0,5.899999999999977,-152.95999999986287,2024-08-09T09:41:00-04:00,0.0,6.25,-852.9599999999084,2024-08-09T09:46:00-04:00,0.0,6.649999999999977,-1652.959999999863,2024-08-09T10:01:00-04:00,0.0,6.5,-1352.9599999999084,2024-08-09T10:31:00-04:00,0.0,6.25,-852.9599999999084,2024-08-09T11:31:00-04:00,0.0,7.300000000000011,-2952.959999999931,2024-08-09T16:00:00-04:00,0.0,,,2024-08-09T16:15:00-04:00,85500.0,,,2024-08-09T16:15:00-04:00,171900.0,,,2024-08-12T15:59:00-04:00,60.0,3.0,hit,3.0,hit,66.0,hit,66.0,hit,4415.0,hit,,never_hit,,never_hit,12.0,hit,18.0,hit,18.0,hit,18.0,hit,4687.0,hit,4688.0,hit,8.699999999999989,49,True,True,False,False,,8.699999999999989,193,True,True,False,False,,,,True,True,True,False,4.00000000000005,,,True,True,True,False,4.00000000000005,66.0,2024-08-09T10:37:00-04:00,2.3999999999999773,6847.040000000137,4413.0,2024-08-12T11:04:00-04:00,2.7499999999999964,6147.040000000099,4417.0,2024-08-12T11:08:00-04:00,2.799999999999997,6047.040000000097,67.0,2024-08-09T10:38:00-04:00,6.300000000000011,-952.9599999999311,4415.0,2024-08-12T11:06:00-04:00,1.9499999999999957,7747.0400000001,,,,,,,,,4416.0,2024-08-12T11:07:00-04:00,2.549999999999997,6547.040000000097,,,,,,,,,,,,,,,,,,,,,,,,,,,,,,,,,2014
2024-08-09,2024-08-12,3,7.0,2024-08-09T09:31:00-04:00,7.0,NDXP  240812P18630000,NDXP  240812P18620000,development,False,False,0,0,0,13,0,781,available,False,2024-08-09T09:31:00-04:00,2024-08-12T15:59:00-04:00,10.0,-6152.96,1.0,last_observed_quote_not_settlement,3916.0,264,89,6.949999999999989,-152.95999999997656,2024-08-09T09:32:00-04:00,0.0,6.800000000000011,147.03999999997797,2024-08-09T09:33:00-04:00,0.0,6.75,247.04000000000067,2024-08-09T09:36:00-04:00,0.0,6.600000000000023,547.0399999999552,2024-08-09T09:41:00-04:00,0.0,7.100000000000023,-452.9600000000448,2024-08-09T09:46:00-04:00,0.0,8.349999999999966,-2952.9599999999327,2024-08-09T10:01:00-04:00,0.0,6.149999999999977,1447.0400000000461,2024-08-09T10:31:00-04:00,0.0,6.699999999999989,347.04000000002344,2024-08-09T11:31:00-04:00,0.0,6.149999999999977,1447.0400000000461,2024-08-09T16:00:00-04:00,0.0,,,2024-08-09T16:15:00-04:00,85500.0,,,2024-08-09T16:15:00-04:00,171900.0,,,2024-08-12T15:59:00-04:00,60.0,78.0,hit,165.0,hit,4328.0,hit,4400.0,hit,,never_hit,,never_hit,,never_hit,3.0,hit,17.0,hit,0.0,hit,17.0,hit,4600.0,hit,4630.0,hit,8.800000000000011,121,True,True,False,False,,,,True,True,True,False,4.299999999999983,,,True,True,True,False,4.299999999999983,,,True,True,True,False,4.299999999999983,4400.0,2024-08-12T10:51:00-04:00,2.700000000000017,8347.039999999968,,,,,,,,,4401.0,2024-08-12T10:52:00-04:00,4.499999999999986,4747.040000000029,,,,,,,,,,,,,,,,,,,,,,,,,,,,,,,,,,,,,,,,,,,,,,,,,2015
2024-08-12,2024-08-14,2,5.0,2024-08-12T09:31:00-04:00,5.0,NDXP  240814P18620000,NDXP  240814P18610000,development,False,False,0,0,0,25,15,1175,available,False,2024-08-12T09:31:00-04:00,2024-08-14T15:51:00-04:00,0.024999999999999994,9697.04,9.0,last_observed_quote_not_settlement,1036.0,192,78,5.149999999999977,-552.9599999999539,2024-08-12T09:32:00-04:00,0.0,4.899999999999977,-52.959999999953816,2024-08-12T09:33:00-04:00,0.0,4.900000000000006,-52.96000000001066,2024-08-12T09:36:00-04:00,0.0,5.299999999999983,-852.9599999999652,2024-08-12T09:41:00-04:00,0.0,5.699999999999932,-1652.959999999863,2024-08-12T09:46:00-04:00,0.0,5.649999999999977,-1552.9599999999539,2024-08-12T10:01:00-04:00,0.0,4.800000000000011,147.03999999997797,2024-08-12T10:31:00-04:00,0.0,5.050000000000011,-352.96000000002203,2024-08-12T11:31:00-04:00,0.0,5.0,-252.9599999999993,2024-08-12T16:00:00-04:00,0.0,,,2024-08-13T15:59:00-04:00,60.0,,,2024-08-14T15:51:00-04:00,540.0,,,,,0.0,hit,0.0,hit,9.0,hit,21.0,hit,1580.0,hit,1706.0,hit,2880.0,hit,8.0,hit,8.0,hit,8.0,hit,,never_hit,,never_hit,,never_hit,7.150000000000006,14,True,False,False,False,,7.25,192,True,False,False,False,,7.25,192,True,False,False,False,,7.25,192,True,False,False,False,,21.0,2024-08-12T09:52:00-04:00,2.550000000000068,4647.039999999864,1457.0,2024-08-13T09:48:00-04:00,2.799999999999997,4147.040000000006,1458.0,2024-08-13T09:49:00-04:00,2.8999999999999915,3947.0400000000177,22.0,2024-08-12T09:53:00-04:00,5.350000000000023,-952.9600000000448,1586.0,2024-08-13T11:57:00-04:00,1.9499999999999957,5847.040000000009,1609.0,2024-08-13T12:20:00-04:00,1.8500000000000014,6047.039999999998,1610.0,2024-08-13T12:21:00-04:00,1.8999999999999986,5947.040000000004,1587.0,2024-08-13T11:58:00-04:00,1.9500000000000028,5847.039999999995,1706.0,2024-08-13T13:57:00-04:00,0.5499999999999972,8647.040000000008,2881.0,2024-08-14T09:32:00-04:00,0.34999999999999964,9047.040000000003,2882.0,2024-08-14T09:33:00-04:00,0.40000000000000036,8947.04,1707.0,2024-08-13T13:58:00-04:00,1.6499999999999915,6447.040000000018,2880.0,2024-08-14T09:31:00-04:00,0.3000000000000007,9147.04,2881.0,2024-08-14T09:32:00-04:00,0.34999999999999964,9047.040000000003,2882.0,2024-08-14T09:33:00-04:00,0.40000000000000036,8947.04,2881.0,2024-08-14T09:32:00-04:00,0.34999999999999964,9047.040000000003,2016
2024-08-12,2024-08-14,2,6.0,2024-08-12T09:31:00-04:00,5.899999999999977,NDXP  240814P18730000,NDXP  240814P18720000,development,False,False,0,0,0,23,15,1177,available,False,2024-08-12T09:31:00-04:00,2024-08-14T16:00:00-04:00,0.0,11547.039999999955,0.0,last_observed_quote_not_settlement,1036.0,225,115,5.25,1047.0399999999552,2024-08-12T09:32:00-04:00,0.0,6.100000000000023,-652.9600000000903,2024-08-12T09:33:00-04:00,0.0,6.150000000000034,-752.960000000113,2024-08-12T09:36:00-04:00,0.0,6.449999999999989,-1352.960000000022,2024-08-12T09:41:00-04:00,0.0,6.650000000000034,-1752.960000000113,2024-08-12T09:46:00-04:00,0.0,7.600000000000023,-3652.96000000009,2024-08-12T10:01:00-04:00,0.0,4.099999999999994,3347.0399999999668,2024-08-12T10:31:00-04:00,0.0,6.550000000000011,-1552.9600000000676,2024-08-12T11:31:00-04:00,0.0,5.400000000000091,747.0399999997733,2024-08-12T16:00:00-04:00,0.0,5.599999999999994,347.0399999999666,2024-08-13T16:00:00-04:00,0.0,0.0,11547.039999999955,2024-08-14T16:00:00-04:00,0.0,,,,,1.0,hit,23.0,hit,23.0,hit,158.0,hit,1520.0,hit,2880.0,hit,2973.0,hit,10.0,hit,14.0,hit,14.0,hit,,never_hit,,never_hit,,never_hit,7.849999999999966,66,True,False,False,False,,7.849999999999966,225,True,False,False,False,,7.849999999999966,225,True,False,False,False,,7.849999999999966,225,True,False,False,False,,158.0,2024-08-12T12:09:00-04:00,2.5999999999999943,6347.039999999966,1568.0,2024-08-13T11:39:00-04:00,2.8000000000000114,5947.039999999933,1569.0,2024-08-13T11:40:00-04:00,2.8500000000000085,5847.039999999938,159.0,2024-08-12T12:10:00-04:00,7.600000000000023,-3652.96000000009,1520.0,2024-08-13T10:51:00-04:00,1.6500000000000057,8247.039999999944,1835.0,2024-08-13T16:06:00-04:00,1.7999999999999972,7947.039999999961,1836.0,2024-08-13T16:07:00-04:00,1.9000000000000057,7747.039999999944,1521.0,2024-08-13T10:52:00-04:00,3.299999999999983,4947.039999999989,2880.0,2024-08-14T09:31:00-04:00,0.8999999999999986,9747.039999999959,2881.0,2024-08-14T09:32:00-04:00,0.8499999999999979,9847.03999999996,2889.0,2024-08-14T09:40:00-04:00,0.8999999999999986,9747.039999999959,2881.0,2024-08-14T09:32:00-04:00,0.8499999999999979,9847.03999999996,2983.0,2024-08-14T11:14:00-04:00,0.44999999999999973,10647.039999999955,2988.0,2024-08-14T11:19:00-04:00,0.44999999999999973,10647.039999999955,2989.0,2024-08-14T11:20:00-04:00,0.3999999999999999,10747.039999999955,2984.0,2024-08-14T11:15:00-04:00,0.4500000000000002,10647.039999999955,2017
2024-08-12,2024-08-14,2,7.0,2024-08-12T09:31:00-04:00,7.0,NDXP  240814P18870000,NDXP  240814P18860000,development,False,False,0,0,0,4,15,1196,available,False,2024-08-12T09:31:00-04:00,2024-08-14T16:00:00-04:00,9.975,-6152.96,0.0,last_observed_quote_not_settlement,1036.0,275,84,6.800000000000068,147.03999999986428,2024-08-12T09:32:00-04:00,0.0,7.550000000000068,-1352.9600000001358,2024-08-12T09:33:00-04:00,0.0,7.0,-252.9599999999993,2024-08-12T09:36:00-04:00,0.0,7.7000000000000455,-1652.9600000000903,2024-08-12T09:41:00-04:00,0.0,7.949999999999932,-2152.9599999998627,2024-08-12T09:46:00-04:00,0.0,7.850000000000023,-1952.9600000000448,2024-08-12T10:01:00-04:00,0.0,7.350000000000023,-952.9600000000448,2024-08-12T10:31:00-04:00,0.0,7.350000000000023,-952.9600000000448,2024-08-12T11:31:00-04:00,0.0,7.699999999999989,-1652.9599999999766,2024-08-12T16:00:00-04:00,0.0,3.0,7747.040000000001,2024-08-13T16:00:00-04:00,0.0,9.975,-6152.96,2024-08-14T16:00:00-04:00,0.0,,,,,35.0,hit,1458.0,hit,1580.0,hit,1664.0,hit,1704.0,hit,1704.0,hit,3024.0,hit,2.0,hit,16.0,hit,0.0,hit,16.0,hit,210.0,hit,342.0,hit,9.550000000000011,275,True,True,True,True,,9.550000000000011,275,True,True,True,True,,9.550000000000011,275,True,True,True,True,,9.550000000000011,275,True,True,True,True,,1664.0,2024-08-13T13:15:00-04:00,2.8499999999999943,8047.040000000012,1835.0,2024-08-13T16:06:00-04:00,2.8499999999999943,8047.040000000012,2882.0,2024-08-14T09:33:00-04:00,2.0500000000000043,9647.039999999994,1665.0,2024-08-13T13:16:00-04:00,3.299999999999997,7147.040000000006,1704.0,2024-08-13T13:55:00-04:00,0.9500000000000028,11847.039999999995,2974.0,2024-08-14T11:05:00-04:00,1.8000000000000007,10147.04,2982.0,2024-08-14T11:13:00-04:00,1.8499999999999979,10047.040000000006,1705.0,2024-08-13T13:56:00-04:00,3.3999999999999915,6947.040000000018,3002.0,2024-08-14T11:33:00-04:00,0.9000000000000004,11947.04,3009.0,2024-08-14T11:40:00-04:00,0.7999999999999989,12147.040000000005,3010.0,2024-08-14T11:41:00-04:00,0.75,12247.04,3003.0,2024-08-14T11:34:00-04:00,0.9999999999999991,11747.040000000003,3027.0,2024-08-14T11:58:00-04:00,0.4499999999999993,12847.040000000003,3028.0,2024-08-14T11:59:00-04:00,0.44999999999999973,12847.04,3189.0,2024-08-14T14:40:00-04:00,0.44999999999999973,12847.04,3028.0,2024-08-14T11:59:00-04:00,0.44999999999999973,12847.04,2018
2024-08-12,2024-08-15,3,5.0,2024-08-12T09:31:00-04:00,5.050000000000011,NDXP  240815P18670000,NDXP  240815P18660000,development,False,False,0,0,0,13,0,1591,available,False,2024-08-12T09:31:00-04:00,2024-08-15T15:59:00-04:00,0.0,9847.040000000025,1.0,last_observed_quote_not_settlement,1036.0,196,126,5.300000000000011,-752.9599999999994,2024-08-12T09:32:00-04:00,0.0,4.949999999999989,-52.959999999953816,2024-08-12T09:33:00-04:00,0.0,4.449999999999989,947.0400000000461,2024-08-12T09:36:00-04:00,0.0,8.25,-6652.959999999978,2024-08-12T09:41:00-04:00,0.0,5.550000000000011,-1252.9599999999994,2024-08-12T09:46:00-04:00,0.0,5.599999999999966,-1352.9599999999084,2024-08-12T10:01:00-04:00,0.0,4.699999999999989,447.0400000000462,2024-08-12T10:31:00-04:00,0.0,5.5,-1152.9599999999766,2024-08-12T11:31:00-04:00,0.0,4.899999999999977,47.04000000006892,2024-08-12T16:00:00-04:00,0.0,,,2024-08-13T15:59:00-04:00,60.0,0.8999999999999986,8047.040000000026,2024-08-14T16:00:00-04:00,0.0,,,2024-08-15T15:59:00-04:00,60.0,0.0,hit,2.0,hit,99.0,hit,184.0,hit,194.0,hit,1699.0,hit,4320.0,hit,3.0,hit,8.0,hit,8.0,hit,10.0,hit,,never_hit,,never_hit,8.25,57,True,True,False,False,,8.25,58,True,True,False,False,,8.649999999999977,196,True,True,False,False,,8.649999999999977,196,True,True,False,False,,184.0,2024-08-12T12:35:00-04:00,2.200000000000017,5447.039999999989,1531.0,2024-08-13T11:02:00-04:00,2.9499999999999886,3947.0400000000463,1536.0,2024-08-13T11:07:00-04:00,2.9000000000000057,4047.040000000012,185.0,2024-08-12T12:36:00-04:00,4.599999999999994,647.0400000000348,194.0,2024-08-12T12:45:00-04:00,1.9000000000000057,6047.040000000012,1840.0,2024-08-13T16:11:00-04:00,1.9499999999999957,5947.040000000032,1841.0,2024-08-13T16:12:00-04:00,1.9499999999999957,5947.040000000032,195.0,2024-08-12T12:46:00-04:00,4.749999999999972,347.0400000000803,1699.0,2024-08-13T13:50:00-04:00,0.5999999999999943,8647.040000000035,3011.0,2024-08-14T11:42:00-04:00,0.9000000000000004,8047.040000000023,3019.0,2024-08-14T11:50:00-04:00,0.8999999999999986,8047.040000000026,1700.0,2024-08-13T13:51:00-04:00,2.3500000000000085,5147.040000000006,4320.0,2024-08-15T09:31:00-04:00,0.050000000000000044,9747.040000000025,4321.0,2024-08-15T09:32:00-04:00,0.050000000000000266,9747.040000000023,4322.0,2024-08-15T09:33:00-04:00,0.10000000000000009,9647.040000000023,4321.0,2024-08-15T09:32:00-04:00,0.050000000000000266,9747.040000000023,2019
2024-08-12,2024-08-15,3,6.0,2024-08-12T09:31:00-04:00,5.9500000000000455,NDXP  240815P18800000,NDXP  240815P18790000,development,False,False,0,0,1,70,0,1534,available,False,2024-08-12T09:31:00-04:00,2024-08-15T15:59:00-04:00,0.024999999999999994,11597.040000000092,1.0,last_observed_quote_not_settlement,1036.0,338,79,6.25,-852.9599999999084,2024-08-12T09:32:00-04:00,0.0,5.75,147.04000000009165,2024-08-12T09:33:00-04:00,0.0,6.449999999999989,-1252.9599999998857,2024-08-12T09:36:00-04:00,0.0,7.2999999999999545,-2952.9599999998172,2024-08-12T09:41:00-04:00,0.0,6.550000000000011,-1452.9599999999311,2024-08-12T09:46:00-04:00,0.0,7.600000000000023,-3552.9599999999537,2024-08-12T10:01:00-04:00,0.0,8.699999999999932,-5752.959999999774,2024-08-12T10:31:00-04:00,0.0,7.050000000000011,-2452.959999999931,2024-08-12T11:31:00-04:00,0.0,6.899999999999977,-2152.9599999998627,2024-08-12T16:00:00-04:00,0.0,2.299999999999997,7047.040000000097,2024-08-13T16:00:00-04:00,0.0,1.8000000000000043,8047.040000000083,2024-08-14T16:00:00-04:00,0.0,,,2024-08-15T15:59:00-04:00,60.0,18.0,hit,18.0,hit,130.0,hit,130.0,hit,1699.0,hit,2934.0,hit,2934.0,hit,4.0,hit,10.0,hit,10.0,hit,29.0,hit,32.0,hit,32.0,hit,9.700000000000045,90,True,True,True,True,,9.700000000000045,338,True,True,True,True,,9.700000000000045,338,True,True,True,True,,9.700000000000045,338,True,True,True,True,,130.0,2024-08-12T11:41:00-04:00,2.150000000000034,7347.040000000024,1764.0,2024-08-13T14:55:00-04:00,2.9000000000000057,5847.04000000008,1821.0,2024-08-13T15:52:00-04:00,2.9000000000000057,5847.04000000008,131.0,2024-08-12T11:42:00-04:00,8.849999999999966,-6052.959999999842,1699.0,2024-08-13T13:50:00-04:00,1.6999999999999886,8247.040000000115,3003.0,2024-08-14T11:34:00-04:00,1.8500000000000014,7947.040000000089,3004.0,2024-08-14T11:35:00-04:00,1.8000000000000043,8047.040000000083,1700.0,2024-08-13T13:51:00-04:00,3.6499999999999915,4347.040000000109,2934.0,2024-08-14T10:25:00-04:00,0.44999999999998863,10747.040000000115,4321.0,2024-08-15T09:32:00-04:00,0.15000000000000036,11347.040000000092,4322.0,2024-08-15T09:33:00-04:00,0.19999999999999973,11247.040000000092,2935.0,2024-08-14T10:26:00-04:00,3.1999999999999886,5247.040000000115,2934.0,2024-08-14T10:25:00-04:00,0.44999999999998863,10747.040000000115,4321.0,2024-08-15T09:32:00-04:00,0.15000000000000036,11347.040000000092,4322.0,2024-08-15T09:33:00-04:00,0.19999999999999973,11247.040000000092,2935.0,2024-08-14T10:26:00-04:00,3.1999999999999886,5247.040000000115,2020
2024-08-12,2024-08-15,3,7.0,2024-08-12T09:31:00-04:00,7.0499999999999545,NDXP  240815P18840000,NDXP  240815P18830000,development,False,False,0,0,1,3,0,1601,available,False,2024-08-12T09:31:00-04:00,2024-08-15T15:59:00-04:00,0.0,13847.03999999991,1.0,last_observed_quote_not_settlement,1036.0,75,102,6.75,347.03999999990975,2024-08-12T09:32:00-04:00,0.0,6.0,1847.0399999999097,2024-08-12T09:33:00-04:00,0.0,7.150000000000034,-452.96000000015846,2024-08-12T09:36:00-04:00,0.0,6.9500000000000455,-52.96000000018119,2024-08-12T09:41:00-04:00,0.0,7.099999999999966,-352.96000000002203,2024-08-12T09:46:00-04:00,0.0,7.649999999999977,-1452.9600000000448,2024-08-12T10:01:00-04:00,0.0,6.099999999999909,1647.0400000000916,2024-08-12T10:31:00-04:00,0.0,6.900000000000034,47.03999999984155,2024-08-12T11:31:00-04:00,0.0,7.25,-652.9600000000903,2024-08-12T16:00:00-04:00,0.0,2.1500000000000057,9547.039999999899,2024-08-13T16:00:00-04:00,0.0,2.1999999999999957,9447.039999999919,2024-08-14T16:00:00-04:00,0.0,,,2024-08-15T15:59:00-04:00,60.0,35.0,hit,200.0,hit,1448.0,hit,1702.0,hit,1702.0,hit,1702.0,hit,3068.0,hit,16.0,hit,39.0,hit,0.0,hit,39.0,hit,,never_hit,,never_hit,8.450000000000045,75,True,True,False,False,,8.450000000000045,75,True,True,False,False,,8.450000000000045,75,True,True,False,False,,8.450000000000045,75,True,True,False,False,,1702.0,2024-08-13T13:53:00-04:00,0.8000000000000114,12247.039999999888,1830.0,2024-08-13T16:01:00-04:00,2.9000000000000057,8047.039999999898,2882.0,2024-08-14T09:33:00-04:00,2.5,8847.03999999991,1703.0,2024-08-13T13:54:00-04:00,3.3999999999999773,7047.039999999955,1702.0,2024-08-13T13:53:00-04:00,0.8000000000000114,12247.039999999888,3021.0,2024-08-14T11:52:00-04:00,1.8000000000000043,10247.039999999903,3022.0,2024-08-14T11:53:00-04:00,1.8000000000000043,10247.039999999903,1703.0,2024-08-13T13:54:00-04:00,3.3999999999999773,7047.039999999955,1702.0,2024-08-13T13:53:00-04:00,0.8000000000000114,12247.039999999888,4321.0,2024-08-15T09:32:00-04:00,0.17499999999999982,13497.039999999912,4322.0,2024-08-15T09:33:00-04:00,0.20000000000000018,13447.03999999991,1703.0,2024-08-13T13:54:00-04:00,3.3999999999999773,7047.039999999955,3068.0,2024-08-14T12:39:00-04:00,0.14999999999999858,13547.039999999914,4321.0,2024-08-15T09:32:00-04:00,0.17499999999999982,13497.039999999912,4322.0,2024-08-15T09:33:00-04:00,0.20000000000000018,13447.03999999991,3069.0,2024-08-14T12:40:00-04:00,3.25,7347.03999999991,2021
2024-08-13,2024-08-15,2,5.0,2024-08-13T09:31:00-04:00,4.949999999999989,NDXP  240815P18830000,NDXP  240815P18820000,development,False,False,0,0,0,4,0,1195,available,False,2024-08-13T09:31:00-04:00,2024-08-15T15:59:00-04:00,0.0,9647.039999999979,1.0,last_observed_quote_not_settlement,1036.0,8,10,4.949999999999989,-252.9599999999993,2024-08-13T09:32:00-04:00,0.0,4.699999999999989,247.04000000000067,2024-08-13T09:33:00-04:00,0.0,5.100000000000023,-552.9600000000676,2024-08-13T09:36:00-04:00,0.0,4.949999999999989,-252.9599999999993,2024-08-13T09:41:00-04:00,0.0,4.650000000000006,347.0399999999666,2024-08-13T09:46:00-04:00,0.0,4.650000000000034,347.03999999990975,2024-08-13T10:01:00-04:00,0.0,4.75,147.03999999997797,2024-08-13T10:31:00-04:00,0.0,4.199999999999989,1247.0400000000006,2024-08-13T11:31:00-04:00,0.0,3.4499999999999886,2747.040000000001,2024-08-13T16:00:00-04:00,0.0,2.1000000000000085,5447.039999999961,2024-08-14T16:00:00-04:00,0.0,,,2024-08-15T15:59:00-04:00,60.0,,,,,0.0,hit,0.0,hit,27.0,hit,107.0,hit,259.0,hit,1494.0,hit,1786.0,hit,8.0,hit,8.0,hit,,never_hit,,never_hit,,never_hit,,never_hit,5.949999999999989,7,False,False,False,False,,5.949999999999989,7,False,False,False,False,,6.099999999999994,8,False,False,False,False,,6.099999999999994,8,False,False,False,False,,107.0,2024-08-13T11:18:00-04:00,2.3999999999999773,4847.040000000024,385.0,2024-08-13T15:56:00-04:00,2.9000000000000057,3847.0399999999668,1442.0,2024-08-14T09:33:00-04:00,2.25,5147.039999999978,108.0,2024-08-13T11:19:00-04:00,4.199999999999989,1247.0400000000006,259.0,2024-08-13T13:50:00-04:00,1.9499999999999886,5747.040000000001,1571.0,2024-08-14T11:42:00-04:00,1.8500000000000014,5947.039999999975,1578.0,2024-08-14T11:49:00-04:00,1.9499999999999957,5747.039999999986,260.0,2024-08-13T13:51:00-04:00,3.5,2647.039999999978,1494.0,2024-08-14T10:25:00-04:00,0.75,8147.039999999978,2881.0,2024-08-15T09:32:00-04:00,0.20000000000000018,9247.039999999979,2882.0,2024-08-15T09:33:00-04:00,0.25000000000000044,9147.039999999977,1495.0,2024-08-14T10:26:00-04:00,3.700000000000003,2247.039999999972,1786.0,2024-08-14T15:17:00-04:00,0.3999999999999986,8847.03999999998,2881.0,2024-08-15T09:32:00-04:00,0.20000000000000018,9247.039999999979,2882.0,2024-08-15T09:33:00-04:00,0.25000000000000044,9147.039999999977,1787.0,2024-08-14T15:18:00-04:00,2.6000000000000085,4447.039999999961,2022
2024-08-13,2024-08-15,2,6.0,2024-08-13T09:31:00-04:00,5.999999999999943,NDXP  240815P18970000,NDXP  240815P18960000,development,False,False,0,0,0,4,0,1195,available,False,2024-08-13T09:31:00-04:00,2024-08-15T15:59:00-04:00,0.0,11747.039999999888,1.0,last_observed_quote_not_settlement,1036.0,54,51,6.2999999999999545,-852.9600000000221,2024-08-13T09:32:00-04:00,0.0,6.099999999999966,-452.9600000000448,2024-08-13T09:33:00-04:00,0.0,6.75,-1752.960000000113,2024-08-13T09:36:00-04:00,0.0,6.5,-1252.960000000113,2024-08-13T09:41:00-04:00,0.0,6.899999999999977,-2052.9600000000673,2024-08-13T09:46:00-04:00,0.0,5.399999999999977,947.0399999999324,2024-08-13T10:01:00-04:00,0.0,6.849999999999966,-1952.9600000000448,2024-08-13T10:31:00-04:00,0.0,4.800000000000011,2147.0399999998644,2024-08-13T11:31:00-04:00,0.0,1.450000000000017,8847.039999999854,2024-08-13T16:00:00-04:00,0.0,3.4000000000000057,4947.039999999875,2024-08-14T16:00:00-04:00,0.0,,,2024-08-15T15:59:00-04:00,60.0,,,,,19.0,hit,19.0,hit,78.0,hit,241.0,hit,389.0,hit,2880.0,hit,2887.0,hit,3.0,hit,25.0,hit,25.0,hit,25.0,hit,,never_hit,,never_hit,8.299999999999983,46,True,True,False,False,,8.299999999999983,48,True,True,False,False,,8.299999999999983,54,True,True,False,False,,8.299999999999983,54,True,True,False,False,,241.0,2024-08-13T13:32:00-04:00,2.75,6247.039999999887,1588.0,2024-08-14T11:59:00-04:00,2.75,6247.039999999887,1589.0,2024-08-14T12:00:00-04:00,2.75,6247.039999999887,242.0,2024-08-13T13:33:00-04:00,4.149999999999977,3447.0399999999327,389.0,2024-08-13T16:00:00-04:00,1.450000000000017,8847.039999999854,2881.0,2024-08-15T09:32:00-04:00,0.5499999999999998,10647.039999999888,2882.0,2024-08-15T09:33:00-04:00,0.7000000000000011,10347.039999999886,390.0,2024-08-13T16:01:00-04:00,4.150000000000006,3447.039999999876,2880.0,2024-08-15T09:31:00-04:00,0.5499999999999998,10647.039999999888,2881.0,2024-08-15T09:32:00-04:00,0.5499999999999998,10647.039999999888,2882.0,2024-08-15T09:33:00-04:00,0.7000000000000011,10347.039999999886,2881.0,2024-08-15T09:32:00-04:00,0.5499999999999998,10647.039999999888,2897.0,2024-08-15T09:48:00-04:00,0.40000000000000036,10947.039999999888,2898.0,2024-08-15T09:49:00-04:00,0.39999999999999947,10947.039999999888,2899.0,2024-08-15T09:50:00-04:00,0.2999999999999998,11147.039999999888,2898.0,2024-08-15T09:49:00-04:00,0.39999999999999947,10947.039999999888,2023
2024-08-13,2024-08-15,2,7.0,2024-08-13T09:31:00-04:00,7.0,NDXP  240815P19030000,NDXP  240815P19020000,development,False,False,0,0,0,6,0,1193,available,False,2024-08-13T09:31:00-04:00,2024-08-15T15:59:00-04:00,0.0,13747.04,1.0,last_observed_quote_not_settlement,1036.0,21,34,6.800000000000011,147.03999999997797,2024-08-13T09:32:00-04:00,0.0,6.7999999999999545,147.04000000009165,2024-08-13T09:33:00-04:00,0.0,6.649999999999977,447.0400000000462,2024-08-13T09:36:00-04:00,0.0,7.350000000000023,-952.9600000000448,2024-08-13T09:41:00-04:00,0.0,5.199999999999989,3347.0400000000236,2024-08-13T09:46:00-04:00,0.0,6.0,1747.0400000000006,2024-08-13T10:01:00-04:00,0.0,6.650000000000034,447.0399999999325,2024-08-13T10:31:00-04:00,0.0,5.75,2247.040000000001,2024-08-13T11:31:00-04:00,0.0,5.75,2247.040000000001,2024-08-13T16:00:00-04:00,0.0,4.699999999999989,4347.040000000024,2024-08-14T16:00:00-04:00,0.0,,,2024-08-15T15:59:00-04:00,60.0,,,,,15.0,hit,97.0,hit,168.0,hit,262.0,hit,2880.0,hit,2880.0,hit,2902.0,hit,264.0,hit,264.0,hit,0.0,hit,264.0,hit,,never_hit,,never_hit,7.350000000000023,11,True,False,False,False,,8.25,21,True,True,False,False,,8.25,21,True,True,False,False,,8.25,21,True,True,False,False,,262.0,2024-08-13T13:53:00-04:00,2.25,9247.04,2881.0,2024-08-15T09:32:00-04:00,1.0,11747.04,2882.0,2024-08-15T09:33:00-04:00,1.1000000000000014,11547.039999999999,263.0,2024-08-13T13:54:00-04:00,5.250000000000028,3247.039999999944,2880.0,2024-08-15T09:31:00-04:00,0.9499999999999993,11847.040000000003,2881.0,2024-08-15T09:32:00-04:00,1.0,11747.04,2882.0,2024-08-15T09:33:00-04:00,1.1000000000000014,11547.039999999999,2881.0,2024-08-15T09:32:00-04:00,1.0,11747.04,2880.0,2024-08-15T09:31:00-04:00,0.9499999999999993,11847.040000000003,2887.0,2024-08-15T09:38:00-04:00,0.8000000000000007,12147.04,2888.0,2024-08-15T09:39:00-04:00,0.8499999999999996,12047.040000000003,2881.0,2024-08-15T09:32:00-04:00,1.0,11747.04,2906.0,2024-08-15T09:57:00-04:00,0.40000000000000036,12947.04,2907.0,2024-08-15T09:58:00-04:00,0.40000000000000036,12947.04,2908.0,2024-08-15T09:59:00-04:00,0.34999999999999964,13047.040000000003,2907.0,2024-08-15T09:58:00-04:00,0.40000000000000036,12947.04,2024
2024-08-16,2024-08-19,3,5.0,2024-08-16T09:31:00-04:00,5.0,NDXP  240819P19430000,NDXP  240819P19420000,development,False,False,0,0,1,8,0,786,available,False,2024-08-16T09:31:00-04:00,2024-08-19T15:59:00-04:00,0.0,9747.04,1.0,last_observed_quote_not_settlement,3916.0,4,6,5.0,-252.9599999999993,2024-08-16T09:32:00-04:00,0.0,5.0,-252.9599999999993,2024-08-16T09:33:00-04:00,0.0,4.75,247.04000000000067,2024-08-16T09:36:00-04:00,0.0,3.75,2247.040000000001,2024-08-16T09:41:00-04:00,0.0,5.0,-252.9599999999993,2024-08-16T09:46:00-04:00,0.0,5.0,-252.9599999999993,2024-08-16T10:01:00-04:00,0.0,4.799999999999997,147.0400000000064,2024-08-16T10:31:00-04:00,0.0,4.3500000000000085,1047.0399999999836,2024-08-16T11:31:00-04:00,0.0,2.8500000000000014,4047.039999999998,2024-08-16T16:00:00-04:00,0.0,,,2024-08-16T16:15:00-04:00,85500.0,,,2024-08-16T16:15:00-04:00,171900.0,,,2024-08-19T15:59:00-04:00,60.0,0.0,hit,0.0,hit,3.0,hit,8.0,hit,4358.0,hit,4403.0,hit,4510.0,hit,31.0,hit,31.0,hit,,never_hit,,never_hit,,never_hit,,never_hit,5.049999999999983,1,False,False,False,False,,6.150000000000006,4,False,False,False,False,,6.150000000000006,4,False,False,False,False,,6.150000000000006,4,False,False,False,False,,8.0,2024-08-16T09:39:00-04:00,2.5,4747.040000000001,185.0,2024-08-16T12:36:00-04:00,2.8500000000000014,4047.039999999998,186.0,2024-08-16T12:37:00-04:00,2.9499999999999957,3847.040000000009,9.0,2024-08-16T09:40:00-04:00,5.0,-252.9599999999993,4360.0,2024-08-19T10:11:00-04:00,1.9499999999999993,5847.040000000002,4363.0,2024-08-19T10:14:00-04:00,1.8499999999999979,6047.0400000000045,4382.0,2024-08-19T10:33:00-04:00,1.8500000000000014,6047.039999999998,4361.0,2024-08-19T10:12:00-04:00,2.1000000000000014,5547.039999999998,4403.0,2024-08-19T10:54:00-04:00,0.9000000000000004,7947.04,4413.0,2024-08-19T11:04:00-04:00,0.9000000000000004,7947.04,4414.0,2024-08-19T11:05:00-04:00,0.8999999999999995,7947.040000000002,4404.0,2024-08-19T10:55:00-04:00,1.0,7747.040000000001,4511.0,2024-08-19T12:42:00-04:00,0.3999999999999999,8947.04,4512.0,2024-08-19T12:43:00-04:00,0.3999999999999999,8947.04,4513.0,2024-08-19T12:44:00-04:00,0.375,8997.04,4512.0,2024-08-19T12:43:00-04:00,0.3999999999999999,8947.04,2025
2024-08-16,2024-08-19,3,6.0,2024-08-16T09:31:00-04:00,5.900000000000006,NDXP  240819P19330000,NDXP  240819P19320000,development,False,False,0,0,0,46,0,748,available,False,2024-08-16T09:31:00-04:00,2024-08-19T15:59:00-04:00,0.0,11547.040000000014,1.0,last_observed_quote_not_settlement,3916.0,0,0,5.199999999999989,1147.0400000000348,2024-08-16T09:32:00-04:00,0.0,5.599999999999994,347.04000000002344,2024-08-16T09:33:00-04:00,0.0,4.0,3547.0400000000122,2024-08-16T09:36:00-04:00,0.0,3.200000000000003,5147.040000000006,2024-08-16T09:41:00-04:00,0.0,4.250000000000014,3047.0399999999836,2024-08-16T09:46:00-04:00,0.0,4.6499999999999915,2247.040000000029,2024-08-16T10:01:00-04:00,0.0,2.4499999999999957,6647.040000000021,2024-08-16T10:31:00-04:00,0.0,2.8499999999999943,5847.040000000024,2024-08-16T11:31:00-04:00,0.0,0.0,11547.040000000014,2024-08-16T16:00:00-04:00,0.0,,,2024-08-16T16:15:00-04:00,85500.0,,,2024-08-16T16:15:00-04:00,171900.0,,,2024-08-19T15:59:00-04:00,60.0,1.0,hit,3.0,hit,3.0,hit,3.0,hit,52.0,hit,389.0,hit,389.0,hit,,never_hit,,never_hit,,never_hit,,never_hit,,never_hit,,never_hit,5.900000000000006,0,False,False,False,False,,5.900000000000006,0,False,False,False,False,,5.900000000000006,0,False,False,False,False,,5.900000000000006,0,False,False,False,False,,3.0,2024-08-16T09:34:00-04:00,2.9499999999999886,5647.0400000000345,37.0,2024-08-16T10:08:00-04:00,2.9000000000000057,5747.040000000001,46.0,2024-08-16T10:17:00-04:00,2.6500000000000057,6247.040000000001,4.0,2024-08-16T09:35:00-04:00,4.950000000000003,1647.0400000000063,52.0,2024-08-16T10:23:00-04:00,1.0499999999999972,9447.040000000019,58.0,2024-08-16T10:29:00-04:00,1.2999999999999972,8947.040000000019,173.0,2024-08-16T12:24:00-04:00,1.9000000000000021,7747.040000000008,53.0,2024-08-16T10:24:00-04:00,2.5,6547.040000000012,389.0,2024-08-16T16:00:00-04:00,0.0,11547.040000000014,4339.0,2024-08-19T09:50:00-04:00,0.8499999999999979,9847.040000000017,4359.0,2024-08-19T10:10:00-04:00,0.7500000000000018,10047.04000000001,390.0,2024-08-16T16:01:00-04:00,1.5500000000000007,8447.040000000012,389.0,2024-08-16T16:00:00-04:00,0.0,11547.040000000014,4402.0,2024-08-19T10:53:00-04:00,0.34999999999999964,10847.040000000014,4403.0,2024-08-19T10:54:00-04:00,0.2999999999999998,10947.040000000014,390.0,2024-08-16T16:01:00-04:00,1.5500000000000007,8447.040000000012,2026
2024-08-16,2024-08-19,3,7.0,2024-08-16T09:31:00-04:00,7.000000000000028,NDXP  240819P19550000,NDXP  240819P19540000,development,False,False,0,0,0,3,0,791,available,False,2024-08-16T09:31:00-04:00,2024-08-19T15:59:00-04:00,0.0,13747.040000000059,1.0,last_observed_quote_not_settlement,3916.0,12,20,6.600000000000023,547.040000000012,2024-08-16T09:32:00-04:00,0.0,7.150000000000006,-552.9599999999539,2024-08-16T09:33:00-04:00,0.0,6.849999999999994,47.04000000006892,2024-08-16T09:36:00-04:00,0.0,6.5,747.0400000000575,2024-08-16T09:41:00-04:00,0.0,5.9500000000000455,1847.0399999999665,2024-08-16T09:46:00-04:00,0.0,4.900000000000006,3947.0400000000463,2024-08-16T10:01:00-04:00,0.0,4.949999999999989,3847.0400000000805,2024-08-16T10:31:00-04:00,0.0,6.800000000000011,147.0400000000348,2024-08-16T11:31:00-04:00,0.0,8.200000000000003,-2652.95999999995,2024-08-16T16:00:00-04:00,0.0,,,2024-08-16T16:15:00-04:00,85500.0,,,2024-08-16T16:15:00-04:00,171900.0,,,2024-08-19T15:59:00-04:00,60.0,11.0,hit,14.0,hit,45.0,hit,234.0,hit,4388.0,hit,4583.0,hit,4597.0,hit,389.0,hit,389.0,hit,0.0,hit,389.0,hit,,never_hit,,never_hit,7.400000000000006,7,True,False,False,False,,8.200000000000003,12,True,True,False,False,,8.200000000000003,12,True,True,False,False,,8.200000000000003,12,True,True,False,False,,234.0,2024-08-16T13:25:00-04:00,2.799999999999997,8147.040000000064,4513.0,2024-08-19T12:44:00-04:00,2.849999999999998,8047.040000000062,4518.0,2024-08-19T12:49:00-04:00,2.8500000000000014,8047.0400000000545,235.0,2024-08-16T13:26:00-04:00,4.400000000000006,4947.040000000046,4388.0,2024-08-19T10:39:00-04:00,1.9000000000000057,9947.040000000046,4532.0,2024-08-19T13:03:00-04:00,1.9000000000000004,9947.040000000057,4557.0,2024-08-19T13:28:00-04:00,1.6000000000000014,10547.040000000055,4389.0,2024-08-19T10:40:00-04:00,5.6499999999999915,2447.0400000000745,4585.0,2024-08-19T13:56:00-04:00,0.8999999999999995,11947.040000000059,4586.0,2024-08-19T13:57:00-04:00,0.8999999999999995,11947.040000000059,4587.0,2024-08-19T13:58:00-04:00,0.9000000000000004,11947.040000000057,4586.0,2024-08-19T13:57:00-04:00,0.8999999999999995,11947.040000000059,4614.0,2024-08-19T14:25:00-04:00,0.44999999999999973,12847.040000000057,4618.0,2024-08-19T14:29:00-04:00,0.27500000000000036,13197.040000000057,4619.0,2024-08-19T14:30:00-04:00,0.34999999999999964,13047.040000000059,4615.0,2024-08-19T14:26:00-04:00,0.5,12747.040000000059,2027
2024-08-19,2024-08-21,2,5.0,2024-08-19T09:31:00-04:00,4.949999999999989,NDXP  240821P19560000,NDXP  240821P19550000,development,False,False,0,0,16,7,0,1192,available,False,2024-08-19T09:31:00-04:00,2024-08-21T15:58:00-04:00,0.024999999999999994,9597.039999999979,2.0,last_observed_quote_not_settlement,1036.0,65,19,5.0,-352.96000000002203,2024-08-19T09:32:00-04:00,0.0,5.199999999999989,-752.9599999999994,2024-08-19T09:33:00-04:00,0.0,5.050000000000011,-452.9600000000448,2024-08-19T09:36:00-04:00,0.0,5.900000000000034,-2152.96000000009,2024-08-19T09:41:00-04:00,0.0,5.049999999999983,-452.95999999998793,2024-08-19T09:46:00-04:00,0.0,5.25,-852.9600000000221,2024-08-19T10:01:00-04:00,0.0,5.350000000000023,-1052.9600000000676,2024-08-19T10:31:00-04:00,0.0,4.3999999999999915,847.039999999995,2024-08-19T11:31:00-04:00,0.0,2.0,5647.039999999978,2024-08-19T16:00:00-04:00,0.0,2.5,4647.039999999978,2024-08-20T16:00:00-04:00,0.0,,,2024-08-21T15:58:00-04:00,120.0,,,,,0.0,hit,0.0,hit,51.0,hit,304.0,hit,385.0,hit,1650.0,hit,2909.0,hit,3.0,hit,7.0,hit,32.0,hit,,never_hit,,never_hit,,never_hit,7.650000000000006,65,True,False,False,False,,7.650000000000006,65,True,False,False,False,,7.650000000000006,65,True,False,False,False,,7.650000000000006,65,True,False,False,False,,310.0,2024-08-19T14:41:00-04:00,2.8499999999999943,3947.0399999999895,311.0,2024-08-19T14:42:00-04:00,2.8000000000000043,4047.039999999969,312.0,2024-08-19T14:43:00-04:00,2.9000000000000057,3847.0399999999668,311.0,2024-08-19T14:42:00-04:00,2.8000000000000043,4047.039999999969,386.0,2024-08-19T15:57:00-04:00,1.8999999999999986,5847.039999999981,387.0,2024-08-19T15:58:00-04:00,1.8500000000000014,5947.039999999975,388.0,2024-08-19T15:59:00-04:00,1.9499999999999957,5747.039999999986,387.0,2024-08-19T15:58:00-04:00,1.8500000000000014,5947.039999999975,1650.0,2024-08-20T13:01:00-04:00,0.8500000000000014,7947.039999999975,2910.0,2024-08-21T10:01:00-04:00,0.6500000000000004,8347.039999999979,2911.0,2024-08-21T10:02:00-04:00,0.7500000000000018,8147.0399999999745,1651.0,2024-08-20T13:02:00-04:00,2.700000000000003,4247.039999999973,2909.0,2024-08-21T10:00:00-04:00,0.0,9647.039999999979,2947.0,2024-08-21T10:38:00-04:00,0.2999999999999998,9047.039999999979,2948.0,2024-08-21T10:39:00-04:00,0.2749999999999999,9097.039999999979,2910.0,2024-08-21T10:01:00-04:00,0.6500000000000004,8347.039999999979,2028
2024-08-19,2024-08-21,2,6.0,2024-08-19T09:31:00-04:00,5.900000000000034,NDXP  240821P19630000,NDXP  240821P19620000,development,False,False,0,0,16,3,0,1196,available,False,2024-08-19T09:31:00-04:00,2024-08-21T15:59:00-04:00,0.0,11547.04000000007,1.0,last_observed_quote_not_settlement,1036.0,62,37,6.600000000000023,-1652.9599999999766,2024-08-19T09:32:00-04:00,0.0,5.799999999999983,-52.95999999989697,2024-08-19T09:33:00-04:00,0.0,6.850000000000023,-2152.9599999999764,2024-08-19T09:36:00-04:00,0.0,5.400000000000006,747.0400000000575,2024-08-19T09:41:00-04:00,0.0,5.799999999999983,-52.95999999989697,2024-08-19T09:46:00-04:00,0.0,6.099999999999994,-652.9599999999198,2024-08-19T10:01:00-04:00,0.0,6.049999999999983,-552.959999999897,2024-08-19T10:31:00-04:00,0.0,5.600000000000023,347.04000000002344,2024-08-19T11:31:00-04:00,0.0,2.75,6047.040000000069,2024-08-19T16:00:00-04:00,0.0,5.149999999999999,1247.0400000000718,2024-08-20T16:00:00-04:00,0.0,,,2024-08-21T15:59:00-04:00,60.0,,,,,10.0,hit,44.0,hit,303.0,hit,384.0,hit,1458.0,hit,2909.0,hit,2951.0,hit,1.0,hit,46.0,hit,46.0,hit,,never_hit,,never_hit,,never_hit,7.349999999999994,62,True,False,False,False,,7.349999999999994,62,True,False,False,False,,7.349999999999994,62,True,False,False,False,,7.349999999999994,62,True,False,False,False,,384.0,2024-08-19T15:55:00-04:00,2.8500000000000014,5847.040000000066,385.0,2024-08-19T15:56:00-04:00,2.700000000000003,6147.040000000064,386.0,2024-08-19T15:57:00-04:00,2.5500000000000043,6447.04000000006,385.0,2024-08-19T15:56:00-04:00,2.700000000000003,6147.040000000064,1462.0,2024-08-20T09:53:00-04:00,1.9499999999999957,7647.040000000077,1465.0,2024-08-20T09:56:00-04:00,1.8000000000000043,7947.04000000006,1466.0,2024-08-20T09:57:00-04:00,1.9000000000000057,7747.040000000057,1463.0,2024-08-20T09:54:00-04:00,2.0,7547.040000000069,2909.0,2024-08-21T10:00:00-04:00,0.8999999999999986,9747.040000000072,2947.0,2024-08-21T10:38:00-04:00,0.6999999999999993,10147.040000000072,2948.0,2024-08-21T10:39:00-04:00,0.7000000000000002,10147.04000000007,2910.0,2024-08-21T10:01:00-04:00,1.3499999999999996,8847.04000000007,2952.0,2024-08-21T10:43:00-04:00,0.39999999999999947,10747.04000000007,2953.0,2024-08-21T10:44:00-04:00,0.40000000000000036,10747.04000000007,3129.0,2024-08-21T13:40:00-04:00,0.40000000000000036,10747.04000000007,2953.0,2024-08-21T10:44:00-04:00,0.40000000000000036,10747.04000000007,2029
2024-08-19,2024-08-21,2,7.0,2024-08-19T09:31:00-04:00,7.0,NDXP  240821P19700000,NDXP  240821P19690000,development,False,False,0,0,16,1,0,1198,available,False,2024-08-19T09:31:00-04:00,2024-08-21T15:59:00-04:00,0.0,13747.04,1.0,last_observed_quote_not_settlement,1036.0,66,62,6.75,247.04000000000067,2024-08-19T09:32:00-04:00,0.0,6.800000000000011,147.03999999997797,2024-08-19T09:33:00-04:00,0.0,7.200000000000017,-652.9600000000335,2024-08-19T09:36:00-04:00,0.0,5.650000000000006,2447.0399999999895,2024-08-19T09:41:00-04:00,0.0,7.150000000000034,-552.9600000000676,2024-08-19T09:46:00-04:00,0.0,6.149999999999977,1447.0400000000461,2024-08-19T10:01:00-04:00,0.0,6.600000000000023,547.0399999999552,2024-08-19T10:31:00-04:00,0.0,7.5,-1252.9599999999994,2024-08-19T11:31:00-04:00,0.0,3.3000000000000114,7147.039999999978,2024-08-19T16:00:00-04:00,0.0,4.549999999999997,4647.040000000006,2024-08-20T16:00:00-04:00,0.0,,,2024-08-21T15:59:00-04:00,60.0,,,,,88.0,hit,88.0,hit,384.0,hit,1451.0,hit,1451.0,hit,2952.0,hit,3149.0,hit,4.0,hit,4.0,hit,0.0,hit,4.0,hit,,never_hit,,never_hit,8.950000000000045,66,True,True,False,False,,8.950000000000045,66,True,True,False,False,,8.950000000000045,66,True,True,False,False,,8.950000000000045,66,True,True,False,False,,1451.0,2024-08-20T09:42:00-04:00,1.8499999999999872,10047.040000000026,1461.0,2024-08-20T09:52:00-04:00,2.799999999999997,8147.040000000007,1462.0,2024-08-20T09:53:00-04:00,2.8000000000000114,8147.039999999978,1452.0,2024-08-20T09:43:00-04:00,3.200000000000003,7347.039999999995,1451.0,2024-08-20T09:42:00-04:00,1.8499999999999872,10047.040000000026,2933.0,2024-08-21T10:24:00-04:00,1.8999999999999986,9947.040000000005,2948.0,2024-08-21T10:39:00-04:00,1.4499999999999993,10847.040000000003,1452.0,2024-08-20T09:43:00-04:00,3.200000000000003,7347.039999999995,2952.0,2024-08-21T10:43:00-04:00,0.6500000000000004,12447.04,2953.0,2024-08-21T10:44:00-04:00,0.7999999999999998,12147.040000000003,2954.0,2024-08-21T10:45:00-04:00,0.9000000000000004,11947.04,2953.0,2024-08-21T10:44:00-04:00,0.7999999999999998,12147.040000000003,3149.0,2024-08-21T14:00:00-04:00,0.0,13747.04,3150.0,2024-08-21T14:01:00-04:00,0.27500000000000036,13197.04,3175.0,2024-08-21T14:26:00-04:00,0.30000000000000004,13147.040000000003,3150.0,2024-08-21T14:01:00-04:00,0.27500000000000036,13197.04,2030
2024-08-19,2024-08-22,3,5.0,2024-08-19T09:31:00-04:00,5.000000000000028,NDXP  240822P19590000,NDXP  240822P19580000,development,False,False,0,0,0,3,0,1601,available,False,2024-08-19T09:31:00-04:00,2024-08-22T15:59:00-04:00,9.349999999999994,-8952.959999999932,1.0,last_observed_quote_not_settlement,1036.0,209,28,5.600000000000023,-1452.959999999988,2024-08-19T09:32:00-04:00,0.0,5.550000000000011,-1352.9599999999652,2024-08-19T09:33:00-04:00,0.0,5.25,-752.9599999999425,2024-08-19T09:36:00-04:00,0.0,5.550000000000011,-1352.9599999999652,2024-08-19T09:41:00-04:00,0.0,5.649999999999977,-1552.959999999897,2024-08-19T09:46:00-04:00,0.0,5.399999999999977,-1052.959999999897,2024-08-19T10:01:00-04:00,0.0,5.449999999999989,-1152.9599999999198,2024-08-19T10:31:00-04:00,0.0,4.75,247.04000000005752,2024-08-19T11:31:00-04:00,0.0,2.3999999999999986,4947.04000000006,2024-08-19T16:00:00-04:00,0.0,2.8000000000000114,4147.0400000000345,2024-08-20T16:00:00-04:00,0.0,1.25,7247.040000000057,2024-08-21T16:00:00-04:00,0.0,,,2024-08-22T15:59:00-04:00,60.0,0.0,hit,12.0,hit,72.0,hit,384.0,hit,1453.0,hit,3180.0,hit,4320.0,hit,1.0,hit,35.0,hit,52.0,hit,4597.0,hit,4678.0,hit,4678.0,hit,7.199999999999989,72,True,False,False,False,,7.199999999999989,72,True,False,False,False,,7.199999999999989,72,True,False,False,False,,7.199999999999989,72,True,False,False,False,,384.0,2024-08-19T15:55:00-04:00,2.8000000000000043,4147.040000000049,385.0,2024-08-19T15:56:00-04:00,2.700000000000003,4347.040000000052,386.0,2024-08-19T15:57:00-04:00,2.6499999999999915,4447.0400000000745,385.0,2024-08-19T15:56:00-04:00,2.700000000000003,4347.040000000052,1453.0,2024-08-20T09:44:00-04:00,1.8000000000000043,6147.040000000049,1469.0,2024-08-20T10:00:00-04:00,1.8999999999999915,5947.0400000000745,1470.0,2024-08-20T10:01:00-04:00,1.7999999999999972,6147.040000000064,1454.0,2024-08-20T09:45:00-04:00,2.450000000000003,4847.040000000052,3180.0,2024-08-21T14:31:00-04:00,0.9499999999999993,7847.040000000059,4321.0,2024-08-22T09:32:00-04:00,0.40000000000000036,8947.040000000057,4322.0,2024-08-22T09:33:00-04:00,0.40000000000000036,8947.040000000057,3181.0,2024-08-21T14:32:00-04:00,1.0,7747.040000000057,4320.0,2024-08-22T09:31:00-04:00,0.27499999999999947,9197.040000000059,4321.0,2024-08-22T09:32:00-04:00,0.40000000000000036,8947.040000000057,4322.0,2024-08-22T09:33:00-04:00,0.40000000000000036,8947.040000000057,4321.0,2024-08-22T09:32:00-04:00,0.40000000000000036,8947.040000000057,2031
2024-08-19,2024-08-22,3,6.0,2024-08-19T09:31:00-04:00,6.0,NDXP  240822P19660000,NDXP  240822P19650000,development,False,False,0,0,0,10,0,1594,available,False,2024-08-19T09:31:00-04:00,2024-08-22T15:57:00-04:00,10.0,-8152.96,3.0,last_observed_quote_not_settlement,1036.0,208,70,6.599999999999994,-1452.959999999988,2024-08-19T09:32:00-04:00,0.0,5.549999999999983,647.0400000000348,2024-08-19T09:33:00-04:00,0.0,8.900000000000006,-6052.960000000013,2024-08-19T09:36:00-04:00,0.0,4.0,3747.040000000001,2024-08-19T09:41:00-04:00,0.0,5.750000000000028,247.03999999994383,2024-08-19T09:46:00-04:00,0.0,6.549999999999983,-1352.9599999999652,2024-08-19T10:01:00-04:00,0.0,4.900000000000006,1947.0399999999893,2024-08-19T10:31:00-04:00,0.0,4.949999999999989,1847.0400000000234,2024-08-19T11:31:00-04:00,0.0,4.599999999999994,2547.0400000000122,2024-08-19T16:00:00-04:00,0.0,3.5,4747.040000000001,2024-08-20T16:00:00-04:00,0.0,2.0,7747.040000000001,2024-08-21T16:00:00-04:00,0.0,,,2024-08-22T15:57:00-04:00,180.0,3.0,hit,10.0,hit,10.0,hit,13.0,hit,1562.0,hit,4320.0,hit,4332.0,hit,1.0,hit,5.0,hit,5.0,hit,5.0,hit,4585.0,hit,4585.0,hit,8.900000000000006,7,True,True,False,False,,8.900000000000006,54,True,True,False,False,,8.900000000000006,56,True,True,False,False,,8.900000000000006,56,True,True,False,False,,13.0,2024-08-19T09:44:00-04:00,2.450000000000017,6847.039999999966,1461.0,2024-08-20T09:52:00-04:00,2.8999999999999915,5947.040000000018,1462.0,2024-08-20T09:53:00-04:00,2.849999999999987,6047.040000000026,14.0,2024-08-19T09:45:00-04:00,6.800000000000011,-1852.960000000022,1562.0,2024-08-20T11:33:00-04:00,1.9000000000000057,7947.039999999989,2951.0,2024-08-21T10:42:00-04:00,1.6500000000000021,8447.039999999997,2952.0,2024-08-21T10:43:00-04:00,1.6499999999999986,8447.040000000005,1563.0,2024-08-20T11:34:00-04:00,3.799999999999997,4147.040000000006,4320.0,2024-08-22T09:31:00-04:00,0.6000000000000005,10547.04,4321.0,2024-08-22T09:32:00-04:00,0.75,10247.04,4322.0,2024-08-22T09:33:00-04:00,0.9000000000000004,9947.04,4321.0,2024-08-22T09:32:00-04:00,0.75,10247.04,4335.0,2024-08-22T09:46:00-04:00,0.34999999999999964,11047.040000000003,,,,,,,,,4336.0,2024-08-22T09:47:00-04:00,0.9000000000000004,9947.04,2032
2024-08-19,2024-08-22,3,7.0,2024-08-19T09:31:00-04:00,6.949999999999989,NDXP  240822P19710000,NDXP  240822P19700000,development,False,False,0,0,0,32,0,1572,available,False,2024-08-19T09:31:00-04:00,2024-08-22T15:58:00-04:00,10.0,-6252.960000000023,2.0,last_observed_quote_not_settlement,1036.0,183,79,7.75,-1852.960000000022,2024-08-19T09:32:00-04:00,0.0,5.599999999999966,2447.0400000000463,2024-08-19T09:33:00-04:00,0.0,6.600000000000023,447.0399999999325,2024-08-19T09:36:00-04:00,0.0,7.75,-1852.960000000022,2024-08-19T09:41:00-04:00,0.0,6.050000000000011,1547.0399999999552,2024-08-19T09:46:00-04:00,0.0,7.0499999999999545,-452.9599999999311,2024-08-19T10:01:00-04:00,0.0,5.399999999999977,2847.0400000000236,2024-08-19T10:31:00-04:00,0.0,6.25,1147.039999999978,2024-08-19T11:31:00-04:00,0.0,3.5999999999999943,6447.039999999989,2024-08-19T16:00:00-04:00,0.0,4.5,4647.039999999978,2024-08-20T16:00:00-04:00,0.0,3.049999999999997,7547.039999999984,2024-08-21T16:00:00-04:00,0.0,,,2024-08-22T15:58:00-04:00,120.0,3.0,hit,24.0,hit,125.0,hit,1467.0,hit,2919.0,hit,4320.0,hit,,never_hit,1.0,hit,7.0,hit,1.0,hit,7.0,hit,7.0,hit,4561.0,hit,9.450000000000045,37,True,True,True,True,,9.450000000000045,39,True,True,True,True,,9.450000000000045,39,True,True,True,True,,,,True,True,True,False,6.04999999999999,1469.0,2024-08-20T10:00:00-04:00,2.9000000000000057,7847.039999999966,2947.0,2024-08-21T10:38:00-04:00,2.549999999999997,8547.039999999985,2948.0,2024-08-21T10:39:00-04:00,2.5999999999999943,8447.03999999999,1470.0,2024-08-20T10:01:00-04:00,3.0,7647.039999999978,2919.0,2024-08-21T10:10:00-04:00,1.6499999999999986,10347.03999999998,4323.0,2024-08-22T09:34:00-04:00,1.3000000000000007,11047.039999999977,4324.0,2024-08-22T09:35:00-04:00,1.1000000000000014,11447.039999999975,2920.0,2024-08-21T10:11:00-04:00,3.1000000000000014,7447.039999999975,4320.0,2024-08-22T09:31:00-04:00,0.9000000000000004,11847.039999999979,,,,,,,,,,,,,,,,,,,,,,,,,,,,,2033
2024-08-20,2024-08-22,2,5.0,2024-08-20T09:31:00-04:00,5.0,NDXP  240822P19780000,NDXP  240822P19770000,development,False,False,0,0,0,44,0,1155,available,False,2024-08-20T09:31:00-04:00,2024-08-22T15:59:00-04:00,10.0,-10152.96,1.0,last_observed_quote_not_settlement,1036.0,506,104,4.900000000000006,-52.96000000001066,2024-08-20T09:32:00-04:00,0.0,4.599999999999994,547.040000000012,2024-08-20T09:33:00-04:00,0.0,4.900000000000006,-52.96000000001066,2024-08-20T09:36:00-04:00,0.0,4.599999999999994,547.040000000012,2024-08-20T09:41:00-04:00,0.0,4.150000000000006,1447.0399999999893,2024-08-20T09:46:00-04:00,0.0,3.8999999999999915,1947.0400000000177,2024-08-20T10:01:00-04:00,0.0,5.149999999999977,-552.9599999999539,2024-08-20T10:31:00-04:00,0.0,5.449999999999989,-1152.9599999999766,2024-08-20T11:31:00-04:00,0.0,5.150000000000006,-552.9600000000107,2024-08-20T16:00:00-04:00,0.0,3.8000000000000043,2147.0399999999922,2024-08-21T16:00:00-04:00,0.0,,,2024-08-22T15:59:00-04:00,60.0,,,,,0.0,hit,0.0,hit,13.0,hit,13.0,hit,2880.0,hit,,never_hit,,never_hit,56.0,hit,68.0,hit,247.0,hit,3010.0,hit,3015.0,hit,3092.0,hit,5.0,0,False,False,False,False,,7.449999999999989,288,True,False,False,False,,,,True,True,True,False,3.400000000000002,,,True,True,True,False,3.400000000000002,13.0,2024-08-20T09:44:00-04:00,2.8999999999999915,3947.0400000000177,2881.0,2024-08-22T09:32:00-04:00,1.6000000000000014,6547.039999999998,2882.0,2024-08-22T09:33:00-04:00,2.150000000000002,5447.039999999996,14.0,2024-08-20T09:45:00-04:00,4.650000000000006,447.03999999998933,2880.0,2024-08-22T09:31:00-04:00,1.6499999999999986,6447.040000000004,2881.0,2024-08-22T09:32:00-04:00,1.6000000000000014,6547.039999999998,2892.0,2024-08-22T09:43:00-04:00,1.8500000000000014,6047.039999999998,2881.0,2024-08-22T09:32:00-04:00,1.6000000000000014,6547.039999999998,,,,,,,,,,,,,,,,,,,,,,,,,,,,,,,,,2034
2024-08-20,2024-08-22,2,6.0,2024-08-20T09:31:00-04:00,6.150000000000006,NDXP  240822P19870000,NDXP  240822P19860000,development,False,False,0,0,0,64,0,1135,available,False,2024-08-20T09:31:00-04:00,2024-08-22T15:59:00-04:00,10.0,-7852.959999999988,1.0,last_observed_quote_not_settlement,1036.0,613,213,6.399999999999977,-752.9599999999425,2024-08-20T09:32:00-04:00,0.0,5.400000000000034,1247.0399999999438,2024-08-20T09:33:00-04:00,0.0,5.899999999999977,247.04000000005752,2024-08-20T09:36:00-04:00,0.0,5.250000000000028,1547.0399999999552,2024-08-20T09:41:00-04:00,0.0,4.5,3047.0400000000122,2024-08-20T09:46:00-04:00,0.0,5.0,2047.0400000000122,2024-08-20T10:01:00-04:00,0.0,6.550000000000011,-1052.9600000000107,2024-08-20T10:31:00-04:00,0.0,6.649999999999977,-1252.9599999999425,2024-08-20T11:31:00-04:00,0.0,6.949999999999989,-1852.9599999999652,2024-08-20T16:00:00-04:00,0.0,5.449999999999989,1147.0400000000348,2024-08-21T16:00:00-04:00,0.0,,,2024-08-22T15:59:00-04:00,60.0,,,,,2.0,hit,15.0,hit,1481.0,hit,1507.0,hit,2909.0,hit,,never_hit,,never_hit,6.0,hit,67.0,hit,6.0,hit,203.0,hit,2996.0,hit,2996.0,hit,8.949999999999989,273,True,True,False,False,,8.949999999999989,397,True,True,False,False,,,,True,True,True,False,4.450000000000003,,,True,True,True,False,4.450000000000003,1507.0,2024-08-21T10:38:00-04:00,2.6999999999999886,6647.0400000000345,,,,,,,,,1508.0,2024-08-21T10:39:00-04:00,5.0,2047.0400000000122,2909.0,2024-08-22T10:00:00-04:00,1.7000000000000028,8647.040000000008,,,,,,,,,2910.0,2024-08-22T10:01:00-04:00,4.050000000000004,3947.0400000000036,,,,,,,,,,,,,,,,,,,,,,,,,,,,,,,,,2035
2024-08-20,2024-08-22,2,7.0,2024-08-20T09:31:00-04:00,6.899999999999977,NDXP  240822P19920000,NDXP  240822P19910000,development,False,False,0,0,0,44,0,1155,available,False,2024-08-20T09:31:00-04:00,2024-08-22T15:59:00-04:00,10.0,-6352.9600000000455,1.0,last_observed_quote_not_settlement,1036.0,720,227,8.300000000000011,-3052.960000000069,2024-08-20T09:32:00-04:00,0.0,7.650000000000006,-1752.9600000000562,2024-08-20T09:33:00-04:00,0.0,5.700000000000017,2147.0399999999213,2024-08-20T09:36:00-04:00,0.0,6.650000000000006,247.03999999994383,2024-08-20T09:41:00-04:00,0.0,6.099999999999994,1347.0399999999665,2024-08-20T09:46:00-04:00,0.0,5.699999999999989,2147.039999999978,2024-08-20T10:01:00-04:00,0.0,6.650000000000006,247.03999999994383,2024-08-20T10:31:00-04:00,0.0,7.450000000000017,-1352.960000000079,2024-08-20T11:31:00-04:00,0.0,6.400000000000006,747.0399999999438,2024-08-20T16:00:00-04:00,0.0,6.400000000000006,747.0399999999438,2024-08-21T16:00:00-04:00,0.0,,,2024-08-22T15:59:00-04:00,60.0,,,,,27.0,hit,27.0,hit,1506.0,hit,2894.0,hit,2904.0,hit,,never_hit,,never_hit,1.0,hit,1.0,hit,1.0,hit,1.0,hit,1442.0,hit,2990.0,hit,9.050000000000011,449,True,True,True,True,,9.050000000000011,449,True,True,True,True,,,,True,True,True,False,5.049999999999976,,,True,True,True,False,5.049999999999976,2894.0,2024-08-22T09:45:00-04:00,2.549999999999997,8447.039999999963,,,,,,,,,2895.0,2024-08-22T09:46:00-04:00,4.799999999999997,3947.039999999961,2904.0,2024-08-22T09:55:00-04:00,1.8500000000000014,9847.039999999954,,,,,,,,,2905.0,2024-08-22T09:56:00-04:00,5.0,3547.0399999999554,,,,,,,,,,,,,,,,,,,,,,,,,,,,,,,,,2036
2024-08-20,2024-08-23,3,5.0,2024-08-20T09:31:00-04:00,5.050000000000011,NDXP  240823P19860000,NDXP  240823P19850000,development,False,False,0,0,0,65,0,1539,available,False,2024-08-20T09:31:00-04:00,2024-08-23T15:59:00-04:00,10.0,-10052.959999999975,1.0,last_observed_quote_not_settlement,1036.0,1201,170,5.400000000000006,-952.959999999988,2024-08-20T09:32:00-04:00,0.0,5.5,-1152.9599999999766,2024-08-20T09:33:00-04:00,0.0,5.25,-652.9599999999766,2024-08-20T09:36:00-04:00,0.0,5.600000000000023,-1352.960000000022,2024-08-20T09:41:00-04:00,0.0,5.449999999999989,-1052.9599999999539,2024-08-20T09:46:00-04:00,0.0,4.75,347.04000000002344,2024-08-20T10:01:00-04:00,0.0,4.399999999999977,1047.0400000000689,2024-08-20T10:31:00-04:00,0.0,5.450000000000017,-1052.9600000000107,2024-08-20T11:31:00-04:00,0.0,5.550000000000011,-1252.9599999999994,2024-08-20T16:00:00-04:00,0.0,4.949999999999989,-52.959999999953816,2024-08-21T16:00:00-04:00,0.0,7.600000000000023,-5352.960000000022,2024-08-22T16:00:00-04:00,0.0,,,2024-08-23T15:59:00-04:00,60.0,0.0,hit,22.0,hit,210.0,hit,1793.0,hit,2909.0,hit,,never_hit,,never_hit,4.0,hit,11.0,hit,11.0,hit,369.0,hit,3085.0,hit,3157.0,hit,8.800000000000011,552,True,True,False,False,,8.800000000000011,584,True,True,False,False,,,,True,True,True,False,3.25,,,True,True,True,False,3.25,2906.0,2024-08-22T09:57:00-04:00,2.299999999999983,5247.040000000057,,,,,,,,,2907.0,2024-08-22T09:58:00-04:00,3.799999999999997,2247.040000000029,2909.0,2024-08-22T10:00:00-04:00,1.8000000000000114,6247.040000000001,,,,,,,,,2910.0,2024-08-22T10:01:00-04:00,4.049999999999983,1747.0400000000575,,,,,,,,,,,,,,,,,,,,,,,,,,,,,,,,,2037
2024-08-20,2024-08-23,3,6.0,2024-08-20T09:31:00-04:00,6.0,NDXP  240823P19890000,NDXP  240823P19880000,development,False,False,0,0,0,48,0,1556,available,False,2024-08-20T09:31:00-04:00,2024-08-23T15:59:00-04:00,9.950000000000017,-8152.96,1.0,last_observed_quote_not_settlement,1036.0,963,231,4.899999999999977,1947.0400000000461,2024-08-20T09:32:00-04:00,0.0,5.550000000000011,647.0399999999779,2024-08-20T09:33:00-04:00,0.0,5.0,1747.0400000000006,2024-08-20T09:36:00-04:00,0.0,5.099999999999966,1547.0400000000689,2024-08-20T09:41:00-04:00,0.0,5.700000000000017,347.0399999999666,2024-08-20T09:46:00-04:00,0.0,5.299999999999983,1147.0400000000348,2024-08-20T10:01:00-04:00,0.0,6.400000000000034,-1052.9600000000676,2024-08-20T10:31:00-04:00,0.0,5.350000000000023,1047.0399999999552,2024-08-20T11:31:00-04:00,0.0,6.899999999999977,-2052.9599999999537,2024-08-20T16:00:00-04:00,0.0,5.25,1247.0400000000006,2024-08-21T16:00:00-04:00,0.0,8.599999999999966,-5452.959999999933,2024-08-22T16:00:00-04:00,0.0,,,2024-08-23T15:59:00-04:00,60.0,1.0,hit,1.0,hit,1547.0,hit,1733.0,hit,,never_hit,,never_hit,,never_hit,6.0,hit,6.0,hit,6.0,hit,1525.0,hit,3124.0,hit,3230.0,hit,8.650000000000006,361,True,True,False,False,,,,True,True,True,False,3.1999999999999886,,,True,True,True,False,3.1999999999999886,,,True,True,True,False,3.1999999999999886,1733.0,2024-08-21T14:24:00-04:00,2.8000000000000114,6147.039999999978,,,,,,,,,1734.0,2024-08-21T14:25:00-04:00,5.299999999999983,1147.0400000000348,,,,,,,,,,,,,,,,,,,,,,,,,,,,,,,,,,,,,,,,,,,,,,,,,2038
2024-08-20,2024-08-23,3,7.0,2024-08-20T09:31:00-04:00,7.300000000000011,NDXP  240823P19900000,NDXP  240823P19890000,development,False,False,0,0,0,52,0,1552,available,False,2024-08-20T09:31:00-04:00,2024-08-23T15:59:00-04:00,10.0,-5552.959999999977,1.0,last_observed_quote_not_settlement,1036.0,555,147,7.950000000000017,-1552.9600000000125,2024-08-20T09:32:00-04:00,0.0,6.299999999999983,1747.0400000000575,2024-08-20T09:33:00-04:00,0.0,6.75,847.0400000000234,2024-08-20T09:36:00-04:00,0.0,7.400000000000034,-452.9600000000448,2024-08-20T09:41:00-04:00,0.0,5.699999999999989,2947.0400000000463,2024-08-20T09:46:00-04:00,0.0,5.200000000000017,3947.0399999999895,2024-08-20T10:01:00-04:00,0.0,7.349999999999966,-352.95999999990835,2024-08-20T10:31:00-04:00,0.0,7.75,-1152.9599999999766,2024-08-20T11:31:00-04:00,0.0,5.75,2847.0400000000236,2024-08-20T16:00:00-04:00,0.0,5.400000000000034,3547.0399999999554,2024-08-21T16:00:00-04:00,0.0,,,2024-08-22T15:59:00-04:00,60.0,,,2024-08-23T15:59:00-04:00,60.0,3.0,hit,11.0,hit,11.0,hit,90.0,hit,,never_hit,,never_hit,,never_hit,1.0,hit,67.0,hit,0.0,hit,50.0,hit,1461.0,hit,1592.0,hit,8.700000000000045,21,True,True,False,False,,,,True,True,True,False,4.449999999999989,,,True,True,True,False,4.449999999999989,,,True,True,True,False,4.449999999999989,90.0,2024-08-20T11:01:00-04:00,2.8999999999999773,8547.04000000007,,,,,,,,,91.0,2024-08-20T11:02:00-04:00,6.149999999999977,2047.040000000069,,,,,,,,,,,,,,,,,,,,,,,,,,,,,,,,,,,,,,,,,,,,,,,,,2039
2024-08-21,2024-08-23,2,5.0,2024-08-21T09:31:00-04:00,5.0,NDXP  240823P19770000,NDXP  240823P19760000,development,False,False,0,0,0,12,0,1187,available,False,2024-08-21T09:31:00-04:00,2024-08-23T15:59:00-04:00,10.0,-10152.96,1.0,last_observed_quote_not_settlement,1036.0,610,61,4.800000000000011,147.03999999997797,2024-08-21T09:32:00-04:00,0.0,2.599999999999966,4547.040000000069,2024-08-21T09:33:00-04:00,0.0,4.849999999999994,47.04000000001208,2024-08-21T09:36:00-04:00,0.0,4.25,1247.0400000000006,2024-08-21T09:41:00-04:00,0.0,4.449999999999989,847.0400000000234,2024-08-21T09:46:00-04:00,0.0,3.700000000000017,2347.0399999999668,2024-08-21T10:01:00-04:00,0.0,4.300000000000011,1147.039999999978,2024-08-21T10:31:00-04:00,0.0,4.400000000000034,947.0399999999324,2024-08-21T11:31:00-04:00,0.0,4.0,1747.0400000000006,2024-08-21T16:00:00-04:00,0.0,8.0,-6252.960000000001,2024-08-22T16:00:00-04:00,0.0,,,2024-08-23T15:59:00-04:00,60.0,,,,,0.0,hit,0.0,hit,2.0,hit,2.0,hit,1452.0,hit,2909.0,hit,2909.0,hit,39.0,hit,63.0,hit,1550.0,hit,1717.0,hit,2887.0,hit,2976.0,hit,5.0,0,False,False,False,False,,6.599999999999994,12,False,False,False,False,,9.449999999999989,310,True,True,True,True,,9.449999999999989,310,True,True,True,True,,2.0,2024-08-21T09:33:00-04:00,2.599999999999966,4547.040000000069,1441.0,2024-08-22T09:32:00-04:00,2.9000000000000057,3947.0399999999895,1466.0,2024-08-22T09:57:00-04:00,2.799999999999997,4147.040000000006,3.0,2024-08-21T09:34:00-04:00,4.599999999999966,547.0400000000689,1452.0,2024-08-22T09:43:00-04:00,1.9000000000000057,5947.039999999989,,,,,,,,,1453.0,2024-08-22T09:44:00-04:00,3.0999999999999943,3547.0400000000122,2909.0,2024-08-23T10:00:00-04:00,0.30000000000001137,9147.039999999979,,,,,,,,,2910.0,2024-08-23T10:01:00-04:00,5.650000000000006,-1552.9600000000107,2909.0,2024-08-23T10:00:00-04:00,0.30000000000001137,9147.039999999979,,,,,,,,,2910.0,2024-08-23T10:01:00-04:00,5.650000000000006,-1552.9600000000107,2040
2024-08-21,2024-08-23,2,6.0,2024-08-21T09:31:00-04:00,5.899999999999977,NDXP  240823P19890000,NDXP  240823P19880000,development,False,False,0,0,0,48,0,1151,available,False,2024-08-21T09:31:00-04:00,2024-08-23T15:59:00-04:00,9.950000000000017,-8352.960000000045,1.0,last_observed_quote_not_settlement,1036.0,748,81,5.699999999999989,147.03999999997797,2024-08-21T09:32:00-04:00,0.0,5.600000000000023,347.03999999990975,2024-08-21T09:33:00-04:00,0.0,6.199999999999989,-852.9600000000221,2024-08-21T09:36:00-04:00,0.0,7.550000000000011,-3552.9600000000673,2024-08-21T09:41:00-04:00,0.0,5.300000000000011,947.0399999999324,2024-08-21T09:46:00-04:00,0.0,5.099999999999966,1347.0400000000234,2024-08-21T10:01:00-04:00,0.0,5.400000000000006,747.0399999999438,2024-08-21T10:31:00-04:00,0.0,4.850000000000023,1847.0399999999097,2024-08-21T11:31:00-04:00,0.0,5.25,1047.0399999999552,2024-08-21T16:00:00-04:00,0.0,8.599999999999966,-5652.959999999978,2024-08-22T16:00:00-04:00,0.0,,,2024-08-23T15:59:00-04:00,60.0,,,,,11.0,hit,18.0,hit,107.0,hit,293.0,hit,,never_hit,,never_hit,,never_hit,3.0,hit,3.0,hit,3.0,hit,85.0,hit,1684.0,hit,1790.0,hit,8.650000000000006,137,True,True,False,False,,,,True,True,True,False,3.099999999999966,,,True,True,True,False,3.099999999999966,,,True,True,True,False,3.099999999999966,293.0,2024-08-21T14:24:00-04:00,2.8000000000000114,5947.039999999933,,,,,,,,,294.0,2024-08-21T14:25:00-04:00,5.299999999999983,947.0399999999893,,,,,,,,,,,,,,,,,,,,,,,,,,,,,,,,,,,,,,,,,,,,,,,,,2041
2024-08-21,2024-08-23,2,7.0,2024-08-21T09:31:00-04:00,6.650000000000006,NDXP  240823P19950000,NDXP  240823P19940000,development,False,False,0,0,0,204,0,995,available,False,2024-08-21T09:31:00-04:00,2024-08-23T15:59:00-04:00,10.0,-6852.959999999988,1.0,last_observed_quote_not_settlement,1036.0,614,154,7.999999999999943,-2952.959999999876,2024-08-21T09:32:00-04:00,0.0,6.650000000000006,-252.9599999999993,2024-08-21T09:33:00-04:00,0.0,6.600000000000023,-152.9600000000334,2024-08-21T09:36:00-04:00,0.0,6.099999999999994,847.0400000000234,2024-08-21T09:41:00-04:00,0.0,6.449999999999989,147.0400000000348,2024-08-21T09:46:00-04:00,0.0,6.199999999999989,647.0400000000348,2024-08-21T10:01:00-04:00,0.0,8.199999999999989,-3352.959999999967,2024-08-21T10:31:00-04:00,0.0,7.899999999999977,-2752.9599999999423,2024-08-21T11:31:00-04:00,0.0,7.450000000000017,-1852.960000000022,2024-08-21T16:00:00-04:00,0.0,,,2024-08-22T15:59:00-04:00,60.0,,,2024-08-23T15:59:00-04:00,60.0,,,,,18.0,hit,42.0,hit,1451.0,hit,1451.0,hit,,never_hit,,never_hit,,never_hit,1.0,hit,1.0,hit,1.0,hit,56.0,hit,80.0,hit,337.0,hit,9.649999999999977,246,True,True,True,True,,,,True,True,True,False,3.9000000000000057,,,True,True,True,False,3.9000000000000057,,,True,True,True,False,3.9000000000000057,1451.0,2024-08-22T09:42:00-04:00,2.75,7547.040000000012,,,,,,,,,1452.0,2024-08-22T09:43:00-04:00,5.0,3047.0400000000122,,,,,,,,,,,,,,,,,,,,,,,,,,,,,,,,,,,,,,,,,,,,,,,,,2042
2024-08-23,2024-08-26,3,5.0,2024-08-23T09:31:00-04:00,5.0,NDXP  240826P20500000,NDXP  240826P20490000,development,False,False,0,0,0,207,0,588,available,False,2024-08-23T09:31:00-04:00,2024-08-26T16:00:00-04:00,6.399999999999977,-3052.9599999999537,0.0,last_observed_quote_not_settlement,3916.0,451,5,,,2024-08-23T09:31:00-04:00,60.0,9.75,-9752.960000000001,2024-08-23T09:33:00-04:00,0.0,9.349999999999909,-8952.959999999819,2024-08-23T09:36:00-04:00,0.0,4.75,247.04000000000067,2024-08-23T09:41:00-04:00,0.0,9.200000000000045,-8652.960000000092,2024-08-23T09:46:00-04:00,0.0,7.899999999999977,-6052.959999999954,2024-08-23T10:01:00-04:00,0.0,,,2024-08-23T10:30:00-04:00,60.0,8.0,-6252.960000000001,2024-08-23T11:31:00-04:00,0.0,,,2024-08-23T15:59:00-04:00,60.0,,,2024-08-23T16:15:00-04:00,85500.0,,,2024-08-23T16:15:00-04:00,171900.0,6.399999999999977,-3052.9599999999537,2024-08-26T16:00:00-04:00,0.0,0.0,hit,0.0,hit,79.0,hit,89.0,hit,89.0,hit,,never_hit,,never_hit,2.0,hit,2.0,hit,2.0,hit,2.0,hit,2.0,hit,2.0,hit,10.0,35,True,True,True,True,,10.0,35,True,True,True,True,,,,True,True,True,False,3.8999999999998636,,,True,True,True,False,3.8999999999998636,89.0,2024-08-23T11:00:00-04:00,1.8500000000000227,6047.039999999955,,,,,,,,,90.0,2024-08-23T11:01:00-04:00,10.0,-10152.96,89.0,2024-08-23T11:00:00-04:00,1.8500000000000227,6047.039999999955,,,,,,,,,90.0,2024-08-23T11:01:00-04:00,10.0,-10152.96,,,,,,,,,,,,,,,,,,,,,,,,,,,,,,,,,2043
2024-08-23,2024-08-26,3,6.0,2024-08-23T09:31:00-04:00,5.949999999999989,NDXP  240826P19810000,NDXP  240826P19800000,development,False,False,0,0,0,33,0,762,available,False,2024-08-23T09:31:00-04:00,2024-08-26T16:00:00-04:00,10.0,-8252.960000000021,0.0,last_observed_quote_not_settlement,3916.0,669,37,6.449999999999989,-1252.9599999999994,2024-08-23T09:32:00-04:00,0.0,6.049999999999983,-452.95999999998793,2024-08-23T09:33:00-04:00,0.0,6.700000000000017,-1752.9600000000562,2024-08-23T09:36:00-04:00,0.0,7.150000000000034,-2652.96000000009,2024-08-23T09:41:00-04:00,0.0,6.25,-852.9600000000221,2024-08-23T09:46:00-04:00,0.0,5.300000000000011,1047.0399999999552,2024-08-23T10:01:00-04:00,0.0,4.599999999999994,2447.0399999999895,2024-08-23T10:31:00-04:00,0.0,6.25,-852.9600000000221,2024-08-23T11:31:00-04:00,0.0,7.3500000000000085,-3052.960000000039,2024-08-23T16:00:00-04:00,0.0,,,2024-08-23T16:15:00-04:00,85500.0,,,2024-08-23T16:15:00-04:00,171900.0,10.0,-8252.960000000021,2024-08-26T16:00:00-04:00,0.0,22.0,hit,32.0,hit,36.0,hit,36.0,hit,36.0,hit,,never_hit,,never_hit,1.0,hit,10.0,hit,10.0,hit,77.0,hit,4344.0,hit,4359.0,hit,7.150000000000034,23,True,False,False,False,,7.150000000000034,23,True,False,False,False,,,,True,True,True,False,4.0,,,True,True,True,False,4.0,36.0,2024-08-23T10:07:00-04:00,1.9499999999999886,7747.040000000001,,,,,,,,,37.0,2024-08-23T10:08:00-04:00,5.200000000000017,1247.0399999999438,36.0,2024-08-23T10:07:00-04:00,1.9499999999999886,7747.040000000001,,,,,,,,,37.0,2024-08-23T10:08:00-04:00,5.200000000000017,1247.0399999999438,,,,,,,,,,,,,,,,,,,,,,,,,,,,,,,,,2044
2024-08-23,2024-08-26,3,7.0,2024-08-23T09:31:00-04:00,7.0,NDXP  240826P19920000,NDXP  240826P19910000,development,False,False,0,0,1,98,0,696,available,False,2024-08-23T09:31:00-04:00,2024-08-26T16:00:00-04:00,10.0,-6152.96,0.0,last_observed_quote_not_settlement,3916.0,580,38,7.449999999999989,-1152.9599999999766,2024-08-23T09:32:00-04:00,0.0,7.5,-1252.9599999999994,2024-08-23T09:33:00-04:00,0.0,7.2999999999999545,-852.9599999999084,2024-08-23T09:36:00-04:00,0.0,7.300000000000011,-852.9600000000221,2024-08-23T09:41:00-04:00,0.0,7.699999999999989,-1652.9599999999766,2024-08-23T09:46:00-04:00,0.0,6.599999999999966,547.0400000000689,2024-08-23T10:01:00-04:00,0.0,6.149999999999977,1447.0400000000461,2024-08-23T10:31:00-04:00,0.0,8.150000000000006,-2552.9600000000123,2024-08-23T11:31:00-04:00,0.0,8.699999999999989,-3652.959999999978,2024-08-23T16:00:00-04:00,0.0,,,2024-08-23T16:15:00-04:00,85500.0,,,2024-08-23T16:15:00-04:00,171900.0,10.0,-6152.96,2024-08-26T16:00:00-04:00,0.0,35.0,hit,4382.0,hit,4382.0,hit,4383.0,hit,,never_hit,,never_hit,,never_hit,2.0,hit,13.0,hit,0.0,hit,13.0,hit,79.0,hit,161.0,hit,10.0,398,True,True,True,True,,,,True,True,True,False,4.0,,,True,True,True,False,4.0,,,True,True,True,False,4.0,,,,,,,,,,,,,,,,,,,,,,,,,,,,,,,,,,,,,,,,,,,,,,,,,,,,,,,,,,,,,,,,,2045
2024-08-26,2024-08-28,2,5.0,2024-08-26T09:31:00-04:00,4.949999999999989,NDXP  240828P19870000,NDXP  240828P19860000,development,False,False,0,0,0,189,0,1010,available,False,2024-08-26T09:31:00-04:00,2024-08-28T15:59:00-04:00,10.0,-10252.960000000021,1.0,last_observed_quote_not_settlement,1037.0,903,9,6.550000000000011,-3452.9600000000446,2024-08-26T09:32:00-04:00,0.0,7.250000000000028,-4852.960000000079,2024-08-26T09:33:00-04:00,0.0,7.049999999999983,-4452.959999999988,2024-08-26T09:36:00-04:00,0.0,8.25,-6852.960000000024,2024-08-26T09:41:00-04:00,0.0,6.299999999999983,-2952.9599999999878,2024-08-26T09:46:00-04:00,0.0,8.450000000000017,-7252.960000000058,2024-08-26T10:01:00-04:00,0.0,8.350000000000023,-7052.960000000069,2024-08-26T10:31:00-04:00,0.0,8.5,-7352.960000000024,2024-08-26T11:31:00-04:00,0.0,9.75,-9852.960000000023,2024-08-26T16:00:00-04:00,0.0,9.049999999999955,-8452.959999999932,2024-08-27T16:00:00-04:00,0.0,,,2024-08-28T15:59:00-04:00,60.0,,,,,0.0,hit,0.0,hit,2997.0,hit,,never_hit,,never_hit,,never_hit,,never_hit,1.0,hit,1.0,hit,2.0,hit,4.0,hit,6.0,hit,62.0,hit,,,True,True,True,False,1.8000000000000682,,,True,True,True,False,1.8000000000000682,,,True,True,True,False,1.8000000000000682,,,True,True,True,False,1.8000000000000682,,,,,,,,,,,,,,,,,,,,,,,,,,,,,,,,,,,,,,,,,,,,,,,,,,,,,,,,,,,,,,,,,2046
2024-08-26,2024-08-28,2,6.0,2024-08-26T09:31:00-04:00,5.900000000000006,NDXP  240828P19790000,NDXP  240828P19780000,development,False,False,0,0,0,117,0,1082,available,False,2024-08-26T09:31:00-04:00,2024-08-28T15:59:00-04:00,10.0,-8352.959999999988,1.0,last_observed_quote_not_settlement,1037.0,972,48,4.549999999999983,2447.0400000000463,2024-08-26T09:32:00-04:00,0.0,5.850000000000023,-152.9600000000334,2024-08-26T09:33:00-04:00,0.0,4.700000000000017,2147.039999999978,2024-08-26T09:36:00-04:00,0.0,5.700000000000017,147.03999999997797,2024-08-26T09:41:00-04:00,0.0,6.449999999999989,-1352.9599999999652,2024-08-26T09:46:00-04:00,0.0,6.549999999999983,-1552.9599999999539,2024-08-26T10:01:00-04:00,0.0,7.4500000000000455,-3352.9600000000787,2024-08-26T10:31:00-04:00,0.0,7.699999999999989,-3852.959999999965,2024-08-26T11:31:00-04:00,0.0,8.199999999999932,-4852.959999999854,2024-08-26T16:00:00-04:00,0.0,8.349999999999994,-5152.959999999978,2024-08-27T16:00:00-04:00,0.0,,,2024-08-28T15:59:00-04:00,60.0,,,,,1.0,hit,1.0,hit,3181.0,hit,3182.0,hit,,never_hit,,never_hit,,never_hit,15.0,hit,17.0,hit,17.0,hit,20.0,hit,50.0,hit,50.0,hit,10.0,928,True,True,True,True,,,,True,True,True,False,3.299999999999983,,,True,True,True,False,3.299999999999983,,,True,True,True,False,3.299999999999983,3182.0,2024-08-28T14:33:00-04:00,2.6000000000000227,6347.039999999966,,,,,,,,,,,,,,,,,,,,,,,,,,,,,,,,,,,,,,,,,,,,,,,,,,,,,,,,,,,,,2047
2024-08-26,2024-08-28,2,7.0,2024-08-26T09:31:00-04:00,7.150000000000034,NDXP  240828P19900000,NDXP  240828P19890000,development,False,False,0,0,0,211,0,988,available,False,2024-08-26T09:31:00-04:00,2024-08-28T15:59:00-04:00,5.650000000000091,2747.039999999887,1.0,last_observed_quote_not_settlement,1037.0,819,69,7.199999999999989,-352.95999999990835,2024-08-26T09:32:00-04:00,0.0,7.0,47.04000000006892,2024-08-26T09:33:00-04:00,0.0,7.5,-952.9599999999311,2024-08-26T09:36:00-04:00,0.0,7.5,-952.9599999999311,2024-08-26T09:41:00-04:00,0.0,7.650000000000034,-1252.9599999999994,2024-08-26T09:46:00-04:00,0.0,6.699999999999989,647.0400000000916,2024-08-26T10:01:00-04:00,0.0,8.75,-3452.9599999999327,2024-08-26T10:31:00-04:00,0.0,8.800000000000068,-3552.960000000069,2024-08-26T11:31:00-04:00,0.0,8.450000000000045,-2852.9600000000237,2024-08-26T16:00:00-04:00,0.0,9.550000000000011,-5052.9599999999555,2024-08-27T16:00:00-04:00,0.0,,,2024-08-28T15:59:00-04:00,60.0,,,,,7.0,hit,7.0,hit,3215.0,hit,,never_hit,,never_hit,,never_hit,,never_hit,6.0,hit,6.0,hit,0.0,hit,6.0,hit,11.0,hit,11.0,hit,,,True,True,True,False,3.900000000000034,,,True,True,True,False,3.900000000000034,,,True,True,True,False,3.900000000000034,,,True,True,True,False,3.900000000000034,,,,,,,,,,,,,,,,,,,,,,,,,,,,,,,,,,,,,,,,,,,,,,,,,,,,,,,,,,,,,,,,,2048
2024-08-26,2024-08-29,3,5.0,2024-08-26T09:31:00-04:00,5.049999999999983,NDXP  240829P19760000,NDXP  240829P19750000,development,False,False,0,0,0,55,0,1549,available,False,2024-08-26T09:31:00-04:00,2024-08-29T15:57:00-04:00,10.0,-10052.960000000034,3.0,last_observed_quote_not_settlement,1036.0,1416,141,4.900000000000006,47.039999999955235,2024-08-26T09:32:00-04:00,0.0,4.849999999999994,147.03999999997797,2024-08-26T09:33:00-04:00,0.0,5.050000000000011,-252.96000000005614,2024-08-26T09:36:00-04:00,0.0,5.0,-152.9600000000334,2024-08-26T09:41:00-04:00,0.0,5.349999999999966,-852.9599999999652,2024-08-26T09:46:00-04:00,0.0,5.550000000000011,-1252.9600000000562,2024-08-26T10:01:00-04:00,0.0,6.199999999999989,-2552.9600000000105,2024-08-26T10:31:00-04:00,0.0,7.600000000000023,-5352.960000000079,2024-08-26T11:31:00-04:00,0.0,8.400000000000034,-6952.960000000104,2024-08-26T16:00:00-04:00,0.0,7.199999999999989,-4552.960000000011,2024-08-27T16:00:00-04:00,0.0,5.699999999999989,-1552.9600000000107,2024-08-28T16:00:00-04:00,0.0,,,2024-08-29T15:57:00-04:00,180.0,0.0,hit,1.0,hit,56.0,hit,56.0,hit,,never_hit,,never_hit,,never_hit,30.0,hit,39.0,hit,39.0,hit,46.0,hit,71.0,hit,79.0,hit,8.449999999999932,44,True,True,False,False,,,,True,True,True,False,2.450000000000017,,,True,True,True,False,2.450000000000017,,,True,True,True,False,2.450000000000017,56.0,2024-08-26T10:27:00-04:00,2.8500000000000227,4147.039999999921,,,,,,,,,57.0,2024-08-26T10:28:00-04:00,4.300000000000011,1247.0399999999438,,,,,,,,,,,,,,,,,,,,,,,,,,,,,,,,,,,,,,,,,,,,,,,,,2049
2024-08-26,2024-08-29,3,6.0,2024-08-26T09:31:00-04:00,6.050000000000011,NDXP  240829P19870000,NDXP  240829P19860000,development,False,False,0,0,0,135,0,1469,available,False,2024-08-26T09:31:00-04:00,2024-08-29T15:59:00-04:00,10.0,-8052.959999999977,1.0,last_observed_quote_not_settlement,1037.0,1287,111,6.0,-152.95999999997656,2024-08-26T09:32:00-04:00,0.0,5.949999999999989,-52.959999999953816,2024-08-26T09:33:00-04:00,0.0,8.100000000000023,-4352.960000000024,2024-08-26T09:36:00-04:00,0.0,5.7000000000000455,447.0399999999325,2024-08-26T09:41:00-04:00,0.0,5.75,347.04000000002344,2024-08-26T09:46:00-04:00,0.0,5.099999999999966,1647.0400000000916,2024-08-26T10:01:00-04:00,0.0,7.199999999999989,-2552.9599999999537,2024-08-26T10:31:00-04:00,0.0,7.2000000000000455,-2552.9600000000673,2024-08-26T11:31:00-04:00,0.0,8.449999999999989,-5052.9599999999555,2024-08-26T16:00:00-04:00,0.0,7.050000000000011,-2252.959999999999,2024-08-27T16:00:00-04:00,0.0,8.800000000000068,-5752.960000000115,2024-08-28T16:00:00-04:00,0.0,,,2024-08-29T15:59:00-04:00,60.0,6.0,hit,20.0,hit,20.0,hit,1469.0,hit,1469.0,hit,,never_hit,,never_hit,5.0,hit,5.0,hit,5.0,hit,5.0,hit,70.0,hit,85.0,hit,10.0,356,True,True,True,True,,10.0,356,True,True,True,True,,,,True,True,True,False,4.599999999999966,,,True,True,True,False,4.599999999999966,1469.0,2024-08-27T10:00:00-04:00,1.4500000000000455,8947.039999999934,,,,,,,,,1470.0,2024-08-27T10:01:00-04:00,8.850000000000023,-5852.960000000024,1469.0,2024-08-27T10:00:00-04:00,1.4500000000000455,8947.039999999934,,,,,,,,,1470.0,2024-08-27T10:01:00-04:00,8.850000000000023,-5852.960000000024,,,,,,,,,,,,,,,,,,,,,,,,,,,,,,,,,2050
2024-08-26,2024-08-29,3,7.0,2024-08-26T09:31:00-04:00,7.0,NDXP  240829P19980000,NDXP  240829P19970000,development,False,False,0,0,0,139,0,1465,available,False,2024-08-26T09:31:00-04:00,2024-08-29T15:59:00-04:00,10.0,-6152.96,1.0,last_observed_quote_not_settlement,1036.0,1315,78,6.449999999999989,847.0400000000234,2024-08-26T09:32:00-04:00,0.0,6.7000000000000455,347.03999999990975,2024-08-26T09:33:00-04:00,0.0,8.050000000000068,-2352.9600000001374,2024-08-26T09:36:00-04:00,0.0,6.300000000000011,1147.039999999978,2024-08-26T09:41:00-04:00,0.0,6.850000000000023,47.039999999955235,2024-08-26T09:46:00-04:00,0.0,8.400000000000091,-3052.960000000183,2024-08-26T10:01:00-04:00,0.0,7.900000000000034,-2052.9600000000673,2024-08-26T10:31:00-04:00,0.0,8.549999999999955,-3352.95999999991,2024-08-26T11:31:00-04:00,0.0,8.300000000000068,-2852.9600000001374,2024-08-26T16:00:00-04:00,0.0,,,2024-08-27T15:59:00-04:00,60.0,,,2024-08-28T15:59:00-04:00,60.0,,,2024-08-29T15:59:00-04:00,60.0,3.0,hit,3.0,hit,1550.0,hit,,never_hit,,never_hit,,never_hit,,never_hit,5.0,hit,5.0,hit,0.0,hit,5.0,hit,9.0,hit,80.0,hit,,,True,True,True,False,3.5,,,True,True,True,False,3.5,,,True,True,True,False,3.5,,,True,True,True,False,3.5,,,,,,,,,,,,,,,,,,,,,,,,,,,,,,,,,,,,,,,,,,,,,,,,,,,,,,,,,,,,,,,,,2051
2024-08-27,2024-08-29,2,5.0,2024-08-27T09:31:00-04:00,4.950000000000017,NDXP  240829P19480000,NDXP  240829P19470000,development,False,False,0,0,0,11,0,1188,available,False,2024-08-27T09:31:00-04:00,2024-08-29T15:59:00-04:00,9.299999999999983,-8952.959999999932,1.0,last_observed_quote_not_settlement,1036.0,421,30,5.100000000000023,-552.9600000000107,2024-08-27T09:32:00-04:00,0.0,5.050000000000011,-452.95999999998793,2024-08-27T09:33:00-04:00,0.0,5.150000000000006,-652.9599999999766,2024-08-27T09:36:00-04:00,0.0,5.5,-1352.9599999999652,2024-08-27T09:41:00-04:00,0.0,5.649999999999977,-1652.9599999999198,2024-08-27T09:46:00-04:00,0.0,4.75,147.0400000000348,2024-08-27T10:01:00-04:00,0.0,3.9000000000000057,1847.0400000000234,2024-08-27T10:31:00-04:00,0.0,4.149999999999977,1347.0400000000802,2024-08-27T11:31:00-04:00,0.0,3.5999999999999943,2447.0400000000463,2024-08-27T16:00:00-04:00,0.0,7.699999999999989,-5752.959999999943,2024-08-28T16:00:00-04:00,0.0,,,2024-08-29T15:59:00-04:00,60.0,,,,,0.0,hit,0.0,hit,29.0,hit,2906.0,hit,2953.0,hit,3043.0,hit,,never_hit,10.0,hit,1532.0,hit,1546.0,hit,1595.0,hit,3188.0,hit,3189.0,hit,8.800000000000011,352,True,True,False,False,,8.800000000000011,353,True,True,False,False,,8.800000000000011,353,True,True,False,False,,,,True,True,True,False,4.350000000000016,2906.0,2024-08-29T09:57:00-04:00,2.799999999999997,4047.040000000041,2907.0,2024-08-29T09:58:00-04:00,2.6500000000000057,4347.040000000024,2908.0,2024-08-29T09:59:00-04:00,2.75,4147.0400000000345,2907.0,2024-08-29T09:58:00-04:00,2.6500000000000057,4347.040000000024,2957.0,2024-08-29T10:48:00-04:00,1.7000000000000028,6247.040000000029,2960.0,2024-08-29T10:51:00-04:00,1.6000000000000014,6447.040000000032,2961.0,2024-08-29T10:52:00-04:00,1.5999999999999979,6447.040000000039,2958.0,2024-08-29T10:49:00-04:00,2.349999999999998,4947.040000000039,3043.0,2024-08-29T12:14:00-04:00,0.9499999999999993,7747.040000000036,3044.0,2024-08-29T12:15:00-04:00,0.9000000000000012,7847.040000000033,3045.0,2024-08-29T12:16:00-04:00,0.9000000000000004,7847.0400000000345,3044.0,2024-08-29T12:15:00-04:00,0.9000000000000012,7847.040000000033,,,,,,,,,,,,,,,,,2052
2024-08-27,2024-08-29,2,6.0,2024-08-27T09:31:00-04:00,6.050000000000011,NDXP  240829P19620000,NDXP  240829P19610000,development,False,False,0,0,0,21,0,1178,available,False,2024-08-27T09:31:00-04:00,2024-08-29T15:59:00-04:00,10.0,-8052.959999999977,1.0,last_observed_quote_not_settlement,1036.0,593,82,6.75,-1652.9599999999766,2024-08-27T09:32:00-04:00,0.0,7.75,-3652.9599999999764,2024-08-27T09:33:00-04:00,0.0,6.2000000000000455,-552.9600000000676,2024-08-27T09:36:00-04:00,0.0,6.2999999999999545,-752.9599999998857,2024-08-27T09:41:00-04:00,0.0,6.850000000000023,-1852.960000000022,2024-08-27T09:46:00-04:00,0.0,6.949999999999989,-2052.9599999999537,2024-08-27T10:01:00-04:00,0.0,5.199999999999989,1447.0400000000461,2024-08-27T10:31:00-04:00,0.0,5.049999999999983,1747.0400000000575,2024-08-27T11:31:00-04:00,0.0,4.849999999999994,2147.040000000035,2024-08-27T16:00:00-04:00,0.0,7.0,-2152.9599999999764,2024-08-28T16:00:00-04:00,0.0,,,2024-08-29T15:59:00-04:00,60.0,,,,,24.0,hit,31.0,hit,37.0,hit,,never_hit,,never_hit,,never_hit,,never_hit,1.0,hit,2.0,hit,2.0,hit,14.0,hit,1576.0,hit,1576.0,hit,,,True,True,True,False,2.9499999999999886,,,True,True,True,False,2.9499999999999886,,,True,True,True,False,2.9499999999999886,,,True,True,True,False,2.9499999999999886,,,,,,,,,,,,,,,,,,,,,,,,,,,,,,,,,,,,,,,,,,,,,,,,,,,,,,,,,,,,,,,,,2053
2024-08-27,2024-08-29,2,7.0,2024-08-27T09:31:00-04:00,6.999999999999943,NDXP  240829P19860000,NDXP  240829P19850000,development,False,False,0,0,0,85,0,1114,available,False,2024-08-27T09:31:00-04:00,2024-08-29T15:59:00-04:00,10.0,-6152.960000000114,1.0,last_observed_quote_not_settlement,1036.0,920,122,7.899999999999977,-2052.9600000000673,2024-08-27T09:32:00-04:00,0.0,8.049999999999955,-2352.9600000000237,2024-08-27T09:33:00-04:00,0.0,7.900000000000034,-2052.960000000181,2024-08-27T09:36:00-04:00,0.0,8.399999999999977,-3052.960000000069,2024-08-27T09:41:00-04:00,0.0,,,2024-08-27T09:45:00-04:00,60.0,6.600000000000023,547.0399999998415,2024-08-27T10:01:00-04:00,0.0,7.0,-252.96000000011298,2024-08-27T10:31:00-04:00,0.0,7.800000000000068,-1852.9600000002495,2024-08-27T11:31:00-04:00,0.0,6.9500000000000455,-152.96000000020393,2024-08-27T16:00:00-04:00,0.0,5.899999999999977,1947.0399999999324,2024-08-28T16:00:00-04:00,0.0,,,2024-08-29T15:59:00-04:00,60.0,,,,,3.0,hit,3.0,hit,8.0,hit,22.0,hit,3225.0,hit,,never_hit,,never_hit,1.0,hit,2.0,hit,1.0,hit,2.0,hit,26.0,hit,29.0,hit,8.849999999999966,15,True,True,False,False,,10.0,898,True,True,True,True,,,,True,True,True,False,5.10000000000008,,,True,True,True,False,5.10000000000008,22.0,2024-08-27T09:53:00-04:00,2.25,9247.039999999888,,,,,,,,,,,,,3225.0,2024-08-29T15:16:00-04:00,1.8999999999998636,9947.040000000161,,,,,,,,,,,,,,,,,,,,,,,,,,,,,,,,,,,,,,,,,,,,,2054
2024-08-27,2024-08-30,3,5.0,2024-08-27T09:31:00-04:00,5.0,NDXP  240830P19480000,NDXP  240830P19470000,development,False,False,0,0,0,2,0,1603,available,False,2024-08-27T09:31:00-04:00,2024-08-30T16:00:00-04:00,0.225,9297.04,0.0,last_observed_quote_not_settlement,1036.0,681,63,5.100000000000023,-452.9600000000448,2024-08-27T09:32:00-04:00,0.0,4.949999999999989,-152.95999999997656,2024-08-27T09:33:00-04:00,0.0,5.200000000000017,-652.9600000000335,2024-08-27T09:36:00-04:00,0.0,5.399999999999977,-1052.9599999999539,2024-08-27T09:41:00-04:00,0.0,5.5,-1252.9599999999994,2024-08-27T09:46:00-04:00,0.0,4.699999999999989,347.04000000002344,2024-08-27T10:01:00-04:00,0.0,3.9000000000000057,1947.0399999999893,2024-08-27T10:31:00-04:00,0.0,4.0,1747.0400000000006,2024-08-27T11:31:00-04:00,0.0,4.0,1747.0400000000006,2024-08-27T16:00:00-04:00,0.0,8.199999999999989,-6652.959999999978,2024-08-28T16:00:00-04:00,0.0,7.0,-4252.959999999999,2024-08-29T16:00:00-04:00,0.0,0.225,9297.04,2024-08-30T16:00:00-04:00,0.0,0.0,hit,0.0,hit,56.0,hit,2953.0,hit,4349.0,hit,4700.0,hit,4701.0,hit,15.0,hit,22.0,hit,22.0,hit,1544.0,hit,1559.0,hit,1559.0,hit,9.850000000000023,324,True,True,True,True,,9.850000000000023,429,True,True,True,True,,9.850000000000023,681,True,True,True,True,,9.850000000000023,681,True,True,True,True,,2957.0,2024-08-29T10:48:00-04:00,2.8499999999999943,4047.040000000012,2958.0,2024-08-29T10:49:00-04:00,2.8500000000000014,4047.039999999998,2959.0,2024-08-29T10:50:00-04:00,2.75,4247.040000000001,2958.0,2024-08-29T10:49:00-04:00,2.8500000000000014,4047.039999999998,4700.0,2024-08-30T15:51:00-04:00,0.525,8697.04,4701.0,2024-08-30T15:52:00-04:00,0.30000000000000004,9147.040000000003,4702.0,2024-08-30T15:53:00-04:00,0.44999999999999996,8847.04,4701.0,2024-08-30T15:52:00-04:00,0.30000000000000004,9147.040000000003,4700.0,2024-08-30T15:51:00-04:00,0.525,8697.04,4701.0,2024-08-30T15:52:00-04:00,0.30000000000000004,9147.040000000003,4702.0,2024-08-30T15:53:00-04:00,0.44999999999999996,8847.04,4701.0,2024-08-30T15:52:00-04:00,0.30000000000000004,9147.040000000003,4701.0,2024-08-30T15:52:00-04:00,0.30000000000000004,9147.040000000003,4702.0,2024-08-30T15:53:00-04:00,0.44999999999999996,8847.04,4703.0,2024-08-30T15:54:00-04:00,0.44999999999999996,8847.04,4702.0,2024-08-30T15:53:00-04:00,0.44999999999999996,8847.04,2055
2024-08-27,2024-08-30,3,6.0,2024-08-27T09:31:00-04:00,6.050000000000011,NDXP  240830P19620000,NDXP  240830P19610000,development,False,False,0,0,0,31,0,1573,available,False,2024-08-27T09:31:00-04:00,2024-08-30T15:59:00-04:00,9.949999999999996,-8052.95999999997,1.0,last_observed_quote_not_settlement,1036.0,795,93,4.600000000000023,2647.039999999978,2024-08-27T09:32:00-04:00,0.0,7.399999999999977,-2952.959999999931,2024-08-27T09:33:00-04:00,0.0,5.900000000000091,47.03999999984155,2024-08-27T09:36:00-04:00,0.0,5.5,847.0400000000234,2024-08-27T09:41:00-04:00,0.0,7.25,-2652.9599999999764,2024-08-27T09:46:00-04:00,0.0,5.7000000000000455,447.0399999999325,2024-08-27T10:01:00-04:00,0.0,4.900000000000034,2047.0399999999554,2024-08-27T10:31:00-04:00,0.0,5.25,1347.0400000000234,2024-08-27T11:31:00-04:00,0.0,5.050000000000011,1747.0400000000006,2024-08-27T16:00:00-04:00,0.0,4.600000000000023,2647.039999999978,2024-08-28T16:00:00-04:00,0.0,8.449999999999989,-5052.9599999999555,2024-08-29T16:00:00-04:00,0.0,,,2024-08-30T15:59:00-04:00,60.0,1.0,hit,1.0,hit,22.0,hit,22.0,hit,22.0,hit,22.0,hit,22.0,hit,2.0,hit,2.0,hit,2.0,hit,11.0,hit,1552.0,hit,1607.0,hit,8.400000000000034,15,True,True,False,False,,8.400000000000034,15,True,True,False,False,,8.400000000000034,15,True,True,False,False,,8.400000000000034,15,True,True,False,False,,22.0,2024-08-27T09:53:00-04:00,0.0999999999999659,11647.040000000092,,,,,,,,,23.0,2024-08-27T09:54:00-04:00,5.399999999999977,1047.0400000000689,22.0,2024-08-27T09:53:00-04:00,0.0999999999999659,11647.040000000092,,,,,,,,,23.0,2024-08-27T09:54:00-04:00,5.399999999999977,1047.0400000000689,22.0,2024-08-27T09:53:00-04:00,0.0999999999999659,11647.040000000092,,,,,,,,,23.0,2024-08-27T09:54:00-04:00,5.399999999999977,1047.0400000000689,22.0,2024-08-27T09:53:00-04:00,0.0999999999999659,11647.040000000092,,,,,,,,,23.0,2024-08-27T09:54:00-04:00,5.399999999999977,1047.0400000000689,2056
2024-08-27,2024-08-30,3,7.0,2024-08-27T09:31:00-04:00,7.099999999999966,NDXP  240830P19900000,NDXP  240830P19890000,development,False,False,0,0,0,200,0,1402,available,False,2024-08-27T09:31:00-04:00,2024-08-30T15:58:00-04:00,9.950000000000045,-5952.960000000068,2.0,last_observed_quote_not_settlement,1037.0,1098,176,7.800000000000011,-1652.9600000000903,2024-08-27T09:32:00-04:00,0.0,8.199999999999989,-2452.9600000000464,2024-08-27T09:33:00-04:00,0.0,7.850000000000023,-1752.960000000113,2024-08-27T09:36:00-04:00,0.0,,,2024-08-27T09:40:00-04:00,60.0,8.200000000000045,-2452.96000000016,2024-08-27T09:46:00-04:00,0.0,7.850000000000023,-1752.960000000113,2024-08-27T10:01:00-04:00,0.0,7.199999999999932,-452.9599999999311,2024-08-27T10:31:00-04:00,0.0,7.350000000000023,-752.960000000113,2024-08-27T11:31:00-04:00,0.0,7.899999999999977,-1852.960000000022,2024-08-27T16:00:00-04:00,0.0,10.0,-5952.960000000068,2024-08-28T16:00:00-04:00,0.0,,,2024-08-29T15:59:00-04:00,60.0,,,2024-08-30T15:58:00-04:00,120.0,22.0,hit,22.0,hit,87.0,hit,123.0,hit,,never_hit,,never_hit,,never_hit,1.0,hit,2.0,hit,0.0,hit,2.0,hit,17.0,hit,23.0,hit,10.0,78,True,True,True,True,,,,True,True,True,False,4.949999999999989,,,True,True,True,False,4.949999999999989,,,True,True,True,False,4.949999999999989,123.0,2024-08-27T11:34:00-04:00,2.1499999999999773,9647.039999999979,,,,,,,,,124.0,2024-08-27T11:35:00-04:00,7.100000000000023,-252.96000000011298,,,,,,,,,,,,,,,,,,,,,,,,,,,,,,,,,,,,,,,,,,,,,,,,,2057
2024-08-28,2024-08-30,2,5.0,2024-08-28T09:31:00-04:00,5.0,NDXP  240830P19770000,NDXP  240830P19760000,development,False,False,0,0,1,92,0,1105,available,False,2024-08-28T09:31:00-04:00,2024-08-30T15:58:00-04:00,8.449999999999989,-7152.959999999978,2.0,last_observed_quote_not_settlement,1036.0,1036,10,7.050000000000068,-4352.960000000136,2024-08-28T09:32:00-04:00,0.0,6.650000000000034,-3552.9600000000673,2024-08-28T09:33:00-04:00,0.0,8.000000000000057,-6252.960000000115,2024-08-28T09:36:00-04:00,0.0,7.699999999999932,-5652.959999999863,2024-08-28T09:41:00-04:00,0.0,,,2024-08-28T09:45:00-04:00,60.0,8.550000000000011,-7352.960000000024,2024-08-28T10:01:00-04:00,0.0,8.199999999999989,-6652.959999999978,2024-08-28T10:31:00-04:00,0.0,9.0,-8252.960000000001,2024-08-28T11:31:00-04:00,0.0,1.0,7747.040000000001,2024-08-28T16:00:00-04:00,0.0,1.0500000000000682,7647.039999999864,2024-08-29T16:00:00-04:00,0.0,,,2024-08-30T15:58:00-04:00,120.0,,,,,0.0,hit,0.0,hit,222.0,hit,389.0,hit,389.0,hit,389.0,hit,,never_hit,1.0,hit,1.0,hit,1.0,hit,5.0,hit,20.0,hit,81.0,hit,10.0,376,True,True,True,True,,10.0,376,True,True,True,True,,10.0,376,True,True,True,True,,,,True,True,True,False,4.0,389.0,2024-08-28T16:00:00-04:00,1.0,7747.040000000001,,,,,,,,,390.0,2024-08-28T16:01:00-04:00,9.600000000000023,-9452.960000000046,389.0,2024-08-28T16:00:00-04:00,1.0,7747.040000000001,,,,,,,,,390.0,2024-08-28T16:01:00-04:00,9.600000000000023,-9452.960000000046,,,,,,,,,,,,,,,,,,,,,,,,,,,,,,,,,2058
2024-08-28,2024-08-30,2,6.0,2024-08-28T09:31:00-04:00,6.100000000000023,NDXP  240830P19940000,NDXP  240830P19930000,development,False,False,0,0,0,207,0,990,available,False,2024-08-28T09:31:00-04:00,2024-08-30T15:58:00-04:00,9.899999999999977,-7852.95999999991,2.0,last_observed_quote_not_settlement,1037.0,830,21,7.600000000000023,-3252.959999999999,2024-08-28T09:32:00-04:00,0.0,7.5499999999999545,-3152.9599999998627,2024-08-28T09:33:00-04:00,0.0,6.2999999999999545,-652.9599999998629,2024-08-28T09:36:00-04:00,0.0,9.299999999999955,-6652.9599999998645,2024-08-28T09:41:00-04:00,0.0,,,2024-08-28T09:45:00-04:00,60.0,8.500000000000057,-5052.960000000069,2024-08-28T10:01:00-04:00,0.0,8.0,-4052.9599999999555,2024-08-28T10:31:00-04:00,0.0,8.450000000000045,-4952.960000000046,2024-08-28T11:31:00-04:00,0.0,2.400000000000091,7147.039999999864,2024-08-28T16:00:00-04:00,0.0,9.899999999999977,-7852.95999999991,2024-08-29T16:00:00-04:00,0.0,,,2024-08-30T15:58:00-04:00,120.0,,,,,389.0,hit,389.0,hit,389.0,hit,389.0,hit,2891.0,hit,2891.0,hit,2891.0,hit,1.0,hit,1.0,hit,1.0,hit,6.0,hit,10.0,hit,19.0,hit,9.899999999999977,365,True,True,True,True,,10.0,641,True,True,True,True,,10.0,641,True,True,True,True,,10.0,641,True,True,True,True,,389.0,2024-08-28T16:00:00-04:00,2.400000000000091,7147.039999999864,,,,,,,,,390.0,2024-08-28T16:01:00-04:00,8.5,-5052.9599999999555,2891.0,2024-08-30T09:42:00-04:00,0.0,11947.040000000046,,,,,,,,,2892.0,2024-08-30T09:43:00-04:00,9.75,-7552.9599999999555,2891.0,2024-08-30T09:42:00-04:00,0.0,11947.040000000046,,,,,,,,,2892.0,2024-08-30T09:43:00-04:00,9.75,-7552.9599999999555,2891.0,2024-08-30T09:42:00-04:00,0.0,11947.040000000046,,,,,,,,,2892.0,2024-08-30T09:43:00-04:00,9.75,-7552.9599999999555,2059
2024-08-28,2024-08-30,2,7.0,2024-08-28T09:31:00-04:00,6.800000000000011,NDXP  240830P19840000,NDXP  240830P19830000,development,False,False,0,0,0,148,0,1049,available,False,2024-08-28T09:31:00-04:00,2024-08-30T15:59:00-04:00,8.449999999999989,-3552.9599999999555,1.0,last_observed_quote_not_settlement,1036.0,925,47,7.350000000000023,-1352.960000000022,2024-08-28T09:32:00-04:00,0.0,6.899999999999977,-452.9599999999311,2024-08-28T09:33:00-04:00,0.0,6.850000000000023,-352.96000000002203,2024-08-28T09:36:00-04:00,0.0,7.099999999999966,-852.9599999999084,2024-08-28T09:41:00-04:00,0.0,3.6000000000000227,6147.039999999978,2024-08-28T09:46:00-04:00,0.0,8.0,-2652.959999999978,2024-08-28T10:01:00-04:00,0.0,6.900000000000034,-452.9600000000448,2024-08-28T10:31:00-04:00,0.0,8.400000000000091,-3452.96000000016,2024-08-28T11:31:00-04:00,0.0,6.899999999999977,-452.9599999999311,2024-08-28T16:00:00-04:00,0.0,,,2024-08-29T15:59:00-04:00,60.0,,,2024-08-30T15:59:00-04:00,60.0,,,,,15.0,hit,15.0,hit,15.0,hit,394.0,hit,394.0,hit,,never_hit,,never_hit,1.0,hit,30.0,hit,1.0,hit,30.0,hit,33.0,hit,45.0,hit,10.0,374,True,True,True,True,,10.0,374,True,True,True,True,,,,True,True,True,False,5.250000000000057,,,True,True,True,False,5.250000000000057,394.0,2024-08-28T16:05:00-04:00,1.5499999999999545,10247.040000000115,,,,,,,,,395.0,2024-08-28T16:06:00-04:00,8.049999999999955,-2752.9599999998873,394.0,2024-08-28T16:05:00-04:00,1.5499999999999545,10247.040000000115,,,,,,,,,395.0,2024-08-28T16:06:00-04:00,8.049999999999955,-2752.9599999998873,,,,,,,,,,,,,,,,,,,,,,,,,,,,,,,,,2060
2024-09-03,2024-09-05,2,5.0,2024-09-03T09:31:00-04:00,5.100000000000023,NDXP  240905P19450000,NDXP  240905P19440000,development,False,False,0,0,0,134,0,1065,available,False,2024-09-03T09:31:00-04:00,2024-09-05T15:59:00-04:00,10.0,-9952.959999999954,1.0,last_observed_quote_not_settlement,1037.0,959,9,4.449999999999989,1047.0400000000689,2024-09-03T09:32:00-04:00,0.0,7.0,-4052.9599999999537,2024-09-03T09:33:00-04:00,0.0,6.5,-3052.9599999999537,2024-09-03T09:36:00-04:00,0.0,6.200000000000017,-2452.9599999999878,2024-09-03T09:41:00-04:00,0.0,5.600000000000023,-1252.9599999999994,2024-09-03T09:46:00-04:00,0.0,6.5,-3052.9599999999537,2024-09-03T10:01:00-04:00,0.0,6.75,-3552.9599999999537,2024-09-03T10:31:00-04:00,0.0,8.100000000000023,-6252.960000000001,2024-09-03T11:31:00-04:00,0.0,9.299999999999955,-8652.959999999865,2024-09-03T16:00:00-04:00,0.0,,,2024-09-04T15:59:00-04:00,60.0,,,2024-09-05T15:59:00-04:00,60.0,,,,,0.0,hit,1.0,hit,66.0,hit,66.0,hit,,never_hit,,never_hit,,never_hit,2.0,hit,2.0,hit,2.0,hit,45.0,hit,73.0,hit,178.0,hit,8.499999999999943,60,True,True,False,False,,,,True,True,True,False,2.400000000000034,,,True,True,True,False,2.400000000000034,,,True,True,True,False,2.400000000000034,66.0,2024-09-03T10:37:00-04:00,2.6999999999999886,4547.040000000069,,,,,,,,,67.0,2024-09-03T10:38:00-04:00,7.9500000000000455,-5952.960000000046,,,,,,,,,,,,,,,,,,,,,,,,,,,,,,,,,,,,,,,,,,,,,,,,,2061
2024-09-03,2024-09-05,2,6.0,2024-09-03T09:31:00-04:00,6.050000000000011,NDXP  240905P19520000,NDXP  240905P19510000,development,False,False,0,0,0,160,0,1039,available,False,2024-09-03T09:31:00-04:00,2024-09-05T15:59:00-04:00,10.0,-8052.959999999977,1.0,last_observed_quote_not_settlement,1037.0,905,19,5.849999999999994,147.0400000000348,2024-09-03T09:32:00-04:00,0.0,6.25,-652.9599999999766,2024-09-03T09:33:00-04:00,0.0,6.349999999999994,-852.9599999999652,2024-09-03T09:36:00-04:00,0.0,6.700000000000017,-1552.9600000000107,2024-09-03T09:41:00-04:00,0.0,6.949999999999989,-2052.9599999999537,2024-09-03T09:46:00-04:00,0.0,7.050000000000011,-2252.959999999999,2024-09-03T10:01:00-04:00,0.0,7.649999999999977,-3452.959999999931,2024-09-03T10:31:00-04:00,0.0,8.649999999999977,-5452.959999999933,2024-09-03T11:31:00-04:00,0.0,6.75,-1652.9599999999766,2024-09-03T16:00:00-04:00,0.0,8.150000000000091,-4452.96000000016,2024-09-04T16:00:00-04:00,0.0,,,2024-09-05T15:59:00-04:00,60.0,,,,,371.0,hit,371.0,hit,371.0,hit,,never_hit,,never_hit,,never_hit,,never_hit,9.0,hit,22.0,hit,22.0,hit,37.0,hit,53.0,hit,137.0,hit,,,True,True,True,False,2.0500000000000114,,,True,True,True,False,2.0500000000000114,,,True,True,True,False,2.0500000000000114,,,True,True,True,False,2.0500000000000114,,,,,,,,,,,,,,,,,,,,,,,,,,,,,,,,,,,,,,,,,,,,,,,,,,,,,,,,,,,,,,,,,2062
2024-09-03,2024-09-05,2,7.0,2024-09-03T09:31:00-04:00,7.050000000000011,NDXP  240905P19620000,NDXP  240905P19610000,development,False,False,0,0,0,145,0,1053,available,False,2024-09-03T09:31:00-04:00,2024-09-05T15:59:00-04:00,10.0,-6052.959999999977,1.0,last_observed_quote_not_settlement,1039.0,938,9,6.75,347.04000000002344,2024-09-03T09:32:00-04:00,0.0,7.550000000000011,-1252.9599999999994,2024-09-03T09:33:00-04:00,0.0,7.699999999999989,-1552.9599999999539,2024-09-03T09:36:00-04:00,0.0,7.800000000000011,-1752.9599999999994,2024-09-03T09:41:00-04:00,0.0,7.5499999999999545,-1252.9599999998857,2024-09-03T09:46:00-04:00,0.0,8.0,-2152.959999999978,2024-09-03T10:01:00-04:00,0.0,8.299999999999955,-2752.9599999998873,2024-09-03T10:31:00-04:00,0.0,9.099999999999909,-4352.959999999796,2024-09-03T11:31:00-04:00,0.0,9.299999999999955,-4752.959999999887,2024-09-03T16:00:00-04:00,0.0,9.950000000000045,-6052.959999999977,2024-09-04T16:00:00-04:00,0.0,,,2024-09-05T15:59:00-04:00,60.0,,,,,,never_hit,,never_hit,,never_hit,,never_hit,,never_hit,,never_hit,,never_hit,2.0,hit,16.0,hit,0.0,hit,16.0,hit,31.0,hit,31.0,hit,,,True,True,True,False,0.8500000000000227,,,True,True,True,False,0.8500000000000227,,,True,True,True,False,0.8500000000000227,,,True,True,True,False,0.8500000000000227,,,,,,,,,,,,,,,,,,,,,,,,,,,,,,,,,,,,,,,,,,,,,,,,,,,,,,,,,,,,,,,,,2063
2024-09-03,2024-09-06,3,5.0,2024-09-03T09:31:00-04:00,5.050000000000011,NDXP  240906P19450000,NDXP  240906P19440000,development,False,False,0,0,0,93,0,1511,available,False,2024-09-03T09:31:00-04:00,2024-09-06T15:59:00-04:00,9.999999999999886,-10052.959999999975,1.0,last_observed_quote_not_settlement,1037.0,1305,117,5.149999999999977,-452.9599999999311,2024-09-03T09:32:00-04:00,0.0,4.800000000000011,247.04000000000067,2024-09-03T09:33:00-04:00,0.0,5.25,-652.9599999999766,2024-09-03T09:36:00-04:00,0.0,5.500000000000028,-1152.9600000000335,2024-09-03T09:41:00-04:00,0.0,5.399999999999977,-952.9599999999311,2024-09-03T09:46:00-04:00,0.0,5.850000000000023,-1852.960000000022,2024-09-03T10:01:00-04:00,0.0,5.0,-152.95999999997656,2024-09-03T10:31:00-04:00,0.0,5.0,-152.95999999997656,2024-09-03T11:31:00-04:00,0.0,,,2024-09-03T15:59:00-04:00,60.0,,,2024-09-04T15:59:00-04:00,60.0,8.800000000000011,-7752.960000000001,2024-09-05T16:00:00-04:00,0.0,,,2024-09-06T15:59:00-04:00,60.0,0.0,hit,2.0,hit,52.0,hit,52.0,hit,92.0,hit,,never_hit,,never_hit,18.0,hit,39.0,hit,55.0,hit,83.0,hit,373.0,hit,380.0,hit,6.5499999999999545,33,False,False,False,False,,8.5,51,True,True,False,False,,,,True,True,True,False,3.8999999999999773,,,True,True,True,False,3.8999999999999773,52.0,2024-09-03T10:23:00-04:00,2.7999999999999545,4247.040000000115,,,,,,,,,53.0,2024-09-03T10:24:00-04:00,6.0,-2152.9599999999764,92.0,2024-09-03T11:03:00-04:00,1.150000000000034,7547.039999999955,,,,,,,,,93.0,2024-09-03T11:04:00-04:00,4.75,347.04000000002344,,,,,,,,,,,,,,,,,,,,,,,,,,,,,,,,,2064
2024-09-03,2024-09-06,3,6.0,2024-09-03T09:31:00-04:00,6.0,NDXP  240906P19540000,NDXP  240906P19530000,development,False,False,0,0,0,134,0,1470,available,False,2024-09-03T09:31:00-04:00,2024-09-06T15:58:00-04:00,10.0,-8152.96,2.0,last_observed_quote_not_settlement,1039.0,1338,35,5.650000000000006,447.03999999998933,2024-09-03T09:32:00-04:00,0.0,8.0,-4252.960000000001,2024-09-03T09:33:00-04:00,0.0,6.749999999999943,-1752.9599999998857,2024-09-03T09:36:00-04:00,0.0,4.400000000000034,2947.0399999999327,2024-09-03T09:41:00-04:00,0.0,4.5,2747.040000000001,2024-09-03T09:46:00-04:00,0.0,8.150000000000034,-4552.960000000069,2024-09-03T10:01:00-04:00,0.0,7.850000000000023,-3952.9600000000446,2024-09-03T10:31:00-04:00,0.0,6.949999999999989,-2152.9599999999764,2024-09-03T11:31:00-04:00,0.0,9.5,-7252.960000000001,2024-09-03T16:00:00-04:00,0.0,9.200000000000045,-6652.960000000092,2024-09-04T16:00:00-04:00,0.0,9.799999999999955,-7852.95999999991,2024-09-05T16:00:00-04:00,0.0,,,2024-09-06T15:58:00-04:00,120.0,6.0,hit,6.0,hit,8.0,hit,8.0,hit,,never_hit,,never_hit,,never_hit,2.0,hit,2.0,hit,2.0,hit,2.0,hit,14.0,hit,14.0,hit,8.75,5,True,True,False,False,,,,True,True,True,False,3.75,,,True,True,True,False,3.75,,,True,True,True,False,3.75,8.0,2024-09-03T09:39:00-04:00,2.25,7247.040000000001,,,,,,,,,9.0,2024-09-03T09:40:00-04:00,3.7000000000000455,4347.03999999991,,,,,,,,,,,,,,,,,,,,,,,,,,,,,,,,,,,,,,,,,,,,,,,,,2065
2024-09-03,2024-09-06,3,7.0,2024-09-03T09:31:00-04:00,7.0,NDXP  240906P19690000,NDXP  240906P19680000,development,False,False,0,0,0,201,0,1402,available,False,2024-09-03T09:31:00-04:00,2024-09-06T15:59:00-04:00,8.75,-3752.960000000001,1.0,last_observed_quote_not_settlement,1037.0,1233,34,4.899999999999977,3947.0400000000463,2024-09-03T09:32:00-04:00,0.0,7.900000000000091,-2052.960000000181,2024-09-03T09:33:00-04:00,0.0,9.450000000000045,-5152.960000000092,2024-09-03T09:36:00-04:00,0.0,7.5,-1252.9599999999994,2024-09-03T09:41:00-04:00,0.0,6.4500000000000455,847.0399999999097,2024-09-03T09:46:00-04:00,0.0,8.849999999999966,-3952.9599999999327,2024-09-03T10:01:00-04:00,0.0,7.800000000000011,-1852.960000000022,2024-09-03T10:31:00-04:00,0.0,8.600000000000023,-3452.9600000000464,2024-09-03T11:31:00-04:00,0.0,,,2024-09-03T15:59:00-04:00,60.0,,,2024-09-04T15:59:00-04:00,60.0,,,2024-09-05T15:59:00-04:00,60.0,,,2024-09-06T15:59:00-04:00,60.0,1.0,hit,1.0,hit,33.0,hit,4700.0,hit,4700.0,hit,4700.0,hit,,never_hit,2.0,hit,3.0,hit,0.0,hit,3.0,hit,3.0,hit,3.0,hit,10.0,1228,True,True,True,True,,10.0,1228,True,True,True,True,,10.0,1228,True,True,True,True,,,,True,True,True,False,6.2000000000000455,4700.0,2024-09-06T15:51:00-04:00,0.7999999999999545,12147.040000000092,,,,,,,,,4701.0,2024-09-06T15:52:00-04:00,10.0,-6152.96,4700.0,2024-09-06T15:51:00-04:00,0.7999999999999545,12147.040000000092,,,,,,,,,4701.0,2024-09-06T15:52:00-04:00,10.0,-6152.96,4700.0,2024-09-06T15:51:00-04:00,0.7999999999999545,12147.040000000092,,,,,,,,,4701.0,2024-09-06T15:52:00-04:00,10.0,-6152.96,,,,,,,,,,,,,,,,,2066
2024-09-04,2024-09-06,2,5.0,2024-09-04T09:31:00-04:00,4.949999999999989,NDXP  240906P18900000,NDXP  240906P18890000,development,False,False,0,0,0,70,0,1129,available,False,2024-09-04T09:31:00-04:00,2024-09-06T15:59:00-04:00,10.0,-10252.960000000021,1.0,last_observed_quote_not_settlement,1036.0,341,54,4.650000000000006,347.0399999999666,2024-09-04T09:32:00-04:00,0.0,4.25,1147.039999999978,2024-09-04T09:33:00-04:00,0.0,4.899999999999977,-152.95999999997656,2024-09-04T09:36:00-04:00,0.0,4.949999999999989,-252.9599999999993,2024-09-04T09:41:00-04:00,0.0,4.25,1147.039999999978,2024-09-04T09:46:00-04:00,0.0,5.400000000000034,-1152.9600000000903,2024-09-04T10:01:00-04:00,0.0,3.849999999999966,1947.0400000000461,2024-09-04T10:31:00-04:00,0.0,4.199999999999989,1247.0400000000006,2024-09-04T11:31:00-04:00,0.0,4.550000000000011,547.0399999999552,2024-09-04T16:00:00-04:00,0.0,4.5,647.0399999999779,2024-09-05T16:00:00-04:00,0.0,,,2024-09-06T15:59:00-04:00,60.0,,,,,0.0,hit,0.0,hit,40.0,hit,94.0,hit,94.0,hit,,never_hit,,never_hit,31.0,hit,31.0,hit,2906.0,hit,2914.0,hit,2927.0,hit,2943.0,hit,6.25,9,False,False,False,False,,6.25,9,False,False,False,False,,,,True,True,True,False,3.499999999999986,,,True,True,True,False,3.499999999999986,94.0,2024-09-04T11:05:00-04:00,1.4500000000000028,6747.039999999973,1497.0,2024-09-05T10:28:00-04:00,2.8000000000000114,4047.0399999999554,1498.0,2024-09-05T10:29:00-04:00,2.799999999999997,4047.0399999999836,95.0,2024-09-04T11:06:00-04:00,3.3499999999999943,2947.0399999999895,94.0,2024-09-04T11:05:00-04:00,1.4500000000000028,6747.039999999973,,,,,,,,,95.0,2024-09-04T11:06:00-04:00,3.3499999999999943,2947.0399999999895,,,,,,,,,,,,,,,,,,,,,,,,,,,,,,,,,2067
2024-09-04,2024-09-06,2,6.0,2024-09-04T09:31:00-04:00,6.0,NDXP  240906P19350000,NDXP  240906P19340000,development,False,False,0,0,0,112,0,1087,available,False,2024-09-04T09:31:00-04:00,2024-09-06T15:59:00-04:00,10.0,-8152.96,1.0,last_observed_quote_not_settlement,1036.0,956,52,8.600000000000023,-5452.960000000046,2024-09-04T09:32:00-04:00,0.0,3.4500000000000455,4847.03999999991,2024-09-04T09:33:00-04:00,0.0,8.399999999999977,-5052.9599999999555,2024-09-04T09:36:00-04:00,0.0,8.600000000000023,-5452.960000000046,2024-09-04T09:41:00-04:00,0.0,8.100000000000023,-4452.960000000046,2024-09-04T09:46:00-04:00,0.0,,,2024-09-04T10:00:00-04:00,60.0,7.699999999999989,-3652.9599999999764,2024-09-04T10:31:00-04:00,0.0,0.6499999999999773,10447.040000000046,2024-09-04T11:31:00-04:00,0.0,,,2024-09-04T15:58:00-04:00,120.0,8.050000000000011,-4352.960000000024,2024-09-05T16:00:00-04:00,0.0,,,2024-09-06T15:59:00-04:00,60.0,,,,,2.0,hit,2.0,hit,2.0,hit,40.0,hit,40.0,hit,40.0,hit,1544.0,hit,1.0,hit,1.0,hit,1.0,hit,1.0,hit,16.0,hit,16.0,hit,9.700000000000045,30,True,True,True,True,,9.700000000000045,30,True,True,True,True,,9.700000000000045,30,True,True,True,True,,10.0,458,True,True,True,True,,40.0,2024-09-04T10:11:00-04:00,0.7999999999999545,10147.040000000092,1544.0,2024-09-05T11:15:00-04:00,0.0,11747.04,1553.0,2024-09-05T11:24:00-04:00,0.30000000000001137,11147.039999999979,41.0,2024-09-04T10:12:00-04:00,8.050000000000011,-4352.960000000024,40.0,2024-09-04T10:11:00-04:00,0.7999999999999545,10147.040000000092,,,,,,,,,41.0,2024-09-04T10:12:00-04:00,8.050000000000011,-4352.960000000024,40.0,2024-09-04T10:11:00-04:00,0.7999999999999545,10147.040000000092,,,,,,,,,41.0,2024-09-04T10:12:00-04:00,8.050000000000011,-4352.960000000024,1544.0,2024-09-05T11:15:00-04:00,0.0,11747.04,,,,,,,,,,,,,2068
2024-09-04,2024-09-06,2,7.0,2024-09-04T09:31:00-04:00,7.149999999999977,NDXP  240906P19180000,NDXP  240906P19170000,development,False,False,0,0,0,72,0,1127,available,False,2024-09-04T09:31:00-04:00,2024-09-06T15:59:00-04:00,10.0,-5852.9600000000455,1.0,last_observed_quote_not_settlement,1036.0,687,219,8.050000000000011,-2052.960000000069,2024-09-04T09:32:00-04:00,0.0,6.9500000000000455,147.03999999986428,2024-09-04T09:33:00-04:00,0.0,6.149999999999977,1747.0400000000006,2024-09-04T09:36:00-04:00,0.0,7.0499999999999545,-52.959999999953816,2024-09-04T09:41:00-04:00,0.0,5.949999999999989,2147.039999999978,2024-09-04T09:46:00-04:00,0.0,8.600000000000023,-3152.960000000092,2024-09-04T10:01:00-04:00,0.0,6.300000000000011,1447.0399999999324,2024-09-04T10:31:00-04:00,0.0,,,2024-09-04T11:30:00-04:00,60.0,8.899999999999977,-3752.960000000001,2024-09-04T16:00:00-04:00,0.0,7.5,-952.9600000000448,2024-09-05T16:00:00-04:00,0.0,,,2024-09-06T15:59:00-04:00,60.0,,,,,67.0,hit,67.0,hit,97.0,hit,97.0,hit,97.0,hit,,never_hit,,never_hit,1.0,hit,30.0,hit,0.0,hit,1.0,hit,110.0,hit,110.0,hit,8.699999999999989,21,True,True,False,False,,8.699999999999989,21,True,True,False,False,,,,True,True,True,False,5.599999999999994,,,True,True,True,False,5.599999999999994,97.0,2024-09-04T11:08:00-04:00,1.549999999999983,10947.03999999999,,,,,,,,,98.0,2024-09-04T11:09:00-04:00,6.75,547.0399999999552,97.0,2024-09-04T11:08:00-04:00,1.549999999999983,10947.03999999999,,,,,,,,,98.0,2024-09-04T11:09:00-04:00,6.75,547.0399999999552,,,,,,,,,,,,,,,,,,,,,,,,,,,,,,,,,2069
2024-09-06,2024-09-09,3,5.0,2024-09-06T09:31:00-04:00,5.049999999999983,NDXP  240909P18970000,NDXP  240909P18960000,development,False,False,0,0,0,159,0,635,available,False,2024-09-06T09:31:00-04:00,2024-09-09T15:59:00-04:00,9.699999999999932,-9552.959999999897,1.0,last_observed_quote_not_settlement,3916.0,527,12,5.050000000000011,-252.96000000005614,2024-09-06T09:32:00-04:00,0.0,4.200000000000017,1447.0399999999324,2024-09-06T09:33:00-04:00,0.0,5.5,-1152.9600000000335,2024-09-06T09:36:00-04:00,0.0,6.900000000000034,-3952.9600000001014,2024-09-06T09:41:00-04:00,0.0,6.299999999999983,-2752.959999999999,2024-09-06T09:46:00-04:00,0.0,7.500000000000057,-5152.960000000147,2024-09-06T10:01:00-04:00,0.0,8.300000000000011,-6752.960000000058,2024-09-06T10:31:00-04:00,0.0,9.399999999999977,-8952.959999999988,2024-09-06T11:31:00-04:00,0.0,9.799999999999955,-9752.959999999943,2024-09-06T16:00:00-04:00,0.0,,,2024-09-06T16:15:00-04:00,85500.0,,,2024-09-06T16:15:00-04:00,171900.0,,,2024-09-09T15:59:00-04:00,60.0,0.0,hit,2.0,hit,95.0,hit,95.0,hit,95.0,hit,95.0,hit,,never_hit,3.0,hit,7.0,hit,22.0,hit,42.0,hit,61.0,hit,67.0,hit,10.0,85,True,True,True,True,,10.0,85,True,True,True,True,,10.0,85,True,True,True,True,,,,True,True,True,False,4.150000000000006,95.0,2024-09-06T11:06:00-04:00,0.8999999999999773,8047.040000000012,,,,,,,,,96.0,2024-09-06T11:07:00-04:00,8.599999999999966,-7352.959999999967,95.0,2024-09-06T11:06:00-04:00,0.8999999999999773,8047.040000000012,,,,,,,,,96.0,2024-09-06T11:07:00-04:00,8.599999999999966,-7352.959999999967,95.0,2024-09-06T11:06:00-04:00,0.8999999999999773,8047.040000000012,,,,,,,,,96.0,2024-09-06T11:07:00-04:00,8.599999999999966,-7352.959999999967,,,,,,,,,,,,,,,,,2070
2024-09-06,2024-09-09,3,6.0,2024-09-06T09:31:00-04:00,6.0499999999999545,NDXP  240909P19930000,NDXP  240909P19920000,development,False,False,0,0,0,130,0,664,available,False,2024-09-06T09:31:00-04:00,2024-09-09T15:59:00-04:00,10.0,-8052.960000000091,1.0,last_observed_quote_not_settlement,3916.0,567,0,,,2024-09-06T09:31:00-04:00,60.0,9.950000000000045,-8052.960000000091,2024-09-06T09:33:00-04:00,0.0,9.949999999999818,-8052.959999999728,2024-09-06T09:36:00-04:00,0.0,,,2024-09-06T09:40:00-04:00,60.0,,,2024-09-06T09:45:00-04:00,60.0,9.950000000000045,-8052.960000000091,2024-09-06T10:01:00-04:00,0.0,9.600000000000136,-7352.960000000365,2024-09-06T10:31:00-04:00,0.0,,,2024-09-06T11:30:00-04:00,60.0,9.899999999999864,-7952.959999999819,2024-09-06T16:00:00-04:00,0.0,,,2024-09-06T16:15:00-04:00,85500.0,,,2024-09-06T16:15:00-04:00,171900.0,,,2024-09-09T15:59:00-04:00,60.0,,never_hit,,never_hit,,never_hit,,never_hit,,never_hit,,never_hit,,never_hit,2.0,hit,2.0,hit,2.0,hit,2.0,hit,2.0,hit,2.0,hit,,,True,True,True,False,0.0,,,True,True,True,False,0.0,,,True,True,True,False,0.0,,,True,True,True,False,0.0,,,,,,,,,,,,,,,,,,,,,,,,,,,,,,,,,,,,,,,,,,,,,,,,,,,,,,,,,,,,,,,,,2071
2024-09-06,2024-09-09,3,7.0,2024-09-06T09:31:00-04:00,7.149999999999977,NDXP  240909P19360000,NDXP  240909P19350000,development,False,False,0,0,0,183,0,611,available,False,2024-09-06T09:31:00-04:00,2024-09-09T15:59:00-04:00,9.950000000000045,-5852.9600000000455,1.0,last_observed_quote_not_settlement,3916.0,495,7,8.050000000000011,-2052.960000000069,2024-09-06T09:32:00-04:00,0.0,9.299999999999955,-4552.9599999999555,2024-09-06T09:33:00-04:00,0.0,8.5,-2952.9600000000464,2024-09-06T09:36:00-04:00,0.0,9.600000000000023,-5152.960000000092,2024-09-06T09:41:00-04:00,0.0,9.300000000000068,-4552.960000000183,2024-09-06T09:46:00-04:00,0.0,9.800000000000182,-5552.96000000041,2024-09-06T10:01:00-04:00,0.0,8.850000000000023,-3652.960000000092,2024-09-06T10:31:00-04:00,0.0,,,2024-09-06T11:30:00-04:00,60.0,,,2024-09-06T15:58:00-04:00,120.0,,,2024-09-06T16:15:00-04:00,85500.0,,,2024-09-06T16:15:00-04:00,171900.0,,,2024-09-09T15:59:00-04:00,60.0,89.0,hit,89.0,hit,125.0,hit,4434.0,hit,4434.0,hit,,never_hit,,never_hit,1.0,hit,2.0,hit,0.0,hit,1.0,hit,2.0,hit,7.0,hit,10.0,276,True,True,True,True,,10.0,276,True,True,True,True,,,,True,True,True,False,5.9500000000000455,,,True,True,True,False,5.9500000000000455,4434.0,2024-09-09T11:25:00-04:00,1.1999999999999318,11647.040000000092,,,,,,,,,4435.0,2024-09-09T11:26:00-04:00,10.0,-5852.9600000000455,4434.0,2024-09-09T11:25:00-04:00,1.1999999999999318,11647.040000000092,,,,,,,,,4435.0,2024-09-09T11:26:00-04:00,10.0,-5852.9600000000455,,,,,,,,,,,,,,,,,,,,,,,,,,,,,,,,,2072
2024-09-09,2024-09-11,2,5.0,2024-09-09T09:31:00-04:00,5.0,NDXP  240911P18660000,NDXP  240911P18650000,development,False,False,0,0,0,38,0,1161,available,False,2024-09-09T09:31:00-04:00,2024-09-11T15:59:00-04:00,0.0,9747.04,1.0,last_observed_quote_not_settlement,1036.0,282,57,5.300000000000011,-852.9600000000221,2024-09-09T09:32:00-04:00,0.0,4.849999999999994,47.04000000001208,2024-09-09T09:33:00-04:00,0.0,5.099999999999994,-452.95999999998793,2024-09-09T09:36:00-04:00,0.0,4.800000000000011,147.03999999997797,2024-09-09T09:41:00-04:00,0.0,4.699999999999989,347.04000000002344,2024-09-09T09:46:00-04:00,0.0,4.550000000000011,647.0399999999779,2024-09-09T10:01:00-04:00,0.0,5.699999999999989,-1652.9599999999766,2024-09-09T10:31:00-04:00,0.0,5.399999999999977,-1052.9599999999539,2024-09-09T11:31:00-04:00,0.0,4.149999999999977,1447.0400000000461,2024-09-09T16:00:00-04:00,0.0,2.799999999999997,4147.040000000006,2024-09-10T16:00:00-04:00,0.0,,,2024-09-11T15:59:00-04:00,60.0,,,,,0.0,hit,0.0,hit,16.0,hit,16.0,hit,1498.0,hit,3021.0,hit,3059.0,hit,60.0,hit,71.0,hit,105.0,hit,,never_hit,,never_hit,,never_hit,5.300000000000011,5,False,False,False,False,,7.450000000000017,184,True,False,False,False,,7.949999999999989,282,True,False,False,False,,7.949999999999989,282,True,False,False,False,,16.0,2024-09-09T09:47:00-04:00,2.8499999999999943,4047.040000000012,1781.0,2024-09-10T15:12:00-04:00,2.75,4247.040000000001,1782.0,2024-09-10T15:13:00-04:00,2.8999999999999986,3947.0400000000036,17.0,2024-09-09T09:48:00-04:00,4.600000000000023,547.0399999999552,1498.0,2024-09-10T10:29:00-04:00,1.5500000000000114,6647.039999999978,2881.0,2024-09-11T09:32:00-04:00,1.5500000000000007,6647.039999999999,2882.0,2024-09-11T09:33:00-04:00,1.7499999999999964,6247.040000000008,1499.0,2024-09-10T10:30:00-04:00,3.700000000000017,2347.0399999999668,3021.0,2024-09-11T11:52:00-04:00,0.9499999999999993,7847.040000000002,3045.0,2024-09-11T12:16:00-04:00,0.9000000000000021,7947.039999999996,3051.0,2024-09-11T12:22:00-04:00,0.6999999999999993,8347.040000000003,3022.0,2024-09-11T11:53:00-04:00,2.25,5247.040000000001,3069.0,2024-09-11T12:40:00-04:00,0.40000000000000036,8947.04,3092.0,2024-09-11T13:03:00-04:00,0.375,8997.04,3093.0,2024-09-11T13:04:00-04:00,0.32499999999999973,9097.04,3070.0,2024-09-11T12:41:00-04:00,0.5500000000000007,8647.04,2073
2024-09-09,2024-09-11,2,6.0,2024-09-09T09:31:00-04:00,6.099999999999966,NDXP  240911P18770000,NDXP  240911P18760000,development,False,False,0,0,16,24,0,1175,available,False,2024-09-09T09:31:00-04:00,2024-09-11T15:59:00-04:00,0.0,11947.039999999934,1.0,last_observed_quote_not_settlement,1036.0,344,101,7.349999999999966,-2752.959999999999,2024-09-09T09:32:00-04:00,0.0,5.649999999999977,647.0399999999779,2024-09-09T09:33:00-04:00,0.0,5.700000000000017,547.0399999998983,2024-09-09T09:36:00-04:00,0.0,5.900000000000006,147.03999999992112,2024-09-09T09:41:00-04:00,0.0,5.399999999999977,1147.039999999978,2024-09-09T09:46:00-04:00,0.0,5.600000000000023,747.039999999887,2024-09-09T10:01:00-04:00,0.0,6.5,-1052.9600000000676,2024-09-09T10:31:00-04:00,0.0,7.050000000000011,-2152.96000000009,2024-09-09T11:31:00-04:00,0.0,5.75,447.0399999999325,2024-09-09T16:00:00-04:00,0.0,1.1000000000000085,9747.039999999917,2024-09-10T16:00:00-04:00,0.0,,,2024-09-11T15:59:00-04:00,60.0,,,,,3.0,hit,20.0,hit,27.0,hit,1829.0,hit,1829.0,hit,3093.0,hit,3124.0,hit,1.0,hit,1.0,hit,1.0,hit,106.0,hit,2960.0,hit,2962.0,hit,8.5,258,True,True,False,False,,8.5,258,True,True,False,False,,9.700000000000017,344,True,True,True,True,,9.700000000000017,344,True,True,True,True,,1829.0,2024-09-10T16:00:00-04:00,1.1000000000000085,9747.039999999917,3035.0,2024-09-11T12:06:00-04:00,2.6000000000000014,6747.03999999993,3036.0,2024-09-11T12:07:00-04:00,2.799999999999997,6347.039999999938,1830.0,2024-09-10T16:01:00-04:00,4.1499999999999915,3647.0399999999495,1829.0,2024-09-10T16:00:00-04:00,1.1000000000000085,9747.039999999917,3058.0,2024-09-11T12:29:00-04:00,1.8500000000000014,8247.03999999993,3059.0,2024-09-11T12:30:00-04:00,1.8499999999999979,8247.039999999937,1830.0,2024-09-10T16:01:00-04:00,4.1499999999999915,3647.0399999999495,3093.0,2024-09-11T13:04:00-04:00,0.9499999999999993,10047.039999999935,3097.0,2024-09-11T13:08:00-04:00,0.75,10447.039999999934,3098.0,2024-09-11T13:09:00-04:00,0.8999999999999986,10147.039999999935,3094.0,2024-09-11T13:05:00-04:00,1.1000000000000014,9747.03999999993,3129.0,2024-09-11T13:40:00-04:00,0.4499999999999993,11047.039999999935,3132.0,2024-09-11T13:43:00-04:00,0.3999999999999999,11147.039999999932,3136.0,2024-09-11T13:47:00-04:00,0.3250000000000002,11297.039999999934,3130.0,2024-09-11T13:41:00-04:00,0.4500000000000002,11047.039999999934,2074
2024-09-09,2024-09-11,2,7.0,2024-09-09T09:31:00-04:00,7.0,NDXP  240911P18830000,NDXP  240911P18820000,development,False,False,0,0,16,7,0,1192,available,False,2024-09-09T09:31:00-04:00,2024-09-11T15:59:00-04:00,0.0,13747.04,1.0,last_observed_quote_not_settlement,1036.0,278,90,7.25,-752.9599999999994,2024-09-09T09:32:00-04:00,0.0,5.4500000000000455,2847.03999999991,2024-09-09T09:33:00-04:00,0.0,6.300000000000011,1147.039999999978,2024-09-09T09:36:00-04:00,0.0,6.5,747.0400000000006,2024-09-09T09:41:00-04:00,0.0,6.9500000000000455,-152.96000000009025,2024-09-09T09:46:00-04:00,0.0,6.149999999999977,1447.0400000000461,2024-09-09T10:01:00-04:00,0.0,7.100000000000023,-452.9600000000448,2024-09-09T10:31:00-04:00,0.0,7.550000000000011,-1352.960000000022,2024-09-09T11:31:00-04:00,0.0,6.200000000000017,1347.0399999999665,2024-09-09T16:00:00-04:00,0.0,4.549999999999997,4647.040000000006,2024-09-10T16:00:00-04:00,0.0,,,2024-09-11T15:59:00-04:00,60.0,,,,,2.0,hit,21.0,hit,21.0,hit,1481.0,hit,1711.0,hit,1711.0,hit,3136.0,hit,51.0,hit,71.0,hit,0.0,hit,71.0,hit,71.0,hit,80.0,hit,9.649999999999977,153,True,True,True,True,,9.649999999999977,193,True,True,True,True,,9.649999999999977,193,True,True,True,True,,9.849999999999966,278,True,True,True,True,,1481.0,2024-09-10T10:12:00-04:00,2.5500000000000114,8647.039999999979,3060.0,2024-09-11T12:31:00-04:00,2.6999999999999957,8347.04000000001,3061.0,2024-09-11T12:32:00-04:00,2.8500000000000014,8047.039999999998,1482.0,2024-09-10T10:13:00-04:00,5.800000000000011,2147.039999999978,1711.0,2024-09-10T14:02:00-04:00,0.6500000000000057,12447.03999999999,3094.0,2024-09-11T13:05:00-04:00,1.8999999999999986,9947.040000000005,3095.0,2024-09-11T13:06:00-04:00,1.8999999999999986,9947.040000000005,1712.0,2024-09-10T14:03:00-04:00,5.299999999999983,3147.040000000035,1711.0,2024-09-10T14:02:00-04:00,0.6500000000000057,12447.03999999999,3124.0,2024-09-11T13:35:00-04:00,0.8999999999999986,11947.040000000005,3125.0,2024-09-11T13:36:00-04:00,0.8999999999999995,11947.040000000003,1712.0,2024-09-10T14:03:00-04:00,5.299999999999983,3147.040000000035,3137.0,2024-09-11T13:48:00-04:00,0.44999999999999973,12847.04,3138.0,2024-09-11T13:49:00-04:00,0.3999999999999999,12947.04,3139.0,2024-09-11T13:50:00-04:00,0.34999999999999964,13047.040000000003,3138.0,2024-09-11T13:49:00-04:00,0.3999999999999999,12947.04,2075
2024-09-09,2024-09-12,3,5.0,2024-09-09T09:31:00-04:00,5.0,NDXP  240912P18660000,NDXP  240912P18650000,development,False,False,0,0,0,33,0,1572,available,False,2024-09-09T09:31:00-04:00,2024-09-12T15:59:00-04:00,0.0,9747.04,1.0,last_observed_quote_not_settlement,1037.0,206,94,4.5,747.0400000000006,2024-09-09T09:32:00-04:00,0.0,4.749999999999972,247.04000000005752,2024-09-09T09:33:00-04:00,0.0,4.899999999999977,-52.959999999953816,2024-09-09T09:36:00-04:00,0.0,4.699999999999989,347.04000000002344,2024-09-09T09:41:00-04:00,0.0,4.949999999999989,-152.95999999997656,2024-09-09T09:46:00-04:00,0.0,4.5,747.0400000000006,2024-09-09T10:01:00-04:00,0.0,5.349999999999994,-952.959999999988,2024-09-09T10:31:00-04:00,0.0,5.25,-752.9599999999994,2024-09-09T11:31:00-04:00,0.0,3.6000000000000227,2547.0399999999554,2024-09-09T16:00:00-04:00,0.0,3.049999999999997,3647.0400000000063,2024-09-10T16:00:00-04:00,0.0,0.15000000000000036,9447.04,2024-09-11T16:00:00-04:00,0.0,,,2024-09-12T15:59:00-04:00,60.0,0.0,hit,0.0,hit,90.0,hit,1801.0,hit,3008.0,hit,3008.0,hit,3008.0,hit,73.0,hit,75.0,hit,105.0,hit,2954.0,hit,,never_hit,,never_hit,7.350000000000023,161,True,False,False,False,,8.699999999999989,205,True,True,False,False,,8.699999999999989,205,True,True,False,False,,8.699999999999989,205,True,True,False,False,,1801.0,2024-09-10T15:32:00-04:00,2.799999999999983,4147.0400000000345,2881.0,2024-09-11T09:32:00-04:00,2.3500000000000085,5047.039999999984,2882.0,2024-09-11T09:33:00-04:00,2.5,4747.040000000001,1802.0,2024-09-10T15:33:00-04:00,2.950000000000003,3847.039999999995,3008.0,2024-09-11T11:39:00-04:00,0.3999999999999915,8947.040000000019,3060.0,2024-09-11T12:31:00-04:00,1.8999999999999986,5947.040000000004,3069.0,2024-09-11T12:40:00-04:00,1.7999999999999972,6147.040000000006,3009.0,2024-09-11T11:40:00-04:00,3.700000000000003,2347.039999999995,3008.0,2024-09-11T11:39:00-04:00,0.3999999999999915,8947.040000000019,3138.0,2024-09-11T13:49:00-04:00,0.8999999999999968,7947.040000000007,3139.0,2024-09-11T13:50:00-04:00,0.8499999999999979,8047.0400000000045,3009.0,2024-09-11T11:40:00-04:00,3.700000000000003,2347.039999999995,3008.0,2024-09-11T11:39:00-04:00,0.3999999999999915,8947.040000000019,3219.0,2024-09-11T15:10:00-04:00,0.4499999999999993,8847.040000000003,3225.0,2024-09-11T15:16:00-04:00,0.39999999999999947,8947.040000000003,3009.0,2024-09-11T11:40:00-04:00,3.700000000000003,2347.039999999995,2076
2024-09-09,2024-09-12,3,6.0,2024-09-09T09:31:00-04:00,6.000000000000057,NDXP  240912P18800000,NDXP  240912P18790000,development,False,False,0,0,0,19,0,1586,available,False,2024-09-09T09:31:00-04:00,2024-09-12T15:49:00-04:00,0.0,11747.040000000115,11.0,last_observed_quote_not_settlement,1036.0,276,185,7.5499999999999545,-3352.9599999997945,2024-09-09T09:32:00-04:00,0.0,6.7000000000000455,-1652.9599999999766,2024-09-09T09:33:00-04:00,0.0,4.899999999999977,1947.0400000001598,2024-09-09T09:36:00-04:00,0.0,5.400000000000034,947.0400000000461,2024-09-09T09:41:00-04:00,0.0,8.5,-5252.959999999887,2024-09-09T09:46:00-04:00,0.0,4.399999999999977,2947.04000000016,2024-09-09T10:01:00-04:00,0.0,6.400000000000034,-1052.9599999999539,2024-09-09T10:31:00-04:00,0.0,6.300000000000011,-852.9599999999084,2024-09-09T11:31:00-04:00,0.0,3.8000000000000114,4147.040000000092,2024-09-09T16:00:00-04:00,0.0,4.349999999999994,3047.040000000126,2024-09-10T16:00:00-04:00,0.0,0.5,10747.040000000115,2024-09-11T16:00:00-04:00,0.0,,,2024-09-12T15:49:00-04:00,660.0,4.0,hit,5.0,hit,51.0,hit,384.0,hit,1711.0,hit,3192.0,hit,3263.0,hit,1.0,hit,1.0,hit,1.0,hit,15.0,hit,99.0,hit,,never_hit,9.399999999999977,156,True,True,True,True,,9.399999999999977,196,True,True,True,True,,9.399999999999977,276,True,True,True,True,,9.399999999999977,276,True,True,True,True,,1477.0,2024-09-10T10:08:00-04:00,2.8499999999999943,6047.0400000001255,3096.0,2024-09-11T13:07:00-04:00,2.799999999999997,6147.04000000012,3097.0,2024-09-11T13:08:00-04:00,2.6499999999999986,6447.040000000117,1478.0,2024-09-10T10:09:00-04:00,4.550000000000011,2647.040000000092,1711.0,2024-09-10T14:02:00-04:00,1.200000000000017,9347.04000000008,3138.0,2024-09-11T13:49:00-04:00,1.7999999999999972,8147.04000000012,3139.0,2024-09-11T13:50:00-04:00,1.8000000000000114,8147.040000000091,1712.0,2024-09-10T14:03:00-04:00,5.0,1747.0400000001143,3192.0,2024-09-11T14:43:00-04:00,0.9000000000000021,9947.040000000112,3225.0,2024-09-11T15:16:00-04:00,0.9000000000000004,9947.040000000114,3233.0,2024-09-11T15:24:00-04:00,0.6999999999999993,10347.040000000117,3193.0,2024-09-11T14:44:00-04:00,1.0,9747.040000000115,3264.0,2024-09-11T15:55:00-04:00,0.4499999999999993,10847.040000000117,3268.0,2024-09-11T15:59:00-04:00,0.3000000000000007,11147.040000000114,4328.0,2024-09-12T09:39:00-04:00,0.39999999999999947,10947.040000000115,3265.0,2024-09-11T15:56:00-04:00,0.4500000000000002,10847.040000000115,2077
2024-09-09,2024-09-12,3,7.0,2024-09-09T09:31:00-04:00,7.0,NDXP  240912P18940000,NDXP  240912P18930000,development,False,False,0,0,1,9,0,1594,available,False,2024-09-09T09:31:00-04:00,2024-09-12T16:00:00-04:00,0.0,13747.04,0.0,last_observed_quote_not_settlement,1036.0,444,198,7.100000000000023,-452.9600000000448,2024-09-09T09:32:00-04:00,0.0,8.049999999999955,-2352.95999999991,2024-09-09T09:33:00-04:00,0.0,6.900000000000091,-52.96000000018119,2024-09-09T09:36:00-04:00,0.0,7.0,-252.9599999999993,2024-09-09T09:41:00-04:00,0.0,7.149999999999977,-552.9599999999539,2024-09-09T09:46:00-04:00,0.0,7.9500000000000455,-2152.960000000092,2024-09-09T10:01:00-04:00,0.0,7.75,-1752.9599999999994,2024-09-09T10:31:00-04:00,0.0,7.750000000000057,-1752.960000000113,2024-09-09T11:31:00-04:00,0.0,6.900000000000034,-52.9600000000675,2024-09-09T16:00:00-04:00,0.0,5.199999999999989,3347.0400000000236,2024-09-10T16:00:00-04:00,0.0,1.5999999999999979,10547.040000000006,2024-09-11T16:00:00-04:00,0.0,0.0,13747.04,2024-09-12T16:00:00-04:00,0.0,14.0,hit,1476.0,hit,1809.0,hit,3013.0,hit,3013.0,hit,3223.0,hit,4362.0,hit,2.0,hit,2.0,hit,0.0,hit,2.0,hit,75.0,hit,1512.0,hit,9.699999999999989,440,True,True,True,True,,9.699999999999989,440,True,True,True,True,,9.699999999999989,444,True,True,True,True,,9.699999999999989,444,True,True,True,True,,3013.0,2024-09-11T11:44:00-04:00,1.8499999999999943,10047.040000000014,3178.0,2024-09-11T14:29:00-04:00,2.4000000000000057,8947.03999999999,3179.0,2024-09-11T14:30:00-04:00,2.3999999999999915,8947.040000000019,3014.0,2024-09-11T11:45:00-04:00,7.0,-252.9599999999993,3013.0,2024-09-11T11:44:00-04:00,1.8499999999999943,10047.040000000014,3230.0,2024-09-11T15:21:00-04:00,1.8000000000000043,10147.039999999994,3231.0,2024-09-11T15:22:00-04:00,1.8999999999999986,9947.040000000005,3014.0,2024-09-11T11:45:00-04:00,7.0,-252.9599999999993,3223.0,2024-09-11T15:14:00-04:00,0.8000000000000043,12147.039999999994,4324.0,2024-09-12T09:35:00-04:00,0.8499999999999979,12047.040000000006,4332.0,2024-09-12T09:43:00-04:00,0.7999999999999972,12147.040000000008,3224.0,2024-09-11T15:15:00-04:00,2.0999999999999943,9547.040000000014,4364.0,2024-09-12T10:15:00-04:00,0.4499999999999993,12847.040000000003,4367.0,2024-09-12T10:18:00-04:00,0.34999999999999964,13047.040000000003,4368.0,2024-09-12T10:19:00-04:00,0.40000000000000036,12947.04,4365.0,2024-09-12T10:16:00-04:00,0.5,12747.04,2078
2024-09-10,2024-09-12,2,5.0,2024-09-10T09:31:00-04:00,5.049999999999983,NDXP  240912P18820000,NDXP  240912P18810000,development,False,False,0,0,0,3,15,1197,available,False,2024-09-10T09:31:00-04:00,2024-09-12T16:00:00-04:00,0.0,9847.039999999968,0.0,last_observed_quote_not_settlement,1036.0,380,52,4.900000000000006,47.039999999955235,2024-09-10T09:32:00-04:00,0.0,4.5,847.0399999999665,2024-09-10T09:33:00-04:00,0.0,5.149999999999977,-452.95999999998793,2024-09-10T09:36:00-04:00,0.0,5.550000000000011,-1252.9600000000562,2024-09-10T09:41:00-04:00,0.0,5.400000000000006,-952.9600000000448,2024-09-10T09:46:00-04:00,0.0,5.099999999999994,-352.96000000002203,2024-09-10T10:01:00-04:00,0.0,5.299999999999983,-752.9599999999994,2024-09-10T10:31:00-04:00,0.0,5.25,-652.9600000000335,2024-09-10T11:31:00-04:00,0.0,5.399999999999977,-952.959999999988,2024-09-10T16:00:00-04:00,0.0,0.5,8847.039999999968,2024-09-11T16:00:00-04:00,0.0,0.0,9847.039999999968,2024-09-12T16:00:00-04:00,0.0,,,,,0.0,hit,1.0,hit,51.0,hit,1656.0,hit,1697.0,hit,1752.0,hit,1825.0,hit,10.0,hit,13.0,hit,76.0,hit,144.0,hit,,never_hit,,never_hit,8.450000000000017,380,True,True,False,False,,8.450000000000017,380,True,True,False,False,,8.450000000000017,380,True,True,False,False,,8.450000000000017,380,True,True,False,False,,1657.0,2024-09-11T13:08:00-04:00,2.8499999999999943,4147.039999999978,1662.0,2024-09-11T13:13:00-04:00,2.8500000000000014,4147.039999999964,1663.0,2024-09-11T13:14:00-04:00,2.8500000000000014,4147.039999999964,1658.0,2024-09-11T13:09:00-04:00,3.1000000000000014,3647.0399999999636,1699.0,2024-09-11T13:50:00-04:00,1.8999999999999986,6047.039999999969,1700.0,2024-09-11T13:51:00-04:00,1.7999999999999972,6247.039999999973,1701.0,2024-09-11T13:52:00-04:00,1.8500000000000085,6147.03999999995,1700.0,2024-09-11T13:51:00-04:00,1.7999999999999972,6247.039999999973,1790.0,2024-09-11T15:21:00-04:00,0.9000000000000004,8047.039999999965,1794.0,2024-09-11T15:25:00-04:00,0.9499999999999993,7947.039999999968,1795.0,2024-09-11T15:26:00-04:00,0.8499999999999996,8147.039999999967,1791.0,2024-09-11T15:22:00-04:00,1.0,7847.039999999966,1825.0,2024-09-11T15:56:00-04:00,0.4499999999999993,8947.039999999968,2895.0,2024-09-12T09:46:00-04:00,0.35000000000000053,9147.039999999966,2905.0,2024-09-12T09:56:00-04:00,0.3999999999999986,9047.03999999997,1826.0,2024-09-11T15:57:00-04:00,0.5,8847.039999999968,2079
2024-09-10,2024-09-12,2,6.0,2024-09-10T09:31:00-04:00,6.0,NDXP  240912P18910000,NDXP  240912P18900000,development,False,False,0,0,0,15,15,1185,available,False,2024-09-10T09:31:00-04:00,2024-09-12T16:00:00-04:00,9.8,-7852.960000000003,0.0,last_observed_quote_not_settlement,1036.0,355,122,5.300000000000011,1147.039999999978,2024-09-10T09:32:00-04:00,0.0,5.199999999999989,1347.0400000000234,2024-09-10T09:33:00-04:00,0.0,5.5,747.0400000000006,2024-09-10T09:36:00-04:00,0.0,6.900000000000034,-2052.9600000000673,2024-09-10T09:41:00-04:00,0.0,4.25,3247.040000000001,2024-09-10T09:46:00-04:00,0.0,5.900000000000006,-52.96000000001066,2024-09-10T10:01:00-04:00,0.0,6.0,-252.9599999999993,2024-09-10T10:31:00-04:00,0.0,5.400000000000034,947.0399999999324,2024-09-10T11:31:00-04:00,0.0,5.25,1247.0400000000006,2024-09-10T16:00:00-04:00,0.0,,,2024-09-11T15:59:00-04:00,60.0,9.8,-7852.960000000003,2024-09-12T16:00:00-04:00,0.0,,,,,1.0,hit,3.0,hit,6.0,hit,1697.0,hit,1743.0,hit,1822.0,hit,2892.0,hit,7.0,hit,7.0,hit,7.0,hit,43.0,hit,62.0,hit,1522.0,hit,9.599999999999966,355,True,True,True,True,,9.599999999999966,355,True,True,True,True,,9.599999999999966,355,True,True,True,True,,9.599999999999966,355,True,True,True,True,,1698.0,2024-09-11T13:49:00-04:00,2.799999999999997,6147.040000000006,1699.0,2024-09-11T13:50:00-04:00,2.799999999999997,6147.040000000006,1700.0,2024-09-11T13:51:00-04:00,2.8500000000000014,6047.039999999998,1699.0,2024-09-11T13:50:00-04:00,2.799999999999997,6147.040000000006,1751.0,2024-09-11T14:42:00-04:00,1.9000000000000057,7947.039999999989,1752.0,2024-09-11T14:43:00-04:00,1.7999999999999972,8147.040000000007,1753.0,2024-09-11T14:44:00-04:00,1.7999999999999972,8147.040000000007,1752.0,2024-09-11T14:43:00-04:00,1.7999999999999972,8147.040000000007,1822.0,2024-09-11T15:53:00-04:00,0.9499999999999993,9847.040000000003,1823.0,2024-09-11T15:54:00-04:00,0.9000000000000057,9947.03999999999,1824.0,2024-09-11T15:55:00-04:00,0.8999999999999986,9947.040000000005,1823.0,2024-09-11T15:54:00-04:00,0.9000000000000057,9947.03999999999,2922.0,2024-09-12T10:13:00-04:00,0.39999999999999947,10947.040000000003,2923.0,2024-09-12T10:14:00-04:00,0.34999999999999964,11047.040000000003,2924.0,2024-09-12T10:15:00-04:00,0.40000000000000036,10947.04,2923.0,2024-09-12T10:14:00-04:00,0.34999999999999964,11047.040000000003,2080
2024-09-10,2024-09-12,2,7.0,2024-09-10T09:31:00-04:00,6.949999999999932,NDXP  240912P19020000,NDXP  240912P19010000,development,False,False,0,0,0,35,15,1165,available,False,2024-09-10T09:31:00-04:00,2024-09-12T16:00:00-04:00,9.95,-6252.9600000001365,0.0,last_observed_quote_not_settlement,1036.0,401,145,6.949999999999989,-252.96000000011298,2024-09-10T09:32:00-04:00,0.0,6.649999999999977,347.03999999990975,2024-09-10T09:33:00-04:00,0.0,7.100000000000023,-552.9600000001813,2024-09-10T09:36:00-04:00,0.0,7.399999999999977,-1152.9600000000903,2024-09-10T09:41:00-04:00,0.0,7.199999999999989,-752.960000000113,2024-09-10T09:46:00-04:00,0.0,8.150000000000034,-2652.9600000002056,2024-09-10T10:01:00-04:00,0.0,7.699999999999989,-1752.960000000113,2024-09-10T10:31:00-04:00,0.0,7.149999999999977,-652.9600000000903,2024-09-10T11:31:00-04:00,0.0,6.400000000000034,847.039999999796,2024-09-10T16:00:00-04:00,0.0,0.3999999999999986,12847.039999999868,2024-09-11T16:00:00-04:00,0.0,9.95,-6252.9600000001365,2024-09-12T16:00:00-04:00,0.0,,,,,27.0,hit,1657.0,hit,1724.0,hit,1752.0,hit,1823.0,hit,1829.0,hit,1829.0,hit,8.0,hit,8.0,hit,5.0,hit,8.0,hit,13.0,hit,63.0,hit,10.0,401,True,True,True,True,,10.0,401,True,True,True,True,,10.0,401,True,True,True,True,,10.0,401,True,True,True,True,,1752.0,2024-09-11T14:43:00-04:00,2.8500000000000085,7947.039999999847,1785.0,2024-09-11T15:16:00-04:00,2.799999999999997,8047.03999999987,1786.0,2024-09-11T15:17:00-04:00,2.9000000000000057,7847.039999999853,1753.0,2024-09-11T14:44:00-04:00,3.049999999999997,7547.03999999987,1823.0,2024-09-11T15:54:00-04:00,1.75,10147.039999999864,1824.0,2024-09-11T15:55:00-04:00,1.6500000000000021,10347.03999999986,1825.0,2024-09-11T15:56:00-04:00,1.6499999999999986,10347.039999999868,1824.0,2024-09-11T15:55:00-04:00,1.6500000000000021,10347.03999999986,1829.0,2024-09-11T16:00:00-04:00,0.3999999999999986,12847.039999999868,2923.0,2024-09-12T10:14:00-04:00,0.9000000000000004,11847.039999999864,2924.0,2024-09-12T10:15:00-04:00,0.7999999999999989,12047.039999999868,1830.0,2024-09-11T16:01:00-04:00,1.7500000000000036,10147.039999999857,1829.0,2024-09-11T16:00:00-04:00,0.3999999999999986,12847.039999999868,2983.0,2024-09-12T11:14:00-04:00,0.40000000000000036,12847.039999999864,2984.0,2024-09-12T11:15:00-04:00,0.40000000000000036,12847.039999999864,1830.0,2024-09-11T16:01:00-04:00,1.7500000000000036,10147.039999999857,2081
2024-09-10,2024-09-13,3,5.0,2024-09-10T09:31:00-04:00,5.0,NDXP  240913P18820000,NDXP  240913P18810000,development,False,False,0,0,0,20,0,1585,available,False,2024-09-10T09:31:00-04:00,2024-09-13T15:52:00-04:00,0.0,9747.04,8.0,last_observed_quote_not_settlement,1036.0,287,90,4.949999999999989,-152.95999999997656,2024-09-10T09:32:00-04:00,0.0,4.75,247.04000000000067,2024-09-10T09:33:00-04:00,0.0,4.950000000000017,-152.9600000000334,2024-09-10T09:36:00-04:00,0.0,5.75,-1752.9599999999994,2024-09-10T09:41:00-04:00,0.0,4.849999999999994,47.04000000001208,2024-09-10T09:46:00-04:00,0.0,5.150000000000006,-552.9600000000107,2024-09-10T10:01:00-04:00,0.0,5.149999999999977,-552.9599999999539,2024-09-10T10:31:00-04:00,0.0,4.849999999999994,47.04000000001208,2024-09-10T11:31:00-04:00,0.0,4.050000000000011,1647.039999999978,2024-09-10T16:00:00-04:00,0.0,2.4499999999999957,4847.040000000009,2024-09-11T16:00:00-04:00,0.0,0.04999999999999982,9647.040000000003,2024-09-12T16:00:00-04:00,0.0,,,2024-09-13T15:52:00-04:00,480.0,0.0,hit,0.0,hit,162.0,hit,1652.0,hit,1652.0,hit,1746.0,hit,1783.0,hit,10.0,hit,46.0,hit,46.0,hit,1487.0,hit,1511.0,hit,,never_hit,9.0,287,True,True,True,True,,9.0,287,True,True,True,True,,9.0,287,True,True,True,True,,9.0,287,True,True,True,True,,1652.0,2024-09-11T13:03:00-04:00,1.6999999999999886,6347.040000000024,1683.0,2024-09-11T13:34:00-04:00,2.8499999999999943,4047.040000000012,1692.0,2024-09-11T13:43:00-04:00,2.8499999999999943,4047.040000000012,1653.0,2024-09-11T13:04:00-04:00,3.4000000000000057,2947.0399999999895,1652.0,2024-09-11T13:03:00-04:00,1.6999999999999886,6347.040000000024,1746.0,2024-09-11T14:37:00-04:00,1.0,7747.040000000001,1747.0,2024-09-11T14:38:00-04:00,1.8999999999999986,5947.040000000004,1653.0,2024-09-11T13:04:00-04:00,3.4000000000000057,2947.0399999999895,1783.0,2024-09-11T15:14:00-04:00,0.45000000000000284,8847.039999999995,2923.0,2024-09-12T10:14:00-04:00,0.7000000000000028,8347.039999999995,2924.0,2024-09-12T10:15:00-04:00,0.6499999999999986,8447.040000000005,1784.0,2024-09-11T15:15:00-04:00,1.6000000000000014,6547.039999999998,2983.0,2024-09-12T11:14:00-04:00,0.4499999999999993,8847.040000000003,3080.0,2024-09-12T12:51:00-04:00,0.4499999999999993,8847.040000000003,3081.0,2024-09-12T12:52:00-04:00,0.34999999999999964,9047.040000000003,2984.0,2024-09-12T11:15:00-04:00,0.45000000000000107,8847.039999999999,2082
2024-09-10,2024-09-13,3,6.0,2024-09-10T09:31:00-04:00,6.0499999999999545,NDXP  240913P18950000,NDXP  240913P18940000,development,False,False,0,0,0,8,0,1597,available,False,2024-09-10T09:31:00-04:00,2024-09-13T15:59:00-04:00,1.3877787807814457e-17,11847.03999999991,1.0,last_observed_quote_not_settlement,1036.0,239,78,6.449999999999989,-1052.9600000000676,2024-09-10T09:32:00-04:00,0.0,4.599999999999966,2647.039999999978,2024-09-10T09:33:00-04:00,0.0,7.600000000000023,-3352.9600000001356,2024-09-10T09:36:00-04:00,0.0,6.099999999999909,-352.95999999990835,2024-09-10T09:41:00-04:00,0.0,5.2999999999999545,1247.0400000000006,2024-09-10T09:46:00-04:00,0.0,4.5499999999999545,2747.040000000001,2024-09-10T10:01:00-04:00,0.0,7.75,-3652.96000000009,2024-09-10T10:31:00-04:00,0.0,4.75,2347.03999999991,2024-09-10T11:31:00-04:00,0.0,5.550000000000011,747.039999999887,2024-09-10T16:00:00-04:00,0.0,3.8999999999999986,4047.0399999999127,2024-09-11T16:00:00-04:00,0.0,0.25,11347.03999999991,2024-09-12T16:00:00-04:00,0.0,,,2024-09-13T15:59:00-04:00,60.0,2.0,hit,2.0,hit,12.0,hit,23.0,hit,23.0,hit,2929.0,hit,3113.0,hit,3.0,hit,4.0,hit,4.0,hit,126.0,hit,162.0,hit,1525.0,hit,7.9500000000000455,11,True,False,False,False,,7.9500000000000455,11,True,False,False,False,,9.75,238,True,True,True,True,,9.75,238,True,True,True,True,,23.0,2024-09-10T09:54:00-04:00,1.6000000000000227,8647.039999999864,1749.0,2024-09-11T14:40:00-04:00,2.8000000000000114,6247.039999999887,1750.0,2024-09-11T14:41:00-04:00,2.6500000000000057,6547.039999999898,24.0,2024-09-10T09:55:00-04:00,4.599999999999966,2647.039999999978,23.0,2024-09-10T09:54:00-04:00,1.6000000000000227,8647.039999999864,1825.0,2024-09-11T15:56:00-04:00,1.7999999999999972,8247.039999999917,1826.0,2024-09-11T15:57:00-04:00,1.750000000000007,8347.039999999897,24.0,2024-09-10T09:55:00-04:00,4.599999999999966,2647.039999999978,2944.0,2024-09-12T10:35:00-04:00,0.9499999999999993,9947.039999999912,2983.0,2024-09-12T11:14:00-04:00,0.8000000000000007,10247.03999999991,2984.0,2024-09-12T11:15:00-04:00,0.8500000000000014,10147.039999999908,2945.0,2024-09-12T10:36:00-04:00,1.3999999999999986,9047.039999999914,3127.0,2024-09-12T13:38:00-04:00,0.4499999999999993,10947.039999999912,3132.0,2024-09-12T13:43:00-04:00,0.4499999999999993,10947.039999999912,3133.0,2024-09-12T13:44:00-04:00,0.4499999999999993,10947.039999999912,3128.0,2024-09-12T13:39:00-04:00,0.45000000000000107,10947.039999999908,2083
2024-09-10,2024-09-13,3,7.0,2024-09-10T09:31:00-04:00,6.949999999999989,NDXP  240913P19070000,NDXP  240913P19060000,development,False,False,0,0,0,8,0,1597,available,False,2024-09-10T09:31:00-04:00,2024-09-13T16:00:00-04:00,0.0,13647.039999999979,0.0,last_observed_quote_not_settlement,1036.0,358,150,7.350000000000023,-1052.9600000000676,2024-09-10T09:32:00-04:00,0.0,6.649999999999977,347.04000000002344,2024-09-10T09:33:00-04:00,0.0,7.2000000000000455,-752.960000000113,2024-09-10T09:36:00-04:00,0.0,7.300000000000011,-952.9600000000448,2024-09-10T09:41:00-04:00,0.0,7.349999999999966,-1052.9599999999539,2024-09-10T09:46:00-04:00,0.0,6.350000000000023,947.0399999999324,2024-09-10T10:01:00-04:00,0.0,7.400000000000034,-1152.9600000000903,2024-09-10T10:31:00-04:00,0.0,7.100000000000023,-552.9600000000676,2024-09-10T11:31:00-04:00,0.0,5.850000000000023,1947.0399999999324,2024-09-10T16:00:00-04:00,0.0,3.4000000000000057,6847.039999999966,2024-09-11T16:00:00-04:00,0.0,0.5,12647.039999999979,2024-09-12T16:00:00-04:00,0.0,0.0,13647.039999999979,2024-09-13T16:00:00-04:00,0.0,43.0,hit,43.0,hit,43.0,hit,43.0,hit,43.0,hit,3114.0,hit,3182.0,hit,3.0,hit,3.0,hit,1.0,hit,3.0,hit,110.0,hit,110.0,hit,8.649999999999977,28,True,True,False,False,,8.649999999999977,28,True,True,False,False,,10.0,358,True,True,True,True,,10.0,358,True,True,True,True,,43.0,2024-09-10T10:14:00-04:00,1.75,10147.039999999979,1823.0,2024-09-11T15:54:00-04:00,2.8999999999999773,7847.040000000024,1824.0,2024-09-11T15:55:00-04:00,2.75,8147.039999999978,44.0,2024-09-10T10:15:00-04:00,4.25,5147.039999999978,43.0,2024-09-10T10:14:00-04:00,1.75,10147.039999999979,2929.0,2024-09-12T10:20:00-04:00,1.8499999999999943,9947.03999999999,2930.0,2024-09-12T10:21:00-04:00,1.8499999999999943,9947.03999999999,44.0,2024-09-10T10:15:00-04:00,4.25,5147.039999999978,3116.0,2024-09-12T13:27:00-04:00,0.9499999999999993,11747.03999999998,3117.0,2024-09-12T13:28:00-04:00,0.9499999999999957,11747.039999999988,3129.0,2024-09-12T13:40:00-04:00,0.8500000000000014,11947.039999999975,3117.0,2024-09-12T13:28:00-04:00,0.9499999999999957,11747.039999999988,3272.0,2024-09-12T16:03:00-04:00,0.34999999999999964,12947.039999999979,4328.0,2024-09-13T09:39:00-04:00,0.39999999999999947,12847.039999999979,4329.0,2024-09-13T09:40:00-04:00,0.40000000000000036,12847.039999999979,3273.0,2024-09-12T16:04:00-04:00,0.5999999999999996,12447.039999999979,2084
2024-09-11,2024-09-13,2,5.0,2024-09-11T09:31:00-04:00,4.9500000000000455,NDXP  240913P19750000,NDXP  240913P19740000,development,False,False,0,0,0,222,0,978,available,False,2024-09-11T09:31:00-04:00,2024-09-13T15:59:00-04:00,10.0,-10252.959999999908,1.0,last_observed_quote_not_settlement,1037.0,810,2,,,2024-09-11T09:31:00-04:00,60.0,9.449999999999932,-9252.959999999774,2024-09-11T09:33:00-04:00,0.0,10.0,-10252.959999999908,2024-09-11T09:36:00-04:00,0.0,,,2024-09-11T09:38:00-04:00,180.0,10.0,-10252.959999999908,2024-09-11T09:46:00-04:00,0.0,9.950000000000045,-10252.959999999908,2024-09-11T10:01:00-04:00,0.0,,,2024-09-11T10:29:00-04:00,120.0,10.0,-10252.959999999908,2024-09-11T11:31:00-04:00,0.0,7.600000000000023,-5552.959999999954,2024-09-11T16:00:00-04:00,0.0,5.449999999999932,-1252.959999999772,2024-09-12T16:00:00-04:00,0.0,,,2024-09-13T15:59:00-04:00,60.0,,,,,0.0,hit,0.0,hit,,never_hit,,never_hit,,never_hit,,never_hit,,never_hit,2.0,hit,2.0,hit,2.0,hit,2.0,hit,2.0,hit,3.0,hit,,,True,True,True,False,5.684341886080802e-14,,,True,True,True,False,5.684341886080802e-14,,,True,True,True,False,5.684341886080802e-14,,,True,True,True,False,5.684341886080802e-14,,,,,,,,,,,,,,,,,,,,,,,,,,,,,,,,,,,,,,,,,,,,,,,,,,,,,,,,,,,,,,,,,2085
2024-09-11,2024-09-13,2,6.0,2024-09-11T09:31:00-04:00,5.900000000000034,NDXP  240913P18980000,NDXP  240913P18970000,development,False,False,0,0,0,94,0,1106,available,False,2024-09-11T09:31:00-04:00,2024-09-13T15:59:00-04:00,0.0,11547.04000000007,1.0,last_observed_quote_not_settlement,1036.0,143,28,4.649999999999977,2247.0400000001146,2024-09-11T09:32:00-04:00,0.0,7.850000000000023,-4152.959999999976,2024-09-11T09:33:00-04:00,0.0,6.050000000000011,-552.9599999999539,2024-09-11T09:36:00-04:00,0.0,6.049999999999983,-552.959999999897,2024-09-11T09:41:00-04:00,0.0,5.700000000000017,147.0400000000348,2024-09-11T09:46:00-04:00,0.0,8.099999999999966,-4652.9599999998645,2024-09-11T10:01:00-04:00,0.0,7.25,-2952.959999999931,2024-09-11T10:31:00-04:00,0.0,7.649999999999977,-3752.9599999998854,2024-09-11T11:31:00-04:00,0.0,2.6000000000000085,6347.040000000052,2024-09-11T16:00:00-04:00,0.0,0.25,11047.04000000007,2024-09-12T16:00:00-04:00,0.0,,,2024-09-13T15:59:00-04:00,60.0,,,,,1.0,hit,1.0,hit,169.0,hit,196.0,hit,291.0,hit,1535.0,hit,1535.0,hit,2.0,hit,2.0,hit,2.0,hit,20.0,hit,61.0,hit,74.0,hit,9.850000000000023,141,True,True,True,True,,9.850000000000023,143,True,True,True,True,,9.850000000000023,143,True,True,True,True,,9.850000000000023,143,True,True,True,True,,196.0,2024-09-11T12:47:00-04:00,2.75,6047.040000000069,313.0,2024-09-11T14:44:00-04:00,2.8500000000000085,5847.040000000052,314.0,2024-09-11T14:45:00-04:00,2.8999999999999773,5747.040000000115,197.0,2024-09-11T12:48:00-04:00,4.599999999999994,2347.0400000000805,291.0,2024-09-11T14:22:00-04:00,1.5500000000000114,8447.040000000046,386.0,2024-09-11T15:57:00-04:00,1.8500000000000085,7847.040000000052,387.0,2024-09-11T15:58:00-04:00,1.8000000000000114,7947.040000000046,292.0,2024-09-11T14:23:00-04:00,3.950000000000017,3647.040000000035,1535.0,2024-09-12T11:06:00-04:00,0.3500000000000014,10847.040000000066,1544.0,2024-09-12T11:15:00-04:00,0.9000000000000021,9747.040000000066,1643.0,2024-09-12T12:54:00-04:00,0.8500000000000014,9847.040000000066,1536.0,2024-09-12T11:07:00-04:00,1.25,9047.04000000007,1535.0,2024-09-12T11:06:00-04:00,0.3500000000000014,10847.040000000066,1702.0,2024-09-12T13:53:00-04:00,0.40000000000000036,10747.04000000007,1707.0,2024-09-12T13:58:00-04:00,0.4499999999999993,10647.040000000072,1536.0,2024-09-12T11:07:00-04:00,1.25,9047.04000000007,2086
2024-09-11,2024-09-13,2,7.0,2024-09-11T09:31:00-04:00,6.9500000000000455,NDXP  240913P19080000,NDXP  240913P19070000,development,False,False,0,0,0,46,0,1154,available,False,2024-09-11T09:31:00-04:00,2024-09-13T15:40:00-04:00,0.0,13647.040000000092,20.0,last_observed_quote_not_settlement,1036.0,130,49,6.600000000000023,447.0400000000462,2024-09-11T09:32:00-04:00,0.0,5.300000000000011,3047.040000000069,2024-09-11T09:33:00-04:00,0.0,7.0499999999999545,-452.9599999998174,2024-09-11T09:36:00-04:00,0.0,7.449999999999989,-1252.9599999998857,2024-09-11T09:41:00-04:00,0.0,7.899999999999977,-2152.9599999998627,2024-09-11T09:46:00-04:00,0.0,7.800000000000011,-1952.9599999999311,2024-09-11T10:01:00-04:00,0.0,8.699999999999989,-3752.9599999998873,2024-09-11T10:31:00-04:00,0.0,,,2024-09-11T11:30:00-04:00,60.0,3.4000000000000057,6847.04000000008,2024-09-11T16:00:00-04:00,0.0,0.5,12647.040000000092,2024-09-12T16:00:00-04:00,0.0,,,2024-09-13T15:40:00-04:00,1200.0,,,,,2.0,hit,170.0,hit,170.0,hit,240.0,hit,1487.0,hit,1677.0,hit,1736.0,hit,4.0,hit,7.0,hit,4.0,hit,7.0,hit,7.0,hit,53.0,hit,9.950000000000045,130,True,True,True,True,,9.950000000000045,130,True,True,True,True,,9.950000000000045,130,True,True,True,True,,9.950000000000045,130,True,True,True,True,,240.0,2024-09-11T13:31:00-04:00,2.200000000000017,9247.040000000059,384.0,2024-09-11T15:55:00-04:00,2.799999999999997,8047.040000000097,385.0,2024-09-11T15:56:00-04:00,2.700000000000003,8247.040000000086,241.0,2024-09-11T13:32:00-04:00,5.900000000000006,1847.0400000000802,1487.0,2024-09-12T10:18:00-04:00,1.7999999999999972,10047.0400000001,1488.0,2024-09-12T10:19:00-04:00,1.9499999999999957,9747.040000000101,1492.0,2024-09-12T10:23:00-04:00,1.8499999999999943,9947.040000000105,1488.0,2024-09-12T10:19:00-04:00,1.9499999999999957,9747.040000000101,1678.0,2024-09-12T13:29:00-04:00,0.9499999999999993,11747.040000000094,1688.0,2024-09-12T13:39:00-04:00,0.8999999999999986,11847.040000000095,1689.0,2024-09-12T13:40:00-04:00,0.9499999999999957,11747.040000000101,1679.0,2024-09-12T13:30:00-04:00,1.0499999999999972,11547.0400000001,1807.0,2024-09-12T15:38:00-04:00,0.4499999999999993,12747.040000000094,2890.0,2024-09-13T09:41:00-04:00,0.3999999999999986,12847.040000000095,2891.0,2024-09-13T09:42:00-04:00,0.34999999999999964,12947.040000000094,1808.0,2024-09-12T15:39:00-04:00,0.5499999999999989,12547.040000000095,2087
2024-09-13,2024-09-16,3,5.0,2024-09-13T09:31:00-04:00,4.9500000000000455,NDXP  240916P19480000,NDXP  240916P19470000,development,False,False,0,0,0,14,0,781,available,False,2024-09-13T09:31:00-04:00,2024-09-16T15:58:00-04:00,10.0,-10252.959999999908,2.0,last_observed_quote_not_settlement,3916.0,381,25,5.700000000000017,-1752.9599999999425,2024-09-13T09:32:00-04:00,0.0,4.949999999999989,-252.9599999998856,2024-09-13T09:33:00-04:00,0.0,5.25,-852.9599999999084,2024-09-13T09:36:00-04:00,0.0,4.950000000000017,-252.95999999994245,2024-09-13T09:41:00-04:00,0.0,4.349999999999994,947.040000000103,2024-09-13T09:46:00-04:00,0.0,5.1000000000000085,-552.9599999999255,2024-09-13T10:01:00-04:00,0.0,5.349999999999994,-1052.959999999897,2024-09-13T10:31:00-04:00,0.0,3.9499999999999886,1747.0400000001143,2024-09-13T11:31:00-04:00,0.0,2.950000000000003,3747.040000000086,2024-09-13T16:00:00-04:00,0.0,,,2024-09-13T16:15:00-04:00,85500.0,,,2024-09-13T16:15:00-04:00,171900.0,,,2024-09-16T15:58:00-04:00,120.0,0.0,hit,0.0,hit,4.0,hit,4.0,hit,57.0,hit,,never_hit,,never_hit,1.0,hit,29.0,hit,4322.0,hit,4324.0,hit,4387.0,hit,4489.0,hit,5.700000000000017,2,False,False,False,False,,6.0,10,False,False,False,False,,,,True,True,True,False,3.100000000000037,,,True,True,True,False,3.100000000000037,4.0,2024-09-13T09:35:00-04:00,2.9000000000000057,3847.0400000000805,,,,,,,,,5.0,2024-09-13T09:36:00-04:00,5.25,-852.9599999999084,57.0,2024-09-13T10:28:00-04:00,1.8500000000000085,5947.0400000000745,,,,,,,,,58.0,2024-09-13T10:29:00-04:00,4.450000000000017,747.0400000000575,,,,,,,,,,,,,,,,,,,,,,,,,,,,,,,,,2088
2024-09-13,2024-09-16,3,6.0,2024-09-13T09:31:00-04:00,6.0,NDXP  240916P19540000,NDXP  240916P19530000,development,False,False,0,0,0,30,0,765,available,False,2024-09-13T09:31:00-04:00,2024-09-16T15:59:00-04:00,10.0,-8152.96,1.0,last_observed_quote_not_settlement,3916.0,356,29,6.949999999999989,-2152.9599999999764,2024-09-13T09:32:00-04:00,0.0,5.399999999999977,947.0400000000461,2024-09-13T09:33:00-04:00,0.0,5.699999999999989,347.04000000002344,2024-09-13T09:36:00-04:00,0.0,5.400000000000006,947.0399999999893,2024-09-13T09:41:00-04:00,0.0,5.500000000000028,747.0399999999438,2024-09-13T09:46:00-04:00,0.0,6.150000000000006,-552.9600000000107,2024-09-13T10:01:00-04:00,0.0,6.400000000000034,-1052.9600000000676,2024-09-13T10:31:00-04:00,0.0,5.000000000000014,1747.0399999999722,2024-09-13T11:31:00-04:00,0.0,5.1000000000000085,1547.0399999999836,2024-09-13T16:00:00-04:00,0.0,,,2024-09-13T16:15:00-04:00,85500.0,,,2024-09-13T16:15:00-04:00,171900.0,,,2024-09-16T15:59:00-04:00,60.0,2.0,hit,48.0,hit,237.0,hit,,never_hit,,never_hit,,never_hit,,never_hit,1.0,hit,47.0,hit,47.0,hit,47.0,hit,47.0,hit,4378.0,hit,,,True,True,True,False,2.9000000000000057,,,True,True,True,False,2.9000000000000057,,,True,True,True,False,2.9000000000000057,,,True,True,True,False,2.9000000000000057,,,,,,,,,,,,,,,,,,,,,,,,,,,,,,,,,,,,,,,,,,,,,,,,,,,,,,,,,,,,,,,,,2089
2024-09-13,2024-09-16,3,7.0,2024-09-13T09:31:00-04:00,7.100000000000023,NDXP  240916P19610000,NDXP  240916P19600000,development,False,False,0,0,0,66,0,729,available,False,2024-09-13T09:31:00-04:00,2024-09-16T15:59:00-04:00,10.0,-5952.959999999955,1.0,last_observed_quote_not_settlement,3916.0,297,75,7.5,-1052.9599999999539,2024-09-13T09:32:00-04:00,0.0,7.25,-552.9599999999539,2024-09-13T09:33:00-04:00,0.0,6.599999999999994,747.0400000000575,2024-09-13T09:36:00-04:00,0.0,6.449999999999989,1047.0400000000689,2024-09-13T09:41:00-04:00,0.0,6.699999999999989,547.0400000000689,2024-09-13T09:46:00-04:00,0.0,7.300000000000011,-652.9599999999766,2024-09-13T10:01:00-04:00,0.0,7.5,-1052.9599999999539,2024-09-13T10:31:00-04:00,0.0,6.25,1447.0400000000461,2024-09-13T11:31:00-04:00,0.0,6.5,947.0400000000461,2024-09-13T16:00:00-04:00,0.0,,,2024-09-13T16:15:00-04:00,85500.0,,,2024-09-13T16:15:00-04:00,171900.0,,,2024-09-16T15:59:00-04:00,60.0,151.0,hit,186.0,hit,237.0,hit,,never_hit,,never_hit,,never_hit,,never_hit,63.0,hit,63.0,hit,0.0,hit,63.0,hit,63.0,hit,4326.0,hit,,,True,True,True,False,3.250000000000014,,,True,True,True,False,3.250000000000014,,,True,True,True,False,3.250000000000014,,,True,True,True,False,3.250000000000014,,,,,,,,,,,,,,,,,,,,,,,,,,,,,,,,,,,,,,,,,,,,,,,,,,,,,,,,,,,,,,,,,2090
2024-09-16,2024-09-18,2,5.0,2024-09-16T09:31:00-04:00,5.099999999999966,NDXP  240918P19430000,NDXP  240918P19420000,development,False,False,0,0,0,1,0,1198,available,False,2024-09-16T09:31:00-04:00,2024-09-18T15:58:00-04:00,10.0,-9952.960000000066,2.0,last_observed_quote_not_settlement,1036.0,257,123,4.949999999999989,47.039999999955235,2024-09-16T09:32:00-04:00,0.0,5.050000000000011,-152.96000000009025,2024-09-16T09:33:00-04:00,0.0,5.199999999999989,-452.9600000000448,2024-09-16T09:36:00-04:00,0.0,5.349999999999966,-752.9599999999994,2024-09-16T09:41:00-04:00,0.0,4.349999999999994,1247.0399999999438,2024-09-16T09:46:00-04:00,0.0,4.199999999999989,1547.0399999999552,2024-09-16T10:01:00-04:00,0.0,5.25,-552.9600000000676,2024-09-16T10:31:00-04:00,0.0,5.099999999999994,-252.96000000005614,2024-09-16T11:31:00-04:00,0.0,4.300000000000011,1347.0399999999097,2024-09-16T16:00:00-04:00,0.0,5.049999999999997,-152.96000000006183,2024-09-17T16:00:00-04:00,0.0,,,2024-09-18T15:58:00-04:00,120.0,,,,,0.0,hit,1.0,hit,81.0,hit,126.0,hit,1482.0,hit,3175.0,hit,,never_hit,64.0,hit,64.0,hit,1670.0,hit,3212.0,hit,3259.0,hit,3265.0,hit,6.550000000000011,51,False,False,False,False,,6.550000000000011,150,False,False,False,False,,7.050000000000011,231,True,False,False,False,,,,True,True,True,False,4.399999999999963,126.0,2024-09-16T11:37:00-04:00,2.5999999999999943,4747.039999999944,1517.0,2024-09-17T10:48:00-04:00,2.9499999999999886,4047.0399999999554,1518.0,2024-09-17T10:49:00-04:00,2.8500000000000085,4247.039999999915,127.0,2024-09-16T11:38:00-04:00,5.150000000000006,-352.9600000000789,1482.0,2024-09-17T10:13:00-04:00,1.5,6947.039999999933,3183.0,2024-09-18T14:34:00-04:00,1.3499999999999979,7247.039999999936,3184.0,2024-09-18T14:35:00-04:00,1.3500000000000014,7247.03999999993,1483.0,2024-09-17T10:14:00-04:00,3.299999999999997,3347.039999999938,3175.0,2024-09-18T14:26:00-04:00,0.7000000000000028,8547.039999999928,,,,,,,,,3176.0,2024-09-18T14:27:00-04:00,2.6000000000000014,4747.03999999993,,,,,,,,,,,,,,,,,2091
2024-09-16,2024-09-18,2,6.0,2024-09-16T09:31:00-04:00,6.099999999999994,NDXP  240918P19580000,NDXP  240918P19570000,development,False,False,0,0,0,8,0,1186,available,False,2024-09-16T09:31:00-04:00,2024-09-18T15:58:00-04:00,10.0,-7952.960000000011,2.0,last_observed_quote_not_settlement,1036.0,847,97,6.350000000000023,-752.9600000000562,2024-09-16T09:32:00-04:00,0.0,6.5499999999999545,-1152.9599999999198,2024-09-16T09:33:00-04:00,0.0,7.900000000000091,-3852.9600000001924,2024-09-16T09:36:00-04:00,0.0,6.7999999999999545,-1652.9599999999198,2024-09-16T09:41:00-04:00,0.0,7.2999999999999545,-2652.9599999999195,2024-09-16T09:46:00-04:00,0.0,6.0,-52.96000000001066,2024-09-16T10:01:00-04:00,0.0,6.7999999999999545,-1652.9599999999198,2024-09-16T10:31:00-04:00,0.0,6.7999999999999545,-1652.9599999999198,2024-09-16T11:31:00-04:00,0.0,5.150000000000006,1647.039999999978,2024-09-16T16:00:00-04:00,0.0,6.0,-52.96000000001066,2024-09-17T16:00:00-04:00,0.0,,,2024-09-18T15:58:00-04:00,120.0,,,,,252.0,hit,252.0,hit,1526.0,hit,1526.0,hit,3171.0,hit,,never_hit,,never_hit,3.0,hit,5.0,hit,4.0,hit,90.0,hit,117.0,hit,117.0,hit,9.75,362,True,True,True,True,,9.75,789,True,True,True,True,,,,True,True,True,False,5.0,,,True,True,True,False,5.0,1526.0,2024-09-17T10:57:00-04:00,2.4000000000000057,7147.039999999978,,,,,,,,,1527.0,2024-09-17T10:58:00-04:00,4.899999999999977,2147.040000000035,3171.0,2024-09-18T14:22:00-04:00,1.0999999999999943,9747.04,,,,,,,,,3172.0,2024-09-18T14:23:00-04:00,5.049999999999983,1847.0400000000234,,,,,,,,,,,,,,,,,,,,,,,,,,,,,,,,,2092
2024-09-16,2024-09-18,2,7.0,2024-09-16T09:31:00-04:00,7.099999999999966,NDXP  240918P19620000,NDXP  240918P19610000,development,False,False,0,0,0,12,0,1183,available,False,2024-09-16T09:31:00-04:00,2024-09-18T15:59:00-04:00,10.0,-5952.960000000068,1.0,last_observed_quote_not_settlement,1036.0,428,243,6.5,947.0399999999324,2024-09-16T09:32:00-04:00,0.0,6.949999999999989,47.039999999955235,2024-09-16T09:33:00-04:00,0.0,7.399999999999977,-852.9600000000221,2024-09-16T09:36:00-04:00,0.0,7.300000000000011,-652.9600000000903,2024-09-16T09:41:00-04:00,0.0,6.949999999999989,47.039999999955235,2024-09-16T09:46:00-04:00,0.0,6.400000000000006,1147.039999999921,2024-09-16T10:01:00-04:00,0.0,7.2000000000000455,-452.96000000015846,2024-09-16T10:31:00-04:00,0.0,7.199999999999932,-452.9599999999311,2024-09-16T11:31:00-04:00,0.0,5.150000000000034,3647.0399999998644,2024-09-16T16:00:00-04:00,0.0,7.400000000000006,-852.9600000000789,2024-09-17T16:00:00-04:00,0.0,,,2024-09-18T15:59:00-04:00,60.0,,,,,81.0,hit,300.0,hit,3230.0,hit,3230.0,hit,,never_hit,,never_hit,,never_hit,3.0,hit,27.0,hit,0.0,hit,27.0,hit,42.0,hit,269.0,hit,9.799999999999983,405,True,True,True,True,,,,True,True,True,False,4.599999999999966,,,True,True,True,False,4.599999999999966,,,True,True,True,False,4.599999999999966,3230.0,2024-09-18T15:21:00-04:00,2.5,8947.039999999934,,,,,,,,,3231.0,2024-09-18T15:22:00-04:00,9.600000000000023,-5252.960000000115,,,,,,,,,,,,,,,,,,,,,,,,,,,,,,,,,,,,,,,,,,,,,,,,,2093
2024-09-16,2024-09-19,3,5.0,2024-09-16T09:31:00-04:00,4.949999999999989,NDXP  240919P19460000,NDXP  240919P19450000,development,False,False,0,0,1,11,0,1592,available,False,2024-09-16T09:31:00-04:00,2024-09-19T16:00:00-04:00,0.0,9647.039999999979,0.0,last_observed_quote_not_settlement,1036.0,542,176,5.25,-852.9600000000221,2024-09-16T09:32:00-04:00,0.0,5.349999999999994,-1052.9600000000107,2024-09-16T09:33:00-04:00,0.0,7.5,-5352.960000000022,2024-09-16T09:36:00-04:00,0.0,5.050000000000011,-452.9600000000448,2024-09-16T09:41:00-04:00,0.0,4.900000000000006,-152.9600000000334,2024-09-16T09:46:00-04:00,0.0,4.699999999999989,247.04000000000067,2024-09-16T10:01:00-04:00,0.0,5.450000000000017,-1252.9600000000562,2024-09-16T10:31:00-04:00,0.0,5.25,-852.9600000000221,2024-09-16T11:31:00-04:00,0.0,5.0,-352.96000000002203,2024-09-16T16:00:00-04:00,0.0,4.899999999999977,-152.95999999997656,2024-09-17T16:00:00-04:00,0.0,6.700000000000017,-3752.960000000056,2024-09-18T16:00:00-04:00,0.0,0.0,9647.039999999979,2024-09-19T16:00:00-04:00,0.0,0.0,hit,0.0,hit,6.0,hit,66.0,hit,4320.0,hit,4320.0,hit,4329.0,hit,3.0,hit,5.0,hit,5.0,hit,,never_hit,,never_hit,,never_hit,7.5,31,True,False,False,False,,7.649999999999977,542,True,False,False,False,,7.649999999999977,542,True,False,False,False,,7.649999999999977,542,True,False,False,False,,66.0,2024-09-16T10:37:00-04:00,2.799999999999983,4047.040000000012,3184.0,2024-09-18T14:35:00-04:00,2.75,4147.039999999978,3185.0,2024-09-18T14:36:00-04:00,2.1000000000000085,5447.039999999961,67.0,2024-09-16T10:38:00-04:00,4.600000000000023,447.0399999999325,4320.0,2024-09-19T09:31:00-04:00,0.5999999999999996,8447.039999999979,4321.0,2024-09-19T09:32:00-04:00,0.6500000000000021,8347.039999999975,4322.0,2024-09-19T09:33:00-04:00,0.6499999999999986,8347.03999999998,4321.0,2024-09-19T09:32:00-04:00,0.6500000000000021,8347.039999999975,4320.0,2024-09-19T09:31:00-04:00,0.5999999999999996,8447.039999999979,4321.0,2024-09-19T09:32:00-04:00,0.6500000000000021,8347.039999999975,4322.0,2024-09-19T09:33:00-04:00,0.6499999999999986,8347.03999999998,4321.0,2024-09-19T09:32:00-04:00,0.6500000000000021,8347.039999999975,4339.0,2024-09-19T09:50:00-04:00,0.40000000000000036,8847.039999999979,4361.0,2024-09-19T10:12:00-04:00,0.40000000000000036,8847.039999999979,4362.0,2024-09-19T10:13:00-04:00,0.4499999999999993,8747.03999999998,4340.0,2024-09-19T09:51:00-04:00,0.8500000000000014,7947.039999999975,2094
2024-09-16,2024-09-19,3,6.0,2024-09-16T09:31:00-04:00,6.099999999999966,NDXP  240919P19790000,NDXP  240919P19780000,development,False,False,0,0,0,31,0,1571,available,False,2024-09-16T09:31:00-04:00,2024-09-19T16:00:00-04:00,0.22499999999999998,11497.039999999932,0.0,last_observed_quote_not_settlement,1036.0,1109,78,8.700000000000045,-5452.96000000016,2024-09-16T09:32:00-04:00,0.0,7.7999999999999545,-3652.9599999999764,2024-09-16T09:33:00-04:00,0.0,8.449999999999989,-4952.960000000046,2024-09-16T09:36:00-04:00,0.0,8.100000000000023,-4252.960000000115,2024-09-16T09:41:00-04:00,0.0,8.099999999999909,-4252.959999999887,2024-09-16T09:46:00-04:00,0.0,7.699999999999932,-3452.959999999931,2024-09-16T10:01:00-04:00,0.0,7.9500000000000455,-3952.96000000016,2024-09-16T10:31:00-04:00,0.0,8.049999999999955,-4152.959999999978,2024-09-16T11:31:00-04:00,0.0,7.75,-3552.9600000000673,2024-09-16T16:00:00-04:00,0.0,9.950000000000045,-7952.960000000068,2024-09-17T16:00:00-04:00,0.0,6.800000000000011,-1652.9600000000903,2024-09-18T16:00:00-04:00,0.0,0.22499999999999998,11497.039999999932,2024-09-19T16:00:00-04:00,0.0,35.0,hit,253.0,hit,253.0,hit,279.0,hit,1508.0,hit,1638.0,hit,1638.0,hit,1.0,hit,1.0,hit,1.0,hit,1.0,hit,49.0,hit,125.0,hit,9.950000000000045,273,True,True,True,True,,9.950000000000045,439,True,True,True,True,,9.950000000000045,556,True,True,True,True,,9.950000000000045,556,True,True,True,True,,279.0,2024-09-16T14:10:00-04:00,2.800000000000068,6347.039999999796,326.0,2024-09-16T14:57:00-04:00,2.199999999999932,7547.040000000069,327.0,2024-09-16T14:58:00-04:00,2.599999999999966,6747.040000000001,,,,,1508.0,2024-09-17T10:39:00-04:00,1.1999999999999318,9547.04000000007,4435.0,2024-09-19T11:26:00-04:00,1.7000000000000028,8547.039999999928,4436.0,2024-09-19T11:27:00-04:00,1.6500000000000021,8647.03999999993,1509.0,2024-09-17T10:40:00-04:00,6.849999999999966,-1752.9599999999994,1638.0,2024-09-17T12:49:00-04:00,0.0,11947.039999999934,4547.0,2024-09-19T13:18:00-04:00,0.8499999999999996,10247.039999999934,4561.0,2024-09-19T13:32:00-04:00,0.8499999999999996,10247.039999999934,1639.0,2024-09-17T12:50:00-04:00,7.949999999999989,-3952.9600000000446,1638.0,2024-09-17T12:49:00-04:00,0.0,11947.039999999934,4688.0,2024-09-19T15:39:00-04:00,0.44999999999999996,11047.039999999934,4689.0,2024-09-19T15:40:00-04:00,0.32500000000000007,11297.039999999934,1639.0,2024-09-17T12:50:00-04:00,7.949999999999989,-3952.9600000000446,2095
2024-09-16,2024-09-19,3,7.0,2024-09-16T09:31:00-04:00,7.049999999999983,NDXP  240919P19550000,NDXP  240919P19540000,development,False,False,0,0,0,7,0,1594,available,False,2024-09-16T09:31:00-04:00,2024-09-19T15:59:00-04:00,0.0,13847.039999999968,1.0,last_observed_quote_not_settlement,1036.0,73,108,5.699999999999989,2447.0399999999895,2024-09-16T09:32:00-04:00,0.0,6.850000000000023,147.03999999992112,2024-09-16T09:33:00-04:00,0.0,5.150000000000034,3547.0399999998986,2024-09-16T09:36:00-04:00,0.0,5.149999999999977,3547.0400000000122,2024-09-16T09:41:00-04:00,0.0,5.300000000000011,3247.039999999944,2024-09-16T09:46:00-04:00,0.0,5.400000000000006,3047.0399999999554,2024-09-16T10:01:00-04:00,0.0,6.050000000000068,1747.0399999998301,2024-09-16T10:31:00-04:00,0.0,6.75,347.0399999999666,2024-09-16T11:31:00-04:00,0.0,7.75,-1652.9600000000335,2024-09-16T16:00:00-04:00,0.0,6.599999999999966,647.0400000000348,2024-09-17T16:00:00-04:00,0.0,7.199999999999989,-552.9600000000107,2024-09-18T16:00:00-04:00,0.0,,,2024-09-19T15:59:00-04:00,60.0,5.0,hit,7.0,hit,61.0,hit,144.0,hit,1695.0,hit,1695.0,hit,3149.0,hit,3.0,hit,3.0,hit,0.0,hit,3.0,hit,127.0,hit,127.0,hit,9.649999999999977,23,True,True,True,True,,9.649999999999977,46,True,True,True,True,,9.649999999999977,46,True,True,True,True,,9.649999999999977,51,True,True,True,True,,144.0,2024-09-16T11:55:00-04:00,2.4500000000000455,8947.039999999877,206.0,2024-09-16T12:57:00-04:00,2.8500000000000227,8147.039999999922,4322.0,2024-09-19T09:33:00-04:00,1.1500000000000021,11547.039999999963,,,,,1695.0,2024-09-17T13:46:00-04:00,0.6499999999999773,12547.040000000014,4321.0,2024-09-19T09:32:00-04:00,1.0500000000000007,11747.039999999966,4322.0,2024-09-19T09:33:00-04:00,1.1500000000000021,11547.039999999963,1696.0,2024-09-17T13:47:00-04:00,2.5500000000000114,8747.039999999944,1695.0,2024-09-17T13:46:00-04:00,0.6499999999999773,12547.040000000014,4331.0,2024-09-19T09:42:00-04:00,0.9000000000000004,12047.039999999966,4332.0,2024-09-19T09:43:00-04:00,0.8500000000000014,12147.039999999964,1696.0,2024-09-17T13:47:00-04:00,2.5500000000000114,8747.039999999944,3149.0,2024-09-18T14:00:00-04:00,0.0,13847.039999999968,4380.0,2024-09-19T10:31:00-04:00,0.40000000000000036,13047.039999999966,4381.0,2024-09-19T10:32:00-04:00,0.35000000000000053,13147.039999999966,,,,,2096
2024-09-17,2024-09-19,2,5.0,2024-09-17T09:31:00-04:00,4.949999999999989,NDXP  240919P19600000,NDXP  240919P19590000,development,False,False,0,0,0,12,0,1184,available,False,2024-09-17T09:31:00-04:00,2024-09-19T15:59:00-04:00,0.0,9647.039999999979,1.0,last_observed_quote_not_settlement,1036.0,663,118,4.799999999999983,47.04000000001208,2024-09-17T09:32:00-04:00,0.0,4.550000000000011,547.0399999999552,2024-09-17T09:33:00-04:00,0.0,5.050000000000011,-452.9600000000448,2024-09-17T09:36:00-04:00,0.0,5.25,-852.9600000000221,2024-09-17T09:41:00-04:00,0.0,4.900000000000006,-152.9600000000334,2024-09-17T09:46:00-04:00,0.0,5.699999999999989,-1752.9599999999994,2024-09-17T10:01:00-04:00,0.0,4.799999999999983,47.04000000001208,2024-09-17T10:31:00-04:00,0.0,5.699999999999989,-1752.9599999999994,2024-09-17T11:31:00-04:00,0.0,,,2024-09-17T15:59:00-04:00,60.0,7.7000000000000455,-5752.960000000113,2024-09-18T16:00:00-04:00,0.0,,,2024-09-19T15:59:00-04:00,60.0,,,,,0.0,hit,0.0,hit,134.0,hit,174.0,hit,240.0,hit,255.0,hit,2941.0,hit,19.0,hit,41.0,hit,41.0,hit,195.0,hit,220.0,hit,220.0,hit,7.049999999999983,126,True,False,False,False,,9.949999999999989,177,True,True,True,True,,9.949999999999989,187,True,True,True,True,,9.949999999999989,663,True,True,True,True,,174.0,2024-09-17T12:25:00-04:00,2.1000000000000227,5447.039999999933,381.0,2024-09-17T15:52:00-04:00,2.9499999999999886,3747.040000000001,2882.0,2024-09-19T09:33:00-04:00,1.7999999999999972,6047.039999999984,175.0,2024-09-17T12:26:00-04:00,6.75,-3852.960000000022,240.0,2024-09-17T13:31:00-04:00,1.6500000000000057,6347.039999999966,2881.0,2024-09-19T09:32:00-04:00,1.5999999999999979,6447.039999999982,2882.0,2024-09-19T09:33:00-04:00,1.7999999999999972,6047.039999999984,241.0,2024-09-17T13:32:00-04:00,5.899999999999977,-2152.9599999999764,255.0,2024-09-17T13:46:00-04:00,0.8999999999999773,7847.040000000024,2929.0,2024-09-19T10:20:00-04:00,0.75,8147.039999999978,2930.0,2024-09-19T10:21:00-04:00,0.7499999999999982,8147.039999999982,256.0,2024-09-17T13:47:00-04:00,3.1000000000000227,3447.0399999999327,2942.0,2024-09-19T10:33:00-04:00,0.4499999999999993,8747.03999999998,2987.0,2024-09-19T11:18:00-04:00,0.25,9147.039999999979,2991.0,2024-09-19T11:22:00-04:00,0.40000000000000036,8847.039999999979,2943.0,2024-09-19T10:34:00-04:00,0.5,8647.039999999979,2097
2024-09-17,2024-09-19,2,6.0,2024-09-17T09:31:00-04:00,5.999999999999972,NDXP  240919P19720000,NDXP  240919P19710000,development,False,False,0,0,0,19,0,1178,available,False,2024-09-17T09:31:00-04:00,2024-09-19T16:00:00-04:00,0.025000000000000355,11697.039999999944,0.0,last_observed_quote_not_settlement,1036.0,756,42,6.0,-252.96000000005614,2024-09-17T09:32:00-04:00,0.0,5.900000000000006,-52.9600000000675,2024-09-17T09:33:00-04:00,0.0,6.300000000000011,-852.9600000000789,2024-09-17T09:36:00-04:00,0.0,6.25,-752.9600000000562,2024-09-17T09:41:00-04:00,0.0,5.449999999999989,847.0399999999665,2024-09-17T09:46:00-04:00,0.0,6.599999999999966,-1452.959999999988,2024-09-17T10:01:00-04:00,0.0,6.19999999999996,-652.9599999999766,2024-09-17T10:31:00-04:00,0.0,6.800000000000011,-1852.960000000079,2024-09-17T11:31:00-04:00,0.0,7.25,-2752.960000000056,2024-09-17T16:00:00-04:00,0.0,9.399999999999977,-7052.960000000013,2024-09-18T16:00:00-04:00,0.0,0.025000000000000355,11697.039999999944,2024-09-19T16:00:00-04:00,0.0,,,,,15.0,hit,78.0,hit,255.0,hit,1796.0,hit,2930.0,hit,2993.0,hit,3056.0,hit,3.0,hit,3.0,hit,3.0,hit,13.0,hit,13.0,hit,13.0,hit,9.949999999999989,713,True,True,True,True,,9.949999999999989,756,True,True,True,True,,9.949999999999989,756,True,True,True,True,,9.949999999999989,756,True,True,True,True,,1796.0,2024-09-18T15:27:00-04:00,2.6500000000000057,6447.039999999933,2890.0,2024-09-19T09:41:00-04:00,2.6999999999999957,6347.039999999953,2891.0,2024-09-19T09:42:00-04:00,2.5,6747.039999999944,1797.0,2024-09-18T15:28:00-04:00,8.850000000000023,-5952.960000000104,2930.0,2024-09-19T10:21:00-04:00,1.9499999999999993,7847.039999999945,2935.0,2024-09-19T10:26:00-04:00,1.8499999999999979,8047.039999999948,2936.0,2024-09-19T10:27:00-04:00,1.7500000000000036,8247.039999999937,2931.0,2024-09-19T10:22:00-04:00,2.099999999999998,7547.039999999948,2994.0,2024-09-19T11:25:00-04:00,0.9499999999999993,9847.039999999946,2995.0,2024-09-19T11:26:00-04:00,0.9000000000000004,9947.039999999944,2996.0,2024-09-19T11:27:00-04:00,0.8999999999999986,9947.039999999948,2995.0,2024-09-19T11:26:00-04:00,0.9000000000000004,9947.039999999944,3070.0,2024-09-19T12:41:00-04:00,0.4499999999999993,10847.039999999946,3110.0,2024-09-19T13:21:00-04:00,0.40000000000000036,10947.039999999944,3122.0,2024-09-19T13:33:00-04:00,0.40000000000000036,10947.039999999944,3071.0,2024-09-19T12:42:00-04:00,0.5499999999999998,10647.039999999944,2098
2024-09-17,2024-09-19,2,7.0,2024-09-17T09:31:00-04:00,6.850000000000023,NDXP  240919P19770000,NDXP  240919P19760000,development,False,False,0,0,0,18,0,1179,available,False,2024-09-17T09:31:00-04:00,2024-09-19T16:00:00-04:00,0.025000000000000355,13397.040000000046,0.0,last_observed_quote_not_settlement,1036.0,647,94,6.5,447.0400000000462,2024-09-17T09:32:00-04:00,0.0,6.4500000000000455,547.0399999999552,2024-09-17T09:33:00-04:00,0.0,6.7000000000000455,47.039999999955235,2024-09-17T09:36:00-04:00,0.0,6.7999999999999545,-152.95999999986287,2024-09-17T09:41:00-04:00,0.0,7.25,-1052.9599999999539,2024-09-17T09:46:00-04:00,0.0,7.099999999999966,-752.9599999998857,2024-09-17T10:01:00-04:00,0.0,6.649999999999977,147.04000000009165,2024-09-17T10:31:00-04:00,0.0,7.600000000000023,-1752.9599999999994,2024-09-17T11:31:00-04:00,0.0,,,2024-09-17T15:59:00-04:00,60.0,,,2024-09-18T15:59:00-04:00,60.0,0.025000000000000355,13397.040000000046,2024-09-19T16:00:00-04:00,0.0,,,,,49.0,hit,80.0,hit,80.0,hit,2883.0,hit,2883.0,hit,2883.0,hit,2897.0,hit,16.0,hit,54.0,hit,12.0,hit,54.0,hit,177.0,hit,202.0,hit,10.0,647,True,True,True,True,,10.0,647,True,True,True,True,,10.0,647,True,True,True,True,,10.0,647,True,True,True,True,,2883.0,2024-09-19T09:34:00-04:00,1.0,11447.040000000046,2929.0,2024-09-19T10:20:00-04:00,2.5,8447.040000000046,2930.0,2024-09-19T10:21:00-04:00,2.75,7947.040000000046,2884.0,2024-09-19T09:35:00-04:00,4.049999999999997,5347.040000000052,2883.0,2024-09-19T09:34:00-04:00,1.0,11447.040000000046,2941.0,2024-09-19T10:32:00-04:00,1.7999999999999972,9847.040000000054,2942.0,2024-09-19T10:33:00-04:00,1.7000000000000028,10047.04000000004,2884.0,2024-09-19T09:35:00-04:00,4.049999999999997,5347.040000000052,2897.0,2024-09-19T09:48:00-04:00,0.45000000000000284,12547.04000000004,3058.0,2024-09-19T12:29:00-04:00,0.9000000000000004,11647.040000000046,3059.0,2024-09-19T12:30:00-04:00,0.9499999999999993,11547.040000000048,2898.0,2024-09-19T09:49:00-04:00,4.949999999999989,3547.040000000069,3138.0,2024-09-19T13:49:00-04:00,0.4499999999999993,12547.040000000048,3145.0,2024-09-19T13:56:00-04:00,0.40000000000000036,12647.040000000046,3155.0,2024-09-19T14:06:00-04:00,0.39999999999999947,12647.040000000048,3139.0,2024-09-19T13:50:00-04:00,0.5,12447.040000000046,2099
2024-09-20,2024-09-23,3,5.0,2024-09-20T09:31:00-04:00,5.049999999999983,NDXP  240923P19850000,NDXP  240923P19840000,development,False,False,0,0,0,1,0,794,available,False,2024-09-20T09:31:00-04:00,2024-09-23T16:00:00-04:00,5.675000000000001,-1502.9600000000348,0.0,last_observed_quote_not_settlement,3916.0,518,79,4.949999999999989,-52.96000000001066,2024-09-20T09:32:00-04:00,0.0,5.099999999999994,-352.96000000002203,2024-09-20T09:33:00-04:00,0.0,4.75,347.0399999999666,2024-09-20T09:36:00-04:00,0.0,5.0,-152.9600000000334,2024-09-20T09:41:00-04:00,0.0,5.0,-152.9600000000334,2024-09-20T09:46:00-04:00,0.0,5.949999999999989,-2052.9600000000105,2024-09-20T10:01:00-04:00,0.0,5.949999999999989,-2052.9600000000105,2024-09-20T10:31:00-04:00,0.0,7.199999999999989,-4552.960000000011,2024-09-20T11:31:00-04:00,0.0,6.0,-2152.9600000000332,2024-09-20T16:00:00-04:00,0.0,,,2024-09-20T16:15:00-04:00,85500.0,,,2024-09-20T16:15:00-04:00,171900.0,5.675000000000001,-1502.9600000000348,2024-09-23T16:00:00-04:00,0.0,0.0,hit,1.0,hit,4339.0,hit,4351.0,hit,4351.0,hit,4372.0,hit,,never_hit,26.0,hit,43.0,hit,88.0,hit,106.0,hit,,never_hit,,never_hit,8.549999999999955,387,True,True,False,False,,8.549999999999955,387,True,True,False,False,,8.549999999999955,389,True,True,False,False,,,,True,True,False,False,4.299999999999976,4351.0,2024-09-23T10:02:00-04:00,1.5499999999999972,6747.039999999973,4464.0,2024-09-23T11:55:00-04:00,2.6999999999999993,4447.039999999968,4465.0,2024-09-23T11:56:00-04:00,2.8500000000000014,4147.039999999964,4352.0,2024-09-23T10:03:00-04:00,4.0,1847.0399999999665,4351.0,2024-09-23T10:02:00-04:00,1.5499999999999972,6747.039999999973,,,,,,,,,4352.0,2024-09-23T10:03:00-04:00,4.0,1847.0399999999665,4372.0,2024-09-23T10:23:00-04:00,0.7500000000000071,8347.039999999954,,,,,,,,,4373.0,2024-09-23T10:24:00-04:00,3.3500000000000085,3147.0399999999495,,,,,,,,,,,,,,,,,2100
2024-09-20,2024-09-23,3,6.0,2024-09-20T09:31:00-04:00,5.950000000000017,NDXP  240923P19910000,NDXP  240923P19900000,development,False,False,0,0,0,21,0,774,available,False,2024-09-20T09:31:00-04:00,2024-09-23T16:00:00-04:00,10.0,-8252.959999999965,0.0,last_observed_quote_not_settlement,3916.0,683,54,5.449999999999989,747.0400000000575,2024-09-20T09:32:00-04:00,0.0,6.150000000000006,-652.9599999999766,2024-09-20T09:33:00-04:00,0.0,5.399999999999977,847.0400000000802,2024-09-20T09:36:00-04:00,0.0,5.900000000000006,-152.95999999997656,2024-09-20T09:41:00-04:00,0.0,5.900000000000006,-152.95999999997656,2024-09-20T09:46:00-04:00,0.0,6.75,-1852.9599999999652,2024-09-20T10:01:00-04:00,0.0,7.250000000000028,-2852.960000000022,2024-09-20T10:31:00-04:00,0.0,7.850000000000023,-4052.9600000000105,2024-09-20T11:31:00-04:00,0.0,7.099999999999994,-2552.9599999999537,2024-09-20T16:00:00-04:00,0.0,,,2024-09-20T16:15:00-04:00,85500.0,,,2024-09-20T16:15:00-04:00,171900.0,10.0,-8252.959999999965,2024-09-23T16:00:00-04:00,0.0,1.0,hit,17.0,hit,,never_hit,,never_hit,,never_hit,,never_hit,,never_hit,26.0,hit,29.0,hit,29.0,hit,85.0,hit,4532.0,hit,4548.0,hit,,,True,True,True,False,1.90000000000002,,,True,True,True,False,1.90000000000002,,,True,True,True,False,1.90000000000002,,,True,True,True,False,1.90000000000002,,,,,,,,,,,,,,,,,,,,,,,,,,,,,,,,,,,,,,,,,,,,,,,,,,,,,,,,,,,,,,,,,2101
2024-09-20,2024-09-23,3,7.0,2024-09-20T09:31:00-04:00,7.0,NDXP  240923P20650000,NDXP  240923P20640000,development,False,False,0,0,0,186,0,609,available,False,2024-09-20T09:31:00-04:00,2024-09-23T16:00:00-04:00,10.0,-6152.96,0.0,last_observed_quote_not_settlement,3916.0,465,3,10.0,-6152.96,2024-09-20T09:32:00-04:00,0.0,7.899999999999864,-2052.9599999997263,2024-09-20T09:33:00-04:00,0.0,9.700000000000045,-5652.960000000092,2024-09-20T09:36:00-04:00,0.0,9.200000000000045,-4652.960000000092,2024-09-20T09:41:00-04:00,0.0,,,2024-09-20T09:44:00-04:00,120.0,10.0,-6152.96,2024-09-20T10:01:00-04:00,0.0,,,2024-09-20T10:30:00-04:00,60.0,,,2024-09-20T11:29:00-04:00,120.0,,,2024-09-20T15:59:00-04:00,60.0,,,2024-09-20T16:15:00-04:00,85500.0,,,2024-09-20T16:15:00-04:00,171900.0,10.0,-6152.96,2024-09-23T16:00:00-04:00,0.0,3.0,hit,3.0,hit,3.0,hit,,never_hit,,never_hit,,never_hit,,never_hit,1.0,hit,1.0,hit,0.0,hit,1.0,hit,1.0,hit,1.0,hit,,,True,True,True,False,3.2999999999999545,,,True,True,True,False,3.2999999999999545,,,True,True,True,False,3.2999999999999545,,,True,True,True,False,3.2999999999999545,,,,,,,,,,,,,,,,,,,,,,,,,,,,,,,,,,,,,,,,,,,,,,,,,,,,,,,,,,,,,,,,,2102
2024-09-23,2024-09-25,2,5.0,2024-09-23T09:31:00-04:00,4.950000000000017,NDXP  240925P19950000,NDXP  240925P19940000,development,False,False,0,0,0,1,15,1199,available,False,2024-09-23T09:31:00-04:00,2024-09-25T16:00:00-04:00,0.025000000000000022,9597.040000000035,0.0,last_observed_quote_not_settlement,1036.0,554,127,5.450000000000017,-1252.9599999999994,2024-09-23T09:32:00-04:00,0.0,6.749999999999972,-3852.959999999908,2024-09-23T09:33:00-04:00,0.0,6.349999999999994,-3052.9599999999537,2024-09-23T09:36:00-04:00,0.0,7.600000000000023,-5552.960000000011,2024-09-23T09:41:00-04:00,0.0,7.550000000000011,-5452.959999999988,2024-09-23T09:46:00-04:00,0.0,5.0,-352.9599999999652,2024-09-23T10:01:00-04:00,0.0,5.599999999999994,-1552.9599999999539,2024-09-23T10:31:00-04:00,0.0,6.100000000000023,-2552.9600000000105,2024-09-23T11:31:00-04:00,0.0,7.5,-5352.9599999999655,2024-09-23T16:00:00-04:00,0.0,6.100000000000001,-2552.959999999968,2024-09-24T16:00:00-04:00,0.0,0.025000000000000022,9597.040000000035,2024-09-25T16:00:00-04:00,0.0,,,,,0.0,hit,0.0,hit,12.0,hit,1770.0,hit,2924.0,hit,3267.0,hit,3268.0,hit,1.0,hit,2.0,hit,7.0,hit,8.0,hit,104.0,hit,186.0,hit,9.949999999999989,511,True,True,True,True,,9.949999999999989,542,True,True,True,True,,9.949999999999989,554,True,True,True,True,,9.949999999999989,554,True,True,True,True,,2906.0,2024-09-25T09:57:00-04:00,2.799999999999997,4047.040000000041,2907.0,2024-09-25T09:58:00-04:00,2.8499999999999943,3947.0400000000463,2908.0,2024-09-25T09:59:00-04:00,2.849999999999998,3947.040000000039,2907.0,2024-09-25T09:58:00-04:00,2.8499999999999943,3947.0400000000463,2927.0,2024-09-25T10:18:00-04:00,1.8999999999999986,5847.040000000037,3264.0,2024-09-25T15:55:00-04:00,1.1749999999999998,7297.040000000035,3265.0,2024-09-25T15:56:00-04:00,1.5999999999999999,6447.0400000000345,2928.0,2024-09-25T10:19:00-04:00,2.0,5647.0400000000345,3267.0,2024-09-25T15:58:00-04:00,0.7,8247.040000000035,3268.0,2024-09-25T15:59:00-04:00,0.37499999999999994,8897.040000000035,3269.0,2024-09-25T16:00:00-04:00,0.025000000000000022,9597.040000000035,3268.0,2024-09-25T15:59:00-04:00,0.37499999999999994,8897.040000000035,3268.0,2024-09-25T15:59:00-04:00,0.37499999999999994,8897.040000000035,3269.0,2024-09-25T16:00:00-04:00,0.025000000000000022,9597.040000000035,,,,,3269.0,2024-09-25T16:00:00-04:00,0.025000000000000022,9597.040000000035,2103
2024-09-23,2024-09-25,2,6.0,2024-09-23T09:31:00-04:00,6.0,NDXP  240925P19940000,NDXP  240925P19930000,development,False,False,0,0,0,0,15,1200,available,False,2024-09-23T09:31:00-04:00,2024-09-25T16:00:00-04:00,0.225,11297.04,0.0,last_observed_quote_not_settlement,1036.0,323,101,5.899999999999977,-52.959999999953816,2024-09-23T09:32:00-04:00,0.0,5.350000000000023,1047.0399999999552,2024-09-23T09:33:00-04:00,0.0,5.949999999999989,-152.95999999997656,2024-09-23T09:36:00-04:00,0.0,6.099999999999994,-452.95999999998793,2024-09-23T09:41:00-04:00,0.0,6.0,-252.9599999999993,2024-09-23T09:46:00-04:00,0.0,5.950000000000017,-152.9600000000334,2024-09-23T10:01:00-04:00,0.0,5.299999999999983,1147.0400000000348,2024-09-23T10:31:00-04:00,0.0,4.849999999999994,2047.0400000000122,2024-09-23T11:31:00-04:00,0.0,6.099999999999994,-452.95999999998793,2024-09-23T16:00:00-04:00,0.0,4.1499999999999915,3447.0400000000177,2024-09-24T16:00:00-04:00,0.0,0.225,11297.04,2024-09-25T16:00:00-04:00,0.0,,,,,2.0,hit,18.0,hit,33.0,hit,33.0,hit,2918.0,hit,3261.0,hit,3264.0,hit,22.0,hit,22.0,hit,22.0,hit,22.0,hit,,never_hit,,never_hit,8.200000000000017,11,True,True,False,False,,8.75,323,True,True,False,False,,8.75,323,True,True,False,False,,8.75,323,True,True,False,False,,2904.0,2024-09-25T09:55:00-04:00,2.8500000000000085,6047.039999999984,2909.0,2024-09-25T10:00:00-04:00,2.4499999999999993,6847.040000000002,2910.0,2024-09-25T10:01:00-04:00,2.400000000000002,6947.039999999996,2905.0,2024-09-25T09:56:00-04:00,3.299999999999997,5147.040000000006,2922.0,2024-09-25T10:13:00-04:00,1.8999999999999986,7947.040000000004,2923.0,2024-09-25T10:14:00-04:00,1.9499999999999993,7847.040000000002,2924.0,2024-09-25T10:15:00-04:00,1.7999999999999972,8147.040000000007,2923.0,2024-09-25T10:14:00-04:00,1.9499999999999993,7847.040000000002,3261.0,2024-09-25T15:52:00-04:00,0.7749999999999999,10197.04,3264.0,2024-09-25T15:55:00-04:00,0.27499999999999997,11197.04,3265.0,2024-09-25T15:56:00-04:00,0.875,9997.04,3262.0,2024-09-25T15:53:00-04:00,1.2750000000000004,9197.04,3264.0,2024-09-25T15:55:00-04:00,0.27499999999999997,11197.04,3267.0,2024-09-25T15:58:00-04:00,0.45,10847.04,3268.0,2024-09-25T15:59:00-04:00,0.07500000000000001,11597.04,3265.0,2024-09-25T15:56:00-04:00,0.875,9997.04,2104
2024-09-23,2024-09-25,2,7.0,2024-09-23T09:31:00-04:00,7.250000000000028,NDXP  240925P20050000,NDXP  240925P20040000,development,False,False,0,0,0,44,15,1156,available,False,2024-09-23T09:31:00-04:00,2024-09-25T16:00:00-04:00,10.0,-5652.959999999943,0.0,last_observed_quote_not_settlement,1036.0,740,213,7.300000000000011,-352.9599999999652,2024-09-23T09:32:00-04:00,0.0,7.0,247.04000000005752,2024-09-23T09:33:00-04:00,0.0,7.849999999999966,-1452.9599999998743,2024-09-23T09:36:00-04:00,0.0,7.550000000000011,-852.9599999999652,2024-09-23T09:41:00-04:00,0.0,7.450000000000017,-652.9599999999766,2024-09-23T09:46:00-04:00,0.0,7.5,-752.9599999999425,2024-09-23T10:01:00-04:00,0.0,6.099999999999994,2047.040000000069,2024-09-23T10:31:00-04:00,0.0,7.399999999999977,-552.959999999897,2024-09-23T11:31:00-04:00,0.0,,,2024-09-23T15:59:00-04:00,60.0,5.699999999999989,2847.0400000000805,2024-09-24T16:00:00-04:00,0.0,10.0,-5652.959999999943,2024-09-25T16:00:00-04:00,0.0,,,,,41.0,hit,41.0,hit,216.0,hit,,never_hit,,never_hit,,never_hit,,never_hit,3.0,hit,16.0,hit,0.0,hit,16.0,hit,58.0,hit,87.0,hit,,,True,True,True,False,3.4000000000000057,,,True,True,True,False,3.4000000000000057,,,True,True,True,False,3.4000000000000057,,,True,True,True,False,3.4000000000000057,,,,,,,,,,,,,,,,,,,,,,,,,,,,,,,,,,,,,,,,,,,,,,,,,,,,,,,,,,,,,,,,,2105
2024-09-23,2024-09-26,3,5.0,2024-09-23T09:31:00-04:00,5.0,NDXP  240926P19360000,NDXP  240926P19350000,development,False,False,0,0,0,100,0,1505,available,False,2024-09-23T09:31:00-04:00,2024-09-26T16:00:00-04:00,9.975,-10152.96,0.0,last_observed_quote_not_settlement,1037.0,0,1,1.0500000000000007,7647.039999999999,2024-09-23T09:32:00-04:00,0.0,1.0,7747.040000000001,2024-09-23T09:33:00-04:00,0.0,1.1000000000000014,7547.039999999998,2024-09-23T09:36:00-04:00,0.0,1.0,7747.040000000001,2024-09-23T09:41:00-04:00,0.0,0.9499999999999993,7847.040000000002,2024-09-23T09:46:00-04:00,0.0,0.7999999999999972,8147.040000000007,2024-09-23T10:01:00-04:00,0.0,0.6500000000000057,8447.03999999999,2024-09-23T10:31:00-04:00,0.0,0.8499999999999996,8047.040000000002,2024-09-23T11:31:00-04:00,0.0,0.6000000000000014,8547.039999999999,2024-09-23T16:00:00-04:00,0.0,0.20000000000000018,9347.04,2024-09-24T16:00:00-04:00,0.0,0.025000000000000022,9697.04,2024-09-25T16:00:00-04:00,0.0,9.975,-10152.96,2024-09-26T16:00:00-04:00,0.0,0.0,hit,0.0,hit,1.0,hit,1.0,hit,1.0,hit,2.0,hit,52.0,hit,4709.0,hit,4709.0,hit,4709.0,hit,4709.0,hit,4709.0,hit,4709.0,hit,5.0,0,False,False,False,False,,5.0,0,False,False,False,False,,5.0,0,False,False,False,False,,5.0,0,False,False,False,False,,1.0,2024-09-23T09:32:00-04:00,1.0500000000000007,7647.039999999999,2.0,2024-09-23T09:33:00-04:00,1.0,7747.040000000001,3.0,2024-09-23T09:34:00-04:00,0.9499999999999957,7847.040000000009,2.0,2024-09-23T09:33:00-04:00,1.0,7747.040000000001,1.0,2024-09-23T09:32:00-04:00,1.0500000000000007,7647.039999999999,2.0,2024-09-23T09:33:00-04:00,1.0,7747.040000000001,3.0,2024-09-23T09:34:00-04:00,0.9499999999999957,7847.040000000009,2.0,2024-09-23T09:33:00-04:00,1.0,7747.040000000001,3.0,2024-09-23T09:34:00-04:00,0.9499999999999957,7847.040000000009,4.0,2024-09-23T09:35:00-04:00,0.9499999999999993,7847.040000000002,17.0,2024-09-23T09:48:00-04:00,0.9499999999999993,7847.040000000002,4.0,2024-09-23T09:35:00-04:00,0.9499999999999993,7847.040000000002,52.0,2024-09-23T10:23:00-04:00,0.29999999999999716,9147.040000000008,1441.0,2024-09-24T09:32:00-04:00,0.40000000000000036,8947.04,1442.0,2024-09-24T09:33:00-04:00,0.39999999999999947,8947.040000000003,53.0,2024-09-23T10:24:00-04:00,0.6999999999999993,8347.040000000003,2106
2024-09-23,2024-09-26,3,6.0,2024-09-23T09:31:00-04:00,6.049999999999983,NDXP  240926P19640000,NDXP  240926P19630000,development,False,False,0,0,0,26,0,1579,available,False,2024-09-23T09:31:00-04:00,2024-09-26T15:59:00-04:00,0.0,11847.039999999968,1.0,last_observed_quote_not_settlement,1036.0,0,0,2.5,6847.039999999966,2024-09-23T09:32:00-04:00,0.0,2.6999999999999886,6447.039999999989,2024-09-23T09:33:00-04:00,0.0,2.5999999999999943,6647.039999999978,2024-09-23T09:36:00-04:00,0.0,2.6500000000000057,6547.039999999955,2024-09-23T09:41:00-04:00,0.0,2.450000000000003,6947.039999999961,2024-09-23T09:46:00-04:00,0.0,2.299999999999997,7247.039999999973,2024-09-23T10:01:00-04:00,0.0,3.25,5347.039999999966,2024-09-23T10:31:00-04:00,0.0,2.0,7847.039999999966,2024-09-23T11:31:00-04:00,0.0,2.0,7847.039999999966,2024-09-23T16:00:00-04:00,0.0,1.4499999999999993,8947.039999999968,2024-09-24T16:00:00-04:00,0.0,0.4249999999999998,10997.039999999968,2024-09-25T16:00:00-04:00,0.0,,,2024-09-26T15:59:00-04:00,60.0,1.0,hit,1.0,hit,1.0,hit,1.0,hit,53.0,hit,1584.0,hit,2914.0,hit,,never_hit,,never_hit,,never_hit,,never_hit,,never_hit,,never_hit,6.049999999999983,0,False,False,False,False,,6.049999999999983,0,False,False,False,False,,6.049999999999983,0,False,False,False,False,,6.049999999999983,0,False,False,False,False,,1.0,2024-09-23T09:32:00-04:00,2.5,6847.039999999966,2.0,2024-09-23T09:33:00-04:00,2.6999999999999886,6447.039999999989,3.0,2024-09-23T09:34:00-04:00,2.549999999999983,6747.040000000001,2.0,2024-09-23T09:33:00-04:00,2.6999999999999886,6447.039999999989,54.0,2024-09-23T10:25:00-04:00,1.9499999999999957,7947.039999999975,78.0,2024-09-23T10:49:00-04:00,1.9499999999999957,7947.039999999975,135.0,2024-09-23T11:46:00-04:00,1.8999999999999986,8047.039999999969,55.0,2024-09-23T10:26:00-04:00,2.1499999999999915,7547.039999999984,1595.0,2024-09-24T12:06:00-04:00,0.9499999999999993,9947.039999999968,1611.0,2024-09-24T12:22:00-04:00,0.9499999999999993,9947.039999999968,1612.0,2024-09-24T12:23:00-04:00,0.9499999999999993,9947.039999999968,1596.0,2024-09-24T12:07:00-04:00,1.0,9847.039999999968,2926.0,2024-09-25T10:17:00-04:00,0.39999999999999947,11047.039999999968,2930.0,2024-09-25T10:21:00-04:00,0.4499999999999993,10947.039999999968,2952.0,2024-09-25T10:43:00-04:00,0.40000000000000036,11047.039999999966,2927.0,2024-09-25T10:18:00-04:00,0.5,10847.039999999968,2107
2024-09-23,2024-09-26,3,7.0,2024-09-23T09:31:00-04:00,7.0,NDXP  240926P20570000,NDXP  240926P20560000,development,False,False,0,0,0,406,0,1199,available,False,2024-09-23T09:31:00-04:00,2024-09-26T15:59:00-04:00,10.0,-6152.96,1.0,last_observed_quote_not_settlement,1037.0,898,6,9.750000000000114,-5752.960000000228,2024-09-23T09:32:00-04:00,0.0,9.899999999999977,-6052.9599999999555,2024-09-23T09:33:00-04:00,0.0,9.850000000000136,-5952.960000000274,2024-09-23T09:36:00-04:00,0.0,9.349999999999909,-4952.959999999819,2024-09-23T09:41:00-04:00,0.0,9.899999999999977,-6052.9599999999555,2024-09-23T09:46:00-04:00,0.0,9.900000000000091,-6052.960000000183,2024-09-23T10:01:00-04:00,0.0,9.899999999999864,-6052.959999999728,2024-09-23T10:31:00-04:00,0.0,9.75,-5752.960000000001,2024-09-23T11:31:00-04:00,0.0,10.0,-6152.96,2024-09-23T16:00:00-04:00,0.0,,,2024-09-24T15:59:00-04:00,60.0,10.0,-6152.96,2024-09-25T16:00:00-04:00,0.0,,,2024-09-26T15:59:00-04:00,60.0,,never_hit,,never_hit,,never_hit,,never_hit,,never_hit,,never_hit,,never_hit,1.0,hit,1.0,hit,0.0,hit,1.0,hit,1.0,hit,1.0,hit,,,True,True,True,False,0.5,,,True,True,True,False,0.5,,,True,True,True,False,0.5,,,True,True,True,False,0.5,,,,,,,,,,,,,,,,,,,,,,,,,,,,,,,,,,,,,,,,,,,,,,,,,,,,,,,,,,,,,,,,,2108
2024-09-24,2024-09-26,2,5.0,2024-09-24T09:31:00-04:00,4.849999999999994,NDXP  240926P19950000,NDXP  240926P19940000,development,False,False,0,0,0,9,15,1191,available,False,2024-09-24T09:31:00-04:00,2024-09-26T16:00:00-04:00,0.0,9447.03999999999,0.0,last_observed_quote_not_settlement,1036.0,162,69,5.25,-1052.9600000000107,2024-09-24T09:32:00-04:00,0.0,5.0,-552.9600000000107,2024-09-24T09:33:00-04:00,0.0,5.550000000000011,-1652.9600000000335,2024-09-24T09:36:00-04:00,0.0,5.550000000000011,-1652.9600000000335,2024-09-24T09:41:00-04:00,0.0,4.900000000000006,-352.96000000002203,2024-09-24T09:46:00-04:00,0.0,6.849999999999994,-4252.959999999999,2024-09-24T10:01:00-04:00,0.0,6.449999999999989,-3452.9599999999878,2024-09-24T10:31:00-04:00,0.0,5.349999999999994,-1252.9599999999994,2024-09-24T11:31:00-04:00,0.0,4.3999999999999915,647.0400000000063,2024-09-24T16:00:00-04:00,0.0,3.549999999999997,2347.039999999995,2024-09-25T16:00:00-04:00,0.0,0.0,9447.03999999999,2024-09-26T16:00:00-04:00,0.0,,,,,0.0,hit,0.0,hit,3.0,hit,1482.0,hit,1540.0,hit,1540.0,hit,1540.0,hit,4.0,hit,11.0,hit,32.0,hit,34.0,hit,70.0,hit,,never_hit,9.0,145,True,True,True,True,,9.0,146,True,True,True,True,,9.0,146,True,True,True,True,,9.0,146,True,True,True,True,,1487.0,2024-09-25T10:18:00-04:00,2.9499999999999957,3547.0399999999977,1490.0,2024-09-25T10:21:00-04:00,2.9499999999999957,3547.0399999999977,2882.0,2024-09-26T09:33:00-04:00,0.34999999999999964,8747.039999999992,1488.0,2024-09-25T10:19:00-04:00,2.950000000000003,3547.0399999999836,1540.0,2024-09-25T11:11:00-04:00,0.30000000000000426,8847.03999999998,2881.0,2024-09-26T09:32:00-04:00,0.35000000000000053,8747.03999999999,2882.0,2024-09-26T09:33:00-04:00,0.34999999999999964,8747.039999999992,1541.0,2024-09-25T11:12:00-04:00,3.549999999999997,2347.039999999995,1540.0,2024-09-25T11:11:00-04:00,0.30000000000000426,8847.03999999998,2881.0,2024-09-26T09:32:00-04:00,0.35000000000000053,8747.03999999999,2882.0,2024-09-26T09:33:00-04:00,0.34999999999999964,8747.039999999992,1541.0,2024-09-25T11:12:00-04:00,3.549999999999997,2347.039999999995,1540.0,2024-09-25T11:11:00-04:00,0.30000000000000426,8847.03999999998,2881.0,2024-09-26T09:32:00-04:00,0.35000000000000053,8747.03999999999,2882.0,2024-09-26T09:33:00-04:00,0.34999999999999964,8747.039999999992,1541.0,2024-09-25T11:12:00-04:00,3.549999999999997,2347.039999999995,2109
2024-09-24,2024-09-26,2,6.0,2024-09-24T09:31:00-04:00,6.0,NDXP  240926P20020000,NDXP  240926P20010000,development,False,False,0,0,0,5,15,1195,available,False,2024-09-24T09:31:00-04:00,2024-09-26T16:00:00-04:00,2.0999999999999996,7547.040000000002,0.0,last_observed_quote_not_settlement,1036.0,291,130,6.199999999999989,-652.9599999999766,2024-09-24T09:32:00-04:00,0.0,6.349999999999966,-952.9599999999311,2024-09-24T09:33:00-04:00,0.0,6.299999999999983,-852.9599999999652,2024-09-24T09:36:00-04:00,0.0,6.5,-1252.9599999999994,2024-09-24T09:41:00-04:00,0.0,6.599999999999994,-1452.959999999988,2024-09-24T09:46:00-04:00,0.0,7.349999999999994,-2952.9599999999878,2024-09-24T10:01:00-04:00,0.0,8.149999999999977,-4552.9599999999555,2024-09-24T10:31:00-04:00,0.0,6.400000000000006,-1052.9600000000107,2024-09-24T11:31:00-04:00,0.0,5.200000000000003,1347.039999999995,2024-09-24T16:00:00-04:00,0.0,7.700000000000003,-3652.960000000005,2024-09-25T16:00:00-04:00,0.0,2.0999999999999996,7547.040000000002,2024-09-26T16:00:00-04:00,0.0,,,,,133.0,hit,140.0,hit,209.0,hit,209.0,hit,209.0,hit,2880.0,hit,2909.0,hit,6.0,hit,6.0,hit,6.0,hit,6.0,hit,6.0,hit,36.0,hit,9.799999999999955,126,True,True,True,True,,9.799999999999955,126,True,True,True,True,,9.799999999999955,287,True,True,True,True,,9.799999999999955,287,True,True,True,True,,209.0,2024-09-24T13:00:00-04:00,1.9000000000000057,7947.039999999989,2881.0,2024-09-26T09:32:00-04:00,0.75,10247.04,2882.0,2024-09-26T09:33:00-04:00,0.7500000000000018,10247.039999999997,210.0,2024-09-24T13:01:00-04:00,5.549999999999983,647.0400000000348,209.0,2024-09-24T13:00:00-04:00,1.9000000000000057,7947.039999999989,2881.0,2024-09-26T09:32:00-04:00,0.75,10247.04,2882.0,2024-09-26T09:33:00-04:00,0.7500000000000018,10247.039999999997,210.0,2024-09-24T13:01:00-04:00,5.549999999999983,647.0400000000348,2880.0,2024-09-26T09:31:00-04:00,0.7000000000000011,10347.039999999999,2881.0,2024-09-26T09:32:00-04:00,0.75,10247.04,2882.0,2024-09-26T09:33:00-04:00,0.7500000000000018,10247.039999999997,2881.0,2024-09-26T09:32:00-04:00,0.75,10247.04,2909.0,2024-09-26T10:00:00-04:00,0.0,11747.04,2910.0,2024-09-26T10:01:00-04:00,0.0,11747.04,3220.0,2024-09-26T15:11:00-04:00,0.3999999999999999,10947.04,2910.0,2024-09-26T10:01:00-04:00,0.0,11747.04,2110
2024-09-24,2024-09-26,2,7.0,2024-09-24T09:31:00-04:00,6.900000000000006,NDXP  240926P20080000,NDXP  240926P20070000,development,False,False,0,0,0,3,15,1197,available,False,2024-09-24T09:31:00-04:00,2024-09-26T15:59:00-04:00,0.07499999999999996,13397.040000000012,1.0,last_observed_quote_not_settlement,1036.0,498,183,8.349999999999966,-3152.9599999999214,2024-09-24T09:32:00-04:00,0.0,7.200000000000017,-852.9600000000221,2024-09-24T09:33:00-04:00,0.0,7.449999999999989,-1352.9599999999652,2024-09-24T09:36:00-04:00,0.0,8.0,-2452.9599999999896,2024-09-24T09:41:00-04:00,0.0,7.5,-1452.959999999988,2024-09-24T09:46:00-04:00,0.0,7.0,-452.95999999998793,2024-09-24T10:01:00-04:00,0.0,8.700000000000045,-3852.9600000000805,2024-09-24T10:31:00-04:00,0.0,9.000000000000028,-4452.960000000046,2024-09-24T11:31:00-04:00,0.0,6.600000000000023,347.0399999999666,2024-09-24T16:00:00-04:00,0.0,8.900000000000006,-4252.960000000001,2024-09-25T16:00:00-04:00,0.0,,,2024-09-26T15:59:00-04:00,60.0,,,,,7.0,hit,129.0,hit,170.0,hit,2880.0,hit,2880.0,hit,2911.0,hit,3258.0,hit,1.0,hit,1.0,hit,1.0,hit,1.0,hit,22.0,hit,22.0,hit,9.75,443,True,True,True,True,,9.75,443,True,True,True,True,,9.75,443,True,True,True,True,,9.75,498,True,True,True,True,,2880.0,2024-09-26T09:31:00-04:00,1.1500000000000021,11247.040000000008,2881.0,2024-09-26T09:32:00-04:00,1.25,11047.040000000014,2882.0,2024-09-26T09:33:00-04:00,1.299999999999999,10947.040000000015,2881.0,2024-09-26T09:32:00-04:00,1.25,11047.040000000014,2880.0,2024-09-26T09:31:00-04:00,1.1500000000000021,11247.040000000008,2881.0,2024-09-26T09:32:00-04:00,1.25,11047.040000000014,2882.0,2024-09-26T09:33:00-04:00,1.299999999999999,10947.040000000015,2881.0,2024-09-26T09:32:00-04:00,1.25,11047.040000000014,3234.0,2024-09-26T15:25:00-04:00,0.9249999999999998,11697.040000000014,3235.0,2024-09-26T15:26:00-04:00,0.8999999999999999,11747.040000000012,3236.0,2024-09-26T15:27:00-04:00,0.9499999999999997,11647.040000000012,3235.0,2024-09-26T15:26:00-04:00,0.8999999999999999,11747.040000000012,3259.0,2024-09-26T15:50:00-04:00,0.2250000000000001,13097.040000000012,3260.0,2024-09-26T15:51:00-04:00,0.42499999999999993,12697.040000000014,3268.0,2024-09-26T15:59:00-04:00,0.07499999999999996,13397.040000000012,3260.0,2024-09-26T15:51:00-04:00,0.42499999999999993,12697.040000000014,2111
2024-09-24,2024-09-27,3,5.0,2024-09-24T09:31:00-04:00,4.9500000000000455,NDXP  240927P19990000,NDXP  240927P19980000,development,False,False,0,0,0,3,0,1602,available,False,2024-09-24T09:31:00-04:00,2024-09-27T16:00:00-04:00,0.0,9647.040000000092,0.0,last_observed_quote_not_settlement,1036.0,300,106,5.450000000000017,-1252.9599999999425,2024-09-24T09:32:00-04:00,0.0,5.550000000000011,-1452.9599999999311,2024-09-24T09:33:00-04:00,0.0,5.600000000000023,-1552.9599999999539,2024-09-24T09:36:00-04:00,0.0,8.400000000000006,-7152.959999999922,2024-09-24T09:41:00-04:00,0.0,5.649999999999977,-1652.959999999863,2024-09-24T09:46:00-04:00,0.0,9.900000000000006,-10152.959999999921,2024-09-24T10:01:00-04:00,0.0,10.0,-10252.959999999908,2024-09-24T10:31:00-04:00,0.0,6.199999999999989,-2752.9599999998854,2024-09-24T11:31:00-04:00,0.0,5.1000000000000085,-552.9599999999255,2024-09-24T16:00:00-04:00,0.0,3.0,3647.040000000092,2024-09-25T16:00:00-04:00,0.0,1.9499999999999993,5747.040000000093,2024-09-26T16:00:00-04:00,0.0,0.0,9647.040000000092,2024-09-27T16:00:00-04:00,0.0,0.0,hit,0.0,hit,18.0,hit,1540.0,hit,1540.0,hit,2909.0,hit,4704.0,hit,2.0,hit,3.0,hit,10.0,hit,10.0,hit,30.0,hit,30.0,hit,10.0,237,True,True,True,True,,10.0,237,True,True,True,True,,10.0,293,True,True,True,True,,10.0,300,True,True,True,True,,1540.0,2024-09-25T11:11:00-04:00,1.5,6647.040000000092,2881.0,2024-09-26T09:32:00-04:00,1.3000000000000007,7047.04000000009,2882.0,2024-09-26T09:33:00-04:00,1.3000000000000007,7047.04000000009,1541.0,2024-09-25T11:12:00-04:00,4.199999999999989,1247.0400000001143,1540.0,2024-09-25T11:11:00-04:00,1.5,6647.040000000092,2881.0,2024-09-26T09:32:00-04:00,1.3000000000000007,7047.04000000009,2882.0,2024-09-26T09:33:00-04:00,1.3000000000000007,7047.04000000009,1541.0,2024-09-25T11:12:00-04:00,4.199999999999989,1247.0400000001143,2909.0,2024-09-26T10:00:00-04:00,0.9000000000000021,7847.040000000087,4702.0,2024-09-27T15:53:00-04:00,0.8999999999999999,7847.040000000091,4703.0,2024-09-27T15:54:00-04:00,0.8,8047.04000000009,2910.0,2024-09-26T10:01:00-04:00,1.1499999999999986,7347.040000000095,4704.0,2024-09-27T15:55:00-04:00,0.44999999999999996,8747.040000000092,4705.0,2024-09-27T15:56:00-04:00,0.35000000000000003,8947.040000000092,4709.0,2024-09-27T16:00:00-04:00,0.0,9647.040000000092,4705.0,2024-09-27T15:56:00-04:00,0.35000000000000003,8947.040000000092,2112
2024-09-24,2024-09-27,3,6.0,2024-09-24T09:31:00-04:00,5.849999999999994,NDXP  240927P20010000,NDXP  240927P20000000,development,False,False,0,0,0,0,0,1605,available,False,2024-09-24T09:31:00-04:00,2024-09-27T16:00:00-04:00,3.2749999999999995,4897.03999999999,0.0,last_observed_quote_not_settlement,1036.0,64,66,5.300000000000011,847.0399999999665,2024-09-24T09:32:00-04:00,0.0,4.950000000000017,1547.0399999999552,2024-09-24T09:33:00-04:00,0.0,5.100000000000023,1247.0399999999438,2024-09-24T09:36:00-04:00,0.0,3.950000000000017,3547.0399999999554,2024-09-24T09:41:00-04:00,0.0,6.150000000000006,-852.9600000000221,2024-09-24T09:46:00-04:00,0.0,1.5500000000000114,8347.039999999968,2024-09-24T10:01:00-04:00,0.0,1.5500000000000114,8347.039999999968,2024-09-24T10:31:00-04:00,0.0,4.400000000000006,2647.039999999978,2024-09-24T11:31:00-04:00,0.0,6.0,-552.9600000000107,2024-09-24T16:00:00-04:00,0.0,4.5,2447.0399999999895,2024-09-25T16:00:00-04:00,0.0,2.3999999999999986,6647.039999999992,2024-09-26T16:00:00-04:00,0.0,3.2749999999999995,4897.03999999999,2024-09-27T16:00:00-04:00,0.0,1.0,hit,2.0,hit,3.0,hit,30.0,hit,30.0,hit,57.0,hit,57.0,hit,4.0,hit,4.0,hit,4.0,hit,72.0,hit,72.0,hit,73.0,hit,7.050000000000011,7,True,False,False,False,,7.050000000000011,7,True,False,False,False,,7.050000000000011,12,True,False,False,False,,7.050000000000011,12,True,False,False,False,,30.0,2024-09-24T10:01:00-04:00,1.5500000000000114,8347.039999999968,36.0,2024-09-24T10:07:00-04:00,2.1499999999999773,7147.0400000000345,57.0,2024-09-24T10:28:00-04:00,0.44999999999998863,10547.040000000014,31.0,2024-09-24T10:02:00-04:00,5.600000000000023,247.03999999994383,30.0,2024-09-24T10:01:00-04:00,1.5500000000000114,8347.039999999968,2881.0,2024-09-26T09:32:00-04:00,1.1999999999999993,9047.039999999992,2882.0,2024-09-26T09:33:00-04:00,1.4499999999999993,8547.039999999992,31.0,2024-09-24T10:02:00-04:00,5.600000000000023,247.03999999994383,57.0,2024-09-24T10:28:00-04:00,0.44999999999998863,10547.040000000014,,,,,,,,,58.0,2024-09-24T10:29:00-04:00,2.900000000000034,5647.039999999921,57.0,2024-09-24T10:28:00-04:00,0.44999999999998863,10547.040000000014,,,,,,,,,58.0,2024-09-24T10:29:00-04:00,2.900000000000034,5647.039999999921,2113
2024-09-24,2024-09-27,3,7.0,2024-09-24T09:31:00-04:00,7.0,NDXP  240927P20050000,NDXP  240927P20040000,development,False,False,0,0,0,3,0,1602,available,False,2024-09-24T09:31:00-04:00,2024-09-27T16:00:00-04:00,10.0,-6152.96,0.0,last_observed_quote_not_settlement,1036.0,142,91,6.5,747.0400000000006,2024-09-24T09:32:00-04:00,0.0,6.149999999999977,1447.0400000000461,2024-09-24T09:33:00-04:00,0.0,6.150000000000006,1447.0399999999893,2024-09-24T09:36:00-04:00,0.0,5.900000000000034,1947.0399999999324,2024-09-24T09:41:00-04:00,0.0,4.350000000000023,5047.039999999955,2024-09-24T09:46:00-04:00,0.0,2.6499999999999773,8447.040000000046,2024-09-24T10:01:00-04:00,0.0,7.649999999999977,-1552.9599999999539,2024-09-24T10:31:00-04:00,0.0,7.25,-752.9599999999994,2024-09-24T11:31:00-04:00,0.0,4.649999999999977,4447.040000000046,2024-09-24T16:00:00-04:00,0.0,3.5,6747.040000000001,2024-09-25T16:00:00-04:00,0.0,3.0,7747.040000000001,2024-09-26T16:00:00-04:00,0.0,10.0,-6152.96,2024-09-27T16:00:00-04:00,0.0,4.0,hit,4.0,hit,30.0,hit,30.0,hit,2880.0,hit,,never_hit,,never_hit,3.0,hit,3.0,hit,0.0,hit,3.0,hit,32.0,hit,4692.0,hit,8.850000000000023,5,True,True,False,False,,9.449999999999989,86,True,True,True,True,,,,True,True,True,False,5.8999999999999915,,,True,True,True,False,5.8999999999999915,30.0,2024-09-24T10:01:00-04:00,2.6499999999999773,8447.040000000046,2881.0,2024-09-26T09:32:00-04:00,1.8000000000000043,10147.039999999994,2882.0,2024-09-26T09:33:00-04:00,1.8999999999999986,9947.040000000005,31.0,2024-09-24T10:02:00-04:00,5.850000000000023,2047.0399999999554,2880.0,2024-09-26T09:31:00-04:00,1.6999999999999993,10347.040000000003,2881.0,2024-09-26T09:32:00-04:00,1.8000000000000043,10147.039999999994,2882.0,2024-09-26T09:33:00-04:00,1.8999999999999986,9947.040000000005,2881.0,2024-09-26T09:32:00-04:00,1.8000000000000043,10147.039999999994,,,,,,,,,,,,,,,,,,,,,,,,,,,,,,,,,2114
2024-09-25,2024-09-27,2,5.0,2024-09-25T09:31:00-04:00,5.099999999999966,NDXP  240927P20020000,NDXP  240927P20010000,development,False,False,0,0,0,0,0,1200,available,False,2024-09-25T09:31:00-04:00,2024-09-27T16:00:00-04:00,8.450000000000001,-6952.960000000072,0.0,last_observed_quote_not_settlement,1036.0,270,104,5.350000000000023,-752.960000000113,2024-09-25T09:32:00-04:00,0.0,5.049999999999983,-152.9600000000334,2024-09-25T09:33:00-04:00,0.0,5.0,-52.9600000000675,2024-09-25T09:36:00-04:00,0.0,5.150000000000006,-352.9600000000789,2024-09-25T09:41:00-04:00,0.0,5.099999999999994,-252.96000000005614,2024-09-25T09:46:00-04:00,0.0,4.549999999999997,847.0399999999381,2024-09-25T10:01:00-04:00,0.0,4.75,447.0399999999325,2024-09-25T10:31:00-04:00,0.0,4.950000000000003,47.03999999992681,2024-09-25T11:31:00-04:00,0.0,5.549999999999997,-1152.9600000000619,2024-09-25T16:00:00-04:00,0.0,2.4000000000000057,5147.039999999921,2024-09-26T16:00:00-04:00,0.0,8.450000000000001,-6952.960000000072,2024-09-27T16:00:00-04:00,0.0,,,,,0.0,hit,3.0,hit,3.0,hit,1440.0,hit,1440.0,hit,1469.0,hit,,never_hit,13.0,hit,13.0,hit,1666.0,hit,3269.0,hit,,never_hit,,never_hit,6.300000000000011,216,False,False,False,False,,6.300000000000011,216,False,False,False,False,,6.300000000000011,216,False,False,False,False,,,,True,True,False,False,4.299999999999965,1440.0,2024-09-26T09:31:00-04:00,1.4499999999999993,7047.039999999934,1441.0,2024-09-26T09:32:00-04:00,1.6500000000000021,6647.039999999928,1442.0,2024-09-26T09:33:00-04:00,1.7000000000000028,6547.039999999927,1441.0,2024-09-26T09:32:00-04:00,1.6500000000000021,6647.039999999928,1440.0,2024-09-26T09:31:00-04:00,1.4499999999999993,7047.039999999934,1441.0,2024-09-26T09:32:00-04:00,1.6500000000000021,6647.039999999928,1442.0,2024-09-26T09:33:00-04:00,1.7000000000000028,6547.039999999927,1441.0,2024-09-26T09:32:00-04:00,1.6500000000000021,6647.039999999928,1469.0,2024-09-26T10:00:00-04:00,0.9000000000000021,8147.039999999929,,,,,,,,,1470.0,2024-09-26T10:01:00-04:00,0.9500000000000028,8047.039999999927,,,,,,,,,,,,,,,,,2115
2024-09-25,2024-09-27,2,6.0,2024-09-25T09:31:00-04:00,6.049999999999983,NDXP  240927P20060000,NDXP  240927P20050000,development,False,False,0,0,0,5,0,1195,available,False,2024-09-25T09:31:00-04:00,2024-09-27T16:00:00-04:00,10.0,-8052.960000000034,0.0,last_observed_quote_not_settlement,1036.0,198,91,5.949999999999989,-52.96000000001066,2024-09-25T09:32:00-04:00,0.0,3.950000000000017,3947.0399999999327,2024-09-25T09:33:00-04:00,0.0,5.849999999999994,147.03999999997797,2024-09-25T09:36:00-04:00,0.0,6.099999999999994,-352.96000000002203,2024-09-25T09:41:00-04:00,0.0,5.950000000000017,-52.9600000000675,2024-09-25T09:46:00-04:00,0.0,5.049999999999997,1747.0399999999722,2024-09-25T10:01:00-04:00,0.0,5.150000000000006,1547.0399999999552,2024-09-25T10:31:00-04:00,0.0,5.650000000000034,547.0399999998983,2024-09-25T11:31:00-04:00,0.0,7.700000000000017,-3552.9600000000673,2024-09-25T16:00:00-04:00,0.0,3.200000000000003,5447.039999999961,2024-09-26T16:00:00-04:00,0.0,10.0,-8052.960000000034,2024-09-27T16:00:00-04:00,0.0,,,,,2.0,hit,2.0,hit,2.0,hit,152.0,hit,1440.0,hit,2934.0,hit,2934.0,hit,13.0,hit,13.0,hit,13.0,hit,304.0,hit,3252.0,hit,3252.0,hit,7.349999999999966,8,True,False,False,False,,8.050000000000011,39,True,True,False,False,,8.050000000000011,43,True,True,False,False,,8.050000000000011,43,True,True,False,False,,152.0,2024-09-25T12:03:00-04:00,2.8500000000000227,6147.039999999921,1441.0,2024-09-26T09:32:00-04:00,1.9499999999999957,7947.039999999975,1442.0,2024-09-26T09:33:00-04:00,2.049999999999997,7747.039999999973,153.0,2024-09-25T12:04:00-04:00,4.400000000000034,3047.0399999998986,1440.0,2024-09-26T09:31:00-04:00,1.6999999999999993,8447.039999999968,1441.0,2024-09-26T09:32:00-04:00,1.9499999999999957,7947.039999999975,,,,,1441.0,2024-09-26T09:32:00-04:00,1.9499999999999957,7947.039999999975,2934.0,2024-09-27T10:25:00-04:00,0.10000000000000142,11647.039999999964,,,,,,,,,2935.0,2024-09-27T10:26:00-04:00,3.0,5847.039999999966,2934.0,2024-09-27T10:25:00-04:00,0.10000000000000142,11647.039999999964,,,,,,,,,2935.0,2024-09-27T10:26:00-04:00,3.0,5847.039999999966,2116
2024-09-25,2024-09-27,2,7.0,2024-09-25T09:31:00-04:00,7.0499999999999545,NDXP  240927P20120000,NDXP  240927P20110000,development,False,False,0,0,0,18,0,1182,available,False,2024-09-25T09:31:00-04:00,2024-09-27T16:00:00-04:00,10.0,-6052.960000000091,0.0,last_observed_quote_not_settlement,1036.0,352,114,7.150000000000006,-452.9600000001016,2024-09-25T09:32:00-04:00,0.0,8.25,-2652.960000000092,2024-09-25T09:33:00-04:00,0.0,6.599999999999994,647.0399999999211,2024-09-25T09:36:00-04:00,0.0,6.850000000000023,147.03999999986428,2024-09-25T09:41:00-04:00,0.0,6.799999999999983,247.03999999994383,2024-09-25T09:46:00-04:00,0.0,6.0,1847.0399999999097,2024-09-25T10:01:00-04:00,0.0,6.299999999999983,1247.0399999999438,2024-09-25T10:31:00-04:00,0.0,6.649999999999977,547.0399999999552,2024-09-25T11:31:00-04:00,0.0,7.250000000000028,-652.9600000001471,2024-09-25T16:00:00-04:00,0.0,4.400000000000006,5047.039999999898,2024-09-26T16:00:00-04:00,0.0,10.0,-6052.960000000091,2024-09-27T16:00:00-04:00,0.0,,,,,34.0,hit,40.0,hit,40.0,hit,1440.0,hit,2909.0,hit,2909.0,hit,2909.0,hit,2.0,hit,2.0,hit,0.0,hit,2.0,hit,3020.0,hit,3125.0,hit,8.899999999999977,92,True,True,False,False,,8.899999999999977,98,True,True,False,False,,8.899999999999977,98,True,True,False,False,,8.899999999999977,98,True,True,False,False,,1440.0,2024-09-26T09:31:00-04:00,2.3999999999999915,9047.039999999928,1441.0,2024-09-26T09:32:00-04:00,2.5999999999999943,8647.039999999923,1442.0,2024-09-26T09:33:00-04:00,2.799999999999997,8247.039999999917,1441.0,2024-09-26T09:32:00-04:00,2.5999999999999943,8647.039999999923,2909.0,2024-09-27T10:00:00-04:00,0.0,13847.03999999991,,,,,,,,,2910.0,2024-09-27T10:01:00-04:00,4.450000000000003,4947.0399999999045,2909.0,2024-09-27T10:00:00-04:00,0.0,13847.03999999991,,,,,,,,,2910.0,2024-09-27T10:01:00-04:00,4.450000000000003,4947.0399999999045,2909.0,2024-09-27T10:00:00-04:00,0.0,13847.03999999991,,,,,,,,,2910.0,2024-09-27T10:01:00-04:00,4.450000000000003,4947.0399999999045,2117
2024-09-27,2024-09-30,3,5.0,2024-09-27T09:31:00-04:00,5.099999999999994,NDXP  240930P20180000,NDXP  240930P20170000,development,False,False,0,0,1,86,0,708,available,False,2024-09-27T09:31:00-04:00,2024-09-30T15:59:00-04:00,10.0,-9952.96000000001,1.0,last_observed_quote_not_settlement,3916.0,661,4,5.299999999999997,-652.960000000005,2024-09-27T09:32:00-04:00,0.0,5.25,-552.9600000000107,2024-09-27T09:33:00-04:00,0.0,5.25,-552.9600000000107,2024-09-27T09:36:00-04:00,0.0,5.800000000000011,-1652.9600000000335,2024-09-27T09:41:00-04:00,0.0,6.0,-2052.9600000000105,2024-09-27T09:46:00-04:00,0.0,5.599999999999994,-1252.9599999999994,2024-09-27T10:01:00-04:00,0.0,5.699999999999989,-1452.959999999988,2024-09-27T10:31:00-04:00,0.0,7.800000000000011,-5652.960000000034,2024-09-27T11:31:00-04:00,0.0,8.25,-6552.960000000013,2024-09-27T16:00:00-04:00,0.0,,,2024-09-27T16:15:00-04:00,85500.0,,,2024-09-27T16:15:00-04:00,171900.0,,,2024-09-30T15:59:00-04:00,60.0,0.0,hit,3.0,hit,,never_hit,,never_hit,,never_hit,,never_hit,,never_hit,6.0,hit,7.0,hit,95.0,hit,165.0,hit,303.0,hit,4349.0,hit,,,True,True,True,False,0.4999999999999858,,,True,True,True,False,0.4999999999999858,,,True,True,True,False,0.4999999999999858,,,True,True,True,False,0.4999999999999858,,,,,,,,,,,,,,,,,,,,,,,,,,,,,,,,,,,,,,,,,,,,,,,,,,,,,,,,,,,,,,,,,2118
2024-09-27,2024-09-30,3,6.0,2024-09-27T09:31:00-04:00,6.25,NDXP  240930P20220000,NDXP  240930P20210000,development,False,False,0,0,0,75,0,719,available,False,2024-09-27T09:31:00-04:00,2024-09-30T15:59:00-04:00,10.0,-7652.96,1.0,last_observed_quote_not_settlement,3916.0,645,18,5.949999999999989,347.04000000002344,2024-09-27T09:32:00-04:00,0.0,6.099999999999994,47.04000000001208,2024-09-27T09:33:00-04:00,0.0,5.75,747.0400000000006,2024-09-27T09:36:00-04:00,0.0,6.550000000000011,-852.9600000000221,2024-09-27T09:41:00-04:00,0.0,6.099999999999994,47.04000000001208,2024-09-27T09:46:00-04:00,0.0,6.349999999999994,-452.95999999998793,2024-09-27T10:01:00-04:00,0.0,6.400000000000006,-552.9600000000107,2024-09-27T10:31:00-04:00,0.0,7.900000000000006,-3552.9600000000105,2024-09-27T11:31:00-04:00,0.0,8.549999999999983,-4852.959999999967,2024-09-27T16:00:00-04:00,0.0,,,2024-09-27T16:15:00-04:00,85500.0,,,2024-09-27T16:15:00-04:00,171900.0,,,2024-09-30T15:59:00-04:00,60.0,3.0,hit,,never_hit,,never_hit,,never_hit,,never_hit,,never_hit,,never_hit,35.0,hit,45.0,hit,42.0,hit,100.0,hit,116.0,hit,4325.0,hit,,,True,True,True,False,1.1999999999999886,,,True,True,True,False,1.1999999999999886,,,True,True,True,False,1.1999999999999886,,,True,True,True,False,1.1999999999999886,,,,,,,,,,,,,,,,,,,,,,,,,,,,,,,,,,,,,,,,,,,,,,,,,,,,,,,,,,,,,,,,,2119
2024-09-27,2024-09-30,3,7.0,2024-09-27T09:31:00-04:00,7.0,NDXP  240930P20280000,NDXP  240930P20270000,development,False,False,0,0,0,114,0,680,available,False,2024-09-27T09:31:00-04:00,2024-09-30T15:59:00-04:00,10.0,-6152.96,1.0,last_observed_quote_not_settlement,3916.0,564,40,7.149999999999977,-552.9599999999539,2024-09-27T09:32:00-04:00,0.0,6.900000000000006,-52.96000000001066,2024-09-27T09:33:00-04:00,0.0,7.0,-252.9599999999993,2024-09-27T09:36:00-04:00,0.0,7.950000000000017,-2152.960000000035,2024-09-27T09:41:00-04:00,0.0,7.850000000000023,-1952.9600000000448,2024-09-27T09:46:00-04:00,0.0,7.449999999999989,-1152.9599999999766,2024-09-27T10:01:00-04:00,0.0,8.0,-2252.960000000001,2024-09-27T10:31:00-04:00,0.0,9.0,-4252.960000000001,2024-09-27T11:31:00-04:00,0.0,9.149999999999977,-4552.9599999999555,2024-09-27T16:00:00-04:00,0.0,,,2024-09-27T16:15:00-04:00,85500.0,,,2024-09-27T16:15:00-04:00,171900.0,,,2024-09-30T15:59:00-04:00,60.0,39.0,hit,299.0,hit,299.0,hit,,never_hit,,never_hit,,never_hit,,never_hit,10.0,hit,31.0,hit,0.0,hit,31.0,hit,99.0,hit,123.0,hit,,,True,True,True,False,3.300000000000068,,,True,True,True,False,3.300000000000068,,,True,True,True,False,3.300000000000068,,,True,True,True,False,3.300000000000068,,,,,,,,,,,,,,,,,,,,,,,,,,,,,,,,,,,,,,,,,,,,,,,,,,,,,,,,,,,,,,,,,2120
2024-09-30,2024-10-02,2,5.0,2024-09-30T09:31:00-04:00,5.0,NDXP  241002P19990000,NDXP  241002P19980000,development,False,False,0,0,0,55,0,1144,available,False,2024-09-30T09:31:00-04:00,2024-10-02T15:58:00-04:00,9.850000000000023,-9952.960000000046,2.0,last_observed_quote_not_settlement,1037.0,764,45,4.0,1747.0400000000006,2024-09-30T09:32:00-04:00,0.0,4.349999999999994,1047.040000000012,2024-09-30T09:33:00-04:00,0.0,4.150000000000006,1447.0399999999893,2024-09-30T09:36:00-04:00,0.0,4.099999999999994,1547.040000000012,2024-09-30T09:41:00-04:00,0.0,4.049999999999997,1647.0400000000063,2024-09-30T09:46:00-04:00,0.0,4.5,747.0400000000006,2024-09-30T10:01:00-04:00,0.0,4.599999999999994,547.040000000012,2024-09-30T10:31:00-04:00,0.0,4.049999999999997,1647.0400000000063,2024-09-30T11:31:00-04:00,0.0,3.200000000000003,3347.039999999995,2024-09-30T16:00:00-04:00,0.0,8.150000000000006,-6552.960000000013,2024-10-01T16:00:00-04:00,0.0,,,2024-10-02T15:58:00-04:00,120.0,,,,,0.0,hit,0.0,hit,1.0,hit,264.0,hit,,never_hit,,never_hit,,never_hit,54.0,hit,248.0,hit,295.0,hit,1480.0,hit,1491.0,hit,1622.0,hit,6.8999999999999915,5,False,False,False,False,,,,True,True,True,False,2.5499999999999545,,,True,True,True,False,2.5499999999999545,,,True,True,True,False,2.5499999999999545,264.0,2024-09-30T13:55:00-04:00,2.75,4247.040000000001,,,,,,,,,265.0,2024-09-30T13:56:00-04:00,4.6499999999999915,447.04000000001776,,,,,,,,,,,,,,,,,,,,,,,,,,,,,,,,,,,,,,,,,,,,,,,,,2121
2024-09-30,2024-10-02,2,6.0,2024-09-30T09:31:00-04:00,6.0,NDXP  241002P20080000,NDXP  241002P20070000,development,False,False,0,0,0,119,0,1080,available,False,2024-09-30T09:31:00-04:00,2024-10-02T15:59:00-04:00,9.800000000000011,-7852.960000000024,1.0,last_observed_quote_not_settlement,1037.0,718,100,5.5,747.0400000000006,2024-09-30T09:32:00-04:00,0.0,5.350000000000023,1047.0399999999552,2024-09-30T09:33:00-04:00,0.0,5.349999999999994,1047.040000000012,2024-09-30T09:36:00-04:00,0.0,5.25,1247.0400000000006,2024-09-30T09:41:00-04:00,0.0,5.150000000000034,1447.0399999999324,2024-09-30T09:46:00-04:00,0.0,6.950000000000017,-2152.9600000000332,2024-09-30T10:01:00-04:00,0.0,5.0,1747.0400000000006,2024-09-30T10:31:00-04:00,0.0,5.349999999999994,1047.040000000012,2024-09-30T11:31:00-04:00,0.0,4.75,2247.040000000001,2024-09-30T16:00:00-04:00,0.0,9.700000000000045,-7652.960000000092,2024-10-01T16:00:00-04:00,0.0,,,2024-10-02T15:59:00-04:00,60.0,,,,,1.0,hit,3.0,hit,42.0,hit,,never_hit,,never_hit,,never_hit,,never_hit,30.0,hit,54.0,hit,54.0,hit,370.0,hit,1480.0,hit,1485.0,hit,,,True,True,True,False,2.7500000000000284,,,True,True,True,False,2.7500000000000284,,,True,True,True,False,2.7500000000000284,,,True,True,True,False,2.7500000000000284,,,,,,,,,,,,,,,,,,,,,,,,,,,,,,,,,,,,,,,,,,,,,,,,,,,,,,,,,,,,,,,,,2122
2024-09-30,2024-10-02,2,7.0,2024-09-30T09:31:00-04:00,7.050000000000011,NDXP  241002P20170000,NDXP  241002P20160000,development,False,False,0,0,0,173,0,1026,available,False,2024-09-30T09:31:00-04:00,2024-10-02T15:58:00-04:00,9.250000000000057,-4652.960000000092,2.0,last_observed_quote_not_settlement,1037.0,712,139,6.899999999999977,47.04000000006892,2024-09-30T09:32:00-04:00,0.0,4.200000000000017,5447.039999999989,2024-09-30T09:33:00-04:00,0.0,5.900000000000034,2047.0399999999554,2024-09-30T09:36:00-04:00,0.0,5.099999999999994,3647.040000000035,2024-09-30T09:41:00-04:00,0.0,6.400000000000006,1047.040000000012,2024-09-30T09:46:00-04:00,0.0,6.649999999999977,547.0400000000689,2024-09-30T10:01:00-04:00,0.0,7.0,-152.95999999997656,2024-09-30T10:31:00-04:00,0.0,7.599999999999966,-1352.9599999999084,2024-09-30T11:31:00-04:00,0.0,5.550000000000011,2747.040000000001,2024-09-30T16:00:00-04:00,0.0,9.450000000000045,-5052.960000000069,2024-10-01T16:00:00-04:00,0.0,,,2024-10-02T15:58:00-04:00,120.0,,,,,2.0,hit,2.0,hit,107.0,hit,107.0,hit,107.0,hit,1482.0,hit,1482.0,hit,4.0,hit,45.0,hit,0.0,hit,45.0,hit,45.0,hit,1465.0,hit,9.449999999999989,42,True,True,True,True,,9.449999999999989,42,True,True,True,True,,9.699999999999989,242,True,True,True,True,,9.699999999999989,242,True,True,True,True,,107.0,2024-09-30T11:18:00-04:00,1.1499999999999773,11547.04000000007,,,,,,,,,108.0,2024-09-30T11:19:00-04:00,6.200000000000017,1447.0399999999893,107.0,2024-09-30T11:18:00-04:00,1.1499999999999773,11547.04000000007,,,,,,,,,108.0,2024-09-30T11:19:00-04:00,6.200000000000017,1447.0399999999893,1482.0,2024-10-01T10:13:00-04:00,0.0,13847.040000000025,,,,,,,,,1483.0,2024-10-01T10:14:00-04:00,9.649999999999977,-5452.959999999933,1482.0,2024-10-01T10:13:00-04:00,0.0,13847.040000000025,,,,,,,,,1483.0,2024-10-01T10:14:00-04:00,9.649999999999977,-5452.959999999933,2123
2024-09-30,2024-10-03,3,5.0,2024-09-30T09:31:00-04:00,4.949999999999989,NDXP  241003P20010000,NDXP  241003P20000000,development,False,False,0,0,0,151,0,1454,available,False,2024-09-30T09:31:00-04:00,2024-10-03T16:00:00-04:00,4.0,1647.039999999978,0.0,last_observed_quote_not_settlement,1037.0,1088,68,4.599999999999994,447.03999999998933,2024-09-30T09:32:00-04:00,0.0,4.449999999999989,747.0400000000006,2024-09-30T09:33:00-04:00,0.0,3.849999999999966,1947.0400000000461,2024-09-30T09:36:00-04:00,0.0,4.050000000000011,1547.0399999999552,2024-09-30T09:41:00-04:00,0.0,4.0,1647.039999999978,2024-09-30T09:46:00-04:00,0.0,4.850000000000023,-52.9600000000675,2024-09-30T10:01:00-04:00,0.0,4.650000000000006,347.0399999999666,2024-09-30T10:31:00-04:00,0.0,4.400000000000034,847.0399999999097,2024-09-30T11:31:00-04:00,0.0,4.150000000000006,1347.0399999999665,2024-09-30T16:00:00-04:00,0.0,7.0,-4352.960000000022,2024-10-01T16:00:00-04:00,0.0,8.049999999999955,-6452.959999999933,2024-10-02T16:00:00-04:00,0.0,4.0,1647.039999999978,2024-10-03T16:00:00-04:00,0.0,0.0,hit,0.0,hit,5.0,hit,59.0,hit,,never_hit,,never_hit,,never_hit,6.0,hit,6.0,hit,6.0,hit,1458.0,hit,1479.0,hit,1542.0,hit,7.5,11,True,False,False,False,,,,True,True,True,False,2.8999999999999773,,,True,True,True,False,2.8999999999999773,,,True,True,True,False,2.8999999999999773,59.0,2024-09-30T10:30:00-04:00,2.0500000000000114,5547.039999999955,,,,,,,,,60.0,2024-09-30T10:31:00-04:00,4.650000000000006,347.0399999999666,,,,,,,,,,,,,,,,,,,,,,,,,,,,,,,,,,,,,,,,,,,,,,,,,2124
2024-09-30,2024-10-03,3,6.0,2024-09-30T09:31:00-04:00,6.0,NDXP  241003P20120000,NDXP  241003P20110000,development,False,False,0,0,0,160,0,1445,available,False,2024-09-30T09:31:00-04:00,2024-10-03T16:00:00-04:00,10.0,-8152.96,0.0,last_observed_quote_not_settlement,1036.0,1121,161,7.5,-3252.959999999999,2024-09-30T09:32:00-04:00,0.0,5.799999999999983,147.0400000000348,2024-09-30T09:33:00-04:00,0.0,5.350000000000023,1047.0399999999552,2024-09-30T09:36:00-04:00,0.0,5.400000000000006,947.0399999999893,2024-09-30T09:41:00-04:00,0.0,5.400000000000034,947.0399999999324,2024-09-30T09:46:00-04:00,0.0,5.800000000000011,147.03999999997797,2024-09-30T10:01:00-04:00,0.0,5.850000000000023,47.039999999955235,2024-09-30T10:31:00-04:00,0.0,5.499999999999972,747.0400000000575,2024-09-30T11:31:00-04:00,0.0,5.050000000000011,1647.039999999978,2024-09-30T16:00:00-04:00,0.0,8.650000000000034,-5552.960000000069,2024-10-01T16:00:00-04:00,0.0,9.300000000000011,-6852.960000000024,2024-10-02T16:00:00-04:00,0.0,10.0,-8152.96,2024-10-03T16:00:00-04:00,0.0,3.0,hit,3.0,hit,27.0,hit,100.0,hit,123.0,hit,1622.0,hit,1622.0,hit,1.0,hit,1.0,hit,1.0,hit,96.0,hit,96.0,hit,96.0,hit,9.850000000000023,43,True,True,True,True,,9.850000000000023,57,True,True,True,True,,9.850000000000023,374,True,True,True,True,,9.850000000000023,374,True,True,True,True,,100.0,2024-09-30T11:11:00-04:00,2.25,7247.040000000001,208.0,2024-09-30T12:59:00-04:00,1.8499999999999943,8047.040000000012,,,,,101.0,2024-09-30T11:12:00-04:00,5.849999999999994,47.04000000001208,208.0,2024-09-30T12:59:00-04:00,1.8499999999999943,8047.040000000012,,,,,,,,,209.0,2024-09-30T13:00:00-04:00,5.25,1247.0400000000006,1622.0,2024-10-01T12:33:00-04:00,0.0,11747.04,,,,,,,,,1623.0,2024-10-01T12:34:00-04:00,8.050000000000011,-4352.960000000024,1622.0,2024-10-01T12:33:00-04:00,0.0,11747.04,,,,,,,,,1623.0,2024-10-01T12:34:00-04:00,8.050000000000011,-4352.960000000024,2125
2024-09-30,2024-10-03,3,7.0,2024-09-30T09:31:00-04:00,7.050000000000011,NDXP  241003P20160000,NDXP  241003P20150000,development,False,False,0,0,0,202,0,1403,available,False,2024-09-30T09:31:00-04:00,2024-10-03T16:00:00-04:00,7.600000000000023,-1352.960000000022,0.0,last_observed_quote_not_settlement,1036.0,844,170,6.25,1347.0400000000234,2024-09-30T09:32:00-04:00,0.0,5.949999999999989,1947.0400000000461,2024-09-30T09:33:00-04:00,0.0,5.949999999999989,1947.0400000000461,2024-09-30T09:36:00-04:00,0.0,5.350000000000023,3147.039999999978,2024-09-30T09:41:00-04:00,0.0,5.150000000000006,3547.0400000000122,2024-09-30T09:46:00-04:00,0.0,6.100000000000023,1647.039999999978,2024-09-30T10:01:00-04:00,0.0,7.049999999999983,-252.95999999994245,2024-09-30T10:31:00-04:00,0.0,5.799999999999983,2247.0400000000577,2024-09-30T11:31:00-04:00,0.0,7.099999999999994,-352.9599999999652,2024-09-30T16:00:00-04:00,0.0,7.449999999999989,-1052.9599999999539,2024-10-01T16:00:00-04:00,0.0,9.799999999999955,-5752.959999999887,2024-10-02T16:00:00-04:00,0.0,7.600000000000023,-1352.960000000022,2024-10-03T16:00:00-04:00,0.0,8.0,hit,8.0,hit,11.0,hit,11.0,hit,264.0,hit,,never_hit,,never_hit,46.0,hit,48.0,hit,0.0,hit,46.0,hit,295.0,hit,295.0,hit,7.050000000000011,0,True,False,False,False,,8.5,18,True,True,False,False,,,,True,True,True,False,5.800000000000011,,,True,True,True,False,5.800000000000011,11.0,2024-09-30T09:42:00-04:00,2.75,8347.040000000025,348.0,2024-09-30T15:19:00-04:00,2.6000000000000227,8647.039999999979,,,,,12.0,2024-09-30T09:43:00-04:00,6.149999999999977,1547.0400000000689,264.0,2024-09-30T13:55:00-04:00,1.4000000000000057,11047.040000000014,,,,,,,,,265.0,2024-09-30T13:56:00-04:00,7.050000000000011,-252.9599999999993,,,,,,,,,,,,,,,,,,,,,,,,,,,,,,,,,2126
2024-10-01,2024-10-03,2,5.0,2024-10-01T09:31:00-04:00,5.0,NDXP  241003P20100000,NDXP  241003P20090000,development,False,False,0,0,0,164,15,1036,available,False,2024-10-01T09:31:00-04:00,2024-10-03T16:00:00-04:00,10.0,-10152.96,0.0,last_observed_quote_not_settlement,1036.0,909,23,5.000000000000028,-252.96000000005614,2024-10-01T09:32:00-04:00,0.0,5.800000000000011,-1852.960000000022,2024-10-01T09:33:00-04:00,0.0,6.599999999999994,-3452.9599999999878,2024-10-01T09:36:00-04:00,0.0,4.7999999999999545,147.04000000009165,2024-10-01T09:41:00-04:00,0.0,7.350000000000023,-4952.960000000045,2024-10-01T09:46:00-04:00,0.0,7.650000000000034,-5552.960000000067,2024-10-01T10:01:00-04:00,0.0,9.800000000000011,-9852.960000000023,2024-10-01T10:31:00-04:00,0.0,9.75,-9752.960000000001,2024-10-01T11:31:00-04:00,0.0,8.349999999999966,-6952.959999999933,2024-10-01T16:00:00-04:00,0.0,8.700000000000045,-7652.960000000092,2024-10-02T16:00:00-04:00,0.0,10.0,-10152.96,2024-10-03T16:00:00-04:00,0.0,,,,,0.0,hit,0.0,hit,1487.0,hit,1487.0,hit,,never_hit,,never_hit,,never_hit,2.0,hit,3.0,hit,3.0,hit,3.0,hit,7.0,hit,7.0,hit,10.0,419,True,True,True,True,,,,True,True,True,False,2.6000000000000227,,,True,True,True,False,2.6000000000000227,,,True,True,True,False,2.6000000000000227,1601.0,2024-10-02T12:12:00-04:00,2.3999999999999773,4947.040000000046,,,,,,,,,1602.0,2024-10-02T12:13:00-04:00,8.0,-6252.960000000001,,,,,,,,,,,,,,,,,,,,,,,,,,,,,,,,,,,,,,,,,,,,,,,,,2127
2024-10-01,2024-10-03,2,6.0,2024-10-01T09:31:00-04:00,5.950000000000017,NDXP  241003P20170000,NDXP  241003P20160000,development,False,False,0,0,0,244,15,956,available,False,2024-10-01T09:31:00-04:00,2024-10-03T15:59:00-04:00,10.0,-8252.959999999965,1.0,last_observed_quote_not_settlement,1038.0,771,24,6.049999999999983,-452.9599999999311,2024-10-01T09:32:00-04:00,0.0,6.649999999999977,-1652.9599999999198,2024-10-01T09:33:00-04:00,0.0,7.599999999999966,-3552.959999999897,2024-10-01T09:36:00-04:00,0.0,7.5499999999999545,-3452.959999999874,2024-10-01T09:41:00-04:00,0.0,8.900000000000034,-6152.9600000000355,2024-10-01T09:46:00-04:00,0.0,8.0,-4352.959999999967,2024-10-01T10:01:00-04:00,0.0,9.049999999999955,-6452.959999999876,2024-10-01T10:31:00-04:00,0.0,8.650000000000034,-5652.9600000000355,2024-10-01T11:31:00-04:00,0.0,,,2024-10-01T15:58:00-04:00,120.0,9.75,-7852.959999999967,2024-10-02T16:00:00-04:00,0.0,,,2024-10-03T15:59:00-04:00,60.0,,,,,42.0,hit,42.0,hit,42.0,hit,42.0,hit,42.0,hit,,never_hit,,never_hit,2.0,hit,5.0,hit,5.0,hit,14.0,hit,40.0,hit,78.0,hit,9.349999999999966,38,True,True,True,True,,9.349999999999966,38,True,True,True,True,,,,True,True,True,False,4.55000000000004,,,True,True,True,False,4.55000000000004,42.0,2024-10-01T10:13:00-04:00,1.3999999999999773,8847.04000000008,,,,,,,,,43.0,2024-10-01T10:14:00-04:00,8.550000000000011,-5452.95999999999,42.0,2024-10-01T10:13:00-04:00,1.3999999999999773,8847.04000000008,,,,,,,,,43.0,2024-10-01T10:14:00-04:00,8.550000000000011,-5452.95999999999,,,,,,,,,,,,,,,,,,,,,,,,,,,,,,,,,2128
2024-10-01,2024-10-03,2,7.0,2024-10-01T09:31:00-04:00,7.0,NDXP  241003P20210000,NDXP  241003P20200000,development,False,False,0,0,0,299,15,901,available,False,2024-10-01T09:31:00-04:00,2024-10-03T15:59:00-04:00,10.0,-6152.96,1.0,last_observed_quote_not_settlement,1039.0,671,79,7.449999999999989,-1152.9599999999766,2024-10-01T09:32:00-04:00,0.0,5.699999999999989,2347.0400000000236,2024-10-01T09:33:00-04:00,0.0,7.5,-1252.9599999999994,2024-10-01T09:36:00-04:00,0.0,7.849999999999966,-1952.9599999999311,2024-10-01T09:41:00-04:00,0.0,8.0,-2252.960000000001,2024-10-01T09:46:00-04:00,0.0,8.199999999999989,-2652.959999999978,2024-10-01T10:01:00-04:00,0.0,8.900000000000091,-4052.960000000183,2024-10-01T10:31:00-04:00,0.0,,,2024-10-01T11:30:00-04:00,60.0,0.39999999999997726,12947.040000000046,2024-10-01T16:00:00-04:00,0.0,9.600000000000023,-5452.960000000046,2024-10-02T16:00:00-04:00,0.0,,,2024-10-03T15:59:00-04:00,60.0,,,,,3.0,hit,3.0,hit,3.0,hit,3.0,hit,3.0,hit,389.0,hit,389.0,hit,4.0,hit,4.0,hit,0.0,hit,4.0,hit,23.0,hit,57.0,hit,7.449999999999989,1,True,False,False,False,,7.449999999999989,1,True,False,False,False,,9.950000000000045,252,True,True,True,True,,9.950000000000045,252,True,True,True,True,,3.0,2024-10-01T09:34:00-04:00,1.1000000000000227,11547.039999999955,,,,,,,,,4.0,2024-10-01T09:35:00-04:00,8.799999999999955,-3852.95999999991,3.0,2024-10-01T09:34:00-04:00,1.1000000000000227,11547.039999999955,,,,,,,,,4.0,2024-10-01T09:35:00-04:00,8.799999999999955,-3852.95999999991,389.0,2024-10-01T16:00:00-04:00,0.39999999999997726,12947.040000000046,,,,,,,,,,,,,389.0,2024-10-01T16:00:00-04:00,0.39999999999997726,12947.040000000046,,,,,,,,,,,,,2129
2024-10-01,2024-10-04,3,5.0,2024-10-01T09:31:00-04:00,5.0,NDXP  241004P20120000,NDXP  241004P20110000,development,False,False,0,0,0,91,0,1513,available,False,2024-10-01T09:31:00-04:00,2024-10-04T15:59:00-04:00,10.0,-10152.96,1.0,last_observed_quote_not_settlement,1036.0,1401,63,5.0,-252.9599999999993,2024-10-01T09:32:00-04:00,0.0,5.5,-1252.9599999999994,2024-10-01T09:33:00-04:00,0.0,1.6000000000000227,6547.039999999955,2024-10-01T09:36:00-04:00,0.0,5.600000000000023,-1452.9600000000448,2024-10-01T09:41:00-04:00,0.0,6.349999999999909,-2952.9599999998172,2024-10-01T09:46:00-04:00,0.0,6.7000000000000455,-3652.96000000009,2024-10-01T10:01:00-04:00,0.0,7.800000000000011,-5852.960000000022,2024-10-01T10:31:00-04:00,0.0,7.9500000000000455,-6152.960000000092,2024-10-01T11:31:00-04:00,0.0,7.199999999999989,-4652.959999999976,2024-10-01T16:00:00-04:00,0.0,7.649999999999977,-5552.959999999954,2024-10-02T16:00:00-04:00,0.0,8.75,-7752.960000000001,2024-10-03T16:00:00-04:00,0.0,,,2024-10-04T15:59:00-04:00,60.0,0.0,hit,0.0,hit,5.0,hit,5.0,hit,5.0,hit,40.0,hit,40.0,hit,2.0,hit,7.0,hit,14.0,hit,31.0,hit,31.0,hit,31.0,hit,5.5,2,False,False,False,False,,5.5,2,False,False,False,False,,10.0,29,True,True,True,True,,10.0,29,True,True,True,True,,5.0,2024-10-01T09:36:00-04:00,1.6000000000000227,6547.039999999955,6.0,2024-10-01T09:37:00-04:00,1.3000000000000114,7147.039999999978,,,,,6.0,2024-10-01T09:37:00-04:00,1.3000000000000114,7147.039999999978,5.0,2024-10-01T09:36:00-04:00,1.6000000000000227,6547.039999999955,6.0,2024-10-01T09:37:00-04:00,1.3000000000000114,7147.039999999978,,,,,6.0,2024-10-01T09:37:00-04:00,1.3000000000000114,7147.039999999978,40.0,2024-10-01T10:11:00-04:00,0.0,9747.04,,,,,,,,,41.0,2024-10-01T10:12:00-04:00,5.349999999999966,-952.9599999999311,40.0,2024-10-01T10:11:00-04:00,0.0,9747.04,,,,,,,,,41.0,2024-10-01T10:12:00-04:00,5.349999999999966,-952.9599999999311,2130
2024-10-01,2024-10-04,3,6.0,2024-10-01T09:31:00-04:00,5.949999999999989,NDXP  241004P20170000,NDXP  241004P20160000,development,False,False,0,0,0,210,0,1394,available,False,2024-10-01T09:31:00-04:00,2024-10-04T15:59:00-04:00,9.999999999999986,-8252.960000000021,1.0,last_observed_quote_not_settlement,1038.0,1215,69,6.150000000000006,-652.9600000000335,2024-10-01T09:32:00-04:00,0.0,3.0,5647.039999999978,2024-10-01T09:33:00-04:00,0.0,1.4499999999999886,8747.04,2024-10-01T09:36:00-04:00,0.0,5.75,147.03999999997797,2024-10-01T09:41:00-04:00,0.0,6.849999999999966,-2052.9599999999537,2024-10-01T09:46:00-04:00,0.0,5.0,1647.039999999978,2024-10-01T10:01:00-04:00,0.0,8.200000000000045,-4752.960000000115,2024-10-01T10:31:00-04:00,0.0,7.149999999999977,-2652.9599999999764,2024-10-01T11:31:00-04:00,0.0,,,2024-10-01T15:59:00-04:00,60.0,8.149999999999977,-4652.959999999978,2024-10-02T16:00:00-04:00,0.0,9.5,-7352.960000000024,2024-10-03T16:00:00-04:00,0.0,,,2024-10-04T15:59:00-04:00,60.0,2.0,hit,2.0,hit,2.0,hit,2.0,hit,5.0,hit,2932.0,hit,2932.0,hit,14.0,hit,14.0,hit,14.0,hit,14.0,hit,37.0,hit,161.0,hit,6.150000000000006,1,False,False,False,False,,6.150000000000006,1,False,False,False,False,,10.0,796,True,True,True,True,,10.0,796,True,True,True,True,,3.0,2024-10-01T09:34:00-04:00,2.6000000000000227,6447.039999999933,4.0,2024-10-01T09:35:00-04:00,2.900000000000034,5847.03999999991,5.0,2024-10-01T09:36:00-04:00,1.4499999999999886,8747.04,4.0,2024-10-01T09:35:00-04:00,2.900000000000034,5847.03999999991,5.0,2024-10-01T09:36:00-04:00,1.4499999999999886,8747.04,6.0,2024-10-01T09:37:00-04:00,1.3999999999999773,8847.040000000025,,,,,6.0,2024-10-01T09:37:00-04:00,1.3999999999999773,8847.040000000025,2932.0,2024-10-03T10:23:00-04:00,0.30000000000001137,11047.039999999955,,,,,,,,,2933.0,2024-10-03T10:24:00-04:00,7.600000000000023,-3552.9600000000673,2932.0,2024-10-03T10:23:00-04:00,0.30000000000001137,11047.039999999955,,,,,,,,,2933.0,2024-10-03T10:24:00-04:00,7.600000000000023,-3552.9600000000673,2131
2024-10-01,2024-10-04,3,7.0,2024-10-01T09:31:00-04:00,7.0499999999999545,NDXP  241004P20260000,NDXP  241004P20250000,development,False,False,0,0,0,276,0,1328,available,False,2024-10-01T09:31:00-04:00,2024-10-04T15:59:00-04:00,9.799999999999983,-5752.960000000058,1.0,last_observed_quote_not_settlement,1037.0,1068,107,,,2024-10-01T09:31:00-04:00,60.0,5.350000000000023,3147.0399999998644,2024-10-01T09:33:00-04:00,0.0,9.149999999999977,-4452.960000000046,2024-10-01T09:36:00-04:00,0.0,7.550000000000068,-1252.9600000002267,2024-10-01T09:41:00-04:00,0.0,7.649999999999977,-1452.9600000000448,2024-10-01T09:46:00-04:00,0.0,,,2024-10-01T10:00:00-04:00,60.0,8.75,-3652.960000000092,2024-10-01T10:31:00-04:00,0.0,8.649999999999864,-3452.959999999819,2024-10-01T11:31:00-04:00,0.0,8.199999999999989,-2552.960000000069,2024-10-01T16:00:00-04:00,0.0,9.249999999999943,-4652.959999999978,2024-10-02T16:00:00-04:00,0.0,9.799999999999955,-5752.960000000001,2024-10-03T16:00:00-04:00,0.0,,,2024-10-04T15:59:00-04:00,60.0,2.0,hit,3.0,hit,3.0,hit,3.0,hit,3.0,hit,3.0,hit,2909.0,hit,4.0,hit,4.0,hit,0.0,hit,4.0,hit,5.0,hit,63.0,hit,7.0499999999999545,0,True,False,False,False,,7.0499999999999545,0,True,False,False,False,,7.0499999999999545,0,True,False,False,False,,10.0,592,True,True,True,True,,3.0,2024-10-01T09:34:00-04:00,0.6000000000000227,12647.039999999864,55.0,2024-10-01T10:26:00-04:00,2.949999999999932,7947.040000000046,,,,,4.0,2024-10-01T09:35:00-04:00,8.149999999999977,-2452.9600000000464,3.0,2024-10-01T09:34:00-04:00,0.6000000000000227,12647.039999999864,,,,,,,,,4.0,2024-10-01T09:35:00-04:00,8.149999999999977,-2452.9600000000464,3.0,2024-10-01T09:34:00-04:00,0.6000000000000227,12647.039999999864,,,,,,,,,4.0,2024-10-01T09:35:00-04:00,8.149999999999977,-2452.9600000000464,2909.0,2024-10-03T10:00:00-04:00,0.0,13847.03999999991,,,,,,,,,2910.0,2024-10-03T10:01:00-04:00,9.849999999999966,-5852.960000000024,2132
2024-10-02,2024-10-04,2,5.0,2024-10-02T09:31:00-04:00,5.0,NDXP  241004P19790000,NDXP  241004P19780000,development,False,False,0,0,1,7,0,1192,available,False,2024-10-02T09:31:00-04:00,2024-10-04T15:56:00-04:00,0.0,9747.04,4.0,last_observed_quote_not_settlement,1036.0,91,60,5.150000000000006,-552.9600000000107,2024-10-02T09:32:00-04:00,0.0,5.25,-752.9599999999994,2024-10-02T09:33:00-04:00,0.0,4.949999999999989,-152.95999999997656,2024-10-02T09:36:00-04:00,0.0,5.150000000000034,-552.9600000000676,2024-10-02T09:41:00-04:00,0.0,3.4499999999999886,2847.0400000000236,2024-10-02T09:46:00-04:00,0.0,5.050000000000011,-352.96000000002203,2024-10-02T10:01:00-04:00,0.0,4.300000000000011,1147.039999999978,2024-10-02T10:31:00-04:00,0.0,3.9000000000000057,1947.0399999999893,2024-10-02T11:31:00-04:00,0.0,4.400000000000006,947.0399999999893,2024-10-02T16:00:00-04:00,0.0,4.25,1247.0400000000006,2024-10-03T16:00:00-04:00,0.0,,,2024-10-04T15:56:00-04:00,240.0,,,,,0.0,hit,0.0,hit,15.0,hit,1519.0,hit,2880.0,hit,2885.0,hit,3075.0,hit,11.0,hit,13.0,hit,,never_hit,,never_hit,,never_hit,,never_hit,6.400000000000034,26,False,False,False,False,,6.400000000000034,91,False,False,False,False,,6.400000000000034,91,False,False,False,False,,6.400000000000034,91,False,False,False,False,,1519.0,2024-10-03T10:50:00-04:00,2.6500000000000057,4447.039999999989,2881.0,2024-10-04T09:32:00-04:00,1.25,7247.040000000001,2882.0,2024-10-04T09:33:00-04:00,1.25,7247.040000000001,1520.0,2024-10-03T10:51:00-04:00,4.400000000000006,947.0399999999893,2880.0,2024-10-04T09:31:00-04:00,1.1499999999999986,7447.040000000004,2881.0,2024-10-04T09:32:00-04:00,1.25,7247.040000000001,2882.0,2024-10-04T09:33:00-04:00,1.25,7247.040000000001,2881.0,2024-10-04T09:32:00-04:00,1.25,7247.040000000001,3065.0,2024-10-04T12:36:00-04:00,0.9000000000000004,7947.04,3066.0,2024-10-04T12:37:00-04:00,0.8499999999999996,8047.040000000002,3067.0,2024-10-04T12:38:00-04:00,0.8000000000000007,8147.04,3066.0,2024-10-04T12:37:00-04:00,0.8499999999999996,8047.040000000002,3076.0,2024-10-04T12:47:00-04:00,0.40000000000000036,8947.04,3077.0,2024-10-04T12:48:00-04:00,0.4499999999999993,8847.040000000003,3108.0,2024-10-04T13:19:00-04:00,0.30000000000000027,9147.04,3077.0,2024-10-04T12:48:00-04:00,0.4499999999999993,8847.040000000003,2133
2024-10-02,2024-10-04,2,6.0,2024-10-02T09:31:00-04:00,6.0,NDXP  241004P19840000,NDXP  241004P19830000,development,False,False,0,0,1,7,0,1192,available,False,2024-10-02T09:31:00-04:00,2024-10-04T15:59:00-04:00,0.0,11747.04,1.0,last_observed_quote_not_settlement,1036.0,29,34,5.849999999999994,47.04000000001208,2024-10-02T09:32:00-04:00,0.0,4.75,2247.040000000001,2024-10-02T09:33:00-04:00,0.0,5.299999999999983,1147.0400000000348,2024-10-02T09:36:00-04:00,0.0,7.650000000000006,-3552.9600000000105,2024-10-02T09:41:00-04:00,0.0,5.25,1247.0400000000006,2024-10-02T09:46:00-04:00,0.0,5.949999999999989,-152.95999999997656,2024-10-02T10:01:00-04:00,0.0,4.899999999999977,1947.0400000000461,2024-10-02T10:31:00-04:00,0.0,4.199999999999989,3347.0400000000236,2024-10-02T11:31:00-04:00,0.0,4.800000000000011,2147.039999999978,2024-10-02T16:00:00-04:00,0.0,5.200000000000017,1347.0399999999665,2024-10-03T16:00:00-04:00,0.0,,,2024-10-04T15:59:00-04:00,60.0,,,,,2.0,hit,2.0,hit,9.0,hit,1494.0,hit,2880.0,hit,3074.0,hit,3172.0,hit,8.0,hit,8.0,hit,8.0,hit,,never_hit,,never_hit,,never_hit,7.650000000000006,12,True,False,False,False,,7.650000000000006,29,True,False,False,False,,7.650000000000006,29,True,False,False,False,,7.650000000000006,29,True,False,False,False,,2880.0,2024-10-04T09:31:00-04:00,1.5500000000000007,8647.04,2881.0,2024-10-04T09:32:00-04:00,1.75,8247.04,2882.0,2024-10-04T09:33:00-04:00,1.75,8247.04,2881.0,2024-10-04T09:32:00-04:00,1.75,8247.04,2880.0,2024-10-04T09:31:00-04:00,1.5500000000000007,8647.04,2881.0,2024-10-04T09:32:00-04:00,1.75,8247.04,2882.0,2024-10-04T09:33:00-04:00,1.75,8247.04,2881.0,2024-10-04T09:32:00-04:00,1.75,8247.04,3075.0,2024-10-04T12:46:00-04:00,0.9000000000000004,9947.04,3076.0,2024-10-04T12:47:00-04:00,0.8499999999999996,10047.040000000003,3077.0,2024-10-04T12:48:00-04:00,0.9000000000000004,9947.04,3076.0,2024-10-04T12:47:00-04:00,0.8499999999999996,10047.040000000003,3179.0,2024-10-04T14:30:00-04:00,0.42500000000000027,10897.04,3184.0,2024-10-04T14:35:00-04:00,0.34999999999999964,11047.040000000003,3185.0,2024-10-04T14:36:00-04:00,0.3250000000000002,11097.04,3180.0,2024-10-04T14:31:00-04:00,0.4750000000000001,10797.04,2134
2024-10-02,2024-10-04,2,7.0,2024-10-02T09:31:00-04:00,7.000000000000057,NDXP  241004P20010000,NDXP  241004P20000000,development,False,False,0,0,0,10,0,1190,available,False,2024-10-02T09:31:00-04:00,2024-10-04T16:00:00-04:00,0.0,13747.040000000115,0.0,last_observed_quote_not_settlement,1036.0,508,120,6.100000000000023,1547.0400000000689,2024-10-02T09:32:00-04:00,0.0,4.949999999999989,3847.0400000001373,2024-10-02T09:33:00-04:00,0.0,7.099999999999909,-452.9599999997037,2024-10-02T09:36:00-04:00,0.0,6.5,747.0400000001143,2024-10-02T09:41:00-04:00,0.0,7.699999999999989,-1652.959999999863,2024-10-02T09:46:00-04:00,0.0,7.050000000000011,-352.95999999990835,2024-10-02T10:01:00-04:00,0.0,4.099999999999966,5547.040000000183,2024-10-02T10:31:00-04:00,0.0,4.549999999999983,4647.040000000148,2024-10-02T11:31:00-04:00,0.0,1.0,11747.040000000115,2024-10-02T16:00:00-04:00,0.0,7.550000000000011,-1352.9599999999084,2024-10-03T16:00:00-04:00,0.0,0.0,13747.040000000115,2024-10-04T16:00:00-04:00,0.0,,,,,2.0,hit,2.0,hit,35.0,hit,35.0,hit,35.0,hit,35.0,hit,57.0,hit,11.0,hit,17.0,hit,0.0,hit,17.0,hit,1669.0,hit,,never_hit,8.050000000000011,19,True,True,False,False,,8.050000000000011,19,True,True,False,False,,8.050000000000011,19,True,True,False,False,,8.050000000000011,21,True,True,False,False,,35.0,2024-10-02T10:06:00-04:00,0.8000000000000114,12147.040000000092,36.0,2024-10-02T10:07:00-04:00,1.5499999999999545,10647.040000000206,43.0,2024-10-02T10:14:00-04:00,0.6999999999999318,12347.040000000252,36.0,2024-10-02T10:07:00-04:00,1.5499999999999545,10647.040000000206,35.0,2024-10-02T10:06:00-04:00,0.8000000000000114,12147.040000000092,36.0,2024-10-02T10:07:00-04:00,1.5499999999999545,10647.040000000206,43.0,2024-10-02T10:14:00-04:00,0.6999999999999318,12347.040000000252,36.0,2024-10-02T10:07:00-04:00,1.5499999999999545,10647.040000000206,35.0,2024-10-02T10:06:00-04:00,0.8000000000000114,12147.040000000092,39.0,2024-10-02T10:10:00-04:00,0.5499999999999545,12647.040000000206,207.0,2024-10-02T12:58:00-04:00,0.75,12247.040000000115,36.0,2024-10-02T10:07:00-04:00,1.5499999999999545,10647.040000000206,57.0,2024-10-02T10:28:00-04:00,0.05000000000001137,13647.040000000092,232.0,2024-10-02T13:23:00-04:00,0.3499999999999659,13047.040000000183,3269.0,2024-10-04T16:00:00-04:00,0.0,13747.040000000115,,,,,2135
2024-10-04,2024-10-07,3,5.0,2024-10-04T09:31:00-04:00,5.0,NDXP  241007P20110000,NDXP  241007P20100000,development,False,False,0,0,0,71,0,724,available,False,2024-10-04T09:31:00-04:00,2024-10-07T16:00:00-04:00,10.0,-10152.96,0.0,last_observed_quote_not_settlement,3916.0,666,2,5.599999999999966,-1452.9599999999311,2024-10-04T09:32:00-04:00,0.0,5.349999999999966,-952.9599999999311,2024-10-04T09:33:00-04:00,0.0,5.299999999999983,-852.9599999999652,2024-10-04T09:36:00-04:00,0.0,5.599999999999966,-1452.9599999999311,2024-10-04T09:41:00-04:00,0.0,5.050000000000011,-352.96000000002203,2024-10-04T09:46:00-04:00,0.0,7.949999999999989,-6152.959999999976,2024-10-04T10:01:00-04:00,0.0,7.7999999999999545,-5852.959999999908,2024-10-04T10:31:00-04:00,0.0,7.75,-5752.959999999999,2024-10-04T11:31:00-04:00,0.0,7.0,-4252.959999999999,2024-10-04T16:00:00-04:00,0.0,,,2024-10-04T16:15:00-04:00,85500.0,,,2024-10-04T16:15:00-04:00,171900.0,10.0,-10152.96,2024-10-07T16:00:00-04:00,0.0,0.0,hit,0.0,hit,,never_hit,,never_hit,,never_hit,,never_hit,,never_hit,1.0,hit,24.0,hit,26.0,hit,40.0,hit,4322.0,hit,4342.0,hit,,,True,True,True,False,0.19999999999998863,,,True,True,True,False,0.19999999999998863,,,True,True,True,False,0.19999999999998863,,,True,True,True,False,0.19999999999998863,,,,,,,,,,,,,,,,,,,,,,,,,,,,,,,,,,,,,,,,,,,,,,,,,,,,,,,,,,,,,,,,,2136
2024-10-04,2024-10-07,3,6.0,2024-10-04T09:31:00-04:00,6.099999999999994,NDXP  241007P20240000,NDXP  241007P20230000,development,False,False,0,0,0,151,0,644,available,False,2024-10-04T09:31:00-04:00,2024-10-07T16:00:00-04:00,0.0,11947.03999999999,0.0,last_observed_quote_not_settlement,3916.0,524,35,6.600000000000023,-1252.9600000000562,2024-10-04T09:32:00-04:00,0.0,7.449999999999989,-2952.9599999999878,2024-10-04T09:33:00-04:00,0.0,6.449999999999989,-952.959999999988,2024-10-04T09:36:00-04:00,0.0,7.75,-3552.9600000000105,2024-10-04T09:41:00-04:00,0.0,7.25,-2552.9600000000105,2024-10-04T09:46:00-04:00,0.0,8.849999999999966,-5752.959999999945,2024-10-04T10:01:00-04:00,0.0,9.0,-6052.960000000013,2024-10-04T10:31:00-04:00,0.0,9.200000000000045,-6452.960000000104,2024-10-04T11:31:00-04:00,0.0,5.300000000000011,1347.0399999999665,2024-10-04T16:00:00-04:00,0.0,,,2024-10-04T16:15:00-04:00,85500.0,,,2024-10-04T16:15:00-04:00,171900.0,0.0,11947.03999999999,2024-10-07T16:00:00-04:00,0.0,43.0,hit,43.0,hit,43.0,hit,4709.0,hit,4709.0,hit,4709.0,hit,4709.0,hit,1.0,hit,2.0,hit,2.0,hit,24.0,hit,31.0,hit,39.0,hit,10.0,524,True,True,True,True,,10.0,524,True,True,True,True,,10.0,524,True,True,True,True,,10.0,524,True,True,True,True,,4709.0,2024-10-07T16:00:00-04:00,0.0,11947.03999999999,,,,,,,,,,,,,4709.0,2024-10-07T16:00:00-04:00,0.0,11947.03999999999,,,,,,,,,,,,,4709.0,2024-10-07T16:00:00-04:00,0.0,11947.03999999999,,,,,,,,,,,,,4709.0,2024-10-07T16:00:00-04:00,0.0,11947.03999999999,,,,,,,,,,,,,2137
2024-10-04,2024-10-07,3,7.0,2024-10-04T09:31:00-04:00,7.0,NDXP  241007P20200000,NDXP  241007P20190000,development,False,False,0,0,1,86,0,708,available,False,2024-10-04T09:31:00-04:00,2024-10-07T16:00:00-04:00,10.0,-6152.96,0.0,last_observed_quote_not_settlement,3916.0,615,25,6.550000000000011,647.0399999999779,2024-10-04T09:32:00-04:00,0.0,6.899999999999977,-52.959999999953816,2024-10-04T09:33:00-04:00,0.0,6.550000000000011,647.0399999999779,2024-10-04T09:36:00-04:00,0.0,6.75,247.04000000000067,2024-10-04T09:41:00-04:00,0.0,6.649999999999977,447.0400000000462,2024-10-04T09:46:00-04:00,0.0,8.0,-2252.960000000001,2024-10-04T10:01:00-04:00,0.0,8.699999999999932,-3652.9599999998645,2024-10-04T10:31:00-04:00,0.0,8.050000000000011,-2352.9600000000237,2024-10-04T11:31:00-04:00,0.0,,,2024-10-04T15:59:00-04:00,60.0,,,2024-10-04T16:15:00-04:00,85500.0,,,2024-10-04T16:15:00-04:00,171900.0,10.0,-6152.96,2024-10-07T16:00:00-04:00,0.0,121.0,hit,121.0,hit,126.0,hit,126.0,hit,,never_hit,,never_hit,,never_hit,25.0,hit,26.0,hit,0.0,hit,26.0,hit,38.0,hit,66.0,hit,9.649999999999977,103,True,True,True,True,,,,True,True,True,False,4.0,,,True,True,True,False,4.0,,,True,True,True,False,4.0,,,,,,,,,,,,,,,,,,,,,,,,,,,,,,,,,,,,,,,,,,,,,,,,,,,,,,,,,,,,,,,,,2138
2024-10-07,2024-10-09,2,5.0,2024-10-07T09:31:00-04:00,5.0,NDXP  241009P19970000,NDXP  241009P19960000,development,False,False,0,0,0,38,15,1162,available,False,2024-10-07T09:31:00-04:00,2024-10-09T16:00:00-04:00,0.0,9747.04,0.0,last_observed_quote_not_settlement,1036.0,137,30,4.5,747.0400000000006,2024-10-07T09:32:00-04:00,0.0,4.549999999999983,647.0400000000348,2024-10-07T09:33:00-04:00,0.0,4.449999999999989,847.0400000000234,2024-10-07T09:36:00-04:00,0.0,4.599999999999994,547.040000000012,2024-10-07T09:41:00-04:00,0.0,4.950000000000017,-152.9600000000334,2024-10-07T09:46:00-04:00,0.0,4.899999999999977,-52.959999999953816,2024-10-07T10:01:00-04:00,0.0,4.1499999999999915,1447.0400000000177,2024-10-07T10:31:00-04:00,0.0,4.299999999999997,1147.0400000000063,2024-10-07T11:31:00-04:00,0.0,,,2024-10-07T15:59:00-04:00,60.0,1.2500000000000036,7247.039999999994,2024-10-08T16:00:00-04:00,0.0,0.0,9747.04,2024-10-09T16:00:00-04:00,0.0,,,,,0.0,hit,0.0,hit,49.0,hit,59.0,hit,1798.0,hit,2929.0,hit,2970.0,hit,300.0,hit,302.0,hit,306.0,hit,,never_hit,,never_hit,,never_hit,5.25,2,False,False,False,False,,7.900000000000006,137,True,False,False,False,,7.900000000000006,137,True,False,False,False,,7.900000000000006,137,True,False,False,False,,59.0,2024-10-07T10:30:00-04:00,2.9499999999999886,3847.0400000000236,1517.0,2024-10-08T10:48:00-04:00,2.700000000000003,4347.039999999995,1518.0,2024-10-08T10:49:00-04:00,2.8999999999999986,3947.0400000000036,60.0,2024-10-07T10:31:00-04:00,4.1499999999999915,1447.0400000000177,1804.0,2024-10-08T15:35:00-04:00,1.8500000000000014,6047.039999999998,1805.0,2024-10-08T15:36:00-04:00,1.8999999999999986,5947.040000000004,1806.0,2024-10-08T15:37:00-04:00,1.6499999999999986,6447.040000000004,1805.0,2024-10-08T15:36:00-04:00,1.8999999999999986,5947.040000000004,2933.0,2024-10-09T10:24:00-04:00,0.9499999999999993,7847.040000000002,2934.0,2024-10-09T10:25:00-04:00,0.8500000000000014,8047.039999999998,2935.0,2024-10-09T10:26:00-04:00,0.9000000000000004,7947.04,2934.0,2024-10-09T10:25:00-04:00,0.8500000000000014,8047.039999999998,2973.0,2024-10-09T11:04:00-04:00,0.39999999999999947,8947.040000000003,2983.0,2024-10-09T11:14:00-04:00,0.39999999999999947,8947.040000000003,2989.0,2024-10-09T11:20:00-04:00,0.39999999999999947,8947.040000000003,2974.0,2024-10-09T11:05:00-04:00,0.4500000000000002,8847.04,2139
2024-10-07,2024-10-09,2,6.0,2024-10-07T09:31:00-04:00,5.900000000000006,NDXP  241009P20080000,NDXP  241009P20070000,development,False,False,0,0,0,2,15,1198,available,False,2024-10-07T09:31:00-04:00,2024-10-09T16:00:00-04:00,9.925,-8302.95999999999,0.0,last_observed_quote_not_settlement,1036.0,367,113,5.699999999999989,147.0400000000348,2024-10-07T09:32:00-04:00,0.0,,,2024-10-07T09:32:00-04:00,60.0,5.800000000000011,-52.96000000001066,2024-10-07T09:36:00-04:00,0.0,5.800000000000011,-52.96000000001066,2024-10-07T09:41:00-04:00,0.0,6.650000000000006,-1752.9599999999994,2024-10-07T09:46:00-04:00,0.0,6.099999999999966,-652.9599999999198,2024-10-07T10:01:00-04:00,0.0,6.549999999999983,-1552.9599999999539,2024-10-07T10:31:00-04:00,0.0,6.050000000000011,-552.9600000000107,2024-10-07T11:31:00-04:00,0.0,,,2024-10-07T15:59:00-04:00,60.0,6.25,-952.959999999988,2024-10-08T16:00:00-04:00,0.0,9.925,-8302.95999999999,2024-10-09T16:00:00-04:00,0.0,,,,,12.0,hit,12.0,hit,32.0,hit,2926.0,hit,2967.0,hit,3005.0,hit,3106.0,hit,15.0,hit,26.0,hit,26.0,hit,288.0,hit,3269.0,hit,3269.0,hit,8.950000000000045,367,True,True,False,False,,8.950000000000045,367,True,True,False,False,,8.950000000000045,367,True,True,False,False,,8.950000000000045,367,True,True,False,False,,2929.0,2024-10-09T10:20:00-04:00,2.75,6047.040000000012,2930.0,2024-10-09T10:21:00-04:00,2.6999999999999993,6147.040000000014,2934.0,2024-10-09T10:25:00-04:00,2.4999999999999964,6547.040000000019,2930.0,2024-10-09T10:21:00-04:00,2.6999999999999993,6147.040000000014,2968.0,2024-10-09T10:59:00-04:00,1.9499999999999957,7647.040000000021,2969.0,2024-10-09T11:00:00-04:00,1.8000000000000007,7947.040000000011,2970.0,2024-10-09T11:01:00-04:00,1.4999999999999982,8547.040000000017,2969.0,2024-10-09T11:00:00-04:00,1.8000000000000007,7947.040000000011,3016.0,2024-10-09T11:47:00-04:00,0.9499999999999993,9647.040000000014,3017.0,2024-10-09T11:48:00-04:00,0.9000000000000004,9747.040000000012,3018.0,2024-10-09T11:49:00-04:00,0.8499999999999996,9847.040000000014,3017.0,2024-10-09T11:48:00-04:00,0.9000000000000004,9747.040000000012,3154.0,2024-10-09T14:05:00-04:00,0.39999999999999947,10747.040000000014,3155.0,2024-10-09T14:06:00-04:00,0.44999999999999973,10647.040000000012,3156.0,2024-10-09T14:07:00-04:00,0.44999999999999973,10647.040000000012,3155.0,2024-10-09T14:06:00-04:00,0.44999999999999973,10647.040000000012,2140
2024-10-07,2024-10-09,2,7.0,2024-10-07T09:31:00-04:00,6.900000000000034,NDXP  241009P20390000,NDXP  241009P20380000,development,False,False,0,0,0,186,15,1014,available,False,2024-10-07T09:31:00-04:00,2024-10-09T16:00:00-04:00,10.0,-6352.959999999932,0.0,last_observed_quote_not_settlement,1036.0,877,6,,,2024-10-07T09:31:00-04:00,60.0,9.599999999999966,-5652.9599999998645,2024-10-07T09:33:00-04:00,0.0,9.25,-4952.959999999933,2024-10-07T09:36:00-04:00,0.0,9.149999999999977,-4752.959999999887,2024-10-07T09:41:00-04:00,0.0,9.450000000000045,-5352.960000000024,2024-10-07T09:46:00-04:00,0.0,9.449999999999932,-5352.959999999796,2024-10-07T10:01:00-04:00,0.0,9.0,-4452.959999999933,2024-10-07T10:31:00-04:00,0.0,9.699999999999932,-5852.959999999796,2024-10-07T11:31:00-04:00,0.0,,,2024-10-07T15:59:00-04:00,60.0,9.600000000000023,-5652.959999999978,2024-10-08T16:00:00-04:00,0.0,10.0,-6352.959999999932,2024-10-09T16:00:00-04:00,0.0,,,,,4.0,hit,4.0,hit,4.0,hit,4.0,hit,4.0,hit,4.0,hit,4.0,hit,2.0,hit,2.0,hit,2.0,hit,2.0,hit,2.0,hit,2.0,hit,9.599999999999966,2,True,True,True,True,,9.599999999999966,2,True,True,True,True,,9.599999999999966,2,True,True,True,True,,9.599999999999966,2,True,True,True,True,,4.0,2024-10-07T09:35:00-04:00,0.0,13547.04000000007,,,,,,,,,5.0,2024-10-07T09:36:00-04:00,9.25,-4952.959999999933,4.0,2024-10-07T09:35:00-04:00,0.0,13547.04000000007,,,,,,,,,5.0,2024-10-07T09:36:00-04:00,9.25,-4952.959999999933,4.0,2024-10-07T09:35:00-04:00,0.0,13547.04000000007,,,,,,,,,5.0,2024-10-07T09:36:00-04:00,9.25,-4952.959999999933,4.0,2024-10-07T09:35:00-04:00,0.0,13547.04000000007,,,,,,,,,5.0,2024-10-07T09:36:00-04:00,9.25,-4952.959999999933,2141
2024-10-07,2024-10-10,3,5.0,2024-10-07T09:31:00-04:00,5.050000000000011,NDXP  241010P20070000,NDXP  241010P20060000,development,False,False,0,0,0,4,0,1601,available,False,2024-10-07T09:31:00-04:00,2024-10-10T16:00:00-04:00,9.5,-9152.959999999977,0.0,last_observed_quote_not_settlement,1036.0,439,84,6.449999999999989,-3052.9599999999537,2024-10-07T09:32:00-04:00,0.0,5.349999999999966,-852.9599999999084,2024-10-07T09:33:00-04:00,0.0,6.75,-3652.9599999999764,2024-10-07T09:36:00-04:00,0.0,4.950000000000017,-52.96000000001066,2024-10-07T09:41:00-04:00,0.0,5.75,-1652.9599999999766,2024-10-07T09:46:00-04:00,0.0,5.699999999999989,-1552.9599999999539,2024-10-07T10:01:00-04:00,0.0,5.099999999999966,-352.95999999990835,2024-10-07T10:31:00-04:00,0.0,5.299999999999983,-752.9599999999425,2024-10-07T11:31:00-04:00,0.0,7.400000000000034,-4952.960000000045,2024-10-07T16:00:00-04:00,0.0,3.8000000000000114,2247.040000000001,2024-10-08T16:00:00-04:00,0.0,1.9499999999999957,5947.040000000032,2024-10-09T16:00:00-04:00,0.0,9.5,-9152.959999999977,2024-10-10T16:00:00-04:00,0.0,0.0,hit,10.0,hit,87.0,hit,1466.0,hit,1466.0,hit,1773.0,hit,4444.0,hit,1.0,hit,1.0,hit,325.0,hit,4709.0,hit,4709.0,hit,4709.0,hit,7.75,396,True,False,False,False,,7.75,396,True,False,False,False,,7.75,439,True,False,False,False,,7.75,439,True,False,False,False,,1466.0,2024-10-08T09:57:00-04:00,1.25,7347.040000000024,2988.0,2024-10-09T11:19:00-04:00,2.8499999999999943,4147.0400000000345,2989.0,2024-10-09T11:20:00-04:00,2.8999999999999986,4047.0400000000263,1467.0,2024-10-08T09:58:00-04:00,3.1500000000000057,3547.0400000000122,1466.0,2024-10-08T09:57:00-04:00,1.25,7347.040000000024,3246.0,2024-10-09T15:37:00-04:00,1.7999999999999972,6247.040000000029,3247.0,2024-10-09T15:38:00-04:00,1.8500000000000014,6147.040000000021,1467.0,2024-10-08T09:58:00-04:00,3.1500000000000057,3547.0400000000122,4397.0,2024-10-10T10:48:00-04:00,0.8999999999999995,8047.0400000000245,4418.0,2024-10-10T11:09:00-04:00,0.8999999999999995,8047.0400000000245,4419.0,2024-10-10T11:10:00-04:00,0.9000000000000004,8047.040000000023,4398.0,2024-10-10T10:49:00-04:00,1.0999999999999996,7647.0400000000245,4447.0,2024-10-10T11:38:00-04:00,0.4499999999999993,8947.040000000026,4455.0,2024-10-10T11:46:00-04:00,0.44999999999999973,8947.040000000025,4459.0,2024-10-10T11:50:00-04:00,0.3999999999999999,9047.040000000023,4448.0,2024-10-10T11:39:00-04:00,0.5,8847.040000000025,2142
2024-10-07,2024-10-10,3,6.0,2024-10-07T09:31:00-04:00,5.950000000000017,NDXP  241010P20120000,NDXP  241010P20110000,development,False,False,0,0,0,2,0,1603,available,False,2024-10-07T09:31:00-04:00,2024-10-10T15:59:00-04:00,0.0,11647.040000000035,1.0,last_observed_quote_not_settlement,1036.0,335,122,5.699999999999989,247.04000000005752,2024-10-07T09:32:00-04:00,0.0,6.0,-352.9599999999652,2024-10-07T09:33:00-04:00,0.0,5.800000000000011,47.04000000001208,2024-10-07T09:36:00-04:00,0.0,5.850000000000023,-52.96000000001066,2024-10-07T09:41:00-04:00,0.0,6.4500000000000455,-1252.9600000000562,2024-10-07T09:46:00-04:00,0.0,5.899999999999977,-152.95999999991972,2024-10-07T10:01:00-04:00,0.0,5.450000000000017,747.0400000000006,2024-10-07T10:31:00-04:00,0.0,6.049999999999983,-452.9599999999311,2024-10-07T11:31:00-04:00,0.0,5.199999999999989,1247.0400000000575,2024-10-07T16:00:00-04:00,0.0,4.699999999999989,2247.0400000000577,2024-10-08T16:00:00-04:00,0.0,2.4499999999999957,6747.040000000044,2024-10-09T16:00:00-04:00,0.0,,,2024-10-10T15:59:00-04:00,60.0,46.0,hit,1446.0,hit,1446.0,hit,1446.0,hit,1446.0,hit,4438.0,hit,4468.0,hit,15.0,hit,300.0,hit,300.0,hit,379.0,hit,1456.0,hit,1456.0,hit,8.300000000000011,283,True,True,False,False,,8.300000000000011,283,True,True,False,False,,9.550000000000011,335,True,True,True,True,,9.550000000000011,335,True,True,True,True,,1446.0,2024-10-08T09:37:00-04:00,1.5,8647.040000000035,3026.0,2024-10-09T11:57:00-04:00,2.75,6147.0400000000345,3027.0,2024-10-09T11:58:00-04:00,2.8000000000000043,6047.040000000026,1447.0,2024-10-08T09:38:00-04:00,7.0,-2352.959999999965,1446.0,2024-10-08T09:37:00-04:00,1.5,8647.040000000035,4366.0,2024-10-10T10:17:00-04:00,1.9499999999999993,7747.040000000036,4367.0,2024-10-10T10:18:00-04:00,1.8999999999999986,7847.040000000037,1447.0,2024-10-08T09:38:00-04:00,7.0,-2352.959999999965,4448.0,2024-10-10T11:39:00-04:00,0.9000000000000004,9847.040000000035,4449.0,2024-10-10T11:40:00-04:00,0.8999999999999995,9847.040000000037,4454.0,2024-10-10T11:45:00-04:00,0.8000000000000007,10047.040000000034,4449.0,2024-10-10T11:40:00-04:00,0.8999999999999995,9847.040000000037,4470.0,2024-10-10T12:01:00-04:00,0.34999999999999964,10947.040000000037,4474.0,2024-10-10T12:05:00-04:00,0.3999999999999999,10847.040000000035,4475.0,2024-10-10T12:06:00-04:00,0.4249999999999998,10797.040000000035,4471.0,2024-10-10T12:02:00-04:00,0.5,10647.040000000035,2143
2024-10-07,2024-10-10,3,7.0,2024-10-07T09:31:00-04:00,7.149999999999977,NDXP  241010P20840000,NDXP  241010P20830000,development,False,False,0,0,0,418,0,1187,available,False,2024-10-07T09:31:00-04:00,2024-10-10T16:00:00-04:00,10.0,-5852.9600000000455,0.0,last_observed_quote_not_settlement,1036.0,879,2,9.799999999999955,-5552.9599999999555,2024-10-07T09:32:00-04:00,0.0,,,2024-10-07T09:32:00-04:00,60.0,,,2024-10-07T09:34:00-04:00,120.0,9.950000000000045,-5852.9600000000455,2024-10-07T09:41:00-04:00,0.0,9.75,-5452.960000000046,2024-10-07T09:46:00-04:00,0.0,,,2024-10-07T09:59:00-04:00,120.0,9.700000000000045,-5352.960000000137,2024-10-07T10:31:00-04:00,0.0,9.850000000000023,-5652.960000000092,2024-10-07T11:31:00-04:00,0.0,9.900000000000091,-5752.960000000228,2024-10-07T16:00:00-04:00,0.0,10.0,-5852.9600000000455,2024-10-08T16:00:00-04:00,0.0,9.950000000000045,-5852.9600000000455,2024-10-09T16:00:00-04:00,0.0,10.0,-5852.9600000000455,2024-10-10T16:00:00-04:00,0.0,,never_hit,,never_hit,,never_hit,,never_hit,,never_hit,,never_hit,,never_hit,1.0,hit,1.0,hit,0.0,hit,1.0,hit,1.0,hit,1.0,hit,,,True,True,True,False,0.5499999999998408,,,True,True,True,False,0.5499999999998408,,,True,True,True,False,0.5499999999998408,,,True,True,True,False,0.5499999999998408,,,,,,,,,,,,,,,,,,,,,,,,,,,,,,,,,,,,,,,,,,,,,,,,,,,,,,,,,,,,,,,,,2144
2024-10-08,2024-10-10,2,5.0,2024-10-08T09:31:00-04:00,5.0,NDXP  241010P19960000,NDXP  241010P19950000,development,False,False,0,0,0,21,15,1179,available,False,2024-10-08T09:31:00-04:00,2024-10-10T16:00:00-04:00,0.0,9747.04,0.0,last_observed_quote_not_settlement,1036.0,3,3,5.0499999999999545,-352.95999999990835,2024-10-08T09:32:00-04:00,0.0,4.699999999999989,347.04000000002344,2024-10-08T09:33:00-04:00,0.0,4.949999999999989,-152.95999999997656,2024-10-08T09:36:00-04:00,0.0,4.949999999999989,-152.95999999997656,2024-10-08T09:41:00-04:00,0.0,4.900000000000006,-52.96000000001066,2024-10-08T09:46:00-04:00,0.0,4.0,1747.0400000000006,2024-10-08T10:01:00-04:00,0.0,3.8999999999999915,1947.0400000000177,2024-10-08T10:31:00-04:00,0.0,3.549999999999997,2647.0400000000063,2024-10-08T11:31:00-04:00,0.0,3.1999999999999886,3347.0400000000236,2024-10-08T16:00:00-04:00,0.0,,,2024-10-09T15:59:00-04:00,60.0,0.0,9747.04,2024-10-10T16:00:00-04:00,0.0,,,,,0.0,hit,0.0,hit,30.0,hit,145.0,hit,1530.0,hit,1805.0,hit,2915.0,hit,,never_hit,,never_hit,,never_hit,,never_hit,,never_hit,,never_hit,5.25,3,False,False,False,False,,5.25,3,False,False,False,False,,5.25,3,False,False,False,False,,5.25,3,False,False,False,False,,347.0,2024-10-08T15:18:00-04:00,2.8999999999999773,3947.0400000000463,348.0,2024-10-08T15:19:00-04:00,2.75,4247.040000000001,352.0,2024-10-08T15:23:00-04:00,2.8499999999999943,4047.040000000012,348.0,2024-10-08T15:19:00-04:00,2.75,4247.040000000001,1539.0,2024-10-09T11:10:00-04:00,1.9499999999999957,5847.040000000009,1547.0,2024-10-09T11:18:00-04:00,1.899999999999995,5947.040000000011,1548.0,2024-10-09T11:19:00-04:00,1.8999999999999986,5947.040000000004,1540.0,2024-10-09T11:11:00-04:00,2.1000000000000014,5547.039999999998,1805.0,2024-10-09T15:36:00-04:00,0.8999999999999986,7947.040000000004,1806.0,2024-10-09T15:37:00-04:00,0.9000000000000004,7947.04,1807.0,2024-10-09T15:38:00-04:00,0.9499999999999993,7847.040000000002,1806.0,2024-10-09T15:37:00-04:00,0.9000000000000004,7947.04,2921.0,2024-10-10T10:12:00-04:00,0.4499999999999993,8847.040000000003,2922.0,2024-10-10T10:13:00-04:00,0.4499999999999993,8847.040000000003,2927.0,2024-10-10T10:18:00-04:00,0.40000000000000036,8947.04,2922.0,2024-10-10T10:13:00-04:00,0.4499999999999993,8847.040000000003,2145
2024-10-08,2024-10-10,2,6.0,2024-10-08T09:31:00-04:00,5.899999999999977,NDXP  241010P20050000,NDXP  241010P20040000,development,False,False,0,0,0,5,15,1195,available,False,2024-10-08T09:31:00-04:00,2024-10-10T16:00:00-04:00,0.0,11547.039999999955,0.0,last_observed_quote_not_settlement,1036.0,14,13,6.0,-452.9600000000448,2024-10-08T09:32:00-04:00,0.0,5.800000000000011,-52.9600000000675,2024-10-08T09:33:00-04:00,0.0,5.900000000000006,-252.96000000005614,2024-10-08T09:36:00-04:00,0.0,5.950000000000017,-352.9600000000789,2024-10-08T09:41:00-04:00,0.0,6.0,-452.9600000000448,2024-10-08T09:46:00-04:00,0.0,4.900000000000006,1747.0399999999438,2024-10-08T10:01:00-04:00,0.0,4.800000000000011,1947.0399999999324,2024-10-08T10:31:00-04:00,0.0,4.300000000000011,2947.0399999999327,2024-10-08T11:31:00-04:00,0.0,2.950000000000017,5647.039999999921,2024-10-08T16:00:00-04:00,0.0,1.7000000000000028,8147.039999999949,2024-10-09T16:00:00-04:00,0.0,0.0,11547.039999999955,2024-10-10T16:00:00-04:00,0.0,,,,,6.0,hit,12.0,hit,23.0,hit,389.0,hit,1738.0,hit,2920.0,hit,2985.0,hit,14.0,hit,14.0,hit,14.0,hit,14.0,hit,14.0,hit,,never_hit,9.149999999999977,14,True,True,True,True,,9.149999999999977,14,True,True,True,True,,9.149999999999977,14,True,True,True,True,,9.149999999999977,14,True,True,True,True,,1530.0,2024-10-09T11:01:00-04:00,2.8000000000000043,5947.039999999946,1531.0,2024-10-09T11:02:00-04:00,2.799999999999997,5947.039999999961,1532.0,2024-10-09T11:03:00-04:00,2.8000000000000043,5947.039999999946,1531.0,2024-10-09T11:02:00-04:00,2.799999999999997,5947.039999999961,1739.0,2024-10-09T14:30:00-04:00,1.8999999999999986,7747.039999999958,1740.0,2024-10-09T14:31:00-04:00,1.8999999999999986,7747.039999999958,1741.0,2024-10-09T14:32:00-04:00,1.8999999999999986,7747.039999999958,1740.0,2024-10-09T14:31:00-04:00,1.8999999999999986,7747.039999999958,2926.0,2024-10-10T10:17:00-04:00,0.9499999999999993,9647.039999999957,2954.0,2024-10-10T10:45:00-04:00,0.8499999999999988,9847.039999999959,2955.0,2024-10-10T10:46:00-04:00,0.8500000000000005,9847.039999999955,2927.0,2024-10-10T10:18:00-04:00,1.0,9547.039999999955,2999.0,2024-10-10T11:30:00-04:00,0.44999999999999973,10647.039999999955,3004.0,2024-10-10T11:35:00-04:00,0.34999999999999964,10847.039999999957,3005.0,2024-10-10T11:36:00-04:00,0.4499999999999993,10647.039999999957,3000.0,2024-10-10T11:31:00-04:00,0.5,10547.039999999955,2146
2024-10-08,2024-10-10,2,7.0,2024-10-08T09:31:00-04:00,7.050000000000011,NDXP  241010P20110000,NDXP  241010P20100000,development,False,False,0,0,0,0,15,1200,available,False,2024-10-08T09:31:00-04:00,2024-10-10T16:00:00-04:00,0.27499999999999997,13297.040000000023,0.0,last_observed_quote_not_settlement,1036.0,24,40,4.099999999999966,5647.040000000092,2024-10-08T09:32:00-04:00,0.0,7.100000000000023,-352.96000000002203,2024-10-08T09:33:00-04:00,0.0,6.350000000000023,1147.039999999978,2024-10-08T09:36:00-04:00,0.0,6.900000000000034,47.039999999955235,2024-10-08T09:41:00-04:00,0.0,4.050000000000011,5747.040000000001,2024-10-08T09:46:00-04:00,0.0,4.599999999999994,4647.0400000000345,2024-10-08T10:01:00-04:00,0.0,6.299999999999983,1247.0400000000575,2024-10-08T10:31:00-04:00,0.0,5.299999999999983,3247.0400000000577,2024-10-08T11:31:00-04:00,0.0,4.900000000000006,4047.040000000012,2024-10-08T16:00:00-04:00,0.0,2.299999999999997,9247.04000000003,2024-10-09T16:00:00-04:00,0.0,0.27499999999999997,13297.040000000023,2024-10-10T16:00:00-04:00,0.0,,,,,1.0,hit,1.0,hit,34.0,hit,41.0,hit,1709.0,hit,1811.0,hit,1811.0,hit,36.0,hit,,never_hit,0.0,hit,,never_hit,,never_hit,,never_hit,7.849999999999994,5,True,False,False,False,,7.950000000000017,24,True,False,False,False,,7.950000000000017,24,True,False,False,False,,7.950000000000017,24,True,False,False,False,,41.0,2024-10-08T10:12:00-04:00,2.8499999999999943,8147.0400000000345,1584.0,2024-10-09T11:55:00-04:00,2.799999999999997,8247.04000000003,1585.0,2024-10-09T11:56:00-04:00,2.75,8347.040000000025,42.0,2024-10-08T10:13:00-04:00,6.599999999999994,647.0400000000348,1811.0,2024-10-09T15:42:00-04:00,0.44999999999999574,12947.040000000034,2921.0,2024-10-10T10:12:00-04:00,1.7999999999999972,10247.04000000003,2922.0,2024-10-10T10:13:00-04:00,1.8499999999999979,10147.040000000028,1812.0,2024-10-09T15:43:00-04:00,2.5,8847.040000000025,1811.0,2024-10-09T15:42:00-04:00,0.44999999999999574,12947.040000000034,3005.0,2024-10-10T11:36:00-04:00,0.9499999999999993,11947.040000000026,3006.0,2024-10-10T11:37:00-04:00,0.8500000000000005,12147.040000000023,1812.0,2024-10-09T15:43:00-04:00,2.5,8847.040000000025,1811.0,2024-10-09T15:42:00-04:00,0.44999999999999574,12947.040000000034,3028.0,2024-10-10T11:59:00-04:00,0.40000000000000036,13047.040000000023,3029.0,2024-10-10T12:00:00-04:00,0.375,13097.040000000025,1812.0,2024-10-09T15:43:00-04:00,2.5,8847.040000000025,2147
2024-10-08,2024-10-11,3,5.0,2024-10-08T09:31:00-04:00,5.0,NDXP  241011P20030000,NDXP  241011P20020000,development,False,False,0,0,0,12,0,1593,available,False,2024-10-08T09:31:00-04:00,2024-10-11T16:00:00-04:00,0.0,9747.04,0.0,last_observed_quote_not_settlement,1036.0,19,11,5.25,-752.9599999999994,2024-10-08T09:32:00-04:00,0.0,4.900000000000006,-52.96000000001066,2024-10-08T09:33:00-04:00,0.0,5.699999999999989,-1652.9599999999766,2024-10-08T09:36:00-04:00,0.0,6.400000000000006,-3052.9600000000105,2024-10-08T09:41:00-04:00,0.0,4.75,247.04000000000067,2024-10-08T09:46:00-04:00,0.0,4.550000000000011,647.0399999999779,2024-10-08T10:01:00-04:00,0.0,4.400000000000006,947.0399999999893,2024-10-08T10:31:00-04:00,0.0,4.2000000000000455,1347.0399999999097,2024-10-08T11:31:00-04:00,0.0,3.499999999999986,2747.040000000029,2024-10-08T16:00:00-04:00,0.0,,,2024-10-09T15:59:00-04:00,60.0,1.1499999999999986,7447.040000000004,2024-10-10T16:00:00-04:00,0.0,0.0,9747.04,2024-10-11T16:00:00-04:00,0.0,0.0,hit,0.0,hit,72.0,hit,1498.0,hit,1709.0,hit,3033.0,hit,4349.0,hit,4.0,hit,8.0,hit,,never_hit,,never_hit,,never_hit,,never_hit,6.849999999999966,19,False,False,False,False,,6.849999999999966,19,False,False,False,False,,6.849999999999966,19,False,False,False,False,,6.849999999999966,19,False,False,False,False,,1509.0,2024-10-09T10:40:00-04:00,2.8999999999999915,3947.0400000000177,1530.0,2024-10-09T11:01:00-04:00,2.799999999999983,4147.0400000000345,1531.0,2024-10-09T11:02:00-04:00,2.8500000000000085,4047.0399999999836,1510.0,2024-10-09T10:41:00-04:00,3.0500000000000114,3647.039999999978,1803.0,2024-10-09T15:34:00-04:00,1.9499999999999957,5847.040000000009,1819.0,2024-10-09T15:50:00-04:00,1.9000000000000057,5947.039999999989,1823.0,2024-10-09T15:54:00-04:00,1.8499999999999943,6047.040000000012,1804.0,2024-10-09T15:35:00-04:00,1.9500000000000028,5847.039999999995,3035.0,2024-10-10T12:06:00-04:00,0.9499999999999993,7847.040000000002,4356.0,2024-10-11T10:07:00-04:00,0.6500000000000004,8447.04,4357.0,2024-10-11T10:08:00-04:00,0.5999999999999996,8547.040000000003,3036.0,2024-10-10T12:07:00-04:00,1.0499999999999972,7647.040000000006,4349.0,2024-10-11T10:00:00-04:00,0.0,9747.04,4365.0,2024-10-11T10:16:00-04:00,0.34999999999999964,9047.040000000003,4366.0,2024-10-11T10:17:00-04:00,0.34999999999999964,9047.040000000003,4350.0,2024-10-11T10:01:00-04:00,1.3499999999999996,7047.040000000002,2148
2024-10-08,2024-10-11,3,6.0,2024-10-08T09:31:00-04:00,6.0,NDXP  241011P20090000,NDXP  241011P20080000,development,False,False,0,0,0,22,0,1583,available,False,2024-10-08T09:31:00-04:00,2024-10-11T16:00:00-04:00,0.0,11747.04,0.0,last_observed_quote_not_settlement,1036.0,13,14,4.650000000000034,2447.0399999999327,2024-10-08T09:32:00-04:00,0.0,5.099999999999966,1547.0400000000689,2024-10-08T09:33:00-04:00,0.0,5.599999999999994,547.040000000012,2024-10-08T09:36:00-04:00,0.0,6.0499999999999545,-352.95999999990835,2024-10-08T09:41:00-04:00,0.0,4.649999999999977,2447.0400000000463,2024-10-08T09:46:00-04:00,0.0,4.849999999999966,2047.040000000069,2024-10-08T10:01:00-04:00,0.0,5.199999999999989,1347.0400000000234,2024-10-08T10:31:00-04:00,0.0,4.449999999999989,2847.0400000000236,2024-10-08T11:31:00-04:00,0.0,3.450000000000017,4847.039999999966,2024-10-08T16:00:00-04:00,0.0,2.6000000000000014,6547.039999999998,2024-10-09T16:00:00-04:00,0.0,1.6500000000000021,8447.039999999997,2024-10-10T16:00:00-04:00,0.0,0.0,11747.04,2024-10-11T16:00:00-04:00,0.0,1.0,hit,1.0,hit,23.0,hit,23.0,hit,23.0,hit,23.0,hit,4385.0,hit,18.0,hit,25.0,hit,25.0,hit,,never_hit,,never_hit,,never_hit,6.5,7,False,False,False,False,,6.5,7,False,False,False,False,,6.5,7,False,False,False,False,,7.650000000000006,13,True,False,False,False,,23.0,2024-10-08T09:54:00-04:00,0.6000000000000227,10547.039999999955,1581.0,2024-10-09T11:52:00-04:00,2.749999999999986,6247.040000000029,1582.0,2024-10-09T11:53:00-04:00,2.9000000000000057,5947.039999999989,24.0,2024-10-08T09:55:00-04:00,5.649999999999977,447.0400000000462,23.0,2024-10-08T09:54:00-04:00,0.6000000000000227,10547.039999999955,3013.0,2024-10-10T11:44:00-04:00,1.8499999999999943,8047.040000000012,3014.0,2024-10-10T11:45:00-04:00,1.8999999999999986,7947.040000000004,24.0,2024-10-08T09:55:00-04:00,5.649999999999977,447.0400000000462,23.0,2024-10-08T09:54:00-04:00,0.6000000000000227,10547.039999999955,4364.0,2024-10-11T10:15:00-04:00,0.8000000000000007,10147.04,4365.0,2024-10-11T10:16:00-04:00,0.7000000000000002,10347.04,24.0,2024-10-08T09:55:00-04:00,5.649999999999977,447.0400000000462,4414.0,2024-10-11T11:05:00-04:00,0.40000000000000036,10947.04,4418.0,2024-10-11T11:09:00-04:00,0.34999999999999964,11047.040000000003,4422.0,2024-10-11T11:13:00-04:00,0.40000000000000036,10947.04,4415.0,2024-10-11T11:06:00-04:00,0.5,10747.04,2149
2024-10-08,2024-10-11,3,7.0,2024-10-08T09:31:00-04:00,7.0,NDXP  241011P20190000,NDXP  241011P20180000,development,False,False,0,0,0,2,0,1603,available,False,2024-10-08T09:31:00-04:00,2024-10-11T15:59:00-04:00,0.024999999999999994,13697.04,1.0,last_observed_quote_not_settlement,1036.0,23,21,7.100000000000023,-452.9600000000448,2024-10-08T09:32:00-04:00,0.0,7.199999999999989,-652.9599999999766,2024-10-08T09:33:00-04:00,0.0,7.0,-252.9599999999993,2024-10-08T09:36:00-04:00,0.0,6.350000000000023,1047.0399999999552,2024-10-08T09:41:00-04:00,0.0,7.050000000000011,-352.96000000002203,2024-10-08T09:46:00-04:00,0.0,6.199999999999989,1347.0400000000234,2024-10-08T10:01:00-04:00,0.0,4.649999999999977,4447.040000000046,2024-10-08T10:31:00-04:00,0.0,5.75,2247.040000000001,2024-10-08T11:31:00-04:00,0.0,5.5,2747.040000000001,2024-10-08T16:00:00-04:00,0.0,3.549999999999997,6647.040000000006,2024-10-09T16:00:00-04:00,0.0,3.200000000000003,7347.039999999995,2024-10-10T16:00:00-04:00,0.0,,,2024-10-11T15:59:00-04:00,60.0,36.0,hit,37.0,hit,40.0,hit,306.0,hit,1811.0,hit,4476.0,hit,4597.0,hit,16.0,hit,210.0,hit,0.0,hit,210.0,hit,,never_hit,,never_hit,8.000000000000028,18,True,True,False,False,,8.150000000000006,23,True,True,False,False,,8.150000000000006,23,True,True,False,False,,8.150000000000006,23,True,True,False,False,,306.0,2024-10-08T14:37:00-04:00,2.9000000000000057,7947.039999999989,3027.0,2024-10-10T11:58:00-04:00,2.8500000000000014,8047.039999999998,3028.0,2024-10-10T11:59:00-04:00,2.799999999999997,8147.040000000007,307.0,2024-10-08T14:38:00-04:00,3.25,7247.040000000001,1811.0,2024-10-09T15:42:00-04:00,1.3499999999999943,11047.040000000014,4376.0,2024-10-11T10:27:00-04:00,1.6500000000000004,10447.04,4377.0,2024-10-11T10:28:00-04:00,1.5500000000000007,10647.04,1812.0,2024-10-09T15:43:00-04:00,3.450000000000017,6847.039999999966,4561.0,2024-10-11T13:32:00-04:00,0.9000000000000004,11947.04,4571.0,2024-10-11T13:42:00-04:00,0.9499999999999993,11847.040000000003,4576.0,2024-10-11T13:47:00-04:00,0.8999999999999995,11947.040000000003,4562.0,2024-10-11T13:33:00-04:00,1.0,11747.04,4600.0,2024-10-11T14:11:00-04:00,0.42500000000000027,12897.04,4601.0,2024-10-11T14:12:00-04:00,0.39999999999999947,12947.040000000003,4602.0,2024-10-11T14:13:00-04:00,0.3999999999999999,12947.04,4601.0,2024-10-11T14:12:00-04:00,0.39999999999999947,12947.040000000003,2150
2024-10-09,2024-10-11,2,5.0,2024-10-09T09:31:00-04:00,5.0,NDXP  241011P20150000,NDXP  241011P20140000,development,False,False,0,0,0,6,0,1194,available,False,2024-10-09T09:31:00-04:00,2024-10-11T16:00:00-04:00,9.95,-10152.96,0.0,last_observed_quote_not_settlement,1036.0,26,16,4.800000000000011,147.03999999997797,2024-10-09T09:32:00-04:00,0.0,5.0,-252.9599999999993,2024-10-09T09:33:00-04:00,0.0,5.249999999999972,-752.9599999999425,2024-10-09T09:36:00-04:00,0.0,4.800000000000011,147.03999999997797,2024-10-09T09:41:00-04:00,0.0,5.5,-1252.9599999999994,2024-10-09T09:46:00-04:00,0.0,5.050000000000011,-352.96000000002203,2024-10-09T10:01:00-04:00,0.0,4.300000000000011,1147.039999999978,2024-10-09T10:31:00-04:00,0.0,3.5999999999999943,2547.0400000000122,2024-10-09T11:31:00-04:00,0.0,3.1500000000000057,3447.0399999999895,2024-10-09T16:00:00-04:00,0.0,2.5500000000000043,4647.039999999992,2024-10-10T16:00:00-04:00,0.0,9.95,-10152.96,2024-10-11T16:00:00-04:00,0.0,,,,,0.0,hit,0.0,hit,23.0,hit,319.0,hit,1590.0,hit,2944.0,hit,3041.0,hit,15.0,hit,3269.0,hit,3269.0,hit,3269.0,hit,3269.0,hit,3269.0,hit,5.75,25,False,False,False,False,,5.999999999999986,25,False,False,False,False,,5.999999999999986,26,False,False,False,False,,5.999999999999986,26,False,False,False,False,,363.0,2024-10-09T15:34:00-04:00,2.9499999999999886,3847.0400000000236,367.0,2024-10-09T15:38:00-04:00,2.9000000000000057,3947.0399999999895,383.0,2024-10-09T15:54:00-04:00,2.9000000000000057,3947.0399999999895,364.0,2024-10-09T15:35:00-04:00,3.1500000000000057,3447.0399999999895,1603.0,2024-10-10T12:14:00-04:00,1.5499999999999972,6647.040000000006,1606.0,2024-10-10T12:17:00-04:00,1.9000000000000021,5947.039999999996,1607.0,2024-10-10T12:18:00-04:00,1.8000000000000043,6147.039999999992,1604.0,2024-10-10T12:15:00-04:00,2.1000000000000014,5547.039999999998,2949.0,2024-10-11T10:40:00-04:00,0.9499999999999993,7847.040000000002,2978.0,2024-10-11T11:09:00-04:00,0.8500000000000005,8047.04,2982.0,2024-10-11T11:13:00-04:00,0.8999999999999995,7947.040000000002,2950.0,2024-10-11T10:41:00-04:00,1.0,7747.040000000001,3120.0,2024-10-11T13:31:00-04:00,0.375,8997.04,3121.0,2024-10-11T13:32:00-04:00,0.4249999999999998,8897.040000000003,3132.0,2024-10-11T13:43:00-04:00,0.375,8997.04,3121.0,2024-10-11T13:32:00-04:00,0.4249999999999998,8897.040000000003,2151
2024-10-09,2024-10-11,2,6.0,2024-10-09T09:31:00-04:00,5.949999999999989,NDXP  241011P20250000,NDXP  241011P20240000,development,False,False,0,0,0,0,0,1200,available,False,2024-10-09T09:31:00-04:00,2024-10-11T16:00:00-04:00,0.0,11647.039999999979,0.0,last_observed_quote_not_settlement,1036.0,46,21,5.549999999999983,547.040000000012,2024-10-09T09:32:00-04:00,0.0,5.049999999999983,1547.040000000012,2024-10-09T09:33:00-04:00,0.0,5.699999999999989,247.04000000000067,2024-10-09T09:36:00-04:00,0.0,5.25,1147.039999999978,2024-10-09T09:41:00-04:00,0.0,5.0,1647.039999999978,2024-10-09T09:46:00-04:00,0.0,5.25,1147.039999999978,2024-10-09T10:01:00-04:00,0.0,5.450000000000017,747.0399999999438,2024-10-09T10:31:00-04:00,0.0,4.849999999999994,1947.0399999999893,2024-10-09T11:31:00-04:00,0.0,2.8499999999999943,5947.039999999989,2024-10-09T16:00:00-04:00,0.0,4.400000000000006,2847.0399999999668,2024-10-10T16:00:00-04:00,0.0,0.0,11647.039999999979,2024-10-11T16:00:00-04:00,0.0,,,,,2.0,hit,15.0,hit,36.0,hit,36.0,hit,388.0,hit,3216.0,hit,3221.0,hit,48.0,hit,2880.0,hit,2880.0,hit,2917.0,hit,,never_hit,,never_hit,5.949999999999989,0,False,False,False,False,,6.549999999999983,5,False,False,False,False,,8.099999999999994,46,True,True,False,False,,8.099999999999994,46,True,True,False,False,,36.0,2024-10-09T10:07:00-04:00,2.5000000000000284,6647.039999999921,389.0,2024-10-09T16:00:00-04:00,2.8499999999999943,5947.039999999989,3027.0,2024-10-11T11:58:00-04:00,2.799999999999997,6047.039999999984,37.0,2024-10-09T10:08:00-04:00,5.800000000000011,47.039999999955235,388.0,2024-10-09T15:59:00-04:00,1.7000000000000028,8247.039999999974,3169.0,2024-10-11T14:20:00-04:00,1.8500000000000005,7947.039999999977,3170.0,2024-10-11T14:21:00-04:00,1.75,8147.039999999978,389.0,2024-10-09T16:00:00-04:00,2.8499999999999943,5947.039999999989,3216.0,2024-10-11T15:07:00-04:00,0.8250000000000002,9997.039999999979,3217.0,2024-10-11T15:08:00-04:00,0.5749999999999997,10497.039999999979,3218.0,2024-10-11T15:09:00-04:00,0.5749999999999997,10497.039999999979,3217.0,2024-10-11T15:08:00-04:00,0.5749999999999997,10497.039999999979,3221.0,2024-10-11T15:12:00-04:00,0.3999999999999999,10847.039999999979,3225.0,2024-10-11T15:16:00-04:00,0.3999999999999999,10847.039999999979,3226.0,2024-10-11T15:17:00-04:00,0.375,10897.039999999979,3222.0,2024-10-11T15:13:00-04:00,0.5750000000000002,10497.039999999979,2152
2024-10-09,2024-10-11,2,7.0,2024-10-09T09:31:00-04:00,7.149999999999977,NDXP  241011P20370000,NDXP  241011P20360000,development,False,False,0,0,0,52,0,1148,available,False,2024-10-09T09:31:00-04:00,2024-10-11T16:00:00-04:00,10.0,-5852.9600000000455,0.0,last_observed_quote_not_settlement,1036.0,566,201,8.050000000000011,-2052.960000000069,2024-10-09T09:32:00-04:00,0.0,7.649999999999977,-1252.9599999999994,2024-10-09T09:33:00-04:00,0.0,7.850000000000023,-1652.9600000000903,2024-10-09T09:36:00-04:00,0.0,7.449999999999989,-852.9600000000221,2024-10-09T09:41:00-04:00,0.0,8.0,-1952.9600000000466,2024-10-09T09:46:00-04:00,0.0,7.75,-1452.9600000000448,2024-10-09T10:01:00-04:00,0.0,6.899999999999977,247.04000000000067,2024-10-09T10:31:00-04:00,0.0,6.449999999999989,1147.039999999978,2024-10-09T11:31:00-04:00,0.0,4.949999999999989,4147.039999999978,2024-10-09T16:00:00-04:00,0.0,7.0,47.039999999955235,2024-10-10T16:00:00-04:00,0.0,10.0,-5852.9600000000455,2024-10-11T16:00:00-04:00,0.0,,,,,121.0,hit,126.0,hit,224.0,hit,368.0,hit,,never_hit,,never_hit,,never_hit,1.0,hit,17.0,hit,0.0,hit,1.0,hit,76.0,hit,1644.0,hit,9.149999999999977,126,True,True,True,True,,,,True,True,True,False,4.5,,,True,True,True,False,4.5,,,True,True,True,False,4.5,368.0,2024-10-09T15:39:00-04:00,2.6499999999999773,8747.04,,,,,,,,,369.0,2024-10-09T15:40:00-04:00,5.949999999999989,2147.039999999978,,,,,,,,,,,,,,,,,,,,,,,,,,,,,,,,,,,,,,,,,,,,,,,,,2153
2024-10-11,2024-10-14,3,5.0,2024-10-11T09:31:00-04:00,5.050000000000011,NDXP  241014P20190000,NDXP  241014P20180000,development,False,False,0,0,1,26,0,768,available,False,2024-10-11T09:31:00-04:00,2024-10-14T15:59:00-04:00,0.0,9847.040000000025,1.0,last_observed_quote_not_settlement,3916.0,4,6,4.950000000000003,-52.95999999998224,2024-10-11T09:32:00-04:00,0.0,4.900000000000006,47.04000000001208,2024-10-11T09:33:00-04:00,0.0,5.150000000000006,-452.95999999998793,2024-10-11T09:36:00-04:00,0.0,5.25,-652.9599999999766,2024-10-11T09:41:00-04:00,0.0,4.3999999999999915,1047.0400000000404,2024-10-11T09:46:00-04:00,0.0,4.699999999999989,447.0400000000462,2024-10-11T10:01:00-04:00,0.0,2.799999999999997,4247.040000000029,2024-10-11T10:31:00-04:00,0.0,3.200000000000003,3447.0400000000177,2024-10-11T11:31:00-04:00,0.0,2.5500000000000043,4747.0400000000145,2024-10-11T16:00:00-04:00,0.0,,,2024-10-11T16:15:00-04:00,85500.0,,,2024-10-11T16:15:00-04:00,171900.0,,,2024-10-14T15:59:00-04:00,60.0,0.0,hit,1.0,hit,29.0,hit,29.0,hit,29.0,hit,29.0,hit,29.0,hit,31.0,hit,,never_hit,,never_hit,,never_hit,,never_hit,,never_hit,5.25,3,False,False,False,False,,5.25,3,False,False,False,False,,5.25,3,False,False,False,False,,5.25,3,False,False,False,False,,29.0,2024-10-11T10:00:00-04:00,0.15000000000000568,9547.040000000014,57.0,2024-10-11T10:28:00-04:00,2.700000000000003,4447.040000000018,58.0,2024-10-11T10:29:00-04:00,2.700000000000003,4447.040000000018,30.0,2024-10-11T10:01:00-04:00,4.699999999999989,447.0400000000462,29.0,2024-10-11T10:00:00-04:00,0.15000000000000568,9547.040000000014,4321.0,2024-10-14T09:32:00-04:00,0.6999999999999993,8447.040000000026,4322.0,2024-10-14T09:33:00-04:00,0.5499999999999998,8747.040000000025,30.0,2024-10-11T10:01:00-04:00,4.699999999999989,447.0400000000462,29.0,2024-10-11T10:00:00-04:00,0.15000000000000568,9547.040000000014,4321.0,2024-10-14T09:32:00-04:00,0.6999999999999993,8447.040000000026,4322.0,2024-10-14T09:33:00-04:00,0.5499999999999998,8747.040000000025,30.0,2024-10-11T10:01:00-04:00,4.699999999999989,447.0400000000462,29.0,2024-10-11T10:00:00-04:00,0.15000000000000568,9547.040000000014,4324.0,2024-10-14T09:35:00-04:00,0.4499999999999993,8947.040000000026,4325.0,2024-10-14T09:36:00-04:00,0.40000000000000036,9047.040000000023,30.0,2024-10-11T10:01:00-04:00,4.699999999999989,447.0400000000462,2154
2024-10-11,2024-10-14,3,6.0,2024-10-11T09:31:00-04:00,6.050000000000011,NDXP  241014P20230000,NDXP  241014P20220000,development,False,False,0,0,0,28,0,767,available,False,2024-10-11T09:31:00-04:00,2024-10-14T16:00:00-04:00,0.0,11847.040000000025,0.0,last_observed_quote_not_settlement,3916.0,1,2,5.750000000000028,347.0399999999666,2024-10-11T09:32:00-04:00,0.0,5.699999999999989,447.0400000000462,2024-10-11T09:33:00-04:00,0.0,6.300000000000011,-752.9599999999994,2024-10-11T09:36:00-04:00,0.0,5.900000000000006,47.04000000001208,2024-10-11T09:41:00-04:00,0.0,5.25,1347.0400000000234,2024-10-11T09:46:00-04:00,0.0,5.299999999999997,1247.040000000029,2024-10-11T10:01:00-04:00,0.0,3.3500000000000014,5147.040000000021,2024-10-11T10:31:00-04:00,0.0,3.8999999999999915,4047.040000000041,2024-10-11T11:31:00-04:00,0.0,3.299999999999997,5247.040000000029,2024-10-11T16:00:00-04:00,0.0,,,2024-10-11T16:15:00-04:00,85500.0,,,2024-10-11T16:15:00-04:00,171900.0,0.0,11847.040000000025,2024-10-14T16:00:00-04:00,0.0,8.0,hit,16.0,hit,16.0,hit,86.0,hit,86.0,hit,86.0,hit,4335.0,hit,,never_hit,,never_hit,,never_hit,,never_hit,,never_hit,,never_hit,6.300000000000011,1,False,False,False,False,,6.300000000000011,1,False,False,False,False,,6.300000000000011,1,False,False,False,False,,6.300000000000011,1,False,False,False,False,,86.0,2024-10-11T10:57:00-04:00,0.9500000000000028,9947.040000000019,337.0,2024-10-11T15:08:00-04:00,2.8499999999999943,6147.0400000000345,338.0,2024-10-11T15:09:00-04:00,2.8500000000000014,6147.040000000021,87.0,2024-10-11T10:58:00-04:00,4.200000000000003,3447.0400000000177,86.0,2024-10-11T10:57:00-04:00,0.9500000000000028,9947.040000000019,4321.0,2024-10-14T09:32:00-04:00,0.9499999999999993,9947.040000000026,4322.0,2024-10-14T09:33:00-04:00,0.8499999999999996,10147.040000000025,87.0,2024-10-11T10:58:00-04:00,4.200000000000003,3447.0400000000177,4321.0,2024-10-14T09:32:00-04:00,0.9499999999999993,9947.040000000026,4322.0,2024-10-14T09:33:00-04:00,0.8499999999999996,10147.040000000025,4323.0,2024-10-14T09:34:00-04:00,0.8000000000000007,10247.040000000023,4322.0,2024-10-14T09:33:00-04:00,0.8499999999999996,10147.040000000025,4336.0,2024-10-14T09:47:00-04:00,0.4499999999999993,10947.040000000026,4337.0,2024-10-14T09:48:00-04:00,0.34999999999999964,11147.040000000025,4338.0,2024-10-14T09:49:00-04:00,0.39999999999999947,11047.040000000025,4337.0,2024-10-14T09:48:00-04:00,0.34999999999999964,11147.040000000025,2155
2024-10-11,2024-10-14,3,7.0,2024-10-11T09:31:00-04:00,7.049999999999983,NDXP  241014P20300000,NDXP  241014P20290000,development,False,False,0,0,0,4,0,791,available,False,2024-10-11T09:31:00-04:00,2024-10-14T16:00:00-04:00,0.1,13647.039999999966,0.0,last_observed_quote_not_settlement,3916.0,11,16,6.999999999999972,-152.95999999997656,2024-10-11T09:32:00-04:00,0.0,6.849999999999994,147.03999999997797,2024-10-11T09:33:00-04:00,0.0,7.150000000000006,-452.9600000000448,2024-10-11T09:36:00-04:00,0.0,7.599999999999994,-1352.960000000022,2024-10-11T09:41:00-04:00,0.0,7.099999999999966,-352.9599999999652,2024-10-11T09:46:00-04:00,0.0,6.75,347.0399999999666,2024-10-11T10:01:00-04:00,0.0,4.5,4847.039999999966,2024-10-11T10:31:00-04:00,0.0,5.299999999999997,3247.039999999972,2024-10-11T11:31:00-04:00,0.0,5.449999999999989,2947.0399999999895,2024-10-11T16:00:00-04:00,0.0,,,2024-10-11T16:15:00-04:00,85500.0,,,2024-10-11T16:15:00-04:00,171900.0,0.1,13647.039999999966,2024-10-14T16:00:00-04:00,0.0,39.0,hit,44.0,hit,74.0,hit,74.0,hit,4322.0,hit,4336.0,hit,4387.0,hit,10.0,hit,,never_hit,0.0,hit,16.0,hit,,never_hit,,never_hit,8.0,10,True,True,False,False,,8.0,11,True,True,False,False,,8.0,11,True,True,False,False,,8.0,11,True,True,False,False,,86.0,2024-10-11T10:57:00-04:00,2.75,8347.039999999968,4321.0,2024-10-14T09:32:00-04:00,2.150000000000002,9547.039999999963,4322.0,2024-10-14T09:33:00-04:00,1.8499999999999943,10147.039999999979,87.0,2024-10-11T10:58:00-04:00,5.5,2847.0399999999668,4322.0,2024-10-14T09:33:00-04:00,1.8499999999999943,10147.039999999979,4323.0,2024-10-14T09:34:00-04:00,1.8500000000000014,10147.039999999964,4324.0,2024-10-14T09:35:00-04:00,1.6000000000000014,10647.039999999964,4323.0,2024-10-14T09:34:00-04:00,1.8500000000000014,10147.039999999964,4338.0,2024-10-14T09:49:00-04:00,0.8500000000000014,12147.039999999964,4339.0,2024-10-14T09:50:00-04:00,0.8500000000000014,12147.039999999964,4340.0,2024-10-14T09:51:00-04:00,0.8499999999999979,12147.039999999972,4339.0,2024-10-14T09:50:00-04:00,0.8500000000000014,12147.039999999964,4492.0,2024-10-14T12:23:00-04:00,0.375,13097.039999999968,4509.0,2024-10-14T12:40:00-04:00,0.4249999999999998,12997.039999999968,4510.0,2024-10-14T12:41:00-04:00,0.375,13097.039999999968,4493.0,2024-10-14T12:24:00-04:00,0.47499999999999964,12897.039999999968,2156
2024-10-14,2024-10-16,2,5.0,2024-10-14T09:31:00-04:00,4.8999999999999915,NDXP  241016P20410000,NDXP  241016P20400000,development,False,False,0,0,0,101,15,1099,available,False,2024-10-14T09:31:00-04:00,2024-10-16T16:00:00-04:00,9.0,-8452.960000000017,0.0,last_observed_quote_not_settlement,1037.0,587,40,4.849999999999994,-152.96000000000498,2024-10-14T09:32:00-04:00,0.0,4.599999999999994,347.039999999995,2024-10-14T09:33:00-04:00,0.0,4.099999999999994,1347.039999999995,2024-10-14T09:36:00-04:00,0.0,4.5,547.0399999999836,2024-10-14T09:41:00-04:00,0.0,4.049999999999997,1447.0399999999893,2024-10-14T09:46:00-04:00,0.0,3.1499999999999915,3247.040000000001,2024-10-14T10:01:00-04:00,0.0,3.700000000000003,2147.039999999978,2024-10-14T10:31:00-04:00,0.0,5.200000000000003,-852.9600000000221,2024-10-14T11:31:00-04:00,0.0,3.5999999999999943,2347.039999999995,2024-10-14T16:00:00-04:00,0.0,9.5,-9452.960000000017,2024-10-15T16:00:00-04:00,0.0,9.0,-8452.960000000017,2024-10-16T16:00:00-04:00,0.0,,,,,0.0,hit,0.0,hit,13.0,hit,16.0,hit,16.0,hit,,never_hit,,never_hit,51.0,hit,51.0,hit,1504.0,hit,1510.0,hit,1518.0,hit,1518.0,hit,4.8999999999999915,0,False,False,False,False,,4.8999999999999915,0,False,False,False,False,,,,True,True,True,False,3.6499999999999915,,,True,True,True,False,3.6499999999999915,16.0,2024-10-14T09:47:00-04:00,1.5499999999999972,6447.039999999989,,,,,,,,,17.0,2024-10-14T09:48:00-04:00,3.8499999999999943,1847.039999999995,16.0,2024-10-14T09:47:00-04:00,1.5499999999999972,6447.039999999989,,,,,,,,,17.0,2024-10-14T09:48:00-04:00,3.8499999999999943,1847.039999999995,,,,,,,,,,,,,,,,,,,,,,,,,,,,,,,,,2157
2024-10-14,2024-10-16,2,6.0,2024-10-14T09:31:00-04:00,5.949999999999989,NDXP  241016P20470000,NDXP  241016P20460000,development,False,False,0,0,0,120,15,1080,available,False,2024-10-14T09:31:00-04:00,2024-10-16T15:59:00-04:00,10.0,-8252.960000000021,1.0,last_observed_quote_not_settlement,1036.0,598,37,5.199999999999989,1247.0400000000006,2024-10-14T09:32:00-04:00,0.0,6.199999999999989,-752.9599999999994,2024-10-14T09:33:00-04:00,0.0,5.3500000000000085,947.0399999999609,2024-10-14T09:36:00-04:00,0.0,5.549999999999997,547.0399999999836,2024-10-14T09:41:00-04:00,0.0,4.900000000000006,1847.0399999999665,2024-10-14T09:46:00-04:00,0.0,3.9499999999999886,3747.040000000001,2024-10-14T10:01:00-04:00,0.0,4.599999999999994,2447.0399999999895,2024-10-14T10:31:00-04:00,0.0,6.450000000000017,-1252.9600000000562,2024-10-14T11:31:00-04:00,0.0,4.950000000000003,1747.0399999999722,2024-10-14T16:00:00-04:00,0.0,9.599999999999966,-7552.9599999999555,2024-10-15T16:00:00-04:00,0.0,,,2024-10-16T15:59:00-04:00,60.0,,,,,1.0,hit,8.0,hit,25.0,hit,25.0,hit,366.0,hit,,never_hit,,never_hit,83.0,hit,83.0,hit,83.0,hit,83.0,hit,93.0,hit,1502.0,hit,6.299999999999983,2,False,False,False,False,,9.150000000000006,45,True,True,True,True,,,,True,True,True,False,4.349999999999994,,,True,True,True,False,4.349999999999994,25.0,2024-10-14T09:56:00-04:00,2.1000000000000085,7447.039999999961,,,,,,,,,26.0,2024-10-14T09:57:00-04:00,4.25,3147.039999999978,366.0,2024-10-14T15:37:00-04:00,1.5999999999999943,8447.03999999999,,,,,,,,,367.0,2024-10-14T15:38:00-04:00,4.450000000000003,2747.039999999972,,,,,,,,,,,,,,,,,,,,,,,,,,,,,,,,,2158
2024-10-14,2024-10-16,2,7.0,2024-10-14T09:31:00-04:00,7.149999999999977,NDXP  241016P20550000,NDXP  241016P20540000,development,False,False,0,0,0,194,15,1006,available,False,2024-10-14T09:31:00-04:00,2024-10-16T16:00:00-04:00,10.0,-5852.9600000000455,0.0,last_observed_quote_not_settlement,1037.0,491,89,7.0,47.039999999955235,2024-10-14T09:32:00-04:00,0.0,6.549999999999983,947.0399999999893,2024-10-14T09:33:00-04:00,0.0,6.349999999999994,1347.0399999999665,2024-10-14T09:36:00-04:00,0.0,6.849999999999966,347.04000000002344,2024-10-14T09:41:00-04:00,0.0,6.5,1047.0399999999552,2024-10-14T09:46:00-04:00,0.0,5.549999999999983,2947.0399999999895,2024-10-14T10:01:00-04:00,0.0,7.800000000000011,-1552.9600000000676,2024-10-14T10:31:00-04:00,0.0,5.449999999999989,3147.039999999978,2024-10-14T11:31:00-04:00,0.0,4.850000000000023,4347.03999999991,2024-10-14T16:00:00-04:00,0.0,9.799999999999955,-5552.9599999999555,2024-10-15T16:00:00-04:00,0.0,10.0,-5852.9600000000455,2024-10-16T16:00:00-04:00,0.0,,,,,20.0,hit,20.0,hit,1574.0,hit,,never_hit,,never_hit,,never_hit,,never_hit,60.0,hit,93.0,hit,0.0,hit,93.0,hit,93.0,hit,1514.0,hit,,,True,True,True,False,3.25,,,True,True,True,False,3.25,,,True,True,True,False,3.25,,,True,True,True,False,3.25,,,,,,,,,,,,,,,,,,,,,,,,,,,,,,,,,,,,,,,,,,,,,,,,,,,,,,,,,,,,,,,,,2159
2024-10-14,2024-10-17,3,5.0,2024-10-14T09:31:00-04:00,4.949999999999989,NDXP  241017P20440000,NDXP  241017P20430000,development,False,False,0,0,0,148,0,1457,available,False,2024-10-14T09:31:00-04:00,2024-10-17T16:00:00-04:00,9.0,-8352.960000000023,0.0,last_observed_quote_not_settlement,1036.0,952,27,4.949999999999989,-252.9599999999993,2024-10-14T09:32:00-04:00,0.0,4.650000000000006,347.0399999999666,2024-10-14T09:33:00-04:00,0.0,4.549999999999983,547.040000000012,2024-10-14T09:36:00-04:00,0.0,4.599999999999994,447.03999999998933,2024-10-14T09:41:00-04:00,0.0,4.800000000000011,47.039999999955235,2024-10-14T09:46:00-04:00,0.0,3.9499999999999886,1747.0400000000006,2024-10-14T10:01:00-04:00,0.0,4.200000000000003,1247.0399999999722,2024-10-14T10:31:00-04:00,0.0,5.399999999999977,-1152.9599999999766,2024-10-14T11:31:00-04:00,0.0,4.5,647.0399999999779,2024-10-14T16:00:00-04:00,0.0,8.199999999999989,-6752.960000000001,2024-10-15T16:00:00-04:00,0.0,9.399999999999977,-9152.959999999977,2024-10-16T16:00:00-04:00,0.0,9.0,-8352.960000000023,2024-10-17T16:00:00-04:00,0.0,0.0,hit,0.0,hit,16.0,hit,16.0,hit,25.0,hit,,never_hit,,never_hit,3.0,hit,1499.0,hit,1501.0,hit,1510.0,hit,1528.0,hit,1589.0,hit,5.449999999999989,1,False,False,False,False,,5.449999999999989,1,False,False,False,False,,,,True,True,True,False,3.299999999999997,,,True,True,True,False,3.299999999999997,16.0,2024-10-14T09:47:00-04:00,2.549999999999983,4547.040000000012,,,,,,,,,17.0,2024-10-14T09:48:00-04:00,4.1499999999999915,1347.039999999995,25.0,2024-10-14T09:56:00-04:00,1.6499999999999915,6347.039999999995,,,,,,,,,26.0,2024-10-14T09:57:00-04:00,3.749999999999986,2147.0400000000063,,,,,,,,,,,,,,,,,,,,,,,,,,,,,,,,,2160
2024-10-14,2024-10-17,3,6.0,2024-10-14T09:31:00-04:00,6.049999999999983,NDXP  241017P20500000,NDXP  241017P20490000,development,False,False,0,0,0,188,0,1417,available,False,2024-10-14T09:31:00-04:00,2024-10-17T15:59:00-04:00,9.900000000000034,-7952.960000000104,1.0,last_observed_quote_not_settlement,1036.0,845,68,6.149999999999977,-452.95999999998793,2024-10-14T09:32:00-04:00,0.0,5.750000000000028,347.03999999990975,2024-10-14T09:33:00-04:00,0.0,5.5,847.0399999999665,2024-10-14T09:36:00-04:00,0.0,5.5,847.0399999999665,2024-10-14T09:41:00-04:00,0.0,5.300000000000011,1247.0399999999438,2024-10-14T09:46:00-04:00,0.0,4.75,2347.0399999999668,2024-10-14T10:01:00-04:00,0.0,4.899999999999977,2047.0400000000122,2024-10-14T10:31:00-04:00,0.0,4.099999999999994,3647.039999999978,2024-10-14T11:31:00-04:00,0.0,5.25,1347.0399999999665,2024-10-14T16:00:00-04:00,0.0,8.799999999999955,-5752.959999999945,2024-10-15T16:00:00-04:00,0.0,9.849999999999966,-7852.959999999967,2024-10-16T16:00:00-04:00,0.0,,,2024-10-17T15:59:00-04:00,60.0,5.0,hit,17.0,hit,25.0,hit,103.0,hit,,never_hit,,never_hit,,never_hit,3.0,hit,51.0,hit,9.0,hit,133.0,hit,1504.0,hit,1715.0,hit,7.800000000000011,9,True,False,False,False,,,,True,True,True,False,3.999999999999986,,,True,True,True,False,3.999999999999986,,,True,True,True,False,3.999999999999986,103.0,2024-10-14T11:14:00-04:00,2.8999999999999773,6047.040000000012,104.0,2024-10-14T11:15:00-04:00,2.849999999999966,6147.0400000000345,,,,,104.0,2024-10-14T11:15:00-04:00,2.849999999999966,6147.0400000000345,,,,,,,,,,,,,,,,,,,,,,,,,,,,,,,,,,,,,,,,,,,,,,,,,2161
2024-10-14,2024-10-17,3,7.0,2024-10-14T09:31:00-04:00,7.0,NDXP  241017P21290000,NDXP  241017P21280000,development,False,False,0,0,0,272,0,1333,available,False,2024-10-14T09:31:00-04:00,2024-10-17T16:00:00-04:00,10.0,-6152.96,0.0,last_observed_quote_not_settlement,1038.0,1130,7,9.950000000000045,-6152.96,2024-10-14T09:32:00-04:00,0.0,9.949999999999932,-6152.9599999998645,2024-10-14T09:33:00-04:00,0.0,9.75,-5752.960000000001,2024-10-14T09:36:00-04:00,0.0,9.849999999999909,-5952.959999999819,2024-10-14T09:41:00-04:00,0.0,,,2024-10-14T09:44:00-04:00,120.0,9.75,-5752.960000000001,2024-10-14T10:01:00-04:00,0.0,,,2024-10-14T10:30:00-04:00,60.0,,,2024-10-14T11:28:00-04:00,180.0,,,2024-10-14T15:57:00-04:00,180.0,10.0,-6152.96,2024-10-15T16:00:00-04:00,0.0,9.799999999999955,-5852.95999999991,2024-10-16T16:00:00-04:00,0.0,10.0,-6152.96,2024-10-17T16:00:00-04:00,0.0,278.0,hit,278.0,hit,1819.0,hit,,never_hit,,never_hit,,never_hit,,never_hit,1.0,hit,1.0,hit,0.0,hit,1.0,hit,1.0,hit,1.0,hit,,,True,True,True,False,3.849999999999909,,,True,True,True,False,3.849999999999909,,,True,True,True,False,3.849999999999909,,,True,True,True,False,3.849999999999909,,,,,,,,,,,,,,,,,,,,,,,,,,,,,,,,,,,,,,,,,,,,,,,,,,,,,,,,,,,,,,,,,2162
2024-10-15,2024-10-17,2,5.0,2024-10-15T09:31:00-04:00,5.0,NDXP  241017P20490000,NDXP  241017P20480000,development,False,False,0,0,0,111,0,1089,available,False,2024-10-15T09:31:00-04:00,2024-10-17T16:00:00-04:00,10.0,-10152.96,0.0,last_observed_quote_not_settlement,1036.0,975,13,4.699999999999989,347.04000000002344,2024-10-15T09:32:00-04:00,0.0,5.0,-252.9599999999993,2024-10-15T09:33:00-04:00,0.0,4.949999999999989,-152.95999999997656,2024-10-15T09:36:00-04:00,0.0,5.25,-752.9599999999994,2024-10-15T09:41:00-04:00,0.0,4.950000000000017,-152.9600000000334,2024-10-15T09:46:00-04:00,0.0,5.1000000000000085,-452.96000000001635,2024-10-15T10:01:00-04:00,0.0,7.900000000000034,-6052.960000000067,2024-10-15T10:31:00-04:00,0.0,8.099999999999966,-6452.959999999933,2024-10-15T11:31:00-04:00,0.0,9.350000000000023,-8952.960000000046,2024-10-15T16:00:00-04:00,0.0,9.550000000000011,-9352.960000000023,2024-10-16T16:00:00-04:00,0.0,10.0,-10152.96,2024-10-17T16:00:00-04:00,0.0,,,,,0.0,hit,0.0,hit,,never_hit,,never_hit,,never_hit,,never_hit,,never_hit,43.0,hit,43.0,hit,43.0,hit,49.0,hit,104.0,hit,104.0,hit,,,True,True,True,False,0.7999999999999972,,,True,True,True,False,0.7999999999999972,,,True,True,True,False,0.7999999999999972,,,True,True,True,False,0.7999999999999972,,,,,,,,,,,,,,,,,,,,,,,,,,,,,,,,,,,,,,,,,,,,,,,,,,,,,,,,,,,,,,,,,2163
2024-10-15,2024-10-17,2,6.0,2024-10-15T09:31:00-04:00,5.800000000000011,NDXP  241017P20560000,NDXP  241017P20550000,development,False,False,0,0,0,195,0,1005,available,False,2024-10-15T09:31:00-04:00,2024-10-17T16:00:00-04:00,10.0,-8552.959999999975,0.0,last_observed_quote_not_settlement,1039.0,859,28,9.300000000000011,-7252.960000000001,2024-10-15T09:32:00-04:00,0.0,4.25,2847.0400000000236,2024-10-15T09:33:00-04:00,0.0,4.549999999999983,2247.0400000000577,2024-10-15T09:36:00-04:00,0.0,6.799999999999983,-2252.9599999999423,2024-10-15T09:41:00-04:00,0.0,4.399999999999977,2547.040000000069,2024-10-15T09:46:00-04:00,0.0,6.449999999999989,-1552.9599999999539,2024-10-15T10:01:00-04:00,0.0,8.099999999999966,-4852.95999999991,2024-10-15T10:31:00-04:00,0.0,8.800000000000011,-6252.960000000001,2024-10-15T11:31:00-04:00,0.0,9.550000000000011,-7752.960000000001,2024-10-15T16:00:00-04:00,0.0,9.900000000000034,-8452.960000000046,2024-10-16T16:00:00-04:00,0.0,10.0,-8552.959999999975,2024-10-17T16:00:00-04:00,0.0,,,,,2.0,hit,2.0,hit,35.0,hit,35.0,hit,,never_hit,,never_hit,,never_hit,1.0,hit,1.0,hit,1.0,hit,1.0,hit,1.0,hit,21.0,hit,9.550000000000011,23,True,True,True,True,,,,True,True,True,False,3.5,,,True,True,True,False,3.5,,,True,True,True,False,3.5,35.0,2024-10-15T10:06:00-04:00,2.3000000000000114,6747.040000000001,,,,,,,,,36.0,2024-10-15T10:07:00-04:00,4.299999999999983,2747.0400000000577,,,,,,,,,,,,,,,,,,,,,,,,,,,,,,,,,,,,,,,,,,,,,,,,,2164
2024-10-15,2024-10-17,2,7.0,2024-10-15T09:31:00-04:00,7.000000000000028,NDXP  241017P20650000,NDXP  241017P20640000,development,False,False,0,0,0,237,0,963,available,False,2024-10-15T09:31:00-04:00,2024-10-17T16:00:00-04:00,10.0,-6152.959999999943,0.0,last_observed_quote_not_settlement,1037.0,773,27,7.550000000000011,-1352.9599999999652,2024-10-15T09:32:00-04:00,0.0,7.649999999999977,-1552.959999999897,2024-10-15T09:33:00-04:00,0.0,9.0,-4252.959999999945,2024-10-15T09:36:00-04:00,0.0,7.699999999999989,-1652.9599999999198,2024-10-15T09:41:00-04:00,0.0,7.349999999999994,-952.9599999999311,2024-10-15T09:46:00-04:00,0.0,6.949999999999989,-152.95999999991972,2024-10-15T10:01:00-04:00,0.0,9.049999999999955,-4352.959999999854,2024-10-15T10:31:00-04:00,0.0,,,2024-10-15T11:29:00-04:00,120.0,,,2024-10-15T15:59:00-04:00,60.0,10.0,-6152.959999999943,2024-10-16T16:00:00-04:00,0.0,10.0,-6152.959999999943,2024-10-17T16:00:00-04:00,0.0,,,,,21.0,hit,21.0,hit,74.0,hit,,never_hit,,never_hit,,never_hit,,never_hit,1.0,hit,3.0,hit,0.0,hit,3.0,hit,5.0,hit,39.0,hit,,,True,True,True,False,3.5000000000000853,,,True,True,True,False,3.5000000000000853,,,True,True,True,False,3.5000000000000853,,,True,True,True,False,3.5000000000000853,,,,,,,,,,,,,,,,,,,,,,,,,,,,,,,,,,,,,,,,,,,,,,,,,,,,,,,,,,,,,,,,,2165
2024-10-18,2024-10-21,3,5.0,2024-10-18T09:31:00-04:00,4.949999999999989,NDXP  241021P20320000,NDXP  241021P20310000,development,False,False,0,0,1,0,0,794,available,False,2024-10-18T09:31:00-04:00,2024-10-21T15:59:00-04:00,0.0,9647.039999999979,1.0,last_observed_quote_not_settlement,3916.0,224,54,5.349999999999994,-1052.9600000000107,2024-10-18T09:32:00-04:00,0.0,4.849999999999994,-52.96000000001066,2024-10-18T09:33:00-04:00,0.0,4.650000000000006,347.0399999999666,2024-10-18T09:36:00-04:00,0.0,4.849999999999994,-52.96000000001066,2024-10-18T09:41:00-04:00,0.0,4.299999999999997,1047.0399999999836,2024-10-18T09:46:00-04:00,0.0,4.400000000000006,847.0399999999665,2024-10-18T10:01:00-04:00,0.0,4.25,1147.039999999978,2024-10-18T10:31:00-04:00,0.0,3.6999999999999957,2247.0399999999863,2024-10-18T11:31:00-04:00,0.0,4.200000000000003,1247.0399999999722,2024-10-18T16:00:00-04:00,0.0,,,2024-10-18T16:15:00-04:00,85500.0,,,2024-10-18T16:15:00-04:00,171900.0,,,2024-10-21T15:59:00-04:00,60.0,0.0,hit,0.0,hit,32.0,hit,32.0,hit,4326.0,hit,4704.0,hit,4704.0,hit,70.0,hit,70.0,hit,4395.0,hit,4417.0,hit,4425.0,hit,,never_hit,5.349999999999994,3,False,False,False,False,,6.700000000000003,30,False,False,False,False,,9.350000000000009,224,True,True,True,True,,9.350000000000009,224,True,True,True,True,,32.0,2024-10-18T10:03:00-04:00,2.549999999999997,4547.039999999984,4357.0,2024-10-21T10:08:00-04:00,2.8000000000000007,4047.0399999999763,4358.0,2024-10-21T10:09:00-04:00,2.8000000000000007,4047.0399999999763,33.0,2024-10-18T10:04:00-04:00,4.400000000000006,847.0399999999665,4326.0,2024-10-21T09:37:00-04:00,1.1999999999999957,7247.039999999986,4704.0,2024-10-21T15:55:00-04:00,0.275,9097.039999999979,4705.0,2024-10-21T15:56:00-04:00,0.30000000000000004,9047.039999999979,4327.0,2024-10-21T09:38:00-04:00,4.450000000000003,747.0399999999722,4704.0,2024-10-21T15:55:00-04:00,0.275,9097.039999999979,4705.0,2024-10-21T15:56:00-04:00,0.30000000000000004,9047.039999999979,4706.0,2024-10-21T15:57:00-04:00,0.12500000000000006,9397.039999999979,4705.0,2024-10-21T15:56:00-04:00,0.30000000000000004,9047.039999999979,4704.0,2024-10-21T15:55:00-04:00,0.275,9097.039999999979,4705.0,2024-10-21T15:56:00-04:00,0.30000000000000004,9047.039999999979,4706.0,2024-10-21T15:57:00-04:00,0.12500000000000006,9397.039999999979,4705.0,2024-10-21T15:56:00-04:00,0.30000000000000004,9047.039999999979,2166
2024-10-18,2024-10-21,3,6.0,2024-10-18T09:31:00-04:00,6.099999999999994,NDXP  241021P20380000,NDXP  241021P20370000,development,False,False,0,0,0,28,0,766,available,False,2024-10-18T09:31:00-04:00,2024-10-21T15:59:00-04:00,8.8,-5652.960000000014,1.0,last_observed_quote_not_settlement,3916.0,407,77,6.299999999999983,-652.9599999999766,2024-10-18T09:32:00-04:00,0.0,6.450000000000017,-952.9600000000448,2024-10-18T09:33:00-04:00,0.0,6.100000000000023,-252.96000000005614,2024-10-18T09:36:00-04:00,0.0,5.550000000000011,847.0399999999665,2024-10-18T09:41:00-04:00,0.0,5.450000000000003,1047.0399999999836,2024-10-18T09:46:00-04:00,0.0,5.700000000000003,547.0399999999836,2024-10-18T10:01:00-04:00,0.0,5.299999999999997,1347.039999999995,2024-10-18T10:31:00-04:00,0.0,5.050000000000011,1847.0399999999665,2024-10-18T11:31:00-04:00,0.0,6.400000000000006,-852.9600000000221,2024-10-18T16:00:00-04:00,0.0,,,2024-10-18T16:15:00-04:00,85500.0,,,2024-10-18T16:15:00-04:00,171900.0,,,2024-10-21T15:59:00-04:00,60.0,14.0,hit,94.0,hit,94.0,hit,,never_hit,,never_hit,,never_hit,,never_hit,4.0,hit,4321.0,hit,381.0,hit,4324.0,hit,4398.0,hit,4414.0,hit,,,True,True,True,False,2.799999999999997,,,True,True,True,False,2.799999999999997,,,True,True,True,False,2.799999999999997,,,True,True,True,False,2.799999999999997,,,,,,,,,,,,,,,,,,,,,,,,,,,,,,,,,,,,,,,,,,,,,,,,,,,,,,,,,,,,,,,,,2167
2024-10-18,2024-10-21,3,7.0,2024-10-18T09:31:00-04:00,6.900000000000006,NDXP  241021P20420000,NDXP  241021P20410000,development,False,False,0,0,0,63,0,731,available,False,2024-10-18T09:31:00-04:00,2024-10-21T15:58:00-04:00,10.0,-6352.959999999988,2.0,last_observed_quote_not_settlement,3916.0,408,67,7.300000000000011,-1052.9600000000107,2024-10-18T09:32:00-04:00,0.0,7.150000000000006,-752.9599999999994,2024-10-18T09:33:00-04:00,0.0,7.25,-952.959999999988,2024-10-18T09:36:00-04:00,0.0,6.349999999999994,847.0400000000234,2024-10-18T09:41:00-04:00,0.0,6.400000000000006,747.0400000000006,2024-10-18T09:46:00-04:00,0.0,6.449999999999989,647.0400000000348,2024-10-18T10:01:00-04:00,0.0,6.5,547.040000000012,2024-10-18T10:31:00-04:00,0.0,6.299999999999997,947.0400000000177,2024-10-18T11:31:00-04:00,0.0,7.300000000000011,-1052.9600000000107,2024-10-18T16:00:00-04:00,0.0,,,2024-10-18T16:15:00-04:00,85500.0,,,2024-10-18T16:15:00-04:00,171900.0,,,2024-10-21T15:58:00-04:00,120.0,4369.0,hit,,never_hit,,never_hit,,never_hit,,never_hit,,never_hit,,never_hit,153.0,hit,164.0,hit,1.0,hit,164.0,hit,4321.0,hit,4324.0,hit,,,True,True,True,False,1.5,,,True,True,True,False,1.5,,,True,True,True,False,1.5,,,True,True,True,False,1.5,,,,,,,,,,,,,,,,,,,,,,,,,,,,,,,,,,,,,,,,,,,,,,,,,,,,,,,,,,,,,,,,,2168
2024-10-21,2024-10-23,2,5.0,2024-10-21T09:31:00-04:00,5.0,NDXP  241023P20330000,NDXP  241023P20320000,development,False,False,0,0,0,72,0,1127,available,False,2024-10-21T09:31:00-04:00,2024-10-23T15:59:00-04:00,9.099999999999966,-8452.959999999932,1.0,last_observed_quote_not_settlement,1036.0,439,57,5.1000000000000085,-452.96000000001635,2024-10-21T09:32:00-04:00,0.0,5.300000000000011,-852.9600000000221,2024-10-21T09:33:00-04:00,0.0,4.800000000000011,147.03999999997797,2024-10-21T09:36:00-04:00,0.0,4.8999999999999915,-52.95999999998224,2024-10-21T09:41:00-04:00,0.0,4.599999999999994,547.040000000012,2024-10-21T09:46:00-04:00,0.0,4.349999999999994,1047.040000000012,2024-10-21T10:01:00-04:00,0.0,4.200000000000017,1347.0399999999665,2024-10-21T10:31:00-04:00,0.0,6.849999999999994,-3952.9599999999878,2024-10-21T11:31:00-04:00,0.0,3.950000000000003,1847.039999999995,2024-10-21T16:00:00-04:00,0.0,3.1499999999999986,3447.0400000000036,2024-10-22T16:00:00-04:00,0.0,,,2024-10-23T15:59:00-04:00,60.0,,,,,0.0,hit,0.0,hit,18.0,hit,262.0,hit,,never_hit,,never_hit,,never_hit,76.0,hit,97.0,hit,114.0,hit,114.0,hit,1471.0,hit,2997.0,hit,8.400000000000006,101,True,True,False,False,,,,True,True,True,False,2.6999999999999993,,,True,True,True,False,2.6999999999999993,,,True,True,True,False,2.6999999999999993,262.0,2024-10-21T13:53:00-04:00,2.3499999999999943,5047.040000000012,1705.0,2024-10-22T13:56:00-04:00,2.799999999999997,4147.040000000006,1706.0,2024-10-22T13:57:00-04:00,2.8999999999999986,3947.0400000000036,263.0,2024-10-21T13:54:00-04:00,4.25,1247.0400000000006,,,,,,,,,,,,,,,,,,,,,,,,,,,,,,,,,,,,,,,,,,,,,,,,,2169
2024-10-21,2024-10-23,2,6.0,2024-10-21T09:31:00-04:00,5.849999999999994,NDXP  241023P20370000,NDXP  241023P20360000,development,False,False,0,0,0,64,0,1135,available,False,2024-10-21T09:31:00-04:00,2024-10-23T15:59:00-04:00,10.0,-8452.96000000001,1.0,last_observed_quote_not_settlement,1036.0,481,82,6.0,-552.9600000000107,2024-10-21T09:32:00-04:00,0.0,5.650000000000006,147.03999999997797,2024-10-21T09:33:00-04:00,0.0,4.7999999999999545,1847.0400000000802,2024-10-21T09:36:00-04:00,0.0,5.3500000000000085,747.0399999999722,2024-10-21T09:41:00-04:00,0.0,5.049999999999997,1347.039999999995,2024-10-21T09:46:00-04:00,0.0,4.800000000000011,1847.0399999999665,2024-10-21T10:01:00-04:00,0.0,4.849999999999994,1747.0400000000006,2024-10-21T10:31:00-04:00,0.0,7.150000000000006,-2852.960000000022,2024-10-21T11:31:00-04:00,0.0,4.700000000000017,2047.0399999999554,2024-10-21T16:00:00-04:00,0.0,4.1499999999999915,3147.0400000000063,2024-10-22T16:00:00-04:00,0.0,,,2024-10-23T15:59:00-04:00,60.0,,,,,5.0,hit,5.0,hit,47.0,hit,1714.0,hit,,never_hit,,never_hit,,never_hit,3.0,hit,3.0,hit,3.0,hit,3.0,hit,2917.0,hit,2981.0,hit,8.550000000000011,198,True,True,False,False,,,,True,True,True,False,2.8499999999999943,,,True,True,True,False,2.8499999999999943,,,True,True,True,False,2.8499999999999943,,,,,,,,,,,,,,,,,,,,,,,,,,,,,,,,,,,,,,,,,,,,,,,,,,,,,,,,,,,,,,,,,2170
2024-10-21,2024-10-23,2,7.0,2024-10-21T09:31:00-04:00,7.0,NDXP  241023P20500000,NDXP  241023P20490000,development,False,False,0,0,0,131,0,1068,available,False,2024-10-21T09:31:00-04:00,2024-10-23T15:58:00-04:00,9.350000000000023,-4952.960000000046,2.0,last_observed_quote_not_settlement,1036.0,845,139,7.900000000000006,-2052.9600000000105,2024-10-21T09:32:00-04:00,0.0,8.0,-2252.960000000001,2024-10-21T09:33:00-04:00,0.0,6.5,747.0400000000006,2024-10-21T09:36:00-04:00,0.0,8.049999999999983,-2352.959999999967,2024-10-21T09:41:00-04:00,0.0,6.650000000000034,447.0399999999325,2024-10-21T09:46:00-04:00,0.0,7.100000000000023,-452.9600000000448,2024-10-21T10:01:00-04:00,0.0,7.099999999999994,-452.95999999998793,2024-10-21T10:31:00-04:00,0.0,8.550000000000011,-3352.9600000000237,2024-10-21T11:31:00-04:00,0.0,6.5,747.0400000000006,2024-10-21T16:00:00-04:00,0.0,7.549999999999997,-1352.9599999999937,2024-10-22T16:00:00-04:00,0.0,,,2024-10-23T15:58:00-04:00,120.0,,,,,13.0,hit,13.0,hit,,never_hit,,never_hit,,never_hit,,never_hit,,never_hit,1.0,hit,2.0,hit,0.0,hit,2.0,hit,100.0,hit,362.0,hit,,,True,True,True,False,2.5,,,True,True,True,False,2.5,,,True,True,True,False,2.5,,,True,True,True,False,2.5,,,,,,,,,,,,,,,,,,,,,,,,,,,,,,,,,,,,,,,,,,,,,,,,,,,,,,,,,,,,,,,,,2171
2024-10-21,2024-10-24,3,5.0,2024-10-21T09:31:00-04:00,5.0499999999999545,NDXP  241024P20350000,NDXP  241024P20340000,development,False,False,0,0,0,140,0,1465,available,False,2024-10-21T09:31:00-04:00,2024-10-24T16:00:00-04:00,10.0,-10052.96000000009,0.0,last_observed_quote_not_settlement,1037.0,782,114,5.25,-652.9600000000903,2024-10-21T09:32:00-04:00,0.0,5.150000000000006,-452.9600000001016,2024-10-21T09:33:00-04:00,0.0,4.849999999999994,147.03999999992112,2024-10-21T09:36:00-04:00,0.0,4.800000000000011,247.039999999887,2024-10-21T09:41:00-04:00,0.0,4.799999999999983,247.03999999994383,2024-10-21T09:46:00-04:00,0.0,4.499999999999972,847.0399999999665,2024-10-21T10:01:00-04:00,0.0,4.3999999999999915,1047.0399999999267,2024-10-21T10:31:00-04:00,0.0,7.25,-4652.96000000009,2024-10-21T11:31:00-04:00,0.0,4.049999999999983,1747.0399999999438,2024-10-21T16:00:00-04:00,0.0,3.799999999999997,2247.0399999999154,2024-10-22T16:00:00-04:00,0.0,9.300000000000011,-8752.960000000114,2024-10-23T16:00:00-04:00,0.0,10.0,-10052.96000000009,2024-10-24T16:00:00-04:00,0.0,0.0,hit,3.0,hit,38.0,hit,57.0,hit,57.0,hit,,never_hit,,never_hit,75.0,hit,75.0,hit,99.0,hit,106.0,hit,106.0,hit,3097.0,hit,5.349999999999966,3,False,False,False,False,,5.349999999999966,3,False,False,False,False,,,,True,True,True,False,3.149999999999949,,,True,True,True,False,3.149999999999949,57.0,2024-10-21T10:28:00-04:00,1.9000000000000057,6047.039999999898,,,,,,,,,58.0,2024-10-21T10:29:00-04:00,4.449999999999989,947.0399999999324,57.0,2024-10-21T10:28:00-04:00,1.9000000000000057,6047.039999999898,,,,,,,,,58.0,2024-10-21T10:29:00-04:00,4.449999999999989,947.0399999999324,,,,,,,,,,,,,,,,,,,,,,,,,,,,,,,,,2172
2024-10-21,2024-10-24,3,6.0,2024-10-21T09:31:00-04:00,5.849999999999994,NDXP  241024P20390000,NDXP  241024P20380000,development,False,False,0,0,0,164,0,1441,available,False,2024-10-21T09:31:00-04:00,2024-10-24T16:00:00-04:00,10.0,-8452.96000000001,0.0,last_observed_quote_not_settlement,1036.0,649,117,6.25,-1052.9600000000107,2024-10-21T09:32:00-04:00,0.0,4.349999999999994,2747.040000000001,2024-10-21T09:33:00-04:00,0.0,4.049999999999983,3347.0400000000236,2024-10-21T09:36:00-04:00,0.0,5.349999999999994,747.0400000000006,2024-10-21T09:41:00-04:00,0.0,5.25,947.0399999999893,2024-10-21T09:46:00-04:00,0.0,4.849999999999994,1747.0400000000006,2024-10-21T10:01:00-04:00,0.0,5.249999999999972,947.0400000000461,2024-10-21T10:31:00-04:00,0.0,6.599999999999994,-1752.9599999999994,2024-10-21T11:31:00-04:00,0.0,4.099999999999994,3247.040000000001,2024-10-21T16:00:00-04:00,0.0,4.450000000000003,2547.0399999999836,2024-10-22T16:00:00-04:00,0.0,9.599999999999966,-7752.959999999945,2024-10-23T16:00:00-04:00,0.0,10.0,-8452.96000000001,2024-10-24T16:00:00-04:00,0.0,2.0,hit,2.0,hit,4.0,hit,155.0,hit,,never_hit,,never_hit,,never_hit,3.0,hit,3.0,hit,3.0,hit,209.0,hit,3041.0,hit,3055.0,hit,7.75,28,True,False,False,False,,,,True,True,True,False,3.3000000000000114,,,True,True,True,False,3.3000000000000114,,,True,True,True,False,3.3000000000000114,155.0,2024-10-21T12:06:00-04:00,2.8500000000000227,5747.039999999944,,,,,,,,,156.0,2024-10-21T12:07:00-04:00,3.200000000000017,5047.039999999955,,,,,,,,,,,,,,,,,,,,,,,,,,,,,,,,,,,,,,,,,,,,,,,,,2173
2024-10-21,2024-10-24,3,7.0,2024-10-21T09:31:00-04:00,6.849999999999994,NDXP  241024P20480000,NDXP  241024P20470000,development,False,False,0,0,0,195,0,1410,available,False,2024-10-21T09:31:00-04:00,2024-10-24T16:00:00-04:00,10.0,-6452.960000000011,0.0,last_observed_quote_not_settlement,1036.0,813,283,,,2024-10-21T09:31:00-04:00,60.0,6.699999999999989,47.04000000001208,2024-10-21T09:33:00-04:00,0.0,6.450000000000017,547.0399999999552,2024-10-21T09:36:00-04:00,0.0,7.350000000000023,-1252.9600000000562,2024-10-21T09:41:00-04:00,0.0,6.349999999999994,747.0400000000006,2024-10-21T09:46:00-04:00,0.0,8.349999999999966,-3252.959999999944,2024-10-21T10:01:00-04:00,0.0,8.300000000000011,-3152.960000000035,2024-10-21T10:31:00-04:00,0.0,7.699999999999989,-1952.959999999988,2024-10-21T11:31:00-04:00,0.0,5.449999999999989,2547.0400000000122,2024-10-21T16:00:00-04:00,0.0,9.350000000000023,-5252.960000000058,2024-10-22T16:00:00-04:00,0.0,9.849999999999966,-6252.959999999945,2024-10-23T16:00:00-04:00,0.0,10.0,-6452.960000000011,2024-10-24T16:00:00-04:00,0.0,13.0,hit,14.0,hit,1733.0,hit,,never_hit,,never_hit,,never_hit,,never_hit,7.0,hit,30.0,hit,7.0,hit,30.0,hit,101.0,hit,107.0,hit,,,True,True,True,False,3.649999999999949,,,True,True,True,False,3.649999999999949,,,True,True,True,False,3.649999999999949,,,True,True,True,False,3.649999999999949,,,,,,,,,,,,,,,,,,,,,,,,,,,,,,,,,,,,,,,,,,,,,,,,,,,,,,,,,,,,,,,,,2174
2024-10-22,2024-10-24,2,5.0,2024-10-22T09:31:00-04:00,5.0,NDXP  241024P20280000,NDXP  241024P20270000,development,False,False,0,0,0,7,15,1193,available,False,2024-10-22T09:31:00-04:00,2024-10-24T15:59:00-04:00,9.300000000000004,-8852.960000000008,1.0,last_observed_quote_not_settlement,1036.0,722,15,4.2999999999999545,1147.0400000000916,2024-10-22T09:32:00-04:00,0.0,5.0,-252.9599999999993,2024-10-22T09:33:00-04:00,0.0,4.6499999999999915,447.04000000001776,2024-10-22T09:36:00-04:00,0.0,4.549999999999997,647.0400000000063,2024-10-22T09:41:00-04:00,0.0,3.8000000000000114,2147.039999999978,2024-10-22T09:46:00-04:00,0.0,3.950000000000003,1847.039999999995,2024-10-22T10:01:00-04:00,0.0,3.299999999999997,3147.0400000000063,2024-10-22T10:31:00-04:00,0.0,3.799999999999997,2147.0400000000063,2024-10-22T11:31:00-04:00,0.0,2.9499999999999957,3847.040000000009,2024-10-22T16:00:00-04:00,0.0,7.049999999999983,-4352.9599999999655,2024-10-23T16:00:00-04:00,0.0,,,2024-10-24T15:59:00-04:00,60.0,,,,,0.0,hit,0.0,hit,15.0,hit,247.0,hit,,never_hit,,never_hit,,never_hit,31.0,hit,31.0,hit,1474.0,hit,1620.0,hit,1645.0,hit,1711.0,hit,6.050000000000011,2,False,False,False,False,,,,True,True,True,False,2.799999999999997,,,True,True,True,False,2.799999999999997,,,True,True,True,False,2.799999999999997,249.0,2024-10-22T13:40:00-04:00,2.9499999999999957,3847.040000000009,250.0,2024-10-22T13:41:00-04:00,2.799999999999997,4147.040000000006,251.0,2024-10-22T13:42:00-04:00,2.8499999999999943,4047.040000000012,250.0,2024-10-22T13:41:00-04:00,2.799999999999997,4147.040000000006,,,,,,,,,,,,,,,,,,,,,,,,,,,,,,,,,,,,,,,,,,,,,,,,,2175
2024-10-22,2024-10-24,2,6.0,2024-10-22T09:31:00-04:00,5.949999999999989,NDXP  241024P20320000,NDXP  241024P20310000,development,False,False,0,0,0,44,15,1156,available,False,2024-10-22T09:31:00-04:00,2024-10-24T16:00:00-04:00,10.0,-8252.960000000021,0.0,last_observed_quote_not_settlement,1036.0,641,21,5.75,147.03999999997797,2024-10-22T09:32:00-04:00,0.0,5.25,1147.039999999978,2024-10-22T09:33:00-04:00,0.0,5.199999999999989,1247.0400000000006,2024-10-22T09:36:00-04:00,0.0,5.099999999999966,1447.0400000000461,2024-10-22T09:41:00-04:00,0.0,4.450000000000017,2747.039999999944,2024-10-22T09:46:00-04:00,0.0,4.700000000000003,2247.039999999972,2024-10-22T10:01:00-04:00,0.0,3.9000000000000057,3847.0399999999668,2024-10-22T10:31:00-04:00,0.0,4.599999999999994,2447.0399999999895,2024-10-22T11:31:00-04:00,0.0,3.4499999999999886,4747.040000000001,2024-10-22T16:00:00-04:00,0.0,7.150000000000006,-2652.9600000000332,2024-10-23T16:00:00-04:00,0.0,10.0,-8252.960000000021,2024-10-24T16:00:00-04:00,0.0,,,,,2.0,hit,8.0,hit,36.0,hit,268.0,hit,,never_hit,,never_hit,,never_hit,31.0,hit,31.0,hit,31.0,hit,31.0,hit,1662.0,hit,1675.0,hit,8.099999999999994,1,True,True,False,False,,,,True,True,True,False,3.29999999999999,,,True,True,True,False,3.29999999999999,,,True,True,True,False,3.29999999999999,272.0,2024-10-22T14:03:00-04:00,2.75,6147.039999999978,273.0,2024-10-22T14:04:00-04:00,2.6499999999999986,6347.039999999981,274.0,2024-10-22T14:05:00-04:00,2.700000000000003,6247.039999999973,273.0,2024-10-22T14:04:00-04:00,2.6499999999999986,6347.039999999981,,,,,,,,,,,,,,,,,,,,,,,,,,,,,,,,,,,,,,,,,,,,,,,,,2176
2024-10-22,2024-10-24,2,7.0,2024-10-22T09:31:00-04:00,6.949999999999989,NDXP  241024P20420000,NDXP  241024P20410000,development,False,False,0,0,0,163,15,1037,available,False,2024-10-22T09:31:00-04:00,2024-10-24T16:00:00-04:00,10.0,-6252.960000000023,0.0,last_observed_quote_not_settlement,1036.0,506,62,7.0,-352.96000000002203,2024-10-22T09:32:00-04:00,0.0,7.5,-1352.960000000022,2024-10-22T09:33:00-04:00,0.0,6.699999999999989,247.04000000000067,2024-10-22T09:36:00-04:00,0.0,6.349999999999966,947.0400000000461,2024-10-22T09:41:00-04:00,0.0,6.5499999999999545,547.0400000000689,2024-10-22T09:46:00-04:00,0.0,6.150000000000006,1347.0399999999665,2024-10-22T10:01:00-04:00,0.0,5.299999999999983,3047.0400000000122,2024-10-22T10:31:00-04:00,0.0,6.049999999999983,1547.040000000012,2024-10-22T11:31:00-04:00,0.0,5.0,3647.039999999978,2024-10-22T16:00:00-04:00,0.0,,,2024-10-23T15:59:00-04:00,60.0,10.0,-6252.960000000023,2024-10-24T16:00:00-04:00,0.0,,,,,18.0,hit,40.0,hit,59.0,hit,69.0,hit,,never_hit,,never_hit,,never_hit,2.0,hit,9.0,hit,1.0,hit,9.0,hit,1560.0,hit,1595.0,hit,8.400000000000006,7,True,True,False,False,,,,True,True,True,False,4.400000000000006,,,True,True,True,False,4.400000000000006,,,True,True,True,False,4.400000000000006,69.0,2024-10-22T10:40:00-04:00,2.549999999999983,8547.040000000014,,,,,,,,,70.0,2024-10-22T10:41:00-04:00,5.200000000000017,3247.039999999944,,,,,,,,,,,,,,,,,,,,,,,,,,,,,,,,,,,,,,,,,,,,,,,,,2177
2024-10-22,2024-10-25,3,5.0,2024-10-22T09:31:00-04:00,4.900000000000006,NDXP  241025P20270000,NDXP  241025P20260000,development,False,False,0,0,0,2,0,1603,available,False,2024-10-22T09:31:00-04:00,2024-10-25T16:00:00-04:00,0.0,9547.040000000014,0.0,last_observed_quote_not_settlement,1036.0,669,57,5.5,-1452.959999999988,2024-10-22T09:32:00-04:00,0.0,4.5,547.040000000012,2024-10-22T09:33:00-04:00,0.0,4.400000000000006,747.0400000000006,2024-10-22T09:36:00-04:00,0.0,4.150000000000006,1247.0400000000006,2024-10-22T09:41:00-04:00,0.0,3.6999999999999886,2147.040000000035,2024-10-22T09:46:00-04:00,0.0,3.75,2047.0400000000122,2024-10-22T10:01:00-04:00,0.0,3.299999999999997,2947.0400000000177,2024-10-22T10:31:00-04:00,0.0,3.5999999999999943,2347.0400000000236,2024-10-22T11:31:00-04:00,0.0,2.8500000000000085,3847.039999999995,2024-10-22T16:00:00-04:00,0.0,9.5,-9452.959999999988,2024-10-23T16:00:00-04:00,0.0,5.0,-452.95999999998793,2024-10-24T16:00:00-04:00,0.0,0.0,9547.040000000014,2024-10-25T16:00:00-04:00,0.0,0.0,hit,0.0,hit,12.0,hit,20.0,hit,4320.0,hit,4334.0,hit,4347.0,hit,1.0,hit,31.0,hit,1476.0,hit,1617.0,hit,1701.0,hit,1748.0,hit,5.5,1,False,False,False,False,,10.0,669,True,True,True,True,,10.0,669,True,True,True,True,,10.0,669,True,True,True,True,,63.0,2024-10-22T10:34:00-04:00,2.299999999999997,4947.040000000018,258.0,2024-10-22T13:49:00-04:00,2.9499999999999886,3647.040000000035,259.0,2024-10-22T13:50:00-04:00,2.799999999999983,3947.0400000000463,64.0,2024-10-22T10:35:00-04:00,3.3499999999999943,2847.0400000000236,4320.0,2024-10-25T09:31:00-04:00,1.8499999999999979,5847.040000000016,4321.0,2024-10-25T09:32:00-04:00,1.8500000000000014,5847.040000000009,4322.0,2024-10-25T09:33:00-04:00,1.6999999999999993,6147.040000000014,4321.0,2024-10-25T09:32:00-04:00,1.8500000000000014,5847.040000000009,4335.0,2024-10-25T09:46:00-04:00,0.9499999999999993,7647.040000000014,4336.0,2024-10-25T09:47:00-04:00,0.8499999999999996,7847.040000000013,4337.0,2024-10-25T09:48:00-04:00,0.8000000000000007,7947.040000000011,4336.0,2024-10-25T09:47:00-04:00,0.8499999999999996,7847.040000000013,4350.0,2024-10-25T10:01:00-04:00,0.40000000000000036,8747.040000000012,4351.0,2024-10-25T10:02:00-04:00,0.3500000000000014,8847.04000000001,4352.0,2024-10-25T10:03:00-04:00,0.35000000000000053,8847.040000000012,4351.0,2024-10-25T10:02:00-04:00,0.3500000000000014,8847.04000000001,2178
2024-10-22,2024-10-25,3,6.0,2024-10-22T09:31:00-04:00,5.899999999999977,NDXP  241025P20370000,NDXP  241025P20360000,development,False,False,0,0,0,19,0,1586,available,False,2024-10-22T09:31:00-04:00,2024-10-25T16:00:00-04:00,7.300000000000001,-3052.9600000000464,0.0,last_observed_quote_not_settlement,1036.0,734,44,5.550000000000011,447.0399999999325,2024-10-22T09:32:00-04:00,0.0,5.800000000000011,-52.9600000000675,2024-10-22T09:33:00-04:00,0.0,5.599999999999966,347.04000000002344,2024-10-22T09:36:00-04:00,0.0,5.699999999999989,147.03999999997797,2024-10-22T09:41:00-04:00,0.0,4.900000000000006,1747.0399999999438,2024-10-22T09:46:00-04:00,0.0,5.050000000000011,1447.0399999999324,2024-10-22T10:01:00-04:00,0.0,4.5,2547.0399999999554,2024-10-22T10:31:00-04:00,0.0,4.849999999999994,1847.0399999999665,2024-10-22T11:31:00-04:00,0.0,4.1499999999999915,3247.039999999972,2024-10-22T16:00:00-04:00,0.0,8.399999999999977,-5252.960000000001,2024-10-23T16:00:00-04:00,0.0,7.499999999999972,-3452.9599999999878,2024-10-24T16:00:00-04:00,0.0,7.300000000000001,-3052.9600000000464,2024-10-25T16:00:00-04:00,0.0,8.0,hit,13.0,hit,248.0,hit,275.0,hit,4337.0,hit,4350.0,hit,4435.0,hit,1461.0,hit,1473.0,hit,1475.0,hit,1541.0,hit,1624.0,hit,1720.0,hit,6.25,2,False,False,False,False,,10.0,724,True,True,True,True,,10.0,724,True,True,True,True,,10.0,724,True,True,True,True,,275.0,2024-10-22T14:06:00-04:00,2.25,7047.039999999955,4334.0,2024-10-25T09:45:00-04:00,2.5,6547.039999999955,4335.0,2024-10-25T09:46:00-04:00,2.3999999999999986,6747.039999999958,276.0,2024-10-22T14:07:00-04:00,3.5999999999999943,4347.039999999966,4337.0,2024-10-25T09:48:00-04:00,1.8000000000000007,7947.039999999954,4338.0,2024-10-25T09:49:00-04:00,1.9499999999999993,7647.039999999956,4339.0,2024-10-25T09:50:00-04:00,1.8500000000000014,7847.039999999953,4338.0,2024-10-25T09:49:00-04:00,1.9499999999999993,7647.039999999956,4350.0,2024-10-25T10:01:00-04:00,0.9499999999999993,9647.039999999957,4372.0,2024-10-25T10:23:00-04:00,0.7000000000000002,10147.039999999955,4373.0,2024-10-25T10:24:00-04:00,0.7499999999999991,10047.039999999957,4351.0,2024-10-25T10:02:00-04:00,1.0,9547.039999999955,4524.0,2024-10-25T12:55:00-04:00,0.4499999999999993,10647.039999999957,,,,,,,,,4525.0,2024-10-25T12:56:00-04:00,0.5499999999999998,10447.039999999957,2179
2024-10-22,2024-10-25,3,7.0,2024-10-22T09:31:00-04:00,7.25,NDXP  241025P20490000,NDXP  241025P20480000,development,False,False,0,0,0,116,0,1489,available,False,2024-10-22T09:31:00-04:00,2024-10-25T16:00:00-04:00,10.0,-5652.96,0.0,last_observed_quote_not_settlement,1039.0,719,147,7.25,-252.9599999999993,2024-10-22T09:32:00-04:00,0.0,7.25,-252.9599999999993,2024-10-22T09:33:00-04:00,0.0,4.849999999999966,4547.040000000069,2024-10-22T09:36:00-04:00,0.0,7.399999999999977,-552.9599999999539,2024-10-22T09:41:00-04:00,0.0,6.350000000000023,1547.0399999999552,2024-10-22T09:46:00-04:00,0.0,6.5,1247.0400000000006,2024-10-22T10:01:00-04:00,0.0,4.900000000000006,4447.039999999989,2024-10-22T10:31:00-04:00,0.0,5.649999999999977,2947.0400000000463,2024-10-22T11:31:00-04:00,0.0,3.9000000000000057,6447.039999999989,2024-10-22T16:00:00-04:00,0.0,9.399999999999977,-4552.9599999999555,2024-10-23T16:00:00-04:00,0.0,9.25,-4252.960000000001,2024-10-24T16:00:00-04:00,0.0,10.0,-5652.96,2024-10-25T16:00:00-04:00,0.0,5.0,hit,5.0,hit,9.0,hit,2915.0,hit,,never_hit,,never_hit,,never_hit,3.0,hit,3.0,hit,0.0,hit,3.0,hit,31.0,hit,1471.0,hit,10.0,395,True,True,True,True,,,,True,True,True,False,4.949999999999989,,,True,True,True,False,4.949999999999989,,,True,True,True,False,4.949999999999989,2915.0,2024-10-24T10:06:00-04:00,2.3000000000000114,9647.039999999979,4373.0,2024-10-25T10:24:00-04:00,2.5,9247.04,4374.0,2024-10-25T10:25:00-04:00,2.5500000000000007,9147.04,2916.0,2024-10-24T10:07:00-04:00,8.649999999999977,-3052.9599999999555,,,,,,,,,,,,,,,,,,,,,,,,,,,,,,,,,,,,,,,,,,,,,,,,,2180
2024-10-23,2024-10-25,2,5.0,2024-10-23T09:31:00-04:00,4.950000000000003,NDXP  241025P20220000,NDXP  241025P20210000,development,False,False,0,0,0,11,0,1189,available,False,2024-10-23T09:31:00-04:00,2024-10-25T15:57:00-04:00,0.07499999999999998,9497.040000000006,3.0,last_observed_quote_not_settlement,1036.0,328,59,3.3999999999999915,2847.0400000000236,2024-10-23T09:32:00-04:00,0.0,3.799999999999997,2047.0400000000122,2024-10-23T09:33:00-04:00,0.0,3.6999999999999886,2247.040000000029,2024-10-23T09:36:00-04:00,0.0,3.250000000000014,3147.039999999978,2024-10-23T09:41:00-04:00,0.0,3.5999999999999943,2447.0400000000177,2024-10-23T09:46:00-04:00,0.0,4.700000000000003,247.04000000000067,2024-10-23T10:01:00-04:00,0.0,3.9000000000000057,1847.039999999995,2024-10-23T10:31:00-04:00,0.0,5.199999999999989,-752.9599999999709,2024-10-23T11:31:00-04:00,0.0,6.5,-3352.9599999999937,2024-10-23T16:00:00-04:00,0.0,3.9499999999999886,1747.040000000029,2024-10-24T16:00:00-04:00,0.0,,,2024-10-25T15:57:00-04:00,180.0,,,,,0.0,hit,0.0,hit,1.0,hit,40.0,hit,2880.0,hit,2883.0,hit,2896.0,hit,165.0,hit,174.0,hit,202.0,hit,225.0,hit,225.0,hit,225.0,hit,4.950000000000003,0,False,False,False,False,,9.850000000000023,328,True,True,True,True,,9.850000000000023,328,True,True,True,True,,9.850000000000023,328,True,True,True,True,,40.0,2024-10-23T10:11:00-04:00,2.0999999999999943,5447.040000000018,2881.0,2024-10-25T09:32:00-04:00,1.1000000000000014,7447.040000000004,2882.0,2024-10-25T09:33:00-04:00,1.0999999999999996,7447.040000000007,41.0,2024-10-23T10:12:00-04:00,4.1000000000000085,1447.0399999999893,2880.0,2024-10-25T09:31:00-04:00,1.1500000000000004,7347.040000000005,2881.0,2024-10-25T09:32:00-04:00,1.1000000000000014,7447.040000000004,2882.0,2024-10-25T09:33:00-04:00,1.0999999999999996,7447.040000000007,2881.0,2024-10-25T09:32:00-04:00,1.1000000000000014,7447.040000000004,2885.0,2024-10-25T09:36:00-04:00,0.9000000000000004,7847.040000000005,2886.0,2024-10-25T09:37:00-04:00,0.8999999999999986,7847.040000000009,2887.0,2024-10-25T09:38:00-04:00,0.9499999999999993,7747.040000000008,2886.0,2024-10-25T09:37:00-04:00,0.8999999999999986,7847.040000000009,2899.0,2024-10-25T09:50:00-04:00,0.40000000000000036,8847.040000000006,2900.0,2024-10-25T09:51:00-04:00,0.4499999999999993,8747.040000000008,2901.0,2024-10-25T09:52:00-04:00,0.40000000000000036,8847.040000000006,2900.0,2024-10-25T09:51:00-04:00,0.4499999999999993,8747.040000000008,2181
2024-10-23,2024-10-25,2,6.0,2024-10-23T09:31:00-04:00,6.000000000000028,NDXP  241025P20380000,NDXP  241025P20370000,development,False,False,0,0,0,6,0,1194,available,False,2024-10-23T09:31:00-04:00,2024-10-25T16:00:00-04:00,10.0,-8152.959999999943,0.0,last_observed_quote_not_settlement,1036.0,762,71,6.700000000000017,-1652.9599999999766,2024-10-23T09:32:00-04:00,0.0,7.650000000000006,-3552.9599999999537,2024-10-23T09:33:00-04:00,0.0,5.400000000000006,947.0400000000461,2024-10-23T09:36:00-04:00,0.0,5.399999999999977,947.040000000103,2024-10-23T09:41:00-04:00,0.0,6.299999999999983,-852.9599999999084,2024-10-23T09:46:00-04:00,0.0,6.349999999999966,-952.9599999998743,2024-10-23T10:01:00-04:00,0.0,6.150000000000006,-552.9599999999539,2024-10-23T10:31:00-04:00,0.0,7.199999999999989,-2652.9599999999195,2024-10-23T11:31:00-04:00,0.0,8.5,-5252.959999999945,2024-10-23T16:00:00-04:00,0.0,7.700000000000017,-3652.9599999999764,2024-10-24T16:00:00-04:00,0.0,10.0,-8152.959999999943,2024-10-25T16:00:00-04:00,0.0,,,,,5.0,hit,23.0,hit,36.0,hit,2893.0,hit,2900.0,hit,2912.0,hit,3083.0,hit,1.0,hit,2.0,hit,2.0,hit,103.0,hit,117.0,hit,117.0,hit,10.0,741,True,True,True,True,,10.0,741,True,True,True,True,,10.0,741,True,True,True,True,,10.0,741,True,True,True,True,,2893.0,2024-10-25T09:44:00-04:00,2.75,6247.040000000057,2894.0,2024-10-25T09:45:00-04:00,2.6999999999999957,6347.040000000066,2895.0,2024-10-25T09:46:00-04:00,2.5,6747.040000000057,2894.0,2024-10-25T09:45:00-04:00,2.6999999999999957,6347.040000000066,2900.0,2024-10-25T09:51:00-04:00,1.9499999999999993,7847.040000000059,2904.0,2024-10-25T09:55:00-04:00,1.8500000000000014,8047.0400000000545,2905.0,2024-10-25T09:56:00-04:00,1.8000000000000043,8147.040000000049,2901.0,2024-10-25T09:52:00-04:00,2.0500000000000007,7647.040000000056,2931.0,2024-10-25T10:22:00-04:00,0.9499999999999993,9847.040000000059,2932.0,2024-10-25T10:23:00-04:00,0.7000000000000002,10347.040000000057,2933.0,2024-10-25T10:24:00-04:00,0.75,10247.040000000059,2932.0,2024-10-25T10:23:00-04:00,0.7000000000000002,10347.040000000057,,,,,,,,,,,,,,,,,2182
2024-10-23,2024-10-25,2,7.0,2024-10-23T09:31:00-04:00,6.899999999999977,NDXP  241025P20500000,NDXP  241025P20490000,development,False,False,0,0,0,81,0,1119,available,False,2024-10-23T09:31:00-04:00,2024-10-25T16:00:00-04:00,10.0,-6352.9600000000455,0.0,last_observed_quote_not_settlement,1037.0,798,57,7.050000000000011,-552.9600000000676,2024-10-23T09:32:00-04:00,0.0,6.499999999999972,547.040000000012,2024-10-23T09:33:00-04:00,0.0,7.25,-952.9600000000448,2024-10-23T09:36:00-04:00,0.0,7.199999999999989,-852.9600000000221,2024-10-23T09:41:00-04:00,0.0,7.500000000000028,-1452.9600000001017,2024-10-23T09:46:00-04:00,0.0,7.550000000000011,-1552.9600000000676,2024-10-23T10:01:00-04:00,0.0,5.599999999999966,2347.0400000000236,2024-10-23T10:31:00-04:00,0.0,8.5,-3452.9600000000464,2024-10-23T11:31:00-04:00,0.0,7.399999999999977,-1252.9599999999994,2024-10-23T16:00:00-04:00,0.0,8.949999999999989,-4352.960000000024,2024-10-24T16:00:00-04:00,0.0,10.0,-6352.9600000000455,2024-10-25T16:00:00-04:00,0.0,,,,,83.0,hit,83.0,hit,1470.0,hit,1470.0,hit,2909.0,hit,,never_hit,,never_hit,3.0,hit,3.0,hit,1.0,hit,3.0,hit,21.0,hit,50.0,hit,10.0,402,True,True,True,True,,10.0,683,True,True,True,True,,,,True,True,True,False,5.649999999999977,,,True,True,True,False,5.649999999999977,1470.0,2024-10-24T10:01:00-04:00,2.0500000000000114,9447.039999999934,2933.0,2024-10-25T10:24:00-04:00,2.8000000000000043,7947.039999999946,2940.0,2024-10-25T10:31:00-04:00,2.849999999999998,7847.039999999959,1471.0,2024-10-24T10:02:00-04:00,9.0,-4452.960000000046,2909.0,2024-10-25T10:00:00-04:00,1.25,11047.039999999955,,,,,,,,,2910.0,2024-10-25T10:01:00-04:00,3.799999999999997,5947.039999999961,,,,,,,,,,,,,,,,,,,,,,,,,,,,,,,,,2183
2024-10-25,2024-10-28,3,5.0,2024-10-25T09:31:00-04:00,4.949999999999989,NDXP  241028P20420000,NDXP  241028P20410000,development,False,False,0,0,0,7,0,788,available,False,2024-10-25T09:31:00-04:00,2024-10-28T16:00:00-04:00,10.0,-10252.960000000021,0.0,last_observed_quote_not_settlement,3916.0,338,58,4.699999999999989,247.04000000000067,2024-10-25T09:32:00-04:00,0.0,4.900000000000006,-152.9600000000334,2024-10-25T09:33:00-04:00,0.0,4.199999999999989,1247.0400000000006,2024-10-25T09:36:00-04:00,0.0,4.6000000000000085,447.0399999999609,2024-10-25T09:41:00-04:00,0.0,3.750000000000014,2147.0399999999495,2024-10-25T09:46:00-04:00,0.0,2.8999999999999986,3847.039999999981,2024-10-25T10:01:00-04:00,0.0,2.25,5147.039999999978,2024-10-25T10:31:00-04:00,0.0,2.8500000000000014,3947.039999999975,2024-10-25T11:31:00-04:00,0.0,5.6000000000000085,-1552.9600000000391,2024-10-25T16:00:00-04:00,0.0,,,2024-10-25T16:15:00-04:00,85500.0,,,2024-10-25T16:15:00-04:00,171900.0,10.0,-10252.960000000021,2024-10-28T16:00:00-04:00,0.0,0.0,hit,0.0,hit,13.0,hit,28.0,hit,4386.0,hit,,never_hit,,never_hit,274.0,hit,278.0,hit,293.0,hit,293.0,hit,4695.0,hit,4695.0,hit,4.949999999999989,0,False,False,False,False,,8.200000000000017,112,True,True,False,False,,,,True,True,True,False,3.849999999999987,,,True,True,True,False,3.849999999999987,30.0,2024-10-25T10:01:00-04:00,2.8999999999999986,3847.039999999981,31.0,2024-10-25T10:02:00-04:00,2.5999999999999943,4447.039999999989,32.0,2024-10-25T10:03:00-04:00,2.4499999999999957,4747.039999999986,31.0,2024-10-25T10:02:00-04:00,2.5999999999999943,4447.039999999989,4386.0,2024-10-28T10:37:00-04:00,1.1000000000000014,7447.039999999975,,,,,,,,,4387.0,2024-10-28T10:38:00-04:00,3.450000000000003,2747.039999999972,,,,,,,,,,,,,,,,,,,,,,,,,,,,,,,,,2184
2024-10-25,2024-10-28,3,6.0,2024-10-25T09:31:00-04:00,5.850000000000023,NDXP  241028P20660000,NDXP  241028P20650000,development,False,False,0,0,0,112,0,683,available,False,2024-10-25T09:31:00-04:00,2024-10-28T16:00:00-04:00,10.0,-8452.959999999954,0.0,last_observed_quote_not_settlement,3916.0,599,11,3.2000000000000455,5047.039999999955,2024-10-25T09:32:00-04:00,0.0,9.0,-6552.9599999999555,2024-10-25T09:33:00-04:00,0.0,8.749999999999972,-6052.959999999899,2024-10-25T09:36:00-04:00,0.0,8.949999999999989,-6452.959999999933,2024-10-25T09:41:00-04:00,0.0,9.0,-6552.9599999999555,2024-10-25T09:46:00-04:00,0.0,7.599999999999966,-3752.9599999998854,2024-10-25T10:01:00-04:00,0.0,7.050000000000011,-2652.9599999999764,2024-10-25T10:31:00-04:00,0.0,8.049999999999983,-4652.959999999922,2024-10-25T11:31:00-04:00,0.0,9.5,-7552.9599999999555,2024-10-25T16:00:00-04:00,0.0,,,2024-10-25T16:15:00-04:00,85500.0,,,2024-10-25T16:15:00-04:00,171900.0,10.0,-8452.959999999954,2024-10-28T16:00:00-04:00,0.0,1.0,hit,1.0,hit,1.0,hit,,never_hit,,never_hit,,never_hit,,never_hit,2.0,hit,2.0,hit,2.0,hit,2.0,hit,2.0,hit,224.0,hit,,,True,True,True,False,2.6499999999999773,,,True,True,True,False,2.6499999999999773,,,True,True,True,False,2.6499999999999773,,,True,True,True,False,2.6499999999999773,,,,,,,,,,,,,,,,,,,,,,,,,,,,,,,,,,,,,,,,,,,,,,,,,,,,,,,,,,,,,,,,,2185
2024-10-25,2024-10-28,3,7.0,2024-10-25T09:31:00-04:00,6.850000000000023,NDXP  241028P20500000,NDXP  241028P20490000,development,False,False,0,0,0,43,0,752,available,False,2024-10-25T09:31:00-04:00,2024-10-28T16:00:00-04:00,10.0,-6452.959999999955,0.0,last_observed_quote_not_settlement,3916.0,327,64,6.400000000000006,647.0400000000348,2024-10-25T09:32:00-04:00,0.0,6.349999999999994,747.0400000000575,2024-10-25T09:33:00-04:00,0.0,5.950000000000003,1547.0400000000404,2024-10-25T09:36:00-04:00,0.0,6.499999999999972,447.040000000103,2024-10-25T09:41:00-04:00,0.0,4.850000000000023,3747.040000000001,2024-10-25T09:46:00-04:00,0.0,3.8499999999999943,5747.040000000057,2024-10-25T10:01:00-04:00,0.0,3.5500000000000043,6347.040000000037,2024-10-25T10:31:00-04:00,0.0,4.349999999999994,4747.040000000057,2024-10-25T11:31:00-04:00,0.0,7.550000000000011,-1652.9599999999766,2024-10-25T16:00:00-04:00,0.0,,,2024-10-25T16:15:00-04:00,85500.0,,,2024-10-25T16:15:00-04:00,171900.0,10.0,-6452.959999999955,2024-10-28T16:00:00-04:00,0.0,14.0,hit,15.0,hit,29.0,hit,103.0,hit,,never_hit,,never_hit,,never_hit,254.0,hit,385.0,hit,254.0,hit,385.0,hit,4396.0,hit,4523.0,hit,6.900000000000006,1,False,False,False,False,,,,True,True,True,False,4.200000000000031,,,True,True,True,False,4.200000000000031,,,True,True,True,False,4.200000000000031,103.0,2024-10-25T11:14:00-04:00,2.6499999999999915,8147.040000000064,,,,,,,,,104.0,2024-10-25T11:15:00-04:00,3.8499999999999943,5747.040000000057,,,,,,,,,,,,,,,,,,,,,,,,,,,,,,,,,,,,,,,,,,,,,,,,,2186
2024-10-28,2024-10-30,2,5.0,2024-10-28T09:31:00-04:00,5.099999999999994,NDXP  241030P20520000,NDXP  241030P20510000,development,False,False,0,0,16,26,0,1173,available,False,2024-10-28T09:31:00-04:00,2024-10-30T15:58:00-04:00,9.650000000000006,-9352.960000000023,2.0,last_observed_quote_not_settlement,1036.0,709,116,5.699999999999989,-1452.959999999988,2024-10-28T09:32:00-04:00,0.0,4.900000000000034,147.03999999992112,2024-10-28T09:33:00-04:00,0.0,4.550000000000011,847.0399999999665,2024-10-28T09:36:00-04:00,0.0,5.300000000000011,-652.9600000000335,2024-10-28T09:41:00-04:00,0.0,6.649999999999977,-3352.959999999965,2024-10-28T09:46:00-04:00,0.0,6.949999999999989,-3952.9599999999878,2024-10-28T10:01:00-04:00,0.0,5.0,-52.96000000001066,2024-10-28T10:31:00-04:00,0.0,5.900000000000006,-1852.960000000022,2024-10-28T11:31:00-04:00,0.0,6.849999999999994,-3752.959999999999,2024-10-28T16:00:00-04:00,0.0,3.6500000000000057,2647.039999999978,2024-10-29T16:00:00-04:00,0.0,,,2024-10-30T15:58:00-04:00,120.0,,,,,0.0,hit,2.0,hit,27.0,hit,1795.0,hit,2976.0,hit,2976.0,hit,,never_hit,1.0,hit,12.0,hit,12.0,hit,19.0,hit,3128.0,hit,3147.0,hit,8.5,531,True,True,False,False,,8.5,558,True,True,False,False,,8.5,558,True,True,False,False,,,,True,True,True,False,4.3999999999999915,1841.0,2024-10-29T16:12:00-04:00,2.9499999999999957,4047.039999999998,1842.0,2024-10-29T16:13:00-04:00,2.8999999999999986,4147.039999999992,1843.0,2024-10-29T16:14:00-04:00,2.8500000000000014,4247.039999999986,1842.0,2024-10-29T16:13:00-04:00,2.8999999999999986,4147.039999999992,2976.0,2024-10-30T11:07:00-04:00,0.7000000000000028,8547.039999999985,,,,,,,,,2977.0,2024-10-30T11:08:00-04:00,4.550000000000004,847.0399999999808,2976.0,2024-10-30T11:07:00-04:00,0.7000000000000028,8547.039999999985,,,,,,,,,2977.0,2024-10-30T11:08:00-04:00,4.550000000000004,847.0399999999808,,,,,,,,,,,,,,,,,2187
2024-10-28,2024-10-30,2,6.0,2024-10-28T09:31:00-04:00,6.050000000000011,NDXP  241030P20560000,NDXP  241030P20550000,development,False,False,0,0,0,53,0,1146,available,False,2024-10-28T09:31:00-04:00,2024-10-30T15:59:00-04:00,10.0,-8052.959999999977,1.0,last_observed_quote_not_settlement,1036.0,682,169,6.700000000000017,-1552.9600000000107,2024-10-28T09:32:00-04:00,0.0,6.949999999999989,-2052.9599999999537,2024-10-28T09:33:00-04:00,0.0,8.799999999999983,-5752.959999999945,2024-10-28T09:36:00-04:00,0.0,8.599999999999994,-5352.959999999967,2024-10-28T09:41:00-04:00,0.0,7.650000000000006,-3452.9599999999878,2024-10-28T09:46:00-04:00,0.0,8.950000000000045,-6052.960000000069,2024-10-28T10:01:00-04:00,0.0,9.099999999999966,-6352.95999999991,2024-10-28T10:31:00-04:00,0.0,6.25,-652.9599999999766,2024-10-28T11:31:00-04:00,0.0,8.099999999999994,-4352.959999999967,2024-10-28T16:00:00-04:00,0.0,5.25,1347.0400000000234,2024-10-29T16:00:00-04:00,0.0,,,2024-10-30T15:59:00-04:00,60.0,,,,,21.0,hit,44.0,hit,85.0,hit,1802.0,hit,1802.0,hit,1844.0,hit,,never_hit,1.0,hit,3.0,hit,3.0,hit,3.0,hit,19.0,hit,19.0,hit,9.950000000000017,455,True,True,True,True,,9.950000000000017,455,True,True,True,True,,9.950000000000017,455,True,True,True,True,,,,True,True,True,False,5.300000000000011,1802.0,2024-10-29T15:33:00-04:00,1.7000000000000028,8447.040000000019,,,,,,,,,1803.0,2024-10-29T15:34:00-04:00,3.9499999999999886,3947.0400000000463,1802.0,2024-10-29T15:33:00-04:00,1.7000000000000028,8447.040000000019,,,,,,,,,1803.0,2024-10-29T15:34:00-04:00,3.9499999999999886,3947.0400000000463,1844.0,2024-10-29T16:15:00-04:00,0.75,10347.040000000025,,,,,,,,,,,,,,,,,,,,,,,,,,,,,2188
2024-10-28,2024-10-30,2,7.0,2024-10-28T09:31:00-04:00,6.999999999999972,NDXP  241030P20650000,NDXP  241030P20640000,development,False,False,0,0,0,93,0,1106,available,False,2024-10-28T09:31:00-04:00,2024-10-30T15:59:00-04:00,9.849999999999994,-5952.960000000046,1.0,last_observed_quote_not_settlement,1036.0,839,85,7.300000000000011,-852.9600000000789,2024-10-28T09:32:00-04:00,0.0,7.300000000000011,-852.9600000000789,2024-10-28T09:33:00-04:00,0.0,7.25,-752.9600000000562,2024-10-28T09:36:00-04:00,0.0,7.050000000000011,-352.9600000000789,2024-10-28T09:41:00-04:00,0.0,6.999999999999972,-252.9599999999993,2024-10-28T09:46:00-04:00,0.0,7.850000000000023,-1952.9600000001017,2024-10-28T10:01:00-04:00,0.0,6.150000000000006,1447.0399999999324,2024-10-28T10:31:00-04:00,0.0,7.400000000000034,-1052.9600000001244,2024-10-28T11:31:00-04:00,0.0,8.800000000000011,-3852.9600000000805,2024-10-28T16:00:00-04:00,0.0,5.050000000000011,3647.0399999999213,2024-10-29T16:00:00-04:00,0.0,,,2024-10-30T15:59:00-04:00,60.0,,,,,1798.0,hit,1838.0,hit,,never_hit,,never_hit,,never_hit,,never_hit,,never_hit,6.0,hit,27.0,hit,1.0,hit,27.0,hit,27.0,hit,1451.0,hit,,,True,True,True,False,2.2999999999999687,,,True,True,True,False,2.2999999999999687,,,True,True,True,False,2.2999999999999687,,,True,True,True,False,2.2999999999999687,,,,,,,,,,,,,,,,,,,,,,,,,,,,,,,,,,,,,,,,,,,,,,,,,,,,,,,,,,,,,,,,,2189
2024-10-28,2024-10-31,3,5.0,2024-10-28T09:31:00-04:00,4.950000000000017,NDXP  241031P20570000,NDXP  241031P20560000,development,False,False,0,0,0,48,0,1554,available,False,2024-10-28T09:31:00-04:00,2024-10-31T15:59:00-04:00,10.0,-10252.959999999965,1.0,last_observed_quote_not_settlement,1037.0,1269,103,6.0,-2352.959999999965,2024-10-28T09:32:00-04:00,0.0,5.699999999999989,-1752.9599999999425,2024-10-28T09:33:00-04:00,0.0,5.0499999999999545,-452.95999999987424,2024-10-28T09:36:00-04:00,0.0,5.899999999999977,-2152.9599999999195,2024-10-28T09:41:00-04:00,0.0,5.75,-1852.9599999999652,2024-10-28T09:46:00-04:00,0.0,6.0,-2352.959999999965,2024-10-28T10:01:00-04:00,0.0,5.5,-1352.9599999999652,2024-10-28T10:31:00-04:00,0.0,6.0,-2352.959999999965,2024-10-28T11:31:00-04:00,0.0,6.449999999999989,-3252.9599999999423,2024-10-28T16:00:00-04:00,0.0,4.149999999999977,1347.0400000000802,2024-10-29T16:00:00-04:00,0.0,8.0,-6352.959999999967,2024-10-30T16:00:00-04:00,0.0,,,2024-10-31T15:59:00-04:00,60.0,0.0,hit,0.0,hit,26.0,hit,1802.0,hit,1802.0,hit,,never_hit,,never_hit,1.0,hit,1.0,hit,38.0,hit,38.0,hit,40.0,hit,40.0,hit,9.650000000000006,601,True,True,True,True,,9.650000000000006,601,True,True,True,True,,,,True,True,True,False,3.0500000000000256,,,True,True,True,False,3.0500000000000256,1802.0,2024-10-29T15:33:00-04:00,1.8999999999999915,5847.040000000052,,,,,,,,,1803.0,2024-10-29T15:34:00-04:00,4.200000000000003,1247.040000000029,1802.0,2024-10-29T15:33:00-04:00,1.8999999999999915,5847.040000000052,,,,,,,,,1803.0,2024-10-29T15:34:00-04:00,4.200000000000003,1247.040000000029,,,,,,,,,,,,,,,,,,,,,,,,,,,,,,,,,2190
2024-10-28,2024-10-31,3,6.0,2024-10-28T09:31:00-04:00,6.099999999999994,NDXP  241031P20620000,NDXP  241031P20610000,development,False,False,0,0,1,52,0,1549,available,False,2024-10-28T09:31:00-04:00,2024-10-31T15:59:00-04:00,10.0,-7952.960000000011,1.0,last_observed_quote_not_settlement,1037.0,1125,139,6.399999999999977,-852.9599999999652,2024-10-28T09:32:00-04:00,0.0,5.900000000000006,147.03999999997797,2024-10-28T09:33:00-04:00,0.0,6.0,-52.96000000001066,2024-10-28T09:36:00-04:00,0.0,6.199999999999989,-452.95999999998793,2024-10-28T09:41:00-04:00,0.0,6.75,-1552.9600000000107,2024-10-28T09:46:00-04:00,0.0,6.300000000000011,-652.9600000000335,2024-10-28T10:01:00-04:00,0.0,6.099999999999966,-252.95999999994245,2024-10-28T10:31:00-04:00,0.0,6.550000000000068,-1152.9600000001471,2024-10-28T11:31:00-04:00,0.0,7.100000000000023,-2252.960000000056,2024-10-28T16:00:00-04:00,0.0,4.700000000000017,2547.0399999999554,2024-10-29T16:00:00-04:00,0.0,8.0,-4052.9600000000123,2024-10-30T16:00:00-04:00,0.0,,,2024-10-31T15:59:00-04:00,60.0,6.0,hit,6.0,hit,6.0,hit,6.0,hit,,never_hit,,never_hit,,never_hit,15.0,hit,38.0,hit,38.0,hit,1583.0,hit,2976.0,hit,2976.0,hit,6.450000000000017,3,False,False,False,False,,,,True,True,True,False,3.8499999999999943,,,True,True,True,False,3.8499999999999943,,,True,True,True,False,3.8499999999999943,40.0,2024-10-28T10:11:00-04:00,2.25,7447.039999999989,,,,,,,,,41.0,2024-10-28T10:12:00-04:00,6.449999999999989,-952.959999999988,,,,,,,,,,,,,,,,,,,,,,,,,,,,,,,,,,,,,,,,,,,,,,,,,2191
2024-10-28,2024-10-31,3,7.0,2024-10-28T09:31:00-04:00,7.0499999999999545,NDXP  241031P20720000,NDXP  241031P20710000,development,False,False,0,0,0,53,0,1548,available,False,2024-10-28T09:31:00-04:00,2024-10-31T15:59:00-04:00,10.0,-6052.960000000091,1.0,last_observed_quote_not_settlement,1037.0,1268,78,7.5,-1152.9600000000903,2024-10-28T09:32:00-04:00,0.0,6.999999999999943,-152.95999999997656,2024-10-28T09:33:00-04:00,0.0,6.849999999999966,147.03999999997797,2024-10-28T09:36:00-04:00,0.0,7.099999999999966,-352.96000000002203,2024-10-28T09:41:00-04:00,0.0,7.300000000000068,-752.9600000002267,2024-10-28T09:46:00-04:00,0.0,6.949999999999989,-52.9600000000675,2024-10-28T10:01:00-04:00,0.0,7.0,-152.96000000009025,2024-10-28T10:31:00-04:00,0.0,7.449999999999989,-1052.9600000000676,2024-10-28T11:31:00-04:00,0.0,8.949999999999989,-4052.960000000069,2024-10-28T16:00:00-04:00,0.0,6.0,1847.0399999999097,2024-10-29T16:00:00-04:00,0.0,8.0,-2152.960000000092,2024-10-30T16:00:00-04:00,0.0,,,2024-10-31T15:59:00-04:00,60.0,90.0,hit,90.0,hit,1779.0,hit,1784.0,hit,3011.0,hit,,never_hit,,never_hit,20.0,hit,26.0,hit,0.0,hit,26.0,hit,1453.0,hit,1453.0,hit,9.799999999999955,585,True,True,True,True,,9.799999999999955,708,True,True,True,True,,,,True,True,True,False,5.899999999999949,,,True,True,True,False,5.899999999999949,1784.0,2024-10-29T15:15:00-04:00,2.9499999999999886,7947.039999999933,,,,,,,,,1785.0,2024-10-29T15:16:00-04:00,6.5,847.0399999999097,3011.0,2024-10-30T11:42:00-04:00,1.1500000000000057,11547.039999999899,,,,,,,,,3012.0,2024-10-30T11:43:00-04:00,7.600000000000023,-1352.9600000001358,,,,,,,,,,,,,,,,,,,,,,,,,,,,,,,,,2192
2024-10-29,2024-10-31,2,5.0,2024-10-29T09:31:00-04:00,5.049999999999983,NDXP  241031P20410000,NDXP  241031P20400000,development,False,False,0,0,0,137,0,1061,available,False,2024-10-29T09:31:00-04:00,2024-10-31T15:57:00-04:00,10.0,-10052.960000000034,3.0,last_observed_quote_not_settlement,1037.0,193,25,4.899999999999977,47.04000000001208,2024-10-29T09:32:00-04:00,0.0,5.5,-1152.9600000000335,2024-10-29T09:33:00-04:00,0.0,5.25,-652.9600000000335,2024-10-29T09:36:00-04:00,0.0,5.599999999999966,-1352.9599999999652,2024-10-29T09:41:00-04:00,0.0,4.799999999999983,247.04000000000067,2024-10-29T09:46:00-04:00,0.0,4.849999999999966,147.0400000000348,2024-10-29T10:01:00-04:00,0.0,4.349999999999994,1147.039999999978,2024-10-29T10:31:00-04:00,0.0,4.049999999999997,1747.0399999999722,2024-10-29T11:31:00-04:00,0.0,3.1500000000000057,3547.0399999999554,2024-10-29T16:00:00-04:00,0.0,6.0,-2152.9600000000332,2024-10-30T16:00:00-04:00,0.0,,,2024-10-31T15:57:00-04:00,180.0,,,,,0.0,hit,1.0,hit,29.0,hit,29.0,hit,132.0,hit,132.0,hit,132.0,hit,3.0,hit,9.0,hit,184.0,hit,2881.0,hit,2888.0,hit,2888.0,hit,6.399999999999977,16,False,False,False,False,,6.399999999999977,18,False,False,False,False,,6.399999999999977,18,False,False,False,False,,6.399999999999977,18,False,False,False,False,,29.0,2024-10-29T10:00:00-04:00,2.6000000000000227,4647.039999999921,339.0,2024-10-29T15:10:00-04:00,2.75,4347.039999999966,340.0,2024-10-29T15:11:00-04:00,2.9000000000000057,4047.0399999999554,30.0,2024-10-29T10:01:00-04:00,4.849999999999966,147.0400000000348,132.0,2024-10-29T11:43:00-04:00,0.44999999999998863,8947.03999999999,,,,,,,,,133.0,2024-10-29T11:44:00-04:00,3.8499999999999943,2147.039999999978,132.0,2024-10-29T11:43:00-04:00,0.44999999999998863,8947.03999999999,,,,,,,,,133.0,2024-10-29T11:44:00-04:00,3.8499999999999943,2147.039999999978,132.0,2024-10-29T11:43:00-04:00,0.44999999999998863,8947.03999999999,,,,,,,,,133.0,2024-10-29T11:44:00-04:00,3.8499999999999943,2147.039999999978,2193
2024-10-29,2024-10-31,2,6.0,2024-10-29T09:31:00-04:00,6.149999999999977,NDXP  241031P20520000,NDXP  241031P20510000,development,False,False,0,0,1,62,0,1134,available,False,2024-10-29T09:31:00-04:00,2024-10-31T15:59:00-04:00,10.0,-7852.9600000000455,1.0,last_observed_quote_not_settlement,1037.0,345,50,6.299999999999983,-552.9600000000107,2024-10-29T09:32:00-04:00,0.0,6.300000000000011,-552.9600000000676,2024-10-29T09:33:00-04:00,0.0,6.449999999999932,-852.9599999999084,2024-10-29T09:36:00-04:00,0.0,6.599999999999966,-1152.9599999999766,2024-10-29T09:41:00-04:00,0.0,6.099999999999966,-152.95999999997656,2024-10-29T09:46:00-04:00,0.0,6.0,47.039999999955235,2024-10-29T10:01:00-04:00,0.0,5.25,1547.0399999999552,2024-10-29T10:31:00-04:00,0.0,5.099999999999994,1847.0399999999665,2024-10-29T11:31:00-04:00,0.0,4.349999999999994,3347.0399999999668,2024-10-29T16:00:00-04:00,0.0,,,2024-10-30T15:59:00-04:00,60.0,,,2024-10-31T15:59:00-04:00,60.0,,,,,29.0,hit,29.0,hit,43.0,hit,1536.0,hit,1591.0,hit,,never_hit,,never_hit,4.0,hit,6.0,hit,6.0,hit,6.0,hit,1727.0,hit,2881.0,hit,8.150000000000091,29,True,True,False,False,,8.150000000000091,29,True,True,False,False,,,,True,True,True,False,4.699999999999974,,,True,True,True,False,4.699999999999974,1536.0,2024-10-30T11:07:00-04:00,2.700000000000003,6647.03999999995,,,,,,,,,1537.0,2024-10-30T11:08:00-04:00,4.600000000000023,2847.03999999991,1591.0,2024-10-30T12:02:00-04:00,1.4500000000000028,9147.03999999995,,,,,,,,,1592.0,2024-10-30T12:03:00-04:00,4.199999999999989,3647.039999999978,,,,,,,,,,,,,,,,,,,,,,,,,,,,,,,,,2194
2024-10-29,2024-10-31,2,7.0,2024-10-29T09:31:00-04:00,6.900000000000034,NDXP  241031P20620000,NDXP  241031P20610000,development,False,False,0,0,1,51,0,1145,available,False,2024-10-29T09:31:00-04:00,2024-10-31T15:59:00-04:00,10.0,-6352.959999999932,1.0,last_observed_quote_not_settlement,1037.0,508,96,7.25,-952.9599999999311,2024-10-29T09:32:00-04:00,0.0,7.649999999999977,-1752.9599999998857,2024-10-29T09:33:00-04:00,0.0,7.449999999999989,-1352.9599999999084,2024-10-29T09:36:00-04:00,0.0,7.649999999999977,-1752.9599999998857,2024-10-29T09:41:00-04:00,0.0,7.600000000000023,-1652.9599999999766,2024-10-29T09:46:00-04:00,0.0,7.199999999999989,-852.9599999999084,2024-10-29T10:01:00-04:00,0.0,3.6999999999999886,6147.040000000092,2024-10-29T10:31:00-04:00,0.0,6.400000000000034,747.0400000000006,2024-10-29T11:31:00-04:00,0.0,4.700000000000017,4147.0400000000345,2024-10-29T16:00:00-04:00,0.0,8.0,-2452.9599999999327,2024-10-30T16:00:00-04:00,0.0,,,2024-10-31T15:59:00-04:00,60.0,,,,,60.0,hit,60.0,hit,60.0,hit,,never_hit,,never_hit,,never_hit,,never_hit,2.0,hit,3.0,hit,1.0,hit,143.0,hit,1536.0,hit,1536.0,hit,,,True,True,True,False,3.6000000000000227,,,True,True,True,False,3.6000000000000227,,,True,True,True,False,3.6000000000000227,,,True,True,True,False,3.6000000000000227,,,,,,,,,,,,,,,,,,,,,,,,,,,,,,,,,,,,,,,,,,,,,,,,,,,,,,,,,,,,,,,,,2195
2024-10-29,2024-11-01,3,5.0,2024-10-29T09:31:00-04:00,5.0,NDXP  241101P20430000,NDXP  241101P20420000,development,False,False,0,0,0,154,0,1449,available,False,2024-10-29T09:31:00-04:00,2024-11-01T16:00:00-04:00,10.0,-10152.96,0.0,last_observed_quote_not_settlement,1036.0,548,28,5.25,-752.9599999999994,2024-10-29T09:32:00-04:00,0.0,4.649999999999977,447.0400000000462,2024-10-29T09:33:00-04:00,0.0,5.25,-752.9599999999994,2024-10-29T09:36:00-04:00,0.0,5.499999999999943,-1252.9599999998857,2024-10-29T09:41:00-04:00,0.0,4.800000000000011,147.03999999997797,2024-10-29T09:46:00-04:00,0.0,4.850000000000023,47.039999999955235,2024-10-29T10:01:00-04:00,0.0,4.5,747.0400000000006,2024-10-29T10:31:00-04:00,0.0,4.250000000000028,1247.0399999999438,2024-10-29T11:31:00-04:00,0.0,3.950000000000017,1847.0399999999665,2024-10-29T16:00:00-04:00,0.0,4.0,1747.0400000000006,2024-10-30T16:00:00-04:00,0.0,10.0,-10152.96,2024-10-31T16:00:00-04:00,0.0,10.0,-10152.96,2024-11-01T16:00:00-04:00,0.0,0.0,hit,0.0,hit,9.0,hit,390.0,hit,390.0,hit,,never_hit,,never_hit,8.0,hit,27.0,hit,2881.0,hit,2881.0,hit,2912.0,hit,2942.0,hit,6.849999999999994,22,False,False,False,False,,6.849999999999994,22,False,False,False,False,,,,True,True,True,False,3.400000000000034,,,True,True,True,False,3.400000000000034,390.0,2024-10-29T16:01:00-04:00,1.599999999999966,6547.040000000069,,,,,,,,,391.0,2024-10-29T16:02:00-04:00,3.8499999999999943,2047.0400000000122,390.0,2024-10-29T16:01:00-04:00,1.599999999999966,6547.040000000069,,,,,,,,,391.0,2024-10-29T16:02:00-04:00,3.8499999999999943,2047.0400000000122,,,,,,,,,,,,,,,,,,,,,,,,,,,,,,,,,2196
2024-10-29,2024-11-01,3,6.0,2024-10-29T09:31:00-04:00,6.050000000000068,NDXP  241101P20660000,NDXP  241101P20650000,development,False,False,0,0,0,143,0,1459,available,False,2024-10-29T09:31:00-04:00,2024-11-01T16:00:00-04:00,10.0,-8052.959999999864,0.0,last_observed_quote_not_settlement,1037.0,731,184,5.949999999999989,-52.95999999984013,2024-10-29T09:32:00-04:00,0.0,6.2000000000000455,-552.9599999999539,2024-10-29T09:33:00-04:00,0.0,4.699999999999932,2447.0400000002737,2024-10-29T09:36:00-04:00,0.0,7.0499999999999545,-2252.9599999997718,2024-10-29T09:41:00-04:00,0.0,7.600000000000023,-3352.959999999908,2024-10-29T09:46:00-04:00,0.0,7.249999999999943,-2652.959999999749,2024-10-29T10:01:00-04:00,0.0,3.6000000000000227,4647.040000000092,2024-10-29T10:31:00-04:00,0.0,5.2999999999999545,1247.040000000228,2024-10-29T11:31:00-04:00,0.0,5.900000000000006,47.040000000125765,2024-10-29T16:00:00-04:00,0.0,6.0,-152.95999999986287,2024-10-30T16:00:00-04:00,0.0,10.0,-8052.959999999864,2024-10-31T16:00:00-04:00,0.0,10.0,-8052.959999999864,2024-11-01T16:00:00-04:00,0.0,5.0,hit,5.0,hit,56.0,hit,142.0,hit,,never_hit,,never_hit,,never_hit,4.0,hit,4.0,hit,4.0,hit,24.0,hit,31.0,hit,154.0,hit,9.199999999999989,43,True,True,True,True,,,,True,True,True,False,4.000000000000114,,,True,True,True,False,4.000000000000114,,,True,True,True,False,4.000000000000114,142.0,2024-10-29T11:53:00-04:00,2.849999999999909,6147.040000000319,,,,,,,,,143.0,2024-10-29T11:54:00-04:00,5.0,1847.040000000137,,,,,,,,,,,,,,,,,,,,,,,,,,,,,,,,,,,,,,,,,,,,,,,,,2197
2024-10-29,2024-11-01,3,7.0,2024-10-29T09:31:00-04:00,7.100000000000023,NDXP  241101P20600000,NDXP  241101P20590000,development,False,False,0,0,0,138,0,1464,available,False,2024-10-29T09:31:00-04:00,2024-11-01T16:00:00-04:00,10.0,-5952.959999999955,0.0,last_observed_quote_not_settlement,1037.0,581,51,7.500000000000057,-1052.9600000000676,2024-10-29T09:32:00-04:00,0.0,7.999999999999943,-2052.959999999842,2024-10-29T09:33:00-04:00,0.0,9.0,-4052.9599999999555,2024-10-29T09:36:00-04:00,0.0,6.9500000000000455,47.039999999955235,2024-10-29T09:41:00-04:00,0.0,6.550000000000011,847.0400000000234,2024-10-29T09:46:00-04:00,0.0,6.449999999999989,1047.0400000000689,2024-10-29T10:01:00-04:00,0.0,8.5,-3052.9599999999555,2024-10-29T10:31:00-04:00,0.0,5.699999999999989,2547.040000000069,2024-10-29T11:31:00-04:00,0.0,4.849999999999966,4247.040000000115,2024-10-29T16:00:00-04:00,0.0,8.0,-2052.9599999999555,2024-10-30T16:00:00-04:00,0.0,,,2024-10-31T15:59:00-04:00,60.0,10.0,-5952.959999999955,2024-11-01T16:00:00-04:00,0.0,27.0,hit,27.0,hit,31.0,hit,56.0,hit,56.0,hit,,never_hit,,never_hit,2.0,hit,5.0,hit,0.0,hit,5.0,hit,5.0,hit,7.0,hit,9.5,23,True,True,True,True,,9.5,23,True,True,True,True,,,,True,True,True,False,5.699999999999989,,,True,True,True,False,5.699999999999989,56.0,2024-10-29T10:27:00-04:00,1.400000000000034,11147.039999999979,1455.0,2024-10-30T09:46:00-04:00,2.150000000000034,9647.039999999979,,,,,57.0,2024-10-29T10:28:00-04:00,7.900000000000034,-1852.960000000022,56.0,2024-10-29T10:27:00-04:00,1.400000000000034,11147.039999999979,,,,,,,,,57.0,2024-10-29T10:28:00-04:00,7.900000000000034,-1852.960000000022,,,,,,,,,,,,,,,,,,,,,,,,,,,,,,,,,2198
2024-10-30,2024-11-01,2,5.0,2024-10-30T09:31:00-04:00,5.0,NDXP  241101P20570000,NDXP  241101P20560000,development,False,False,0,0,0,145,0,1053,available,False,2024-10-30T09:31:00-04:00,2024-11-01T16:00:00-04:00,10.0,-10152.96,0.0,last_observed_quote_not_settlement,1036.0,785,64,4.799999999999983,147.0400000000348,2024-10-30T09:32:00-04:00,0.0,5.25,-752.9599999999994,2024-10-30T09:33:00-04:00,0.0,5.050000000000011,-352.96000000002203,2024-10-30T09:36:00-04:00,0.0,5.25,-752.9599999999994,2024-10-30T09:41:00-04:00,0.0,6.299999999999983,-2852.959999999965,2024-10-30T09:46:00-04:00,0.0,5.0,-252.9599999999993,2024-10-30T10:01:00-04:00,0.0,4.650000000000006,447.03999999998933,2024-10-30T10:31:00-04:00,0.0,4.75,247.04000000000067,2024-10-30T11:31:00-04:00,0.0,6.0,-2252.959999999999,2024-10-30T16:00:00-04:00,0.0,,,2024-10-31T15:59:00-04:00,60.0,10.0,-10152.96,2024-11-01T16:00:00-04:00,0.0,,,,,0.0,hit,0.0,hit,229.0,hit,2890.0,hit,,never_hit,,never_hit,,never_hit,12.0,hit,12.0,hit,12.0,hit,333.0,hit,1443.0,hit,1455.0,hit,10.0,569,True,True,True,True,,,,True,True,True,False,2.9500000000000455,,,True,True,True,False,2.9500000000000455,,,True,True,True,False,2.9500000000000455,2890.0,2024-11-01T09:41:00-04:00,2.0499999999999545,5647.040000000092,,,,,,,,,2891.0,2024-11-01T09:42:00-04:00,9.849999999999909,-9952.959999999819,,,,,,,,,,,,,,,,,,,,,,,,,,,,,,,,,,,,,,,,,,,,,,,,,2199
2024-10-30,2024-11-01,2,6.0,2024-10-30T09:31:00-04:00,6.050000000000011,NDXP  241101P20640000,NDXP  241101P20630000,development,False,False,0,0,0,115,0,1083,available,False,2024-10-30T09:31:00-04:00,2024-11-01T16:00:00-04:00,10.0,-8052.959999999977,0.0,last_observed_quote_not_settlement,1037.0,751,111,5.200000000000017,1447.0399999999893,2024-10-30T09:32:00-04:00,0.0,5.200000000000017,1447.0399999999893,2024-10-30T09:33:00-04:00,0.0,6.300000000000011,-752.9599999999994,2024-10-30T09:36:00-04:00,0.0,5.949999999999989,-52.959999999953816,2024-10-30T09:41:00-04:00,0.0,6.399999999999977,-952.9599999999311,2024-10-30T09:46:00-04:00,0.0,7.899999999999977,-3952.959999999931,2024-10-30T10:01:00-04:00,0.0,5.349999999999994,1147.0400000000348,2024-10-30T10:31:00-04:00,0.0,5.5,847.0400000000234,2024-10-30T11:31:00-04:00,0.0,6.0,-152.95999999997656,2024-10-30T16:00:00-04:00,0.0,9.899999999999977,-7952.959999999933,2024-10-31T16:00:00-04:00,0.0,10.0,-8052.959999999977,2024-11-01T16:00:00-04:00,0.0,,,,,1.0,hit,9.0,hit,88.0,hit,2903.0,hit,2903.0,hit,,never_hit,,never_hit,11.0,hit,11.0,hit,11.0,hit,21.0,hit,113.0,hit,1456.0,hit,10.0,501,True,True,True,True,,10.0,501,True,True,True,True,,,,True,True,True,False,4.64999999999992,,,True,True,True,False,4.64999999999992,2903.0,2024-11-01T09:54:00-04:00,1.400000000000091,9047.039999999843,,,,,,,,,2904.0,2024-11-01T09:55:00-04:00,9.75,-7652.959999999978,2903.0,2024-11-01T09:54:00-04:00,1.400000000000091,9047.039999999843,,,,,,,,,2904.0,2024-11-01T09:55:00-04:00,9.75,-7652.959999999978,,,,,,,,,,,,,,,,,,,,,,,,,,,,,,,,,2200
2024-10-30,2024-11-01,2,7.0,2024-10-30T09:31:00-04:00,7.0,NDXP  241101P20790000,NDXP  241101P20780000,development,False,False,0,0,0,133,0,1064,available,False,2024-10-30T09:31:00-04:00,2024-11-01T16:00:00-04:00,10.0,-6152.96,0.0,last_observed_quote_not_settlement,1036.0,903,41,6.7999999999999545,147.04000000009165,2024-10-30T09:32:00-04:00,0.0,6.850000000000023,47.039999999955235,2024-10-30T09:33:00-04:00,0.0,7.100000000000023,-452.9600000000448,2024-10-30T09:36:00-04:00,0.0,7.5,-1252.9599999999994,2024-10-30T09:41:00-04:00,0.0,7.699999999999989,-1652.9599999999766,2024-10-30T09:46:00-04:00,0.0,7.300000000000011,-852.9600000000221,2024-10-30T10:01:00-04:00,0.0,6.850000000000023,47.039999999955235,2024-10-30T10:31:00-04:00,0.0,7.0,-252.9599999999993,2024-10-30T11:31:00-04:00,0.0,,,2024-10-30T15:59:00-04:00,60.0,0.0,13747.04,2024-10-31T16:00:00-04:00,0.0,10.0,-6152.96,2024-11-01T16:00:00-04:00,0.0,,,,,199.0,hit,199.0,hit,277.0,hit,1829.0,hit,1829.0,hit,1829.0,hit,1829.0,hit,7.0,hit,7.0,hit,0.0,hit,7.0,hit,400.0,hit,1440.0,hit,10.0,617,True,True,True,True,,10.0,617,True,True,True,True,,10.0,617,True,True,True,True,,10.0,617,True,True,True,True,,1829.0,2024-10-31T16:00:00-04:00,0.0,13747.04,1830.0,2024-10-31T16:01:00-04:00,1.900000000000091,9947.039999999819,,,,,1830.0,2024-10-31T16:01:00-04:00,1.900000000000091,9947.039999999819,1829.0,2024-10-31T16:00:00-04:00,0.0,13747.04,1830.0,2024-10-31T16:01:00-04:00,1.900000000000091,9947.039999999819,,,,,1830.0,2024-10-31T16:01:00-04:00,1.900000000000091,9947.039999999819,1829.0,2024-10-31T16:00:00-04:00,0.0,13747.04,,,,,,,,,1830.0,2024-10-31T16:01:00-04:00,1.900000000000091,9947.039999999819,1829.0,2024-10-31T16:00:00-04:00,0.0,13747.04,,,,,,,,,1830.0,2024-10-31T16:01:00-04:00,1.900000000000091,9947.039999999819,2201
2024-11-01,2024-11-04,3,5.0,2024-11-01T09:31:00-04:00,5.0,NDXP  241104P20010000,NDXP  241104P20000000,development,False,False,0,0,1,2,0,792,available,False,2024-11-01T09:31:00-04:00,2024-11-04T15:57:00-05:00,8.399999999999999,-7052.959999999998,3.0,last_observed_quote_not_settlement,3916.0,106,27,5.400000000000034,-1052.9600000000676,2024-11-01T09:32:00-04:00,0.0,6.650000000000006,-3552.9600000000105,2024-11-01T09:33:00-04:00,0.0,5.25,-752.9599999999994,2024-11-01T09:36:00-04:00,0.0,4.400000000000006,947.0399999999893,2024-11-01T09:41:00-04:00,0.0,4.349999999999994,1047.040000000012,2024-11-01T09:46:00-04:00,0.0,4.0,1747.0400000000006,2024-11-01T10:01:00-04:00,0.0,2.75,4247.040000000001,2024-11-01T10:31:00-04:00,0.0,2.049999999999997,5647.040000000006,2024-11-01T11:31:00-04:00,0.0,3.5999999999999943,2547.0400000000122,2024-11-01T16:00:00-04:00,0.0,,,2024-11-01T16:15:00-04:00,85500.0,,,2024-11-01T16:15:00-04:00,171900.0,,,2024-11-04T15:57:00-05:00,180.0,0.0,hit,0.0,hit,9.0,hit,25.0,hit,25.0,hit,87.0,hit,,never_hit,2.0,hit,2.0,hit,4537.0,hit,4746.0,hit,4765.0,hit,4765.0,hit,6.650000000000006,3,False,False,False,False,,6.650000000000006,3,False,False,False,False,,6.650000000000006,5,False,False,False,False,,,,True,True,True,False,4.299999999999997,25.0,2024-11-01T09:56:00-04:00,1.950000000000017,5847.039999999966,55.0,2024-11-01T10:26:00-04:00,2.749999999999993,4247.0400000000145,56.0,2024-11-01T10:27:00-04:00,2.700000000000003,4347.039999999995,26.0,2024-11-01T09:57:00-04:00,6.650000000000006,-3552.9600000000105,87.0,2024-11-01T10:58:00-04:00,0.7000000000000028,8347.039999999995,4479.0,2024-11-04T11:10:00-05:00,1.9499999999999993,5847.040000000002,4480.0,2024-11-04T11:11:00-05:00,1.7499999999999982,6247.0400000000045,88.0,2024-11-01T10:59:00-04:00,3.1499999999999986,3447.0400000000036,87.0,2024-11-01T10:58:00-04:00,0.7000000000000028,8347.039999999995,,,,,,,,,88.0,2024-11-01T10:59:00-04:00,3.1499999999999986,3447.0400000000036,,,,,,,,,,,,,,,,,2202
2024-11-01,2024-11-04,3,6.0,2024-11-01T09:31:00-04:00,6.049999999999983,NDXP  241104P20100000,NDXP  241104P20090000,development,False,False,0,0,1,16,0,777,available,False,2024-11-01T09:31:00-04:00,2024-11-04T15:58:00-05:00,9.950000000000017,-8052.960000000034,2.0,last_observed_quote_not_settlement,3916.0,307,33,6.0,-152.9600000000334,2024-11-01T09:32:00-04:00,0.0,8.949999999999989,-6052.960000000013,2024-11-01T09:33:00-04:00,0.0,6.800000000000011,-1752.9600000000562,2024-11-01T09:36:00-04:00,0.0,5.599999999999994,647.0399999999779,2024-11-01T09:41:00-04:00,0.0,5.5,847.0399999999665,2024-11-01T09:46:00-04:00,0.0,5.649999999999977,547.040000000012,2024-11-01T10:01:00-04:00,0.0,3.6999999999999886,4447.039999999989,2024-11-01T10:31:00-04:00,0.0,3.3000000000000043,5247.039999999958,2024-11-01T11:31:00-04:00,0.0,6.000000000000014,-152.96000000006183,2024-11-01T16:00:00-04:00,0.0,,,2024-11-01T16:15:00-04:00,85500.0,,,2024-11-01T16:15:00-04:00,171900.0,,,2024-11-04T15:58:00-05:00,120.0,12.0,hit,13.0,hit,40.0,hit,40.0,hit,,never_hit,,never_hit,,never_hit,2.0,hit,2.0,hit,2.0,hit,2.0,hit,4519.0,hit,4536.0,hit,8.949999999999989,9,True,True,False,False,,,,True,True,True,False,3.3999999999999915,,,True,True,True,False,3.3999999999999915,,,True,True,True,False,3.3999999999999915,40.0,2024-11-01T10:11:00-04:00,2.6499999999999915,6547.039999999984,,,,,,,,,41.0,2024-11-01T10:12:00-04:00,4.799999999999983,2247.040000000001,,,,,,,,,,,,,,,,,,,,,,,,,,,,,,,,,,,,,,,,,,,,,,,,,2203
2024-11-01,2024-11-04,3,7.0,2024-11-01T09:31:00-04:00,6.950000000000017,NDXP  241104P20150000,NDXP  241104P20140000,development,False,False,0,0,1,49,0,744,available,False,2024-11-01T09:31:00-04:00,2024-11-04T15:58:00-05:00,9.950000000000017,-6252.9599999999655,2.0,last_observed_quote_not_settlement,3916.0,298,35,6.950000000000017,-252.9599999999993,2024-11-01T09:32:00-04:00,0.0,9.75,-5852.959999999967,2024-11-01T09:33:00-04:00,0.0,7.150000000000006,-652.9599999999766,2024-11-01T09:36:00-04:00,0.0,6.350000000000023,947.0399999999893,2024-11-01T09:41:00-04:00,0.0,5.650000000000006,2347.0400000000236,2024-11-01T09:46:00-04:00,0.0,6.0,1647.0400000000348,2024-11-01T10:01:00-04:00,0.0,4.699999999999989,4247.040000000057,2024-11-01T10:31:00-04:00,0.0,4.049999999999997,5547.040000000041,2024-11-01T11:31:00-04:00,0.0,6.850000000000023,-52.96000000001066,2024-11-01T16:00:00-04:00,0.0,,,2024-11-01T16:15:00-04:00,85500.0,,,2024-11-01T16:15:00-04:00,171900.0,,,2024-11-04T15:58:00-05:00,120.0,26.0,hit,32.0,hit,122.0,hit,122.0,hit,122.0,hit,,never_hit,,never_hit,2.0,hit,2.0,hit,2.0,hit,2.0,hit,2.0,hit,2.0,hit,9.75,6,True,True,True,True,,9.75,6,True,True,True,True,,,,True,True,True,False,5.050000000000011,,,True,True,True,False,5.050000000000011,122.0,2024-11-01T11:33:00-04:00,1.9000000000000057,9847.040000000025,,,,,,,,,123.0,2024-11-01T11:34:00-04:00,4.400000000000006,4847.040000000024,122.0,2024-11-01T11:33:00-04:00,1.9000000000000057,9847.040000000025,,,,,,,,,123.0,2024-11-01T11:34:00-04:00,4.400000000000006,4847.040000000024,,,,,,,,,,,,,,,,,,,,,,,,,,,,,,,,,2204
2024-11-04,2024-11-06,2,5.0,2024-11-04T09:31:00-05:00,5.0,NDXP  241106P20080000,NDXP  241106P20070000,development,False,False,0,0,0,132,15,1068,available,False,2024-11-04T09:31:00-05:00,2024-11-06T15:04:00-05:00,0.0,9747.04,56.0,last_observed_quote_not_settlement,1036.0,129,100,5.0,-252.9599999999993,2024-11-04T09:32:00-05:00,0.0,5.0,-252.9599999999993,2024-11-04T09:33:00-05:00,0.0,5.050000000000011,-352.96000000002203,2024-11-04T09:36:00-05:00,0.0,5.150000000000034,-552.9600000000676,2024-11-04T09:41:00-05:00,0.0,4.400000000000034,947.0399999999324,2024-11-04T09:46:00-05:00,0.0,4.849999999999966,47.04000000006892,2024-11-04T10:01:00-05:00,0.0,4.850000000000023,47.039999999955235,2024-11-04T10:31:00-05:00,0.0,7.400000000000034,-5052.960000000067,2024-11-04T11:31:00-05:00,0.0,5.5,-1252.9599999999994,2024-11-04T16:00:00-05:00,0.0,3.549999999999997,2647.0400000000063,2024-11-05T16:00:00-05:00,0.0,,,2024-11-06T15:04:00-05:00,3360.0,,,,,0.0,hit,0.0,hit,7.0,hit,7.0,hit,7.0,hit,7.0,hit,7.0,hit,6.0,hit,9.0,hit,9.0,hit,9.0,hit,9.0,hit,9.0,hit,5.75,3,False,False,False,False,,5.75,3,False,False,False,False,,5.75,3,False,False,False,False,,5.75,3,False,False,False,False,,7.0,2024-11-04T09:38:00-05:00,0.10000000000002274,9547.039999999955,2881.0,2024-11-06T09:32:00-05:00,0.20000000000000018,9347.04,2882.0,2024-11-06T09:33:00-05:00,0.3000000000000007,9147.04,8.0,2024-11-04T09:39:00-05:00,5.399999999999977,-1052.9599999999539,7.0,2024-11-04T09:38:00-05:00,0.10000000000002274,9547.039999999955,2881.0,2024-11-06T09:32:00-05:00,0.20000000000000018,9347.04,2882.0,2024-11-06T09:33:00-05:00,0.3000000000000007,9147.04,8.0,2024-11-04T09:39:00-05:00,5.399999999999977,-1052.9599999999539,7.0,2024-11-04T09:38:00-05:00,0.10000000000002274,9547.039999999955,2881.0,2024-11-06T09:32:00-05:00,0.20000000000000018,9347.04,2882.0,2024-11-06T09:33:00-05:00,0.3000000000000007,9147.04,8.0,2024-11-04T09:39:00-05:00,5.399999999999977,-1052.9599999999539,7.0,2024-11-04T09:38:00-05:00,0.10000000000002274,9547.039999999955,2881.0,2024-11-06T09:32:00-05:00,0.20000000000000018,9347.04,2882.0,2024-11-06T09:33:00-05:00,0.3000000000000007,9147.04,8.0,2024-11-04T09:39:00-05:00,5.399999999999977,-1052.9599999999539,2205
2024-11-04,2024-11-06,2,6.0,2024-11-04T09:31:00-05:00,6.0499999999999545,NDXP  241106P20280000,NDXP  241106P20270000,development,False,False,0,0,0,9,15,1191,available,False,2024-11-04T09:31:00-05:00,2024-11-06T16:00:00-05:00,0.0,11847.03999999991,0.0,last_observed_quote_not_settlement,1036.0,299,64,6.399999999999977,-952.9600000000448,2024-11-04T09:32:00-05:00,0.0,6.399999999999977,-952.9600000000448,2024-11-04T09:33:00-05:00,0.0,6.75,-1652.9600000000903,2024-11-04T09:36:00-05:00,0.0,6.900000000000034,-1952.9600000001585,2024-11-04T09:41:00-05:00,0.0,5.449999999999989,947.0399999999324,2024-11-04T09:46:00-05:00,0.0,6.199999999999989,-552.9600000000676,2024-11-04T10:01:00-05:00,0.0,5.899999999999977,47.039999999955235,2024-11-04T10:31:00-05:00,0.0,8.100000000000023,-4352.960000000137,2024-11-04T11:31:00-05:00,0.0,6.75,-1652.9600000000903,2024-11-04T16:00:00-05:00,0.0,5.199999999999989,1447.0399999999324,2024-11-05T16:00:00-05:00,0.0,0.0,11847.03999999991,2024-11-06T16:00:00-05:00,0.0,,,,,15.0,hit,54.0,hit,122.0,hit,2880.0,hit,2880.0,hit,2880.0,hit,2883.0,hit,5.0,hit,29.0,hit,6.0,hit,120.0,hit,258.0,hit,,never_hit,9.199999999999989,299,True,True,True,True,,9.199999999999989,299,True,True,True,True,,9.199999999999989,299,True,True,True,True,,9.199999999999989,299,True,True,True,True,,2880.0,2024-11-06T09:31:00-05:00,0.9499999999999993,9947.039999999912,2881.0,2024-11-06T09:32:00-05:00,0.6999999999999993,10447.039999999912,2882.0,2024-11-06T09:33:00-05:00,0.8000000000000007,10247.03999999991,2881.0,2024-11-06T09:32:00-05:00,0.6999999999999993,10447.039999999912,2880.0,2024-11-06T09:31:00-05:00,0.9499999999999993,9947.039999999912,2881.0,2024-11-06T09:32:00-05:00,0.6999999999999993,10447.039999999912,2882.0,2024-11-06T09:33:00-05:00,0.8000000000000007,10247.03999999991,2881.0,2024-11-06T09:32:00-05:00,0.6999999999999993,10447.039999999912,2880.0,2024-11-06T09:31:00-05:00,0.9499999999999993,9947.039999999912,2881.0,2024-11-06T09:32:00-05:00,0.6999999999999993,10447.039999999912,2882.0,2024-11-06T09:33:00-05:00,0.8000000000000007,10247.03999999991,2881.0,2024-11-06T09:32:00-05:00,0.6999999999999993,10447.039999999912,2886.0,2024-11-06T09:37:00-05:00,0.2999999999999998,11247.039999999912,2887.0,2024-11-06T09:38:00-05:00,0.34999999999999964,11147.039999999912,2888.0,2024-11-06T09:39:00-05:00,0.25,11347.03999999991,2887.0,2024-11-06T09:38:00-05:00,0.34999999999999964,11147.039999999912,2206
2024-11-04,2024-11-06,2,7.0,2024-11-04T09:31:00-05:00,6.75,NDXP  241106P20420000,NDXP  241106P20410000,development,False,False,0,0,0,14,15,1186,available,False,2024-11-04T09:31:00-05:00,2024-11-06T16:00:00-05:00,0.0,13247.04,0.0,last_observed_quote_not_settlement,1036.0,407,106,7.350000000000023,-1452.9600000000448,2024-11-04T09:32:00-05:00,0.0,6.699999999999932,-152.95999999986287,2024-11-04T09:33:00-05:00,0.0,7.699999999999932,-2152.9599999998627,2024-11-04T09:36:00-05:00,0.0,,,2024-11-04T09:40:00-05:00,60.0,7.25,-1252.9599999999994,2024-11-04T09:46:00-05:00,0.0,7.25,-1252.9599999999994,2024-11-04T10:01:00-05:00,0.0,6.949999999999989,-652.9599999999766,2024-11-04T10:31:00-05:00,0.0,,,2024-11-04T11:30:00-05:00,60.0,7.75,-2252.959999999999,2024-11-04T16:00:00-05:00,0.0,6.399999999999977,447.0400000000462,2024-11-05T16:00:00-05:00,0.0,0.0,13247.04,2024-11-06T16:00:00-05:00,0.0,,,,,31.0,hit,50.0,hit,52.0,hit,79.0,hit,1466.0,hit,2889.0,hit,2927.0,hit,1.0,hit,7.0,hit,1.0,hit,68.0,hit,85.0,hit,85.0,hit,8.650000000000091,60,True,True,False,False,,9.949999999999989,369,True,True,True,True,,9.949999999999989,407,True,True,True,True,,9.949999999999989,407,True,True,True,True,,79.0,2024-11-04T10:50:00-05:00,2.25,8747.04,2881.0,2024-11-06T09:32:00-05:00,2.5500000000000007,8147.04,2882.0,2024-11-06T09:33:00-05:00,2.6000000000000014,8047.039999999998,80.0,2024-11-04T10:51:00-05:00,6.949999999999989,-652.9599999999766,1466.0,2024-11-05T09:57:00-05:00,1.5500000000000114,10147.039999999979,2886.0,2024-11-06T09:37:00-05:00,1.1500000000000004,10947.04,2887.0,2024-11-06T09:38:00-05:00,1.1999999999999993,10847.040000000003,1467.0,2024-11-05T09:58:00-05:00,5.599999999999966,2047.040000000069,2889.0,2024-11-06T09:40:00-05:00,0.8000000000000007,11647.04,2892.0,2024-11-06T09:43:00-05:00,0.9000000000000021,11447.039999999997,2928.0,2024-11-06T10:19:00-05:00,0.05000000000000071,13147.04,2890.0,2024-11-06T09:41:00-05:00,1.0500000000000007,11147.04,2928.0,2024-11-06T10:19:00-05:00,0.05000000000000071,13147.04,2929.0,2024-11-06T10:20:00-05:00,0.4499999999999993,12347.040000000003,2942.0,2024-11-06T10:33:00-05:00,0.39999999999999947,12447.040000000003,2929.0,2024-11-06T10:20:00-05:00,0.4499999999999993,12347.040000000003,2207
2024-11-04,2024-11-07,3,5.0,2024-11-04T09:31:00-05:00,5.0,NDXP  241107P20150000,NDXP  241107P20140000,development,False,False,0,0,0,41,0,1564,available,False,2024-11-04T09:31:00-05:00,2024-11-07T16:00:00-05:00,0.0,9747.04,0.0,last_observed_quote_not_settlement,1036.0,264,117,5.0,-252.9599999999993,2024-11-04T09:32:00-05:00,0.0,5.150000000000034,-552.9600000000676,2024-11-04T09:33:00-05:00,0.0,9.75,-9752.960000000001,2024-11-04T09:36:00-05:00,0.0,5.699999999999932,-1652.959999999863,2024-11-04T09:41:00-05:00,0.0,5.25,-752.9599999999994,2024-11-04T09:46:00-05:00,0.0,5.100000000000023,-452.9600000000448,2024-11-04T10:01:00-05:00,0.0,4.849999999999966,47.04000000006892,2024-11-04T10:31:00-05:00,0.0,5.0,-252.9599999999993,2024-11-04T11:31:00-05:00,0.0,5.599999999999966,-1452.9599999999311,2024-11-04T16:00:00-05:00,0.0,4.0,1747.0400000000006,2024-11-05T16:00:00-05:00,0.0,0.07500000000000007,9597.04,2024-11-06T16:00:00-05:00,0.0,0.0,9747.04,2024-11-07T16:00:00-05:00,0.0,0.0,hit,0.0,hit,9.0,hit,9.0,hit,13.0,hit,13.0,hit,13.0,hit,4.0,hit,4.0,hit,5.0,hit,5.0,hit,5.0,hit,5.0,hit,10.0,7,True,True,True,True,,10.0,10,True,True,True,True,,10.0,10,True,True,True,True,,10.0,10,True,True,True,True,,9.0,2024-11-04T09:40:00-05:00,2.3500000000000227,5047.039999999955,2881.0,2024-11-06T09:32:00-05:00,1.1999999999999993,7347.040000000002,2882.0,2024-11-06T09:33:00-05:00,0.7500000000000036,8247.039999999994,10.0,2024-11-04T09:41:00-05:00,5.699999999999932,-1652.959999999863,13.0,2024-11-04T09:44:00-05:00,0.05000000000006821,9647.039999999864,2881.0,2024-11-06T09:32:00-05:00,1.1999999999999993,7347.040000000002,2882.0,2024-11-06T09:33:00-05:00,0.7500000000000036,8247.039999999994,,,,,13.0,2024-11-04T09:44:00-05:00,0.05000000000006821,9647.039999999864,2883.0,2024-11-06T09:34:00-05:00,0.7000000000000011,8347.039999999999,2884.0,2024-11-06T09:35:00-05:00,0.8499999999999996,8047.040000000002,,,,,13.0,2024-11-04T09:44:00-05:00,0.05000000000006821,9647.039999999864,2928.0,2024-11-06T10:19:00-05:00,0.29999999999999893,9147.040000000005,2937.0,2024-11-06T10:28:00-05:00,0.40000000000000036,8947.04,,,,,2208
2024-11-04,2024-11-07,3,6.0,2024-11-04T09:31:00-05:00,6.050000000000011,NDXP  241107P20330000,NDXP  241107P20320000,development,False,False,0,0,0,11,0,1594,available,False,2024-11-04T09:31:00-05:00,2024-11-07T16:00:00-05:00,0.0,11847.040000000025,0.0,last_observed_quote_not_settlement,1036.0,305,87,6.300000000000011,-752.9599999999994,2024-11-04T09:32:00-05:00,0.0,6.349999999999966,-852.9599999999084,2024-11-04T09:33:00-05:00,0.0,6.600000000000023,-1352.960000000022,2024-11-04T09:36:00-05:00,0.0,6.550000000000011,-1252.9599999999994,2024-11-04T09:41:00-05:00,0.0,6.149999999999977,-452.9599999999311,2024-11-04T09:46:00-05:00,0.0,6.199999999999989,-552.9599999999539,2024-11-04T10:01:00-05:00,0.0,5.850000000000023,147.03999999997797,2024-11-04T10:31:00-05:00,0.0,4.300000000000068,3247.039999999887,2024-11-04T11:31:00-05:00,0.0,6.0,-152.95999999997656,2024-11-04T16:00:00-05:00,0.0,4.949999999999932,1947.0400000001598,2024-11-05T16:00:00-05:00,0.0,0.17500000000000027,11497.040000000023,2024-11-06T16:00:00-05:00,0.0,0.0,11847.040000000025,2024-11-07T16:00:00-05:00,0.0,7.0,hit,7.0,hit,7.0,hit,29.0,hit,29.0,hit,2941.0,hit,2950.0,hit,3.0,hit,31.0,hit,31.0,hit,31.0,hit,216.0,hit,216.0,hit,6.850000000000023,26,False,False,False,False,,6.850000000000023,26,False,False,False,False,,9.700000000000045,305,True,True,True,True,,9.700000000000045,305,True,True,True,True,,29.0,2024-11-04T10:00:00-05:00,1.400000000000034,9047.039999999955,1449.0,2024-11-05T09:40:00-05:00,2.5,6847.040000000024,2882.0,2024-11-06T09:33:00-05:00,2.0500000000000043,7747.0400000000145,30.0,2024-11-04T10:01:00-05:00,6.199999999999989,-552.9599999999539,29.0,2024-11-04T10:00:00-05:00,1.400000000000034,9047.039999999955,2884.0,2024-11-06T09:35:00-05:00,1.9499999999999957,7947.040000000032,2885.0,2024-11-06T09:36:00-05:00,1.7999999999999972,8247.04000000003,30.0,2024-11-04T10:01:00-05:00,6.199999999999989,-552.9599999999539,2941.0,2024-11-06T10:32:00-05:00,0.8999999999999986,10047.040000000026,3007.0,2024-11-06T11:38:00-05:00,0.9000000000000004,10047.040000000023,3008.0,2024-11-06T11:39:00-05:00,0.8499999999999996,10147.040000000025,,,,,2950.0,2024-11-06T10:41:00-05:00,0.4499999999999993,10947.040000000026,3152.0,2024-11-06T14:03:00-05:00,0.40000000000000036,11047.040000000023,3165.0,2024-11-06T14:16:00-05:00,0.40000000000000036,11047.040000000023,2951.0,2024-11-06T10:42:00-05:00,1.1500000000000021,9547.04000000002,2209
2024-11-04,2024-11-07,3,7.0,2024-11-04T09:31:00-05:00,6.999999999999886,NDXP  241107P20480000,NDXP  241107P20470000,development,False,False,0,0,0,18,0,1587,available,False,2024-11-04T09:31:00-05:00,2024-11-07T15:59:00-05:00,0.0,13747.039999999773,1.0,last_observed_quote_not_settlement,1036.0,332,71,7.2999999999999545,-852.9600000001358,2024-11-04T09:32:00-05:00,0.0,8.549999999999955,-3352.9600000001374,2024-11-04T09:33:00-05:00,0.0,7.449999999999932,-1152.9600000000903,2024-11-04T09:36:00-05:00,0.0,7.449999999999932,-1152.9600000000903,2024-11-04T09:41:00-05:00,0.0,7.0499999999999545,-352.9600000001357,2024-11-04T09:46:00-05:00,0.0,7.100000000000023,-452.96000000027215,2024-11-04T10:01:00-05:00,0.0,6.849999999999966,47.03999999984155,2024-11-04T10:31:00-05:00,0.0,6.849999999999966,47.03999999984155,2024-11-04T11:31:00-05:00,0.0,7.600000000000023,-1452.9600000002722,2024-11-04T16:00:00-05:00,0.0,6.399999999999977,947.0399999998187,2024-11-05T16:00:00-05:00,0.0,0.9499999999999993,11847.039999999775,2024-11-06T16:00:00-05:00,0.0,,,2024-11-07T15:59:00-05:00,60.0,31.0,hit,31.0,hit,1516.0,hit,1535.0,hit,1734.0,hit,2929.0,hit,2954.0,hit,2.0,hit,2.0,hit,1.0,hit,2.0,hit,1468.0,hit,1468.0,hit,10.0,324,True,True,True,True,,10.0,331,True,True,True,True,,10.0,332,True,True,True,True,,10.0,332,True,True,True,True,,1586.0,2024-11-05T11:57:00-05:00,2.5,8747.039999999773,1734.0,2024-11-05T14:25:00-05:00,1.4499999999999886,10847.039999999797,1735.0,2024-11-05T14:26:00-05:00,2.000000000000057,9747.03999999966,1587.0,2024-11-05T11:58:00-05:00,6.0,1747.0399999997733,1734.0,2024-11-05T14:25:00-05:00,1.4499999999999886,10847.039999999797,3009.0,2024-11-06T11:40:00-05:00,1.8999999999999986,9947.039999999777,3026.0,2024-11-06T11:57:00-05:00,1.9499999999999957,9847.039999999783,1735.0,2024-11-05T14:26:00-05:00,2.000000000000057,9747.03999999966,2929.0,2024-11-06T10:20:00-05:00,0.8499999999999943,12047.039999999786,3213.0,2024-11-06T15:04:00-05:00,0.9000000000000004,11947.039999999773,3218.0,2024-11-06T15:09:00-05:00,0.9000000000000004,11947.039999999773,2930.0,2024-11-06T10:21:00-05:00,2.5,8747.039999999773,2954.0,2024-11-06T10:45:00-05:00,0.3999999999999986,12947.039999999777,4321.0,2024-11-07T09:32:00-05:00,0.2250000000000001,13297.039999999773,4322.0,2024-11-07T09:33:00-05:00,0.15000000000000036,13447.039999999773,2955.0,2024-11-06T10:46:00-05:00,2.6500000000000057,8447.039999999763,2210
2024-11-05,2024-11-07,2,5.0,2024-11-05T09:31:00-05:00,4.949999999999989,NDXP  241107P20150000,NDXP  241107P20140000,development,False,False,0,0,0,38,15,1162,available,False,2024-11-05T09:31:00-05:00,2024-11-07T16:00:00-05:00,0.0,9647.039999999979,0.0,last_observed_quote_not_settlement,1036.0,8,14,4.5,647.0399999999779,2024-11-05T09:32:00-05:00,0.0,5.100000000000023,-552.9600000000676,2024-11-05T09:33:00-05:00,0.0,5.0499999999999545,-452.9599999999311,2024-11-05T09:36:00-05:00,0.0,4.5499999999999545,547.0400000000689,2024-11-05T09:41:00-05:00,0.0,4.600000000000023,447.0399999999325,2024-11-05T09:46:00-05:00,0.0,4.300000000000011,1047.0399999999552,2024-11-05T10:01:00-05:00,0.0,3.8999999999999773,1847.0400000000234,2024-11-05T10:31:00-05:00,0.0,4.300000000000011,1047.0399999999552,2024-11-05T11:31:00-05:00,0.0,4.0,1647.039999999978,2024-11-05T16:00:00-05:00,0.0,0.07500000000000007,9497.039999999979,2024-11-06T16:00:00-05:00,0.0,0.0,9647.039999999979,2024-11-07T16:00:00-05:00,0.0,,,,,0.0,hit,0.0,hit,20.0,hit,148.0,hit,402.0,hit,1440.0,hit,1446.0,hit,,never_hit,,never_hit,,never_hit,,never_hit,,never_hit,,never_hit,5.249999999999972,7,False,False,False,False,,5.249999999999972,8,False,False,False,False,,5.249999999999972,8,False,False,False,False,,5.249999999999972,8,False,False,False,False,,148.0,2024-11-05T11:59:00-05:00,2.599999999999966,4447.040000000046,1441.0,2024-11-06T09:32:00-05:00,1.1999999999999993,7247.039999999979,1442.0,2024-11-06T09:33:00-05:00,0.7500000000000036,8147.039999999971,149.0,2024-11-05T12:00:00-05:00,3.950000000000017,1747.0399999999438,402.0,2024-11-05T16:13:00-05:00,1.299999999999983,7047.040000000012,1441.0,2024-11-06T09:32:00-05:00,1.1999999999999993,7247.039999999979,1442.0,2024-11-06T09:33:00-05:00,0.7500000000000036,8147.039999999971,403.0,2024-11-05T16:14:00-05:00,3.1500000000000057,3347.0399999999668,1440.0,2024-11-06T09:31:00-05:00,0.8499999999999979,7947.039999999982,1443.0,2024-11-06T09:34:00-05:00,0.7000000000000011,8247.039999999977,1444.0,2024-11-06T09:35:00-05:00,0.8499999999999996,7947.039999999979,1441.0,2024-11-06T09:32:00-05:00,1.1999999999999993,7247.039999999979,1449.0,2024-11-06T09:40:00-05:00,0.39999999999999947,8847.039999999979,1488.0,2024-11-06T10:19:00-05:00,0.29999999999999893,9047.03999999998,1497.0,2024-11-06T10:28:00-05:00,0.40000000000000036,8847.039999999979,1450.0,2024-11-06T09:41:00-05:00,0.5,8647.039999999979,2211
2024-11-05,2024-11-07,2,6.0,2024-11-05T09:31:00-05:00,5.949999999999989,NDXP  241107P20320000,NDXP  241107P20310000,development,False,False,0,0,0,19,15,1181,available,False,2024-11-05T09:31:00-05:00,2024-11-07T16:00:00-05:00,0.0,11647.039999999979,0.0,last_observed_quote_not_settlement,1036.0,12,16,5.849999999999966,-52.959999999953816,2024-11-05T09:32:00-05:00,0.0,5.949999999999989,-252.9599999999993,2024-11-05T09:33:00-05:00,0.0,5.75,147.03999999997797,2024-11-05T09:36:00-05:00,0.0,5.550000000000011,547.0399999999552,2024-11-05T09:41:00-05:00,0.0,4.899999999999977,1847.0400000000234,2024-11-05T09:46:00-05:00,0.0,5.0499999999999545,1547.0400000000689,2024-11-05T10:01:00-05:00,0.0,8.800000000000011,-5952.960000000046,2024-11-05T10:31:00-05:00,0.0,5.100000000000023,1447.0399999999324,2024-11-05T11:31:00-05:00,0.0,5.0,1647.039999999978,2024-11-05T16:00:00-05:00,0.0,0.25,11147.039999999979,2024-11-06T16:00:00-05:00,0.0,0.0,11647.039999999979,2024-11-07T16:00:00-05:00,0.0,,,,,7.0,hit,7.0,hit,7.0,hit,7.0,hit,7.0,hit,11.0,hit,11.0,hit,20.0,hit,20.0,hit,20.0,hit,20.0,hit,96.0,hit,96.0,hit,5.949999999999989,0,False,False,False,False,,5.949999999999989,0,False,False,False,False,,5.949999999999989,0,False,False,False,False,,5.949999999999989,0,False,False,False,False,,7.0,2024-11-05T09:38:00-05:00,1.7500000000000568,8147.0399999998635,1441.0,2024-11-06T09:32:00-05:00,2.0500000000000043,7547.039999999969,1442.0,2024-11-06T09:33:00-05:00,2.049999999999997,7547.039999999984,8.0,2024-11-05T09:39:00-05:00,5.5499999999999545,547.0400000000689,7.0,2024-11-05T09:38:00-05:00,1.7500000000000568,8147.0399999998635,1444.0,2024-11-06T09:35:00-05:00,1.8999999999999986,7847.039999999981,1445.0,2024-11-06T09:36:00-05:00,1.8000000000000007,8047.039999999976,8.0,2024-11-05T09:39:00-05:00,5.5499999999999545,547.0400000000689,11.0,2024-11-05T09:42:00-05:00,0.4500000000000455,10747.039999999888,1492.0,2024-11-06T10:23:00-05:00,0.8500000000000014,9947.039999999975,1559.0,2024-11-06T11:30:00-05:00,0.9000000000000004,9847.039999999979,12.0,2024-11-05T09:43:00-05:00,6.100000000000023,-552.9600000000676,1678.0,2024-11-06T13:29:00-05:00,0.40000000000000036,10847.039999999979,1679.0,2024-11-06T13:30:00-05:00,0.4499999999999993,10747.03999999998,1680.0,2024-11-06T13:31:00-05:00,0.4499999999999993,10747.03999999998,1679.0,2024-11-06T13:30:00-05:00,0.4499999999999993,10747.03999999998,2212
2024-11-05,2024-11-07,2,7.0,2024-11-05T09:31:00-05:00,7.0,NDXP  241107P20260000,NDXP  241107P20250000,development,False,False,0,0,0,122,15,1078,available,False,2024-11-05T09:31:00-05:00,2024-11-07T16:00:00-05:00,0.0,13747.04,0.0,last_observed_quote_not_settlement,1036.0,2,4,5.150000000000034,3447.0399999999327,2024-11-05T09:32:00-05:00,0.0,5.599999999999909,2547.0400000001828,2024-11-05T09:33:00-05:00,0.0,5.5,2747.040000000001,2024-11-05T09:36:00-05:00,0.0,5.449999999999989,2847.0400000000236,2024-11-05T09:41:00-05:00,0.0,5.25,3247.040000000001,2024-11-05T09:46:00-05:00,0.0,4.899999999999977,3947.0400000000463,2024-11-05T10:01:00-05:00,0.0,5.050000000000011,3647.039999999978,2024-11-05T10:31:00-05:00,0.0,4.800000000000011,4147.039999999978,2024-11-05T11:31:00-05:00,0.0,4.600000000000023,4547.039999999955,2024-11-05T16:00:00-05:00,0.0,0.20000000000000018,13347.04,2024-11-06T16:00:00-05:00,0.0,0.0,13747.04,2024-11-07T16:00:00-05:00,0.0,,,,,1.0,hit,7.0,hit,26.0,hit,26.0,hit,26.0,hit,26.0,hit,26.0,hit,3.0,hit,3.0,hit,0.0,hit,3.0,hit,,never_hit,,never_hit,8.849999999999966,1,True,True,False,False,,8.849999999999966,1,True,True,False,False,,8.849999999999966,1,True,True,False,False,,8.849999999999966,1,True,True,False,False,,26.0,2024-11-05T09:57:00-05:00,0.35000000000002274,13047.039999999955,1441.0,2024-11-06T09:32:00-05:00,1.5,10747.04,1442.0,2024-11-06T09:33:00-05:00,1.6000000000000014,10547.039999999999,27.0,2024-11-05T09:58:00-05:00,5.25,3247.040000000001,26.0,2024-11-05T09:57:00-05:00,0.35000000000002274,13047.039999999955,1441.0,2024-11-06T09:32:00-05:00,1.5,10747.04,1442.0,2024-11-06T09:33:00-05:00,1.6000000000000014,10547.039999999999,27.0,2024-11-05T09:58:00-05:00,5.25,3247.040000000001,26.0,2024-11-05T09:57:00-05:00,0.35000000000002274,13047.039999999955,1491.0,2024-11-06T10:22:00-05:00,0.8500000000000014,12047.039999999999,1495.0,2024-11-06T10:26:00-05:00,0.8499999999999996,12047.040000000003,27.0,2024-11-05T09:58:00-05:00,5.25,3247.040000000001,26.0,2024-11-05T09:57:00-05:00,0.35000000000002274,13047.039999999955,1654.0,2024-11-06T13:05:00-05:00,0.4499999999999993,12847.040000000003,1655.0,2024-11-06T13:06:00-05:00,0.4499999999999993,12847.040000000003,27.0,2024-11-05T09:58:00-05:00,5.25,3247.040000000001,2213
2024-11-05,2024-11-08,3,5.0,2024-11-05T09:31:00-05:00,5.0,NDXP  241108P20250000,NDXP  241108P20240000,development,False,False,0,0,0,9,0,1596,available,False,2024-11-05T09:31:00-05:00,2024-11-08T15:56:00-05:00,0.0,9747.04,4.0,last_observed_quote_not_settlement,1036.0,25,29,5.0,-252.9599999999993,2024-11-05T09:32:00-05:00,0.0,5.4500000000000455,-1152.9600000000903,2024-11-05T09:33:00-05:00,0.0,5.899999999999977,-2052.9599999999537,2024-11-05T09:36:00-05:00,0.0,4.650000000000034,447.0399999999325,2024-11-05T09:41:00-05:00,0.0,5.149999999999977,-552.9599999999539,2024-11-05T09:46:00-05:00,0.0,4.649999999999977,447.0400000000462,2024-11-05T10:01:00-05:00,0.0,4.849999999999966,47.04000000006892,2024-11-05T10:31:00-05:00,0.0,4.5499999999999545,647.0400000000916,2024-11-05T11:31:00-05:00,0.0,4.400000000000006,947.0399999999893,2024-11-05T16:00:00-05:00,0.0,0.4499999999999993,8847.040000000003,2024-11-06T16:00:00-05:00,0.0,0.050000000000000044,9647.040000000003,2024-11-07T16:00:00-05:00,0.0,,,2024-11-08T15:56:00-05:00,240.0,0.0,hit,0.0,hit,78.0,hit,90.0,hit,147.0,hit,147.0,hit,147.0,hit,5.0,hit,41.0,hit,41.0,hit,41.0,hit,41.0,hit,,never_hit,9.350000000000023,20,True,True,True,True,,9.350000000000023,22,True,True,True,True,,9.350000000000023,22,True,True,True,True,,9.350000000000023,22,True,True,True,True,,90.0,2024-11-05T11:01:00-05:00,2.349999999999966,5047.040000000069,148.0,2024-11-05T11:59:00-05:00,0.75,8247.04,1442.0,2024-11-06T09:33:00-05:00,1.749999999999993,6247.0400000000145,91.0,2024-11-05T11:02:00-05:00,4.949999999999989,-152.95999999997656,147.0,2024-11-05T11:58:00-05:00,0.0,9747.04,148.0,2024-11-05T11:59:00-05:00,0.75,8247.04,1442.0,2024-11-06T09:33:00-05:00,1.749999999999993,6247.0400000000145,148.0,2024-11-05T11:59:00-05:00,0.75,8247.04,147.0,2024-11-05T11:58:00-05:00,0.0,9747.04,148.0,2024-11-05T11:59:00-05:00,0.75,8247.04,1570.0,2024-11-06T11:41:00-05:00,0.8499999999999979,8047.0400000000045,148.0,2024-11-05T11:59:00-05:00,0.75,8247.04,147.0,2024-11-05T11:58:00-05:00,0.0,9747.04,1777.0,2024-11-06T15:08:00-05:00,0.40000000000000036,8947.04,1789.0,2024-11-06T15:20:00-05:00,0.4499999999999993,8847.040000000003,148.0,2024-11-05T11:59:00-05:00,0.75,8247.04,2214
2024-11-05,2024-11-08,3,6.0,2024-11-05T09:31:00-05:00,6.0,NDXP  241108P19190000,NDXP  241108P19180000,development,False,False,0,0,0,8,0,1597,available,False,2024-11-05T09:31:00-05:00,2024-11-08T16:00:00-05:00,0.0,11747.04,0.0,last_observed_quote_not_settlement,1036.0,0,0,0.5999999999999979,10547.040000000006,2024-11-05T09:32:00-05:00,0.0,1.0500000000000007,9647.04,2024-11-05T09:33:00-05:00,0.0,0.8000000000000007,10147.04,2024-11-05T09:36:00-05:00,0.0,0.8999999999999986,9947.040000000005,2024-11-05T09:41:00-05:00,0.0,0.9500000000000028,9847.039999999995,2024-11-05T09:46:00-05:00,0.0,0.6999999999999957,10347.04000000001,2024-11-05T10:01:00-05:00,0.0,0.6499999999999986,10447.040000000005,2024-11-05T10:31:00-05:00,0.0,0.5499999999999972,10647.040000000008,2024-11-05T11:31:00-05:00,0.0,0.45000000000000284,10847.039999999995,2024-11-05T16:00:00-05:00,0.0,0.0,11747.04,2024-11-06T16:00:00-05:00,0.0,0.0,11747.04,2024-11-07T16:00:00-05:00,0.0,0.0,11747.04,2024-11-08T16:00:00-05:00,0.0,1.0,hit,1.0,hit,1.0,hit,1.0,hit,1.0,hit,1.0,hit,29.0,hit,,never_hit,,never_hit,,never_hit,,never_hit,,never_hit,,never_hit,6.0,0,False,False,False,False,,6.0,0,False,False,False,False,,6.0,0,False,False,False,False,,6.0,0,False,False,False,False,,1.0,2024-11-05T09:32:00-05:00,0.5999999999999979,10547.040000000006,2.0,2024-11-05T09:33:00-05:00,1.0500000000000007,9647.04,3.0,2024-11-05T09:34:00-05:00,1.0499999999999972,9647.040000000008,2.0,2024-11-05T09:33:00-05:00,1.0500000000000007,9647.04,1.0,2024-11-05T09:32:00-05:00,0.5999999999999979,10547.040000000006,2.0,2024-11-05T09:33:00-05:00,1.0500000000000007,9647.04,3.0,2024-11-05T09:34:00-05:00,1.0499999999999972,9647.040000000008,2.0,2024-11-05T09:33:00-05:00,1.0500000000000007,9647.04,1.0,2024-11-05T09:32:00-05:00,0.5999999999999979,10547.040000000006,5.0,2024-11-05T09:36:00-05:00,0.8000000000000007,10147.04,10.0,2024-11-05T09:41:00-05:00,0.8999999999999986,9947.040000000005,2.0,2024-11-05T09:33:00-05:00,1.0500000000000007,9647.04,29.0,2024-11-05T10:00:00-05:00,0.0,11747.04,152.0,2024-11-05T12:03:00-05:00,0.44999999999999574,10847.04000000001,194.0,2024-11-05T12:45:00-05:00,0.4499999999999993,10847.040000000003,30.0,2024-11-05T10:01:00-05:00,0.6999999999999957,10347.04000000001,2215
2024-11-05,2024-11-08,3,7.0,2024-11-05T09:31:00-05:00,6.949999999999932,NDXP  241108P20150000,NDXP  241108P20140000,development,False,False,0,0,0,25,0,1580,available,False,2024-11-05T09:31:00-05:00,2024-11-08T16:00:00-05:00,0.0,13647.039999999864,0.0,last_observed_quote_not_settlement,1036.0,1,2,4.25,5147.039999999864,2024-11-05T09:32:00-05:00,0.0,4.699999999999989,4247.039999999887,2024-11-05T09:33:00-05:00,0.0,5.000000000000057,3647.0399999997508,2024-11-05T09:36:00-05:00,0.0,4.349999999999966,4947.039999999933,2024-11-05T09:41:00-05:00,0.0,4.650000000000034,4347.039999999796,2024-11-05T09:46:00-05:00,0.0,4.25,5147.039999999864,2024-11-05T10:01:00-05:00,0.0,4.5,4647.039999999864,2024-11-05T10:31:00-05:00,0.0,4.2000000000000455,5247.0399999997735,2024-11-05T11:31:00-05:00,0.0,3.8499999999999943,5947.039999999875,2024-11-05T16:00:00-05:00,0.0,0.20000000000000018,13247.039999999864,2024-11-06T16:00:00-05:00,0.0,0.0,13647.039999999864,2024-11-07T16:00:00-05:00,0.0,0.0,13647.039999999864,2024-11-08T16:00:00-05:00,0.0,1.0,hit,1.0,hit,29.0,hit,147.0,hit,147.0,hit,147.0,hit,148.0,hit,,never_hit,,never_hit,26.0,hit,,never_hit,,never_hit,,never_hit,7.399999999999977,1,True,False,False,False,,7.399999999999977,1,True,False,False,False,,7.399999999999977,1,True,False,False,False,,7.399999999999977,1,True,False,False,False,,147.0,2024-11-05T11:58:00-05:00,0.700000000000017,12247.039999999832,148.0,2024-11-05T11:59:00-05:00,0.35000000000002274,12947.039999999819,1442.0,2024-11-06T09:33:00-05:00,1.1999999999999957,11247.039999999874,148.0,2024-11-05T11:59:00-05:00,0.35000000000002274,12947.039999999819,147.0,2024-11-05T11:58:00-05:00,0.700000000000017,12247.039999999832,148.0,2024-11-05T11:59:00-05:00,0.35000000000002274,12947.039999999819,1442.0,2024-11-06T09:33:00-05:00,1.1999999999999957,11247.039999999874,148.0,2024-11-05T11:59:00-05:00,0.35000000000002274,12947.039999999819,147.0,2024-11-05T11:58:00-05:00,0.700000000000017,12247.039999999832,148.0,2024-11-05T11:59:00-05:00,0.35000000000002274,12947.039999999819,1448.0,2024-11-06T09:39:00-05:00,0.75,12147.039999999864,148.0,2024-11-05T11:59:00-05:00,0.35000000000002274,12947.039999999819,148.0,2024-11-05T11:59:00-05:00,0.35000000000002274,12947.039999999819,1513.0,2024-11-06T10:44:00-05:00,0.4499999999999993,12747.039999999866,1670.0,2024-11-06T13:21:00-05:00,0.40000000000000036,12847.039999999864,149.0,2024-11-05T12:00:00-05:00,4.050000000000011,5547.039999999842,2216
2024-11-06,2024-11-08,2,5.0,2024-11-06T09:31:00-05:00,5.050000000000011,NDXP  241108P20600000,NDXP  241108P20590000,development,False,False,0,0,0,67,0,1133,available,False,2024-11-06T09:31:00-05:00,2024-11-08T16:00:00-05:00,0.0,9847.040000000025,0.0,last_observed_quote_not_settlement,1036.0,3,6,4.199999999999989,1447.0400000000461,2024-11-06T09:32:00-05:00,0.0,4.5,847.0400000000234,2024-11-06T09:33:00-05:00,0.0,3.6000000000000227,2647.039999999978,2024-11-06T09:36:00-05:00,0.0,3.4499999999999886,2947.0400000000463,2024-11-06T09:41:00-05:00,0.0,4.0,1847.0400000000234,2024-11-06T09:46:00-05:00,0.0,4.450000000000017,947.0399999999893,2024-11-06T10:01:00-05:00,0.0,3.4499999999999886,2947.0400000000463,2024-11-06T10:31:00-05:00,0.0,3.549999999999997,2747.040000000029,2024-11-06T11:31:00-05:00,0.0,2.4000000000000057,5047.040000000012,2024-11-06T16:00:00-05:00,0.0,0.10000000000000053,9647.040000000023,2024-11-07T16:00:00-05:00,0.0,0.0,9847.040000000025,2024-11-08T16:00:00-05:00,0.0,,,,,0.0,hit,1.0,hit,3.0,hit,46.0,hit,378.0,hit,1442.0,hit,1515.0,hit,16.0,hit,92.0,hit,,never_hit,,never_hit,,never_hit,,never_hit,5.850000000000023,1,False,False,False,False,,6.800000000000011,3,False,False,False,False,,6.800000000000011,3,False,False,False,False,,6.800000000000011,3,False,False,False,False,,46.0,2024-11-06T10:17:00-05:00,2.450000000000003,4947.040000000018,220.0,2024-11-06T13:11:00-05:00,2.9499999999999886,3947.0400000000463,221.0,2024-11-06T13:12:00-05:00,2.9499999999999886,3947.0400000000463,47.0,2024-11-06T10:18:00-05:00,3.5,2847.0400000000236,391.0,2024-11-06T16:02:00-05:00,1.1499999999999986,7547.040000000026,1441.0,2024-11-07T09:32:00-05:00,1.1000000000000014,7647.040000000021,1442.0,2024-11-07T09:33:00-05:00,0.8999999999999986,8047.040000000026,392.0,2024-11-06T16:03:00-05:00,2.1000000000000085,5647.040000000006,1442.0,2024-11-07T09:33:00-05:00,0.8999999999999986,8047.040000000026,1446.0,2024-11-07T09:37:00-05:00,0.7999999999999972,8247.04000000003,1447.0,2024-11-07T09:38:00-05:00,0.8999999999999986,8047.040000000026,1443.0,2024-11-07T09:34:00-05:00,1.0,7847.040000000024,1519.0,2024-11-07T10:50:00-05:00,0.4499999999999993,8947.040000000026,1531.0,2024-11-07T11:02:00-05:00,0.4499999999999993,8947.040000000026,1546.0,2024-11-07T11:17:00-05:00,0.4499999999999993,8947.040000000026,1520.0,2024-11-07T10:51:00-05:00,0.5,8847.040000000025,2217
2024-11-06,2024-11-08,2,6.0,2024-11-06T09:31:00-05:00,6.050000000000011,NDXP  241108P20670000,NDXP  241108P20660000,development,False,False,0,0,0,2,0,1198,available,False,2024-11-06T09:31:00-05:00,2024-11-08T16:00:00-05:00,0.0,11847.040000000025,0.0,last_observed_quote_not_settlement,1036.0,4,8,5.800000000000011,247.04000000000067,2024-11-06T09:32:00-05:00,0.0,5.399999999999977,1047.0400000000689,2024-11-06T09:33:00-05:00,0.0,4.599999999999994,2647.040000000035,2024-11-06T09:36:00-05:00,0.0,4.599999999999994,2647.040000000035,2024-11-06T09:41:00-05:00,0.0,4.650000000000006,2547.0400000000122,2024-11-06T09:46:00-05:00,0.0,5.099999999999994,1647.0400000000348,2024-11-06T10:01:00-05:00,0.0,4.049999999999997,3747.040000000029,2024-11-06T10:31:00-05:00,0.0,4.650000000000006,2547.0400000000122,2024-11-06T11:31:00-05:00,0.0,3.049999999999997,5747.040000000029,2024-11-06T16:00:00-05:00,0.0,0.1499999999999999,11547.040000000023,2024-11-07T16:00:00-05:00,0.0,0.0,11847.040000000025,2024-11-08T16:00:00-05:00,0.0,,,,,2.0,hit,3.0,hit,19.0,hit,19.0,hit,62.0,hit,62.0,hit,1502.0,hit,46.0,hit,,never_hit,,never_hit,,never_hit,,never_hit,,never_hit,6.050000000000011,0,False,False,False,False,,6.75,4,False,False,False,False,,6.75,4,False,False,False,False,,6.75,4,False,False,False,False,,19.0,2024-11-06T09:50:00-05:00,2.700000000000017,6447.039999999989,189.0,2024-11-06T12:40:00-05:00,1.6500000000000057,8547.040000000014,342.0,2024-11-06T15:13:00-05:00,2.9000000000000057,6047.040000000012,20.0,2024-11-06T09:51:00-05:00,4.800000000000011,2247.040000000001,62.0,2024-11-06T10:33:00-05:00,0.9499999999999886,9947.040000000046,1441.0,2024-11-07T09:32:00-05:00,1.3999999999999986,9047.040000000026,1442.0,2024-11-07T09:33:00-05:00,1.4000000000000021,9047.04000000002,63.0,2024-11-06T10:34:00-05:00,4.299999999999983,3247.0400000000577,62.0,2024-11-06T10:33:00-05:00,0.9499999999999886,9947.040000000046,1474.0,2024-11-07T10:05:00-05:00,0.9499999999999957,9947.040000000034,1475.0,2024-11-07T10:06:00-05:00,0.8999999999999986,10047.040000000026,63.0,2024-11-06T10:34:00-05:00,4.299999999999983,3247.0400000000577,1502.0,2024-11-07T10:33:00-05:00,0.04999999999999716,11747.04000000003,1705.0,2024-11-07T13:56:00-05:00,0.40000000000000213,11047.04000000002,1715.0,2024-11-07T14:06:00-05:00,0.3999999999999986,11047.040000000026,1503.0,2024-11-07T10:34:00-05:00,1.0,9847.040000000025,2218
2024-11-06,2024-11-08,2,7.0,2024-11-06T09:31:00-05:00,7.0,NDXP  241108P20690000,NDXP  241108P20680000,development,False,False,0,0,0,7,0,1193,available,False,2024-11-06T09:31:00-05:00,2024-11-08T16:00:00-05:00,0.0,13747.04,0.0,last_observed_quote_not_settlement,1036.0,3,6,5.699999999999989,2347.0400000000236,2024-11-06T09:32:00-05:00,0.0,5.550000000000011,2647.039999999978,2024-11-06T09:33:00-05:00,0.0,4.649999999999977,4447.040000000046,2024-11-06T09:36:00-05:00,0.0,4.5,4747.040000000001,2024-11-06T09:41:00-05:00,0.0,5.550000000000011,2647.039999999978,2024-11-06T09:46:00-05:00,0.0,5.599999999999994,2547.0400000000122,2024-11-06T10:01:00-05:00,0.0,4.25,5247.040000000001,2024-11-06T10:31:00-05:00,0.0,4.650000000000034,4447.039999999933,2024-11-06T11:31:00-05:00,0.0,3.249999999999986,7247.040000000029,2024-11-06T16:00:00-05:00,0.0,0.20000000000000018,13347.04,2024-11-07T16:00:00-05:00,0.0,0.0,13747.04,2024-11-08T16:00:00-05:00,0.0,,,,,3.0,hit,5.0,hit,6.0,hit,47.0,hit,47.0,hit,74.0,hit,1584.0,hit,22.0,hit,22.0,hit,0.0,hit,22.0,hit,,never_hit,,never_hit,8.0,1,True,True,False,False,,8.0,1,True,True,False,False,,8.0,2,True,True,False,False,,8.0,3,True,True,False,False,,47.0,2024-11-06T10:18:00-05:00,1.6500000000000057,10447.03999999999,379.0,2024-11-06T15:50:00-05:00,2.700000000000003,8347.039999999995,1442.0,2024-11-07T09:33:00-05:00,1.5500000000000043,10647.039999999994,48.0,2024-11-06T10:19:00-05:00,4.699999999999989,4347.040000000024,47.0,2024-11-06T10:18:00-05:00,1.6500000000000057,10447.03999999999,1441.0,2024-11-07T09:32:00-05:00,1.5999999999999943,10547.040000000014,1442.0,2024-11-07T09:33:00-05:00,1.5500000000000043,10647.039999999994,48.0,2024-11-06T10:19:00-05:00,4.699999999999989,4347.040000000024,74.0,2024-11-06T10:45:00-05:00,0.5999999999999943,12547.040000000014,1498.0,2024-11-07T10:29:00-05:00,0.9000000000000021,11947.039999999997,1517.0,2024-11-07T10:48:00-05:00,0.7999999999999972,12147.040000000008,75.0,2024-11-06T10:46:00-05:00,4.899999999999977,3947.0400000000463,1622.0,2024-11-07T12:33:00-05:00,0.10000000000000142,13547.039999999999,1718.0,2024-11-07T14:09:00-05:00,0.3999999999999986,12947.040000000005,1719.0,2024-11-07T14:10:00-05:00,0.3999999999999986,12947.040000000005,1623.0,2024-11-07T12:34:00-05:00,0.6500000000000004,12447.04,2219
2024-11-08,2024-11-11,3,5.0,2024-11-08T09:31:00-05:00,5.050000000000004,NDXP  241111P21050000,NDXP  241111P21040000,development,False,False,0,0,0,0,0,795,available,False,2024-11-08T09:31:00-05:00,2024-11-11T16:00:00-05:00,0.0,9847.04000000001,0.0,last_observed_quote_not_settlement,3916.0,38,6,3.8499999999999943,2147.0400000000204,2024-11-08T09:32:00-05:00,0.0,3.1500000000000057,3547.0399999999977,2024-11-08T09:33:00-05:00,0.0,3.6000000000000085,2647.0399999999922,2024-11-08T09:36:00-05:00,0.0,3.75,2347.040000000009,2024-11-08T09:41:00-05:00,0.0,4.050000000000011,1747.0399999999865,2024-11-08T09:46:00-05:00,0.0,3.5999999999999943,2647.0400000000204,2024-11-08T10:01:00-05:00,0.0,3.6499999999999915,2547.0400000000263,2024-11-08T10:31:00-05:00,0.0,3.299999999999997,3247.040000000015,2024-11-08T11:31:00-05:00,0.0,2.700000000000003,4447.040000000004,2024-11-08T16:00:00-05:00,0.0,,,2024-11-08T16:15:00-05:00,85500.0,,,2024-11-08T16:15:00-05:00,171900.0,0.0,9847.04000000001,2024-11-11T16:00:00-05:00,0.0,0.0,hit,1.0,hit,1.0,hit,68.0,hit,4320.0,hit,4669.0,hit,4684.0,hit,4530.0,hit,4532.0,hit,4532.0,hit,,never_hit,,never_hit,,never_hit,5.1000000000000085,1,False,False,False,False,,5.1000000000000085,1,False,False,False,False,,7.600000000000001,38,True,False,False,False,,7.600000000000001,38,True,False,False,False,,68.0,2024-11-08T10:39:00-05:00,2.3999999999999986,5047.040000000012,217.0,2024-11-08T13:08:00-05:00,2.799999999999997,4247.0400000000145,218.0,2024-11-08T13:09:00-05:00,2.799999999999997,4247.0400000000145,69.0,2024-11-08T10:40:00-05:00,3.8000000000000043,2247.040000000001,4320.0,2024-11-11T09:31:00-05:00,1.6500000000000021,6547.0400000000045,4321.0,2024-11-11T09:32:00-05:00,1.25,7347.040000000009,4322.0,2024-11-11T09:33:00-05:00,1.75,6347.040000000009,4321.0,2024-11-11T09:32:00-05:00,1.25,7347.040000000009,4672.0,2024-11-11T15:23:00-05:00,0.8250000000000002,8197.04000000001,4673.0,2024-11-11T15:24:00-05:00,0.825,8197.04000000001,4674.0,2024-11-11T15:25:00-05:00,0.9000000000000001,8047.040000000008,4673.0,2024-11-11T15:24:00-05:00,0.825,8197.04000000001,4686.0,2024-11-11T15:37:00-05:00,0.25,9347.04000000001,4689.0,2024-11-11T15:40:00-05:00,0.27500000000000013,9297.04000000001,4690.0,2024-11-11T15:41:00-05:00,0.27500000000000013,9297.04000000001,4687.0,2024-11-11T15:38:00-05:00,0.45000000000000007,8947.04000000001,2220
2024-11-08,2024-11-11,3,6.0,2024-11-08T09:31:00-05:00,5.849999999999994,NDXP  241111P21170000,NDXP  241111P21160000,development,False,False,0,0,0,90,0,704,available,False,2024-11-08T09:31:00-05:00,2024-11-11T15:59:00-05:00,10.0,-8452.96000000001,1.0,last_observed_quote_not_settlement,3916.0,523,52,5.900000000000006,-352.96000000002203,2024-11-08T09:32:00-05:00,0.0,6.25,-1052.9600000000107,2024-11-08T09:33:00-05:00,0.0,5.549999999999997,347.039999999995,2024-11-08T09:36:00-05:00,0.0,5.349999999999994,747.0400000000006,2024-11-08T09:41:00-05:00,0.0,6.400000000000034,-1352.960000000079,2024-11-08T09:46:00-05:00,0.0,5.700000000000003,47.03999999998366,2024-11-08T10:01:00-05:00,0.0,6.599999999999994,-1752.9599999999994,2024-11-08T10:31:00-05:00,0.0,6.0,-552.9600000000107,2024-11-08T11:31:00-05:00,0.0,5.549999999999997,347.039999999995,2024-11-08T16:00:00-05:00,0.0,,,2024-11-08T16:15:00-05:00,85500.0,,,2024-11-08T16:15:00-05:00,171900.0,,,2024-11-11T15:59:00-05:00,60.0,6.0,hit,248.0,hit,,never_hit,,never_hit,,never_hit,,never_hit,,never_hit,15.0,hit,41.0,hit,41.0,hit,4339.0,hit,4452.0,hit,4482.0,hit,,,True,True,True,False,1.75,,,True,True,True,False,1.75,,,True,True,True,False,1.75,,,True,True,True,False,1.75,,,,,,,,,,,,,,,,,,,,,,,,,,,,,,,,,,,,,,,,,,,,,,,,,,,,,,,,,,,,,,,,,2221
2024-11-08,2024-11-11,3,7.0,2024-11-08T09:31:00-05:00,7.000000000000028,NDXP  241111P21230000,NDXP  241111P21220000,development,False,False,0,0,0,104,0,690,available,False,2024-11-08T09:31:00-05:00,2024-11-11T15:59:00-05:00,10.0,-6152.959999999943,1.0,last_observed_quote_not_settlement,3916.0,577,57,7.300000000000011,-852.9599999999652,2024-11-08T09:32:00-05:00,0.0,7.699999999999989,-1652.9599999999198,2024-11-08T09:33:00-05:00,0.0,7.0,-252.95999999994245,2024-11-08T09:36:00-05:00,0.0,6.349999999999994,1047.0400000000689,2024-11-08T09:41:00-05:00,0.0,7.599999999999994,-1452.9599999999311,2024-11-08T09:46:00-05:00,0.0,6.849999999999994,47.04000000006892,2024-11-08T10:01:00-05:00,0.0,7.949999999999989,-2152.9599999999195,2024-11-08T10:31:00-05:00,0.0,7.699999999999989,-1652.9599999999198,2024-11-08T11:31:00-05:00,0.0,7.75,-1752.9599999999425,2024-11-08T16:00:00-05:00,0.0,,,2024-11-08T16:15:00-05:00,85500.0,,,2024-11-08T16:15:00-05:00,171900.0,,,2024-11-11T15:59:00-05:00,60.0,,never_hit,,never_hit,,never_hit,,never_hit,,never_hit,,never_hit,,never_hit,2.0,hit,35.0,hit,0.0,hit,27.0,hit,93.0,hit,93.0,hit,,,True,True,True,False,0.9000000000000057,,,True,True,True,False,0.9000000000000057,,,True,True,True,False,0.9000000000000057,,,True,True,True,False,0.9000000000000057,,,,,,,,,,,,,,,,,,,,,,,,,,,,,,,,,,,,,,,,,,,,,,,,,,,,,,,,,,,,,,,,,2222
2024-11-11,2024-11-13,2,5.0,2024-11-11T09:31:00-05:00,5.0,NDXP  241113P21190000,NDXP  241113P21180000,development,False,False,0,0,0,50,0,1149,available,False,2024-11-11T09:31:00-05:00,2024-11-13T15:59:00-05:00,10.0,-10152.96,1.0,last_observed_quote_not_settlement,1036.0,1086,25,4.849999999999994,47.04000000001208,2024-11-11T09:32:00-05:00,0.0,4.900000000000006,-52.96000000001066,2024-11-11T09:33:00-05:00,0.0,4.900000000000006,-52.96000000001066,2024-11-11T09:36:00-05:00,0.0,4.0,1747.0400000000006,2024-11-11T09:41:00-05:00,0.0,6.0,-2252.959999999999,2024-11-11T09:46:00-05:00,0.0,6.350000000000023,-2952.9600000000446,2024-11-11T10:01:00-05:00,0.0,5.900000000000006,-2052.9600000000105,2024-11-11T10:31:00-05:00,0.0,7.75,-5752.959999999999,2024-11-11T11:31:00-05:00,0.0,6.200000000000017,-2652.9600000000332,2024-11-11T16:00:00-05:00,0.0,7.050000000000011,-4352.960000000022,2024-11-12T16:00:00-05:00,0.0,,,2024-11-13T15:59:00-05:00,60.0,,,,,0.0,hit,0.0,hit,8.0,hit,,never_hit,,never_hit,,never_hit,,never_hit,11.0,hit,15.0,hit,46.0,hit,79.0,hit,117.0,hit,229.0,hit,,,True,True,True,False,1.3000000000000114,,,True,True,True,False,1.3000000000000114,,,True,True,True,False,1.3000000000000114,,,True,True,True,False,1.3000000000000114,,,,,,,,,,,,,,,,,,,,,,,,,,,,,,,,,,,,,,,,,,,,,,,,,,,,,,,,,,,,,,,,,2223
2024-11-11,2024-11-13,2,6.0,2024-11-11T09:31:00-05:00,6.0,NDXP  241113P21270000,NDXP  241113P21260000,development,False,False,0,0,0,111,0,1088,available,False,2024-11-11T09:31:00-05:00,2024-11-13T15:58:00-05:00,10.0,-8152.96,2.0,last_observed_quote_not_settlement,1036.0,975,53,6.0,-252.9599999999993,2024-11-11T09:32:00-05:00,0.0,6.300000000000011,-852.9600000000221,2024-11-11T09:33:00-05:00,0.0,6.099999999999966,-452.9599999999311,2024-11-11T09:36:00-05:00,0.0,6.449999999999989,-1152.9599999999766,2024-11-11T09:41:00-05:00,0.0,7.099999999999994,-2452.9599999999878,2024-11-11T09:46:00-05:00,0.0,7.449999999999989,-3152.9599999999764,2024-11-11T10:01:00-05:00,0.0,7.849999999999994,-3952.9599999999878,2024-11-11T10:31:00-05:00,0.0,7.0,-2252.959999999999,2024-11-11T11:31:00-05:00,0.0,6.149999999999977,-552.9599999999539,2024-11-11T16:00:00-05:00,0.0,8.300000000000011,-4852.960000000024,2024-11-12T16:00:00-05:00,0.0,,,2024-11-13T15:58:00-05:00,120.0,,,,,3.0,hit,40.0,hit,40.0,hit,,never_hit,,never_hit,,never_hit,,never_hit,12.0,hit,14.0,hit,14.0,hit,37.0,hit,123.0,hit,123.0,hit,,,True,True,True,False,2.6500000000000057,,,True,True,True,False,2.6500000000000057,,,True,True,True,False,2.6500000000000057,,,True,True,True,False,2.6500000000000057,,,,,,,,,,,,,,,,,,,,,,,,,,,,,,,,,,,,,,,,,,,,,,,,,,,,,,,,,,,,,,,,,2224
2024-11-11,2024-11-13,2,7.0,2024-11-11T09:31:00-05:00,6.800000000000011,NDXP  241113P21340000,NDXP  241113P21330000,development,False,False,0,0,0,141,0,1058,available,False,2024-11-11T09:31:00-05:00,2024-11-13T15:59:00-05:00,9.75,-6152.959999999978,1.0,last_observed_quote_not_settlement,1036.0,939,37,6.550000000000011,247.04000000000067,2024-11-11T09:32:00-05:00,0.0,7.2999999999999545,-1252.9599999998857,2024-11-11T09:33:00-05:00,0.0,6.349999999999994,647.0400000000348,2024-11-11T09:36:00-05:00,0.0,7.400000000000034,-1452.9600000000448,2024-11-11T09:41:00-05:00,0.0,8.399999999999977,-3452.9599999999327,2024-11-11T09:46:00-05:00,0.0,8.699999999999989,-4052.9599999999555,2024-11-11T10:01:00-05:00,0.0,8.199999999999989,-3052.9599999999555,2024-11-11T10:31:00-05:00,0.0,6.5,347.04000000002344,2024-11-11T11:31:00-05:00,0.0,8.650000000000006,-3952.9599999999896,2024-11-11T16:00:00-05:00,0.0,9.0,-4652.959999999978,2024-11-12T16:00:00-05:00,0.0,,,2024-11-13T15:59:00-05:00,60.0,,,,,14.0,hit,14.0,hit,,never_hit,,never_hit,,never_hit,,never_hit,,never_hit,4.0,hit,4.0,hit,2.0,hit,15.0,hit,61.0,hit,136.0,hit,,,True,True,True,False,2.6500000000000057,,,True,True,True,False,2.6500000000000057,,,True,True,True,False,2.6500000000000057,,,True,True,True,False,2.6500000000000057,,,,,,,,,,,,,,,,,,,,,,,,,,,,,,,,,,,,,,,,,,,,,,,,,,,,,,,,,,,,,,,,,2225
2024-11-11,2024-11-14,3,5.0,2024-11-11T09:31:00-05:00,5.0,NDXP  241114P21190000,NDXP  241114P21180000,development,False,False,0,0,0,74,0,1531,available,False,2024-11-11T09:31:00-05:00,2024-11-14T16:00:00-05:00,10.0,-10152.96,0.0,last_observed_quote_not_settlement,1036.0,1440,43,4.800000000000011,147.03999999997797,2024-11-11T09:32:00-05:00,0.0,4.800000000000011,147.03999999997797,2024-11-11T09:33:00-05:00,0.0,4.849999999999994,47.04000000001208,2024-11-11T09:36:00-05:00,0.0,5.150000000000034,-552.9600000000676,2024-11-11T09:41:00-05:00,0.0,4.0,1747.0400000000006,2024-11-11T09:46:00-05:00,0.0,6.199999999999989,-2652.9599999999764,2024-11-11T10:01:00-05:00,0.0,5.699999999999989,-1652.9599999999766,2024-11-11T10:31:00-05:00,0.0,5.800000000000011,-1852.960000000022,2024-11-11T11:31:00-05:00,0.0,5.199999999999989,-652.9599999999766,2024-11-11T16:00:00-05:00,0.0,6.699999999999989,-3652.9599999999764,2024-11-12T16:00:00-05:00,0.0,9.850000000000023,-9952.960000000046,2024-11-13T16:00:00-05:00,0.0,10.0,-10152.96,2024-11-14T16:00:00-05:00,0.0,0.0,hit,0.0,hit,15.0,hit,1483.0,hit,,never_hit,,never_hit,,never_hit,14.0,hit,21.0,hit,21.0,hit,37.0,hit,1679.0,hit,1679.0,hit,8.900000000000006,427,True,True,False,False,,,,True,True,True,False,2.6500000000000057,,,True,True,True,False,2.6500000000000057,,,True,True,True,False,2.6500000000000057,1483.0,2024-11-12T10:14:00-05:00,2.3499999999999943,5047.040000000012,,,,,,,,,1484.0,2024-11-12T10:15:00-05:00,5.400000000000006,-1052.9600000000107,,,,,,,,,,,,,,,,,,,,,,,,,,,,,,,,,,,,,,,,,,,,,,,,,2226
2024-11-11,2024-11-14,3,6.0,2024-11-11T09:31:00-05:00,5.949999999999989,NDXP  241114P21290000,NDXP  241114P21280000,development,False,False,0,0,0,113,0,1492,available,False,2024-11-11T09:31:00-05:00,2024-11-14T16:00:00-05:00,10.0,-8252.960000000021,0.0,last_observed_quote_not_settlement,1037.0,1373,40,6.149999999999977,-652.9599999999766,2024-11-11T09:32:00-05:00,0.0,6.300000000000011,-952.9600000000448,2024-11-11T09:33:00-05:00,0.0,6.399999999999977,-1152.9599999999766,2024-11-11T09:36:00-05:00,0.0,6.149999999999977,-652.9599999999766,2024-11-11T09:41:00-05:00,0.0,6.899999999999977,-2152.9599999999764,2024-11-11T09:46:00-05:00,0.0,7.250000000000057,-2852.9600000001356,2024-11-11T10:01:00-05:00,0.0,6.899999999999977,-2152.9599999999764,2024-11-11T10:31:00-05:00,0.0,7.050000000000011,-2452.9600000000446,2024-11-11T11:31:00-05:00,0.0,8.5,-5352.960000000024,2024-11-11T16:00:00-05:00,0.0,7.800000000000011,-3952.9600000000446,2024-11-12T16:00:00-05:00,0.0,9.300000000000011,-6952.960000000046,2024-11-13T16:00:00-05:00,0.0,10.0,-8252.960000000021,2024-11-14T16:00:00-05:00,0.0,13.0,hit,50.0,hit,97.0,hit,,never_hit,,never_hit,,never_hit,,never_hit,7.0,hit,8.0,hit,8.0,hit,28.0,hit,28.0,hit,229.0,hit,,,True,True,True,False,2.1999999999999886,,,True,True,True,False,2.1999999999999886,,,True,True,True,False,2.1999999999999886,,,True,True,True,False,2.1999999999999886,,,,,,,,,,,,,,,,,,,,,,,,,,,,,,,,,,,,,,,,,,,,,,,,,,,,,,,,,,,,,,,,,2227
2024-11-11,2024-11-14,3,7.0,2024-11-11T09:31:00-05:00,7.099999999999994,NDXP  241114P21380000,NDXP  241114P21370000,development,False,False,0,0,0,250,0,1355,available,False,2024-11-11T09:31:00-05:00,2024-11-14T16:00:00-05:00,10.0,-5952.960000000011,0.0,last_observed_quote_not_settlement,1037.0,1130,97,7.199999999999989,-452.95999999998793,2024-11-11T09:32:00-05:00,0.0,6.199999999999989,1547.040000000012,2024-11-11T09:33:00-05:00,0.0,8.299999999999983,-2652.959999999978,2024-11-11T09:36:00-05:00,0.0,7.4500000000000455,-952.9600000001017,2024-11-11T09:41:00-05:00,0.0,8.399999999999977,-2852.959999999967,2024-11-11T09:46:00-05:00,0.0,8.149999999999977,-2352.959999999967,2024-11-11T10:01:00-05:00,0.0,8.0,-2052.9600000000123,2024-11-11T10:31:00-05:00,0.0,8.099999999999966,-2252.959999999944,2024-11-11T11:31:00-05:00,0.0,8.649999999999977,-3352.959999999967,2024-11-11T16:00:00-05:00,0.0,8.25,-2552.9600000000123,2024-11-12T16:00:00-05:00,0.0,9.75,-5552.960000000013,2024-11-13T16:00:00-05:00,0.0,10.0,-5952.960000000011,2024-11-14T16:00:00-05:00,0.0,1462.0,hit,1472.0,hit,,never_hit,,never_hit,,never_hit,,never_hit,,never_hit,4.0,hit,4.0,hit,0.0,hit,4.0,hit,89.0,hit,89.0,hit,,,True,True,True,False,3.0500000000000114,,,True,True,True,False,3.0500000000000114,,,True,True,True,False,3.0500000000000114,,,True,True,True,False,3.0500000000000114,,,,,,,,,,,,,,,,,,,,,,,,,,,,,,,,,,,,,,,,,,,,,,,,,,,,,,,,,,,,,,,,,2228
2024-11-12,2024-11-14,2,5.0,2024-11-12T09:31:00-05:00,4.949999999999989,NDXP  241114P21130000,NDXP  241114P21120000,development,False,False,0,0,0,59,0,1141,available,False,2024-11-12T09:31:00-05:00,2024-11-14T16:00:00-05:00,8.0,-6352.960000000024,0.0,last_observed_quote_not_settlement,1036.0,954,72,4.949999999999989,-252.9599999999993,2024-11-12T09:32:00-05:00,0.0,6.699999999999989,-3752.959999999999,2024-11-12T09:33:00-05:00,0.0,4.599999999999994,447.03999999998933,2024-11-12T09:36:00-05:00,0.0,4.5,647.0399999999779,2024-11-12T09:41:00-05:00,0.0,5.0,-352.96000000002203,2024-11-12T09:46:00-05:00,0.0,4.500000000000014,647.0399999999495,2024-11-12T10:01:00-05:00,0.0,4.900000000000006,-152.9600000000334,2024-11-12T10:31:00-05:00,0.0,5.300000000000011,-952.9600000000448,2024-11-12T11:31:00-05:00,0.0,5.199999999999989,-752.9599999999994,2024-11-12T16:00:00-05:00,0.0,6.550000000000011,-3452.9600000000446,2024-11-13T16:00:00-05:00,0.0,8.0,-6352.960000000024,2024-11-14T16:00:00-05:00,0.0,,,,,0.0,hit,0.0,hit,69.0,hit,69.0,hit,,never_hit,,never_hit,,never_hit,2.0,hit,2.0,hit,129.0,hit,135.0,hit,211.0,hit,211.0,hit,6.699999999999989,19,False,False,False,False,,,,True,True,True,False,2.4999999999999716,,,True,True,True,False,2.4999999999999716,,,True,True,True,False,2.4999999999999716,69.0,2024-11-12T10:40:00-05:00,2.450000000000017,4747.039999999944,,,,,,,,,70.0,2024-11-12T10:41:00-05:00,4.3999999999999915,847.039999999995,,,,,,,,,,,,,,,,,,,,,,,,,,,,,,,,,,,,,,,,,,,,,,,,,2229
2024-11-12,2024-11-14,2,6.0,2024-11-12T09:31:00-05:00,6.0,NDXP  241114P21520000,NDXP  241114P21510000,development,False,False,0,0,0,183,0,1017,available,False,2024-11-12T09:31:00-05:00,2024-11-14T15:59:00-05:00,10.0,-8152.96,1.0,last_observed_quote_not_settlement,1036.0,882,14,9.350000000000023,-6952.960000000046,2024-11-12T09:32:00-05:00,0.0,9.299999999999955,-6852.95999999991,2024-11-12T09:33:00-05:00,0.0,9.300000000000011,-6852.960000000024,2024-11-12T09:36:00-05:00,0.0,8.899999999999977,-6052.9599999999555,2024-11-12T09:41:00-05:00,0.0,7.600000000000023,-3452.9600000000446,2024-11-12T09:46:00-05:00,0.0,9.200000000000045,-6652.960000000092,2024-11-12T10:01:00-05:00,0.0,,,2024-11-12T10:28:00-05:00,180.0,9.699999999999989,-7652.959999999978,2024-11-12T11:31:00-05:00,0.0,9.599999999999966,-7452.959999999933,2024-11-12T16:00:00-05:00,0.0,,,2024-11-13T15:59:00-05:00,60.0,,,2024-11-14T15:59:00-05:00,60.0,,,,,4.0,hit,4.0,hit,,never_hit,,never_hit,,never_hit,,never_hit,,never_hit,1.0,hit,1.0,hit,1.0,hit,1.0,hit,1.0,hit,9.0,hit,,,True,True,True,False,1.400000000000034,,,True,True,True,False,1.400000000000034,,,True,True,True,False,1.400000000000034,,,True,True,True,False,1.400000000000034,,,,,,,,,,,,,,,,,,,,,,,,,,,,,,,,,,,,,,,,,,,,,,,,,,,,,,,,,,,,,,,,,2230
2024-11-12,2024-11-14,2,7.0,2024-11-12T09:31:00-05:00,7.199999999999989,NDXP  241114P21300000,NDXP  241114P21290000,development,False,False,0,0,0,145,0,1055,available,False,2024-11-12T09:31:00-05:00,2024-11-14T16:00:00-05:00,10.0,-5752.960000000023,0.0,last_observed_quote_not_settlement,1036.0,856,93,7.099999999999994,-52.96000000001066,2024-11-12T09:32:00-05:00,0.0,8.0,-1852.960000000024,2024-11-12T09:33:00-05:00,0.0,7.199999999999989,-252.9599999999993,2024-11-12T09:36:00-05:00,0.0,7.449999999999989,-752.9599999999994,2024-11-12T09:41:00-05:00,0.0,7.149999999999977,-152.95999999997656,2024-11-12T09:46:00-05:00,0.0,4.650000000000006,4847.039999999966,2024-11-12T10:01:00-05:00,0.0,7.349999999999966,-552.9599999999539,2024-11-12T10:31:00-05:00,0.0,7.800000000000011,-1452.9600000000448,2024-11-12T11:31:00-05:00,0.0,8.550000000000011,-2952.9600000000464,2024-11-12T16:00:00-05:00,0.0,,,2024-11-13T15:59:00-05:00,60.0,10.0,-5752.960000000023,2024-11-14T16:00:00-05:00,0.0,,,,,8.0,hit,28.0,hit,,never_hit,,never_hit,,never_hit,,never_hit,,never_hit,2.0,hit,22.0,hit,0.0,hit,2.0,hit,53.0,hit,136.0,hit,,,True,True,True,False,3.1499999999999204,,,True,True,True,False,3.1499999999999204,,,True,True,True,False,3.1499999999999204,,,True,True,True,False,3.1499999999999204,,,,,,,,,,,,,,,,,,,,,,,,,,,,,,,,,,,,,,,,,,,,,,,,,,,,,,,,,,,,,,,,,2231
2024-11-15,2024-11-18,3,5.0,2024-11-15T09:31:00-05:00,5.1000000000000085,NDXP  241118P20680000,NDXP  241118P20670000,development,False,False,0,0,1,154,0,640,available,False,2024-11-15T09:31:00-05:00,2024-11-18T15:59:00-05:00,10.0,-9952.959999999981,1.0,last_observed_quote_not_settlement,3916.0,556,8,5.1499999999999915,-352.9599999999652,2024-11-15T09:32:00-05:00,0.0,4.75,447.04000000001776,2024-11-15T09:33:00-05:00,0.0,5.599999999999966,-1252.959999999914,2024-11-15T09:36:00-05:00,0.0,5.750000000000014,-1552.9600000000107,2024-11-15T09:41:00-05:00,0.0,5.950000000000017,-1952.9600000000164,2024-11-15T09:46:00-05:00,0.0,6.100000000000023,-2252.960000000028,2024-11-15T10:01:00-05:00,0.0,7.449999999999989,-4952.959999999959,2024-11-15T10:31:00-05:00,0.0,7.849999999999994,-5752.959999999971,2024-11-15T11:31:00-05:00,0.0,,,2024-11-15T15:57:00-05:00,180.0,,,2024-11-15T16:15:00-05:00,85500.0,,,2024-11-15T16:15:00-05:00,171900.0,,,2024-11-18T15:59:00-05:00,60.0,0.0,hit,2.0,hit,73.0,hit,73.0,hit,,never_hit,,never_hit,,never_hit,6.0,hit,9.0,hit,9.0,hit,9.0,hit,9.0,hit,142.0,hit,9.199999999999989,68,True,True,True,True,,,,True,True,True,False,2.1999999999999744,,,True,True,True,False,2.1999999999999744,,,True,True,True,False,2.1999999999999744,73.0,2024-11-15T10:44:00-05:00,2.900000000000034,4147.03999999995,,,,,,,,,74.0,2024-11-15T10:45:00-05:00,7.849999999999966,-5752.959999999914,,,,,,,,,,,,,,,,,,,,,,,,,,,,,,,,,,,,,,,,,,,,,,,,,2232
2024-11-15,2024-11-18,3,6.0,2024-11-15T09:31:00-05:00,5.949999999999989,NDXP  241118P20730000,NDXP  241118P20720000,development,False,False,0,0,0,96,0,698,available,False,2024-11-15T09:31:00-05:00,2024-11-18T15:59:00-05:00,10.0,-8252.960000000021,1.0,last_observed_quote_not_settlement,3917.0,629,7,5.449999999999989,747.0400000000006,2024-11-15T09:32:00-05:00,0.0,6.0,-352.96000000002203,2024-11-15T09:33:00-05:00,0.0,6.25,-852.9600000000221,2024-11-15T09:36:00-05:00,0.0,6.5,-1352.960000000022,2024-11-15T09:41:00-05:00,0.0,6.899999999999977,-2152.9599999999764,2024-11-15T09:46:00-05:00,0.0,6.849999999999994,-2052.9600000000105,2024-11-15T10:01:00-05:00,0.0,7.550000000000011,-3452.9600000000446,2024-11-15T10:31:00-05:00,0.0,7.950000000000017,-4252.960000000058,2024-11-15T11:31:00-05:00,0.0,9.600000000000023,-7552.960000000069,2024-11-15T16:00:00-05:00,0.0,,,2024-11-15T16:15:00-05:00,85500.0,,,2024-11-15T16:15:00-05:00,171900.0,,,2024-11-18T15:59:00-05:00,60.0,1.0,hit,,never_hit,,never_hit,,never_hit,,never_hit,,never_hit,,never_hit,7.0,hit,28.0,hit,28.0,hit,39.0,hit,43.0,hit,43.0,hit,,,True,True,True,False,0.5,,,True,True,True,False,0.5,,,True,True,True,False,0.5,,,True,True,True,False,0.5,,,,,,,,,,,,,,,,,,,,,,,,,,,,,,,,,,,,,,,,,,,,,,,,,,,,,,,,,,,,,,,,,2233
2024-11-15,2024-11-18,3,7.0,2024-11-15T09:31:00-05:00,7.0,NDXP  241118P20810000,NDXP  241118P20800000,development,False,False,0,0,1,150,0,644,available,False,2024-11-15T09:31:00-05:00,2024-11-18T15:53:00-05:00,10.0,-6152.96,7.0,last_observed_quote_not_settlement,3916.0,528,44,7.149999999999977,-552.9599999999539,2024-11-15T09:32:00-05:00,0.0,7.050000000000011,-352.96000000002203,2024-11-15T09:33:00-05:00,0.0,7.349999999999966,-952.9599999999311,2024-11-15T09:36:00-05:00,0.0,7.299999999999983,-852.9599999999652,2024-11-15T09:41:00-05:00,0.0,8.100000000000023,-2452.9600000000464,2024-11-15T09:46:00-05:00,0.0,8.0,-2252.960000000001,2024-11-15T10:01:00-05:00,0.0,8.400000000000034,-3052.960000000069,2024-11-15T10:31:00-05:00,0.0,9.300000000000011,-4852.960000000024,2024-11-15T11:31:00-05:00,0.0,,,2024-11-15T15:58:00-05:00,120.0,,,2024-11-15T16:15:00-05:00,85500.0,,,2024-11-15T16:15:00-05:00,171900.0,,,2024-11-18T15:53:00-05:00,420.0,8.0,hit,8.0,hit,167.0,hit,167.0,hit,,never_hit,,never_hit,,never_hit,6.0,hit,6.0,hit,0.0,hit,6.0,hit,37.0,hit,46.0,hit,10.0,151,True,True,True,True,,,,True,True,True,False,4.4500000000000455,,,True,True,True,False,4.4500000000000455,,,True,True,True,False,4.4500000000000455,167.0,2024-11-15T12:18:00-05:00,2.5499999999999545,8647.040000000092,,,,,,,,,168.0,2024-11-15T12:19:00-05:00,9.649999999999977,-5552.9599999999555,,,,,,,,,,,,,,,,,,,,,,,,,,,,,,,,,,,,,,,,,,,,,,,,,2234
2024-11-18,2024-11-20,2,5.0,2024-11-18T09:31:00-05:00,5.0,NDXP  241120P20530000,NDXP  241120P20520000,development,False,False,0,0,0,2,15,1198,available,False,2024-11-18T09:31:00-05:00,2024-11-20T15:58:00-05:00,0.024999999999999994,9697.04,2.0,last_observed_quote_not_settlement,1036.0,241,67,6.850000000000023,-3952.9600000000446,2024-11-18T09:32:00-05:00,0.0,5.649999999999977,-1552.9599999999539,2024-11-18T09:33:00-05:00,0.0,6.800000000000011,-3852.960000000022,2024-11-18T09:36:00-05:00,0.0,5.199999999999989,-652.9599999999766,2024-11-18T09:41:00-05:00,0.0,4.050000000000011,1647.039999999978,2024-11-18T09:46:00-05:00,0.0,6.350000000000023,-2952.9600000000446,2024-11-18T10:01:00-05:00,0.0,3.749999999999986,2247.040000000029,2024-11-18T10:31:00-05:00,0.0,3.4499999999999886,2847.0400000000236,2024-11-18T11:31:00-05:00,0.0,4.400000000000006,947.0399999999893,2024-11-18T16:00:00-05:00,0.0,1.9499999999999957,5847.040000000009,2024-11-19T16:00:00-05:00,0.0,,,2024-11-20T15:58:00-05:00,120.0,,,,,0.0,hit,0.0,hit,19.0,hit,70.0,hit,116.0,hit,3240.0,hit,3242.0,hit,1.0,hit,1.0,hit,165.0,hit,2930.0,hit,2930.0,hit,,never_hit,6.900000000000006,31,False,False,False,False,,6.900000000000006,32,False,False,False,False,,9.449999999999989,241,True,True,True,True,,9.449999999999989,241,True,True,True,True,,70.0,2024-11-18T10:41:00-05:00,2.75,4247.040000000001,1658.0,2024-11-19T13:09:00-05:00,2.75,4247.040000000001,1659.0,2024-11-19T13:10:00-05:00,2.8000000000000114,4147.039999999978,71.0,2024-11-18T10:42:00-05:00,3.6999999999999886,2347.0400000000236,116.0,2024-11-18T11:27:00-05:00,1.25,7247.040000000001,1695.0,2024-11-19T13:46:00-05:00,1.9499999999999957,5847.040000000009,1696.0,2024-11-19T13:47:00-05:00,1.8000000000000007,6147.039999999999,117.0,2024-11-18T11:28:00-05:00,3.3000000000000114,3147.039999999978,3240.0,2024-11-20T15:31:00-05:00,0.6500000000000004,8447.04,3241.0,2024-11-20T15:32:00-05:00,0.5249999999999999,8697.04,3242.0,2024-11-20T15:33:00-05:00,0.375,8997.04,3241.0,2024-11-20T15:32:00-05:00,0.5249999999999999,8697.04,3242.0,2024-11-20T15:33:00-05:00,0.375,8997.04,3243.0,2024-11-20T15:34:00-05:00,0.25,9247.04,3244.0,2024-11-20T15:35:00-05:00,0.09999999999999998,9547.04,3243.0,2024-11-20T15:34:00-05:00,0.25,9247.04,2235
2024-11-18,2024-11-20,2,6.0,2024-11-18T09:31:00-05:00,6.050000000000011,NDXP  241120P20550000,NDXP  241120P20540000,development,False,False,0,0,0,3,15,1197,available,False,2024-11-18T09:31:00-05:00,2024-11-20T15:59:00-05:00,0.024999999999999994,11797.040000000023,1.0,last_observed_quote_not_settlement,1036.0,175,61,4.800000000000011,2247.040000000001,2024-11-18T09:32:00-05:00,0.0,7.5,-3152.9599999999764,2024-11-18T09:33:00-05:00,0.0,4.75,2347.0400000000236,2024-11-18T09:36:00-05:00,0.0,5.700000000000017,447.03999999998933,2024-11-18T09:41:00-05:00,0.0,7.099999999999994,-2352.959999999965,2024-11-18T09:46:00-05:00,0.0,5.349999999999966,1147.0400000000916,2024-11-18T10:01:00-05:00,0.0,4.0,3847.0400000000236,2024-11-18T10:31:00-05:00,0.0,3.5500000000000114,4747.040000000001,2024-11-18T11:31:00-05:00,0.0,4.5,2847.0400000000236,2024-11-18T16:00:00-05:00,0.0,2.25,7347.040000000024,2024-11-19T16:00:00-05:00,0.0,,,2024-11-20T15:59:00-05:00,60.0,,,,,1.0,hit,1.0,hit,27.0,hit,118.0,hit,118.0,hit,1597.0,hit,1597.0,hit,2.0,hit,2.0,hit,2.0,hit,2916.0,hit,3173.0,hit,,never_hit,7.75,14,True,False,False,False,,7.75,14,True,False,False,False,,7.75,26,True,False,False,False,,7.75,26,True,False,False,False,,118.0,2024-11-18T11:29:00-05:00,1.2000000000000028,9447.040000000019,1665.0,2024-11-19T13:16:00-05:00,2.8999999999999986,6047.040000000026,1669.0,2024-11-19T13:20:00-05:00,2.8000000000000043,6247.0400000000145,119.0,2024-11-18T11:30:00-05:00,3.5999999999999943,4647.0400000000345,118.0,2024-11-18T11:29:00-05:00,1.2000000000000028,9447.040000000019,1702.0,2024-11-19T13:53:00-05:00,1.8999999999999986,8047.040000000026,1703.0,2024-11-19T13:54:00-05:00,1.8000000000000007,8247.040000000023,119.0,2024-11-18T11:30:00-05:00,3.5999999999999943,4647.0400000000345,1597.0,2024-11-19T12:08:00-05:00,0.45000000000000284,10947.040000000019,3243.0,2024-11-20T15:34:00-05:00,0.6000000000000001,10647.040000000023,3244.0,2024-11-20T15:35:00-05:00,0.27500000000000013,11297.040000000023,1598.0,2024-11-19T12:09:00-05:00,3.6999999999999957,4447.040000000032,3244.0,2024-11-20T15:35:00-05:00,0.27500000000000013,11297.040000000023,3245.0,2024-11-20T15:36:00-05:00,0.2999999999999998,11247.040000000025,3246.0,2024-11-20T15:37:00-05:00,0.32499999999999996,11197.040000000025,3245.0,2024-11-20T15:36:00-05:00,0.2999999999999998,11247.040000000025,2236
2024-11-18,2024-11-20,2,7.0,2024-11-18T09:31:00-05:00,6.950000000000017,NDXP  241120P20640000,NDXP  241120P20630000,development,False,False,0,0,0,27,15,1173,available,False,2024-11-18T09:31:00-05:00,2024-11-20T16:00:00-05:00,0.0,13647.040000000035,0.0,last_observed_quote_not_settlement,1036.0,419,152,7.0,-352.9599999999652,2024-11-18T09:32:00-05:00,0.0,7.400000000000006,-1152.9599999999766,2024-11-18T09:33:00-05:00,0.0,7.450000000000017,-1252.9599999999994,2024-11-18T09:36:00-05:00,0.0,6.650000000000006,347.04000000002344,2024-11-18T09:41:00-05:00,0.0,7.300000000000011,-952.959999999988,2024-11-18T09:46:00-05:00,0.0,7.150000000000034,-652.9600000000335,2024-11-18T10:01:00-05:00,0.0,5.599999999999966,2447.040000000103,2024-11-18T10:31:00-05:00,0.0,4.900000000000006,3847.0400000000236,2024-11-18T11:31:00-05:00,0.0,6.100000000000023,1447.0399999999893,2024-11-18T16:00:00-05:00,0.0,2.0500000000000043,9547.040000000026,2024-11-19T16:00:00-05:00,0.0,0.0,13647.040000000035,2024-11-20T16:00:00-05:00,0.0,,,,,27.0,hit,35.0,hit,105.0,hit,105.0,hit,3260.0,hit,3265.0,hit,3265.0,hit,5.0,hit,7.0,hit,1.0,hit,7.0,hit,7.0,hit,7.0,hit,9.750000000000028,36,True,True,True,True,,10.0,419,True,True,True,True,,10.0,419,True,True,True,True,,10.0,419,True,True,True,True,,105.0,2024-11-18T11:16:00-05:00,2.9499999999999886,7747.040000000057,3261.0,2024-11-20T15:52:00-05:00,2.0499999999999994,9547.040000000037,3265.0,2024-11-20T15:56:00-05:00,0.3750000000000001,12897.040000000035,106.0,2024-11-18T11:17:00-05:00,4.950000000000003,3747.040000000029,3260.0,2024-11-20T15:51:00-05:00,1.7750000000000004,10097.040000000035,3265.0,2024-11-20T15:56:00-05:00,0.3750000000000001,12897.040000000035,3266.0,2024-11-20T15:57:00-05:00,0.275,13097.040000000035,3261.0,2024-11-20T15:52:00-05:00,2.0499999999999994,9547.040000000037,3265.0,2024-11-20T15:56:00-05:00,0.3750000000000001,12897.040000000035,3266.0,2024-11-20T15:57:00-05:00,0.275,13097.040000000035,3267.0,2024-11-20T15:58:00-05:00,0.22499999999999992,13197.040000000037,3266.0,2024-11-20T15:57:00-05:00,0.275,13097.040000000035,3265.0,2024-11-20T15:56:00-05:00,0.3750000000000001,12897.040000000035,3266.0,2024-11-20T15:57:00-05:00,0.275,13097.040000000035,3267.0,2024-11-20T15:58:00-05:00,0.22499999999999992,13197.040000000037,3266.0,2024-11-20T15:57:00-05:00,0.275,13097.040000000035,2237
2024-11-18,2024-11-21,3,5.0,2024-11-18T09:31:00-05:00,5.0,NDXP  241121P20710000,NDXP  241121P20700000,development,False,False,0,0,0,25,0,1580,available,False,2024-11-18T09:31:00-05:00,2024-11-21T16:00:00-05:00,0.425,8897.040000000003,0.0,last_observed_quote_not_settlement,1037.0,1165,167,9.050000000000011,-8352.960000000023,2024-11-18T09:32:00-05:00,0.0,4.449999999999989,847.0400000000234,2024-11-18T09:33:00-05:00,0.0,9.799999999999955,-9852.95999999991,2024-11-18T09:36:00-05:00,0.0,5.949999999999989,-2152.9599999999764,2024-11-18T09:41:00-05:00,0.0,4.350000000000023,1047.0399999999552,2024-11-18T09:46:00-05:00,0.0,7.0499999999999545,-4352.959999999908,2024-11-18T10:01:00-05:00,0.0,5.650000000000006,-1552.9600000000107,2024-11-18T10:31:00-05:00,0.0,5.25,-752.9599999999994,2024-11-18T11:31:00-05:00,0.0,5.5499999999999545,-1352.9599999999084,2024-11-18T16:00:00-05:00,0.0,4.0,1747.0400000000006,2024-11-19T16:00:00-05:00,0.0,2.4999999999999716,4747.040000000057,2024-11-20T16:00:00-05:00,0.0,0.425,8897.040000000003,2024-11-21T16:00:00-05:00,0.0,0.0,hit,0.0,hit,3.0,hit,3.0,hit,3.0,hit,14.0,hit,4660.0,hit,1.0,hit,1.0,hit,1.0,hit,1.0,hit,1.0,hit,5.0,hit,9.050000000000011,1,True,True,True,True,,9.050000000000011,1,True,True,True,True,,9.799999999999955,8,True,True,True,True,,10.0,1165,True,True,True,True,,3.0,2024-11-18T09:34:00-05:00,1.5,6747.040000000001,4504.0,2024-11-21T12:35:00-05:00,2.9499999999999993,3847.0400000000022,4515.0,2024-11-21T12:46:00-05:00,2.2499999999999964,5247.040000000008,4.0,2024-11-18T09:35:00-05:00,6.800000000000011,-3852.960000000022,3.0,2024-11-18T09:34:00-05:00,1.5,6747.040000000001,4561.0,2024-11-21T13:32:00-05:00,1.700000000000001,6347.039999999998,4562.0,2024-11-21T13:33:00-05:00,1.75,6247.040000000001,4.0,2024-11-18T09:35:00-05:00,6.800000000000011,-3852.960000000022,14.0,2024-11-18T09:45:00-05:00,0.7999999999999545,8147.040000000091,4653.0,2024-11-21T15:04:00-05:00,0.8999999999999995,7947.040000000002,4658.0,2024-11-21T15:09:00-05:00,0.75,8247.04,15.0,2024-11-18T09:46:00-05:00,4.350000000000023,1047.0399999999552,4663.0,2024-11-21T15:14:00-05:00,0.40000000000000036,8947.04,4664.0,2024-11-21T15:15:00-05:00,0.4249999999999998,8897.040000000003,4665.0,2024-11-21T15:16:00-05:00,0.3999999999999999,8947.04,4664.0,2024-11-21T15:15:00-05:00,0.4249999999999998,8897.040000000003,2238
2024-11-18,2024-11-21,3,6.0,2024-11-18T09:31:00-05:00,6.0,NDXP  241121P20550000,NDXP  241121P20540000,development,False,False,0,0,0,7,0,1598,available,False,2024-11-18T09:31:00-05:00,2024-11-21T15:59:00-05:00,0.0,11747.04,1.0,last_observed_quote_not_settlement,1036.0,28,32,5.0,1747.0400000000006,2024-11-18T09:32:00-05:00,0.0,5.449999999999989,847.0400000000234,2024-11-18T09:33:00-05:00,0.0,5.550000000000011,647.0399999999779,2024-11-18T09:36:00-05:00,0.0,5.550000000000011,647.0399999999779,2024-11-18T09:41:00-05:00,0.0,5.450000000000017,847.0399999999665,2024-11-18T09:46:00-05:00,0.0,4.799999999999983,2147.040000000035,2024-11-18T10:01:00-05:00,0.0,4.599999999999994,2547.0400000000122,2024-11-18T10:31:00-05:00,0.0,4.0,3747.040000000001,2024-11-18T11:31:00-05:00,0.0,5.050000000000011,1647.039999999978,2024-11-18T16:00:00-05:00,0.0,4.099999999999994,3547.0400000000122,2024-11-19T16:00:00-05:00,0.0,3.0999999999999943,5547.040000000012,2024-11-20T16:00:00-05:00,0.0,,,2024-11-21T15:59:00-05:00,60.0,1.0,hit,1.0,hit,50.0,hit,50.0,hit,4320.0,hit,4321.0,hit,4404.0,hit,33.0,hit,249.0,hit,249.0,hit,,never_hit,,never_hit,,never_hit,6.949999999999989,2,False,False,False,False,,7.950000000000017,15,True,False,False,False,,7.950000000000017,15,True,False,False,False,,7.950000000000017,28,True,False,False,False,,50.0,2024-11-18T10:21:00-05:00,2.450000000000017,6847.039999999966,4321.0,2024-11-21T09:32:00-05:00,0.8999999999999986,9947.040000000005,4322.0,2024-11-21T09:33:00-05:00,1.0,9747.04,51.0,2024-11-18T10:22:00-05:00,5.0,1747.0400000000006,4320.0,2024-11-21T09:31:00-05:00,1.3000000000000007,9147.04,4321.0,2024-11-21T09:32:00-05:00,0.8999999999999986,9947.040000000005,4322.0,2024-11-21T09:33:00-05:00,1.0,9747.04,4321.0,2024-11-21T09:32:00-05:00,0.8999999999999986,9947.040000000005,4321.0,2024-11-21T09:32:00-05:00,0.8999999999999986,9947.040000000005,4498.0,2024-11-21T12:29:00-05:00,0.7000000000000002,10347.04,4499.0,2024-11-21T12:30:00-05:00,0.6000000000000005,10547.04,4322.0,2024-11-21T09:33:00-05:00,1.0,9747.04,4404.0,2024-11-21T10:55:00-05:00,0.29999999999999716,11147.040000000008,4511.0,2024-11-21T12:42:00-05:00,0.34999999999999964,11047.040000000003,4515.0,2024-11-21T12:46:00-05:00,0.34999999999999964,11047.040000000003,4405.0,2024-11-21T10:56:00-05:00,3.799999999999997,4147.040000000006,2239
2024-11-18,2024-11-21,3,7.0,2024-11-18T09:31:00-05:00,7.0499999999999545,NDXP  241121P20730000,NDXP  241121P20720000,development,False,False,0,0,0,9,0,1596,available,False,2024-11-18T09:31:00-05:00,2024-11-21T16:00:00-05:00,0.125,13597.03999999991,0.0,last_observed_quote_not_settlement,1036.0,295,231,6.949999999999989,-52.9600000000675,2024-11-18T09:32:00-05:00,0.0,4.800000000000011,4247.039999999887,2024-11-18T09:33:00-05:00,0.0,7.0499999999999545,-252.9599999999993,2024-11-18T09:36:00-05:00,0.0,6.749999999999943,347.04000000002344,2024-11-18T09:41:00-05:00,0.0,6.949999999999989,-52.9600000000675,2024-11-18T09:46:00-05:00,0.0,7.449999999999989,-1052.9600000000676,2024-11-18T10:01:00-05:00,0.0,3.2000000000000455,7447.039999999819,2024-11-18T10:31:00-05:00,0.0,5.599999999999994,2647.0399999999213,2024-11-18T11:31:00-05:00,0.0,6.199999999999932,1447.0400000000461,2024-11-18T16:00:00-05:00,0.0,5.199999999999989,3447.0399999999327,2024-11-19T16:00:00-05:00,0.0,5.199999999999989,3447.0399999999327,2024-11-20T16:00:00-05:00,0.0,0.125,13597.03999999991,2024-11-21T16:00:00-05:00,0.0,2.0,hit,2.0,hit,19.0,hit,168.0,hit,1440.0,hit,4661.0,hit,4709.0,hit,9.0,hit,9.0,hit,0.0,hit,9.0,hit,27.0,hit,27.0,hit,9.750000000000057,17,True,True,True,True,,9.800000000000011,55,True,True,True,True,,9.900000000000034,295,True,True,True,True,,9.900000000000034,295,True,True,True,True,,168.0,2024-11-18T12:19:00-05:00,2.1000000000000227,9647.039999999864,1483.0,2024-11-19T10:14:00-05:00,2.650000000000034,8547.039999999843,4562.0,2024-11-21T13:33:00-05:00,2.200000000000003,9447.039999999904,169.0,2024-11-18T12:20:00-05:00,7.0,-152.96000000009025,1440.0,2024-11-19T09:31:00-05:00,1.8500000000000227,10147.039999999864,4651.0,2024-11-21T15:02:00-05:00,1.5999999999999996,10647.039999999912,4652.0,2024-11-21T15:03:00-05:00,1.549999999999999,10747.039999999914,1441.0,2024-11-19T09:32:00-05:00,6.75,347.03999999990975,4662.0,2024-11-21T15:13:00-05:00,0.9249999999999998,11997.039999999912,4663.0,2024-11-21T15:14:00-05:00,0.8000000000000003,12247.03999999991,4664.0,2024-11-21T15:15:00-05:00,0.8749999999999996,12097.03999999991,4663.0,2024-11-21T15:14:00-05:00,0.8000000000000003,12247.03999999991,4709.0,2024-11-21T16:00:00-05:00,0.125,13597.03999999991,,,,,,,,,,,,,2240
2024-11-19,2024-11-21,2,5.0,2024-11-19T09:31:00-05:00,5.050000000000011,NDXP  241121P20510000,NDXP  241121P20500000,development,False,False,0,0,0,25,15,1175,available,False,2024-11-19T09:31:00-05:00,2024-11-21T15:47:00-05:00,0.024999999999999994,9797.040000000023,13.0,last_observed_quote_not_settlement,1036.0,97,89,5.5,-1152.9599999999766,2024-11-19T09:32:00-05:00,0.0,5.349999999999994,-852.9599999999652,2024-11-19T09:33:00-05:00,0.0,4.449999999999989,947.0400000000461,2024-11-19T09:36:00-05:00,0.0,4.799999999999983,247.04000000005752,2024-11-19T09:41:00-05:00,0.0,4.550000000000011,747.0400000000006,2024-11-19T09:46:00-05:00,0.0,5.0,-152.95999999997656,2024-11-19T10:01:00-05:00,0.0,4.800000000000011,247.04000000000067,2024-11-19T10:31:00-05:00,0.0,3.9000000000000057,2047.0400000000122,2024-11-19T11:31:00-05:00,0.0,0.20000000000000284,9447.040000000019,2024-11-19T16:00:00-05:00,0.0,3.1500000000000057,3547.0400000000122,2024-11-20T16:00:00-05:00,0.0,,,2024-11-21T15:47:00-05:00,780.0,,,,,0.0,hit,3.0,hit,43.0,hit,43.0,hit,226.0,hit,226.0,hit,314.0,hit,67.0,hit,323.0,hit,2948.0,hit,2948.0,hit,,never_hit,,never_hit,5.5,8,False,False,False,False,,6.0,12,False,False,False,False,,6.0,12,False,False,False,False,,6.0,12,False,False,False,False,,43.0,2024-11-19T10:14:00-05:00,2.5,4847.040000000024,271.0,2024-11-19T14:02:00-05:00,2.799999999999997,4247.040000000029,1833.0,2024-11-20T16:04:00-05:00,2.8000000000000114,4247.040000000001,44.0,2024-11-19T10:15:00-05:00,4.800000000000011,247.04000000000067,226.0,2024-11-19T13:17:00-05:00,0.700000000000017,8447.03999999999,2881.0,2024-11-21T09:32:00-05:00,0.5500000000000007,8747.040000000023,2882.0,2024-11-21T09:33:00-05:00,0.8999999999999986,8047.040000000026,227.0,2024-11-19T13:18:00-05:00,3.3999999999999915,3047.0400000000404,226.0,2024-11-19T13:17:00-05:00,0.700000000000017,8447.03999999999,2882.0,2024-11-21T09:33:00-05:00,0.8999999999999986,8047.040000000026,3000.0,2024-11-21T11:31:00-05:00,0.6999999999999993,8447.040000000026,227.0,2024-11-19T13:18:00-05:00,3.3999999999999915,3047.0400000000404,314.0,2024-11-19T14:45:00-05:00,0.29999999999998295,9247.040000000059,3061.0,2024-11-21T12:32:00-05:00,0.2999999999999998,9247.040000000025,3062.0,2024-11-21T12:33:00-05:00,0.30000000000000027,9247.040000000023,315.0,2024-11-19T14:46:00-05:00,3.6000000000000085,2647.0400000000063,2241
2024-11-19,2024-11-21,2,6.0,2024-11-19T09:31:00-05:00,6.099999999999966,NDXP  241121P20600000,NDXP  241121P20590000,development,False,False,0,0,0,24,15,1176,available,False,2024-11-19T09:31:00-05:00,2024-11-21T15:55:00-05:00,0.0,11947.039999999934,5.0,last_observed_quote_not_settlement,1036.0,82,82,5.850000000000023,247.039999999887,2024-11-19T09:32:00-05:00,0.0,,,2024-11-19T09:32:00-05:00,60.0,5.250000000000028,1447.0399999998756,2024-11-19T09:36:00-05:00,0.0,5.399999999999977,1147.039999999978,2024-11-19T09:41:00-05:00,0.0,5.5,947.0399999999324,2024-11-19T09:46:00-05:00,0.0,8.400000000000034,-4852.960000000137,2024-11-19T10:01:00-05:00,0.0,5.999999999999972,-52.96000000001066,2024-11-19T10:31:00-05:00,0.0,4.800000000000011,2347.03999999991,2024-11-19T11:31:00-05:00,0.0,3.8999999999999773,4147.039999999978,2024-11-19T16:00:00-05:00,0.0,3.8999999999999915,4147.03999999995,2024-11-20T16:00:00-05:00,0.0,,,2024-11-21T15:55:00-05:00,300.0,,,,,4.0,hit,4.0,hit,4.0,hit,4.0,hit,4.0,hit,4.0,hit,4.0,hit,3.0,hit,3.0,hit,3.0,hit,16.0,hit,,never_hit,,never_hit,7.75,1,True,False,False,False,,7.75,1,True,False,False,False,,7.75,1,True,False,False,False,,7.75,1,True,False,False,False,,4.0,2024-11-19T09:35:00-05:00,0.5,10947.039999999934,2881.0,2024-11-21T09:32:00-05:00,0.3999999999999986,11147.039999999935,2882.0,2024-11-21T09:33:00-05:00,1.75,8447.039999999934,5.0,2024-11-19T09:36:00-05:00,5.250000000000028,1447.0399999998756,4.0,2024-11-19T09:35:00-05:00,0.5,10947.039999999934,2881.0,2024-11-21T09:32:00-05:00,0.3999999999999986,11147.039999999935,2882.0,2024-11-21T09:33:00-05:00,1.75,8447.039999999934,5.0,2024-11-19T09:36:00-05:00,5.250000000000028,1447.0399999998756,4.0,2024-11-19T09:35:00-05:00,0.5,10947.039999999934,3070.0,2024-11-21T12:41:00-05:00,0.8999999999999995,10147.039999999934,3071.0,2024-11-21T12:42:00-05:00,0.75,10447.039999999934,5.0,2024-11-19T09:36:00-05:00,5.250000000000028,1447.0399999998756,43.0,2024-11-19T10:14:00-05:00,0.19999999999998863,11547.039999999955,3121.0,2024-11-21T13:32:00-05:00,0.3500000000000001,11247.039999999932,3122.0,2024-11-21T13:33:00-05:00,0.39999999999999947,11147.039999999934,44.0,2024-11-19T10:15:00-05:00,5.25,1447.0399999999324,2242
2024-11-19,2024-11-21,2,7.0,2024-11-19T09:31:00-05:00,7.0499999999999545,NDXP  241121P20720000,NDXP  241121P20710000,development,False,False,0,0,0,7,15,1193,available,False,2024-11-19T09:31:00-05:00,2024-11-21T15:59:00-05:00,0.0,13847.03999999991,1.0,last_observed_quote_not_settlement,1036.0,185,142,7.150000000000034,-452.96000000015846,2024-11-19T09:32:00-05:00,0.0,6.850000000000023,147.03999999986428,2024-11-19T09:33:00-05:00,0.0,4.949999999999989,3947.0399999999327,2024-11-19T09:36:00-05:00,0.0,6.75,347.03999999990975,2024-11-19T09:41:00-05:00,0.0,6.649999999999977,547.0399999999552,2024-11-19T09:46:00-05:00,0.0,7.050000000000011,-252.96000000011298,2024-11-19T10:01:00-05:00,0.0,6.550000000000011,747.039999999887,2024-11-19T10:31:00-05:00,0.0,5.800000000000011,2247.039999999887,2024-11-19T11:31:00-05:00,0.0,5.050000000000011,3747.039999999887,2024-11-19T16:00:00-05:00,0.0,5.200000000000017,3447.039999999876,2024-11-20T16:00:00-05:00,0.0,,,2024-11-21T15:59:00-05:00,60.0,,,,,5.0,hit,5.0,hit,69.0,hit,314.0,hit,323.0,hit,3071.0,hit,3071.0,hit,4.0,hit,18.0,hit,0.0,hit,18.0,hit,198.0,hit,1490.0,hit,9.0,17,True,True,True,True,,9.0,17,True,True,True,True,,10.0,185,True,True,True,True,,10.0,185,True,True,True,True,,314.0,2024-11-19T14:45:00-05:00,2.799999999999983,8247.039999999944,3076.0,2024-11-21T12:47:00-05:00,2.599999999999998,8647.039999999915,3100.0,2024-11-21T13:11:00-05:00,2.3999999999999986,9047.039999999914,315.0,2024-11-19T14:46:00-05:00,5.199999999999989,3447.0399999999327,1447.0,2024-11-20T09:38:00-05:00,1.450000000000017,10947.039999999877,3151.0,2024-11-21T14:02:00-05:00,1.8499999999999996,10147.039999999912,3190.0,2024-11-21T14:41:00-05:00,1.9000000000000004,10047.03999999991,1448.0,2024-11-20T09:39:00-05:00,5.899999999999977,2047.0399999999554,3071.0,2024-11-21T12:42:00-05:00,0.3999999999999986,13047.039999999914,3221.0,2024-11-21T15:12:00-05:00,0.8499999999999996,12147.039999999912,3222.0,2024-11-21T15:13:00-05:00,0.7000000000000002,12447.03999999991,3072.0,2024-11-21T12:43:00-05:00,3.8000000000000043,6247.039999999901,3071.0,2024-11-21T12:42:00-05:00,0.3999999999999986,13047.039999999914,3267.0,2024-11-21T15:58:00-05:00,0.3,13247.039999999912,3268.0,2024-11-21T15:59:00-05:00,0.0,13847.03999999991,3072.0,2024-11-21T12:43:00-05:00,3.8000000000000043,6247.039999999901,2243
2024-11-19,2024-11-22,3,5.0,2024-11-19T09:31:00-05:00,5.0,NDXP  241122P20610000,NDXP  241122P20600000,development,False,False,0,0,0,8,0,1596,available,False,2024-11-19T09:31:00-05:00,2024-11-22T16:00:00-05:00,0.025,9697.04,0.0,last_observed_quote_not_settlement,1036.0,374,118,7.7999999999999545,-5852.959999999908,2024-11-19T09:32:00-05:00,0.0,3.75,2247.040000000001,2024-11-19T09:33:00-05:00,0.0,4.2999999999999545,1147.0400000000916,2024-11-19T09:36:00-05:00,0.0,5.5,-1252.9599999999994,2024-11-19T09:41:00-05:00,0.0,5.5,-1252.9599999999994,2024-11-19T09:46:00-05:00,0.0,3.8500000000000227,2047.0399999999554,2024-11-19T10:01:00-05:00,0.0,5.650000000000006,-1552.9600000000107,2024-11-19T10:31:00-05:00,0.0,4.5,747.0400000000006,2024-11-19T11:31:00-05:00,0.0,4.0,1747.0400000000006,2024-11-19T16:00:00-05:00,0.0,6.849999999999994,-3952.9599999999878,2024-11-20T16:00:00-05:00,0.0,0.6999999999999957,8347.04000000001,2024-11-21T16:00:00-05:00,0.0,0.025,9697.04,2024-11-22T16:00:00-05:00,0.0,0.0,hit,0.0,hit,2.0,hit,12.0,hit,12.0,hit,3009.0,hit,3112.0,hit,1.0,hit,1.0,hit,1.0,hit,47.0,hit,47.0,hit,1480.0,hit,7.7999999999999545,6,True,False,False,False,,7.7999999999999545,6,True,False,False,False,,9.899999999999977,372,True,True,True,True,,9.899999999999977,372,True,True,True,True,,12.0,2024-11-19T09:43:00-05:00,1.75,6247.040000000001,2881.0,2024-11-21T09:32:00-05:00,2.9499999999999957,3847.040000000009,2882.0,2024-11-21T09:33:00-05:00,2.200000000000003,5347.039999999995,13.0,2024-11-19T09:44:00-05:00,5.5,-1252.9599999999994,12.0,2024-11-19T09:43:00-05:00,1.75,6247.040000000001,3150.0,2024-11-21T14:01:00-05:00,1.8499999999999943,6047.040000000012,3211.0,2024-11-21T15:02:00-05:00,1.8000000000000007,6147.039999999999,13.0,2024-11-19T09:44:00-05:00,5.5,-1252.9599999999994,3112.0,2024-11-21T13:23:00-05:00,0.05000000000000426,9647.039999999994,4403.0,2024-11-22T10:54:00-05:00,0.9499999999999993,7847.040000000002,4408.0,2024-11-22T10:59:00-05:00,0.9000000000000004,7947.04,3113.0,2024-11-21T13:24:00-05:00,2.25,5247.040000000001,3112.0,2024-11-21T13:23:00-05:00,0.05000000000000426,9647.039999999994,4519.0,2024-11-22T12:50:00-05:00,0.34999999999999964,9047.040000000003,4520.0,2024-11-22T12:51:00-05:00,0.375,8997.04,3113.0,2024-11-21T13:24:00-05:00,2.25,5247.040000000001,2244
2024-11-19,2024-11-22,3,6.0,2024-11-19T09:31:00-05:00,6.0,NDXP  241122P20570000,NDXP  241122P20560000,development,False,False,0,0,0,17,0,1587,available,False,2024-11-19T09:31:00-05:00,2024-11-22T16:00:00-05:00,0.0,11747.04,0.0,last_observed_quote_not_settlement,1036.0,24,44,5.449999999999989,847.0400000000234,2024-11-19T09:32:00-05:00,0.0,5.25,1247.0400000000006,2024-11-19T09:33:00-05:00,0.0,4.550000000000011,2647.039999999978,2024-11-19T09:36:00-05:00,0.0,5.549999999999983,647.0400000000348,2024-11-19T09:41:00-05:00,0.0,5.149999999999977,1447.0400000000461,2024-11-19T09:46:00-05:00,0.0,5.199999999999989,1347.0400000000234,2024-11-19T10:01:00-05:00,0.0,5.250000000000028,1247.0399999999438,2024-11-19T10:31:00-05:00,0.0,4.25,3247.040000000001,2024-11-19T11:31:00-05:00,0.0,2.799999999999997,6147.040000000006,2024-11-19T16:00:00-05:00,0.0,3.5999999999999943,4547.040000000012,2024-11-20T16:00:00-05:00,0.0,3.6499999999999986,4447.040000000004,2024-11-21T16:00:00-05:00,0.0,0.0,11747.04,2024-11-22T16:00:00-05:00,0.0,1.0,hit,5.0,hit,12.0,hit,12.0,hit,1581.0,hit,3009.0,hit,3009.0,hit,11.0,hit,11.0,hit,11.0,hit,11.0,hit,,never_hit,,never_hit,8.049999999999983,2,True,True,False,False,,8.050000000000011,14,True,True,False,False,,8.550000000000011,24,True,True,False,False,,8.550000000000011,24,True,True,False,False,,12.0,2024-11-19T09:43:00-05:00,2.1999999999999886,7347.040000000024,2881.0,2024-11-21T09:32:00-05:00,1.7999999999999972,8147.040000000007,2882.0,2024-11-21T09:33:00-05:00,2.0999999999999943,7547.040000000012,13.0,2024-11-19T09:44:00-05:00,5.150000000000006,1447.0399999999893,1581.0,2024-11-20T11:52:00-05:00,1.799999999999983,8147.0400000000345,3074.0,2024-11-21T12:45:00-05:00,1.9000000000000057,7947.039999999989,3075.0,2024-11-21T12:46:00-05:00,1.75,8247.04,1582.0,2024-11-20T11:53:00-05:00,4.199999999999989,3347.0400000000236,3009.0,2024-11-21T11:40:00-05:00,0.4000000000000057,10947.03999999999,4338.0,2024-11-22T09:49:00-05:00,0.75,10247.04,4391.0,2024-11-22T10:42:00-05:00,0.9000000000000004,9947.04,3010.0,2024-11-21T11:41:00-05:00,2.950000000000003,5847.039999999995,3009.0,2024-11-21T11:40:00-05:00,0.4000000000000057,10947.03999999999,4465.0,2024-11-22T11:56:00-05:00,0.39999999999999947,10947.040000000003,4469.0,2024-11-22T12:00:00-05:00,0.44999999999999973,10847.04,3010.0,2024-11-21T11:41:00-05:00,2.950000000000003,5847.039999999995,2245
2024-11-19,2024-11-22,3,7.0,2024-11-19T09:31:00-05:00,7.100000000000023,NDXP  241122P20770000,NDXP  241122P20760000,development,False,False,0,0,1,3,0,1601,available,False,2024-11-19T09:31:00-05:00,2024-11-22T16:00:00-05:00,1.925,10097.040000000046,0.0,last_observed_quote_not_settlement,1036.0,316,242,6.850000000000023,247.04000000000067,2024-11-19T09:32:00-05:00,0.0,7.0,-52.959999999953816,2024-11-19T09:33:00-05:00,0.0,7.100000000000023,-252.9599999999993,2024-11-19T09:36:00-05:00,0.0,6.649999999999977,647.0400000000916,2024-11-19T09:41:00-05:00,0.0,6.75,447.0400000000462,2024-11-19T09:46:00-05:00,0.0,7.100000000000023,-252.9599999999993,2024-11-19T10:01:00-05:00,0.0,6.550000000000011,847.0400000000234,2024-11-19T10:31:00-05:00,0.0,7.900000000000034,-1852.960000000022,2024-11-19T11:31:00-05:00,0.0,5.299999999999983,3347.0400000000805,2024-11-19T16:00:00-05:00,0.0,5.600000000000023,2747.040000000001,2024-11-20T16:00:00-05:00,0.0,4.75,4447.040000000046,2024-11-21T16:00:00-05:00,0.0,1.925,10097.040000000046,2024-11-22T16:00:00-05:00,0.0,83.0,hit,193.0,hit,193.0,hit,240.0,hit,241.0,hit,4708.0,hit,4708.0,hit,24.0,hit,34.0,hit,0.0,hit,24.0,hit,1456.0,hit,1456.0,hit,8.949999999999989,88,True,True,False,False,,8.949999999999989,88,True,True,False,False,,10.0,316,True,True,True,True,,10.0,316,True,True,True,True,,240.0,2024-11-19T13:31:00-05:00,2.1999999999999886,9547.04000000007,241.0,2024-11-19T13:32:00-05:00,1.75,10447.040000000046,242.0,2024-11-19T13:33:00-05:00,1.75,10447.040000000046,241.0,2024-11-19T13:32:00-05:00,1.75,10447.040000000046,241.0,2024-11-19T13:32:00-05:00,1.75,10447.040000000046,242.0,2024-11-19T13:33:00-05:00,1.75,10447.040000000046,246.0,2024-11-19T13:37:00-05:00,1.9499999999999886,10047.04000000007,242.0,2024-11-19T13:33:00-05:00,1.75,10447.040000000046,4708.0,2024-11-22T15:59:00-05:00,0.22499999999999998,13497.040000000046,,,,,,,,,4709.0,2024-11-22T16:00:00-05:00,1.925,10097.040000000046,4708.0,2024-11-22T15:59:00-05:00,0.22499999999999998,13497.040000000046,,,,,,,,,4709.0,2024-11-22T16:00:00-05:00,1.925,10097.040000000046,2246
2024-11-20,2024-11-22,2,5.0,2024-11-20T09:31:00-05:00,5.0,NDXP  241122P20750000,NDXP  241122P20740000,development,False,False,0,0,1,4,0,1195,available,False,2024-11-20T09:31:00-05:00,2024-11-22T16:00:00-05:00,0.0,9747.04,0.0,last_observed_quote_not_settlement,1036.0,401,113,5.849999999999966,-1952.9599999999311,2024-11-20T09:32:00-05:00,0.0,5.399999999999977,-1052.9599999999539,2024-11-20T09:33:00-05:00,0.0,5.599999999999994,-1452.959999999988,2024-11-20T09:36:00-05:00,0.0,5.0,-252.9599999999993,2024-11-20T09:41:00-05:00,0.0,5.0,-252.9599999999993,2024-11-20T09:46:00-05:00,0.0,2.1499999999999773,5447.040000000046,2024-11-20T10:01:00-05:00,0.0,5.449999999999989,-1152.9599999999766,2024-11-20T10:31:00-05:00,0.0,7.0,-4252.959999999999,2024-11-20T11:31:00-05:00,0.0,4.099999999999966,1547.0400000000689,2024-11-20T16:00:00-05:00,0.0,4.450000000000017,847.0399999999665,2024-11-21T16:00:00-05:00,0.0,0.0,9747.04,2024-11-22T16:00:00-05:00,0.0,,,,,0.0,hit,0.0,hit,30.0,hit,30.0,hit,157.0,hit,157.0,hit,3264.0,hit,1.0,hit,20.0,hit,20.0,hit,20.0,hit,34.0,hit,63.0,hit,8.449999999999989,8,True,True,False,False,,9.900000000000034,58,True,True,True,True,,9.900000000000034,58,True,True,True,True,,9.900000000000034,401,True,True,True,True,,30.0,2024-11-20T10:01:00-05:00,2.1499999999999773,5447.040000000046,2914.0,2024-11-22T10:05:00-05:00,0.6000000000000085,8547.039999999985,3085.0,2024-11-22T12:56:00-05:00,2.6000000000000014,4547.039999999998,31.0,2024-11-20T10:02:00-05:00,5.149999999999977,-552.9599999999539,157.0,2024-11-20T12:08:00-05:00,0.8499999999999659,8047.040000000069,3208.0,2024-11-22T14:59:00-05:00,1.9499999999999993,5847.040000000002,3262.0,2024-11-22T15:53:00-05:00,1.0,7747.040000000001,158.0,2024-11-20T12:09:00-05:00,3.75,2247.040000000001,157.0,2024-11-20T12:08:00-05:00,0.8499999999999659,8047.040000000069,3264.0,2024-11-22T15:55:00-05:00,0.25,9247.04,3265.0,2024-11-22T15:56:00-05:00,0.09999999999999998,9547.04,158.0,2024-11-20T12:09:00-05:00,3.75,2247.040000000001,3264.0,2024-11-22T15:55:00-05:00,0.25,9247.04,3265.0,2024-11-22T15:56:00-05:00,0.09999999999999998,9547.04,3266.0,2024-11-22T15:57:00-05:00,0.09999999999999998,9547.04,3265.0,2024-11-22T15:56:00-05:00,0.09999999999999998,9547.04,2247
2024-11-20,2024-11-22,2,6.0,2024-11-20T09:31:00-05:00,5.949999999999989,NDXP  241122P20780000,NDXP  241122P20770000,development,False,False,0,0,0,45,0,1154,available,False,2024-11-20T09:31:00-05:00,2024-11-22T16:00:00-05:00,4.3999999999999995,2847.039999999979,0.0,last_observed_quote_not_settlement,1036.0,652,86,6.75,-1852.960000000022,2024-11-20T09:32:00-05:00,0.0,5.050000000000011,1547.0399999999552,2024-11-20T09:33:00-05:00,0.0,6.25,-852.9600000000221,2024-11-20T09:36:00-05:00,0.0,,,2024-11-20T09:38:00-05:00,180.0,9.600000000000023,-7552.960000000069,2024-11-20T09:46:00-05:00,0.0,6.9500000000000455,-2252.960000000113,2024-11-20T10:01:00-05:00,0.0,7.5,-3352.960000000022,2024-11-20T10:31:00-05:00,0.0,7.300000000000011,-2952.9600000000446,2024-11-20T11:31:00-05:00,0.0,5.549999999999983,547.040000000012,2024-11-20T16:00:00-05:00,0.0,5.549999999999997,547.0399999999836,2024-11-21T16:00:00-05:00,0.0,4.3999999999999995,2847.039999999979,2024-11-22T16:00:00-05:00,0.0,,,,,2.0,hit,16.0,hit,31.0,hit,1673.0,hit,3268.0,hit,,never_hit,,never_hit,1.0,hit,4.0,hit,4.0,hit,6.0,hit,6.0,hit,15.0,hit,10.0,437,True,True,True,True,,10.0,652,True,True,True,True,,,,True,True,True,False,4.374999999999989,,,True,True,True,False,4.374999999999989,1673.0,2024-11-21T13:24:00-05:00,2.6500000000000057,6347.039999999966,,,,,,,,,1674.0,2024-11-21T13:25:00-05:00,4.799999999999983,2047.0400000000122,3268.0,2024-11-22T15:59:00-05:00,1.5749999999999997,8497.039999999979,,,,,,,,,3269.0,2024-11-22T16:00:00-05:00,4.3999999999999995,2847.039999999979,,,,,,,,,,,,,,,,,,,,,,,,,,,,,,,,,2248
2024-11-20,2024-11-22,2,7.0,2024-11-20T09:31:00-05:00,6.800000000000068,NDXP  241122P21570000,NDXP  241122P21560000,development,False,False,0,0,0,249,0,949,available,False,2024-11-20T09:31:00-05:00,2024-11-22T15:59:00-05:00,10.0,-6552.959999999864,1.0,last_observed_quote_not_settlement,1037.0,773,15,9.899999999999977,-6452.959999999819,2024-11-20T09:32:00-05:00,0.0,9.899999999999977,-6452.959999999819,2024-11-20T09:33:00-05:00,0.0,9.899999999999977,-6452.959999999819,2024-11-20T09:36:00-05:00,0.0,9.900000000000091,-6452.960000000046,2024-11-20T09:41:00-05:00,0.0,9.899999999999977,-6452.959999999819,2024-11-20T09:46:00-05:00,0.0,9.950000000000045,-6552.959999999864,2024-11-20T10:01:00-05:00,0.0,,,2024-11-20T10:25:00-05:00,360.0,9.75,-6152.9599999998645,2024-11-20T11:31:00-05:00,0.0,,,2024-11-20T15:58:00-05:00,120.0,10.0,-6552.959999999864,2024-11-21T16:00:00-05:00,0.0,,,2024-11-22T15:59:00-05:00,60.0,,,,,1632.0,hit,1632.0,hit,,never_hit,,never_hit,,never_hit,,never_hit,,never_hit,1.0,hit,1.0,hit,1.0,hit,1.0,hit,1.0,hit,1.0,hit,,,True,True,True,False,2.1000000000001364,,,True,True,True,False,2.1000000000001364,,,True,True,True,False,2.1000000000001364,,,True,True,True,False,2.1000000000001364,,,,,,,,,,,,,,,,,,,,,,,,,,,,,,,,,,,,,,,,,,,,,,,,,,,,,,,,,,,,,,,,,2249
2024-11-22,2024-11-25,3,5.0,2024-11-22T09:31:00-05:00,5.0,NDXP  241125P20770000,NDXP  241125P20760000,development,False,False,0,0,0,1,0,793,available,False,2024-11-22T09:31:00-05:00,2024-11-25T15:59:00-05:00,0.05000000000000002,9647.040000000003,1.0,last_observed_quote_not_settlement,3916.0,128,52,4.999999999999972,-252.95999999994245,2024-11-22T09:32:00-05:00,0.0,4.5,747.0400000000006,2024-11-22T09:33:00-05:00,0.0,4.650000000000006,447.03999999998933,2024-11-22T09:36:00-05:00,0.0,4.700000000000003,347.039999999995,2024-11-22T09:41:00-05:00,0.0,4.1000000000000085,1547.0399999999836,2024-11-22T09:46:00-05:00,0.0,4.75,247.04000000000067,2024-11-22T10:01:00-05:00,0.0,6.200000000000017,-2652.9600000000332,2024-11-22T10:31:00-05:00,0.0,5.75,-1752.9599999999994,2024-11-22T11:31:00-05:00,0.0,4.000000000000007,1747.0399999999865,2024-11-22T16:00:00-05:00,0.0,,,2024-11-22T16:15:00-05:00,85500.0,,,2024-11-22T16:15:00-05:00,171900.0,,,2024-11-25T15:59:00-05:00,60.0,0.0,hit,0.0,hit,12.0,hit,12.0,hit,18.0,hit,18.0,hit,4332.0,hit,6.0,hit,6.0,hit,6.0,hit,,never_hit,,never_hit,,never_hit,7.050000000000011,3,True,False,False,False,,7.050000000000011,3,True,False,False,False,,7.050000000000011,3,True,False,False,False,,7.050000000000011,101,True,False,False,False,,12.0,2024-11-22T09:43:00-05:00,2.6999999999999886,4347.040000000024,4321.0,2024-11-25T09:32:00-05:00,1.6999999999999993,6347.040000000002,4322.0,2024-11-25T09:33:00-05:00,1.25,7247.040000000001,13.0,2024-11-22T09:44:00-05:00,4.6000000000000085,547.0399999999836,18.0,2024-11-22T09:49:00-05:00,0.5999999999999943,8547.040000000014,4321.0,2024-11-25T09:32:00-05:00,1.6999999999999993,6347.040000000002,4322.0,2024-11-25T09:33:00-05:00,1.25,7247.040000000001,19.0,2024-11-22T09:50:00-05:00,4.799999999999997,147.0400000000064,18.0,2024-11-22T09:49:00-05:00,0.5999999999999943,8547.040000000014,4329.0,2024-11-25T09:40:00-05:00,0.7999999999999989,8147.040000000004,4330.0,2024-11-25T09:41:00-05:00,0.6999999999999993,8347.040000000003,19.0,2024-11-22T09:50:00-05:00,4.799999999999997,147.0400000000064,4332.0,2024-11-25T09:43:00-05:00,0.4499999999999993,8847.040000000003,4704.0,2024-11-25T15:55:00-05:00,0.42499999999999993,8897.040000000003,4708.0,2024-11-25T15:59:00-05:00,0.05000000000000002,9647.040000000003,4333.0,2024-11-25T09:44:00-05:00,0.5500000000000007,8647.04,2250
2024-11-22,2024-11-25,3,6.0,2024-11-22T09:31:00-05:00,6.0,NDXP  241125P20830000,NDXP  241125P20820000,development,False,False,0,0,0,1,0,793,available,False,2024-11-22T09:31:00-05:00,2024-11-25T16:00:00-05:00,6.75,-1752.9599999999994,0.0,last_observed_quote_not_settlement,3916.0,418,95,5.5,747.0400000000006,2024-11-22T09:32:00-05:00,0.0,5.399999999999977,947.0400000000461,2024-11-22T09:33:00-05:00,0.0,5.349999999999994,1047.040000000012,2024-11-22T09:36:00-05:00,0.0,6.199999999999989,-652.9599999999766,2024-11-22T09:41:00-05:00,0.0,5.0,1747.0400000000006,2024-11-22T09:46:00-05:00,0.0,5.449999999999989,847.0400000000234,2024-11-22T10:01:00-05:00,0.0,6.75,-1752.9599999999994,2024-11-22T10:31:00-05:00,0.0,7.0,-2252.959999999999,2024-11-22T11:31:00-05:00,0.0,6.0,-252.9599999999993,2024-11-22T16:00:00-05:00,0.0,,,2024-11-22T16:15:00-05:00,85500.0,,,2024-11-22T16:15:00-05:00,171900.0,6.75,-1752.9599999999994,2024-11-25T16:00:00-05:00,0.0,1.0,hit,12.0,hit,12.0,hit,4320.0,hit,4323.0,hit,4332.0,hit,,never_hit,7.0,hit,33.0,hit,33.0,hit,4493.0,hit,4518.0,hit,,never_hit,7.800000000000011,207,True,False,False,False,,7.800000000000011,207,True,False,False,False,,7.800000000000011,207,True,False,False,False,,,,True,True,True,False,5.050000000000001,4320.0,2024-11-25T09:31:00-05:00,2.3500000000000014,7047.039999999998,4321.0,2024-11-25T09:32:00-05:00,2.7000000000000064,6347.039999999988,4322.0,2024-11-25T09:33:00-05:00,2.25,7247.040000000001,4321.0,2024-11-25T09:32:00-05:00,2.7000000000000064,6347.039999999988,4323.0,2024-11-25T09:34:00-05:00,1.8500000000000014,8047.039999999998,4328.0,2024-11-25T09:39:00-05:00,1.450000000000001,8847.039999999999,4329.0,2024-11-25T09:40:00-05:00,1.2999999999999972,9147.040000000008,4324.0,2024-11-25T09:35:00-05:00,2.0,7747.040000000001,4335.0,2024-11-25T09:46:00-05:00,0.9499999999999993,9847.040000000003,,,,,,,,,4336.0,2024-11-25T09:47:00-05:00,1.1999999999999993,9347.040000000003,,,,,,,,,,,,,,,,,2251
2024-11-22,2024-11-25,3,7.0,2024-11-22T09:31:00-05:00,7.0,NDXP  241125P20930000,NDXP  241125P20920000,development,False,False,0,0,0,81,0,713,available,False,2024-11-22T09:31:00-05:00,2024-11-25T15:58:00-05:00,10.0,-6152.96,2.0,last_observed_quote_not_settlement,3916.0,607,38,7.150000000000006,-552.9600000000107,2024-11-22T09:32:00-05:00,0.0,6.849999999999994,47.04000000001208,2024-11-22T09:33:00-05:00,0.0,7.25,-752.9599999999994,2024-11-22T09:36:00-05:00,0.0,7.5,-1252.9599999999994,2024-11-22T09:41:00-05:00,0.0,7.349999999999966,-952.9599999999311,2024-11-22T09:46:00-05:00,0.0,7.349999999999994,-952.959999999988,2024-11-22T10:01:00-05:00,0.0,8.650000000000006,-3552.9600000000123,2024-11-22T10:31:00-05:00,0.0,8.449999999999989,-3152.959999999978,2024-11-22T11:31:00-05:00,0.0,8.5,-3252.960000000001,2024-11-22T16:00:00-05:00,0.0,,,2024-11-22T16:15:00-05:00,85500.0,,,2024-11-22T16:15:00-05:00,171900.0,,,2024-11-25T15:58:00-05:00,120.0,4320.0,hit,4322.0,hit,4327.0,hit,4331.0,hit,,never_hit,,never_hit,,never_hit,3.0,hit,6.0,hit,0.0,hit,6.0,hit,114.0,hit,131.0,hit,9.949999999999989,385,True,True,True,True,,,,True,True,True,False,4.550000000000001,,,True,True,True,False,4.550000000000001,,,True,True,True,False,4.550000000000001,4331.0,2024-11-25T09:42:00-05:00,2.549999999999997,8647.040000000008,4332.0,2024-11-25T09:43:00-05:00,2.4499999999999993,8847.040000000003,4333.0,2024-11-25T09:44:00-05:00,2.8000000000000007,8147.04,4332.0,2024-11-25T09:43:00-05:00,2.4499999999999993,8847.040000000003,,,,,,,,,,,,,,,,,,,,,,,,,,,,,,,,,,,,,,,,,,,,,,,,,2252
2024-11-25,2024-11-27,2,5.0,2024-11-25T09:31:00-05:00,5.099999999999909,NDXP  241127P21800000,NDXP  241127P21790000,development,False,False,0,0,0,254,0,946,available,False,2024-11-25T09:31:00-05:00,2024-11-27T16:00:00-05:00,10.0,-9952.960000000181,0.0,last_observed_quote_not_settlement,1037.0,757,2,,,2024-11-25T09:31:00-05:00,60.0,8.849999999999909,-7752.960000000001,2024-11-25T09:33:00-05:00,0.0,6.850000000000023,-3752.9600000002265,2024-11-25T09:36:00-05:00,0.0,,,2024-11-25T09:38:00-05:00,180.0,,,2024-11-25T09:45:00-05:00,60.0,8.799999999999955,-7652.960000000092,2024-11-25T10:01:00-05:00,0.0,8.5,-7052.960000000183,2024-11-25T10:31:00-05:00,0.0,9.350000000000023,-8752.960000000228,2024-11-25T11:31:00-05:00,0.0,,,2024-11-25T15:59:00-05:00,60.0,10.0,-9952.960000000181,2024-11-26T16:00:00-05:00,0.0,10.0,-9952.960000000181,2024-11-27T16:00:00-05:00,0.0,,,,,0.0,hit,22.0,hit,,never_hit,,never_hit,,never_hit,,never_hit,,never_hit,2.0,hit,2.0,hit,2.0,hit,2.0,hit,4.0,hit,4.0,hit,,,True,True,True,False,0.09999999999990905,,,True,True,True,False,0.09999999999990905,,,True,True,True,False,0.09999999999990905,,,True,True,True,False,0.09999999999990905,,,,,,,,,,,,,,,,,,,,,,,,,,,,,,,,,,,,,,,,,,,,,,,,,,,,,,,,,,,,,,,,,2253
2024-11-25,2024-11-27,2,6.0,2024-11-25T09:31:00-05:00,6.0,NDXP  241127P20980000,NDXP  241127P20970000,development,False,False,0,0,0,122,0,1078,available,False,2024-11-25T09:31:00-05:00,2024-11-27T16:00:00-05:00,10.0,-8152.96,0.0,last_observed_quote_not_settlement,1036.0,875,104,5.349999999999966,1047.0400000000689,2024-11-25T09:32:00-05:00,0.0,5.600000000000023,547.0399999999552,2024-11-25T09:33:00-05:00,0.0,5.299999999999983,1147.0400000000348,2024-11-25T09:36:00-05:00,0.0,4.800000000000011,2147.039999999978,2024-11-25T09:41:00-05:00,0.0,4.199999999999989,3347.0400000000236,2024-11-25T09:46:00-05:00,0.0,6.449999999999989,-1152.9599999999766,2024-11-25T10:01:00-05:00,0.0,6.249999999999972,-752.9599999999425,2024-11-25T10:31:00-05:00,0.0,4.25,3247.040000000001,2024-11-25T11:31:00-05:00,0.0,7.650000000000034,-3552.9600000000673,2024-11-25T16:00:00-05:00,0.0,6.25,-752.9599999999994,2024-11-26T16:00:00-05:00,0.0,10.0,-8152.96,2024-11-27T16:00:00-05:00,0.0,,,,,1.0,hit,7.0,hit,68.0,hit,,never_hit,,never_hit,,never_hit,,never_hit,25.0,hit,41.0,hit,41.0,hit,55.0,hit,128.0,hit,128.0,hit,,,True,True,True,False,2.8000000000000114,,,True,True,True,False,2.8000000000000114,,,True,True,True,False,2.8000000000000114,,,True,True,True,False,2.8000000000000114,,,,,,,,,,,,,,,,,,,,,,,,,,,,,,,,,,,,,,,,,,,,,,,,,,,,,,,,,,,,,,,,,2254
2024-11-25,2024-11-27,2,7.0,2024-11-25T09:31:00-05:00,7.0,NDXP  241127P21070000,NDXP  241127P21060000,development,False,False,0,0,0,124,0,1076,available,False,2024-11-25T09:31:00-05:00,2024-11-27T16:00:00-05:00,10.0,-6152.96,0.0,last_observed_quote_not_settlement,1037.0,951,55,7.300000000000011,-852.9600000000221,2024-11-25T09:32:00-05:00,0.0,7.0,-252.9599999999993,2024-11-25T09:33:00-05:00,0.0,6.799999999999983,147.0400000000348,2024-11-25T09:36:00-05:00,0.0,5.849999999999994,2047.0400000000122,2024-11-25T09:41:00-05:00,0.0,5.600000000000023,2547.0399999999554,2024-11-25T09:46:00-05:00,0.0,6.800000000000011,147.03999999997797,2024-11-25T10:01:00-05:00,0.0,7.199999999999989,-652.9599999999766,2024-11-25T10:31:00-05:00,0.0,7.300000000000011,-852.9600000000221,2024-11-25T11:31:00-05:00,0.0,8.600000000000023,-3452.9600000000464,2024-11-25T16:00:00-05:00,0.0,9.849999999999994,-5952.95999999999,2024-11-26T16:00:00-05:00,0.0,10.0,-6152.96,2024-11-27T16:00:00-05:00,0.0,,,,,11.0,hit,,never_hit,,never_hit,,never_hit,,never_hit,,never_hit,,never_hit,24.0,hit,35.0,hit,0.0,hit,35.0,hit,56.0,hit,58.0,hit,,,True,True,True,False,1.950000000000017,,,True,True,True,False,1.950000000000017,,,True,True,True,False,1.950000000000017,,,True,True,True,False,1.950000000000017,,,,,,,,,,,,,,,,,,,,,,,,,,,,,,,,,,,,,,,,,,,,,,,,,,,,,,,,,,,,,,,,,2255
2024-11-26,2024-11-29,3,5.0,2024-11-26T09:31:00-05:00,5.0,NDXP  241129P20950000,NDXP  241129P20940000,development,False,False,0,0,0,33,0,1001,available,False,2024-11-26T09:31:00-05:00,2024-11-29T13:14:00-05:00,8.600000000000001,-7452.960000000004,166.0,last_observed_quote_not_settlement,2476.0,877,68,4.75,247.04000000000067,2024-11-26T09:32:00-05:00,0.0,4.449999999999989,847.0400000000234,2024-11-26T09:33:00-05:00,0.0,4.650000000000006,447.03999999998933,2024-11-26T09:36:00-05:00,0.0,4.799999999999997,147.0400000000064,2024-11-26T09:41:00-05:00,0.0,4.650000000000006,447.03999999998933,2024-11-26T09:46:00-05:00,0.0,5.25,-752.9599999999994,2024-11-26T10:01:00-05:00,0.0,5.099999999999994,-452.95999999998793,2024-11-26T10:31:00-05:00,0.0,3.5999999999999943,2547.0400000000122,2024-11-26T11:31:00-05:00,0.0,4.5,747.0400000000006,2024-11-26T16:00:00-05:00,0.0,9.400000000000006,-9052.960000000012,2024-11-27T16:00:00-05:00,0.0,,,2024-11-27T16:15:00-05:00,85500.0,,,2024-11-29T13:14:00-05:00,9960.0,0.0,hit,0.0,hit,8.0,hit,24.0,hit,,never_hit,,never_hit,,never_hit,3.0,hit,3.0,hit,102.0,hit,1440.0,hit,1470.0,hit,1496.0,hit,6.299999999999997,3,False,False,False,False,,,,True,True,True,False,2.25,,,True,True,True,False,2.25,,,True,True,True,False,2.25,24.0,2024-11-26T09:55:00-05:00,2.75,4247.040000000001,,,,,,,,,25.0,2024-11-26T09:56:00-05:00,5.099999999999994,-452.95999999998793,,,,,,,,,,,,,,,,,,,,,,,,,,,,,,,,,,,,,,,,,,,,,,,,,2256
2024-11-26,2024-11-29,3,6.0,2024-11-26T09:31:00-05:00,5.950000000000017,NDXP  241129P21060000,NDXP  241129P21050000,development,False,False,0,0,0,101,0,933,available,False,2024-11-26T09:31:00-05:00,2024-11-29T13:14:00-05:00,9.999999999999986,-8252.959999999965,166.0,last_observed_quote_not_settlement,2476.0,851,28,8.149999999999977,-4652.959999999922,2024-11-26T09:32:00-05:00,0.0,7.550000000000011,-3452.9599999999878,2024-11-26T09:33:00-05:00,0.0,7.5,-3352.959999999965,2024-11-26T09:36:00-05:00,0.0,7.050000000000011,-2452.9599999999878,2024-11-26T09:41:00-05:00,0.0,6.0,-352.9599999999652,2024-11-26T09:46:00-05:00,0.0,7.199999999999989,-2752.9599999999423,2024-11-26T10:01:00-05:00,0.0,7.300000000000011,-2952.9599999999878,2024-11-26T10:31:00-05:00,0.0,8.25,-4852.959999999967,2024-11-26T11:31:00-05:00,0.0,7.0,-2352.959999999965,2024-11-26T16:00:00-05:00,0.0,9.700000000000045,-7752.960000000058,2024-11-27T16:00:00-05:00,0.0,,,2024-11-27T16:15:00-05:00,85500.0,,,2024-11-29T13:14:00-05:00,9960.0,11.0,hit,55.0,hit,,never_hit,,never_hit,,never_hit,,never_hit,,never_hit,1.0,hit,1.0,hit,1.0,hit,1.0,hit,12.0,hit,70.0,hit,,,True,True,True,False,1.3499999999999943,,,True,True,True,False,1.3499999999999943,,,True,True,True,False,1.3499999999999943,,,True,True,True,False,1.3499999999999943,,,,,,,,,,,,,,,,,,,,,,,,,,,,,,,,,,,,,,,,,,,,,,,,,,,,,,,,,,,,,,,,,2257
2024-11-26,2024-11-29,3,7.0,2024-11-26T09:31:00-05:00,7.0,NDXP  241129P21040000,NDXP  241129P21030000,development,False,False,0,0,0,132,0,902,available,False,2024-11-26T09:31:00-05:00,2024-11-29T13:14:00-05:00,10.0,-6152.96,166.0,last_observed_quote_not_settlement,2483.0,686,130,7.699999999999989,-1652.9599999999766,2024-11-26T09:32:00-05:00,0.0,7.450000000000017,-1152.9600000000335,2024-11-26T09:33:00-05:00,0.0,6.650000000000006,447.03999999998933,2024-11-26T09:36:00-05:00,0.0,6.700000000000017,347.0399999999666,2024-11-26T09:41:00-05:00,0.0,6.300000000000011,1147.039999999978,2024-11-26T09:46:00-05:00,0.0,7.0,-252.9599999999993,2024-11-26T10:01:00-05:00,0.0,7.050000000000011,-352.96000000002203,2024-11-26T10:31:00-05:00,0.0,9.0,-4252.960000000001,2024-11-26T11:31:00-05:00,0.0,6.900000000000006,-52.96000000001066,2024-11-26T16:00:00-05:00,0.0,9.700000000000045,-5652.960000000092,2024-11-27T16:00:00-05:00,0.0,,,2024-11-27T16:08:00-05:00,85920.0,,,2024-11-29T13:14:00-05:00,9960.0,20.0,hit,20.0,hit,,never_hit,,never_hit,,never_hit,,never_hit,,never_hit,1.0,hit,14.0,hit,0.0,hit,14.0,hit,103.0,hit,300.0,hit,,,True,True,True,False,2.0999999999999943,,,True,True,True,False,2.0999999999999943,,,True,True,True,False,2.0999999999999943,,,True,True,True,False,2.0999999999999943,,,,,,,,,,,,,,,,,,,,,,,,,,,,,,,,,,,,,,,,,,,,,,,,,,,,,,,,,,,,,,,,,2258
2024-11-27,2024-11-29,2,5.0,2024-11-27T09:31:00-05:00,5.049999999999997,NDXP  241129P20810000,NDXP  241129P20800000,development,False,False,0,0,0,19,0,610,available,False,2024-11-27T09:31:00-05:00,2024-11-29T12:55:00-05:00,0.024999999999999994,9797.039999999995,185.0,last_observed_quote_not_settlement,2476.0,368,18,4.150000000000006,1547.0399999999836,2024-11-27T09:32:00-05:00,0.0,4.0,1847.039999999995,2024-11-27T09:33:00-05:00,0.0,4.150000000000006,1547.0399999999836,2024-11-27T09:36:00-05:00,0.0,4.200000000000017,1447.0399999999609,2024-11-27T09:41:00-05:00,0.0,4.1000000000000085,1647.039999999978,2024-11-27T09:46:00-05:00,0.0,4.799999999999983,247.0400000000291,2024-11-27T10:01:00-05:00,0.0,5.700000000000003,-1552.9600000000107,2024-11-27T10:31:00-05:00,0.0,7.949999999999989,-6052.959999999982,2024-11-27T11:31:00-05:00,0.0,6.299999999999997,-2752.959999999999,2024-11-27T16:00:00-05:00,0.0,,,2024-11-27T16:15:00-05:00,85500.0,,,2024-11-29T12:55:00-05:00,11100.0,,,,,0.0,hit,1.0,hit,2.0,hit,9.0,hit,2909.0,hit,2921.0,hit,2953.0,hit,42.0,hit,42.0,hit,56.0,hit,96.0,hit,152.0,hit,,never_hit,5.049999999999997,0,False,False,False,False,,9.199999999999989,368,True,True,True,True,,9.199999999999989,368,True,True,True,True,,9.199999999999989,368,True,True,True,True,,9.0,2024-11-27T09:40:00-05:00,2.0500000000000114,5747.039999999973,2905.0,2024-11-29T09:56:00-05:00,2.549999999999997,4747.040000000001,2906.0,2024-11-29T09:57:00-05:00,2.6999999999999993,4447.039999999996,10.0,2024-11-27T09:41:00-05:00,4.200000000000017,1447.0399999999609,2910.0,2024-11-29T10:01:00-05:00,1.6999999999999993,6447.039999999996,2911.0,2024-11-29T10:02:00-05:00,1.8000000000000007,6247.039999999994,2912.0,2024-11-29T10:03:00-05:00,1.9499999999999993,5947.039999999996,2911.0,2024-11-29T10:02:00-05:00,1.8000000000000007,6247.039999999994,2922.0,2024-11-29T10:13:00-05:00,0.8500000000000005,8147.0399999999945,2925.0,2024-11-29T10:16:00-05:00,0.8500000000000005,8147.0399999999945,2926.0,2024-11-29T10:17:00-05:00,0.8499999999999996,8147.039999999996,2923.0,2024-11-29T10:14:00-05:00,1.0499999999999998,7747.039999999995,2975.0,2024-11-29T11:06:00-05:00,0.3500000000000001,9147.039999999995,2980.0,2024-11-29T11:11:00-05:00,0.34999999999999987,9147.039999999997,2981.0,2024-11-29T11:12:00-05:00,0.19999999999999996,9447.039999999995,2976.0,2024-11-29T11:07:00-05:00,0.6000000000000001,8647.039999999995,2259
2024-11-27,2024-11-29,2,6.0,2024-11-27T09:31:00-05:00,5.950000000000003,NDXP  241129P20900000,NDXP  241129P20890000,development,False,False,0,0,0,5,0,624,available,False,2024-11-27T09:31:00-05:00,2024-11-29T13:14:00-05:00,0.024999999999999994,11597.040000000006,166.0,last_observed_quote_not_settlement,2476.0,412,31,6.25,-852.9599999999937,2024-11-27T09:32:00-05:00,0.0,3.6999999999999886,4247.040000000029,2024-11-27T09:33:00-05:00,0.0,3.700000000000003,4247.040000000001,2024-11-27T09:36:00-05:00,0.0,6.5,-1352.9599999999937,2024-11-27T09:41:00-05:00,0.0,5.799999999999997,47.04000000001208,2024-11-27T09:46:00-05:00,0.0,6.549999999999983,-1452.9599999999596,2024-11-27T10:01:00-05:00,0.0,8.399999999999977,-5152.95999999995,2024-11-27T10:31:00-05:00,0.0,7.5,-3352.9599999999937,2024-11-27T11:31:00-05:00,0.0,9.099999999999994,-6552.959999999984,2024-11-27T16:00:00-05:00,0.0,,,2024-11-27T16:15:00-05:00,85500.0,,,2024-11-29T13:14:00-05:00,9960.0,,,,,2.0,hit,2.0,hit,2.0,hit,2957.0,hit,2957.0,hit,3049.0,hit,3065.0,hit,9.0,hit,9.0,hit,9.0,hit,9.0,hit,66.0,hit,102.0,hit,10.0,410,True,True,True,True,,10.0,410,True,True,True,True,,10.0,412,True,True,True,True,,10.0,412,True,True,True,True,,2957.0,2024-11-29T10:48:00-05:00,1.5,8647.040000000008,2982.0,2024-11-29T11:13:00-05:00,2.000000000000001,7647.0400000000045,2983.0,2024-11-29T11:14:00-05:00,1.8500000000000005,7947.040000000005,2958.0,2024-11-29T10:49:00-05:00,5.050000000000004,1547.039999999998,2957.0,2024-11-29T10:48:00-05:00,1.5,8647.040000000008,3019.0,2024-11-29T11:50:00-05:00,1.5999999999999996,8447.040000000008,3020.0,2024-11-29T11:51:00-05:00,1.4,8847.040000000006,2958.0,2024-11-29T10:49:00-05:00,5.050000000000004,1547.039999999998,3049.0,2024-11-29T12:20:00-05:00,0.9249999999999998,9797.040000000008,3063.0,2024-11-29T12:34:00-05:00,0.6000000000000001,10447.040000000006,3064.0,2024-11-29T12:35:00-05:00,0.5750000000000001,10497.040000000006,3050.0,2024-11-29T12:21:00-05:00,1.1500000000000004,9347.040000000006,3066.0,2024-11-29T12:37:00-05:00,0.34999999999999987,10947.040000000008,3067.0,2024-11-29T12:38:00-05:00,0.4249999999999998,10797.040000000008,3068.0,2024-11-29T12:39:00-05:00,0.44999999999999996,10747.040000000006,3067.0,2024-11-29T12:38:00-05:00,0.4249999999999998,10797.040000000008,2260
2024-11-27,2024-11-29,2,7.0,2024-11-27T09:31:00-05:00,6.75,NDXP  241129P20850000,NDXP  241129P20840000,development,False,False,0,0,0,25,0,604,available,False,2024-11-27T09:31:00-05:00,2024-11-29T12:51:00-05:00,0.025000000000000022,13197.04,189.0,last_observed_quote_not_settlement,2476.0,353,22,4.549999999999997,4147.040000000006,2024-11-27T09:32:00-05:00,0.0,4.700000000000003,3847.039999999995,2024-11-27T09:33:00-05:00,0.0,4.599999999999994,4047.040000000012,2024-11-27T09:36:00-05:00,0.0,5.400000000000006,2447.0399999999895,2024-11-27T09:41:00-05:00,0.0,5.299999999999997,2647.0400000000063,2024-11-27T09:46:00-05:00,0.0,5.599999999999994,2047.0400000000122,2024-11-27T10:01:00-05:00,0.0,7.400000000000006,-1552.9600000000107,2024-11-27T10:31:00-05:00,0.0,8.099999999999994,-2952.9599999999896,2024-11-27T11:31:00-05:00,0.0,7.050000000000011,-852.9600000000221,2024-11-27T16:00:00-05:00,0.0,,,2024-11-27T16:15:00-05:00,85500.0,,,2024-11-29T12:51:00-05:00,11340.0,,,,,1.0,hit,1.0,hit,18.0,hit,18.0,hit,2921.0,hit,2979.0,hit,3011.0,hit,43.0,hit,43.0,hit,43.0,hit,68.0,hit,90.0,hit,93.0,hit,6.75,0,False,False,False,False,,10.0,353,True,True,True,True,,10.0,353,True,True,True,True,,10.0,353,True,True,True,True,,18.0,2024-11-27T09:49:00-05:00,2.3500000000000085,8547.039999999985,2918.0,2024-11-29T10:09:00-05:00,2.299999999999999,8647.040000000005,2919.0,2024-11-29T10:10:00-05:00,2.3499999999999996,8547.040000000003,19.0,2024-11-27T09:50:00-05:00,4.950000000000003,3347.039999999995,2923.0,2024-11-29T10:14:00-05:00,1.9499999999999993,9347.040000000003,2924.0,2024-11-29T10:15:00-05:00,1.75,9747.04,2925.0,2024-11-29T10:16:00-05:00,1.700000000000001,9847.039999999999,2924.0,2024-11-29T10:15:00-05:00,1.75,9747.04,2980.0,2024-11-29T11:11:00-05:00,0.9499999999999993,11347.040000000003,2981.0,2024-11-29T11:12:00-05:00,0.6750000000000003,11897.04,2982.0,2024-11-29T11:13:00-05:00,0.6000000000000001,12047.04,2981.0,2024-11-29T11:12:00-05:00,0.6750000000000003,11897.04,3011.0,2024-11-29T11:42:00-05:00,0.4249999999999998,12397.040000000003,3016.0,2024-11-29T11:47:00-05:00,0.42500000000000027,12397.04,3020.0,2024-11-29T11:51:00-05:00,0.3500000000000001,12547.04,3012.0,2024-11-29T11:43:00-05:00,0.5249999999999999,12197.04,2261
2024-11-29,2024-12-02,3,5.0,2024-11-29T09:31:00-05:00,5.050000000000011,NDXP  241202P20800000,NDXP  241202P20790000,development,False,False,0,0,0,138,0,476,available,False,2024-11-29T09:31:00-05:00,2024-12-02T15:53:00-05:00,0.0,9847.040000000025,7.0,last_observed_quote_not_settlement,4097.0,3,4,4.950000000000003,-52.95999999998224,2024-11-29T09:32:00-05:00,0.0,5.199999999999989,-552.9599999999539,2024-11-29T09:33:00-05:00,0.0,4.650000000000006,547.040000000012,2024-11-29T09:36:00-05:00,0.0,7.700000000000003,-5552.959999999982,2024-11-29T09:41:00-05:00,0.0,3.8999999999999915,2047.0400000000404,2024-11-29T09:46:00-05:00,0.0,2.799999999999997,4247.040000000029,2024-11-29T10:01:00-05:00,0.0,2.3000000000000007,5247.040000000022,2024-11-29T10:31:00-05:00,0.0,1.75,6347.040000000024,2024-11-29T11:31:00-05:00,0.0,,,2024-11-29T13:14:00-05:00,9960.0,,,2024-11-29T13:14:00-05:00,96360.0,,,2024-11-29T13:14:00-05:00,182760.0,,,2024-12-02T15:53:00-05:00,420.0,0.0,hit,1.0,hit,14.0,hit,30.0,hit,71.0,hit,4320.0,hit,4320.0,hit,10.0,hit,10.0,hit,10.0,hit,,never_hit,,never_hit,,never_hit,7.700000000000003,3,True,False,False,False,,7.700000000000003,3,True,False,False,False,,7.700000000000003,3,True,False,False,False,,7.700000000000003,3,True,False,False,False,,30.0,2024-11-29T10:01:00-05:00,2.799999999999997,4247.040000000029,36.0,2024-11-29T10:07:00-05:00,2.75,4347.040000000024,37.0,2024-11-29T10:08:00-05:00,2.5,4847.040000000024,31.0,2024-11-29T10:02:00-05:00,3.0,3847.0400000000236,73.0,2024-11-29T10:44:00-05:00,1.9499999999999993,5947.0400000000245,99.0,2024-11-29T11:10:00-05:00,1.8999999999999986,6047.040000000026,100.0,2024-11-29T11:11:00-05:00,1.8499999999999979,6147.040000000027,74.0,2024-11-29T10:45:00-05:00,2.0,5847.040000000024,4320.0,2024-12-02T09:31:00-05:00,0.04999999999999982,9747.040000000025,4321.0,2024-12-02T09:32:00-05:00,0.34999999999999964,9147.040000000025,4322.0,2024-12-02T09:33:00-05:00,0.5499999999999989,8747.040000000026,4321.0,2024-12-02T09:32:00-05:00,0.34999999999999964,9147.040000000025,4320.0,2024-12-02T09:31:00-05:00,0.04999999999999982,9747.040000000025,4321.0,2024-12-02T09:32:00-05:00,0.34999999999999964,9147.040000000025,4325.0,2024-12-02T09:36:00-05:00,0.2999999999999998,9247.040000000025,4321.0,2024-12-02T09:32:00-05:00,0.34999999999999964,9147.040000000025,2262
2024-11-29,2024-12-02,3,6.0,2024-11-29T09:31:00-05:00,5.950000000000003,NDXP  241202P20840000,NDXP  241202P20830000,development,False,False,0,0,0,100,0,514,available,False,2024-11-29T09:31:00-05:00,2024-12-02T15:59:00-05:00,0.0,11647.040000000008,1.0,last_observed_quote_not_settlement,4097.0,5,4,5.75,147.0400000000064,2024-11-29T09:32:00-05:00,0.0,6.099999999999994,-552.9599999999823,2024-11-29T09:33:00-05:00,0.0,6.200000000000003,-752.9599999999994,2024-11-29T09:36:00-05:00,0.0,6.750000000000014,-1852.960000000022,2024-11-29T09:41:00-05:00,0.0,4.900000000000006,1847.039999999995,2024-11-29T09:46:00-05:00,0.0,3.749999999999993,4147.040000000021,2024-11-29T10:01:00-05:00,0.0,3.1000000000000014,5447.040000000004,2024-11-29T10:31:00-05:00,0.0,2.349999999999998,6947.040000000011,2024-11-29T11:31:00-05:00,0.0,,,2024-11-29T13:14:00-05:00,9960.0,,,2024-11-29T13:14:00-05:00,96360.0,,,2024-11-29T13:14:00-05:00,182760.0,,,2024-12-02T15:59:00-05:00,60.0,6.0,hit,6.0,hit,29.0,hit,31.0,hit,31.0,hit,85.0,hit,4324.0,hit,3.0,hit,,never_hit,,never_hit,,never_hit,,never_hit,,never_hit,6.750000000000014,5,False,False,False,False,,6.750000000000014,5,False,False,False,False,,6.750000000000014,5,False,False,False,False,,6.750000000000014,5,False,False,False,False,,31.0,2024-11-29T10:02:00-05:00,1.8499999999999943,7947.040000000018,50.0,2024-11-29T10:21:00-05:00,2.700000000000003,6247.040000000001,68.0,2024-11-29T10:39:00-05:00,2.750000000000007,6147.039999999992,32.0,2024-11-29T10:03:00-05:00,3.9000000000000057,3847.039999999995,31.0,2024-11-29T10:02:00-05:00,1.8499999999999943,7947.040000000018,4321.0,2024-12-02T09:32:00-05:00,0.5999999999999996,10447.040000000008,4322.0,2024-12-02T09:33:00-05:00,0.7999999999999998,10047.040000000008,32.0,2024-11-29T10:03:00-05:00,3.9000000000000057,3847.039999999995,85.0,2024-11-29T10:56:00-05:00,0.6499999999999986,10347.04000000001,4322.0,2024-12-02T09:33:00-05:00,0.7999999999999998,10047.040000000008,4323.0,2024-12-02T09:34:00-05:00,0.5500000000000007,10547.040000000006,86.0,2024-11-29T10:57:00-05:00,2.950000000000003,5747.040000000001,4326.0,2024-12-02T09:37:00-05:00,0.40000000000000036,10847.040000000006,4327.0,2024-12-02T09:38:00-05:00,0.4499999999999993,10747.040000000008,4337.0,2024-12-02T09:48:00-05:00,0.35000000000000053,10947.040000000006,4327.0,2024-12-02T09:38:00-05:00,0.4499999999999993,10747.040000000008,2263
2024-11-29,2024-12-02,3,7.0,2024-11-29T09:31:00-05:00,7.0,NDXP  241202P20890000,NDXP  241202P20880000,development,False,False,0,0,0,46,0,568,available,False,2024-11-29T09:31:00-05:00,2024-12-02T16:00:00-05:00,9.9,-6052.960000000002,0.0,last_observed_quote_not_settlement,4097.0,1,3,6.700000000000017,347.0399999999666,2024-11-29T09:32:00-05:00,0.0,6.599999999999994,547.040000000012,2024-11-29T09:33:00-05:00,0.0,6.799999999999983,147.0400000000348,2024-11-29T09:36:00-05:00,0.0,8.5,-3252.960000000001,2024-11-29T09:41:00-05:00,0.0,5.800000000000011,2147.039999999978,2024-11-29T09:46:00-05:00,0.0,5.0,3747.040000000001,2024-11-29T10:01:00-05:00,0.0,4.299999999999997,5147.040000000006,2024-11-29T10:31:00-05:00,0.0,3.549999999999997,6647.040000000006,2024-11-29T11:31:00-05:00,0.0,,,2024-11-29T13:14:00-05:00,9960.0,,,2024-11-29T13:14:00-05:00,96360.0,,,2024-11-29T13:14:00-05:00,182760.0,9.9,-6052.960000000002,2024-12-02T16:00:00-05:00,0.0,27.0,hit,30.0,hit,43.0,hit,46.0,hit,4320.0,hit,4323.0,hit,4334.0,hit,10.0,hit,10.0,hit,0.0,hit,10.0,hit,4709.0,hit,4709.0,hit,8.5,1,True,True,False,False,,8.5,1,True,True,False,False,,8.5,1,True,True,False,False,,8.5,1,True,True,False,False,,46.0,2024-11-29T10:17:00-05:00,2.200000000000003,9347.039999999995,186.0,2024-11-29T12:37:00-05:00,2.8999999999999915,7947.040000000018,4322.0,2024-12-02T09:33:00-05:00,1.1500000000000021,11447.039999999997,47.0,2024-11-29T10:18:00-05:00,3.9499999999999957,5847.040000000009,4320.0,2024-12-02T09:31:00-05:00,1.6500000000000021,10447.039999999997,4321.0,2024-12-02T09:32:00-05:00,1.3500000000000014,11047.039999999999,4322.0,2024-12-02T09:33:00-05:00,1.1500000000000021,11447.039999999997,4321.0,2024-12-02T09:32:00-05:00,1.3500000000000014,11047.039999999999,4324.0,2024-12-02T09:35:00-05:00,0.8500000000000014,12047.039999999999,4325.0,2024-12-02T09:36:00-05:00,0.8500000000000005,12047.04,4326.0,2024-12-02T09:37:00-05:00,0.6999999999999993,12347.040000000003,4325.0,2024-12-02T09:36:00-05:00,0.8500000000000005,12047.04,4334.0,2024-12-02T09:45:00-05:00,0.0,13747.04,4344.0,2024-12-02T09:55:00-05:00,0.4499999999999993,12847.040000000003,4352.0,2024-12-02T10:03:00-05:00,0.34999999999999964,13047.040000000003,4335.0,2024-12-02T09:46:00-05:00,0.6500000000000004,12447.04,2264
2024-12-02,2024-12-04,2,5.0,2024-12-02T09:31:00-05:00,4.950000000000003,NDXP  241204P21020000,NDXP  241204P21010000,development,False,False,0,0,0,40,15,1160,available,False,2024-12-02T09:31:00-05:00,2024-12-04T16:00:00-05:00,9.775,-9902.959999999995,0.0,last_observed_quote_not_settlement,1036.0,0,1,4.5,647.0400000000063,2024-12-02T09:32:00-05:00,0.0,3.9000000000000057,1847.039999999995,2024-12-02T09:33:00-05:00,0.0,3.5999999999999943,2447.0400000000177,2024-12-02T09:36:00-05:00,0.0,3.450000000000003,2747.040000000001,2024-12-02T09:41:00-05:00,0.0,3.549999999999997,2547.0400000000122,2024-12-02T09:46:00-05:00,0.0,3.0,3647.0400000000063,2024-12-02T10:01:00-05:00,0.0,2.799999999999997,4047.040000000012,2024-12-02T10:31:00-05:00,0.0,2.6499999999999915,4347.040000000024,2024-12-02T11:31:00-05:00,0.0,2.0999999999999943,5447.040000000018,2024-12-02T16:00:00-05:00,0.0,0.8500000000000014,7947.040000000004,2024-12-03T16:00:00-05:00,0.0,9.775,-9902.959999999995,2024-12-04T16:00:00-05:00,0.0,,,,,0.0,hit,0.0,hit,2.0,hit,13.0,hit,13.0,hit,1751.0,hit,2880.0,hit,3269.0,hit,3269.0,hit,3269.0,hit,3269.0,hit,3269.0,hit,3269.0,hit,4.950000000000003,0,False,False,False,False,,4.950000000000003,0,False,False,False,False,,4.950000000000003,0,False,False,False,False,,4.950000000000003,0,False,False,False,False,,13.0,2024-12-02T09:44:00-05:00,1.8999999999999915,5847.040000000024,37.0,2024-12-02T10:08:00-05:00,2.8500000000000085,3947.0399999999895,42.0,2024-12-02T10:13:00-05:00,2.9499999999999957,3747.040000000015,14.0,2024-12-02T09:45:00-05:00,4.0,1647.0400000000063,13.0,2024-12-02T09:44:00-05:00,1.8999999999999915,5847.040000000024,166.0,2024-12-02T12:17:00-05:00,1.899999999999995,5847.040000000016,167.0,2024-12-02T12:18:00-05:00,1.9499999999999957,5747.0400000000145,14.0,2024-12-02T09:45:00-05:00,4.0,1647.0400000000063,1764.0,2024-12-03T14:55:00-05:00,0.9499999999999993,7747.040000000008,1765.0,2024-12-03T14:56:00-05:00,0.8999999999999986,7847.040000000009,1779.0,2024-12-03T15:10:00-05:00,0.9499999999999993,7747.040000000008,1765.0,2024-12-03T14:56:00-05:00,0.8999999999999986,7847.040000000009,2880.0,2024-12-04T09:31:00-05:00,0.1499999999999999,9347.040000000006,2881.0,2024-12-04T09:32:00-05:00,0.20000000000000018,9247.040000000006,2882.0,2024-12-04T09:33:00-05:00,0.07500000000000018,9497.040000000006,2881.0,2024-12-04T09:32:00-05:00,0.20000000000000018,9247.040000000006,2265
2024-12-02,2024-12-04,2,6.0,2024-12-02T09:31:00-05:00,6.0,NDXP  241204P21100000,NDXP  241204P21090000,development,False,False,0,0,0,18,15,1182,available,False,2024-12-02T09:31:00-05:00,2024-12-04T16:00:00-05:00,0.05,11647.040000000003,0.0,last_observed_quote_not_settlement,1036.0,3,4,5.600000000000023,547.0399999999552,2024-12-02T09:32:00-05:00,0.0,5.199999999999989,1347.0400000000234,2024-12-02T09:33:00-05:00,0.0,5.0,1747.0400000000006,2024-12-02T09:36:00-05:00,0.0,4.799999999999983,2147.040000000035,2024-12-02T09:41:00-05:00,0.0,4.799999999999983,2147.040000000035,2024-12-02T09:46:00-05:00,0.0,4.150000000000006,3447.0399999999895,2024-12-02T10:01:00-05:00,0.0,3.8999999999999915,3947.0400000000177,2024-12-02T10:31:00-05:00,0.0,4.25,3247.040000000001,2024-12-02T11:31:00-05:00,0.0,3.6000000000000014,4547.039999999998,2024-12-02T16:00:00-05:00,0.0,2.049999999999997,7647.040000000006,2024-12-03T16:00:00-05:00,0.0,0.05,11647.040000000003,2024-12-04T16:00:00-05:00,0.0,,,,,2.0,hit,5.0,hit,12.0,hit,25.0,hit,394.0,hit,1575.0,hit,2880.0,hit,52.0,hit,52.0,hit,52.0,hit,,never_hit,,never_hit,,never_hit,6.0,0,False,False,False,False,,7.099999999999994,2,True,False,False,False,,7.099999999999994,3,True,False,False,False,,7.099999999999994,3,True,False,False,False,,165.0,2024-12-02T12:16:00-05:00,2.9000000000000057,5947.039999999989,170.0,2024-12-02T12:21:00-05:00,2.8499999999999943,6047.040000000012,1536.0,2024-12-03T11:07:00-05:00,2.9499999999999957,5847.040000000009,166.0,2024-12-02T12:17:00-05:00,3.0500000000000043,5647.039999999992,394.0,2024-12-02T16:05:00-05:00,1.6499999999999915,8447.040000000019,1779.0,2024-12-03T15:10:00-05:00,1.8999999999999986,7947.040000000004,1826.0,2024-12-03T15:57:00-05:00,1.6999999999999993,8347.040000000003,395.0,2024-12-02T16:06:00-05:00,3.5,4747.040000000001,1575.0,2024-12-03T11:46:00-05:00,0.8500000000000085,10047.039999999985,2881.0,2024-12-04T09:32:00-05:00,0.40000000000000036,10947.04,2882.0,2024-12-04T09:33:00-05:00,0.3500000000000001,11047.04,1576.0,2024-12-03T11:47:00-05:00,3.3999999999999986,4947.040000000004,2880.0,2024-12-04T09:31:00-05:00,0.34999999999999964,11047.040000000003,2881.0,2024-12-04T09:32:00-05:00,0.40000000000000036,10947.04,2882.0,2024-12-04T09:33:00-05:00,0.3500000000000001,11047.04,2881.0,2024-12-04T09:32:00-05:00,0.40000000000000036,10947.04,2266
2024-12-02,2024-12-04,2,7.0,2024-12-02T09:31:00-05:00,6.850000000000023,NDXP  241204P21180000,NDXP  241204P21170000,development,False,False,0,0,0,5,15,1195,available,False,2024-12-02T09:31:00-05:00,2024-12-04T16:00:00-05:00,0.1,13247.040000000046,0.0,last_observed_quote_not_settlement,1036.0,9,14,6.75,-52.959999999953816,2024-12-02T09:32:00-05:00,0.0,6.4500000000000455,547.0399999999552,2024-12-02T09:33:00-05:00,0.0,7.100000000000023,-752.9599999999994,2024-12-02T09:36:00-05:00,0.0,6.25,947.0400000000461,2024-12-02T09:41:00-05:00,0.0,4.900000000000034,3647.039999999978,2024-12-02T09:46:00-05:00,0.0,6.050000000000011,1347.0400000000234,2024-12-02T10:01:00-05:00,0.0,5.099999999999994,3247.0400000000577,2024-12-02T10:31:00-05:00,0.0,5.299999999999997,2847.040000000052,2024-12-02T11:31:00-05:00,0.0,4.75,3947.0400000000463,2024-12-02T16:00:00-05:00,0.0,3.1000000000000085,7247.040000000029,2024-12-03T16:00:00-05:00,0.0,0.1,13247.040000000046,2024-12-04T16:00:00-05:00,0.0,,,,,15.0,hit,15.0,hit,33.0,hit,1540.0,hit,1540.0,hit,1540.0,hit,2899.0,hit,53.0,hit,1445.0,hit,5.0,hit,1445.0,hit,,never_hit,,never_hit,8.150000000000006,7,True,True,False,False,,8.150000000000006,7,True,True,False,False,,8.150000000000006,7,True,True,False,False,,8.150000000000006,9,True,True,False,False,,1540.0,2024-12-03T11:11:00-05:00,0.9999999999999858,11447.040000000075,1836.0,2024-12-03T16:07:00-05:00,2.650000000000002,8147.040000000042,1837.0,2024-12-03T16:08:00-05:00,2.7499999999999964,7947.040000000054,1541.0,2024-12-03T11:12:00-05:00,4.399999999999999,4647.040000000049,1540.0,2024-12-03T11:11:00-05:00,0.9999999999999858,11447.040000000075,2881.0,2024-12-04T09:32:00-05:00,1.200000000000001,11047.040000000045,2882.0,2024-12-04T09:33:00-05:00,0.8499999999999996,11747.040000000048,1541.0,2024-12-03T11:12:00-05:00,4.399999999999999,4647.040000000049,2880.0,2024-12-04T09:31:00-05:00,0.8499999999999996,11747.040000000048,2883.0,2024-12-04T09:34:00-05:00,0.7000000000000011,12047.040000000045,2884.0,2024-12-04T09:35:00-05:00,0.8499999999999996,11747.040000000048,2881.0,2024-12-04T09:32:00-05:00,1.200000000000001,11047.040000000045,2915.0,2024-12-04T10:06:00-05:00,0.44999999999999973,12547.040000000046,2918.0,2024-12-04T10:09:00-05:00,0.3999999999999999,12647.040000000046,2919.0,2024-12-04T10:10:00-05:00,0.40000000000000036,12647.040000000046,2916.0,2024-12-04T10:07:00-05:00,0.5499999999999998,12347.040000000048,2267
2024-12-02,2024-12-05,3,5.0,2024-12-02T09:31:00-05:00,5.100000000000136,NDXP  241205P21840000,NDXP  241205P21830000,development,False,False,0,0,0,444,0,1160,available,False,2024-12-02T09:31:00-05:00,2024-12-05T16:00:00-05:00,10.0,-9952.959999999726,0.0,last_observed_quote_not_settlement,1037.0,953,3,9.949999999999932,-9952.959999999592,2024-12-02T09:32:00-05:00,0.0,9.950000000000045,-9952.959999999726,2024-12-02T09:33:00-05:00,0.0,10.0,-9952.959999999726,2024-12-02T09:36:00-05:00,0.0,9.050000000000068,-8152.9599999998645,2024-12-02T09:41:00-05:00,0.0,10.0,-9952.959999999726,2024-12-02T09:46:00-05:00,0.0,9.900000000000091,-9852.95999999991,2024-12-02T10:01:00-05:00,0.0,9.75,-9552.959999999728,2024-12-02T10:31:00-05:00,0.0,9.899999999999977,-9852.959999999683,2024-12-02T11:31:00-05:00,0.0,,,2024-12-02T15:59:00-05:00,60.0,9.0,-8052.959999999728,2024-12-03T16:00:00-05:00,0.0,9.949999999999989,-9952.959999999704,2024-12-04T16:00:00-05:00,0.0,10.0,-9952.959999999726,2024-12-05T16:00:00-05:00,0.0,0.0,hit,3141.0,hit,,never_hit,,never_hit,,never_hit,,never_hit,,never_hit,1.0,hit,1.0,hit,1.0,hit,1.0,hit,1.0,hit,1.0,hit,,,True,True,True,False,0.5500000000001819,,,True,True,True,False,0.5500000000001819,,,True,True,True,False,0.5500000000001819,,,True,True,True,False,0.5500000000001819,,,,,,,,,,,,,,,,,,,,,,,,,,,,,,,,,,,,,,,,,,,,,,,,,,,,,,,,,,,,,,,,,2268
2024-12-02,2024-12-05,3,6.0,2024-12-02T09:31:00-05:00,6.099999999999994,NDXP  241205P21120000,NDXP  241205P21110000,development,False,False,0,0,0,7,0,1598,available,False,2024-12-02T09:31:00-05:00,2024-12-05T16:00:00-05:00,0.0,11947.03999999999,0.0,last_observed_quote_not_settlement,1036.0,3,6,1.8999999999999773,8147.0400000000345,2024-12-02T09:32:00-05:00,0.0,5.200000000000017,1547.0399999999552,2024-12-02T09:33:00-05:00,0.0,5.400000000000006,1147.039999999978,2024-12-02T09:36:00-05:00,0.0,5.0,1947.0399999999893,2024-12-02T09:41:00-05:00,0.0,4.949999999999989,2047.0400000000122,2024-12-02T09:46:00-05:00,0.0,4.849999999999994,2247.040000000001,2024-12-02T10:01:00-05:00,0.0,4.3500000000000085,3247.039999999972,2024-12-02T10:31:00-05:00,0.0,4.3500000000000085,3247.039999999972,2024-12-02T11:31:00-05:00,0.0,4.0,3947.0399999999895,2024-12-02T16:00:00-05:00,0.0,2.4000000000000057,7147.039999999978,2024-12-03T16:00:00-05:00,0.0,0.20000000000000018,11547.03999999999,2024-12-04T16:00:00-05:00,0.0,0.0,11947.03999999999,2024-12-05T16:00:00-05:00,0.0,1.0,hit,1.0,hit,1.0,hit,1.0,hit,1.0,hit,2883.0,hit,2942.0,hit,1496.0,hit,1540.0,hit,1540.0,hit,,never_hit,,never_hit,,never_hit,6.099999999999994,0,False,False,False,False,,6.099999999999994,0,False,False,False,False,,7.100000000000001,3,True,False,False,False,,7.100000000000001,3,True,False,False,False,,1.0,2024-12-02T09:32:00-05:00,1.8999999999999773,8147.0400000000345,1768.0,2024-12-03T14:59:00-05:00,2.9499999999999957,6047.039999999998,1778.0,2024-12-03T15:09:00-05:00,2.9000000000000057,6147.039999999978,2.0,2024-12-02T09:33:00-05:00,5.200000000000017,1547.0399999999552,1.0,2024-12-02T09:32:00-05:00,1.8999999999999773,8147.0400000000345,2881.0,2024-12-04T09:32:00-05:00,1.1999999999999993,9547.039999999992,2882.0,2024-12-04T09:33:00-05:00,1.1499999999999986,9647.039999999994,2.0,2024-12-02T09:33:00-05:00,5.200000000000017,1547.0399999999552,2883.0,2024-12-04T09:34:00-05:00,0.8999999999999986,10147.039999999994,2897.0,2024-12-04T09:48:00-05:00,0.8999999999999986,10147.039999999994,2898.0,2024-12-04T09:49:00-05:00,0.8000000000000007,10347.039999999988,2884.0,2024-12-04T09:35:00-05:00,1.0500000000000007,9847.039999999988,2942.0,2024-12-04T10:33:00-05:00,0.40000000000000036,11147.03999999999,2950.0,2024-12-04T10:41:00-05:00,0.39999999999999947,11147.039999999992,2951.0,2024-12-04T10:42:00-05:00,0.34999999999999964,11247.039999999992,2943.0,2024-12-04T10:34:00-05:00,0.4500000000000002,11047.03999999999,2269
2024-12-02,2024-12-05,3,7.0,2024-12-02T09:31:00-05:00,7.150000000000006,NDXP  241205P21200000,NDXP  241205P21190000,development,False,False,0,0,0,12,0,1593,available,False,2024-12-02T09:31:00-05:00,2024-12-05T15:58:00-05:00,0.0,14047.040000000014,2.0,last_observed_quote_not_settlement,1036.0,5,9,,,2024-12-02T09:31:00-05:00,60.0,7.150000000000006,-252.9599999999993,2024-12-02T09:33:00-05:00,0.0,6.849999999999994,347.04000000002344,2024-12-02T09:36:00-05:00,0.0,6.100000000000023,1847.0399999999665,2024-12-02T09:41:00-05:00,0.0,6.200000000000017,1647.039999999978,2024-12-02T09:46:00-05:00,0.0,5.599999999999966,2847.0400000000805,2024-12-02T10:01:00-05:00,0.0,5.700000000000017,2647.039999999978,2024-12-02T10:31:00-05:00,0.0,5.399999999999977,3247.0400000000577,2024-12-02T11:31:00-05:00,0.0,4.949999999999989,4147.0400000000345,2024-12-02T16:00:00-05:00,0.0,4.3999999999999915,5247.040000000029,2024-12-03T16:00:00-05:00,0.0,0.39999999999999947,13247.040000000014,2024-12-04T16:00:00-05:00,0.0,,,2024-12-05T15:58:00-05:00,120.0,34.0,hit,34.0,hit,34.0,hit,1543.0,hit,1543.0,hit,2942.0,hit,3168.0,hit,14.0,hit,1496.0,hit,0.0,hit,1496.0,hit,,never_hit,,never_hit,8.250000000000014,5,True,True,False,False,,8.250000000000014,5,True,True,False,False,,8.250000000000014,5,True,True,False,False,,8.250000000000014,5,True,True,False,False,,1543.0,2024-12-03T11:14:00-05:00,1.8499999999999943,10347.040000000025,2881.0,2024-12-04T09:32:00-05:00,1.8999999999999986,10247.040000000015,2882.0,2024-12-04T09:33:00-05:00,1.7500000000000036,10547.040000000006,1544.0,2024-12-03T11:15:00-05:00,4.950000000000003,4147.040000000006,1543.0,2024-12-03T11:14:00-05:00,1.8499999999999943,10347.040000000025,2881.0,2024-12-04T09:32:00-05:00,1.8999999999999986,10247.040000000015,2882.0,2024-12-04T09:33:00-05:00,1.7500000000000036,10547.040000000006,1544.0,2024-12-03T11:15:00-05:00,4.950000000000003,4147.040000000006,2942.0,2024-12-04T10:33:00-05:00,0.9499999999999993,12147.040000000014,2943.0,2024-12-04T10:34:00-05:00,0.8499999999999996,12347.040000000014,2944.0,2024-12-04T10:35:00-05:00,0.9000000000000004,12247.040000000012,2943.0,2024-12-04T10:34:00-05:00,0.8499999999999996,12347.040000000014,3168.0,2024-12-04T14:19:00-05:00,0.4499999999999993,13147.040000000014,3230.0,2024-12-04T15:21:00-05:00,0.40000000000000036,13247.040000000012,3234.0,2024-12-04T15:25:00-05:00,0.39999999999999947,13247.040000000014,3169.0,2024-12-04T14:20:00-05:00,0.6499999999999986,12747.040000000015,2270
2024-12-03,2024-12-05,2,5.0,2024-12-03T09:31:00-05:00,4.950000000000003,NDXP  241205P21120000,NDXP  241205P21110000,development,False,False,0,0,0,7,15,1193,available,False,2024-12-03T09:31:00-05:00,2024-12-05T16:00:00-05:00,0.0,9647.040000000008,0.0,last_observed_quote_not_settlement,1036.0,4,8,4.799999999999997,47.04000000001208,2024-12-03T09:32:00-05:00,0.0,4.5,647.0400000000063,2024-12-03T09:33:00-05:00,0.0,3.9000000000000057,1847.039999999995,2024-12-03T09:36:00-05:00,0.0,4.200000000000003,1247.0400000000006,2024-12-03T09:41:00-05:00,0.0,4.099999999999994,1447.0400000000177,2024-12-03T09:46:00-05:00,0.0,3.8999999999999773,1847.0400000000518,2024-12-03T10:01:00-05:00,0.0,4.400000000000006,847.039999999995,2024-12-03T10:31:00-05:00,0.0,3.0500000000000043,3547.0399999999977,2024-12-03T11:31:00-05:00,0.0,2.4000000000000057,4847.039999999995,2024-12-03T16:00:00-05:00,0.0,0.20000000000000018,9247.040000000006,2024-12-04T16:00:00-05:00,0.0,0.0,9647.040000000008,2024-12-05T16:00:00-05:00,0.0,,,,,0.0,hit,0.0,hit,3.0,hit,3.0,hit,3.0,hit,1443.0,hit,1502.0,hit,56.0,hit,56.0,hit,100.0,hit,,never_hit,,never_hit,,never_hit,4.950000000000003,0,False,False,False,False,,4.950000000000003,0,False,False,False,False,,7.100000000000001,4,True,False,False,False,,7.100000000000001,4,True,False,False,False,,3.0,2024-12-03T09:34:00-05:00,1.1000000000000085,7447.039999999989,328.0,2024-12-03T14:59:00-05:00,2.9499999999999957,3747.040000000015,338.0,2024-12-03T15:09:00-05:00,2.9000000000000057,3847.039999999995,4.0,2024-12-03T09:35:00-05:00,4.599999999999994,447.04000000001776,3.0,2024-12-03T09:34:00-05:00,1.1000000000000085,7447.039999999989,1441.0,2024-12-04T09:32:00-05:00,1.1999999999999993,7247.040000000008,1442.0,2024-12-04T09:33:00-05:00,1.1499999999999986,7347.040000000009,4.0,2024-12-03T09:35:00-05:00,4.599999999999994,447.04000000001776,1443.0,2024-12-04T09:34:00-05:00,0.8999999999999986,7847.040000000009,1457.0,2024-12-04T09:48:00-05:00,0.8999999999999986,7847.040000000009,1458.0,2024-12-04T09:49:00-05:00,0.8000000000000007,8047.0400000000045,1444.0,2024-12-04T09:35:00-05:00,1.0500000000000007,7547.0400000000045,1502.0,2024-12-04T10:33:00-05:00,0.40000000000000036,8847.040000000006,1510.0,2024-12-04T10:41:00-05:00,0.39999999999999947,8847.040000000008,1511.0,2024-12-04T10:42:00-05:00,0.34999999999999964,8947.040000000008,1503.0,2024-12-04T10:34:00-05:00,0.4500000000000002,8747.040000000006,2271
2024-12-03,2024-12-05,2,6.0,2024-12-03T09:31:00-05:00,6.0,NDXP  241205P21190000,NDXP  241205P21180000,development,False,False,0,0,0,2,15,1198,available,False,2024-12-03T09:31:00-05:00,2024-12-05T16:00:00-05:00,0.0,11747.04,0.0,last_observed_quote_not_settlement,1036.0,9,16,5.75,247.04000000000067,2024-12-03T09:32:00-05:00,0.0,5.400000000000034,947.0399999999324,2024-12-03T09:33:00-05:00,0.0,5.599999999999994,547.040000000012,2024-12-03T09:36:00-05:00,0.0,5.150000000000006,1447.0399999999893,2024-12-03T09:41:00-05:00,0.0,5.25,1247.0400000000006,2024-12-03T09:46:00-05:00,0.0,5.0,1747.0400000000006,2024-12-03T10:01:00-05:00,0.0,5.450000000000003,847.039999999995,2024-12-03T10:31:00-05:00,0.0,1.9499999999999886,7847.040000000024,2024-12-03T11:31:00-05:00,0.0,3.8000000000000114,4147.039999999978,2024-12-03T16:00:00-05:00,0.0,0.2999999999999998,11147.040000000003,2024-12-04T16:00:00-05:00,0.0,0.0,11747.04,2024-12-05T16:00:00-05:00,0.0,,,,,2.0,hit,8.0,hit,82.0,hit,100.0,hit,120.0,hit,1495.0,hit,1731.0,hit,3.0,hit,4.0,hit,4.0,hit,4.0,hit,103.0,hit,,never_hit,8.049999999999983,5,True,True,False,False,,9.300000000000011,6,True,True,True,True,,9.300000000000011,9,True,True,True,True,,9.300000000000011,9,True,True,True,True,,100.0,2024-12-03T11:11:00-05:00,2.0999999999999943,7547.040000000012,1441.0,2024-12-04T09:32:00-05:00,2.0,7747.040000000001,1442.0,2024-12-04T09:33:00-05:00,1.75,8247.04,101.0,2024-12-03T11:12:00-05:00,4.700000000000017,2347.0399999999668,120.0,2024-12-03T11:31:00-05:00,1.9499999999999886,7847.040000000024,1443.0,2024-12-04T09:34:00-05:00,1.5,8747.04,1444.0,2024-12-04T09:35:00-05:00,1.6999999999999957,8347.04000000001,121.0,2024-12-03T11:32:00-05:00,4.400000000000006,2947.0399999999895,1499.0,2024-12-04T10:30:00-05:00,0.9499999999999993,9847.040000000003,1503.0,2024-12-04T10:34:00-05:00,0.8499999999999996,10047.040000000003,1504.0,2024-12-04T10:35:00-05:00,0.7999999999999989,10147.040000000005,1500.0,2024-12-04T10:31:00-05:00,1.1000000000000014,9547.039999999999,1742.0,2024-12-04T14:33:00-05:00,0.4499999999999993,10847.040000000003,1755.0,2024-12-04T14:46:00-05:00,0.40000000000000036,10947.04,1759.0,2024-12-04T14:50:00-05:00,0.40000000000000036,10947.04,1743.0,2024-12-04T14:34:00-05:00,0.4500000000000002,10847.04,2272
2024-12-03,2024-12-05,2,7.0,2024-12-03T09:31:00-05:00,6.949999999999989,NDXP  241205P21270000,NDXP  241205P21260000,development,False,False,0,0,0,6,15,1193,available,False,2024-12-03T09:31:00-05:00,2024-12-05T15:55:00-05:00,0.025000000000000022,13597.039999999979,5.0,last_observed_quote_not_settlement,1036.0,58,79,7.5,-1352.960000000022,2024-12-03T09:32:00-05:00,0.0,7.100000000000023,-552.9600000000676,2024-12-03T09:33:00-05:00,0.0,7.199999999999989,-752.9599999999994,2024-12-03T09:36:00-05:00,0.0,6.549999999999983,547.040000000012,2024-12-03T09:41:00-05:00,0.0,6.400000000000006,847.0399999999665,2024-12-03T09:46:00-05:00,0.0,5.700000000000017,2247.039999999944,2024-12-03T10:01:00-05:00,0.0,5.9500000000000455,1747.039999999887,2024-12-03T10:31:00-05:00,0.0,5.75,2147.039999999978,2024-12-03T11:31:00-05:00,0.0,5.150000000000006,3347.0399999999668,2024-12-03T16:00:00-05:00,0.0,0.6999999999999993,12247.03999999998,2024-12-04T16:00:00-05:00,0.0,,,2024-12-05T15:55:00-05:00,300.0,,,,,21.0,hit,216.0,hit,1440.0,hit,1440.0,hit,1469.0,hit,1733.0,hit,2881.0,hit,1.0,hit,59.0,hit,1.0,hit,59.0,hit,,never_hit,,never_hit,8.299999999999983,58,True,True,False,False,,8.299999999999983,58,True,True,False,False,,8.299999999999983,58,True,True,False,False,,8.299999999999983,58,True,True,False,False,,1440.0,2024-12-04T09:31:00-05:00,2.700000000000003,8247.039999999974,1443.0,2024-12-04T09:34:00-05:00,2.5500000000000043,8547.03999999997,1444.0,2024-12-04T09:35:00-05:00,2.549999999999997,8547.039999999985,1441.0,2024-12-04T09:32:00-05:00,3.249999999999993,7147.039999999992,1469.0,2024-12-04T10:00:00-05:00,1.3999999999999915,10847.039999999995,1481.0,2024-12-04T10:12:00-05:00,1.9499999999999993,9747.03999999998,1497.0,2024-12-04T10:28:00-05:00,1.9000000000000021,9847.039999999975,1470.0,2024-12-04T10:01:00-05:00,3.0,7647.039999999978,1733.0,2024-12-04T14:24:00-05:00,0.9499999999999993,11747.03999999998,1747.0,2024-12-04T14:38:00-05:00,0.9499999999999993,11747.03999999998,1748.0,2024-12-04T14:39:00-05:00,0.9499999999999993,11747.03999999998,1734.0,2024-12-04T14:25:00-05:00,1.0,11647.039999999979,2881.0,2024-12-05T09:32:00-05:00,0.2999999999999998,13047.039999999979,2882.0,2024-12-05T09:33:00-05:00,0.35000000000000053,12947.039999999977,2883.0,2024-12-05T09:34:00-05:00,0.2999999999999998,13047.039999999979,2882.0,2024-12-05T09:33:00-05:00,0.35000000000000053,12947.039999999977,2273
2024-12-03,2024-12-06,3,5.0,2024-12-03T09:31:00-05:00,4.949999999999989,NDXP  241206P21320000,NDXP  241206P21310000,development,False,False,0,0,0,37,0,1567,available,False,2024-12-03T09:31:00-05:00,2024-12-06T16:00:00-05:00,0.0,9647.039999999979,0.0,last_observed_quote_not_settlement,1036.0,396,18,7.55000000000004,-5452.960000000102,2024-12-03T09:32:00-05:00,0.0,7.0,-4352.960000000022,2024-12-03T09:33:00-05:00,0.0,6.699999999999989,-3752.959999999999,2024-12-03T09:36:00-05:00,0.0,6.75,-3852.960000000022,2024-12-03T09:41:00-05:00,0.0,6.550000000000011,-3452.9600000000446,2024-12-03T09:46:00-05:00,0.0,6.400000000000006,-3152.9600000000332,2024-12-03T10:01:00-05:00,0.0,7.400000000000006,-5152.960000000034,2024-12-03T10:31:00-05:00,0.0,5.100000000000023,-552.9600000000676,2024-12-03T11:31:00-05:00,0.0,4.5,647.0399999999779,2024-12-03T16:00:00-05:00,0.0,2.3499999999999943,4947.039999999989,2024-12-04T16:00:00-05:00,0.0,2.9499999999999993,3747.0399999999795,2024-12-05T16:00:00-05:00,0.0,0.0,9647.039999999979,2024-12-06T16:00:00-05:00,0.0,0.0,hit,0.0,hit,68.0,hit,1499.0,hit,1499.0,hit,1499.0,hit,4333.0,hit,1.0,hit,1.0,hit,1.0,hit,33.0,hit,,never_hit,,never_hit,8.650000000000006,395,True,True,False,False,,8.650000000000006,395,True,True,False,False,,8.650000000000006,395,True,True,False,False,,8.650000000000006,396,True,True,False,False,,1499.0,2024-12-04T10:30:00-05:00,0.7000000000000028,8247.039999999974,1508.0,2024-12-04T10:39:00-05:00,2.8499999999999943,3947.0399999999895,1512.0,2024-12-04T10:43:00-05:00,2.799999999999997,4047.0399999999836,1500.0,2024-12-04T10:31:00-05:00,3.200000000000017,3247.039999999944,1499.0,2024-12-04T10:30:00-05:00,0.7000000000000028,8247.039999999974,2882.0,2024-12-05T09:33:00-05:00,1.8500000000000014,5947.039999999975,2883.0,2024-12-05T09:34:00-05:00,1.75,6147.039999999978,1500.0,2024-12-04T10:31:00-05:00,3.200000000000017,3247.039999999944,1499.0,2024-12-04T10:30:00-05:00,0.7000000000000028,8247.039999999974,4326.0,2024-12-06T09:37:00-05:00,0.7500000000000009,8147.039999999976,4327.0,2024-12-06T09:38:00-05:00,0.8500000000000005,7947.039999999977,1500.0,2024-12-04T10:31:00-05:00,3.200000000000017,3247.039999999944,4335.0,2024-12-06T09:46:00-05:00,0.40000000000000036,8847.039999999979,4338.0,2024-12-06T09:49:00-05:00,0.3500000000000001,8947.039999999977,4339.0,2024-12-06T09:50:00-05:00,0.34999999999999964,8947.039999999979,4336.0,2024-12-06T09:47:00-05:00,0.4500000000000002,8747.039999999979,2274
2024-12-03,2024-12-06,3,6.0,2024-12-03T09:31:00-05:00,6.100000000000023,NDXP  241206P21230000,NDXP  241206P21220000,development,False,False,0,0,0,9,0,1595,available,False,2024-12-03T09:31:00-05:00,2024-12-06T16:00:00-05:00,9.85,-7752.959999999955,0.0,last_observed_quote_not_settlement,1036.0,4,8,6.149999999999977,-352.95999999990835,2024-12-03T09:32:00-05:00,0.0,5.649999999999977,647.0400000000916,2024-12-03T09:33:00-05:00,0.0,6.399999999999977,-852.9599999999084,2024-12-03T09:36:00-05:00,0.0,5.599999999999994,747.0400000000575,2024-12-03T09:41:00-05:00,0.0,5.550000000000011,847.0400000000234,2024-12-03T09:46:00-05:00,0.0,5.449999999999989,1047.0400000000689,2024-12-03T10:01:00-05:00,0.0,5.100000000000023,1747.0400000000006,2024-12-03T10:31:00-05:00,0.0,4.199999999999989,3547.040000000069,2024-12-03T11:31:00-05:00,0.0,4.499999999999986,2947.0400000000745,2024-12-03T16:00:00-05:00,0.0,1.2000000000000028,9547.04000000004,2024-12-04T16:00:00-05:00,0.0,1.2999999999999972,9347.040000000054,2024-12-05T16:00:00-05:00,0.0,9.85,-7752.959999999955,2024-12-06T16:00:00-05:00,0.0,6.0,hit,22.0,hit,33.0,hit,100.0,hit,100.0,hit,2880.0,hit,4320.0,hit,83.0,hit,4709.0,hit,4709.0,hit,4709.0,hit,4709.0,hit,4709.0,hit,6.700000000000017,4,False,False,False,False,,6.700000000000017,4,False,False,False,False,,6.700000000000017,4,False,False,False,False,,6.700000000000017,4,False,False,False,False,,100.0,2024-12-03T11:11:00-05:00,1.6999999999999886,8547.04000000007,1443.0,2024-12-04T09:34:00-05:00,2.5500000000000043,6847.040000000037,1444.0,2024-12-04T09:35:00-05:00,1.3999999999999986,9147.04000000005,101.0,2024-12-03T11:12:00-05:00,5.150000000000006,1647.0400000000348,100.0,2024-12-03T11:11:00-05:00,1.6999999999999886,8547.04000000007,1506.0,2024-12-04T10:37:00-05:00,1.8999999999999986,8147.040000000049,1507.0,2024-12-04T10:38:00-05:00,1.8500000000000085,8247.04000000003,101.0,2024-12-03T11:12:00-05:00,5.150000000000006,1647.0400000000348,2884.0,2024-12-05T09:35:00-05:00,0.9000000000000004,10147.040000000046,2885.0,2024-12-05T09:36:00-05:00,0.8000000000000007,10347.040000000046,2886.0,2024-12-05T09:37:00-05:00,0.9499999999999993,10047.040000000048,2885.0,2024-12-05T09:36:00-05:00,0.8000000000000007,10347.040000000046,4321.0,2024-12-06T09:32:00-05:00,0.2999999999999998,11347.040000000048,4322.0,2024-12-06T09:33:00-05:00,0.3000000000000007,11347.040000000046,4323.0,2024-12-06T09:34:00-05:00,0.27500000000000036,11397.040000000046,4322.0,2024-12-06T09:33:00-05:00,0.3000000000000007,11347.040000000046,2275
2024-12-03,2024-12-06,3,7.0,2024-12-03T09:31:00-05:00,7.149999999999977,NDXP  241206P21620000,NDXP  241206P21610000,development,False,False,0,0,0,36,0,1568,available,False,2024-12-03T09:31:00-05:00,2024-12-06T16:00:00-05:00,5.175,3697.0399999999554,0.0,last_observed_quote_not_settlement,1036.0,1069,240,,,2024-12-03T09:31:00-05:00,60.0,8.649999999999977,-3252.960000000001,2024-12-03T09:33:00-05:00,0.0,9.399999999999977,-4752.960000000001,2024-12-03T09:36:00-05:00,0.0,9.300000000000068,-4552.960000000183,2024-12-03T09:41:00-05:00,0.0,9.300000000000011,-4552.960000000069,2024-12-03T09:46:00-05:00,0.0,9.550000000000011,-5052.960000000069,2024-12-03T10:01:00-05:00,0.0,9.399999999999977,-4752.960000000001,2024-12-03T10:31:00-05:00,0.0,8.800000000000011,-3552.960000000069,2024-12-03T11:31:00-05:00,0.0,9.149999999999977,-4252.960000000001,2024-12-03T16:00:00-05:00,0.0,6.7000000000000455,647.0399999998642,2024-12-04T16:00:00-05:00,0.0,,,2024-12-05T15:59:00-05:00,60.0,5.175,3697.0399999999554,2024-12-06T16:00:00-05:00,0.0,35.0,hit,35.0,hit,1709.0,hit,1709.0,hit,1709.0,hit,1709.0,hit,1709.0,hit,2.0,hit,2.0,hit,0.0,hit,2.0,hit,3.0,hit,28.0,hit,10.0,544,True,True,True,True,,10.0,544,True,True,True,True,,10.0,544,True,True,True,True,,10.0,544,True,True,True,True,,1709.0,2024-12-04T14:00:00-05:00,0.05000000000001137,13947.039999999934,,,,,,,,,1710.0,2024-12-04T14:01:00-05:00,8.0,-1952.9600000000466,1709.0,2024-12-04T14:00:00-05:00,0.05000000000001137,13947.039999999934,,,,,,,,,1710.0,2024-12-04T14:01:00-05:00,8.0,-1952.9600000000466,1709.0,2024-12-04T14:00:00-05:00,0.05000000000001137,13947.039999999934,,,,,,,,,1710.0,2024-12-04T14:01:00-05:00,8.0,-1952.9600000000466,1709.0,2024-12-04T14:00:00-05:00,0.05000000000001137,13947.039999999934,,,,,,,,,1710.0,2024-12-04T14:01:00-05:00,8.0,-1952.9600000000466,2276
2024-12-04,2024-12-06,2,5.0,2024-12-04T09:31:00-05:00,5.050000000000011,NDXP  241206P21440000,NDXP  241206P21430000,development,False,False,0,0,0,15,0,1184,available,False,2024-12-04T09:31:00-05:00,2024-12-06T16:00:00-05:00,8.5,-7152.959999999978,0.0,last_observed_quote_not_settlement,1036.0,53,50,5.400000000000006,-952.959999999988,2024-12-04T09:32:00-05:00,0.0,5.25,-652.9599999999766,2024-12-04T09:33:00-05:00,0.0,4.800000000000011,247.04000000000067,2024-12-04T09:36:00-05:00,0.0,5.749999999999972,-1652.9599999999198,2024-12-04T09:41:00-05:00,0.0,5.900000000000006,-1952.959999999988,2024-12-04T09:46:00-05:00,0.0,5.0,-152.95999999997656,2024-12-04T10:01:00-05:00,0.0,5.25,-652.9599999999766,2024-12-04T10:31:00-05:00,0.0,4.750000000000014,347.039999999995,2024-12-04T11:31:00-05:00,0.0,0.7999999999999972,8247.04000000003,2024-12-04T16:00:00-05:00,0.0,4.499999999999986,847.0400000000518,2024-12-05T16:00:00-05:00,0.0,8.5,-7152.959999999978,2024-12-06T16:00:00-05:00,0.0,,,,,0.0,hit,5.0,hit,11.0,hit,81.0,hit,389.0,hit,389.0,hit,2909.0,hit,6.0,hit,391.0,hit,3269.0,hit,3269.0,hit,,never_hit,,never_hit,5.900000000000006,41,False,False,False,False,,5.950000000000003,51,False,False,False,False,,5.950000000000003,51,False,False,False,False,,6.900000000000006,53,False,False,False,False,,81.0,2024-12-04T10:52:00-05:00,2.1999999999999886,5447.040000000046,1609.0,2024-12-05T12:20:00-05:00,2.8499999999999943,4147.0400000000345,1631.0,2024-12-05T12:42:00-05:00,2.8500000000000085,4147.040000000006,82.0,2024-12-04T10:53:00-05:00,4.700000000000003,447.04000000001776,389.0,2024-12-04T16:00:00-05:00,0.7999999999999972,8247.04000000003,2897.0,2024-12-06T09:48:00-05:00,1.5999999999999996,6647.0400000000245,2898.0,2024-12-06T09:49:00-05:00,1.549999999999999,6747.040000000025,390.0,2024-12-04T16:01:00-05:00,3.5999999999999943,2647.040000000035,389.0,2024-12-04T16:00:00-05:00,0.7999999999999972,8247.04000000003,2918.0,2024-12-06T10:09:00-05:00,0.9499999999999993,7947.0400000000245,2919.0,2024-12-06T10:10:00-05:00,0.8999999999999995,8047.0400000000245,390.0,2024-12-04T16:01:00-05:00,3.5999999999999943,2647.040000000035,2909.0,2024-12-06T10:00:00-05:00,0.0,9847.040000000025,2975.0,2024-12-06T11:06:00-05:00,0.40000000000000036,9047.040000000023,2976.0,2024-12-06T11:07:00-05:00,0.375,9097.040000000025,2910.0,2024-12-06T10:01:00-05:00,0.9500000000000002,7947.040000000023,2277
2024-12-04,2024-12-06,2,6.0,2024-12-04T09:31:00-05:00,6.0,NDXP  241206P21450000,NDXP  241206P21440000,development,False,False,0,0,0,14,0,1185,available,False,2024-12-04T09:31:00-05:00,2024-12-06T15:59:00-05:00,0.0,11747.04,1.0,last_observed_quote_not_settlement,1036.0,17,25,6.099999999999994,-452.95999999998793,2024-12-04T09:32:00-05:00,0.0,5.75,247.04000000000067,2024-12-04T09:33:00-05:00,0.0,5.949999999999989,-152.95999999997656,2024-12-04T09:36:00-05:00,0.0,5.850000000000023,47.039999999955235,2024-12-04T09:41:00-05:00,0.0,5.400000000000006,947.0399999999893,2024-12-04T09:46:00-05:00,0.0,7.050000000000011,-2352.960000000022,2024-12-04T10:01:00-05:00,0.0,4.800000000000011,2147.039999999978,2024-12-04T10:31:00-05:00,0.0,4.999999999999986,1747.040000000029,2024-12-04T11:31:00-05:00,0.0,6.5,-1252.9599999999994,2024-12-04T16:00:00-05:00,0.0,4.75,2247.040000000001,2024-12-05T16:00:00-05:00,0.0,,,2024-12-06T15:59:00-05:00,60.0,,,,,3.0,hit,6.0,hit,189.0,hit,391.0,hit,391.0,hit,391.0,hit,2909.0,hit,7.0,hit,7.0,hit,7.0,hit,9.0,hit,,never_hit,,never_hit,8.449999999999989,13,True,True,False,False,,8.449999999999989,13,True,True,False,False,,8.449999999999989,13,True,True,False,False,,8.449999999999989,17,True,True,False,False,,391.0,2024-12-04T16:02:00-05:00,0.6499999999999915,10447.040000000019,2889.0,2024-12-06T09:40:00-05:00,2.9499999999999993,5847.040000000002,2894.0,2024-12-06T09:45:00-05:00,2.5,6747.040000000001,392.0,2024-12-04T16:03:00-05:00,4.000000000000014,3747.039999999972,391.0,2024-12-04T16:02:00-05:00,0.6499999999999915,10447.040000000019,2899.0,2024-12-06T09:50:00-05:00,1.75,8247.04,2900.0,2024-12-06T09:51:00-05:00,1.6999999999999993,8347.040000000003,392.0,2024-12-04T16:03:00-05:00,4.000000000000014,3747.039999999972,391.0,2024-12-04T16:02:00-05:00,0.6499999999999915,10447.040000000019,2922.0,2024-12-06T10:13:00-05:00,0.9499999999999993,9847.040000000003,2923.0,2024-12-06T10:14:00-05:00,0.8499999999999996,10047.040000000003,392.0,2024-12-04T16:03:00-05:00,4.000000000000014,3747.039999999972,2909.0,2024-12-06T10:00:00-05:00,0.05000000000000071,11647.04,2977.0,2024-12-06T11:08:00-05:00,0.4249999999999998,10897.040000000003,3001.0,2024-12-06T11:32:00-05:00,0.40000000000000036,10947.04,2910.0,2024-12-06T10:01:00-05:00,1.1500000000000004,9447.04,2278
2024-12-04,2024-12-06,2,7.0,2024-12-04T09:31:00-05:00,6.900000000000034,NDXP  241206P21530000,NDXP  241206P21520000,development,False,False,0,0,0,5,0,1194,available,False,2024-12-04T09:31:00-05:00,2024-12-06T15:59:00-05:00,0.024999999999999994,13497.04000000007,1.0,last_observed_quote_not_settlement,1036.0,76,81,5.900000000000006,1747.0400000000575,2024-12-04T09:32:00-05:00,0.0,6.449999999999989,647.0400000000916,2024-12-04T09:33:00-05:00,0.0,6.949999999999989,-352.95999999990835,2024-12-04T09:36:00-05:00,0.0,7.25,-952.9599999999311,2024-12-04T09:41:00-05:00,0.0,6.700000000000017,147.0400000000348,2024-12-04T09:46:00-05:00,0.0,6.449999999999989,647.0400000000916,2024-12-04T10:01:00-05:00,0.0,6.149999999999977,1247.0400000001143,2024-12-04T10:31:00-05:00,0.0,6.900000000000034,-252.9599999999993,2024-12-04T11:31:00-05:00,0.0,5.200000000000003,3147.040000000063,2024-12-04T16:00:00-05:00,0.0,5.299999999999997,2947.0400000000745,2024-12-05T16:00:00-05:00,0.0,,,2024-12-06T15:59:00-05:00,60.0,,,,,31.0,hit,50.0,hit,174.0,hit,1788.0,hit,2925.0,hit,3094.0,hit,3101.0,hit,8.0,hit,12.0,hit,7.0,hit,12.0,hit,252.0,hit,,never_hit,9.049999999999955,57,True,True,True,True,,9.399999999999977,76,True,True,True,True,,9.399999999999977,76,True,True,True,True,,9.399999999999977,76,True,True,True,True,,1788.0,2024-12-05T15:19:00-05:00,2.5999999999999943,8347.04000000008,2911.0,2024-12-06T10:02:00-05:00,2.799999999999997,7947.0400000000745,2912.0,2024-12-06T10:03:00-05:00,2.8500000000000014,7847.040000000066,1789.0,2024-12-05T15:20:00-05:00,6.050000000000011,1447.0400000000461,2925.0,2024-12-06T10:16:00-05:00,1.9000000000000021,9747.040000000066,2929.0,2024-12-06T10:20:00-05:00,1.8999999999999986,9747.040000000072,2938.0,2024-12-06T10:29:00-05:00,1.6999999999999993,10147.040000000072,2926.0,2024-12-06T10:17:00-05:00,2.400000000000002,8747.040000000066,3095.0,2024-12-06T13:06:00-05:00,0.7999999999999998,11947.04000000007,3096.0,2024-12-06T13:07:00-05:00,0.75,12047.04000000007,3097.0,2024-12-06T13:08:00-05:00,0.6999999999999997,12147.04000000007,3096.0,2024-12-06T13:07:00-05:00,0.75,12047.04000000007,3107.0,2024-12-06T13:18:00-05:00,0.4249999999999998,12697.04000000007,3108.0,2024-12-06T13:19:00-05:00,0.4249999999999998,12697.04000000007,3114.0,2024-12-06T13:25:00-05:00,0.40000000000000036,12747.04000000007,3108.0,2024-12-06T13:19:00-05:00,0.4249999999999998,12697.04000000007,2279
2024-12-06,2024-12-09,3,5.0,2024-12-06T09:31:00-05:00,5.25,NDXP  241209P21470000,NDXP  241209P21460000,development,False,False,0,0,0,7,0,788,available,False,2024-12-06T09:31:00-05:00,2024-12-09T16:00:00-05:00,10.0,-9652.96,0.0,last_observed_quote_not_settlement,3916.0,145,23,4.449999999999989,1347.0400000000234,2024-12-06T09:32:00-05:00,0.0,4.449999999999989,1347.0400000000234,2024-12-06T09:33:00-05:00,0.0,4.200000000000003,1847.039999999995,2024-12-06T09:36:00-05:00,0.0,4.049999999999997,2147.0400000000063,2024-12-06T09:41:00-05:00,0.0,3.299999999999997,3647.0400000000063,2024-12-06T09:46:00-05:00,0.0,2.6499999999999986,4947.040000000004,2024-12-06T10:01:00-05:00,0.0,2.1499999999999986,5947.040000000004,2024-12-06T10:31:00-05:00,0.0,2.0,6247.040000000001,2024-12-06T11:31:00-05:00,0.0,1.3499999999999979,7547.0400000000045,2024-12-06T16:00:00-05:00,0.0,,,2024-12-06T16:15:00-05:00,85500.0,,,2024-12-06T16:15:00-05:00,171900.0,10.0,-9652.96,2024-12-09T16:00:00-05:00,0.0,0.0,hit,1.0,hit,8.0,hit,17.0,hit,20.0,hit,20.0,hit,20.0,hit,4415.0,hit,4415.0,hit,4415.0,hit,4631.0,hit,4638.0,hit,4651.0,hit,5.25,0,False,False,False,False,,5.25,0,False,False,False,False,,5.25,0,False,False,False,False,,5.25,0,False,False,False,False,,18.0,2024-12-06T09:49:00-05:00,2.6499999999999986,4947.040000000004,19.0,2024-12-06T09:50:00-05:00,2.75,4747.040000000001,20.0,2024-12-06T09:51:00-05:00,0.14999999999999858,9947.040000000005,19.0,2024-12-06T09:50:00-05:00,2.75,4747.040000000001,20.0,2024-12-06T09:51:00-05:00,0.14999999999999858,9947.040000000005,124.0,2024-12-06T11:35:00-05:00,1.8999999999999986,6447.040000000004,125.0,2024-12-06T11:36:00-05:00,1.8999999999999986,6447.040000000004,21.0,2024-12-06T09:52:00-05:00,2.6500000000000057,4947.039999999989,20.0,2024-12-06T09:51:00-05:00,0.14999999999999858,9947.040000000005,4338.0,2024-12-09T09:49:00-05:00,0.9499999999999993,8347.040000000003,4339.0,2024-12-09T09:50:00-05:00,0.8499999999999996,8547.040000000003,21.0,2024-12-06T09:52:00-05:00,2.6500000000000057,4947.039999999989,20.0,2024-12-06T09:51:00-05:00,0.14999999999999858,9947.040000000005,,,,,,,,,21.0,2024-12-06T09:52:00-05:00,2.6500000000000057,4947.039999999989,2280
2024-12-06,2024-12-09,3,6.0,2024-12-06T09:31:00-05:00,5.949999999999989,NDXP  241209P21530000,NDXP  241209P21520000,development,False,False,0,0,0,29,0,766,available,False,2024-12-06T09:31:00-05:00,2024-12-09T16:00:00-05:00,10.0,-8252.960000000021,0.0,last_observed_quote_not_settlement,3916.0,274,8,6.200000000000003,-752.9600000000278,2024-12-06T09:32:00-05:00,0.0,5.499999999999986,647.0400000000063,2024-12-06T09:33:00-05:00,0.0,5.25,1147.039999999978,2024-12-06T09:36:00-05:00,0.0,5.400000000000006,847.0399999999665,2024-12-06T09:41:00-05:00,0.0,4.5,2647.039999999978,2024-12-06T09:46:00-05:00,0.0,3.3999999999999986,4847.039999999981,2024-12-06T10:01:00-05:00,0.0,3.250000000000007,5147.039999999964,2024-12-06T10:31:00-05:00,0.0,3.1499999999999986,5347.039999999981,2024-12-06T11:31:00-05:00,0.0,2.1499999999999986,7347.039999999981,2024-12-06T16:00:00-05:00,0.0,,,2024-12-06T16:15:00-05:00,85500.0,,,2024-12-06T16:15:00-05:00,171900.0,10.0,-8252.960000000021,2024-12-09T16:00:00-05:00,0.0,2.0,hit,8.0,hit,17.0,hit,20.0,hit,4339.0,hit,,never_hit,,never_hit,4388.0,hit,4388.0,hit,4388.0,hit,4412.0,hit,4419.0,hit,4419.0,hit,6.200000000000003,2,False,False,False,False,,6.200000000000003,3,False,False,False,False,,,,True,True,True,False,4.099999999999991,,,True,True,True,False,4.099999999999991,58.0,2024-12-06T10:29:00-05:00,2.9499999999999957,5747.039999999986,67.0,2024-12-06T10:38:00-05:00,2.9000000000000057,5847.039999999966,180.0,2024-12-06T12:31:00-05:00,2.9000000000000057,5847.039999999966,,,,,4339.0,2024-12-09T09:50:00-05:00,1.8499999999999979,7947.039999999982,,,,,,,,,4340.0,2024-12-09T09:51:00-05:00,2.200000000000001,7247.039999999975,,,,,,,,,,,,,,,,,,,,,,,,,,,,,,,,,2281
2024-12-06,2024-12-09,3,7.0,2024-12-06T09:31:00-05:00,7.099999999999994,NDXP  241209P21570000,NDXP  241209P21560000,development,False,False,0,0,0,53,0,742,available,False,2024-12-06T09:31:00-05:00,2024-12-09T16:00:00-05:00,9.0,-4052.9600000000123,0.0,last_observed_quote_not_settlement,3916.0,218,19,6.6000000000000085,747.0399999999722,2024-12-06T09:32:00-05:00,0.0,6.400000000000006,1147.039999999978,2024-12-06T09:33:00-05:00,0.0,5.849999999999994,2247.040000000001,2024-12-06T09:36:00-05:00,0.0,6.800000000000011,347.0399999999666,2024-12-06T09:41:00-05:00,0.0,5.299999999999997,3347.039999999995,2024-12-06T09:46:00-05:00,0.0,4.5,4947.039999999989,2024-12-06T10:01:00-05:00,0.0,3.950000000000003,6047.039999999984,2024-12-06T10:31:00-05:00,0.0,4.049999999999997,5847.039999999995,2024-12-06T11:31:00-05:00,0.0,5.600000000000001,2747.0399999999863,2024-12-06T16:00:00-05:00,0.0,,,2024-12-06T16:15:00-05:00,85500.0,,,2024-12-06T16:15:00-05:00,171900.0,9.0,-4052.9600000000123,2024-12-09T16:00:00-05:00,0.0,15.0,hit,17.0,hit,45.0,hit,59.0,hit,59.0,hit,59.0,hit,,never_hit,4387.0,hit,4388.0,hit,0.0,hit,4388.0,hit,4402.0,hit,4412.0,hit,7.099999999999994,0,True,False,False,False,,7.099999999999994,0,True,False,False,False,,7.099999999999994,0,True,False,False,False,,,,True,True,True,False,6.299999999999997,59.0,2024-12-06T10:30:00-05:00,0.7999999999999972,12347.039999999995,,,,,,,,,60.0,2024-12-06T10:31:00-05:00,3.950000000000003,6047.039999999984,59.0,2024-12-06T10:30:00-05:00,0.7999999999999972,12347.039999999995,,,,,,,,,60.0,2024-12-06T10:31:00-05:00,3.950000000000003,6047.039999999984,59.0,2024-12-06T10:30:00-05:00,0.7999999999999972,12347.039999999995,,,,,,,,,60.0,2024-12-06T10:31:00-05:00,3.950000000000003,6047.039999999984,,,,,,,,,,,,,,,,,2282
2024-12-09,2024-12-11,2,5.0,2024-12-09T09:31:00-05:00,4.949999999999989,NDXP  241211P21700000,NDXP  241211P21690000,development,False,False,0,0,0,92,15,1108,available,False,2024-12-09T09:31:00-05:00,2024-12-11T16:00:00-05:00,0.25,9147.039999999979,0.0,last_observed_quote_not_settlement,1036.0,758,36,6.199999999999989,-2752.959999999999,2024-12-09T09:32:00-05:00,0.0,5.649999999999977,-1652.9599999999766,2024-12-09T09:33:00-05:00,0.0,6.599999999999994,-3552.9600000000105,2024-12-09T09:36:00-05:00,0.0,5.0,-352.96000000002203,2024-12-09T09:41:00-05:00,0.0,4.050000000000011,1547.0399999999552,2024-12-09T09:46:00-05:00,0.0,6.849999999999994,-4052.9600000000105,2024-12-09T10:01:00-05:00,0.0,7.699999999999989,-5752.959999999999,2024-12-09T10:31:00-05:00,0.0,8.749999999999972,-7852.959999999967,2024-12-09T11:31:00-05:00,0.0,8.349999999999966,-7052.9599999999555,2024-12-09T16:00:00-05:00,0.0,9.699999999999989,-9752.960000000001,2024-12-10T16:00:00-05:00,0.0,0.25,9147.039999999979,2024-12-11T16:00:00-05:00,0.0,,,,,0.0,hit,0.0,hit,18.0,hit,23.0,hit,24.0,hit,3120.0,hit,3183.0,hit,1.0,hit,1.0,hit,9.0,hit,39.0,hit,58.0,hit,58.0,hit,7.549999999999983,13,True,False,False,False,,7.549999999999983,13,True,False,False,False,,10.0,758,True,True,True,True,,10.0,758,True,True,True,True,,23.0,2024-12-09T09:54:00-05:00,2.9000000000000057,3847.0399999999668,24.0,2024-12-09T09:55:00-05:00,1.8000000000000114,6047.039999999955,3001.0,2024-12-11T11:32:00-05:00,2.8000000000000007,4047.0399999999763,24.0,2024-12-09T09:55:00-05:00,1.8000000000000114,6047.039999999955,24.0,2024-12-09T09:55:00-05:00,1.8000000000000114,6047.039999999955,3049.0,2024-12-11T12:20:00-05:00,1.9499999999999993,5747.039999999979,3071.0,2024-12-11T12:42:00-05:00,1.8000000000000007,6047.039999999976,25.0,2024-12-09T09:56:00-05:00,6.150000000000034,-2652.96000000009,3122.0,2024-12-11T13:33:00-05:00,0.9000000000000004,7847.039999999977,3125.0,2024-12-11T13:36:00-05:00,0.8500000000000005,7947.039999999977,3126.0,2024-12-11T13:37:00-05:00,0.8500000000000001,7947.039999999977,3123.0,2024-12-11T13:34:00-05:00,1.0,7647.039999999978,3183.0,2024-12-11T14:34:00-05:00,0.40000000000000036,8847.039999999979,3184.0,2024-12-11T14:35:00-05:00,0.32499999999999973,8997.039999999979,3185.0,2024-12-11T14:36:00-05:00,0.375,8897.039999999979,3184.0,2024-12-11T14:35:00-05:00,0.32499999999999973,8997.039999999979,2283
2024-12-09,2024-12-11,2,6.0,2024-12-09T09:31:00-05:00,5.550000000000011,NDXP  241211P21610000,NDXP  241211P21600000,development,False,False,0,0,0,35,15,1165,available,False,2024-12-09T09:31:00-05:00,2024-12-11T16:00:00-05:00,4.975,897.0400000000241,0.0,last_observed_quote_not_settlement,1037.0,718,38,4.5,1847.0400000000234,2024-12-09T09:32:00-05:00,0.0,4.75,1347.0400000000234,2024-12-09T09:33:00-05:00,0.0,5.549999999999997,-252.95999999997088,2024-12-09T09:36:00-05:00,0.0,4.849999999999994,1147.0400000000348,2024-12-09T09:41:00-05:00,0.0,4.6000000000000085,1647.0400000000063,2024-12-09T09:46:00-05:00,0.0,4.950000000000003,947.0400000000177,2024-12-09T10:01:00-05:00,0.0,8.199999999999989,-5552.9599999999555,2024-12-09T10:31:00-05:00,0.0,6.800000000000011,-2752.959999999999,2024-12-09T11:31:00-05:00,0.0,6.900000000000006,-2952.9599999999878,2024-12-09T16:00:00-05:00,0.0,7.950000000000017,-5052.960000000013,2024-12-10T16:00:00-05:00,0.0,4.975,897.0400000000241,2024-12-11T16:00:00-05:00,0.0,,,,,1.0,hit,1.0,hit,56.0,hit,56.0,hit,2919.0,hit,2994.0,hit,3030.0,hit,57.0,hit,60.0,hit,60.0,hit,60.0,hit,70.0,hit,331.0,hit,5.950000000000017,2,False,False,False,False,,10.0,718,True,True,True,True,,10.0,718,True,True,True,True,,10.0,718,True,True,True,True,,56.0,2024-12-09T10:27:00-05:00,2.1499999999999773,6547.040000000069,2903.0,2024-12-11T09:54:00-05:00,2.6999999999999993,5447.0400000000245,2904.0,2024-12-11T09:55:00-05:00,2.8999999999999986,5047.040000000026,57.0,2024-12-09T10:28:00-05:00,6.450000000000003,-2052.9599999999823,2920.0,2024-12-11T10:11:00-05:00,1.8500000000000014,7147.040000000021,2924.0,2024-12-11T10:15:00-05:00,1.700000000000001,7447.040000000021,2925.0,2024-12-11T10:16:00-05:00,1.75,7347.040000000024,2921.0,2024-12-11T10:12:00-05:00,2.099999999999998,6647.040000000027,2994.0,2024-12-11T11:25:00-05:00,0.8500000000000005,9147.040000000023,2997.0,2024-12-11T11:28:00-05:00,0.7999999999999998,9247.040000000025,2998.0,2024-12-11T11:29:00-05:00,0.7999999999999998,9247.040000000025,2995.0,2024-12-11T11:26:00-05:00,1.0,8847.040000000025,3034.0,2024-12-11T12:05:00-05:00,0.44999999999999973,9947.040000000025,3035.0,2024-12-11T12:06:00-05:00,0.40000000000000036,10047.040000000023,3036.0,2024-12-11T12:07:00-05:00,0.2999999999999998,10247.040000000025,3035.0,2024-12-11T12:06:00-05:00,0.40000000000000036,10047.040000000023,2284
2024-12-09,2024-12-11,2,7.0,2024-12-09T09:31:00-05:00,7.199999999999989,NDXP  241211P21750000,NDXP  241211P21740000,development,False,False,0,0,0,89,15,1111,available,False,2024-12-09T09:31:00-05:00,2024-12-11T15:59:00-05:00,0.5,13147.039999999979,1.0,last_observed_quote_not_settlement,1037.0,711,76,7.200000000000017,-252.96000000005614,2024-12-09T09:32:00-05:00,0.0,7.049999999999983,47.04000000001208,2024-12-09T09:33:00-05:00,0.0,7.949999999999989,-1752.9599999999994,2024-12-09T09:36:00-05:00,0.0,6.849999999999966,447.0400000000462,2024-12-09T09:41:00-05:00,0.0,6.199999999999989,1747.0400000000006,2024-12-09T09:46:00-05:00,0.0,7.049999999999983,47.04000000001208,2024-12-09T10:01:00-05:00,0.0,7.349999999999994,-552.9600000000107,2024-12-09T10:31:00-05:00,0.0,6.099999999999966,1947.0400000000461,2024-12-09T11:31:00-05:00,0.0,9.5,-4852.960000000024,2024-12-09T16:00:00-05:00,0.0,9.949999999999989,-5752.960000000001,2024-12-10T16:00:00-05:00,0.0,,,2024-12-11T15:59:00-05:00,60.0,,,,,19.0,hit,67.0,hit,3053.0,hit,3053.0,hit,3188.0,hit,3238.0,hit,3267.0,hit,4.0,hit,7.0,hit,0.0,hit,7.0,hit,8.0,hit,85.0,hit,10.0,710,True,True,True,True,,10.0,711,True,True,True,True,,10.0,711,True,True,True,True,,10.0,711,True,True,True,True,,3053.0,2024-12-11T12:24:00-05:00,2.3000000000000007,9547.039999999977,3125.0,2024-12-11T13:36:00-05:00,2.799999999999999,8547.03999999998,3126.0,2024-12-11T13:37:00-05:00,2.8000000000000007,8547.039999999977,3054.0,2024-12-11T12:25:00-05:00,4.449999999999999,5247.039999999979,3188.0,2024-12-11T14:39:00-05:00,1.9500000000000002,10247.039999999979,3223.0,2024-12-11T15:14:00-05:00,1.9000000000000004,10347.039999999979,3224.0,2024-12-11T15:15:00-05:00,1.5,11147.039999999979,3189.0,2024-12-11T14:40:00-05:00,2.1500000000000004,9847.039999999979,3249.0,2024-12-11T15:40:00-05:00,0.8500000000000001,12447.039999999977,3268.0,2024-12-11T15:59:00-05:00,0.5,13147.039999999979,,,,,3250.0,2024-12-11T15:41:00-05:00,0.9750000000000001,12197.039999999977,3267.0,2024-12-11T15:58:00-05:00,0.35,13447.039999999977,,,,,,,,,3268.0,2024-12-11T15:59:00-05:00,0.5,13147.039999999979,2285
2024-12-09,2024-12-12,3,5.0,2024-12-09T09:31:00-05:00,5.0,NDXP  241212P21570000,NDXP  241212P21560000,development,False,False,0,0,0,3,0,1602,available,False,2024-12-09T09:31:00-05:00,2024-12-12T16:00:00-05:00,1.975,5797.040000000001,0.0,last_observed_quote_not_settlement,1036.0,693,53,4.0,1747.0400000000006,2024-12-09T09:32:00-05:00,0.0,4.599999999999994,547.040000000012,2024-12-09T09:33:00-05:00,0.0,4.3999999999999915,947.0400000000177,2024-12-09T09:36:00-05:00,0.0,4.199999999999989,1347.0400000000234,2024-12-09T09:41:00-05:00,0.0,4.0,1747.0400000000006,2024-12-09T09:46:00-05:00,0.0,3.950000000000003,1847.039999999995,2024-12-09T10:01:00-05:00,0.0,5.049999999999997,-352.9599999999936,2024-12-09T10:31:00-05:00,0.0,6.699999999999989,-3652.9599999999764,2024-12-09T11:31:00-05:00,0.0,7.050000000000011,-4352.960000000022,2024-12-09T16:00:00-05:00,0.0,7.299999999999983,-4852.9599999999655,2024-12-10T16:00:00-05:00,0.0,1.2500000000000009,7247.039999999999,2024-12-11T16:00:00-05:00,0.0,1.975,5797.040000000001,2024-12-12T16:00:00-05:00,0.0,0.0,hit,0.0,hit,1.0,hit,56.0,hit,2946.0,hit,3122.0,hit,4413.0,hit,58.0,hit,78.0,hit,78.0,hit,78.0,hit,200.0,hit,200.0,hit,5.0,0,False,False,False,False,,9.800000000000011,693,True,True,True,True,,9.800000000000011,693,True,True,True,True,,9.800000000000011,693,True,True,True,True,,56.0,2024-12-09T10:27:00-05:00,2.8000000000000114,4147.039999999978,2903.0,2024-12-11T09:54:00-05:00,2.75,4247.040000000001,2904.0,2024-12-11T09:55:00-05:00,2.9000000000000057,3947.0399999999895,57.0,2024-12-09T10:28:00-05:00,4.850000000000023,47.039999999955235,2980.0,2024-12-11T11:11:00-05:00,1.8999999999999986,5947.040000000004,2985.0,2024-12-11T11:16:00-05:00,1.8999999999999986,5947.040000000004,2994.0,2024-12-11T11:25:00-05:00,1.75,6247.040000000001,2981.0,2024-12-11T11:12:00-05:00,2.0,5747.040000000001,3127.0,2024-12-11T13:38:00-05:00,0.9499999999999993,7847.040000000002,3172.0,2024-12-11T14:23:00-05:00,0.9499999999999993,7847.040000000002,3173.0,2024-12-11T14:24:00-05:00,0.8000000000000007,8147.04,3128.0,2024-12-11T13:39:00-05:00,1.0,7747.040000000001,4415.0,2024-12-12T11:06:00-05:00,0.40000000000000036,8947.04,4428.0,2024-12-12T11:19:00-05:00,0.44999999999999973,8847.04,4429.0,2024-12-12T11:20:00-05:00,0.42500000000000027,8897.04,4416.0,2024-12-12T11:07:00-05:00,0.4500000000000002,8847.04,2286
2024-12-09,2024-12-12,3,6.0,2024-12-09T09:31:00-05:00,5.849999999999994,NDXP  241212P21610000,NDXP  241212P21600000,development,False,False,0,0,0,8,0,1597,available,False,2024-12-09T09:31:00-05:00,2024-12-12T16:00:00-05:00,0.07499999999999998,11297.03999999999,0.0,last_observed_quote_not_settlement,1036.0,644,89,5.0,1447.0399999999893,2024-12-09T09:32:00-05:00,0.0,5.049999999999997,1347.039999999995,2024-12-09T09:33:00-05:00,0.0,5.050000000000011,1347.0399999999665,2024-12-09T09:36:00-05:00,0.0,4.799999999999983,1847.0400000000234,2024-12-09T09:41:00-05:00,0.0,4.700000000000017,2047.0399999999554,2024-12-09T09:46:00-05:00,0.0,5.049999999999997,1347.039999999995,2024-12-09T10:01:00-05:00,0.0,7.999999999999972,-4552.9599999999555,2024-12-09T10:31:00-05:00,0.0,8.500000000000028,-5552.960000000069,2024-12-09T11:31:00-05:00,0.0,4.949999999999989,1547.040000000012,2024-12-09T16:00:00-05:00,0.0,8.200000000000017,-4952.960000000046,2024-12-10T16:00:00-05:00,0.0,1.5500000000000007,8347.039999999988,2024-12-11T16:00:00-05:00,0.0,0.07499999999999998,11297.03999999999,2024-12-12T16:00:00-05:00,0.0,1.0,hit,1.0,hit,58.0,hit,2917.0,hit,2942.0,hit,4348.0,hit,4526.0,hit,60.0,hit,60.0,hit,60.0,hit,66.0,hit,78.0,hit,94.0,hit,9.900000000000006,644,True,True,True,True,,9.900000000000006,644,True,True,True,True,,9.900000000000006,644,True,True,True,True,,9.900000000000006,644,True,True,True,True,,2922.0,2024-12-11T10:13:00-05:00,2.9000000000000057,5647.039999999978,2925.0,2024-12-11T10:16:00-05:00,2.8499999999999943,5747.040000000001,2946.0,2024-12-11T10:37:00-05:00,2.8500000000000014,5747.039999999986,2923.0,2024-12-11T10:14:00-05:00,2.950000000000003,5547.039999999984,2942.0,2024-12-11T10:33:00-05:00,1.6999999999999957,8047.039999999998,3035.0,2024-12-11T12:06:00-05:00,1.8500000000000014,7747.039999999986,3036.0,2024-12-11T12:07:00-05:00,1.8500000000000014,7747.039999999986,2943.0,2024-12-11T10:34:00-05:00,3.0,5447.039999999989,4348.0,2024-12-12T09:59:00-05:00,0.6000000000000014,10247.039999999988,4486.0,2024-12-12T12:17:00-05:00,0.8999999999999995,9647.039999999992,4521.0,2024-12-12T12:52:00-05:00,0.7749999999999999,9897.03999999999,4349.0,2024-12-12T10:00:00-05:00,2.6999999999999993,6047.039999999991,4527.0,2024-12-12T12:58:00-05:00,0.42500000000000027,10597.039999999988,4528.0,2024-12-12T12:59:00-05:00,0.3749999999999998,10697.03999999999,4529.0,2024-12-12T13:00:00-05:00,0.4249999999999998,10597.03999999999,4528.0,2024-12-12T12:59:00-05:00,0.3749999999999998,10697.03999999999,2287
2024-12-09,2024-12-12,3,7.0,2024-12-09T09:31:00-05:00,7.0,NDXP  241212P21740000,NDXP  241212P21730000,development,False,False,0,0,0,71,0,1534,available,False,2024-12-09T09:31:00-05:00,2024-12-12T16:00:00-05:00,10.0,-6152.96,0.0,last_observed_quote_not_settlement,1036.0,999,100,8.199999999999989,-2652.959999999978,2024-12-09T09:32:00-05:00,0.0,6.599999999999966,547.0400000000689,2024-12-09T09:33:00-05:00,0.0,7.650000000000006,-1552.9600000000107,2024-12-09T09:36:00-05:00,0.0,6.849999999999994,47.04000000001208,2024-12-09T09:41:00-05:00,0.0,6.5,747.0400000000006,2024-12-09T09:46:00-05:00,0.0,6.650000000000034,447.0399999999325,2024-12-09T10:01:00-05:00,0.0,7.75,-1752.9599999999994,2024-12-09T10:31:00-05:00,0.0,8.0,-2252.960000000001,2024-12-09T11:31:00-05:00,0.0,7.899999999999977,-2052.9599999999537,2024-12-09T16:00:00-05:00,0.0,9.800000000000011,-5852.960000000024,2024-12-10T16:00:00-05:00,0.0,4.300000000000011,5147.039999999978,2024-12-11T16:00:00-05:00,0.0,10.0,-6152.96,2024-12-12T16:00:00-05:00,0.0,3.0,hit,7.0,hit,53.0,hit,53.0,hit,,never_hit,,never_hit,,never_hit,1.0,hit,1.0,hit,0.0,hit,1.0,hit,85.0,hit,87.0,hit,8.499999999999972,14,True,True,False,False,,,,True,True,True,False,4.800000000000011,,,True,True,True,False,4.800000000000011,,,True,True,True,False,4.800000000000011,53.0,2024-12-09T10:24:00-05:00,2.1999999999999886,9347.040000000025,,,,,,,,,54.0,2024-12-09T10:25:00-05:00,7.599999999999994,-1452.959999999988,,,,,,,,,,,,,,,,,,,,,,,,,,,,,,,,,,,,,,,,,,,,,,,,,2288
2024-12-10,2024-12-12,2,5.0,2024-12-10T09:31:00-05:00,4.950000000000003,NDXP  241212P21500000,NDXP  241212P21490000,development,False,False,0,0,0,45,15,1155,available,False,2024-12-10T09:31:00-05:00,2024-12-12T15:59:00-05:00,0.0,9647.040000000008,1.0,last_observed_quote_not_settlement,1036.0,295,39,4.849999999999994,-52.95999999998224,2024-12-10T09:32:00-05:00,0.0,4.400000000000006,847.039999999995,2024-12-10T09:33:00-05:00,0.0,4.699999999999989,247.0400000000291,2024-12-10T09:36:00-05:00,0.0,4.199999999999989,1247.040000000029,2024-12-10T09:41:00-05:00,0.0,3.9000000000000057,1847.039999999995,2024-12-10T09:46:00-05:00,0.0,4.150000000000006,1347.039999999995,2024-12-10T10:01:00-05:00,0.0,4.3999999999999915,847.0400000000234,2024-12-10T10:31:00-05:00,0.0,5.299999999999997,-952.959999999988,2024-12-10T11:31:00-05:00,0.0,7.200000000000017,-4752.960000000027,2024-12-10T16:00:00-05:00,0.0,0.5,8647.040000000008,2024-12-11T16:00:00-05:00,0.0,,,2024-12-12T15:59:00-05:00,60.0,,,,,0.0,hit,0.0,hit,14.0,hit,1444.0,hit,1458.0,hit,1553.0,hit,1681.0,hit,99.0,hit,132.0,hit,134.0,hit,164.0,hit,329.0,hit,352.0,hit,9.849999999999994,295,True,True,True,True,,9.849999999999994,295,True,True,True,True,,9.849999999999994,295,True,True,True,True,,9.849999999999994,295,True,True,True,True,,1445.0,2024-12-11T09:36:00-05:00,2.750000000000007,4147.039999999992,1446.0,2024-12-11T09:37:00-05:00,2.8500000000000085,3947.0399999999895,1447.0,2024-12-11T09:38:00-05:00,2.8000000000000043,4047.039999999998,1446.0,2024-12-11T09:37:00-05:00,2.8500000000000085,3947.0399999999895,1458.0,2024-12-11T09:49:00-05:00,1.9499999999999993,5747.040000000008,1462.0,2024-12-11T09:53:00-05:00,1.7999999999999972,6047.040000000012,1463.0,2024-12-11T09:54:00-05:00,1.6999999999999993,6247.040000000008,1459.0,2024-12-11T09:50:00-05:00,2.0500000000000007,5547.0400000000045,1554.0,2024-12-11T11:25:00-05:00,0.9499999999999993,7747.040000000008,1559.0,2024-12-11T11:30:00-05:00,0.8499999999999996,7947.040000000007,1560.0,2024-12-11T11:31:00-05:00,0.9000000000000004,7847.040000000005,1555.0,2024-12-11T11:26:00-05:00,1.0,7647.040000000006,1737.0,2024-12-11T14:28:00-05:00,0.40000000000000036,8847.040000000006,1738.0,2024-12-11T14:29:00-05:00,0.39999999999999947,8847.040000000008,1739.0,2024-12-11T14:30:00-05:00,0.39999999999999947,8847.040000000008,1738.0,2024-12-11T14:29:00-05:00,0.39999999999999947,8847.040000000008,2289
2024-12-10,2024-12-12,2,6.0,2024-12-10T09:31:00-05:00,6.0,NDXP  241212P21590000,NDXP  241212P21580000,development,False,False,0,0,0,7,15,1193,available,False,2024-12-10T09:31:00-05:00,2024-12-12T15:58:00-05:00,0.175,11397.040000000003,2.0,last_observed_quote_not_settlement,1036.0,315,48,6.600000000000023,-1452.9600000000448,2024-12-10T09:32:00-05:00,0.0,6.149999999999977,-552.9599999999539,2024-12-10T09:33:00-05:00,0.0,6.249999999999972,-752.9599999999425,2024-12-10T09:36:00-05:00,0.0,5.949999999999989,-152.95999999997656,2024-12-10T09:41:00-05:00,0.0,5.150000000000006,1447.0399999999893,2024-12-10T09:46:00-05:00,0.0,6.350000000000023,-952.9600000000448,2024-12-10T10:01:00-05:00,0.0,6.149999999999977,-552.9599999999539,2024-12-10T10:31:00-05:00,0.0,6.950000000000017,-2152.9600000000332,2024-12-10T11:31:00-05:00,0.0,8.100000000000023,-4452.960000000046,2024-12-10T16:00:00-05:00,0.0,1.25,9247.04,2024-12-11T16:00:00-05:00,0.0,,,2024-12-12T15:58:00-05:00,120.0,,,,,6.0,hit,17.0,hit,21.0,hit,1469.0,hit,1557.0,hit,1750.0,hit,3080.0,hit,1.0,hit,26.0,hit,26.0,hit,90.0,hit,90.0,hit,90.0,hit,9.949999999999989,315,True,True,True,True,,9.949999999999989,315,True,True,True,True,,9.949999999999989,315,True,True,True,True,,9.949999999999989,315,True,True,True,True,,1475.0,2024-12-11T10:06:00-05:00,2.9000000000000057,5947.039999999989,1476.0,2024-12-11T10:07:00-05:00,2.9000000000000057,5947.039999999989,1477.0,2024-12-11T10:08:00-05:00,2.700000000000003,6347.039999999995,1476.0,2024-12-11T10:07:00-05:00,2.9000000000000057,5947.039999999989,1559.0,2024-12-11T11:30:00-05:00,1.7999999999999972,8147.040000000007,1560.0,2024-12-11T11:31:00-05:00,1.8499999999999979,8047.0400000000045,1561.0,2024-12-11T11:32:00-05:00,1.7999999999999972,8147.040000000007,1560.0,2024-12-11T11:31:00-05:00,1.8499999999999979,8047.0400000000045,1776.0,2024-12-11T15:07:00-05:00,0.9499999999999993,9847.040000000003,2971.0,2024-12-12T11:02:00-05:00,0.9000000000000004,9947.04,2972.0,2024-12-12T11:03:00-05:00,0.8499999999999996,10047.040000000003,1777.0,2024-12-11T15:08:00-05:00,1.0500000000000007,9647.04,3083.0,2024-12-12T12:54:00-05:00,0.40000000000000013,10947.04,3084.0,2024-12-12T12:55:00-05:00,0.3999999999999999,10947.04,3085.0,2024-12-12T12:56:00-05:00,0.34999999999999987,11047.040000000003,3084.0,2024-12-12T12:55:00-05:00,0.3999999999999999,10947.04,2290
2024-12-10,2024-12-12,2,7.0,2024-12-10T09:31:00-05:00,6.949999999999989,NDXP  241212P21660000,NDXP  241212P21650000,development,False,False,0,0,0,6,15,1194,available,False,2024-12-10T09:31:00-05:00,2024-12-12T16:00:00-05:00,10.0,-6252.960000000023,0.0,last_observed_quote_not_settlement,1036.0,368,73,7.0,-352.96000000002203,2024-12-10T09:32:00-05:00,0.0,5.699999999999989,2247.040000000001,2024-12-10T09:33:00-05:00,0.0,7.149999999999977,-652.9599999999766,2024-12-10T09:36:00-05:00,0.0,6.849999999999994,-52.96000000001066,2024-12-10T09:41:00-05:00,0.0,6.199999999999989,1247.0400000000006,2024-12-10T09:46:00-05:00,0.0,6.899999999999977,-152.95999999997656,2024-12-10T10:01:00-05:00,0.0,6.449999999999989,747.0400000000006,2024-12-10T10:31:00-05:00,0.0,7.900000000000006,-2152.9600000000332,2024-12-10T11:31:00-05:00,0.0,8.849999999999966,-4052.9599999999555,2024-12-10T16:00:00-05:00,0.0,4.25,5147.039999999978,2024-12-11T16:00:00-05:00,0.0,10.0,-6252.960000000023,2024-12-12T16:00:00-05:00,0.0,,,,,3.0,hit,3.0,hit,1470.0,hit,1502.0,hit,1733.0,hit,3091.0,hit,,never_hit,7.0,hit,17.0,hit,1.0,hit,17.0,hit,27.0,hit,27.0,hit,9.850000000000023,330,True,True,True,True,,9.850000000000023,330,True,True,True,True,,9.850000000000023,332,True,True,True,True,,,,True,True,True,False,5.9499999999999895,1502.0,2024-12-11T10:33:00-05:00,2.1499999999999915,9347.039999999995,1594.0,2024-12-11T12:05:00-05:00,2.75,8147.039999999978,1595.0,2024-12-11T12:06:00-05:00,2.749999999999993,8147.039999999993,1503.0,2024-12-11T10:34:00-05:00,4.049999999999997,5547.039999999984,1747.0,2024-12-11T14:38:00-05:00,1.9499999999999957,9747.039999999988,1752.0,2024-12-11T14:43:00-05:00,1.9499999999999993,9747.03999999998,1788.0,2024-12-11T15:19:00-05:00,1.8999999999999986,9847.03999999998,1748.0,2024-12-11T14:39:00-05:00,2.0500000000000007,9547.039999999977,,,,,,,,,,,,,,,,,,,,,,,,,,,,,,,,,2291
2024-12-10,2024-12-13,3,5.0,2024-12-10T09:31:00-05:00,5.0,NDXP  241213P21550000,NDXP  241213P21540000,development,False,False,0,0,0,34,0,1571,available,False,2024-12-10T09:31:00-05:00,2024-12-13T15:59:00-05:00,0.0,9747.04,1.0,last_observed_quote_not_settlement,1036.0,292,55,5.850000000000023,-1952.9600000000448,2024-12-10T09:32:00-05:00,0.0,4.950000000000017,-152.9600000000334,2024-12-10T09:33:00-05:00,0.0,5.050000000000011,-352.96000000002203,2024-12-10T09:36:00-05:00,0.0,5.099999999999994,-452.95999999998793,2024-12-10T09:41:00-05:00,0.0,4.099999999999994,1547.040000000012,2024-12-10T09:46:00-05:00,0.0,5.0,-252.9599999999993,2024-12-10T10:01:00-05:00,0.0,4.75,247.04000000000067,2024-12-10T10:31:00-05:00,0.0,5.350000000000023,-952.9600000000448,2024-12-10T11:31:00-05:00,0.0,7.75,-5752.959999999999,2024-12-10T16:00:00-05:00,0.0,0.75,8247.04,2024-12-11T16:00:00-05:00,0.0,3.000000000000007,3747.0399999999863,2024-12-12T16:00:00-05:00,0.0,,,2024-12-13T15:59:00-05:00,60.0,0.0,hit,0.0,hit,17.0,hit,17.0,hit,1559.0,hit,1829.0,hit,4320.0,hit,1.0,hit,99.0,hit,129.0,hit,,never_hit,,never_hit,,never_hit,5.850000000000023,8,False,False,False,False,,7.75,292,True,False,False,False,,7.75,292,True,False,False,False,,7.75,292,True,False,False,False,,17.0,2024-12-10T09:48:00-05:00,2.500000000000014,4747.039999999973,1470.0,2024-12-11T10:01:00-05:00,2.8500000000000014,4047.039999999998,1471.0,2024-12-11T10:02:00-05:00,2.8500000000000014,4047.039999999998,18.0,2024-12-10T09:49:00-05:00,4.300000000000011,1147.039999999978,1579.0,2024-12-11T11:50:00-05:00,1.8999999999999986,5947.040000000004,1594.0,2024-12-11T12:05:00-05:00,1.9000000000000057,5947.039999999989,1595.0,2024-12-11T12:06:00-05:00,1.8999999999999986,5947.040000000004,1580.0,2024-12-11T11:51:00-05:00,2.0500000000000043,5647.039999999992,1829.0,2024-12-11T16:00:00-05:00,0.75,8247.04,4321.0,2024-12-13T09:32:00-05:00,0.6000000000000001,8547.04,4322.0,2024-12-13T09:33:00-05:00,0.34999999999999964,9047.040000000003,1830.0,2024-12-11T16:01:00-05:00,1.8000000000000007,6147.039999999999,4322.0,2024-12-13T09:33:00-05:00,0.34999999999999964,9047.040000000003,4323.0,2024-12-13T09:34:00-05:00,0.2999999999999998,9147.040000000003,4324.0,2024-12-13T09:35:00-05:00,0.40000000000000036,8947.04,4323.0,2024-12-13T09:34:00-05:00,0.2999999999999998,9147.040000000003,2292
2024-12-10,2024-12-13,3,6.0,2024-12-10T09:31:00-05:00,6.049999999999983,NDXP  241213P21620000,NDXP  241213P21610000,development,False,False,0,0,1,22,0,1582,available,False,2024-12-10T09:31:00-05:00,2024-12-13T15:56:00-05:00,0.0,11847.039999999968,4.0,last_observed_quote_not_settlement,1036.0,339,16,6.800000000000011,-1752.9600000000562,2024-12-10T09:32:00-05:00,0.0,6.550000000000011,-1252.9600000000562,2024-12-10T09:33:00-05:00,0.0,7.549999999999983,-3252.959999999999,2024-12-10T09:36:00-05:00,0.0,6.700000000000017,-1552.9600000000676,2024-12-10T09:41:00-05:00,0.0,5.099999999999994,1647.039999999978,2024-12-10T09:46:00-05:00,0.0,4.900000000000006,2047.0399999999554,2024-12-10T10:01:00-05:00,0.0,7.149999999999977,-2452.9599999999878,2024-12-10T10:31:00-05:00,0.0,8.300000000000011,-4752.960000000058,2024-12-10T11:31:00-05:00,0.0,8.850000000000023,-5852.960000000081,2024-12-10T16:00:00-05:00,0.0,1.1999999999999957,9447.039999999975,2024-12-11T16:00:00-05:00,0.0,4.5,2847.0399999999668,2024-12-12T16:00:00-05:00,0.0,,,2024-12-13T15:56:00-05:00,240.0,12.0,hit,14.0,hit,21.0,hit,1554.0,hit,1829.0,hit,4321.0,hit,4326.0,hit,1.0,hit,3.0,hit,3.0,hit,92.0,hit,92.0,hit,281.0,hit,10.0,338,True,True,True,True,,10.0,338,True,True,True,True,,10.0,339,True,True,True,True,,10.0,339,True,True,True,True,,1554.0,2024-12-11T11:25:00-05:00,2.9499999999999957,5947.039999999975,1560.0,2024-12-11T11:31:00-05:00,2.8000000000000114,6247.039999999944,1561.0,2024-12-11T11:32:00-05:00,2.8499999999999943,6147.039999999978,1555.0,2024-12-11T11:26:00-05:00,3.0,5847.039999999966,1829.0,2024-12-11T16:00:00-05:00,1.1999999999999957,9447.039999999975,4321.0,2024-12-13T09:32:00-05:00,0.9000000000000004,10047.039999999966,4322.0,2024-12-13T09:33:00-05:00,0.9999999999999991,9847.03999999997,1830.0,2024-12-11T16:01:00-05:00,2.4499999999999957,6947.039999999975,4321.0,2024-12-13T09:32:00-05:00,0.9000000000000004,10047.039999999966,4324.0,2024-12-13T09:35:00-05:00,0.75,10347.039999999968,4325.0,2024-12-13T09:36:00-05:00,0.8499999999999996,10147.039999999968,4322.0,2024-12-13T09:33:00-05:00,0.9999999999999991,9847.03999999997,4332.0,2024-12-13T09:43:00-05:00,0.3500000000000001,11147.039999999966,4333.0,2024-12-13T09:44:00-05:00,0.25,11347.039999999968,4334.0,2024-12-13T09:45:00-05:00,0.19999999999999973,11447.039999999966,4333.0,2024-12-13T09:44:00-05:00,0.25,11347.039999999968,2293
2024-12-10,2024-12-13,3,7.0,2024-12-10T09:31:00-05:00,7.0,NDXP  241213P21630000,NDXP  241213P21620000,development,False,False,0,0,1,6,0,1598,available,False,2024-12-10T09:31:00-05:00,2024-12-13T15:59:00-05:00,0.024999999999999994,13697.04,1.0,last_observed_quote_not_settlement,1036.0,241,73,4.699999999999989,4347.040000000024,2024-12-10T09:32:00-05:00,0.0,6.299999999999983,1147.0400000000348,2024-12-10T09:33:00-05:00,0.0,6.150000000000006,1447.0399999999893,2024-12-10T09:36:00-05:00,0.0,5.75,2247.040000000001,2024-12-10T09:41:00-05:00,0.0,5.650000000000006,2447.0399999999895,2024-12-10T09:46:00-05:00,0.0,6.75,247.04000000000067,2024-12-10T10:01:00-05:00,0.0,5.600000000000023,2547.0399999999554,2024-12-10T10:31:00-05:00,0.0,6.699999999999989,347.04000000002344,2024-12-10T11:31:00-05:00,0.0,9.350000000000023,-4952.960000000046,2024-12-10T16:00:00-05:00,0.0,1.75,10247.04,2024-12-11T16:00:00-05:00,0.0,4.849999999999994,4047.040000000012,2024-12-12T16:00:00-05:00,0.0,,,2024-12-13T15:59:00-05:00,60.0,1.0,hit,1.0,hit,20.0,hit,1502.0,hit,1502.0,hit,4320.0,hit,4332.0,hit,85.0,hit,85.0,hit,0.0,hit,85.0,hit,85.0,hit,323.0,hit,9.75,241,True,True,True,True,,9.75,241,True,True,True,True,,9.75,241,True,True,True,True,,9.75,241,True,True,True,True,,1502.0,2024-12-11T10:33:00-05:00,1.8000000000000114,10147.039999999979,1591.0,2024-12-11T12:02:00-05:00,2.9499999999999957,7847.040000000009,1595.0,2024-12-11T12:06:00-05:00,2.799999999999997,8147.040000000007,1503.0,2024-12-11T10:34:00-05:00,3.5999999999999943,6547.040000000012,1502.0,2024-12-11T10:33:00-05:00,1.8000000000000114,10147.039999999979,4321.0,2024-12-13T09:32:00-05:00,1.0,11747.04,4322.0,2024-12-13T09:33:00-05:00,1.0500000000000016,11647.039999999999,1503.0,2024-12-11T10:34:00-05:00,3.5999999999999943,6547.040000000012,4323.0,2024-12-13T09:34:00-05:00,0.8500000000000005,12047.04,4324.0,2024-12-13T09:35:00-05:00,0.8500000000000005,12047.04,4325.0,2024-12-13T09:36:00-05:00,0.8500000000000005,12047.04,4324.0,2024-12-13T09:35:00-05:00,0.8500000000000005,12047.04,4332.0,2024-12-13T09:43:00-05:00,0.3999999999999999,12947.04,4333.0,2024-12-13T09:44:00-05:00,0.375,12997.04,4334.0,2024-12-13T09:45:00-05:00,0.3999999999999999,12947.04,4333.0,2024-12-13T09:44:00-05:00,0.375,12997.04,2294
2024-12-11,2024-12-13,2,5.0,2024-12-11T09:31:00-05:00,5.0,NDXP  241213P21560000,NDXP  241213P21550000,development,False,False,0,0,0,22,0,1178,available,False,2024-12-11T09:31:00-05:00,2024-12-13T16:00:00-05:00,9.925,-10102.960000000001,0.0,last_observed_quote_not_settlement,1036.0,0,1,4.799999999999997,147.0400000000064,2024-12-11T09:32:00-05:00,0.0,4.75,247.04000000000067,2024-12-11T09:33:00-05:00,0.0,4.150000000000006,1447.0399999999893,2024-12-11T09:36:00-05:00,0.0,3.75,2247.040000000001,2024-12-11T09:41:00-05:00,0.0,3.6000000000000085,2547.0399999999836,2024-12-11T09:46:00-05:00,0.0,3.049999999999997,3647.0400000000063,2024-12-11T10:01:00-05:00,0.0,2.749999999999993,4247.0400000000145,2024-12-11T10:31:00-05:00,0.0,2.0999999999999943,5547.040000000012,2024-12-11T11:31:00-05:00,0.0,2.6499999999999986,4447.040000000004,2024-12-11T16:00:00-05:00,0.0,3.3999999999999986,2947.0400000000036,2024-12-12T16:00:00-05:00,0.0,9.925,-10102.960000000001,2024-12-13T16:00:00-05:00,0.0,,,,,0.0,hit,0.0,hit,4.0,hit,21.0,hit,153.0,hit,2880.0,hit,2880.0,hit,3269.0,hit,3269.0,hit,3269.0,hit,3269.0,hit,3269.0,hit,3269.0,hit,5.0,0,False,False,False,False,,5.0,0,False,False,False,False,,5.0,0,False,False,False,False,,5.0,0,False,False,False,False,,24.0,2024-12-11T09:55:00-05:00,2.8999999999999986,3947.0400000000036,32.0,2024-12-11T10:03:00-05:00,2.9499999999999957,3847.040000000009,37.0,2024-12-11T10:08:00-05:00,2.6499999999999986,4447.040000000004,25.0,2024-12-11T09:56:00-05:00,3.200000000000003,3347.039999999995,155.0,2024-12-11T12:06:00-05:00,1.8999999999999986,5947.040000000004,158.0,2024-12-11T12:09:00-05:00,1.9499999999999957,5847.040000000009,166.0,2024-12-11T12:17:00-05:00,1.8999999999999986,5947.040000000004,156.0,2024-12-11T12:07:00-05:00,1.9500000000000028,5847.039999999995,2880.0,2024-12-13T09:31:00-05:00,0.4500000000000002,8847.04,2881.0,2024-12-13T09:32:00-05:00,0.30000000000000027,9147.04,2882.0,2024-12-13T09:33:00-05:00,0.4249999999999998,8897.040000000003,2881.0,2024-12-13T09:32:00-05:00,0.30000000000000027,9147.04,2881.0,2024-12-13T09:32:00-05:00,0.30000000000000027,9147.04,2882.0,2024-12-13T09:33:00-05:00,0.4249999999999998,8897.040000000003,2883.0,2024-12-13T09:34:00-05:00,0.42500000000000027,8897.04,2882.0,2024-12-13T09:33:00-05:00,0.4249999999999998,8897.040000000003,2295
2024-12-11,2024-12-13,2,6.0,2024-12-11T09:31:00-05:00,6.0,NDXP  241213P21640000,NDXP  241213P21630000,development,False,False,0,0,0,13,0,1187,available,False,2024-12-11T09:31:00-05:00,2024-12-13T16:00:00-05:00,0.675,10397.04,0.0,last_observed_quote_not_settlement,1036.0,1,2,6.349999999999994,-952.959999999988,2024-12-11T09:32:00-05:00,0.0,5.449999999999989,847.0400000000234,2024-12-11T09:33:00-05:00,0.0,5.6499999999999915,447.04000000001776,2024-12-11T09:36:00-05:00,0.0,5.0,1747.0400000000006,2024-12-11T09:41:00-05:00,0.0,4.5,2747.040000000001,2024-12-11T09:46:00-05:00,0.0,4.1499999999999915,3447.0400000000177,2024-12-11T10:01:00-05:00,0.0,3.999999999999986,3747.040000000029,2024-12-11T10:31:00-05:00,0.0,3.1999999999999886,5347.040000000024,2024-12-11T11:31:00-05:00,0.0,4.8500000000000085,2047.0399999999836,2024-12-11T16:00:00-05:00,0.0,4.650000000000006,2447.0399999999895,2024-12-12T16:00:00-05:00,0.0,0.675,10397.04,2024-12-13T16:00:00-05:00,0.0,,,,,2.0,hit,10.0,hit,24.0,hit,119.0,hit,233.0,hit,2886.0,hit,2892.0,hit,,never_hit,,never_hit,,never_hit,,never_hit,,never_hit,,never_hit,6.349999999999994,1,False,False,False,False,,6.349999999999994,1,False,False,False,False,,6.349999999999994,1,False,False,False,False,,6.349999999999994,1,False,False,False,False,,155.0,2024-12-11T12:06:00-05:00,2.9000000000000057,5947.039999999989,156.0,2024-12-11T12:07:00-05:00,2.8999999999999986,5947.040000000004,157.0,2024-12-11T12:08:00-05:00,2.9000000000000057,5947.039999999989,156.0,2024-12-11T12:07:00-05:00,2.8999999999999986,5947.040000000004,233.0,2024-12-11T13:24:00-05:00,1.5,8747.04,2881.0,2024-12-13T09:32:00-05:00,1.1499999999999986,9447.040000000005,2882.0,2024-12-13T09:33:00-05:00,1.1999999999999993,9347.040000000003,234.0,2024-12-11T13:25:00-05:00,2.6500000000000057,6447.039999999989,2886.0,2024-12-13T09:37:00-05:00,0.7000000000000002,10347.04,2887.0,2024-12-13T09:38:00-05:00,0.5999999999999996,10547.040000000003,2888.0,2024-12-13T09:39:00-05:00,0.8999999999999995,9947.040000000003,2887.0,2024-12-13T09:38:00-05:00,0.5999999999999996,10547.040000000003,2893.0,2024-12-13T09:44:00-05:00,0.375,10997.04,2894.0,2024-12-13T09:45:00-05:00,0.375,10997.04,2895.0,2024-12-13T09:46:00-05:00,0.37500000000000044,10997.039999999999,2894.0,2024-12-13T09:45:00-05:00,0.375,10997.04,2296
2024-12-11,2024-12-13,2,7.0,2024-12-11T09:31:00-05:00,7.049999999999983,NDXP  241213P21720000,NDXP  241213P21710000,development,False,False,0,0,0,5,0,1195,available,False,2024-12-11T09:31:00-05:00,2024-12-13T15:59:00-05:00,0.024999999999999994,13797.039999999966,1.0,last_observed_quote_not_settlement,1036.0,55,39,6.600000000000023,647.0399999999211,2024-12-11T09:32:00-05:00,0.0,7.199999999999989,-552.9600000000107,2024-12-11T09:33:00-05:00,0.0,7.450000000000017,-1052.9600000000676,2024-12-11T09:36:00-05:00,0.0,6.450000000000017,947.0399999999324,2024-12-11T09:41:00-05:00,0.0,6.599999999999966,647.0400000000348,2024-12-11T09:46:00-05:00,0.0,5.099999999999994,3647.039999999978,2024-12-11T10:01:00-05:00,0.0,4.950000000000003,3947.039999999961,2024-12-11T10:31:00-05:00,0.0,4.25,5347.039999999966,2024-12-11T11:31:00-05:00,0.0,6.75,347.0399999999666,2024-12-11T16:00:00-05:00,0.0,6.599999999999994,647.0399999999779,2024-12-12T16:00:00-05:00,0.0,,,2024-12-13T15:59:00-05:00,60.0,,,,,17.0,hit,17.0,hit,17.0,hit,2880.0,hit,2886.0,hit,2894.0,hit,3204.0,hit,4.0,hit,4.0,hit,0.0,hit,4.0,hit,,never_hit,,never_hit,8.650000000000006,19,True,True,False,False,,8.650000000000006,19,True,True,False,False,,8.650000000000006,19,True,True,False,False,,8.650000000000006,55,True,True,False,False,,2880.0,2024-12-13T09:31:00-05:00,2.849999999999998,8147.039999999971,2881.0,2024-12-13T09:32:00-05:00,2.8500000000000014,8147.039999999964,2882.0,2024-12-13T09:33:00-05:00,2.75,8347.039999999968,2881.0,2024-12-13T09:32:00-05:00,2.8500000000000014,8147.039999999964,2886.0,2024-12-13T09:37:00-05:00,1.9499999999999993,9947.039999999968,2887.0,2024-12-13T09:38:00-05:00,1.75,10347.039999999968,2893.0,2024-12-13T09:44:00-05:00,1.1500000000000004,11547.039999999966,2887.0,2024-12-13T09:38:00-05:00,1.75,10347.039999999968,2895.0,2024-12-13T09:46:00-05:00,0.9000000000000004,12047.039999999966,2898.0,2024-12-13T09:49:00-05:00,0.8499999999999996,12147.039999999968,2902.0,2024-12-13T09:53:00-05:00,0.9499999999999993,11947.039999999968,2896.0,2024-12-13T09:47:00-05:00,1.0,11847.039999999968,3210.0,2024-12-13T15:01:00-05:00,0.30000000000000004,13247.039999999968,3213.0,2024-12-13T15:04:00-05:00,0.3750000000000002,13097.039999999968,3214.0,2024-12-13T15:05:00-05:00,0.32500000000000007,13197.039999999966,3211.0,2024-12-13T15:02:00-05:00,0.4500000000000002,12947.039999999966,2297
2024-12-13,2024-12-16,3,5.0,2024-12-13T09:31:00-05:00,5.099999999999994,NDXP  241216P21820000,NDXP  241216P21810000,development,False,False,0,0,0,9,0,786,available,False,2024-12-13T09:31:00-05:00,2024-12-16T15:56:00-05:00,0.0,9947.03999999999,4.0,last_observed_quote_not_settlement,3916.0,347,19,5.0,-52.96000000001066,2024-12-13T09:32:00-05:00,0.0,5.499999999999986,-1052.9599999999823,2024-12-13T09:33:00-05:00,0.0,5.300000000000011,-652.9600000000335,2024-12-13T09:36:00-05:00,0.0,4.599999999999994,747.0400000000006,2024-12-13T09:41:00-05:00,0.0,3.6000000000000014,2747.0399999999863,2024-12-13T09:46:00-05:00,0.0,3.9000000000000057,2147.039999999978,2024-12-13T10:01:00-05:00,0.0,5.0,-52.96000000001066,2024-12-13T10:31:00-05:00,0.0,7.049999999999983,-4152.959999999976,2024-12-13T11:31:00-05:00,0.0,5.200000000000003,-452.96000000001635,2024-12-13T16:00:00-05:00,0.0,,,2024-12-13T16:15:00-05:00,85500.0,,,2024-12-13T16:15:00-05:00,171900.0,,,2024-12-16T15:56:00-05:00,240.0,0.0,hit,1.0,hit,13.0,hit,4320.0,hit,4329.0,hit,4350.0,hit,4382.0,hit,38.0,hit,38.0,hit,72.0,hit,104.0,hit,,never_hit,,never_hit,8.599999999999994,346,True,True,False,False,,8.599999999999994,346,True,True,False,False,,8.599999999999994,347,True,True,False,False,,8.599999999999994,347,True,True,False,False,,4320.0,2024-12-16T09:31:00-05:00,2.25,5447.039999999989,4321.0,2024-12-16T09:32:00-05:00,2.349999999999998,5247.039999999994,4322.0,2024-12-16T09:33:00-05:00,2.3999999999999986,5147.039999999992,4321.0,2024-12-16T09:32:00-05:00,2.349999999999998,5247.039999999994,4329.0,2024-12-16T09:40:00-05:00,1.7999999999999972,6347.039999999995,4330.0,2024-12-16T09:41:00-05:00,1.7000000000000028,6547.039999999984,4331.0,2024-12-16T09:42:00-05:00,1.8500000000000014,6247.039999999986,4330.0,2024-12-16T09:41:00-05:00,1.7000000000000028,6547.039999999984,4350.0,2024-12-16T10:01:00-05:00,0.9000000000000004,8147.039999999989,4351.0,2024-12-16T10:02:00-05:00,0.8999999999999995,8147.039999999991,4352.0,2024-12-16T10:03:00-05:00,0.7999999999999998,8347.03999999999,4351.0,2024-12-16T10:02:00-05:00,0.8999999999999995,8147.039999999991,4384.0,2024-12-16T10:35:00-05:00,0.3999999999999999,9147.03999999999,4385.0,2024-12-16T10:36:00-05:00,0.3999999999999999,9147.03999999999,4386.0,2024-12-16T10:37:00-05:00,0.3999999999999999,9147.03999999999,4385.0,2024-12-16T10:36:00-05:00,0.3999999999999999,9147.03999999999,2298
2024-12-13,2024-12-16,3,6.0,2024-12-13T09:31:00-05:00,5.899999999999977,NDXP  241216P21880000,NDXP  241216P21870000,development,False,False,0,0,0,10,0,785,available,False,2024-12-13T09:31:00-05:00,2024-12-16T15:59:00-05:00,0.0,11547.039999999955,1.0,last_observed_quote_not_settlement,3916.0,358,12,7.299999999999997,-3052.960000000039,2024-12-13T09:32:00-05:00,0.0,6.75,-1952.9600000000448,2024-12-13T09:33:00-05:00,0.0,6.700000000000017,-1852.960000000079,2024-12-13T09:36:00-05:00,0.0,5.849999999999994,-152.9600000000334,2024-12-13T09:41:00-05:00,0.0,4.5,2547.0399999999554,2024-12-13T09:46:00-05:00,0.0,5.200000000000003,1147.0399999999495,2024-12-13T10:01:00-05:00,0.0,6.199999999999989,-852.9600000000221,2024-12-13T10:31:00-05:00,0.0,8.25,-4952.960000000046,2024-12-13T11:31:00-05:00,0.0,7.499999999999986,-3452.9600000000164,2024-12-13T16:00:00-05:00,0.0,,,2024-12-13T16:15:00-05:00,85500.0,,,2024-12-13T16:15:00-05:00,171900.0,,,2024-12-16T15:59:00-05:00,60.0,12.0,hit,14.0,hit,4320.0,hit,4323.0,hit,4323.0,hit,4385.0,hit,4429.0,hit,1.0,hit,1.0,hit,1.0,hit,72.0,hit,82.0,hit,,never_hit,9.400000000000006,358,True,True,True,True,,9.400000000000006,358,True,True,True,True,,9.400000000000006,358,True,True,True,True,,9.400000000000006,358,True,True,True,True,,4323.0,2024-12-16T09:34:00-05:00,1.9000000000000057,7747.039999999944,4343.0,2024-12-16T09:54:00-05:00,2.4000000000000057,6747.039999999944,4344.0,2024-12-16T09:55:00-05:00,2.1999999999999957,7147.039999999964,4324.0,2024-12-16T09:35:00-05:00,3.6499999999999986,4247.039999999958,4323.0,2024-12-16T09:34:00-05:00,1.9000000000000057,7747.039999999944,4351.0,2024-12-16T10:02:00-05:00,1.8000000000000007,7947.039999999954,4352.0,2024-12-16T10:03:00-05:00,1.7500000000000018,8047.039999999952,4324.0,2024-12-16T09:35:00-05:00,3.6499999999999986,4247.039999999958,4385.0,2024-12-16T10:36:00-05:00,0.9000000000000004,9747.039999999955,4411.0,2024-12-16T11:02:00-05:00,0.8999999999999995,9747.039999999957,4412.0,2024-12-16T11:03:00-05:00,0.9499999999999993,9647.039999999957,4386.0,2024-12-16T10:37:00-05:00,1.0,9547.039999999955,4429.0,2024-12-16T11:20:00-05:00,0.42500000000000027,10697.039999999955,4460.0,2024-12-16T11:51:00-05:00,0.4249999999999998,10697.039999999957,4461.0,2024-12-16T11:52:00-05:00,0.4249999999999998,10697.039999999957,4430.0,2024-12-16T11:21:00-05:00,0.5,10547.039999999955,2299
2024-12-13,2024-12-16,3,7.0,2024-12-13T09:31:00-05:00,7.099999999999994,NDXP  241216P21930000,NDXP  241216P21920000,development,False,False,0,0,0,12,0,782,available,False,2024-12-13T09:31:00-05:00,2024-12-16T16:00:00-05:00,0.175,13597.03999999999,0.0,last_observed_quote_not_settlement,3916.0,334,42,7.649999999999977,-1352.9599999999652,2024-12-13T09:32:00-05:00,0.0,7.75,-1552.9600000000107,2024-12-13T09:33:00-05:00,0.0,7.200000000000017,-452.9600000000448,2024-12-13T09:36:00-05:00,0.0,6.399999999999977,1147.0400000000348,2024-12-13T09:41:00-05:00,0.0,5.800000000000011,2347.0399999999668,2024-12-13T09:46:00-05:00,0.0,6.099999999999994,1747.0400000000006,2024-12-13T10:01:00-05:00,0.0,7.500000000000028,-1052.9600000000676,2024-12-13T10:31:00-05:00,0.0,8.550000000000011,-3152.960000000035,2024-12-13T11:31:00-05:00,0.0,9.399999999999977,-4852.959999999967,2024-12-13T16:00:00-05:00,0.0,,,2024-12-13T16:15:00-05:00,85500.0,,,2024-12-13T16:15:00-05:00,171900.0,0.175,13597.03999999999,2024-12-16T16:00:00-05:00,0.0,16.0,hit,116.0,hit,116.0,hit,116.0,hit,4383.0,hit,4431.0,hit,4489.0,hit,1.0,hit,63.0,hit,0.0,hit,63.0,hit,72.0,hit,96.0,hit,9.649999999999977,65,True,True,True,True,,9.850000000000023,334,True,True,True,True,,9.850000000000023,334,True,True,True,True,,9.850000000000023,334,True,True,True,True,,116.0,2024-12-13T11:27:00-05:00,2.5500000000000114,8847.039999999968,4353.0,2024-12-16T10:04:00-05:00,2.8500000000000014,8247.039999999988,4381.0,2024-12-16T10:32:00-05:00,2.6499999999999986,8647.039999999994,117.0,2024-12-13T11:28:00-05:00,7.350000000000023,-752.9600000000562,4384.0,2024-12-16T10:35:00-05:00,1.9499999999999993,10047.039999999992,4385.0,2024-12-16T10:36:00-05:00,1.8500000000000014,10247.039999999988,4386.0,2024-12-16T10:37:00-05:00,1.9000000000000004,10147.03999999999,4385.0,2024-12-16T10:36:00-05:00,1.8500000000000014,10247.039999999988,4464.0,2024-12-16T11:55:00-05:00,0.9000000000000004,12147.03999999999,4465.0,2024-12-16T11:56:00-05:00,0.7999999999999998,12347.03999999999,4466.0,2024-12-16T11:57:00-05:00,0.8500000000000005,12247.03999999999,4465.0,2024-12-16T11:56:00-05:00,0.7999999999999998,12347.03999999999,4500.0,2024-12-16T12:31:00-05:00,0.40000000000000036,13147.03999999999,4501.0,2024-12-16T12:32:00-05:00,0.44999999999999973,13047.03999999999,4508.0,2024-12-16T12:39:00-05:00,0.3250000000000002,13297.03999999999,4501.0,2024-12-16T12:32:00-05:00,0.44999999999999973,13047.03999999999,2300
2024-12-16,2024-12-18,2,5.0,2024-12-16T09:31:00-05:00,4.950000000000017,NDXP  241218P21940000,NDXP  241218P21930000,development,False,False,0,0,0,22,0,1175,available,False,2024-12-16T09:31:00-05:00,2024-12-18T15:59:00-05:00,10.0,-10252.959999999965,1.0,last_observed_quote_not_settlement,1036.0,90,28,5.25,-852.9599999999652,2024-12-16T09:32:00-05:00,0.0,5.000000000000014,-352.9599999999936,2024-12-16T09:33:00-05:00,0.0,4.549999999999997,547.0400000000404,2024-12-16T09:36:00-05:00,0.0,4.700000000000003,247.0400000000291,2024-12-16T09:41:00-05:00,0.0,4.900000000000006,-152.95999999997656,2024-12-16T09:46:00-05:00,0.0,4.049999999999997,1547.0400000000404,2024-12-16T10:01:00-05:00,0.0,3.8999999999999915,1847.0400000000518,2024-12-16T10:31:00-05:00,0.0,3.200000000000003,3247.040000000029,2024-12-16T11:31:00-05:00,0.0,2.950000000000003,3747.040000000029,2024-12-16T16:00:00-05:00,0.0,3.75,2147.040000000035,2024-12-17T16:00:00-05:00,0.0,,,2024-12-18T15:59:00-05:00,60.0,,,,,0.0,hit,0.0,hit,31.0,hit,183.0,hit,1539.0,hit,,never_hit,,never_hit,18.0,hit,18.0,hit,3155.0,hit,3158.0,hit,3165.0,hit,3178.0,hit,6.75,9,False,False,False,False,,6.75,10,False,False,False,False,,,,True,True,True,False,3.8500000000000156,,,True,True,True,False,3.8500000000000156,188.0,2024-12-16T12:39:00-05:00,2.8999999999999915,3847.040000000052,189.0,2024-12-16T12:40:00-05:00,2.799999999999997,4047.040000000041,190.0,2024-12-16T12:41:00-05:00,2.8499999999999943,3947.0400000000463,189.0,2024-12-16T12:40:00-05:00,2.799999999999997,4047.040000000041,1539.0,2024-12-17T11:10:00-05:00,1.1000000000000014,7447.040000000032,,,,,,,,,1540.0,2024-12-17T11:11:00-05:00,3.1000000000000014,3447.040000000032,,,,,,,,,,,,,,,,,,,,,,,,,,,,,,,,,2301
2024-12-16,2024-12-18,2,6.0,2024-12-16T09:31:00-05:00,6.050000000000011,NDXP  241218P22030000,NDXP  241218P22020000,development,False,False,0,0,0,30,0,1167,available,False,2024-12-16T09:31:00-05:00,2024-12-18T15:59:00-05:00,10.0,-8052.959999999977,1.0,last_observed_quote_not_settlement,1036.0,139,73,7.349999999999994,-2852.959999999965,2024-12-16T09:32:00-05:00,0.0,6.800000000000011,-1752.9599999999994,2024-12-16T09:33:00-05:00,0.0,6.300000000000011,-752.9599999999994,2024-12-16T09:36:00-05:00,0.0,6.0,-152.95999999997656,2024-12-16T09:41:00-05:00,0.0,6.199999999999989,-552.9599999999539,2024-12-16T09:46:00-05:00,0.0,5.400000000000006,1047.040000000012,2024-12-16T10:01:00-05:00,0.0,5.25,1347.0400000000234,2024-12-16T10:31:00-05:00,0.0,4.550000000000011,2747.040000000001,2024-12-16T11:31:00-05:00,0.0,3.8499999999999943,4147.0400000000345,2024-12-16T16:00:00-05:00,0.0,4.650000000000006,2547.0400000000122,2024-12-17T16:00:00-05:00,0.0,,,2024-12-18T15:59:00-05:00,60.0,,,,,20.0,hit,53.0,hit,149.0,hit,1576.0,hit,3254.0,hit,3254.0,hit,,never_hit,1.0,hit,1.0,hit,1.0,hit,6.0,hit,3118.0,hit,3156.0,hit,8.399999999999977,32,True,True,False,False,,10.0,130,True,True,True,True,,10.0,130,True,True,True,True,,,,True,True,True,False,5.250000000000057,1576.0,2024-12-17T11:47:00-05:00,2.450000000000003,6947.040000000018,,,,,,,,,1577.0,2024-12-17T11:48:00-05:00,4.200000000000003,3447.0400000000177,3254.0,2024-12-18T15:45:00-05:00,0.7999999999999545,10247.040000000115,,,,,,,,,3255.0,2024-12-18T15:46:00-05:00,10.0,-8052.959999999977,3254.0,2024-12-18T15:45:00-05:00,0.7999999999999545,10247.040000000115,,,,,,,,,3255.0,2024-12-18T15:46:00-05:00,10.0,-8052.959999999977,,,,,,,,,,,,,,,,,2302
2024-12-16,2024-12-18,2,7.0,2024-12-16T09:31:00-05:00,7.100000000000023,NDXP  241218P22090000,NDXP  241218P22080000,development,False,False,0,0,1,16,0,1180,available,False,2024-12-16T09:31:00-05:00,2024-12-18T15:59:00-05:00,10.0,-5952.959999999955,1.0,last_observed_quote_not_settlement,1036.0,268,97,6.100000000000023,1747.0400000000006,2024-12-16T09:32:00-05:00,0.0,7.299999999999983,-652.9599999999198,2024-12-16T09:33:00-05:00,0.0,7.400000000000006,-852.9599999999652,2024-12-16T09:36:00-05:00,0.0,7.499999999999972,-1052.959999999897,2024-12-16T09:41:00-05:00,0.0,7.100000000000023,-252.9599999999993,2024-12-16T09:46:00-05:00,0.0,6.399999999999977,1147.0400000000916,2024-12-16T10:01:00-05:00,0.0,3.8499999999999943,6247.040000000057,2024-12-16T10:31:00-05:00,0.0,5.550000000000011,2847.0400000000236,2024-12-16T11:31:00-05:00,0.0,4.400000000000006,5147.0400000000345,2024-12-16T16:00:00-05:00,0.0,5.399999999999977,3147.040000000092,2024-12-17T16:00:00-05:00,0.0,,,2024-12-18T15:59:00-05:00,60.0,,,,,20.0,hit,60.0,hit,60.0,hit,2954.0,hit,,never_hit,,never_hit,,never_hit,21.0,hit,21.0,hit,0.0,hit,21.0,hit,3118.0,hit,3155.0,hit,8.599999999999994,61,True,True,False,False,,,,True,True,True,False,4.40000000000002,,,True,True,True,False,4.40000000000002,,,True,True,True,False,4.40000000000002,2954.0,2024-12-18T10:45:00-05:00,2.700000000000003,8547.04000000004,,,,,,,,,2955.0,2024-12-18T10:46:00-05:00,5.950000000000017,2047.0400000000122,,,,,,,,,,,,,,,,,,,,,,,,,,,,,,,,,,,,,,,,,,,,,,,,,2303
2024-12-16,2024-12-19,3,5.0,2024-12-16T09:31:00-05:00,4.949999999999989,NDXP  241219P21960000,NDXP  241219P21950000,development,False,False,0,0,0,74,0,1528,available,False,2024-12-16T09:31:00-05:00,2024-12-19T15:57:00-05:00,10.0,-10252.960000000021,3.0,last_observed_quote_not_settlement,1038.0,428,42,4.650000000000006,347.0399999999666,2024-12-16T09:32:00-05:00,0.0,5.050000000000011,-452.9600000000448,2024-12-16T09:33:00-05:00,0.0,5.25,-852.9600000000221,2024-12-16T09:36:00-05:00,0.0,4.850000000000023,-52.9600000000675,2024-12-16T09:41:00-05:00,0.0,5.099999999999994,-552.9600000000107,2024-12-16T09:46:00-05:00,0.0,4.350000000000023,947.0399999999324,2024-12-16T10:01:00-05:00,0.0,4.349999999999994,947.0399999999893,2024-12-16T10:31:00-05:00,0.0,3.8499999999999943,1947.0399999999893,2024-12-16T11:31:00-05:00,0.0,5.300000000000011,-952.9600000000448,2024-12-16T16:00:00-05:00,0.0,4.349999999999994,947.0399999999893,2024-12-17T16:00:00-05:00,0.0,9.799999999999955,-9952.959999999932,2024-12-18T16:00:00-05:00,0.0,,,2024-12-19T15:57:00-05:00,180.0,0.0,hit,0.0,hit,55.0,hit,230.0,hit,2954.0,hit,3273.0,hit,,never_hit,6.0,hit,1800.0,hit,1800.0,hit,3160.0,hit,3169.0,hit,3197.0,hit,5.649999999999977,17,False,False,False,False,,7.25,35,True,False,False,False,,10.0,143,True,True,True,True,,,,True,True,True,False,4.300000000000011,235.0,2024-12-16T13:26:00-05:00,2.9000000000000057,3847.0399999999668,236.0,2024-12-16T13:27:00-05:00,2.9000000000000057,3847.0399999999668,237.0,2024-12-16T13:28:00-05:00,2.9000000000000057,3847.0399999999668,236.0,2024-12-16T13:27:00-05:00,2.9000000000000057,3847.0399999999668,2954.0,2024-12-18T10:45:00-05:00,1.4499999999999886,6747.040000000001,,,,,,,,,2955.0,2024-12-18T10:46:00-05:00,3.799999999999997,2047.0399999999836,3273.0,2024-12-18T16:04:00-05:00,0.6499999999999773,8347.040000000025,,,,,,,,,,,,,,,,,,,,,,,,,,,,,2304
2024-12-16,2024-12-19,3,6.0,2024-12-16T09:31:00-05:00,5.950000000000017,NDXP  241219P22020000,NDXP  241219P22010000,development,False,False,0,0,1,65,0,1536,available,False,2024-12-16T09:31:00-05:00,2024-12-19T16:00:00-05:00,10.0,-8252.959999999965,0.0,last_observed_quote_not_settlement,1037.0,415,33,6.049999999999983,-452.9599999999311,2024-12-16T09:32:00-05:00,0.0,5.399999999999977,847.0400000000802,2024-12-16T09:33:00-05:00,0.0,5.249999999999972,1147.0400000000916,2024-12-16T09:36:00-05:00,0.0,5.049999999999983,1547.0400000000689,2024-12-16T09:41:00-05:00,0.0,5.949999999999989,-252.95999999994245,2024-12-16T09:46:00-05:00,0.0,5.150000000000034,1347.0399999999665,2024-12-16T10:01:00-05:00,0.0,5.599999999999994,447.0400000000462,2024-12-16T10:31:00-05:00,0.0,4.5,2647.040000000035,2024-12-16T11:31:00-05:00,0.0,5.8999999999999915,-152.95999999994814,2024-12-16T16:00:00-05:00,0.0,5.149999999999977,1347.0400000000802,2024-12-17T16:00:00-05:00,0.0,9.899999999999977,-8152.959999999922,2024-12-18T16:00:00-05:00,0.0,10.0,-8252.959999999965,2024-12-19T16:00:00-05:00,0.0,2.0,hit,24.0,hit,187.0,hit,207.0,hit,1510.0,hit,,never_hit,,never_hit,8.0,hit,9.0,hit,9.0,hit,3160.0,hit,3165.0,hit,3186.0,hit,7.599999999999994,11,True,False,False,False,,7.599999999999994,14,True,False,False,False,,,,True,True,True,False,4.750000000000028,,,True,True,True,False,4.750000000000028,207.0,2024-12-16T12:58:00-05:00,2.9000000000000057,5847.040000000024,,,,,,,,,208.0,2024-12-16T12:59:00-05:00,4.0,3647.040000000035,1510.0,2024-12-17T10:41:00-05:00,1.1999999999999886,9247.040000000059,,,,,,,,,1511.0,2024-12-17T10:42:00-05:00,5.050000000000011,1547.040000000012,,,,,,,,,,,,,,,,,,,,,,,,,,,,,,,,,2305
2024-12-16,2024-12-19,3,7.0,2024-12-16T09:31:00-05:00,7.049999999999983,NDXP  241219P22100000,NDXP  241219P22090000,development,False,False,0,0,0,75,0,1527,available,False,2024-12-16T09:31:00-05:00,2024-12-19T16:00:00-05:00,10.0,-6052.960000000034,0.0,last_observed_quote_not_settlement,1037.0,481,143,7.100000000000023,-352.9600000000789,2024-12-16T09:32:00-05:00,0.0,6.349999999999994,1147.039999999978,2024-12-16T09:33:00-05:00,0.0,7.050000000000011,-252.96000000005614,2024-12-16T09:36:00-05:00,0.0,6.800000000000011,247.03999999994383,2024-12-16T09:41:00-05:00,0.0,8.75,-3652.960000000035,2024-12-16T09:46:00-05:00,0.0,5.949999999999989,1947.0399999999893,2024-12-16T10:01:00-05:00,0.0,6.150000000000006,1547.0399999999552,2024-12-16T10:31:00-05:00,0.0,5.300000000000011,3247.039999999944,2024-12-16T11:31:00-05:00,0.0,4.599999999999994,4647.039999999978,2024-12-16T16:00:00-05:00,0.0,5.700000000000017,2447.0399999999327,2024-12-17T16:00:00-05:00,0.0,,,2024-12-18T15:57:00-05:00,180.0,10.0,-6052.960000000034,2024-12-19T16:00:00-05:00,0.0,32.0,hit,37.0,hit,1508.0,hit,1760.0,hit,3255.0,hit,3255.0,hit,3255.0,hit,3.0,hit,15.0,hit,0.0,hit,15.0,hit,1776.0,hit,1798.0,hit,8.75,63,True,True,False,False,,10.0,195,True,True,True,True,,10.0,195,True,True,True,True,,10.0,195,True,True,True,True,,3255.0,2024-12-18T15:46:00-05:00,0.0,13847.039999999968,,,,,,,,,3256.0,2024-12-18T15:47:00-05:00,9.899999999999977,-5952.95999999999,3255.0,2024-12-18T15:46:00-05:00,0.0,13847.039999999968,,,,,,,,,3256.0,2024-12-18T15:47:00-05:00,9.899999999999977,-5952.95999999999,3255.0,2024-12-18T15:46:00-05:00,0.0,13847.039999999968,,,,,,,,,3256.0,2024-12-18T15:47:00-05:00,9.899999999999977,-5952.95999999999,3255.0,2024-12-18T15:46:00-05:00,0.0,13847.039999999968,,,,,,,,,3256.0,2024-12-18T15:47:00-05:00,9.899999999999977,-5952.95999999999,2306
2024-12-17,2024-12-19,2,5.0,2024-12-17T09:31:00-05:00,4.950000000000017,NDXP  241219P22030000,NDXP  241219P22020000,development,False,False,0,0,1,85,0,1112,available,False,2024-12-17T09:31:00-05:00,2024-12-19T16:00:00-05:00,10.0,-10252.959999999965,0.0,last_observed_quote_not_settlement,1038.0,801,95,5.850000000000023,-2052.9600000000105,2024-12-17T09:32:00-05:00,0.0,4.349999999999994,947.0400000000461,2024-12-17T09:33:00-05:00,0.0,4.75,147.0400000000348,2024-12-17T09:36:00-05:00,0.0,4.550000000000011,547.040000000012,2024-12-17T09:41:00-05:00,0.0,4.400000000000006,847.0400000000234,2024-12-17T09:46:00-05:00,0.0,5.150000000000006,-652.9599999999766,2024-12-17T10:01:00-05:00,0.0,6.249999999999972,-2852.959999999908,2024-12-17T10:31:00-05:00,0.0,4.25,1147.0400000000348,2024-12-17T11:31:00-05:00,0.0,5.350000000000023,-1052.9600000000107,2024-12-17T16:00:00-05:00,0.0,,,2024-12-18T15:59:00-05:00,60.0,10.0,-10252.959999999965,2024-12-19T16:00:00-05:00,0.0,,,,,0.0,hit,0.0,hit,16.0,hit,99.0,hit,1814.0,hit,1814.0,hit,,never_hit,1.0,hit,29.0,hit,32.0,hit,1718.0,hit,1765.0,hit,1765.0,hit,7.550000000000011,71,True,False,False,False,,10.0,526,True,True,True,True,,10.0,526,True,True,True,True,,,,True,True,True,False,4.349999999999994,99.0,2024-12-17T11:10:00-05:00,2.3499999999999943,4947.040000000046,,,,,,,,,100.0,2024-12-17T11:11:00-05:00,4.400000000000006,847.0400000000234,1814.0,2024-12-18T15:45:00-05:00,0.6000000000000227,8447.03999999999,,,,,,,,,1815.0,2024-12-18T15:46:00-05:00,9.800000000000068,-9952.960000000103,1814.0,2024-12-18T15:45:00-05:00,0.6000000000000227,8447.03999999999,,,,,,,,,1815.0,2024-12-18T15:46:00-05:00,9.800000000000068,-9952.960000000103,,,,,,,,,,,,,,,,,2307
2024-12-17,2024-12-19,2,6.0,2024-12-17T09:31:00-05:00,6.050000000000011,NDXP  241219P22100000,NDXP  241219P22090000,development,False,False,0,0,0,75,0,1123,available,False,2024-12-17T09:31:00-05:00,2024-12-19T16:00:00-05:00,10.0,-8052.959999999977,0.0,last_observed_quote_not_settlement,1037.0,728,176,4.349999999999994,3147.040000000035,2024-12-17T09:32:00-05:00,0.0,6.049999999999983,-252.95999999994245,2024-12-17T09:33:00-05:00,0.0,4.099999999999994,3647.040000000035,2024-12-17T09:36:00-05:00,0.0,8.25,-4652.959999999978,2024-12-17T09:41:00-05:00,0.0,5.449999999999989,947.0400000000461,2024-12-17T09:46:00-05:00,0.0,6.549999999999983,-1252.9599999999425,2024-12-17T10:01:00-05:00,0.0,6.199999999999989,-552.9599999999539,2024-12-17T10:31:00-05:00,0.0,5.699999999999989,447.0400000000462,2024-12-17T11:31:00-05:00,0.0,5.700000000000017,447.03999999998933,2024-12-17T16:00:00-05:00,0.0,,,2024-12-18T15:57:00-05:00,180.0,10.0,-8052.959999999977,2024-12-19T16:00:00-05:00,0.0,,,,,1.0,hit,1.0,hit,68.0,hit,320.0,hit,1815.0,hit,1815.0,hit,1815.0,hit,3.0,hit,10.0,hit,10.0,hit,10.0,hit,336.0,hit,358.0,hit,8.650000000000006,103,True,True,False,False,,10.0,439,True,True,True,True,,10.0,439,True,True,True,True,,10.0,439,True,True,True,True,,1815.0,2024-12-18T15:46:00-05:00,0.0,11847.040000000025,,,,,,,,,1816.0,2024-12-18T15:47:00-05:00,9.899999999999977,-7952.959999999933,1815.0,2024-12-18T15:46:00-05:00,0.0,11847.040000000025,,,,,,,,,1816.0,2024-12-18T15:47:00-05:00,9.899999999999977,-7952.959999999933,1815.0,2024-12-18T15:46:00-05:00,0.0,11847.040000000025,,,,,,,,,1816.0,2024-12-18T15:47:00-05:00,9.899999999999977,-7952.959999999933,1815.0,2024-12-18T15:46:00-05:00,0.0,11847.040000000025,,,,,,,,,1816.0,2024-12-18T15:47:00-05:00,9.899999999999977,-7952.959999999933,2308
2024-12-17,2024-12-19,2,7.0,2024-12-17T09:31:00-05:00,6.949999999999989,NDXP  241219P22260000,NDXP  241219P22250000,development,False,False,0,0,1,70,0,1127,available,False,2024-12-17T09:31:00-05:00,2024-12-19T16:00:00-05:00,10.0,-6252.960000000023,0.0,last_observed_quote_not_settlement,1037.0,1037,51,8.049999999999955,-2452.9599999999327,2024-12-17T09:32:00-05:00,0.0,7.600000000000023,-1552.9600000000676,2024-12-17T09:33:00-05:00,0.0,8.150000000000034,-2652.960000000092,2024-12-17T09:36:00-05:00,0.0,7.899999999999977,-2152.9599999999764,2024-12-17T09:41:00-05:00,0.0,7.5,-1352.960000000022,2024-12-17T09:46:00-05:00,0.0,8.149999999999977,-2652.959999999978,2024-12-17T10:01:00-05:00,0.0,8.099999999999966,-2552.9599999999555,2024-12-17T10:31:00-05:00,0.0,7.649999999999977,-1652.9599999999766,2024-12-17T11:31:00-05:00,0.0,7.600000000000023,-1552.9600000000676,2024-12-17T16:00:00-05:00,0.0,7.900000000000091,-2152.9600000002038,2024-12-18T16:00:00-05:00,0.0,10.0,-6252.960000000023,2024-12-19T16:00:00-05:00,0.0,,,,,31.0,hit,31.0,hit,1736.0,hit,1807.0,hit,1839.0,hit,,never_hit,,never_hit,1.0,hit,1.0,hit,1.0,hit,1.0,hit,39.0,hit,39.0,hit,10.0,696,True,True,True,True,,10.0,717,True,True,True,True,,,,True,True,True,False,5.499999999999943,,,True,True,True,False,5.499999999999943,1807.0,2024-12-18T15:38:00-05:00,2.199999999999932,9247.040000000115,,,,,,,,,1808.0,2024-12-18T15:39:00-05:00,10.0,-6252.960000000023,1839.0,2024-12-18T16:10:00-05:00,1.4500000000000455,10747.039999999888,,,,,,,,,1840.0,2024-12-18T16:11:00-05:00,9.950000000000045,-6252.960000000023,,,,,,,,,,,,,,,,,,,,,,,,,,,,,,,,,2309
2024-12-20,2024-12-23,3,5.0,2024-12-20T09:31:00-05:00,5.149999999999977,NDXP  241223P21000000,NDXP  241223P20990000,development,False,False,0,0,0,13,0,782,available,False,2024-12-20T09:31:00-05:00,2024-12-23T15:58:00-05:00,0.0,10047.039999999955,2.0,last_observed_quote_not_settlement,3916.0,9,13,6.050000000000011,-2052.9600000000673,2024-12-20T09:32:00-05:00,0.0,3.1000000000000227,3847.03999999991,2024-12-20T09:33:00-05:00,0.0,5.050000000000011,-52.9600000000675,2024-12-20T09:36:00-05:00,0.0,4.799999999999983,447.03999999998933,2024-12-20T09:41:00-05:00,0.0,4.900000000000006,247.03999999994383,2024-12-20T09:46:00-05:00,0.0,4.599999999999994,847.0399999999665,2024-12-20T10:01:00-05:00,0.0,2.1499999999999986,5747.039999999958,2024-12-20T10:31:00-05:00,0.0,0.9500000000000028,8147.039999999949,2024-12-20T11:31:00-05:00,0.0,,,2024-12-20T15:59:00-05:00,60.0,,,2024-12-20T16:15:00-05:00,85500.0,,,2024-12-20T16:15:00-05:00,171900.0,,,2024-12-23T15:58:00-05:00,120.0,0.0,hit,2.0,hit,2.0,hit,56.0,hit,62.0,hit,111.0,hit,167.0,hit,1.0,hit,24.0,hit,,never_hit,,never_hit,,never_hit,,never_hit,6.800000000000011,9,False,False,False,False,,6.800000000000011,9,False,False,False,False,,6.800000000000011,9,False,False,False,False,,6.800000000000011,9,False,False,False,False,,57.0,2024-12-20T10:28:00-05:00,2.8500000000000085,4347.039999999938,58.0,2024-12-20T10:29:00-05:00,2.6500000000000057,4747.039999999944,59.0,2024-12-20T10:30:00-05:00,2.3499999999999943,5347.039999999966,58.0,2024-12-20T10:29:00-05:00,2.6500000000000057,4747.039999999944,62.0,2024-12-20T10:33:00-05:00,1.8999999999999986,6247.039999999958,74.0,2024-12-20T10:45:00-05:00,1.8999999999999915,6247.039999999973,75.0,2024-12-20T10:46:00-05:00,1.8999999999999986,6247.039999999958,63.0,2024-12-20T10:34:00-05:00,2.299999999999997,5447.039999999961,111.0,2024-12-20T11:22:00-05:00,0.9499999999999993,8147.039999999956,126.0,2024-12-20T11:37:00-05:00,0.5499999999999972,8947.039999999963,127.0,2024-12-20T11:38:00-05:00,0.75,8547.039999999955,112.0,2024-12-20T11:23:00-05:00,1.25,7547.039999999955,177.0,2024-12-20T12:28:00-05:00,0.4499999999999993,9147.039999999957,180.0,2024-12-20T12:31:00-05:00,0.3999999999999986,9247.039999999959,4322.0,2024-12-23T09:33:00-05:00,0.3000000000000007,9447.039999999955,178.0,2024-12-20T12:29:00-05:00,0.45000000000000107,9147.039999999954,2310
2024-12-20,2024-12-23,3,6.0,2024-12-20T09:31:00-05:00,6.0,NDXP  241223P21090000,NDXP  241223P21080000,development,False,False,0,0,0,12,0,783,available,False,2024-12-20T09:31:00-05:00,2024-12-23T16:00:00-05:00,2.0,7747.040000000001,0.0,last_observed_quote_not_settlement,3916.0,9,10,5.800000000000011,147.03999999997797,2024-12-20T09:32:00-05:00,0.0,5.150000000000006,1447.0399999999893,2024-12-20T09:33:00-05:00,0.0,6.700000000000017,-1652.9600000000335,2024-12-20T09:36:00-05:00,0.0,6.0,-252.9599999999993,2024-12-20T09:41:00-05:00,0.0,5.699999999999989,347.04000000002344,2024-12-20T09:46:00-05:00,0.0,7.549999999999983,-3352.959999999965,2024-12-20T10:01:00-05:00,0.0,3.4000000000000057,4947.039999999989,2024-12-20T10:31:00-05:00,0.0,1.4499999999999957,8847.04000000001,2024-12-20T11:31:00-05:00,0.0,3.1999999999999957,5347.040000000009,2024-12-20T16:00:00-05:00,0.0,,,2024-12-20T16:15:00-05:00,85500.0,,,2024-12-20T16:15:00-05:00,171900.0,2.0,7747.040000000001,2024-12-23T16:00:00-05:00,0.0,2.0,hit,9.0,hit,11.0,hit,11.0,hit,57.0,hit,129.0,hit,4322.0,hit,5.0,hit,30.0,hit,30.0,hit,,never_hit,,never_hit,,never_hit,6.700000000000017,3,False,False,False,False,,7.549999999999983,9,True,False,False,False,,7.549999999999983,9,True,False,False,False,,7.549999999999983,9,True,False,False,False,,46.0,2024-12-20T10:17:00-05:00,2.5,6747.040000000001,63.0,2024-12-20T10:34:00-05:00,2.700000000000017,6347.039999999966,71.0,2024-12-20T10:42:00-05:00,2.250000000000014,7247.039999999973,47.0,2024-12-20T10:18:00-05:00,4.699999999999989,2347.0400000000236,57.0,2024-12-20T10:28:00-05:00,1.6499999999999773,8447.040000000046,102.0,2024-12-20T11:13:00-05:00,1.9000000000000057,7947.039999999989,103.0,2024-12-20T11:14:00-05:00,1.8500000000000085,8047.039999999984,58.0,2024-12-20T10:29:00-05:00,3.499999999999986,4747.040000000029,129.0,2024-12-20T11:40:00-05:00,0.9000000000000021,9947.039999999997,132.0,2024-12-20T11:43:00-05:00,0.9000000000000021,9947.039999999997,133.0,2024-12-20T11:44:00-05:00,0.8000000000000007,10147.04,130.0,2024-12-20T11:41:00-05:00,1.0,9747.04,4349.0,2024-12-23T10:00:00-05:00,0.0,11747.04,4414.0,2024-12-23T11:05:00-05:00,0.39999999999999947,10947.040000000003,4415.0,2024-12-23T11:06:00-05:00,0.40000000000000036,10947.04,4350.0,2024-12-23T10:01:00-05:00,0.9500000000000011,9847.039999999999,2311
2024-12-20,2024-12-23,3,7.0,2024-12-20T09:31:00-05:00,7.0,NDXP  241223P21330000,NDXP  241223P21320000,development,False,False,0,0,1,11,0,783,available,False,2024-12-20T09:31:00-05:00,2024-12-23T16:00:00-05:00,0.0,13747.04,0.0,last_observed_quote_not_settlement,3916.0,49,5,8.0,-2252.960000000001,2024-12-20T09:32:00-05:00,0.0,8.399999999999977,-3052.9599999999555,2024-12-20T09:33:00-05:00,0.0,7.600000000000023,-1452.9600000000448,2024-12-20T09:36:00-05:00,0.0,7.699999999999989,-1652.9599999999766,2024-12-20T09:41:00-05:00,0.0,7.899999999999977,-2052.9599999999537,2024-12-20T09:46:00-05:00,0.0,8.100000000000023,-2452.9600000000464,2024-12-20T10:01:00-05:00,0.0,6.300000000000011,1147.039999999978,2024-12-20T10:31:00-05:00,0.0,3.549999999999997,6647.040000000006,2024-12-20T11:31:00-05:00,0.0,6.700000000000003,347.039999999995,2024-12-20T16:00:00-05:00,0.0,,,2024-12-20T16:15:00-05:00,85500.0,,,2024-12-20T16:15:00-05:00,171900.0,0.0,13747.04,2024-12-23T16:00:00-05:00,0.0,62.0,hit,66.0,hit,107.0,hit,114.0,hit,114.0,hit,114.0,hit,4543.0,hit,1.0,hit,1.0,hit,0.0,hit,1.0,hit,20.0,hit,,never_hit,9.0,48,True,True,True,True,,9.0,48,True,True,True,True,,9.0,48,True,True,True,True,,9.0,49,True,True,True,True,,114.0,2024-12-20T11:25:00-05:00,0.9000000000000057,11947.03999999999,128.0,2024-12-20T11:39:00-05:00,2.8000000000000114,8147.039999999978,129.0,2024-12-20T11:40:00-05:00,2.6499999999999915,8447.040000000019,115.0,2024-12-20T11:26:00-05:00,3.549999999999997,6647.040000000006,114.0,2024-12-20T11:25:00-05:00,0.9000000000000057,11947.03999999999,4457.0,2024-12-23T11:48:00-05:00,1.6999999999999993,10347.040000000003,4458.0,2024-12-23T11:49:00-05:00,1.799999999999999,10147.040000000005,115.0,2024-12-20T11:26:00-05:00,3.549999999999997,6647.040000000006,114.0,2024-12-20T11:25:00-05:00,0.9000000000000057,11947.03999999999,4532.0,2024-12-23T13:03:00-05:00,0.7999999999999998,12147.040000000003,4536.0,2024-12-23T13:07:00-05:00,0.7999999999999998,12147.040000000003,115.0,2024-12-20T11:26:00-05:00,3.549999999999997,6647.040000000006,4543.0,2024-12-23T13:14:00-05:00,0.44999999999999973,12847.04,4556.0,2024-12-23T13:27:00-05:00,0.3999999999999999,12947.04,4566.0,2024-12-23T13:37:00-05:00,0.3999999999999999,12947.04,4544.0,2024-12-23T13:15:00-05:00,0.6000000000000005,12547.04,2312
2024-12-23,2024-12-26,3,5.0,2024-12-23T09:31:00-05:00,4.949999999999989,NDXP  241226P21430000,NDXP  241226P21420000,development,False,False,0,0,0,2,0,1017,available,False,2024-12-23T09:31:00-05:00,2024-12-26T16:00:00-05:00,9.75,-9852.960000000023,0.0,last_observed_quote_not_settlement,2657.0,102,35,3.6999999999999886,2247.040000000001,2024-12-23T09:32:00-05:00,0.0,3.4499999999999886,2747.040000000001,2024-12-23T09:33:00-05:00,0.0,4.800000000000011,47.039999999955235,2024-12-23T09:36:00-05:00,0.0,5.050000000000011,-452.9600000000448,2024-12-23T09:41:00-05:00,0.0,4.800000000000011,47.039999999955235,2024-12-23T09:46:00-05:00,0.0,5.349999999999994,-1052.9600000000107,2024-12-23T10:01:00-05:00,0.0,6.2000000000000455,-2752.960000000113,2024-12-23T10:31:00-05:00,0.0,5.050000000000011,-452.9600000000448,2024-12-23T11:31:00-05:00,0.0,3.1999999999999886,3247.040000000001,2024-12-23T16:00:00-05:00,0.0,,,2024-12-24T13:14:00-05:00,9960.0,,,2024-12-24T13:14:00-05:00,96360.0,9.75,-9852.960000000023,2024-12-26T16:00:00-05:00,0.0,0.0,hit,0.0,hit,1.0,hit,231.0,hit,309.0,hit,309.0,hit,1543.0,hit,18.0,hit,21.0,hit,21.0,hit,21.0,hit,4709.0,hit,4709.0,hit,8.950000000000017,101,True,True,False,False,,8.950000000000017,101,True,True,False,False,,8.950000000000017,101,True,True,False,False,,8.950000000000017,102,True,True,False,False,,231.0,2024-12-23T13:22:00-05:00,2.749999999999986,4147.040000000006,1441.0,2024-12-24T09:32:00-05:00,2.25,5147.039999999978,1442.0,2024-12-24T09:33:00-05:00,2.3500000000000014,4947.039999999975,232.0,2024-12-23T13:23:00-05:00,4.0,1647.039999999978,309.0,2024-12-23T14:40:00-05:00,0.9499999999999886,7747.040000000001,1451.0,2024-12-24T09:42:00-05:00,1.6999999999999993,6247.039999999979,1455.0,2024-12-24T09:46:00-05:00,1.5499999999999972,6547.039999999984,310.0,2024-12-23T14:41:00-05:00,3.6000000000000085,2447.039999999961,309.0,2024-12-23T14:40:00-05:00,0.9499999999999886,7747.040000000001,1498.0,2024-12-24T10:29:00-05:00,0.9000000000000021,7847.039999999974,1499.0,2024-12-24T10:30:00-05:00,0.9499999999999993,7747.039999999979,310.0,2024-12-23T14:41:00-05:00,3.6000000000000085,2447.039999999961,1543.0,2024-12-24T11:14:00-05:00,0.4499999999999993,8747.03999999998,1574.0,2024-12-24T11:45:00-05:00,0.40000000000000036,8847.039999999979,1575.0,2024-12-24T11:46:00-05:00,0.4499999999999993,8747.03999999998,1544.0,2024-12-24T11:15:00-05:00,0.5,8647.039999999979,2313
2024-12-23,2024-12-26,3,6.0,2024-12-23T09:31:00-05:00,5.900000000000006,NDXP  241226P21540000,NDXP  241226P21530000,development,False,False,0,0,0,1,0,1018,available,False,2024-12-23T09:31:00-05:00,2024-12-26T16:00:00-05:00,0.0,11547.040000000014,0.0,last_observed_quote_not_settlement,2657.0,179,73,6.300000000000011,-1052.9600000000107,2024-12-23T09:32:00-05:00,0.0,6.099999999999966,-652.9599999999198,2024-12-23T09:33:00-05:00,0.0,5.0,1547.040000000012,2024-12-23T09:36:00-05:00,0.0,6.200000000000017,-852.9600000000221,2024-12-23T09:41:00-05:00,0.0,6.199999999999989,-852.9599999999652,2024-12-23T09:46:00-05:00,0.0,6.400000000000006,-1252.9599999999994,2024-12-23T10:01:00-05:00,0.0,7.350000000000023,-3152.9600000000332,2024-12-23T10:31:00-05:00,0.0,6.600000000000023,-1652.9600000000335,2024-12-23T11:31:00-05:00,0.0,4.900000000000006,1747.0400000000006,2024-12-23T16:00:00-05:00,0.0,,,2024-12-24T13:14:00-05:00,9960.0,,,2024-12-24T13:14:00-05:00,96360.0,0.0,11547.040000000014,2024-12-26T16:00:00-05:00,0.0,5.0,hit,5.0,hit,16.0,hit,16.0,hit,1478.0,hit,1572.0,hit,4376.0,hit,3.0,hit,3.0,hit,3.0,hit,68.0,hit,68.0,hit,68.0,hit,7.100000000000023,12,True,False,False,False,,10.0,179,True,True,True,True,,10.0,179,True,True,True,True,,10.0,179,True,True,True,True,,16.0,2024-12-23T09:47:00-05:00,2.849999999999966,5847.04000000008,329.0,2024-12-23T15:00:00-05:00,2.8000000000000114,5947.039999999989,1461.0,2024-12-24T09:52:00-05:00,2.8500000000000014,5847.040000000009,17.0,2024-12-23T09:48:00-05:00,6.099999999999994,-652.9599999999766,1495.0,2024-12-24T10:26:00-05:00,1.9499999999999957,7647.040000000021,1496.0,2024-12-24T10:27:00-05:00,1.9499999999999993,7647.040000000014,1497.0,2024-12-24T10:28:00-05:00,1.9499999999999957,7647.040000000021,1496.0,2024-12-24T10:27:00-05:00,1.9499999999999993,7647.040000000014,1574.0,2024-12-24T11:45:00-05:00,0.9499999999999993,9647.040000000014,1575.0,2024-12-24T11:46:00-05:00,0.9499999999999993,9647.040000000014,1604.0,2024-12-24T12:15:00-05:00,0.8500000000000014,9847.04000000001,1575.0,2024-12-24T11:46:00-05:00,0.9499999999999993,9647.040000000014,4386.0,2024-12-26T10:37:00-05:00,0.39999999999999947,10747.040000000014,4387.0,2024-12-26T10:38:00-05:00,0.2999999999999998,10947.040000000014,4388.0,2024-12-26T10:39:00-05:00,0.34999999999999964,10847.040000000014,4387.0,2024-12-26T10:38:00-05:00,0.2999999999999998,10947.040000000014,2314
2024-12-23,2024-12-26,3,7.0,2024-12-23T09:31:00-05:00,7.0,NDXP  241226P21640000,NDXP  241226P21630000,development,False,False,0,0,0,4,0,1015,available,False,2024-12-23T09:31:00-05:00,2024-12-26T15:59:00-05:00,0.024999999999999994,13697.04,1.0,last_observed_quote_not_settlement,2657.0,267,84,7.550000000000068,-1352.9600000001358,2024-12-23T09:32:00-05:00,0.0,6.949999999999989,-152.95999999997656,2024-12-23T09:33:00-05:00,0.0,7.2000000000000455,-652.9600000000903,2024-12-23T09:36:00-05:00,0.0,7.300000000000068,-852.9600000001358,2024-12-23T09:41:00-05:00,0.0,7.300000000000011,-852.9600000000221,2024-12-23T09:46:00-05:00,0.0,7.399999999999977,-1052.9599999999539,2024-12-23T10:01:00-05:00,0.0,8.400000000000034,-3052.960000000069,2024-12-23T10:31:00-05:00,0.0,7.749999999999943,-1752.9599999998857,2024-12-23T11:31:00-05:00,0.0,6.700000000000017,347.0399999999666,2024-12-23T16:00:00-05:00,0.0,,,2024-12-24T13:14:00-05:00,9960.0,,,2024-12-24T13:14:00-05:00,96360.0,,,2024-12-26T15:59:00-05:00,60.0,78.0,hit,78.0,hit,371.0,hit,1505.0,hit,1587.0,hit,4388.0,hit,4457.0,hit,1.0,hit,22.0,hit,0.0,hit,22.0,hit,52.0,hit,257.0,hit,9.800000000000011,267,True,True,True,True,,9.800000000000011,267,True,True,True,True,,9.800000000000011,267,True,True,True,True,,9.800000000000011,267,True,True,True,True,,1505.0,2024-12-24T10:36:00-05:00,2.700000000000003,8347.039999999995,1517.0,2024-12-24T10:48:00-05:00,2.750000000000007,8247.039999999988,1518.0,2024-12-24T10:49:00-05:00,2.8000000000000043,8147.039999999993,1506.0,2024-12-24T10:37:00-05:00,3.299999999999997,7147.040000000006,1603.0,2024-12-24T12:14:00-05:00,1.9499999999999993,9847.040000000003,1604.0,2024-12-24T12:15:00-05:00,1.75,10247.04,1605.0,2024-12-24T12:16:00-05:00,1.8999999999999986,9947.040000000005,1604.0,2024-12-24T12:15:00-05:00,1.75,10247.04,4408.0,2024-12-26T10:59:00-05:00,0.9499999999999993,11847.040000000003,4423.0,2024-12-26T11:14:00-05:00,0.8000000000000007,12147.04,4424.0,2024-12-26T11:15:00-05:00,0.7999999999999998,12147.040000000003,4409.0,2024-12-26T11:00:00-05:00,1.0,11747.04,4467.0,2024-12-26T11:58:00-05:00,0.3999999999999999,12947.04,4470.0,2024-12-26T12:01:00-05:00,0.3999999999999999,12947.04,4471.0,2024-12-26T12:02:00-05:00,0.37499999999999956,12997.04,4468.0,2024-12-26T11:59:00-05:00,0.4750000000000001,12797.04,2315
2024-12-24,2024-12-26,2,5.0,2024-12-24T09:31:00-05:00,5.050000000000011,NDXP  241226P21610000,NDXP  241226P21600000,development,False,False,0,0,0,6,15,608,available,False,2024-12-24T09:31:00-05:00,2024-12-26T15:59:00-05:00,0.0,9847.040000000025,1.0,last_observed_quote_not_settlement,2657.0,1,2,4.949999999999989,-52.959999999953816,2024-12-24T09:32:00-05:00,0.0,4.550000000000011,747.0400000000006,2024-12-24T09:33:00-05:00,0.0,5.049999999999997,-252.95999999997088,2024-12-24T09:36:00-05:00,0.0,4.299999999999997,1247.040000000029,2024-12-24T09:41:00-05:00,0.0,4.099999999999994,1647.0400000000348,2024-12-24T09:46:00-05:00,0.0,3.5999999999999943,2647.040000000035,2024-12-24T10:01:00-05:00,0.0,3.0999999999999943,3647.040000000035,2024-12-24T10:31:00-05:00,0.0,2.049999999999997,5747.040000000029,2024-12-24T11:31:00-05:00,0.0,,,2024-12-24T13:14:00-05:00,9960.0,,,2024-12-24T13:14:00-05:00,96360.0,,,2024-12-26T15:59:00-05:00,60.0,,,,,0.0,hit,1.0,hit,14.0,hit,34.0,hit,105.0,hit,216.0,hit,2983.0,hit,,never_hit,,never_hit,,never_hit,,never_hit,,never_hit,,never_hit,5.150000000000006,1,False,False,False,False,,5.150000000000006,1,False,False,False,False,,5.150000000000006,1,False,False,False,False,,5.150000000000006,1,False,False,False,False,,38.0,2024-12-24T10:09:00-05:00,2.9000000000000057,4047.040000000012,46.0,2024-12-24T10:17:00-05:00,2.6499999999999986,4547.040000000026,66.0,2024-12-24T10:37:00-05:00,2.9499999999999957,3947.040000000032,39.0,2024-12-24T10:10:00-05:00,3.200000000000003,3447.0400000000177,105.0,2024-12-24T11:16:00-05:00,1.9499999999999993,5947.0400000000245,106.0,2024-12-24T11:17:00-05:00,1.8500000000000014,6147.040000000021,107.0,2024-12-24T11:18:00-05:00,1.9499999999999957,5947.040000000032,106.0,2024-12-24T11:17:00-05:00,1.8500000000000014,6147.040000000021,222.0,2024-12-24T13:13:00-05:00,0.9499999999999993,7947.0400000000245,2948.0,2024-12-26T10:39:00-05:00,0.75,8347.040000000025,2949.0,2024-12-26T10:40:00-05:00,0.7999999999999998,8247.040000000025,223.0,2024-12-24T13:14:00-05:00,1.0,7847.040000000024,3011.0,2024-12-26T11:42:00-05:00,0.39999999999999947,9047.040000000025,3012.0,2024-12-26T11:43:00-05:00,0.34999999999999964,9147.040000000025,3013.0,2024-12-26T11:44:00-05:00,0.3250000000000002,9197.040000000025,3012.0,2024-12-26T11:43:00-05:00,0.34999999999999964,9147.040000000025,2316
2024-12-24,2024-12-26,2,6.0,2024-12-24T09:31:00-05:00,6.0,NDXP  241226P21670000,NDXP  241226P21660000,development,False,False,0,0,0,11,15,603,available,False,2024-12-24T09:31:00-05:00,2024-12-26T16:00:00-05:00,9.925,-8102.960000000003,0.0,last_observed_quote_not_settlement,2657.0,5,7,5.550000000000011,647.0399999999779,2024-12-24T09:32:00-05:00,0.0,5.900000000000006,-52.96000000001066,2024-12-24T09:33:00-05:00,0.0,6.599999999999966,-1452.9599999999311,2024-12-24T09:36:00-05:00,0.0,5.349999999999994,1047.040000000012,2024-12-24T09:41:00-05:00,0.0,4.849999999999994,2047.0400000000122,2024-12-24T09:46:00-05:00,0.0,4.699999999999989,2347.0400000000236,2024-12-24T10:01:00-05:00,0.0,4.1000000000000085,3547.0399999999836,2024-12-24T10:31:00-05:00,0.0,3.1000000000000014,5547.039999999998,2024-12-24T11:31:00-05:00,0.0,,,2024-12-24T13:14:00-05:00,9960.0,,,2024-12-24T13:14:00-05:00,96360.0,9.925,-8102.960000000003,2024-12-26T16:00:00-05:00,0.0,,,,,10.0,hit,11.0,hit,34.0,hit,102.0,hit,184.0,hit,3011.0,hit,3037.0,hit,5.0,hit,2901.0,hit,2901.0,hit,3269.0,hit,3269.0,hit,3269.0,hit,6.650000000000006,4,False,False,False,False,,6.650000000000006,4,False,False,False,False,,7.6499999999999915,5,True,False,False,False,,7.6499999999999915,5,True,False,False,False,,102.0,2024-12-24T11:13:00-05:00,2.6500000000000057,6447.039999999989,105.0,2024-12-24T11:16:00-05:00,2.8500000000000085,6047.039999999984,106.0,2024-12-24T11:17:00-05:00,2.8999999999999915,5947.040000000018,103.0,2024-12-24T11:14:00-05:00,3.0500000000000043,5647.039999999992,184.0,2024-12-24T12:35:00-05:00,1.3500000000000014,9047.039999999999,209.0,2024-12-24T13:00:00-05:00,1.6000000000000014,8547.039999999999,210.0,2024-12-24T13:01:00-05:00,1.7999999999999972,8147.040000000007,185.0,2024-12-24T12:36:00-05:00,3.6000000000000085,4547.039999999984,3012.0,2024-12-26T11:43:00-05:00,0.9000000000000004,9947.04,3013.0,2024-12-26T11:44:00-05:00,0.7999999999999998,10147.040000000003,3014.0,2024-12-26T11:45:00-05:00,0.8000000000000007,10147.04,3013.0,2024-12-26T11:44:00-05:00,0.7999999999999998,10147.040000000003,3043.0,2024-12-26T12:14:00-05:00,0.37499999999999956,10997.04,3044.0,2024-12-26T12:15:00-05:00,0.39999999999999947,10947.040000000003,3045.0,2024-12-26T12:16:00-05:00,0.3999999999999999,10947.04,3044.0,2024-12-26T12:15:00-05:00,0.39999999999999947,10947.040000000003,2317
2024-12-24,2024-12-26,2,7.0,2024-12-24T09:31:00-05:00,7.050000000000068,NDXP  241226P21930000,NDXP  241226P21920000,development,False,False,0,0,0,80,15,534,available,False,2024-12-24T09:31:00-05:00,2024-12-26T16:00:00-05:00,10.0,-6052.959999999864,0.0,last_observed_quote_not_settlement,2657.0,464,29,9.700000000000045,-5552.9599999999555,2024-12-24T09:32:00-05:00,0.0,9.700000000000045,-5552.9599999999555,2024-12-24T09:33:00-05:00,0.0,,,2024-12-24T09:35:00-05:00,60.0,,,2024-12-24T09:40:00-05:00,60.0,8.599999999999966,-3352.9599999997963,2024-12-24T09:46:00-05:00,0.0,9.949999999999989,-6052.959999999842,2024-12-24T10:01:00-05:00,0.0,9.150000000000034,-4452.959999999933,2024-12-24T10:31:00-05:00,0.0,9.199999999999989,-4552.959999999842,2024-12-24T11:31:00-05:00,0.0,,,2024-12-24T13:14:00-05:00,9960.0,,,2024-12-24T13:14:00-05:00,96360.0,10.0,-6052.959999999864,2024-12-26T16:00:00-05:00,0.0,,,,,24.0,hit,25.0,hit,,never_hit,,never_hit,,never_hit,,never_hit,,never_hit,1.0,hit,1.0,hit,0.0,hit,1.0,hit,1.0,hit,1.0,hit,,,True,True,True,False,2.050000000000068,,,True,True,True,False,2.050000000000068,,,True,True,True,False,2.050000000000068,,,True,True,True,False,2.050000000000068,,,,,,,,,,,,,,,,,,,,,,,,,,,,,,,,,,,,,,,,,,,,,,,,,,,,,,,,,,,,,,,,,2318
2024-12-24,2024-12-27,3,5.0,2024-12-24T09:31:00-05:00,5.0,NDXP  241227P21610000,NDXP  241227P21600000,development,False,False,0,0,0,54,0,965,available,False,2024-12-24T09:31:00-05:00,2024-12-27T16:00:00-05:00,10.0,-10152.96,0.0,last_observed_quote_not_settlement,2657.0,288,11,5.099999999999994,-452.95999999998793,2024-12-24T09:32:00-05:00,0.0,4.700000000000017,347.0399999999666,2024-12-24T09:33:00-05:00,0.0,4.300000000000011,1147.039999999978,2024-12-24T09:36:00-05:00,0.0,4.199999999999989,1347.0400000000234,2024-12-24T09:41:00-05:00,0.0,4.050000000000011,1647.039999999978,2024-12-24T09:46:00-05:00,0.0,3.5999999999999943,2547.0400000000122,2024-12-24T10:01:00-05:00,0.0,2.950000000000003,3847.039999999995,2024-12-24T10:31:00-05:00,0.0,2.4000000000000057,4947.039999999989,2024-12-24T11:31:00-05:00,0.0,,,2024-12-24T13:14:00-05:00,9960.0,,,2024-12-24T13:14:00-05:00,96360.0,1.5500000000000007,6647.039999999999,2024-12-26T16:00:00-05:00,0.0,10.0,-10152.96,2024-12-27T16:00:00-05:00,0.0,0.0,hit,0.0,hit,14.0,hit,36.0,hit,123.0,hit,123.0,hit,,never_hit,43.0,hit,43.0,hit,43.0,hit,4333.0,hit,4352.0,hit,4352.0,hit,5.25,2,False,False,False,False,,7.049999999999997,2,True,False,False,False,,7.049999999999997,2,True,False,False,False,,,,True,True,True,False,4.150000000000006,36.0,2024-12-24T10:07:00-05:00,2.8499999999999943,4047.040000000012,71.0,2024-12-24T10:42:00-05:00,2.799999999999997,4147.040000000006,72.0,2024-12-24T10:43:00-05:00,2.700000000000017,4347.039999999966,37.0,2024-12-24T10:08:00-05:00,3.1999999999999886,3347.0400000000236,123.0,2024-12-24T11:34:00-05:00,0.9499999999999957,7847.040000000009,135.0,2024-12-24T11:46:00-05:00,1.9499999999999957,5847.040000000009,136.0,2024-12-24T11:47:00-05:00,1.9499999999999957,5847.040000000009,124.0,2024-12-24T11:35:00-05:00,2.4000000000000057,4947.039999999989,123.0,2024-12-24T11:34:00-05:00,0.9499999999999957,7847.040000000009,3215.0,2024-12-26T15:06:00-05:00,0.9000000000000004,7947.04,3219.0,2024-12-26T15:10:00-05:00,0.9000000000000004,7947.04,124.0,2024-12-24T11:35:00-05:00,2.4000000000000057,4947.039999999989,,,,,,,,,,,,,,,,,2319
2024-12-24,2024-12-27,3,6.0,2024-12-24T09:31:00-05:00,6.0,NDXP  241227P21650000,NDXP  241227P21640000,development,False,False,0,0,0,91,0,928,available,False,2024-12-24T09:31:00-05:00,2024-12-27T16:00:00-05:00,10.0,-8152.96,0.0,last_observed_quote_not_settlement,2657.0,230,14,4.799999999999983,2147.040000000035,2024-12-24T09:32:00-05:00,0.0,5.049999999999983,1647.0400000000348,2024-12-24T09:33:00-05:00,0.0,4.799999999999983,2147.040000000035,2024-12-24T09:36:00-05:00,0.0,4.349999999999994,3047.0400000000122,2024-12-24T09:41:00-05:00,0.0,4.799999999999997,2147.0400000000063,2024-12-24T09:46:00-05:00,0.0,3.950000000000003,3847.039999999995,2024-12-24T10:01:00-05:00,0.0,3.5999999999999943,4547.040000000012,2024-12-24T10:31:00-05:00,0.0,2.700000000000003,6347.039999999995,2024-12-24T11:31:00-05:00,0.0,,,2024-12-24T13:14:00-05:00,9960.0,,,2024-12-24T13:14:00-05:00,96360.0,1.7999999999999972,8147.040000000007,2024-12-26T16:00:00-05:00,0.0,10.0,-8152.96,2024-12-27T16:00:00-05:00,0.0,1.0,hit,1.0,hit,28.0,hit,65.0,hit,175.0,hit,175.0,hit,175.0,hit,4324.0,hit,4324.0,hit,4324.0,hit,4334.0,hit,4351.0,hit,4359.0,hit,6.150000000000006,1,False,False,False,False,,6.150000000000006,1,False,False,False,False,,6.150000000000006,1,False,False,False,False,,6.150000000000006,1,False,False,False,False,,65.0,2024-12-24T10:36:00-05:00,2.4000000000000057,6947.039999999989,107.0,2024-12-24T11:18:00-05:00,2.79999999999999,6147.040000000021,108.0,2024-12-24T11:19:00-05:00,2.799999999999997,6147.040000000006,66.0,2024-12-24T10:37:00-05:00,3.5,4747.040000000001,175.0,2024-12-24T12:26:00-05:00,0.05000000000000426,11647.039999999994,221.0,2024-12-24T13:12:00-05:00,1.9000000000000057,7947.039999999989,222.0,2024-12-24T13:13:00-05:00,1.9499999999999957,7847.040000000009,176.0,2024-12-24T12:27:00-05:00,2.5,6747.040000000001,175.0,2024-12-24T12:26:00-05:00,0.05000000000000426,11647.039999999994,,,,,,,,,176.0,2024-12-24T12:27:00-05:00,2.5,6747.040000000001,175.0,2024-12-24T12:26:00-05:00,0.05000000000000426,11647.039999999994,,,,,,,,,176.0,2024-12-24T12:27:00-05:00,2.5,6747.040000000001,2320
2024-12-24,2024-12-27,3,7.0,2024-12-24T09:31:00-05:00,7.0,NDXP  241227P22090000,NDXP  241227P22080000,development,False,False,0,0,0,232,0,787,available,False,2024-12-24T09:31:00-05:00,2024-12-27T16:00:00-05:00,10.0,-6152.96,0.0,last_observed_quote_not_settlement,2657.0,585,54,9.75,-5752.960000000001,2024-12-24T09:32:00-05:00,0.0,9.5,-5252.960000000001,2024-12-24T09:33:00-05:00,0.0,,,2024-12-24T09:35:00-05:00,60.0,9.699999999999989,-5652.959999999978,2024-12-24T09:41:00-05:00,0.0,9.649999999999977,-5552.9599999999555,2024-12-24T09:46:00-05:00,0.0,9.600000000000023,-5452.960000000046,2024-12-24T10:01:00-05:00,0.0,8.199999999999989,-2652.959999999978,2024-12-24T10:31:00-05:00,0.0,9.649999999999977,-5552.9599999999555,2024-12-24T11:31:00-05:00,0.0,,,2024-12-24T13:14:00-05:00,9960.0,,,2024-12-24T13:14:00-05:00,96360.0,,,2024-12-26T15:58:00-05:00,120.0,10.0,-6152.96,2024-12-27T16:00:00-05:00,0.0,37.0,hit,37.0,hit,2882.0,hit,,never_hit,,never_hit,,never_hit,,never_hit,1.0,hit,1.0,hit,0.0,hit,1.0,hit,1.0,hit,1.0,hit,,,True,True,True,False,3.9500000000000455,,,True,True,True,False,3.9500000000000455,,,True,True,True,False,3.9500000000000455,,,True,True,True,False,3.9500000000000455,,,,,,,,,,,,,,,,,,,,,,,,,,,,,,,,,,,,,,,,,,,,,,,,,,,,,,,,,,,,,,,,,2321
2024-12-27,2024-12-30,3,5.0,2024-12-27T09:31:00-05:00,5.0,NDXP  241230P21640000,NDXP  241230P21630000,development,False,False,0,0,0,113,0,682,available,False,2024-12-27T09:31:00-05:00,2024-12-30T16:00:00-05:00,0.0,9747.04,0.0,last_observed_quote_not_settlement,3916.0,597,8,4.299999999999997,1147.0400000000063,2024-12-27T09:32:00-05:00,0.0,4.700000000000003,347.039999999995,2024-12-27T09:33:00-05:00,0.0,5.099999999999994,-452.95999999998793,2024-12-27T09:36:00-05:00,0.0,6.300000000000011,-2852.960000000022,2024-12-27T09:41:00-05:00,0.0,9.799999999999983,-9852.959999999966,2024-12-27T09:46:00-05:00,0.0,,,2024-12-27T10:00:00-05:00,60.0,9.0,-8252.960000000001,2024-12-27T10:31:00-05:00,0.0,7.800000000000011,-5852.960000000022,2024-12-27T11:31:00-05:00,0.0,6.199999999999989,-2652.9599999999764,2024-12-27T16:00:00-05:00,0.0,,,2024-12-27T16:15:00-05:00,85500.0,,,2024-12-27T16:15:00-05:00,171900.0,0.0,9747.04,2024-12-30T16:00:00-05:00,0.0,0.0,hit,0.0,hit,13.0,hit,4709.0,hit,4709.0,hit,4709.0,hit,4709.0,hit,4.0,hit,8.0,hit,15.0,hit,15.0,hit,15.0,hit,15.0,hit,10.0,597,True,True,True,True,,10.0,597,True,True,True,True,,10.0,597,True,True,True,True,,10.0,597,True,True,True,True,,4709.0,2024-12-30T16:00:00-05:00,0.0,9747.04,,,,,,,,,,,,,4709.0,2024-12-30T16:00:00-05:00,0.0,9747.04,,,,,,,,,,,,,4709.0,2024-12-30T16:00:00-05:00,0.0,9747.04,,,,,,,,,,,,,4709.0,2024-12-30T16:00:00-05:00,0.0,9747.04,,,,,,,,,,,,,2322
2024-12-27,2024-12-30,3,6.0,2024-12-27T09:31:00-05:00,6.0,NDXP  241230P21720000,NDXP  241230P21710000,development,False,False,0,0,0,166,0,629,available,False,2024-12-27T09:31:00-05:00,2024-12-30T16:00:00-05:00,10.0,-8152.96,0.0,last_observed_quote_not_settlement,3918.0,502,23,7.199999999999989,-2652.9599999999764,2024-12-27T09:32:00-05:00,0.0,5.300000000000011,1147.039999999978,2024-12-27T09:33:00-05:00,0.0,7.449999999999989,-3152.9599999999764,2024-12-27T09:36:00-05:00,0.0,7.550000000000011,-3352.960000000022,2024-12-27T09:41:00-05:00,0.0,6.399999999999977,-1052.9599999999539,2024-12-27T09:46:00-05:00,0.0,8.0,-4252.960000000001,2024-12-27T10:01:00-05:00,0.0,8.0,-4252.960000000001,2024-12-27T10:31:00-05:00,0.0,9.199999999999989,-6652.959999999978,2024-12-27T11:31:00-05:00,0.0,9.600000000000023,-7452.960000000046,2024-12-27T16:00:00-05:00,0.0,,,2024-12-27T16:15:00-05:00,85500.0,,,2024-12-27T16:15:00-05:00,171900.0,10.0,-8152.96,2024-12-30T16:00:00-05:00,0.0,2.0,hit,47.0,hit,217.0,hit,,never_hit,,never_hit,,never_hit,,never_hit,1.0,hit,1.0,hit,1.0,hit,8.0,hit,8.0,hit,43.0,hit,,,True,True,True,False,2.1999999999999886,,,True,True,True,False,2.1999999999999886,,,True,True,True,False,2.1999999999999886,,,True,True,True,False,2.1999999999999886,,,,,,,,,,,,,,,,,,,,,,,,,,,,,,,,,,,,,,,,,,,,,,,,,,,,,,,,,,,,,,,,,2323
2024-12-27,2024-12-30,3,7.0,2024-12-27T09:31:00-05:00,7.0,NDXP  241230P21750000,NDXP  241230P21740000,development,False,False,0,0,0,177,0,618,available,False,2024-12-27T09:31:00-05:00,2024-12-30T16:00:00-05:00,10.0,-6152.96,0.0,last_observed_quote_not_settlement,3916.0,451,68,7.450000000000017,-1152.9600000000335,2024-12-27T09:32:00-05:00,0.0,6.75,247.04000000000067,2024-12-27T09:33:00-05:00,0.0,7.550000000000011,-1352.960000000022,2024-12-27T09:36:00-05:00,0.0,8.5,-3252.960000000001,2024-12-27T09:41:00-05:00,0.0,8.25,-2752.960000000001,2024-12-27T09:46:00-05:00,0.0,7.649999999999977,-1552.9599999999539,2024-12-27T10:01:00-05:00,0.0,5.0,3747.040000000001,2024-12-27T10:31:00-05:00,0.0,8.550000000000011,-3352.9600000000237,2024-12-27T11:31:00-05:00,0.0,8.75,-3752.960000000001,2024-12-27T16:00:00-05:00,0.0,,,2024-12-27T16:15:00-05:00,85500.0,,,2024-12-27T16:15:00-05:00,171900.0,10.0,-6152.96,2024-12-30T16:00:00-05:00,0.0,46.0,hit,46.0,hit,4706.0,hit,4706.0,hit,4706.0,hit,,never_hit,,never_hit,5.0,hit,8.0,hit,0.0,hit,8.0,hit,31.0,hit,36.0,hit,10.0,450,True,True,True,True,,10.0,450,True,True,True,True,,,,True,True,True,False,5.649999999999977,,,True,True,True,False,5.649999999999977,4706.0,2024-12-30T15:57:00-05:00,1.3500000000000227,11047.039999999955,,,,,,,,,4707.0,2024-12-30T15:58:00-05:00,9.899999999999977,-6052.9599999999555,4706.0,2024-12-30T15:57:00-05:00,1.3500000000000227,11047.039999999955,,,,,,,,,4707.0,2024-12-30T15:58:00-05:00,9.899999999999977,-6052.9599999999555,,,,,,,,,,,,,,,,,,,,,,,,,,,,,,,,,2324
2024-12-30,2025-01-02,3,5.0,2024-12-30T09:31:00-05:00,5.149999999999977,NDXP  250102P21250000,NDXP  250102P21240000,development,False,False,0,0,0,59,0,1141,available,False,2024-12-30T09:31:00-05:00,2025-01-02T16:00:00-05:00,10.0,-9852.960000000045,0.0,last_observed_quote_not_settlement,2476.0,761,106,5.400000000000006,-752.9600000000562,2024-12-30T09:32:00-05:00,0.0,4.949999999999989,147.03999999997797,2024-12-30T09:33:00-05:00,0.0,4.650000000000006,747.0399999999438,2024-12-30T09:36:00-05:00,0.0,5.400000000000006,-752.9600000000562,2024-12-30T09:41:00-05:00,0.0,5.25,-452.9600000000448,2024-12-30T09:46:00-05:00,0.0,5.899999999999977,-1752.9599999999994,2024-12-30T10:01:00-05:00,0.0,8.550000000000068,-7052.960000000183,2024-12-30T10:31:00-05:00,0.0,5.5,-952.9600000000448,2024-12-30T11:31:00-05:00,0.0,4.899999999999977,247.04000000000067,2024-12-30T16:00:00-05:00,0.0,7.699999999999989,-5352.960000000022,2024-12-31T16:00:00-05:00,0.0,,,2024-12-31T16:15:00-05:00,85500.0,10.0,-9852.960000000045,2025-01-02T16:00:00-05:00,0.0,0.0,hit,2.0,hit,41.0,hit,98.0,hit,111.0,hit,,never_hit,,never_hit,9.0,hit,13.0,hit,13.0,hit,24.0,hit,48.0,hit,48.0,hit,9.650000000000006,69,True,True,True,True,,9.650000000000006,79,True,True,True,True,,,,True,True,True,False,3.6999999999999744,,,True,True,True,False,3.6999999999999744,98.0,2024-12-30T11:09:00-05:00,2.799999999999983,4447.039999999989,,,,,,,,,99.0,2024-12-30T11:10:00-05:00,5.900000000000034,-1752.960000000113,111.0,2024-12-30T11:22:00-05:00,1.8000000000000114,6447.039999999933,,,,,,,,,112.0,2024-12-30T11:23:00-05:00,5.199999999999989,-352.96000000002203,,,,,,,,,,,,,,,,,,,,,,,,,,,,,,,,,2325
2024-12-30,2025-01-02,3,6.0,2024-12-30T09:31:00-05:00,5.949999999999932,NDXP  250102P22080000,NDXP  250102P22070000,development,False,False,0,0,0,262,0,938,available,False,2024-12-30T09:31:00-05:00,2025-01-02T16:00:00-05:00,10.0,-8252.960000000136,0.0,last_observed_quote_not_settlement,2476.0,745,14,,,2024-12-30T09:31:00-05:00,60.0,,,2024-12-30T09:31:00-05:00,120.0,9.900000000000091,-8152.960000000319,2024-12-30T09:36:00-05:00,0.0,9.75,-7852.960000000137,2024-12-30T09:41:00-05:00,0.0,9.899999999999977,-8152.960000000092,2024-12-30T09:46:00-05:00,0.0,,,2024-12-30T10:00:00-05:00,60.0,,,2024-12-30T10:30:00-05:00,60.0,9.899999999999977,-8152.960000000092,2024-12-30T11:31:00-05:00,0.0,0.0,11647.039999999864,2024-12-30T16:00:00-05:00,0.0,9.899999999999864,-8152.9599999998645,2024-12-31T16:00:00-05:00,0.0,,,2024-12-31T16:15:00-05:00,85500.0,10.0,-8252.960000000136,2025-01-02T16:00:00-05:00,0.0,3.0,hit,389.0,hit,389.0,hit,389.0,hit,389.0,hit,389.0,hit,389.0,hit,4.0,hit,4.0,hit,4.0,hit,4.0,hit,5.0,hit,5.0,hit,10.0,234,True,True,True,True,,10.0,234,True,True,True,True,,10.0,234,True,True,True,True,,10.0,234,True,True,True,True,,389.0,2024-12-30T16:00:00-05:00,0.0,11647.039999999864,,,,,,,,,390.0,2024-12-30T16:01:00-05:00,9.899999999999977,-8152.960000000092,389.0,2024-12-30T16:00:00-05:00,0.0,11647.039999999864,,,,,,,,,390.0,2024-12-30T16:01:00-05:00,9.899999999999977,-8152.960000000092,389.0,2024-12-30T16:00:00-05:00,0.0,11647.039999999864,,,,,,,,,390.0,2024-12-30T16:01:00-05:00,9.899999999999977,-8152.960000000092,389.0,2024-12-30T16:00:00-05:00,0.0,11647.039999999864,,,,,,,,,390.0,2024-12-30T16:01:00-05:00,9.899999999999977,-8152.960000000092,2326
2024-12-30,2025-01-02,3,7.0,2024-12-30T09:31:00-05:00,6.9500000000000455,NDXP  250102P21470000,NDXP  250102P21460000,development,False,False,0,0,0,112,0,1088,available,False,2024-12-30T09:31:00-05:00,2025-01-02T16:00:00-05:00,10.0,-6252.959999999909,0.0,last_observed_quote_not_settlement,2478.0,759,83,7.199999999999989,-752.9599999998857,2024-12-30T09:32:00-05:00,0.0,7.25,-852.9599999999084,2024-12-30T09:33:00-05:00,0.0,6.949999999999989,-252.9599999998856,2024-12-30T09:36:00-05:00,0.0,7.449999999999989,-1252.9599999998857,2024-12-30T09:41:00-05:00,0.0,7.800000000000011,-1952.9599999999311,2024-12-30T09:46:00-05:00,0.0,8.699999999999932,-3752.9599999997736,2024-12-30T10:01:00-05:00,0.0,,,2024-12-30T10:30:00-05:00,60.0,7.199999999999932,-752.959999999772,2024-12-30T11:31:00-05:00,0.0,7.850000000000023,-2052.9599999999537,2024-12-30T16:00:00-05:00,0.0,8.5,-3352.95999999991,2024-12-31T16:00:00-05:00,0.0,,,2024-12-31T16:14:00-05:00,85560.0,10.0,-6252.959999999909,2025-01-02T16:00:00-05:00,0.0,53.0,hit,177.0,hit,258.0,hit,371.0,hit,,never_hit,,never_hit,,never_hit,3.0,hit,4.0,hit,1.0,hit,4.0,hit,54.0,hit,54.0,hit,9.950000000000045,148,True,True,True,True,,,,True,True,True,False,4.0,,,True,True,True,False,4.0,,,True,True,True,False,4.0,,,,,,,,,,,,,,,,,,,,,,,,,,,,,,,,,,,,,,,,,,,,,,,,,,,,,,,,,,,,,,,,,2327
2024-12-31,2025-01-02,2,5.0,2024-12-31T09:31:00-05:00,4.949999999999989,NDXP  250102P21340000,NDXP  250102P21330000,development,False,False,0,0,0,85,15,710,available,False,2024-12-31T09:31:00-05:00,2025-01-02T16:00:00-05:00,10.0,-10252.960000000021,0.0,last_observed_quote_not_settlement,2476.0,643,13,4.350000000000023,947.0399999999324,2024-12-31T09:32:00-05:00,0.0,3.0,3647.039999999978,2024-12-31T09:33:00-05:00,0.0,5.899999999999977,-2152.9599999999764,2024-12-31T09:36:00-05:00,0.0,7.25,-4852.960000000022,2024-12-31T09:41:00-05:00,0.0,6.75,-3852.960000000022,2024-12-31T09:46:00-05:00,0.0,6.800000000000011,-3952.9600000000446,2024-12-31T10:01:00-05:00,0.0,6.050000000000011,-2452.9600000000446,2024-12-31T10:31:00-05:00,0.0,7.599999999999966,-5552.959999999954,2024-12-31T11:31:00-05:00,0.0,8.949999999999989,-8252.960000000001,2024-12-31T16:00:00-05:00,0.0,,,2024-12-31T16:15:00-05:00,85500.0,10.0,-10252.960000000021,2025-01-02T16:00:00-05:00,0.0,,,,,0.0,hit,0.0,hit,2.0,hit,2.0,hit,93.0,hit,,never_hit,,never_hit,3.0,hit,3.0,hit,10.0,hit,50.0,hit,181.0,hit,196.0,hit,4.949999999999989,0,False,False,False,False,,8.500000000000028,84,True,True,False,False,,,,True,True,True,False,3.4000000000000057,,,True,True,True,False,3.4000000000000057,93.0,2024-12-31T11:04:00-05:00,1.549999999999983,6547.040000000012,,,,,,,,,94.0,2024-12-31T11:05:00-05:00,7.150000000000006,-4652.960000000034,93.0,2024-12-31T11:04:00-05:00,1.549999999999983,6547.040000000012,,,,,,,,,94.0,2024-12-31T11:05:00-05:00,7.150000000000006,-4652.960000000034,,,,,,,,,,,,,,,,,,,,,,,,,,,,,,,,,2328
2024-12-31,2025-01-02,2,6.0,2024-12-31T09:31:00-05:00,6.0,NDXP  250102P21360000,NDXP  250102P21350000,development,False,False,0,0,0,92,15,703,available,False,2024-12-31T09:31:00-05:00,2025-01-02T16:00:00-05:00,10.0,-8152.96,0.0,last_observed_quote_not_settlement,2476.0,606,33,6.600000000000023,-1452.9600000000448,2024-12-31T09:32:00-05:00,0.0,6.849999999999994,-1952.959999999988,2024-12-31T09:33:00-05:00,0.0,6.25,-752.9599999999994,2024-12-31T09:36:00-05:00,0.0,6.600000000000023,-1452.9600000000448,2024-12-31T09:41:00-05:00,0.0,6.300000000000011,-852.9600000000221,2024-12-31T09:46:00-05:00,0.0,6.650000000000034,-1552.9600000000676,2024-12-31T10:01:00-05:00,0.0,5.200000000000017,1347.0399999999665,2024-12-31T10:31:00-05:00,0.0,8.100000000000023,-4452.960000000046,2024-12-31T11:31:00-05:00,0.0,9.500000000000057,-7252.960000000115,2024-12-31T16:00:00-05:00,0.0,,,2024-12-31T16:15:00-05:00,85500.0,10.0,-8152.96,2025-01-02T16:00:00-05:00,0.0,,,,,48.0,hit,48.0,hit,48.0,hit,48.0,hit,48.0,hit,,never_hit,,never_hit,1.0,hit,23.0,hit,23.0,hit,50.0,hit,174.0,hit,181.0,hit,7.600000000000023,34,True,False,False,False,,7.600000000000023,34,True,False,False,False,,,,True,True,True,False,4.699999999999932,,,True,True,True,False,4.699999999999932,48.0,2024-12-31T10:19:00-05:00,1.5999999999999943,8547.040000000014,,,,,,,,,49.0,2024-12-31T10:20:00-05:00,6.050000000000011,-352.96000000002203,48.0,2024-12-31T10:19:00-05:00,1.5999999999999943,8547.040000000014,,,,,,,,,49.0,2024-12-31T10:20:00-05:00,6.050000000000011,-352.96000000002203,,,,,,,,,,,,,,,,,,,,,,,,,,,,,,,,,2329
2024-12-31,2025-01-02,2,7.0,2024-12-31T09:31:00-05:00,7.0,NDXP  250102P21450000,NDXP  250102P21440000,development,False,False,0,0,0,127,15,668,available,False,2024-12-31T09:31:00-05:00,2025-01-02T16:00:00-05:00,10.0,-6152.96,0.0,last_observed_quote_not_settlement,2479.0,540,45,7.749999999999943,-1752.9599999998857,2024-12-31T09:32:00-05:00,0.0,7.149999999999977,-552.9599999999539,2024-12-31T09:33:00-05:00,0.0,6.799999999999983,147.0400000000348,2024-12-31T09:36:00-05:00,0.0,6.800000000000011,147.03999999997797,2024-12-31T09:41:00-05:00,0.0,8.099999999999966,-2452.9599999999327,2024-12-31T09:46:00-05:00,0.0,7.25,-752.9599999999994,2024-12-31T10:01:00-05:00,0.0,6.150000000000034,1447.0399999999324,2024-12-31T10:31:00-05:00,0.0,8.5,-3252.960000000001,2024-12-31T11:31:00-05:00,0.0,,,2024-12-31T15:56:00-05:00,240.0,,,2024-12-31T16:12:00-05:00,85680.0,10.0,-6152.96,2025-01-02T16:00:00-05:00,0.0,,,,,31.0,hit,37.0,hit,37.0,hit,37.0,hit,384.0,hit,384.0,hit,384.0,hit,1.0,hit,13.0,hit,0.0,hit,13.0,hit,92.0,hit,110.0,hit,8.899999999999977,22,True,True,False,False,,10.0,298,True,True,True,True,,10.0,298,True,True,True,True,,10.0,298,True,True,True,True,,37.0,2024-12-31T10:08:00-05:00,2.3000000000000114,9147.039999999979,,,,,,,,,38.0,2024-12-31T10:09:00-05:00,8.25,-2752.960000000001,384.0,2024-12-31T15:55:00-05:00,0.4000000000000341,12947.039999999934,,,,,,,,,385.0,2024-12-31T15:56:00-05:00,7.600000000000023,-1452.9600000000448,384.0,2024-12-31T15:55:00-05:00,0.4000000000000341,12947.039999999934,,,,,,,,,385.0,2024-12-31T15:56:00-05:00,7.600000000000023,-1452.9600000000448,384.0,2024-12-31T15:55:00-05:00,0.4000000000000341,12947.039999999934,,,,,,,,,385.0,2024-12-31T15:56:00-05:00,7.600000000000023,-1452.9600000000448,2330
2024-12-31,2025-01-03,3,5.0,2024-12-31T09:31:00-05:00,5.0,NDXP  250103P21410000,NDXP  250103P21400000,development,False,False,0,0,0,116,0,1084,available,False,2024-12-31T09:31:00-05:00,2025-01-03T16:00:00-05:00,10.0,-10152.96,0.0,last_observed_quote_not_settlement,2476.0,930,38,5.450000000000017,-1152.9600000000335,2024-12-31T09:32:00-05:00,0.0,8.0,-6252.960000000001,2024-12-31T09:33:00-05:00,0.0,5.199999999999989,-652.9599999999766,2024-12-31T09:36:00-05:00,0.0,5.2999999999999545,-852.9599999999084,2024-12-31T09:41:00-05:00,0.0,5.0,-252.9599999999993,2024-12-31T09:46:00-05:00,0.0,5.050000000000011,-352.96000000002203,2024-12-31T10:01:00-05:00,0.0,6.350000000000023,-2952.9600000000446,2024-12-31T10:31:00-05:00,0.0,7.699999999999989,-5652.959999999976,2024-12-31T11:31:00-05:00,0.0,7.900000000000034,-6052.960000000067,2024-12-31T16:00:00-05:00,0.0,,,2024-12-31T16:15:00-05:00,85500.0,6.2000000000000455,-2652.96000000009,2025-01-02T16:00:00-05:00,0.0,10.0,-10152.96,2025-01-03T16:00:00-05:00,0.0,0.0,hit,0.0,hit,6.0,hit,17.0,hit,17.0,hit,17.0,hit,,never_hit,2.0,hit,2.0,hit,2.0,hit,2.0,hit,28.0,hit,28.0,hit,8.0,8,True,True,False,False,,8.0,8,True,True,False,False,,8.0,8,True,True,False,False,,,,True,True,True,False,4.449999999999989,17.0,2024-12-31T09:48:00-05:00,0.5500000000000114,8647.039999999979,,,,,,,,,18.0,2024-12-31T09:49:00-05:00,3.8000000000000114,2147.039999999978,17.0,2024-12-31T09:48:00-05:00,0.5500000000000114,8647.039999999979,,,,,,,,,18.0,2024-12-31T09:49:00-05:00,3.8000000000000114,2147.039999999978,17.0,2024-12-31T09:48:00-05:00,0.5500000000000114,8647.039999999979,,,,,,,,,18.0,2024-12-31T09:49:00-05:00,3.8000000000000114,2147.039999999978,,,,,,,,,,,,,,,,,2331
2024-12-31,2025-01-03,3,6.0,2024-12-31T09:31:00-05:00,6.050000000000011,NDXP  250103P21380000,NDXP  250103P21370000,development,False,False,0,0,0,60,0,1140,available,False,2024-12-31T09:31:00-05:00,2025-01-03T16:00:00-05:00,10.0,-8052.959999999977,0.0,last_observed_quote_not_settlement,2476.0,1045,60,6.050000000000011,-252.9599999999993,2024-12-31T09:32:00-05:00,0.0,4.900000000000006,2047.0400000000122,2024-12-31T09:33:00-05:00,0.0,5.650000000000006,547.040000000012,2024-12-31T09:36:00-05:00,0.0,6.9500000000000455,-2052.9600000000673,2024-12-31T09:41:00-05:00,0.0,6.199999999999989,-552.9599999999539,2024-12-31T09:46:00-05:00,0.0,6.050000000000011,-252.9599999999993,2024-12-31T10:01:00-05:00,0.0,6.099999999999994,-352.9599999999652,2024-12-31T10:31:00-05:00,0.0,7.4500000000000455,-3052.9600000000673,2024-12-31T11:31:00-05:00,0.0,8.25,-4652.959999999978,2024-12-31T16:00:00-05:00,0.0,,,2024-12-31T16:15:00-05:00,85500.0,9.550000000000068,-7252.960000000115,2025-01-02T16:00:00-05:00,0.0,10.0,-8052.959999999977,2025-01-03T16:00:00-05:00,0.0,2.0,hit,2.0,hit,61.0,hit,61.0,hit,,never_hit,,never_hit,,never_hit,10.0,hit,13.0,hit,13.0,hit,23.0,hit,80.0,hit,327.0,hit,8.849999999999966,39,True,True,False,False,,,,True,True,True,False,3.150000000000034,,,True,True,True,False,3.150000000000034,,,True,True,True,False,3.150000000000034,61.0,2024-12-31T10:32:00-05:00,2.9000000000000057,6047.040000000012,,,,,,,,,62.0,2024-12-31T10:33:00-05:00,6.199999999999989,-552.9599999999539,,,,,,,,,,,,,,,,,,,,,,,,,,,,,,,,,,,,,,,,,,,,,,,,,2332
2024-12-31,2025-01-03,3,7.0,2024-12-31T09:31:00-05:00,7.0,NDXP  250103P21510000,NDXP  250103P21500000,development,False,False,0,0,0,135,0,1065,available,False,2024-12-31T09:31:00-05:00,2025-01-03T15:59:00-05:00,10.0,-6152.96,1.0,last_observed_quote_not_settlement,2476.0,912,51,7.550000000000011,-1352.960000000022,2024-12-31T09:32:00-05:00,0.0,7.800000000000011,-1852.960000000022,2024-12-31T09:33:00-05:00,0.0,7.100000000000023,-452.9600000000448,2024-12-31T09:36:00-05:00,0.0,7.5499999999999545,-1352.9599999999084,2024-12-31T09:41:00-05:00,0.0,7.399999999999977,-1052.9599999999539,2024-12-31T09:46:00-05:00,0.0,8.150000000000034,-2552.960000000069,2024-12-31T10:01:00-05:00,0.0,6.050000000000011,1647.039999999978,2024-12-31T10:31:00-05:00,0.0,8.450000000000045,-3152.960000000092,2024-12-31T11:31:00-05:00,0.0,8.850000000000023,-3952.9600000000464,2024-12-31T16:00:00-05:00,0.0,,,2024-12-31T16:15:00-05:00,85500.0,,,2025-01-02T15:59:00-05:00,60.0,,,2025-01-03T15:59:00-05:00,60.0,113.0,hit,214.0,hit,3282.0,hit,3282.0,hit,,never_hit,,never_hit,,never_hit,1.0,hit,30.0,hit,0.0,hit,30.0,hit,83.0,hit,186.0,hit,10.0,645,True,True,True,True,,,,True,True,True,False,4.600000000000023,,,True,True,True,False,4.600000000000023,,,True,True,True,False,4.600000000000023,3282.0,2025-01-02T16:13:00-05:00,2.3999999999999773,8947.040000000046,,,,,,,,,3283.0,2025-01-02T16:14:00-05:00,5.0,3747.040000000001,,,,,,,,,,,,,,,,,,,,,,,,,,,,,,,,,,,,,,,,,,,,,,,,,2333
2025-01-03,2025-01-06,3,5.0,2025-01-03T09:31:00-05:00,5.0,NDXP  250106P21160000,NDXP  250106P21150000,validation,False,False,0,0,1,26,0,768,available,False,2025-01-03T09:31:00-05:00,2025-01-06T15:46:00-05:00,0.0,9747.04,14.0,last_observed_quote_not_settlement,3916.0,13,16,4.900000000000006,-52.96000000001066,2025-01-03T09:32:00-05:00,0.0,4.900000000000034,-52.9600000000675,2025-01-03T09:33:00-05:00,0.0,5.099999999999966,-452.9599999999311,2025-01-03T09:36:00-05:00,0.0,3.950000000000003,1847.039999999995,2025-01-03T09:41:00-05:00,0.0,3.75,2247.040000000001,2025-01-03T09:46:00-05:00,0.0,6.849999999999994,-3952.9599999999878,2025-01-03T10:01:00-05:00,0.0,3.2499999999999716,3247.0400000000577,2025-01-03T10:31:00-05:00,0.0,3.25,3247.040000000001,2025-01-03T11:31:00-05:00,0.0,2.1500000000000057,5447.039999999989,2025-01-03T16:00:00-05:00,0.0,,,2025-01-03T16:15:00-05:00,85500.0,,,2025-01-03T16:15:00-05:00,171900.0,,,2025-01-06T15:46:00-05:00,840.0,0.0,hit,0.0,hit,10.0,hit,45.0,hit,268.0,hit,4320.0,hit,4320.0,hit,30.0,hit,30.0,hit,46.0,hit,,never_hit,,never_hit,,never_hit,6.849999999999994,3,False,False,False,False,,7.150000000000006,12,True,False,False,False,,7.150000000000006,12,True,False,False,False,,7.150000000000006,12,True,False,False,False,,45.0,2025-01-03T10:16:00-05:00,2.25,5247.040000000001,139.0,2025-01-03T11:50:00-05:00,2.799999999999997,4147.040000000006,140.0,2025-01-03T11:51:00-05:00,2.6999999999999957,4347.040000000009,46.0,2025-01-03T10:17:00-05:00,7.100000000000023,-4452.960000000045,282.0,2025-01-03T14:13:00-05:00,1.9499999999999957,5847.040000000009,283.0,2025-01-03T14:14:00-05:00,1.9499999999999957,5847.040000000009,284.0,2025-01-03T14:15:00-05:00,1.8000000000000043,6147.039999999992,283.0,2025-01-03T14:14:00-05:00,1.9499999999999957,5847.040000000009,4320.0,2025-01-06T09:31:00-05:00,0.20000000000000018,9347.04,4321.0,2025-01-06T09:32:00-05:00,0.3000000000000007,9147.04,4322.0,2025-01-06T09:33:00-05:00,0.30000000000000027,9147.04,4321.0,2025-01-06T09:32:00-05:00,0.3000000000000007,9147.04,4320.0,2025-01-06T09:31:00-05:00,0.20000000000000018,9347.04,4321.0,2025-01-06T09:32:00-05:00,0.3000000000000007,9147.04,4322.0,2025-01-06T09:33:00-05:00,0.30000000000000027,9147.04,4321.0,2025-01-06T09:32:00-05:00,0.3000000000000007,9147.04,2334
2025-01-03,2025-01-06,3,6.0,2025-01-03T09:31:00-05:00,5.949999999999989,NDXP  250106P21230000,NDXP  250106P21220000,validation,False,False,0,0,0,4,0,790,available,False,2025-01-03T09:31:00-05:00,2025-01-06T16:00:00-05:00,0.0,11647.039999999979,0.0,last_observed_quote_not_settlement,3916.0,14,17,5.400000000000006,847.0399999999665,2025-01-03T09:32:00-05:00,0.0,5.300000000000011,1047.0399999999552,2025-01-03T09:33:00-05:00,0.0,5.650000000000034,347.03999999990975,2025-01-03T09:36:00-05:00,0.0,4.650000000000006,2347.0399999999668,2025-01-03T09:41:00-05:00,0.0,4.649999999999977,2347.0400000000236,2025-01-03T09:46:00-05:00,0.0,7.199999999999989,-2752.959999999999,2025-01-03T10:01:00-05:00,0.0,5.949999999999989,-252.9599999999993,2025-01-03T10:31:00-05:00,0.0,4.349999999999994,2947.0399999999895,2025-01-03T11:31:00-05:00,0.0,2.8999999999999986,5847.039999999981,2025-01-03T16:00:00-05:00,0.0,,,2025-01-03T16:15:00-05:00,85500.0,,,2025-01-03T16:15:00-05:00,171900.0,0.0,11647.039999999979,2025-01-06T16:00:00-05:00,0.0,1.0,hit,3.0,hit,91.0,hit,91.0,hit,4320.0,hit,4320.0,hit,4320.0,hit,30.0,hit,30.0,hit,30.0,hit,,never_hit,,never_hit,,never_hit,7.5,13,True,False,False,False,,7.5,14,True,False,False,False,,7.5,14,True,False,False,False,,7.5,14,True,False,False,False,,91.0,2025-01-03T11:02:00-05:00,2.6000000000000227,6447.039999999933,252.0,2025-01-03T13:43:00-05:00,2.9000000000000057,5847.039999999966,253.0,2025-01-03T13:44:00-05:00,2.8999999999999915,5847.039999999995,92.0,2025-01-03T11:03:00-05:00,5.049999999999997,1547.0399999999836,4320.0,2025-01-06T09:31:00-05:00,0.5,10647.039999999979,4321.0,2025-01-06T09:32:00-05:00,0.5499999999999998,10547.039999999979,4322.0,2025-01-06T09:33:00-05:00,0.5,10647.039999999979,4321.0,2025-01-06T09:32:00-05:00,0.5499999999999998,10547.039999999979,4320.0,2025-01-06T09:31:00-05:00,0.5,10647.039999999979,4321.0,2025-01-06T09:32:00-05:00,0.5499999999999998,10547.039999999979,4322.0,2025-01-06T09:33:00-05:00,0.5,10647.039999999979,4321.0,2025-01-06T09:32:00-05:00,0.5499999999999998,10547.039999999979,4324.0,2025-01-06T09:35:00-05:00,0.34999999999999964,10947.039999999979,4325.0,2025-01-06T09:36:00-05:00,0.40000000000000036,10847.039999999979,4326.0,2025-01-06T09:37:00-05:00,0.2500000000000009,11147.039999999977,4325.0,2025-01-06T09:36:00-05:00,0.40000000000000036,10847.039999999979,2335
2025-01-03,2025-01-06,3,7.0,2025-01-03T09:31:00-05:00,7.0,NDXP  250106P21280000,NDXP  250106P21270000,validation,False,False,0,0,1,3,0,791,available,False,2025-01-03T09:31:00-05:00,2025-01-06T16:00:00-05:00,0.0,13747.04,0.0,last_observed_quote_not_settlement,3916.0,8,16,6.099999999999994,1547.040000000012,2025-01-03T09:32:00-05:00,0.0,6.300000000000011,1147.039999999978,2025-01-03T09:33:00-05:00,0.0,6.599999999999994,547.040000000012,2025-01-03T09:36:00-05:00,0.0,5.399999999999977,2947.0400000000463,2025-01-03T09:41:00-05:00,0.0,5.400000000000006,2947.0399999999895,2025-01-03T09:46:00-05:00,0.0,5.900000000000006,1947.0399999999893,2025-01-03T10:01:00-05:00,0.0,3.9499999999999886,5847.040000000024,2025-01-03T10:31:00-05:00,0.0,4.950000000000003,3847.039999999995,2025-01-03T11:31:00-05:00,0.0,3.8999999999999915,5947.040000000018,2025-01-03T16:00:00-05:00,0.0,,,2025-01-03T16:15:00-05:00,85500.0,,,2025-01-03T16:15:00-05:00,171900.0,0.0,13747.04,2025-01-06T16:00:00-05:00,0.0,9.0,hit,9.0,hit,60.0,hit,130.0,hit,4320.0,hit,4320.0,hit,4324.0,hit,47.0,hit,47.0,hit,0.0,hit,47.0,hit,,never_hit,,never_hit,8.649999999999977,8,True,True,False,False,,8.649999999999977,8,True,True,False,False,,8.649999999999977,8,True,True,False,False,,8.649999999999977,8,True,True,False,False,,130.0,2025-01-03T11:41:00-05:00,2.549999999999997,8647.040000000008,4321.0,2025-01-06T09:32:00-05:00,0.8499999999999979,12047.040000000006,4322.0,2025-01-06T09:33:00-05:00,0.75,12247.04,131.0,2025-01-03T11:42:00-05:00,4.799999999999997,4147.040000000006,4320.0,2025-01-06T09:31:00-05:00,0.6500000000000004,12447.04,4321.0,2025-01-06T09:32:00-05:00,0.8499999999999979,12047.040000000006,4322.0,2025-01-06T09:33:00-05:00,0.75,12247.04,4321.0,2025-01-06T09:32:00-05:00,0.8499999999999979,12047.040000000006,4320.0,2025-01-06T09:31:00-05:00,0.6500000000000004,12447.04,4321.0,2025-01-06T09:32:00-05:00,0.8499999999999979,12047.040000000006,4322.0,2025-01-06T09:33:00-05:00,0.75,12247.04,4321.0,2025-01-06T09:32:00-05:00,0.8499999999999979,12047.040000000006,4329.0,2025-01-06T09:40:00-05:00,0.4499999999999993,12847.040000000003,4330.0,2025-01-06T09:41:00-05:00,0.40000000000000036,12947.04,4331.0,2025-01-06T09:42:00-05:00,0.2500000000000009,13247.039999999999,4330.0,2025-01-06T09:41:00-05:00,0.40000000000000036,12947.04,2336
2025-01-06,2025-01-08,2,5.0,2025-01-06T09:31:00-05:00,4.949999999999996,NDXP  250108P21310000,NDXP  250108P21300000,validation,False,False,0,0,0,45,15,1154,available,False,2025-01-06T09:31:00-05:00,2025-01-08T15:58:00-05:00,9.90000000000002,-10152.960000000048,2.0,last_observed_quote_not_settlement,1036.0,550,44,1.8999999999999915,5847.040000000009,2025-01-06T09:32:00-05:00,0.0,2.200000000000003,5247.039999999986,2025-01-06T09:33:00-05:00,0.0,2.1000000000000014,5447.039999999989,2025-01-06T09:36:00-05:00,0.0,1.9500000000000028,5747.039999999986,2025-01-06T09:41:00-05:00,0.0,1.750000000000007,6147.039999999978,2025-01-06T09:46:00-05:00,0.0,2.1000000000000014,5447.039999999989,2025-01-06T10:01:00-05:00,0.0,1.0999999999999979,7447.039999999996,2025-01-06T10:31:00-05:00,0.0,0.8999999999999986,7847.039999999995,2025-01-06T11:31:00-05:00,0.0,1.6000000000000014,6447.039999999989,2025-01-06T16:00:00-05:00,0.0,7.200000000000017,-4752.960000000042,2025-01-07T16:00:00-05:00,0.0,,,2025-01-08T15:58:00-05:00,120.0,,,,,0.0,hit,0.0,hit,1.0,hit,1.0,hit,1.0,hit,29.0,hit,29.0,hit,49.0,hit,1562.0,hit,1793.0,hit,2883.0,hit,2937.0,hit,3040.0,hit,4.949999999999996,0,False,False,False,False,,4.949999999999996,0,False,False,False,False,,4.949999999999996,0,False,False,False,False,,4.949999999999996,0,False,False,False,False,,1.0,2025-01-06T09:32:00-05:00,1.8999999999999915,5847.040000000009,2.0,2025-01-06T09:33:00-05:00,2.200000000000003,5247.039999999986,3.0,2025-01-06T09:34:00-05:00,2.25,5147.039999999992,2.0,2025-01-06T09:33:00-05:00,2.200000000000003,5247.039999999986,1.0,2025-01-06T09:32:00-05:00,1.8999999999999915,5847.040000000009,12.0,2025-01-06T09:43:00-05:00,1.6499999999999915,6347.040000000009,13.0,2025-01-06T09:44:00-05:00,1.6999999999999957,6247.040000000001,2.0,2025-01-06T09:33:00-05:00,2.200000000000003,5247.039999999986,29.0,2025-01-06T10:00:00-05:00,0.5,8647.039999999994,54.0,2025-01-06T10:25:00-05:00,0.5499999999999972,8547.039999999999,,,,,30.0,2025-01-06T10:01:00-05:00,2.1000000000000014,5447.039999999989,53.0,2025-01-06T10:24:00-05:00,0.3500000000000014,8947.03999999999,,,,,,,,,54.0,2025-01-06T10:25:00-05:00,0.5499999999999972,8547.039999999999,2337
2025-01-06,2025-01-08,2,6.0,2025-01-06T09:31:00-05:00,5.949999999999989,NDXP  250108P21600000,NDXP  250108P21590000,validation,False,False,0,0,0,148,15,1051,available,False,2025-01-06T09:31:00-05:00,2025-01-08T16:00:00-05:00,8.0,-4352.960000000024,0.0,last_observed_quote_not_settlement,1036.0,525,47,4.499999999999972,2647.040000000035,2025-01-06T09:32:00-05:00,0.0,4.950000000000017,1747.0399999999438,2025-01-06T09:33:00-05:00,0.0,5.300000000000011,1047.0399999999552,2025-01-06T09:36:00-05:00,0.0,4.150000000000006,3347.0399999999668,2025-01-06T09:41:00-05:00,0.0,2.8999999999999915,5847.039999999995,2025-01-06T09:46:00-05:00,0.0,7.150000000000006,-2652.9600000000332,2025-01-06T10:01:00-05:00,0.0,3.5999999999999943,4447.039999999989,2025-01-06T10:31:00-05:00,0.0,3.3500000000000085,4947.039999999961,2025-01-06T11:31:00-05:00,0.0,3.8000000000000114,4047.0399999999554,2025-01-06T16:00:00-05:00,0.0,,,2025-01-07T15:59:00-05:00,60.0,8.0,-4352.960000000024,2025-01-08T16:00:00-05:00,0.0,,,,,1.0,hit,1.0,hit,15.0,hit,15.0,hit,61.0,hit,61.0,hit,1819.0,hit,30.0,hit,30.0,hit,30.0,hit,335.0,hit,1509.0,hit,1584.0,hit,5.949999999999989,0,False,False,False,False,,7.150000000000006,2,True,False,False,False,,7.150000000000006,2,True,False,False,False,,9.949999999999989,309,True,True,True,True,,15.0,2025-01-06T09:46:00-05:00,2.8999999999999915,5847.039999999995,,,,,,,,,16.0,2025-01-06T09:47:00-05:00,4.150000000000006,3347.0399999999668,61.0,2025-01-06T10:32:00-05:00,0.8500000000000085,9947.039999999963,,,,,,,,,62.0,2025-01-06T10:33:00-05:00,3.5999999999999943,4447.039999999989,61.0,2025-01-06T10:32:00-05:00,0.8500000000000085,9947.039999999963,,,,,,,,,62.0,2025-01-06T10:33:00-05:00,3.5999999999999943,4447.039999999989,1819.0,2025-01-07T15:50:00-05:00,0.14999999999997726,11347.040000000025,,,,,,,,,,,,,2338
2025-01-06,2025-01-08,2,7.0,2025-01-06T09:31:00-05:00,6.949999999999989,NDXP  250108P21810000,NDXP  250108P21800000,validation,False,False,0,0,0,151,15,1048,available,False,2025-01-06T09:31:00-05:00,2025-01-08T16:00:00-05:00,10.0,-6252.960000000023,0.0,last_observed_quote_not_settlement,1037.0,825,80,8.699999999999989,-3752.960000000001,2025-01-06T09:32:00-05:00,0.0,8.050000000000011,-2452.9600000000464,2025-01-06T09:33:00-05:00,0.0,7.300000000000011,-952.9600000000448,2025-01-06T09:36:00-05:00,0.0,6.900000000000034,-152.96000000009025,2025-01-06T09:41:00-05:00,0.0,7.150000000000006,-652.9600000000335,2025-01-06T09:46:00-05:00,0.0,6.049999999999983,1547.040000000012,2025-01-06T10:01:00-05:00,0.0,6.199999999999989,1247.0400000000006,2025-01-06T10:31:00-05:00,0.0,4.650000000000006,4347.039999999966,2025-01-06T11:31:00-05:00,0.0,8.300000000000011,-2952.9600000000464,2025-01-06T16:00:00-05:00,0.0,9.950000000000045,-6252.960000000023,2025-01-07T16:00:00-05:00,0.0,10.0,-6252.960000000023,2025-01-08T16:00:00-05:00,0.0,,,,,35.0,hit,35.0,hit,35.0,hit,1556.0,hit,1556.0,hit,2964.0,hit,,never_hit,1.0,hit,1.0,hit,1.0,hit,1.0,hit,109.0,hit,123.0,hit,10.0,370,True,True,True,True,,10.0,370,True,True,True,True,,10.0,647,True,True,True,True,,,,True,True,True,False,6.050000000000011,1556.0,2025-01-07T11:27:00-05:00,1.3999999999999773,10847.040000000025,,,,,,,,,1557.0,2025-01-07T11:28:00-05:00,9.199999999999989,-4752.960000000001,1556.0,2025-01-07T11:27:00-05:00,1.3999999999999773,10847.040000000025,,,,,,,,,1557.0,2025-01-07T11:28:00-05:00,9.199999999999989,-4752.960000000001,2964.0,2025-01-08T10:55:00-05:00,0.8999999999999773,11847.040000000025,,,,,,,,,2965.0,2025-01-08T10:56:00-05:00,9.25,-4852.960000000024,,,,,,,,,,,,,,,,,2339
2025-01-06,2025-01-09,3,5.0,2025-01-06T09:31:00-05:00,5.0,NDXP  250109P21610000,NDXP  250109P21600000,validation,False,False,0,0,0,99,0,1115,available,False,2025-01-06T09:31:00-05:00,2025-01-08T16:15:00-05:00,0.0,9747.04,1425.0,last_observed_quote_not_settlement,1037.0,739,66,5.600000000000023,-1452.9600000000448,2025-01-06T09:32:00-05:00,0.0,8.849999999999966,-7952.959999999933,2025-01-06T09:33:00-05:00,0.0,5.400000000000006,-1052.9600000000107,2025-01-06T09:36:00-05:00,0.0,4.349999999999994,1047.040000000012,2025-01-06T09:41:00-05:00,0.0,3.9499999999999886,1847.0400000000234,2025-01-06T09:46:00-05:00,0.0,4.799999999999997,147.0400000000064,2025-01-06T10:01:00-05:00,0.0,3.299999999999997,3147.0400000000063,2025-01-06T10:31:00-05:00,0.0,3.299999999999997,3147.0400000000063,2025-01-06T11:31:00-05:00,0.0,5.300000000000011,-852.9600000000221,2025-01-06T16:00:00-05:00,0.0,0.0,9747.04,2025-01-07T16:00:00-05:00,0.0,0.0,9747.04,2025-01-08T16:00:00-05:00,0.0,,,2025-01-08T16:15:00-05:00,85500.0,0.0,hit,0.0,hit,6.0,hit,19.0,hit,1829.0,hit,1829.0,hit,1829.0,hit,1.0,hit,2.0,hit,2.0,hit,2.0,hit,1477.0,hit,1519.0,hit,8.849999999999966,5,True,True,False,False,,10.0,461,True,True,True,True,,10.0,461,True,True,True,True,,10.0,461,True,True,True,True,,48.0,2025-01-06T10:19:00-05:00,2.75,4247.040000000001,2919.0,2025-01-08T10:10:00-05:00,2.3999999999999773,4947.040000000046,2920.0,2025-01-08T10:11:00-05:00,0.5,8747.04,49.0,2025-01-06T10:20:00-05:00,4.099999999999994,1547.040000000012,1829.0,2025-01-07T16:00:00-05:00,0.0,9747.04,3270.0,2025-01-08T16:01:00-05:00,0.0,9747.04,3271.0,2025-01-08T16:02:00-05:00,0.0,9747.04,1830.0,2025-01-07T16:01:00-05:00,9.649999999999977,-9552.959999999955,1829.0,2025-01-07T16:00:00-05:00,0.0,9747.04,3270.0,2025-01-08T16:01:00-05:00,0.0,9747.04,3271.0,2025-01-08T16:02:00-05:00,0.0,9747.04,1830.0,2025-01-07T16:01:00-05:00,9.649999999999977,-9552.959999999955,1829.0,2025-01-07T16:00:00-05:00,0.0,9747.04,3270.0,2025-01-08T16:01:00-05:00,0.0,9747.04,3271.0,2025-01-08T16:02:00-05:00,0.0,9747.04,1830.0,2025-01-07T16:01:00-05:00,9.649999999999977,-9552.959999999955,2340
2025-01-06,2025-01-09,3,6.0,2025-01-06T09:31:00-05:00,6.0,NDXP  250109P21650000,NDXP  250109P21640000,validation,False,False,0,0,0,77,0,1137,available,False,2025-01-06T09:31:00-05:00,2025-01-08T16:15:00-05:00,10.0,-8152.96,1425.0,last_observed_quote_not_settlement,1037.0,724,85,3.549999999999983,4647.0400000000345,2025-01-06T09:32:00-05:00,0.0,6.050000000000011,-352.96000000002203,2025-01-06T09:33:00-05:00,0.0,4.0,3747.040000000001,2025-01-06T09:36:00-05:00,0.0,5.099999999999994,1547.040000000012,2025-01-06T09:41:00-05:00,0.0,4.299999999999983,3147.040000000035,2025-01-06T09:46:00-05:00,0.0,3.8999999999999773,3947.0400000000463,2025-01-06T10:01:00-05:00,0.0,4.400000000000006,2947.0399999999895,2025-01-06T10:31:00-05:00,0.0,3.299999999999997,5147.040000000006,2025-01-06T11:31:00-05:00,0.0,5.900000000000006,-52.96000000001066,2025-01-06T16:00:00-05:00,0.0,9.100000000000023,-6452.960000000046,2025-01-07T16:00:00-05:00,0.0,10.0,-8152.96,2025-01-08T16:00:00-05:00,0.0,,,2025-01-08T16:15:00-05:00,85500.0,1.0,hit,1.0,hit,1.0,hit,2945.0,hit,3008.0,hit,3008.0,hit,3010.0,hit,4.0,hit,4.0,hit,4.0,hit,1471.0,hit,1499.0,hit,1544.0,hit,10.0,476,True,True,True,True,,10.0,524,True,True,True,True,,10.0,524,True,True,True,True,,10.0,525,True,True,True,True,,2945.0,2025-01-08T10:36:00-05:00,2.8999999999999773,5947.040000000046,,,,,,,,,2946.0,2025-01-08T10:37:00-05:00,3.099999999999909,5547.040000000183,3008.0,2025-01-08T11:39:00-05:00,0.6000000000000227,10547.039999999955,,,,,,,,,3009.0,2025-01-08T11:40:00-05:00,9.949999999999932,-8152.9599999998645,3008.0,2025-01-08T11:39:00-05:00,0.6000000000000227,10547.039999999955,,,,,,,,,3009.0,2025-01-08T11:40:00-05:00,9.949999999999932,-8152.9599999998645,3010.0,2025-01-08T11:41:00-05:00,0.05000000000001137,11647.039999999979,,,,,,,,,3011.0,2025-01-08T11:42:00-05:00,9.75,-7752.960000000001,2341
2025-01-06,2025-01-09,3,7.0,2025-01-06T09:31:00-05:00,6.699999999999989,NDXP  250109P21740000,NDXP  250109P21730000,validation,False,False,0,0,0,119,0,1095,available,False,2025-01-06T09:31:00-05:00,2025-01-08T16:15:00-05:00,10.0,-6752.960000000023,1425.0,last_observed_quote_not_settlement,1036.0,738,75,6.450000000000017,247.03999999994383,2025-01-06T09:32:00-05:00,0.0,6.350000000000023,447.0399999999325,2025-01-06T09:33:00-05:00,0.0,6.25,647.0399999999779,2025-01-06T09:36:00-05:00,0.0,6.0,1147.039999999978,2025-01-06T09:41:00-05:00,0.0,5.25,2647.039999999978,2025-01-06T09:46:00-05:00,0.0,5.900000000000006,1347.0399999999665,2025-01-06T10:01:00-05:00,0.0,4.650000000000006,3847.0399999999668,2025-01-06T10:31:00-05:00,0.0,4.550000000000011,4047.0399999999554,2025-01-06T11:31:00-05:00,0.0,2.0999999999999943,8947.03999999999,2025-01-06T16:00:00-05:00,0.0,10.0,-6752.960000000023,2025-01-07T16:00:00-05:00,0.0,10.0,-6752.960000000023,2025-01-08T16:00:00-05:00,0.0,,,2025-01-08T16:15:00-05:00,85500.0,3.0,hit,4.0,hit,4.0,hit,4.0,hit,4.0,hit,1505.0,hit,1505.0,hit,7.0,hit,7.0,hit,7.0,hit,8.0,hit,8.0,hit,8.0,hit,6.699999999999989,0,False,False,False,False,,6.699999999999989,0,False,False,False,False,,10.0,192,True,True,True,True,,10.0,192,True,True,True,True,,4.0,2025-01-06T09:35:00-05:00,1.9000000000000057,9347.039999999968,,,,,,,,,5.0,2025-01-06T09:36:00-05:00,6.25,647.0399999999779,4.0,2025-01-06T09:35:00-05:00,1.9000000000000057,9347.039999999968,,,,,,,,,5.0,2025-01-06T09:36:00-05:00,6.25,647.0399999999779,1505.0,2025-01-07T10:36:00-05:00,0.0,13147.039999999979,,,,,,,,,,,,,1505.0,2025-01-07T10:36:00-05:00,0.0,13147.039999999979,,,,,,,,,,,,,2342
2025-01-07,2025-01-09,2,5.0,2025-01-07T09:31:00-05:00,5.049999999999983,NDXP  250109P21630000,NDXP  250109P21620000,validation,False,False,0,0,0,130,0,680,available,False,2025-01-07T09:31:00-05:00,2025-01-08T16:15:00-05:00,10.0,-10052.960000000034,1425.0,last_observed_quote_not_settlement,1036.0,591,14,4.5,847.0399999999665,2025-01-07T09:32:00-05:00,0.0,5.549999999999997,-1252.9600000000278,2025-01-07T09:33:00-05:00,0.0,6.150000000000034,-2452.9600000001014,2025-01-07T09:36:00-05:00,0.0,6.75,-3652.9600000000332,2025-01-07T09:41:00-05:00,0.0,5.0,-152.9600000000334,2025-01-07T09:46:00-05:00,0.0,6.399999999999977,-2952.9599999999878,2025-01-07T10:01:00-05:00,0.0,8.449999999999932,-7052.959999999899,2025-01-07T10:31:00-05:00,0.0,9.75,-9652.960000000034,2025-01-07T11:31:00-05:00,0.0,9.800000000000011,-9752.960000000057,2025-01-07T16:00:00-05:00,0.0,10.0,-10052.960000000034,2025-01-08T16:00:00-05:00,0.0,,,2025-01-08T16:15:00-05:00,85500.0,,,,,0.0,hit,1.0,hit,1444.0,hit,1476.0,hit,1476.0,hit,1476.0,hit,1476.0,hit,2.0,hit,5.0,hit,9.0,hit,32.0,hit,46.0,hit,99.0,hit,10.0,369,True,True,True,True,,10.0,369,True,True,True,True,,10.0,369,True,True,True,True,,10.0,369,True,True,True,True,,1476.0,2025-01-08T10:07:00-05:00,0.0,9847.039999999968,,,,,,,,,1477.0,2025-01-08T10:08:00-05:00,8.949999999999989,-8052.960000000013,1476.0,2025-01-08T10:07:00-05:00,0.0,9847.039999999968,,,,,,,,,1477.0,2025-01-08T10:08:00-05:00,8.949999999999989,-8052.960000000013,1476.0,2025-01-08T10:07:00-05:00,0.0,9847.039999999968,,,,,,,,,1477.0,2025-01-08T10:08:00-05:00,8.949999999999989,-8052.960000000013,1476.0,2025-01-08T10:07:00-05:00,0.0,9847.039999999968,,,,,,,,,1477.0,2025-01-08T10:08:00-05:00,8.949999999999989,-8052.960000000013,2343
2025-01-07,2025-01-09,2,6.0,2025-01-07T09:31:00-05:00,5.950000000000017,NDXP  250109P21740000,NDXP  250109P21730000,validation,False,False,0,0,0,118,0,692,available,False,2025-01-07T09:31:00-05:00,2025-01-08T16:15:00-05:00,10.0,-8252.959999999965,1425.0,last_observed_quote_not_settlement,1036.0,600,12,7.550000000000011,-3452.9599999999878,2025-01-07T09:32:00-05:00,0.0,9.049999999999983,-6452.959999999933,2025-01-07T09:33:00-05:00,0.0,7.649999999999977,-3652.9599999999195,2025-01-07T09:36:00-05:00,0.0,6.900000000000006,-2152.9599999999764,2025-01-07T09:41:00-05:00,0.0,7.599999999999994,-3552.9599999999537,2025-01-07T09:46:00-05:00,0.0,8.850000000000023,-6052.960000000013,2025-01-07T10:01:00-05:00,0.0,,,2025-01-07T10:30:00-05:00,60.0,9.700000000000045,-7752.960000000058,2025-01-07T11:31:00-05:00,0.0,10.0,-8252.959999999965,2025-01-07T16:00:00-05:00,0.0,10.0,-8252.959999999965,2025-01-08T16:00:00-05:00,0.0,,,2025-01-08T16:15:00-05:00,85500.0,,,,,65.0,hit,65.0,hit,65.0,hit,65.0,hit,65.0,hit,65.0,hit,65.0,hit,1.0,hit,1.0,hit,1.0,hit,2.0,hit,2.0,hit,34.0,hit,10.0,52,True,True,True,True,,10.0,52,True,True,True,True,,10.0,52,True,True,True,True,,10.0,52,True,True,True,True,,65.0,2025-01-07T10:36:00-05:00,0.0,11647.040000000035,,,,,,,,,,,,,65.0,2025-01-07T10:36:00-05:00,0.0,11647.040000000035,,,,,,,,,,,,,65.0,2025-01-07T10:36:00-05:00,0.0,11647.040000000035,,,,,,,,,,,,,65.0,2025-01-07T10:36:00-05:00,0.0,11647.040000000035,,,,,,,,,,,,,2344
2025-01-07,2025-01-09,2,7.0,2025-01-07T09:31:00-05:00,7.050000000000011,NDXP  250109P21640000,NDXP  250109P21630000,validation,False,False,0,0,0,111,0,699,available,False,2025-01-07T09:31:00-05:00,2025-01-08T16:15:00-05:00,10.0,-6052.959999999977,1425.0,last_observed_quote_not_settlement,1037.0,578,19,6.0,1847.0400000000234,2025-01-07T09:32:00-05:00,0.0,4.5,4847.040000000024,2025-01-07T09:33:00-05:00,0.0,5.999999999999972,1847.0400000000802,2025-01-07T09:36:00-05:00,0.0,5.949999999999989,1947.0400000000461,2025-01-07T09:41:00-05:00,0.0,5.599999999999994,2647.040000000035,2025-01-07T09:46:00-05:00,0.0,7.150000000000006,-452.95999999998793,2025-01-07T10:01:00-05:00,0.0,7.2000000000000455,-552.9600000000676,2025-01-07T10:31:00-05:00,0.0,8.800000000000011,-3752.960000000001,2025-01-07T11:31:00-05:00,0.0,,,2025-01-07T15:59:00-05:00,60.0,10.0,-6052.959999999977,2025-01-08T16:00:00-05:00,0.0,,,2025-01-08T16:15:00-05:00,85500.0,,,,,2.0,hit,2.0,hit,1480.0,hit,1566.0,hit,1588.0,hit,1588.0,hit,1588.0,hit,36.0,hit,36.0,hit,0.0,hit,36.0,hit,40.0,hit,88.0,hit,10.0,375,True,True,True,True,,10.0,382,True,True,True,True,,10.0,382,True,True,True,True,,10.0,382,True,True,True,True,,1566.0,2025-01-08T11:37:00-05:00,2.6000000000000227,8647.039999999979,,,,,,,,,,,,,1588.0,2025-01-08T11:59:00-05:00,0.25,13347.040000000025,,,,,,,,,,,,,1588.0,2025-01-08T11:59:00-05:00,0.25,13347.040000000025,,,,,,,,,,,,,1588.0,2025-01-08T11:59:00-05:00,0.25,13347.040000000025,,,,,,,,,,,,,2345
2025-01-07,2025-01-10,3,5.0,2025-01-07T09:31:00-05:00,4.949999999999989,NDXP  250110P21650000,NDXP  250110P21640000,validation,False,False,0,0,0,95,0,1105,available,False,2025-01-07T09:31:00-05:00,2025-01-10T16:00:00-05:00,10.0,-10252.960000000021,0.0,last_observed_quote_not_settlement,2476.0,995,38,4.899999999999977,-152.95999999997656,2025-01-07T09:32:00-05:00,0.0,5.2999999999999545,-952.9599999999311,2025-01-07T09:33:00-05:00,0.0,5.25,-852.9600000000221,2025-01-07T09:36:00-05:00,0.0,4.849999999999994,-52.96000000001066,2025-01-07T09:41:00-05:00,0.0,4.699999999999989,247.04000000000067,2025-01-07T09:46:00-05:00,0.0,5.0,-352.96000000002203,2025-01-07T10:01:00-05:00,0.0,5.900000000000034,-2152.96000000009,2025-01-07T10:31:00-05:00,0.0,7.2999999999999545,-4952.959999999931,2025-01-07T11:31:00-05:00,0.0,8.850000000000023,-8052.960000000069,2025-01-07T16:00:00-05:00,0.0,9.5,-9352.960000000023,2025-01-08T16:00:00-05:00,0.0,,,2025-01-08T16:15:00-05:00,85500.0,10.0,-10252.960000000021,2025-01-10T16:00:00-05:00,0.0,0.0,hit,0.0,hit,28.0,hit,28.0,hit,375.0,hit,,never_hit,,never_hit,6.0,hit,9.0,hit,9.0,hit,9.0,hit,31.0,hit,48.0,hit,8.549999999999955,19,True,True,False,False,,10.0,339,True,True,True,True,,,,True,True,True,False,3.749999999999943,,,True,True,True,False,3.749999999999943,28.0,2025-01-07T09:59:00-05:00,2.6499999999999773,4347.040000000024,,,,,,,,,29.0,2025-01-07T10:00:00-05:00,4.899999999999977,-152.95999999997656,375.0,2025-01-07T15:46:00-05:00,1.2000000000000455,7247.039999999887,,,,,,,,,376.0,2025-01-07T15:47:00-05:00,8.899999999999977,-8152.959999999978,,,,,,,,,,,,,,,,,,,,,,,,,,,,,,,,,2346
2025-01-07,2025-01-10,3,6.0,2025-01-07T09:31:00-05:00,5.950000000000017,NDXP  250110P21740000,NDXP  250110P21730000,validation,False,False,0,0,0,121,0,1079,available,False,2025-01-07T09:31:00-05:00,2025-01-10T15:59:00-05:00,10.0,-8252.959999999965,1.0,last_observed_quote_not_settlement,2476.0,962,34,6.099999999999994,-552.9599999999539,2025-01-07T09:32:00-05:00,0.0,5.800000000000011,47.04000000001208,2025-01-07T09:33:00-05:00,0.0,7.0,-2352.959999999965,2025-01-07T09:36:00-05:00,0.0,6.5,-1352.9599999999652,2025-01-07T09:41:00-05:00,0.0,5.75,147.0400000000348,2025-01-07T09:46:00-05:00,0.0,7.0,-2352.959999999965,2025-01-07T10:01:00-05:00,0.0,7.850000000000023,-4052.9600000000105,2025-01-07T10:31:00-05:00,0.0,10.0,-8252.959999999965,2025-01-07T11:31:00-05:00,0.0,9.300000000000068,-6952.960000000104,2025-01-07T16:00:00-05:00,0.0,9.75,-7852.959999999967,2025-01-08T16:00:00-05:00,0.0,,,2025-01-08T16:15:00-05:00,85500.0,,,2025-01-10T15:59:00-05:00,60.0,6.0,hit,6.0,hit,93.0,hit,1573.0,hit,1573.0,hit,1573.0,hit,,never_hit,5.0,hit,5.0,hit,5.0,hit,28.0,hit,61.0,hit,62.0,hit,10.0,460,True,True,True,True,,10.0,460,True,True,True,True,,10.0,460,True,True,True,True,,,,True,True,True,False,5.399999999999949,1573.0,2025-01-08T11:44:00-05:00,0.5500000000000682,10547.039999999899,,,,,,,,,,,,,1573.0,2025-01-08T11:44:00-05:00,0.5500000000000682,10547.039999999899,,,,,,,,,,,,,1573.0,2025-01-08T11:44:00-05:00,0.5500000000000682,10547.039999999899,,,,,,,,,,,,,,,,,,,,,,,,,,,,,2347
2025-01-07,2025-01-10,3,7.0,2025-01-07T09:31:00-05:00,7.0,NDXP  250110P21850000,NDXP  250110P21840000,validation,False,False,0,0,0,142,0,1058,available,False,2025-01-07T09:31:00-05:00,2025-01-10T16:00:00-05:00,10.0,-6152.96,0.0,last_observed_quote_not_settlement,2476.0,934,25,7.25,-752.9599999999994,2025-01-07T09:32:00-05:00,0.0,7.0499999999999545,-352.95999999990835,2025-01-07T09:33:00-05:00,0.0,7.449999999999932,-1152.959999999863,2025-01-07T09:36:00-05:00,0.0,7.7000000000000455,-1652.9600000000903,2025-01-07T09:41:00-05:00,0.0,7.150000000000034,-552.9600000000676,2025-01-07T09:46:00-05:00,0.0,8.25,-2752.960000000001,2025-01-07T10:01:00-05:00,0.0,8.799999999999955,-3852.95999999991,2025-01-07T10:31:00-05:00,0.0,9.150000000000034,-4552.960000000069,2025-01-07T11:31:00-05:00,0.0,9.849999999999909,-5952.959999999819,2025-01-07T16:00:00-05:00,0.0,10.0,-6152.96,2025-01-08T16:00:00-05:00,0.0,,,2025-01-08T16:15:00-05:00,85500.0,10.0,-6152.96,2025-01-10T16:00:00-05:00,0.0,21.0,hit,61.0,hit,61.0,hit,61.0,hit,4402.0,hit,,never_hit,,never_hit,6.0,hit,11.0,hit,0.0,hit,11.0,hit,35.0,hit,45.0,hit,9.800000000000068,42,True,True,True,True,,10.0,749,True,True,True,True,,,,True,True,True,False,5.2999999999999545,,,True,True,True,False,5.2999999999999545,61.0,2025-01-07T10:32:00-05:00,2.25,9247.04,,,,,,,,,62.0,2025-01-07T10:33:00-05:00,9.0,-4252.960000000001,4402.0,2025-01-10T10:53:00-05:00,1.7000000000000455,10347.03999999991,,,,,,,,,4403.0,2025-01-10T10:54:00-05:00,9.949999999999932,-6152.9599999998645,,,,,,,,,,,,,,,,,,,,,,,,,,,,,,,,,2348
2025-01-08,2025-01-10,2,5.0,2025-01-08T09:31:00-05:00,4.950000000000017,NDXP  250110P21320000,NDXP  250110P21310000,validation,False,False,0,0,0,94,0,701,available,False,2025-01-08T09:31:00-05:00,2025-01-10T16:00:00-05:00,9.900000000000034,-10152.960000000034,0.0,last_observed_quote_not_settlement,2476.0,600,47,6.0,-2352.959999999965,2025-01-08T09:32:00-05:00,0.0,6.5,-3352.959999999965,2025-01-08T09:33:00-05:00,0.0,5.149999999999977,-652.9599999999198,2025-01-08T09:36:00-05:00,0.0,5.000000000000028,-352.96000000002203,2025-01-08T09:41:00-05:00,0.0,3.5,2647.040000000035,2025-01-08T09:46:00-05:00,0.0,5.599999999999966,-1552.959999999897,2025-01-08T10:01:00-05:00,0.0,3.0,3647.040000000035,2025-01-08T10:31:00-05:00,0.0,7.0,-4352.9599999999655,2025-01-08T11:31:00-05:00,0.0,6.699999999999989,-3752.9599999999423,2025-01-08T16:00:00-05:00,0.0,,,2025-01-08T16:15:00-05:00,85500.0,9.900000000000034,-10152.960000000034,2025-01-10T16:00:00-05:00,0.0,,,,,0.0,hit,0.0,hit,15.0,hit,60.0,hit,,never_hit,,never_hit,,never_hit,1.0,hit,1.0,hit,7.0,hit,44.0,hit,44.0,hit,2881.0,hit,9.350000000000023,56,True,True,True,True,,,,True,True,True,False,1.950000000000017,,,True,True,True,False,1.950000000000017,,,True,True,True,False,1.950000000000017,,,,,,,,,,,,,,,,,,,,,,,,,,,,,,,,,,,,,,,,,,,,,,,,,,,,,,,,,,,,,,,,,2349
2025-01-08,2025-01-10,2,6.0,2025-01-08T09:31:00-05:00,6.0,NDXP  250110P21350000,NDXP  250110P21340000,validation,False,False,0,0,0,77,0,718,available,False,2025-01-08T09:31:00-05:00,2025-01-10T16:00:00-05:00,10.0,-8152.96,0.0,last_observed_quote_not_settlement,2476.0,412,93,4.600000000000023,2547.0399999999554,2025-01-08T09:32:00-05:00,0.0,5.949999999999989,-152.95999999997656,2025-01-08T09:33:00-05:00,0.0,4.899999999999977,1947.0400000000461,2025-01-08T09:36:00-05:00,0.0,4.400000000000034,2947.0399999999327,2025-01-08T09:41:00-05:00,0.0,8.199999999999989,-4652.959999999978,2025-01-08T09:46:00-05:00,0.0,5.900000000000034,-52.9600000000675,2025-01-08T10:01:00-05:00,0.0,7.850000000000023,-3952.9600000000446,2025-01-08T10:31:00-05:00,0.0,5.299999999999983,1147.0400000000348,2025-01-08T11:31:00-05:00,0.0,5.700000000000017,347.0399999999666,2025-01-08T16:00:00-05:00,0.0,,,2025-01-08T16:15:00-05:00,85500.0,10.0,-8152.96,2025-01-10T16:00:00-05:00,0.0,,,,,1.0,hit,1.0,hit,23.0,hit,23.0,hit,23.0,hit,78.0,hit,78.0,hit,3.0,hit,3.0,hit,3.0,hit,3.0,hit,54.0,hit,337.0,hit,8.849999999999966,5,True,True,False,False,,8.849999999999966,5,True,True,False,False,,9.449999999999932,19,True,True,True,True,,9.449999999999932,19,True,True,True,True,,23.0,2025-01-08T09:54:00-05:00,1.6999999999999886,8347.040000000025,,,,,,,,,24.0,2025-01-08T09:55:00-05:00,4.449999999999989,2847.0400000000236,23.0,2025-01-08T09:54:00-05:00,1.6999999999999886,8347.040000000025,,,,,,,,,24.0,2025-01-08T09:55:00-05:00,4.449999999999989,2847.0400000000236,78.0,2025-01-08T10:49:00-05:00,0.25,11247.04,,,,,,,,,79.0,2025-01-08T10:50:00-05:00,4.850000000000023,2047.0399999999554,78.0,2025-01-08T10:49:00-05:00,0.25,11247.04,,,,,,,,,79.0,2025-01-08T10:50:00-05:00,4.850000000000023,2047.0399999999554,2350
2025-01-08,2025-01-10,2,7.0,2025-01-08T09:31:00-05:00,7.050000000000182,NDXP  250110P23280000,NDXP  250110P23270000,validation,False,False,0,0,0,109,0,686,available,False,2025-01-08T09:31:00-05:00,2025-01-10T16:00:00-05:00,10.0,-6052.959999999636,0.0,last_observed_quote_not_settlement,2476.0,613,2,9.599999999999909,-5352.959999999455,2025-01-08T09:32:00-05:00,0.0,10.0,-6052.959999999636,2025-01-08T09:33:00-05:00,0.0,10.0,-6052.959999999636,2025-01-08T09:36:00-05:00,0.0,10.0,-6052.959999999636,2025-01-08T09:41:00-05:00,0.0,8.5,-3152.959999999637,2025-01-08T09:46:00-05:00,0.0,10.0,-6052.959999999636,2025-01-08T10:01:00-05:00,0.0,,,2025-01-08T10:30:00-05:00,60.0,9.649999999999636,-5452.95999999891,2025-01-08T11:31:00-05:00,0.0,10.0,-6052.959999999636,2025-01-08T16:00:00-05:00,0.0,,,2025-01-08T16:15:00-05:00,85500.0,10.0,-6052.959999999636,2025-01-10T16:00:00-05:00,0.0,,,,,220.0,hit,220.0,hit,220.0,hit,220.0,hit,,never_hit,,never_hit,,never_hit,1.0,hit,1.0,hit,0.0,hit,1.0,hit,1.0,hit,1.0,hit,10.0,154,True,True,True,True,,,,True,True,True,False,4.250000000000455,,,True,True,True,False,4.250000000000455,,,True,True,True,False,4.250000000000455,220.0,2025-01-08T13:11:00-05:00,2.799999999999727,8247.04000000091,221.0,2025-01-08T13:12:00-05:00,2.800000000000182,8247.04,,,,,221.0,2025-01-08T13:12:00-05:00,2.800000000000182,8247.04,,,,,,,,,,,,,,,,,,,,,,,,,,,,,,,,,,,,,,,,,,,,,,,,,2351
2025-01-10,2025-01-13,3,5.0,2025-01-10T09:31:00-05:00,5.050000000000011,NDXP  250113P21080000,NDXP  250113P21070000,validation,False,False,0,0,0,84,0,711,available,False,2025-01-10T09:31:00-05:00,2025-01-13T16:00:00-05:00,10.0,-10052.959999999975,0.0,last_observed_quote_not_settlement,3917.0,637,6,5.599999999999994,-1352.9599999999652,2025-01-10T09:32:00-05:00,0.0,5.749999999999972,-1652.9599999999198,2025-01-10T09:33:00-05:00,0.0,5.449999999999989,-1052.9599999999539,2025-01-10T09:36:00-05:00,0.0,6.350000000000023,-2852.960000000022,2025-01-10T09:41:00-05:00,0.0,5.75,-1652.9599999999766,2025-01-10T09:46:00-05:00,0.0,7.7000000000000455,-5552.960000000067,2025-01-10T10:01:00-05:00,0.0,7.249999999999943,-4652.959999999863,2025-01-10T10:31:00-05:00,0.0,9.800000000000011,-9752.960000000001,2025-01-10T11:31:00-05:00,0.0,8.25,-6652.959999999978,2025-01-10T16:00:00-05:00,0.0,,,2025-01-10T16:15:00-05:00,85500.0,,,2025-01-10T16:15:00-05:00,171900.0,10.0,-10052.959999999975,2025-01-13T16:00:00-05:00,0.0,0.0,hit,3.0,hit,7.0,hit,7.0,hit,,never_hit,,never_hit,,never_hit,1.0,hit,8.0,hit,19.0,hit,29.0,hit,38.0,hit,38.0,hit,5.749999999999972,5,False,False,False,False,,,,True,True,True,False,2.75,,,True,True,True,False,2.75,,,True,True,True,False,2.75,7.0,2025-01-10T09:38:00-05:00,2.3000000000000114,5247.040000000001,,,,,,,,,8.0,2025-01-10T09:39:00-05:00,6.150000000000006,-2452.9599999999878,,,,,,,,,,,,,,,,,,,,,,,,,,,,,,,,,,,,,,,,,,,,,,,,,2352
2025-01-10,2025-01-13,3,6.0,2025-01-10T09:31:00-05:00,6.050000000000011,NDXP  250113P21110000,NDXP  250113P21100000,validation,False,False,0,0,0,97,0,698,available,False,2025-01-10T09:31:00-05:00,2025-01-13T16:00:00-05:00,10.0,-8052.959999999977,0.0,last_observed_quote_not_settlement,3916.0,607,23,6.149999999999977,-452.9599999999311,2025-01-10T09:32:00-05:00,0.0,5.699999999999989,447.0400000000462,2025-01-10T09:33:00-05:00,0.0,4.749999999999972,2347.0400000000805,2025-01-10T09:36:00-05:00,0.0,6.550000000000011,-1252.9599999999994,2025-01-10T09:41:00-05:00,0.0,6.199999999999989,-552.9599999999539,2025-01-10T09:46:00-05:00,0.0,7.949999999999989,-4052.9599999999537,2025-01-10T10:01:00-05:00,0.0,7.649999999999977,-3452.959999999931,2025-01-10T10:31:00-05:00,0.0,7.850000000000023,-3852.960000000022,2025-01-10T11:31:00-05:00,0.0,8.449999999999989,-5052.9599999999555,2025-01-10T16:00:00-05:00,0.0,,,2025-01-10T16:15:00-05:00,85500.0,,,2025-01-10T16:15:00-05:00,171900.0,10.0,-8052.959999999977,2025-01-13T16:00:00-05:00,0.0,3.0,hit,5.0,hit,23.0,hit,23.0,hit,23.0,hit,23.0,hit,4320.0,hit,6.0,hit,11.0,hit,11.0,hit,11.0,hit,42.0,hit,145.0,hit,8.950000000000017,17,True,True,False,False,,8.950000000000017,17,True,True,False,False,,8.950000000000017,17,True,True,False,False,,9.699999999999989,383,True,True,True,True,,23.0,2025-01-10T09:54:00-05:00,0.8500000000000227,10147.039999999979,,,,,,,,,24.0,2025-01-10T09:55:00-05:00,7.099999999999966,-2352.959999999908,23.0,2025-01-10T09:54:00-05:00,0.8500000000000227,10147.039999999979,,,,,,,,,24.0,2025-01-10T09:55:00-05:00,7.099999999999966,-2352.959999999908,23.0,2025-01-10T09:54:00-05:00,0.8500000000000227,10147.039999999979,,,,,,,,,24.0,2025-01-10T09:55:00-05:00,7.099999999999966,-2352.959999999908,,,,,,,,,,,,,,,,,2353
2025-01-10,2025-01-13,3,7.0,2025-01-10T09:31:00-05:00,7.0,NDXP  250113P21210000,NDXP  250113P21200000,validation,False,False,0,0,0,90,0,705,available,False,2025-01-10T09:31:00-05:00,2025-01-13T15:58:00-05:00,9.949999999999932,-6152.9599999998645,2.0,last_observed_quote_not_settlement,3916.0,601,38,6.600000000000023,547.0399999999552,2025-01-10T09:32:00-05:00,0.0,6.100000000000023,1547.0399999999552,2025-01-10T09:33:00-05:00,0.0,7.050000000000011,-352.96000000002203,2025-01-10T09:36:00-05:00,0.0,8.000000000000057,-2252.9600000001146,2025-01-10T09:41:00-05:00,0.0,7.25,-752.9599999999994,2025-01-10T09:46:00-05:00,0.0,8.399999999999977,-3052.9599999999555,2025-01-10T10:01:00-05:00,0.0,9.099999999999966,-4452.959999999933,2025-01-10T10:31:00-05:00,0.0,9.299999999999955,-4852.95999999991,2025-01-10T11:31:00-05:00,0.0,9.199999999999989,-4652.959999999978,2025-01-10T16:00:00-05:00,0.0,,,2025-01-10T16:15:00-05:00,85500.0,,,2025-01-10T16:15:00-05:00,171900.0,,,2025-01-13T15:58:00-05:00,120.0,21.0,hit,21.0,hit,21.0,hit,21.0,hit,119.0,hit,119.0,hit,,never_hit,7.0,hit,7.0,hit,0.0,hit,7.0,hit,7.0,hit,7.0,hit,9.5,14,True,True,True,True,,9.800000000000068,93,True,True,True,True,,9.800000000000068,93,True,True,True,True,,,,True,True,True,False,6.100000000000023,21.0,2025-01-10T09:52:00-05:00,2.3000000000000114,9147.039999999979,,,,,,,,,22.0,2025-01-10T09:53:00-05:00,7.449999999999989,-1152.9599999999766,119.0,2025-01-10T11:30:00-05:00,0.8999999999999773,11947.040000000046,,,,,,,,,120.0,2025-01-10T11:31:00-05:00,9.299999999999955,-4852.95999999991,119.0,2025-01-10T11:30:00-05:00,0.8999999999999773,11947.040000000046,,,,,,,,,120.0,2025-01-10T11:31:00-05:00,9.299999999999955,-4852.95999999991,,,,,,,,,,,,,,,,,2354
2025-01-13,2025-01-15,2,5.0,2025-01-13T09:31:00-05:00,5.049999999999983,NDXP  250115P20650000,NDXP  250115P20640000,validation,False,False,0,0,0,106,15,1094,available,False,2025-01-13T09:31:00-05:00,2025-01-15T16:00:00-05:00,0.025,9797.039999999966,0.0,last_observed_quote_not_settlement,1036.0,56,64,4.800000000000011,247.03999999994383,2025-01-13T09:32:00-05:00,0.0,4.850000000000023,147.03999999992112,2025-01-13T09:33:00-05:00,0.0,4.800000000000011,247.03999999994383,2025-01-13T09:36:00-05:00,0.0,5.300000000000011,-752.9600000000562,2025-01-13T09:41:00-05:00,0.0,5.2000000000000455,-552.9600000001244,2025-01-13T09:46:00-05:00,0.0,4.350000000000023,1147.039999999921,2025-01-13T10:01:00-05:00,0.0,5.050000000000011,-252.96000000005614,2025-01-13T10:31:00-05:00,0.0,4.949999999999989,-52.96000000001066,2025-01-13T11:31:00-05:00,0.0,3.700000000000003,2447.039999999961,2025-01-13T16:00:00-05:00,0.0,4.200000000000003,1447.0399999999609,2025-01-14T16:00:00-05:00,0.0,0.025,9797.039999999966,2025-01-15T16:00:00-05:00,0.0,,,,,0.0,hit,1.0,hit,12.0,hit,12.0,hit,12.0,hit,2880.0,hit,2880.0,hit,14.0,hit,70.0,hit,116.0,hit,116.0,hit,,never_hit,,never_hit,5.5,4,False,False,False,False,,5.5,4,False,False,False,False,,8.25,56,True,True,False,False,,8.25,56,True,True,False,False,,12.0,2025-01-13T09:43:00-05:00,1.4999999999999716,6847.040000000024,1442.0,2025-01-14T09:33:00-05:00,2.9000000000000057,4047.0399999999554,1443.0,2025-01-14T09:34:00-05:00,2.500000000000014,4847.039999999938,13.0,2025-01-13T09:44:00-05:00,5.0,-152.9600000000334,12.0,2025-01-13T09:43:00-05:00,1.4999999999999716,6847.040000000024,2881.0,2025-01-15T09:32:00-05:00,0.25,9347.039999999968,2882.0,2025-01-15T09:33:00-05:00,0.3000000000000007,9247.039999999966,13.0,2025-01-13T09:44:00-05:00,5.0,-152.9600000000334,2880.0,2025-01-15T09:31:00-05:00,0.4500000000000002,8947.039999999966,2881.0,2025-01-15T09:32:00-05:00,0.25,9347.039999999968,2882.0,2025-01-15T09:33:00-05:00,0.3000000000000007,9247.039999999966,2881.0,2025-01-15T09:32:00-05:00,0.25,9347.039999999968,2881.0,2025-01-15T09:32:00-05:00,0.25,9347.039999999968,2882.0,2025-01-15T09:33:00-05:00,0.3000000000000007,9247.039999999966,2883.0,2025-01-15T09:34:00-05:00,0.25,9347.039999999968,2882.0,2025-01-15T09:33:00-05:00,0.3000000000000007,9247.039999999966,2355
2025-01-13,2025-01-15,2,6.0,2025-01-13T09:31:00-05:00,6.0,NDXP  250115P20720000,NDXP  250115P20710000,validation,False,False,0,0,0,2,15,1198,available,False,2025-01-13T09:31:00-05:00,2025-01-15T16:00:00-05:00,4.975,1797.0400000000013,0.0,last_observed_quote_not_settlement,1036.0,15,22,5.050000000000011,1647.039999999978,2025-01-13T09:32:00-05:00,0.0,4.9500000000000455,1847.0399999999097,2025-01-13T09:33:00-05:00,0.0,5.5499999999999545,647.0400000000916,2025-01-13T09:36:00-05:00,0.0,5.899999999999977,-52.959999999953816,2025-01-13T09:41:00-05:00,0.0,5.699999999999989,347.04000000002344,2025-01-13T09:46:00-05:00,0.0,5.150000000000006,1447.0399999999893,2025-01-13T10:01:00-05:00,0.0,6.999999999999972,-2252.9599999999423,2025-01-13T10:31:00-05:00,0.0,5.550000000000011,647.0399999999779,2025-01-13T11:31:00-05:00,0.0,4.349999999999966,3047.040000000069,2025-01-13T16:00:00-05:00,0.0,4.200000000000017,3347.0399999999668,2025-01-14T16:00:00-05:00,0.0,4.975,1797.0400000000013,2025-01-15T16:00:00-05:00,0.0,,,,,1.0,hit,2.0,hit,14.0,hit,46.0,hit,2880.0,hit,2880.0,hit,2881.0,hit,6.0,hit,126.0,hit,126.0,hit,,never_hit,,never_hit,,never_hit,6.600000000000023,4,False,False,False,False,,7.650000000000006,15,True,False,False,False,,7.650000000000006,15,True,False,False,False,,7.650000000000006,15,True,False,False,False,,46.0,2025-01-13T10:17:00-05:00,2.5,6747.040000000001,1446.0,2025-01-14T09:37:00-05:00,2.8499999999999943,6047.040000000012,1447.0,2025-01-14T09:38:00-05:00,2.6999999999999886,6347.040000000024,47.0,2025-01-13T10:18:00-05:00,5.700000000000017,347.0399999999666,2880.0,2025-01-15T09:31:00-05:00,0.7999999999999989,10147.040000000005,2881.0,2025-01-15T09:32:00-05:00,0.5,10747.04,2882.0,2025-01-15T09:33:00-05:00,0.5499999999999998,10647.040000000003,2881.0,2025-01-15T09:32:00-05:00,0.5,10747.04,2880.0,2025-01-15T09:31:00-05:00,0.7999999999999989,10147.040000000005,2881.0,2025-01-15T09:32:00-05:00,0.5,10747.04,2882.0,2025-01-15T09:33:00-05:00,0.5499999999999998,10647.040000000003,2881.0,2025-01-15T09:32:00-05:00,0.5,10747.04,2890.0,2025-01-15T09:41:00-05:00,0.34999999999999964,11047.040000000003,2891.0,2025-01-15T09:42:00-05:00,0.39999999999999947,10947.040000000003,2892.0,2025-01-15T09:43:00-05:00,0.40000000000000036,10947.04,2891.0,2025-01-15T09:42:00-05:00,0.39999999999999947,10947.040000000003,2356
2025-01-13,2025-01-15,2,7.0,2025-01-13T09:31:00-05:00,7.0499999999999545,NDXP  250115P21110000,NDXP  250115P21100000,validation,False,False,0,0,0,16,15,1184,available,False,2025-01-13T09:31:00-05:00,2025-01-15T16:00:00-05:00,0.025,13797.03999999991,0.0,last_observed_quote_not_settlement,1036.0,715,69,8.399999999999977,-2952.9600000000464,2025-01-13T09:32:00-05:00,0.0,8.100000000000023,-2352.9600000001374,2025-01-13T09:33:00-05:00,0.0,8.700000000000045,-3552.960000000183,2025-01-13T09:36:00-05:00,0.0,8.650000000000091,-3452.960000000274,2025-01-13T09:41:00-05:00,0.0,8.349999999999909,-2852.95999999991,2025-01-13T09:46:00-05:00,0.0,8.050000000000011,-2252.9600000001146,2025-01-13T10:01:00-05:00,0.0,8.699999999999932,-3552.9599999999555,2025-01-13T10:31:00-05:00,0.0,8.649999999999977,-3452.9600000000464,2025-01-13T11:31:00-05:00,0.0,8.599999999999966,-3352.9600000000237,2025-01-13T16:00:00-05:00,0.0,9.75,-5652.960000000092,2025-01-14T16:00:00-05:00,0.0,0.025,13797.03999999991,2025-01-15T16:00:00-05:00,0.0,,,,,79.0,hit,79.0,hit,79.0,hit,79.0,hit,2909.0,hit,3118.0,hit,3146.0,hit,1.0,hit,1.0,hit,0.0,hit,1.0,hit,13.0,hit,13.0,hit,9.699999999999989,75,True,True,True,True,,10.0,714,True,True,True,True,,10.0,715,True,True,True,True,,10.0,715,True,True,True,True,,79.0,2025-01-13T10:50:00-05:00,2.8500000000000227,8147.0399999998635,2910.0,2025-01-15T10:01:00-05:00,2.8499999999999943,8147.039999999922,2911.0,2025-01-15T10:02:00-05:00,2.6500000000000057,8547.039999999899,80.0,2025-01-13T10:51:00-05:00,8.800000000000068,-3752.9600000002283,2909.0,2025-01-15T10:00:00-05:00,1.25,11347.03999999991,2934.0,2025-01-15T10:25:00-05:00,1.8999999999999986,10047.039999999914,2940.0,2025-01-15T10:31:00-05:00,1.8999999999999986,10047.039999999914,2910.0,2025-01-15T10:01:00-05:00,2.8499999999999943,8147.039999999922,3119.0,2025-01-15T13:30:00-05:00,0.9000000000000004,12047.03999999991,3120.0,2025-01-15T13:31:00-05:00,0.75,12347.03999999991,3121.0,2025-01-15T13:32:00-05:00,0.75,12347.03999999991,3120.0,2025-01-15T13:31:00-05:00,0.75,12347.03999999991,3162.0,2025-01-15T14:13:00-05:00,0.44999999999999973,12947.03999999991,3163.0,2025-01-15T14:14:00-05:00,0.3500000000000001,13147.03999999991,3164.0,2025-01-15T14:15:00-05:00,0.375,13097.03999999991,3163.0,2025-01-15T14:14:00-05:00,0.3500000000000001,13147.03999999991,2357
2025-01-13,2025-01-16,3,5.0,2025-01-13T09:31:00-05:00,5.0,NDXP  250116P20750000,NDXP  250116P20740000,validation,False,False,0,0,1,12,0,1592,available,False,2025-01-13T09:31:00-05:00,2025-01-16T15:59:00-05:00,0.024999999999999994,9697.04,1.0,last_observed_quote_not_settlement,1036.0,290,106,5.0,-252.9599999999993,2025-01-13T09:32:00-05:00,0.0,5.25,-752.9599999999994,2025-01-13T09:33:00-05:00,0.0,5.550000000000011,-1352.960000000022,2025-01-13T09:36:00-05:00,0.0,6.75,-3752.959999999999,2025-01-13T09:41:00-05:00,0.0,5.650000000000034,-1552.9600000000676,2025-01-13T09:46:00-05:00,0.0,4.5499999999999545,647.0400000000916,2025-01-13T10:01:00-05:00,0.0,3.750000000000057,2247.039999999887,2025-01-13T10:31:00-05:00,0.0,5.949999999999989,-2152.9599999999764,2025-01-13T11:31:00-05:00,0.0,4.199999999999989,1347.0400000000234,2025-01-13T16:00:00-05:00,0.0,5.849999999999994,-1952.959999999988,2025-01-14T16:00:00-05:00,0.0,0.3500000000000014,9047.039999999999,2025-01-15T16:00:00-05:00,0.0,,,2025-01-16T15:59:00-05:00,60.0,0.0,hit,0.0,hit,48.0,hit,123.0,hit,1441.0,hit,2895.0,hit,2931.0,hit,3.0,hit,3.0,hit,109.0,hit,109.0,hit,,never_hit,,never_hit,8.900000000000091,103,True,True,False,False,,8.900000000000091,185,True,True,False,False,,8.900000000000091,290,True,True,False,False,,8.900000000000091,290,True,True,False,False,,123.0,2025-01-13T11:34:00-05:00,2.6999999999999886,4347.040000000024,2881.0,2025-01-15T09:32:00-05:00,1.5500000000000007,6647.039999999999,2882.0,2025-01-15T09:33:00-05:00,1.5500000000000007,6647.039999999999,124.0,2025-01-13T11:35:00-05:00,5.899999999999977,-2052.9599999999537,1498.0,2025-01-14T10:29:00-05:00,1.8000000000000114,6147.039999999978,2881.0,2025-01-15T09:32:00-05:00,1.5500000000000007,6647.039999999999,2882.0,2025-01-15T09:33:00-05:00,1.5500000000000007,6647.039999999999,1499.0,2025-01-14T10:30:00-05:00,3.7500000000000284,2247.039999999944,2895.0,2025-01-15T09:46:00-05:00,0.9499999999999993,7847.040000000002,2900.0,2025-01-15T09:51:00-05:00,0.9499999999999957,7847.040000000009,2908.0,2025-01-15T09:59:00-05:00,0.7999999999999972,8147.040000000007,2896.0,2025-01-15T09:47:00-05:00,1.1000000000000014,7547.039999999998,3110.0,2025-01-15T13:21:00-05:00,0.4499999999999993,8847.040000000003,3118.0,2025-01-15T13:29:00-05:00,0.4499999999999993,8847.040000000003,3122.0,2025-01-15T13:33:00-05:00,0.39999999999999947,8947.040000000003,3111.0,2025-01-15T13:22:00-05:00,0.5,8747.04,2358
2025-01-13,2025-01-16,3,6.0,2025-01-13T09:31:00-05:00,5.9500000000000455,NDXP  250116P20880000,NDXP  250116P20870000,validation,False,False,0,0,0,1,0,1604,available,False,2025-01-13T09:31:00-05:00,2025-01-16T16:00:00-05:00,0.0,11647.040000000092,0.0,last_observed_quote_not_settlement,1036.0,372,155,6.399999999999977,-1152.959999999863,2025-01-13T09:32:00-05:00,0.0,6.0,-352.95999999990835,2025-01-13T09:33:00-05:00,0.0,6.550000000000011,-1452.9599999999311,2025-01-13T09:36:00-05:00,0.0,6.7000000000000455,-1752.9599999999994,2025-01-13T09:41:00-05:00,0.0,6.5,-1352.9599999999084,2025-01-13T09:46:00-05:00,0.0,6.2999999999999545,-952.9599999998175,2025-01-13T10:01:00-05:00,0.0,7.0,-2352.959999999908,2025-01-13T10:31:00-05:00,0.0,6.600000000000023,-1552.9599999999539,2025-01-13T11:31:00-05:00,0.0,5.299999999999983,1047.0400000001257,2025-01-13T16:00:00-05:00,0.0,5.5,647.0400000000916,2025-01-14T16:00:00-05:00,0.0,0.8000000000000007,10047.040000000092,2025-01-15T16:00:00-05:00,0.0,0.0,11647.040000000092,2025-01-16T16:00:00-05:00,0.0,78.0,hit,240.0,hit,240.0,hit,1467.0,hit,1467.0,hit,3108.0,hit,3220.0,hit,3.0,hit,60.0,hit,60.0,hit,71.0,hit,1613.0,hit,,never_hit,8.699999999999989,231,True,True,False,False,,8.699999999999989,231,True,True,False,False,,9.300000000000068,372,True,True,True,True,,9.300000000000068,372,True,True,True,True,,1467.0,2025-01-14T09:58:00-05:00,1.700000000000017,8247.040000000059,2883.0,2025-01-15T09:34:00-05:00,2.500000000000007,6647.040000000077,2884.0,2025-01-15T09:35:00-05:00,2.3999999999999986,6847.040000000095,1468.0,2025-01-14T09:59:00-05:00,4.5,2647.040000000092,1467.0,2025-01-14T09:58:00-05:00,1.700000000000017,8247.040000000059,2896.0,2025-01-15T09:47:00-05:00,1.75,8147.040000000091,2897.0,2025-01-15T09:48:00-05:00,1.7999999999999972,8047.040000000097,1468.0,2025-01-14T09:59:00-05:00,4.5,2647.040000000092,3113.0,2025-01-15T13:24:00-05:00,0.9499999999999957,9747.040000000101,3118.0,2025-01-15T13:29:00-05:00,0.9499999999999993,9747.040000000094,3119.0,2025-01-15T13:30:00-05:00,0.8999999999999986,9847.040000000095,3114.0,2025-01-15T13:25:00-05:00,1.0500000000000043,9547.040000000085,4320.0,2025-01-16T09:31:00-05:00,0.30000000000000027,11047.040000000092,4321.0,2025-01-16T09:32:00-05:00,0.39999999999999947,10847.040000000094,4322.0,2025-01-16T09:33:00-05:00,0.34999999999999964,10947.040000000094,4321.0,2025-01-16T09:32:00-05:00,0.39999999999999947,10847.040000000094,2359
2025-01-13,2025-01-16,3,7.0,2025-01-13T09:31:00-05:00,7.0,NDXP  250116P20970000,NDXP  250116P20960000,validation,False,False,0,0,0,10,0,1595,available,False,2025-01-13T09:31:00-05:00,2025-01-16T16:00:00-05:00,0.025000000000000355,13697.04,0.0,last_observed_quote_not_settlement,1036.0,176,140,7.199999999999989,-652.9599999999766,2025-01-13T09:32:00-05:00,0.0,7.0,-252.9599999999993,2025-01-13T09:33:00-05:00,0.0,7.300000000000011,-852.9600000000221,2025-01-13T09:36:00-05:00,0.0,7.0,-252.9599999999993,2025-01-13T09:41:00-05:00,0.0,7.300000000000011,-852.9600000000221,2025-01-13T09:46:00-05:00,0.0,6.349999999999966,1047.0400000000689,2025-01-13T10:01:00-05:00,0.0,7.4500000000000455,-1152.9600000000903,2025-01-13T10:31:00-05:00,0.0,7.300000000000011,-852.9600000000221,2025-01-13T11:31:00-05:00,0.0,6.149999999999977,1447.0400000000461,2025-01-13T16:00:00-05:00,0.0,6.300000000000011,1147.039999999978,2025-01-14T16:00:00-05:00,0.0,2.3000000000000007,9147.04,2025-01-15T16:00:00-05:00,0.0,0.025000000000000355,13697.04,2025-01-16T16:00:00-05:00,0.0,12.0,hit,12.0,hit,1461.0,hit,1461.0,hit,1461.0,hit,3179.0,hit,4330.0,hit,8.0,hit,79.0,hit,0.0,hit,79.0,hit,79.0,hit,79.0,hit,10.0,97,True,True,True,True,,10.0,97,True,True,True,True,,10.0,176,True,True,True,True,,10.0,176,True,True,True,True,,1461.0,2025-01-14T09:52:00-05:00,1.6499999999999773,10447.040000000046,2884.0,2025-01-15T09:35:00-05:00,2.5999999999999943,8547.040000000014,2885.0,2025-01-15T09:36:00-05:00,2.8999999999999915,7947.040000000018,1462.0,2025-01-14T09:53:00-05:00,5.25,3247.040000000001,1461.0,2025-01-14T09:52:00-05:00,1.6499999999999773,10447.040000000046,2921.0,2025-01-15T10:12:00-05:00,1.9000000000000057,9947.03999999999,2927.0,2025-01-15T10:18:00-05:00,1.6999999999999957,10347.04000000001,1462.0,2025-01-14T09:53:00-05:00,5.25,3247.040000000001,3221.0,2025-01-15T15:12:00-05:00,0.9499999999999993,11847.040000000003,3222.0,2025-01-15T15:13:00-05:00,0.9499999999999993,11847.040000000003,3223.0,2025-01-15T15:14:00-05:00,0.9000000000000004,11947.04,3222.0,2025-01-15T15:13:00-05:00,0.9499999999999993,11847.040000000003,4330.0,2025-01-16T09:41:00-05:00,0.40000000000000036,12947.04,4408.0,2025-01-16T10:59:00-05:00,0.34999999999999964,13047.040000000003,4409.0,2025-01-16T11:00:00-05:00,0.2749999999999999,13197.04,4331.0,2025-01-16T09:42:00-05:00,0.5999999999999996,12547.040000000003,2360
2025-01-14,2025-01-16,2,5.0,2025-01-14T09:31:00-05:00,5.050000000000011,NDXP  250116P20940000,NDXP  250116P20930000,validation,False,False,0,0,0,3,0,1197,available,False,2025-01-14T09:31:00-05:00,2025-01-16T16:00:00-05:00,6.7,-3552.959999999977,0.0,last_observed_quote_not_settlement,1036.0,343,47,6.199999999999989,-2552.9599999999537,2025-01-14T09:32:00-05:00,0.0,4.799999999999983,247.04000000005752,2025-01-14T09:33:00-05:00,0.0,4.550000000000011,747.0400000000006,2025-01-14T09:36:00-05:00,0.0,4.599999999999994,647.0400000000348,2025-01-14T09:41:00-05:00,0.0,4.599999999999994,647.0400000000348,2025-01-14T09:46:00-05:00,0.0,5.550000000000011,-1252.9599999999994,2025-01-14T10:01:00-05:00,0.0,5.25,-652.9599999999766,2025-01-14T10:31:00-05:00,0.0,5.399999999999977,-952.9599999999311,2025-01-14T11:31:00-05:00,0.0,1.8000000000000114,6247.040000000001,2025-01-14T16:00:00-05:00,0.0,,,2025-01-15T15:59:00-05:00,60.0,6.7,-3552.959999999977,2025-01-16T16:00:00-05:00,0.0,,,,,0.0,hit,2.0,hit,17.0,hit,23.0,hit,389.0,hit,1730.0,hit,2880.0,hit,1.0,hit,1.0,hit,53.0,hit,80.0,hit,,never_hit,,never_hit,6.199999999999989,1,False,False,False,False,,8.750000000000057,330,True,True,False,False,,8.750000000000057,343,True,True,False,False,,8.750000000000057,343,True,True,False,False,,23.0,2025-01-14T09:54:00-05:00,2.200000000000017,5447.039999999989,1443.0,2025-01-15T09:34:00-05:00,2.799999999999983,4247.040000000057,1452.0,2025-01-15T09:43:00-05:00,2.5999999999999943,4647.0400000000345,24.0,2025-01-14T09:55:00-05:00,5.349999999999994,-852.9599999999652,389.0,2025-01-14T16:00:00-05:00,1.8000000000000114,6247.040000000001,1472.0,2025-01-15T10:03:00-05:00,1.8999999999999986,6047.040000000026,1473.0,2025-01-15T10:04:00-05:00,1.7000000000000028,6447.040000000018,390.0,2025-01-14T16:01:00-05:00,4.7999999999999545,247.04000000011436,1738.0,2025-01-15T14:29:00-05:00,0.8999999999999986,8047.040000000026,1739.0,2025-01-15T14:30:00-05:00,0.9000000000000004,8047.040000000023,1740.0,2025-01-15T14:31:00-05:00,0.8999999999999986,8047.040000000026,1739.0,2025-01-15T14:30:00-05:00,0.9000000000000004,8047.040000000023,2889.0,2025-01-16T09:40:00-05:00,0.4499999999999993,8947.040000000026,2890.0,2025-01-16T09:41:00-05:00,0.34999999999999964,9147.040000000025,2963.0,2025-01-16T10:54:00-05:00,0.39999999999999947,9047.040000000025,2890.0,2025-01-16T09:41:00-05:00,0.34999999999999964,9147.040000000025,2361
2025-01-14,2025-01-16,2,6.0,2025-01-14T09:31:00-05:00,6.0,NDXP  250116P20970000,NDXP  250116P20960000,validation,False,False,0,0,0,9,0,1191,available,False,2025-01-14T09:31:00-05:00,2025-01-16T16:00:00-05:00,0.025000000000000355,11697.04,0.0,last_observed_quote_not_settlement,1036.0,262,59,6.699999999999989,-1652.9599999999766,2025-01-14T09:32:00-05:00,0.0,5.25,1247.0400000000006,2025-01-14T09:33:00-05:00,0.0,5.25,1247.0400000000006,2025-01-14T09:36:00-05:00,0.0,4.849999999999994,2047.0400000000122,2025-01-14T09:41:00-05:00,0.0,4.699999999999989,2347.0400000000236,2025-01-14T09:46:00-05:00,0.0,5.750000000000057,247.039999999887,2025-01-14T10:01:00-05:00,0.0,5.400000000000006,947.0399999999893,2025-01-14T10:31:00-05:00,0.0,6.25,-752.9599999999994,2025-01-14T11:31:00-05:00,0.0,6.300000000000011,-852.9600000000221,2025-01-14T16:00:00-05:00,0.0,2.3000000000000007,7147.039999999999,2025-01-15T16:00:00-05:00,0.0,0.025000000000000355,11697.04,2025-01-16T16:00:00-05:00,0.0,,,,,2.0,hit,3.0,hit,21.0,hit,21.0,hit,21.0,hit,1739.0,hit,2890.0,hit,1.0,hit,53.0,hit,53.0,hit,63.0,hit,125.0,hit,,never_hit,6.699999999999989,1,False,False,False,False,,6.699999999999989,1,False,False,False,False,,9.299999999999955,262,True,True,True,True,,9.299999999999955,262,True,True,True,True,,21.0,2025-01-14T09:52:00-05:00,1.6499999999999773,8447.040000000046,1444.0,2025-01-15T09:35:00-05:00,2.5999999999999943,6547.040000000012,1445.0,2025-01-15T09:36:00-05:00,2.8999999999999915,5947.040000000018,22.0,2025-01-14T09:53:00-05:00,5.25,1247.0400000000006,21.0,2025-01-14T09:52:00-05:00,1.6499999999999773,8447.040000000046,1481.0,2025-01-15T10:12:00-05:00,1.9000000000000057,7947.039999999989,1487.0,2025-01-15T10:18:00-05:00,1.6999999999999957,8347.04000000001,22.0,2025-01-14T09:53:00-05:00,5.25,1247.0400000000006,1781.0,2025-01-15T15:12:00-05:00,0.9499999999999993,9847.040000000003,1782.0,2025-01-15T15:13:00-05:00,0.9499999999999993,9847.040000000003,1783.0,2025-01-15T15:14:00-05:00,0.9000000000000004,9947.04,1782.0,2025-01-15T15:13:00-05:00,0.9499999999999993,9847.040000000003,2890.0,2025-01-16T09:41:00-05:00,0.40000000000000036,10947.04,2968.0,2025-01-16T10:59:00-05:00,0.34999999999999964,11047.040000000003,2969.0,2025-01-16T11:00:00-05:00,0.2749999999999999,11197.04,2891.0,2025-01-16T09:42:00-05:00,0.5999999999999996,10547.040000000003,2362
2025-01-14,2025-01-16,2,7.0,2025-01-14T09:31:00-05:00,7.000000000000057,NDXP  250116P21350000,NDXP  250116P21340000,validation,False,False,0,0,0,60,0,1140,available,False,2025-01-14T09:31:00-05:00,2025-01-16T16:00:00-05:00,9.999999999999972,-6152.959999999886,0.0,last_observed_quote_not_settlement,1037.0,765,132,7.650000000000034,-1552.9599999999539,2025-01-14T09:32:00-05:00,0.0,8.25,-2752.9599999998873,2025-01-14T09:33:00-05:00,0.0,4.9500000000000455,3847.0400000000236,2025-01-14T09:36:00-05:00,0.0,,,2025-01-14T09:39:00-05:00,120.0,8.0,-2252.9599999998873,2025-01-14T09:46:00-05:00,0.0,8.399999999999977,-3052.959999999842,2025-01-14T10:01:00-05:00,0.0,8.399999999999977,-3052.959999999842,2025-01-14T10:31:00-05:00,0.0,9.050000000000068,-4352.960000000024,2025-01-14T11:31:00-05:00,0.0,9.149999999999977,-4552.959999999842,2025-01-14T16:00:00-05:00,0.0,6.649999999999977,447.04000000015986,2025-01-15T16:00:00-05:00,0.0,9.999999999999972,-6152.959999999886,2025-01-16T16:00:00-05:00,0.0,,,,,5.0,hit,5.0,hit,1465.0,hit,1465.0,hit,,never_hit,,never_hit,,never_hit,1.0,hit,2.0,hit,0.0,hit,2.0,hit,3.0,hit,63.0,hit,9.999999999999886,362,True,True,True,True,,,,True,True,True,False,4.7000000000000455,,,True,True,True,False,4.7000000000000455,,,True,True,True,False,4.7000000000000455,1465.0,2025-01-15T09:56:00-05:00,2.3000000000000114,9147.040000000092,,,,,,,,,1466.0,2025-01-15T09:57:00-05:00,7.449999999999989,-1152.959999999863,,,,,,,,,,,,,,,,,,,,,,,,,,,,,,,,,,,,,,,,,,,,,,,,,2363
2025-01-21,2025-01-23,2,5.0,2025-01-21T09:31:00-05:00,5.0,NDXP  250123P21640000,NDXP  250123P21630000,validation,False,False,0,0,0,1,15,1199,available,False,2025-01-21T09:31:00-05:00,2025-01-23T15:59:00-05:00,0.0,9747.04,1.0,last_observed_quote_not_settlement,1036.0,336,52,5.299999999999983,-852.9599999999652,2025-01-21T09:32:00-05:00,0.0,5.600000000000023,-1452.9600000000448,2025-01-21T09:33:00-05:00,0.0,5.900000000000006,-2052.9600000000105,2025-01-21T09:36:00-05:00,0.0,6.0,-2252.959999999999,2025-01-21T09:41:00-05:00,0.0,7.200000000000017,-4652.960000000034,2025-01-21T09:46:00-05:00,0.0,6.0,-2252.959999999999,2025-01-21T10:01:00-05:00,0.0,5.650000000000006,-1552.9600000000107,2025-01-21T10:31:00-05:00,0.0,6.75,-3752.959999999999,2025-01-21T11:31:00-05:00,0.0,6.0,-2252.959999999999,2025-01-21T16:00:00-05:00,0.0,1.1500000000000004,7447.04,2025-01-22T16:00:00-05:00,0.0,,,2025-01-23T15:59:00-05:00,60.0,,,,,0.0,hit,0.0,hit,150.0,hit,392.0,hit,1442.0,hit,1557.0,hit,2999.0,hit,2.0,hit,7.0,hit,15.0,hit,54.0,hit,,never_hit,,never_hit,8.899999999999977,333,True,True,False,False,,8.899999999999977,336,True,True,False,False,,8.899999999999977,336,True,True,False,False,,8.899999999999977,336,True,True,False,False,,392.0,2025-01-21T16:03:00-05:00,2.25,5247.040000000001,1441.0,2025-01-22T09:32:00-05:00,2.250000000000007,5247.039999999986,1442.0,2025-01-22T09:33:00-05:00,1.8999999999999915,5947.040000000018,393.0,2025-01-21T16:04:00-05:00,4.799999999999997,147.0400000000064,1442.0,2025-01-22T09:33:00-05:00,1.8999999999999915,5947.040000000018,1456.0,2025-01-22T09:47:00-05:00,1.9499999999999957,5847.040000000009,1460.0,2025-01-22T09:51:00-05:00,1.6499999999999986,6447.040000000004,1443.0,2025-01-22T09:34:00-05:00,2.1000000000000085,5547.039999999984,1566.0,2025-01-22T11:37:00-05:00,0.9499999999999993,7847.040000000002,1567.0,2025-01-22T11:38:00-05:00,0.9000000000000021,7947.039999999996,1568.0,2025-01-22T11:39:00-05:00,0.9000000000000004,7947.04,1567.0,2025-01-22T11:38:00-05:00,0.9000000000000021,7947.039999999996,3003.0,2025-01-23T11:34:00-05:00,0.40000000000000036,8947.04,3004.0,2025-01-23T11:35:00-05:00,0.39999999999999947,8947.040000000003,3014.0,2025-01-23T11:45:00-05:00,0.34999999999999964,9047.040000000003,3004.0,2025-01-23T11:35:00-05:00,0.39999999999999947,8947.040000000003,2364
2025-01-21,2025-01-23,2,6.0,2025-01-21T09:31:00-05:00,5.799999999999983,NDXP  250123P21670000,NDXP  250123P21660000,validation,False,False,0,0,0,18,15,1182,available,False,2025-01-21T09:31:00-05:00,2025-01-23T15:59:00-05:00,0.0,11347.039999999968,1.0,last_observed_quote_not_settlement,1036.0,240,93,7.149999999999977,-2952.9599999999878,2025-01-21T09:32:00-05:00,0.0,4.999999999999972,1347.0400000000234,2025-01-21T09:33:00-05:00,0.0,5.949999999999989,-552.9600000000107,2025-01-21T09:36:00-05:00,0.0,7.199999999999989,-3052.9600000000105,2025-01-21T09:41:00-05:00,0.0,7.0,-2652.9600000000332,2025-01-21T09:46:00-05:00,0.0,6.800000000000011,-2252.960000000056,2025-01-21T10:01:00-05:00,0.0,6.749999999999972,-2152.9599999999764,2025-01-21T10:31:00-05:00,0.0,6.0,-652.9600000000335,2025-01-21T11:31:00-05:00,0.0,6.0,-652.9600000000335,2025-01-21T16:00:00-05:00,0.0,1.3999999999999986,8547.03999999997,2025-01-22T16:00:00-05:00,0.0,,,2025-01-23T15:59:00-05:00,60.0,,,,,2.0,hit,2.0,hit,115.0,hit,115.0,hit,115.0,hit,1592.0,hit,3015.0,hit,1.0,hit,1.0,hit,1.0,hit,47.0,hit,125.0,hit,159.0,hit,8.900000000000006,102,True,True,False,False,,8.900000000000006,102,True,True,False,False,,9.949999999999989,240,True,True,True,True,,9.949999999999989,240,True,True,True,True,,115.0,2025-01-21T11:26:00-05:00,1.4000000000000057,8547.039999999955,1442.0,2025-01-22T09:33:00-05:00,2.25,6847.039999999966,1443.0,2025-01-22T09:34:00-05:00,2.3999999999999986,6547.039999999969,116.0,2025-01-21T11:27:00-05:00,6.850000000000023,-2352.9600000000787,115.0,2025-01-21T11:26:00-05:00,1.4000000000000057,8547.039999999955,1462.0,2025-01-22T09:53:00-05:00,1.8999999999999986,7547.039999999969,1466.0,2025-01-22T09:57:00-05:00,1.6499999999999986,8047.039999999969,116.0,2025-01-21T11:27:00-05:00,6.850000000000023,-2352.9600000000787,1707.0,2025-01-22T13:58:00-05:00,0.9499999999999993,9447.039999999968,2999.0,2025-01-23T11:30:00-05:00,0.75,9847.039999999968,3000.0,2025-01-23T11:31:00-05:00,0.7999999999999998,9747.039999999968,1708.0,2025-01-22T13:59:00-05:00,1.2000000000000028,8947.039999999963,3015.0,2025-01-23T11:46:00-05:00,0.40000000000000036,10547.039999999966,3083.0,2025-01-23T12:54:00-05:00,0.34999999999999964,10647.039999999968,3084.0,2025-01-23T12:55:00-05:00,0.42500000000000027,10497.039999999966,3016.0,2025-01-23T11:47:00-05:00,0.75,9847.039999999968,2365
2025-01-21,2025-01-23,2,7.0,2025-01-21T09:31:00-05:00,7.0,NDXP  250123P21770000,NDXP  250123P21760000,validation,False,False,0,0,0,9,15,1191,available,False,2025-01-21T09:31:00-05:00,2025-01-23T15:59:00-05:00,0.0,13747.04,1.0,last_observed_quote_not_settlement,1036.0,290,101,7.300000000000011,-852.9600000000221,2025-01-21T09:32:00-05:00,0.0,7.300000000000068,-852.9600000001358,2025-01-21T09:33:00-05:00,0.0,7.0,-252.9599999999993,2025-01-21T09:36:00-05:00,0.0,8.0,-2252.960000000001,2025-01-21T09:41:00-05:00,0.0,3.0,7747.040000000001,2025-01-21T09:46:00-05:00,0.0,8.0,-2252.960000000001,2025-01-21T10:01:00-05:00,0.0,7.699999999999989,-1652.9599999999766,2025-01-21T10:31:00-05:00,0.0,8.049999999999955,-2352.95999999991,2025-01-21T11:31:00-05:00,0.0,7.300000000000011,-852.9600000000221,2025-01-21T16:00:00-05:00,0.0,2.8000000000000114,8147.039999999978,2025-01-22T16:00:00-05:00,0.0,,,2025-01-23T15:59:00-05:00,60.0,,,,,15.0,hit,15.0,hit,15.0,hit,15.0,hit,1586.0,hit,3128.0,hit,3225.0,hit,7.0,hit,7.0,hit,0.0,hit,7.0,hit,32.0,hit,125.0,hit,8.299999999999955,12,True,True,False,False,,9.899999999999977,290,True,True,True,True,,9.899999999999977,290,True,True,True,True,,9.899999999999977,290,True,True,True,True,,1467.0,2025-01-22T09:58:00-05:00,2.799999999999997,8147.040000000007,1468.0,2025-01-22T09:59:00-05:00,2.8999999999999915,7947.040000000018,1469.0,2025-01-22T10:00:00-05:00,2.8500000000000014,8047.039999999998,1468.0,2025-01-22T09:59:00-05:00,2.8999999999999915,7947.040000000018,1592.0,2025-01-22T12:03:00-05:00,1.8999999999999986,9947.040000000005,1593.0,2025-01-22T12:04:00-05:00,1.8999999999999986,9947.040000000005,1594.0,2025-01-22T12:05:00-05:00,1.8500000000000014,10047.039999999999,1593.0,2025-01-22T12:04:00-05:00,1.8999999999999986,9947.040000000005,3128.0,2025-01-23T13:39:00-05:00,0.9499999999999993,11847.040000000003,3219.0,2025-01-23T15:10:00-05:00,0.7999999999999998,12147.040000000003,3220.0,2025-01-23T15:11:00-05:00,0.9000000000000004,11947.04,3129.0,2025-01-23T13:40:00-05:00,1.0499999999999998,11647.040000000003,3225.0,2025-01-23T15:16:00-05:00,0.4249999999999998,12897.040000000003,3226.0,2025-01-23T15:17:00-05:00,0.44999999999999996,12847.04,3233.0,2025-01-23T15:24:00-05:00,0.3999999999999999,12947.04,3226.0,2025-01-23T15:17:00-05:00,0.44999999999999996,12847.04,2366
2025-01-21,2025-01-24,3,5.0,2025-01-21T09:31:00-05:00,4.950000000000017,NDXP  250124P21670000,NDXP  250124P21660000,validation,False,False,0,0,0,0,0,1605,available,False,2025-01-21T09:31:00-05:00,2025-01-24T16:00:00-05:00,0.55,8547.040000000034,0.0,last_observed_quote_not_settlement,1036.0,377,48,5.950000000000017,-2252.959999999999,2025-01-21T09:32:00-05:00,0.0,4.900000000000006,-152.95999999997656,2025-01-21T09:33:00-05:00,0.0,5.599999999999994,-1552.9599999999539,2025-01-21T09:36:00-05:00,0.0,6.4500000000000455,-3252.960000000056,2025-01-21T09:41:00-05:00,0.0,6.199999999999989,-2752.9599999999423,2025-01-21T09:46:00-05:00,0.0,5.599999999999966,-1552.959999999897,2025-01-21T10:01:00-05:00,0.0,5.849999999999994,-2052.9599999999537,2025-01-21T10:31:00-05:00,0.0,6.25,-2852.959999999965,2025-01-21T11:31:00-05:00,0.0,5.699999999999989,-1752.9599999999425,2025-01-21T16:00:00-05:00,0.0,1.8999999999999986,5847.040000000037,2025-01-22T16:00:00-05:00,0.0,0.8000000000000007,8047.040000000034,2025-01-23T16:00:00-05:00,0.0,0.55,8547.040000000034,2025-01-24T16:00:00-05:00,0.0,0.0,hit,0.0,hit,48.0,hit,1442.0,hit,1478.0,hit,3266.0,hit,4332.0,hit,1.0,hit,1.0,hit,34.0,hit,54.0,hit,,never_hit,,never_hit,8.5,377,True,True,False,False,,8.5,377,True,True,False,False,,8.5,377,True,True,False,False,,8.5,377,True,True,False,False,,1442.0,2025-01-22T09:33:00-05:00,2.6000000000000085,4447.040000000018,1443.0,2025-01-22T09:34:00-05:00,2.75,4147.0400000000345,1444.0,2025-01-22T09:35:00-05:00,2.6499999999999915,4347.040000000052,1443.0,2025-01-22T09:34:00-05:00,2.75,4147.0400000000345,1481.0,2025-01-22T10:12:00-05:00,1.9499999999999957,5747.040000000044,1506.0,2025-01-22T10:37:00-05:00,1.9499999999999957,5747.040000000044,1558.0,2025-01-22T11:29:00-05:00,1.8499999999999943,5947.040000000046,1482.0,2025-01-22T10:13:00-05:00,2.000000000000007,5647.040000000021,3268.0,2025-01-23T15:59:00-05:00,0.8999999999999986,7847.040000000037,3269.0,2025-01-23T16:00:00-05:00,0.8000000000000007,8047.040000000034,3273.0,2025-01-23T16:04:00-05:00,0.8500000000000014,7947.040000000032,3269.0,2025-01-23T16:00:00-05:00,0.8000000000000007,8047.040000000034,4336.0,2025-01-24T09:47:00-05:00,0.40000000000000036,8847.040000000035,4337.0,2025-01-24T09:48:00-05:00,0.39999999999999947,8847.040000000037,4338.0,2025-01-24T09:49:00-05:00,0.35000000000000053,8947.040000000035,4337.0,2025-01-24T09:48:00-05:00,0.39999999999999947,8847.040000000037,2367
2025-01-21,2025-01-24,3,6.0,2025-01-21T09:31:00-05:00,6.0,NDXP  250124P21720000,NDXP  250124P21710000,validation,False,False,0,0,1,4,0,1600,available,False,2025-01-21T09:31:00-05:00,2025-01-24T15:57:00-05:00,0.09999999999999998,11547.04,3.0,last_observed_quote_not_settlement,1036.0,230,128,6.199999999999989,-652.9599999999766,2025-01-21T09:32:00-05:00,0.0,6.099999999999966,-452.9599999999311,2025-01-21T09:33:00-05:00,0.0,6.0,-252.9599999999993,2025-01-21T09:36:00-05:00,0.0,6.5,-1252.9599999999994,2025-01-21T09:41:00-05:00,0.0,6.0,-252.9599999999993,2025-01-21T09:46:00-05:00,0.0,6.600000000000023,-1452.9600000000448,2025-01-21T10:01:00-05:00,0.0,6.400000000000034,-1052.9600000000676,2025-01-21T10:31:00-05:00,0.0,6.300000000000011,-852.9600000000221,2025-01-21T11:31:00-05:00,0.0,,,2025-01-21T15:59:00-05:00,60.0,2.4000000000000057,6947.039999999989,2025-01-22T16:00:00-05:00,0.0,1.2999999999999972,9147.040000000008,2025-01-23T16:00:00-05:00,0.0,,,2025-01-24T15:57:00-05:00,180.0,16.0,hit,48.0,hit,48.0,hit,57.0,hit,1591.0,hit,4320.0,hit,4334.0,hit,4.0,hit,4.0,hit,4.0,hit,37.0,hit,37.0,hit,37.0,hit,9.75,47,True,True,True,True,,9.75,230,True,True,True,True,,9.75,230,True,True,True,True,,9.75,230,True,True,True,True,,57.0,2025-01-21T10:28:00-05:00,2.5499999999999545,6647.040000000092,1465.0,2025-01-22T09:56:00-05:00,2.750000000000014,6247.039999999973,1466.0,2025-01-22T09:57:00-05:00,2.6000000000000014,6547.039999999998,58.0,2025-01-21T10:29:00-05:00,7.100000000000023,-2452.9600000000446,1596.0,2025-01-22T12:07:00-05:00,1.9000000000000057,7947.039999999989,3262.0,2025-01-23T15:53:00-05:00,1.8999999999999986,7947.040000000004,3263.0,2025-01-23T15:54:00-05:00,1.8999999999999986,7947.040000000004,1597.0,2025-01-22T12:08:00-05:00,2.0,7747.040000000001,4330.0,2025-01-24T09:41:00-05:00,0.8999999999999986,9947.040000000005,4335.0,2025-01-24T09:46:00-05:00,0.75,10247.04,4336.0,2025-01-24T09:47:00-05:00,0.6000000000000005,10547.04,4331.0,2025-01-24T09:42:00-05:00,1.0500000000000007,9647.04,4334.0,2025-01-24T09:45:00-05:00,0.0,11747.04,4433.0,2025-01-24T11:24:00-05:00,0.3999999999999999,10947.04,4434.0,2025-01-24T11:25:00-05:00,0.39999999999999947,10947.040000000003,4335.0,2025-01-24T09:46:00-05:00,0.75,10247.04,2368
2025-01-21,2025-01-24,3,7.0,2025-01-21T09:31:00-05:00,6.850000000000023,NDXP  250124P21780000,NDXP  250124P21770000,validation,False,False,0,0,1,1,0,1603,available,False,2025-01-21T09:31:00-05:00,2025-01-24T16:00:00-05:00,7.300000000000001,-1152.9599999999552,0.0,last_observed_quote_not_settlement,1036.0,346,135,6.800000000000011,-152.95999999997656,2025-01-21T09:32:00-05:00,0.0,6.649999999999977,147.04000000009165,2025-01-21T09:33:00-05:00,0.0,6.600000000000023,247.04000000000067,2025-01-21T09:36:00-05:00,0.0,7.300000000000011,-1152.9599999999766,2025-01-21T09:41:00-05:00,0.0,7.199999999999989,-952.9599999999311,2025-01-21T09:46:00-05:00,0.0,8.099999999999966,-2752.9599999998873,2025-01-21T10:01:00-05:00,0.0,8.399999999999977,-3352.95999999991,2025-01-21T10:31:00-05:00,0.0,7.5,-1552.9599999999539,2025-01-21T11:31:00-05:00,0.0,,,2025-01-21T15:59:00-05:00,60.0,3.450000000000003,6547.040000000041,2025-01-22T16:00:00-05:00,0.0,2.1499999999999986,9147.04000000005,2025-01-23T16:00:00-05:00,0.0,7.300000000000001,-1152.9599999999552,2025-01-24T16:00:00-05:00,0.0,124.0,hit,124.0,hit,124.0,hit,124.0,hit,124.0,hit,4344.0,hit,4459.0,hit,7.0,hit,7.0,hit,7.0,hit,7.0,hit,118.0,hit,,never_hit,9.299999999999955,105,True,True,True,True,,9.299999999999955,105,True,True,True,True,,9.299999999999955,240,True,True,True,True,,9.299999999999955,240,True,True,True,True,,124.0,2025-01-21T11:35:00-05:00,1.0000000000000568,11447.039999999934,1557.0,2025-01-22T11:28:00-05:00,2.8000000000000114,7847.040000000024,1558.0,2025-01-22T11:29:00-05:00,2.8999999999999915,7647.040000000064,125.0,2025-01-21T11:36:00-05:00,7.25,-1052.9599999999539,124.0,2025-01-21T11:35:00-05:00,1.0000000000000568,11447.039999999934,4321.0,2025-01-24T09:32:00-05:00,1.8500000000000014,9747.040000000045,4331.0,2025-01-24T09:42:00-05:00,1.9000000000000021,9647.040000000043,125.0,2025-01-21T11:36:00-05:00,7.25,-1052.9599999999539,4439.0,2025-01-24T11:30:00-05:00,0.9000000000000004,11647.040000000046,4447.0,2025-01-24T11:38:00-05:00,0.7000000000000002,12047.040000000046,4448.0,2025-01-24T11:39:00-05:00,0.7000000000000002,12047.040000000046,4440.0,2025-01-24T11:31:00-05:00,0.9500000000000002,11547.040000000046,4461.0,2025-01-24T11:52:00-05:00,0.44999999999999973,12547.040000000046,,,,,,,,,4462.0,2025-01-24T11:53:00-05:00,0.5,12447.040000000046,2369
2025-01-22,2025-01-24,2,5.0,2025-01-22T09:31:00-05:00,5.099999999999966,NDXP  250124P21840000,NDXP  250124P21830000,validation,False,False,0,0,0,32,0,1168,available,False,2025-01-22T09:31:00-05:00,2025-01-24T16:00:00-05:00,9.950000000000003,-9952.960000000066,0.0,last_observed_quote_not_settlement,1036.0,407,54,4.949999999999989,47.039999999955235,2025-01-22T09:32:00-05:00,0.0,4.5,947.0399999999324,2025-01-22T09:33:00-05:00,0.0,4.449999999999989,1047.0399999999552,2025-01-22T09:36:00-05:00,0.0,4.650000000000006,647.0399999999211,2025-01-22T09:41:00-05:00,0.0,4.800000000000011,347.03999999990975,2025-01-22T09:46:00-05:00,0.0,4.0,1947.0399999999324,2025-01-22T10:01:00-05:00,0.0,4.049999999999997,1847.0399999999381,2025-01-22T10:31:00-05:00,0.0,3.5999999999999943,2747.039999999944,2025-01-22T11:31:00-05:00,0.0,7.849999999999994,-5752.960000000056,2025-01-22T16:00:00-05:00,0.0,3.250000000000007,3447.039999999918,2025-01-23T16:00:00-05:00,0.0,9.950000000000003,-9952.960000000066,2025-01-24T16:00:00-05:00,0.0,,,,,0.0,hit,1.0,hit,26.0,hit,77.0,hit,77.0,hit,,never_hit,,never_hit,389.0,hit,389.0,hit,389.0,hit,3126.0,hit,3145.0,hit,3149.0,hit,5.300000000000011,1,False,False,False,False,,5.300000000000011,1,False,False,False,False,,,,True,True,True,False,3.399999999999965,,,True,True,True,False,3.399999999999965,77.0,2025-01-22T10:48:00-05:00,1.9000000000000057,6147.039999999921,2881.0,2025-01-24T09:32:00-05:00,2.9000000000000057,4147.039999999921,2896.0,2025-01-24T09:47:00-05:00,2.400000000000002,5147.039999999928,78.0,2025-01-22T10:49:00-05:00,3.700000000000003,2547.0399999999267,77.0,2025-01-22T10:48:00-05:00,1.9000000000000057,6147.039999999921,3021.0,2025-01-24T11:52:00-05:00,1.700000000000001,6547.03999999993,3022.0,2025-01-24T11:53:00-05:00,1.8499999999999979,6247.039999999936,78.0,2025-01-22T10:49:00-05:00,3.700000000000003,2547.0399999999267,,,,,,,,,,,,,,,,,,,,,,,,,,,,,,,,,2370
2025-01-22,2025-01-24,2,6.0,2025-01-22T09:31:00-05:00,6.0,NDXP  250124P21880000,NDXP  250124P21870000,validation,False,False,0,0,0,51,0,1149,available,False,2025-01-22T09:31:00-05:00,2025-01-24T16:00:00-05:00,10.0,-8152.96,0.0,last_observed_quote_not_settlement,1036.0,419,60,4.900000000000034,1947.0399999999324,2025-01-22T09:32:00-05:00,0.0,5.249999999999972,1247.0400000000575,2025-01-22T09:33:00-05:00,0.0,5.399999999999977,947.0400000000461,2025-01-22T09:36:00-05:00,0.0,5.599999999999966,547.0400000000689,2025-01-22T09:41:00-05:00,0.0,5.550000000000011,647.0399999999779,2025-01-22T09:46:00-05:00,0.0,4.5,2747.040000000001,2025-01-22T10:01:00-05:00,0.0,4.75,2247.040000000001,2025-01-22T10:31:00-05:00,0.0,4.099999999999994,3547.0400000000122,2025-01-22T11:31:00-05:00,0.0,5.200000000000003,1347.039999999995,2025-01-22T16:00:00-05:00,0.0,4.0,3747.040000000001,2025-01-23T16:00:00-05:00,0.0,10.0,-8152.96,2025-01-24T16:00:00-05:00,0.0,,,,,1.0,hit,1.0,hit,119.0,hit,134.0,hit,134.0,hit,,never_hit,,never_hit,7.0,hit,1440.0,hit,1440.0,hit,2909.0,hit,3101.0,hit,3146.0,hit,6.599999999999994,2,False,False,False,False,,6.599999999999994,2,False,False,False,False,,,,True,True,True,False,4.6000000000000085,,,True,True,True,False,4.6000000000000085,134.0,2025-01-22T11:45:00-05:00,1.799999999999983,8147.0400000000345,,,,,,,,,135.0,2025-01-22T11:46:00-05:00,3.950000000000003,3847.039999999995,134.0,2025-01-22T11:45:00-05:00,1.799999999999983,8147.0400000000345,,,,,,,,,135.0,2025-01-22T11:46:00-05:00,3.950000000000003,3847.039999999995,,,,,,,,,,,,,,,,,,,,,,,,,,,,,,,,,2371
2025-01-22,2025-01-24,2,7.0,2025-01-22T09:31:00-05:00,6.949999999999989,NDXP  250124P21960000,NDXP  250124P21950000,validation,False,False,0,0,0,63,0,1137,available,False,2025-01-22T09:31:00-05:00,2025-01-24T16:00:00-05:00,10.0,-6252.960000000023,0.0,last_observed_quote_not_settlement,1036.0,666,84,5.400000000000006,2847.0399999999668,2025-01-22T09:32:00-05:00,0.0,6.199999999999989,1247.0400000000006,2025-01-22T09:33:00-05:00,0.0,8.600000000000023,-3552.960000000069,2025-01-22T09:36:00-05:00,0.0,6.400000000000006,847.0399999999665,2025-01-22T09:41:00-05:00,0.0,6.799999999999983,47.04000000001208,2025-01-22T09:46:00-05:00,0.0,7.750000000000028,-1852.960000000079,2025-01-22T10:01:00-05:00,0.0,6.0,1647.039999999978,2025-01-22T10:31:00-05:00,0.0,5.25,3147.039999999978,2025-01-22T11:31:00-05:00,0.0,7.599999999999994,-1552.9600000000107,2025-01-22T16:00:00-05:00,0.0,8.050000000000011,-2452.9600000000464,2025-01-23T16:00:00-05:00,0.0,10.0,-6252.960000000023,2025-01-24T16:00:00-05:00,0.0,,,,,1.0,hit,6.0,hit,52.0,hit,336.0,hit,,never_hit,,never_hit,,never_hit,5.0,hit,5.0,hit,5.0,hit,5.0,hit,25.0,hit,3032.0,hit,9.450000000000017,28,True,True,True,True,,,,True,True,True,False,4.150000000000006,,,True,True,True,False,4.150000000000006,,,True,True,True,False,4.150000000000006,336.0,2025-01-22T15:07:00-05:00,2.9000000000000057,7847.039999999966,,,,,,,,,337.0,2025-01-22T15:08:00-05:00,4.300000000000011,5047.039999999955,,,,,,,,,,,,,,,,,,,,,,,,,,,,,,,,,,,,,,,,,,,,,,,,,2372
2025-01-24,2025-01-27,3,5.0,2025-01-24T09:31:00-05:00,5.0,NDXP  250127P21910000,NDXP  250127P21900000,validation,False,False,0,0,0,42,0,752,available,False,2025-01-24T09:31:00-05:00,2025-01-27T16:00:00-05:00,10.0,-10152.96,0.0,last_observed_quote_not_settlement,3917.0,656,18,5.200000000000017,-652.9600000000335,2025-01-24T09:32:00-05:00,0.0,4.949999999999989,-152.95999999997656,2025-01-24T09:33:00-05:00,0.0,5.200000000000017,-652.9600000000335,2025-01-24T09:36:00-05:00,0.0,5.1000000000000085,-452.96000000001635,2025-01-24T09:41:00-05:00,0.0,4.499999999999986,747.0400000000291,2025-01-24T09:46:00-05:00,0.0,4.599999999999994,547.040000000012,2025-01-24T10:01:00-05:00,0.0,5.150000000000006,-552.9600000000107,2025-01-24T10:31:00-05:00,0.0,5.200000000000017,-652.9600000000335,2025-01-24T11:31:00-05:00,0.0,7.0,-4252.959999999999,2025-01-24T16:00:00-05:00,0.0,,,2025-01-24T16:15:00-05:00,85500.0,,,2025-01-24T16:15:00-05:00,171900.0,10.0,-10152.96,2025-01-27T16:00:00-05:00,0.0,0.0,hit,0.0,hit,21.0,hit,,never_hit,,never_hit,,never_hit,,never_hit,52.0,hit,56.0,hit,206.0,hit,262.0,hit,291.0,hit,4321.0,hit,,,True,True,True,False,1.4499999999999886,,,True,True,True,False,1.4499999999999886,,,True,True,True,False,1.4499999999999886,,,True,True,True,False,1.4499999999999886,,,,,,,,,,,,,,,,,,,,,,,,,,,,,,,,,,,,,,,,,,,,,,,,,,,,,,,,,,,,,,,,,2373
2025-01-24,2025-01-27,3,6.0,2025-01-24T09:31:00-05:00,5.949999999999989,NDXP  250127P21980000,NDXP  250127P21970000,validation,False,False,0,0,0,56,0,738,available,False,2025-01-24T09:31:00-05:00,2025-01-27T15:59:00-05:00,10.0,-8252.960000000021,1.0,last_observed_quote_not_settlement,3917.0,669,11,6.350000000000023,-1052.9600000000676,2025-01-24T09:32:00-05:00,0.0,6.699999999999989,-1752.9599999999994,2025-01-24T09:33:00-05:00,0.0,6.75,-1852.960000000022,2025-01-24T09:36:00-05:00,0.0,6.350000000000023,-1052.9600000000676,2025-01-24T09:41:00-05:00,0.0,5.8500000000000085,-52.96000000003908,2025-01-24T09:46:00-05:00,0.0,5.449999999999989,747.0400000000006,2025-01-24T10:01:00-05:00,0.0,6.75,-1852.960000000022,2025-01-24T10:31:00-05:00,0.0,6.799999999999969,-1952.9599999999596,2025-01-24T11:31:00-05:00,0.0,9.199999999999989,-6752.960000000001,2025-01-24T16:00:00-05:00,0.0,,,2025-01-24T16:15:00-05:00,85500.0,,,2025-01-24T16:15:00-05:00,171900.0,,,2025-01-27T15:59:00-05:00,60.0,18.0,hit,29.0,hit,29.0,hit,4321.0,hit,4321.0,hit,4321.0,hit,4321.0,hit,2.0,hit,46.0,hit,46.0,hit,179.0,hit,257.0,hit,266.0,hit,10.0,384,True,True,True,True,,10.0,384,True,True,True,True,,10.0,384,True,True,True,True,,10.0,384,True,True,True,True,,4321.0,2025-01-27T09:32:00-05:00,0.0,11647.039999999979,,,,,,,,,4322.0,2025-01-27T09:33:00-05:00,10.0,-8252.960000000021,4321.0,2025-01-27T09:32:00-05:00,0.0,11647.039999999979,,,,,,,,,4322.0,2025-01-27T09:33:00-05:00,10.0,-8252.960000000021,4321.0,2025-01-27T09:32:00-05:00,0.0,11647.039999999979,,,,,,,,,4322.0,2025-01-27T09:33:00-05:00,10.0,-8252.960000000021,4321.0,2025-01-27T09:32:00-05:00,0.0,11647.039999999979,,,,,,,,,4322.0,2025-01-27T09:33:00-05:00,10.0,-8252.960000000021,2374
2025-01-24,2025-01-27,3,7.0,2025-01-24T09:31:00-05:00,6.949999999999989,NDXP  250127P22030000,NDXP  250127P22020000,validation,False,False,0,0,0,72,0,722,available,False,2025-01-24T09:31:00-05:00,2025-01-27T16:00:00-05:00,0.0,13647.039999999979,0.0,last_observed_quote_not_settlement,3917.0,630,29,7.150000000000006,-652.9600000000335,2025-01-24T09:32:00-05:00,0.0,6.599999999999994,447.03999999998933,2025-01-24T09:33:00-05:00,0.0,7.199999999999989,-752.9599999999994,2025-01-24T09:36:00-05:00,0.0,7.100000000000023,-552.9600000000676,2025-01-24T09:41:00-05:00,0.0,7.150000000000006,-652.9600000000335,2025-01-24T09:46:00-05:00,0.0,6.300000000000011,1047.0399999999552,2025-01-24T10:01:00-05:00,0.0,7.550000000000011,-1452.9600000000448,2025-01-24T10:31:00-05:00,0.0,8.5,-3352.9600000000237,2025-01-24T11:31:00-05:00,0.0,7.649999999999977,-1652.9599999999766,2025-01-24T16:00:00-05:00,0.0,,,2025-01-24T16:15:00-05:00,85500.0,,,2025-01-24T16:15:00-05:00,171900.0,0.0,13647.039999999979,2025-01-27T16:00:00-05:00,0.0,14.0,hit,4376.0,hit,4376.0,hit,4376.0,hit,4709.0,hit,4709.0,hit,4709.0,hit,7.0,hit,8.0,hit,1.0,hit,8.0,hit,171.0,hit,205.0,hit,10.0,400,True,True,True,True,,10.0,630,True,True,True,True,,10.0,630,True,True,True,True,,10.0,630,True,True,True,True,,4376.0,2025-01-27T10:27:00-05:00,2.7999999999999545,8047.040000000069,,,,,,,,,4377.0,2025-01-27T10:28:00-05:00,10.0,-6252.960000000023,4709.0,2025-01-27T16:00:00-05:00,0.0,13647.039999999979,,,,,,,,,,,,,4709.0,2025-01-27T16:00:00-05:00,0.0,13647.039999999979,,,,,,,,,,,,,4709.0,2025-01-27T16:00:00-05:00,0.0,13647.039999999979,,,,,,,,,,,,,2375
2025-01-27,2025-01-29,2,5.0,2025-01-27T09:31:00-05:00,4.949999999999989,NDXP  250129P20960000,NDXP  250129P20950000,validation,False,False,0,0,0,55,15,1144,available,False,2025-01-27T09:31:00-05:00,2025-01-29T15:33:00-05:00,0.0,9647.039999999979,27.0,last_observed_quote_not_settlement,1036.0,2,4,3.200000000000003,3247.039999999972,2025-01-27T09:32:00-05:00,0.0,3.0500000000000114,3547.0399999999554,2025-01-27T09:33:00-05:00,0.0,3.450000000000017,2747.039999999944,2025-01-27T09:36:00-05:00,0.0,2.9000000000000057,3847.0399999999668,2025-01-27T09:41:00-05:00,0.0,3.1000000000000085,3447.039999999961,2025-01-27T09:46:00-05:00,0.0,2.25,5147.039999999978,2025-01-27T10:01:00-05:00,0.0,2.0500000000000043,5547.039999999969,2025-01-27T10:31:00-05:00,0.0,3.3999999999999915,2847.039999999995,2025-01-27T11:31:00-05:00,0.0,2.950000000000003,3747.039999999972,2025-01-27T16:00:00-05:00,0.0,,,2025-01-28T15:59:00-05:00,60.0,,,2025-01-29T15:33:00-05:00,1620.0,,,,,0.0,hit,0.0,hit,1.0,hit,10.0,hit,16.0,hit,374.0,hit,1655.0,hit,1454.0,hit,,never_hit,,never_hit,,never_hit,,never_hit,,never_hit,4.949999999999989,0,False,False,False,False,,4.949999999999989,0,False,False,False,False,,5.400000000000006,1,False,False,False,False,,5.550000000000011,2,False,False,False,False,,10.0,2025-01-27T09:41:00-05:00,2.9000000000000057,3847.0399999999668,17.0,2025-01-27T09:48:00-05:00,2.5,4647.039999999978,23.0,2025-01-27T09:54:00-05:00,2.75,4147.039999999978,11.0,2025-01-27T09:42:00-05:00,3.1499999999999915,3347.039999999995,16.0,2025-01-27T09:47:00-05:00,1.9000000000000057,5847.039999999966,1484.0,2025-01-28T10:15:00-05:00,1.75,6147.039999999978,1485.0,2025-01-28T10:16:00-05:00,1.9499999999999957,5747.039999999986,17.0,2025-01-27T09:48:00-05:00,2.5,4647.039999999978,374.0,2025-01-27T15:45:00-05:00,0.9000000000000057,7847.039999999966,1591.0,2025-01-28T12:02:00-05:00,0.8000000000000007,8047.039999999976,1595.0,2025-01-28T12:06:00-05:00,0.8500000000000014,7947.039999999975,375.0,2025-01-27T15:46:00-05:00,3.549999999999997,2547.0399999999836,1669.0,2025-01-28T13:20:00-05:00,0.40000000000000036,8847.039999999979,1746.0,2025-01-28T14:37:00-05:00,0.39999999999999947,8847.039999999979,1747.0,2025-01-28T14:38:00-05:00,0.39999999999999947,8847.039999999979,1670.0,2025-01-28T13:21:00-05:00,0.5,8647.039999999979,2376
2025-01-27,2025-01-29,2,6.0,2025-01-27T09:31:00-05:00,6.0,NDXP  250129P21240000,NDXP  250129P21230000,validation,False,False,0,0,0,7,15,1192,available,False,2025-01-27T09:31:00-05:00,2025-01-29T16:00:00-05:00,0.0,11747.04,0.0,last_observed_quote_not_settlement,1036.0,211,63,5.300000000000011,1147.039999999978,2025-01-27T09:32:00-05:00,0.0,5.75,247.04000000000067,2025-01-27T09:33:00-05:00,0.0,5.799999999999983,147.0400000000348,2025-01-27T09:36:00-05:00,0.0,5.25,1247.0400000000006,2025-01-27T09:41:00-05:00,0.0,5.199999999999989,1347.0400000000234,2025-01-27T09:46:00-05:00,0.0,4.75,2247.040000000001,2025-01-27T10:01:00-05:00,0.0,4.400000000000006,2947.0399999999895,2025-01-27T10:31:00-05:00,0.0,6.0,-252.9599999999993,2025-01-27T11:31:00-05:00,0.0,5.75,247.04000000000067,2025-01-27T16:00:00-05:00,0.0,1.7999999999999972,8147.040000000007,2025-01-28T16:00:00-05:00,0.0,0.0,11747.04,2025-01-29T16:00:00-05:00,0.0,,,,,1.0,hit,4.0,hit,40.0,hit,40.0,hit,128.0,hit,3150.0,hit,3150.0,hit,45.0,hit,45.0,hit,45.0,hit,45.0,hit,130.0,hit,1454.0,hit,6.0,0,False,False,False,False,,8.900000000000006,8,True,True,False,False,,9.700000000000017,211,True,True,True,True,,9.700000000000017,211,True,True,True,True,,40.0,2025-01-27T10:11:00-05:00,2.1500000000000057,7447.039999999989,151.0,2025-01-27T12:02:00-05:00,2.25,7247.040000000001,1597.0,2025-01-28T12:08:00-05:00,2.8000000000000043,6147.039999999992,41.0,2025-01-27T10:12:00-05:00,5.049999999999983,1647.0400000000348,1657.0,2025-01-28T13:08:00-05:00,1.8999999999999986,7947.040000000004,1668.0,2025-01-28T13:19:00-05:00,1.8999999999999915,7947.040000000018,1669.0,2025-01-28T13:20:00-05:00,1.8999999999999986,7947.040000000004,1658.0,2025-01-28T13:09:00-05:00,2.0500000000000043,7647.039999999992,3150.0,2025-01-29T14:01:00-05:00,0.0,11747.04,3191.0,2025-01-29T14:42:00-05:00,0.5499999999999998,10647.040000000003,3195.0,2025-01-29T14:46:00-05:00,0.7000000000000002,10347.04,3151.0,2025-01-29T14:02:00-05:00,2.5,6747.040000000001,3150.0,2025-01-29T14:01:00-05:00,0.0,11747.04,3220.0,2025-01-29T15:11:00-05:00,0.27500000000000036,11197.04,3221.0,2025-01-29T15:12:00-05:00,0.375,10997.04,3151.0,2025-01-29T14:02:00-05:00,2.5,6747.040000000001,2377
2025-01-27,2025-01-29,2,7.0,2025-01-27T09:31:00-05:00,7.0,NDXP  250129P21350000,NDXP  250129P21340000,validation,False,False,0,0,0,8,15,1192,available,False,2025-01-27T09:31:00-05:00,2025-01-29T16:00:00-05:00,0.0,13747.04,0.0,last_observed_quote_not_settlement,1036.0,248,92,6.000000000000057,1747.039999999887,2025-01-27T09:32:00-05:00,0.0,6.399999999999977,947.0400000000461,2025-01-27T09:33:00-05:00,0.0,6.550000000000068,647.0399999998642,2025-01-27T09:36:00-05:00,0.0,5.300000000000068,3147.0399999998644,2025-01-27T09:41:00-05:00,0.0,5.399999999999977,2947.0400000000463,2025-01-27T09:46:00-05:00,0.0,8.5,-3252.960000000001,2025-01-27T10:01:00-05:00,0.0,5.550000000000011,2647.039999999978,2025-01-27T10:31:00-05:00,0.0,8.150000000000034,-2552.960000000069,2025-01-27T11:31:00-05:00,0.0,7.199999999999989,-652.9599999999766,2025-01-27T16:00:00-05:00,0.0,2.700000000000003,8347.039999999995,2025-01-28T16:00:00-05:00,0.0,0.0,13747.04,2025-01-29T16:00:00-05:00,0.0,,,,,10.0,hit,17.0,hit,54.0,hit,54.0,hit,2894.0,hit,2894.0,hit,2894.0,hit,30.0,hit,30.0,hit,0.0,hit,30.0,hit,109.0,hit,109.0,hit,8.699999999999989,9,True,True,False,False,,9.850000000000023,248,True,True,True,True,,9.850000000000023,248,True,True,True,True,,9.850000000000023,248,True,True,True,True,,54.0,2025-01-27T10:25:00-05:00,2.3000000000000114,9147.039999999979,1753.0,2025-01-28T14:44:00-05:00,2.9499999999999957,7847.040000000009,1754.0,2025-01-28T14:45:00-05:00,2.6000000000000014,8547.039999999999,55.0,2025-01-27T10:26:00-05:00,6.850000000000023,47.039999999955235,2894.0,2025-01-29T09:45:00-05:00,0.29999999999999716,13147.040000000008,3201.0,2025-01-29T14:52:00-05:00,1.799999999999999,10147.040000000005,3234.0,2025-01-29T15:25:00-05:00,1.0,11747.04,2895.0,2025-01-29T09:46:00-05:00,3.700000000000017,6347.039999999966,2894.0,2025-01-29T09:45:00-05:00,0.29999999999999716,13147.040000000008,3236.0,2025-01-29T15:27:00-05:00,0.5499999999999998,12647.040000000003,3237.0,2025-01-29T15:28:00-05:00,0.9000000000000004,11947.04,2895.0,2025-01-29T09:46:00-05:00,3.700000000000017,6347.039999999966,2894.0,2025-01-29T09:45:00-05:00,0.29999999999999716,13147.040000000008,3243.0,2025-01-29T15:34:00-05:00,0.2749999999999999,13197.04,3244.0,2025-01-29T15:35:00-05:00,0.40000000000000013,12947.04,2895.0,2025-01-29T09:46:00-05:00,3.700000000000017,6347.039999999966,2378
2025-01-27,2025-01-30,3,5.0,2025-01-27T09:31:00-05:00,5.0,NDXP  250130P21010000,NDXP  250130P21000000,validation,False,False,0,0,0,36,0,1565,available,False,2025-01-27T09:31:00-05:00,2025-01-30T16:00:00-05:00,9.575,-9402.96,0.0,last_observed_quote_not_settlement,1036.0,5,11,3.5999999999999943,2547.0400000000122,2025-01-27T09:32:00-05:00,0.0,3.5999999999999943,2547.0400000000122,2025-01-27T09:33:00-05:00,0.0,3.9499999999999886,1847.0400000000234,2025-01-27T09:36:00-05:00,0.0,3.25,3247.040000000001,2025-01-27T09:41:00-05:00,0.0,3.549999999999983,2647.040000000035,2025-01-27T09:46:00-05:00,0.0,3.1500000000000057,3447.0399999999895,2025-01-27T10:01:00-05:00,0.0,2.6999999999999886,4347.040000000024,2025-01-27T10:31:00-05:00,0.0,4.0,1747.0400000000006,2025-01-27T11:31:00-05:00,0.0,3.6499999999999773,2447.0400000000463,2025-01-27T16:00:00-05:00,0.0,2.1500000000000057,5447.039999999989,2025-01-28T16:00:00-05:00,0.0,1.25,7247.040000000001,2025-01-29T16:00:00-05:00,0.0,9.575,-9402.96,2025-01-30T16:00:00-05:00,0.0,0.0,hit,0.0,hit,1.0,hit,28.0,hit,29.0,hit,351.0,hit,351.0,hit,59.0,hit,233.0,hit,4699.0,hit,4699.0,hit,4699.0,hit,4709.0,hit,5.0,0,False,False,False,False,,5.0,0,False,False,False,False,,6.399999999999977,3,False,False,False,False,,6.399999999999977,3,False,False,False,False,,29.0,2025-01-27T10:00:00-05:00,1.4999999999999716,6747.040000000057,61.0,2025-01-27T10:32:00-05:00,1.9000000000000057,5947.039999999989,62.0,2025-01-27T10:33:00-05:00,2.5,4747.040000000001,30.0,2025-01-27T10:01:00-05:00,3.1500000000000057,3447.0399999999895,29.0,2025-01-27T10:00:00-05:00,1.4999999999999716,6747.040000000057,1596.0,2025-01-28T12:07:00-05:00,1.8500000000000085,6047.039999999984,1600.0,2025-01-28T12:11:00-05:00,1.7999999999999972,6147.040000000006,30.0,2025-01-27T10:01:00-05:00,3.1500000000000057,3447.0399999999895,351.0,2025-01-27T15:22:00-05:00,0.25,9247.04,4321.0,2025-01-30T09:32:00-05:00,0.25,9247.04,4322.0,2025-01-30T09:33:00-05:00,0.10000000000000009,9547.04,352.0,2025-01-27T15:23:00-05:00,4.349999999999994,1047.040000000012,351.0,2025-01-27T15:22:00-05:00,0.25,9247.04,4321.0,2025-01-30T09:32:00-05:00,0.25,9247.04,4322.0,2025-01-30T09:33:00-05:00,0.10000000000000009,9547.04,352.0,2025-01-27T15:23:00-05:00,4.349999999999994,1047.040000000012,2379
2025-01-27,2025-01-30,3,6.0,2025-01-27T09:31:00-05:00,6.0,NDXP  250130P21160000,NDXP  250130P21150000,validation,False,False,0,0,1,4,0,1595,available,False,2025-01-27T09:31:00-05:00,2025-01-30T15:59:00-05:00,0.024999999999999994,11697.04,1.0,last_observed_quote_not_settlement,1036.0,10,19,6.199999999999989,-652.9599999999766,2025-01-27T09:32:00-05:00,0.0,2.1999999999999886,7347.040000000024,2025-01-27T09:33:00-05:00,0.0,4.600000000000023,2547.0399999999554,2025-01-27T09:36:00-05:00,0.0,4.400000000000006,2947.0399999999895,2025-01-27T09:41:00-05:00,0.0,4.5,2747.040000000001,2025-01-27T09:46:00-05:00,0.0,4.0,3747.040000000001,2025-01-27T10:01:00-05:00,0.0,3.1499999999999773,5447.040000000046,2025-01-27T10:31:00-05:00,0.0,4.900000000000006,1947.0399999999893,2025-01-27T11:31:00-05:00,0.0,4.900000000000006,1947.0399999999893,2025-01-27T16:00:00-05:00,0.0,2.3500000000000227,7047.039999999955,2025-01-28T16:00:00-05:00,0.0,1.2000000000000028,9347.039999999995,2025-01-29T16:00:00-05:00,0.0,,,2025-01-30T15:59:00-05:00,60.0,2.0,hit,2.0,hit,2.0,hit,2.0,hit,47.0,hit,2894.0,hit,2894.0,hit,104.0,hit,104.0,hit,104.0,hit,1445.0,hit,,never_hit,,never_hit,6.199999999999989,1,False,False,False,False,,6.199999999999989,2,False,False,False,False,,8.099999999999966,9,True,True,False,False,,8.099999999999966,9,True,True,False,False,,2.0,2025-01-27T09:33:00-05:00,2.1999999999999886,7347.040000000024,1596.0,2025-01-28T12:07:00-05:00,2.8499999999999943,6047.040000000012,1597.0,2025-01-28T12:08:00-05:00,2.8500000000000085,6047.039999999984,3.0,2025-01-27T09:34:00-05:00,5.299999999999983,1147.0400000000348,1690.0,2025-01-28T13:41:00-05:00,1.3000000000000114,9147.039999999979,4321.0,2025-01-30T09:32:00-05:00,0.2999999999999994,11147.040000000003,4322.0,2025-01-30T09:33:00-05:00,0.2999999999999998,11147.040000000003,1691.0,2025-01-28T13:42:00-05:00,2.6499999999999773,6447.040000000046,2894.0,2025-01-29T09:45:00-05:00,0.25,11247.04,4321.0,2025-01-30T09:32:00-05:00,0.2999999999999994,11147.040000000003,4322.0,2025-01-30T09:33:00-05:00,0.2999999999999998,11147.040000000003,2895.0,2025-01-29T09:46:00-05:00,2.6499999999999915,6447.040000000018,2894.0,2025-01-29T09:45:00-05:00,0.25,11247.04,4322.0,2025-01-30T09:33:00-05:00,0.2999999999999998,11147.040000000003,4323.0,2025-01-30T09:34:00-05:00,0.29999999999999893,11147.040000000005,2895.0,2025-01-29T09:46:00-05:00,2.6499999999999915,6447.040000000018,2380
2025-01-27,2025-01-30,3,7.0,2025-01-27T09:31:00-05:00,6.7999999999999545,NDXP  250130P21380000,NDXP  250130P21370000,validation,False,False,0,0,1,11,0,1587,available,False,2025-01-27T09:31:00-05:00,2025-01-30T15:59:00-05:00,0.0,13347.03999999991,1.0,last_observed_quote_not_settlement,1036.0,179,88,6.25,847.0399999999097,2025-01-27T09:32:00-05:00,0.0,6.300000000000068,747.0399999997733,2025-01-27T09:33:00-05:00,0.0,6.699999999999989,-52.9600000000675,2025-01-27T09:36:00-05:00,0.0,8.300000000000011,-3252.9600000001146,2025-01-27T09:41:00-05:00,0.0,6.150000000000034,1047.0399999998415,2025-01-27T09:46:00-05:00,0.0,5.7999999999999545,1747.0400000000006,2025-01-27T10:01:00-05:00,0.0,5.100000000000023,3147.0399999998644,2025-01-27T10:31:00-05:00,0.0,6.600000000000023,147.03999999986428,2025-01-27T11:31:00-05:00,0.0,7.199999999999989,-1052.9600000000676,2025-01-27T16:00:00-05:00,0.0,4.0,5347.03999999991,2025-01-28T16:00:00-05:00,0.0,4.75,3847.03999999991,2025-01-29T16:00:00-05:00,0.0,,,2025-01-30T15:59:00-05:00,60.0,27.0,hit,27.0,hit,1562.0,hit,1808.0,hit,3151.0,hit,4339.0,hit,4602.0,hit,10.0,hit,10.0,hit,10.0,hit,10.0,hit,322.0,hit,,never_hit,9.200000000000045,177,True,True,True,True,,9.200000000000045,178,True,True,True,True,,9.200000000000045,179,True,True,True,True,,9.200000000000045,179,True,True,True,True,,1808.0,2025-01-28T15:39:00-05:00,2.8499999999999943,7647.039999999921,4321.0,2025-01-30T09:32:00-05:00,1.8500000000000014,9647.039999999908,4322.0,2025-01-30T09:33:00-05:00,1.8999999999999986,9547.039999999914,1809.0,2025-01-28T15:40:00-05:00,3.8499999999999943,5647.039999999921,3151.0,2025-01-29T14:02:00-05:00,1.5500000000000114,10247.039999999888,4322.0,2025-01-30T09:33:00-05:00,1.8999999999999986,9547.039999999914,4335.0,2025-01-30T09:46:00-05:00,1.7500000000000036,9847.039999999903,3152.0,2025-01-29T14:03:00-05:00,4.949999999999989,3447.0399999999327,4339.0,2025-01-30T09:50:00-05:00,0.9000000000000004,11547.03999999991,4340.0,2025-01-30T09:51:00-05:00,0.9000000000000004,11547.03999999991,4341.0,2025-01-30T09:52:00-05:00,0.9000000000000021,11547.039999999906,4340.0,2025-01-30T09:51:00-05:00,0.9000000000000004,11547.03999999991,4627.0,2025-01-30T14:38:00-05:00,0.37499999999999956,12597.03999999991,4631.0,2025-01-30T14:42:00-05:00,0.3999999999999997,12547.039999999912,4632.0,2025-01-30T14:43:00-05:00,0.42500000000000004,12497.039999999912,4628.0,2025-01-30T14:39:00-05:00,0.4500000000000002,12447.03999999991,2381
2025-01-28,2025-01-30,2,5.0,2025-01-28T09:31:00-05:00,5.149999999999977,NDXP  250130P21210000,NDXP  250130P21200000,validation,False,False,0,0,1,53,0,1141,available,False,2025-01-28T09:31:00-05:00,2025-01-30T15:59:00-05:00,0.025000000000000022,9997.039999999955,1.0,last_observed_quote_not_settlement,1036.0,18,13,4.950000000000017,147.03999999992112,2025-01-28T09:32:00-05:00,0.0,5.099999999999994,-152.9600000000334,2025-01-28T09:33:00-05:00,0.0,8.75,-7452.960000000046,2025-01-28T09:36:00-05:00,0.0,6.0499999999999545,-2052.9599999999537,2025-01-28T09:41:00-05:00,0.0,5.5,-952.9600000000448,2025-01-28T09:46:00-05:00,0.0,4.650000000000006,747.0399999999438,2025-01-28T10:01:00-05:00,0.0,3.6999999999999886,2647.039999999978,2025-01-28T10:31:00-05:00,0.0,2.6500000000000057,4747.039999999944,2025-01-28T11:31:00-05:00,0.0,1.700000000000017,6647.039999999921,2025-01-28T16:00:00-05:00,0.0,2.8500000000000085,4347.039999999938,2025-01-29T16:00:00-05:00,0.0,,,2025-01-30T15:59:00-05:00,60.0,,,,,0.0,hit,1.0,hit,17.0,hit,120.0,hit,219.0,hit,1482.0,hit,1482.0,hit,5.0,hit,5.0,hit,5.0,hit,5.0,hit,3259.0,hit,3259.0,hit,8.75,16,True,True,False,False,,8.75,16,True,True,False,False,,8.75,16,True,True,False,False,,8.75,16,True,True,False,False,,120.0,2025-01-28T11:31:00-05:00,2.6500000000000057,4747.039999999944,171.0,2025-01-28T12:22:00-05:00,2.8499999999999943,4347.039999999966,172.0,2025-01-28T12:23:00-05:00,2.8499999999999943,4347.039999999966,121.0,2025-01-28T11:32:00-05:00,4.050000000000011,1947.0399999999324,219.0,2025-01-28T13:10:00-05:00,1.0499999999999972,7947.039999999961,2881.0,2025-01-30T09:32:00-05:00,0.5,9047.039999999955,2882.0,2025-01-30T09:33:00-05:00,0.4499999999999993,9147.039999999957,220.0,2025-01-28T13:11:00-05:00,2.75,4547.039999999955,1482.0,2025-01-29T10:13:00-05:00,0.5,9047.039999999955,2881.0,2025-01-30T09:32:00-05:00,0.5,9047.039999999955,2882.0,2025-01-30T09:33:00-05:00,0.4499999999999993,9147.039999999957,1483.0,2025-01-29T10:14:00-05:00,3.0,4047.0399999999554,1617.0,2025-01-29T12:28:00-05:00,0.25,9547.039999999955,2896.0,2025-01-30T09:47:00-05:00,0.30000000000000027,9447.039999999955,2897.0,2025-01-30T09:48:00-05:00,0.2749999999999999,9497.039999999955,1618.0,2025-01-29T12:29:00-05:00,3.0,4047.0399999999554,2382
2025-01-28,2025-01-30,2,6.0,2025-01-28T09:31:00-05:00,6.0,NDXP  250130P21220000,NDXP  250130P21210000,validation,False,False,0,0,0,24,0,1170,available,False,2025-01-28T09:31:00-05:00,2025-01-30T15:49:00-05:00,0.0,11747.04,11.0,last_observed_quote_not_settlement,1036.0,3,6,5.199999999999989,1347.0400000000234,2025-01-28T09:32:00-05:00,0.0,4.900000000000034,1947.0399999999324,2025-01-28T09:33:00-05:00,0.0,5.649999999999977,447.0400000000462,2025-01-28T09:36:00-05:00,0.0,4.9500000000000455,1847.0399999999097,2025-01-28T09:41:00-05:00,0.0,5.0,1747.0400000000006,2025-01-28T09:46:00-05:00,0.0,4.799999999999983,2147.040000000035,2025-01-28T10:01:00-05:00,0.0,3.5000000000000284,4747.039999999944,2025-01-28T10:31:00-05:00,0.0,4.200000000000017,3347.0399999999668,2025-01-28T11:31:00-05:00,0.0,3.549999999999997,4647.040000000006,2025-01-28T16:00:00-05:00,0.0,3.950000000000003,3847.039999999995,2025-01-29T16:00:00-05:00,0.0,,,2025-01-30T15:49:00-05:00,660.0,,,,,1.0,hit,2.0,hit,44.0,hit,122.0,hit,2880.0,hit,2880.0,hit,2889.0,hit,1735.0,hit,1735.0,hit,1735.0,hit,,never_hit,,never_hit,,never_hit,6.149999999999977,2,False,False,False,False,,7.000000000000028,3,True,False,False,False,,7.000000000000028,3,True,False,False,False,,7.000000000000028,3,True,False,False,False,,122.0,2025-01-28T11:33:00-05:00,2.0499999999999545,7647.040000000092,172.0,2025-01-28T12:23:00-05:00,2.8499999999999943,6047.040000000012,173.0,2025-01-28T12:24:00-05:00,2.9499999999999886,5847.040000000024,123.0,2025-01-28T11:34:00-05:00,4.0,3747.040000000001,2880.0,2025-01-30T09:31:00-05:00,0.8500000000000014,10047.039999999999,2881.0,2025-01-30T09:32:00-05:00,0.6000000000000005,10547.04,2882.0,2025-01-30T09:33:00-05:00,0.6000000000000014,10547.039999999999,2881.0,2025-01-30T09:32:00-05:00,0.6000000000000005,10547.04,2880.0,2025-01-30T09:31:00-05:00,0.8500000000000014,10047.039999999999,2881.0,2025-01-30T09:32:00-05:00,0.6000000000000005,10547.04,2882.0,2025-01-30T09:33:00-05:00,0.6000000000000014,10547.039999999999,2881.0,2025-01-30T09:32:00-05:00,0.6000000000000005,10547.04,2894.0,2025-01-30T09:45:00-05:00,0.4499999999999993,10847.040000000003,2897.0,2025-01-30T09:48:00-05:00,0.2250000000000001,11297.04,2898.0,2025-01-30T09:49:00-05:00,0.17499999999999982,11397.040000000003,2895.0,2025-01-30T09:46:00-05:00,0.4500000000000002,10847.04,2383
2025-01-28,2025-01-30,2,7.0,2025-01-28T09:31:00-05:00,7.0,NDXP  250130P21570000,NDXP  250130P21560000,validation,False,False,0,0,0,9,0,1182,available,False,2025-01-28T09:31:00-05:00,2025-01-30T15:59:00-05:00,9.950000000000003,-6152.96,1.0,last_observed_quote_not_settlement,1036.0,410,108,8.100000000000023,-2452.9600000000464,2025-01-28T09:32:00-05:00,0.0,7.949999999999932,-2152.9599999998627,2025-01-28T09:33:00-05:00,0.0,7.849999999999966,-1952.9599999999311,2025-01-28T09:36:00-05:00,0.0,6.0499999999999545,1647.0400000000916,2025-01-28T09:41:00-05:00,0.0,8.299999999999955,-2852.95999999991,2025-01-28T09:46:00-05:00,0.0,7.2999999999999545,-852.9599999999084,2025-01-28T10:01:00-05:00,0.0,5.349999999999909,3047.0400000001828,2025-01-28T10:31:00-05:00,0.0,7.149999999999977,-552.9599999999539,2025-01-28T11:31:00-05:00,0.0,5.75,2247.040000000001,2025-01-28T16:00:00-05:00,0.0,6.099999999999994,1547.040000000012,2025-01-29T16:00:00-05:00,0.0,,,2025-01-30T15:59:00-05:00,60.0,,,,,31.0,hit,87.0,hit,87.0,hit,87.0,hit,,never_hit,,never_hit,,never_hit,1.0,hit,1.0,hit,0.0,hit,1.0,hit,9.0,hit,9.0,hit,9.899999999999977,50,True,True,True,True,,,,True,True,True,False,4.349999999999966,,,True,True,True,False,4.349999999999966,,,True,True,True,False,4.349999999999966,87.0,2025-01-28T10:58:00-05:00,2.650000000000034,8447.039999999934,,,,,,,,,88.0,2025-01-28T10:59:00-05:00,6.750000000000057,247.039999999887,,,,,,,,,,,,,,,,,,,,,,,,,,,,,,,,,,,,,,,,,,,,,,,,,2384
2025-01-28,2025-01-31,3,5.0,2025-01-28T09:31:00-05:00,5.0,NDXP  250131P21240000,NDXP  250131P21230000,validation,False,False,0,0,0,17,0,1584,available,False,2025-01-28T09:31:00-05:00,2025-01-31T16:00:00-05:00,0.0,9747.04,0.0,last_observed_quote_not_settlement,1036.0,25,21,5.050000000000011,-352.96000000002203,2025-01-28T09:32:00-05:00,0.0,4.699999999999989,347.04000000002344,2025-01-28T09:33:00-05:00,0.0,1.75,6247.040000000001,2025-01-28T09:36:00-05:00,0.0,4.800000000000068,147.03999999986428,2025-01-28T09:41:00-05:00,0.0,5.399999999999977,-1052.9599999999539,2025-01-28T09:46:00-05:00,0.0,4.899999999999977,-52.959999999953816,2025-01-28T10:01:00-05:00,0.0,3.4000000000000057,2947.0399999999895,2025-01-28T10:31:00-05:00,0.0,2.8000000000000114,4147.039999999978,2025-01-28T11:31:00-05:00,0.0,3.049999999999997,3647.0400000000063,2025-01-28T16:00:00-05:00,0.0,3.3999999999999915,2947.0400000000177,2025-01-29T16:00:00-05:00,0.0,2.8000000000000007,4147.039999999999,2025-01-30T16:00:00-05:00,0.0,0.0,9747.04,2025-01-31T16:00:00-05:00,0.0,0.0,hit,0.0,hit,5.0,hit,5.0,hit,5.0,hit,3226.0,hit,4320.0,hit,7.0,hit,9.0,hit,17.0,hit,,never_hit,,never_hit,,never_hit,5.050000000000011,2,False,False,False,False,,5.050000000000011,2,False,False,False,False,,7.050000000000068,25,True,False,False,False,,7.050000000000068,25,True,False,False,False,,5.0,2025-01-28T09:36:00-05:00,1.75,6247.040000000001,316.0,2025-01-28T14:47:00-05:00,2.9000000000000057,3947.0399999999895,317.0,2025-01-28T14:48:00-05:00,2.8499999999999943,4047.040000000012,6.0,2025-01-28T09:37:00-05:00,5.350000000000023,-952.9600000000448,5.0,2025-01-28T09:36:00-05:00,1.75,6247.040000000001,2881.0,2025-01-30T09:32:00-05:00,1.75,6247.040000000001,2882.0,2025-01-30T09:33:00-05:00,1.7999999999999972,6147.040000000006,6.0,2025-01-28T09:37:00-05:00,5.350000000000023,-952.9600000000448,4320.0,2025-01-31T09:31:00-05:00,0.17499999999999982,9397.040000000003,4321.0,2025-01-31T09:32:00-05:00,0.125,9497.04,4322.0,2025-01-31T09:33:00-05:00,0.20000000000000018,9347.04,4321.0,2025-01-31T09:32:00-05:00,0.125,9497.04,4320.0,2025-01-31T09:31:00-05:00,0.17499999999999982,9397.040000000003,4321.0,2025-01-31T09:32:00-05:00,0.125,9497.04,4322.0,2025-01-31T09:33:00-05:00,0.20000000000000018,9347.04,4321.0,2025-01-31T09:32:00-05:00,0.125,9497.04,2385
2025-01-28,2025-01-31,3,6.0,2025-01-28T09:31:00-05:00,6.0,NDXP  250131P21450000,NDXP  250131P21440000,validation,False,False,0,0,1,4,0,1597,available,False,2025-01-28T09:31:00-05:00,2025-01-31T16:00:00-05:00,0.29999999999999993,11147.040000000003,0.0,last_observed_quote_not_settlement,1036.0,51,65,6.5499999999999545,-1352.9599999999084,2025-01-28T09:32:00-05:00,0.0,7.050000000000011,-2352.960000000022,2025-01-28T09:33:00-05:00,0.0,6.300000000000011,-852.9600000000221,2025-01-28T09:36:00-05:00,0.0,5.400000000000034,947.0399999999324,2025-01-28T09:41:00-05:00,0.0,6.399999999999977,-1052.9599999999539,2025-01-28T09:46:00-05:00,0.0,4.100000000000023,3547.0399999999554,2025-01-28T10:01:00-05:00,0.0,2.6499999999999773,6447.040000000046,2025-01-28T10:31:00-05:00,0.0,7.399999999999977,-3052.9599999999537,2025-01-28T11:31:00-05:00,0.0,4.0,3747.040000000001,2025-01-28T16:00:00-05:00,0.0,5.099999999999994,1547.040000000012,2025-01-29T16:00:00-05:00,0.0,4.449999999999989,2847.0400000000236,2025-01-30T16:00:00-05:00,0.0,0.29999999999999993,11147.040000000003,2025-01-31T16:00:00-05:00,0.0,10.0,hit,30.0,hit,60.0,hit,60.0,hit,1469.0,hit,4321.0,hit,4343.0,hit,1.0,hit,2.0,hit,2.0,hit,,never_hit,,never_hit,,never_hit,7.199999999999989,17,True,False,False,False,,7.399999999999977,20,True,False,False,False,,7.699999999999989,48,True,False,False,False,,7.699999999999989,48,True,False,False,False,,60.0,2025-01-28T10:31:00-05:00,2.6499999999999773,6447.040000000046,2900.0,2025-01-30T09:51:00-05:00,2.799999999999997,6147.040000000006,2901.0,2025-01-30T09:52:00-05:00,2.6999999999999957,6347.040000000009,61.0,2025-01-28T10:32:00-05:00,5.25,1247.0400000000006,1469.0,2025-01-29T10:00:00-05:00,1.6499999999999773,8447.040000000046,4321.0,2025-01-31T09:32:00-05:00,0.8000000000000007,10147.04,4322.0,2025-01-31T09:33:00-05:00,0.9500000000000011,9847.039999999999,1470.0,2025-01-29T10:01:00-05:00,4.900000000000034,1947.0399999999324,4321.0,2025-01-31T09:32:00-05:00,0.8000000000000007,10147.04,4335.0,2025-01-31T09:46:00-05:00,0.8499999999999996,10047.040000000003,4336.0,2025-01-31T09:47:00-05:00,0.75,10247.04,4322.0,2025-01-31T09:33:00-05:00,0.9500000000000011,9847.039999999999,4349.0,2025-01-31T10:00:00-05:00,0.34999999999999964,11047.040000000003,4350.0,2025-01-31T10:01:00-05:00,0.2999999999999998,11147.040000000003,4351.0,2025-01-31T10:02:00-05:00,0.2999999999999998,11147.040000000003,4350.0,2025-01-31T10:01:00-05:00,0.2999999999999998,11147.040000000003,2386
2025-01-28,2025-01-31,3,7.0,2025-01-28T09:31:00-05:00,7.0,NDXP  250131P21750000,NDXP  250131P21740000,validation,False,False,0,0,0,51,0,1549,available,False,2025-01-28T09:31:00-05:00,2025-01-31T15:59:00-05:00,9.650000000000034,-5552.960000000069,1.0,last_observed_quote_not_settlement,1036.0,1030,226,8.599999999999909,-3452.959999999819,2025-01-28T09:32:00-05:00,0.0,8.549999999999955,-3352.95999999991,2025-01-28T09:33:00-05:00,0.0,8.5,-3252.960000000001,2025-01-28T09:36:00-05:00,0.0,8.75,-3752.960000000001,2025-01-28T09:41:00-05:00,0.0,8.799999999999955,-3852.95999999991,2025-01-28T09:46:00-05:00,0.0,8.399999999999977,-3052.9599999999555,2025-01-28T10:01:00-05:00,0.0,7.649999999999977,-1552.9599999999539,2025-01-28T10:31:00-05:00,0.0,,,2025-01-28T11:28:00-05:00,180.0,6.9500000000000455,-152.96000000009025,2025-01-28T16:00:00-05:00,0.0,7.0,-252.9599999999993,2025-01-29T16:00:00-05:00,0.0,,,2025-01-30T15:59:00-05:00,60.0,,,2025-01-31T15:59:00-05:00,60.0,83.0,hit,83.0,hit,84.0,hit,1586.0,hit,1586.0,hit,,never_hit,,never_hit,1.0,hit,1.0,hit,0.0,hit,1.0,hit,14.0,hit,115.0,hit,9.699999999999932,370,True,True,True,True,,9.699999999999932,370,True,True,True,True,,,,True,True,True,False,5.9500000000000455,,,True,True,True,False,5.9500000000000455,1586.0,2025-01-29T11:57:00-05:00,1.0499999999999545,11647.040000000092,4383.0,2025-01-31T10:34:00-05:00,2.8000000000000043,8147.039999999993,4384.0,2025-01-31T10:35:00-05:00,2.5,8747.04,1587.0,2025-01-29T11:58:00-05:00,8.0,-2252.960000000001,1586.0,2025-01-29T11:57:00-05:00,1.0499999999999545,11647.040000000092,4412.0,2025-01-31T11:03:00-05:00,1.8000000000000043,10147.039999999994,4413.0,2025-01-31T11:04:00-05:00,1.8999999999999986,9947.040000000005,1587.0,2025-01-29T11:58:00-05:00,8.0,-2252.960000000001,,,,,,,,,,,,,,,,,,,,,,,,,,,,,,,,,2387
2025-01-29,2025-01-31,2,5.0,2025-01-29T09:31:00-05:00,4.9500000000000455,NDXP  250131P21860000,NDXP  250131P21850000,validation,False,False,0,0,0,137,0,1058,available,False,2025-01-29T09:31:00-05:00,2025-01-31T15:56:00-05:00,10.0,-10252.959999999908,4.0,last_observed_quote_not_settlement,1037.0,950,14,8.449999999999989,-7252.959999999887,2025-01-29T09:32:00-05:00,0.0,8.149999999999977,-6652.9599999998645,2025-01-29T09:33:00-05:00,0.0,7.0,-4352.959999999908,2025-01-29T09:36:00-05:00,0.0,6.75,-3852.959999999908,2025-01-29T09:41:00-05:00,0.0,8.199999999999989,-6752.959999999887,2025-01-29T09:46:00-05:00,0.0,7.5,-5352.959999999908,2025-01-29T10:01:00-05:00,0.0,8.199999999999989,-6752.959999999887,2025-01-29T10:31:00-05:00,0.0,,,2025-01-29T11:29:00-05:00,120.0,8.100000000000023,-6552.9599999999555,2025-01-29T16:00:00-05:00,0.0,9.25,-8852.95999999991,2025-01-30T16:00:00-05:00,0.0,,,2025-01-31T15:56:00-05:00,240.0,,,,,0.0,hit,0.0,hit,86.0,hit,107.0,hit,107.0,hit,107.0,hit,107.0,hit,1.0,hit,1.0,hit,1.0,hit,1.0,hit,20.0,hit,99.0,hit,9.549999999999955,95,True,True,True,True,,9.549999999999955,95,True,True,True,True,,9.549999999999955,95,True,True,True,True,,9.549999999999955,95,True,True,True,True,,107.0,2025-01-29T11:18:00-05:00,0.3500000000001364,8947.039999999819,,,,,,,,,,,,,107.0,2025-01-29T11:18:00-05:00,0.3500000000001364,8947.039999999819,,,,,,,,,,,,,107.0,2025-01-29T11:18:00-05:00,0.3500000000001364,8947.039999999819,,,,,,,,,,,,,107.0,2025-01-29T11:18:00-05:00,0.3500000000001364,8947.039999999819,,,,,,,,,,,,,2388
2025-01-29,2025-01-31,2,6.0,2025-01-29T09:31:00-05:00,6.0,NDXP  250131P21640000,NDXP  250131P21630000,validation,False,False,0,0,0,18,0,1177,available,False,2025-01-29T09:31:00-05:00,2025-01-31T15:59:00-05:00,10.0,-8152.96,1.0,last_observed_quote_not_settlement,1036.0,794,68,6.099999999999966,-452.9599999999311,2025-01-29T09:32:00-05:00,0.0,6.2000000000000455,-652.9600000000903,2025-01-29T09:33:00-05:00,0.0,6.050000000000011,-352.96000000002203,2025-01-29T09:36:00-05:00,0.0,6.050000000000011,-352.96000000002203,2025-01-29T09:41:00-05:00,0.0,7.600000000000023,-3452.9600000000446,2025-01-29T09:46:00-05:00,0.0,7.849999999999966,-3952.959999999931,2025-01-29T10:01:00-05:00,0.0,6.7999999999999545,-1852.9599999999084,2025-01-29T10:31:00-05:00,0.0,6.75,-1752.9599999999994,2025-01-29T11:31:00-05:00,0.0,6.600000000000023,-1452.9600000000448,2025-01-29T16:00:00-05:00,0.0,6.699999999999989,-1652.9599999999766,2025-01-30T16:00:00-05:00,0.0,,,2025-01-31T15:59:00-05:00,60.0,,,,,25.0,hit,25.0,hit,79.0,hit,103.0,hit,2891.0,hit,2944.0,hit,3056.0,hit,7.0,hit,8.0,hit,8.0,hit,12.0,hit,97.0,hit,306.0,hit,9.349999999999966,94,True,True,True,True,,9.649999999999977,722,True,True,True,True,,9.649999999999977,722,True,True,True,True,,9.649999999999977,722,True,True,True,True,,103.0,2025-01-29T11:14:00-05:00,2.8000000000000114,6147.039999999978,2897.0,2025-01-31T09:48:00-05:00,2.75,6247.040000000001,2898.0,2025-01-31T09:49:00-05:00,2.8500000000000014,6047.039999999998,104.0,2025-01-29T11:15:00-05:00,7.100000000000023,-2452.9600000000446,2891.0,2025-01-31T09:42:00-05:00,1.2999999999999972,9147.040000000008,2911.0,2025-01-31T10:02:00-05:00,1.7500000000000036,8247.039999999994,2912.0,2025-01-31T10:03:00-05:00,1.6000000000000014,8547.039999999999,2892.0,2025-01-31T09:43:00-05:00,3.25,5247.040000000001,2944.0,2025-01-31T10:35:00-05:00,0.9499999999999993,9847.040000000003,2945.0,2025-01-31T10:36:00-05:00,0.8499999999999979,10047.040000000006,2963.0,2025-01-31T10:54:00-05:00,0.8000000000000007,10147.04,2945.0,2025-01-31T10:36:00-05:00,0.8499999999999979,10047.040000000006,3081.0,2025-01-31T12:52:00-05:00,0.44999999999999973,10847.04,,,,,,,,,3082.0,2025-01-31T12:53:00-05:00,0.4500000000000002,10847.04,2389
2025-01-29,2025-01-31,2,7.0,2025-01-29T09:31:00-05:00,7.0,NDXP  250131P21760000,NDXP  250131P21750000,validation,False,False,0,0,0,37,0,1158,available,False,2025-01-29T09:31:00-05:00,2025-01-31T15:58:00-05:00,10.0,-6152.96,2.0,last_observed_quote_not_settlement,1036.0,799,118,7.0,-252.9599999999993,2025-01-29T09:32:00-05:00,0.0,7.2999999999999545,-852.9599999999084,2025-01-29T09:33:00-05:00,0.0,7.199999999999989,-652.9599999999766,2025-01-29T09:36:00-05:00,0.0,6.5499999999999545,647.0400000000916,2025-01-29T09:41:00-05:00,0.0,6.550000000000011,647.0399999999779,2025-01-29T09:46:00-05:00,0.0,6.899999999999977,-52.959999999953816,2025-01-29T10:01:00-05:00,0.0,7.599999999999966,-1452.9599999999311,2025-01-29T10:31:00-05:00,0.0,7.599999999999966,-1452.9599999999311,2025-01-29T11:31:00-05:00,0.0,7.599999999999966,-1452.9599999999311,2025-01-29T16:00:00-05:00,0.0,7.2999999999999545,-852.9599999999084,2025-01-30T16:00:00-05:00,0.0,,,2025-01-31T15:58:00-05:00,120.0,,,,,29.0,hit,59.0,hit,59.0,hit,121.0,hit,121.0,hit,3055.0,hit,3055.0,hit,8.0,hit,12.0,hit,0.0,hit,12.0,hit,12.0,hit,107.0,hit,9.650000000000034,90,True,True,True,True,,9.650000000000034,90,True,True,True,True,,10.0,687,True,True,True,True,,10.0,687,True,True,True,True,,121.0,2025-01-29T11:32:00-05:00,1.8000000000000114,10147.039999999979,2945.0,2025-01-31T10:36:00-05:00,2.5500000000000043,8647.039999999994,2946.0,2025-01-31T10:37:00-05:00,2.6999999999999993,8347.040000000003,122.0,2025-01-29T11:33:00-05:00,7.5,-1252.9599999999994,121.0,2025-01-29T11:32:00-05:00,1.8000000000000114,10147.039999999979,,,,,,,,,122.0,2025-01-29T11:33:00-05:00,7.5,-1252.9599999999994,3055.0,2025-01-31T12:26:00-05:00,0.4499999999999993,12847.040000000003,,,,,,,,,3056.0,2025-01-31T12:27:00-05:00,2.5,8747.04,3055.0,2025-01-31T12:26:00-05:00,0.4499999999999993,12847.040000000003,,,,,,,,,3056.0,2025-01-31T12:27:00-05:00,2.5,8747.04,2390
2025-01-31,2025-02-03,3,5.0,2025-01-31T09:31:00-05:00,5.150000000000006,NDXP  250203P21730000,NDXP  250203P21720000,validation,False,False,0,0,2,123,0,670,available,False,2025-01-31T09:31:00-05:00,2025-02-03T15:58:00-05:00,9.449999999999989,-8852.959999999966,2.0,last_observed_quote_not_settlement,3916.0,342,25,4.5,1047.040000000012,2025-01-31T09:32:00-05:00,0.0,4.699999999999989,647.0400000000348,2025-01-31T09:33:00-05:00,0.0,5.100000000000023,-152.9600000000334,2025-01-31T09:36:00-05:00,0.0,4.75,547.040000000012,2025-01-31T09:41:00-05:00,0.0,4.699999999999989,647.0400000000348,2025-01-31T09:46:00-05:00,0.0,3.700000000000003,2647.0400000000063,2025-01-31T10:01:00-05:00,0.0,3.6500000000000057,2747.040000000001,2025-01-31T10:31:00-05:00,0.0,6.6000000000000085,-3152.960000000005,2025-01-31T11:31:00-05:00,0.0,3.599999999999909,2847.040000000194,2025-01-31T16:00:00-05:00,0.0,,,2025-01-31T16:15:00-05:00,85500.0,,,2025-01-31T16:15:00-05:00,171900.0,,,2025-02-03T15:58:00-05:00,120.0,0.0,hit,1.0,hit,22.0,hit,66.0,hit,,never_hit,,never_hit,,never_hit,3.0,hit,3.0,hit,233.0,hit,331.0,hit,339.0,hit,4320.0,hit,6.550000000000011,2,False,False,False,False,,,,True,True,True,False,2.6500000000000057,,,True,True,True,False,2.6500000000000057,,,True,True,True,False,2.6500000000000057,91.0,2025-01-31T11:02:00-05:00,2.75,4547.040000000012,92.0,2025-01-31T11:03:00-05:00,2.8499999999999943,4347.040000000024,93.0,2025-01-31T11:04:00-05:00,2.9499999999999886,4147.0400000000345,92.0,2025-01-31T11:03:00-05:00,2.8499999999999943,4347.040000000024,,,,,,,,,,,,,,,,,,,,,,,,,,,,,,,,,,,,,,,,,,,,,,,,,2391
2025-01-31,2025-02-03,3,6.0,2025-01-31T09:31:00-05:00,5.900000000000034,NDXP  250203P21750000,NDXP  250203P21740000,validation,False,False,0,0,0,78,0,717,available,False,2025-01-31T09:31:00-05:00,2025-02-03T16:00:00-05:00,10.0,-8352.95999999993,0.0,last_observed_quote_not_settlement,3916.0,360,56,3.75,4047.040000000069,2025-01-31T09:32:00-05:00,0.0,5.0,1547.0400000000689,2025-01-31T09:33:00-05:00,0.0,5.25,1047.0400000000689,2025-01-31T09:36:00-05:00,0.0,3.4499999999999886,4647.040000000092,2025-01-31T09:41:00-05:00,0.0,5.400000000000006,747.0400000000575,2025-01-31T09:46:00-05:00,0.0,4.1000000000000085,3347.040000000052,2025-01-31T10:01:00-05:00,0.0,3.549999999999997,4447.0400000000745,2025-01-31T10:31:00-05:00,0.0,1.5499999999999972,8447.040000000075,2025-01-31T11:31:00-05:00,0.0,8.399999999999977,-5252.959999999887,2025-01-31T16:00:00-05:00,0.0,,,2025-01-31T16:15:00-05:00,85500.0,,,2025-01-31T16:15:00-05:00,171900.0,10.0,-8352.95999999993,2025-02-03T16:00:00-05:00,0.0,1.0,hit,1.0,hit,1.0,hit,93.0,hit,120.0,hit,160.0,hit,160.0,hit,6.0,hit,286.0,hit,294.0,hit,315.0,hit,343.0,hit,343.0,hit,6.800000000000011,1,False,False,False,False,,6.800000000000011,1,False,False,False,False,,6.800000000000011,1,False,False,False,False,,6.800000000000011,1,False,False,False,False,,120.0,2025-01-31T11:31:00-05:00,1.5499999999999972,8447.040000000075,,,,,,,,,121.0,2025-01-31T11:32:00-05:00,3.3000000000000114,4947.040000000046,120.0,2025-01-31T11:31:00-05:00,1.5499999999999972,8447.040000000075,,,,,,,,,121.0,2025-01-31T11:32:00-05:00,3.3000000000000114,4947.040000000046,160.0,2025-01-31T12:11:00-05:00,0.15000000000000568,11247.040000000059,,,,,,,,,161.0,2025-01-31T12:12:00-05:00,3.999999999999986,3547.0400000000973,160.0,2025-01-31T12:11:00-05:00,0.15000000000000568,11247.040000000059,,,,,,,,,161.0,2025-01-31T12:12:00-05:00,3.999999999999986,3547.0400000000973,2392
2025-01-31,2025-02-03,3,7.0,2025-01-31T09:31:00-05:00,7.049999999999983,NDXP  250203P21860000,NDXP  250203P21850000,validation,False,False,0,0,0,110,0,685,available,False,2025-01-31T09:31:00-05:00,2025-02-03T16:00:00-05:00,10.0,-6052.960000000034,0.0,last_observed_quote_not_settlement,3916.0,358,44,6.75,347.0399999999666,2025-01-31T09:32:00-05:00,0.0,7.199999999999989,-552.9600000000107,2025-01-31T09:33:00-05:00,0.0,7.200000000000017,-552.9600000000676,2025-01-31T09:36:00-05:00,0.0,3.9000000000000057,6047.039999999955,2025-01-31T09:41:00-05:00,0.0,6.899999999999977,47.04000000001208,2025-01-31T09:46:00-05:00,0.0,5.5,2847.0399999999668,2025-01-31T10:01:00-05:00,0.0,5.300000000000011,3247.039999999944,2025-01-31T10:31:00-05:00,0.0,7.400000000000006,-952.9600000000448,2025-01-31T11:31:00-05:00,0.0,,,2025-01-31T15:59:00-05:00,60.0,,,2025-01-31T16:15:00-05:00,85500.0,,,2025-01-31T16:15:00-05:00,171900.0,10.0,-6052.960000000034,2025-02-03T16:00:00-05:00,0.0,10.0,hit,10.0,hit,10.0,hit,,never_hit,,never_hit,,never_hit,,never_hit,12.0,hit,247.0,hit,0.0,hit,247.0,hit,309.0,hit,315.0,hit,,,True,True,True,False,3.1499999999999773,,,True,True,True,False,3.1499999999999773,,,True,True,True,False,3.1499999999999773,,,True,True,True,False,3.1499999999999773,,,,,,,,,,,,,,,,,,,,,,,,,,,,,,,,,,,,,,,,,,,,,,,,,,,,,,,,,,,,,,,,,2393
2025-02-03,2025-02-05,2,5.0,2025-02-03T09:31:00-05:00,5.0,NDXP  250205P21180000,NDXP  250205P21170000,validation,False,False,0,0,1,12,15,1187,available,False,2025-02-03T09:31:00-05:00,2025-02-05T15:53:00-05:00,0.0,9747.04,7.0,last_observed_quote_not_settlement,1036.0,33,20,5.400000000000006,-1052.9600000000107,2025-02-03T09:32:00-05:00,0.0,4.900000000000006,-52.96000000001066,2025-02-03T09:33:00-05:00,0.0,4.800000000000011,147.03999999997797,2025-02-03T09:36:00-05:00,0.0,4.550000000000011,647.0399999999779,2025-02-03T09:41:00-05:00,0.0,4.800000000000011,147.03999999997797,2025-02-03T09:46:00-05:00,0.0,4.999999999999972,-252.95999999994245,2025-02-03T10:01:00-05:00,0.0,4.200000000000017,1347.0399999999665,2025-02-03T10:31:00-05:00,0.0,3.4000000000000057,2947.0399999999895,2025-02-03T11:31:00-05:00,0.0,3.5,2747.040000000001,2025-02-03T16:00:00-05:00,0.0,0.9000000000000004,7947.04,2025-02-04T16:00:00-05:00,0.0,,,2025-02-05T15:53:00-05:00,420.0,,,,,0.0,hit,0.0,hit,51.0,hit,51.0,hit,51.0,hit,51.0,hit,51.0,hit,31.0,hit,43.0,hit,,never_hit,,never_hit,,never_hit,,never_hit,6.949999999999989,30,False,False,False,False,,6.949999999999989,30,False,False,False,False,,6.949999999999989,30,False,False,False,False,,6.949999999999989,30,False,False,False,False,,51.0,2025-02-03T10:22:00-05:00,0.15000000000000568,9447.03999999999,73.0,2025-02-03T10:44:00-05:00,0.7000000000000028,8347.039999999995,282.0,2025-02-03T14:13:00-05:00,2.8999999999999915,3947.0400000000177,52.0,2025-02-03T10:23:00-05:00,3.3000000000000114,3147.039999999978,51.0,2025-02-03T10:22:00-05:00,0.15000000000000568,9447.03999999999,1469.0,2025-02-04T10:00:00-05:00,1.5999999999999943,6547.040000000012,1470.0,2025-02-04T10:01:00-05:00,1.8000000000000043,6147.039999999992,52.0,2025-02-03T10:23:00-05:00,3.3000000000000114,3147.039999999978,51.0,2025-02-03T10:22:00-05:00,0.15000000000000568,9447.03999999999,1825.0,2025-02-04T15:56:00-05:00,0.9000000000000021,7947.039999999996,1826.0,2025-02-04T15:57:00-05:00,0.8500000000000014,8047.039999999998,52.0,2025-02-03T10:23:00-05:00,3.3000000000000114,3147.039999999978,51.0,2025-02-03T10:22:00-05:00,0.15000000000000568,9447.03999999999,2937.0,2025-02-05T10:28:00-05:00,0.40000000000000036,8947.04,2938.0,2025-02-05T10:29:00-05:00,0.2999999999999998,9147.040000000003,52.0,2025-02-03T10:23:00-05:00,3.3000000000000114,3147.039999999978,2394
2025-02-03,2025-02-05,2,6.0,2025-02-03T09:31:00-05:00,6.0,NDXP  250205P21280000,NDXP  250205P21270000,validation,False,False,0,0,1,3,15,1196,available,False,2025-02-03T09:31:00-05:00,2025-02-05T16:00:00-05:00,0.0,11747.04,0.0,last_observed_quote_not_settlement,1036.0,27,21,5.800000000000011,147.03999999997797,2025-02-03T09:32:00-05:00,0.0,5.75,247.04000000000067,2025-02-03T09:33:00-05:00,0.0,5.600000000000023,547.0399999999552,2025-02-03T09:36:00-05:00,0.0,5.449999999999989,847.0400000000234,2025-02-03T09:41:00-05:00,0.0,6.5499999999999545,-1352.9599999999084,2025-02-03T09:46:00-05:00,0.0,7.2999999999999545,-2852.959999999908,2025-02-03T10:01:00-05:00,0.0,4.900000000000006,1947.0399999999893,2025-02-03T10:31:00-05:00,0.0,4.349999999999966,3047.040000000069,2025-02-03T11:31:00-05:00,0.0,4.5,2747.040000000001,2025-02-03T16:00:00-05:00,0.0,1.7000000000000028,8347.039999999995,2025-02-04T16:00:00-05:00,0.0,0.0,11747.04,2025-02-05T16:00:00-05:00,0.0,,,,,9.0,hit,34.0,hit,54.0,hit,54.0,hit,54.0,hit,54.0,hit,54.0,hit,15.0,hit,30.0,hit,30.0,hit,,never_hit,,never_hit,,never_hit,7.449999999999932,23,True,False,False,False,,7.449999999999932,23,True,False,False,False,,7.449999999999932,23,True,False,False,False,,7.449999999999932,23,True,False,False,False,,54.0,2025-02-03T10:25:00-05:00,0.3499999999999943,11047.040000000014,1466.0,2025-02-04T09:57:00-05:00,2.8499999999999943,6047.040000000012,1467.0,2025-02-04T09:58:00-05:00,2.9000000000000057,5947.039999999989,55.0,2025-02-03T10:26:00-05:00,5.150000000000006,1447.0399999999893,54.0,2025-02-03T10:25:00-05:00,0.3499999999999943,11047.040000000014,1509.0,2025-02-04T10:40:00-05:00,1.9000000000000057,7947.039999999989,1510.0,2025-02-04T10:41:00-05:00,1.9000000000000057,7947.039999999989,55.0,2025-02-03T10:26:00-05:00,5.150000000000006,1447.0399999999893,54.0,2025-02-03T10:25:00-05:00,0.3499999999999943,11047.040000000014,2944.0,2025-02-05T10:35:00-05:00,0.7999999999999989,10147.040000000005,2945.0,2025-02-05T10:36:00-05:00,0.8499999999999979,10047.040000000006,55.0,2025-02-03T10:26:00-05:00,5.150000000000006,1447.0399999999893,54.0,2025-02-03T10:25:00-05:00,0.3499999999999943,11047.040000000014,2980.0,2025-02-05T11:11:00-05:00,0.3500000000000001,11047.04,2981.0,2025-02-05T11:12:00-05:00,0.40000000000000036,10947.04,55.0,2025-02-03T10:26:00-05:00,5.150000000000006,1447.0399999999893,2395
2025-02-03,2025-02-05,2,7.0,2025-02-03T09:31:00-05:00,7.0,NDXP  250205P21380000,NDXP  250205P21370000,validation,False,False,0,0,1,5,15,1193,available,False,2025-02-03T09:31:00-05:00,2025-02-05T16:00:00-05:00,0.0,13747.04,0.0,last_observed_quote_not_settlement,1036.0,20,18,6.7000000000000455,347.03999999990975,2025-02-03T09:32:00-05:00,0.0,6.649999999999977,447.0400000000462,2025-02-03T09:33:00-05:00,0.0,6.5,747.0400000000006,2025-02-03T09:36:00-05:00,0.0,6.399999999999977,947.0400000000461,2025-02-03T09:41:00-05:00,0.0,7.0,-252.9599999999993,2025-02-03T09:46:00-05:00,0.0,7.0,-252.9599999999993,2025-02-03T10:01:00-05:00,0.0,5.949999999999989,1847.0400000000234,2025-02-03T10:31:00-05:00,0.0,5.249999999999972,3247.0400000000577,2025-02-03T11:31:00-05:00,0.0,4.900000000000034,3947.0399999999327,2025-02-03T16:00:00-05:00,0.0,2.25,9247.04,2025-02-04T16:00:00-05:00,0.0,0.0,13747.04,2025-02-05T16:00:00-05:00,0.0,,,,,25.0,hit,25.0,hit,25.0,hit,29.0,hit,29.0,hit,221.0,hit,3018.0,hit,24.0,hit,24.0,hit,0.0,hit,24.0,hit,31.0,hit,,never_hit,8.449999999999932,3,True,True,False,False,,8.449999999999932,3,True,True,False,False,,9.149999999999977,20,True,True,True,True,,9.149999999999977,20,True,True,True,True,,29.0,2025-02-03T10:00:00-05:00,1.1999999999999886,11347.040000000025,1489.0,2025-02-04T10:20:00-05:00,2.799999999999997,8147.040000000007,1510.0,2025-02-04T10:41:00-05:00,2.5999999999999943,8547.040000000014,30.0,2025-02-03T10:01:00-05:00,7.0,-252.9599999999993,29.0,2025-02-03T10:00:00-05:00,1.1999999999999886,11347.040000000025,2948.0,2025-02-05T10:39:00-05:00,1.9000000000000021,9947.039999999997,2949.0,2025-02-05T10:40:00-05:00,1.8499999999999979,10047.040000000006,30.0,2025-02-03T10:01:00-05:00,7.0,-252.9599999999993,221.0,2025-02-03T13:12:00-05:00,0.6999999999999886,12347.040000000025,3006.0,2025-02-05T11:37:00-05:00,0.7999999999999998,12147.040000000003,3007.0,2025-02-05T11:38:00-05:00,0.75,12247.04,222.0,2025-02-03T13:13:00-05:00,5.0,3747.040000000001,3020.0,2025-02-05T11:51:00-05:00,0.40000000000000036,12947.04,3021.0,2025-02-05T11:52:00-05:00,0.35000000000000053,13047.04,3022.0,2025-02-05T11:53:00-05:00,0.3999999999999999,12947.04,3021.0,2025-02-05T11:52:00-05:00,0.35000000000000053,13047.04,2396
2025-02-03,2025-02-06,3,5.0,2025-02-03T09:31:00-05:00,4.999999999999972,NDXP  250206P21150000,NDXP  250206P21140000,validation,False,False,0,0,0,34,0,1570,available,False,2025-02-03T09:31:00-05:00,2025-02-06T16:00:00-05:00,9.975,-10152.960000000056,0.0,last_observed_quote_not_settlement,1036.0,20,15,5.050000000000011,-352.9600000000789,2025-02-03T09:32:00-05:00,0.0,4.399999999999977,947.0399999999893,2025-02-03T09:33:00-05:00,0.0,4.5,747.0399999999438,2025-02-03T09:36:00-05:00,0.0,4.199999999999989,1347.0399999999665,2025-02-03T09:41:00-05:00,0.0,3.849999999999966,2047.0400000000122,2025-02-03T09:46:00-05:00,0.0,4.899999999999977,-52.96000000001066,2025-02-03T10:01:00-05:00,0.0,3.8500000000000227,2047.0399999998986,2025-02-03T10:31:00-05:00,0.0,3.4000000000000057,2947.0399999999327,2025-02-03T11:31:00-05:00,0.0,3.3000000000000114,3147.0399999999213,2025-02-03T16:00:00-05:00,0.0,1.4499999999999993,6847.039999999945,2025-02-04T16:00:00-05:00,0.0,0.15000000000000036,9447.039999999944,2025-02-05T16:00:00-05:00,0.0,9.975,-10152.960000000056,2025-02-06T16:00:00-05:00,0.0,0.0,hit,0.0,hit,15.0,hit,74.0,hit,95.0,hit,95.0,hit,3019.0,hit,18.0,hit,18.0,hit,18.0,hit,36.0,hit,4709.0,hit,4709.0,hit,8.550000000000011,19,True,True,False,False,,8.550000000000011,19,True,True,False,False,,8.550000000000011,19,True,True,False,False,,8.550000000000011,20,True,True,False,False,,74.0,2025-02-03T10:45:00-05:00,2.849999999999966,4047.040000000012,284.0,2025-02-03T14:15:00-05:00,2.799999999999997,4147.03999999995,285.0,2025-02-03T14:16:00-05:00,2.799999999999997,4147.03999999995,75.0,2025-02-03T10:46:00-05:00,3.0,3747.039999999944,95.0,2025-02-03T11:06:00-05:00,0.6999999999999886,8347.039999999968,1474.0,2025-02-04T10:05:00-05:00,1.9499999999999957,5847.039999999953,1479.0,2025-02-04T10:10:00-05:00,1.7999999999999972,6147.03999999995,96.0,2025-02-03T11:07:00-05:00,3.4000000000000057,2947.0399999999327,95.0,2025-02-03T11:06:00-05:00,0.6999999999999886,8347.039999999968,2978.0,2025-02-05T11:09:00-05:00,0.9000000000000021,7947.03999999994,2979.0,2025-02-05T11:10:00-05:00,0.7999999999999972,8147.039999999949,96.0,2025-02-03T11:07:00-05:00,3.4000000000000057,2947.0399999999327,3021.0,2025-02-05T11:52:00-05:00,0.3999999999999986,8947.039999999948,3022.0,2025-02-05T11:53:00-05:00,0.4499999999999993,8847.039999999946,3033.0,2025-02-05T12:04:00-05:00,0.39999999999999947,8947.039999999946,3022.0,2025-02-05T11:53:00-05:00,0.4499999999999993,8847.039999999946,2397
2025-02-03,2025-02-06,3,6.0,2025-02-03T09:31:00-05:00,5.9500000000000455,NDXP  250206P21320000,NDXP  250206P21310000,validation,False,False,0,0,0,10,0,1593,available,False,2025-02-03T09:31:00-05:00,2025-02-06T15:59:00-05:00,0.0,11647.040000000092,1.0,last_observed_quote_not_settlement,1037.0,41,25,6.300000000000011,-952.9599999999311,2025-02-03T09:32:00-05:00,0.0,6.0,-352.95999999990835,2025-02-03T09:33:00-05:00,0.0,6.0,-352.95999999990835,2025-02-03T09:36:00-05:00,0.0,5.5,647.0400000000916,2025-02-03T09:41:00-05:00,0.0,5.900000000000034,-152.95999999997656,2025-02-03T09:46:00-05:00,0.0,6.150000000000034,-652.9599999999766,2025-02-03T10:01:00-05:00,0.0,5.199999999999989,1247.0400000001143,2025-02-03T10:31:00-05:00,0.0,4.5,2647.040000000092,2025-02-03T11:31:00-05:00,0.0,4.900000000000006,1847.0400000000802,2025-02-03T16:00:00-05:00,0.0,2.3999999999999986,6847.040000000095,2025-02-04T16:00:00-05:00,0.0,0.5,10647.040000000092,2025-02-05T16:00:00-05:00,0.0,,,2025-02-06T15:59:00-05:00,60.0,8.0,hit,55.0,hit,56.0,hit,71.0,hit,168.0,hit,3036.0,hit,3269.0,hit,18.0,hit,18.0,hit,18.0,hit,18.0,hit,,never_hit,,never_hit,8.850000000000023,35,True,True,False,False,,8.850000000000023,38,True,True,False,False,,8.850000000000023,41,True,True,False,False,,8.850000000000023,41,True,True,False,False,,71.0,2025-02-03T10:42:00-05:00,2.4000000000000057,6847.04000000008,1479.0,2025-02-04T10:10:00-05:00,2.8500000000000085,5947.0400000000745,1483.0,2025-02-04T10:14:00-05:00,2.6999999999999886,6247.040000000115,72.0,2025-02-03T10:43:00-05:00,4.349999999999994,2947.040000000103,168.0,2025-02-03T12:19:00-05:00,1.9499999999999886,7747.040000000115,2980.0,2025-02-05T11:11:00-05:00,1.8999999999999915,7847.040000000109,3006.0,2025-02-05T11:37:00-05:00,1.7499999999999964,8147.040000000098,169.0,2025-02-03T12:20:00-05:00,4.25,3147.040000000092,3040.0,2025-02-05T12:11:00-05:00,0.8999999999999986,9847.040000000095,3157.0,2025-02-05T14:08:00-05:00,0.9000000000000004,9847.040000000092,3158.0,2025-02-05T14:09:00-05:00,0.9000000000000021,9847.040000000088,3041.0,2025-02-05T12:12:00-05:00,1.0,9647.040000000092,4320.0,2025-02-06T09:31:00-05:00,0.3999999999999999,10847.040000000092,4323.0,2025-02-06T09:34:00-05:00,0.3500000000000001,10947.040000000092,4324.0,2025-02-06T09:35:00-05:00,0.25,11147.040000000092,4321.0,2025-02-06T09:32:00-05:00,0.45000000000000107,10747.04000000009,2398
2025-02-03,2025-02-06,3,7.0,2025-02-03T09:31:00-05:00,7.0,NDXP  250206P21610000,NDXP  250206P21600000,validation,False,False,0,0,1,26,0,1576,available,False,2025-02-03T09:31:00-05:00,2025-02-06T15:59:00-05:00,0.07500000000000001,13597.04,1.0,last_observed_quote_not_settlement,1037.0,146,122,,,2025-02-03T09:31:00-05:00,60.0,8.900000000000034,-4052.960000000069,2025-02-03T09:33:00-05:00,0.0,8.050000000000068,-2352.9600000001374,2025-02-03T09:36:00-05:00,0.0,7.949999999999989,-2152.9599999999764,2025-02-03T09:41:00-05:00,0.0,8.100000000000023,-2452.9600000000464,2025-02-03T09:46:00-05:00,0.0,8.350000000000023,-2952.9600000000464,2025-02-03T10:01:00-05:00,0.0,8.349999999999966,-2952.9599999999327,2025-02-03T10:31:00-05:00,0.0,,,2025-02-03T11:30:00-05:00,60.0,7.150000000000034,-552.9600000000676,2025-02-03T16:00:00-05:00,0.0,4.449999999999989,4847.040000000024,2025-02-04T16:00:00-05:00,0.0,3.5999999999999943,6547.040000000012,2025-02-05T16:00:00-05:00,0.0,,,2025-02-06T15:59:00-05:00,60.0,13.0,hit,13.0,hit,73.0,hit,73.0,hit,73.0,hit,4519.0,hit,4554.0,hit,2.0,hit,2.0,hit,0.0,hit,2.0,hit,16.0,hit,18.0,hit,9.899999999999977,51,True,True,True,True,,9.899999999999977,51,True,True,True,True,,9.899999999999977,146,True,True,True,True,,9.899999999999977,146,True,True,True,True,,73.0,2025-02-03T10:44:00-05:00,1.3999999999999773,10947.040000000046,351.0,2025-02-03T15:22:00-05:00,1.8999999999999773,9947.040000000046,4336.0,2025-02-06T09:47:00-05:00,2.3500000000000014,9047.039999999999,74.0,2025-02-03T10:45:00-05:00,4.800000000000011,4147.039999999978,73.0,2025-02-03T10:44:00-05:00,1.3999999999999773,10947.040000000046,351.0,2025-02-03T15:22:00-05:00,1.8999999999999773,9947.040000000046,4361.0,2025-02-06T10:12:00-05:00,1.6500000000000004,10447.04,74.0,2025-02-03T10:45:00-05:00,4.800000000000011,4147.039999999978,4520.0,2025-02-06T12:51:00-05:00,0.8999999999999995,11947.040000000003,4521.0,2025-02-06T12:52:00-05:00,0.8499999999999996,12047.040000000003,4522.0,2025-02-06T12:53:00-05:00,0.8499999999999996,12047.040000000003,4521.0,2025-02-06T12:52:00-05:00,0.8499999999999996,12047.040000000003,4561.0,2025-02-06T13:32:00-05:00,0.375,12997.04,4562.0,2025-02-06T13:33:00-05:00,0.44999999999999973,12847.04,4563.0,2025-02-06T13:34:00-05:00,0.44999999999999973,12847.04,4562.0,2025-02-06T13:33:00-05:00,0.44999999999999973,12847.04,2399
2025-02-04,2025-02-06,2,5.0,2025-02-04T09:31:00-05:00,4.9500000000000455,NDXP  250206P22150000,NDXP  250206P22140000,validation,False,False,0,0,0,160,0,1036,available,False,2025-02-04T09:31:00-05:00,2025-02-06T15:59:00-05:00,10.0,-10252.959999999908,1.0,last_observed_quote_not_settlement,1038.0,910,2,9.900000000000091,-10152.960000000092,2025-02-04T09:32:00-05:00,0.0,9.800000000000068,-9952.960000000046,2025-02-04T09:33:00-05:00,0.0,9.599999999999909,-9552.959999999728,2025-02-04T09:36:00-05:00,0.0,9.749999999999886,-9852.959999999683,2025-02-04T09:41:00-05:00,0.0,9.75,-9852.95999999991,2025-02-04T09:46:00-05:00,0.0,9.599999999999909,-9552.959999999728,2025-02-04T10:01:00-05:00,0.0,9.5,-9352.95999999991,2025-02-04T10:31:00-05:00,0.0,9.5,-9352.95999999991,2025-02-04T11:31:00-05:00,0.0,,,2025-02-04T15:59:00-05:00,60.0,,,2025-02-05T15:59:00-05:00,60.0,,,2025-02-06T15:59:00-05:00,60.0,,,,,0.0,hit,0.0,hit,,never_hit,,never_hit,,never_hit,,never_hit,,never_hit,1.0,hit,1.0,hit,1.0,hit,1.0,hit,1.0,hit,1.0,hit,,,True,True,True,False,0.10000000000002274,,,True,True,True,False,0.10000000000002274,,,True,True,True,False,0.10000000000002274,,,True,True,True,False,0.10000000000002274,,,,,,,,,,,,,,,,,,,,,,,,,,,,,,,,,,,,,,,,,,,,,,,,,,,,,,,,,,,,,,,,,2400
2025-02-04,2025-02-06,2,6.0,2025-02-04T09:31:00-05:00,6.0,NDXP  250206P21490000,NDXP  250206P21480000,validation,False,False,0,0,0,10,15,1188,available,False,2025-02-04T09:31:00-05:00,2025-02-06T15:58:00-05:00,0.024999999999999994,11697.04,2.0,last_observed_quote_not_settlement,1037.0,5,9,6.100000000000023,-452.9600000000448,2025-02-04T09:32:00-05:00,0.0,5.800000000000011,147.03999999997797,2025-02-04T09:33:00-05:00,0.0,5.400000000000006,947.0399999999893,2025-02-04T09:36:00-05:00,0.0,5.599999999999966,547.0400000000689,2025-02-04T09:41:00-05:00,0.0,4.350000000000023,3047.0399999999554,2025-02-04T09:46:00-05:00,0.0,4.200000000000017,3347.0399999999668,2025-02-04T10:01:00-05:00,0.0,4.350000000000023,3047.0399999999554,2025-02-04T10:31:00-05:00,0.0,3.75,4247.040000000001,2025-02-04T11:31:00-05:00,0.0,4.199999999999989,3347.0400000000236,2025-02-04T16:00:00-05:00,0.0,1.9499999999999993,7847.040000000002,2025-02-05T16:00:00-05:00,0.0,,,2025-02-06T15:58:00-05:00,120.0,,,,,5.0,hit,7.0,hit,40.0,hit,52.0,hit,1798.0,hit,2894.0,hit,2919.0,hit,1478.0,hit,,never_hit,,never_hit,,never_hit,,never_hit,,never_hit,6.100000000000023,1,False,False,False,False,,6.849999999999994,5,False,False,False,False,,6.849999999999994,5,False,False,False,False,,6.849999999999994,5,False,False,False,False,,52.0,2025-02-04T10:23:00-05:00,2.0999999999999943,7547.040000000012,1582.0,2025-02-05T11:53:00-05:00,2.8999999999999986,5947.040000000004,1583.0,2025-02-05T11:54:00-05:00,2.6999999999999886,6347.040000000024,53.0,2025-02-04T10:24:00-05:00,4.349999999999994,3047.0400000000122,1828.0,2025-02-05T15:59:00-05:00,1.8500000000000014,8047.039999999998,1829.0,2025-02-05T16:00:00-05:00,1.9499999999999993,7847.040000000002,1830.0,2025-02-05T16:01:00-05:00,1.9499999999999993,7847.040000000002,1829.0,2025-02-05T16:00:00-05:00,1.9499999999999993,7847.040000000002,2894.0,2025-02-06T09:45:00-05:00,0.9499999999999993,9847.040000000003,2895.0,2025-02-06T09:46:00-05:00,0.7999999999999998,10147.040000000003,2896.0,2025-02-06T09:47:00-05:00,0.8000000000000016,10147.039999999999,2895.0,2025-02-06T09:46:00-05:00,0.7999999999999998,10147.040000000003,2921.0,2025-02-06T10:12:00-05:00,0.25,11247.04,2922.0,2025-02-06T10:13:00-05:00,0.4499999999999993,10847.040000000003,2926.0,2025-02-06T10:17:00-05:00,0.4499999999999993,10847.040000000003,2922.0,2025-02-06T10:13:00-05:00,0.4499999999999993,10847.040000000003,2401
2025-02-04,2025-02-06,2,7.0,2025-02-04T09:31:00-05:00,7.0,NDXP  250206P21670000,NDXP  250206P21660000,validation,False,False,0,0,0,3,15,1195,available,False,2025-02-04T09:31:00-05:00,2025-02-06T15:59:00-05:00,0.025,13697.04,1.0,last_observed_quote_not_settlement,1037.0,128,68,7.75,-1752.9599999999994,2025-02-04T09:32:00-05:00,0.0,7.199999999999989,-652.9599999999766,2025-02-04T09:33:00-05:00,0.0,6.749999999999943,247.04000000011436,2025-02-04T09:36:00-05:00,0.0,7.100000000000023,-452.9600000000448,2025-02-04T09:41:00-05:00,0.0,4.649999999999977,4447.040000000046,2025-02-04T09:46:00-05:00,0.0,6.399999999999977,947.0400000000461,2025-02-04T10:01:00-05:00,0.0,5.349999999999994,3047.0400000000122,2025-02-04T10:31:00-05:00,0.0,5.849999999999994,2047.0400000000122,2025-02-04T11:31:00-05:00,0.0,5.400000000000006,2947.0399999999895,2025-02-04T16:00:00-05:00,0.0,5.150000000000006,3447.0399999999895,2025-02-05T16:00:00-05:00,0.0,,,2025-02-06T15:59:00-05:00,60.0,,,,,7.0,hit,15.0,hit,80.0,hit,391.0,hit,391.0,hit,3251.0,hit,3255.0,hit,1.0,hit,4.0,hit,0.0,hit,4.0,hit,,never_hit,,never_hit,8.850000000000023,28,True,True,False,False,,8.850000000000023,28,True,True,False,False,,8.850000000000023,128,True,True,False,False,,8.850000000000023,128,True,True,False,False,,391.0,2025-02-04T16:02:00-05:00,1.799999999999983,10147.040000000035,2922.0,2025-02-06T10:13:00-05:00,2.650000000000002,8447.039999999997,2923.0,2025-02-06T10:14:00-05:00,2.700000000000003,8347.039999999995,392.0,2025-02-04T16:03:00-05:00,6.0,1747.0400000000006,391.0,2025-02-04T16:02:00-05:00,1.799999999999983,10147.040000000035,3086.0,2025-02-06T12:57:00-05:00,1.8500000000000014,10047.039999999999,3095.0,2025-02-06T13:06:00-05:00,1.75,10247.04,392.0,2025-02-04T16:03:00-05:00,6.0,1747.0400000000006,3254.0,2025-02-06T15:45:00-05:00,0.7000000000000002,12347.04,3255.0,2025-02-06T15:46:00-05:00,0.4999999999999999,12747.04,3256.0,2025-02-06T15:47:00-05:00,0.3999999999999999,12947.04,3255.0,2025-02-06T15:46:00-05:00,0.4999999999999999,12747.04,3256.0,2025-02-06T15:47:00-05:00,0.3999999999999999,12947.04,3257.0,2025-02-06T15:48:00-05:00,0.25,13247.04,3258.0,2025-02-06T15:49:00-05:00,0.2,13347.04,3257.0,2025-02-06T15:48:00-05:00,0.25,13247.04,2402
2025-02-04,2025-02-07,3,5.0,2025-02-04T09:31:00-05:00,5.0,NDXP  250207P21390000,NDXP  250207P21380000,validation,False,False,0,0,0,7,0,1595,available,False,2025-02-04T09:31:00-05:00,2025-02-07T16:00:00-05:00,0.65,8447.04,0.0,last_observed_quote_not_settlement,1037.0,5,7,5.400000000000034,-1052.9600000000676,2025-02-04T09:32:00-05:00,0.0,6.950000000000017,-4152.960000000034,2025-02-04T09:33:00-05:00,0.0,4.5,747.0400000000006,2025-02-04T09:36:00-05:00,0.0,4.449999999999989,847.0400000000234,2025-02-04T09:41:00-05:00,0.0,4.449999999999989,847.0400000000234,2025-02-04T09:46:00-05:00,0.0,4.0,1747.0400000000006,2025-02-04T10:01:00-05:00,0.0,3.4499999999999886,2847.0400000000236,2025-02-04T10:31:00-05:00,0.0,3.3000000000000114,3147.039999999978,2025-02-04T11:31:00-05:00,0.0,3.0999999999999943,3547.0400000000122,2025-02-04T16:00:00-05:00,0.0,2.0500000000000043,5647.039999999992,2025-02-05T16:00:00-05:00,0.0,1.0,7747.040000000001,2025-02-06T16:00:00-05:00,0.0,0.65,8447.04,2025-02-07T16:00:00-05:00,0.0,0.0,hit,0.0,hit,9.0,hit,79.0,hit,1828.0,hit,3264.0,hit,4320.0,hit,2.0,hit,2.0,hit,,never_hit,,never_hit,,never_hit,,never_hit,6.950000000000017,4,False,False,False,False,,6.950000000000017,5,False,False,False,False,,6.950000000000017,5,False,False,False,False,,6.950000000000017,5,False,False,False,False,,79.0,2025-02-04T10:50:00-05:00,2.8500000000000227,4047.0399999999554,1572.0,2025-02-05T11:43:00-05:00,2.9000000000000057,3947.0399999999895,1579.0,2025-02-05T11:50:00-05:00,2.6999999999999886,4347.040000000024,80.0,2025-02-04T10:51:00-05:00,3.4499999999999886,2847.0400000000236,1830.0,2025-02-05T16:01:00-05:00,1.8999999999999986,5947.040000000004,1843.0,2025-02-05T16:14:00-05:00,1.7999999999999972,6147.040000000006,1844.0,2025-02-05T16:15:00-05:00,1.8500000000000014,6047.039999999998,1831.0,2025-02-05T16:02:00-05:00,2.1000000000000085,5547.039999999984,3264.0,2025-02-06T15:55:00-05:00,0.9499999999999993,7847.040000000002,3265.0,2025-02-06T15:56:00-05:00,0.9499999999999993,7847.040000000002,4322.0,2025-02-07T09:33:00-05:00,0.1499999999999999,9447.04,3265.0,2025-02-06T15:56:00-05:00,0.9499999999999993,7847.040000000002,4320.0,2025-02-07T09:31:00-05:00,0.19999999999999973,9347.04,4321.0,2025-02-07T09:32:00-05:00,0.15000000000000036,9447.04,4322.0,2025-02-07T09:33:00-05:00,0.1499999999999999,9447.04,4321.0,2025-02-07T09:32:00-05:00,0.15000000000000036,9447.04,2403
2025-02-04,2025-02-07,3,6.0,2025-02-04T09:31:00-05:00,6.0,NDXP  250207P21480000,NDXP  250207P21470000,validation,False,False,0,0,0,2,0,1600,available,False,2025-02-04T09:31:00-05:00,2025-02-07T16:00:00-05:00,0.0,11747.04,0.0,last_observed_quote_not_settlement,1037.0,4,8,5.399999999999977,947.0400000000461,2025-02-04T09:32:00-05:00,0.0,5.999999999999943,-252.9599999998856,2025-02-04T09:33:00-05:00,0.0,4.800000000000011,2147.039999999978,2025-02-04T09:36:00-05:00,0.0,5.400000000000006,947.0399999999893,2025-02-04T09:41:00-05:00,0.0,5.250000000000028,1247.0399999999438,2025-02-04T09:46:00-05:00,0.0,4.400000000000006,2947.0399999999895,2025-02-04T10:01:00-05:00,0.0,4.5,2747.040000000001,2025-02-04T10:31:00-05:00,0.0,4.049999999999983,3647.040000000035,2025-02-04T11:31:00-05:00,0.0,3.849999999999966,4047.040000000069,2025-02-04T16:00:00-05:00,0.0,2.799999999999983,6147.0400000000345,2025-02-05T16:00:00-05:00,0.0,1.4500000000000028,8847.039999999995,2025-02-06T16:00:00-05:00,0.0,0.0,11747.04,2025-02-07T16:00:00-05:00,0.0,1.0,hit,5.0,hit,31.0,hit,64.0,hit,1559.0,hit,4320.0,hit,4320.0,hit,247.0,hit,,never_hit,,never_hit,,never_hit,,never_hit,,never_hit,6.0,0,False,False,False,False,,6.949999999999989,3,False,False,False,False,,6.949999999999989,4,False,False,False,False,,6.949999999999989,4,False,False,False,False,,64.0,2025-02-04T10:35:00-05:00,2.5999999999999943,6547.040000000012,1600.0,2025-02-05T12:11:00-05:00,2.8000000000000114,6147.039999999978,1793.0,2025-02-05T15:24:00-05:00,2.8499999999999943,6047.040000000012,65.0,2025-02-04T10:36:00-05:00,4.349999999999966,3047.040000000069,1559.0,2025-02-05T11:30:00-05:00,1.4000000000000057,8947.03999999999,2922.0,2025-02-06T10:13:00-05:00,1.8500000000000085,8047.039999999984,2923.0,2025-02-06T10:14:00-05:00,1.9499999999999957,7847.040000000009,1560.0,2025-02-05T11:31:00-05:00,3.8999999999999773,3947.0400000000463,4320.0,2025-02-07T09:31:00-05:00,0.40000000000000036,10947.04,4321.0,2025-02-07T09:32:00-05:00,0.2999999999999998,11147.040000000003,4322.0,2025-02-07T09:33:00-05:00,0.2999999999999998,11147.040000000003,4321.0,2025-02-07T09:32:00-05:00,0.2999999999999998,11147.040000000003,4320.0,2025-02-07T09:31:00-05:00,0.40000000000000036,10947.04,4321.0,2025-02-07T09:32:00-05:00,0.2999999999999998,11147.040000000003,4322.0,2025-02-07T09:33:00-05:00,0.2999999999999998,11147.040000000003,4321.0,2025-02-07T09:32:00-05:00,0.2999999999999998,11147.040000000003,2404
2025-02-04,2025-02-07,3,7.0,2025-02-04T09:31:00-05:00,7.0,NDXP  250207P21770000,NDXP  250207P21760000,validation,False,False,0,0,0,53,0,1548,available,False,2025-02-04T09:31:00-05:00,2025-02-07T16:00:00-05:00,10.0,-6152.96,0.0,last_observed_quote_not_settlement,1037.0,686,155,7.800000000000011,-1852.960000000022,2025-02-04T09:32:00-05:00,0.0,6.499999999999943,747.0400000001143,2025-02-04T09:33:00-05:00,0.0,7.100000000000023,-452.9600000000448,2025-02-04T09:36:00-05:00,0.0,7.2999999999999545,-852.9599999999084,2025-02-04T09:41:00-05:00,0.0,3.3000000000000114,7147.039999999978,2025-02-04T09:46:00-05:00,0.0,6.7000000000000455,347.03999999990975,2025-02-04T10:01:00-05:00,0.0,6.400000000000091,947.0399999998187,2025-02-04T10:31:00-05:00,0.0,7.300000000000011,-852.9600000000221,2025-02-04T11:31:00-05:00,0.0,8.100000000000023,-2452.9600000000464,2025-02-04T16:00:00-05:00,0.0,6.100000000000023,1547.0399999999552,2025-02-05T16:00:00-05:00,0.0,4.5,4747.040000000001,2025-02-06T16:00:00-05:00,0.0,10.0,-6152.96,2025-02-07T16:00:00-05:00,0.0,3.0,hit,15.0,hit,15.0,hit,4322.0,hit,,never_hit,,never_hit,,never_hit,1.0,hit,80.0,hit,0.0,hit,80.0,hit,123.0,hit,141.0,hit,10.0,441,True,True,True,True,,,,True,True,True,False,4.649999999999999,,,True,True,True,False,4.649999999999999,,,True,True,True,False,4.649999999999999,4322.0,2025-02-07T09:33:00-05:00,2.8000000000000043,8147.039999999993,4323.0,2025-02-07T09:34:00-05:00,2.700000000000003,8347.039999999995,4324.0,2025-02-07T09:35:00-05:00,2.75,8247.04,4323.0,2025-02-07T09:34:00-05:00,2.700000000000003,8347.039999999995,,,,,,,,,,,,,,,,,,,,,,,,,,,,,,,,,,,,,,,,,,,,,,,,,2405
2025-02-05,2025-02-07,2,5.0,2025-02-05T09:31:00-05:00,4.949999999999989,NDXP  250207P21520000,NDXP  250207P21510000,validation,False,False,0,0,1,1,0,1197,available,False,2025-02-05T09:31:00-05:00,2025-02-07T16:00:00-05:00,7.0,-4352.960000000022,0.0,last_observed_quote_not_settlement,1036.0,144,58,5.850000000000023,-2052.9600000000673,2025-02-05T09:32:00-05:00,0.0,5.350000000000023,-1052.9600000000676,2025-02-05T09:33:00-05:00,0.0,5.050000000000011,-452.9600000000448,2025-02-05T09:36:00-05:00,0.0,5.0,-352.96000000002203,2025-02-05T09:41:00-05:00,0.0,4.550000000000011,547.0399999999552,2025-02-05T09:46:00-05:00,0.0,4.999999999999972,-352.9599999999652,2025-02-05T10:01:00-05:00,0.0,4.75,147.03999999997797,2025-02-05T10:31:00-05:00,0.0,4.400000000000006,847.0399999999665,2025-02-05T11:31:00-05:00,0.0,3.0,3647.039999999978,2025-02-05T16:00:00-05:00,0.0,1.75,6147.039999999978,2025-02-06T16:00:00-05:00,0.0,7.0,-4352.960000000022,2025-02-07T16:00:00-05:00,0.0,,,,,0.0,hit,0.0,hit,128.0,hit,308.0,hit,308.0,hit,2880.0,hit,2881.0,hit,1.0,hit,12.0,hit,12.0,hit,12.0,hit,12.0,hit,3268.0,hit,9.400000000000006,51,True,True,True,True,,9.400000000000006,51,True,True,True,True,,9.400000000000006,51,True,True,True,True,,9.400000000000006,51,True,True,True,True,,308.0,2025-02-05T14:39:00-05:00,1.3999999999999915,6847.039999999995,402.0,2025-02-05T16:13:00-05:00,2.8499999999999943,3947.0399999999895,403.0,2025-02-05T16:14:00-05:00,2.8999999999999915,3847.039999999995,309.0,2025-02-05T14:40:00-05:00,3.450000000000017,2747.039999999944,308.0,2025-02-05T14:39:00-05:00,1.3999999999999915,6847.039999999995,1826.0,2025-02-06T15:57:00-05:00,1.75,6147.039999999978,1827.0,2025-02-06T15:58:00-05:00,1.75,6147.039999999978,309.0,2025-02-05T14:40:00-05:00,3.450000000000017,2747.039999999944,2880.0,2025-02-07T09:31:00-05:00,0.6500000000000004,8347.039999999979,2881.0,2025-02-07T09:32:00-05:00,0.40000000000000036,8847.039999999979,2882.0,2025-02-07T09:33:00-05:00,0.35000000000000053,8947.039999999977,2881.0,2025-02-07T09:32:00-05:00,0.40000000000000036,8847.039999999979,2881.0,2025-02-07T09:32:00-05:00,0.40000000000000036,8847.039999999979,2882.0,2025-02-07T09:33:00-05:00,0.35000000000000053,8947.039999999977,2883.0,2025-02-07T09:34:00-05:00,0.39999999999999947,8847.039999999979,2882.0,2025-02-07T09:33:00-05:00,0.35000000000000053,8947.039999999977,2406
2025-02-05,2025-02-07,2,6.0,2025-02-05T09:31:00-05:00,6.0,NDXP  250207P21600000,NDXP  250207P21590000,validation,False,False,0,0,0,18,0,1180,available,False,2025-02-05T09:31:00-05:00,2025-02-07T16:00:00-05:00,10.0,-8152.96,0.0,last_observed_quote_not_settlement,1036.0,164,40,6.050000000000011,-352.96000000002203,2025-02-05T09:32:00-05:00,0.0,6.0499999999999545,-352.95999999990835,2025-02-05T09:33:00-05:00,0.0,5.949999999999989,-152.95999999997656,2025-02-05T09:36:00-05:00,0.0,5.900000000000006,-52.96000000001066,2025-02-05T09:41:00-05:00,0.0,5.949999999999989,-152.95999999997656,2025-02-05T09:46:00-05:00,0.0,5.25,1247.0400000000006,2025-02-05T10:01:00-05:00,0.0,5.799999999999983,147.0400000000348,2025-02-05T10:31:00-05:00,0.0,5.149999999999977,1447.0400000000461,2025-02-05T11:31:00-05:00,0.0,3.8999999999999915,3947.0400000000177,2025-02-05T16:00:00-05:00,0.0,2.3499999999999943,7047.040000000012,2025-02-06T16:00:00-05:00,0.0,10.0,-8152.96,2025-02-07T16:00:00-05:00,0.0,,,,,21.0,hit,22.0,hit,51.0,hit,51.0,hit,51.0,hit,51.0,hit,51.0,hit,12.0,hit,12.0,hit,12.0,hit,2999.0,hit,3171.0,hit,3179.0,hit,7.300000000000011,5,True,False,False,False,,7.300000000000011,5,True,False,False,False,,7.300000000000011,5,True,False,False,False,,7.300000000000011,5,True,False,False,False,,51.0,2025-02-05T10:22:00-05:00,0.0,11747.04,1482.0,2025-02-06T10:13:00-05:00,2.8999999999999915,5947.040000000018,1483.0,2025-02-06T10:14:00-05:00,2.8500000000000085,6047.039999999984,52.0,2025-02-05T10:23:00-05:00,5.549999999999983,647.0400000000348,51.0,2025-02-05T10:22:00-05:00,0.0,11747.04,2881.0,2025-02-07T09:32:00-05:00,0.8000000000000007,10147.04,2882.0,2025-02-07T09:33:00-05:00,0.75,10247.04,52.0,2025-02-05T10:23:00-05:00,5.549999999999983,647.0400000000348,51.0,2025-02-05T10:22:00-05:00,0.0,11747.04,2882.0,2025-02-07T09:33:00-05:00,0.75,10247.04,2883.0,2025-02-07T09:34:00-05:00,0.7500000000000018,10247.039999999997,52.0,2025-02-05T10:23:00-05:00,5.549999999999983,647.0400000000348,51.0,2025-02-05T10:22:00-05:00,0.0,11747.04,,,,,,,,,52.0,2025-02-05T10:23:00-05:00,5.549999999999983,647.0400000000348,2407
2025-02-05,2025-02-07,2,7.0,2025-02-05T09:31:00-05:00,7.0499999999999545,NDXP  250207P21710000,NDXP  250207P21700000,validation,False,False,0,0,0,45,0,1152,available,False,2025-02-05T09:31:00-05:00,2025-02-07T15:58:00-05:00,9.75,-5652.960000000092,2.0,last_observed_quote_not_settlement,1036.0,252,52,8.25,-2652.960000000092,2025-02-05T09:32:00-05:00,0.0,7.300000000000011,-752.960000000113,2025-02-05T09:33:00-05:00,0.0,7.0,-152.96000000009025,2025-02-05T09:36:00-05:00,0.0,6.800000000000011,247.039999999887,2025-02-05T09:41:00-05:00,0.0,6.800000000000011,247.039999999887,2025-02-05T09:46:00-05:00,0.0,6.550000000000011,747.039999999887,2025-02-05T10:01:00-05:00,0.0,6.899999999999977,47.039999999955235,2025-02-05T10:31:00-05:00,0.0,6.550000000000011,747.039999999887,2025-02-05T11:31:00-05:00,0.0,4.800000000000011,4247.039999999887,2025-02-05T16:00:00-05:00,0.0,3.4499999999999886,6947.039999999933,2025-02-06T16:00:00-05:00,0.0,,,2025-02-07T15:58:00-05:00,120.0,,,,,134.0,hit,134.0,hit,221.0,hit,1812.0,hit,2882.0,hit,2909.0,hit,2909.0,hit,1.0,hit,1.0,hit,0.0,hit,1.0,hit,2993.0,hit,2993.0,hit,8.699999999999989,33,True,True,False,False,,8.699999999999989,33,True,True,False,False,,8.699999999999989,33,True,True,False,False,,8.699999999999989,33,True,True,False,False,,1812.0,2025-02-06T15:43:00-05:00,2.1500000000000057,9547.039999999899,2881.0,2025-02-07T09:32:00-05:00,2.1999999999999993,9447.039999999912,2882.0,2025-02-07T09:33:00-05:00,1.8500000000000014,10147.039999999908,1813.0,2025-02-06T15:44:00-05:00,4.3999999999999915,5047.039999999927,2882.0,2025-02-07T09:33:00-05:00,1.8500000000000014,10147.039999999908,2883.0,2025-02-07T09:34:00-05:00,1.8000000000000007,10247.03999999991,2884.0,2025-02-07T09:35:00-05:00,1.8500000000000014,10147.039999999908,2883.0,2025-02-07T09:34:00-05:00,1.8000000000000007,10247.03999999991,2909.0,2025-02-07T10:00:00-05:00,0.04999999999999716,13747.039999999917,,,,,,,,,2910.0,2025-02-07T10:01:00-05:00,3.0,7847.03999999991,2909.0,2025-02-07T10:00:00-05:00,0.04999999999999716,13747.039999999917,,,,,,,,,2910.0,2025-02-07T10:01:00-05:00,3.0,7847.03999999991,2408
2025-02-07,2025-02-10,3,5.0,2025-02-07T09:31:00-05:00,5.049999999999983,NDXP  250210P21850000,NDXP  250210P21840000,validation,False,False,0,0,0,67,0,728,available,False,2025-02-07T09:31:00-05:00,2025-02-10T16:00:00-05:00,10.0,-10052.960000000034,0.0,last_observed_quote_not_settlement,3916.0,661,5,4.8500000000000085,147.03999999994954,2025-02-07T09:32:00-05:00,0.0,4.400000000000006,1047.0399999999552,2025-02-07T09:33:00-05:00,0.0,4.150000000000006,1547.0399999999552,2025-02-07T09:36:00-05:00,0.0,4.400000000000006,1047.0399999999552,2025-02-07T09:41:00-05:00,0.0,4.550000000000011,747.0399999999438,2025-02-07T09:46:00-05:00,0.0,6.0,-2152.9600000000332,2025-02-07T10:01:00-05:00,0.0,7.899999999999977,-5952.959999999988,2025-02-07T10:31:00-05:00,0.0,8.149999999999977,-6452.95999999999,2025-02-07T11:31:00-05:00,0.0,9.75,-9652.960000000034,2025-02-07T16:00:00-05:00,0.0,,,2025-02-07T16:15:00-05:00,85500.0,,,2025-02-07T16:15:00-05:00,171900.0,10.0,-10052.960000000034,2025-02-10T16:00:00-05:00,0.0,0.0,hit,1.0,hit,6.0,hit,,never_hit,,never_hit,,never_hit,,never_hit,30.0,hit,31.0,hit,32.0,hit,34.0,hit,77.0,hit,84.0,hit,,,True,True,True,False,1.9999999999999716,,,True,True,True,False,1.9999999999999716,,,True,True,True,False,1.9999999999999716,,,True,True,True,False,1.9999999999999716,,,,,,,,,,,,,,,,,,,,,,,,,,,,,,,,,,,,,,,,,,,,,,,,,,,,,,,,,,,,,,,,,2409
2025-02-07,2025-02-10,3,6.0,2025-02-07T09:31:00-05:00,6.050000000000011,NDXP  250210P21910000,NDXP  250210P21900000,validation,False,False,0,0,0,114,0,681,available,False,2025-02-07T09:31:00-05:00,2025-02-10T16:00:00-05:00,10.0,-8052.959999999977,0.0,last_observed_quote_not_settlement,3917.0,609,5,5.600000000000023,647.0399999999779,2025-02-07T09:32:00-05:00,0.0,5.099999999999994,1647.0400000000348,2025-02-07T09:33:00-05:00,0.0,5.25,1347.0400000000234,2025-02-07T09:36:00-05:00,0.0,5.300000000000011,1247.0400000000006,2025-02-07T09:41:00-05:00,0.0,5.300000000000011,1247.0400000000006,2025-02-07T09:46:00-05:00,0.0,6.400000000000006,-952.959999999988,2025-02-07T10:01:00-05:00,0.0,8.199999999999989,-4552.9599999999555,2025-02-07T10:31:00-05:00,0.0,8.699999999999932,-5552.959999999842,2025-02-07T11:31:00-05:00,0.0,9.899999999999977,-7952.959999999933,2025-02-07T16:00:00-05:00,0.0,,,2025-02-07T16:14:00-05:00,85560.0,,,2025-02-07T16:14:00-05:00,171960.0,10.0,-8052.959999999977,2025-02-10T16:00:00-05:00,0.0,2.0,hit,181.0,hit,,never_hit,,never_hit,,never_hit,,never_hit,,never_hit,31.0,hit,34.0,hit,31.0,hit,34.0,hit,34.0,hit,117.0,hit,,,True,True,True,False,1.0500000000000114,,,True,True,True,False,1.0500000000000114,,,True,True,True,False,1.0500000000000114,,,True,True,True,False,1.0500000000000114,,,,,,,,,,,,,,,,,,,,,,,,,,,,,,,,,,,,,,,,,,,,,,,,,,,,,,,,,,,,,,,,,2410
2025-02-07,2025-02-10,3,7.0,2025-02-07T09:31:00-05:00,7.000000000000028,NDXP  250210P21950000,NDXP  250210P21940000,validation,False,False,0,0,0,137,0,658,available,False,2025-02-07T09:31:00-05:00,2025-02-10T16:00:00-05:00,10.0,-6152.959999999943,0.0,last_observed_quote_not_settlement,3916.0,544,18,6.300000000000011,1147.0400000000348,2025-02-07T09:32:00-05:00,0.0,6.049999999999983,1647.0400000000916,2025-02-07T09:33:00-05:00,0.0,5.950000000000017,1847.0400000000234,2025-02-07T09:36:00-05:00,0.0,5.950000000000017,1847.0400000000234,2025-02-07T09:41:00-05:00,0.0,6.050000000000011,1647.0400000000348,2025-02-07T09:46:00-05:00,0.0,,,2025-02-07T10:00:00-05:00,60.0,7.949999999999989,-2152.9599999999195,2025-02-07T10:31:00-05:00,0.0,9.199999999999932,-4652.959999999808,2025-02-07T11:31:00-05:00,0.0,,,2025-02-07T15:59:00-05:00,60.0,,,2025-02-07T16:15:00-05:00,85500.0,,,2025-02-07T16:15:00-05:00,171900.0,10.0,-6152.959999999943,2025-02-10T16:00:00-05:00,0.0,92.0,hit,92.0,hit,125.0,hit,,never_hit,,never_hit,,never_hit,,never_hit,29.0,hit,31.0,hit,0.0,hit,31.0,hit,41.0,hit,43.0,hit,,,True,True,True,False,3.700000000000017,,,True,True,True,False,3.700000000000017,,,True,True,True,False,3.700000000000017,,,True,True,True,False,3.700000000000017,,,,,,,,,,,,,,,,,,,,,,,,,,,,,,,,,,,,,,,,,,,,,,,,,,,,,,,,,,,,,,,,,2411
2025-02-10,2025-02-12,2,5.0,2025-02-10T09:31:00-05:00,5.050000000000011,NDXP  250212P21750000,NDXP  250212P21740000,validation,False,False,0,0,0,5,15,1195,available,False,2025-02-10T09:31:00-05:00,2025-02-12T15:59:00-05:00,9.600000000000001,-9352.959999999981,1.0,last_observed_quote_not_settlement,1036.0,512,66,5.199999999999989,-552.9599999999539,2025-02-10T09:32:00-05:00,0.0,5.399999999999977,-952.9599999999311,2025-02-10T09:33:00-05:00,0.0,5.100000000000023,-352.96000000002203,2025-02-10T09:36:00-05:00,0.0,5.050000000000011,-252.9599999999993,2025-02-10T09:41:00-05:00,0.0,4.349999999999994,1147.0400000000348,2025-02-10T09:46:00-05:00,0.0,5.000000000000028,-152.9600000000334,2025-02-10T10:01:00-05:00,0.0,4.050000000000011,1747.0400000000006,2025-02-10T10:31:00-05:00,0.0,4.25,1347.0400000000234,2025-02-10T11:31:00-05:00,0.0,4.199999999999989,1447.0400000000461,2025-02-10T16:00:00-05:00,0.0,4.900000000000006,47.04000000001208,2025-02-11T16:00:00-05:00,0.0,,,2025-02-12T15:59:00-05:00,60.0,,,,,0.0,hit,6.0,hit,57.0,hit,97.0,hit,97.0,hit,97.0,hit,97.0,hit,29.0,hit,1455.0,hit,1830.0,hit,2880.0,hit,2881.0,hit,2883.0,hit,5.850000000000023,9,False,False,False,False,,5.850000000000023,9,False,False,False,False,,5.850000000000023,9,False,False,False,False,,5.850000000000023,9,False,False,False,False,,97.0,2025-02-10T11:08:00-05:00,0.19999999999998863,9447.040000000046,,,,,,,,,98.0,2025-02-10T11:09:00-05:00,4.300000000000011,1247.0400000000006,97.0,2025-02-10T11:08:00-05:00,0.19999999999998863,9447.040000000046,,,,,,,,,98.0,2025-02-10T11:09:00-05:00,4.300000000000011,1247.0400000000006,97.0,2025-02-10T11:08:00-05:00,0.19999999999998863,9447.040000000046,,,,,,,,,98.0,2025-02-10T11:09:00-05:00,4.300000000000011,1247.0400000000006,97.0,2025-02-10T11:08:00-05:00,0.19999999999998863,9447.040000000046,,,,,,,,,98.0,2025-02-10T11:09:00-05:00,4.300000000000011,1247.0400000000006,2412
2025-02-10,2025-02-12,2,6.0,2025-02-10T09:31:00-05:00,6.0,NDXP  250212P21820000,NDXP  250212P21810000,validation,False,False,0,0,0,69,15,1131,available,False,2025-02-10T09:31:00-05:00,2025-02-12T16:00:00-05:00,9.950000000000003,-8152.96,0.0,last_observed_quote_not_settlement,1036.0,489,66,5.799999999999983,147.0400000000348,2025-02-10T09:32:00-05:00,0.0,5.850000000000023,47.039999999955235,2025-02-10T09:33:00-05:00,0.0,5.849999999999994,47.04000000001208,2025-02-10T09:36:00-05:00,0.0,5.900000000000006,-52.96000000001066,2025-02-10T09:41:00-05:00,0.0,4.75,2247.040000000001,2025-02-10T09:46:00-05:00,0.0,6.700000000000017,-1652.9600000000335,2025-02-10T10:01:00-05:00,0.0,4.650000000000006,2447.0399999999895,2025-02-10T10:31:00-05:00,0.0,5.0,1747.0400000000006,2025-02-10T11:31:00-05:00,0.0,5.5,747.0400000000006,2025-02-10T16:00:00-05:00,0.0,6.449999999999989,-1152.9599999999766,2025-02-11T16:00:00-05:00,0.0,9.950000000000003,-8152.96,2025-02-12T16:00:00-05:00,0.0,,,,,13.0,hit,13.0,hit,32.0,hit,32.0,hit,,never_hit,,never_hit,,never_hit,17.0,hit,17.0,hit,17.0,hit,97.0,hit,2880.0,hit,2880.0,hit,7.2000000000000455,10,True,False,False,False,,,,True,True,True,False,3.0999999999999943,,,True,True,True,False,3.0999999999999943,,,True,True,True,False,3.0999999999999943,32.0,2025-02-10T10:03:00-05:00,2.9000000000000057,5947.039999999989,,,,,,,,,33.0,2025-02-10T10:04:00-05:00,3.8499999999999943,4047.040000000012,,,,,,,,,,,,,,,,,,,,,,,,,,,,,,,,,,,,,,,,,,,,,,,,,2413
2025-02-10,2025-02-12,2,7.0,2025-02-10T09:31:00-05:00,7.0,NDXP  250212P21900000,NDXP  250212P21890000,validation,False,False,0,0,0,97,15,1103,available,False,2025-02-10T09:31:00-05:00,2025-02-12T16:00:00-05:00,10.0,-6152.96,0.0,last_observed_quote_not_settlement,1036.0,557,115,6.800000000000011,147.03999999997797,2025-02-10T09:32:00-05:00,0.0,7.149999999999977,-552.9599999999539,2025-02-10T09:33:00-05:00,0.0,6.800000000000011,147.03999999997797,2025-02-10T09:36:00-05:00,0.0,6.599999999999966,547.0400000000689,2025-02-10T09:41:00-05:00,0.0,6.5,747.0400000000006,2025-02-10T09:46:00-05:00,0.0,6.450000000000017,847.0399999999665,2025-02-10T10:01:00-05:00,0.0,5.749999999999972,2247.0400000000577,2025-02-10T10:31:00-05:00,0.0,6.050000000000011,1647.039999999978,2025-02-10T11:31:00-05:00,0.0,5.450000000000017,2847.0399999999668,2025-02-10T16:00:00-05:00,0.0,8.0,-2252.960000000001,2025-02-11T16:00:00-05:00,0.0,10.0,-6152.96,2025-02-12T16:00:00-05:00,0.0,,,,,40.0,hit,82.0,hit,82.0,hit,126.0,hit,142.0,hit,,never_hit,,never_hit,41.0,hit,97.0,hit,0.0,hit,97.0,hit,237.0,hit,237.0,hit,8.649999999999977,14,True,True,False,False,,8.649999999999977,15,True,True,False,False,,,,True,True,True,False,5.050000000000011,,,True,True,True,False,5.050000000000011,126.0,2025-02-10T11:37:00-05:00,2.900000000000034,7947.039999999933,143.0,2025-02-10T11:54:00-05:00,2.0999999999999943,9547.040000000014,345.0,2025-02-10T15:16:00-05:00,2.700000000000017,8347.039999999968,127.0,2025-02-10T11:38:00-05:00,6.550000000000011,647.0399999999779,142.0,2025-02-10T11:53:00-05:00,1.9499999999999886,9847.040000000025,,,,,,,,,143.0,2025-02-10T11:54:00-05:00,2.0999999999999943,9547.040000000014,,,,,,,,,,,,,,,,,,,,,,,,,,,,,,,,,2414
2025-02-10,2025-02-13,3,5.0,2025-02-10T09:31:00-05:00,5.050000000000011,NDXP  250213P21750000,NDXP  250213P21740000,validation,False,False,0,0,0,3,0,1602,available,False,2025-02-10T09:31:00-05:00,2025-02-13T16:00:00-05:00,9.2,-8552.959999999975,0.0,last_observed_quote_not_settlement,1036.0,351,99,4.849999999999966,147.04000000009165,2025-02-10T09:32:00-05:00,0.0,5.049999999999983,-252.95999999994245,2025-02-10T09:33:00-05:00,0.0,4.850000000000023,147.03999999997797,2025-02-10T09:36:00-05:00,0.0,4.900000000000034,47.039999999955235,2025-02-10T09:41:00-05:00,0.0,4.25,1347.0400000000234,2025-02-10T09:46:00-05:00,0.0,4.599999999999994,647.0400000000348,2025-02-10T10:01:00-05:00,0.0,4.199999999999989,1447.0400000000461,2025-02-10T10:31:00-05:00,0.0,4.200000000000017,1447.0399999999893,2025-02-10T11:31:00-05:00,0.0,4.0,1847.0400000000234,2025-02-10T16:00:00-05:00,0.0,4.899999999999977,47.04000000006892,2025-02-11T16:00:00-05:00,0.0,5.299999999999983,-752.9599999999425,2025-02-12T16:00:00-05:00,0.0,9.2,-8552.959999999975,2025-02-13T16:00:00-05:00,0.0,0.0,hit,1.0,hit,39.0,hit,237.0,hit,1841.0,hit,1841.0,hit,4412.0,hit,29.0,hit,1830.0,hit,1830.0,hit,2880.0,hit,4709.0,hit,,never_hit,5.699999999999989,5,False,False,False,False,,7.000000000000028,84,True,False,False,False,,7.000000000000028,84,True,False,False,False,,8.599999999999909,351,True,True,False,False,,1445.0,2025-02-11T09:36:00-05:00,2.4499999999999886,4947.040000000046,4323.0,2025-02-13T09:34:00-05:00,2.1499999999999986,5547.040000000026,4324.0,2025-02-13T09:35:00-05:00,2.25,5347.040000000024,1446.0,2025-02-11T09:37:00-05:00,4.849999999999994,147.0400000000348,1841.0,2025-02-11T16:12:00-05:00,0.9499999999999886,7947.040000000046,4367.0,2025-02-13T10:18:00-05:00,1.6000000000000014,6647.040000000021,4368.0,2025-02-13T10:19:00-05:00,1.6499999999999986,6547.040000000026,1842.0,2025-02-11T16:13:00-05:00,4.849999999999966,147.04000000009165,1841.0,2025-02-11T16:12:00-05:00,0.9499999999999886,7947.040000000046,4389.0,2025-02-13T10:40:00-05:00,0.7499999999999982,8347.040000000028,4390.0,2025-02-13T10:41:00-05:00,0.6499999999999986,8547.040000000026,1842.0,2025-02-11T16:13:00-05:00,4.849999999999966,147.04000000009165,4421.0,2025-02-13T11:12:00-05:00,0.40000000000000036,9047.040000000023,4588.0,2025-02-13T13:59:00-05:00,0.375,9097.040000000025,4589.0,2025-02-13T14:00:00-05:00,0.3250000000000002,9197.040000000025,4422.0,2025-02-13T11:13:00-05:00,0.5,8847.040000000025,2415
2025-02-10,2025-02-13,3,6.0,2025-02-10T09:31:00-05:00,6.0,NDXP  250213P21840000,NDXP  250213P21830000,validation,False,False,0,0,0,5,0,1600,available,False,2025-02-10T09:31:00-05:00,2025-02-13T15:59:00-05:00,0.0,11747.04,1.0,last_observed_quote_not_settlement,1036.0,545,129,5.899999999999977,-52.959999999953816,2025-02-10T09:32:00-05:00,0.0,6.0,-252.9599999999993,2025-02-10T09:33:00-05:00,0.0,5.800000000000011,147.03999999997797,2025-02-10T09:36:00-05:00,0.0,5.950000000000017,-152.9600000000334,2025-02-10T09:41:00-05:00,0.0,6.5,-1252.9599999999994,2025-02-10T09:46:00-05:00,0.0,5.149999999999977,1447.0400000000461,2025-02-10T10:01:00-05:00,0.0,4.75,2247.040000000001,2025-02-10T10:31:00-05:00,0.0,5.049999999999983,1647.0400000000348,2025-02-10T11:31:00-05:00,0.0,5.149999999999977,1447.0400000000461,2025-02-10T16:00:00-05:00,0.0,6.149999999999977,-552.9599999999539,2025-02-11T16:00:00-05:00,0.0,,,2025-02-12T15:59:00-05:00,60.0,,,2025-02-13T15:59:00-05:00,60.0,14.0,hit,18.0,hit,97.0,hit,105.0,hit,4388.0,hit,4596.0,hit,4619.0,hit,15.0,hit,16.0,hit,16.0,hit,1490.0,hit,1809.0,hit,3045.0,hit,7.249999999999972,8,True,False,False,False,,9.649999999999977,544,True,True,True,True,,9.649999999999977,545,True,True,True,True,,9.649999999999977,545,True,True,True,True,,105.0,2025-02-10T11:16:00-05:00,2.0000000000000284,7747.039999999944,4371.0,2025-02-13T10:22:00-05:00,2.6000000000000014,6547.039999999998,4372.0,2025-02-13T10:23:00-05:00,2.3000000000000043,7147.039999999992,106.0,2025-02-10T11:17:00-05:00,4.800000000000011,2147.039999999978,4389.0,2025-02-13T10:40:00-05:00,1.5499999999999972,8647.040000000008,4390.0,2025-02-13T10:41:00-05:00,1.4499999999999957,8847.04000000001,4391.0,2025-02-13T10:42:00-05:00,1.4499999999999957,8847.04000000001,4390.0,2025-02-13T10:41:00-05:00,1.4499999999999957,8847.04000000001,4597.0,2025-02-13T14:08:00-05:00,0.75,10247.04,4598.0,2025-02-13T14:09:00-05:00,0.8500000000000005,10047.04,4599.0,2025-02-13T14:10:00-05:00,0.8000000000000007,10147.04,4598.0,2025-02-13T14:09:00-05:00,0.8500000000000005,10047.04,4622.0,2025-02-13T14:33:00-05:00,0.44999999999999973,10847.04,4623.0,2025-02-13T14:34:00-05:00,0.3250000000000002,11097.04,4624.0,2025-02-13T14:35:00-05:00,0.32499999999999973,11097.04,4623.0,2025-02-13T14:34:00-05:00,0.3250000000000002,11097.04,2416
2025-02-10,2025-02-13,3,7.0,2025-02-10T09:31:00-05:00,7.0,NDXP  250213P21930000,NDXP  250213P21920000,validation,False,False,0,0,0,13,0,1592,available,False,2025-02-10T09:31:00-05:00,2025-02-13T15:59:00-05:00,0.0,13747.04,1.0,last_observed_quote_not_settlement,1036.0,680,183,7.400000000000034,-1052.9600000000676,2025-02-10T09:32:00-05:00,0.0,7.0,-252.9599999999993,2025-02-10T09:33:00-05:00,0.0,7.0,-252.9599999999993,2025-02-10T09:36:00-05:00,0.0,6.199999999999932,1347.040000000137,2025-02-10T09:41:00-05:00,0.0,6.5,747.0400000000006,2025-02-10T09:46:00-05:00,0.0,6.699999999999989,347.04000000002344,2025-02-10T10:01:00-05:00,0.0,5.750000000000028,2247.039999999944,2025-02-10T10:31:00-05:00,0.0,6.0,1747.0400000000006,2025-02-10T11:31:00-05:00,0.0,6.249999999999972,1247.0400000000575,2025-02-10T16:00:00-05:00,0.0,6.249999999999943,1247.0400000001143,2025-02-11T16:00:00-05:00,0.0,5.350000000000023,3047.0399999999554,2025-02-12T16:00:00-05:00,0.0,,,2025-02-13T15:59:00-05:00,60.0,46.0,hit,46.0,hit,123.0,hit,123.0,hit,123.0,hit,4656.0,hit,4668.0,hit,37.0,hit,104.0,hit,0.0,hit,104.0,hit,176.0,hit,1498.0,hit,8.699999999999989,11,True,True,False,False,,8.699999999999989,11,True,True,False,False,,9.849999999999966,680,True,True,True,True,,9.849999999999966,680,True,True,True,True,,123.0,2025-02-10T11:34:00-05:00,1.3500000000000227,11047.039999999955,4394.0,2025-02-13T10:45:00-05:00,2.8999999999999915,7947.040000000018,4623.0,2025-02-13T14:34:00-05:00,2.4499999999999993,8847.040000000003,124.0,2025-02-10T11:35:00-05:00,5.349999999999994,3047.0400000000122,123.0,2025-02-10T11:34:00-05:00,1.3500000000000227,11047.039999999955,4640.0,2025-02-13T14:51:00-05:00,1.5,10747.04,4641.0,2025-02-13T14:52:00-05:00,1.3500000000000005,11047.04,124.0,2025-02-10T11:35:00-05:00,5.349999999999994,3047.0400000000122,4656.0,2025-02-13T15:07:00-05:00,0.9499999999999997,11847.04,4657.0,2025-02-13T15:08:00-05:00,0.875,11997.04,4658.0,2025-02-13T15:09:00-05:00,0.6499999999999999,12447.04,4657.0,2025-02-13T15:08:00-05:00,0.875,11997.04,4668.0,2025-02-13T15:19:00-05:00,0.4249999999999996,12897.040000000003,4671.0,2025-02-13T15:22:00-05:00,0.3999999999999999,12947.04,4672.0,2025-02-13T15:23:00-05:00,0.3749999999999998,12997.04,4669.0,2025-02-13T15:20:00-05:00,0.4500000000000002,12847.04,2417
2025-02-11,2025-02-13,2,5.0,2025-02-11T09:31:00-05:00,4.950000000000017,NDXP  250213P21700000,NDXP  250213P21690000,validation,False,False,0,0,0,14,15,1186,available,False,2025-02-11T09:31:00-05:00,2025-02-13T15:54:00-05:00,0.0,9647.040000000035,6.0,last_observed_quote_not_settlement,1036.0,151,27,4.599999999999966,447.040000000103,2025-02-11T09:32:00-05:00,0.0,4.5,647.0400000000348,2025-02-11T09:33:00-05:00,0.0,4.400000000000006,847.0400000000234,2025-02-11T09:36:00-05:00,0.0,4.800000000000011,47.04000000001208,2025-02-11T09:41:00-05:00,0.0,4.0,1647.0400000000348,2025-02-11T09:46:00-05:00,0.0,4.199999999999989,1247.0400000000575,2025-02-11T10:01:00-05:00,0.0,3.8500000000000085,1947.0400000000177,2025-02-11T10:31:00-05:00,0.0,3.75,2147.040000000035,2025-02-11T11:31:00-05:00,0.0,4.450000000000003,747.0400000000291,2025-02-11T16:00:00-05:00,0.0,6.0,-2352.959999999965,2025-02-12T16:00:00-05:00,0.0,,,2025-02-13T15:54:00-05:00,360.0,,,,,0.0,hit,0.0,hit,15.0,hit,390.0,hit,390.0,hit,2929.0,hit,2949.0,hit,1440.0,hit,1440.0,hit,1440.0,hit,1440.0,hit,,never_hit,,never_hit,5.199999999999989,4,False,False,False,False,,5.199999999999989,4,False,False,False,False,,8.499999999999972,151,True,True,False,False,,8.499999999999972,151,True,True,False,False,,390.0,2025-02-11T16:01:00-05:00,1.6500000000000057,6347.040000000024,2881.0,2025-02-13T09:32:00-05:00,2.1999999999999957,5247.040000000044,2882.0,2025-02-13T09:33:00-05:00,1.8999999999999986,5847.040000000037,391.0,2025-02-11T16:02:00-05:00,4.25,1147.0400000000348,390.0,2025-02-11T16:01:00-05:00,1.6500000000000057,6347.040000000024,2883.0,2025-02-13T09:34:00-05:00,1.5499999999999972,6547.040000000041,2884.0,2025-02-13T09:35:00-05:00,1.75,6147.0400000000345,391.0,2025-02-11T16:02:00-05:00,4.25,1147.0400000000348,2930.0,2025-02-13T10:21:00-05:00,0.75,8147.0400000000345,2931.0,2025-02-13T10:22:00-05:00,0.8500000000000014,7947.040000000032,2932.0,2025-02-13T10:23:00-05:00,0.8000000000000007,8047.040000000034,2931.0,2025-02-13T10:22:00-05:00,0.8500000000000014,7947.040000000032,2949.0,2025-02-13T10:40:00-05:00,0.4499999999999993,8747.040000000037,2952.0,2025-02-13T10:43:00-05:00,0.39999999999999947,8847.040000000037,2953.0,2025-02-13T10:44:00-05:00,0.4499999999999993,8747.040000000037,2950.0,2025-02-13T10:41:00-05:00,0.5,8647.040000000035,2418
2025-02-11,2025-02-13,2,6.0,2025-02-11T09:31:00-05:00,5.900000000000006,NDXP  250213P21720000,NDXP  250213P21710000,validation,False,False,0,0,0,19,15,1181,available,False,2025-02-11T09:31:00-05:00,2025-02-13T16:00:00-05:00,8.45,-5352.959999999988,0.0,last_observed_quote_not_settlement,1036.0,105,35,5.550000000000011,447.03999999998933,2025-02-11T09:32:00-05:00,0.0,4.600000000000023,2347.0399999999668,2025-02-11T09:33:00-05:00,0.0,5.650000000000006,247.04000000000067,2025-02-11T09:36:00-05:00,0.0,4.399999999999977,2747.0400000000577,2025-02-11T09:41:00-05:00,0.0,3.700000000000017,4147.039999999978,2025-02-11T09:46:00-05:00,0.0,4.300000000000011,2947.0399999999895,2025-02-11T10:01:00-05:00,0.0,4.25,3047.0400000000122,2025-02-11T10:31:00-05:00,0.0,4.0,3547.0400000000122,2025-02-11T11:31:00-05:00,0.0,4.900000000000006,1747.0400000000006,2025-02-11T16:00:00-05:00,0.0,5.200000000000017,1147.039999999978,2025-02-12T16:00:00-05:00,0.0,8.45,-5352.959999999988,2025-02-13T16:00:00-05:00,0.0,,,,,2.0,hit,2.0,hit,15.0,hit,1597.0,hit,2883.0,hit,2930.0,hit,2949.0,hit,1440.0,hit,1440.0,hit,1440.0,hit,1440.0,hit,,never_hit,,never_hit,8.849999999999994,103,True,True,False,False,,8.849999999999994,105,True,True,False,False,,8.849999999999994,105,True,True,False,False,,8.849999999999994,105,True,True,False,False,,1597.0,2025-02-12T12:08:00-05:00,2.5500000000000114,6447.039999999989,2881.0,2025-02-13T09:32:00-05:00,2.6499999999999986,6247.0400000000145,2882.0,2025-02-13T09:33:00-05:00,2.150000000000002,7247.040000000008,1598.0,2025-02-12T12:09:00-05:00,4.950000000000003,1647.0400000000063,2883.0,2025-02-13T09:34:00-05:00,1.9000000000000057,7747.040000000001,2884.0,2025-02-13T09:35:00-05:00,1.8500000000000014,7847.040000000009,2914.0,2025-02-13T10:05:00-05:00,1.75,8047.040000000012,2884.0,2025-02-13T09:35:00-05:00,1.8500000000000014,7847.040000000009,2932.0,2025-02-13T10:23:00-05:00,0.9000000000000021,9747.040000000008,2935.0,2025-02-13T10:26:00-05:00,0.9000000000000004,9747.040000000012,2942.0,2025-02-13T10:33:00-05:00,0.9000000000000021,9747.040000000008,2933.0,2025-02-13T10:24:00-05:00,1.0,9547.040000000014,2954.0,2025-02-13T10:45:00-05:00,0.40000000000000036,10747.040000000012,2957.0,2025-02-13T10:48:00-05:00,0.40000000000000036,10747.040000000012,2973.0,2025-02-13T11:04:00-05:00,0.40000000000000036,10747.040000000012,2955.0,2025-02-13T10:46:00-05:00,0.5,10547.040000000014,2419
2025-02-11,2025-02-13,2,7.0,2025-02-11T09:31:00-05:00,6.949999999999989,NDXP  250213P21870000,NDXP  250213P21860000,validation,False,False,0,0,0,13,15,1187,available,False,2025-02-11T09:31:00-05:00,2025-02-13T16:00:00-05:00,0.0,13647.039999999979,0.0,last_observed_quote_not_settlement,1037.0,401,131,6.800000000000011,47.039999999955235,2025-02-11T09:32:00-05:00,0.0,5.699999999999989,2247.040000000001,2025-02-11T09:33:00-05:00,0.0,5.550000000000011,2547.0399999999554,2025-02-11T09:36:00-05:00,0.0,,,2025-02-11T09:40:00-05:00,60.0,6.0,1647.039999999978,2025-02-11T09:46:00-05:00,0.0,6.0,1647.039999999978,2025-02-11T10:01:00-05:00,0.0,6.050000000000011,1547.0399999999552,2025-02-11T10:31:00-05:00,0.0,6.049999999999983,1547.040000000012,2025-02-11T11:31:00-05:00,0.0,6.150000000000006,1347.0399999999665,2025-02-11T16:00:00-05:00,0.0,6.5,647.0399999999779,2025-02-12T16:00:00-05:00,0.0,0.0,13647.039999999979,2025-02-13T16:00:00-05:00,0.0,,,,,32.0,hit,32.0,hit,32.0,hit,354.0,hit,354.0,hit,3153.0,hit,3153.0,hit,73.0,hit,81.0,hit,4.0,hit,81.0,hit,141.0,hit,1470.0,hit,9.300000000000011,40,True,True,True,True,,9.300000000000011,40,True,True,True,True,,9.899999999999977,401,True,True,True,True,,9.899999999999977,401,True,True,True,True,,354.0,2025-02-11T15:25:00-05:00,1.8999999999999773,9847.040000000025,2946.0,2025-02-13T10:37:00-05:00,2.850000000000005,7947.039999999968,2947.0,2025-02-13T10:38:00-05:00,2.75,8147.039999999978,355.0,2025-02-11T15:26:00-05:00,6.300000000000011,1047.0399999999552,354.0,2025-02-11T15:25:00-05:00,1.8999999999999773,9847.040000000025,2953.0,2025-02-13T10:44:00-05:00,1.7000000000000028,10247.039999999974,2954.0,2025-02-13T10:45:00-05:00,1.8500000000000014,9947.039999999975,355.0,2025-02-11T15:26:00-05:00,6.300000000000011,1047.0399999999552,3153.0,2025-02-13T14:04:00-05:00,0.0,13647.039999999979,3179.0,2025-02-13T14:30:00-05:00,0.8999999999999995,11847.039999999979,3180.0,2025-02-13T14:31:00-05:00,0.7000000000000002,12247.039999999979,3154.0,2025-02-13T14:05:00-05:00,1.5999999999999979,10447.039999999983,3153.0,2025-02-13T14:04:00-05:00,0.0,13647.039999999979,3200.0,2025-02-13T14:51:00-05:00,0.3999999999999999,12847.039999999979,3201.0,2025-02-13T14:52:00-05:00,0.2999999999999998,13047.039999999979,3154.0,2025-02-13T14:05:00-05:00,1.5999999999999979,10447.039999999983,2420
2025-02-11,2025-02-14,3,5.0,2025-02-11T09:31:00-05:00,5.0,NDXP  250214P21750000,NDXP  250214P21740000,validation,False,False,0,0,0,6,0,1599,available,False,2025-02-11T09:31:00-05:00,2025-02-14T16:00:00-05:00,0.0,9747.04,0.0,last_observed_quote_not_settlement,1036.0,184,92,5.449999999999989,-1152.9599999999766,2025-02-11T09:32:00-05:00,0.0,5.199999999999989,-652.9599999999766,2025-02-11T09:33:00-05:00,0.0,4.299999999999983,1147.0400000000348,2025-02-11T09:36:00-05:00,0.0,5.0,-252.9599999999993,2025-02-11T09:41:00-05:00,0.0,3.0000000000000284,3747.039999999944,2025-02-11T09:46:00-05:00,0.0,4.449999999999989,847.0400000000234,2025-02-11T10:01:00-05:00,0.0,4.199999999999989,1347.0400000000234,2025-02-11T10:31:00-05:00,0.0,4.25,1247.0400000000006,2025-02-11T11:31:00-05:00,0.0,4.599999999999994,547.040000000012,2025-02-11T16:00:00-05:00,0.0,5.249999999999972,-752.9599999999425,2025-02-12T16:00:00-05:00,0.0,0.7999999999999989,8147.040000000004,2025-02-13T16:00:00-05:00,0.0,0.0,9747.04,2025-02-14T16:00:00-05:00,0.0,0.0,hit,0.0,hit,15.0,hit,137.0,hit,1556.0,hit,1556.0,hit,4320.0,hit,209.0,hit,1440.0,hit,1440.0,hit,1446.0,hit,,never_hit,,never_hit,5.449999999999989,4,False,False,False,False,,8.899999999999977,122,True,True,False,False,,8.899999999999977,122,True,True,False,False,,8.899999999999977,184,True,True,False,False,,137.0,2025-02-11T11:48:00-05:00,2.450000000000017,4847.039999999966,2913.0,2025-02-13T10:04:00-05:00,2.6500000000000057,4447.039999999989,2914.0,2025-02-13T10:05:00-05:00,2.8499999999999943,4047.040000000012,138.0,2025-02-11T11:49:00-05:00,4.300000000000011,1147.039999999978,1556.0,2025-02-12T11:27:00-05:00,0.9999999999999716,7747.040000000057,2950.0,2025-02-13T10:41:00-05:00,1.6000000000000014,6547.039999999998,2951.0,2025-02-13T10:42:00-05:00,1.749999999999993,6247.0400000000145,1557.0,2025-02-12T11:28:00-05:00,5.0,-252.9599999999993,3153.0,2025-02-13T14:04:00-05:00,0.6999999999999957,8347.04000000001,3265.0,2025-02-13T15:56:00-05:00,0.7999999999999972,8147.040000000007,3266.0,2025-02-13T15:57:00-05:00,0.8499999999999996,8047.040000000002,3154.0,2025-02-13T14:05:00-05:00,1.8000000000000043,6147.039999999992,4322.0,2025-02-14T09:33:00-05:00,0.4499999999999993,8847.040000000003,4337.0,2025-02-14T09:48:00-05:00,0.2999999999999998,9147.040000000003,4338.0,2025-02-14T09:49:00-05:00,0.40000000000000036,8947.04,4323.0,2025-02-14T09:34:00-05:00,0.5999999999999996,8547.040000000003,2421
2025-02-11,2025-02-14,3,6.0,2025-02-11T09:31:00-05:00,6.199999999999989,NDXP  250214P21900000,NDXP  250214P21890000,validation,False,False,0,0,0,25,0,1580,available,False,2025-02-11T09:31:00-05:00,2025-02-14T15:46:00-05:00,0.0,12147.039999999979,14.0,last_observed_quote_not_settlement,1036.0,522,161,6.699999999999989,-1252.9599999999994,2025-02-11T09:32:00-05:00,0.0,5.4500000000000455,1247.039999999887,2025-02-11T09:33:00-05:00,0.0,6.75,-1352.960000000022,2025-02-11T09:36:00-05:00,0.0,7.599999999999966,-3052.9599999999537,2025-02-11T09:41:00-05:00,0.0,6.0,147.03999999997797,2025-02-11T09:46:00-05:00,0.0,6.100000000000023,-52.9600000000675,2025-02-11T10:01:00-05:00,0.0,5.800000000000011,547.0399999999552,2025-02-11T10:31:00-05:00,0.0,6.400000000000034,-652.9600000000903,2025-02-11T11:31:00-05:00,0.0,6.550000000000011,-952.9600000000448,2025-02-11T16:00:00-05:00,0.0,8.050000000000011,-3952.9600000000464,2025-02-12T16:00:00-05:00,0.0,2.0000000000000036,8147.039999999971,2025-02-13T16:00:00-05:00,0.0,,,2025-02-14T15:46:00-05:00,840.0,2.0,hit,58.0,hit,58.0,hit,58.0,hit,58.0,hit,58.0,hit,240.0,hit,1.0,hit,6.0,hit,6.0,hit,6.0,hit,6.0,hit,1485.0,hit,9.449999999999989,23,True,True,True,True,,9.449999999999989,23,True,True,True,True,,9.449999999999989,23,True,True,True,True,,9.449999999999989,107,True,True,True,True,,58.0,2025-02-11T10:29:00-05:00,0.6499999999999773,10847.040000000025,128.0,2025-02-11T11:39:00-05:00,1.9499999999999886,8247.04,3202.0,2025-02-13T14:53:00-05:00,2.700000000000003,6747.039999999973,59.0,2025-02-11T10:30:00-05:00,5.750000000000028,647.0399999999211,58.0,2025-02-11T10:29:00-05:00,0.6499999999999773,10847.040000000025,128.0,2025-02-11T11:39:00-05:00,1.9499999999999886,8247.04,4322.0,2025-02-14T09:33:00-05:00,1.7999999999999972,8547.039999999985,59.0,2025-02-11T10:30:00-05:00,5.750000000000028,647.0399999999211,58.0,2025-02-11T10:29:00-05:00,0.6499999999999773,10847.040000000025,4360.0,2025-02-14T10:11:00-05:00,0.8000000000000007,10547.039999999977,4361.0,2025-02-14T10:12:00-05:00,0.8000000000000007,10547.039999999977,59.0,2025-02-11T10:30:00-05:00,5.750000000000028,647.0399999999211,240.0,2025-02-11T13:31:00-05:00,0.0,12147.039999999979,4520.0,2025-02-14T12:51:00-05:00,0.2999999999999998,11547.039999999979,4521.0,2025-02-14T12:52:00-05:00,0.34999999999999964,11447.039999999979,241.0,2025-02-11T13:32:00-05:00,6.299999999999983,-452.95999999998793,2422
2025-02-11,2025-02-14,3,7.0,2025-02-11T09:31:00-05:00,6.9500000000000455,NDXP  250214P21870000,NDXP  250214P21860000,validation,False,False,0,0,0,12,0,1593,available,False,2025-02-11T09:31:00-05:00,2025-02-14T15:58:00-05:00,0.0,13647.040000000092,2.0,last_observed_quote_not_settlement,1036.0,314,171,7.150000000000034,-652.9599999999766,2025-02-11T09:32:00-05:00,0.0,8.200000000000045,-2752.960000000001,2025-02-11T09:33:00-05:00,0.0,5.849999999999994,1947.040000000103,2025-02-11T09:36:00-05:00,0.0,7.600000000000023,-1552.9599999999539,2025-02-11T09:41:00-05:00,0.0,7.199999999999989,-752.9599999998857,2025-02-11T09:46:00-05:00,0.0,5.650000000000006,2347.0400000000805,2025-02-11T10:01:00-05:00,0.0,5.699999999999989,2247.0400000001146,2025-02-11T10:31:00-05:00,0.0,6.600000000000023,447.0400000000462,2025-02-11T11:31:00-05:00,0.0,7.199999999999989,-752.9599999998857,2025-02-11T16:00:00-05:00,0.0,6.749999999999972,147.0400000001485,2025-02-12T16:00:00-05:00,0.0,1.75,10147.040000000092,2025-02-13T16:00:00-05:00,0.0,,,2025-02-14T15:58:00-05:00,120.0,33.0,hit,33.0,hit,138.0,hit,1536.0,hit,1536.0,hit,4341.0,hit,4399.0,hit,2.0,hit,2.0,hit,1.0,hit,2.0,hit,49.0,hit,1501.0,hit,9.550000000000011,227,True,True,True,True,,9.550000000000011,227,True,True,True,True,,9.550000000000011,314,True,True,True,True,,9.550000000000011,314,True,True,True,True,,1536.0,2025-02-12T11:07:00-05:00,1.7000000000000455,10247.04,2951.0,2025-02-13T10:42:00-05:00,2.8500000000000014,7947.040000000089,2952.0,2025-02-13T10:43:00-05:00,2.75,8147.040000000091,1537.0,2025-02-12T11:08:00-05:00,8.300000000000011,-2952.9599999999327,1536.0,2025-02-12T11:07:00-05:00,1.7000000000000455,10247.04,3265.0,2025-02-13T15:56:00-05:00,1.7000000000000028,10247.040000000086,3266.0,2025-02-13T15:57:00-05:00,1.6499999999999986,10347.040000000095,1537.0,2025-02-12T11:08:00-05:00,8.300000000000011,-2952.9599999999327,4341.0,2025-02-14T09:52:00-05:00,0.9000000000000004,11847.040000000092,4347.0,2025-02-14T09:58:00-05:00,0.8999999999999986,11847.040000000095,4354.0,2025-02-14T10:05:00-05:00,0.8499999999999979,11947.040000000097,4342.0,2025-02-14T09:53:00-05:00,0.9500000000000011,11747.04000000009,4406.0,2025-02-14T10:57:00-05:00,0.39999999999999947,12847.040000000094,4407.0,2025-02-14T10:58:00-05:00,0.34999999999999964,12947.040000000094,4413.0,2025-02-14T11:04:00-05:00,0.40000000000000036,12847.040000000092,4407.0,2025-02-14T10:58:00-05:00,0.34999999999999964,12947.040000000094,2423
2025-02-12,2025-02-14,2,5.0,2025-02-12T09:31:00-05:00,5.0,NDXP  250214P21510000,NDXP  250214P21500000,validation,False,False,0,0,0,5,0,1195,available,False,2025-02-12T09:31:00-05:00,2025-02-14T16:00:00-05:00,0.0,9747.04,0.0,last_observed_quote_not_settlement,1036.0,0,0,4.849999999999994,47.04000000001208,2025-02-12T09:32:00-05:00,0.0,4.699999999999989,347.04000000002344,2025-02-12T09:33:00-05:00,0.0,4.5,747.0400000000006,2025-02-12T09:36:00-05:00,0.0,4.050000000000011,1647.039999999978,2025-02-12T09:41:00-05:00,0.0,3.6000000000000085,2547.0399999999836,2025-02-12T09:46:00-05:00,0.0,3.9499999999999886,1847.0400000000234,2025-02-12T10:01:00-05:00,0.0,3.1499999999999915,3447.0400000000177,2025-02-12T10:31:00-05:00,0.0,3.5,2747.040000000001,2025-02-12T11:31:00-05:00,0.0,2.200000000000003,5347.039999999995,2025-02-12T16:00:00-05:00,0.0,0.25,9247.04,2025-02-13T16:00:00-05:00,0.0,0.0,9747.04,2025-02-14T16:00:00-05:00,0.0,,,,,0.0,hit,0.0,hit,7.0,hit,54.0,hit,206.0,hit,359.0,hit,359.0,hit,,never_hit,,never_hit,,never_hit,,never_hit,,never_hit,,never_hit,5.0,0,False,False,False,False,,5.0,0,False,False,False,False,,5.0,0,False,False,False,False,,5.0,0,False,False,False,False,,64.0,2025-02-12T10:35:00-05:00,2.9499999999999886,3847.0400000000236,65.0,2025-02-12T10:36:00-05:00,2.8499999999999943,4047.040000000012,66.0,2025-02-12T10:37:00-05:00,2.799999999999983,4147.0400000000345,65.0,2025-02-12T10:36:00-05:00,2.8499999999999943,4047.040000000012,211.0,2025-02-12T13:02:00-05:00,1.750000000000007,6247.039999999986,319.0,2025-02-12T14:50:00-05:00,1.7999999999999972,6147.040000000006,320.0,2025-02-12T14:51:00-05:00,1.8000000000000114,6147.039999999978,212.0,2025-02-12T13:03:00-05:00,2.1000000000000014,5547.039999999998,359.0,2025-02-12T15:30:00-05:00,0.3500000000000085,9047.039999999985,1473.0,2025-02-13T10:04:00-05:00,0.9000000000000057,7947.039999999989,1487.0,2025-02-13T10:18:00-05:00,0.7999999999999972,8147.040000000007,360.0,2025-02-12T15:31:00-05:00,2.0,5747.040000000001,359.0,2025-02-12T15:30:00-05:00,0.3500000000000085,9047.039999999985,1516.0,2025-02-13T10:47:00-05:00,0.4499999999999993,8847.040000000003,1718.0,2025-02-13T14:09:00-05:00,0.40000000000000036,8947.04,360.0,2025-02-12T15:31:00-05:00,2.0,5747.040000000001,2424
2025-02-12,2025-02-14,2,6.0,2025-02-12T09:31:00-05:00,6.050000000000011,NDXP  250214P21600000,NDXP  250214P21590000,validation,False,False,0,0,0,22,0,1178,available,False,2025-02-12T09:31:00-05:00,2025-02-14T15:59:00-05:00,0.0,11847.040000000025,1.0,last_observed_quote_not_settlement,1036.0,0,0,5.999999999999972,-152.95999999991972,2025-02-12T09:32:00-05:00,0.0,5.75,347.04000000002344,2025-02-12T09:33:00-05:00,0.0,5.599999999999966,647.0400000000916,2025-02-12T09:36:00-05:00,0.0,5.0499999999999545,1747.0400000001143,2025-02-12T09:41:00-05:00,0.0,4.5,2847.0400000000236,2025-02-12T09:46:00-05:00,0.0,4.300000000000011,3247.040000000001,2025-02-12T10:01:00-05:00,0.0,3.950000000000003,3947.0400000000177,2025-02-12T10:31:00-05:00,0.0,4.600000000000023,2647.039999999978,2025-02-12T11:31:00-05:00,0.0,2.9499999999999886,5947.040000000046,2025-02-12T16:00:00-05:00,0.0,0.2999999999999998,11247.040000000025,2025-02-13T16:00:00-05:00,0.0,,,2025-02-14T15:59:00-05:00,60.0,,,,,4.0,hit,11.0,hit,25.0,hit,65.0,hit,65.0,hit,1493.0,hit,1759.0,hit,,never_hit,,never_hit,,never_hit,,never_hit,,never_hit,,never_hit,6.050000000000011,0,False,False,False,False,,6.050000000000011,0,False,False,False,False,,6.050000000000011,0,False,False,False,False,,6.050000000000011,0,False,False,False,False,,65.0,2025-02-12T10:36:00-05:00,2.0,7847.040000000024,200.0,2025-02-12T12:51:00-05:00,2.9499999999999886,5947.040000000046,205.0,2025-02-12T12:56:00-05:00,2.8499999999999943,6147.0400000000345,66.0,2025-02-12T10:37:00-05:00,3.700000000000003,4447.040000000018,298.0,2025-02-12T14:29:00-05:00,1.75,8347.040000000025,1442.0,2025-02-13T09:33:00-05:00,1.750000000000007,8347.04000000001,1443.0,2025-02-13T09:34:00-05:00,1.4999999999999964,8847.040000000032,299.0,2025-02-12T14:30:00-05:00,2.950000000000003,5947.040000000018,1508.0,2025-02-13T10:39:00-05:00,0.9499999999999993,9947.040000000026,1509.0,2025-02-13T10:40:00-05:00,0.8000000000000025,10247.040000000019,1510.0,2025-02-13T10:41:00-05:00,0.7999999999999989,10247.040000000026,1509.0,2025-02-13T10:40:00-05:00,0.8000000000000025,10247.040000000019,1763.0,2025-02-13T14:54:00-05:00,0.40000000000000036,11047.040000000023,1777.0,2025-02-13T15:08:00-05:00,0.40000000000000036,11047.040000000023,1778.0,2025-02-13T15:09:00-05:00,0.39999999999999947,11047.040000000025,1764.0,2025-02-13T14:55:00-05:00,0.4500000000000002,10947.040000000025,2425
2025-02-12,2025-02-14,2,7.0,2025-02-12T09:31:00-05:00,6.75,NDXP  250214P21670000,NDXP  250214P21660000,validation,False,False,0,0,0,7,0,1193,available,False,2025-02-12T09:31:00-05:00,2025-02-14T16:00:00-05:00,0.0,13247.04,0.0,last_observed_quote_not_settlement,1036.0,9,16,6.699999999999989,-152.95999999997656,2025-02-12T09:32:00-05:00,0.0,6.449999999999989,347.04000000002344,2025-02-12T09:33:00-05:00,0.0,5.25,2747.040000000001,2025-02-12T09:36:00-05:00,0.0,5.4500000000000455,2347.03999999991,2025-02-12T09:41:00-05:00,0.0,5.25,2747.040000000001,2025-02-12T09:46:00-05:00,0.0,5.400000000000006,2447.0399999999895,2025-02-12T10:01:00-05:00,0.0,4.849999999999994,3547.0400000000122,2025-02-12T10:31:00-05:00,0.0,5.300000000000011,2647.039999999978,2025-02-12T11:31:00-05:00,0.0,5.049999999999997,3147.0400000000063,2025-02-12T16:00:00-05:00,0.0,0.6499999999999995,11947.040000000003,2025-02-13T16:00:00-05:00,0.0,0.0,13247.04,2025-02-14T16:00:00-05:00,0.0,,,,,5.0,hit,22.0,hit,73.0,hit,236.0,hit,1472.0,hit,1513.0,hit,1824.0,hit,34.0,hit,44.0,hit,9.0,hit,,never_hit,,never_hit,,never_hit,7.750000000000028,9,True,False,False,False,,7.750000000000028,9,True,False,False,False,,7.750000000000028,9,True,False,False,False,,7.750000000000028,9,True,False,False,False,,236.0,2025-02-12T13:27:00-05:00,2.25,8747.04,1441.0,2025-02-13T09:32:00-05:00,2.450000000000003,8347.039999999995,1442.0,2025-02-13T09:33:00-05:00,2.3999999999999986,8447.040000000005,237.0,2025-02-12T13:28:00-05:00,3.5999999999999943,6047.040000000012,1472.0,2025-02-13T10:03:00-05:00,1.8499999999999943,9547.040000000014,1487.0,2025-02-13T10:18:00-05:00,1.7999999999999972,9647.040000000008,1488.0,2025-02-13T10:19:00-05:00,1.75,9747.04,1473.0,2025-02-13T10:04:00-05:00,1.9500000000000028,9347.039999999995,1657.0,2025-02-13T13:08:00-05:00,0.8499999999999943,11547.040000000014,1743.0,2025-02-13T14:34:00-05:00,0.9000000000000021,11447.039999999997,1744.0,2025-02-13T14:35:00-05:00,0.9499999999999993,11347.040000000003,1658.0,2025-02-13T13:09:00-05:00,1.8000000000000043,9647.039999999994,1826.0,2025-02-13T15:57:00-05:00,0.39999999999999947,12447.040000000003,1827.0,2025-02-13T15:58:00-05:00,0.4499999999999993,12347.040000000003,2882.0,2025-02-14T09:33:00-05:00,0.1999999999999993,12847.040000000003,1827.0,2025-02-13T15:58:00-05:00,0.4499999999999993,12347.040000000003,2426
2025-02-18,2025-02-20,2,5.0,2025-02-18T09:31:00-05:00,5.099999999999994,NDXP  250220P22250000,NDXP  250220P22240000,validation,False,False,0,0,0,90,0,1110,available,False,2025-02-18T09:31:00-05:00,2025-02-20T16:00:00-05:00,8.5,-7052.960000000013,0.0,last_observed_quote_not_settlement,1036.0,1036,22,5.299999999999983,-652.9599999999766,2025-02-18T09:32:00-05:00,0.0,4.800000000000011,347.0399999999666,2025-02-18T09:33:00-05:00,0.0,5.249999999999972,-552.9599999999539,2025-02-18T09:36:00-05:00,0.0,5.600000000000023,-1252.9600000000562,2025-02-18T09:41:00-05:00,0.0,7.200000000000017,-4452.960000000045,2025-02-18T09:46:00-05:00,0.0,6.150000000000006,-2352.960000000022,2025-02-18T10:01:00-05:00,0.0,7.599999999999994,-5252.959999999999,2025-02-18T10:31:00-05:00,0.0,6.849999999999966,-3752.9599999999423,2025-02-18T11:31:00-05:00,0.0,4.849999999999994,247.04000000000067,2025-02-18T16:00:00-05:00,0.0,5.799999999999983,-1652.9599999999766,2025-02-19T16:00:00-05:00,0.0,8.5,-7052.960000000013,2025-02-20T16:00:00-05:00,0.0,,,,,0.0,hit,2.0,hit,84.0,hit,84.0,hit,,never_hit,,never_hit,,never_hit,7.0,hit,14.0,hit,15.0,hit,19.0,hit,74.0,hit,131.0,hit,9.400000000000006,77,True,True,True,True,,,,True,True,True,False,2.4499999999999886,,,True,True,True,False,2.4499999999999886,,,True,True,True,False,2.4499999999999886,84.0,2025-02-18T10:55:00-05:00,2.6500000000000057,4647.039999999978,,,,,,,,,85.0,2025-02-18T10:56:00-05:00,7.449999999999989,-4952.959999999988,,,,,,,,,,,,,,,,,,,,,,,,,,,,,,,,,,,,,,,,,,,,,,,,,2427
2025-02-18,2025-02-20,2,6.0,2025-02-18T09:31:00-05:00,6.049999999999983,NDXP  250220P22290000,NDXP  250220P22280000,validation,False,False,0,0,1,77,0,1122,available,False,2025-02-18T09:31:00-05:00,2025-02-20T15:57:00-05:00,10.0,-8052.960000000034,3.0,last_observed_quote_not_settlement,1036.0,1013,76,6.350000000000023,-852.9600000000789,2025-02-18T09:32:00-05:00,0.0,5.550000000000011,747.0399999999438,2025-02-18T09:33:00-05:00,0.0,6.950000000000017,-2052.9600000000673,2025-02-18T09:36:00-05:00,0.0,5.649999999999977,547.040000000012,2025-02-18T09:41:00-05:00,0.0,6.0,-152.9600000000334,2025-02-18T09:46:00-05:00,0.0,3.549999999999983,4747.040000000001,2025-02-18T10:01:00-05:00,0.0,7.199999999999989,-2552.9600000000105,2025-02-18T10:31:00-05:00,0.0,9.0,-6152.9600000000355,2025-02-18T11:31:00-05:00,0.0,8.149999999999977,-4452.95999999999,2025-02-18T16:00:00-05:00,0.0,8.199999999999989,-4552.960000000013,2025-02-19T16:00:00-05:00,0.0,,,2025-02-20T15:57:00-05:00,180.0,,,,,25.0,hit,25.0,hit,26.0,hit,64.0,hit,,never_hit,,never_hit,,never_hit,5.0,hit,18.0,hit,17.0,hit,32.0,hit,93.0,hit,110.0,hit,8.899999999999977,49,True,True,False,False,,,,True,True,True,False,3.44999999999996,,,True,True,True,False,3.44999999999996,,,True,True,True,False,3.44999999999996,64.0,2025-02-18T10:35:00-05:00,2.6000000000000227,6647.039999999921,,,,,,,,,65.0,2025-02-18T10:36:00-05:00,7.900000000000006,-3952.9600000000446,,,,,,,,,,,,,,,,,,,,,,,,,,,,,,,,,,,,,,,,,,,,,,,,,2428
2025-02-18,2025-02-20,2,7.0,2025-02-18T09:31:00-05:00,6.950000000000017,NDXP  250220P22410000,NDXP  250220P22400000,validation,False,False,0,0,2,72,0,1125,available,False,2025-02-18T09:31:00-05:00,2025-02-20T15:59:00-05:00,10.0,-6252.9599999999655,1.0,last_observed_quote_not_settlement,1036.0,1057,15,7.600000000000023,-1552.9600000000107,2025-02-18T09:32:00-05:00,0.0,7.650000000000034,-1652.9600000000335,2025-02-18T09:33:00-05:00,0.0,7.900000000000034,-2152.9600000000332,2025-02-18T09:36:00-05:00,0.0,7.899999999999977,-2152.9599999999195,2025-02-18T09:41:00-05:00,0.0,9.049999999999955,-4452.959999999876,2025-02-18T09:46:00-05:00,0.0,8.800000000000011,-3952.9599999999896,2025-02-18T10:01:00-05:00,0.0,8.899999999999977,-4152.959999999922,2025-02-18T10:31:00-05:00,0.0,9.299999999999955,-4952.959999999876,2025-02-18T11:31:00-05:00,0.0,8.699999999999989,-3752.959999999944,2025-02-18T16:00:00-05:00,0.0,9.349999999999994,-5052.9599999999555,2025-02-19T16:00:00-05:00,0.0,,,2025-02-20T15:59:00-05:00,60.0,,,,,2910.0,hit,,never_hit,,never_hit,,never_hit,,never_hit,,never_hit,,never_hit,1.0,hit,8.0,hit,1.0,hit,9.0,hit,13.0,hit,13.0,hit,,,True,True,True,False,1.6500000000000625,,,True,True,True,False,1.6500000000000625,,,True,True,True,False,1.6500000000000625,,,True,True,True,False,1.6500000000000625,,,,,,,,,,,,,,,,,,,,,,,,,,,,,,,,,,,,,,,,,,,,,,,,,,,,,,,,,,,,,,,,,2429
2025-02-21,2025-02-24,3,5.0,2025-02-21T09:31:00-05:00,5.25,NDXP  250224P22170000,NDXP  250224P22160000,validation,False,False,0,0,1,52,0,742,available,False,2025-02-21T09:31:00-05:00,2025-02-24T16:00:00-05:00,10.0,-9652.96,0.0,last_observed_quote_not_settlement,3917.0,693,4,5.599999999999994,-952.959999999988,2025-02-21T09:32:00-05:00,0.0,5.449999999999989,-652.9599999999766,2025-02-21T09:33:00-05:00,0.0,5.199999999999989,-152.95999999997656,2025-02-21T09:36:00-05:00,0.0,6.400000000000006,-2552.9600000000105,2025-02-21T09:41:00-05:00,0.0,6.5,-2752.959999999999,2025-02-21T09:46:00-05:00,0.0,6.199999999999989,-2152.9599999999764,2025-02-21T10:01:00-05:00,0.0,8.399999999999977,-6552.9599999999555,2025-02-21T10:31:00-05:00,0.0,8.400000000000006,-6552.960000000013,2025-02-21T11:31:00-05:00,0.0,,,2025-02-21T15:59:00-05:00,60.0,,,2025-02-21T16:14:00-05:00,85560.0,,,2025-02-21T16:14:00-05:00,171960.0,10.0,-9652.96,2025-02-24T16:00:00-05:00,0.0,0.0,hit,256.0,hit,,never_hit,,never_hit,,never_hit,,never_hit,,never_hit,3.0,hit,9.0,hit,29.0,hit,29.0,hit,75.0,hit,145.0,hit,,,True,True,True,False,0.25,,,True,True,True,False,0.25,,,True,True,True,False,0.25,,,True,True,True,False,0.25,,,,,,,,,,,,,,,,,,,,,,,,,,,,,,,,,,,,,,,,,,,,,,,,,,,,,,,,,,,,,,,,,2430
2025-02-21,2025-02-24,3,6.0,2025-02-21T09:31:00-05:00,5.849999999999994,NDXP  250224P22210000,NDXP  250224P22200000,validation,False,False,0,0,0,51,0,743,available,False,2025-02-21T09:31:00-05:00,2025-02-24T16:00:00-05:00,7.649999999999977,-3852.959999999965,0.0,last_observed_quote_not_settlement,3916.0,689,11,6.600000000000023,-1752.9600000000562,2025-02-21T09:32:00-05:00,0.0,6.349999999999994,-1252.9599999999994,2025-02-21T09:33:00-05:00,0.0,5.900000000000006,-352.96000000002203,2025-02-21T09:36:00-05:00,0.0,7.25,-3052.9600000000105,2025-02-21T09:41:00-05:00,0.0,6.800000000000011,-2152.9600000000332,2025-02-21T09:46:00-05:00,0.0,7.299999999999983,-3152.9599999999764,2025-02-21T10:01:00-05:00,0.0,8.800000000000011,-6152.9600000000355,2025-02-21T10:31:00-05:00,0.0,8.949999999999932,-6452.959999999876,2025-02-21T11:31:00-05:00,0.0,,,2025-02-21T15:59:00-05:00,60.0,,,2025-02-21T16:15:00-05:00,85500.0,,,2025-02-21T16:15:00-05:00,171900.0,7.649999999999977,-3852.959999999965,2025-02-24T16:00:00-05:00,0.0,31.0,hit,31.0,hit,31.0,hit,31.0,hit,31.0,hit,,never_hit,,never_hit,1.0,hit,7.0,hit,8.0,hit,28.0,hit,37.0,hit,74.0,hit,8.099999999999994,28,True,True,False,False,,8.099999999999994,28,True,True,False,False,,,,True,True,True,False,4.400000000000006,,,True,True,True,False,4.400000000000006,31.0,2025-02-21T10:02:00-05:00,1.4499999999999886,8547.040000000014,,,,,,,,,32.0,2025-02-21T10:03:00-05:00,6.799999999999983,-2152.9599999999764,31.0,2025-02-21T10:02:00-05:00,1.4499999999999886,8547.040000000014,,,,,,,,,32.0,2025-02-21T10:03:00-05:00,6.799999999999983,-2152.9599999999764,,,,,,,,,,,,,,,,,,,,,,,,,,,,,,,,,2431
2025-02-21,2025-02-24,3,7.0,2025-02-21T09:31:00-05:00,7.049999999999983,NDXP  250224P22250000,NDXP  250224P22240000,validation,False,False,0,0,0,56,0,738,available,False,2025-02-21T09:31:00-05:00,2025-02-24T16:00:00-05:00,10.0,-6052.960000000034,0.0,last_observed_quote_not_settlement,3917.0,661,38,7.0,-152.9600000000334,2025-02-21T09:32:00-05:00,0.0,7.449999999999989,-1052.9600000000107,2025-02-21T09:33:00-05:00,0.0,7.700000000000017,-1552.9600000000676,2025-02-21T09:36:00-05:00,0.0,7.599999999999994,-1352.960000000022,2025-02-21T09:41:00-05:00,0.0,7.799999999999983,-1752.9599999999994,2025-02-21T09:46:00-05:00,0.0,8.699999999999989,-3552.9600000000123,2025-02-21T10:01:00-05:00,0.0,8.800000000000011,-3752.960000000058,2025-02-21T10:31:00-05:00,0.0,9.199999999999989,-4552.960000000013,2025-02-21T11:31:00-05:00,0.0,10.0,-6052.960000000034,2025-02-21T16:00:00-05:00,0.0,,,2025-02-21T16:14:00-05:00,85560.0,,,2025-02-21T16:14:00-05:00,171960.0,10.0,-6052.960000000034,2025-02-24T16:00:00-05:00,0.0,37.0,hit,37.0,hit,37.0,hit,37.0,hit,,never_hit,,never_hit,,never_hit,4.0,hit,9.0,hit,0.0,hit,9.0,hit,29.0,hit,29.0,hit,9.700000000000017,31,True,True,True,True,,,,True,True,True,False,4.299999999999926,,,True,True,True,False,4.299999999999926,,,True,True,True,False,4.299999999999926,37.0,2025-02-21T10:08:00-05:00,2.750000000000057,8347.039999999854,,,,,,,,,38.0,2025-02-21T10:09:00-05:00,8.699999999999989,-3552.9600000000123,,,,,,,,,,,,,,,,,,,,,,,,,,,,,,,,,,,,,,,,,,,,,,,,,2432
2025-02-24,2025-02-26,2,5.0,2025-02-24T09:31:00-05:00,4.949999999999989,NDXP  250226P21760000,NDXP  250226P21750000,validation,False,False,0,0,0,96,0,1104,available,False,2025-02-24T09:31:00-05:00,2025-02-26T15:59:00-05:00,10.0,-10252.960000000021,1.0,last_observed_quote_not_settlement,1036.0,1014,14,5.199999999999989,-752.9599999999994,2025-02-24T09:32:00-05:00,0.0,4.5,647.0399999999779,2025-02-24T09:33:00-05:00,0.0,5.150000000000006,-652.9600000000335,2025-02-24T09:36:00-05:00,0.0,5.549999999999983,-1452.959999999988,2025-02-24T09:41:00-05:00,0.0,5.299999999999983,-952.959999999988,2025-02-24T09:46:00-05:00,0.0,7.149999999999977,-4652.959999999976,2025-02-24T10:01:00-05:00,0.0,7.600000000000023,-5552.960000000067,2025-02-24T10:31:00-05:00,0.0,6.44999999999996,-3252.9599999999423,2025-02-24T11:31:00-05:00,0.0,6.350000000000023,-3052.9600000000673,2025-02-24T16:00:00-05:00,0.0,10.0,-10252.960000000021,2025-02-25T16:00:00-05:00,0.0,,,2025-02-26T15:59:00-05:00,60.0,,,,,0.0,hit,0.0,hit,40.0,hit,40.0,hit,,never_hit,,never_hit,,never_hit,7.0,hit,20.0,hit,28.0,hit,32.0,hit,338.0,hit,338.0,hit,8.400000000000034,34,True,True,False,False,,,,True,True,True,False,2.400000000000034,,,True,True,True,False,2.400000000000034,,,True,True,True,False,2.400000000000034,40.0,2025-02-24T10:11:00-05:00,2.5499999999999545,4547.040000000069,,,,,,,,,41.0,2025-02-24T10:12:00-05:00,7.300000000000068,-4952.960000000158,,,,,,,,,,,,,,,,,,,,,,,,,,,,,,,,,,,,,,,,,,,,,,,,,2433
2025-02-24,2025-02-26,2,6.0,2025-02-24T09:31:00-05:00,6.0,NDXP  250226P21850000,NDXP  250226P21840000,validation,False,False,0,0,0,100,0,1100,available,False,2025-02-24T09:31:00-05:00,2025-02-26T16:00:00-05:00,10.0,-8152.96,0.0,last_observed_quote_not_settlement,1036.0,1009,7,5.949999999999989,-152.95999999997656,2025-02-24T09:32:00-05:00,0.0,5.75,247.04000000000067,2025-02-24T09:33:00-05:00,0.0,6.25,-752.9599999999994,2025-02-24T09:36:00-05:00,0.0,6.949999999999989,-2152.9599999999764,2025-02-24T09:41:00-05:00,0.0,6.749999999999972,-1752.9599999999425,2025-02-24T09:46:00-05:00,0.0,,,2025-02-24T10:00:00-05:00,60.0,8.5,-5252.960000000001,2025-02-24T10:31:00-05:00,0.0,8.0,-4252.960000000001,2025-02-24T11:31:00-05:00,0.0,8.449999999999989,-5152.959999999978,2025-02-24T16:00:00-05:00,0.0,,,2025-02-25T15:59:00-05:00,60.0,10.0,-8152.96,2025-02-26T16:00:00-05:00,0.0,,,,,20.0,hit,20.0,hit,20.0,hit,,never_hit,,never_hit,,never_hit,,never_hit,7.0,hit,19.0,hit,19.0,hit,32.0,hit,40.0,hit,76.0,hit,,,True,True,True,False,2.3500000000000227,,,True,True,True,False,2.3500000000000227,,,True,True,True,False,2.3500000000000227,,,True,True,True,False,2.3500000000000227,,,,,,,,,,,,,,,,,,,,,,,,,,,,,,,,,,,,,,,,,,,,,,,,,,,,,,,,,,,,,,,,,2434
2025-02-24,2025-02-26,2,7.0,2025-02-24T09:31:00-05:00,7.0,NDXP  250226P21940000,NDXP  250226P21930000,validation,False,False,0,0,0,99,0,1101,available,False,2025-02-24T09:31:00-05:00,2025-02-26T15:59:00-05:00,10.0,-6152.96,1.0,last_observed_quote_not_settlement,1037.0,996,18,6.800000000000011,147.03999999997797,2025-02-24T09:32:00-05:00,0.0,7.5,-1252.9599999999994,2025-02-24T09:33:00-05:00,0.0,7.600000000000023,-1452.9600000000448,2025-02-24T09:36:00-05:00,0.0,7.7000000000000455,-1652.9600000000903,2025-02-24T09:41:00-05:00,0.0,7.600000000000023,-1452.9600000000448,2025-02-24T09:46:00-05:00,0.0,,,2025-02-24T09:59:00-05:00,120.0,9.199999999999989,-4652.959999999978,2025-02-24T10:31:00-05:00,0.0,9.949999999999932,-6152.9599999998645,2025-02-24T11:31:00-05:00,0.0,9.450000000000045,-5152.960000000092,2025-02-24T16:00:00-05:00,0.0,,,2025-02-25T15:58:00-05:00,120.0,,,2025-02-26T15:59:00-05:00,60.0,,,,,1503.0,hit,1503.0,hit,1503.0,hit,1503.0,hit,,never_hit,,never_hit,,never_hit,2.0,hit,19.0,hit,0.0,hit,19.0,hit,33.0,hit,69.0,hit,10.0,396,True,True,True,True,,,,True,True,True,False,4.7999999999999545,,,True,True,True,False,4.7999999999999545,,,True,True,True,False,4.7999999999999545,1503.0,2025-02-25T10:34:00-05:00,2.2000000000000455,9347.03999999991,,,,,,,,,1504.0,2025-02-25T10:35:00-05:00,6.149999999999977,1447.0400000000461,,,,,,,,,,,,,,,,,,,,,,,,,,,,,,,,,,,,,,,,,,,,,,,,,2435
2025-02-24,2025-02-27,3,5.0,2025-02-24T09:31:00-05:00,5.0,NDXP  250227P21770000,NDXP  250227P21760000,validation,False,False,0,0,0,88,0,1516,available,False,2025-02-24T09:31:00-05:00,2025-02-27T15:59:00-05:00,10.0,-10152.96,1.0,last_observed_quote_not_settlement,1036.0,1422,17,4.650000000000034,447.0399999999325,2025-02-24T09:32:00-05:00,0.0,4.800000000000011,147.03999999997797,2025-02-24T09:33:00-05:00,0.0,5.049999999999983,-352.9599999999652,2025-02-24T09:36:00-05:00,0.0,5.300000000000011,-852.9600000000221,2025-02-24T09:41:00-05:00,0.0,5.300000000000011,-852.9600000000221,2025-02-24T09:46:00-05:00,0.0,6.25,-2752.959999999999,2025-02-24T10:01:00-05:00,0.0,7.0499999999999545,-4352.959999999908,2025-02-24T10:31:00-05:00,0.0,6.25,-2752.959999999999,2025-02-24T11:31:00-05:00,0.0,7.400000000000034,-5052.960000000067,2025-02-24T16:00:00-05:00,0.0,9.700000000000045,-9652.960000000092,2025-02-25T16:00:00-05:00,0.0,9.599999999999909,-9452.959999999819,2025-02-26T16:00:00-05:00,0.0,,,2025-02-27T15:59:00-05:00,60.0,0.0,hit,0.0,hit,91.0,hit,91.0,hit,,never_hit,,never_hit,,never_hit,18.0,hit,23.0,hit,25.0,hit,35.0,hit,1450.0,hit,1489.0,hit,8.799999999999955,82,True,True,False,False,,,,True,True,True,False,2.3500000000000227,,,True,True,True,False,2.3500000000000227,,,True,True,True,False,2.3500000000000227,91.0,2025-02-24T11:02:00-05:00,2.6499999999999773,4447.040000000046,,,,,,,,,92.0,2025-02-24T11:03:00-05:00,7.25,-4752.959999999999,,,,,,,,,,,,,,,,,,,,,,,,,,,,,,,,,,,,,,,,,,,,,,,,,2436
2025-02-24,2025-02-27,3,6.0,2025-02-24T09:31:00-05:00,5.949999999999989,NDXP  250227P21880000,NDXP  250227P21870000,validation,False,False,0,0,0,120,0,1485,available,False,2025-02-24T09:31:00-05:00,2025-02-27T16:00:00-05:00,10.0,-8252.960000000021,0.0,last_observed_quote_not_settlement,1036.0,1356,31,5.850000000000023,-52.9600000000675,2025-02-24T09:32:00-05:00,0.0,5.5,647.0399999999779,2025-02-24T09:33:00-05:00,0.0,5.900000000000034,-152.96000000009025,2025-02-24T09:36:00-05:00,0.0,6.250000000000057,-852.9600000001358,2025-02-24T09:41:00-05:00,0.0,6.050000000000011,-452.9600000000448,2025-02-24T09:46:00-05:00,0.0,7.5,-3352.960000000022,2025-02-24T10:01:00-05:00,0.0,7.600000000000023,-3552.9600000000673,2025-02-24T10:31:00-05:00,0.0,7.0,-2352.960000000022,2025-02-24T11:31:00-05:00,0.0,8.699999999999932,-5752.959999999887,2025-02-24T16:00:00-05:00,0.0,,,2025-02-25T15:59:00-05:00,60.0,,,2025-02-26T15:59:00-05:00,60.0,10.0,-8252.960000000021,2025-02-27T16:00:00-05:00,0.0,2.0,hit,44.0,hit,91.0,hit,91.0,hit,,never_hit,,never_hit,,never_hit,13.0,hit,30.0,hit,30.0,hit,38.0,hit,76.0,hit,1468.0,hit,9.0,76,True,True,True,True,,,,True,True,True,False,3.3000000000000114,,,True,True,True,False,3.3000000000000114,,,True,True,True,False,3.3000000000000114,91.0,2025-02-24T11:02:00-05:00,2.849999999999966,5947.040000000046,,,,,,,,,92.0,2025-02-24T11:03:00-05:00,7.7999999999999545,-3952.959999999931,,,,,,,,,,,,,,,,,,,,,,,,,,,,,,,,,,,,,,,,,,,,,,,,,2437
2025-02-24,2025-02-27,3,7.0,2025-02-24T09:31:00-05:00,7.050000000000011,NDXP  250227P22010000,NDXP  250227P22000000,validation,False,False,0,0,0,139,0,1464,available,False,2025-02-24T09:31:00-05:00,2025-02-27T15:59:00-05:00,10.0,-6052.959999999977,1.0,last_observed_quote_not_settlement,1037.0,1318,38,6.149999999999977,1547.0400000000689,2025-02-24T09:32:00-05:00,0.0,6.699999999999989,447.0400000000462,2025-02-24T09:33:00-05:00,0.0,8.149999999999977,-2452.9599999999327,2025-02-24T09:36:00-05:00,0.0,7.300000000000068,-752.960000000113,2025-02-24T09:41:00-05:00,0.0,7.050000000000011,-252.9599999999993,2025-02-24T09:46:00-05:00,0.0,8.200000000000045,-2552.960000000069,2025-02-24T10:01:00-05:00,0.0,8.600000000000023,-3352.9600000000237,2025-02-24T10:31:00-05:00,0.0,8.550000000000068,-3252.9600000001146,2025-02-24T11:31:00-05:00,0.0,8.999999999999886,-4152.959999999751,2025-02-24T16:00:00-05:00,0.0,9.799999999999955,-5752.959999999887,2025-02-25T16:00:00-05:00,0.0,,,2025-02-26T15:59:00-05:00,60.0,,,2025-02-27T15:59:00-05:00,60.0,20.0,hit,20.0,hit,20.0,hit,1529.0,hit,,never_hit,,never_hit,,never_hit,5.0,hit,5.0,hit,0.0,hit,5.0,hit,33.0,hit,53.0,hit,10.0,438,True,True,True,True,,,,True,True,True,False,4.650000000000034,,,True,True,True,False,4.650000000000034,,,True,True,True,False,4.650000000000034,1529.0,2025-02-25T11:00:00-05:00,2.3999999999999773,9047.04000000007,,,,,,,,,1530.0,2025-02-25T11:01:00-05:00,9.900000000000091,-5952.96000000016,,,,,,,,,,,,,,,,,,,,,,,,,,,,,,,,,,,,,,,,,,,,,,,,,2438
2025-02-25,2025-02-27,2,5.0,2025-02-25T09:31:00-05:00,5.0,NDXP  250227P21470000,NDXP  250227P21460000,validation,False,False,0,0,0,113,0,1087,available,False,2025-02-25T09:31:00-05:00,2025-02-27T16:00:00-05:00,10.0,-10152.96,0.0,last_observed_quote_not_settlement,1036.0,988,22,6.100000000000023,-2452.9600000000446,2025-02-25T09:32:00-05:00,0.0,5.800000000000011,-1852.960000000022,2025-02-25T09:33:00-05:00,0.0,5.75,-1752.9599999999994,2025-02-25T09:36:00-05:00,0.0,5.800000000000011,-1852.960000000022,2025-02-25T09:41:00-05:00,0.0,5.949999999999989,-2152.9599999999764,2025-02-25T09:46:00-05:00,0.0,6.900000000000034,-4052.9600000000673,2025-02-25T10:01:00-05:00,0.0,8.250000000000057,-6752.960000000115,2025-02-25T10:31:00-05:00,0.0,7.0499999999999545,-4352.959999999908,2025-02-25T11:31:00-05:00,0.0,3.3000000000000114,3147.039999999978,2025-02-25T16:00:00-05:00,0.0,8.449999999999989,-7152.959999999978,2025-02-26T16:00:00-05:00,0.0,10.0,-10152.96,2025-02-27T16:00:00-05:00,0.0,,,,,0.0,hit,0.0,hit,77.0,hit,355.0,hit,355.0,hit,355.0,hit,355.0,hit,1.0,hit,1.0,hit,6.0,hit,29.0,hit,51.0,hit,51.0,hit,10.0,334,True,True,True,True,,10.0,334,True,True,True,True,,10.0,334,True,True,True,True,,10.0,334,True,True,True,True,,355.0,2025-02-25T15:26:00-05:00,0.44999999999998863,8847.040000000025,,,,,,,,,356.0,2025-02-25T15:27:00-05:00,7.099999999999966,-4452.959999999931,355.0,2025-02-25T15:26:00-05:00,0.44999999999998863,8847.040000000025,,,,,,,,,356.0,2025-02-25T15:27:00-05:00,7.099999999999966,-4452.959999999931,355.0,2025-02-25T15:26:00-05:00,0.44999999999998863,8847.040000000025,,,,,,,,,356.0,2025-02-25T15:27:00-05:00,7.099999999999966,-4452.959999999931,355.0,2025-02-25T15:26:00-05:00,0.44999999999998863,8847.040000000025,,,,,,,,,356.0,2025-02-25T15:27:00-05:00,7.099999999999966,-4452.959999999931,2439
2025-02-25,2025-02-27,2,6.0,2025-02-25T09:31:00-05:00,6.0,NDXP  250227P21450000,NDXP  250227P21440000,validation,False,False,0,0,0,68,0,1132,available,False,2025-02-25T09:31:00-05:00,2025-02-27T16:00:00-05:00,0.0,11747.04,0.0,last_observed_quote_not_settlement,1036.0,938,101,5.550000000000011,647.0399999999779,2025-02-25T09:32:00-05:00,0.0,5.899999999999977,-52.959999999953816,2025-02-25T09:33:00-05:00,0.0,5.399999999999977,947.0400000000461,2025-02-25T09:36:00-05:00,0.0,4.7999999999999545,2147.040000000092,2025-02-25T09:41:00-05:00,0.0,5.75,247.04000000000067,2025-02-25T09:46:00-05:00,0.0,6.7000000000000455,-1652.9600000000903,2025-02-25T10:01:00-05:00,0.0,5.899999999999977,-52.959999999953816,2025-02-25T10:31:00-05:00,0.0,8.199999999999989,-4652.959999999978,2025-02-25T11:31:00-05:00,0.0,7.699999999999989,-3652.9599999999764,2025-02-25T16:00:00-05:00,0.0,7.400000000000034,-3052.9600000000673,2025-02-26T16:00:00-05:00,0.0,0.0,11747.04,2025-02-27T16:00:00-05:00,0.0,,,,,5.0,hit,10.0,hit,93.0,hit,93.0,hit,3269.0,hit,3269.0,hit,3269.0,hit,8.0,hit,22.0,hit,22.0,hit,22.0,hit,51.0,hit,51.0,hit,9.549999999999955,69,True,True,True,True,,10.0,938,True,True,True,True,,10.0,938,True,True,True,True,,10.0,938,True,True,True,True,,93.0,2025-02-25T11:04:00-05:00,2.099999999999966,7547.040000000069,,,,,,,,,94.0,2025-02-25T11:05:00-05:00,7.699999999999989,-3652.9599999999764,3269.0,2025-02-27T16:00:00-05:00,0.0,11747.04,,,,,,,,,,,,,3269.0,2025-02-27T16:00:00-05:00,0.0,11747.04,,,,,,,,,,,,,3269.0,2025-02-27T16:00:00-05:00,0.0,11747.04,,,,,,,,,,,,,2440
2025-02-25,2025-02-27,2,7.0,2025-02-25T09:31:00-05:00,7.0,NDXP  250227P21620000,NDXP  250227P21610000,validation,False,False,0,0,0,178,0,1022,available,False,2025-02-25T09:31:00-05:00,2025-02-27T16:00:00-05:00,10.0,-6152.96,0.0,last_observed_quote_not_settlement,1036.0,886,59,7.100000000000023,-452.9600000000448,2025-02-25T09:32:00-05:00,0.0,7.099999999999966,-452.9599999999311,2025-02-25T09:33:00-05:00,0.0,7.099999999999966,-452.9599999999311,2025-02-25T09:36:00-05:00,0.0,7.099999999999966,-452.9599999999311,2025-02-25T09:41:00-05:00,0.0,7.100000000000023,-452.9600000000448,2025-02-25T09:46:00-05:00,0.0,7.400000000000091,-1052.9600000001813,2025-02-25T10:01:00-05:00,0.0,8.650000000000091,-3552.960000000183,2025-02-25T10:31:00-05:00,0.0,9.649999999999977,-5552.9599999999555,2025-02-25T11:31:00-05:00,0.0,8.550000000000068,-3352.9600000001374,2025-02-25T16:00:00-05:00,0.0,,,2025-02-26T15:59:00-05:00,60.0,10.0,-6152.96,2025-02-27T16:00:00-05:00,0.0,,,,,14.0,hit,14.0,hit,28.0,hit,290.0,hit,,never_hit,,never_hit,,never_hit,7.0,hit,8.0,hit,0.0,hit,8.0,hit,26.0,hit,26.0,hit,9.950000000000045,256,True,True,True,True,,,,True,True,True,False,4.7999999999999545,,,True,True,True,False,4.7999999999999545,,,True,True,True,False,4.7999999999999545,290.0,2025-02-25T14:21:00-05:00,2.2000000000000455,9347.03999999991,,,,,,,,,291.0,2025-02-25T14:22:00-05:00,8.700000000000045,-3652.960000000092,,,,,,,,,,,,,,,,,,,,,,,,,,,,,,,,,,,,,,,,,,,,,,,,,2441
2025-02-25,2025-02-28,3,5.0,2025-02-25T09:31:00-05:00,5.0,NDXP  250228P21510000,NDXP  250228P21500000,validation,False,False,0,0,0,126,0,1478,available,False,2025-02-25T09:31:00-05:00,2025-02-28T15:59:00-05:00,10.0,-10152.96,1.0,last_observed_quote_not_settlement,1037.0,1270,104,8.650000000000034,-7552.960000000069,2025-02-25T09:32:00-05:00,0.0,4.75,247.04000000000067,2025-02-25T09:33:00-05:00,0.0,5.649999999999977,-1552.9599999999539,2025-02-25T09:36:00-05:00,0.0,4.449999999999989,847.0400000000234,2025-02-25T09:41:00-05:00,0.0,5.050000000000011,-352.96000000002203,2025-02-25T09:46:00-05:00,0.0,6.699999999999989,-3652.9599999999764,2025-02-25T10:01:00-05:00,0.0,,,2025-02-25T10:30:00-05:00,60.0,8.050000000000068,-6352.960000000137,2025-02-25T11:31:00-05:00,0.0,9.400000000000034,-9052.960000000068,2025-02-25T16:00:00-05:00,0.0,7.75,-5752.959999999999,2025-02-26T16:00:00-05:00,0.0,,,2025-02-27T15:59:00-05:00,60.0,,,2025-02-28T15:59:00-05:00,60.0,0.0,hit,0.0,hit,8.0,hit,28.0,hit,1544.0,hit,1743.0,hit,,never_hit,1.0,hit,1.0,hit,1.0,hit,1.0,hit,68.0,hit,68.0,hit,8.650000000000034,14,True,True,False,False,,10.0,436,True,True,True,True,,10.0,585,True,True,True,True,,,,True,True,True,False,4.000000000000057,28.0,2025-02-25T09:59:00-05:00,2.25,5247.040000000001,,,,,,,,,29.0,2025-02-25T10:00:00-05:00,6.399999999999977,-3052.9599999999537,1544.0,2025-02-26T11:15:00-05:00,1.25,7247.040000000001,,,,,,,,,1545.0,2025-02-26T11:16:00-05:00,5.149999999999977,-552.9599999999539,,,,,,,,,,,,,,,,,,,,,,,,,,,,,,,,,2442
2025-02-25,2025-02-28,3,6.0,2025-02-25T09:31:00-05:00,6.0499999999999545,NDXP  250228P21570000,NDXP  250228P21560000,validation,False,False,0,0,0,133,0,1470,available,False,2025-02-25T09:31:00-05:00,2025-02-28T15:59:00-05:00,10.0,-8052.960000000091,1.0,last_observed_quote_not_settlement,1038.0,1275,109,7.249999999999943,-2652.9599999999764,2025-02-25T09:32:00-05:00,0.0,7.75,-3652.96000000009,2025-02-25T09:33:00-05:00,0.0,9.100000000000023,-6352.960000000137,2025-02-25T09:36:00-05:00,0.0,5.149999999999977,1547.0399999999552,2025-02-25T09:41:00-05:00,0.0,7.100000000000023,-2352.9600000001356,2025-02-25T09:46:00-05:00,0.0,8.600000000000023,-5352.960000000137,2025-02-25T10:01:00-05:00,0.0,8.0,-4152.960000000092,2025-02-25T10:31:00-05:00,0.0,8.199999999999932,-4552.9599999999555,2025-02-25T11:31:00-05:00,0.0,7.750000000000057,-3652.9600000002038,2025-02-25T16:00:00-05:00,0.0,9.300000000000068,-6752.960000000228,2025-02-26T16:00:00-05:00,0.0,,,2025-02-27T15:59:00-05:00,60.0,,,2025-02-28T15:59:00-05:00,60.0,10.0,hit,28.0,hit,152.0,hit,237.0,hit,395.0,hit,2992.0,hit,2992.0,hit,1.0,hit,1.0,hit,1.0,hit,5.0,hit,5.0,hit,23.0,hit,9.950000000000045,201,True,True,True,True,,9.950000000000045,330,True,True,True,True,,10.0,753,True,True,True,True,,10.0,753,True,True,True,True,,237.0,2025-02-25T13:28:00-05:00,2.599999999999966,6647.039999999978,,,,,,,,,238.0,2025-02-25T13:29:00-05:00,7.399999999999977,-2952.9600000000446,395.0,2025-02-25T16:06:00-05:00,1.1000000000000227,9647.039999999864,,,,,,,,,396.0,2025-02-25T16:07:00-05:00,7.800000000000011,-3752.960000000113,2992.0,2025-02-27T11:23:00-05:00,0.10000000000002274,11647.039999999864,,,,,,,,,2993.0,2025-02-27T11:24:00-05:00,9.249999999999943,-6652.959999999978,2992.0,2025-02-27T11:23:00-05:00,0.10000000000002274,11647.039999999864,,,,,,,,,2993.0,2025-02-27T11:24:00-05:00,9.249999999999943,-6652.959999999978,2443
2025-02-25,2025-02-28,3,7.0,2025-02-25T09:31:00-05:00,7.099999999999966,NDXP  250228P21620000,NDXP  250228P21610000,validation,False,False,0,0,0,144,0,1459,available,False,2025-02-25T09:31:00-05:00,2025-02-28T15:59:00-05:00,10.0,-5952.960000000068,1.0,last_observed_quote_not_settlement,1036.0,1158,139,6.4500000000000455,1047.0399999998415,2025-02-25T09:32:00-05:00,0.0,8.200000000000045,-2452.96000000016,2025-02-25T09:33:00-05:00,0.0,6.5,947.0399999999324,2025-02-25T09:36:00-05:00,0.0,5.499999999999943,2947.0400000000463,2025-02-25T09:41:00-05:00,0.0,9.149999999999977,-4352.960000000024,2025-02-25T09:46:00-05:00,0.0,7.350000000000023,-752.960000000113,2025-02-25T10:01:00-05:00,0.0,8.349999999999909,-2752.9599999998873,2025-02-25T10:31:00-05:00,0.0,9.350000000000023,-4752.960000000115,2025-02-25T11:31:00-05:00,0.0,1.150000000000091,11647.039999999752,2025-02-25T16:00:00-05:00,0.0,5.2999999999999545,3347.0400000000236,2025-02-26T16:00:00-05:00,0.0,9.949999999999818,-5952.959999999705,2025-02-27T16:00:00-05:00,0.0,,,2025-02-28T15:59:00-05:00,60.0,10.0,hit,23.0,hit,23.0,hit,307.0,hit,307.0,hit,307.0,hit,307.0,hit,2.0,hit,2.0,hit,0.0,hit,2.0,hit,15.0,hit,132.0,hit,9.850000000000023,247,True,True,True,True,,9.850000000000023,247,True,True,True,True,,9.850000000000023,247,True,True,True,True,,9.850000000000023,247,True,True,True,True,,307.0,2025-02-25T14:38:00-05:00,0.5,12947.039999999934,,,,,,,,,308.0,2025-02-25T14:39:00-05:00,8.0,-2052.960000000069,307.0,2025-02-25T14:38:00-05:00,0.5,12947.039999999934,,,,,,,,,308.0,2025-02-25T14:39:00-05:00,8.0,-2052.960000000069,307.0,2025-02-25T14:38:00-05:00,0.5,12947.039999999934,,,,,,,,,308.0,2025-02-25T14:39:00-05:00,8.0,-2052.960000000069,1566.0,2025-02-26T11:37:00-05:00,0.35000000000002274,13247.039999999888,,,,,,,,,1567.0,2025-02-26T11:38:00-05:00,6.7999999999999545,347.04000000002344,2444
2025-02-26,2025-02-28,2,5.0,2025-02-26T09:31:00-05:00,5.0,NDXP  250228P21230000,NDXP  250228P21220000,validation,False,False,0,0,0,57,0,1142,available,False,2025-02-26T09:31:00-05:00,2025-02-28T15:59:00-05:00,10.0,-10152.96,1.0,last_observed_quote_not_settlement,1036.0,825,51,5.099999999999994,-452.95999999998793,2025-02-26T09:32:00-05:00,0.0,5.0,-252.9599999999993,2025-02-26T09:33:00-05:00,0.0,4.900000000000006,-52.96000000001066,2025-02-26T09:36:00-05:00,0.0,4.499999999999972,747.0400000000575,2025-02-26T09:41:00-05:00,0.0,4.599999999999966,547.0400000000689,2025-02-26T09:46:00-05:00,0.0,4.599999999999994,547.040000000012,2025-02-26T10:01:00-05:00,0.0,4.549999999999983,647.0400000000348,2025-02-26T10:31:00-05:00,0.0,4.099999999999994,1547.040000000012,2025-02-26T11:31:00-05:00,0.0,5.300000000000011,-852.9600000000221,2025-02-26T16:00:00-05:00,0.0,9.549999999999955,-9352.95999999991,2025-02-27T16:00:00-05:00,0.0,,,2025-02-28T15:59:00-05:00,60.0,,,,,0.0,hit,0.0,hit,21.0,hit,149.0,hit,,never_hit,,never_hit,,never_hit,4.0,hit,109.0,hit,109.0,hit,294.0,hit,328.0,hit,328.0,hit,7.250000000000028,7,True,False,False,False,,,,True,True,True,False,2.8500000000000227,,,True,True,True,False,2.8500000000000227,,,True,True,True,False,2.8500000000000227,149.0,2025-02-26T12:00:00-05:00,2.5,4747.040000000001,,,,,,,,,150.0,2025-02-26T12:01:00-05:00,3.0500000000000114,3647.039999999978,,,,,,,,,,,,,,,,,,,,,,,,,,,,,,,,,,,,,,,,,,,,,,,,,2445
2025-02-26,2025-02-28,2,6.0,2025-02-26T09:31:00-05:00,5.949999999999989,NDXP  250228P21300000,NDXP  250228P21290000,validation,False,False,0,0,0,70,0,1129,available,False,2025-02-26T09:31:00-05:00,2025-02-28T15:59:00-05:00,10.0,-8252.960000000021,1.0,last_observed_quote_not_settlement,1038.0,756,96,5.899999999999977,-152.95999999997656,2025-02-26T09:32:00-05:00,0.0,5.899999999999977,-152.95999999997656,2025-02-26T09:33:00-05:00,0.0,5.399999999999977,847.0400000000234,2025-02-26T09:36:00-05:00,0.0,5.7000000000000455,247.039999999887,2025-02-26T09:41:00-05:00,0.0,5.399999999999977,847.0400000000234,2025-02-26T09:46:00-05:00,0.0,4.949999999999989,1747.0400000000006,2025-02-26T10:01:00-05:00,0.0,4.649999999999977,2347.0400000000236,2025-02-26T10:31:00-05:00,0.0,4.800000000000011,2047.0399999999554,2025-02-26T11:31:00-05:00,0.0,6.7000000000000455,-1752.960000000113,2025-02-26T16:00:00-05:00,0.0,,,2025-02-27T15:59:00-05:00,60.0,,,2025-02-28T15:59:00-05:00,60.0,,,,,3.0,hit,17.0,hit,113.0,hit,113.0,hit,1444.0,hit,,never_hit,,never_hit,4.0,hit,29.0,hit,29.0,hit,350.0,hit,1474.0,hit,1640.0,hit,7.5,5,True,False,False,False,,8.199999999999932,118,True,True,False,False,,,,True,True,True,False,4.549999999999983,,,True,True,True,False,4.549999999999983,113.0,2025-02-26T11:24:00-05:00,2.799999999999983,6047.040000000012,1445.0,2025-02-27T09:36:00-05:00,1.950000000000017,7747.039999999944,,,,,114.0,2025-02-26T11:25:00-05:00,4.099999999999966,3447.0400000000463,1444.0,2025-02-27T09:35:00-05:00,1.4000000000000057,8847.039999999968,,,,,,,,,1445.0,2025-02-27T09:36:00-05:00,1.950000000000017,7747.039999999944,,,,,,,,,,,,,,,,,,,,,,,,,,,,,,,,,2446
2025-02-26,2025-02-28,2,7.0,2025-02-26T09:31:00-05:00,7.0,NDXP  250228P21500000,NDXP  250228P21490000,validation,False,False,0,0,0,82,0,1117,available,False,2025-02-26T09:31:00-05:00,2025-02-28T15:59:00-05:00,10.0,-6152.96,1.0,last_observed_quote_not_settlement,1037.0,759,88,6.649999999999977,447.0400000000462,2025-02-26T09:32:00-05:00,0.0,7.050000000000068,-352.9600000001357,2025-02-26T09:33:00-05:00,0.0,6.550000000000068,647.0399999998642,2025-02-26T09:36:00-05:00,0.0,6.7000000000000455,347.03999999990975,2025-02-26T09:41:00-05:00,0.0,7.0,-252.9599999999993,2025-02-26T09:46:00-05:00,0.0,6.399999999999977,947.0400000000461,2025-02-26T10:01:00-05:00,0.0,6.150000000000034,1447.0399999999324,2025-02-26T10:31:00-05:00,0.0,6.050000000000011,1647.039999999978,2025-02-26T11:31:00-05:00,0.0,8.949999999999989,-4152.959999999978,2025-02-26T16:00:00-05:00,0.0,,,2025-02-27T15:59:00-05:00,60.0,,,2025-02-28T15:59:00-05:00,60.0,,,,,6.0,hit,96.0,hit,97.0,hit,116.0,hit,116.0,hit,116.0,hit,,never_hit,25.0,hit,25.0,hit,0.0,hit,25.0,hit,28.0,hit,1479.0,hit,9.449999999999989,4,True,True,True,True,,9.449999999999989,4,True,True,True,True,,9.449999999999989,4,True,True,True,True,,,,True,True,True,False,6.400000000000034,116.0,2025-02-26T11:27:00-05:00,0.8999999999999773,11947.040000000046,,,,,,,,,117.0,2025-02-26T11:28:00-05:00,4.100000000000023,5547.039999999955,116.0,2025-02-26T11:27:00-05:00,0.8999999999999773,11947.040000000046,,,,,,,,,117.0,2025-02-26T11:28:00-05:00,4.100000000000023,5547.039999999955,116.0,2025-02-26T11:27:00-05:00,0.8999999999999773,11947.040000000046,,,,,,,,,117.0,2025-02-26T11:28:00-05:00,4.100000000000023,5547.039999999955,,,,,,,,,,,,,,,,,2447
2025-02-28,2025-03-03,3,5.0,2025-02-28T09:31:00-05:00,5.0,NDXP  250303P20540000,NDXP  250303P20530000,validation,False,False,0,0,0,11,0,784,available,False,2025-02-28T09:31:00-05:00,2025-03-03T16:00:00-05:00,10.0,-10152.96,0.0,last_observed_quote_not_settlement,3916.0,61,27,4.300000000000011,1147.039999999978,2025-02-28T09:32:00-05:00,0.0,4.949999999999989,-152.95999999997656,2025-02-28T09:33:00-05:00,0.0,5.099999999999994,-452.95999999998793,2025-02-28T09:36:00-05:00,0.0,4.450000000000017,847.0399999999665,2025-02-28T09:41:00-05:00,0.0,4.5,747.0400000000006,2025-02-28T09:46:00-05:00,0.0,5.449999999999989,-1152.9599999999766,2025-02-28T10:01:00-05:00,0.0,2.700000000000003,4347.039999999995,2025-02-28T10:31:00-05:00,0.0,4.050000000000011,1647.039999999978,2025-02-28T11:31:00-05:00,0.0,0.8000000000000043,8147.039999999993,2025-02-28T16:00:00-05:00,0.0,,,2025-02-28T16:15:00-05:00,85500.0,,,2025-02-28T16:15:00-05:00,171900.0,10.0,-10152.96,2025-03-03T16:00:00-05:00,0.0,0.0,hit,0.0,hit,13.0,hit,13.0,hit,71.0,hit,389.0,hit,4321.0,hit,3.0,hit,4651.0,hit,4660.0,hit,4661.0,hit,4668.0,hit,4673.0,hit,5.600000000000023,2,False,False,False,False,,5.600000000000023,7,False,False,False,False,,5.849999999999994,21,False,False,False,False,,5.849999999999994,21,False,False,False,False,,32.0,2025-02-28T10:03:00-05:00,2.5999999999999943,4547.040000000012,89.0,2025-02-28T11:00:00-05:00,2.8500000000000085,4047.0399999999836,90.0,2025-02-28T11:01:00-05:00,2.8500000000000085,4047.0399999999836,33.0,2025-02-28T10:04:00-05:00,4.749999999999972,247.04000000005752,383.0,2025-02-28T15:54:00-05:00,1.8500000000000085,6047.039999999984,384.0,2025-02-28T15:55:00-05:00,1.6000000000000014,6547.039999999998,385.0,2025-02-28T15:56:00-05:00,1.3500000000000014,7047.039999999998,384.0,2025-02-28T15:55:00-05:00,1.6000000000000014,6547.039999999998,389.0,2025-02-28T16:00:00-05:00,0.8000000000000043,8147.039999999993,4321.0,2025-03-03T09:32:00-05:00,0.45000000000000107,8847.039999999999,4322.0,2025-03-03T09:33:00-05:00,0.40000000000000036,8947.04,390.0,2025-02-28T16:01:00-05:00,1.3499999999999943,7047.040000000012,4322.0,2025-03-03T09:33:00-05:00,0.40000000000000036,8947.04,4323.0,2025-03-03T09:34:00-05:00,0.34999999999999964,9047.040000000003,4324.0,2025-03-03T09:35:00-05:00,0.34999999999999964,9047.040000000003,4323.0,2025-03-03T09:34:00-05:00,0.34999999999999964,9047.040000000003,2448
2025-02-28,2025-03-03,3,6.0,2025-02-28T09:31:00-05:00,5.9500000000000455,NDXP  250303P20630000,NDXP  250303P20620000,validation,False,False,0,0,0,6,0,788,available,False,2025-02-28T09:31:00-05:00,2025-03-03T16:00:00-05:00,10.0,-8252.959999999908,0.0,last_observed_quote_not_settlement,3916.0,72,31,5.899999999999977,-152.95999999986287,2025-02-28T09:32:00-05:00,0.0,5.75,147.04000000009165,2025-02-28T09:33:00-05:00,0.0,9.699999999999989,-7752.959999999887,2025-02-28T09:36:00-05:00,0.0,5.25,1147.0400000000916,2025-02-28T09:41:00-05:00,0.0,5.300000000000011,1047.0400000000689,2025-02-28T09:46:00-05:00,0.0,3.950000000000017,3747.0400000000577,2025-02-28T10:01:00-05:00,0.0,5.200000000000003,1247.040000000086,2025-02-28T10:31:00-05:00,0.0,4.949999999999989,1747.0400000001143,2025-02-28T11:31:00-05:00,0.0,1.6500000000000057,8347.04000000008,2025-02-28T16:00:00-05:00,0.0,,,2025-02-28T16:15:00-05:00,85500.0,,,2025-02-28T16:15:00-05:00,171900.0,10.0,-8252.959999999908,2025-03-03T16:00:00-05:00,0.0,6.0,hit,7.0,hit,29.0,hit,29.0,hit,83.0,hit,402.0,hit,4322.0,hit,5.0,hit,5.0,hit,5.0,hit,5.0,hit,5.0,hit,5.0,hit,9.699999999999989,4,True,True,True,True,,9.699999999999989,5,True,True,True,True,,9.699999999999989,17,True,True,True,True,,9.699999999999989,17,True,True,True,True,,29.0,2025-02-28T10:00:00-05:00,2.8000000000000114,6047.040000000069,33.0,2025-02-28T10:04:00-05:00,2.450000000000017,6747.040000000057,382.0,2025-02-28T15:53:00-05:00,2.8499999999999943,5947.040000000103,30.0,2025-02-28T10:01:00-05:00,3.950000000000017,3747.0400000000577,83.0,2025-02-28T10:54:00-05:00,1.9000000000000057,7847.04000000008,388.0,2025-02-28T15:59:00-05:00,1.6999999999999886,8247.040000000115,389.0,2025-02-28T16:00:00-05:00,1.6500000000000057,8347.04000000008,84.0,2025-02-28T10:55:00-05:00,4.200000000000017,3247.0400000000577,402.0,2025-02-28T16:13:00-05:00,0.9000000000000057,9847.04000000008,4321.0,2025-03-03T09:32:00-05:00,0.8000000000000007,10047.040000000092,4322.0,2025-03-03T09:33:00-05:00,0.5,10647.040000000092,403.0,2025-02-28T16:14:00-05:00,1.8999999999999915,7847.040000000109,4334.0,2025-03-03T09:45:00-05:00,0.0,11647.040000000092,,,,,,,,,4335.0,2025-03-03T09:46:00-05:00,1.0999999999999979,9447.040000000097,2449
2025-02-28,2025-03-03,3,7.0,2025-02-28T09:31:00-05:00,7.0,NDXP  250303P21670000,NDXP  250303P21660000,validation,False,False,0,0,0,136,0,657,available,False,2025-02-28T09:31:00-05:00,2025-03-03T15:59:00-05:00,9.949999999999818,-6152.959999999637,1.0,last_observed_quote_not_settlement,3916.0,534,18,7.2999999999999545,-852.9599999999084,2025-02-28T09:32:00-05:00,0.0,,,2025-02-28T09:32:00-05:00,60.0,8.699999999999818,-3652.959999999637,2025-02-28T09:36:00-05:00,0.0,,,2025-02-28T09:40:00-05:00,60.0,9.950000000000045,-6152.96,2025-02-28T09:46:00-05:00,0.0,,,2025-02-28T10:00:00-05:00,60.0,,,2025-02-28T10:29:00-05:00,120.0,9.899999999999864,-6052.959999999728,2025-02-28T11:31:00-05:00,0.0,,,2025-02-28T15:59:00-05:00,60.0,,,2025-02-28T16:15:00-05:00,85500.0,,,2025-02-28T16:15:00-05:00,171900.0,,,2025-03-03T15:59:00-05:00,60.0,18.0,hit,18.0,hit,18.0,hit,18.0,hit,18.0,hit,,never_hit,,never_hit,3.0,hit,3.0,hit,0.0,hit,3.0,hit,3.0,hit,6.0,hit,10.0,9,True,True,True,True,,10.0,9,True,True,True,True,,,,True,True,True,False,5.350000000000023,,,True,True,True,False,5.350000000000023,18.0,2025-02-28T09:49:00-05:00,1.900000000000091,9947.039999999819,,,,,,,,,,,,,18.0,2025-02-28T09:49:00-05:00,1.900000000000091,9947.039999999819,,,,,,,,,,,,,,,,,,,,,,,,,,,,,,,,,,,,,,,,,,,,,2450
2025-03-03,2025-03-05,2,5.0,2025-03-03T09:31:00-05:00,5.050000000000011,NDXP  250305P21150000,NDXP  250305P21140000,validation,False,False,0,0,1,115,0,1081,available,False,2025-03-03T09:31:00-05:00,2025-03-05T15:59:00-05:00,10.0,-10052.959999999975,1.0,last_observed_quote_not_settlement,1037.0,970,8,5.200000000000017,-552.9600000000107,2025-03-03T09:32:00-05:00,0.0,5.200000000000017,-552.9600000000107,2025-03-03T09:33:00-05:00,0.0,5.600000000000023,-1352.960000000022,2025-03-03T09:36:00-05:00,0.0,6.800000000000011,-3752.959999999999,2025-03-03T09:41:00-05:00,0.0,6.5499999999999545,-3252.9599999998854,2025-03-03T09:46:00-05:00,0.0,3.650000000000034,2547.0399999999554,2025-03-03T10:01:00-05:00,0.0,6.2999999999999545,-2752.9599999998854,2025-03-03T10:31:00-05:00,0.0,7.0499999999999545,-4252.959999999885,2025-03-03T11:31:00-05:00,0.0,9.149999999999864,-8452.959999999704,2025-03-03T16:00:00-05:00,0.0,8.099999999999909,-6352.959999999796,2025-03-04T16:00:00-05:00,0.0,,,2025-03-05T15:59:00-05:00,60.0,,,,,0.0,hit,3.0,hit,30.0,hit,1440.0,hit,1440.0,hit,1440.0,hit,1440.0,hit,5.0,hit,7.0,hit,20.0,hit,27.0,hit,45.0,hit,47.0,hit,10.0,383,True,True,True,True,,10.0,383,True,True,True,True,,10.0,383,True,True,True,True,,10.0,383,True,True,True,True,,1440.0,2025-03-04T09:31:00-05:00,0.40000000000009095,9047.039999999843,,,,,,,,,1441.0,2025-03-04T09:32:00-05:00,10.0,-10052.959999999975,1440.0,2025-03-04T09:31:00-05:00,0.40000000000009095,9047.039999999843,,,,,,,,,1441.0,2025-03-04T09:32:00-05:00,10.0,-10052.959999999975,1440.0,2025-03-04T09:31:00-05:00,0.40000000000009095,9047.039999999843,,,,,,,,,1441.0,2025-03-04T09:32:00-05:00,10.0,-10052.959999999975,1440.0,2025-03-04T09:31:00-05:00,0.40000000000009095,9047.039999999843,,,,,,,,,1441.0,2025-03-04T09:32:00-05:00,10.0,-10052.959999999975,2451
2025-03-03,2025-03-05,2,6.0,2025-03-03T09:31:00-05:00,5.800000000000011,NDXP  250305P21130000,NDXP  250305P21120000,validation,False,False,0,0,0,151,0,1046,available,False,2025-03-03T09:31:00-05:00,2025-03-05T15:55:00-05:00,10.0,-8552.959999999975,5.0,last_observed_quote_not_settlement,1038.0,899,29,5.600000000000023,147.03999999997797,2025-03-03T09:32:00-05:00,0.0,4.899999999999977,1547.0400000000689,2025-03-03T09:33:00-05:00,0.0,5.400000000000006,547.040000000012,2025-03-03T09:36:00-05:00,0.0,6.100000000000023,-852.9600000000221,2025-03-03T09:41:00-05:00,0.0,6.0,-652.9599999999766,2025-03-03T09:46:00-05:00,0.0,7.599999999999966,-3852.959999999908,2025-03-03T10:01:00-05:00,0.0,6.199999999999989,-1052.9599999999539,2025-03-03T10:31:00-05:00,0.0,6.75,-2152.9599999999764,2025-03-03T11:31:00-05:00,0.0,6.600000000000136,-1852.9600000002495,2025-03-03T16:00:00-05:00,0.0,,,2025-03-04T15:58:00-05:00,120.0,,,2025-03-05T15:55:00-05:00,300.0,,,,,2.0,hit,2.0,hit,309.0,hit,1514.0,hit,,never_hit,,never_hit,,never_hit,9.0,hit,22.0,hit,22.0,hit,39.0,hit,233.0,hit,263.0,hit,9.999999999999886,399,True,True,True,True,,,,True,True,True,False,3.4500000000001023,,,True,True,True,False,3.4500000000001023,,,True,True,True,False,3.4500000000001023,1514.0,2025-03-04T10:45:00-05:00,2.4500000000000455,6447.039999999933,,,,,,,,,1515.0,2025-03-04T10:46:00-05:00,9.799999999999955,-8252.959999999886,,,,,,,,,,,,,,,,,,,,,,,,,,,,,,,,,,,,,,,,,,,,,,,,,2452
2025-03-03,2025-03-05,2,7.0,2025-03-03T09:31:00-05:00,7.0,NDXP  250305P21290000,NDXP  250305P21280000,validation,False,False,0,0,1,130,0,1067,available,False,2025-03-03T09:31:00-05:00,2025-03-05T15:59:00-05:00,10.0,-6152.96,1.0,last_observed_quote_not_settlement,1037.0,919,60,6.699999999999989,347.04000000002344,2025-03-03T09:32:00-05:00,0.0,6.4500000000000455,847.0399999999097,2025-03-03T09:33:00-05:00,0.0,6.699999999999989,347.04000000002344,2025-03-03T09:36:00-05:00,0.0,9.100000000000023,-4452.960000000046,2025-03-03T09:41:00-05:00,0.0,7.4500000000000455,-1152.9600000000903,2025-03-03T09:46:00-05:00,0.0,8.450000000000045,-3152.960000000092,2025-03-03T10:01:00-05:00,0.0,7.800000000000011,-1852.960000000022,2025-03-03T10:31:00-05:00,0.0,8.099999999999909,-2452.959999999819,2025-03-03T11:31:00-05:00,0.0,9.700000000000045,-5652.960000000092,2025-03-03T16:00:00-05:00,0.0,,,2025-03-04T15:59:00-05:00,60.0,,,2025-03-05T15:59:00-05:00,60.0,,,,,22.0,hit,22.0,hit,22.0,hit,22.0,hit,57.0,hit,341.0,hit,341.0,hit,10.0,hit,10.0,hit,0.0,hit,10.0,hit,10.0,hit,21.0,hit,9.800000000000011,12,True,True,True,True,,10.0,41,True,True,True,True,,10.0,285,True,True,True,True,,10.0,285,True,True,True,True,,22.0,2025-03-03T09:53:00-05:00,2.6999999999999886,8347.040000000025,58.0,2025-03-03T10:29:00-05:00,1.1999999999999318,11347.040000000137,,,,,23.0,2025-03-03T09:54:00-05:00,7.150000000000034,-552.9600000000676,57.0,2025-03-03T10:28:00-05:00,1.099999999999966,11547.04000000007,58.0,2025-03-03T10:29:00-05:00,1.1999999999999318,11347.040000000137,,,,,58.0,2025-03-03T10:29:00-05:00,1.1999999999999318,11347.040000000137,341.0,2025-03-03T15:12:00-05:00,0.0,13747.04,,,,,,,,,342.0,2025-03-03T15:13:00-05:00,9.700000000000045,-5652.960000000092,341.0,2025-03-03T15:12:00-05:00,0.0,13747.04,,,,,,,,,342.0,2025-03-03T15:13:00-05:00,9.700000000000045,-5652.960000000092,2453
2025-03-03,2025-03-06,3,5.0,2025-03-03T09:31:00-05:00,5.0,NDXP  250306P21110000,NDXP  250306P21100000,validation,False,False,0,0,1,127,0,1474,available,False,2025-03-03T09:31:00-05:00,2025-03-06T15:59:00-05:00,10.0,-10152.96,1.0,last_observed_quote_not_settlement,1036.0,1330,43,5.099999999999994,-452.95999999998793,2025-03-03T09:32:00-05:00,0.0,4.599999999999966,547.0400000000689,2025-03-03T09:33:00-05:00,0.0,5.099999999999994,-452.95999999998793,2025-03-03T09:36:00-05:00,0.0,5.300000000000011,-852.9600000000221,2025-03-03T09:41:00-05:00,0.0,4.300000000000011,1147.039999999978,2025-03-03T09:46:00-05:00,0.0,7.699999999999989,-5652.959999999976,2025-03-03T10:01:00-05:00,0.0,5.300000000000011,-852.9600000000221,2025-03-03T10:31:00-05:00,0.0,6.5,-3252.959999999999,2025-03-03T11:31:00-05:00,0.0,9.300000000000068,-8852.960000000137,2025-03-03T16:00:00-05:00,0.0,8.5,-7252.960000000001,2025-03-04T16:00:00-05:00,0.0,9.800000000000068,-9852.960000000137,2025-03-05T16:00:00-05:00,0.0,,,2025-03-06T15:59:00-05:00,60.0,0.0,hit,0.0,hit,32.0,hit,1462.0,hit,1462.0,hit,1462.0,hit,1462.0,hit,9.0,hit,9.0,hit,30.0,hit,34.0,hit,332.0,hit,364.0,hit,9.949999999999932,377,True,True,True,True,,9.949999999999932,377,True,True,True,True,,9.949999999999932,377,True,True,True,True,,9.949999999999932,377,True,True,True,True,,1462.0,2025-03-04T09:53:00-05:00,0.0,9747.04,,,,,,,,,1463.0,2025-03-04T09:54:00-05:00,9.299999999999955,-8852.95999999991,1462.0,2025-03-04T09:53:00-05:00,0.0,9747.04,,,,,,,,,1463.0,2025-03-04T09:54:00-05:00,9.299999999999955,-8852.95999999991,1462.0,2025-03-04T09:53:00-05:00,0.0,9747.04,,,,,,,,,1463.0,2025-03-04T09:54:00-05:00,9.299999999999955,-8852.95999999991,1462.0,2025-03-04T09:53:00-05:00,0.0,9747.04,,,,,,,,,1463.0,2025-03-04T09:54:00-05:00,9.299999999999955,-8852.95999999991,2454
2025-03-03,2025-03-06,3,6.0,2025-03-03T09:31:00-05:00,6.099999999999966,NDXP  250306P21230000,NDXP  250306P21220000,validation,False,False,0,0,1,147,0,1455,available,False,2025-03-03T09:31:00-05:00,2025-03-06T15:59:00-05:00,10.0,-7952.960000000068,1.0,last_observed_quote_not_settlement,1037.0,1282,54,5.900000000000034,147.03999999986428,2025-03-03T09:32:00-05:00,0.0,5.599999999999966,747.0400000000006,2025-03-03T09:33:00-05:00,0.0,5.900000000000034,147.03999999986428,2025-03-03T09:36:00-05:00,0.0,7.0,-2052.9600000000673,2025-03-03T09:41:00-05:00,0.0,6.949999999999989,-1952.9600000000448,2025-03-03T09:46:00-05:00,0.0,7.599999999999966,-3252.959999999999,2025-03-03T10:01:00-05:00,0.0,6.699999999999989,-1452.9600000000448,2025-03-03T10:31:00-05:00,0.0,8.099999999999966,-4252.960000000001,2025-03-03T11:31:00-05:00,0.0,7.900000000000091,-3852.9600000002492,2025-03-03T16:00:00-05:00,0.0,,,2025-03-04T15:58:00-05:00,120.0,7.5,-3052.9600000000673,2025-03-05T16:00:00-05:00,0.0,,,2025-03-06T15:59:00-05:00,60.0,3.0,hit,3.0,hit,3.0,hit,359.0,hit,359.0,hit,359.0,hit,360.0,hit,10.0,hit,20.0,hit,10.0,hit,28.0,hit,28.0,hit,331.0,hit,9.850000000000023,320,True,True,True,True,,9.850000000000023,320,True,True,True,True,,9.850000000000023,320,True,True,True,True,,9.850000000000023,320,True,True,True,True,,359.0,2025-03-03T15:30:00-05:00,0.75,10447.039999999934,360.0,2025-03-03T15:31:00-05:00,0.0,11947.039999999934,,,,,360.0,2025-03-03T15:31:00-05:00,0.0,11947.039999999934,359.0,2025-03-03T15:30:00-05:00,0.75,10447.039999999934,360.0,2025-03-03T15:31:00-05:00,0.0,11947.039999999934,,,,,360.0,2025-03-03T15:31:00-05:00,0.0,11947.039999999934,359.0,2025-03-03T15:30:00-05:00,0.75,10447.039999999934,360.0,2025-03-03T15:31:00-05:00,0.0,11947.039999999934,,,,,360.0,2025-03-03T15:31:00-05:00,0.0,11947.039999999934,360.0,2025-03-03T15:31:00-05:00,0.0,11947.039999999934,,,,,,,,,,,,,2455
2025-03-03,2025-03-06,3,7.0,2025-03-03T09:31:00-05:00,6.7999999999999545,NDXP  250306P21460000,NDXP  250306P21450000,validation,False,False,0,0,1,176,0,1425,available,False,2025-03-03T09:31:00-05:00,2025-03-06T15:59:00-05:00,10.0,-6552.960000000091,1.0,last_observed_quote_not_settlement,1036.0,1252,39,8.399999999999977,-3452.9600000000464,2025-03-03T09:32:00-05:00,0.0,7.75,-2152.96000000009,2025-03-03T09:33:00-05:00,0.0,7.850000000000023,-2352.9600000001356,2025-03-03T09:36:00-05:00,0.0,8.400000000000091,-3452.960000000274,2025-03-03T09:41:00-05:00,0.0,8.300000000000068,-3252.9600000002283,2025-03-03T09:46:00-05:00,0.0,9.0,-4652.960000000092,2025-03-03T10:01:00-05:00,0.0,7.800000000000068,-2252.9600000002265,2025-03-03T10:31:00-05:00,0.0,8.700000000000045,-4052.960000000183,2025-03-03T11:31:00-05:00,0.0,,,2025-03-03T15:58:00-05:00,120.0,,,2025-03-04T15:57:00-05:00,180.0,,,2025-03-05T15:59:00-05:00,60.0,,,2025-03-06T15:59:00-05:00,60.0,164.0,hit,323.0,hit,323.0,hit,323.0,hit,323.0,hit,323.0,hit,323.0,hit,1.0,hit,1.0,hit,1.0,hit,1.0,hit,19.0,hit,19.0,hit,10.0,284,True,True,True,True,,10.0,284,True,True,True,True,,10.0,284,True,True,True,True,,10.0,284,True,True,True,True,,323.0,2025-03-03T14:54:00-05:00,0.4500000000000455,12447.039999999819,,,,,,,,,324.0,2025-03-03T14:55:00-05:00,9.5,-5652.960000000092,323.0,2025-03-03T14:54:00-05:00,0.4500000000000455,12447.039999999819,,,,,,,,,324.0,2025-03-03T14:55:00-05:00,9.5,-5652.960000000092,323.0,2025-03-03T14:54:00-05:00,0.4500000000000455,12447.039999999819,,,,,,,,,324.0,2025-03-03T14:55:00-05:00,9.5,-5652.960000000092,331.0,2025-03-03T15:02:00-05:00,0.29999999999984084,12747.040000000228,,,,,,,,,,,,,2456
2025-03-04,2025-03-06,2,5.0,2025-03-04T09:31:00-05:00,5.0,NDXP  250306P20470000,NDXP  250306P20460000,validation,False,False,0,0,1,37,0,1160,available,False,2025-03-04T09:31:00-05:00,2025-03-06T15:59:00-05:00,10.0,-10152.96,1.0,last_observed_quote_not_settlement,1036.0,719,107,5.5,-1252.9599999999994,2025-03-04T09:32:00-05:00,0.0,5.699999999999989,-1652.9599999999766,2025-03-04T09:33:00-05:00,0.0,5.699999999999989,-1652.9599999999766,2025-03-04T09:36:00-05:00,0.0,3.5,2747.040000000001,2025-03-04T09:41:00-05:00,0.0,5.949999999999989,-2152.9599999999764,2025-03-04T09:46:00-05:00,0.0,6.5,-3252.959999999999,2025-03-04T10:01:00-05:00,0.0,7.400000000000034,-5052.960000000067,2025-03-04T10:31:00-05:00,0.0,6.449999999999989,-3152.9599999999764,2025-03-04T11:31:00-05:00,0.0,6.699999999999989,-3652.9599999999764,2025-03-04T16:00:00-05:00,0.0,2.950000000000003,3847.039999999995,2025-03-05T16:00:00-05:00,0.0,,,2025-03-06T15:59:00-05:00,60.0,,,,,0.0,hit,0.0,hit,7.0,hit,19.0,hit,33.0,hit,1470.0,hit,1470.0,hit,1.0,hit,4.0,hit,17.0,hit,46.0,hit,87.0,hit,114.0,hit,7.149999999999977,13,True,False,False,False,,7.149999999999977,24,True,False,False,False,,9.799999999999955,258,True,True,True,True,,9.799999999999955,258,True,True,True,True,,33.0,2025-03-04T10:04:00-05:00,1.5,6747.040000000001,1726.0,2025-03-05T14:17:00-05:00,2.700000000000017,4347.039999999966,1727.0,2025-03-05T14:18:00-05:00,2.799999999999997,4147.040000000006,34.0,2025-03-04T10:05:00-05:00,6.5,-3252.959999999999,33.0,2025-03-04T10:04:00-05:00,1.5,6747.040000000001,,,,,,,,,34.0,2025-03-04T10:05:00-05:00,6.5,-3252.959999999999,1470.0,2025-03-05T10:01:00-05:00,0.04999999999998295,9647.040000000035,,,,,,,,,1471.0,2025-03-05T10:02:00-05:00,6.100000000000023,-2452.9600000000446,1470.0,2025-03-05T10:01:00-05:00,0.04999999999998295,9647.040000000035,,,,,,,,,1471.0,2025-03-05T10:02:00-05:00,6.100000000000023,-2452.9600000000446,2457
2025-03-04,2025-03-06,2,6.0,2025-03-04T09:31:00-05:00,6.199999999999989,NDXP  250306P20500000,NDXP  250306P20490000,validation,False,False,0,0,0,35,0,1163,available,False,2025-03-04T09:31:00-05:00,2025-03-06T15:59:00-05:00,10.0,-7752.960000000023,1.0,last_observed_quote_not_settlement,1036.0,451,158,5.449999999999989,1247.0400000000006,2025-03-04T09:32:00-05:00,0.0,6.0499999999999545,47.04000000006892,2025-03-04T09:33:00-05:00,0.0,3.4499999999999886,5247.040000000001,2025-03-04T09:36:00-05:00,0.0,5.449999999999989,1247.0400000000006,2025-03-04T09:41:00-05:00,0.0,4.9500000000000455,2247.039999999887,2025-03-04T09:46:00-05:00,0.0,6.449999999999932,-752.9599999998857,2025-03-04T10:01:00-05:00,0.0,7.0,-1852.960000000022,2025-03-04T10:31:00-05:00,0.0,8.899999999999977,-5652.959999999978,2025-03-04T11:31:00-05:00,0.0,5.600000000000023,947.0399999999324,2025-03-04T16:00:00-05:00,0.0,3.249999999999986,5647.040000000006,2025-03-05T16:00:00-05:00,0.0,,,2025-03-06T15:59:00-05:00,60.0,,,,,1.0,hit,4.0,hit,5.0,hit,65.0,hit,65.0,hit,1789.0,hit,,never_hit,3.0,hit,3.0,hit,3.0,hit,40.0,hit,74.0,hit,3036.0,hit,8.400000000000034,22,True,True,False,False,,8.400000000000034,22,True,True,False,False,,9.349999999999966,159,True,True,True,True,,,,True,True,True,False,5.299999999999983,65.0,2025-03-04T10:36:00-05:00,1.9500000000000455,8247.039999999888,1773.0,2025-03-05T15:04:00-05:00,2.9000000000000057,6347.039999999966,1779.0,2025-03-05T15:10:00-05:00,2.9499999999999886,6247.040000000001,66.0,2025-03-04T10:37:00-05:00,6.399999999999977,-652.9599999999766,1476.0,2025-03-05T10:07:00-05:00,1.3500000000000227,9447.039999999934,,,,,,,,,1477.0,2025-03-05T10:08:00-05:00,5.000000000000028,2147.0399999999213,1789.0,2025-03-05T15:20:00-05:00,0.9000000000000057,10347.039999999968,,,,,,,,,1790.0,2025-03-05T15:21:00-05:00,3.450000000000003,5247.039999999973,,,,,,,,,,,,,,,,,2458
2025-03-04,2025-03-06,2,7.0,2025-03-04T09:31:00-05:00,7.0499999999999545,NDXP  250306P20740000,NDXP  250306P20730000,validation,False,False,0,0,0,55,0,1143,available,False,2025-03-04T09:31:00-05:00,2025-03-06T15:59:00-05:00,10.0,-6052.960000000091,1.0,last_observed_quote_not_settlement,1036.0,731,144,7.649999999999977,-1452.9600000000448,2025-03-04T09:32:00-05:00,0.0,7.699999999999932,-1552.9599999999539,2025-03-04T09:33:00-05:00,0.0,8.199999999999932,-2552.9599999999555,2025-03-04T09:36:00-05:00,0.0,7.2999999999999545,-752.9599999999994,2025-03-04T09:41:00-05:00,0.0,7.399999999999977,-952.9600000000448,2025-03-04T09:46:00-05:00,0.0,8.100000000000136,-2352.9600000003647,2025-03-04T10:01:00-05:00,0.0,8.299999999999955,-2752.960000000001,2025-03-04T10:31:00-05:00,0.0,8.649999999999977,-3452.9600000000464,2025-03-04T11:31:00-05:00,0.0,5.7000000000000455,2447.039999999819,2025-03-04T16:00:00-05:00,0.0,8.0,-2152.960000000092,2025-03-05T16:00:00-05:00,0.0,,,2025-03-06T15:59:00-05:00,60.0,,,,,78.0,hit,215.0,hit,215.0,hit,215.0,hit,2939.0,hit,2939.0,hit,,never_hit,1.0,hit,5.0,hit,0.0,hit,5.0,hit,8.0,hit,28.0,hit,9.950000000000045,183,True,True,True,True,,10.0,487,True,True,True,True,,10.0,487,True,True,True,True,,,,True,True,True,False,6.249999999999943,215.0,2025-03-04T13:06:00-05:00,2.8000000000000114,8247.039999999888,,,,,,,,,216.0,2025-03-04T13:07:00-05:00,7.699999999999989,-1552.9600000000676,2939.0,2025-03-06T10:30:00-05:00,0.8000000000000114,12247.039999999888,,,,,,,,,2940.0,2025-03-06T10:31:00-05:00,8.699999999999932,-3552.9599999999555,2939.0,2025-03-06T10:30:00-05:00,0.8000000000000114,12247.039999999888,,,,,,,,,2940.0,2025-03-06T10:31:00-05:00,8.699999999999932,-3552.9599999999555,,,,,,,,,,,,,,,,,2459
2025-03-04,2025-03-07,3,5.0,2025-03-04T09:31:00-05:00,5.0,NDXP  250307P20460000,NDXP  250307P20450000,validation,False,False,0,0,1,62,0,1541,available,False,2025-03-04T09:31:00-05:00,2025-03-07T15:58:00-05:00,9.650000000000006,-9552.960000000012,2.0,last_observed_quote_not_settlement,1036.0,959,200,5.649999999999977,-1552.9599999999539,2025-03-04T09:32:00-05:00,0.0,3.5500000000000114,2647.039999999978,2025-03-04T09:33:00-05:00,0.0,5.649999999999977,-1552.9599999999539,2025-03-04T09:36:00-05:00,0.0,5.199999999999989,-652.9599999999766,2025-03-04T09:41:00-05:00,0.0,5.5,-1252.9599999999994,2025-03-04T09:46:00-05:00,0.0,6.150000000000034,-2552.9600000000673,2025-03-04T10:01:00-05:00,0.0,4.849999999999909,47.04000000018261,2025-03-04T10:31:00-05:00,0.0,6.800000000000068,-3852.9600000001356,2025-03-04T11:31:00-05:00,0.0,6.5,-3252.959999999999,2025-03-04T16:00:00-05:00,0.0,4.0,1747.0400000000006,2025-03-05T16:00:00-05:00,0.0,5.149999999999977,-552.9599999999539,2025-03-06T16:00:00-05:00,0.0,,,2025-03-07T15:58:00-05:00,120.0,0.0,hit,0.0,hit,2.0,hit,14.0,hit,14.0,hit,14.0,hit,,never_hit,1.0,hit,9.0,hit,9.0,hit,62.0,hit,62.0,hit,4372.0,hit,7.050000000000011,10,True,False,False,False,,7.050000000000011,10,True,False,False,False,,7.050000000000011,10,True,False,False,False,,,,True,True,True,False,4.449999999999932,14.0,2025-03-04T09:45:00-05:00,0.9000000000000341,7947.039999999933,106.0,2025-03-04T11:17:00-05:00,2.800000000000068,4147.039999999864,,,,,15.0,2025-03-04T09:46:00-05:00,5.5,-1252.9599999999994,14.0,2025-03-04T09:45:00-05:00,0.9000000000000341,7947.039999999933,,,,,,,,,15.0,2025-03-04T09:46:00-05:00,5.5,-1252.9599999999994,14.0,2025-03-04T09:45:00-05:00,0.9000000000000341,7947.039999999933,,,,,,,,,15.0,2025-03-04T09:46:00-05:00,5.5,-1252.9599999999994,,,,,,,,,,,,,,,,,2460
2025-03-04,2025-03-07,3,6.0,2025-03-04T09:31:00-05:00,5.9500000000000455,NDXP  250307P20400000,NDXP  250307P20390000,validation,False,False,0,0,1,36,0,1567,available,False,2025-03-04T09:31:00-05:00,2025-03-07T15:58:00-05:00,9.949999999999989,-8252.959999999886,2.0,last_observed_quote_not_settlement,1036.0,647,141,4.449999999999989,2747.0400000001146,2025-03-04T09:32:00-05:00,0.0,3.8999999999999773,3847.0400000001373,2025-03-04T09:33:00-05:00,0.0,3.75,4147.040000000092,2025-03-04T09:36:00-05:00,0.0,5.449999999999989,747.0400000001143,2025-03-04T09:41:00-05:00,0.0,5.350000000000023,947.0400000000461,2025-03-04T09:46:00-05:00,0.0,5.949999999999989,-252.9599999998856,2025-03-04T10:01:00-05:00,0.0,5.75,147.04000000009165,2025-03-04T10:31:00-05:00,0.0,7.5,-3352.959999999908,2025-03-04T11:31:00-05:00,0.0,5.199999999999989,1247.0400000001143,2025-03-04T16:00:00-05:00,0.0,2.799999999999997,6047.040000000097,2025-03-05T16:00:00-05:00,0.0,,,2025-03-06T15:59:00-05:00,60.0,,,2025-03-07T15:58:00-05:00,120.0,1.0,hit,1.0,hit,2.0,hit,9.0,hit,46.0,hit,46.0,hit,46.0,hit,7.0,hit,7.0,hit,7.0,hit,20.0,hit,56.0,hit,56.0,hit,7.349999999999966,1,True,False,False,False,,8.300000000000011,10,True,True,False,False,,8.300000000000011,10,True,True,False,False,,8.300000000000011,10,True,True,False,False,,9.0,2025-03-04T09:40:00-05:00,2.6999999999999886,6247.040000000115,79.0,2025-03-04T10:50:00-05:00,0.20000000000004547,11247.04,1777.0,2025-03-05T15:08:00-05:00,2.9000000000000057,5847.04000000008,10.0,2025-03-04T09:41:00-05:00,5.449999999999989,747.0400000001143,46.0,2025-03-04T10:17:00-05:00,0.0,11647.040000000092,,,,,,,,,47.0,2025-03-04T10:18:00-05:00,6.850000000000023,-2052.9599999999537,46.0,2025-03-04T10:17:00-05:00,0.0,11647.040000000092,,,,,,,,,47.0,2025-03-04T10:18:00-05:00,6.850000000000023,-2052.9599999999537,46.0,2025-03-04T10:17:00-05:00,0.0,11647.040000000092,,,,,,,,,47.0,2025-03-04T10:18:00-05:00,6.850000000000023,-2052.9599999999537,2461
2025-03-04,2025-03-07,3,7.0,2025-03-04T09:31:00-05:00,7.0,NDXP  250307P20830000,NDXP  250307P20820000,validation,False,False,0,0,0,127,0,1476,available,False,2025-03-04T09:31:00-05:00,2025-03-07T15:59:00-05:00,10.0,-6152.96,1.0,last_observed_quote_not_settlement,1036.0,1013,147,7.2999999999999545,-852.9599999999084,2025-03-04T09:32:00-05:00,0.0,7.7000000000000455,-1652.9600000000903,2025-03-04T09:33:00-05:00,0.0,7.5,-1252.9599999999994,2025-03-04T09:36:00-05:00,0.0,7.2000000000000455,-652.9600000000903,2025-03-04T09:41:00-05:00,0.0,7.399999999999864,-1052.9599999997265,2025-03-04T09:46:00-05:00,0.0,6.849999999999909,47.04000000018261,2025-03-04T10:01:00-05:00,0.0,8.350000000000023,-2952.9600000000464,2025-03-04T10:31:00-05:00,0.0,8.350000000000136,-2952.960000000274,2025-03-04T11:31:00-05:00,0.0,6.399999999999977,947.0400000000461,2025-03-04T16:00:00-05:00,0.0,7.099999999999966,-452.9599999999311,2025-03-05T16:00:00-05:00,0.0,9.999999999999886,-6152.96,2025-03-06T16:00:00-05:00,0.0,,,2025-03-07T15:59:00-05:00,60.0,19.0,hit,19.0,hit,239.0,hit,239.0,hit,281.0,hit,,never_hit,,never_hit,2.0,hit,37.0,hit,0.0,hit,37.0,hit,65.0,hit,65.0,hit,9.899999999999977,220,True,True,True,True,,9.899999999999977,234,True,True,True,True,,,,True,True,True,False,5.100000000000023,,,True,True,True,False,5.100000000000023,239.0,2025-03-04T13:30:00-05:00,2.4500000000000455,8847.03999999991,,,,,,,,,240.0,2025-03-04T13:31:00-05:00,7.2999999999999545,-852.9599999999084,281.0,2025-03-04T14:12:00-05:00,1.8999999999999773,9947.040000000046,,,,,,,,,282.0,2025-03-04T14:13:00-05:00,6.400000000000034,947.0399999999324,,,,,,,,,,,,,,,,,,,,,,,,,,,,,,,,,2462
2025-03-05,2025-03-07,2,5.0,2025-03-05T09:31:00-05:00,5.0,NDXP  250307P20430000,NDXP  250307P20420000,validation,False,False,0,0,0,50,0,1149,available,False,2025-03-05T09:31:00-05:00,2025-03-07T15:59:00-05:00,9.75,-9752.960000000001,1.0,last_observed_quote_not_settlement,1036.0,775,100,4.5,747.0400000000006,2025-03-05T09:32:00-05:00,0.0,5.5,-1252.9599999999994,2025-03-05T09:33:00-05:00,0.0,5.7999999999999545,-1852.9599999999084,2025-03-05T09:36:00-05:00,0.0,5.599999999999966,-1452.9599999999311,2025-03-05T09:41:00-05:00,0.0,4.849999999999966,47.04000000006892,2025-03-05T09:46:00-05:00,0.0,6.2000000000000455,-2652.96000000009,2025-03-05T10:01:00-05:00,0.0,5.599999999999966,-1452.9599999999311,2025-03-05T10:31:00-05:00,0.0,5.0,-252.9599999999993,2025-03-05T11:31:00-05:00,0.0,,,2025-03-05T15:59:00-05:00,60.0,7.199999999999989,-4652.959999999976,2025-03-06T16:00:00-05:00,0.0,,,2025-03-07T15:59:00-05:00,60.0,,,,,0.0,hit,0.0,hit,11.0,hit,64.0,hit,64.0,hit,217.0,hit,,never_hit,2.0,hit,9.0,hit,9.0,hit,9.0,hit,9.0,hit,9.0,hit,9.900000000000091,36,True,True,True,True,,9.900000000000091,36,True,True,True,True,,9.900000000000091,128,True,True,True,True,,,,True,True,True,False,4.349999999999994,64.0,2025-03-05T10:35:00-05:00,1.7000000000000455,6347.03999999991,332.0,2025-03-05T15:03:00-05:00,2.9000000000000057,3947.0399999999895,,,,,65.0,2025-03-05T10:36:00-05:00,4.849999999999966,47.04000000006892,64.0,2025-03-05T10:35:00-05:00,1.7000000000000455,6347.03999999991,,,,,,,,,65.0,2025-03-05T10:36:00-05:00,4.849999999999966,47.04000000006892,217.0,2025-03-05T13:08:00-05:00,0.6500000000000057,8447.03999999999,,,,,,,,,218.0,2025-03-05T13:09:00-05:00,4.699999999999989,347.04000000002344,,,,,,,,,,,,,,,,,2463
2025-03-05,2025-03-07,2,6.0,2025-03-05T09:31:00-05:00,6.0,NDXP  250307P20540000,NDXP  250307P20530000,validation,False,False,0,0,0,52,0,1147,available,False,2025-03-05T09:31:00-05:00,2025-03-07T15:59:00-05:00,10.0,-8152.96,1.0,last_observed_quote_not_settlement,1036.0,714,97,5.4500000000000455,847.0399999999097,2025-03-05T09:32:00-05:00,0.0,5.050000000000011,1647.039999999978,2025-03-05T09:33:00-05:00,0.0,6.050000000000068,-352.9600000001357,2025-03-05T09:36:00-05:00,0.0,5.5,747.0400000000006,2025-03-05T09:41:00-05:00,0.0,5.399999999999977,947.0400000000461,2025-03-05T09:46:00-05:00,0.0,6.800000000000011,-1852.960000000022,2025-03-05T10:01:00-05:00,0.0,6.899999999999977,-2052.9599999999537,2025-03-05T10:31:00-05:00,0.0,5.9500000000000455,-152.96000000009025,2025-03-05T11:31:00-05:00,0.0,3.6000000000000227,4547.039999999955,2025-03-05T16:00:00-05:00,0.0,,,2025-03-06T15:59:00-05:00,60.0,,,2025-03-07T15:59:00-05:00,60.0,,,,,1.0,hit,12.0,hit,70.0,hit,70.0,hit,1508.0,hit,2927.0,hit,,never_hit,6.0,hit,14.0,hit,14.0,hit,103.0,hit,1656.0,hit,2885.0,hit,7.199999999999989,29,True,False,False,False,,8.699999999999989,142,True,True,False,False,,9.899999999999977,450,True,True,True,True,,,,True,True,True,False,5.4500000000000455,70.0,2025-03-05T10:41:00-05:00,2.8999999999999773,5947.040000000046,,,,,,,,,71.0,2025-03-05T10:42:00-05:00,5.600000000000023,547.0399999999552,1508.0,2025-03-06T10:39:00-05:00,1.8000000000000114,8147.039999999978,,,,,,,,,1509.0,2025-03-06T10:40:00-05:00,5.150000000000006,1447.0399999999893,2927.0,2025-03-07T10:18:00-05:00,0.5499999999999545,10647.040000000092,,,,,,,,,,,,,,,,,,,,,,,,,,,,,2464
2025-03-05,2025-03-07,2,7.0,2025-03-05T09:31:00-05:00,7.0,NDXP  250307P20710000,NDXP  250307P20700000,validation,False,False,0,0,0,109,0,1090,available,False,2025-03-05T09:31:00-05:00,2025-03-07T15:59:00-05:00,9.599999999999966,-5452.959999999933,1.0,last_observed_quote_not_settlement,1036.0,592,116,6.300000000000011,1147.039999999978,2025-03-05T09:32:00-05:00,0.0,5.850000000000023,2047.0399999999554,2025-03-05T09:33:00-05:00,0.0,,,2025-03-05T09:35:00-05:00,60.0,6.100000000000023,1547.0399999999552,2025-03-05T09:41:00-05:00,0.0,7.149999999999977,-552.9599999999539,2025-03-05T09:46:00-05:00,0.0,7.150000000000034,-552.9600000000676,2025-03-05T10:01:00-05:00,0.0,,,2025-03-05T10:29:00-05:00,120.0,7.399999999999977,-1052.9599999999539,2025-03-05T11:31:00-05:00,0.0,5.800000000000011,2147.039999999978,2025-03-05T16:00:00-05:00,0.0,,,2025-03-06T15:59:00-05:00,60.0,,,2025-03-07T15:59:00-05:00,60.0,,,,,3.0,hit,3.0,hit,3.0,hit,3.0,hit,3.0,hit,3.0,hit,50.0,hit,68.0,hit,68.0,hit,0.0,hit,68.0,hit,114.0,hit,114.0,hit,7.0,0,True,False,False,False,,7.0,0,True,False,False,False,,7.0,0,True,False,False,False,,7.300000000000011,4,True,False,False,False,,3.0,2025-03-05T09:34:00-05:00,0.9499999999999886,11847.040000000025,25.0,2025-03-05T09:56:00-05:00,1.2999999999999545,11147.040000000092,100.0,2025-03-05T11:11:00-05:00,2.7999999999999545,8147.040000000091,4.0,2025-03-05T09:35:00-05:00,6.399999999999977,947.0400000000461,3.0,2025-03-05T09:34:00-05:00,0.9499999999999886,11847.040000000025,25.0,2025-03-05T09:56:00-05:00,1.2999999999999545,11147.040000000092,,,,,4.0,2025-03-05T09:35:00-05:00,6.399999999999977,947.0400000000461,3.0,2025-03-05T09:34:00-05:00,0.9499999999999886,11847.040000000025,,,,,,,,,4.0,2025-03-05T09:35:00-05:00,6.399999999999977,947.0400000000461,50.0,2025-03-05T10:21:00-05:00,0.44999999999998863,12847.040000000025,,,,,,,,,51.0,2025-03-05T10:22:00-05:00,1.3000000000000114,11147.039999999979,2465
2025-03-07,2025-03-10,3,5.0,2025-03-07T09:31:00-05:00,4.900000000000091,NDXP  250310P20660000,NDXP  250310P20650000,validation,False,False,0,0,0,108,0,686,available,False,2025-03-07T09:31:00-05:00,2025-03-10T15:59:00-04:00,10.0,-10352.959999999817,1.0,last_observed_quote_not_settlement,3916.0,599,15,9.449999999999932,-9352.959999999683,2025-03-07T09:32:00-05:00,0.0,9.299999999999955,-9052.959999999728,2025-03-07T09:33:00-05:00,0.0,7.850000000000136,-6152.96000000009,2025-03-07T09:36:00-05:00,0.0,,,2025-03-07T09:40:00-05:00,60.0,9.0,-8452.959999999819,2025-03-07T09:46:00-05:00,0.0,8.25,-6952.959999999819,2025-03-07T10:01:00-05:00,0.0,,,2025-03-07T10:30:00-05:00,60.0,,,2025-03-07T11:30:00-05:00,60.0,,,2025-03-07T15:59:00-05:00,60.0,,,2025-03-07T16:15:00-05:00,85500.0,,,2025-03-07T16:15:00-05:00,171900.0,,,2025-03-10T15:59:00-04:00,60.0,0.0,hit,0.0,hit,6.0,hit,6.0,hit,,never_hit,,never_hit,,never_hit,1.0,hit,1.0,hit,1.0,hit,1.0,hit,1.0,hit,3.0,hit,9.5,5,True,True,True,True,,,,True,True,True,False,2.550000000000182,,,True,True,True,False,2.550000000000182,,,True,True,True,False,2.550000000000182,6.0,2025-03-07T09:37:00-05:00,2.349999999999909,4847.040000000365,,,,,,,,,7.0,2025-03-07T09:38:00-05:00,8.950000000000045,-8352.95999999991,,,,,,,,,,,,,,,,,,,,,,,,,,,,,,,,,,,,,,,,,,,,,,,,,2466
2025-03-07,2025-03-10,3,6.0,2025-03-07T09:31:00-05:00,6.0,NDXP  250310P20130000,NDXP  250310P20120000,validation,False,False,0,0,0,112,0,682,available,False,2025-03-07T09:31:00-05:00,2025-03-10T15:59:00-04:00,10.0,-8152.96,1.0,last_observed_quote_not_settlement,3916.0,326,54,5.2000000000000455,1347.0399999999097,2025-03-07T09:32:00-05:00,0.0,6.0,-252.9599999999993,2025-03-07T09:33:00-05:00,0.0,4.899999999999977,1947.0400000000461,2025-03-07T09:36:00-05:00,0.0,0.8500000000000227,10047.039999999955,2025-03-07T09:41:00-05:00,0.0,4.5,2747.040000000001,2025-03-07T09:46:00-05:00,0.0,5.300000000000011,1147.039999999978,2025-03-07T10:01:00-05:00,0.0,9.449999999999989,-7152.959999999978,2025-03-07T10:31:00-05:00,0.0,,,2025-03-07T11:30:00-05:00,60.0,4.049999999999997,3647.0400000000063,2025-03-07T16:00:00-05:00,0.0,,,2025-03-07T16:15:00-05:00,85500.0,,,2025-03-07T16:15:00-05:00,171900.0,,,2025-03-10T15:59:00-04:00,60.0,1.0,hit,5.0,hit,10.0,hit,10.0,hit,10.0,hit,10.0,hit,,never_hit,60.0,hit,60.0,hit,60.0,hit,60.0,hit,60.0,hit,169.0,hit,6.0,0,False,False,False,False,,6.0,0,False,False,False,False,,6.0,0,False,False,False,False,,,,True,True,True,False,5.1499999999999915,10.0,2025-03-07T09:41:00-05:00,0.8500000000000227,10047.039999999955,,,,,,,,,11.0,2025-03-07T09:42:00-05:00,4.75,2247.040000000001,10.0,2025-03-07T09:41:00-05:00,0.8500000000000227,10047.039999999955,,,,,,,,,11.0,2025-03-07T09:42:00-05:00,4.75,2247.040000000001,10.0,2025-03-07T09:41:00-05:00,0.8500000000000227,10047.039999999955,,,,,,,,,11.0,2025-03-07T09:42:00-05:00,4.75,2247.040000000001,,,,,,,,,,,,,,,,,2467
2025-03-07,2025-03-10,3,7.0,2025-03-07T09:31:00-05:00,7.0,NDXP  250310P20350000,NDXP  250310P20340000,validation,False,False,0,0,0,106,0,688,available,False,2025-03-07T09:31:00-05:00,2025-03-10T15:59:00-04:00,10.0,-6152.96,1.0,last_observed_quote_not_settlement,3916.0,409,66,6.300000000000011,1147.039999999978,2025-03-07T09:32:00-05:00,0.0,7.050000000000011,-352.96000000002203,2025-03-07T09:33:00-05:00,0.0,6.949999999999989,-152.95999999997656,2025-03-07T09:36:00-05:00,0.0,6.300000000000011,1147.039999999978,2025-03-07T09:41:00-05:00,0.0,5.5,2747.040000000001,2025-03-07T09:46:00-05:00,0.0,6.800000000000068,147.03999999986428,2025-03-07T10:01:00-05:00,0.0,7.7000000000000455,-1652.9600000000903,2025-03-07T10:31:00-05:00,0.0,3.75,6247.040000000001,2025-03-07T11:31:00-05:00,0.0,5.800000000000011,2147.039999999978,2025-03-07T16:00:00-05:00,0.0,,,2025-03-07T16:15:00-05:00,85500.0,,,2025-03-07T16:15:00-05:00,171900.0,,,2025-03-10T15:59:00-04:00,60.0,15.0,hit,120.0,hit,120.0,hit,,never_hit,,never_hit,,never_hit,,never_hit,11.0,hit,50.0,hit,0.0,hit,50.0,hit,91.0,hit,96.0,hit,,,True,True,True,False,3.25,,,True,True,True,False,3.25,,,True,True,True,False,3.25,,,True,True,True,False,3.25,,,,,,,,,,,,,,,,,,,,,,,,,,,,,,,,,,,,,,,,,,,,,,,,,,,,,,,,,,,,,,,,,2468
2025-03-10,2025-03-12,2,5.0,2025-03-10T09:31:00-04:00,4.900000000000034,NDXP  250312P20110000,NDXP  250312P20100000,validation,False,False,0,0,0,80,0,1119,available,False,2025-03-10T09:31:00-04:00,2025-03-12T16:00:00-04:00,10.0,-10352.95999999993,0.0,last_observed_quote_not_settlement,1036.0,1025,19,5.300000000000011,-1052.9599999999539,2025-03-10T09:32:00-04:00,0.0,6.649999999999977,-3752.9599999998854,2025-03-10T09:33:00-04:00,0.0,6.650000000000034,-3752.959999999999,2025-03-10T09:36:00-04:00,0.0,7.0,-4452.959999999931,2025-03-10T09:41:00-04:00,0.0,6.5,-3452.959999999931,2025-03-10T09:46:00-04:00,0.0,6.75,-3952.959999999931,2025-03-10T10:01:00-04:00,0.0,8.149999999999864,-6752.95999999966,2025-03-10T10:31:00-04:00,0.0,7.650000000000091,-5752.960000000113,2025-03-10T11:31:00-04:00,0.0,7.5499999999999545,-5552.95999999984,2025-03-10T16:00:00-04:00,0.0,9.350000000000136,-9152.960000000205,2025-03-11T16:00:00-04:00,0.0,10.0,-10352.95999999993,2025-03-12T16:00:00-04:00,0.0,,,,,0.0,hit,0.0,hit,71.0,hit,71.0,hit,72.0,hit,,never_hit,,never_hit,2.0,hit,2.0,hit,6.0,hit,6.0,hit,6.0,hit,6.0,hit,9.600000000000023,63,True,True,True,True,,9.600000000000023,63,True,True,True,True,,,,True,True,True,False,3.6999999999999886,,,True,True,True,False,3.6999999999999886,71.0,2025-03-10T10:42:00-04:00,2.6499999999999773,4247.040000000115,72.0,2025-03-10T10:43:00-04:00,1.2000000000000455,7147.039999999978,,,,,72.0,2025-03-10T10:43:00-04:00,1.2000000000000455,7147.039999999978,72.0,2025-03-10T10:43:00-04:00,1.2000000000000455,7147.039999999978,,,,,,,,,73.0,2025-03-10T10:44:00-04:00,7.699999999999932,-5852.9599999997945,,,,,,,,,,,,,,,,,,,,,,,,,,,,,,,,,2469
2025-03-10,2025-03-12,2,6.0,2025-03-10T09:31:00-04:00,5.900000000000034,NDXP  250312P20080000,NDXP  250312P20070000,validation,False,False,0,0,0,97,0,1102,available,False,2025-03-10T09:31:00-04:00,2025-03-12T16:00:00-04:00,10.0,-8352.95999999993,0.0,last_observed_quote_not_settlement,1036.0,995,34,5.899999999999977,-252.9599999998856,2025-03-10T09:32:00-04:00,0.0,6.25,-952.9599999999311,2025-03-10T09:33:00-04:00,0.0,5.5499999999999545,447.04000000015986,2025-03-10T09:36:00-04:00,0.0,5.850000000000023,-152.95999999997656,2025-03-10T09:41:00-04:00,0.0,5.949999999999989,-352.95999999990835,2025-03-10T09:46:00-04:00,0.0,6.599999999999966,-1652.959999999863,2025-03-10T10:01:00-04:00,0.0,7.599999999999909,-3652.959999999749,2025-03-10T10:31:00-04:00,0.0,7.7999999999999545,-4052.95999999984,2025-03-10T11:31:00-04:00,0.0,,,2025-03-10T15:59:00-04:00,60.0,9.650000000000091,-7752.960000000115,2025-03-11T16:00:00-04:00,0.0,10.0,-8352.95999999993,2025-03-12T16:00:00-04:00,0.0,,,,,4.0,hit,4.0,hit,4.0,hit,4.0,hit,1787.0,hit,,never_hit,,never_hit,17.0,hit,17.0,hit,22.0,hit,45.0,hit,45.0,hit,184.0,hit,6.399999999999977,2,False,False,False,False,,10.0,679,True,True,True,True,,,,True,True,True,False,4.7500000000001705,,,True,True,True,False,4.7500000000001705,4.0,2025-03-10T09:35:00-04:00,2.749999999999943,6047.040000000183,,,,,,,,,5.0,2025-03-10T09:36:00-04:00,5.5499999999999545,447.04000000015986,1787.0,2025-03-11T15:18:00-04:00,1.1499999999998636,9247.040000000343,,,,,,,,,1788.0,2025-03-11T15:19:00-04:00,8.849999999999909,-6152.959999999751,,,,,,,,,,,,,,,,,,,,,,,,,,,,,,,,,2470
2025-03-10,2025-03-12,2,7.0,2025-03-10T09:31:00-04:00,7.050000000000011,NDXP  250312P20270000,NDXP  250312P20260000,validation,False,False,0,0,0,120,0,1079,available,False,2025-03-10T09:31:00-04:00,2025-03-12T16:00:00-04:00,10.0,-6052.959999999977,0.0,last_observed_quote_not_settlement,1037.0,940,55,6.5,847.0400000000234,2025-03-10T09:32:00-04:00,0.0,7.2999999999999545,-752.9599999998857,2025-03-10T09:33:00-04:00,0.0,7.099999999999909,-352.95999999979466,2025-03-10T09:36:00-04:00,0.0,,,2025-03-10T09:40:00-04:00,60.0,7.300000000000068,-752.960000000113,2025-03-10T09:46:00-04:00,0.0,7.599999999999909,-1352.9599999997947,2025-03-10T10:01:00-04:00,0.0,8.150000000000091,-2452.96000000016,2025-03-10T10:31:00-04:00,0.0,8.850000000000023,-3852.9600000000237,2025-03-10T11:31:00-04:00,0.0,,,2025-03-10T15:57:00-04:00,180.0,2.849999999999909,8147.0400000002055,2025-03-11T16:00:00-04:00,0.0,10.0,-6052.959999999977,2025-03-12T16:00:00-04:00,0.0,,,,,8.0,hit,8.0,hit,264.0,hit,264.0,hit,281.0,hit,281.0,hit,281.0,hit,3.0,hit,25.0,hit,0.0,hit,25.0,hit,35.0,hit,35.0,hit,10.0,212,True,True,True,True,,10.0,226,True,True,True,True,,10.0,226,True,True,True,True,,10.0,226,True,True,True,True,,264.0,2025-03-10T13:55:00-04:00,2.3500000000000227,9147.039999999979,375.0,2025-03-10T15:46:00-04:00,2.5,8847.040000000025,,,,,265.0,2025-03-10T13:56:00-04:00,7.850000000000023,-1852.960000000022,281.0,2025-03-10T14:12:00-04:00,0.0,13847.040000000025,,,,,,,,,282.0,2025-03-10T14:13:00-04:00,8.600000000000023,-3352.9600000000237,281.0,2025-03-10T14:12:00-04:00,0.0,13847.040000000025,,,,,,,,,282.0,2025-03-10T14:13:00-04:00,8.600000000000023,-3352.9600000000237,281.0,2025-03-10T14:12:00-04:00,0.0,13847.040000000025,,,,,,,,,282.0,2025-03-10T14:13:00-04:00,8.600000000000023,-3352.9600000000237,2471
2025-03-10,2025-03-13,3,5.0,2025-03-10T09:31:00-04:00,5.0,NDXP  250313P19960000,NDXP  250313P19950000,validation,False,False,0,0,0,97,0,1507,available,False,2025-03-10T09:31:00-04:00,2025-03-13T16:00:00-04:00,10.0,-10152.96,0.0,last_observed_quote_not_settlement,1036.0,1389,80,4.449999999999989,847.0400000000234,2025-03-10T09:32:00-04:00,0.0,4.399999999999977,947.0400000000461,2025-03-10T09:33:00-04:00,0.0,4.600000000000023,547.0399999999552,2025-03-10T09:36:00-04:00,0.0,5.699999999999989,-1652.9599999999766,2025-03-10T09:41:00-04:00,0.0,5.5,-1252.9599999999994,2025-03-10T09:46:00-04:00,0.0,5.300000000000068,-852.9600000001358,2025-03-10T10:01:00-04:00,0.0,6.100000000000023,-2452.9600000000446,2025-03-10T10:31:00-04:00,0.0,7.149999999999977,-4552.959999999954,2025-03-10T11:31:00-04:00,0.0,6.349999999999909,-2952.9599999998172,2025-03-10T16:00:00-04:00,0.0,7.2999999999999545,-4852.959999999908,2025-03-11T16:00:00-04:00,0.0,,,2025-03-12T15:59:00-04:00,60.0,10.0,-10152.96,2025-03-13T16:00:00-04:00,0.0,0.0,hit,0.0,hit,48.0,hit,61.0,hit,68.0,hit,68.0,hit,68.0,hit,3.0,hit,21.0,hit,21.0,hit,21.0,hit,21.0,hit,80.0,hit,9.0,46,True,True,True,True,,9.0,50,True,True,True,True,,9.0,50,True,True,True,True,,9.0,50,True,True,True,True,,61.0,2025-03-10T10:32:00-04:00,2.849999999999966,4047.040000000069,68.0,2025-03-10T10:39:00-04:00,0.3000000000000682,9147.039999999864,,,,,62.0,2025-03-10T10:33:00-04:00,5.600000000000023,-1452.9600000000448,68.0,2025-03-10T10:39:00-04:00,0.3000000000000682,9147.039999999864,265.0,2025-03-10T13:56:00-04:00,0.5499999999999545,8647.040000000092,,,,,69.0,2025-03-10T10:40:00-04:00,6.800000000000011,-3852.960000000022,68.0,2025-03-10T10:39:00-04:00,0.3000000000000682,9147.039999999864,,,,,,,,,69.0,2025-03-10T10:40:00-04:00,6.800000000000011,-3852.960000000022,68.0,2025-03-10T10:39:00-04:00,0.3000000000000682,9147.039999999864,,,,,,,,,69.0,2025-03-10T10:40:00-04:00,6.800000000000011,-3852.960000000022,2472
2025-03-10,2025-03-13,3,6.0,2025-03-10T09:31:00-04:00,6.0,NDXP  250313P19980000,NDXP  250313P19970000,validation,False,False,0,0,0,72,0,1532,available,False,2025-03-10T09:31:00-04:00,2025-03-13T16:00:00-04:00,10.0,-8152.96,0.0,last_observed_quote_not_settlement,1036.0,1383,87,5.300000000000011,1147.039999999978,2025-03-10T09:32:00-04:00,0.0,6.300000000000011,-852.9600000000221,2025-03-10T09:33:00-04:00,0.0,5.399999999999977,947.0400000000461,2025-03-10T09:36:00-04:00,0.0,4.400000000000034,2947.0399999999327,2025-03-10T09:41:00-04:00,0.0,5.600000000000023,547.0399999999552,2025-03-10T09:46:00-04:00,0.0,5.800000000000011,147.03999999997797,2025-03-10T10:01:00-04:00,0.0,6.399999999999977,-1052.9599999999539,2025-03-10T10:31:00-04:00,0.0,6.399999999999977,-1052.9599999999539,2025-03-10T11:31:00-04:00,0.0,8.749999999999886,-5752.959999999774,2025-03-10T16:00:00-04:00,0.0,,,2025-03-11T15:59:00-04:00,60.0,7.850000000000023,-3952.9600000000446,2025-03-12T16:00:00-04:00,0.0,10.0,-8152.96,2025-03-13T16:00:00-04:00,0.0,1.0,hit,4.0,hit,109.0,hit,109.0,hit,296.0,hit,,never_hit,,never_hit,29.0,hit,45.0,hit,45.0,hit,45.0,hit,67.0,hit,67.0,hit,9.900000000000034,66,True,True,True,True,,10.0,227,True,True,True,True,,,,True,True,True,False,4.600000000000023,,,True,True,True,False,4.600000000000023,138.0,2025-03-10T11:49:00-04:00,2.6000000000000227,6547.039999999955,296.0,2025-03-10T14:27:00-04:00,2.0,7747.040000000001,,,,,139.0,2025-03-10T11:50:00-04:00,6.0,-252.9599999999993,308.0,2025-03-10T14:39:00-04:00,1.3999999999999773,8947.040000000046,,,,,,,,,309.0,2025-03-10T14:40:00-04:00,9.100000000000023,-6452.960000000046,,,,,,,,,,,,,,,,,,,,,,,,,,,,,,,,,2473
2025-03-10,2025-03-13,3,7.0,2025-03-10T09:31:00-04:00,7.0,NDXP  250313P20330000,NDXP  250313P20320000,validation,False,False,0,0,0,181,0,1423,available,False,2025-03-10T09:31:00-04:00,2025-03-13T16:00:00-04:00,3.7999999999999545,6147.040000000092,0.0,last_observed_quote_not_settlement,1037.0,1223,95,6.900000000000091,-52.96000000018119,2025-03-10T09:32:00-04:00,0.0,7.25,-752.9599999999994,2025-03-10T09:33:00-04:00,0.0,6.399999999999864,947.0400000002735,2025-03-10T09:36:00-04:00,0.0,7.2999999999999545,-852.9599999999084,2025-03-10T09:41:00-04:00,0.0,7.25,-752.9599999999994,2025-03-10T09:46:00-04:00,0.0,8.950000000000045,-4152.960000000092,2025-03-10T10:01:00-04:00,0.0,8.25,-2752.960000000001,2025-03-10T10:31:00-04:00,0.0,8.300000000000068,-2852.9600000001374,2025-03-10T11:31:00-04:00,0.0,,,2025-03-10T15:59:00-04:00,60.0,9.699999999999932,-5652.9599999998645,2025-03-11T16:00:00-04:00,0.0,9.900000000000091,-6052.960000000183,2025-03-12T16:00:00-04:00,0.0,3.7999999999999545,6147.040000000092,2025-03-13T16:00:00-04:00,0.0,24.0,hit,24.0,hit,24.0,hit,28.0,hit,28.0,hit,1794.0,hit,1794.0,hit,3.0,hit,3.0,hit,0.0,hit,3.0,hit,31.0,hit,31.0,hit,8.300000000000068,20,True,True,False,False,,8.300000000000068,20,True,True,False,False,,10.0,536,True,True,True,True,,10.0,536,True,True,True,True,,28.0,2025-03-10T09:59:00-04:00,1.7000000000000455,10347.03999999991,29.0,2025-03-10T10:00:00-04:00,2.5499999999999545,8647.040000000092,,,,,29.0,2025-03-10T10:00:00-04:00,2.5499999999999545,8647.040000000092,28.0,2025-03-10T09:59:00-04:00,1.7000000000000455,10347.03999999991,,,,,,,,,29.0,2025-03-10T10:00:00-04:00,2.5499999999999545,8647.040000000092,1794.0,2025-03-11T15:25:00-04:00,0.0,13747.04,,,,,,,,,1795.0,2025-03-11T15:26:00-04:00,8.699999999999932,-3652.9599999998645,1794.0,2025-03-11T15:25:00-04:00,0.0,13747.04,,,,,,,,,1795.0,2025-03-11T15:26:00-04:00,8.699999999999932,-3652.9599999998645,2474
2025-03-11,2025-03-13,2,5.0,2025-03-11T09:31:00-04:00,5.0,NDXP  250313P19530000,NDXP  250313P19520000,validation,False,False,0,0,0,33,0,1166,available,False,2025-03-11T09:31:00-04:00,2025-03-13T16:00:00-04:00,10.0,-10152.96,0.0,last_observed_quote_not_settlement,1036.0,633,99,5.550000000000011,-1352.960000000022,2025-03-11T09:32:00-04:00,0.0,5.5,-1252.9599999999994,2025-03-11T09:33:00-04:00,0.0,5.400000000000091,-1052.9600000001813,2025-03-11T09:36:00-04:00,0.0,4.949999999999989,-152.95999999997656,2025-03-11T09:41:00-04:00,0.0,4.699999999999932,347.0400000001371,2025-03-11T09:46:00-04:00,0.0,4.800000000000011,147.03999999997797,2025-03-11T10:01:00-04:00,0.0,6.350000000000023,-2952.9600000000446,2025-03-11T10:31:00-04:00,0.0,5.599999999999966,-1452.9599999999311,2025-03-11T11:31:00-04:00,0.0,5.899999999999977,-2052.9599999999537,2025-03-11T16:00:00-04:00,0.0,5.400000000000006,-1052.9600000000107,2025-03-12T16:00:00-04:00,0.0,10.0,-10152.96,2025-03-13T16:00:00-04:00,0.0,,,,,0.0,hit,0.0,hit,27.0,hit,45.0,hit,45.0,hit,1599.0,hit,,never_hit,1.0,hit,23.0,hit,75.0,hit,248.0,hit,3005.0,hit,3077.0,hit,6.699999999999989,21,False,False,False,False,,6.699999999999989,21,False,False,False,False,,8.849999999999966,306,True,True,False,False,,,,True,True,True,False,4.3999999999999915,45.0,2025-03-11T10:16:00-04:00,1.5,6747.040000000001,,,,,,,,,46.0,2025-03-11T10:17:00-04:00,5.399999999999977,-1052.9599999999539,45.0,2025-03-11T10:16:00-04:00,1.5,6747.040000000001,,,,,,,,,46.0,2025-03-11T10:17:00-04:00,5.399999999999977,-1052.9599999999539,1599.0,2025-03-12T12:10:00-04:00,0.6000000000000085,8547.039999999985,,,,,,,,,1600.0,2025-03-12T12:11:00-04:00,3.6500000000000057,2447.0399999999895,,,,,,,,,,,,,,,,,2475
2025-03-11,2025-03-13,2,6.0,2025-03-11T09:31:00-04:00,6.0,NDXP  250313P19520000,NDXP  250313P19510000,validation,False,False,0,0,0,20,0,1179,available,False,2025-03-11T09:31:00-04:00,2025-03-13T16:00:00-04:00,9.199999999999989,-6652.959999999978,0.0,last_observed_quote_not_settlement,1036.0,407,77,5.599999999999966,547.0400000000689,2025-03-11T09:32:00-04:00,0.0,5.600000000000023,547.0399999999552,2025-03-11T09:33:00-04:00,0.0,5.399999999999977,947.0400000000461,2025-03-11T09:36:00-04:00,0.0,4.850000000000023,2047.0399999999554,2025-03-11T09:41:00-04:00,0.0,5.2000000000000455,1347.0399999999097,2025-03-11T09:46:00-04:00,0.0,4.5,2747.040000000001,2025-03-11T10:01:00-04:00,0.0,4.899999999999977,1947.0400000000461,2025-03-11T10:31:00-04:00,0.0,6.0,-252.9599999999993,2025-03-11T11:31:00-04:00,0.0,6.100000000000023,-452.9600000000448,2025-03-11T16:00:00-04:00,0.0,2.299999999999997,7147.040000000006,2025-03-12T16:00:00-04:00,0.0,9.199999999999989,-6652.959999999978,2025-03-13T16:00:00-04:00,0.0,,,,,3.0,hit,7.0,hit,135.0,hit,135.0,hit,288.0,hit,288.0,hit,288.0,hit,35.0,hit,45.0,hit,45.0,hit,45.0,hit,45.0,hit,3076.0,hit,9.100000000000023,23,True,True,True,True,,9.100000000000023,88,True,True,True,True,,9.100000000000023,88,True,True,True,True,,9.100000000000023,88,True,True,True,True,,135.0,2025-03-11T11:46:00-04:00,2.949999999999932,5847.040000000137,,,,,,,,,136.0,2025-03-11T11:47:00-04:00,4.750000000000057,2247.039999999887,288.0,2025-03-11T14:19:00-04:00,0.5,10747.04,,,,,,,,,289.0,2025-03-11T14:20:00-04:00,5.399999999999977,947.0400000000461,288.0,2025-03-11T14:19:00-04:00,0.5,10747.04,,,,,,,,,289.0,2025-03-11T14:20:00-04:00,5.399999999999977,947.0400000000461,,,,,,,,,,,,,,,,,2476
2025-03-11,2025-03-13,2,7.0,2025-03-11T09:31:00-04:00,7.0,NDXP  250313P19830000,NDXP  250313P19820000,validation,False,False,0,0,0,78,0,1121,available,False,2025-03-11T09:31:00-04:00,2025-03-13T16:00:00-04:00,10.0,-6152.96,0.0,last_observed_quote_not_settlement,1036.0,632,171,6.999999999999886,-252.95999999977192,2025-03-11T09:32:00-04:00,0.0,7.499999999999886,-1252.959999999772,2025-03-11T09:33:00-04:00,0.0,6.649999999999977,447.0400000000462,2025-03-11T09:36:00-04:00,0.0,6.5,747.0400000000006,2025-03-11T09:41:00-04:00,0.0,6.600000000000023,547.0399999999552,2025-03-11T09:46:00-04:00,0.0,6.400000000000034,947.0399999999324,2025-03-11T10:01:00-04:00,0.0,7.900000000000091,-2052.960000000181,2025-03-11T10:31:00-04:00,0.0,6.699999999999932,347.0400000001371,2025-03-11T11:31:00-04:00,0.0,7.7999999999999545,-1852.9599999999084,2025-03-11T16:00:00-04:00,0.0,7.400000000000034,-1052.9600000000676,2025-03-12T16:00:00-04:00,0.0,10.0,-6152.96,2025-03-13T16:00:00-04:00,0.0,,,,,23.0,hit,23.0,hit,75.0,hit,3202.0,hit,,never_hit,,never_hit,,never_hit,11.0,hit,11.0,hit,0.0,hit,11.0,hit,76.0,hit,76.0,hit,10.0,587,True,True,True,True,,,,True,True,True,False,4.25,,,True,True,True,False,4.25,,,True,True,True,False,4.25,3202.0,2025-03-13T14:53:00-04:00,2.75,8247.04,,,,,,,,,,,,,,,,,,,,,,,,,,,,,,,,,,,,,,,,,,,,,,,,,,,,,,,,,,,,,2477
2025-03-11,2025-03-14,3,5.0,2025-03-11T09:31:00-04:00,5.0,NDXP  250314P19530000,NDXP  250314P19520000,validation,False,False,0,0,2,5,0,1585,available,False,2025-03-11T09:31:00-04:00,2025-03-14T15:47:00-04:00,0.07499999999999996,9597.04,13.0,last_observed_quote_not_settlement,1036.0,709,148,5.399999999999977,-1052.9599999999539,2025-03-11T09:32:00-04:00,0.0,5.399999999999977,-1052.9599999999539,2025-03-11T09:33:00-04:00,0.0,5.850000000000023,-1952.9600000000448,2025-03-11T09:36:00-04:00,0.0,4.5,747.0400000000006,2025-03-11T09:41:00-04:00,0.0,4.600000000000023,547.0399999999552,2025-03-11T09:46:00-04:00,0.0,4.5,747.0400000000006,2025-03-11T10:01:00-04:00,0.0,5.550000000000011,-1352.960000000022,2025-03-11T10:31:00-04:00,0.0,5.599999999999966,-1452.9599999999311,2025-03-11T11:31:00-04:00,0.0,6.0,-2252.959999999999,2025-03-11T16:00:00-04:00,0.0,4.050000000000011,1647.039999999978,2025-03-12T16:00:00-04:00,0.0,7.199999999999989,-4652.959999999976,2025-03-13T16:00:00-04:00,0.0,,,2025-03-14T15:47:00-04:00,780.0,0.0,hit,0.0,hit,31.0,hit,31.0,hit,31.0,hit,31.0,hit,31.0,hit,5.0,hit,65.0,hit,295.0,hit,3101.0,hit,3110.0,hit,3134.0,hit,5.850000000000023,11,False,False,False,False,,5.850000000000023,11,False,False,False,False,,5.850000000000023,11,False,False,False,False,,5.850000000000023,11,False,False,False,False,,31.0,2025-03-11T10:02:00-04:00,0.35000000000002274,9047.039999999955,4411.0,2025-03-14T11:02:00-04:00,2.6999999999999957,4347.040000000009,4412.0,2025-03-14T11:03:00-04:00,2.6499999999999986,4447.040000000004,32.0,2025-03-11T10:03:00-04:00,4.5,747.0400000000006,31.0,2025-03-11T10:02:00-04:00,0.35000000000002274,9047.039999999955,4444.0,2025-03-14T11:35:00-04:00,1.8499999999999979,6047.0400000000045,4448.0,2025-03-14T11:39:00-04:00,1.7999999999999972,6147.040000000006,32.0,2025-03-11T10:03:00-04:00,4.5,747.0400000000006,31.0,2025-03-11T10:02:00-04:00,0.35000000000002274,9047.039999999955,4623.0,2025-03-14T14:34:00-04:00,0.8999999999999995,7947.040000000002,4629.0,2025-03-14T14:40:00-04:00,0.5,8747.04,32.0,2025-03-11T10:03:00-04:00,4.5,747.0400000000006,31.0,2025-03-11T10:02:00-04:00,0.35000000000002274,9047.039999999955,4637.0,2025-03-14T14:48:00-04:00,0.4249999999999998,8897.040000000003,4657.0,2025-03-14T15:08:00-04:00,0.3250000000000002,9097.04,32.0,2025-03-11T10:03:00-04:00,4.5,747.0400000000006,2478
2025-03-11,2025-03-14,3,6.0,2025-03-11T09:31:00-04:00,6.0,NDXP  250314P19690000,NDXP  250314P19680000,validation,False,False,0,0,2,5,0,1596,available,False,2025-03-11T09:31:00-04:00,2025-03-14T15:58:00-04:00,0.5999999999999999,10547.040000000003,2.0,last_observed_quote_not_settlement,1036.0,846,200,6.0,-252.9599999999993,2025-03-11T09:32:00-04:00,0.0,6.250000000000057,-752.960000000113,2025-03-11T09:33:00-04:00,0.0,4.7000000000000455,2347.03999999991,2025-03-11T09:36:00-04:00,0.0,5.75,247.04000000000067,2025-03-11T09:41:00-04:00,0.0,6.100000000000023,-452.9600000000448,2025-03-11T09:46:00-04:00,0.0,4.550000000000068,2647.0399999998644,2025-03-11T10:01:00-04:00,0.0,7.600000000000023,-3452.9600000000446,2025-03-11T10:31:00-04:00,0.0,6.25,-752.9599999999994,2025-03-11T11:31:00-04:00,0.0,6.349999999999966,-952.9599999999311,2025-03-11T16:00:00-04:00,0.0,5.44999999999996,847.0400000000802,2025-03-12T16:00:00-04:00,0.0,6.349999999999966,-952.9599999999311,2025-03-13T16:00:00-04:00,0.0,,,2025-03-14T15:58:00-04:00,120.0,5.0,hit,5.0,hit,33.0,hit,124.0,hit,124.0,hit,4706.0,hit,,never_hit,6.0,hit,55.0,hit,55.0,hit,61.0,hit,167.0,hit,260.0,hit,8.899999999999977,68,True,True,False,False,,8.899999999999977,68,True,True,False,False,,9.949999999999989,846,True,True,True,True,,,,True,True,True,False,5.4,124.0,2025-03-11T11:35:00-04:00,1.25,9247.04,4705.0,2025-03-14T15:56:00-04:00,1.5750000000000002,8597.04,4706.0,2025-03-14T15:57:00-04:00,0.5999999999999999,10547.040000000003,125.0,2025-03-11T11:36:00-04:00,5.7000000000000455,347.03999999990975,124.0,2025-03-11T11:35:00-04:00,1.25,9247.04,4705.0,2025-03-14T15:56:00-04:00,1.5750000000000002,8597.04,4706.0,2025-03-14T15:57:00-04:00,0.5999999999999999,10547.040000000003,125.0,2025-03-11T11:36:00-04:00,5.7000000000000455,347.03999999990975,4706.0,2025-03-14T15:57:00-04:00,0.5999999999999999,10547.040000000003,4707.0,2025-03-14T15:58:00-04:00,0.5999999999999999,10547.040000000003,,,,,4707.0,2025-03-14T15:58:00-04:00,0.5999999999999999,10547.040000000003,,,,,,,,,,,,,,,,,2479
2025-03-11,2025-03-14,3,7.0,2025-03-11T09:31:00-04:00,7.0,NDXP  250314P19900000,NDXP  250314P19890000,validation,False,False,0,0,0,107,0,1495,available,False,2025-03-11T09:31:00-04:00,2025-03-14T15:59:00-04:00,10.0,-6152.96,1.0,last_observed_quote_not_settlement,1036.0,937,251,7.0,-252.9599999999993,2025-03-11T09:32:00-04:00,0.0,7.399999999999977,-1052.9599999999539,2025-03-11T09:33:00-04:00,0.0,7.150000000000091,-552.9600000001813,2025-03-11T09:36:00-04:00,0.0,6.5,747.0400000000006,2025-03-11T09:41:00-04:00,0.0,6.600000000000136,547.0399999997278,2025-03-11T09:46:00-04:00,0.0,6.25,1247.0400000000006,2025-03-11T10:01:00-04:00,0.0,7.400000000000091,-1052.9600000001813,2025-03-11T10:31:00-04:00,0.0,9.200000000000045,-4652.960000000092,2025-03-11T11:31:00-04:00,0.0,,,2025-03-11T15:59:00-04:00,60.0,7.0,-252.9599999999993,2025-03-12T16:00:00-04:00,0.0,8.049999999999955,-2352.95999999991,2025-03-13T16:00:00-04:00,0.0,,,2025-03-14T15:59:00-04:00,60.0,11.0,hit,38.0,hit,38.0,hit,38.0,hit,171.0,hit,171.0,hit,,never_hit,33.0,hit,33.0,hit,0.0,hit,33.0,hit,33.0,hit,33.0,hit,9.75,7,True,True,True,True,,9.75,81,True,True,True,True,,9.75,81,True,True,True,True,,,,True,True,True,False,6.149999999999977,38.0,2025-03-11T10:09:00-04:00,2.6499999999999773,8447.040000000046,,,,,,,,,39.0,2025-03-11T10:10:00-04:00,6.600000000000023,547.0399999999552,171.0,2025-03-11T12:22:00-04:00,0.8500000000001364,12047.039999999728,,,,,,,,,172.0,2025-03-11T12:23:00-04:00,7.2999999999999545,-852.9599999999084,171.0,2025-03-11T12:22:00-04:00,0.8500000000001364,12047.039999999728,,,,,,,,,172.0,2025-03-11T12:23:00-04:00,7.2999999999999545,-852.9599999999084,,,,,,,,,,,,,,,,,2480
2025-03-12,2025-03-14,2,5.0,2025-03-12T09:31:00-04:00,5.0,NDXP  250314P19790000,NDXP  250314P19780000,validation,False,False,0,0,0,113,0,1085,available,False,2025-03-12T09:31:00-04:00,2025-03-14T15:59:00-04:00,9.899999999999991,-10052.959999999983,1.0,last_observed_quote_not_settlement,1036.0,962,76,5.100000000000023,-452.9600000000448,2025-03-12T09:32:00-04:00,0.0,4.800000000000011,147.03999999997797,2025-03-12T09:33:00-04:00,0.0,4.350000000000023,1047.0399999999552,2025-03-12T09:36:00-04:00,0.0,4.999999999999943,-252.9599999998856,2025-03-12T09:41:00-04:00,0.0,5.300000000000011,-852.9600000000221,2025-03-12T09:46:00-04:00,0.0,5.099999999999966,-452.9599999999311,2025-03-12T10:01:00-04:00,0.0,5.099999999999966,-452.9599999999311,2025-03-12T10:31:00-04:00,0.0,6.600000000000023,-3452.9600000000446,2025-03-12T11:31:00-04:00,0.0,6.199999999999989,-2652.9599999999764,2025-03-12T16:00:00-04:00,0.0,9.5,-9252.960000000001,2025-03-13T16:00:00-04:00,0.0,,,2025-03-14T15:59:00-04:00,60.0,,,,,0.0,hit,0.0,hit,36.0,hit,44.0,hit,44.0,hit,193.0,hit,,never_hit,4.0,hit,4.0,hit,25.0,hit,26.0,hit,1506.0,hit,1574.0,hit,8.549999999999955,31,True,True,False,False,,8.549999999999955,31,True,True,False,False,,8.549999999999955,165,True,True,False,False,,,,True,True,True,False,4.100000000000023,44.0,2025-03-12T10:15:00-04:00,1.3999999999999773,6947.040000000046,58.0,2025-03-12T10:29:00-04:00,1.2999999999999545,7147.040000000092,,,,,45.0,2025-03-12T10:16:00-04:00,6.699999999999989,-3652.9599999999764,44.0,2025-03-12T10:15:00-04:00,1.3999999999999773,6947.040000000046,58.0,2025-03-12T10:29:00-04:00,1.2999999999999545,7147.040000000092,,,,,45.0,2025-03-12T10:16:00-04:00,6.699999999999989,-3652.9599999999764,193.0,2025-03-12T12:44:00-04:00,0.9499999999999318,7847.040000000137,,,,,,,,,194.0,2025-03-12T12:45:00-04:00,5.699999999999932,-1652.959999999863,,,,,,,,,,,,,,,,,2481
2025-03-12,2025-03-14,2,6.0,2025-03-12T09:31:00-04:00,6.0,NDXP  250314P19810000,NDXP  250314P19800000,validation,False,False,0,0,0,212,0,986,available,False,2025-03-12T09:31:00-04:00,2025-03-14T15:58:00-04:00,10.0,-8152.96,2.0,last_observed_quote_not_settlement,1037.0,684,116,5.100000000000023,1547.0399999999552,2025-03-12T09:32:00-04:00,0.0,5.199999999999932,1347.040000000137,2025-03-12T09:33:00-04:00,0.0,5.300000000000011,1147.039999999978,2025-03-12T09:36:00-04:00,0.0,4.850000000000023,2047.0399999999554,2025-03-12T09:41:00-04:00,0.0,5.5499999999999545,647.0400000000916,2025-03-12T09:46:00-04:00,0.0,5.75,247.04000000000067,2025-03-12T10:01:00-04:00,0.0,5.949999999999989,-152.95999999997656,2025-03-12T10:31:00-04:00,0.0,6.25,-752.9599999999994,2025-03-12T11:31:00-04:00,0.0,6.399999999999977,-1052.9599999999539,2025-03-12T16:00:00-04:00,0.0,6.7999999999999545,-1852.9599999999084,2025-03-13T16:00:00-04:00,0.0,,,2025-03-14T15:58:00-04:00,120.0,,,,,1.0,hit,3.0,hit,18.0,hit,18.0,hit,40.0,hit,,never_hit,,never_hit,33.0,hit,53.0,hit,53.0,hit,144.0,hit,268.0,hit,268.0,hit,6.0,0,False,False,False,False,,6.699999999999989,7,False,False,False,False,,,,True,True,True,False,4.800000000000011,,,True,True,True,False,4.800000000000011,18.0,2025-03-12T09:49:00-04:00,2.1499999999999773,7447.040000000046,,,,,,,,,19.0,2025-03-12T09:50:00-04:00,5.75,247.04000000000067,40.0,2025-03-12T10:11:00-04:00,1.1999999999999886,9347.040000000025,,,,,,,,,41.0,2025-03-12T10:12:00-04:00,5.850000000000023,47.039999999955235,,,,,,,,,,,,,,,,,,,,,,,,,,,,,,,,,2482
2025-03-12,2025-03-14,2,7.0,2025-03-12T09:31:00-04:00,7.0,NDXP  250314P19920000,NDXP  250314P19910000,validation,False,False,0,0,1,153,0,1045,available,False,2025-03-12T09:31:00-04:00,2025-03-14T15:59:00-04:00,10.0,-6152.96,1.0,last_observed_quote_not_settlement,1036.0,651,91,6.099999999999966,1547.0400000000689,2025-03-12T09:32:00-04:00,0.0,5.900000000000034,1947.0399999999324,2025-03-12T09:33:00-04:00,0.0,5.399999999999977,2947.0400000000463,2025-03-12T09:36:00-04:00,0.0,5.800000000000068,2147.0399999998644,2025-03-12T09:41:00-04:00,0.0,6.0,1747.0400000000006,2025-03-12T09:46:00-04:00,0.0,6.599999999999966,547.0400000000689,2025-03-12T10:01:00-04:00,0.0,6.699999999999989,347.04000000002344,2025-03-12T10:31:00-04:00,0.0,7.5,-1252.9599999999994,2025-03-12T11:31:00-04:00,0.0,7.100000000000023,-452.9600000000448,2025-03-12T16:00:00-04:00,0.0,,,2025-03-13T15:59:00-04:00,60.0,,,2025-03-14T15:59:00-04:00,60.0,,,,,5.0,hit,200.0,hit,291.0,hit,1540.0,hit,1782.0,hit,,never_hit,,never_hit,50.0,hit,62.0,hit,0.0,hit,62.0,hit,62.0,hit,62.0,hit,9.950000000000045,220,True,True,True,True,,10.0,384,True,True,True,True,,,,True,True,True,False,5.100000000000023,,,True,True,True,False,5.100000000000023,1782.0,2025-03-13T15:13:00-04:00,1.8999999999999773,9947.040000000046,,,,,,,,,1783.0,2025-03-13T15:14:00-04:00,9.550000000000068,-5352.960000000137,1782.0,2025-03-13T15:13:00-04:00,1.8999999999999773,9947.040000000046,,,,,,,,,1783.0,2025-03-13T15:14:00-04:00,9.550000000000068,-5352.960000000137,,,,,,,,,,,,,,,,,,,,,,,,,,,,,,,,,2483
2025-03-14,2025-03-17,3,5.0,2025-03-14T09:31:00-04:00,5.0,NDXP  250317P19490000,NDXP  250317P19480000,validation,False,False,0,0,0,5,0,717,available,False,2025-03-14T09:31:00-04:00,2025-03-17T14:48:00-04:00,0.0,9747.04,72.0,last_observed_quote_not_settlement,3916.0,4,5,4.75,247.04000000000067,2025-03-14T09:32:00-04:00,0.0,4.700000000000017,347.0399999999666,2025-03-14T09:33:00-04:00,0.0,4.0,1747.0400000000006,2025-03-14T09:36:00-04:00,0.0,3.9499999999999886,1847.0400000000234,2025-03-14T09:41:00-04:00,0.0,3.8000000000000114,2147.039999999978,2025-03-14T09:46:00-04:00,0.0,5.199999999999989,-652.9599999999766,2025-03-14T10:01:00-04:00,0.0,4.75,247.04000000000067,2025-03-14T10:31:00-04:00,0.0,3.1999999999999886,3347.0400000000236,2025-03-14T11:31:00-04:00,0.0,2.4499999999999957,4847.040000000009,2025-03-14T16:00:00-04:00,0.0,,,2025-03-14T16:15:00-04:00,85500.0,,,2025-03-14T16:15:00-04:00,171900.0,,,2025-03-17T14:48:00-04:00,4320.0,0.0,hit,0.0,hit,5.0,hit,53.0,hit,82.0,hit,82.0,hit,4537.0,hit,,never_hit,,never_hit,,never_hit,,never_hit,,never_hit,,never_hit,5.400000000000006,3,False,False,False,False,,5.400000000000006,4,False,False,False,False,,5.400000000000006,4,False,False,False,False,,5.400000000000006,4,False,False,False,False,,53.0,2025-03-14T10:24:00-04:00,2.3999999999999773,4947.040000000046,128.0,2025-03-14T11:39:00-04:00,2.9000000000000057,3947.0399999999895,132.0,2025-03-14T11:43:00-04:00,2.799999999999997,4147.040000000006,54.0,2025-03-14T10:25:00-04:00,3.9499999999999886,1847.0400000000234,82.0,2025-03-14T10:53:00-04:00,0.6500000000000057,8447.03999999999,4322.0,2025-03-17T09:33:00-04:00,1.5,6747.040000000001,4323.0,2025-03-17T09:34:00-04:00,1.3999999999999986,6947.040000000004,83.0,2025-03-14T10:54:00-04:00,3.9000000000000057,1947.0399999999893,82.0,2025-03-14T10:53:00-04:00,0.6500000000000057,8447.03999999999,4327.0,2025-03-17T09:38:00-04:00,0.9499999999999957,7847.040000000009,4328.0,2025-03-17T09:39:00-04:00,0.8499999999999996,8047.040000000002,83.0,2025-03-14T10:54:00-04:00,3.9000000000000057,1947.0399999999893,4537.0,2025-03-17T13:08:00-04:00,0.4499999999999993,8847.040000000003,4543.0,2025-03-17T13:14:00-04:00,0.4249999999999998,8897.040000000003,4544.0,2025-03-17T13:15:00-04:00,0.34999999999999964,9047.040000000003,4538.0,2025-03-17T13:09:00-04:00,0.5,8747.04,2484
2025-03-14,2025-03-17,3,6.0,2025-03-14T09:31:00-04:00,6.0,NDXP  250317P19590000,NDXP  250317P19580000,validation,False,False,0,0,14,1,0,744,available,False,2025-03-14T09:31:00-04:00,2025-03-17T15:14:00-04:00,0.024999999999999994,11697.04,46.0,last_observed_quote_not_settlement,3916.0,8,15,5.600000000000023,547.0399999999552,2025-03-14T09:32:00-04:00,0.0,5.300000000000011,1147.039999999978,2025-03-14T09:33:00-04:00,0.0,5.0,1747.0400000000006,2025-03-14T09:36:00-04:00,0.0,4.800000000000011,2147.039999999978,2025-03-14T09:41:00-04:00,0.0,4.599999999999994,2547.0400000000122,2025-03-14T09:46:00-04:00,0.0,,,2025-03-14T09:59:00-04:00,120.0,5.699999999999989,347.04000000002344,2025-03-14T10:31:00-04:00,0.0,4.199999999999989,3347.0400000000236,2025-03-14T11:31:00-04:00,0.0,3.5,4747.040000000001,2025-03-14T16:00:00-04:00,0.0,,,2025-03-14T16:15:00-04:00,85500.0,,,2025-03-14T16:15:00-04:00,171900.0,,,2025-03-17T15:14:00-04:00,2760.0,2.0,hit,4.0,hit,77.0,hit,385.0,hit,4326.0,hit,4554.0,hit,4564.0,hit,62.0,hit,62.0,hit,62.0,hit,,never_hit,,never_hit,,never_hit,7.349999999999994,7,True,False,False,False,,7.349999999999994,7,True,False,False,False,,7.349999999999994,8,True,False,False,False,,7.349999999999994,8,True,False,False,False,,4322.0,2025-03-17T09:33:00-04:00,2.5,6747.040000000001,4323.0,2025-03-17T09:34:00-04:00,2.299999999999997,7147.040000000006,4324.0,2025-03-17T09:35:00-04:00,2.3999999999999986,6947.040000000004,4323.0,2025-03-17T09:34:00-04:00,2.299999999999997,7147.040000000006,4326.0,2025-03-17T09:37:00-04:00,1.75,8247.04,4327.0,2025-03-17T09:38:00-04:00,1.8000000000000007,8147.04,4328.0,2025-03-17T09:39:00-04:00,1.6000000000000014,8547.039999999999,4327.0,2025-03-17T09:38:00-04:00,1.8000000000000007,8147.04,4555.0,2025-03-17T13:26:00-04:00,0.75,10247.04,4556.0,2025-03-17T13:27:00-04:00,0.8000000000000007,10147.04,4557.0,2025-03-17T13:28:00-04:00,0.7000000000000002,10347.04,4556.0,2025-03-17T13:27:00-04:00,0.8000000000000007,10147.04,4565.0,2025-03-17T13:36:00-04:00,0.44999999999999973,10847.04,4566.0,2025-03-17T13:37:00-04:00,0.375,10997.04,4567.0,2025-03-17T13:38:00-04:00,0.3999999999999999,10947.04,4566.0,2025-03-17T13:37:00-04:00,0.375,10997.04,2485
2025-03-14,2025-03-17,3,7.0,2025-03-14T09:31:00-04:00,7.0,NDXP  250317P19730000,NDXP  250317P19720000,validation,False,False,0,0,5,4,0,766,available,False,2025-03-14T09:31:00-04:00,2025-03-17T15:57:00-04:00,0.05000000000000002,13647.040000000003,3.0,last_observed_quote_not_settlement,3916.0,29,34,6.800000000000011,147.03999999997797,2025-03-14T09:32:00-04:00,0.0,6.600000000000023,547.0399999999552,2025-03-14T09:33:00-04:00,0.0,6.149999999999977,1447.0400000000461,2025-03-14T09:36:00-04:00,0.0,5.150000000000034,3447.0399999999327,2025-03-14T09:41:00-04:00,0.0,5.9500000000000455,1847.0399999999097,2025-03-14T09:46:00-04:00,0.0,6.900000000000034,-52.9600000000675,2025-03-14T10:01:00-04:00,0.0,7.399999999999977,-1052.9599999999539,2025-03-14T10:31:00-04:00,0.0,5.949999999999989,1847.0400000000234,2025-03-14T11:31:00-04:00,0.0,4.949999999999989,3847.0400000000236,2025-03-14T16:00:00-04:00,0.0,,,2025-03-14T16:15:00-04:00,85500.0,,,2025-03-14T16:15:00-04:00,171900.0,,,2025-03-17T15:57:00-04:00,180.0,10.0,hit,113.0,hit,169.0,hit,169.0,hit,4372.0,hit,4372.0,hit,4372.0,hit,41.0,hit,183.0,hit,0.0,hit,183.0,hit,183.0,hit,,never_hit,7.899999999999977,16,True,False,False,False,,9.149999999999977,18,True,True,True,True,,9.149999999999977,18,True,True,True,True,,9.149999999999977,18,True,True,True,True,,169.0,2025-03-14T12:20:00-04:00,2.9499999999999886,7847.040000000024,4332.0,2025-03-17T09:43:00-04:00,2.799999999999997,8147.040000000007,4567.0,2025-03-17T13:38:00-04:00,2.3999999999999986,8947.040000000005,170.0,2025-03-14T12:21:00-04:00,5.949999999999989,1847.0400000000234,4372.0,2025-03-17T10:23:00-04:00,0.04999999999999716,13647.040000000008,4573.0,2025-03-17T13:44:00-04:00,1.8499999999999996,10047.040000000003,4574.0,2025-03-17T13:45:00-04:00,1.9000000000000021,9947.039999999997,4373.0,2025-03-17T10:24:00-04:00,3.6000000000000014,6547.039999999998,4372.0,2025-03-17T10:23:00-04:00,0.04999999999999716,13647.040000000008,4602.0,2025-03-17T14:13:00-04:00,0.8499999999999996,12047.040000000003,4603.0,2025-03-17T14:14:00-04:00,0.5999999999999996,12547.040000000003,4373.0,2025-03-17T10:24:00-04:00,3.6000000000000014,6547.039999999998,4372.0,2025-03-17T10:23:00-04:00,0.04999999999999716,13647.040000000008,4615.0,2025-03-17T14:26:00-04:00,0.40000000000000036,12947.04,4616.0,2025-03-17T14:27:00-04:00,0.3250000000000002,13097.04,4373.0,2025-03-17T10:24:00-04:00,3.6000000000000014,6547.039999999998,2486
2025-03-17,2025-03-19,2,5.0,2025-03-17T09:31:00-04:00,5.0,NDXP  250319P19710000,NDXP  250319P19700000,validation,False,False,0,0,0,1,0,1197,available,False,2025-03-17T09:31:00-04:00,2025-03-19T15:59:00-04:00,2.2,5347.04,1.0,last_observed_quote_not_settlement,1036.0,658,54,4.699999999999989,347.04000000002344,2025-03-17T09:32:00-04:00,0.0,4.399999999999977,947.0400000000461,2025-03-17T09:33:00-04:00,0.0,4.150000000000006,1447.0399999999893,2025-03-17T09:36:00-04:00,0.0,3.75,2247.040000000001,2025-03-17T09:41:00-04:00,0.0,3.75,2247.040000000001,2025-03-17T09:46:00-04:00,0.0,4.0,1747.0400000000006,2025-03-17T10:01:00-04:00,0.0,4.25,1247.0400000000006,2025-03-17T10:31:00-04:00,0.0,4.699999999999989,347.04000000002344,2025-03-17T11:31:00-04:00,0.0,2.3999999999999915,4947.040000000018,2025-03-17T16:00:00-04:00,0.0,7.550000000000011,-5352.960000000022,2025-03-18T16:00:00-04:00,0.0,,,2025-03-19T15:59:00-04:00,60.0,,,,,0.0,hit,0.0,hit,6.0,hit,55.0,hit,384.0,hit,3210.0,hit,3218.0,hit,307.0,hit,1442.0,hit,1454.0,hit,1571.0,hit,2901.0,hit,,never_hit,5.0,0,False,False,False,False,,5.950000000000017,34,False,False,False,False,,9.300000000000011,658,True,True,True,True,,9.300000000000011,658,True,True,True,True,,55.0,2025-03-17T10:26:00-04:00,2.599999999999966,4547.040000000069,299.0,2025-03-17T14:30:00-04:00,2.8000000000000114,4147.039999999978,304.0,2025-03-17T14:35:00-04:00,2.9000000000000057,3947.0399999999895,56.0,2025-03-17T10:27:00-04:00,4.050000000000011,1647.039999999978,3203.0,2025-03-19T14:54:00-04:00,1.8000000000000007,6147.039999999999,3207.0,2025-03-19T14:58:00-04:00,1.0999999999999979,7547.0400000000045,3208.0,2025-03-19T14:59:00-04:00,1.4999999999999982,6747.0400000000045,3204.0,2025-03-19T14:55:00-04:00,2.349999999999998,5047.0400000000045,3210.0,2025-03-19T15:01:00-04:00,0.7000000000000011,8347.039999999999,3216.0,2025-03-19T15:07:00-04:00,0.7000000000000002,8347.04,3217.0,2025-03-19T15:08:00-04:00,0.5500000000000007,8647.04,3211.0,2025-03-19T15:02:00-04:00,1.25,7247.040000000001,3219.0,2025-03-19T15:10:00-04:00,0.40000000000000036,8947.04,3254.0,2025-03-19T15:45:00-04:00,0.19999999999999996,9347.04,3255.0,2025-03-19T15:46:00-04:00,0.2250000000000001,9297.04,3220.0,2025-03-19T15:11:00-04:00,0.5000000000000004,8747.039999999999,2487
2025-03-17,2025-03-19,2,6.0,2025-03-17T09:31:00-04:00,6.0,NDXP  250319P19830000,NDXP  250319P19820000,validation,False,False,0,0,0,8,0,1191,available,False,2025-03-17T09:31:00-04:00,2025-03-19T16:00:00-04:00,8.0,-4252.960000000001,0.0,last_observed_quote_not_settlement,1036.0,777,32,6.100000000000023,-452.9600000000448,2025-03-17T09:32:00-04:00,0.0,5.699999999999989,347.04000000002344,2025-03-17T09:33:00-04:00,0.0,5.049999999999983,1647.0400000000348,2025-03-17T09:36:00-04:00,0.0,4.650000000000006,2447.0399999999895,2025-03-17T09:41:00-04:00,0.0,4.699999999999989,2347.0400000000236,2025-03-17T09:46:00-04:00,0.0,4.699999999999989,2347.0400000000236,2025-03-17T10:01:00-04:00,0.0,5.699999999999989,347.04000000002344,2025-03-17T10:31:00-04:00,0.0,5.800000000000011,147.03999999997797,2025-03-17T11:31:00-04:00,0.0,6.850000000000023,-1952.9600000000448,2025-03-17T16:00:00-04:00,0.0,9.449999999999989,-7152.959999999978,2025-03-18T16:00:00-04:00,0.0,8.0,-4252.960000000001,2025-03-19T16:00:00-04:00,0.0,,,,,3.0,hit,6.0,hit,191.0,hit,191.0,hit,384.0,hit,,never_hit,,never_hit,52.0,hit,1447.0,hit,1447.0,hit,1463.0,hit,1498.0,hit,1828.0,hit,6.849999999999994,34,False,False,False,False,,6.849999999999994,42,False,False,False,False,,,,True,True,True,False,4.149999999999977,,,True,True,True,False,4.149999999999977,191.0,2025-03-17T12:42:00-04:00,2.800000000000068,6147.039999999864,3217.0,2025-03-19T15:08:00-04:00,2.5500000000000043,6647.039999999992,3218.0,2025-03-19T15:09:00-04:00,2.0,7747.040000000001,192.0,2025-03-17T12:43:00-04:00,6.149999999999977,-552.9599999999539,384.0,2025-03-17T15:55:00-04:00,1.8500000000000227,8047.039999999955,,,,,,,,,385.0,2025-03-17T15:56:00-04:00,4.349999999999966,3047.040000000069,,,,,,,,,,,,,,,,,,,,,,,,,,,,,,,,,2488
2025-03-17,2025-03-19,2,7.0,2025-03-17T09:31:00-04:00,6.949999999999932,NDXP  250319P20250000,NDXP  250319P20240000,validation,False,False,0,0,0,131,0,1068,available,False,2025-03-17T09:31:00-04:00,2025-03-19T16:00:00-04:00,10.0,-6252.9600000001365,0.0,last_observed_quote_not_settlement,1037.0,925,54,7.650000000000091,-1652.9600000003177,2025-03-17T09:32:00-04:00,0.0,0.39999999999997726,12847.03999999991,2025-03-17T09:33:00-04:00,0.0,8.5,-3352.9600000001374,2025-03-17T09:36:00-04:00,0.0,7.899999999999977,-2152.96000000009,2025-03-17T09:41:00-04:00,0.0,8.050000000000068,-2452.960000000274,2025-03-17T09:46:00-04:00,0.0,8.799999999999955,-3952.9600000000464,2025-03-17T10:01:00-04:00,0.0,,,2025-03-17T10:30:00-04:00,60.0,8.550000000000068,-3452.960000000274,2025-03-17T11:31:00-04:00,0.0,,,2025-03-17T15:59:00-04:00,60.0,,,2025-03-18T15:58:00-04:00,120.0,10.0,-6252.9600000001365,2025-03-19T16:00:00-04:00,0.0,,,,,2.0,hit,2.0,hit,2.0,hit,2.0,hit,2.0,hit,2.0,hit,2.0,hit,1.0,hit,3.0,hit,1.0,hit,3.0,hit,29.0,hit,29.0,hit,7.650000000000091,1,True,False,False,False,,7.650000000000091,1,True,False,False,False,,7.650000000000091,1,True,False,False,False,,7.650000000000091,1,True,False,False,False,,2.0,2025-03-17T09:33:00-04:00,0.39999999999997726,12847.03999999991,,,,,,,,,3.0,2025-03-17T09:34:00-04:00,8.100000000000023,-2552.960000000183,2.0,2025-03-17T09:33:00-04:00,0.39999999999997726,12847.03999999991,,,,,,,,,3.0,2025-03-17T09:34:00-04:00,8.100000000000023,-2552.960000000183,2.0,2025-03-17T09:33:00-04:00,0.39999999999997726,12847.03999999991,,,,,,,,,3.0,2025-03-17T09:34:00-04:00,8.100000000000023,-2552.960000000183,2.0,2025-03-17T09:33:00-04:00,0.39999999999997726,12847.03999999991,,,,,,,,,3.0,2025-03-17T09:34:00-04:00,8.100000000000023,-2552.960000000183,2489
2025-03-17,2025-03-20,3,5.0,2025-03-17T09:31:00-04:00,5.0,NDXP  250320P19800000,NDXP  250320P19790000,validation,False,False,0,0,0,33,0,1570,available,False,2025-03-17T09:31:00-04:00,2025-03-20T15:59:00-04:00,10.0,-10152.96,1.0,last_observed_quote_not_settlement,1036.0,1130,89,5.949999999999989,-2152.9599999999764,2025-03-17T09:32:00-04:00,0.0,5.100000000000023,-452.9600000000448,2025-03-17T09:33:00-04:00,0.0,4.800000000000011,147.03999999997797,2025-03-17T09:36:00-04:00,0.0,4.300000000000011,1147.039999999978,2025-03-17T09:41:00-04:00,0.0,4.5,747.0400000000006,2025-03-17T09:46:00-04:00,0.0,4.799999999999983,147.0400000000348,2025-03-17T10:01:00-04:00,0.0,4.900000000000034,-52.9600000000675,2025-03-17T10:31:00-04:00,0.0,5.350000000000023,-952.9600000000448,2025-03-17T11:31:00-04:00,0.0,3.6000000000000227,2547.0399999999554,2025-03-17T16:00:00-04:00,0.0,7.849999999999966,-5952.959999999931,2025-03-18T16:00:00-04:00,0.0,6.549999999999983,-3352.959999999965,2025-03-19T16:00:00-04:00,0.0,,,2025-03-20T15:59:00-04:00,60.0,0.0,hit,0.0,hit,8.0,hit,1561.0,hit,,never_hit,,never_hit,,never_hit,1.0,hit,52.0,hit,1447.0,hit,1447.0,hit,1447.0,hit,1447.0,hit,9.899999999999977,283,True,True,True,True,,,,True,True,True,False,2.5500000000000114,,,True,True,True,False,2.5500000000000114,,,True,True,True,False,2.5500000000000114,1561.0,2025-03-18T11:32:00-04:00,2.4499999999999886,4847.040000000024,4392.0,2025-03-20T10:43:00-04:00,2.8999999999999986,3947.0400000000036,4393.0,2025-03-20T10:44:00-04:00,2.6999999999999886,4347.040000000024,1562.0,2025-03-18T11:33:00-04:00,7.550000000000011,-5352.960000000022,,,,,,,,,,,,,,,,,,,,,,,,,,,,,,,,,,,,,,,,,,,,,,,,,2490
2025-03-17,2025-03-20,3,6.0,2025-03-17T09:31:00-04:00,6.0,NDXP  250320P19840000,NDXP  250320P19830000,validation,False,False,0,0,0,31,0,1572,available,False,2025-03-17T09:31:00-04:00,2025-03-20T15:59:00-04:00,10.0,-8152.96,1.0,last_observed_quote_not_settlement,1036.0,885,117,4.949999999999989,1847.0400000000234,2025-03-17T09:32:00-04:00,0.0,5.25,1247.0400000000006,2025-03-17T09:33:00-04:00,0.0,5.300000000000011,1147.039999999978,2025-03-17T09:36:00-04:00,0.0,4.599999999999994,2547.0400000000122,2025-03-17T09:41:00-04:00,0.0,4.75,2247.040000000001,2025-03-17T09:46:00-04:00,0.0,5.2000000000000455,1347.0399999999097,2025-03-17T10:01:00-04:00,0.0,6.399999999999977,-1052.9599999999539,2025-03-17T10:31:00-04:00,0.0,5.75,247.04000000000067,2025-03-17T11:31:00-04:00,0.0,,,2025-03-17T15:59:00-04:00,60.0,5.350000000000023,1047.0399999999552,2025-03-18T16:00:00-04:00,0.0,5.200000000000017,1347.0399999999665,2025-03-19T16:00:00-04:00,0.0,,,2025-03-20T15:59:00-04:00,60.0,1.0,hit,1.0,hit,297.0,hit,1474.0,hit,1474.0,hit,1550.0,hit,,never_hit,351.0,hit,1454.0,hit,1454.0,hit,1456.0,hit,1477.0,hit,1825.0,hit,8.949999999999989,40,True,True,False,False,,8.949999999999989,40,True,True,False,False,,9.200000000000045,103,True,True,True,True,,,,True,True,True,False,5.449999999999932,1474.0,2025-03-18T10:05:00-04:00,1.2500000000000568,9247.039999999888,,,,,,,,,1475.0,2025-03-18T10:06:00-04:00,6.199999999999989,-652.9599999999766,1474.0,2025-03-18T10:05:00-04:00,1.2500000000000568,9247.039999999888,,,,,,,,,1475.0,2025-03-18T10:06:00-04:00,6.199999999999989,-652.9599999999766,1550.0,2025-03-18T11:21:00-04:00,0.5500000000000682,10647.039999999864,,,,,,,,,1551.0,2025-03-18T11:22:00-04:00,7.699999999999989,-3652.9599999999764,,,,,,,,,,,,,,,,,2491
2025-03-17,2025-03-20,3,7.0,2025-03-17T09:31:00-04:00,7.0,NDXP  250320P20140000,NDXP  250320P20130000,validation,False,False,0,0,1,149,0,1454,available,False,2025-03-17T09:31:00-04:00,2025-03-20T15:59:00-04:00,10.0,-6152.96,1.0,last_observed_quote_not_settlement,1037.0,1160,72,7.399999999999977,-1052.9599999999539,2025-03-17T09:32:00-04:00,0.0,,,2025-03-17T09:32:00-04:00,60.0,7.149999999999977,-552.9599999999539,2025-03-17T09:36:00-04:00,0.0,6.699999999999989,347.04000000002344,2025-03-17T09:41:00-04:00,0.0,6.849999999999909,47.04000000018261,2025-03-17T09:46:00-04:00,0.0,7.100000000000023,-452.9600000000448,2025-03-17T10:01:00-04:00,0.0,,,2025-03-17T10:30:00-04:00,60.0,7.750000000000057,-1752.960000000113,2025-03-17T11:31:00-04:00,0.0,7.100000000000023,-452.9600000000448,2025-03-17T16:00:00-04:00,0.0,9.399999999999864,-5052.959999999728,2025-03-18T16:00:00-04:00,0.0,9.400000000000034,-5052.960000000069,2025-03-19T16:00:00-04:00,0.0,,,2025-03-20T15:59:00-04:00,60.0,55.0,hit,55.0,hit,55.0,hit,55.0,hit,245.0,hit,1451.0,hit,1451.0,hit,9.0,hit,37.0,hit,0.0,hit,37.0,hit,64.0,hit,64.0,hit,8.799999999999955,24,True,True,False,False,,10.0,179,True,True,True,True,,10.0,223,True,True,True,True,,10.0,223,True,True,True,True,,55.0,2025-03-17T10:26:00-04:00,2.0500000000000114,9647.039999999979,,,,,,,,,56.0,2025-03-17T10:27:00-04:00,7.449999999999989,-1152.9599999999766,245.0,2025-03-17T13:36:00-04:00,1.2999999999999545,11147.040000000092,,,,,,,,,246.0,2025-03-17T13:37:00-04:00,7.000000000000057,-252.96000000011298,1451.0,2025-03-18T09:42:00-04:00,0.0,13747.04,,,,,,,,,1452.0,2025-03-18T09:43:00-04:00,8.75,-3752.960000000001,1451.0,2025-03-18T09:42:00-04:00,0.0,13747.04,,,,,,,,,1452.0,2025-03-18T09:43:00-04:00,8.75,-3752.960000000001,2492
2025-03-18,2025-03-20,2,5.0,2025-03-18T09:31:00-04:00,5.049999999999983,NDXP  250320P19710000,NDXP  250320P19700000,validation,False,False,0,0,1,8,0,1191,available,False,2025-03-18T09:31:00-04:00,2025-03-20T15:59:00-04:00,8.649999999999999,-7452.960000000033,1.0,last_observed_quote_not_settlement,1036.0,749,104,5.449999999999989,-1052.9600000000107,2025-03-18T09:32:00-04:00,0.0,4.900000000000034,47.03999999989839,2025-03-18T09:33:00-04:00,0.0,5.050000000000011,-252.96000000005614,2025-03-18T09:36:00-04:00,0.0,5.800000000000011,-1752.9600000000562,2025-03-18T09:41:00-04:00,0.0,7.600000000000023,-5352.960000000079,2025-03-18T09:46:00-04:00,0.0,7.050000000000011,-4252.960000000056,2025-03-18T10:01:00-04:00,0.0,6.4500000000000455,-3052.960000000124,2025-03-18T10:31:00-04:00,0.0,3.4499999999999886,2947.0399999999895,2025-03-18T11:31:00-04:00,0.0,4.850000000000023,147.03999999992112,2025-03-18T16:00:00-04:00,0.0,4.0,1847.0399999999665,2025-03-19T16:00:00-04:00,0.0,,,2025-03-20T15:59:00-04:00,60.0,,,,,0.0,hit,2.0,hit,32.0,hit,32.0,hit,67.0,hit,67.0,hit,67.0,hit,7.0,hit,14.0,hit,15.0,hit,52.0,hit,52.0,hit,278.0,hit,7.600000000000023,30,True,False,False,False,,9.449999999999989,61,True,True,True,True,,9.449999999999989,61,True,True,True,True,,9.449999999999989,61,True,True,True,True,,32.0,2025-03-18T10:03:00-04:00,2.6999999999999886,4447.039999999989,1776.0,2025-03-19T15:07:00-04:00,2.700000000000003,4447.039999999961,1780.0,2025-03-19T15:11:00-04:00,2.3000000000000043,5247.039999999958,33.0,2025-03-18T10:04:00-04:00,5.599999999999966,-1352.9599999999652,67.0,2025-03-18T10:38:00-04:00,0.049999999999954525,9747.040000000059,2934.0,2025-03-20T10:25:00-04:00,1.8999999999999986,6047.039999999969,2948.0,2025-03-20T10:39:00-04:00,1.6499999999999986,6547.039999999969,68.0,2025-03-18T10:39:00-04:00,6.0,-2152.9600000000332,67.0,2025-03-18T10:38:00-04:00,0.049999999999954525,9747.040000000059,,,,,,,,,68.0,2025-03-18T10:39:00-04:00,6.0,-2152.9600000000332,67.0,2025-03-18T10:38:00-04:00,0.049999999999954525,9747.040000000059,,,,,,,,,68.0,2025-03-18T10:39:00-04:00,6.0,-2152.9600000000332,2493
2025-03-18,2025-03-20,2,6.0,2025-03-18T09:31:00-04:00,6.0,NDXP  250320P19760000,NDXP  250320P19750000,validation,False,False,0,0,0,16,0,1182,available,False,2025-03-18T09:31:00-04:00,2025-03-20T15:59:00-04:00,10.0,-8152.96,1.0,last_observed_quote_not_settlement,1036.0,632,143,5.550000000000068,647.0399999998642,2025-03-18T09:32:00-04:00,0.0,5.5,747.0400000000006,2025-03-18T09:33:00-04:00,0.0,1.5,8747.04,2025-03-18T09:36:00-04:00,0.0,6.199999999999932,-652.9599999998629,2025-03-18T09:41:00-04:00,0.0,6.75,-1752.9599999999994,2025-03-18T09:46:00-04:00,0.0,6.699999999999989,-1652.9599999999766,2025-03-18T10:01:00-04:00,0.0,6.550000000000011,-1352.960000000022,2025-03-18T10:31:00-04:00,0.0,4.650000000000034,2447.0399999999327,2025-03-18T11:31:00-04:00,0.0,5.5,747.0400000000006,2025-03-18T16:00:00-04:00,0.0,4.900000000000006,1947.0399999999893,2025-03-19T16:00:00-04:00,0.0,,,2025-03-20T15:59:00-04:00,60.0,,,,,2.0,hit,5.0,hit,5.0,hit,5.0,hit,5.0,hit,,never_hit,,never_hit,15.0,hit,17.0,hit,17.0,hit,58.0,hit,128.0,hit,388.0,hit,6.0,0,False,False,False,False,,6.0,0,False,False,False,False,,,,True,True,True,False,4.5,,,True,True,True,False,4.5,5.0,2025-03-18T09:36:00-04:00,1.5,8747.04,6.0,2025-03-18T09:37:00-04:00,2.8999999999999773,5947.040000000046,7.0,2025-03-18T09:38:00-04:00,2.6499999999999773,6447.040000000046,6.0,2025-03-18T09:37:00-04:00,2.8999999999999773,5947.040000000046,5.0,2025-03-18T09:36:00-04:00,1.5,8747.04,2957.0,2025-03-20T10:48:00-04:00,1.8999999999999986,7947.040000000004,,,,,6.0,2025-03-18T09:37:00-04:00,2.8999999999999773,5947.040000000046,,,,,,,,,,,,,,,,,,,,,,,,,,,,,,,,,2494
2025-03-18,2025-03-20,2,7.0,2025-03-18T09:31:00-04:00,7.0,NDXP  250320P19940000,NDXP  250320P19930000,validation,False,False,0,0,0,31,0,1167,available,False,2025-03-18T09:31:00-04:00,2025-03-20T15:59:00-04:00,10.0,-6152.96,1.0,last_observed_quote_not_settlement,1036.0,994,113,6.899999999999977,-52.959999999953816,2025-03-18T09:32:00-04:00,0.0,6.7999999999999545,147.04000000009165,2025-03-18T09:33:00-04:00,0.0,7.2000000000000455,-652.9600000000903,2025-03-18T09:36:00-04:00,0.0,8.950000000000045,-4152.960000000092,2025-03-18T09:41:00-04:00,0.0,7.449999999999989,-1152.9599999999766,2025-03-18T09:46:00-04:00,0.0,8.149999999999977,-2552.9599999999555,2025-03-18T10:01:00-04:00,0.0,7.650000000000034,-1552.9600000000676,2025-03-18T10:31:00-04:00,0.0,8.25,-2752.960000000001,2025-03-18T11:31:00-04:00,0.0,,,2025-03-18T15:59:00-04:00,60.0,7.399999999999977,-1052.9599999999539,2025-03-19T16:00:00-04:00,0.0,,,2025-03-20T15:59:00-04:00,60.0,,,,,24.0,hit,24.0,hit,61.0,hit,62.0,hit,233.0,hit,,never_hit,,never_hit,8.0,hit,8.0,hit,0.0,hit,8.0,hit,19.0,hit,22.0,hit,9.850000000000023,47,True,True,True,True,,9.850000000000023,204,True,True,True,True,,,,True,True,True,False,5.249999999999943,,,True,True,True,False,5.249999999999943,62.0,2025-03-18T10:33:00-04:00,2.6499999999999773,8447.040000000046,,,,,,,,,63.0,2025-03-18T10:34:00-04:00,7.5,-1252.9599999999994,233.0,2025-03-18T13:24:00-04:00,1.7500000000000568,10247.039999999888,,,,,,,,,234.0,2025-03-18T13:25:00-04:00,8.700000000000045,-3652.960000000092,,,,,,,,,,,,,,,,,,,,,,,,,,,,,,,,,2495
2025-03-21,2025-03-24,3,5.0,2025-03-21T09:31:00-04:00,5.0,NDXP  250324P19610000,NDXP  250324P19600000,validation,False,False,0,0,117,36,0,597,available,False,2025-03-21T09:31:00-04:00,2025-03-24T14:04:00-04:00,0.0,9747.04,116.0,last_observed_quote_not_settlement,3916.0,145,7,6.75,-3752.959999999999,2025-03-21T09:32:00-04:00,0.0,6.0,-2252.959999999999,2025-03-21T09:33:00-04:00,0.0,6.5,-3252.959999999999,2025-03-21T09:36:00-04:00,0.0,6.400000000000034,-3052.9600000000673,2025-03-21T09:41:00-04:00,0.0,6.0,-2252.959999999999,2025-03-21T09:46:00-04:00,0.0,5.400000000000006,-1052.9600000000107,2025-03-21T10:01:00-04:00,0.0,5.699999999999989,-1652.9599999999766,2025-03-21T10:31:00-04:00,0.0,5.649999999999977,-1552.9599999999539,2025-03-21T11:31:00-04:00,0.0,2.700000000000003,4347.039999999995,2025-03-21T16:00:00-04:00,0.0,,,2025-03-21T16:15:00-04:00,85500.0,,,2025-03-21T16:15:00-04:00,171900.0,,,2025-03-24T14:04:00-04:00,6960.0,0.0,hit,0.0,hit,174.0,hit,386.0,hit,4320.0,hit,4320.0,hit,4320.0,hit,1.0,hit,1.0,hit,6.0,hit,,never_hit,,never_hit,,never_hit,7.0,144,True,False,False,False,,7.0,144,True,False,False,False,,7.0,144,True,False,False,False,,7.0,144,True,False,False,False,,387.0,2025-03-21T15:58:00-04:00,2.8999999999999915,3947.0400000000177,388.0,2025-03-21T15:59:00-04:00,2.700000000000003,4347.039999999995,389.0,2025-03-21T16:00:00-04:00,2.700000000000003,4347.039999999995,388.0,2025-03-21T15:59:00-04:00,2.700000000000003,4347.039999999995,4320.0,2025-03-24T09:31:00-04:00,0.20000000000000018,9347.04,4321.0,2025-03-24T09:32:00-04:00,0.34999999999999964,9047.040000000003,4322.0,2025-03-24T09:33:00-04:00,0.30000000000000027,9147.04,4321.0,2025-03-24T09:32:00-04:00,0.34999999999999964,9047.040000000003,4320.0,2025-03-24T09:31:00-04:00,0.20000000000000018,9347.04,4321.0,2025-03-24T09:32:00-04:00,0.34999999999999964,9047.040000000003,4322.0,2025-03-24T09:33:00-04:00,0.30000000000000027,9147.04,4321.0,2025-03-24T09:32:00-04:00,0.34999999999999964,9047.040000000003,4320.0,2025-03-24T09:31:00-04:00,0.20000000000000018,9347.04,4321.0,2025-03-24T09:32:00-04:00,0.34999999999999964,9047.040000000003,4322.0,2025-03-24T09:33:00-04:00,0.30000000000000027,9147.04,4321.0,2025-03-24T09:32:00-04:00,0.34999999999999964,9047.040000000003,2496
2025-03-21,2025-03-24,3,6.0,2025-03-21T09:31:00-04:00,6.0,NDXP  250324P19630000,NDXP  250324P19620000,validation,False,False,0,0,14,4,0,654,available,False,2025-03-21T09:31:00-04:00,2025-03-24T14:04:00-04:00,0.0,11747.04,116.0,last_observed_quote_not_settlement,3916.0,45,36,5.349999999999994,1047.040000000012,2025-03-21T09:32:00-04:00,0.0,6.5499999999999545,-1352.9599999999084,2025-03-21T09:33:00-04:00,0.0,7.100000000000023,-2452.9600000000446,2025-03-21T09:36:00-04:00,0.0,6.200000000000017,-652.9600000000335,2025-03-21T09:41:00-04:00,0.0,6.299999999999983,-852.9599999999652,2025-03-21T09:46:00-04:00,0.0,5.949999999999989,-152.95999999997656,2025-03-21T10:01:00-04:00,0.0,5.650000000000006,447.03999999998933,2025-03-21T10:31:00-04:00,0.0,5.849999999999994,47.04000000001208,2025-03-21T11:31:00-04:00,0.0,3.3000000000000043,5147.039999999992,2025-03-21T16:00:00-04:00,0.0,,,2025-03-21T16:15:00-04:00,85500.0,,,2025-03-21T16:15:00-04:00,171900.0,,,2025-03-24T14:04:00-04:00,6960.0,1.0,hit,89.0,hit,207.0,hit,388.0,hit,4320.0,hit,4320.0,hit,4320.0,hit,2.0,hit,5.0,hit,5.0,hit,,never_hit,,never_hit,,never_hit,7.149999999999977,45,True,False,False,False,,7.149999999999977,45,True,False,False,False,,7.149999999999977,45,True,False,False,False,,7.149999999999977,45,True,False,False,False,,388.0,2025-03-21T15:59:00-04:00,2.9499999999999957,5847.040000000009,391.0,2025-03-21T16:02:00-04:00,2.8499999999999943,6047.040000000012,392.0,2025-03-21T16:03:00-04:00,2.8999999999999915,5947.040000000018,389.0,2025-03-21T16:00:00-04:00,3.3000000000000043,5147.039999999992,4320.0,2025-03-24T09:31:00-04:00,0.29999999999999893,11147.040000000005,4321.0,2025-03-24T09:32:00-04:00,0.34999999999999964,11047.040000000003,4322.0,2025-03-24T09:33:00-04:00,0.2999999999999998,11147.040000000003,4321.0,2025-03-24T09:32:00-04:00,0.34999999999999964,11047.040000000003,4320.0,2025-03-24T09:31:00-04:00,0.29999999999999893,11147.040000000005,4321.0,2025-03-24T09:32:00-04:00,0.34999999999999964,11047.040000000003,4322.0,2025-03-24T09:33:00-04:00,0.2999999999999998,11147.040000000003,4321.0,2025-03-24T09:32:00-04:00,0.34999999999999964,11047.040000000003,4320.0,2025-03-24T09:31:00-04:00,0.29999999999999893,11147.040000000005,4321.0,2025-03-24T09:32:00-04:00,0.34999999999999964,11047.040000000003,4322.0,2025-03-24T09:33:00-04:00,0.2999999999999998,11147.040000000003,4321.0,2025-03-24T09:32:00-04:00,0.34999999999999964,11047.040000000003,2497
2025-03-21,2025-03-24,3,7.0,2025-03-21T09:31:00-04:00,7.0499999999999545,NDXP  250324P19740000,NDXP  250324P19730000,validation,False,False,0,0,12,0,0,691,available,False,2025-03-21T09:31:00-04:00,2025-03-24T14:23:00-04:00,0.0,13847.03999999991,97.0,last_observed_quote_not_settlement,3916.0,89,63,7.199999999999932,-552.9599999999539,2025-03-21T09:32:00-04:00,0.0,7.7000000000000455,-1552.9600000001813,2025-03-21T09:33:00-04:00,0.0,8.399999999999977,-2952.9600000000464,2025-03-21T09:36:00-04:00,0.0,7.75,-1652.9600000000903,2025-03-21T09:41:00-04:00,0.0,7.7999999999999545,-1752.9599999999994,2025-03-21T09:46:00-04:00,0.0,6.650000000000034,547.0399999998415,2025-03-21T10:01:00-04:00,0.0,6.899999999999977,47.039999999955235,2025-03-21T10:31:00-04:00,0.0,7.4500000000000455,-1052.9600000001813,2025-03-21T11:31:00-04:00,0.0,4.050000000000011,5747.039999999887,2025-03-21T16:00:00-04:00,0.0,,,2025-03-21T16:15:00-04:00,85500.0,,,2025-03-21T16:15:00-04:00,171900.0,,,2025-03-24T14:23:00-04:00,5820.0,25.0,hit,25.0,hit,391.0,hit,4320.0,hit,4320.0,hit,4320.0,hit,4327.0,hit,2.0,hit,5.0,hit,0.0,hit,5.0,hit,,never_hit,,never_hit,8.399999999999977,89,True,True,False,False,,8.399999999999977,89,True,True,False,False,,8.399999999999977,89,True,True,False,False,,8.399999999999977,89,True,True,False,False,,4320.0,2025-03-24T09:31:00-04:00,0.6500000000000004,12547.03999999991,4321.0,2025-03-24T09:32:00-04:00,0.9000000000000004,12047.03999999991,4322.0,2025-03-24T09:33:00-04:00,0.7000000000000028,12447.039999999904,4321.0,2025-03-24T09:32:00-04:00,0.9000000000000004,12047.03999999991,4320.0,2025-03-24T09:31:00-04:00,0.6500000000000004,12547.03999999991,4321.0,2025-03-24T09:32:00-04:00,0.9000000000000004,12047.03999999991,4322.0,2025-03-24T09:33:00-04:00,0.7000000000000028,12447.039999999904,4321.0,2025-03-24T09:32:00-04:00,0.9000000000000004,12047.03999999991,4320.0,2025-03-24T09:31:00-04:00,0.6500000000000004,12547.03999999991,4321.0,2025-03-24T09:32:00-04:00,0.9000000000000004,12047.03999999991,4322.0,2025-03-24T09:33:00-04:00,0.7000000000000028,12447.039999999904,4321.0,2025-03-24T09:32:00-04:00,0.9000000000000004,12047.03999999991,4329.0,2025-03-24T09:40:00-04:00,0.39999999999999947,13047.039999999912,4330.0,2025-03-24T09:41:00-04:00,0.40000000000000036,13047.03999999991,4336.0,2025-03-24T09:47:00-04:00,0.35000000000000053,13147.03999999991,4330.0,2025-03-24T09:41:00-04:00,0.40000000000000036,13047.03999999991,2498
2025-03-24,2025-03-26,2,5.0,2025-03-24T09:31:00-04:00,4.949999999999932,NDXP  250326P20620000,NDXP  250326P20610000,validation,False,False,0,0,0,135,0,1063,available,False,2025-03-24T09:31:00-04:00,2025-03-26T16:00:00-04:00,10.0,-10252.960000000136,0.0,last_observed_quote_not_settlement,1036.0,958,2,9.599999999999909,-9552.959999999955,2025-03-24T09:32:00-04:00,0.0,9.549999999999955,-9452.960000000046,2025-03-24T09:33:00-04:00,0.0,8.749999999999886,-7852.95999999991,2025-03-24T09:36:00-04:00,0.0,9.850000000000023,-10052.960000000183,2025-03-24T09:41:00-04:00,0.0,9.549999999999955,-9452.960000000046,2025-03-24T09:46:00-04:00,0.0,9.5,-9352.960000000137,2025-03-24T10:01:00-04:00,0.0,,,2025-03-24T10:30:00-04:00,60.0,9.449999999999989,-9252.960000000114,2025-03-24T11:31:00-04:00,0.0,9.749999999999943,-9852.960000000023,2025-03-24T16:00:00-04:00,0.0,9.800000000000011,-9952.96000000016,2025-03-25T16:00:00-04:00,0.0,10.0,-10252.960000000136,2025-03-26T16:00:00-04:00,0.0,,,,,0.0,hit,0.0,hit,175.0,hit,175.0,hit,175.0,hit,,never_hit,,never_hit,1.0,hit,1.0,hit,1.0,hit,1.0,hit,1.0,hit,1.0,hit,10.0,122,True,True,True,True,,10.0,122,True,True,True,True,,,,True,True,True,False,3.849999999999909,,,True,True,True,False,3.849999999999909,175.0,2025-03-24T12:26:00-04:00,1.1000000000000227,7447.039999999819,,,,,,,,,176.0,2025-03-24T12:27:00-04:00,9.449999999999989,-9252.960000000114,175.0,2025-03-24T12:26:00-04:00,1.1000000000000227,7447.039999999819,,,,,,,,,176.0,2025-03-24T12:27:00-04:00,9.449999999999989,-9252.960000000114,,,,,,,,,,,,,,,,,,,,,,,,,,,,,,,,,2499
2025-03-24,2025-03-26,2,6.0,2025-03-24T09:31:00-04:00,6.0,NDXP  250326P20190000,NDXP  250326P20180000,validation,False,False,0,0,0,44,0,1154,available,False,2025-03-24T09:31:00-04:00,2025-03-26T16:00:00-04:00,10.0,-8152.96,0.0,last_observed_quote_not_settlement,1036.0,283,20,5.650000000000006,447.03999999998933,2025-03-24T09:32:00-04:00,0.0,5.900000000000006,-52.96000000001066,2025-03-24T09:33:00-04:00,0.0,6.149999999999977,-552.9599999999539,2025-03-24T09:36:00-04:00,0.0,5.400000000000034,947.0399999999324,2025-03-24T09:41:00-04:00,0.0,5.550000000000011,647.0399999999779,2025-03-24T09:46:00-04:00,0.0,5.300000000000011,1147.039999999978,2025-03-24T10:01:00-04:00,0.0,5.050000000000011,1647.039999999978,2025-03-24T10:31:00-04:00,0.0,4.850000000000023,2047.0399999999554,2025-03-24T11:31:00-04:00,0.0,4.450000000000003,2847.039999999995,2025-03-24T16:00:00-04:00,0.0,2.8500000000000014,6047.039999999998,2025-03-25T16:00:00-04:00,0.0,10.0,-8152.96,2025-03-26T16:00:00-04:00,0.0,,,,,6.0,hit,27.0,hit,1451.0,hit,1511.0,hit,2888.0,hit,,never_hit,,never_hit,20.0,hit,20.0,hit,20.0,hit,20.0,hit,3020.0,hit,3020.0,hit,8.449999999999989,5,True,True,False,False,,8.449999999999989,5,True,True,False,False,,,,True,True,True,False,4.0,,,True,True,True,False,4.0,1513.0,2025-03-25T10:44:00-04:00,2.9499999999999957,5847.040000000009,1514.0,2025-03-25T10:45:00-04:00,2.8999999999999986,5947.040000000004,1519.0,2025-03-25T10:50:00-04:00,2.799999999999997,6147.040000000006,1514.0,2025-03-25T10:45:00-04:00,2.8999999999999986,5947.040000000004,,,,,,,,,,,,,,,,,,,,,,,,,,,,,,,,,,,,,,,,,,,,,,,,,2500
2025-03-24,2025-03-26,2,7.0,2025-03-24T09:31:00-04:00,7.149999999999977,NDXP  250326P20530000,NDXP  250326P20520000,validation,False,False,0,0,0,63,0,1135,available,False,2025-03-24T09:31:00-04:00,2025-03-26T16:00:00-04:00,10.0,-5852.9600000000455,0.0,last_observed_quote_not_settlement,1036.0,1066,11,4.25,5547.039999999955,2025-03-24T09:32:00-04:00,0.0,9.25,-4452.960000000046,2025-03-24T09:33:00-04:00,0.0,,,2025-03-24T09:35:00-04:00,60.0,8.850000000000023,-3652.960000000092,2025-03-24T09:41:00-04:00,0.0,9.049999999999955,-4052.9599999999555,2025-03-24T09:46:00-04:00,0.0,9.300000000000068,-4552.960000000183,2025-03-24T10:01:00-04:00,0.0,9.399999999999977,-4752.960000000001,2025-03-24T10:31:00-04:00,0.0,9.25,-4452.960000000046,2025-03-24T11:31:00-04:00,0.0,9.100000000000023,-4152.960000000092,2025-03-24T16:00:00-04:00,0.0,9.199999999999989,-4352.960000000024,2025-03-25T16:00:00-04:00,0.0,10.0,-5852.9600000000455,2025-03-26T16:00:00-04:00,0.0,,,,,1.0,hit,1.0,hit,,never_hit,,never_hit,,never_hit,,never_hit,,never_hit,2.0,hit,2.0,hit,0.0,hit,2.0,hit,2.0,hit,4.0,hit,,,True,True,True,False,2.8999999999999773,,,True,True,True,False,2.8999999999999773,,,True,True,True,False,2.8999999999999773,,,True,True,True,False,2.8999999999999773,,,,,,,,,,,,,,,,,,,,,,,,,,,,,,,,,,,,,,,,,,,,,,,,,,,,,,,,,,,,,,,,,2501
2025-03-24,2025-03-27,3,5.0,2025-03-24T09:31:00-04:00,5.099999999999994,NDXP  250327P20150000,NDXP  250327P20140000,validation,False,False,0,0,0,53,0,1549,available,False,2025-03-24T09:31:00-04:00,2025-03-27T15:59:00-04:00,10.0,-9952.96000000001,1.0,last_observed_quote_not_settlement,1036.0,642,28,5.5,-1052.9600000000107,2025-03-24T09:32:00-04:00,0.0,4.649999999999977,647.0400000000348,2025-03-24T09:33:00-04:00,0.0,5.5,-1052.9600000000107,2025-03-24T09:36:00-04:00,0.0,4.949999999999989,47.04000000001208,2025-03-24T09:41:00-04:00,0.0,5.100000000000023,-252.96000000005614,2025-03-24T09:46:00-04:00,0.0,4.799999999999983,347.04000000002344,2025-03-24T10:01:00-04:00,0.0,4.649999999999977,647.0400000000348,2025-03-24T10:31:00-04:00,0.0,4.300000000000011,1347.0399999999665,2025-03-24T11:31:00-04:00,0.0,4.0,1947.0399999999893,2025-03-24T16:00:00-04:00,0.0,2.799999999999997,4347.039999999995,2025-03-25T16:00:00-04:00,0.0,,,2025-03-26T15:59:00-04:00,60.0,,,2025-03-27T15:59:00-04:00,60.0,0.0,hit,2.0,hit,98.0,hit,1499.0,hit,2888.0,hit,2888.0,hit,2888.0,hit,4.0,hit,2932.0,hit,3023.0,hit,3109.0,hit,3202.0,hit,4320.0,hit,5.650000000000006,9,False,False,False,False,,5.650000000000006,9,False,False,False,False,,5.650000000000006,9,False,False,False,False,,5.650000000000006,9,False,False,False,False,,1514.0,2025-03-25T10:45:00-04:00,2.9499999999999886,4047.040000000012,1515.0,2025-03-25T10:46:00-04:00,2.799999999999997,4347.039999999995,1516.0,2025-03-25T10:47:00-04:00,2.9000000000000057,4147.039999999978,1515.0,2025-03-25T10:46:00-04:00,2.799999999999997,4347.039999999995,2888.0,2025-03-26T09:39:00-04:00,0.3999999999999915,9147.040000000008,,,,,,,,,2889.0,2025-03-26T09:40:00-04:00,2.8500000000000014,4247.039999999986,2888.0,2025-03-26T09:39:00-04:00,0.3999999999999915,9147.040000000008,,,,,,,,,2889.0,2025-03-26T09:40:00-04:00,2.8500000000000014,4247.039999999986,2888.0,2025-03-26T09:39:00-04:00,0.3999999999999915,9147.040000000008,,,,,,,,,2889.0,2025-03-26T09:40:00-04:00,2.8500000000000014,4247.039999999986,2502
2025-03-24,2025-03-27,3,6.0,2025-03-24T09:31:00-04:00,6.0,NDXP  250327P20220000,NDXP  250327P20210000,validation,False,False,0,0,0,45,0,1557,available,False,2025-03-24T09:31:00-04:00,2025-03-27T15:59:00-04:00,10.0,-8152.96,1.0,last_observed_quote_not_settlement,1036.0,671,32,6.199999999999989,-652.9599999999766,2025-03-24T09:32:00-04:00,0.0,5.899999999999977,-52.959999999953816,2025-03-24T09:33:00-04:00,0.0,5.900000000000034,-52.9600000000675,2025-03-24T09:36:00-04:00,0.0,5.450000000000017,847.0399999999665,2025-03-24T09:41:00-04:00,0.0,5.649999999999977,447.0400000000462,2025-03-24T09:46:00-04:00,0.0,5.25,1247.0400000000006,2025-03-24T10:01:00-04:00,0.0,5.099999999999994,1547.040000000012,2025-03-24T10:31:00-04:00,0.0,5.050000000000011,1647.039999999978,2025-03-24T11:31:00-04:00,0.0,4.949999999999989,1847.0400000000234,2025-03-24T16:00:00-04:00,0.0,3.5999999999999943,4547.040000000012,2025-03-25T16:00:00-04:00,0.0,4.75,2247.040000000001,2025-03-26T16:00:00-04:00,0.0,,,2025-03-27T15:59:00-04:00,60.0,10.0,hit,27.0,hit,255.0,hit,,never_hit,,never_hit,,never_hit,,never_hit,6.0,hit,56.0,hit,56.0,hit,56.0,hit,56.0,hit,2996.0,hit,,,True,True,True,False,2.8000000000000114,,,True,True,True,False,2.8000000000000114,,,True,True,True,False,2.8000000000000114,,,True,True,True,False,2.8000000000000114,,,,,,,,,,,,,,,,,,,,,,,,,,,,,,,,,,,,,,,,,,,,,,,,,,,,,,,,,,,,,,,,,2503
2025-03-24,2025-03-27,3,7.0,2025-03-24T09:31:00-04:00,7.150000000000034,NDXP  250327P20500000,NDXP  250327P20490000,validation,False,False,0,0,0,86,0,1516,available,False,2025-03-24T09:31:00-04:00,2025-03-27T15:59:00-04:00,10.0,-5852.959999999932,1.0,last_observed_quote_not_settlement,1036.0,1411,43,8.25,-2452.9599999999327,2025-03-24T09:32:00-04:00,0.0,8.5,-2952.9599999999327,2025-03-24T09:33:00-04:00,0.0,8.600000000000023,-3152.959999999978,2025-03-24T09:36:00-04:00,0.0,8.300000000000011,-2552.9599999999555,2025-03-24T09:41:00-04:00,0.0,,,2025-03-24T09:44:00-04:00,120.0,8.449999999999932,-2852.9599999997963,2025-03-24T10:01:00-04:00,0.0,7.850000000000023,-1652.9599999999766,2025-03-24T10:31:00-04:00,0.0,7.600000000000023,-1152.9599999999766,2025-03-24T11:31:00-04:00,0.0,8.199999999999989,-2352.95999999991,2025-03-24T16:00:00-04:00,0.0,7.600000000000023,-1152.9599999999766,2025-03-25T16:00:00-04:00,0.0,10.0,-5852.959999999932,2025-03-26T16:00:00-04:00,0.0,,,2025-03-27T15:59:00-04:00,60.0,3048.0,hit,,never_hit,,never_hit,,never_hit,,never_hit,,never_hit,,never_hit,1.0,hit,1.0,hit,0.0,hit,1.0,hit,25.0,hit,252.0,hit,,,True,True,True,False,2.099999999999966,,,True,True,True,False,2.099999999999966,,,True,True,True,False,2.099999999999966,,,True,True,True,False,2.099999999999966,,,,,,,,,,,,,,,,,,,,,,,,,,,,,,,,,,,,,,,,,,,,,,,,,,,,,,,,,,,,,,,,,2504
2025-03-25,2025-03-27,2,5.0,2025-03-25T09:31:00-04:00,4.900000000000006,NDXP  250327P20250000,NDXP  250327P20240000,validation,False,False,0,0,0,48,0,1150,available,False,2025-03-25T09:31:00-04:00,2025-03-27T15:59:00-04:00,10.0,-10352.959999999988,1.0,last_observed_quote_not_settlement,1036.0,720,33,4.899999999999977,-252.95999999994245,2025-03-25T09:32:00-04:00,0.0,4.699999999999989,147.0400000000348,2025-03-25T09:33:00-04:00,0.0,5.050000000000011,-552.9600000000107,2025-03-25T09:36:00-04:00,0.0,4.700000000000017,147.03999999997797,2025-03-25T09:41:00-04:00,0.0,5.0,-452.95999999998793,2025-03-25T09:46:00-04:00,0.0,4.800000000000011,-52.96000000001066,2025-03-25T10:01:00-04:00,0.0,4.299999999999997,947.0400000000177,2025-03-25T10:31:00-04:00,0.0,4.049999999999997,1447.0400000000177,2025-03-25T11:31:00-04:00,0.0,4.099999999999994,1347.0400000000234,2025-03-25T16:00:00-04:00,0.0,9.299999999999955,-9052.959999999897,2025-03-26T16:00:00-04:00,0.0,,,2025-03-27T15:59:00-04:00,60.0,,,,,0.0,hit,0.0,hit,72.0,hit,,never_hit,,never_hit,,never_hit,,never_hit,54.0,hit,54.0,hit,1468.0,hit,1468.0,hit,1589.0,hit,1658.0,hit,,,True,True,True,False,1.4999999999999716,,,True,True,True,False,1.4999999999999716,,,True,True,True,False,1.4999999999999716,,,True,True,True,False,1.4999999999999716,,,,,,,,,,,,,,,,,,,,,,,,,,,,,,,,,,,,,,,,,,,,,,,,,,,,,,,,,,,,,,,,,2505
2025-03-25,2025-03-27,2,6.0,2025-03-25T09:31:00-04:00,5.950000000000017,NDXP  250327P20340000,NDXP  250327P20330000,validation,False,False,0,0,0,89,0,1109,available,False,2025-03-25T09:31:00-04:00,2025-03-27T15:59:00-04:00,10.0,-8252.959999999965,1.0,last_observed_quote_not_settlement,1037.0,731,65,5.849999999999994,-52.959999999953816,2025-03-25T09:32:00-04:00,0.0,6.099999999999994,-552.9599999999539,2025-03-25T09:33:00-04:00,0.0,6.550000000000011,-1452.959999999988,2025-03-25T09:36:00-04:00,0.0,6.0,-352.9599999999652,2025-03-25T09:41:00-04:00,0.0,6.2999999999999545,-952.9599999998743,2025-03-25T09:46:00-04:00,0.0,7.149999999999977,-2652.9599999999195,2025-03-25T10:01:00-04:00,0.0,5.449999999999989,747.0400000000575,2025-03-25T10:31:00-04:00,0.0,5.25,1147.0400000000348,2025-03-25T11:31:00-04:00,0.0,5.300000000000011,1047.040000000012,2025-03-25T16:00:00-04:00,0.0,,,2025-03-26T15:59:00-04:00,60.0,,,2025-03-27T15:59:00-04:00,60.0,,,,,6.0,hit,35.0,hit,233.0,hit,,never_hit,,never_hit,,never_hit,,never_hit,3.0,hit,3.0,hit,3.0,hit,9.0,hit,9.0,hit,57.0,hit,,,True,True,True,False,2.0000000000000284,,,True,True,True,False,2.0000000000000284,,,True,True,True,False,2.0000000000000284,,,True,True,True,False,2.0000000000000284,,,,,,,,,,,,,,,,,,,,,,,,,,,,,,,,,,,,,,,,,,,,,,,,,,,,,,,,,,,,,,,,,2506
2025-03-25,2025-03-27,2,7.0,2025-03-25T09:31:00-04:00,7.000000000000028,NDXP  250327P20410000,NDXP  250327P20400000,validation,False,False,0,0,0,105,0,1093,available,False,2025-03-25T09:31:00-04:00,2025-03-27T15:59:00-04:00,10.0,-6152.959999999943,1.0,last_observed_quote_not_settlement,1037.0,779,164,6.950000000000017,-152.95999999997656,2025-03-25T09:32:00-04:00,0.0,7.0,-252.95999999994245,2025-03-25T09:33:00-04:00,0.0,6.850000000000023,47.04000000001208,2025-03-25T09:36:00-04:00,0.0,6.450000000000017,847.0400000000234,2025-03-25T09:41:00-04:00,0.0,6.900000000000006,-52.959999999953816,2025-03-25T09:46:00-04:00,0.0,7.100000000000023,-452.95999999998793,2025-03-25T10:01:00-04:00,0.0,5.599999999999994,2547.040000000069,2025-03-25T10:31:00-04:00,0.0,4.499999999999972,4747.040000000115,2025-03-25T11:31:00-04:00,0.0,5.550000000000011,2647.040000000035,2025-03-25T16:00:00-04:00,0.0,6.300000000000011,1147.0400000000348,2025-03-26T16:00:00-04:00,0.0,,,2025-03-27T15:59:00-04:00,60.0,,,,,42.0,hit,59.0,hit,69.0,hit,69.0,hit,,never_hit,,never_hit,,never_hit,6.0,hit,19.0,hit,0.0,hit,19.0,hit,19.0,hit,88.0,hit,9.000000000000057,22,True,True,True,True,,,,True,True,True,False,4.30000000000004,,,True,True,True,False,4.30000000000004,,,True,True,True,False,4.30000000000004,69.0,2025-03-25T10:40:00-04:00,2.9000000000000057,7947.040000000046,,,,,,,,,70.0,2025-03-25T10:41:00-04:00,8.300000000000011,-2852.959999999967,,,,,,,,,,,,,,,,,,,,,,,,,,,,,,,,,,,,,,,,,,,,,,,,,2507
2025-03-25,2025-03-28,3,5.0,2025-03-25T09:31:00-04:00,5.0,NDXP  250328P20300000,NDXP  250328P20290000,validation,False,False,0,0,0,57,0,1546,available,False,2025-03-25T09:31:00-04:00,2025-03-28T16:00:00-04:00,9.049999999999955,-8352.95999999991,0.0,last_observed_quote_not_settlement,1036.0,1206,86,5.300000000000011,-852.9600000000221,2025-03-25T09:32:00-04:00,0.0,5.0,-252.9599999999993,2025-03-25T09:33:00-04:00,0.0,5.349999999999994,-952.959999999988,2025-03-25T09:36:00-04:00,0.0,5.100000000000023,-452.9600000000448,2025-03-25T09:41:00-04:00,0.0,5.299999999999983,-852.9599999999652,2025-03-25T09:46:00-04:00,0.0,5.299999999999983,-852.9599999999652,2025-03-25T10:01:00-04:00,0.0,4.550000000000011,647.0399999999779,2025-03-25T10:31:00-04:00,0.0,4.5,747.0400000000006,2025-03-25T11:31:00-04:00,0.0,4.25,1247.0400000000006,2025-03-25T16:00:00-04:00,0.0,7.100000000000023,-4452.960000000045,2025-03-26T16:00:00-04:00,0.0,9.800000000000011,-9852.960000000023,2025-03-27T16:00:00-04:00,0.0,9.049999999999955,-8352.95999999991,2025-03-28T16:00:00-04:00,0.0,0.0,hit,0.0,hit,1545.0,hit,2935.0,hit,2935.0,hit,,never_hit,,never_hit,8.0,hit,24.0,hit,1465.0,hit,1468.0,hit,1709.0,hit,2882.0,hit,10.0,567,True,True,True,True,,10.0,567,True,True,True,True,,,,True,True,True,False,3.3000000000000114,,,True,True,True,False,3.3000000000000114,2935.0,2025-03-27T10:26:00-04:00,1.6999999999999886,6347.040000000024,,,,,,,,,2936.0,2025-03-27T10:27:00-04:00,5.5,-1252.9599999999994,2935.0,2025-03-27T10:26:00-04:00,1.6999999999999886,6347.040000000024,,,,,,,,,2936.0,2025-03-27T10:27:00-04:00,5.5,-1252.9599999999994,,,,,,,,,,,,,,,,,,,,,,,,,,,,,,,,,2508
2025-03-25,2025-03-28,3,6.0,2025-03-25T09:31:00-04:00,6.050000000000011,NDXP  250328P20370000,NDXP  250328P20360000,validation,False,False,0,0,0,75,0,1528,available,False,2025-03-25T09:31:00-04:00,2025-03-28T16:00:00-04:00,2.2000000000000455,7447.039999999933,0.0,last_observed_quote_not_settlement,1037.0,1031,99,5.949999999999989,-52.959999999953816,2025-03-25T09:32:00-04:00,0.0,6.0,-152.95999999997656,2025-03-25T09:33:00-04:00,0.0,6.500000000000028,-1152.9600000000335,2025-03-25T09:36:00-04:00,0.0,6.0,-152.95999999997656,2025-03-25T09:41:00-04:00,0.0,6.099999999999994,-352.9599999999652,2025-03-25T09:46:00-04:00,0.0,5.9500000000000455,-52.9600000000675,2025-03-25T10:01:00-04:00,0.0,5.599999999999966,647.0400000000916,2025-03-25T10:31:00-04:00,0.0,5.299999999999983,1247.0400000000575,2025-03-25T11:31:00-04:00,0.0,5.199999999999989,1447.0400000000461,2025-03-25T16:00:00-04:00,0.0,8.949999999999989,-6052.9599999999555,2025-03-26T16:00:00-04:00,0.0,9.799999999999955,-7752.959999999887,2025-03-27T16:00:00-04:00,0.0,2.2000000000000455,7447.039999999933,2025-03-28T16:00:00-04:00,0.0,65.0,hit,65.0,hit,1522.0,hit,1522.0,hit,3017.0,hit,3017.0,hit,,never_hit,31.0,hit,54.0,hit,40.0,hit,54.0,hit,54.0,hit,233.0,hit,9.950000000000017,99,True,True,True,True,,10.0,504,True,True,True,True,,10.0,504,True,True,True,True,,,,True,True,True,False,5.250000000000057,1522.0,2025-03-26T10:53:00-04:00,2.8999999999999773,6047.040000000069,,,,,,,,,1523.0,2025-03-26T10:54:00-04:00,7.5,-3152.9599999999764,3017.0,2025-03-27T11:48:00-04:00,0.7999999999999545,10247.040000000115,,,,,,,,,3018.0,2025-03-27T11:49:00-04:00,5.349999999999966,1147.0400000000916,3017.0,2025-03-27T11:48:00-04:00,0.7999999999999545,10247.040000000115,,,,,,,,,3018.0,2025-03-27T11:49:00-04:00,5.349999999999966,1147.0400000000916,,,,,,,,,,,,,,,,,2509
2025-03-25,2025-03-28,3,7.0,2025-03-25T09:31:00-04:00,6.949999999999989,NDXP  250328P20440000,NDXP  250328P20430000,validation,False,False,0,0,0,126,0,1477,available,False,2025-03-25T09:31:00-04:00,2025-03-28T16:00:00-04:00,10.0,-6252.960000000023,0.0,last_observed_quote_not_settlement,1036.0,1055,152,6.699999999999989,247.04000000000067,2025-03-25T09:32:00-04:00,0.0,6.649999999999977,347.04000000002344,2025-03-25T09:33:00-04:00,0.0,6.7999999999999545,47.04000000006892,2025-03-25T09:36:00-04:00,0.0,6.949999999999989,-252.9599999999993,2025-03-25T09:41:00-04:00,0.0,6.75,147.03999999997797,2025-03-25T09:46:00-04:00,0.0,6.600000000000023,447.0399999999325,2025-03-25T10:01:00-04:00,0.0,6.399999999999977,847.0400000000234,2025-03-25T10:31:00-04:00,0.0,6.299999999999983,1047.040000000012,2025-03-25T11:31:00-04:00,0.0,6.549999999999983,547.040000000012,2025-03-25T16:00:00-04:00,0.0,,,2025-03-26T15:59:00-04:00,60.0,9.900000000000091,-6152.960000000206,2025-03-27T16:00:00-04:00,0.0,10.0,-6252.960000000023,2025-03-28T16:00:00-04:00,0.0,65.0,hit,65.0,hit,111.0,hit,111.0,hit,,never_hit,,never_hit,,never_hit,16.0,hit,51.0,hit,8.0,hit,51.0,hit,51.0,hit,162.0,hit,9.25,17,True,True,True,True,,,,True,True,True,False,4.5,,,True,True,True,False,4.5,,,True,True,True,False,4.5,111.0,2025-03-25T11:22:00-04:00,2.4499999999999886,8747.04,,,,,,,,,112.0,2025-03-25T11:23:00-04:00,6.200000000000017,1247.0399999999438,,,,,,,,,,,,,,,,,,,,,,,,,,,,,,,,,,,,,,,,,,,,,,,,,2510
2025-03-26,2025-03-28,2,5.0,2025-03-26T09:31:00-04:00,4.949999999999989,NDXP  250328P20300000,NDXP  250328P20290000,validation,False,False,0,0,0,57,0,1142,available,False,2025-03-26T09:31:00-04:00,2025-03-28T16:00:00-04:00,9.049999999999955,-8452.959999999932,0.0,last_observed_quote_not_settlement,1036.0,1068,21,4.899999999999977,-152.95999999997656,2025-03-26T09:32:00-04:00,0.0,5.050000000000011,-452.9600000000448,2025-03-26T09:33:00-04:00,0.0,4.849999999999994,-52.96000000001066,2025-03-26T09:36:00-04:00,0.0,4.75,147.03999999997797,2025-03-26T09:41:00-04:00,0.0,5.100000000000023,-552.9600000000676,2025-03-26T09:46:00-04:00,0.0,6.600000000000023,-3552.9600000000673,2025-03-26T10:01:00-04:00,0.0,5.849999999999966,-2052.9599999999537,2025-03-26T10:31:00-04:00,0.0,5.0,-352.96000000002203,2025-03-26T11:31:00-04:00,0.0,7.100000000000023,-4552.960000000067,2025-03-26T16:00:00-04:00,0.0,9.800000000000011,-9952.960000000046,2025-03-27T16:00:00-04:00,0.0,9.049999999999955,-8452.959999999932,2025-03-28T16:00:00-04:00,0.0,,,,,0.0,hit,0.0,hit,105.0,hit,1495.0,hit,1495.0,hit,,never_hit,,never_hit,18.0,hit,25.0,hit,25.0,hit,28.0,hit,269.0,hit,1442.0,hit,10.0,429,True,True,True,True,,10.0,429,True,True,True,True,,,,True,True,True,False,3.25,,,True,True,True,False,3.25,1495.0,2025-03-27T10:26:00-04:00,1.6999999999999886,6247.040000000001,,,,,,,,,1496.0,2025-03-27T10:27:00-04:00,5.5,-1352.960000000022,1495.0,2025-03-27T10:26:00-04:00,1.6999999999999886,6247.040000000001,,,,,,,,,1496.0,2025-03-27T10:27:00-04:00,5.5,-1352.960000000022,,,,,,,,,,,,,,,,,,,,,,,,,,,,,,,,,2511
2025-03-26,2025-03-28,2,6.0,2025-03-26T09:31:00-04:00,5.900000000000034,NDXP  250328P20380000,NDXP  250328P20370000,validation,False,False,0,0,0,70,0,1129,available,False,2025-03-26T09:31:00-04:00,2025-03-28T16:00:00-04:00,10.0,-8352.95999999993,0.0,last_observed_quote_not_settlement,1036.0,997,83,6.049999999999983,-552.959999999897,2025-03-26T09:32:00-04:00,0.0,6.049999999999983,-552.959999999897,2025-03-26T09:33:00-04:00,0.0,5.699999999999989,147.04000000009165,2025-03-26T09:36:00-04:00,0.0,5.800000000000011,-52.959999999953816,2025-03-26T09:41:00-04:00,0.0,6.099999999999966,-652.9599999998629,2025-03-26T09:46:00-04:00,0.0,7.300000000000011,-3052.9599999999537,2025-03-26T10:01:00-04:00,0.0,7.7999999999999545,-4052.95999999984,2025-03-26T10:31:00-04:00,0.0,8.150000000000034,-4752.960000000001,2025-03-26T11:31:00-04:00,0.0,9.449999999999989,-7352.95999999991,2025-03-26T16:00:00-04:00,0.0,10.0,-8352.95999999993,2025-03-27T16:00:00-04:00,0.0,10.0,-8352.95999999993,2025-03-28T16:00:00-04:00,0.0,,,,,69.0,hit,69.0,hit,69.0,hit,1486.0,hit,1808.0,hit,1808.0,hit,,never_hit,18.0,hit,18.0,hit,18.0,hit,42.0,hit,101.0,hit,101.0,hit,10.0,407,True,True,True,True,,10.0,650,True,True,True,True,,10.0,650,True,True,True,True,,,,True,True,True,False,4.949999999999989,1486.0,2025-03-27T10:17:00-04:00,2.6499999999999773,6247.040000000115,,,,,,,,,1487.0,2025-03-27T10:18:00-04:00,9.5,-7452.959999999933,1808.0,2025-03-27T15:39:00-04:00,0.9500000000000455,9647.039999999979,,,,,,,,,1809.0,2025-03-27T15:40:00-04:00,4.75,2047.040000000069,,,,,,,,,,,,,,,,,,,,,,,,,,,,,,,,,2512
2025-03-26,2025-03-28,2,7.0,2025-03-26T09:31:00-04:00,7.100000000000023,NDXP  250328P20470000,NDXP  250328P20460000,validation,False,False,0,0,0,152,0,1047,available,False,2025-03-26T09:31:00-04:00,2025-03-28T16:00:00-04:00,8.25,-2552.9599999999555,0.0,last_observed_quote_not_settlement,1036.0,902,28,7.149999999999977,-352.95999999990835,2025-03-26T09:32:00-04:00,0.0,7.25,-552.9599999999539,2025-03-26T09:33:00-04:00,0.0,7.200000000000017,-452.95999999998793,2025-03-26T09:36:00-04:00,0.0,7.050000000000011,-152.95999999997656,2025-03-26T09:41:00-04:00,0.0,7.550000000000011,-1152.9599999999766,2025-03-26T09:46:00-04:00,0.0,8.200000000000045,-2452.9600000000464,2025-03-26T10:01:00-04:00,0.0,8.650000000000091,-3352.9600000001374,2025-03-26T10:31:00-04:00,0.0,8.449999999999932,-2952.959999999819,2025-03-26T11:31:00-04:00,0.0,0.2500000000001137,13447.039999999819,2025-03-26T16:00:00-04:00,0.0,9.900000000000091,-5852.960000000137,2025-03-27T16:00:00-04:00,0.0,8.25,-2552.9599999999555,2025-03-28T16:00:00-04:00,0.0,,,,,78.0,hit,78.0,hit,389.0,hit,389.0,hit,389.0,hit,389.0,hit,389.0,hit,6.0,hit,20.0,hit,0.0,hit,20.0,hit,20.0,hit,138.0,hit,9.900000000000091,338,True,True,True,True,,9.900000000000091,338,True,True,True,True,,9.900000000000091,338,True,True,True,True,,9.900000000000091,338,True,True,True,True,,389.0,2025-03-26T16:00:00-04:00,0.2500000000001137,13447.039999999819,,,,,,,,,390.0,2025-03-26T16:01:00-04:00,9.550000000000068,-5152.960000000092,389.0,2025-03-26T16:00:00-04:00,0.2500000000001137,13447.039999999819,,,,,,,,,390.0,2025-03-26T16:01:00-04:00,9.550000000000068,-5152.960000000092,389.0,2025-03-26T16:00:00-04:00,0.2500000000001137,13447.039999999819,,,,,,,,,390.0,2025-03-26T16:01:00-04:00,9.550000000000068,-5152.960000000092,389.0,2025-03-26T16:00:00-04:00,0.2500000000001137,13447.039999999819,,,,,,,,,390.0,2025-03-26T16:01:00-04:00,9.550000000000068,-5152.960000000092,2513
2025-03-28,2025-03-31,3,5.0,2025-03-28T09:31:00-04:00,5.0,NDXP  250331P19730000,NDXP  250331P19720000,validation,False,False,0,0,0,50,0,743,available,False,2025-03-28T09:31:00-04:00,2025-03-31T15:59:00-04:00,10.0,-10152.96,1.0,last_observed_quote_not_settlement,3916.0,681,2,5.049999999999983,-352.9599999999652,2025-03-28T09:32:00-04:00,0.0,5.0,-252.9599999999993,2025-03-28T09:33:00-04:00,0.0,5.049999999999983,-352.9599999999652,2025-03-28T09:36:00-04:00,0.0,4.700000000000017,347.0399999999666,2025-03-28T09:41:00-04:00,0.0,4.900000000000006,-52.96000000001066,2025-03-28T09:46:00-04:00,0.0,5.349999999999994,-952.959999999988,2025-03-28T10:01:00-04:00,0.0,6.850000000000023,-3952.9600000000446,2025-03-28T10:31:00-04:00,0.0,7.699999999999989,-5652.959999999976,2025-03-28T11:31:00-04:00,0.0,8.949999999999932,-8152.9599999998645,2025-03-28T16:00:00-04:00,0.0,,,2025-03-28T16:15:00-04:00,85500.0,,,2025-03-28T16:15:00-04:00,171900.0,,,2025-03-31T15:59:00-04:00,60.0,0.0,hit,0.0,hit,,never_hit,,never_hit,,never_hit,,never_hit,,never_hit,35.0,hit,38.0,hit,46.0,hit,87.0,hit,181.0,hit,237.0,hit,,,True,True,True,False,0.5500000000000114,,,True,True,True,False,0.5500000000000114,,,True,True,True,False,0.5500000000000114,,,True,True,True,False,0.5500000000000114,,,,,,,,,,,,,,,,,,,,,,,,,,,,,,,,,,,,,,,,,,,,,,,,,,,,,,,,,,,,,,,,,2514
2025-03-28,2025-03-31,3,6.0,2025-03-28T09:31:00-04:00,6.0,NDXP  250331P19830000,NDXP  250331P19820000,validation,False,False,0,0,0,71,0,722,available,False,2025-03-28T09:31:00-04:00,2025-03-31T15:59:00-04:00,10.0,-8152.96,1.0,last_observed_quote_not_settlement,3916.0,648,7,5.849999999999994,47.04000000001208,2025-03-28T09:32:00-04:00,0.0,5.849999999999994,47.04000000001208,2025-03-28T09:33:00-04:00,0.0,5.800000000000011,147.03999999997797,2025-03-28T09:36:00-04:00,0.0,5.599999999999994,547.040000000012,2025-03-28T09:41:00-04:00,0.0,5.899999999999977,-52.959999999953816,2025-03-28T09:46:00-04:00,0.0,6.150000000000006,-552.9600000000107,2025-03-28T10:01:00-04:00,0.0,8.100000000000023,-4452.960000000046,2025-03-28T10:31:00-04:00,0.0,8.799999999999955,-5852.95999999991,2025-03-28T11:31:00-04:00,0.0,9.0,-6252.960000000001,2025-03-28T16:00:00-04:00,0.0,,,2025-03-28T16:15:00-04:00,85500.0,,,2025-03-28T16:15:00-04:00,171900.0,,,2025-03-31T15:59:00-04:00,60.0,12.0,hit,,never_hit,,never_hit,,never_hit,,never_hit,,never_hit,,never_hit,28.0,hit,28.0,hit,28.0,hit,53.0,hit,58.0,hit,137.0,hit,,,True,True,True,False,0.8999999999999773,,,True,True,True,False,0.8999999999999773,,,True,True,True,False,0.8999999999999773,,,True,True,True,False,0.8999999999999773,,,,,,,,,,,,,,,,,,,,,,,,,,,,,,,,,,,,,,,,,,,,,,,,,,,,,,,,,,,,,,,,,2515
2025-03-28,2025-03-31,3,7.0,2025-03-28T09:31:00-04:00,7.0,NDXP  250331P19940000,NDXP  250331P19930000,validation,False,False,0,0,0,45,0,748,available,False,2025-03-28T09:31:00-04:00,2025-03-31T15:59:00-04:00,10.0,-6152.96,1.0,last_observed_quote_not_settlement,3916.0,670,30,5.75,2247.040000000001,2025-03-28T09:32:00-04:00,0.0,7.350000000000023,-952.9600000000448,2025-03-28T09:33:00-04:00,0.0,7.350000000000023,-952.9600000000448,2025-03-28T09:36:00-04:00,0.0,6.199999999999989,1347.0400000000234,2025-03-28T09:41:00-04:00,0.0,6.600000000000023,547.0399999999552,2025-03-28T09:46:00-04:00,0.0,6.600000000000023,547.0399999999552,2025-03-28T10:01:00-04:00,0.0,8.600000000000023,-3452.9600000000464,2025-03-28T10:31:00-04:00,0.0,10.0,-6152.96,2025-03-28T11:31:00-04:00,0.0,,,2025-03-28T15:59:00-04:00,60.0,,,2025-03-28T16:15:00-04:00,85500.0,,,2025-03-28T16:15:00-04:00,171900.0,,,2025-03-31T15:59:00-04:00,60.0,91.0,hit,91.0,hit,210.0,hit,210.0,hit,210.0,hit,,never_hit,,never_hit,25.0,hit,38.0,hit,0.0,hit,38.0,hit,56.0,hit,64.0,hit,10.0,161,True,True,True,True,,10.0,161,True,True,True,True,,,,True,True,True,False,5.0,,,True,True,True,False,5.0,210.0,2025-03-28T13:01:00-04:00,2.0,9747.04,,,,,,,,,211.0,2025-03-28T13:02:00-04:00,9.549999999999955,-5352.95999999991,,,,,,,,,,,,,,,,,,,,,,,,,,,,,,,,,,,,,,,,,,,,,,,,,2516
2025-03-31,2025-04-02,2,5.0,2025-03-31T09:31:00-04:00,5.0,NDXP  250402P19000000,NDXP  250402P18990000,validation,False,False,0,0,10,37,0,1116,available,False,2025-03-31T09:31:00-04:00,2025-04-02T15:23:00-04:00,0.0,9747.04,37.0,last_observed_quote_not_settlement,1036.0,68,34,5.0,-252.9599999999993,2025-03-31T09:32:00-04:00,0.0,4.949999999999989,-152.95999999997656,2025-03-31T09:33:00-04:00,0.0,6.0,-2252.959999999999,2025-03-31T09:36:00-04:00,0.0,5.7000000000000455,-1652.9600000000903,2025-03-31T09:41:00-04:00,0.0,5.9500000000000455,-2152.96000000009,2025-03-31T09:46:00-04:00,0.0,5.449999999999989,-1152.9599999999766,2025-03-31T10:01:00-04:00,0.0,5.200000000000017,-652.9600000000335,2025-03-31T10:31:00-04:00,0.0,4.600000000000023,547.0399999999552,2025-03-31T11:31:00-04:00,0.0,2.5,4747.040000000001,2025-03-31T16:00:00-04:00,0.0,0.8000000000000007,8147.04,2025-04-01T16:00:00-04:00,0.0,,,2025-04-02T15:23:00-04:00,2220.0,,,,,0.0,hit,0.0,hit,51.0,hit,51.0,hit,78.0,hit,1577.0,hit,2910.0,hit,5.0,hit,5.0,hit,46.0,hit,46.0,hit,,never_hit,,never_hit,8.899999999999977,36,True,True,False,False,,8.899999999999977,55,True,True,False,False,,8.899999999999977,67,True,True,False,False,,8.899999999999977,68,True,True,False,False,,51.0,2025-03-31T10:22:00-04:00,2.6000000000000227,4547.039999999955,312.0,2025-03-31T14:43:00-04:00,2.9499999999999886,3847.0400000000236,343.0,2025-03-31T15:14:00-04:00,2.8499999999999943,4047.040000000012,52.0,2025-03-31T10:23:00-04:00,7.349999999999994,-4952.959999999988,78.0,2025-03-31T10:49:00-04:00,1.3500000000000227,7047.039999999955,1531.0,2025-04-01T11:02:00-04:00,1.7999999999999972,6147.040000000006,1532.0,2025-04-01T11:03:00-04:00,1.7999999999999972,6147.040000000006,79.0,2025-03-31T10:50:00-04:00,5.0,-252.9599999999993,1600.0,2025-04-01T12:11:00-04:00,0.9499999999999993,7847.040000000002,1607.0,2025-04-01T12:18:00-04:00,0.8999999999999986,7947.040000000004,1608.0,2025-04-01T12:19:00-04:00,0.8999999999999986,7947.040000000004,1601.0,2025-04-01T12:12:00-04:00,1.0500000000000007,7647.039999999999,2911.0,2025-04-02T10:02:00-04:00,0.40000000000000036,8947.04,2912.0,2025-04-02T10:03:00-04:00,0.39999999999999947,8947.040000000003,2913.0,2025-04-02T10:04:00-04:00,0.35000000000000053,9047.04,2912.0,2025-04-02T10:03:00-04:00,0.39999999999999947,8947.040000000003,2517
2025-03-31,2025-04-02,2,6.0,2025-03-31T09:31:00-04:00,6.0,NDXP  250402P19200000,NDXP  250402P19190000,validation,False,False,0,0,14,5,0,1165,available,False,2025-03-31T09:31:00-04:00,2025-04-02T15:32:00-04:00,0.024999999999999994,11697.04,28.0,last_observed_quote_not_settlement,1036.0,137,70,6.399999999999977,-1052.9599999999539,2025-03-31T09:32:00-04:00,0.0,6.25,-752.9599999999994,2025-03-31T09:33:00-04:00,0.0,7.0499999999999545,-2352.959999999908,2025-03-31T09:36:00-04:00,0.0,8.0,-4252.960000000001,2025-03-31T09:41:00-04:00,0.0,6.75,-1752.9599999999994,2025-03-31T09:46:00-04:00,0.0,6.75,-1752.9599999999994,2025-03-31T10:01:00-04:00,0.0,7.350000000000023,-2952.9600000000446,2025-03-31T10:31:00-04:00,0.0,6.25,-752.9599999999994,2025-03-31T11:31:00-04:00,0.0,4.099999999999994,3547.0400000000122,2025-03-31T16:00:00-04:00,0.0,1.5,8747.04,2025-04-01T16:00:00-04:00,0.0,,,2025-04-02T15:32:00-04:00,1680.0,,,,,12.0,hit,12.0,hit,27.0,hit,112.0,hit,1607.0,hit,2967.0,hit,2992.0,hit,3.0,hit,3.0,hit,3.0,hit,10.0,hit,61.0,hit,61.0,hit,9.850000000000023,98,True,True,True,True,,9.850000000000023,137,True,True,True,True,,9.850000000000023,137,True,True,True,True,,9.850000000000023,137,True,True,True,True,,112.0,2025-03-31T11:23:00-04:00,2.1999999999999886,7347.040000000024,1540.0,2025-04-01T11:11:00-04:00,2.8999999999999915,5947.040000000018,1541.0,2025-04-01T11:12:00-04:00,2.75,6247.040000000001,113.0,2025-03-31T11:24:00-04:00,6.850000000000023,-1952.9600000000448,1608.0,2025-04-01T12:19:00-04:00,1.8000000000000114,8147.039999999978,1829.0,2025-04-01T16:00:00-04:00,1.5,8747.04,1830.0,2025-04-01T16:01:00-04:00,1.9499999999999957,7847.040000000009,1609.0,2025-04-01T12:20:00-04:00,2.0,7747.040000000001,2967.0,2025-04-02T10:58:00-04:00,0.8999999999999986,9947.040000000005,2968.0,2025-04-02T10:59:00-04:00,0.8500000000000014,10047.039999999999,2969.0,2025-04-02T11:00:00-04:00,0.7999999999999989,10147.040000000005,2968.0,2025-04-02T10:59:00-04:00,0.8500000000000014,10047.039999999999,2996.0,2025-04-02T11:27:00-04:00,0.40000000000000036,10947.04,2997.0,2025-04-02T11:28:00-04:00,0.40000000000000036,10947.04,3004.0,2025-04-02T11:35:00-04:00,0.40000000000000036,10947.04,2997.0,2025-04-02T11:28:00-04:00,0.40000000000000036,10947.04,2518
2025-03-31,2025-04-02,2,7.0,2025-03-31T09:31:00-04:00,7.0499999999999545,NDXP  250402P19540000,NDXP  250402P19530000,validation,False,False,0,0,2,8,0,1187,available,False,2025-03-31T09:31:00-04:00,2025-04-02T15:57:00-04:00,0.37500000000000006,13097.03999999991,3.0,last_observed_quote_not_settlement,1036.0,589,163,8.5,-3152.960000000092,2025-03-31T09:32:00-04:00,0.0,,,2025-03-31T09:32:00-04:00,60.0,7.900000000000091,-1952.9600000002722,2025-03-31T09:36:00-04:00,0.0,9.099999999999909,-4352.95999999991,2025-03-31T09:41:00-04:00,0.0,,,2025-03-31T09:45:00-04:00,60.0,8.600000000000023,-3352.9600000001374,2025-03-31T10:01:00-04:00,0.0,8.950000000000045,-4052.960000000183,2025-03-31T10:31:00-04:00,0.0,7.150000000000091,-452.96000000027215,2025-03-31T11:31:00-04:00,0.0,6.800000000000011,247.039999999887,2025-03-31T16:00:00-04:00,0.0,7.200000000000017,-552.9600000001244,2025-04-01T16:00:00-04:00,0.0,,,2025-04-02T15:57:00-04:00,180.0,,,,,147.0,hit,198.0,hit,362.0,hit,3078.0,hit,3094.0,hit,3262.0,hit,3265.0,hit,1.0,hit,1.0,hit,0.0,hit,1.0,hit,4.0,hit,13.0,hit,9.950000000000045,562,True,True,True,True,,9.950000000000045,562,True,True,True,True,,9.950000000000045,589,True,True,True,True,,9.950000000000045,589,True,True,True,True,,3079.0,2025-04-02T12:50:00-04:00,2.25,9347.03999999991,3080.0,2025-04-02T12:51:00-04:00,2.3000000000000007,9247.03999999991,3081.0,2025-04-02T12:52:00-04:00,2.3500000000000014,9147.039999999908,3080.0,2025-04-02T12:51:00-04:00,2.3000000000000007,9247.03999999991,3094.0,2025-04-02T13:05:00-04:00,1.8500000000000014,10147.039999999908,3095.0,2025-04-02T13:06:00-04:00,1.8500000000000014,10147.039999999908,3096.0,2025-04-02T13:07:00-04:00,1.7000000000000028,10447.039999999904,3095.0,2025-04-02T13:06:00-04:00,1.8500000000000014,10147.039999999908,3262.0,2025-04-02T15:53:00-04:00,0.8999999999999999,12047.03999999991,3263.0,2025-04-02T15:54:00-04:00,0.7500000000000002,12347.03999999991,3264.0,2025-04-02T15:55:00-04:00,0.8499999999999996,12147.039999999912,3263.0,2025-04-02T15:54:00-04:00,0.7500000000000002,12347.03999999991,3265.0,2025-04-02T15:56:00-04:00,0.35,13147.03999999991,3266.0,2025-04-02T15:57:00-04:00,0.37500000000000006,13097.03999999991,,,,,3266.0,2025-04-02T15:57:00-04:00,0.37500000000000006,13097.03999999991,2519
2025-03-31,2025-04-03,3,5.0,2025-03-31T09:31:00-04:00,5.0,NDXP  250403P19110000,NDXP  250403P19100000,validation,False,False,0,0,0,46,0,1554,available,False,2025-03-31T09:31:00-04:00,2025-04-03T15:59:00-04:00,6.4500000000000455,-3152.96000000009,1.0,last_observed_quote_not_settlement,1036.0,476,66,5.75,-1752.9599999999994,2025-03-31T09:32:00-04:00,0.0,5.849999999999966,-1952.9599999999311,2025-03-31T09:33:00-04:00,0.0,5.149999999999977,-552.9599999999539,2025-03-31T09:36:00-04:00,0.0,5.7999999999999545,-1852.9599999999084,2025-03-31T09:41:00-04:00,0.0,6.350000000000023,-2952.9600000000446,2025-03-31T09:46:00-04:00,0.0,5.449999999999932,-1152.959999999863,2025-03-31T10:01:00-04:00,0.0,5.949999999999989,-2152.9599999999764,2025-03-31T10:31:00-04:00,0.0,5.699999999999932,-1652.959999999863,2025-03-31T11:31:00-04:00,0.0,3.5999999999999943,2547.0400000000122,2025-03-31T16:00:00-04:00,0.0,5.049999999999997,-352.9599999999936,2025-04-01T16:00:00-04:00,0.0,3.8999999999999986,1947.0400000000036,2025-04-02T16:00:00-04:00,0.0,,,2025-04-03T15:59:00-04:00,60.0,0.0,hit,0.0,hit,16.0,hit,65.0,hit,2908.0,hit,3283.0,hit,,never_hit,1.0,hit,12.0,hit,20.0,hit,48.0,hit,48.0,hit,4357.0,hit,9.399999999999977,58,True,True,True,True,,9.399999999999977,178,True,True,True,True,,9.399999999999977,178,True,True,True,True,,,,True,True,True,False,4.300000000000001,1530.0,2025-04-01T11:01:00-04:00,2.299999999999997,5147.040000000006,1537.0,2025-04-01T11:08:00-04:00,2.9000000000000057,3947.0399999999895,1538.0,2025-04-01T11:09:00-04:00,2.9499999999999886,3847.0400000000236,1531.0,2025-04-01T11:02:00-04:00,2.950000000000003,3847.039999999995,2908.0,2025-04-02T09:59:00-04:00,1.1499999999999915,7447.040000000018,3008.0,2025-04-02T11:39:00-04:00,1.8000000000000114,6147.039999999978,3044.0,2025-04-02T12:15:00-04:00,1.9499999999999957,5847.040000000009,2909.0,2025-04-02T10:00:00-04:00,2.5,4747.040000000001,3284.0,2025-04-02T16:15:00-04:00,0.6999999999999993,8347.040000000003,,,,,,,,,,,,,,,,,,,,,,,,,,,,,2520
2025-03-31,2025-04-03,3,6.0,2025-03-31T09:31:00-04:00,6.0,NDXP  250403P19210000,NDXP  250403P19200000,validation,False,False,0,0,0,61,0,1540,available,False,2025-03-31T09:31:00-04:00,2025-04-03T15:59:00-04:00,10.0,-8152.96,1.0,last_observed_quote_not_settlement,1036.0,368,95,6.099999999999966,-452.9599999999311,2025-03-31T09:32:00-04:00,0.0,6.5,-1252.9599999999994,2025-03-31T09:33:00-04:00,0.0,6.100000000000023,-452.9600000000448,2025-03-31T09:36:00-04:00,0.0,5.75,247.04000000000067,2025-03-31T09:41:00-04:00,0.0,8.649999999999977,-5552.9599999999555,2025-03-31T09:46:00-04:00,0.0,6.4500000000000455,-1152.9600000000903,2025-03-31T10:01:00-04:00,0.0,6.949999999999989,-2152.9599999999764,2025-03-31T10:31:00-04:00,0.0,5.2000000000000455,1347.0399999999097,2025-03-31T11:31:00-04:00,0.0,3.9000000000000057,3947.0399999999895,2025-03-31T16:00:00-04:00,0.0,3.1500000000000057,5447.039999999989,2025-04-01T16:00:00-04:00,0.0,,,2025-04-02T15:59:00-04:00,60.0,,,2025-04-03T15:59:00-04:00,60.0,35.0,hit,48.0,hit,48.0,hit,48.0,hit,48.0,hit,48.0,hit,2911.0,hit,2.0,hit,8.0,hit,8.0,hit,8.0,hit,21.0,hit,21.0,hit,9.850000000000023,35,True,True,True,True,,9.850000000000023,35,True,True,True,True,,9.850000000000023,35,True,True,True,True,,10.0,99,True,True,True,True,,48.0,2025-03-31T10:19:00-04:00,0.6999999999999318,10347.040000000137,56.0,2025-03-31T10:27:00-04:00,2.849999999999966,6047.040000000069,1608.0,2025-04-01T12:19:00-04:00,2.6500000000000057,6447.039999999989,49.0,2025-03-31T10:20:00-04:00,6.7000000000000455,-1652.9600000000903,48.0,2025-03-31T10:19:00-04:00,0.6999999999999318,10347.040000000137,3080.0,2025-04-02T12:51:00-04:00,1.7999999999999972,8147.040000000007,3081.0,2025-04-02T12:52:00-04:00,1.7999999999999972,8147.040000000007,49.0,2025-03-31T10:20:00-04:00,6.7000000000000455,-1652.9600000000903,48.0,2025-03-31T10:19:00-04:00,0.6999999999999318,10347.040000000137,,,,,,,,,49.0,2025-03-31T10:20:00-04:00,6.7000000000000455,-1652.9600000000903,2911.0,2025-04-02T10:02:00-04:00,0.3999999999999915,10947.040000000019,,,,,,,,,2912.0,2025-04-02T10:03:00-04:00,3.3499999999999943,5047.040000000012,2521
2025-03-31,2025-04-03,3,7.0,2025-03-31T09:31:00-04:00,7.049999999999727,NDXP  250403P20330000,NDXP  250403P20320000,validation,False,False,0,0,0,203,0,1396,available,False,2025-03-31T09:31:00-04:00,2025-04-03T15:59:00-04:00,10.0,-6052.960000000546,1.0,last_observed_quote_not_settlement,1036.0,1203,25,9.949999999999818,-6052.960000000183,2025-03-31T09:32:00-04:00,0.0,,,2025-03-31T09:32:00-04:00,60.0,9.900000000000091,-5952.9600000007285,2025-03-31T09:36:00-04:00,0.0,9.950000000000045,-6052.960000000546,2025-03-31T09:41:00-04:00,0.0,9.900000000000091,-5952.9600000007285,2025-03-31T09:46:00-04:00,0.0,,,2025-03-31T10:00:00-04:00,60.0,7.5,-1152.960000000545,2025-03-31T10:31:00-04:00,0.0,9.900000000000091,-5952.9600000007285,2025-03-31T11:31:00-04:00,0.0,9.799999999999955,-5752.960000000456,2025-03-31T16:00:00-04:00,0.0,,,2025-04-01T15:59:00-04:00,60.0,9.75,-5652.960000000547,2025-04-02T16:00:00-04:00,0.0,,,2025-04-03T15:59:00-04:00,60.0,61.0,hit,61.0,hit,61.0,hit,61.0,hit,61.0,hit,,never_hit,,never_hit,1.0,hit,1.0,hit,0.0,hit,1.0,hit,1.0,hit,1.0,hit,10.0,48,True,True,True,True,,10.0,48,True,True,True,True,,,,True,True,True,False,5.749999999999773,,,True,True,True,False,5.749999999999773,61.0,2025-03-31T10:32:00-04:00,1.2999999999999545,11247.039999999546,,,,,,,,,62.0,2025-03-31T10:33:00-04:00,9.350000000000136,-4852.9600000008195,61.0,2025-03-31T10:32:00-04:00,1.2999999999999545,11247.039999999546,,,,,,,,,62.0,2025-03-31T10:33:00-04:00,9.350000000000136,-4852.9600000008195,,,,,,,,,,,,,,,,,,,,,,,,,,,,,,,,,2522
2025-04-01,2025-04-03,2,5.0,2025-04-01T09:31:00-04:00,4.950000000000017,NDXP  250403P19220000,NDXP  250403P19210000,validation,False,False,0,0,0,67,0,1129,available,False,2025-04-01T09:31:00-04:00,2025-04-03T15:58:00-04:00,10.0,-10252.959999999965,2.0,last_observed_quote_not_settlement,1036.0,292,19,4.549999999999983,547.0400000000689,2025-04-01T09:32:00-04:00,0.0,4.450000000000017,747.0400000000006,2025-04-01T09:33:00-04:00,0.0,4.949999999999989,-252.95999999994245,2025-04-01T09:36:00-04:00,0.0,4.550000000000011,547.040000000012,2025-04-01T09:41:00-04:00,0.0,4.200000000000017,1247.0400000000006,2025-04-01T09:46:00-04:00,0.0,4.550000000000011,547.040000000012,2025-04-01T10:01:00-04:00,0.0,4.75,147.0400000000348,2025-04-01T10:31:00-04:00,0.0,3.450000000000017,2747.040000000001,2025-04-01T11:31:00-04:00,0.0,2.799999999999983,4047.040000000069,2025-04-01T16:00:00-04:00,0.0,4.1499999999999915,1347.0400000000518,2025-04-02T16:00:00-04:00,0.0,,,2025-04-03T15:58:00-04:00,120.0,,,,,0.0,hit,0.0,hit,14.0,hit,139.0,hit,1527.0,hit,1843.0,hit,,never_hit,2880.0,hit,2880.0,hit,2880.0,hit,2880.0,hit,2892.0,hit,2892.0,hit,5.400000000000006,20,False,False,False,False,,5.400000000000006,23,False,False,False,False,,5.400000000000006,24,False,False,False,False,,,,True,True,True,False,4.3000000000000185,167.0,2025-04-01T12:18:00-04:00,2.8499999999999943,3947.0400000000463,1539.0,2025-04-02T11:10:00-04:00,2.9499999999999886,3747.0400000000577,1551.0,2025-04-02T11:22:00-04:00,2.8500000000000085,3947.0400000000177,168.0,2025-04-01T12:19:00-04:00,3.0,3647.040000000035,1527.0,2025-04-02T10:58:00-04:00,1.549999999999983,6547.040000000069,1640.0,2025-04-02T12:51:00-04:00,1.8999999999999986,5847.040000000037,1641.0,2025-04-02T12:52:00-04:00,1.9000000000000057,5847.040000000024,1528.0,2025-04-02T10:59:00-04:00,2.950000000000003,3747.040000000029,1843.0,2025-04-02T16:14:00-04:00,0.6999999999999993,8247.040000000037,1844.0,2025-04-02T16:15:00-04:00,0.6499999999999986,8347.040000000039,,,,,1844.0,2025-04-02T16:15:00-04:00,0.6499999999999986,8347.040000000039,,,,,,,,,,,,,,,,,2523
2025-04-01,2025-04-03,2,6.0,2025-04-01T09:31:00-04:00,5.949999999999989,NDXP  250403P19400000,NDXP  250403P19390000,validation,False,False,0,0,0,52,0,1143,available,False,2025-04-01T09:31:00-04:00,2025-04-03T15:59:00-04:00,10.0,-8252.960000000021,1.0,last_observed_quote_not_settlement,1036.0,338,36,6.050000000000011,-452.9600000000448,2025-04-01T09:32:00-04:00,0.0,5.550000000000068,547.0399999998415,2025-04-01T09:33:00-04:00,0.0,6.099999999999966,-552.9599999999539,2025-04-01T09:36:00-04:00,0.0,5.999999999999943,-352.95999999990835,2025-04-01T09:41:00-04:00,0.0,5.300000000000011,1047.0399999999552,2025-04-01T09:46:00-04:00,0.0,4.600000000000023,2447.0399999999327,2025-04-01T10:01:00-04:00,0.0,6.150000000000034,-652.9600000000903,2025-04-01T10:31:00-04:00,0.0,4.800000000000011,2047.0399999999554,2025-04-01T11:31:00-04:00,0.0,0.5,10647.039999999979,2025-04-01T16:00:00-04:00,0.0,2.799999999999997,6047.039999999984,2025-04-02T16:00:00-04:00,0.0,,,2025-04-03T15:59:00-04:00,60.0,,,,,14.0,hit,30.0,hit,33.0,hit,33.0,hit,389.0,hit,389.0,hit,389.0,hit,45.0,hit,46.0,hit,46.0,hit,2880.0,hit,2880.0,hit,2881.0,hit,6.199999999999989,9,False,False,False,False,,7.350000000000023,41,True,False,False,False,,7.350000000000023,41,True,False,False,False,,7.350000000000023,41,True,False,False,False,,33.0,2025-04-01T10:04:00-04:00,2.4499999999999886,6747.040000000001,1640.0,2025-04-02T12:51:00-04:00,2.700000000000017,6247.039999999944,1641.0,2025-04-02T12:52:00-04:00,2.799999999999997,6047.039999999984,34.0,2025-04-01T10:05:00-04:00,6.0499999999999545,-452.9599999999311,389.0,2025-04-01T16:00:00-04:00,0.5,10647.039999999979,,,,,,,,,390.0,2025-04-01T16:01:00-04:00,4.150000000000006,3347.0399999999668,389.0,2025-04-01T16:00:00-04:00,0.5,10647.039999999979,,,,,,,,,390.0,2025-04-01T16:01:00-04:00,4.150000000000006,3347.0399999999668,,,,,,,,,,,,,,,,,2524
2025-04-01,2025-04-03,2,7.0,2025-04-01T09:31:00-04:00,7.0,NDXP  250403P19450000,NDXP  250403P19440000,validation,False,False,0,0,0,42,0,1153,available,False,2025-04-01T09:31:00-04:00,2025-04-03T15:59:00-04:00,10.0,-6152.96,1.0,last_observed_quote_not_settlement,1036.0,304,21,6.199999999999932,1347.040000000137,2025-04-01T09:32:00-04:00,0.0,5.899999999999977,1947.0400000000461,2025-04-01T09:33:00-04:00,0.0,6.849999999999966,47.04000000006892,2025-04-01T09:36:00-04:00,0.0,5.749999999999943,2247.0400000001146,2025-04-01T09:41:00-04:00,0.0,5.850000000000023,2047.0399999999554,2025-04-01T09:46:00-04:00,0.0,5.0,3747.040000000001,2025-04-01T10:01:00-04:00,0.0,5.550000000000011,2647.039999999978,2025-04-01T10:31:00-04:00,0.0,5.099999999999994,3547.0400000000122,2025-04-01T11:31:00-04:00,0.0,1.5500000000000114,10647.039999999979,2025-04-01T16:00:00-04:00,0.0,3.200000000000017,7347.039999999966,2025-04-02T16:00:00-04:00,0.0,,,2025-04-03T15:59:00-04:00,60.0,,,,,30.0,hit,30.0,hit,33.0,hit,33.0,hit,389.0,hit,2903.0,hit,,never_hit,47.0,hit,50.0,hit,0.0,hit,50.0,hit,2881.0,hit,2881.0,hit,7.0,0,True,False,False,False,,8.5,4,True,True,False,False,,9.75,20,True,True,True,True,,,,True,True,True,False,6.449999999999932,67.0,2025-04-01T10:38:00-04:00,2.8000000000000114,8147.039999999978,1657.0,2025-04-02T13:08:00-04:00,2.8499999999999943,8047.040000000012,1658.0,2025-04-02T13:09:00-04:00,2.6500000000000057,8447.03999999999,68.0,2025-04-01T10:39:00-04:00,6.149999999999977,1447.0400000000461,389.0,2025-04-01T16:00:00-04:00,1.5500000000000114,10647.039999999979,1844.0,2025-04-02T16:15:00-04:00,1.9499999999999957,9847.04000000001,,,,,390.0,2025-04-01T16:01:00-04:00,4.75,4247.040000000001,2903.0,2025-04-03T09:54:00-04:00,0.75,12247.04,2904.0,2025-04-03T09:55:00-04:00,0.5500000000000682,12647.039999999864,,,,,2904.0,2025-04-03T09:55:00-04:00,0.5500000000000682,12647.039999999864,,,,,,,,,,,,,,,,,2525
2025-04-01,2025-04-04,3,5.0,2025-04-01T09:31:00-04:00,5.0,NDXP  250404P19260000,NDXP  250404P19250000,validation,False,False,0,0,1,53,0,1547,available,False,2025-04-01T09:31:00-04:00,2025-04-04T15:59:00-04:00,10.0,-10152.96,1.0,last_observed_quote_not_settlement,1037.0,701,33,5.300000000000011,-852.9600000000221,2025-04-01T09:32:00-04:00,0.0,4.600000000000023,547.0399999999552,2025-04-01T09:33:00-04:00,0.0,5.199999999999989,-652.9599999999766,2025-04-01T09:36:00-04:00,0.0,5.0,-252.9599999999993,2025-04-01T09:41:00-04:00,0.0,4.600000000000023,547.0399999999552,2025-04-01T09:46:00-04:00,0.0,4.400000000000034,947.0399999999324,2025-04-01T10:01:00-04:00,0.0,4.649999999999977,447.0400000000462,2025-04-01T10:31:00-04:00,0.0,3.8000000000000114,2147.039999999978,2025-04-01T11:31:00-04:00,0.0,4.349999999999966,1047.0400000000689,2025-04-01T16:00:00-04:00,0.0,1.549999999999983,6647.0400000000345,2025-04-02T16:00:00-04:00,0.0,9.600000000000023,-9452.960000000046,2025-04-03T16:00:00-04:00,0.0,,,2025-04-04T15:59:00-04:00,60.0,0.0,hit,0.0,hit,84.0,hit,98.0,hit,98.0,hit,2936.0,hit,2936.0,hit,46.0,hit,59.0,hit,59.0,hit,2886.0,hit,2895.0,hit,2926.0,hit,7.25,17,True,False,False,False,,7.25,17,True,False,False,False,,9.600000000000023,59,True,True,True,True,,9.600000000000023,59,True,True,True,True,,98.0,2025-04-01T11:09:00-04:00,2.0,5747.040000000001,1471.0,2025-04-02T10:02:00-04:00,2.1999999999999886,5347.040000000024,1617.0,2025-04-02T12:28:00-04:00,2.8999999999999773,3947.0400000000463,99.0,2025-04-01T11:10:00-04:00,3.8999999999999773,1947.0400000000461,1829.0,2025-04-02T16:00:00-04:00,1.549999999999983,6647.0400000000345,1844.0,2025-04-02T16:15:00-04:00,1.75,6247.040000000001,,,,,1830.0,2025-04-02T16:01:00-04:00,3.0,3747.040000000001,2936.0,2025-04-03T10:27:00-04:00,0.14999999999997726,9447.040000000046,,,,,,,,,2937.0,2025-04-03T10:28:00-04:00,8.100000000000023,-6452.960000000046,2936.0,2025-04-03T10:27:00-04:00,0.14999999999997726,9447.040000000046,,,,,,,,,2937.0,2025-04-03T10:28:00-04:00,8.100000000000023,-6452.960000000046,2526
2025-04-01,2025-04-04,3,6.0,2025-04-01T09:31:00-04:00,6.0,NDXP  250404P19460000,NDXP  250404P19450000,validation,False,False,0,0,0,68,0,1533,available,False,2025-04-01T09:31:00-04:00,2025-04-04T15:59:00-04:00,10.0,-8152.96,1.0,last_observed_quote_not_settlement,1036.0,678,46,5.600000000000023,547.0399999999552,2025-04-01T09:32:00-04:00,0.0,5.75,247.04000000000067,2025-04-01T09:33:00-04:00,0.0,6.150000000000034,-552.9600000000676,2025-04-01T09:36:00-04:00,0.0,5.400000000000034,947.0399999999324,2025-04-01T09:41:00-04:00,0.0,5.25,1247.0400000000006,2025-04-01T09:46:00-04:00,0.0,3.550000000000068,4647.039999999864,2025-04-01T10:01:00-04:00,0.0,6.199999999999989,-652.9599999999766,2025-04-01T10:31:00-04:00,0.0,5.149999999999977,1447.0400000000461,2025-04-01T11:31:00-04:00,0.0,4.2999999999999545,3147.040000000092,2025-04-01T16:00:00-04:00,0.0,5.900000000000006,-52.96000000001066,2025-04-02T16:00:00-04:00,0.0,,,2025-04-03T15:59:00-04:00,60.0,,,2025-04-04T15:59:00-04:00,60.0,10.0,hit,30.0,hit,30.0,hit,1660.0,hit,1760.0,hit,1760.0,hit,1760.0,hit,33.0,hit,33.0,hit,33.0,hit,33.0,hit,2880.0,hit,2891.0,hit,8.800000000000011,30,True,True,False,False,,8.800000000000011,30,True,True,False,False,,8.800000000000011,30,True,True,False,False,,8.800000000000011,30,True,True,False,False,,1660.0,2025-04-02T13:11:00-04:00,2.9499999999999886,5847.040000000024,,,,,,,,,1661.0,2025-04-02T13:12:00-04:00,3.1499999999999773,5447.040000000046,1760.0,2025-04-02T14:51:00-04:00,0.05000000000001137,11647.039999999979,,,,,,,,,1761.0,2025-04-02T14:52:00-04:00,4.199999999999989,3347.0400000000236,1760.0,2025-04-02T14:51:00-04:00,0.05000000000001137,11647.039999999979,,,,,,,,,1761.0,2025-04-02T14:52:00-04:00,4.199999999999989,3347.0400000000236,1760.0,2025-04-02T14:51:00-04:00,0.05000000000001137,11647.039999999979,,,,,,,,,1761.0,2025-04-02T14:52:00-04:00,4.199999999999989,3347.0400000000236,2527
2025-04-01,2025-04-04,3,7.0,2025-04-01T09:31:00-04:00,7.0,NDXP  250404P19500000,NDXP  250404P19490000,validation,False,False,0,0,0,65,0,1536,available,False,2025-04-01T09:31:00-04:00,2025-04-04T15:59:00-04:00,10.0,-6152.96,1.0,last_observed_quote_not_settlement,1037.0,665,23,6.149999999999977,1447.0400000000461,2025-04-01T09:32:00-04:00,0.0,6.050000000000068,1647.0399999998642,2025-04-01T09:33:00-04:00,0.0,5.650000000000034,2447.0399999999327,2025-04-01T09:36:00-04:00,0.0,7.949999999999989,-2152.9599999999764,2025-04-01T09:41:00-04:00,0.0,6.649999999999977,447.0400000000462,2025-04-01T09:46:00-04:00,0.0,7.550000000000011,-1352.960000000022,2025-04-01T10:01:00-04:00,0.0,5.5,2747.040000000001,2025-04-01T10:31:00-04:00,0.0,5.0,3747.040000000001,2025-04-01T11:31:00-04:00,0.0,3.9499999999999886,5847.040000000024,2025-04-01T16:00:00-04:00,0.0,3.5,6747.040000000001,2025-04-02T16:00:00-04:00,0.0,,,2025-04-03T15:59:00-04:00,60.0,,,2025-04-04T15:59:00-04:00,60.0,60.0,hit,64.0,hit,64.0,hit,64.0,hit,3181.0,hit,,never_hit,,never_hit,10.0,hit,2881.0,hit,0.0,hit,2881.0,hit,2883.0,hit,2888.0,hit,7.949999999999989,4,True,False,False,False,,10.0,246,True,True,True,True,,,,True,True,True,False,5.699999999999932,,,True,True,True,False,5.699999999999932,64.0,2025-04-01T10:35:00-04:00,2.8500000000000227,8047.039999999955,1844.0,2025-04-02T16:15:00-04:00,2.700000000000003,8347.039999999995,,,,,65.0,2025-04-01T10:36:00-04:00,7.199999999999989,-652.9599999999766,3181.0,2025-04-03T14:32:00-04:00,1.3000000000000682,11147.039999999864,,,,,,,,,,,,,,,,,,,,,,,,,,,,,,,,,,,,,,,,,,,,,2528
2025-04-02,2025-04-04,2,5.0,2025-04-02T09:31:00-04:00,5.0,NDXP  250404P19270000,NDXP  250404P19260000,validation,False,False,0,0,0,56,0,1140,available,False,2025-04-02T09:31:00-04:00,2025-04-04T15:59:00-04:00,10.0,-10152.96,1.0,last_observed_quote_not_settlement,1037.0,685,17,5.599999999999966,-1452.9599999999311,2025-04-02T09:32:00-04:00,0.0,4.9500000000000455,-152.96000000009025,2025-04-02T09:33:00-04:00,0.0,4.550000000000011,647.0399999999779,2025-04-02T09:36:00-04:00,0.0,4.049999999999983,1647.0400000000348,2025-04-02T09:41:00-04:00,0.0,3.8000000000000114,2147.039999999978,2025-04-02T09:46:00-04:00,0.0,4.899999999999977,-52.959999999953816,2025-04-02T10:01:00-04:00,0.0,3.799999999999983,2147.040000000035,2025-04-02T10:31:00-04:00,0.0,2.8000000000000114,4147.039999999978,2025-04-02T11:31:00-04:00,0.0,3.8000000000000114,2147.039999999978,2025-04-02T16:00:00-04:00,0.0,9.849999999999909,-9952.959999999819,2025-04-03T16:00:00-04:00,0.0,,,2025-04-04T15:59:00-04:00,60.0,,,,,0.0,hit,0.0,hit,8.0,hit,116.0,hit,372.0,hit,1460.0,hit,1460.0,hit,1.0,hit,320.0,hit,1440.0,hit,1440.0,hit,1445.0,hit,1521.0,hit,5.599999999999966,3,False,False,False,False,,6.399999999999977,4,False,False,False,False,,9.200000000000045,19,True,True,True,True,,9.200000000000045,19,True,True,True,True,,120.0,2025-04-02T11:31:00-04:00,2.8000000000000114,4147.039999999978,168.0,2025-04-02T12:19:00-04:00,2.8499999999999943,4047.040000000012,169.0,2025-04-02T12:20:00-04:00,2.8999999999999773,3947.0400000000463,121.0,2025-04-02T11:32:00-04:00,3.0,3747.040000000001,372.0,2025-04-02T15:43:00-04:00,1.9499999999999886,5847.040000000024,404.0,2025-04-02T16:15:00-04:00,1.6500000000000057,6447.039999999989,,,,,373.0,2025-04-02T15:44:00-04:00,2.75,4247.040000000001,1460.0,2025-04-03T09:51:00-04:00,0.05000000000001137,9647.039999999979,,,,,,,,,1461.0,2025-04-03T09:52:00-04:00,8.299999999999955,-6852.95999999991,1460.0,2025-04-03T09:51:00-04:00,0.05000000000001137,9647.039999999979,,,,,,,,,1461.0,2025-04-03T09:52:00-04:00,8.299999999999955,-6852.95999999991,2529
2025-04-02,2025-04-04,2,6.0,2025-04-02T09:31:00-04:00,6.0,NDXP  250404P19450000,NDXP  250404P19440000,validation,False,False,0,0,1,56,0,1140,available,False,2025-04-02T09:31:00-04:00,2025-04-04T15:59:00-04:00,10.0,-8152.96,1.0,last_observed_quote_not_settlement,1037.0,677,25,6.2000000000000455,-652.9600000000903,2025-04-02T09:32:00-04:00,0.0,,,2025-04-02T09:32:00-04:00,60.0,5.650000000000034,447.0399999999325,2025-04-02T09:36:00-04:00,0.0,4.900000000000034,1947.0399999999324,2025-04-02T09:41:00-04:00,0.0,5.149999999999977,1447.0400000000461,2025-04-02T09:46:00-04:00,0.0,4.900000000000034,1947.0399999999324,2025-04-02T10:01:00-04:00,0.0,4.849999999999966,2047.040000000069,2025-04-02T10:31:00-04:00,0.0,5.5,747.0400000000006,2025-04-02T11:31:00-04:00,0.0,4.099999999999994,3547.0400000000122,2025-04-02T16:00:00-04:00,0.0,,,2025-04-03T15:59:00-04:00,60.0,,,2025-04-04T15:59:00-04:00,60.0,,,,,7.0,hit,10.0,hit,118.0,hit,118.0,hit,1508.0,hit,,never_hit,,never_hit,29.0,hit,29.0,hit,29.0,hit,29.0,hit,1441.0,hit,1449.0,hit,8.550000000000011,1,True,True,False,False,,9.849999999999909,47,True,True,True,True,,,,True,True,True,False,4.7999999999999545,,,True,True,True,False,4.7999999999999545,118.0,2025-04-02T11:29:00-04:00,2.1999999999999886,7347.040000000024,222.0,2025-04-02T13:13:00-04:00,2.9000000000000057,5947.039999999989,223.0,2025-04-02T13:14:00-04:00,2.8500000000000227,6047.039999999955,119.0,2025-04-02T11:30:00-04:00,4.199999999999989,3347.0400000000236,1508.0,2025-04-03T10:39:00-04:00,1.2000000000000455,9347.03999999991,,,,,,,,,1509.0,2025-04-03T10:40:00-04:00,10.0,-8152.96,,,,,,,,,,,,,,,,,,,,,,,,,,,,,,,,,2530
2025-04-02,2025-04-04,2,7.0,2025-04-02T09:31:00-04:00,7.0,NDXP  250404P19560000,NDXP  250404P19550000,validation,False,False,0,0,0,68,0,1129,available,False,2025-04-02T09:31:00-04:00,2025-04-04T15:59:00-04:00,10.0,-6152.96,1.0,last_observed_quote_not_settlement,1036.0,652,20,7.0,-252.9599999999993,2025-04-02T09:32:00-04:00,0.0,6.199999999999989,1347.0400000000234,2025-04-02T09:33:00-04:00,0.0,6.800000000000068,147.03999999986428,2025-04-02T09:36:00-04:00,0.0,5.550000000000011,2647.039999999978,2025-04-02T09:41:00-04:00,0.0,5.7999999999999545,2147.040000000092,2025-04-02T09:46:00-04:00,0.0,5.550000000000011,2647.039999999978,2025-04-02T10:01:00-04:00,0.0,5.199999999999989,3347.0400000000236,2025-04-02T10:31:00-04:00,0.0,5.350000000000023,3047.0399999999554,2025-04-02T11:31:00-04:00,0.0,4.099999999999994,5547.040000000012,2025-04-02T16:00:00-04:00,0.0,9.899999999999864,-6052.959999999728,2025-04-03T16:00:00-04:00,0.0,,,2025-04-04T15:59:00-04:00,60.0,,,,,19.0,hit,29.0,hit,200.0,hit,1453.0,hit,1495.0,hit,1495.0,hit,,never_hit,1440.0,hit,1440.0,hit,0.0,hit,1440.0,hit,1441.0,hit,1442.0,hit,10.0,11,True,True,True,True,,10.0,30,True,True,True,True,,10.0,30,True,True,True,True,,,,True,True,True,False,6.149999999999977,1464.0,2025-04-03T09:55:00-04:00,2.3500000000000227,9047.039999999955,1496.0,2025-04-03T10:27:00-04:00,1.5499999999999545,10647.040000000092,,,,,1465.0,2025-04-03T09:56:00-04:00,6.100000000000023,1547.0399999999552,1495.0,2025-04-03T10:26:00-04:00,0.8500000000000227,12047.039999999955,1496.0,2025-04-03T10:27:00-04:00,1.5499999999999545,10647.040000000092,,,,,1496.0,2025-04-03T10:27:00-04:00,1.5499999999999545,10647.040000000092,1495.0,2025-04-03T10:26:00-04:00,0.8500000000000227,12047.039999999955,,,,,,,,,1496.0,2025-04-03T10:27:00-04:00,1.5499999999999545,10647.040000000092,,,,,,,,,,,,,,,,,2531
2025-04-04,2025-04-07,3,5.0,2025-04-04T09:31:00-04:00,5.100000000000023,NDXP  250407P18710000,NDXP  250407P18700000,validation,False,False,0,0,2,99,0,691,available,False,2025-04-04T09:31:00-04:00,2025-04-07T15:58:00-04:00,10.0,-9952.959999999954,2.0,last_observed_quote_not_settlement,3916.0,604,19,7.7000000000000455,-5452.960000000045,2025-04-04T09:32:00-04:00,0.0,9.800000000000068,-9652.960000000092,2025-04-04T09:33:00-04:00,0.0,7.25,-4552.959999999954,2025-04-04T09:36:00-04:00,0.0,9.350000000000136,-8752.960000000228,2025-04-04T09:41:00-04:00,0.0,7.0,-4052.9599999999537,2025-04-04T09:46:00-04:00,0.0,8.399999999999977,-6852.95999999991,2025-04-04T10:01:00-04:00,0.0,9.099999999999909,-8252.959999999774,2025-04-04T10:31:00-04:00,0.0,8.149999999999977,-6352.95999999991,2025-04-04T11:31:00-04:00,0.0,9.900000000000091,-9852.960000000137,2025-04-04T16:00:00-04:00,0.0,,,2025-04-04T16:15:00-04:00,85500.0,,,2025-04-04T16:15:00-04:00,171900.0,,,2025-04-07T15:58:00-04:00,120.0,0.0,hit,50.0,hit,72.0,hit,72.0,hit,72.0,hit,142.0,hit,4581.0,hit,1.0,hit,1.0,hit,1.0,hit,2.0,hit,2.0,hit,2.0,hit,9.949999999999932,58,True,True,True,True,,9.949999999999932,58,True,True,True,True,,10.0,104,True,True,True,True,,10.0,500,True,True,True,True,,72.0,2025-04-04T10:43:00-04:00,1.4500000000000455,7047.039999999955,,,,,,,,,73.0,2025-04-04T10:44:00-04:00,9.700000000000045,-9452.960000000046,72.0,2025-04-04T10:43:00-04:00,1.4500000000000455,7047.039999999955,,,,,,,,,73.0,2025-04-04T10:44:00-04:00,9.700000000000045,-9452.960000000046,142.0,2025-04-04T11:53:00-04:00,0.7500000000001137,8447.039999999819,,,,,,,,,143.0,2025-04-04T11:54:00-04:00,8.000000000000114,-6052.960000000183,4581.0,2025-04-07T13:52:00-04:00,0.15000000000009095,9647.039999999864,,,,,,,,,4582.0,2025-04-07T13:53:00-04:00,10.0,-9952.959999999954,2532
2025-04-04,2025-04-07,3,6.0,2025-04-04T09:31:00-04:00,6.0,NDXP  250407P18190000,NDXP  250407P18180000,validation,False,False,0,0,2,62,0,728,available,False,2025-04-04T09:31:00-04:00,2025-04-07T15:59:00-04:00,10.0,-8152.96,1.0,last_observed_quote_not_settlement,3916.0,600,70,7.699999999999989,-3652.9599999999764,2025-04-04T09:32:00-04:00,0.0,4.5,2747.040000000001,2025-04-04T09:33:00-04:00,0.0,5.2999999999999545,1147.0400000000916,2025-04-04T09:36:00-04:00,0.0,4.75,2247.040000000001,2025-04-04T09:41:00-04:00,0.0,7.2000000000000455,-2652.96000000009,2025-04-04T09:46:00-04:00,0.0,6.100000000000023,-452.9600000000448,2025-04-04T10:01:00-04:00,0.0,3.5500000000000114,4647.039999999978,2025-04-04T10:31:00-04:00,0.0,8.400000000000034,-5052.960000000069,2025-04-04T11:31:00-04:00,0.0,,,2025-04-04T15:59:00-04:00,60.0,,,2025-04-04T16:15:00-04:00,85500.0,,,2025-04-04T16:15:00-04:00,171900.0,,,2025-04-07T15:59:00-04:00,60.0,2.0,hit,2.0,hit,48.0,hit,87.0,hit,87.0,hit,87.0,hit,87.0,hit,1.0,hit,1.0,hit,1.0,hit,65.0,hit,147.0,hit,186.0,hit,8.699999999999932,41,True,True,False,False,,8.699999999999932,41,True,True,False,False,,8.699999999999932,41,True,True,False,False,,8.699999999999932,41,True,True,False,False,,87.0,2025-04-04T10:58:00-04:00,0.20000000000004547,11347.03999999991,,,,,,,,,88.0,2025-04-04T10:59:00-04:00,7.2000000000000455,-2652.96000000009,87.0,2025-04-04T10:58:00-04:00,0.20000000000004547,11347.03999999991,,,,,,,,,88.0,2025-04-04T10:59:00-04:00,7.2000000000000455,-2652.96000000009,87.0,2025-04-04T10:58:00-04:00,0.20000000000004547,11347.03999999991,,,,,,,,,88.0,2025-04-04T10:59:00-04:00,7.2000000000000455,-2652.96000000009,87.0,2025-04-04T10:58:00-04:00,0.20000000000004547,11347.03999999991,,,,,,,,,88.0,2025-04-04T10:59:00-04:00,7.2000000000000455,-2652.96000000009,2533
2025-04-04,2025-04-07,3,7.0,2025-04-04T09:31:00-04:00,7.0,NDXP  250407P18470000,NDXP  250407P18460000,validation,False,False,0,0,1,82,0,709,available,False,2025-04-04T09:31:00-04:00,2025-04-07T15:59:00-04:00,10.0,-6152.96,1.0,last_observed_quote_not_settlement,3917.0,603,58,6.599999999999966,547.0400000000689,2025-04-04T09:32:00-04:00,0.0,6.600000000000136,547.0399999997278,2025-04-04T09:33:00-04:00,0.0,7.75,-1752.9599999999994,2025-04-04T09:36:00-04:00,0.0,7.100000000000023,-452.9600000000448,2025-04-04T09:41:00-04:00,0.0,6.75,247.04000000000067,2025-04-04T09:46:00-04:00,0.0,7.7999999999999545,-1852.9599999999084,2025-04-04T10:01:00-04:00,0.0,8.100000000000023,-2452.9600000000464,2025-04-04T10:31:00-04:00,0.0,9.599999999999909,-5452.959999999819,2025-04-04T11:31:00-04:00,0.0,9.899999999999864,-6052.959999999728,2025-04-04T16:00:00-04:00,0.0,,,2025-04-04T16:14:00-04:00,85560.0,,,2025-04-04T16:14:00-04:00,171960.0,,,2025-04-07T15:59:00-04:00,60.0,19.0,hit,62.0,hit,62.0,hit,62.0,hit,62.0,hit,62.0,hit,62.0,hit,3.0,hit,7.0,hit,0.0,hit,7.0,hit,7.0,hit,82.0,hit,9.25,39,True,True,True,True,,9.25,39,True,True,True,True,,9.25,39,True,True,True,True,,9.25,39,True,True,True,True,,62.0,2025-04-04T10:33:00-04:00,0.049999999999954525,13647.040000000092,,,,,,,,,63.0,2025-04-04T10:34:00-04:00,9.100000000000023,-4452.960000000046,62.0,2025-04-04T10:33:00-04:00,0.049999999999954525,13647.040000000092,,,,,,,,,63.0,2025-04-04T10:34:00-04:00,9.100000000000023,-4452.960000000046,62.0,2025-04-04T10:33:00-04:00,0.049999999999954525,13647.040000000092,,,,,,,,,63.0,2025-04-04T10:34:00-04:00,9.100000000000023,-4452.960000000046,62.0,2025-04-04T10:33:00-04:00,0.049999999999954525,13647.040000000092,,,,,,,,,63.0,2025-04-04T10:34:00-04:00,9.100000000000023,-4452.960000000046,2534
2025-04-07,2025-04-09,2,5.0,2025-04-07T09:31:00-04:00,4.850000000000136,NDXP  250409P17020000,NDXP  250409P17010000,validation,False,False,0,0,24,10,0,1091,available,False,2025-04-07T09:31:00-04:00,2025-04-09T15:11:00-04:00,0.04999999999999993,9347.040000000276,49.0,last_observed_quote_not_settlement,1036.0,48,59,3.9500000000000455,1547.0400000001825,2025-04-07T09:32:00-04:00,0.0,3.2000000000000455,3047.0400000001828,2025-04-07T09:33:00-04:00,0.0,4.949999999999932,-452.95999999959,2025-04-07T09:36:00-04:00,0.0,5.600000000000023,-1752.959999999772,2025-04-07T09:41:00-04:00,0.0,5.800000000000068,-2152.9599999998627,2025-04-07T09:46:00-04:00,0.0,3.1499999999999773,3147.040000000319,2025-04-07T10:01:00-04:00,0.0,5.75,-2052.9599999997263,2025-04-07T10:31:00-04:00,0.0,,,2025-04-07T11:30:00-04:00,60.0,3.25,2947.0400000002737,2025-04-07T16:00:00-04:00,0.0,4.0499999999999545,1347.0400000003644,2025-04-08T16:00:00-04:00,0.0,,,2025-04-09T15:11:00-04:00,2940.0,,,,,0.0,hit,0.0,hit,1.0,hit,22.0,hit,22.0,hit,72.0,hit,1487.0,hit,6.0,hit,34.0,hit,35.0,hit,35.0,hit,68.0,hit,,never_hit,5.850000000000023,17,False,False,False,False,,5.850000000000023,17,False,False,False,False,,9.350000000000023,24,True,True,True,True,,9.350000000000023,40,True,True,True,True,,22.0,2025-04-07T09:53:00-04:00,1.8500000000000227,5747.040000000228,43.0,2025-04-07T10:14:00-04:00,2.0,5447.040000000274,44.0,2025-04-07T10:15:00-04:00,2.25,4947.040000000274,23.0,2025-04-07T09:54:00-04:00,4.050000000000068,1347.040000000137,22.0,2025-04-07T09:53:00-04:00,1.8500000000000227,5747.040000000228,46.0,2025-04-07T10:17:00-04:00,1.5,6447.040000000274,47.0,2025-04-07T10:18:00-04:00,1.3000000000000114,6847.040000000251,23.0,2025-04-07T09:54:00-04:00,4.050000000000068,1347.040000000137,72.0,2025-04-07T10:43:00-04:00,0.75,7947.040000000274,1455.0,2025-04-08T09:46:00-04:00,0.8499999999999943,7747.040000000285,1456.0,2025-04-08T09:47:00-04:00,0.8000000000000043,7847.040000000265,73.0,2025-04-07T10:44:00-04:00,5.199999999999989,-952.9599999997038,1487.0,2025-04-08T10:18:00-04:00,0.4499999999999993,8547.040000000276,3116.0,2025-04-09T13:27:00-04:00,0.0,9447.040000000274,3120.0,2025-04-09T13:31:00-04:00,0.09999999999999964,9247.040000000276,1488.0,2025-04-08T10:19:00-04:00,0.5500000000000007,8347.040000000274,2535
2025-04-07,2025-04-09,2,6.0,2025-04-07T09:31:00-04:00,6.0,NDXP  250409P17200000,NDXP  250409P17190000,validation,False,False,0,0,13,17,0,1101,available,False,2025-04-07T09:31:00-04:00,2025-04-09T15:14:00-04:00,0.0,11747.04,46.0,last_observed_quote_not_settlement,1036.0,24,34,4.899999999999977,1947.0400000000461,2025-04-07T09:32:00-04:00,0.0,8.300000000000068,-4852.960000000137,2025-04-07T09:33:00-04:00,0.0,5.900000000000091,-52.96000000018119,2025-04-07T09:36:00-04:00,0.0,5.949999999999932,-152.95999999986287,2025-04-07T09:41:00-04:00,0.0,,,2025-04-07T09:45:00-04:00,60.0,4.2000000000000455,3347.03999999991,2025-04-07T10:01:00-04:00,0.0,,,2025-04-07T10:30:00-04:00,60.0,4.800000000000068,2147.0399999998644,2025-04-07T11:31:00-04:00,0.0,3.849999999999966,4047.040000000069,2025-04-07T16:00:00-04:00,0.0,1.3500000000000227,9047.039999999955,2025-04-08T16:00:00-04:00,0.0,,,2025-04-09T15:14:00-04:00,2760.0,,,,,1.0,hit,1.0,hit,17.0,hit,41.0,hit,44.0,hit,44.0,hit,44.0,hit,2.0,hit,2.0,hit,2.0,hit,2.0,hit,106.0,hit,106.0,hit,8.300000000000068,9,True,True,False,False,,8.300000000000068,9,True,True,False,False,,8.300000000000068,9,True,True,False,False,,8.300000000000068,9,True,True,False,False,,41.0,2025-04-07T10:12:00-04:00,2.099999999999966,7547.040000000069,44.0,2025-04-07T10:15:00-04:00,0.44999999999998863,10847.040000000025,45.0,2025-04-07T10:16:00-04:00,2.3000000000000114,7147.039999999978,42.0,2025-04-07T10:13:00-04:00,3.0,5747.040000000001,44.0,2025-04-07T10:15:00-04:00,0.44999999999998863,10847.040000000025,47.0,2025-04-07T10:18:00-04:00,1.7000000000000028,8347.039999999995,1442.0,2025-04-08T09:33:00-04:00,1.7000000000000028,8347.039999999995,45.0,2025-04-07T10:16:00-04:00,2.3000000000000114,7147.039999999978,44.0,2025-04-07T10:15:00-04:00,0.44999999999998863,10847.040000000025,1475.0,2025-04-08T10:06:00-04:00,0.7999999999999972,10147.040000000008,1497.0,2025-04-08T10:28:00-04:00,0.9000000000000057,9947.03999999999,45.0,2025-04-07T10:16:00-04:00,2.3000000000000114,7147.039999999978,44.0,2025-04-07T10:15:00-04:00,0.44999999999998863,10847.040000000025,3130.0,2025-04-09T13:41:00-04:00,0.10000000000000053,11547.04,3131.0,2025-04-09T13:42:00-04:00,0.14999999999999947,11447.040000000003,45.0,2025-04-07T10:16:00-04:00,2.3000000000000114,7147.039999999978,2536
2025-04-07,2025-04-09,2,7.0,2025-04-07T09:31:00-04:00,7.0,NDXP  250409P17570000,NDXP  250409P17560000,validation,False,False,0,0,15,38,0,1111,available,False,2025-04-07T09:31:00-04:00,2025-04-09T15:20:00-04:00,0.0,13747.04,40.0,last_observed_quote_not_settlement,1036.0,135,115,6.7999999999999545,147.04000000009165,2025-04-07T09:32:00-04:00,0.0,4.850000000000136,4047.039999999728,2025-04-07T09:33:00-04:00,0.0,7.199999999999818,-652.9599999996356,2025-04-07T09:36:00-04:00,0.0,8.699999999999818,-3652.959999999637,2025-04-07T09:41:00-04:00,0.0,7.5499999999999545,-1352.9599999999084,2025-04-07T09:46:00-04:00,0.0,5.2000000000000455,3347.03999999991,2025-04-07T10:01:00-04:00,0.0,7.599999999999909,-1452.9599999998175,2025-04-07T10:31:00-04:00,0.0,5.4500000000000455,2847.03999999991,2025-04-07T11:31:00-04:00,0.0,5.099999999999966,3547.040000000069,2025-04-07T16:00:00-04:00,0.0,7.300000000000068,-852.9600000001358,2025-04-08T16:00:00-04:00,0.0,,,2025-04-09T15:20:00-04:00,2400.0,,,,,2.0,hit,2.0,hit,35.0,hit,47.0,hit,57.0,hit,57.0,hit,57.0,hit,7.0,hit,7.0,hit,0.0,hit,7.0,hit,25.0,hit,1809.0,hit,9.350000000000023,9,True,True,True,True,,9.350000000000023,9,True,True,True,True,,9.350000000000023,9,True,True,True,True,,9.350000000000023,9,True,True,True,True,,47.0,2025-04-07T10:18:00-04:00,2.6999999999999886,8347.040000000025,1441.0,2025-04-08T09:32:00-04:00,2.900000000000034,7947.039999999933,1442.0,2025-04-08T09:33:00-04:00,2.8000000000000114,8147.039999999978,48.0,2025-04-07T10:19:00-04:00,3.3999999999999773,6947.040000000046,57.0,2025-04-07T10:28:00-04:00,0.3000000000000682,13147.039999999864,1480.0,2025-04-08T10:11:00-04:00,1.9499999999999886,9847.040000000025,1481.0,2025-04-08T10:12:00-04:00,1.9499999999999886,9847.040000000025,58.0,2025-04-07T10:29:00-04:00,3.7000000000000455,6347.03999999991,57.0,2025-04-07T10:28:00-04:00,0.3000000000000682,13147.039999999864,3119.0,2025-04-09T13:30:00-04:00,0.75,12247.04,3120.0,2025-04-09T13:31:00-04:00,0.5500000000000007,12647.04,58.0,2025-04-07T10:29:00-04:00,3.7000000000000455,6347.03999999991,57.0,2025-04-07T10:28:00-04:00,0.3000000000000682,13147.039999999864,3122.0,2025-04-09T13:33:00-04:00,0.40000000000000036,12947.04,3123.0,2025-04-09T13:34:00-04:00,0.4499999999999993,12847.040000000003,58.0,2025-04-07T10:29:00-04:00,3.7000000000000455,6347.03999999991,2537
2025-04-07,2025-04-10,3,5.0,2025-04-07T09:31:00-04:00,5.0,NDXP  250410P17210000,NDXP  250410P17200000,validation,False,False,0,0,77,38,0,1453,available,False,2025-04-07T09:31:00-04:00,2025-04-10T14:26:00-04:00,0.025000000000000022,9697.04,94.0,last_observed_quote_not_settlement,1036.0,84,118,7.2000000000000455,-4652.96000000009,2025-04-07T09:32:00-04:00,0.0,2.1000000000000227,5547.039999999955,2025-04-07T09:33:00-04:00,0.0,2.2999999999999545,5147.040000000092,2025-04-07T09:36:00-04:00,0.0,6.0499999999999545,-2352.959999999908,2025-04-07T09:41:00-04:00,0.0,,,2025-04-07T09:45:00-04:00,60.0,,,2025-04-07T10:00:00-04:00,60.0,7.7000000000000455,-5652.96000000009,2025-04-07T10:31:00-04:00,0.0,6.649999999999977,-3552.9599999999537,2025-04-07T11:31:00-04:00,0.0,3.849999999999966,2047.040000000069,2025-04-07T16:00:00-04:00,0.0,1.400000000000034,6947.039999999933,2025-04-08T16:00:00-04:00,0.0,,,2025-04-09T15:59:00-04:00,60.0,,,2025-04-10T14:26:00-04:00,5640.0,0.0,hit,0.0,hit,2.0,hit,2.0,hit,22.0,hit,22.0,hit,22.0,hit,1.0,hit,1.0,hit,1.0,hit,312.0,hit,,never_hit,,never_hit,7.2000000000000455,1,True,False,False,False,,7.2000000000000455,5,True,False,False,False,,7.2000000000000455,5,True,False,False,False,,7.2000000000000455,5,True,False,False,False,,2.0,2025-04-07T09:33:00-04:00,2.1000000000000227,5547.039999999955,42.0,2025-04-07T10:13:00-04:00,0.39999999999997726,8947.040000000046,47.0,2025-04-07T10:18:00-04:00,2.0,5747.040000000001,3.0,2025-04-07T09:34:00-04:00,4.800000000000068,147.03999999986428,22.0,2025-04-07T09:53:00-04:00,0.25,9247.04,42.0,2025-04-07T10:13:00-04:00,0.39999999999997726,8947.040000000046,1456.0,2025-04-08T09:47:00-04:00,1.5,6747.040000000001,23.0,2025-04-07T09:54:00-04:00,6.0,-2252.959999999999,22.0,2025-04-07T09:53:00-04:00,0.25,9247.04,1492.0,2025-04-08T10:23:00-04:00,0.700000000000017,8347.039999999968,3119.0,2025-04-09T13:30:00-04:00,0.0,9747.04,23.0,2025-04-07T09:54:00-04:00,6.0,-2252.959999999999,22.0,2025-04-07T09:53:00-04:00,0.25,9247.04,3120.0,2025-04-09T13:31:00-04:00,0.0,9747.04,3151.0,2025-04-09T14:02:00-04:00,0.3500000000000014,9047.039999999999,23.0,2025-04-07T09:54:00-04:00,6.0,-2252.959999999999,2538
2025-04-07,2025-04-10,3,6.0,2025-04-07T09:31:00-04:00,6.0,NDXP  250410P17340000,NDXP  250410P17330000,validation,False,False,0,0,5,28,0,1482,available,False,2025-04-07T09:31:00-04:00,2025-04-10T14:37:00-04:00,0.050000000000000044,11647.040000000003,83.0,last_observed_quote_not_settlement,1036.0,30,35,5.899999999999864,-52.95999999972644,2025-04-07T09:32:00-04:00,0.0,5.5,747.0400000000006,2025-04-07T09:33:00-04:00,0.0,,,2025-04-07T09:33:00-04:00,180.0,6.399999999999864,-1052.9599999997265,2025-04-07T09:41:00-04:00,0.0,0.7000000000000455,10347.03999999991,2025-04-07T09:46:00-04:00,0.0,,,2025-04-07T10:00:00-04:00,60.0,4.5,2747.040000000001,2025-04-07T10:31:00-04:00,0.0,,,2025-04-07T11:30:00-04:00,60.0,4.2000000000000455,3347.03999999991,2025-04-07T16:00:00-04:00,0.0,5.7000000000000455,347.03999999990975,2025-04-08T16:00:00-04:00,0.0,,,2025-04-09T15:59:00-04:00,60.0,,,2025-04-10T14:37:00-04:00,4980.0,2.0,hit,7.0,hit,7.0,hit,15.0,hit,15.0,hit,15.0,hit,303.0,hit,8.0,hit,8.0,hit,8.0,hit,8.0,hit,312.0,hit,312.0,hit,8.75,7,True,True,False,False,,8.75,7,True,True,False,False,,8.75,7,True,True,False,False,,8.75,15,True,True,False,False,,15.0,2025-04-07T09:46:00-04:00,0.7000000000000455,10347.03999999991,62.0,2025-04-07T10:33:00-04:00,2.8999999999999773,5947.040000000046,292.0,2025-04-07T14:23:00-04:00,2.7999999999999545,6147.040000000092,16.0,2025-04-07T09:47:00-04:00,6.300000000000182,-852.9600000003632,15.0,2025-04-07T09:46:00-04:00,0.7000000000000455,10347.03999999991,1464.0,2025-04-08T09:55:00-04:00,1.8999999999999915,7947.040000000018,1465.0,2025-04-08T09:56:00-04:00,1.9000000000000057,7947.039999999989,16.0,2025-04-07T09:47:00-04:00,6.300000000000182,-852.9600000003632,15.0,2025-04-07T09:46:00-04:00,0.7000000000000455,10347.03999999991,3139.0,2025-04-09T13:50:00-04:00,0.5999999999999943,10547.040000000014,3140.0,2025-04-09T13:51:00-04:00,0.6499999999999915,10447.040000000019,16.0,2025-04-07T09:47:00-04:00,6.300000000000182,-852.9600000003632,303.0,2025-04-07T14:34:00-04:00,0.35000000000002274,11047.039999999955,3149.0,2025-04-09T14:00:00-04:00,0.3999999999999986,10947.040000000005,3150.0,2025-04-09T14:01:00-04:00,0.09999999999999432,11547.040000000014,304.0,2025-04-07T14:35:00-04:00,5.100000000000023,1547.0399999999552,2539
2025-04-07,2025-04-10,3,7.0,2025-04-07T09:31:00-04:00,7.0,NDXP  250410P17650000,NDXP  250410P17640000,validation,False,False,0,0,10,101,0,1458,available,False,2025-04-07T09:31:00-04:00,2025-04-10T15:44:00-04:00,0.09999999999999998,13547.04,16.0,last_observed_quote_not_settlement,1037.0,63,84,7.800000000000068,-1852.9600000001358,2025-04-07T09:32:00-04:00,0.0,7.449999999999818,-1152.9599999996356,2025-04-07T09:33:00-04:00,0.0,7.099999999999909,-452.9599999998174,2025-04-07T09:36:00-04:00,0.0,7.2999999999999545,-852.9599999999084,2025-04-07T09:41:00-04:00,0.0,7.399999999999864,-1052.9599999997265,2025-04-07T09:46:00-04:00,0.0,,,2025-04-07T10:00:00-04:00,60.0,5.4500000000000455,2847.03999999991,2025-04-07T10:31:00-04:00,0.0,5.899999999999977,1947.0400000000461,2025-04-07T11:31:00-04:00,0.0,5.250000000000114,3247.0399999997735,2025-04-07T16:00:00-04:00,0.0,10.0,-6152.96,2025-04-08T16:00:00-04:00,0.0,0.5500000000000007,12647.04,2025-04-09T16:00:00-04:00,0.0,,,2025-04-10T15:44:00-04:00,960.0,23.0,hit,26.0,hit,26.0,hit,26.0,hit,56.0,hit,204.0,hit,3121.0,hit,1.0,hit,33.0,hit,0.0,hit,33.0,hit,33.0,hit,33.0,hit,7.850000000000136,11,True,False,False,False,,9.599999999999909,15,True,True,True,True,,9.599999999999909,20,True,True,True,True,,10.0,62,True,True,True,True,,42.0,2025-04-07T10:13:00-04:00,2.3999999999999773,8947.040000000046,205.0,2025-04-07T12:56:00-04:00,2.7999999999999545,8147.040000000091,206.0,2025-04-07T12:57:00-04:00,1.6000000000000227,10547.039999999955,43.0,2025-04-07T10:14:00-04:00,8.900000000000034,-4052.960000000069,56.0,2025-04-07T10:27:00-04:00,1.8500000000000227,10047.039999999955,1494.0,2025-04-08T10:25:00-04:00,1.299999999999983,11147.040000000035,3128.0,2025-04-09T13:39:00-04:00,1.5,10747.04,57.0,2025-04-07T10:28:00-04:00,5.100000000000023,3547.0399999999554,204.0,2025-04-07T12:55:00-04:00,0.5500000000001819,12647.039999999637,3132.0,2025-04-09T13:43:00-04:00,0.0,13747.04,3149.0,2025-04-09T14:00:00-04:00,0.7999999999999972,12147.040000000008,205.0,2025-04-07T12:56:00-04:00,2.7999999999999545,8147.040000000091,3121.0,2025-04-09T13:32:00-04:00,0.3500000000000085,13047.039999999985,3132.0,2025-04-09T13:43:00-04:00,0.0,13747.04,3225.0,2025-04-09T15:16:00-04:00,0.3500000000000014,13047.039999999999,3122.0,2025-04-09T13:33:00-04:00,1.25,11247.04,2540
2025-04-08,2025-04-10,2,5.0,2025-04-08T09:31:00-04:00,5.0,NDXP  250410P18180000,NDXP  250410P18170000,validation,False,False,0,0,6,89,0,1097,available,False,2025-04-08T09:31:00-04:00,2025-04-10T15:56:00-04:00,0.2749999999999999,9197.04,4.0,last_observed_quote_not_settlement,1036.0,500,125,5.199999999999989,-652.9599999999766,2025-04-08T09:32:00-04:00,0.0,5.050000000000011,-352.96000000002203,2025-04-08T09:33:00-04:00,0.0,5.199999999999989,-652.9599999999766,2025-04-08T09:36:00-04:00,0.0,5.199999999999989,-652.9599999999766,2025-04-08T09:41:00-04:00,0.0,5.050000000000068,-352.9600000001357,2025-04-08T09:46:00-04:00,0.0,4.7000000000000455,347.03999999990975,2025-04-08T10:01:00-04:00,0.0,4.649999999999977,447.0400000000462,2025-04-08T10:31:00-04:00,0.0,5.900000000000091,-2052.960000000181,2025-04-08T11:31:00-04:00,0.0,8.5,-7252.960000000001,2025-04-08T16:00:00-04:00,0.0,1.3999999999999986,6947.040000000004,2025-04-09T16:00:00-04:00,0.0,,,2025-04-10T15:56:00-04:00,240.0,,,,,0.0,hit,0.0,hit,3.0,hit,43.0,hit,51.0,hit,51.0,hit,237.0,hit,4.0,hit,18.0,hit,24.0,hit,24.0,hit,175.0,hit,195.0,hit,8.75,21,True,True,False,False,,8.75,21,True,True,False,False,,8.75,21,True,True,False,False,,9.900000000000091,140,True,True,True,True,,51.0,2025-04-08T10:22:00-04:00,0.8000000000000682,8147.0399999998635,1678.0,2025-04-09T13:29:00-04:00,0.0,9747.04,1705.0,2025-04-09T13:56:00-04:00,2.75,4247.040000000001,52.0,2025-04-08T10:23:00-04:00,4.5,747.0400000000006,51.0,2025-04-08T10:22:00-04:00,0.8000000000000682,8147.0399999998635,1685.0,2025-04-09T13:36:00-04:00,0.04999999999998295,9647.040000000035,1712.0,2025-04-09T14:03:00-04:00,1.5,6747.040000000001,52.0,2025-04-08T10:23:00-04:00,4.5,747.0400000000006,51.0,2025-04-08T10:22:00-04:00,0.8000000000000682,8147.0399999998635,1685.0,2025-04-09T13:36:00-04:00,0.04999999999998295,9647.040000000035,1793.0,2025-04-09T15:24:00-04:00,0.7999999999999972,8147.040000000007,52.0,2025-04-08T10:23:00-04:00,4.5,747.0400000000006,237.0,2025-04-08T13:28:00-04:00,0.15000000000009095,9447.039999999819,1825.0,2025-04-09T15:56:00-04:00,0.25,9247.04,,,,,238.0,2025-04-08T13:29:00-04:00,7.399999999999977,-5052.959999999954,2541
2025-04-08,2025-04-10,2,6.0,2025-04-08T09:31:00-04:00,6.0,NDXP  250410P18420000,NDXP  250410P18410000,validation,False,False,0,0,3,95,0,1094,available,False,2025-04-08T09:31:00-04:00,2025-04-10T15:58:00-04:00,7.450000000000003,-3152.960000000005,2.0,last_observed_quote_not_settlement,1036.0,581,153,,,2025-04-08T09:31:00-04:00,60.0,7.350000000000023,-2952.9600000000446,2025-04-08T09:33:00-04:00,0.0,0.8999999999999773,9947.040000000046,2025-04-08T09:36:00-04:00,0.0,6.0,-252.9599999999993,2025-04-08T09:41:00-04:00,0.0,6.149999999999977,-552.9599999999539,2025-04-08T09:46:00-04:00,0.0,4.599999999999966,2547.040000000069,2025-04-08T10:01:00-04:00,0.0,5.899999999999977,-52.959999999953816,2025-04-08T10:31:00-04:00,0.0,7.25,-2752.959999999999,2025-04-08T11:31:00-04:00,0.0,9.200000000000045,-6652.960000000092,2025-04-08T16:00:00-04:00,0.0,4.499999999999993,2747.040000000015,2025-04-09T16:00:00-04:00,0.0,,,2025-04-10T15:58:00-04:00,120.0,,,,,5.0,hit,5.0,hit,5.0,hit,5.0,hit,5.0,hit,5.0,hit,123.0,hit,2.0,hit,2.0,hit,2.0,hit,11.0,hit,11.0,hit,11.0,hit,7.350000000000023,3,True,False,False,False,,7.350000000000023,3,True,False,False,False,,7.350000000000023,3,True,False,False,False,,9.549999999999955,41,True,True,True,True,,5.0,2025-04-08T09:36:00-04:00,0.8999999999999773,9947.040000000046,1714.0,2025-04-09T14:05:00-04:00,2.6000000000000227,6547.039999999955,1734.0,2025-04-09T14:25:00-04:00,2.4000000000000057,6947.039999999989,6.0,2025-04-08T09:37:00-04:00,6.5,-1252.9599999999994,5.0,2025-04-08T09:36:00-04:00,0.8999999999999773,9947.040000000046,1743.0,2025-04-09T14:34:00-04:00,1.6499999999999773,8447.040000000046,1791.0,2025-04-09T15:22:00-04:00,1.5,8747.04,6.0,2025-04-08T09:37:00-04:00,6.5,-1252.9599999999994,5.0,2025-04-08T09:36:00-04:00,0.8999999999999773,9947.040000000046,1832.0,2025-04-09T16:03:00-04:00,0.0,11747.04,,,,,6.0,2025-04-08T09:37:00-04:00,6.5,-1252.9599999999994,123.0,2025-04-08T11:34:00-04:00,0.35000000000002274,11047.039999999955,1832.0,2025-04-09T16:03:00-04:00,0.0,11747.04,,,,,124.0,2025-04-08T11:35:00-04:00,4.949999999999932,1847.040000000137,2542
2025-04-08,2025-04-10,2,7.0,2025-04-08T09:31:00-04:00,6.9500000000000455,NDXP  250410P18620000,NDXP  250410P18610000,validation,False,False,0,0,2,118,0,1067,available,False,2025-04-08T09:31:00-04:00,2025-04-10T15:58:00-04:00,5.699999999999989,2247.0400000001146,2.0,last_observed_quote_not_settlement,1037.0,629,124,6.5,647.0400000000916,2025-04-08T09:32:00-04:00,0.0,,,2025-04-08T09:32:00-04:00,60.0,5.0,3647.040000000092,2025-04-08T09:36:00-04:00,0.0,7.2999999999999545,-952.9599999998175,2025-04-08T09:41:00-04:00,0.0,7.149999999999977,-652.9599999998629,2025-04-08T09:46:00-04:00,0.0,6.150000000000091,1347.0399999999097,2025-04-08T10:01:00-04:00,0.0,,,2025-04-08T10:29:00-04:00,120.0,2.599999999999909,8447.040000000274,2025-04-08T11:31:00-04:00,0.0,9.600000000000136,-5552.960000000183,2025-04-08T16:00:00-04:00,0.0,,,2025-04-09T15:59:00-04:00,60.0,,,2025-04-10T15:58:00-04:00,120.0,,,,,5.0,hit,5.0,hit,25.0,hit,25.0,hit,25.0,hit,27.0,hit,63.0,hit,4.0,hit,4.0,hit,4.0,hit,4.0,hit,4.0,hit,4.0,hit,9.750000000000114,15,True,True,True,True,,9.750000000000114,15,True,True,True,True,,9.750000000000114,16,True,True,True,True,,9.750000000000114,17,True,True,True,True,,25.0,2025-04-08T09:56:00-04:00,1.2000000000000455,11247.04,1740.0,2025-04-09T14:31:00-04:00,2.200000000000017,9247.040000000059,1741.0,2025-04-09T14:32:00-04:00,2.1999999999999886,9247.040000000115,26.0,2025-04-08T09:57:00-04:00,8.050000000000068,-2452.9600000000464,25.0,2025-04-08T09:56:00-04:00,1.2000000000000455,11247.04,1820.0,2025-04-09T15:51:00-04:00,1.5999999999999943,10447.040000000105,1821.0,2025-04-09T15:52:00-04:00,1.5,10647.040000000092,26.0,2025-04-08T09:57:00-04:00,8.050000000000068,-2452.9600000000464,27.0,2025-04-08T09:58:00-04:00,0.6000000000000227,12447.040000000046,,,,,,,,,28.0,2025-04-08T09:59:00-04:00,6.9500000000000455,-252.9599999999993,63.0,2025-04-08T10:34:00-04:00,0.39999999999997726,12847.040000000137,,,,,,,,,64.0,2025-04-08T10:35:00-04:00,7.399999999999977,-1152.959999999863,2543
2025-04-08,2025-04-11,3,5.0,2025-04-08T09:31:00-04:00,5.0,NDXP  250411P18240000,NDXP  250411P18230000,validation,False,False,0,0,8,92,0,1480,available,False,2025-04-08T09:31:00-04:00,2025-04-11T15:43:00-04:00,0.024999999999999967,9697.04,17.0,last_observed_quote_not_settlement,1036.0,442,201,5.4500000000000455,-1152.9600000000903,2025-04-08T09:32:00-04:00,0.0,5.2999999999999545,-852.9599999999084,2025-04-08T09:33:00-04:00,0.0,5.100000000000023,-452.9600000000448,2025-04-08T09:36:00-04:00,0.0,5.150000000000091,-552.9600000001813,2025-04-08T09:41:00-04:00,0.0,5.400000000000034,-1052.9600000000676,2025-04-08T09:46:00-04:00,0.0,5.600000000000023,-1452.9600000000448,2025-04-08T10:01:00-04:00,0.0,4.800000000000011,147.03999999997797,2025-04-08T10:31:00-04:00,0.0,,,2025-04-08T11:30:00-04:00,60.0,8.050000000000182,-6352.960000000365,2025-04-08T16:00:00-04:00,0.0,,,2025-04-09T15:59:00-04:00,60.0,5.599999999999994,-1452.959999999988,2025-04-10T16:00:00-04:00,0.0,,,2025-04-11T15:43:00-04:00,1020.0,0.0,hit,0.0,hit,3.0,hit,55.0,hit,55.0,hit,55.0,hit,323.0,hit,6.0,hit,6.0,hit,24.0,hit,109.0,hit,109.0,hit,109.0,hit,7.449999999999989,19,True,False,False,False,,7.449999999999989,19,True,False,False,False,,7.449999999999989,19,True,False,False,False,,10.0,136,True,True,True,True,,55.0,2025-04-08T10:26:00-04:00,0.7999999999999545,8147.040000000091,271.0,2025-04-08T14:02:00-04:00,2.8999999999998636,3947.0400000002737,1658.0,2025-04-09T13:09:00-04:00,2.599999999999909,4547.040000000183,,,,,55.0,2025-04-08T10:26:00-04:00,0.7999999999999545,8147.040000000091,1738.0,2025-04-09T14:29:00-04:00,0.04999999999998295,9647.040000000035,1739.0,2025-04-09T14:30:00-04:00,1.900000000000034,5947.039999999933,,,,,55.0,2025-04-08T10:26:00-04:00,0.7999999999999545,8147.040000000091,1808.0,2025-04-09T15:39:00-04:00,0.6500000000000057,8447.03999999999,1809.0,2025-04-09T15:40:00-04:00,0.8500000000000085,8047.039999999984,,,,,323.0,2025-04-08T14:54:00-04:00,0.14999999999997726,9447.040000000046,4579.0,2025-04-11T13:50:00-04:00,0.25,9247.04,4602.0,2025-04-11T14:13:00-04:00,0.4499999999999993,8847.040000000003,,,,,2544
2025-04-08,2025-04-11,3,6.0,2025-04-08T09:31:00-04:00,6.0,NDXP  250411P18460000,NDXP  250411P18450000,validation,False,False,0,0,1,170,0,1412,available,False,2025-04-08T09:31:00-04:00,2025-04-11T15:49:00-04:00,0.050000000000000044,11647.040000000003,11.0,last_observed_quote_not_settlement,1036.0,421,187,6.149999999999977,-552.9599999999539,2025-04-08T09:32:00-04:00,0.0,6.649999999999977,-1552.9599999999539,2025-04-08T09:33:00-04:00,0.0,6.050000000000068,-352.9600000001357,2025-04-08T09:36:00-04:00,0.0,6.25,-752.9599999999994,2025-04-08T09:41:00-04:00,0.0,9.75,-7752.960000000001,2025-04-08T09:46:00-04:00,0.0,5.5,747.0400000000006,2025-04-08T10:01:00-04:00,0.0,5.699999999999932,347.0400000001371,2025-04-08T10:31:00-04:00,0.0,,,2025-04-08T11:29:00-04:00,120.0,,,2025-04-08T15:59:00-04:00,60.0,4.650000000000006,2447.0399999999895,2025-04-09T16:00:00-04:00,0.0,4.100000000000023,3547.0399999999554,2025-04-10T16:00:00-04:00,0.0,,,2025-04-11T15:49:00-04:00,660.0,3.0,hit,12.0,hit,12.0,hit,12.0,hit,12.0,hit,12.0,hit,12.0,hit,2.0,hit,8.0,hit,8.0,hit,15.0,hit,15.0,hit,15.0,hit,7.900000000000091,9,True,False,False,False,,7.900000000000091,9,True,False,False,False,,7.900000000000091,9,True,False,False,False,,7.900000000000091,9,True,False,False,False,,12.0,2025-04-08T09:43:00-04:00,0.4500000000000455,10847.03999999991,45.0,2025-04-08T10:16:00-04:00,1.1000000000000227,9547.039999999955,85.0,2025-04-08T10:56:00-04:00,2.0499999999999545,7647.040000000092,13.0,2025-04-08T09:44:00-04:00,7.650000000000091,-3552.960000000181,12.0,2025-04-08T09:43:00-04:00,0.4500000000000455,10847.03999999991,45.0,2025-04-08T10:16:00-04:00,1.1000000000000227,9547.039999999955,137.0,2025-04-08T11:48:00-04:00,1.0,9747.04,13.0,2025-04-08T09:44:00-04:00,7.650000000000091,-3552.960000000181,12.0,2025-04-08T09:43:00-04:00,0.4500000000000455,10847.03999999991,1678.0,2025-04-09T13:29:00-04:00,0.0,11747.04,4654.0,2025-04-11T15:05:00-04:00,0.6500000000000021,10447.039999999997,13.0,2025-04-08T09:44:00-04:00,7.650000000000091,-3552.960000000181,113.0,2025-04-08T11:24:00-04:00,0.2999999999999545,11147.040000000092,1678.0,2025-04-09T13:29:00-04:00,0.0,11747.04,4664.0,2025-04-11T15:15:00-04:00,0.3500000000000001,11047.04,114.0,2025-04-08T11:25:00-04:00,1.5499999999999545,8647.040000000092,2545
2025-04-08,2025-04-11,3,7.0,2025-04-08T09:31:00-04:00,6.850000000000023,NDXP  250411P18700000,NDXP  250411P18690000,validation,False,False,0,0,3,164,0,1426,available,False,2025-04-08T09:31:00-04:00,2025-04-11T15:59:00-04:00,4.75,3947.0400000000463,1.0,last_observed_quote_not_settlement,1037.0,705,279,9.650000000000091,-5852.960000000137,2025-04-08T09:32:00-04:00,0.0,9.050000000000068,-4652.960000000092,2025-04-08T09:33:00-04:00,0.0,7.100000000000023,-752.9599999999994,2025-04-08T09:36:00-04:00,0.0,7.300000000000068,-1152.9600000000903,2025-04-08T09:41:00-04:00,0.0,6.449999999999932,547.0400000001825,2025-04-08T09:46:00-04:00,0.0,,,2025-04-08T10:00:00-04:00,60.0,7.5499999999999545,-1652.959999999863,2025-04-08T10:31:00-04:00,0.0,7.9500000000000455,-2452.9600000000464,2025-04-08T11:31:00-04:00,0.0,9.300000000000182,-5152.960000000319,2025-04-08T16:00:00-04:00,0.0,,,2025-04-09T15:59:00-04:00,60.0,,,2025-04-10T15:59:00-04:00,60.0,,,2025-04-11T15:59:00-04:00,60.0,37.0,hit,37.0,hit,46.0,hit,61.0,hit,112.0,hit,1448.0,hit,3065.0,hit,1.0,hit,1.0,hit,1.0,hit,1.0,hit,1.0,hit,1.0,hit,10.0,28,True,True,True,True,,10.0,47,True,True,True,True,,10.0,242,True,True,True,True,,10.0,432,True,True,True,True,,112.0,2025-04-08T11:23:00-04:00,1.849999999999909,9747.040000000228,113.0,2025-04-08T11:24:00-04:00,2.0,9447.040000000046,1796.0,2025-04-09T15:27:00-04:00,2.799999999999983,7847.04000000008,113.0,2025-04-08T11:24:00-04:00,2.0,9447.040000000046,112.0,2025-04-08T11:23:00-04:00,1.849999999999909,9747.040000000228,1792.0,2025-04-09T15:23:00-04:00,0.9000000000000057,11647.040000000035,,,,,113.0,2025-04-08T11:24:00-04:00,2.0,9447.040000000046,1448.0,2025-04-09T09:39:00-04:00,0.650000000000091,12147.039999999864,1792.0,2025-04-09T15:23:00-04:00,0.9000000000000057,11647.040000000035,,,,,1449.0,2025-04-09T09:40:00-04:00,7.150000000000091,-852.9600000001358,3065.0,2025-04-10T12:36:00-04:00,0.35000000000002274,12747.04,,,,,,,,,3066.0,2025-04-10T12:37:00-04:00,7.599999999999909,-1752.959999999772,2546
2025-04-09,2025-04-11,2,5.0,2025-04-09T09:31:00-04:00,4.949999999999989,NDXP  250411P16870000,NDXP  250411P16860000,validation,False,False,0,0,46,18,0,1031,available,False,2025-04-09T09:31:00-04:00,2025-04-11T13:40:00-04:00,0.0,9647.039999999979,140.0,last_observed_quote_not_settlement,1036.0,6,10,4.199999999999932,1247.0400000001143,2025-04-09T09:32:00-04:00,0.0,3.0,3647.039999999978,2025-04-09T09:33:00-04:00,0.0,5.0,-352.96000000002203,2025-04-09T09:36:00-04:00,0.0,2.7000000000000455,4247.039999999887,2025-04-09T09:41:00-04:00,0.0,3.25,3147.039999999978,2025-04-09T09:46:00-04:00,0.0,2.549999999999983,4547.040000000012,2025-04-09T10:01:00-04:00,0.0,2.5499999999999545,4547.040000000069,2025-04-09T10:31:00-04:00,0.0,3.2000000000000455,3247.039999999887,2025-04-09T11:31:00-04:00,0.0,,,2025-04-09T15:59:00-04:00,60.0,0.14999999999999858,9347.03999999998,2025-04-10T16:00:00-04:00,0.0,,,2025-04-11T13:40:00-04:00,8400.0,,,,,0.0,hit,0.0,hit,2.0,hit,2.0,hit,38.0,hit,236.0,hit,236.0,hit,82.0,hit,82.0,hit,82.0,hit,82.0,hit,,never_hit,,never_hit,4.949999999999989,0,False,False,False,False,,5.150000000000091,3,False,False,False,False,,8.600000000000023,5,True,True,False,False,,8.600000000000023,5,True,True,False,False,,10.0,2025-04-09T09:41:00-04:00,2.7000000000000455,4247.039999999887,31.0,2025-04-09T10:02:00-04:00,2.5500000000000114,4547.039999999955,206.0,2025-04-09T12:57:00-04:00,2.3500000000000227,4947.039999999933,11.0,2025-04-09T09:42:00-04:00,3.1000000000000227,3447.0399999999327,38.0,2025-04-09T10:09:00-04:00,1.4499999999999886,6747.040000000001,212.0,2025-04-09T13:03:00-04:00,1.3499999999999943,6947.039999999989,213.0,2025-04-09T13:04:00-04:00,1.6000000000000227,6447.039999999933,39.0,2025-04-09T10:10:00-04:00,3.3999999999999773,2847.0400000000236,236.0,2025-04-09T13:27:00-04:00,0.45000000000000284,8747.039999999974,244.0,2025-04-09T13:35:00-04:00,0.25,9147.039999999979,245.0,2025-04-09T13:36:00-04:00,0.3000000000000007,9047.039999999977,237.0,2025-04-09T13:28:00-04:00,1.8999999999999915,5847.039999999995,244.0,2025-04-09T13:35:00-04:00,0.25,9147.039999999979,245.0,2025-04-09T13:36:00-04:00,0.3000000000000007,9047.039999999977,246.0,2025-04-09T13:37:00-04:00,0.3999999999999986,8847.03999999998,245.0,2025-04-09T13:36:00-04:00,0.3000000000000007,9047.039999999977,2547
2025-04-09,2025-04-11,2,6.0,2025-04-09T09:31:00-04:00,6.0,NDXP  250411P17170000,NDXP  250411P17160000,validation,False,False,0,0,5,10,0,1045,available,False,2025-04-09T09:31:00-04:00,2025-04-11T13:53:00-04:00,0.0,11747.04,127.0,last_observed_quote_not_settlement,1036.0,2,4,3.5500000000000114,4647.039999999978,2025-04-09T09:32:00-04:00,0.0,4.800000000000068,2147.0399999998644,2025-04-09T09:33:00-04:00,0.0,5.0,1747.0400000000006,2025-04-09T09:36:00-04:00,0.0,4.150000000000034,3447.0399999999327,2025-04-09T09:41:00-04:00,0.0,4.5,2747.040000000001,2025-04-09T09:46:00-04:00,0.0,4.100000000000023,3547.0399999999554,2025-04-09T10:01:00-04:00,0.0,3.6000000000000227,4547.039999999955,2025-04-09T10:31:00-04:00,0.0,4.349999999999966,3047.040000000069,2025-04-09T11:31:00-04:00,0.0,,,2025-04-09T15:59:00-04:00,60.0,0.5,10747.04,2025-04-10T16:00:00-04:00,0.0,,,2025-04-11T13:53:00-04:00,7620.0,,,,,1.0,hit,1.0,hit,1.0,hit,13.0,hit,13.0,hit,236.0,hit,237.0,hit,29.0,hit,29.0,hit,29.0,hit,1665.0,hit,1665.0,hit,,never_hit,6.0,0,False,False,False,False,,6.0,0,False,False,False,False,,7.75,1,True,False,False,False,,7.75,1,True,False,False,False,,13.0,2025-04-09T09:44:00-04:00,1.1999999999999886,9347.040000000025,237.0,2025-04-09T13:28:00-04:00,0.5,10747.04,238.0,2025-04-09T13:29:00-04:00,1.1000000000000085,9547.039999999985,14.0,2025-04-09T09:45:00-04:00,4.399999999999977,2947.0400000000463,13.0,2025-04-09T09:44:00-04:00,1.1999999999999886,9347.040000000025,237.0,2025-04-09T13:28:00-04:00,0.5,10747.04,238.0,2025-04-09T13:29:00-04:00,1.1000000000000085,9547.039999999985,14.0,2025-04-09T09:45:00-04:00,4.399999999999977,2947.0400000000463,236.0,2025-04-09T13:27:00-04:00,0.7999999999999972,10147.040000000008,237.0,2025-04-09T13:28:00-04:00,0.5,10747.04,244.0,2025-04-09T13:35:00-04:00,0.5,10747.04,237.0,2025-04-09T13:28:00-04:00,0.5,10747.04,243.0,2025-04-09T13:34:00-04:00,0.04999999999999716,11647.040000000008,281.0,2025-04-09T14:12:00-04:00,0.10000000000000142,11547.039999999999,296.0,2025-04-09T14:27:00-04:00,0.3999999999999986,10947.040000000005,244.0,2025-04-09T13:35:00-04:00,0.5,10747.04,2548
2025-04-09,2025-04-11,2,7.0,2025-04-09T09:31:00-04:00,7.0,NDXP  250411P17140000,NDXP  250411P17130000,validation,False,False,0,0,73,14,0,1037,available,False,2025-04-09T09:31:00-04:00,2025-04-11T13:43:00-04:00,0.0,13747.04,137.0,last_observed_quote_not_settlement,1036.0,1,2,4.7000000000000455,4347.03999999991,2025-04-09T09:32:00-04:00,0.0,3.4500000000000455,6847.03999999991,2025-04-09T09:33:00-04:00,0.0,3.75,6247.040000000001,2025-04-09T09:36:00-04:00,0.0,3.75,6247.040000000001,2025-04-09T09:41:00-04:00,0.0,3.9499999999999886,5847.040000000024,2025-04-09T09:46:00-04:00,0.0,2.8000000000000114,8147.039999999978,2025-04-09T10:01:00-04:00,0.0,3.6000000000000227,6547.039999999955,2025-04-09T10:31:00-04:00,0.0,4.050000000000011,5647.039999999978,2025-04-09T11:31:00-04:00,0.0,,,2025-04-09T15:59:00-04:00,60.0,0.5,12747.04,2025-04-10T16:00:00-04:00,0.0,,,2025-04-11T13:43:00-04:00,8220.0,,,,,1.0,hit,1.0,hit,2.0,hit,13.0,hit,13.0,hit,236.0,hit,242.0,hit,,never_hit,,never_hit,0.0,hit,,never_hit,,never_hit,,never_hit,7.0,0,True,False,False,False,,7.0,0,True,False,False,False,,7.349999999999966,1,True,False,False,False,,7.349999999999966,1,True,False,False,False,,13.0,2025-04-09T09:44:00-04:00,1.3999999999999773,10947.040000000046,215.0,2025-04-09T13:06:00-04:00,2.3999999999999773,8947.040000000046,238.0,2025-04-09T13:29:00-04:00,1.1000000000000085,11547.039999999985,14.0,2025-04-09T09:45:00-04:00,4.300000000000011,5147.039999999978,13.0,2025-04-09T09:44:00-04:00,1.3999999999999773,10947.040000000046,237.0,2025-04-09T13:28:00-04:00,0.6499999999999986,12447.040000000005,238.0,2025-04-09T13:29:00-04:00,1.1000000000000085,11547.039999999985,14.0,2025-04-09T09:45:00-04:00,4.300000000000011,5147.039999999978,236.0,2025-04-09T13:27:00-04:00,0.7999999999999972,12147.040000000008,237.0,2025-04-09T13:28:00-04:00,0.6499999999999986,12447.040000000005,246.0,2025-04-09T13:37:00-04:00,0.5500000000000043,12647.039999999994,237.0,2025-04-09T13:28:00-04:00,0.6499999999999986,12447.040000000005,248.0,2025-04-09T13:39:00-04:00,0.44999999999998863,12847.040000000025,302.0,2025-04-09T14:33:00-04:00,0.25,13247.04,303.0,2025-04-09T14:34:00-04:00,0.25,13247.04,,,,,2549
2025-04-11,2025-04-14,3,5.0,2025-04-11T09:31:00-04:00,5.25,NDXP  250414P18220000,NDXP  250414P18210000,validation,False,False,0,0,3,4,0,725,available,False,2025-04-11T09:31:00-04:00,2025-04-14T14:58:00-04:00,0.0,10247.04,62.0,last_observed_quote_not_settlement,3916.0,6,12,3.800000000000068,2647.0399999998644,2025-04-11T09:32:00-04:00,0.0,5.949999999999989,-1652.9599999999766,2025-04-11T09:33:00-04:00,0.0,4.099999999999966,2047.040000000069,2025-04-11T09:36:00-04:00,0.0,4.0,2247.040000000001,2025-04-11T09:41:00-04:00,0.0,3.6000000000000227,3047.0399999999554,2025-04-11T09:46:00-04:00,0.0,3.5,3247.040000000001,2025-04-11T10:01:00-04:00,0.0,4.399999999999977,1447.0400000000461,2025-04-11T10:31:00-04:00,0.0,6.350000000000023,-2452.9600000000446,2025-04-11T11:31:00-04:00,0.0,3.549999999999997,3147.0400000000063,2025-04-11T16:00:00-04:00,0.0,,,2025-04-11T16:15:00-04:00,85500.0,,,2025-04-11T16:15:00-04:00,171900.0,,,2025-04-14T14:58:00-04:00,3720.0,0.0,hit,1.0,hit,1.0,hit,3.0,hit,3.0,hit,226.0,hit,4320.0,hit,2.0,hit,17.0,hit,17.0,hit,17.0,hit,58.0,hit,58.0,hit,5.949999999999989,1,False,False,False,False,,5.949999999999989,1,False,False,False,False,,9.75,6,True,True,True,True,,9.75,6,True,True,True,True,,3.0,2025-04-11T09:34:00-04:00,1.75,6747.040000000001,186.0,2025-04-11T12:37:00-04:00,2.799999999999983,4647.0400000000345,187.0,2025-04-11T12:38:00-04:00,2.8000000000000114,4647.039999999978,4.0,2025-04-11T09:35:00-04:00,4.149999999999977,1947.0400000000461,3.0,2025-04-11T09:34:00-04:00,1.75,6747.040000000001,290.0,2025-04-11T14:21:00-04:00,1.75,6747.040000000001,404.0,2025-04-11T16:15:00-04:00,1.7999999999999972,6647.040000000006,4.0,2025-04-11T09:35:00-04:00,4.149999999999977,1947.0400000000461,226.0,2025-04-11T13:17:00-04:00,0.6500000000000057,8947.03999999999,4321.0,2025-04-14T09:32:00-04:00,0.20000000000000018,9847.04,4322.0,2025-04-14T09:33:00-04:00,0.2999999999999998,9647.040000000003,227.0,2025-04-11T13:18:00-04:00,2.8999999999999773,4447.040000000046,4320.0,2025-04-14T09:31:00-04:00,0.20000000000000018,9847.04,4321.0,2025-04-14T09:32:00-04:00,0.20000000000000018,9847.04,4322.0,2025-04-14T09:33:00-04:00,0.2999999999999998,9647.040000000003,4321.0,2025-04-14T09:32:00-04:00,0.20000000000000018,9847.04,2550
2025-04-11,2025-04-14,3,6.0,2025-04-11T09:31:00-04:00,6.0,NDXP  250414P18850000,NDXP  250414P18840000,validation,False,False,0,0,0,42,0,752,available,False,2025-04-11T09:31:00-04:00,2025-04-14T16:00:00-04:00,10.0,-8152.96,0.0,last_observed_quote_not_settlement,3916.0,269,119,6.9500000000000455,-2152.96000000009,2025-04-11T09:32:00-04:00,0.0,8.550000000000068,-5352.960000000137,2025-04-11T09:33:00-04:00,0.0,8.050000000000068,-4352.960000000137,2025-04-11T09:36:00-04:00,0.0,6.000000000000114,-252.96000000022667,2025-04-11T09:41:00-04:00,0.0,7.0,-2252.959999999999,2025-04-11T09:46:00-04:00,0.0,6.100000000000023,-452.9600000000448,2025-04-11T10:01:00-04:00,0.0,7.399999999999977,-3052.9599999999537,2025-04-11T10:31:00-04:00,0.0,7.2999999999999545,-2852.959999999908,2025-04-11T11:31:00-04:00,0.0,,,2025-04-11T15:59:00-04:00,60.0,,,2025-04-11T16:15:00-04:00,85500.0,,,2025-04-11T16:15:00-04:00,171900.0,10.0,-8152.96,2025-04-14T16:00:00-04:00,0.0,14.0,hit,19.0,hit,19.0,hit,48.0,hit,48.0,hit,96.0,hit,96.0,hit,1.0,hit,2.0,hit,2.0,hit,2.0,hit,111.0,hit,111.0,hit,8.550000000000068,24,True,True,False,False,,8.550000000000068,24,True,True,False,False,,8.599999999999909,47,True,True,False,False,,8.599999999999909,47,True,True,False,False,,48.0,2025-04-11T10:19:00-04:00,1.8000000000000682,8147.0399999998635,119.0,2025-04-11T11:30:00-04:00,1.1499999999999773,9447.040000000046,4322.0,2025-04-14T09:33:00-04:00,2.4000000000000057,6947.039999999989,49.0,2025-04-11T10:20:00-04:00,6.849999999999909,-1952.9599999998175,48.0,2025-04-11T10:19:00-04:00,1.8000000000000682,8147.0399999998635,119.0,2025-04-11T11:30:00-04:00,1.1499999999999773,9447.040000000046,4404.0,2025-04-14T10:55:00-04:00,1.7999999999999972,8147.040000000007,49.0,2025-04-11T10:20:00-04:00,6.849999999999909,-1952.9599999998175,96.0,2025-04-11T11:07:00-04:00,0.34999999999990905,11047.040000000183,4664.0,2025-04-14T15:15:00-04:00,0.8999999999999995,9947.040000000003,4692.0,2025-04-14T15:43:00-04:00,0.5499999999999998,10647.040000000003,97.0,2025-04-11T11:08:00-04:00,4.650000000000091,2447.039999999819,96.0,2025-04-11T11:07:00-04:00,0.34999999999990905,11047.040000000183,,,,,,,,,97.0,2025-04-11T11:08:00-04:00,4.650000000000091,2447.039999999819,2551
2025-04-11,2025-04-14,3,7.0,2025-04-11T09:31:00-04:00,7.0,NDXP  250414P18420000,NDXP  250414P18410000,validation,False,False,0,0,1,4,0,739,available,False,2025-04-11T09:31:00-04:00,2025-04-14T15:09:00-04:00,0.0,13747.04,51.0,last_observed_quote_not_settlement,3916.0,0,0,4.949999999999989,3847.0400000000236,2025-04-11T09:32:00-04:00,0.0,1.3000000000000114,11147.039999999979,2025-04-11T09:33:00-04:00,0.0,4.849999999999966,4047.040000000069,2025-04-11T09:36:00-04:00,0.0,4.75,4247.040000000001,2025-04-11T09:41:00-04:00,0.0,4.5,4747.040000000001,2025-04-11T09:46:00-04:00,0.0,4.5499999999999545,4647.040000000092,2025-04-11T10:01:00-04:00,0.0,5.2999999999999545,3147.040000000092,2025-04-11T10:31:00-04:00,0.0,4.949999999999989,3847.0400000000236,2025-04-11T11:31:00-04:00,0.0,0.5500000000000114,12647.039999999979,2025-04-11T16:00:00-04:00,0.0,,,2025-04-11T16:15:00-04:00,85500.0,,,2025-04-11T16:15:00-04:00,171900.0,,,2025-04-14T15:09:00-04:00,3060.0,1.0,hit,1.0,hit,2.0,hit,2.0,hit,2.0,hit,48.0,hit,4320.0,hit,,never_hit,,never_hit,0.0,hit,,never_hit,,never_hit,,never_hit,7.0,0,True,False,False,False,,7.0,0,True,False,False,False,,7.0,0,True,False,False,False,,7.0,0,True,False,False,False,,2.0,2025-04-11T09:33:00-04:00,1.3000000000000114,11147.039999999979,264.0,2025-04-11T13:55:00-04:00,2.9499999999999886,7847.040000000024,353.0,2025-04-11T15:24:00-04:00,2.8000000000000114,8147.039999999978,3.0,2025-04-11T09:34:00-04:00,3.5,6747.040000000001,2.0,2025-04-11T09:33:00-04:00,1.3000000000000114,11147.039999999979,4321.0,2025-04-14T09:32:00-04:00,0.8000000000000007,12147.04,4322.0,2025-04-14T09:33:00-04:00,0.4499999999999993,12847.040000000003,3.0,2025-04-11T09:34:00-04:00,3.5,6747.040000000001,48.0,2025-04-11T10:19:00-04:00,0.5499999999999545,12647.040000000092,4321.0,2025-04-14T09:32:00-04:00,0.8000000000000007,12147.04,4322.0,2025-04-14T09:33:00-04:00,0.4499999999999993,12847.040000000003,49.0,2025-04-11T10:20:00-04:00,3.5,6747.040000000001,4320.0,2025-04-14T09:31:00-04:00,0.34999999999999964,13047.040000000003,4379.0,2025-04-14T10:30:00-04:00,0.34999999999999964,13047.040000000003,4380.0,2025-04-14T10:31:00-04:00,0.40000000000000213,12947.039999999997,4321.0,2025-04-14T09:32:00-04:00,0.8000000000000007,12147.04,2552
2025-04-14,2025-04-16,2,5.0,2025-04-14T09:31:00-04:00,5.0,NDXP  250416P19390000,NDXP  250416P19380000,validation,False,False,0,0,2,142,0,1053,available,False,2025-04-14T09:31:00-04:00,2025-04-16T15:59:00-04:00,10.0,-10152.96,1.0,last_observed_quote_not_settlement,1037.0,898,51,6.300000000000011,-2852.960000000022,2025-04-14T09:32:00-04:00,0.0,5.050000000000011,-352.96000000002203,2025-04-14T09:33:00-04:00,0.0,8.150000000000034,-6552.960000000069,2025-04-14T09:36:00-04:00,0.0,8.200000000000045,-6652.960000000092,2025-04-14T09:41:00-04:00,0.0,7.2000000000000455,-4652.96000000009,2025-04-14T09:46:00-04:00,0.0,7.399999999999864,-5052.959999999726,2025-04-14T10:01:00-04:00,0.0,,,2025-04-14T10:30:00-04:00,60.0,8.900000000000091,-8052.960000000183,2025-04-14T11:31:00-04:00,0.0,8.650000000000091,-7552.960000000183,2025-04-14T16:00:00-04:00,0.0,9.650000000000091,-9552.960000000183,2025-04-15T16:00:00-04:00,0.0,,,2025-04-16T15:59:00-04:00,60.0,,,,,0.0,hit,0.0,hit,6.0,hit,54.0,hit,54.0,hit,125.0,hit,125.0,hit,1.0,hit,1.0,hit,5.0,hit,5.0,hit,9.0,hit,9.0,hit,9.800000000000011,41,True,True,True,True,,9.800000000000011,41,True,True,True,True,,9.800000000000011,101,True,True,True,True,,9.800000000000011,101,True,True,True,True,,54.0,2025-04-14T10:25:00-04:00,1.9499999999999886,5847.040000000024,55.0,2025-04-14T10:26:00-04:00,2.8999999999999773,3947.0400000000463,,,,,55.0,2025-04-14T10:26:00-04:00,2.8999999999999773,3947.0400000000463,54.0,2025-04-14T10:25:00-04:00,1.9499999999999886,5847.040000000024,126.0,2025-04-14T11:37:00-04:00,1.7000000000000455,6347.03999999991,,,,,55.0,2025-04-14T10:26:00-04:00,2.8999999999999773,3947.0400000000463,125.0,2025-04-14T11:36:00-04:00,0.4500000000000455,8847.03999999991,,,,,,,,,126.0,2025-04-14T11:37:00-04:00,1.7000000000000455,6347.03999999991,1498.0,2025-04-15T10:29:00-04:00,0.049999999999954525,9647.040000000092,,,,,,,,,,,,,2553
2025-04-14,2025-04-16,2,6.0,2025-04-14T09:31:00-04:00,6.0,NDXP  250416P19440000,NDXP  250416P19430000,validation,False,False,0,0,1,166,0,1029,available,False,2025-04-14T09:31:00-04:00,2025-04-16T15:59:00-04:00,10.0,-8152.96,1.0,last_observed_quote_not_settlement,1037.0,860,75,6.699999999999989,-1652.9599999999766,2025-04-14T09:32:00-04:00,0.0,7.300000000000011,-2852.960000000022,2025-04-14T09:33:00-04:00,0.0,5.850000000000023,47.039999999955235,2025-04-14T09:36:00-04:00,0.0,7.849999999999909,-3952.9599999998172,2025-04-14T09:41:00-04:00,0.0,7.5,-3252.959999999999,2025-04-14T09:46:00-04:00,0.0,7.7000000000000455,-3652.96000000009,2025-04-14T10:01:00-04:00,0.0,7.449999999999989,-3152.9599999999764,2025-04-14T10:31:00-04:00,0.0,8.75,-5752.960000000001,2025-04-14T11:31:00-04:00,0.0,9.0,-6252.960000000001,2025-04-14T16:00:00-04:00,0.0,,,2025-04-15T15:59:00-04:00,60.0,,,2025-04-16T15:59:00-04:00,60.0,,,,,17.0,hit,17.0,hit,17.0,hit,62.0,hit,62.0,hit,86.0,hit,86.0,hit,1.0,hit,2.0,hit,2.0,hit,11.0,hit,11.0,hit,11.0,hit,9.599999999999909,48,True,True,True,True,,9.599999999999909,48,True,True,True,True,,9.599999999999909,64,True,True,True,True,,9.599999999999909,64,True,True,True,True,,62.0,2025-04-14T10:33:00-04:00,1.2999999999999545,9147.040000000092,,,,,,,,,63.0,2025-04-14T10:34:00-04:00,7.699999999999932,-3652.9599999998627,62.0,2025-04-14T10:33:00-04:00,1.2999999999999545,9147.040000000092,,,,,,,,,63.0,2025-04-14T10:34:00-04:00,7.699999999999932,-3652.9599999998627,86.0,2025-04-14T10:57:00-04:00,0.25,11247.04,,,,,,,,,87.0,2025-04-14T10:58:00-04:00,7.600000000000023,-3452.9600000000446,86.0,2025-04-14T10:57:00-04:00,0.25,11247.04,,,,,,,,,87.0,2025-04-14T10:58:00-04:00,7.600000000000023,-3452.9600000000446,2554
2025-04-14,2025-04-16,2,7.0,2025-04-14T09:31:00-04:00,7.050000000000011,NDXP  250416P19510000,NDXP  250416P19500000,validation,False,False,0,0,1,243,0,951,available,False,2025-04-14T09:31:00-04:00,2025-04-16T15:59:00-04:00,9.950000000000045,-6052.959999999977,1.0,last_observed_quote_not_settlement,1037.0,728,83,7.25,-652.9599999999766,2025-04-14T09:32:00-04:00,0.0,6.850000000000023,147.03999999997797,2025-04-14T09:33:00-04:00,0.0,,,2025-04-14T09:35:00-04:00,60.0,3.2000000000000455,7447.039999999933,2025-04-14T09:41:00-04:00,0.0,7.849999999999909,-1852.9599999997947,2025-04-14T09:46:00-04:00,0.0,,,2025-04-14T09:59:00-04:00,120.0,8.25,-2652.959999999978,2025-04-14T10:31:00-04:00,0.0,8.700000000000045,-3552.960000000069,2025-04-14T11:31:00-04:00,0.0,9.299999999999955,-4752.959999999887,2025-04-14T16:00:00-04:00,0.0,8.799999999999955,-3752.9599999998873,2025-04-15T16:00:00-04:00,0.0,,,2025-04-16T15:59:00-04:00,60.0,,,,,10.0,hit,10.0,hit,10.0,hit,24.0,hit,24.0,hit,42.0,hit,42.0,hit,7.0,hit,13.0,hit,0.0,hit,11.0,hit,40.0,hit,40.0,hit,8.149999999999864,13,True,True,False,False,,8.149999999999864,13,True,True,False,False,,9.700000000000045,23,True,True,True,True,,9.700000000000045,23,True,True,True,True,,24.0,2025-04-14T09:55:00-04:00,1.099999999999909,11647.040000000206,25.0,2025-04-14T09:56:00-04:00,1.2000000000000455,11447.039999999934,,,,,25.0,2025-04-14T09:56:00-04:00,1.2000000000000455,11447.039999999934,24.0,2025-04-14T09:55:00-04:00,1.099999999999909,11647.040000000206,25.0,2025-04-14T09:56:00-04:00,1.2000000000000455,11447.039999999934,,,,,25.0,2025-04-14T09:56:00-04:00,1.2000000000000455,11447.039999999934,42.0,2025-04-14T10:13:00-04:00,0.05000000000006821,13747.039999999888,,,,,,,,,,,,,42.0,2025-04-14T10:13:00-04:00,0.05000000000006821,13747.039999999888,,,,,,,,,,,,,2555
2025-04-21,2025-04-23,2,5.0,2025-04-21T09:31:00-04:00,4.900000000000006,NDXP  250423P18070000,NDXP  250423P18060000,validation,False,False,0,0,4,89,0,1030,available,False,2025-04-21T09:31:00-04:00,2025-04-23T14:47:00-04:00,0.024999999999999994,9497.040000000012,73.0,last_observed_quote_not_settlement,1036.0,224,74,6.050000000000011,-2552.9600000000105,2025-04-21T09:32:00-04:00,0.0,4.849999999999994,-152.95999999997656,2025-04-21T09:33:00-04:00,0.0,4.7000000000000455,147.03999999992112,2025-04-21T09:36:00-04:00,0.0,4.7999999999999545,-52.95999999989697,2025-04-21T09:41:00-04:00,0.0,5.2999999999999545,-1052.959999999897,2025-04-21T09:46:00-04:00,0.0,6.050000000000011,-2552.9600000000105,2025-04-21T10:01:00-04:00,0.0,6.100000000000023,-2652.9600000000332,2025-04-21T10:31:00-04:00,0.0,,,2025-04-21T11:30:00-04:00,60.0,6.949999999999989,-4352.9599999999655,2025-04-21T16:00:00-04:00,0.0,2.799999999999997,3947.0400000000177,2025-04-22T16:00:00-04:00,0.0,,,2025-04-23T14:47:00-04:00,4380.0,,,,,0.0,hit,0.0,hit,49.0,hit,70.0,hit,82.0,hit,147.0,hit,147.0,hit,1.0,hit,1.0,hit,51.0,hit,51.0,hit,51.0,hit,58.0,hit,9.899999999999977,55,True,True,True,True,,9.899999999999977,63,True,True,True,True,,9.899999999999977,100,True,True,True,True,,9.899999999999977,100,True,True,True,True,,70.0,2025-04-21T10:41:00-04:00,2.1499999999999773,5247.040000000057,91.0,2025-04-21T11:02:00-04:00,2.0499999999999545,5447.040000000103,1536.0,2025-04-22T11:07:00-04:00,2.75,4047.040000000012,,,,,82.0,2025-04-21T10:53:00-04:00,1.9499999999999886,5647.0400000000345,1615.0,2025-04-22T12:26:00-04:00,1.9499999999999957,5647.040000000021,2882.0,2025-04-23T09:33:00-04:00,0.37500000000000044,8797.040000000012,83.0,2025-04-21T10:54:00-04:00,6.5499999999999545,-3552.959999999897,147.0,2025-04-21T11:58:00-04:00,0.14999999999997726,9247.040000000059,2881.0,2025-04-23T09:32:00-04:00,0.125,9297.040000000014,2882.0,2025-04-23T09:33:00-04:00,0.37500000000000044,8797.040000000012,148.0,2025-04-21T11:59:00-04:00,7.5,-5452.959999999988,147.0,2025-04-21T11:58:00-04:00,0.14999999999997726,9247.040000000059,2881.0,2025-04-23T09:32:00-04:00,0.125,9297.040000000014,2882.0,2025-04-23T09:33:00-04:00,0.37500000000000044,8797.040000000012,148.0,2025-04-21T11:59:00-04:00,7.5,-5452.959999999988,2556
2025-04-21,2025-04-23,2,6.0,2025-04-21T09:31:00-04:00,6.0499999999999545,NDXP  250423P18140000,NDXP  250423P18130000,validation,False,False,0,0,2,95,0,1035,available,False,2025-04-21T09:31:00-04:00,2025-04-23T14:54:00-04:00,0.0,11847.03999999991,66.0,last_observed_quote_not_settlement,1036.0,198,59,4.949999999999989,1947.0399999999324,2025-04-21T09:32:00-04:00,0.0,5.149999999999977,1547.0399999999552,2025-04-21T09:33:00-04:00,0.0,5.75,347.03999999990975,2025-04-21T09:36:00-04:00,0.0,5.350000000000023,1147.0399999998642,2025-04-21T09:41:00-04:00,0.0,6.0,-152.96000000009025,2025-04-21T09:46:00-04:00,0.0,6.5,-1152.9600000000903,2025-04-21T10:01:00-04:00,0.0,,,2025-04-21T10:30:00-04:00,60.0,7.300000000000068,-2752.9600000002265,2025-04-21T11:31:00-04:00,0.0,8.099999999999966,-4352.960000000024,2025-04-21T16:00:00-04:00,0.0,3.3500000000000085,5147.039999999893,2025-04-22T16:00:00-04:00,0.0,,,2025-04-23T14:54:00-04:00,3960.0,,,,,1.0,hit,1.0,hit,45.0,hit,45.0,hit,161.0,hit,258.0,hit,258.0,hit,32.0,hit,32.0,hit,32.0,hit,35.0,hit,35.0,hit,35.0,hit,9.500000000000057,15,True,True,True,True,,9.500000000000057,68,True,True,True,True,,9.600000000000023,122,True,True,True,True,,9.600000000000023,122,True,True,True,True,,45.0,2025-04-21T10:16:00-04:00,2.3500000000000227,7147.039999999864,1602.0,2025-04-22T12:13:00-04:00,2.6500000000000057,6547.039999999898,1603.0,2025-04-22T12:14:00-04:00,2.6500000000000057,6547.039999999898,46.0,2025-04-21T10:17:00-04:00,6.899999999999977,-1952.9600000000448,161.0,2025-04-21T12:12:00-04:00,1.9499999999999886,7947.039999999933,2881.0,2025-04-23T09:32:00-04:00,0.20000000000000018,11447.03999999991,2882.0,2025-04-23T09:33:00-04:00,0.15000000000000036,11547.03999999991,162.0,2025-04-21T12:13:00-04:00,7.650000000000034,-3452.9600000001583,258.0,2025-04-21T13:49:00-04:00,0.20000000000004547,11447.039999999819,2881.0,2025-04-23T09:32:00-04:00,0.20000000000000018,11447.03999999991,2882.0,2025-04-23T09:33:00-04:00,0.15000000000000036,11547.03999999991,259.0,2025-04-21T13:50:00-04:00,7.400000000000091,-2952.960000000272,258.0,2025-04-21T13:49:00-04:00,0.20000000000004547,11447.039999999819,2881.0,2025-04-23T09:32:00-04:00,0.20000000000000018,11447.03999999991,2882.0,2025-04-23T09:33:00-04:00,0.15000000000000036,11547.03999999991,259.0,2025-04-21T13:50:00-04:00,7.400000000000091,-2952.960000000272,2557
2025-04-21,2025-04-23,2,7.0,2025-04-21T09:31:00-04:00,6.800000000000011,NDXP  250423P18260000,NDXP  250423P18250000,validation,False,False,0,0,3,185,0,980,available,False,2025-04-21T09:31:00-04:00,2025-04-23T15:27:00-04:00,0.0,13347.040000000025,33.0,last_observed_quote_not_settlement,1036.0,136,73,6.699999999999932,-52.95999999984013,2025-04-21T09:32:00-04:00,0.0,6.0499999999999545,1247.0400000001143,2025-04-21T09:33:00-04:00,0.0,6.300000000000011,747.0400000000006,2025-04-21T09:36:00-04:00,0.0,6.400000000000034,547.0399999999552,2025-04-21T09:41:00-04:00,0.0,6.949999999999989,-552.9599999999539,2025-04-21T09:46:00-04:00,0.0,,,2025-04-21T09:58:00-04:00,180.0,,,2025-04-21T10:27:00-04:00,240.0,8.100000000000023,-2852.9600000000237,2025-04-21T11:31:00-04:00,0.0,7.899999999999977,-2452.959999999931,2025-04-21T16:00:00-04:00,0.0,4.5,4347.040000000024,2025-04-22T16:00:00-04:00,0.0,,,2025-04-23T15:27:00-04:00,1980.0,,,,,14.0,hit,14.0,hit,14.0,hit,27.0,hit,81.0,hit,81.0,hit,141.0,hit,17.0,hit,17.0,hit,8.0,hit,17.0,hit,48.0,hit,262.0,hit,8.850000000000023,3,True,True,False,False,,9.199999999999932,4,True,True,True,True,,9.199999999999932,4,True,True,True,True,,9.199999999999932,30,True,True,True,True,,27.0,2025-04-21T09:58:00-04:00,2.2999999999999545,8747.040000000115,141.0,2025-04-21T11:52:00-04:00,0.25,12847.040000000025,2885.0,2025-04-23T09:36:00-04:00,0.3999999999999986,12547.040000000026,,,,,81.0,2025-04-21T10:52:00-04:00,0.7000000000000455,11947.039999999934,141.0,2025-04-21T11:52:00-04:00,0.25,12847.040000000025,2885.0,2025-04-23T09:36:00-04:00,0.3999999999999986,12547.040000000026,,,,,81.0,2025-04-21T10:52:00-04:00,0.7000000000000455,11947.039999999934,141.0,2025-04-21T11:52:00-04:00,0.25,12847.040000000025,2885.0,2025-04-23T09:36:00-04:00,0.3999999999999986,12547.040000000026,,,,,141.0,2025-04-21T11:52:00-04:00,0.25,12847.040000000025,2881.0,2025-04-23T09:32:00-04:00,0.2499999999999991,12847.040000000026,2885.0,2025-04-23T09:36:00-04:00,0.3999999999999986,12547.040000000026,142.0,2025-04-21T11:53:00-04:00,8.200000000000045,-3052.960000000069,2558
2025-04-22,2025-04-24,2,5.0,2025-04-22T09:31:00-04:00,5.0,NDXP  250424P18090000,NDXP  250424P18080000,validation,False,False,0,0,2,4,0,1044,available,False,2025-04-22T09:31:00-04:00,2025-04-24T13:54:00-04:00,0.0,9747.04,126.0,last_observed_quote_not_settlement,1036.0,11,11,5.0,-252.9599999999993,2025-04-22T09:32:00-04:00,0.0,5.299999999999983,-852.9599999999652,2025-04-22T09:33:00-04:00,0.0,5.25,-752.9599999999994,2025-04-22T09:36:00-04:00,0.0,4.800000000000011,147.03999999997797,2025-04-22T09:41:00-04:00,0.0,4.400000000000006,947.0399999999893,2025-04-22T09:46:00-04:00,0.0,4.099999999999994,1547.040000000012,2025-04-22T10:01:00-04:00,0.0,4.5,747.0400000000006,2025-04-22T10:31:00-04:00,0.0,3.6000000000000227,2547.0399999999554,2025-04-22T11:31:00-04:00,0.0,3.3500000000000227,3047.0399999999554,2025-04-22T16:00:00-04:00,0.0,0.6499999999999986,8447.040000000005,2025-04-23T16:00:00-04:00,0.0,,,2025-04-24T13:54:00-04:00,7560.0,,,,,0.0,hit,0.0,hit,18.0,hit,18.0,hit,286.0,hit,1440.0,hit,1447.0,hit,6.0,hit,57.0,hit,,never_hit,,never_hit,,never_hit,,never_hit,5.550000000000011,6,False,False,False,False,,6.699999999999989,11,False,False,False,False,,6.699999999999989,11,False,False,False,False,,6.699999999999989,11,False,False,False,False,,18.0,2025-04-22T09:49:00-04:00,2.4000000000000057,4947.039999999989,163.0,2025-04-22T12:14:00-04:00,2.75,4247.040000000001,164.0,2025-04-22T12:15:00-04:00,2.8500000000000227,4047.0399999999554,19.0,2025-04-22T09:50:00-04:00,4.449999999999989,847.0400000000234,286.0,2025-04-22T14:17:00-04:00,1.1499999999999773,7447.040000000046,1441.0,2025-04-23T09:32:00-04:00,0.6500000000000004,8447.04,1442.0,2025-04-23T09:33:00-04:00,0.5500000000000007,8647.04,287.0,2025-04-22T14:18:00-04:00,3.9499999999999886,1847.0400000000234,1440.0,2025-04-23T09:31:00-04:00,0.6499999999999986,8447.040000000005,1441.0,2025-04-23T09:32:00-04:00,0.6500000000000004,8447.04,1442.0,2025-04-23T09:33:00-04:00,0.5500000000000007,8647.04,1441.0,2025-04-23T09:32:00-04:00,0.6500000000000004,8447.04,1448.0,2025-04-23T09:39:00-04:00,0.4499999999999993,8847.040000000003,1461.0,2025-04-23T09:52:00-04:00,0.40000000000000036,8947.04,1482.0,2025-04-23T10:13:00-04:00,0.3500000000000014,9047.039999999999,1449.0,2025-04-23T09:40:00-04:00,0.7999999999999972,8147.040000000007,2559
2025-04-22,2025-04-24,2,6.0,2025-04-22T09:31:00-04:00,5.200000000000017,NDXP  250424P18020000,NDXP  250424P18010000,validation,False,False,0,0,10,25,0,1003,available,False,2025-04-22T09:31:00-04:00,2025-04-24T13:51:00-04:00,0.0,10147.040000000035,129.0,last_observed_quote_not_settlement,1036.0,2,4,4.649999999999977,847.0400000000802,2025-04-22T09:32:00-04:00,0.0,4.800000000000011,547.040000000012,2025-04-22T09:33:00-04:00,0.0,4.599999999999994,947.0400000000461,2025-04-22T09:36:00-04:00,0.0,4.400000000000006,1347.0400000000234,2025-04-22T09:41:00-04:00,0.0,3.0499999999999545,4047.0400000001255,2025-04-22T09:46:00-04:00,0.0,3.7500000000000284,2647.039999999978,2025-04-22T10:01:00-04:00,0.0,4.000000000000028,2147.039999999978,2025-04-22T10:31:00-04:00,0.0,3.0,4147.0400000000345,2025-04-22T11:31:00-04:00,0.0,2.9499999999999886,4247.040000000057,2025-04-22T16:00:00-04:00,0.0,0.5500000000000007,9047.040000000034,2025-04-23T16:00:00-04:00,0.0,,,2025-04-24T13:51:00-04:00,7740.0,,,,,0.0,hit,1.0,hit,15.0,hit,57.0,hit,68.0,hit,223.0,hit,1441.0,hit,245.0,hit,,never_hit,,never_hit,,never_hit,,never_hit,,never_hit,5.200000000000017,0,False,False,False,False,,5.200000000000017,0,False,False,False,False,,5.200000000000017,0,False,False,False,False,,5.900000000000034,2,False,False,False,False,,57.0,2025-04-22T10:28:00-04:00,2.599999999999966,4947.040000000103,96.0,2025-04-22T11:07:00-04:00,2.8500000000000085,4447.040000000018,109.0,2025-04-22T11:20:00-04:00,2.9000000000000057,4347.040000000024,58.0,2025-04-22T10:29:00-04:00,3.6999999999999886,2747.0400000000577,68.0,2025-04-22T10:39:00-04:00,1.5999999999999943,6947.040000000046,1441.0,2025-04-23T09:32:00-04:00,0.45000000000000107,9247.040000000034,1442.0,2025-04-23T09:33:00-04:00,0.5000000000000018,9147.040000000032,69.0,2025-04-22T10:40:00-04:00,3.3500000000000227,3447.0399999999895,223.0,2025-04-22T13:14:00-04:00,0.8999999999999915,8347.040000000054,1441.0,2025-04-23T09:32:00-04:00,0.45000000000000107,9247.040000000034,1442.0,2025-04-23T09:33:00-04:00,0.5000000000000018,9147.040000000032,224.0,2025-04-22T13:15:00-04:00,3.0,4147.0400000000345,1443.0,2025-04-23T09:34:00-04:00,0.40000000000000213,9347.040000000032,1444.0,2025-04-23T09:35:00-04:00,0.10000000000000142,9947.040000000034,1449.0,2025-04-23T09:40:00-04:00,0.1999999999999993,9747.040000000037,1444.0,2025-04-23T09:35:00-04:00,0.10000000000000142,9947.040000000034,2560
2025-04-22,2025-04-24,2,7.0,2025-04-22T09:31:00-04:00,5.200000000000017,NDXP  250424P18020000,NDXP  250424P18010000,validation,False,False,0,0,10,25,0,1003,available,False,2025-04-22T09:31:00-04:00,2025-04-24T13:51:00-04:00,0.0,10147.040000000035,129.0,last_observed_quote_not_settlement,1036.0,2,4,4.649999999999977,847.0400000000802,2025-04-22T09:32:00-04:00,0.0,4.800000000000011,547.040000000012,2025-04-22T09:33:00-04:00,0.0,4.599999999999994,947.0400000000461,2025-04-22T09:36:00-04:00,0.0,4.400000000000006,1347.0400000000234,2025-04-22T09:41:00-04:00,0.0,3.0499999999999545,4047.0400000001255,2025-04-22T09:46:00-04:00,0.0,3.7500000000000284,2647.039999999978,2025-04-22T10:01:00-04:00,0.0,4.000000000000028,2147.039999999978,2025-04-22T10:31:00-04:00,0.0,3.0,4147.0400000000345,2025-04-22T11:31:00-04:00,0.0,2.9499999999999886,4247.040000000057,2025-04-22T16:00:00-04:00,0.0,0.5500000000000007,9047.040000000034,2025-04-23T16:00:00-04:00,0.0,,,2025-04-24T13:51:00-04:00,7740.0,,,,,0.0,hit,1.0,hit,15.0,hit,57.0,hit,68.0,hit,223.0,hit,1441.0,hit,245.0,hit,,never_hit,,never_hit,,never_hit,,never_hit,,never_hit,5.200000000000017,0,False,False,False,False,,5.200000000000017,0,False,False,False,False,,5.200000000000017,0,False,False,False,False,,5.900000000000034,2,False,False,False,False,,57.0,2025-04-22T10:28:00-04:00,2.599999999999966,4947.040000000103,96.0,2025-04-22T11:07:00-04:00,2.8500000000000085,4447.040000000018,109.0,2025-04-22T11:20:00-04:00,2.9000000000000057,4347.040000000024,58.0,2025-04-22T10:29:00-04:00,3.6999999999999886,2747.0400000000577,68.0,2025-04-22T10:39:00-04:00,1.5999999999999943,6947.040000000046,1441.0,2025-04-23T09:32:00-04:00,0.45000000000000107,9247.040000000034,1442.0,2025-04-23T09:33:00-04:00,0.5000000000000018,9147.040000000032,69.0,2025-04-22T10:40:00-04:00,3.3500000000000227,3447.0399999999895,223.0,2025-04-22T13:14:00-04:00,0.8999999999999915,8347.040000000054,1441.0,2025-04-23T09:32:00-04:00,0.45000000000000107,9247.040000000034,1442.0,2025-04-23T09:33:00-04:00,0.5000000000000018,9147.040000000032,224.0,2025-04-22T13:15:00-04:00,3.0,4147.0400000000345,1443.0,2025-04-23T09:34:00-04:00,0.40000000000000213,9347.040000000032,1444.0,2025-04-23T09:35:00-04:00,0.10000000000000142,9947.040000000034,1449.0,2025-04-23T09:40:00-04:00,0.1999999999999993,9747.040000000037,1444.0,2025-04-23T09:35:00-04:00,0.10000000000000142,9947.040000000034,2561
2025-04-22,2025-04-25,3,5.0,2025-04-22T09:31:00-04:00,4.949999999999989,NDXP  250425P18070000,NDXP  250425P18060000,validation,False,False,0,0,3,50,0,1298,available,False,2025-04-22T09:31:00-04:00,2025-04-25T11:51:00-04:00,0.0,9647.039999999979,249.0,last_observed_quote_not_settlement,1036.0,5,6,4.949999999999989,-252.9599999999993,2025-04-22T09:32:00-04:00,0.0,4.850000000000023,-52.9600000000675,2025-04-22T09:33:00-04:00,0.0,4.9500000000000455,-252.96000000011298,2025-04-22T09:36:00-04:00,0.0,4.7999999999999545,47.04000000006892,2025-04-22T09:41:00-04:00,0.0,4.050000000000011,1547.0399999999552,2025-04-22T09:46:00-04:00,0.0,4.25,1147.039999999978,2025-04-22T10:01:00-04:00,0.0,3.9499999999999886,1747.0400000000006,2025-04-22T10:31:00-04:00,0.0,3.5,2647.039999999978,2025-04-22T11:31:00-04:00,0.0,3.3499999999999943,2947.0399999999895,2025-04-22T16:00:00-04:00,0.0,2.5,4647.039999999978,2025-04-23T16:00:00-04:00,0.0,0.10000000000000009,9447.039999999977,2025-04-24T16:00:00-04:00,0.0,,,2025-04-25T11:51:00-04:00,14940.0,0.0,hit,0.0,hit,17.0,hit,151.0,hit,1440.0,hit,1440.0,hit,1506.0,hit,288.0,hit,288.0,hit,,never_hit,,never_hit,,never_hit,,never_hit,5.399999999999977,3,False,False,False,False,,6.699999999999989,5,False,False,False,False,,6.699999999999989,5,False,False,False,False,,6.699999999999989,5,False,False,False,False,,171.0,2025-04-22T12:22:00-04:00,2.9499999999999886,3747.040000000001,176.0,2025-04-22T12:27:00-04:00,2.6999999999999886,4247.040000000001,177.0,2025-04-22T12:28:00-04:00,2.9499999999999886,3747.040000000001,172.0,2025-04-22T12:23:00-04:00,2.9999999999999716,3647.040000000035,1440.0,2025-04-23T09:31:00-04:00,0.7999999999999972,8047.039999999984,1441.0,2025-04-23T09:32:00-04:00,0.8000000000000007,8047.039999999976,1442.0,2025-04-23T09:33:00-04:00,0.8500000000000014,7947.039999999975,1441.0,2025-04-23T09:32:00-04:00,0.8000000000000007,8047.039999999976,1440.0,2025-04-23T09:31:00-04:00,0.7999999999999972,8047.039999999984,1441.0,2025-04-23T09:32:00-04:00,0.8000000000000007,8047.039999999976,1442.0,2025-04-23T09:33:00-04:00,0.8500000000000014,7947.039999999975,1441.0,2025-04-23T09:32:00-04:00,0.8000000000000007,8047.039999999976,1568.0,2025-04-23T11:39:00-04:00,0.0,9647.039999999979,2902.0,2025-04-24T09:53:00-04:00,0.34999999999999964,8947.039999999979,2903.0,2025-04-24T09:54:00-04:00,0.4499999999999993,8747.03999999998,1569.0,2025-04-23T11:40:00-04:00,1.0499999999999972,7547.039999999984,2562
2025-04-22,2025-04-25,3,6.0,2025-04-22T09:31:00-04:00,5.949999999999989,NDXP  250425P18310000,NDXP  250425P18300000,validation,False,False,0,0,31,71,0,1314,available,False,2025-04-22T09:31:00-04:00,2025-04-25T12:27:00-04:00,0.0,11647.039999999979,213.0,last_observed_quote_not_settlement,1036.0,15,19,6.75,-1852.960000000022,2025-04-22T09:32:00-04:00,0.0,6.149999999999977,-652.9599999999766,2025-04-22T09:33:00-04:00,0.0,1.650000000000034,8347.03999999991,2025-04-22T09:36:00-04:00,0.0,4.849999999999909,1947.0400000001598,2025-04-22T09:41:00-04:00,0.0,6.349999999999966,-1052.9599999999539,2025-04-22T09:46:00-04:00,0.0,5.550000000000068,547.0399999998415,2025-04-22T10:01:00-04:00,0.0,5.600000000000023,447.0399999999325,2025-04-22T10:31:00-04:00,0.0,4.899999999999977,1847.0400000000234,2025-04-22T11:31:00-04:00,0.0,5.050000000000068,1547.0399999998415,2025-04-22T16:00:00-04:00,0.0,2.3500000000000085,6947.039999999961,2025-04-23T16:00:00-04:00,0.0,0.0,11647.039999999979,2025-04-24T16:00:00-04:00,0.0,,,2025-04-25T12:27:00-04:00,12780.0,5.0,hit,5.0,hit,5.0,hit,5.0,hit,5.0,hit,1467.0,hit,1514.0,hit,1.0,hit,9.0,hit,9.0,hit,9.0,hit,9.0,hit,,never_hit,6.800000000000011,4,False,False,False,False,,6.800000000000011,4,False,False,False,False,,9.300000000000068,15,True,True,True,True,,9.300000000000068,15,True,True,True,True,,5.0,2025-04-22T09:36:00-04:00,1.650000000000034,8347.03999999991,1441.0,2025-04-23T09:32:00-04:00,1.4500000000000028,8747.039999999974,1442.0,2025-04-23T09:33:00-04:00,1.6000000000000014,8447.039999999975,6.0,2025-04-22T09:37:00-04:00,6.900000000000034,-2152.96000000009,5.0,2025-04-22T09:36:00-04:00,1.650000000000034,8347.03999999991,1441.0,2025-04-23T09:32:00-04:00,1.4500000000000028,8747.039999999974,1442.0,2025-04-23T09:33:00-04:00,1.6000000000000014,8447.039999999975,6.0,2025-04-22T09:37:00-04:00,6.900000000000034,-2152.96000000009,1467.0,2025-04-23T09:58:00-04:00,0.8999999999999915,9847.039999999995,2907.0,2025-04-24T09:58:00-04:00,0.9000000000000021,9847.039999999975,2908.0,2025-04-24T09:59:00-04:00,0.8999999999999986,9847.03999999998,1468.0,2025-04-23T09:59:00-04:00,1.1999999999999957,9247.039999999988,1514.0,2025-04-23T10:45:00-04:00,0.3500000000000014,10947.039999999975,3025.0,2025-04-24T11:56:00-04:00,0.4499999999999993,10747.03999999998,3050.0,2025-04-24T12:21:00-04:00,0.4499999999999993,10747.03999999998,1515.0,2025-04-23T10:46:00-04:00,1.0,9647.039999999979,2563
2025-04-22,2025-04-25,3,7.0,2025-04-22T09:31:00-04:00,7.0499999999999545,NDXP  250425P18470000,NDXP  250425P18460000,validation,False,False,0,0,1,17,0,1384,available,False,2025-04-22T09:31:00-04:00,2025-04-25T12:42:00-04:00,0.0,13847.03999999991,198.0,last_observed_quote_not_settlement,1036.0,16,30,7.099999999999909,-352.95999999990835,2025-04-22T09:32:00-04:00,0.0,5.7999999999999545,2247.040000000001,2025-04-22T09:33:00-04:00,0.0,6.649999999999977,547.0399999999552,2025-04-22T09:36:00-04:00,0.0,8.699999999999932,-3552.9599999999555,2025-04-22T09:41:00-04:00,0.0,6.0,1847.0399999999097,2025-04-22T09:46:00-04:00,0.0,6.949999999999989,-52.9600000000675,2025-04-22T10:01:00-04:00,0.0,6.7000000000000455,447.0399999998188,2025-04-22T10:31:00-04:00,0.0,6.0,1847.0399999999097,2025-04-22T11:31:00-04:00,0.0,4.4500000000000455,4947.039999999819,2025-04-22T16:00:00-04:00,0.0,3.200000000000017,7447.039999999875,2025-04-23T16:00:00-04:00,0.0,0.3000000000000007,13247.03999999991,2025-04-24T16:00:00-04:00,0.0,,,2025-04-25T12:42:00-04:00,11880.0,4.0,hit,4.0,hit,4.0,hit,272.0,hit,272.0,hit,1506.0,hit,1506.0,hit,10.0,hit,10.0,hit,0.0,hit,10.0,hit,85.0,hit,,never_hit,9.300000000000011,15,True,True,True,True,,9.300000000000011,15,True,True,True,True,,9.300000000000011,16,True,True,True,True,,9.300000000000011,16,True,True,True,True,,272.0,2025-04-22T14:03:00-04:00,1.6000000000000227,10647.039999999864,1441.0,2025-04-23T09:32:00-04:00,2.450000000000003,8947.039999999904,1442.0,2025-04-23T09:33:00-04:00,2.1500000000000057,9547.039999999899,273.0,2025-04-22T14:04:00-04:00,6.5,847.0399999999097,272.0,2025-04-22T14:03:00-04:00,1.6000000000000227,10647.039999999864,1461.0,2025-04-23T09:52:00-04:00,1.7500000000000142,10347.039999999883,1472.0,2025-04-23T10:03:00-04:00,1.6500000000000057,10547.039999999899,273.0,2025-04-22T14:04:00-04:00,6.5,847.0399999999097,1506.0,2025-04-23T10:37:00-04:00,0.0,13847.03999999991,2975.0,2025-04-24T11:06:00-04:00,0.9000000000000057,12047.039999999899,2982.0,2025-04-24T11:13:00-04:00,0.8000000000000043,12247.039999999903,1507.0,2025-04-23T10:38:00-04:00,1.4000000000000057,11047.039999999899,1506.0,2025-04-23T10:37:00-04:00,0.0,13847.03999999991,3186.0,2025-04-24T14:37:00-04:00,0.4499999999999993,12947.039999999912,3191.0,2025-04-24T14:42:00-04:00,0.4499999999999993,12947.039999999912,1507.0,2025-04-23T10:38:00-04:00,1.4000000000000057,11047.039999999899,2564
2025-04-23,2025-04-25,2,5.0,2025-04-23T09:31:00-04:00,4.950000000000017,NDXP  250425P18850000,NDXP  250425P18840000,validation,False,False,0,0,56,9,0,1100,available,False,2025-04-23T09:31:00-04:00,2025-04-25T14:46:00-04:00,0.07500000000000004,9497.040000000035,74.0,last_observed_quote_not_settlement,1036.0,226,88,4.599999999999994,447.0400000000462,2025-04-23T09:32:00-04:00,0.0,4.25,1147.0400000000348,2025-04-23T09:33:00-04:00,0.0,5.699999999999989,-1752.9599999999425,2025-04-23T09:36:00-04:00,0.0,4.25,1147.0400000000348,2025-04-23T09:41:00-04:00,0.0,4.900000000000034,-152.9600000000334,2025-04-23T09:46:00-04:00,0.0,3.75,2147.040000000035,2025-04-23T10:01:00-04:00,0.0,3.6999999999999886,2247.0400000000577,2025-04-23T10:31:00-04:00,0.0,4.650000000000006,347.04000000002344,2025-04-23T11:31:00-04:00,0.0,0.75,8147.0400000000345,2025-04-23T16:00:00-04:00,0.0,1.6000000000000085,6447.040000000018,2025-04-24T16:00:00-04:00,0.0,,,2025-04-25T14:46:00-04:00,4440.0,,,,,0.0,hit,0.0,hit,11.0,hit,19.0,hit,40.0,hit,51.0,hit,51.0,hit,5.0,hit,13.0,hit,13.0,hit,13.0,hit,,never_hit,,never_hit,8.350000000000023,3,True,True,False,False,,8.350000000000023,4,True,True,False,False,,8.350000000000023,7,True,True,False,False,,8.350000000000023,7,True,True,False,False,,19.0,2025-04-23T09:50:00-04:00,2.7499999999999716,4147.040000000092,70.0,2025-04-23T10:41:00-04:00,2.8999999999999773,3847.0400000000805,1537.0,2025-04-24T11:08:00-04:00,2.9000000000000057,3847.0400000000236,20.0,2025-04-23T09:51:00-04:00,3.549999999999983,2547.040000000069,40.0,2025-04-23T10:11:00-04:00,1.6500000000000057,6347.040000000024,1741.0,2025-04-24T14:32:00-04:00,1.8999999999999915,5847.040000000052,1742.0,2025-04-24T14:33:00-04:00,1.8999999999999986,5847.040000000037,41.0,2025-04-23T10:12:00-04:00,3.549999999999983,2547.040000000069,51.0,2025-04-23T10:22:00-04:00,0.29999999999998295,9047.04000000007,2887.0,2025-04-25T09:38:00-04:00,0.8999999999999986,7847.040000000037,2888.0,2025-04-25T09:39:00-04:00,0.8999999999999986,7847.040000000037,52.0,2025-04-23T10:23:00-04:00,4.349999999999994,947.0400000000461,51.0,2025-04-23T10:22:00-04:00,0.29999999999998295,9047.04000000007,2922.0,2025-04-25T10:13:00-04:00,0.39999999999999947,8847.040000000037,2923.0,2025-04-25T10:14:00-04:00,0.40000000000000036,8847.040000000035,52.0,2025-04-23T10:23:00-04:00,4.349999999999994,947.0400000000461,2565
2025-04-23,2025-04-25,2,6.0,2025-04-23T09:31:00-04:00,6.0,NDXP  250425P19000000,NDXP  250425P18990000,validation,False,False,0,0,27,14,0,1133,available,False,2025-04-23T09:31:00-04:00,2025-04-25T15:20:00-04:00,0.0,11747.04,40.0,last_observed_quote_not_settlement,1036.0,195,117,5.449999999999989,847.0400000000234,2025-04-23T09:32:00-04:00,0.0,5.849999999999909,47.04000000018261,2025-04-23T09:33:00-04:00,0.0,7.199999999999989,-2652.9599999999764,2025-04-23T09:36:00-04:00,0.0,5.699999999999932,347.0400000001371,2025-04-23T09:41:00-04:00,0.0,8.25,-4752.960000000001,2025-04-23T09:46:00-04:00,0.0,5.0,1747.0400000000006,2025-04-23T10:01:00-04:00,0.0,8.5,-5252.960000000001,2025-04-23T10:31:00-04:00,0.0,6.050000000000011,-352.96000000002203,2025-04-23T11:31:00-04:00,0.0,7.099999999999966,-2452.959999999931,2025-04-23T16:00:00-04:00,0.0,2.549999999999997,6647.040000000006,2025-04-24T16:00:00-04:00,0.0,,,2025-04-25T15:20:00-04:00,2400.0,,,,,1.0,hit,3.0,hit,19.0,hit,19.0,hit,19.0,hit,19.0,hit,240.0,hit,5.0,hit,5.0,hit,5.0,hit,15.0,hit,204.0,hit,310.0,hit,8.25,2,True,True,False,False,,8.25,2,True,True,False,False,,8.25,2,True,True,False,False,,9.199999999999989,70,True,True,True,True,,19.0,2025-04-23T09:50:00-04:00,0.8999999999999773,9947.040000000046,192.0,2025-04-23T12:43:00-04:00,2.2000000000000455,7347.03999999991,1742.0,2025-04-24T14:33:00-04:00,2.8499999999999943,6047.040000000012,20.0,2025-04-23T09:51:00-04:00,5.100000000000023,1547.0399999999552,19.0,2025-04-23T09:50:00-04:00,0.8999999999999773,9947.040000000046,2886.0,2025-04-25T09:37:00-04:00,1.7999999999999972,8147.040000000007,2912.0,2025-04-25T10:03:00-04:00,1.6499999999999986,8447.040000000005,20.0,2025-04-23T09:51:00-04:00,5.100000000000023,1547.0399999999552,19.0,2025-04-23T09:50:00-04:00,0.8999999999999773,9947.040000000046,2976.0,2025-04-25T11:07:00-04:00,0.8999999999999986,9947.040000000005,2977.0,2025-04-25T11:08:00-04:00,0.9000000000000004,9947.04,20.0,2025-04-23T09:51:00-04:00,5.100000000000023,1547.0399999999552,240.0,2025-04-23T13:31:00-04:00,0.30000000000001137,11147.039999999979,3047.0,2025-04-25T12:18:00-04:00,0.39999999999999947,10947.040000000003,3051.0,2025-04-25T12:22:00-04:00,0.39999999999999947,10947.040000000003,241.0,2025-04-23T13:32:00-04:00,5.5,747.0400000000006,2566
2025-04-23,2025-04-25,2,7.0,2025-04-23T09:31:00-04:00,6.050000000000011,NDXP  250425P19010000,NDXP  250425P19000000,validation,False,False,0,0,18,35,0,1121,available,False,2025-04-23T09:31:00-04:00,2025-04-25T15:31:00-04:00,0.0,11847.040000000025,29.0,last_observed_quote_not_settlement,1036.0,209,74,5.050000000000011,1747.0400000000006,2025-04-23T09:32:00-04:00,0.0,5.400000000000034,1047.0399999999552,2025-04-23T09:33:00-04:00,0.0,4.5,2847.0400000000236,2025-04-23T09:36:00-04:00,0.0,5.900000000000034,47.039999999955235,2025-04-23T09:41:00-04:00,0.0,2.1999999999999886,7447.040000000046,2025-04-23T09:46:00-04:00,0.0,5.150000000000034,1547.0399999999552,2025-04-23T10:01:00-04:00,0.0,1.0500000000000114,9747.04,2025-04-23T10:31:00-04:00,0.0,3.6499999999999773,4547.040000000069,2025-04-23T11:31:00-04:00,0.0,6.949999999999989,-2052.9599999999537,2025-04-23T16:00:00-04:00,0.0,2.6000000000000085,6647.040000000006,2025-04-24T16:00:00-04:00,0.0,,,2025-04-25T15:31:00-04:00,1740.0,,,,,1.0,hit,5.0,hit,15.0,hit,15.0,hit,60.0,hit,135.0,hit,3042.0,hit,20.0,hit,20.0,hit,20.0,hit,22.0,hit,22.0,hit,117.0,hit,6.350000000000023,0,False,False,False,False,,9.399999999999977,6,True,True,True,True,,10.0,13,True,True,True,True,,10.0,209,True,True,True,True,,15.0,2025-04-23T09:46:00-04:00,2.1999999999999886,7447.040000000046,1746.0,2025-04-24T14:37:00-04:00,2.8499999999999943,6147.0400000000345,1747.0,2025-04-24T14:38:00-04:00,2.9499999999999886,5947.040000000046,16.0,2025-04-23T09:47:00-04:00,4.75,2347.0400000000236,60.0,2025-04-23T10:31:00-04:00,1.0500000000000114,9747.04,2911.0,2025-04-25T10:02:00-04:00,1.5999999999999943,8647.040000000035,2912.0,2025-04-25T10:03:00-04:00,1.499999999999993,8847.040000000039,61.0,2025-04-23T10:32:00-04:00,4.800000000000011,2247.040000000001,135.0,2025-04-23T11:46:00-04:00,0.8500000000000227,10147.039999999979,2981.0,2025-04-25T11:12:00-04:00,0.8499999999999996,10147.040000000025,2982.0,2025-04-25T11:13:00-04:00,0.8499999999999996,10147.040000000025,136.0,2025-04-23T11:47:00-04:00,6.199999999999989,-552.9599999999539,3048.0,2025-04-25T12:19:00-04:00,0.39999999999999947,11047.040000000025,3051.0,2025-04-25T12:22:00-04:00,0.40000000000000036,11047.040000000023,3052.0,2025-04-25T12:23:00-04:00,0.39999999999999947,11047.040000000025,3049.0,2025-04-25T12:20:00-04:00,0.4500000000000002,10947.040000000025,2567
2025-04-25,2025-04-28,3,5.0,2025-04-25T09:31:00-04:00,4.949999999999989,NDXP  250428P19270000,NDXP  250428P19260000,validation,False,False,0,0,2,2,0,773,available,False,2025-04-25T09:31:00-04:00,2025-04-28T15:41:00-04:00,0.05000000000000002,9547.039999999979,19.0,last_observed_quote_not_settlement,3916.0,204,50,5.5,-1352.960000000022,2025-04-25T09:32:00-04:00,0.0,5.949999999999989,-2252.959999999999,2025-04-25T09:33:00-04:00,0.0,5.049999999999983,-452.95999999998793,2025-04-25T09:36:00-04:00,0.0,5.099999999999994,-552.9600000000107,2025-04-25T09:41:00-04:00,0.0,4.800000000000011,47.039999999955235,2025-04-25T09:46:00-04:00,0.0,4.0,1647.039999999978,2025-04-25T10:01:00-04:00,0.0,5.599999999999994,-1552.9600000000107,2025-04-25T10:31:00-04:00,0.0,4.599999999999994,447.03999999998933,2025-04-25T11:31:00-04:00,0.0,,,2025-04-25T15:59:00-04:00,60.0,,,2025-04-25T16:15:00-04:00,85500.0,,,2025-04-25T16:15:00-04:00,171900.0,,,2025-04-28T15:41:00-04:00,1140.0,0.0,hit,0.0,hit,30.0,hit,121.0,hit,121.0,hit,4464.0,hit,4666.0,hit,1.0,hit,2.0,hit,51.0,hit,134.0,hit,4569.0,hit,4570.0,hit,7.699999999999989,51,True,False,False,False,,7.699999999999989,51,True,False,False,False,,8.199999999999989,80,True,True,False,False,,9.5,204,True,True,True,True,,121.0,2025-04-25T11:32:00-04:00,1.700000000000017,6247.039999999944,234.0,2025-04-25T13:25:00-04:00,2.549999999999997,4547.039999999984,235.0,2025-04-25T13:26:00-04:00,2.700000000000003,4247.039999999973,122.0,2025-04-25T11:33:00-04:00,4.75,147.03999999997797,121.0,2025-04-25T11:32:00-04:00,1.700000000000017,6247.039999999944,4332.0,2025-04-28T09:43:00-04:00,1.6999999999999993,6247.039999999979,4333.0,2025-04-28T09:44:00-04:00,1.5500000000000007,6547.039999999976,122.0,2025-04-25T11:33:00-04:00,4.75,147.03999999997797,4464.0,2025-04-28T11:55:00-04:00,0.75,8147.039999999978,4655.0,2025-04-28T15:06:00-04:00,0.9000000000000004,7847.039999999977,4656.0,2025-04-28T15:07:00-04:00,0.8999999999999999,7847.039999999977,4465.0,2025-04-28T11:56:00-04:00,4.949999999999989,-252.9599999999993,4668.0,2025-04-28T15:19:00-04:00,0.375,8897.039999999979,4669.0,2025-04-28T15:20:00-04:00,0.34999999999999987,8947.039999999979,4670.0,2025-04-28T15:21:00-04:00,0.30000000000000004,9047.039999999979,4669.0,2025-04-28T15:20:00-04:00,0.34999999999999987,8947.039999999979,2568
2025-04-25,2025-04-28,3,6.0,2025-04-25T09:31:00-04:00,6.0,NDXP  250428P19350000,NDXP  250428P19340000,validation,False,False,0,0,2,3,0,781,available,False,2025-04-25T09:31:00-04:00,2025-04-28T15:50:00-04:00,0.55,10647.04,10.0,last_observed_quote_not_settlement,3916.0,238,50,6.2999999999999545,-852.9599999999084,2025-04-25T09:32:00-04:00,0.0,6.600000000000023,-1452.9600000000448,2025-04-25T09:33:00-04:00,0.0,5.550000000000011,647.0399999999779,2025-04-25T09:36:00-04:00,0.0,5.5,747.0400000000006,2025-04-25T09:41:00-04:00,0.0,5.999999999999972,-252.95999999994245,2025-04-25T09:46:00-04:00,0.0,6.25,-752.9599999999994,2025-04-25T10:01:00-04:00,0.0,6.550000000000068,-1352.9600000001358,2025-04-25T10:31:00-04:00,0.0,5.5,747.0400000000006,2025-04-25T11:31:00-04:00,0.0,3.4000000000000057,4947.039999999989,2025-04-25T16:00:00-04:00,0.0,,,2025-04-25T16:15:00-04:00,85500.0,,,2025-04-25T16:15:00-04:00,171900.0,,,2025-04-28T15:50:00-04:00,600.0,6.0,hit,6.0,hit,217.0,hit,225.0,hit,225.0,hit,4326.0,hit,4326.0,hit,2.0,hit,4433.0,hit,4433.0,hit,4434.0,hit,4448.0,hit,4523.0,hit,6.800000000000011,29,False,False,False,False,,6.800000000000011,29,False,False,False,False,,6.849999999999994,30,False,False,False,False,,6.849999999999994,30,False,False,False,False,,225.0,2025-04-25T13:16:00-04:00,1.5500000000000114,8647.039999999979,4332.0,2025-04-28T09:43:00-04:00,2.75,6247.040000000001,4333.0,2025-04-28T09:44:00-04:00,2.549999999999997,6647.040000000006,226.0,2025-04-25T13:17:00-04:00,3.950000000000003,3847.039999999995,225.0,2025-04-25T13:16:00-04:00,1.5500000000000114,8647.039999999979,4673.0,2025-04-28T15:24:00-04:00,1.4000000000000004,8947.04,4674.0,2025-04-28T15:25:00-04:00,1.3499999999999996,9047.040000000003,226.0,2025-04-25T13:17:00-04:00,3.950000000000003,3847.039999999995,4326.0,2025-04-28T09:37:00-04:00,0.3500000000000085,11047.039999999985,4692.0,2025-04-28T15:43:00-04:00,0.7999999999999998,10147.040000000003,4693.0,2025-04-28T15:44:00-04:00,0.8500000000000001,10047.04,4327.0,2025-04-28T09:38:00-04:00,3.75,4247.040000000001,4326.0,2025-04-28T09:37:00-04:00,0.3500000000000085,11047.039999999985,4697.0,2025-04-28T15:48:00-04:00,0.44999999999999996,10847.04,,,,,4327.0,2025-04-28T09:38:00-04:00,3.75,4247.040000000001,2569
2025-04-25,2025-04-28,3,7.0,2025-04-25T09:31:00-04:00,7.0,NDXP  250428P19430000,NDXP  250428P19420000,validation,False,False,0,0,1,7,0,786,available,False,2025-04-25T09:31:00-04:00,2025-04-28T15:59:00-04:00,1.6499999999999995,10447.040000000003,1.0,last_observed_quote_not_settlement,3916.0,271,47,6.899999999999977,-52.959999999953816,2025-04-25T09:32:00-04:00,0.0,9.25,-4752.960000000001,2025-04-25T09:33:00-04:00,0.0,6.399999999999977,947.0400000000461,2025-04-25T09:36:00-04:00,0.0,6.550000000000011,647.0399999999779,2025-04-25T09:41:00-04:00,0.0,6.350000000000023,1047.0399999999552,2025-04-25T09:46:00-04:00,0.0,6.550000000000011,647.0399999999779,2025-04-25T10:01:00-04:00,0.0,2.7999999999999545,8147.040000000091,2025-04-25T10:31:00-04:00,0.0,6.75,247.04000000000067,2025-04-25T11:31:00-04:00,0.0,4.199999999999989,5347.040000000024,2025-04-25T16:00:00-04:00,0.0,,,2025-04-25T16:15:00-04:00,85500.0,,,2025-04-25T16:15:00-04:00,171900.0,,,2025-04-28T15:59:00-04:00,60.0,6.0,hit,9.0,hit,18.0,hit,18.0,hit,402.0,hit,4702.0,hit,,never_hit,2.0,hit,2.0,hit,0.0,hit,2.0,hit,2.0,hit,26.0,hit,9.25,3,True,True,True,True,,10.0,30,True,True,True,True,,10.0,271,True,True,True,True,,,,True,True,True,False,6.275,18.0,2025-04-25T09:49:00-04:00,2.599999999999966,8547.04000000007,4701.0,2025-04-28T15:52:00-04:00,1.9000000000000004,9947.04,4702.0,2025-04-28T15:53:00-04:00,0.7249999999999999,12297.040000000003,19.0,2025-04-25T09:50:00-04:00,5.5499999999999545,2647.040000000092,402.0,2025-04-25T16:13:00-04:00,1.1500000000000057,11447.03999999999,4701.0,2025-04-28T15:52:00-04:00,1.9000000000000004,9947.04,4702.0,2025-04-28T15:53:00-04:00,0.7249999999999999,12297.040000000003,403.0,2025-04-25T16:14:00-04:00,4.199999999999989,5347.040000000024,4702.0,2025-04-28T15:53:00-04:00,0.7249999999999999,12297.040000000003,4703.0,2025-04-28T15:54:00-04:00,0.8,12147.04,4704.0,2025-04-28T15:55:00-04:00,0.8499999999999999,12047.040000000003,4703.0,2025-04-28T15:54:00-04:00,0.8,12147.04,,,,,,,,,,,,,,,,,2570
2025-04-28,2025-04-30,2,5.0,2025-04-28T09:31:00-04:00,5.050000000000011,NDXP  250430P19500000,NDXP  250430P19490000,validation,False,False,0,0,3,23,0,1172,available,False,2025-04-28T09:31:00-04:00,2025-04-30T15:57:00-04:00,0.2500000000000001,9347.040000000025,3.0,last_observed_quote_not_settlement,1036.0,819,77,5.0,-152.95999999997656,2025-04-28T09:32:00-04:00,0.0,5.25,-652.9599999999766,2025-04-28T09:33:00-04:00,0.0,5.250000000000028,-652.9600000000335,2025-04-28T09:36:00-04:00,0.0,4.849999999999966,147.04000000009165,2025-04-28T09:41:00-04:00,0.0,4.599999999999994,647.0400000000348,2025-04-28T09:46:00-04:00,0.0,5.849999999999966,-1852.9599999999084,2025-04-28T10:01:00-04:00,0.0,5.949999999999989,-2052.9599999999537,2025-04-28T10:31:00-04:00,0.0,,,2025-04-28T11:30:00-04:00,60.0,4.950000000000017,-52.96000000001066,2025-04-28T16:00:00-04:00,0.0,4.000000000000014,1847.039999999995,2025-04-29T16:00:00-04:00,0.0,,,2025-04-30T15:57:00-04:00,180.0,,,,,0.0,hit,1.0,hit,66.0,hit,1529.0,hit,3262.0,hit,3265.0,hit,3265.0,hit,3.0,hit,21.0,hit,21.0,hit,21.0,hit,144.0,hit,144.0,hit,9.600000000000023,391,True,True,True,True,,9.900000000000006,819,True,True,True,True,,9.900000000000006,819,True,True,True,True,,9.900000000000006,819,True,True,True,True,,1529.0,2025-04-29T11:00:00-04:00,2.299999999999983,5247.040000000057,3262.0,2025-04-30T15:53:00-04:00,1.5,6847.040000000024,3263.0,2025-04-30T15:54:00-04:00,1.6999999999999993,6447.0400000000245,1530.0,2025-04-29T11:01:00-04:00,4.199999999999989,1447.0400000000461,3262.0,2025-04-30T15:53:00-04:00,1.5,6847.040000000024,3263.0,2025-04-30T15:54:00-04:00,1.6999999999999993,6447.0400000000245,3264.0,2025-04-30T15:55:00-04:00,1.85,6147.040000000023,3263.0,2025-04-30T15:54:00-04:00,1.6999999999999993,6447.0400000000245,3265.0,2025-04-30T15:56:00-04:00,0.34999999999999987,9147.040000000025,3266.0,2025-04-30T15:57:00-04:00,0.2500000000000001,9347.040000000025,,,,,3266.0,2025-04-30T15:57:00-04:00,0.2500000000000001,9347.040000000025,3265.0,2025-04-30T15:56:00-04:00,0.34999999999999987,9147.040000000025,3266.0,2025-04-30T15:57:00-04:00,0.2500000000000001,9347.040000000025,,,,,3266.0,2025-04-30T15:57:00-04:00,0.2500000000000001,9347.040000000025,2571
2025-04-28,2025-04-30,2,6.0,2025-04-28T09:31:00-04:00,6.0,NDXP  250430P19640000,NDXP  250430P19630000,validation,False,False,0,0,0,45,0,1152,available,False,2025-04-28T09:31:00-04:00,2025-04-30T15:59:00-04:00,9.399999999999999,-7052.959999999998,1.0,last_observed_quote_not_settlement,1036.0,946,63,6.350000000000023,-952.9600000000448,2025-04-28T09:32:00-04:00,0.0,6.5,-1252.9599999999994,2025-04-28T09:33:00-04:00,0.0,7.350000000000023,-2952.9600000000446,2025-04-28T09:36:00-04:00,0.0,6.199999999999989,-652.9599999999766,2025-04-28T09:41:00-04:00,0.0,5.750000000000057,247.039999999887,2025-04-28T09:46:00-04:00,0.0,7.100000000000023,-2452.9600000000446,2025-04-28T10:01:00-04:00,0.0,7.050000000000011,-2352.960000000022,2025-04-28T10:31:00-04:00,0.0,9.899999999999977,-8052.9599999999555,2025-04-28T11:31:00-04:00,0.0,6.649999999999977,-1552.9599999999539,2025-04-28T16:00:00-04:00,0.0,5.550000000000011,647.0399999999779,2025-04-29T16:00:00-04:00,0.0,,,2025-04-30T15:59:00-04:00,60.0,,,,,14.0,hit,14.0,hit,14.0,hit,14.0,hit,165.0,hit,165.0,hit,,never_hit,2.0,hit,4.0,hit,4.0,hit,12.0,hit,12.0,hit,25.0,hit,9.449999999999989,12,True,True,True,True,,10.0,149,True,True,True,True,,10.0,149,True,True,True,True,,,,True,True,True,False,5.099999999999966,14.0,2025-04-28T09:45:00-04:00,2.7000000000000455,6347.03999999991,,,,,,,,,15.0,2025-04-28T09:46:00-04:00,5.750000000000057,247.039999999887,165.0,2025-04-28T12:16:00-04:00,0.9000000000000341,9947.039999999934,,,,,,,,,166.0,2025-04-28T12:17:00-04:00,8.449999999999989,-5152.959999999978,165.0,2025-04-28T12:16:00-04:00,0.9000000000000341,9947.039999999934,,,,,,,,,166.0,2025-04-28T12:17:00-04:00,8.449999999999989,-5152.959999999978,,,,,,,,,,,,,,,,,2572
2025-04-28,2025-04-30,2,7.0,2025-04-28T09:31:00-04:00,7.0,NDXP  250430P19750000,NDXP  250430P19740000,validation,False,False,0,0,0,105,0,1092,available,False,2025-04-28T09:31:00-04:00,2025-04-30T15:58:00-04:00,9.050000000000011,-4352.960000000024,2.0,last_observed_quote_not_settlement,1038.0,924,100,7.25,-752.9599999999994,2025-04-28T09:32:00-04:00,0.0,7.2000000000000455,-652.9600000000903,2025-04-28T09:33:00-04:00,0.0,7.399999999999977,-1052.9599999999539,2025-04-28T09:36:00-04:00,0.0,7.300000000000011,-852.9600000000221,2025-04-28T09:41:00-04:00,0.0,6.699999999999989,347.04000000002344,2025-04-28T09:46:00-04:00,0.0,7.899999999999977,-2052.9599999999537,2025-04-28T10:01:00-04:00,0.0,8.599999999999966,-3452.9599999999327,2025-04-28T10:31:00-04:00,0.0,8.649999999999977,-3552.9599999999555,2025-04-28T11:31:00-04:00,0.0,3.25,7247.040000000001,2025-04-28T16:00:00-04:00,0.0,7.5,-1252.9599999999994,2025-04-29T16:00:00-04:00,0.0,,,2025-04-30T15:58:00-04:00,120.0,,,,,111.0,hit,111.0,hit,111.0,hit,118.0,hit,258.0,hit,,never_hit,,never_hit,3.0,hit,9.0,hit,0.0,hit,9.0,hit,50.0,hit,50.0,hit,10.0,98,True,True,True,True,,10.0,161,True,True,True,True,,,,True,True,True,False,5.349999999999909,,,True,True,True,False,5.349999999999909,118.0,2025-04-28T11:29:00-04:00,2.0499999999999545,9647.040000000092,130.0,2025-04-28T11:41:00-04:00,2.75,8247.04,,,,,119.0,2025-04-28T11:30:00-04:00,4.600000000000136,4547.039999999728,258.0,2025-04-28T13:49:00-04:00,1.8999999999999773,9947.040000000046,,,,,,,,,259.0,2025-04-28T13:50:00-04:00,9.950000000000045,-6152.96,,,,,,,,,,,,,,,,,,,,,,,,,,,,,,,,,2573
2025-04-28,2025-05-01,3,5.0,2025-04-28T09:31:00-04:00,5.0,NDXP  250501P19560000,NDXP  250501P19550000,validation,False,False,0,0,3,37,0,1515,available,False,2025-04-28T09:31:00-04:00,2025-05-01T15:18:00-04:00,0.0,9747.04,42.0,last_observed_quote_not_settlement,1036.0,913,125,5.0,-252.9599999999993,2025-04-28T09:32:00-04:00,0.0,5.949999999999932,-2152.9599999998627,2025-04-28T09:33:00-04:00,0.0,5.400000000000034,-1052.9600000000676,2025-04-28T09:36:00-04:00,0.0,5.400000000000034,-1052.9600000000676,2025-04-28T09:41:00-04:00,0.0,5.599999999999966,-1452.9599999999311,2025-04-28T09:46:00-04:00,0.0,5.600000000000023,-1452.9600000000448,2025-04-28T10:01:00-04:00,0.0,5.099999999999966,-452.9599999999311,2025-04-28T10:31:00-04:00,0.0,1.4499999999999886,6847.040000000024,2025-04-28T11:31:00-04:00,0.0,5.949999999999989,-2152.9599999999764,2025-04-28T16:00:00-04:00,0.0,4.550000000000011,647.0399999999779,2025-04-29T16:00:00-04:00,0.0,1.0999999999999943,7547.040000000012,2025-04-30T16:00:00-04:00,0.0,,,2025-05-01T15:18:00-04:00,2520.0,0.0,hit,0.0,hit,21.0,hit,63.0,hit,63.0,hit,63.0,hit,63.0,hit,2.0,hit,4.0,hit,31.0,hit,31.0,hit,2913.0,hit,2948.0,hit,8.550000000000068,51,True,True,False,False,,8.550000000000068,51,True,True,False,False,,8.550000000000068,51,True,True,False,False,,8.550000000000068,51,True,True,False,False,,63.0,2025-04-28T10:34:00-04:00,0.4499999999999318,8847.040000000137,4321.0,2025-05-01T09:32:00-04:00,1.5999999999999979,6547.0400000000045,4322.0,2025-05-01T09:33:00-04:00,1.2000000000000028,7347.039999999995,64.0,2025-04-28T10:35:00-04:00,5.7000000000000455,-1652.9600000000903,63.0,2025-04-28T10:34:00-04:00,0.4499999999999318,8847.040000000137,4321.0,2025-05-01T09:32:00-04:00,1.5999999999999979,6547.0400000000045,4322.0,2025-05-01T09:33:00-04:00,1.2000000000000028,7347.039999999995,64.0,2025-04-28T10:35:00-04:00,5.7000000000000455,-1652.9600000000903,63.0,2025-04-28T10:34:00-04:00,0.4499999999999318,8847.040000000137,4342.0,2025-05-01T09:53:00-04:00,0.9000000000000021,7947.039999999996,4370.0,2025-05-01T10:21:00-04:00,0.9000000000000004,7947.04,64.0,2025-04-28T10:35:00-04:00,5.7000000000000455,-1652.9600000000903,63.0,2025-04-28T10:34:00-04:00,0.4499999999999318,8847.040000000137,4390.0,2025-05-01T10:41:00-04:00,0.39999999999999947,8947.040000000003,4391.0,2025-05-01T10:42:00-04:00,0.35000000000000053,9047.04,64.0,2025-04-28T10:35:00-04:00,5.7000000000000455,-1652.9600000000903,2574
2025-04-28,2025-05-01,3,6.0,2025-04-28T09:31:00-04:00,6.0,NDXP  250501P19690000,NDXP  250501P19680000,validation,False,False,0,0,13,65,0,1518,available,False,2025-04-28T09:31:00-04:00,2025-05-01T15:44:00-04:00,0.0,11747.04,16.0,last_observed_quote_not_settlement,1037.0,889,161,4.4500000000000455,2847.03999999991,2025-04-28T09:32:00-04:00,0.0,6.449999999999989,-1152.9599999999766,2025-04-28T09:33:00-04:00,0.0,6.5,-1252.9599999999994,2025-04-28T09:36:00-04:00,0.0,6.199999999999989,-652.9599999999766,2025-04-28T09:41:00-04:00,0.0,5.650000000000034,447.0399999999325,2025-04-28T09:46:00-04:00,0.0,6.899999999999977,-2052.9599999999537,2025-04-28T10:01:00-04:00,0.0,5.800000000000011,147.03999999997797,2025-04-28T10:31:00-04:00,0.0,3.0500000000000114,5647.039999999978,2025-04-28T11:31:00-04:00,0.0,6.499999999999943,-1252.9599999998857,2025-04-28T16:00:00-04:00,0.0,6.400000000000034,-1052.9600000000676,2025-04-29T16:00:00-04:00,0.0,0.5,10747.04,2025-04-30T16:00:00-04:00,0.0,,,2025-05-01T15:44:00-04:00,960.0,1.0,hit,1.0,hit,108.0,hit,108.0,hit,108.0,hit,141.0,hit,200.0,hit,4.0,hit,31.0,hit,31.0,hit,46.0,hit,153.0,hit,155.0,hit,8.100000000000023,90,True,True,False,False,,8.100000000000023,90,True,True,False,False,,8.950000000000045,112,True,True,False,False,,9.700000000000045,146,True,True,True,True,,108.0,2025-04-28T11:19:00-04:00,1.7999999999999545,8147.040000000091,149.0,2025-04-28T12:00:00-04:00,0.8499999999999659,10047.04000000007,4322.0,2025-05-01T09:33:00-04:00,2.500000000000007,6747.039999999986,109.0,2025-04-28T11:20:00-04:00,7.350000000000023,-2952.9600000000446,108.0,2025-04-28T11:19:00-04:00,1.7999999999999545,8147.040000000091,149.0,2025-04-28T12:00:00-04:00,0.8499999999999659,10047.04000000007,4342.0,2025-05-01T09:53:00-04:00,1.8999999999999986,7947.040000000004,109.0,2025-04-28T11:20:00-04:00,7.350000000000023,-2952.9600000000446,141.0,2025-04-28T11:52:00-04:00,0.6499999999999773,10447.040000000046,4391.0,2025-05-01T10:42:00-04:00,0.8999999999999986,9947.040000000005,4392.0,2025-05-01T10:43:00-04:00,0.8999999999999986,9947.040000000005,142.0,2025-04-28T11:53:00-04:00,7.25,-2752.959999999999,200.0,2025-04-28T12:51:00-04:00,0.39999999999997726,10947.040000000046,4427.0,2025-05-01T11:18:00-04:00,0.2999999999999998,11147.040000000003,4428.0,2025-05-01T11:19:00-04:00,0.3000000000000007,11147.04,201.0,2025-04-28T12:52:00-04:00,3.1499999999999773,5447.040000000046,2575
2025-04-28,2025-05-01,3,7.0,2025-04-28T09:31:00-04:00,7.0,NDXP  250501P19820000,NDXP  250501P19810000,validation,False,False,0,0,0,139,0,1458,available,False,2025-04-28T09:31:00-04:00,2025-05-01T16:00:00-04:00,8.0,-2252.960000000001,0.0,last_observed_quote_not_settlement,1036.0,764,201,,,2025-04-28T09:31:00-04:00,60.0,7.249999999999943,-752.9599999998857,2025-04-28T09:33:00-04:00,0.0,7.600000000000023,-1452.9600000000448,2025-04-28T09:36:00-04:00,0.0,7.300000000000011,-852.9600000000221,2025-04-28T09:41:00-04:00,0.0,6.9500000000000455,-152.96000000009025,2025-04-28T09:46:00-04:00,0.0,1.7000000000000455,10347.03999999991,2025-04-28T10:01:00-04:00,0.0,2.999999999999943,7747.040000000115,2025-04-28T10:31:00-04:00,0.0,,,2025-04-28T11:29:00-04:00,120.0,0.25,13247.04,2025-04-28T16:00:00-04:00,0.0,7.099999999999966,-452.9599999999311,2025-04-29T16:00:00-04:00,0.0,7.899999999999977,-2052.9599999999537,2025-04-30T16:00:00-04:00,0.0,8.0,-2252.960000000001,2025-05-01T16:00:00-04:00,0.0,11.0,hit,13.0,hit,30.0,hit,30.0,hit,30.0,hit,90.0,hit,90.0,hit,3.0,hit,3.0,hit,0.0,hit,3.0,hit,112.0,hit,112.0,hit,8.350000000000023,21,True,True,False,False,,8.350000000000023,21,True,True,False,False,,8.699999999999989,63,True,True,False,False,,8.699999999999989,63,True,True,False,False,,30.0,2025-04-28T10:01:00-04:00,1.7000000000000455,10347.03999999991,31.0,2025-04-28T10:02:00-04:00,2.400000000000091,8947.039999999819,32.0,2025-04-28T10:03:00-04:00,1.3999999999999773,10947.040000000046,31.0,2025-04-28T10:02:00-04:00,2.400000000000091,8947.039999999819,30.0,2025-04-28T10:01:00-04:00,1.7000000000000455,10347.03999999991,90.0,2025-04-28T11:01:00-04:00,0.44999999999998863,12847.040000000025,4409.0,2025-05-01T11:00:00-04:00,1.6500000000000021,10447.039999999997,31.0,2025-04-28T10:02:00-04:00,2.400000000000091,8947.039999999819,90.0,2025-04-28T11:01:00-04:00,0.44999999999998863,12847.040000000025,4428.0,2025-05-01T11:19:00-04:00,0.9499999999999993,11847.040000000003,4635.0,2025-05-01T14:46:00-04:00,0.7499999999999991,12247.040000000003,91.0,2025-04-28T11:02:00-04:00,7.550000000000011,-1352.960000000022,90.0,2025-04-28T11:01:00-04:00,0.44999999999998863,12847.040000000025,4698.0,2025-05-01T15:49:00-04:00,0.25,13247.04,4699.0,2025-05-01T15:50:00-04:00,0.2749999999999999,13197.04,91.0,2025-04-28T11:02:00-04:00,7.550000000000011,-1352.960000000022,2576
2025-04-29,2025-05-01,2,5.0,2025-04-29T09:31:00-04:00,5.0,NDXP  250501P20310000,NDXP  250501P20300000,validation,False,False,0,0,1,220,0,973,available,False,2025-04-29T09:31:00-04:00,2025-05-01T15:59:00-04:00,10.0,-10152.96,1.0,last_observed_quote_not_settlement,1036.0,773,53,9.75,-9752.960000000001,2025-04-29T09:32:00-04:00,0.0,9.799999999999955,-9852.95999999991,2025-04-29T09:33:00-04:00,0.0,9.799999999999955,-9852.95999999991,2025-04-29T09:36:00-04:00,0.0,9.799999999999955,-9852.95999999991,2025-04-29T09:41:00-04:00,0.0,9.600000000000023,-9452.960000000046,2025-04-29T09:46:00-04:00,0.0,,,2025-04-29T09:59:00-04:00,120.0,9.699999999999818,-9652.959999999637,2025-04-29T10:31:00-04:00,0.0,9.700000000000045,-9652.960000000092,2025-04-29T11:31:00-04:00,0.0,9.100000000000023,-8452.960000000046,2025-04-29T16:00:00-04:00,0.0,9.899999999999977,-10052.959999999955,2025-04-30T16:00:00-04:00,0.0,,,2025-05-01T15:59:00-04:00,60.0,,,,,0.0,hit,0.0,hit,143.0,hit,278.0,hit,281.0,hit,1772.0,hit,1772.0,hit,1.0,hit,1.0,hit,1.0,hit,1.0,hit,1.0,hit,1.0,hit,9.949999999999932,202,True,True,True,True,,9.949999999999932,204,True,True,True,True,,10.0,470,True,True,True,True,,10.0,470,True,True,True,True,,278.0,2025-04-29T14:09:00-04:00,2.1499999999999773,5447.040000000046,,,,,,,,,279.0,2025-04-29T14:10:00-04:00,9.349999999999909,-8952.959999999819,281.0,2025-04-29T14:12:00-04:00,1.5,6747.040000000001,,,,,,,,,,,,,1772.0,2025-04-30T15:03:00-04:00,0.25,9247.04,,,,,,,,,,,,,1772.0,2025-04-30T15:03:00-04:00,0.25,9247.04,,,,,,,,,,,,,2577
2025-04-29,2025-05-01,2,6.0,2025-04-29T09:31:00-04:00,6.0,NDXP  250501P19530000,NDXP  250501P19520000,validation,False,False,0,0,3,27,0,1114,available,False,2025-04-29T09:31:00-04:00,2025-05-01T15:13:00-04:00,0.0,11747.04,47.0,last_observed_quote_not_settlement,1036.0,282,103,5.899999999999977,-52.959999999953816,2025-04-29T09:32:00-04:00,0.0,5.699999999999932,347.0400000001371,2025-04-29T09:33:00-04:00,0.0,6.0,-252.9599999999993,2025-04-29T09:36:00-04:00,0.0,5.899999999999977,-52.959999999953816,2025-04-29T09:41:00-04:00,0.0,5.600000000000023,547.0399999999552,2025-04-29T09:46:00-04:00,0.0,5.600000000000023,547.0399999999552,2025-04-29T10:01:00-04:00,0.0,5.599999999999909,547.0400000001825,2025-04-29T10:31:00-04:00,0.0,5.399999999999977,947.0400000000461,2025-04-29T11:31:00-04:00,0.0,4.450000000000017,2847.0399999999668,2025-04-29T16:00:00-04:00,0.0,,,2025-04-30T15:59:00-04:00,60.0,,,2025-05-01T15:13:00-04:00,2820.0,,,,,16.0,hit,35.0,hit,49.0,hit,49.0,hit,168.0,hit,2883.0,hit,2935.0,hit,8.0,hit,210.0,hit,210.0,hit,210.0,hit,210.0,hit,1491.0,hit,6.650000000000034,3,False,False,False,False,,6.650000000000034,5,False,False,False,False,,9.949999999999989,282,True,True,True,True,,9.949999999999989,282,True,True,True,True,,49.0,2025-04-29T10:20:00-04:00,2.4499999999999886,6847.040000000024,1842.0,2025-04-30T16:13:00-04:00,2.75,6247.040000000001,2882.0,2025-05-01T09:33:00-04:00,1.1000000000000014,9547.039999999999,50.0,2025-04-29T10:21:00-04:00,5.350000000000023,1047.0399999999552,168.0,2025-04-29T12:19:00-04:00,1.3999999999999773,8947.040000000046,2881.0,2025-05-01T09:32:00-04:00,1.25,9247.04,2882.0,2025-05-01T09:33:00-04:00,1.1000000000000014,9547.039999999999,169.0,2025-04-29T12:20:00-04:00,5.050000000000011,1647.039999999978,2897.0,2025-05-01T09:48:00-04:00,0.9000000000000021,9947.039999999997,2898.0,2025-05-01T09:49:00-04:00,0.8499999999999996,10047.040000000003,2899.0,2025-05-01T09:50:00-04:00,0.8000000000000007,10147.04,2898.0,2025-05-01T09:49:00-04:00,0.8499999999999996,10047.040000000003,2945.0,2025-05-01T10:36:00-04:00,0.39999999999999947,10947.040000000003,2946.0,2025-05-01T10:37:00-04:00,0.2999999999999998,11147.040000000003,2947.0,2025-05-01T10:38:00-04:00,0.34999999999999964,11047.040000000003,2946.0,2025-05-01T10:37:00-04:00,0.2999999999999998,11147.040000000003,2578
2025-04-29,2025-05-01,2,7.0,2025-04-29T09:31:00-04:00,6.949999999999989,NDXP  250501P19690000,NDXP  250501P19680000,validation,False,False,0,0,13,40,0,1138,available,False,2025-04-29T09:31:00-04:00,2025-05-01T15:44:00-04:00,0.0,13647.039999999979,16.0,last_observed_quote_not_settlement,1037.0,394,111,7.100000000000023,-552.9600000000676,2025-04-29T09:32:00-04:00,0.0,6.900000000000034,-152.96000000009025,2025-04-29T09:33:00-04:00,0.0,7.199999999999989,-752.9599999999994,2025-04-29T09:36:00-04:00,0.0,6.75,147.03999999997797,2025-04-29T09:41:00-04:00,0.0,6.899999999999977,-152.95999999997656,2025-04-29T09:46:00-04:00,0.0,4.249999999999943,5147.040000000092,2025-04-29T10:01:00-04:00,0.0,6.800000000000011,47.039999999955235,2025-04-29T10:31:00-04:00,0.0,6.5,647.0399999999779,2025-04-29T11:31:00-04:00,0.0,6.400000000000034,847.0399999999097,2025-04-29T16:00:00-04:00,0.0,0.5,12647.039999999979,2025-04-30T16:00:00-04:00,0.0,,,2025-05-01T15:44:00-04:00,960.0,,,,,16.0,hit,16.0,hit,16.0,hit,48.0,hit,351.0,hit,354.0,hit,354.0,hit,3.0,hit,168.0,hit,1.0,hit,168.0,hit,188.0,hit,188.0,hit,7.7000000000000455,15,True,False,False,False,,10.0,65,True,True,True,True,,10.0,65,True,True,True,True,,10.0,65,True,True,True,True,,48.0,2025-04-29T10:19:00-04:00,2.000000000000057,9647.039999999864,2881.0,2025-05-01T09:32:00-04:00,2.8999999999999986,7847.039999999981,2882.0,2025-05-01T09:33:00-04:00,2.500000000000007,8647.039999999964,49.0,2025-04-29T10:20:00-04:00,5.850000000000023,1947.0399999999324,351.0,2025-04-29T15:22:00-04:00,1.6499999999999773,10347.040000000025,2901.0,2025-05-01T09:52:00-04:00,1.7999999999999972,10047.039999999985,2902.0,2025-05-01T09:53:00-04:00,1.8999999999999986,9847.03999999998,352.0,2025-04-29T15:23:00-04:00,5.650000000000034,2347.03999999991,354.0,2025-04-29T15:25:00-04:00,0.30000000000001137,13047.039999999955,2951.0,2025-05-01T10:42:00-04:00,0.8999999999999986,11847.03999999998,2952.0,2025-05-01T10:43:00-04:00,0.8999999999999986,11847.03999999998,355.0,2025-04-29T15:26:00-04:00,3.1999999999999886,7247.040000000001,354.0,2025-04-29T15:25:00-04:00,0.30000000000001137,13047.039999999955,2987.0,2025-05-01T11:18:00-04:00,0.2999999999999998,13047.039999999979,2988.0,2025-05-01T11:19:00-04:00,0.3000000000000007,13047.039999999977,355.0,2025-04-29T15:26:00-04:00,3.1999999999999886,7247.040000000001,2579
2025-04-29,2025-05-02,3,5.0,2025-04-29T09:31:00-04:00,5.050000000000011,NDXP  250502P19500000,NDXP  250502P19490000,validation,False,False,0,0,48,32,0,1482,available,False,2025-04-29T09:31:00-04:00,2025-05-02T15:24:00-04:00,2.7755575615628914e-17,9847.040000000025,36.0,last_observed_quote_not_settlement,1036.0,356,124,5.150000000000034,-452.9600000000448,2025-04-29T09:32:00-04:00,0.0,5.699999999999932,-1552.9599999998402,2025-04-29T09:33:00-04:00,0.0,5.399999999999977,-952.9599999999311,2025-04-29T09:36:00-04:00,0.0,5.199999999999989,-552.9599999999539,2025-04-29T09:41:00-04:00,0.0,6.0,-2152.9599999999764,2025-04-29T09:46:00-04:00,0.0,5.100000000000023,-352.96000000002203,2025-04-29T10:01:00-04:00,0.0,5.149999999999977,-452.9599999999311,2025-04-29T10:31:00-04:00,0.0,4.550000000000011,747.0400000000006,2025-04-29T11:31:00-04:00,0.0,2.8999999999999773,4047.040000000069,2025-04-29T16:00:00-04:00,0.0,3.5999999999999943,2647.040000000035,2025-04-30T16:00:00-04:00,0.0,,,2025-05-01T15:59:00-04:00,60.0,,,2025-05-02T15:24:00-04:00,2160.0,0.0,hit,3.0,hit,22.0,hit,59.0,hit,168.0,hit,1515.0,hit,1515.0,hit,2.0,hit,49.0,hit,1440.0,hit,1454.0,hit,1454.0,hit,1466.0,hit,6.699999999999989,30,False,False,False,False,,6.900000000000034,40,False,False,False,False,,10.0,119,True,True,True,True,,10.0,119,True,True,True,True,,168.0,2025-04-29T12:19:00-04:00,1.6000000000000227,6647.039999999978,1463.0,2025-04-30T09:54:00-04:00,1.0500000000000114,7747.040000000001,2882.0,2025-05-01T09:33:00-04:00,2.1500000000000057,5547.040000000012,169.0,2025-04-29T12:20:00-04:00,4.699999999999989,447.0400000000462,168.0,2025-04-29T12:19:00-04:00,1.6000000000000227,6647.039999999978,1463.0,2025-04-30T09:54:00-04:00,1.0500000000000114,7747.040000000001,2898.0,2025-05-01T09:49:00-04:00,1.9499999999999957,5947.040000000032,169.0,2025-04-29T12:20:00-04:00,4.699999999999989,447.0400000000462,1515.0,2025-04-30T10:46:00-04:00,0.4500000000000455,8947.039999999934,4321.0,2025-05-02T09:32:00-04:00,0.25000000000000044,9347.040000000023,4322.0,2025-05-02T09:33:00-04:00,0.20000000000000018,9447.040000000025,1516.0,2025-04-30T10:47:00-04:00,6.199999999999989,-2552.9599999999537,4320.0,2025-05-02T09:31:00-04:00,0.25,9347.040000000025,4321.0,2025-05-02T09:32:00-04:00,0.25000000000000044,9347.040000000023,4322.0,2025-05-02T09:33:00-04:00,0.20000000000000018,9447.040000000025,4321.0,2025-05-02T09:32:00-04:00,0.25000000000000044,9347.040000000023,2580
2025-04-29,2025-05-02,3,6.0,2025-04-29T09:31:00-04:00,6.0,NDXP  250502P19510000,NDXP  250502P19500000,validation,False,False,0,0,45,49,0,1466,available,False,2025-04-29T09:31:00-04:00,2025-05-02T15:24:00-04:00,0.04999999999999999,11647.040000000003,36.0,last_observed_quote_not_settlement,1036.0,128,107,6.199999999999989,-652.9599999999766,2025-04-29T09:32:00-04:00,0.0,5.000000000000057,1747.039999999887,2025-04-29T09:33:00-04:00,0.0,5.5,747.0400000000006,2025-04-29T09:36:00-04:00,0.0,5.599999999999966,547.0400000000689,2025-04-29T09:41:00-04:00,0.0,4.800000000000011,2147.039999999978,2025-04-29T09:46:00-04:00,0.0,5.449999999999989,847.0400000000234,2025-04-29T10:01:00-04:00,0.0,5.0,1747.0400000000006,2025-04-29T10:31:00-04:00,0.0,5.149999999999977,1447.0400000000461,2025-04-29T11:31:00-04:00,0.0,5.5,747.0400000000006,2025-04-29T16:00:00-04:00,0.0,4.599999999999994,2547.0400000000122,2025-04-30T16:00:00-04:00,0.0,2.249999999999986,7247.040000000029,2025-05-01T16:00:00-04:00,0.0,,,2025-05-02T15:24:00-04:00,2160.0,2.0,hit,4.0,hit,49.0,hit,78.0,hit,1441.0,hit,1630.0,hit,2926.0,hit,7.0,hit,22.0,hit,22.0,hit,1459.0,hit,1486.0,hit,1486.0,hit,7.800000000000068,5,True,False,False,False,,7.899999999999977,9,True,False,False,False,,10.0,117,True,True,True,True,,10.0,127,True,True,True,True,,78.0,2025-04-29T10:49:00-04:00,2.6499999999999773,6447.040000000046,2881.0,2025-05-01T09:32:00-04:00,1.9999999999999858,7747.040000000029,2882.0,2025-05-01T09:33:00-04:00,2.200000000000003,7347.039999999995,79.0,2025-04-29T10:50:00-04:00,4.949999999999932,1847.040000000137,1441.0,2025-04-30T09:32:00-04:00,1.349999999999966,9047.04000000007,2902.0,2025-05-01T09:53:00-04:00,1.8500000000000085,8047.039999999984,2944.0,2025-05-01T10:35:00-04:00,1.6000000000000014,8547.039999999999,1442.0,2025-04-30T09:33:00-04:00,6.449999999999989,-1152.9599999999766,1630.0,2025-04-30T12:41:00-04:00,0.6499999999999773,10447.040000000046,4321.0,2025-05-02T09:32:00-04:00,0.25,11247.04,4322.0,2025-05-02T09:33:00-04:00,0.2999999999999998,11147.040000000003,1631.0,2025-04-30T12:42:00-04:00,5.899999999999977,-52.959999999953816,3065.0,2025-05-01T12:36:00-04:00,0.0,11747.04,4321.0,2025-05-02T09:32:00-04:00,0.25,11247.04,4322.0,2025-05-02T09:33:00-04:00,0.2999999999999998,11147.040000000003,3066.0,2025-05-01T12:37:00-04:00,1.75,8247.04,2581
2025-04-29,2025-05-02,3,7.0,2025-04-29T09:31:00-04:00,7.0,NDXP  250502P19740000,NDXP  250502P19730000,validation,False,False,0,0,4,26,0,1561,available,False,2025-04-29T09:31:00-04:00,2025-05-02T15:49:00-04:00,0.0,13747.04,11.0,last_observed_quote_not_settlement,1036.0,307,159,7.0,-252.9599999999993,2025-04-29T09:32:00-04:00,0.0,7.449999999999989,-1152.9599999999766,2025-04-29T09:33:00-04:00,0.0,6.9500000000000455,-152.96000000009025,2025-04-29T09:36:00-04:00,0.0,7.0,-252.9599999999993,2025-04-29T09:41:00-04:00,0.0,7.099999999999966,-452.9599999999311,2025-04-29T09:46:00-04:00,0.0,8.300000000000068,-2852.9600000001374,2025-04-29T10:01:00-04:00,0.0,6.600000000000023,547.0399999999552,2025-04-29T10:31:00-04:00,0.0,6.5,747.0400000000006,2025-04-29T11:31:00-04:00,0.0,5.800000000000068,2147.0399999998644,2025-04-29T16:00:00-04:00,0.0,4.699999999999989,4347.040000000024,2025-04-30T16:00:00-04:00,0.0,5.099999999999994,3547.0400000000122,2025-05-01T16:00:00-04:00,0.0,,,2025-05-02T15:49:00-04:00,660.0,22.0,hit,31.0,hit,63.0,hit,63.0,hit,63.0,hit,182.0,hit,182.0,hit,20.0,hit,20.0,hit,0.0,hit,20.0,hit,121.0,hit,168.0,hit,8.300000000000068,12,True,True,False,False,,8.300000000000068,12,True,True,False,False,,9.649999999999977,26,True,True,True,True,,9.649999999999977,26,True,True,True,True,,63.0,2025-04-29T10:34:00-04:00,1.9500000000000455,9847.03999999991,1622.0,2025-04-30T12:33:00-04:00,0.0999999999999659,13547.04000000007,2966.0,2025-05-01T10:57:00-04:00,2.75,8247.04,64.0,2025-04-29T10:35:00-04:00,6.5,747.0400000000006,182.0,2025-04-29T12:33:00-04:00,0.25,13247.04,1622.0,2025-04-30T12:33:00-04:00,0.0999999999999659,13547.04000000007,4322.0,2025-05-02T09:33:00-04:00,1.1000000000000014,11547.039999999999,183.0,2025-04-29T12:34:00-04:00,6.399999999999977,947.0400000000461,182.0,2025-04-29T12:33:00-04:00,0.25,13247.04,4353.0,2025-05-02T10:04:00-04:00,0.75,12247.04,4354.0,2025-05-02T10:05:00-04:00,0.8499999999999996,12047.040000000003,183.0,2025-04-29T12:34:00-04:00,6.399999999999977,947.0400000000461,182.0,2025-04-29T12:33:00-04:00,0.25,13247.04,4367.0,2025-05-02T10:18:00-04:00,0.40000000000000036,12947.04,4368.0,2025-05-02T10:19:00-04:00,0.4499999999999993,12847.040000000003,183.0,2025-04-29T12:34:00-04:00,6.399999999999977,947.0400000000461,2582
2025-04-30,2025-05-02,2,5.0,2025-04-30T09:31:00-04:00,5.0,NDXP  250502P19140000,NDXP  250502P19130000,validation,False,False,0,0,4,1,0,1006,available,False,2025-04-30T09:31:00-04:00,2025-05-02T12:59:00-04:00,0.0,9747.04,181.0,last_observed_quote_not_settlement,1036.0,20,29,4.400000000000006,947.0399999999893,2025-04-30T09:32:00-04:00,0.0,4.449999999999989,847.0400000000234,2025-04-30T09:33:00-04:00,0.0,4.650000000000006,447.03999999998933,2025-04-30T09:36:00-04:00,0.0,4.900000000000034,-52.9600000000675,2025-04-30T09:41:00-04:00,0.0,5.100000000000023,-452.9600000000448,2025-04-30T09:46:00-04:00,0.0,4.949999999999932,-152.95999999986287,2025-04-30T10:01:00-04:00,0.0,3.8999999999999773,1947.0400000000461,2025-04-30T10:31:00-04:00,0.0,3.599999999999966,2547.040000000069,2025-04-30T11:31:00-04:00,0.0,2.3999999999999915,4947.040000000018,2025-04-30T16:00:00-04:00,0.0,0.6000000000000014,8547.039999999999,2025-05-01T16:00:00-04:00,0.0,,,2025-05-02T12:59:00-04:00,10860.0,,,,,0.0,hit,0.0,hit,7.0,hit,53.0,hit,57.0,hit,90.0,hit,1440.0,hit,16.0,hit,45.0,hit,,never_hit,,never_hit,,never_hit,,never_hit,6.349999999999994,15,False,False,False,False,,6.349999999999994,16,False,False,False,False,,6.700000000000017,19,False,False,False,False,,6.700000000000017,20,False,False,False,False,,53.0,2025-04-30T10:24:00-04:00,2.8500000000000227,4047.0399999999554,249.0,2025-04-30T13:40:00-04:00,2.9499999999999886,3847.0400000000236,250.0,2025-04-30T13:41:00-04:00,2.9000000000000057,3947.0399999999895,54.0,2025-04-30T10:25:00-04:00,5.850000000000023,-1952.9600000000448,57.0,2025-04-30T10:28:00-04:00,1.75,6247.040000000001,396.0,2025-04-30T16:07:00-04:00,1.0,7747.040000000001,397.0,2025-04-30T16:08:00-04:00,1.4499999999999957,6847.040000000009,58.0,2025-04-30T10:29:00-04:00,3.5,2747.040000000001,90.0,2025-04-30T11:01:00-04:00,0.6500000000000341,8447.039999999934,1441.0,2025-05-01T09:32:00-04:00,0.8000000000000007,8147.04,1442.0,2025-05-01T09:33:00-04:00,0.6999999999999993,8347.040000000003,91.0,2025-04-30T11:02:00-04:00,3.5999999999999943,2547.0400000000122,1504.0,2025-05-01T10:35:00-04:00,0.40000000000000036,8947.04,1505.0,2025-05-01T10:36:00-04:00,0.4499999999999993,8847.040000000003,1514.0,2025-05-01T10:45:00-04:00,0.4499999999999993,8847.040000000003,1505.0,2025-05-01T10:36:00-04:00,0.4499999999999993,8847.040000000003,2583
2025-04-30,2025-05-02,2,6.0,2025-04-30T09:31:00-04:00,5.899999999999977,NDXP  250502P19430000,NDXP  250502P19420000,validation,False,False,0,0,12,9,0,1089,available,False,2025-04-30T09:31:00-04:00,2025-05-02T15:26:00-04:00,0.0,11547.039999999955,34.0,last_observed_quote_not_settlement,1036.0,66,30,4.050000000000011,3447.0399999999327,2025-04-30T09:32:00-04:00,0.0,6.199999999999989,-852.9600000000221,2025-04-30T09:33:00-04:00,0.0,6.2999999999999545,-1052.9599999999539,2025-04-30T09:36:00-04:00,0.0,6.900000000000034,-2252.960000000113,2025-04-30T09:41:00-04:00,0.0,6.800000000000011,-2052.9600000000673,2025-04-30T09:46:00-04:00,0.0,7.0,-2452.9600000000446,2025-04-30T10:01:00-04:00,0.0,6.099999999999966,-652.9599999999766,2025-04-30T10:31:00-04:00,0.0,5.399999999999977,747.0400000000006,2025-04-30T11:31:00-04:00,0.0,3.5999999999999943,4347.039999999966,2025-04-30T16:00:00-04:00,0.0,2.1000000000000014,7347.039999999953,2025-05-01T16:00:00-04:00,0.0,,,2025-05-02T15:26:00-04:00,2040.0,,,,,1.0,hit,1.0,hit,12.0,hit,70.0,hit,91.0,hit,91.0,hit,91.0,hit,7.0,hit,10.0,hit,16.0,hit,52.0,hit,52.0,hit,53.0,hit,9.949999999999932,51,True,True,True,True,,9.949999999999932,62,True,True,True,True,,9.949999999999932,62,True,True,True,True,,9.949999999999932,62,True,True,True,True,,70.0,2025-04-30T10:41:00-04:00,2.349999999999966,6847.040000000024,71.0,2025-04-30T10:42:00-04:00,2.599999999999966,6347.040000000024,1442.0,2025-05-01T09:33:00-04:00,1.7000000000000028,8147.039999999949,71.0,2025-04-30T10:42:00-04:00,2.599999999999966,6347.040000000024,91.0,2025-04-30T11:02:00-04:00,0.05000000000001137,11447.039999999934,1441.0,2025-05-01T09:32:00-04:00,1.75,8047.039999999955,1442.0,2025-05-01T09:33:00-04:00,1.7000000000000028,8147.039999999949,92.0,2025-04-30T11:03:00-04:00,5.5,547.0399999999552,91.0,2025-04-30T11:02:00-04:00,0.05000000000001137,11447.039999999934,1547.0,2025-05-01T11:18:00-04:00,0.8000000000000007,9947.039999999955,1548.0,2025-05-01T11:19:00-04:00,0.8500000000000014,9847.039999999954,92.0,2025-04-30T11:03:00-04:00,5.5,547.0399999999552,91.0,2025-04-30T11:02:00-04:00,0.05000000000001137,11447.039999999934,2881.0,2025-05-02T09:32:00-04:00,0.17500000000000027,11197.039999999955,2882.0,2025-05-02T09:33:00-04:00,0.1499999999999999,11247.039999999955,92.0,2025-04-30T11:03:00-04:00,5.5,547.0399999999552,2584
2025-04-30,2025-05-02,2,7.0,2025-04-30T09:31:00-04:00,7.0499999999999545,NDXP  250502P19860000,NDXP  250502P19850000,validation,False,False,0,0,0,65,0,1128,available,False,2025-04-30T09:31:00-04:00,2025-05-02T15:59:00-04:00,0.0,13847.03999999991,1.0,last_observed_quote_not_settlement,1036.0,222,67,9.349999999999909,-4852.95999999991,2025-04-30T09:32:00-04:00,0.0,8.550000000000068,-3252.9600000002283,2025-04-30T09:33:00-04:00,0.0,8.100000000000136,-2352.9600000003647,2025-04-30T09:36:00-04:00,0.0,,,2025-04-30T09:40:00-04:00,60.0,,,2025-04-30T09:45:00-04:00,60.0,9.200000000000045,-4552.960000000183,2025-04-30T10:01:00-04:00,0.0,8.75,-3652.960000000092,2025-04-30T10:31:00-04:00,0.0,8.400000000000091,-2952.960000000274,2025-04-30T11:31:00-04:00,0.0,7.399999999999977,-952.9600000000448,2025-04-30T16:00:00-04:00,0.0,5.149999999999977,3547.0399999999554,2025-05-01T16:00:00-04:00,0.0,,,2025-05-02T15:59:00-04:00,60.0,,,,,19.0,hit,19.0,hit,48.0,hit,67.0,hit,182.0,hit,188.0,hit,257.0,hit,1.0,hit,1.0,hit,0.0,hit,1.0,hit,1.0,hit,17.0,hit,9.899999999999977,33,True,True,True,True,,10.0,94,True,True,True,True,,10.0,95,True,True,True,True,,10.0,128,True,True,True,True,,67.0,2025-04-30T10:38:00-04:00,2.800000000000182,8247.039999999546,257.0,2025-04-30T13:48:00-04:00,0.39999999999997726,13047.039999999955,2882.0,2025-05-02T09:33:00-04:00,2.5,8847.03999999991,68.0,2025-04-30T10:39:00-04:00,8.799999999999955,-3752.960000000001,182.0,2025-04-30T12:33:00-04:00,1.3999999999999773,11047.039999999955,257.0,2025-04-30T13:48:00-04:00,0.39999999999997726,13047.039999999955,2917.0,2025-05-02T10:08:00-04:00,1.6499999999999986,10547.039999999914,,,,,188.0,2025-04-30T12:39:00-04:00,0.900000000000091,12047.039999999728,2939.0,2025-05-02T10:30:00-04:00,0.9499999999999993,11947.039999999912,2971.0,2025-05-02T11:02:00-04:00,0.75,12347.03999999991,189.0,2025-04-30T12:40:00-04:00,8.25,-2652.960000000092,257.0,2025-04-30T13:48:00-04:00,0.39999999999997726,13047.039999999955,3032.0,2025-05-02T12:03:00-04:00,0.3500000000000014,13147.039999999908,3033.0,2025-05-02T12:04:00-04:00,0.2999999999999998,13247.039999999912,258.0,2025-04-30T13:49:00-04:00,7.350000000000023,-852.9600000001358,2585
2025-05-02,2025-05-05,3,5.0,2025-05-02T09:31:00-04:00,4.949999999999989,NDXP  250505P20000000,NDXP  250505P19990000,validation,False,False,0,0,0,1,0,792,available,False,2025-05-02T09:31:00-04:00,2025-05-05T15:59:00-04:00,7.050000000000001,-4452.960000000024,1.0,last_observed_quote_not_settlement,3916.0,79,32,4.200000000000017,1247.0399999999438,2025-05-02T09:32:00-04:00,0.0,4.0,1647.039999999978,2025-05-02T09:33:00-04:00,0.0,4.600000000000023,447.0399999999325,2025-05-02T09:36:00-04:00,0.0,4.500000000000028,647.0399999999211,2025-05-02T09:41:00-04:00,0.0,3.1000000000000227,3447.0399999999327,2025-05-02T09:46:00-04:00,0.0,5.050000000000011,-452.9600000000448,2025-05-02T10:01:00-04:00,0.0,3.5,2647.039999999978,2025-05-02T10:31:00-04:00,0.0,3.799999999999997,2047.0399999999836,2025-05-02T11:31:00-04:00,0.0,3.200000000000003,3247.039999999972,2025-05-02T16:00:00-04:00,0.0,,,2025-05-02T16:15:00-04:00,85500.0,,,2025-05-02T16:15:00-04:00,171900.0,,,2025-05-05T15:59:00-04:00,60.0,0.0,hit,0.0,hit,2.0,hit,53.0,hit,53.0,hit,4412.0,hit,4412.0,hit,29.0,hit,29.0,hit,29.0,hit,29.0,hit,4386.0,hit,4705.0,hit,8.0,5,True,True,False,False,,8.0,5,True,True,False,False,,9.150000000000006,65,True,True,True,True,,9.150000000000006,65,True,True,True,True,,53.0,2025-05-02T10:24:00-04:00,1.6499999999999915,6347.039999999995,153.0,2025-05-02T12:04:00-04:00,2.75,4147.039999999978,154.0,2025-05-02T12:05:00-04:00,2.4000000000000057,4847.039999999966,54.0,2025-05-02T10:25:00-04:00,4.049999999999997,1547.0399999999836,53.0,2025-05-02T10:24:00-04:00,1.6499999999999915,6347.039999999995,4566.0,2025-05-05T13:37:00-04:00,1.8999999999999986,5847.039999999981,4577.0,2025-05-05T13:48:00-04:00,1.799999999999999,6047.03999999998,54.0,2025-05-02T10:25:00-04:00,4.049999999999997,1547.0399999999836,4412.0,2025-05-05T11:03:00-04:00,0.3999999999999986,8847.03999999998,4604.0,2025-05-05T14:15:00-04:00,0.75,8147.039999999978,4605.0,2025-05-05T14:16:00-04:00,0.8499999999999996,7947.039999999979,4413.0,2025-05-05T11:04:00-04:00,3.700000000000003,2247.039999999972,4412.0,2025-05-05T11:03:00-04:00,0.3999999999999986,8847.03999999998,4624.0,2025-05-05T14:35:00-04:00,0.34999999999999964,8947.039999999979,4625.0,2025-05-05T14:36:00-04:00,0.32499999999999973,8997.039999999979,4413.0,2025-05-05T11:04:00-04:00,3.700000000000003,2247.039999999972,2586
2025-05-02,2025-05-05,3,6.0,2025-05-02T09:31:00-04:00,6.0,NDXP  250505P20110000,NDXP  250505P20100000,validation,False,False,0,0,0,2,0,791,available,False,2025-05-02T09:31:00-04:00,2025-05-05T16:00:00-04:00,10.0,-8152.96,0.0,last_observed_quote_not_settlement,3916.0,364,42,5.550000000000011,647.0399999999779,2025-05-02T09:32:00-04:00,0.0,5.0,1747.0400000000006,2025-05-02T09:33:00-04:00,0.0,6.25,-752.9599999999994,2025-05-02T09:36:00-04:00,0.0,6.050000000000011,-352.96000000002203,2025-05-02T09:41:00-04:00,0.0,5.549999999999983,647.0400000000348,2025-05-02T09:46:00-04:00,0.0,6.049999999999983,-352.9599999999652,2025-05-02T10:01:00-04:00,0.0,4.800000000000011,2147.039999999978,2025-05-02T10:31:00-04:00,0.0,5.699999999999989,347.04000000002344,2025-05-02T11:31:00-04:00,0.0,6.799999999999997,-1852.9599999999937,2025-05-02T16:00:00-04:00,0.0,,,2025-05-02T16:15:00-04:00,85500.0,,,2025-05-02T16:15:00-04:00,171900.0,10.0,-8152.96,2025-05-05T16:00:00-04:00,0.0,2.0,hit,2.0,hit,50.0,hit,50.0,hit,314.0,hit,,never_hit,,never_hit,13.0,hit,29.0,hit,29.0,hit,29.0,hit,4351.0,hit,4351.0,hit,8.300000000000011,15,True,True,False,False,,8.300000000000011,16,True,True,False,False,,,,True,True,True,False,4.099999999999994,,,True,True,True,False,4.099999999999994,50.0,2025-05-02T10:21:00-04:00,2.5,6747.040000000001,,,,,,,,,51.0,2025-05-02T10:22:00-04:00,5.5,747.0400000000006,314.0,2025-05-02T14:45:00-04:00,1.9000000000000057,7947.039999999989,,,,,,,,,315.0,2025-05-02T14:46:00-04:00,4.150000000000006,3447.0399999999895,,,,,,,,,,,,,,,,,,,,,,,,,,,,,,,,,2587
2025-05-02,2025-05-05,3,7.0,2025-05-02T09:31:00-04:00,7.0,NDXP  250505P20210000,NDXP  250505P20200000,validation,False,False,0,0,0,24,0,769,available,False,2025-05-02T09:31:00-04:00,2025-05-05T16:00:00-04:00,9.999999999999972,-6152.96,0.0,last_observed_quote_not_settlement,3916.0,380,45,3.2500000000000284,7247.039999999944,2025-05-02T09:32:00-04:00,0.0,7.899999999999977,-2052.9599999999537,2025-05-02T09:33:00-04:00,0.0,7.100000000000023,-452.9600000000448,2025-05-02T09:36:00-04:00,0.0,7.5,-1252.9599999999994,2025-05-02T09:41:00-04:00,0.0,1.8499999999999943,10047.040000000014,2025-05-02T09:46:00-04:00,0.0,7.300000000000011,-852.9600000000221,2025-05-02T10:01:00-04:00,0.0,6.550000000000011,647.0399999999779,2025-05-02T10:31:00-04:00,0.0,3.9499999999999886,5847.040000000024,2025-05-02T11:31:00-04:00,0.0,6.449999999999989,847.0400000000234,2025-05-02T16:00:00-04:00,0.0,,,2025-05-02T16:15:00-04:00,85500.0,,,2025-05-02T16:15:00-04:00,171900.0,9.999999999999972,-6152.96,2025-05-05T16:00:00-04:00,0.0,1.0,hit,1.0,hit,1.0,hit,15.0,hit,15.0,hit,,never_hit,,never_hit,2.0,hit,3.0,hit,0.0,hit,3.0,hit,12.0,hit,12.0,hit,9.899999999999977,11,True,True,True,True,,9.899999999999977,11,True,True,True,True,,,,True,True,True,False,5.150000000000006,,,True,True,True,False,5.150000000000006,15.0,2025-05-02T09:46:00-04:00,1.8499999999999943,10047.040000000014,,,,,,,,,16.0,2025-05-02T09:47:00-04:00,8.150000000000034,-2552.960000000069,15.0,2025-05-02T09:46:00-04:00,1.8499999999999943,10047.040000000014,,,,,,,,,16.0,2025-05-02T09:47:00-04:00,8.150000000000034,-2552.960000000069,,,,,,,,,,,,,,,,,,,,,,,,,,,,,,,,,2588
2025-05-05,2025-05-07,2,5.0,2025-05-05T09:31:00-04:00,4.949999999999989,NDXP  250507P20000000,NDXP  250507P19990000,validation,False,False,0,0,0,21,0,1177,available,False,2025-05-05T09:31:00-04:00,2025-05-07T16:00:00-04:00,9.949999999999989,-10252.960000000001,0.0,last_observed_quote_not_settlement,1036.0,789,67,5.250000000000028,-852.9600000000789,2025-05-05T09:32:00-04:00,0.0,4.900000000000034,-152.96000000009025,2025-05-05T09:33:00-04:00,0.0,5.0,-352.96000000002203,2025-05-05T09:36:00-04:00,0.0,5.5,-1352.960000000022,2025-05-05T09:41:00-04:00,0.0,4.75,147.03999999997797,2025-05-05T09:46:00-04:00,0.0,4.0,1647.039999999978,2025-05-05T10:01:00-04:00,0.0,4.949999999999989,-252.9599999999993,2025-05-05T10:31:00-04:00,0.0,4.349999999999994,947.0399999999893,2025-05-05T11:31:00-04:00,0.0,4.149999999999977,1347.0400000000234,2025-05-05T16:00:00-04:00,0.0,7.299999999999983,-4952.959999999988,2025-05-06T16:00:00-04:00,0.0,9.949999999999989,-10252.960000000001,2025-05-07T16:00:00-04:00,0.0,,,,,0.0,hit,0.0,hit,30.0,hit,224.0,hit,1844.0,hit,1844.0,hit,,never_hit,4.0,hit,36.0,hit,36.0,hit,1446.0,hit,1458.0,hit,3084.0,hit,7.350000000000023,31,True,False,False,False,,9.350000000000023,430,True,True,True,True,,9.350000000000023,430,True,True,True,True,,,,True,True,True,False,4.049999999999983,224.0,2025-05-05T13:15:00-04:00,2.5999999999999943,4447.039999999989,,,,,,,,,225.0,2025-05-05T13:16:00-04:00,4.149999999999977,1347.0400000000234,1844.0,2025-05-06T16:15:00-04:00,0.9000000000000057,7847.039999999966,,,,,,,,,,,,,1844.0,2025-05-06T16:15:00-04:00,0.9000000000000057,7847.039999999966,,,,,,,,,,,,,,,,,,,,,,,,,,,,,2589
2025-05-05,2025-05-07,2,6.0,2025-05-05T09:31:00-04:00,6.100000000000023,NDXP  250507P20120000,NDXP  250507P20110000,validation,False,False,0,0,1,35,0,1162,available,False,2025-05-05T09:31:00-04:00,2025-05-07T16:00:00-04:00,9.300000000000011,-6652.959999999978,0.0,last_observed_quote_not_settlement,1036.0,770,49,6.300000000000011,-652.9599999999766,2025-05-05T09:32:00-04:00,0.0,6.25,-552.9599999999539,2025-05-05T09:33:00-04:00,0.0,6.600000000000051,-1252.9600000000562,2025-05-05T09:36:00-04:00,0.0,6.399999999999977,-852.9599999999084,2025-05-05T09:41:00-04:00,0.0,5.099999999999966,1747.0400000001143,2025-05-05T09:46:00-04:00,0.0,5.600000000000023,747.0400000000006,2025-05-05T10:01:00-04:00,0.0,,,2025-05-05T10:30:00-04:00,60.0,5.5,947.0400000000461,2025-05-05T11:31:00-04:00,0.0,5.150000000000006,1647.0400000000348,2025-05-05T16:00:00-04:00,0.0,8.599999999999966,-5252.959999999887,2025-05-06T16:00:00-04:00,0.0,9.300000000000011,-6652.959999999978,2025-05-07T16:00:00-04:00,0.0,,,,,15.0,hit,32.0,hit,45.0,hit,66.0,hit,147.0,hit,147.0,hit,,never_hit,5.0,hit,18.0,hit,18.0,hit,20.0,hit,57.0,hit,105.0,hit,9.25,19,True,True,True,True,,9.849999999999994,29,True,True,True,True,,9.849999999999994,29,True,True,True,True,,,,True,True,True,False,5.350000000000023,66.0,2025-05-05T10:37:00-04:00,2.9499999999999886,6047.040000000069,,,,,,,,,67.0,2025-05-05T10:38:00-04:00,6.94999999999996,-1952.9599999998743,147.0,2025-05-05T11:58:00-04:00,0.75,10447.040000000046,,,,,,,,,148.0,2025-05-05T11:59:00-04:00,5.750000000000028,447.03999999998933,147.0,2025-05-05T11:58:00-04:00,0.75,10447.040000000046,,,,,,,,,148.0,2025-05-05T11:59:00-04:00,5.750000000000028,447.03999999998933,,,,,,,,,,,,,,,,,2590
2025-05-05,2025-05-07,2,7.0,2025-05-05T09:31:00-04:00,7.050000000000011,NDXP  250507P20430000,NDXP  250507P20420000,validation,False,False,0,0,0,139,0,1059,available,False,2025-05-05T09:31:00-04:00,2025-05-07T16:00:00-04:00,10.0,-6052.959999999977,0.0,last_observed_quote_not_settlement,1037.0,907,52,9.050000000000068,-4252.960000000115,2025-05-05T09:32:00-04:00,0.0,8.949999999999932,-4052.959999999842,2025-05-05T09:33:00-04:00,0.0,8.800000000000011,-3752.960000000001,2025-05-05T09:36:00-04:00,0.0,9.099999999999909,-4352.959999999796,2025-05-05T09:41:00-04:00,0.0,8.699999999999989,-3552.9599999999555,2025-05-05T09:46:00-04:00,0.0,8.550000000000011,-3252.960000000001,2025-05-05T10:01:00-04:00,0.0,8.799999999999955,-3752.9599999998873,2025-05-05T10:31:00-04:00,0.0,8.649999999999977,-3452.9599999999327,2025-05-05T11:31:00-04:00,0.0,,,2025-05-05T15:59:00-04:00,60.0,8.850000000000136,-3852.960000000251,2025-05-06T16:00:00-04:00,0.0,10.0,-6052.959999999977,2025-05-07T16:00:00-04:00,0.0,,,,,13.0,hit,13.0,hit,13.0,hit,66.0,hit,66.0,hit,66.0,hit,66.0,hit,1.0,hit,1.0,hit,0.0,hit,1.0,hit,1.0,hit,53.0,hit,9.600000000000023,52,True,True,True,True,,9.600000000000023,52,True,True,True,True,,9.600000000000023,52,True,True,True,True,,9.600000000000023,52,True,True,True,True,,66.0,2025-05-05T10:37:00-04:00,0.5,12847.040000000025,,,,,,,,,67.0,2025-05-05T10:38:00-04:00,8.5,-3152.959999999978,66.0,2025-05-05T10:37:00-04:00,0.5,12847.040000000025,,,,,,,,,67.0,2025-05-05T10:38:00-04:00,8.5,-3152.959999999978,66.0,2025-05-05T10:37:00-04:00,0.5,12847.040000000025,,,,,,,,,67.0,2025-05-05T10:38:00-04:00,8.5,-3152.959999999978,,,,,,,,,,,,,,,,,2591
2025-05-05,2025-05-08,3,5.0,2025-05-05T09:31:00-04:00,5.049999999999983,NDXP  250508P19990000,NDXP  250508P19980000,validation,False,False,0,0,1,10,0,1589,available,False,2025-05-05T09:31:00-04:00,2025-05-08T15:58:00-04:00,0.09999999999999998,9647.039999999966,2.0,last_observed_quote_not_settlement,1037.0,820,53,5.199999999999989,-552.9600000000107,2025-05-05T09:32:00-04:00,0.0,4.800000000000011,247.03999999994383,2025-05-05T09:33:00-04:00,0.0,4.599999999999994,647.0399999999779,2025-05-05T09:36:00-04:00,0.0,5.100000000000023,-352.9600000000789,2025-05-05T09:41:00-04:00,0.0,4.699999999999989,447.03999999998933,2025-05-05T09:46:00-04:00,0.0,4.699999999999989,447.03999999998933,2025-05-05T10:01:00-04:00,0.0,4.699999999999989,447.03999999998933,2025-05-05T10:31:00-04:00,0.0,4.199999999999989,1447.0399999999893,2025-05-05T11:31:00-04:00,0.0,5.5,-1152.9600000000335,2025-05-05T16:00:00-04:00,0.0,3.650000000000034,2547.0399999998986,2025-05-06T16:00:00-04:00,0.0,6.949999999999989,-4052.9600000000105,2025-05-07T16:00:00-04:00,0.0,,,2025-05-08T15:58:00-04:00,120.0,0.0,hit,2.0,hit,156.0,hit,363.0,hit,1784.0,hit,4451.0,hit,4486.0,hit,47.0,hit,47.0,hit,1440.0,hit,1470.0,hit,1470.0,hit,1513.0,hit,6.899999999999977,9,False,False,False,False,,9.650000000000006,340,True,True,True,True,,9.650000000000006,820,True,True,True,True,,9.650000000000006,820,True,True,True,True,,363.0,2025-05-05T15:34:00-04:00,2.6500000000000057,4547.039999999955,4434.0,2025-05-08T11:25:00-04:00,2.8499999999999943,4147.039999999978,4435.0,2025-05-08T11:26:00-04:00,2.549999999999997,4747.039999999973,364.0,2025-05-05T15:35:00-04:00,4.199999999999989,1447.0399999999893,1784.0,2025-05-06T15:15:00-04:00,1.549999999999983,6747.040000000001,4446.0,2025-05-08T11:37:00-04:00,1.9000000000000021,6047.039999999963,4447.0,2025-05-08T11:38:00-04:00,1.75,6347.039999999966,1785.0,2025-05-06T15:16:00-04:00,5.900000000000006,-1952.9600000000448,4464.0,2025-05-08T11:55:00-04:00,0.8500000000000014,8147.039999999964,4469.0,2025-05-08T12:00:00-04:00,0.9499999999999993,7947.039999999968,4470.0,2025-05-08T12:01:00-04:00,0.9000000000000004,8047.039999999965,4465.0,2025-05-08T11:56:00-04:00,1.0500000000000007,7747.039999999965,4514.0,2025-05-08T12:45:00-04:00,0.40000000000000036,9047.039999999966,4515.0,2025-05-08T12:46:00-04:00,0.40000000000000036,9047.039999999966,4519.0,2025-05-08T12:50:00-04:00,0.35000000000000053,9147.039999999966,4515.0,2025-05-08T12:46:00-04:00,0.40000000000000036,9047.039999999966,2592
2025-05-05,2025-05-08,3,6.0,2025-05-05T09:31:00-04:00,6.0,NDXP  250508P20140000,NDXP  250508P20130000,validation,False,False,0,0,0,15,0,1588,available,False,2025-05-05T09:31:00-04:00,2025-05-08T15:59:00-04:00,9.849999999999994,-7952.95999999999,1.0,last_observed_quote_not_settlement,1036.0,939,76,6.150000000000034,-552.9600000000676,2025-05-05T09:32:00-04:00,0.0,6.199999999999989,-652.9599999999766,2025-05-05T09:33:00-04:00,0.0,5.199999999999989,1347.0400000000234,2025-05-05T09:36:00-04:00,0.0,6.5,-1252.9599999999994,2025-05-05T09:41:00-04:00,0.0,6.150000000000034,-552.9600000000676,2025-05-05T09:46:00-04:00,0.0,5.600000000000023,547.0399999999552,2025-05-05T10:01:00-04:00,0.0,6.850000000000023,-1952.9600000000448,2025-05-05T10:31:00-04:00,0.0,5.4500000000000455,847.0399999999097,2025-05-05T11:31:00-04:00,0.0,2.5,6747.040000000001,2025-05-05T16:00:00-04:00,0.0,9.949999999999989,-8152.959999999978,2025-05-06T16:00:00-04:00,0.0,5.5499999999999545,647.0400000000916,2025-05-07T16:00:00-04:00,0.0,,,2025-05-08T15:59:00-04:00,60.0,5.0,hit,20.0,hit,20.0,hit,20.0,hit,1543.0,hit,1543.0,hit,4675.0,hit,10.0,hit,42.0,hit,42.0,hit,42.0,hit,42.0,hit,130.0,hit,6.850000000000023,11,False,False,False,False,,9.949999999999989,147,True,True,True,True,,9.949999999999989,147,True,True,True,True,,10.0,933,True,True,True,True,,20.0,2025-05-05T09:51:00-04:00,2.099999999999966,7547.040000000069,4459.0,2025-05-08T11:50:00-04:00,2.6500000000000057,6447.039999999989,4460.0,2025-05-08T11:51:00-04:00,2.9000000000000057,5947.039999999989,21.0,2025-05-05T09:52:00-04:00,5.800000000000011,147.03999999997797,1543.0,2025-05-06T11:14:00-04:00,0.8000000000000682,10147.039999999864,4520.0,2025-05-08T12:51:00-04:00,1.8499999999999979,8047.0400000000045,4521.0,2025-05-08T12:52:00-04:00,1.6999999999999993,8347.040000000003,1544.0,2025-05-06T11:15:00-04:00,7.600000000000023,-3452.9600000000446,1543.0,2025-05-06T11:14:00-04:00,0.8000000000000682,10147.039999999864,4675.0,2025-05-08T15:26:00-04:00,0.3999999999999999,10947.04,4676.0,2025-05-08T15:27:00-04:00,0.8499999999999996,10047.040000000003,1544.0,2025-05-06T11:15:00-04:00,7.600000000000023,-3452.9600000000446,4675.0,2025-05-08T15:26:00-04:00,0.3999999999999999,10947.04,,,,,,,,,4676.0,2025-05-08T15:27:00-04:00,0.8499999999999996,10047.040000000003,2593
2025-05-05,2025-05-08,3,7.0,2025-05-05T09:31:00-04:00,7.0499999999999545,NDXP  250508P20150000,NDXP  250508P20140000,validation,False,False,0,0,1,24,0,1578,available,False,2025-05-05T09:31:00-04:00,2025-05-08T16:00:00-04:00,10.0,-6052.960000000091,0.0,last_observed_quote_not_settlement,1036.0,839,87,6.25,1347.0399999999097,2025-05-05T09:32:00-04:00,0.0,5.899999999999977,2047.0399999999554,2025-05-05T09:33:00-04:00,0.0,6.050000000000011,1747.039999999887,2025-05-05T09:36:00-04:00,0.0,6.449999999999989,947.0399999999324,2025-05-05T09:41:00-04:00,0.0,5.699999999999989,2447.0399999999327,2025-05-05T09:46:00-04:00,0.0,5.699999999999932,2447.0400000000463,2025-05-05T10:01:00-04:00,0.0,5.349999999999966,3147.039999999978,2025-05-05T10:31:00-04:00,0.0,5.599999999999966,2647.039999999978,2025-05-05T11:31:00-04:00,0.0,2.8500000000000227,8147.0399999998635,2025-05-05T16:00:00-04:00,0.0,5.350000000000023,3147.0399999998644,2025-05-06T16:00:00-04:00,0.0,,,2025-05-07T15:59:00-04:00,60.0,10.0,-6052.960000000091,2025-05-08T16:00:00-04:00,0.0,3.0,hit,3.0,hit,8.0,hit,8.0,hit,8.0,hit,8.0,hit,8.0,hit,20.0,hit,20.0,hit,0.0,hit,20.0,hit,20.0,hit,20.0,hit,7.0499999999999545,0,True,False,False,False,,7.0499999999999545,0,True,False,False,False,,7.0499999999999545,0,True,False,False,False,,7.0499999999999545,0,True,False,False,False,,8.0,2025-05-05T09:39:00-04:00,0.3499999999999659,13147.039999999979,4483.0,2025-05-08T12:14:00-04:00,2.650000000000002,8547.039999999906,4484.0,2025-05-08T12:15:00-04:00,2.6999999999999993,8447.039999999912,9.0,2025-05-05T09:40:00-04:00,4.850000000000023,4147.039999999864,8.0,2025-05-05T09:39:00-04:00,0.3499999999999659,13147.039999999979,4524.0,2025-05-08T12:55:00-04:00,1.8000000000000007,10247.03999999991,4525.0,2025-05-08T12:56:00-04:00,1.9499999999999993,9947.039999999912,9.0,2025-05-05T09:40:00-04:00,4.850000000000023,4147.039999999864,8.0,2025-05-05T09:39:00-04:00,0.3499999999999659,13147.039999999979,4672.0,2025-05-08T15:23:00-04:00,0.8999999999999995,12047.039999999912,4679.0,2025-05-08T15:30:00-04:00,0.8000000000000007,12247.03999999991,9.0,2025-05-05T09:40:00-04:00,4.850000000000023,4147.039999999864,8.0,2025-05-05T09:39:00-04:00,0.3499999999999659,13147.039999999979,,,,,,,,,9.0,2025-05-05T09:40:00-04:00,4.850000000000023,4147.039999999864,2594
2025-05-06,2025-05-08,2,5.0,2025-05-06T09:31:00-04:00,5.0,NDXP  250508P19750000,NDXP  250508P19740000,validation,False,False,0,0,6,10,0,1141,available,False,2025-05-06T09:31:00-04:00,2025-05-08T15:17:00-04:00,0.04999999999999999,9647.040000000003,43.0,last_observed_quote_not_settlement,1036.0,62,59,4.25,1247.0400000000006,2025-05-06T09:32:00-04:00,0.0,4.5,747.0400000000006,2025-05-06T09:33:00-04:00,0.0,4.599999999999994,547.040000000012,2025-05-06T09:36:00-04:00,0.0,4.650000000000006,447.03999999998933,2025-05-06T09:41:00-04:00,0.0,4.199999999999989,1347.0400000000234,2025-05-06T09:46:00-04:00,0.0,5.100000000000023,-452.9600000000448,2025-05-06T10:01:00-04:00,0.0,3.8499999999999943,2047.0400000000122,2025-05-06T10:31:00-04:00,0.0,4.099999999999994,1547.040000000012,2025-05-06T11:31:00-04:00,0.0,4.599999999999994,547.040000000012,2025-05-06T16:00:00-04:00,0.0,3.25,3247.040000000001,2025-05-07T16:00:00-04:00,0.0,,,2025-05-08T15:17:00-04:00,2580.0,,,,,0.0,hit,0.0,hit,26.0,hit,164.0,hit,242.0,hit,1748.0,hit,2991.0,hit,47.0,hit,47.0,hit,47.0,hit,,never_hit,,never_hit,,never_hit,7.699999999999989,11,True,False,False,False,,7.699999999999989,11,True,False,False,False,,7.699999999999989,51,True,False,False,False,,7.699999999999989,62,True,False,False,False,,242.0,2025-05-06T13:33:00-04:00,1.349999999999966,7047.040000000069,1813.0,2025-05-07T15:44:00-04:00,2.25,5247.040000000001,2882.0,2025-05-08T09:33:00-04:00,1.3000000000000007,7147.039999999999,243.0,2025-05-06T13:34:00-04:00,4.199999999999989,1347.0400000000234,242.0,2025-05-06T13:33:00-04:00,1.349999999999966,7047.040000000069,2881.0,2025-05-08T09:32:00-04:00,1.0999999999999996,7547.040000000002,2882.0,2025-05-08T09:33:00-04:00,1.3000000000000007,7147.039999999999,243.0,2025-05-06T13:34:00-04:00,4.199999999999989,1347.0400000000234,1748.0,2025-05-07T14:39:00-04:00,0.75,8247.04,2987.0,2025-05-08T11:18:00-04:00,0.7999999999999989,8147.040000000004,2988.0,2025-05-08T11:19:00-04:00,0.75,8247.04,1749.0,2025-05-07T14:40:00-04:00,3.1500000000000057,3447.0399999999895,2991.0,2025-05-08T11:22:00-04:00,0.4499999999999993,8847.040000000003,2995.0,2025-05-08T11:26:00-04:00,0.4499999999999993,8847.040000000003,2996.0,2025-05-08T11:27:00-04:00,0.3999999999999986,8947.040000000005,2992.0,2025-05-08T11:23:00-04:00,0.5999999999999996,8547.040000000003,2595
2025-05-06,2025-05-08,2,6.0,2025-05-06T09:31:00-04:00,6.0,NDXP  250508P19880000,NDXP  250508P19870000,validation,False,False,0,0,4,5,0,1172,available,False,2025-05-06T09:31:00-04:00,2025-05-08T15:47:00-04:00,0.0,11747.04,13.0,last_observed_quote_not_settlement,1036.0,185,104,5.75,247.04000000000067,2025-05-06T09:32:00-04:00,0.0,5.9500000000000455,-152.96000000009025,2025-05-06T09:33:00-04:00,0.0,5.550000000000011,647.0399999999779,2025-05-06T09:36:00-04:00,0.0,4.849999999999994,2047.0400000000122,2025-05-06T09:41:00-04:00,0.0,5.650000000000034,447.0399999999325,2025-05-06T09:46:00-04:00,0.0,6.5,-1252.9599999999994,2025-05-06T10:01:00-04:00,0.0,4.800000000000011,2147.039999999978,2025-05-06T10:31:00-04:00,0.0,5.149999999999977,1447.0400000000461,2025-05-06T11:31:00-04:00,0.0,2.8000000000000114,6147.039999999978,2025-05-06T16:00:00-04:00,0.0,4.549999999999997,2647.0400000000063,2025-05-07T16:00:00-04:00,0.0,,,2025-05-08T15:47:00-04:00,780.0,,,,,4.0,hit,4.0,hit,45.0,hit,389.0,hit,1830.0,hit,2926.0,hit,2926.0,hit,24.0,hit,41.0,hit,41.0,hit,47.0,hit,106.0,hit,,never_hit,9.400000000000006,29,True,True,True,True,,9.400000000000006,184,True,True,True,True,,9.400000000000006,184,True,True,True,True,,9.400000000000006,184,True,True,True,True,,389.0,2025-05-06T16:00:00-04:00,2.8000000000000114,6147.039999999978,2881.0,2025-05-08T09:32:00-04:00,2.1499999999999986,7447.040000000004,2882.0,2025-05-08T09:33:00-04:00,2.3000000000000043,7147.039999999992,390.0,2025-05-06T16:01:00-04:00,5.650000000000006,447.03999999998933,1830.0,2025-05-07T16:01:00-04:00,1.3499999999999943,9047.040000000014,2991.0,2025-05-08T11:22:00-04:00,1.6000000000000014,8547.039999999999,2992.0,2025-05-08T11:23:00-04:00,1.5,8747.04,1831.0,2025-05-07T16:02:00-04:00,4.349999999999994,3047.0400000000122,2926.0,2025-05-08T10:17:00-04:00,0.14999999999999858,11447.040000000005,3004.0,2025-05-08T11:35:00-04:00,0.8000000000000007,10147.04,3005.0,2025-05-08T11:36:00-04:00,0.6999999999999993,10347.040000000003,2927.0,2025-05-08T10:18:00-04:00,3.0,5747.040000000001,2926.0,2025-05-08T10:17:00-04:00,0.14999999999999858,11447.040000000005,3019.0,2025-05-08T11:50:00-04:00,0.4499999999999993,10847.040000000003,3030.0,2025-05-08T12:01:00-04:00,0.2999999999999998,11147.040000000003,2927.0,2025-05-08T10:18:00-04:00,3.0,5747.040000000001,2596
2025-05-06,2025-05-08,2,7.0,2025-05-06T09:31:00-04:00,7.0,NDXP  250508P19990000,NDXP  250508P19980000,validation,False,False,0,0,1,10,0,1186,available,False,2025-05-06T09:31:00-04:00,2025-05-08T15:58:00-04:00,0.09999999999999998,13547.04,2.0,last_observed_quote_not_settlement,1037.0,238,79,6.7999999999999545,147.04000000009165,2025-05-06T09:32:00-04:00,0.0,6.7000000000000455,347.03999999990975,2025-05-06T09:33:00-04:00,0.0,6.699999999999989,347.04000000002344,2025-05-06T09:36:00-04:00,0.0,7.399999999999977,-1052.9599999999539,2025-05-06T09:41:00-04:00,0.0,6.949999999999989,-152.95999999997656,2025-05-06T09:46:00-04:00,0.0,9.050000000000011,-4352.960000000024,2025-05-06T10:01:00-04:00,0.0,6.300000000000068,1147.0399999998642,2025-05-06T10:31:00-04:00,0.0,9.650000000000006,-5552.960000000013,2025-05-06T11:31:00-04:00,0.0,3.650000000000034,6447.039999999933,2025-05-06T16:00:00-04:00,0.0,6.949999999999989,-152.95999999997656,2025-05-07T16:00:00-04:00,0.0,,,2025-05-08T15:58:00-04:00,120.0,,,,,62.0,hit,62.0,hit,62.0,hit,62.0,hit,344.0,hit,3011.0,hit,3046.0,hit,30.0,hit,30.0,hit,0.0,hit,30.0,hit,30.0,hit,73.0,hit,9.050000000000011,18,True,True,True,True,,9.650000000000006,24,True,True,True,True,,9.650000000000006,238,True,True,True,True,,9.650000000000006,238,True,True,True,True,,62.0,2025-05-06T10:33:00-04:00,2.75,8247.04,2994.0,2025-05-08T11:25:00-04:00,2.8499999999999943,8047.040000000012,2995.0,2025-05-08T11:26:00-04:00,2.549999999999997,8647.040000000008,63.0,2025-05-06T10:34:00-04:00,6.199999999999989,1347.0400000000234,344.0,2025-05-06T15:15:00-04:00,1.549999999999983,10647.040000000035,3006.0,2025-05-08T11:37:00-04:00,1.9000000000000021,9947.039999999997,3007.0,2025-05-08T11:38:00-04:00,1.75,10247.04,345.0,2025-05-06T15:16:00-04:00,5.900000000000006,1947.0399999999893,3024.0,2025-05-08T11:55:00-04:00,0.8500000000000014,12047.039999999999,3029.0,2025-05-08T12:00:00-04:00,0.9499999999999993,11847.040000000003,3030.0,2025-05-08T12:01:00-04:00,0.9000000000000004,11947.04,3025.0,2025-05-08T11:56:00-04:00,1.0500000000000007,11647.04,3074.0,2025-05-08T12:45:00-04:00,0.40000000000000036,12947.04,3075.0,2025-05-08T12:46:00-04:00,0.40000000000000036,12947.04,3079.0,2025-05-08T12:50:00-04:00,0.35000000000000053,13047.04,3075.0,2025-05-08T12:46:00-04:00,0.40000000000000036,12947.04,2597
2025-05-06,2025-05-09,3,5.0,2025-05-06T09:31:00-04:00,4.9500000000000455,NDXP  250509P19870000,NDXP  250509P19860000,validation,False,False,0,0,0,3,0,1592,available,False,2025-05-06T09:31:00-04:00,2025-05-09T15:51:00-04:00,0.07500000000000001,9497.040000000092,9.0,last_observed_quote_not_settlement,1036.0,488,152,4.850000000000023,-52.959999999953816,2025-05-06T09:32:00-04:00,0.0,5.649999999999977,-1652.959999999863,2025-05-06T09:33:00-04:00,0.0,5.300000000000011,-952.9599999999311,2025-05-06T09:36:00-04:00,0.0,5.25,-852.9599999999084,2025-05-06T09:41:00-04:00,0.0,5.5,-1352.9599999999084,2025-05-06T09:46:00-04:00,0.0,4.5,647.0400000000916,2025-05-06T10:01:00-04:00,0.0,4.5,647.0400000000916,2025-05-06T10:31:00-04:00,0.0,4.5,647.0400000000916,2025-05-06T11:31:00-04:00,0.0,7.5,-5352.959999999908,2025-05-06T16:00:00-04:00,0.0,5.049999999999983,-452.95999999987424,2025-05-07T16:00:00-04:00,0.0,2.0500000000000043,5547.040000000083,2025-05-08T16:00:00-04:00,0.0,,,2025-05-09T15:51:00-04:00,540.0,0.0,hit,0.0,hit,168.0,hit,286.0,hit,3002.0,hit,3084.0,hit,4324.0,hit,2.0,hit,22.0,hit,213.0,hit,1562.0,hit,1562.0,hit,,never_hit,7.099999999999994,170,True,False,False,False,,9.0,488,True,True,True,True,,9.0,488,True,True,True,True,,9.0,488,True,True,True,True,,286.0,2025-05-06T14:17:00-04:00,2.75,4147.040000000092,2881.0,2025-05-08T09:32:00-04:00,2.5999999999999943,4447.040000000103,2882.0,2025-05-08T09:33:00-04:00,2.799999999999997,4047.0400000000973,287.0,2025-05-06T14:18:00-04:00,5.250000000000028,-852.9599999999652,3002.0,2025-05-08T11:33:00-04:00,1.8999999999999986,5847.040000000095,3009.0,2025-05-08T11:40:00-04:00,1.8500000000000085,5947.0400000000745,3010.0,2025-05-08T11:41:00-04:00,1.6500000000000057,6347.04000000008,3003.0,2025-05-08T11:34:00-04:00,2.049999999999997,5547.040000000097,3086.0,2025-05-08T12:57:00-04:00,0.9499999999999993,7747.040000000093,3232.0,2025-05-08T15:23:00-04:00,0.8500000000000014,7947.040000000089,3233.0,2025-05-08T15:24:00-04:00,0.9000000000000021,7847.040000000087,3087.0,2025-05-08T12:58:00-04:00,1.1000000000000014,7447.040000000089,4326.0,2025-05-09T09:37:00-04:00,0.4499999999999993,8747.040000000094,4349.0,2025-05-09T10:00:00-04:00,0.40000000000000036,8847.040000000092,4350.0,2025-05-09T10:01:00-04:00,0.40000000000000036,8847.040000000092,4327.0,2025-05-09T09:38:00-04:00,0.5,8647.040000000092,2598
2025-05-06,2025-05-09,3,6.0,2025-05-06T09:31:00-04:00,6.0499999999999545,NDXP  250509P20060000,NDXP  250509P20050000,validation,False,False,0,0,0,11,0,1594,available,False,2025-05-06T09:31:00-04:00,2025-05-09T16:00:00-04:00,5.975,-102.96000000008954,0.0,last_observed_quote_not_settlement,1036.0,510,261,6.350000000000023,-852.9600000001358,2025-05-06T09:32:00-04:00,0.0,0.05000000000001137,11747.039999999888,2025-05-06T09:33:00-04:00,0.0,5.350000000000023,1147.0399999998642,2025-05-06T09:36:00-04:00,0.0,5.75,347.03999999990975,2025-05-06T09:41:00-04:00,0.0,5.5,847.0399999999097,2025-05-06T09:46:00-04:00,0.0,,,2025-05-06T09:59:00-04:00,120.0,6.2999999999999545,-752.9599999999994,2025-05-06T10:31:00-04:00,0.0,4.75,2347.03999999991,2025-05-06T11:31:00-04:00,0.0,,,2025-05-06T15:59:00-04:00,60.0,5.0,1847.0399999999097,2025-05-07T16:00:00-04:00,0.0,4.3999999999999915,3047.0399999999267,2025-05-08T16:00:00-04:00,0.0,5.975,-102.96000000008954,2025-05-09T16:00:00-04:00,0.0,2.0,hit,2.0,hit,2.0,hit,2.0,hit,2.0,hit,2.0,hit,2.0,hit,8.0,hit,8.0,hit,8.0,hit,188.0,hit,1701.0,hit,1701.0,hit,6.350000000000023,1,False,False,False,False,,6.350000000000023,1,False,False,False,False,,6.350000000000023,1,False,False,False,False,,6.350000000000023,1,False,False,False,False,,2.0,2025-05-06T09:33:00-04:00,0.05000000000001137,11747.039999999888,3.0,2025-05-06T09:34:00-04:00,1.5,8847.03999999991,3018.0,2025-05-08T11:49:00-04:00,2.75,6347.03999999991,3.0,2025-05-06T09:34:00-04:00,1.5,8847.03999999991,2.0,2025-05-06T09:33:00-04:00,0.05000000000001137,11747.039999999888,3.0,2025-05-06T09:34:00-04:00,1.5,8847.03999999991,4358.0,2025-05-09T10:09:00-04:00,1.8999999999999986,8047.039999999913,3.0,2025-05-06T09:34:00-04:00,1.5,8847.03999999991,2.0,2025-05-06T09:33:00-04:00,0.05000000000001137,11747.039999999888,,,,,,,,,3.0,2025-05-06T09:34:00-04:00,1.5,8847.03999999991,2.0,2025-05-06T09:33:00-04:00,0.05000000000001137,11747.039999999888,,,,,,,,,3.0,2025-05-06T09:34:00-04:00,1.5,8847.03999999991,2599
2025-05-06,2025-05-09,3,7.0,2025-05-06T09:31:00-04:00,6.900000000000034,NDXP  250509P20050000,NDXP  250509P20040000,validation,False,False,0,0,1,14,0,1590,available,False,2025-05-06T09:31:00-04:00,2025-05-09T15:59:00-04:00,2.0999999999999996,9347.04000000007,1.0,last_observed_quote_not_settlement,1036.0,130,101,6.449999999999932,647.0400000002053,2025-05-06T09:32:00-04:00,0.0,0.44999999999998863,12647.040000000092,2025-05-06T09:33:00-04:00,0.0,5.4500000000000455,2647.039999999978,2025-05-06T09:36:00-04:00,0.0,5.149999999999977,3247.0400000001146,2025-05-06T09:41:00-04:00,0.0,5.949999999999989,1647.0400000000916,2025-05-06T09:46:00-04:00,0.0,6.9500000000000455,-352.96000000002203,2025-05-06T10:01:00-04:00,0.0,6.650000000000034,247.04000000000067,2025-05-06T10:31:00-04:00,0.0,,,2025-05-06T11:30:00-04:00,60.0,,,2025-05-06T15:59:00-04:00,60.0,5.0,3547.040000000069,2025-05-07T16:00:00-04:00,0.0,4.300000000000011,4947.040000000046,2025-05-08T16:00:00-04:00,0.0,,,2025-05-09T15:59:00-04:00,60.0,2.0,hit,2.0,hit,2.0,hit,2.0,hit,2.0,hit,2.0,hit,2.0,hit,26.0,hit,29.0,hit,26.0,hit,29.0,hit,29.0,hit,29.0,hit,6.900000000000034,0,False,False,False,False,,6.900000000000034,0,False,False,False,False,,6.900000000000034,0,False,False,False,False,,6.900000000000034,0,False,False,False,False,,2.0,2025-05-06T09:33:00-04:00,0.44999999999998863,12647.040000000092,3013.0,2025-05-08T11:44:00-04:00,2.700000000000003,8147.040000000064,3014.0,2025-05-08T11:45:00-04:00,2.8999999999999915,7747.040000000086,3.0,2025-05-06T09:34:00-04:00,6.149999999999977,1247.0400000001143,2.0,2025-05-06T09:33:00-04:00,0.44999999999998863,12647.040000000092,4353.0,2025-05-09T10:04:00-04:00,1.8499999999999979,9847.040000000074,4354.0,2025-05-09T10:05:00-04:00,1.8499999999999979,9847.040000000074,3.0,2025-05-06T09:34:00-04:00,6.149999999999977,1247.0400000001143,2.0,2025-05-06T09:33:00-04:00,0.44999999999998863,12647.040000000092,,,,,,,,,3.0,2025-05-06T09:34:00-04:00,6.149999999999977,1247.0400000001143,2.0,2025-05-06T09:33:00-04:00,0.44999999999998863,12647.040000000092,,,,,,,,,3.0,2025-05-06T09:34:00-04:00,6.149999999999977,1247.0400000001143,2600
2025-05-07,2025-05-09,2,5.0,2025-05-07T09:31:00-04:00,5.0,NDXP  250509P19810000,NDXP  250509P19800000,validation,False,False,0,0,13,4,0,1173,available,False,2025-05-07T09:31:00-04:00,2025-05-09T15:42:00-04:00,0.0,9747.04,18.0,last_observed_quote_not_settlement,1036.0,148,80,4.550000000000011,647.0399999999779,2025-05-07T09:32:00-04:00,0.0,4.149999999999977,1447.0400000000461,2025-05-07T09:33:00-04:00,0.0,4.949999999999989,-152.95999999997656,2025-05-07T09:36:00-04:00,0.0,4.400000000000006,947.0399999999893,2025-05-07T09:41:00-04:00,0.0,4.349999999999966,1047.0400000000689,2025-05-07T09:46:00-04:00,0.0,4.400000000000006,947.0399999999893,2025-05-07T10:01:00-04:00,0.0,3.9499999999999886,1847.0400000000234,2025-05-07T10:31:00-04:00,0.0,5.75,-1752.9599999999994,2025-05-07T11:31:00-04:00,0.0,4.0,1747.0400000000006,2025-05-07T16:00:00-04:00,0.0,1.6499999999999986,6447.040000000004,2025-05-08T16:00:00-04:00,0.0,,,2025-05-09T15:42:00-04:00,1080.0,,,,,0.0,hit,0.0,hit,28.0,hit,374.0,hit,394.0,hit,1572.0,hit,2881.0,hit,19.0,hit,83.0,hit,285.0,hit,,never_hit,,never_hit,,never_hit,7.649999999999977,147,True,False,False,False,,7.649999999999977,148,True,False,False,False,,7.649999999999977,148,True,False,False,False,,7.649999999999977,148,True,False,False,False,,374.0,2025-05-07T15:45:00-04:00,2.700000000000003,4347.039999999995,1441.0,2025-05-08T09:32:00-04:00,2.3499999999999943,5047.040000000012,1442.0,2025-05-08T09:33:00-04:00,2.299999999999997,5147.040000000006,375.0,2025-05-07T15:46:00-04:00,3.450000000000003,2847.039999999995,394.0,2025-05-07T16:05:00-04:00,1.9499999999999886,5847.040000000024,1556.0,2025-05-08T11:27:00-04:00,1.8000000000000043,6147.039999999992,1562.0,2025-05-08T11:33:00-04:00,1.8500000000000014,6047.039999999998,395.0,2025-05-07T16:06:00-04:00,4.200000000000017,1347.0399999999665,1600.0,2025-05-08T12:11:00-04:00,0.7000000000000028,8347.039999999995,1604.0,2025-05-08T12:15:00-04:00,0.9499999999999993,7847.040000000002,1605.0,2025-05-08T12:16:00-04:00,0.9499999999999957,7847.040000000009,1601.0,2025-05-08T12:12:00-04:00,1.0500000000000007,7647.039999999999,2882.0,2025-05-09T09:33:00-04:00,0.34999999999999964,9047.040000000003,2883.0,2025-05-09T09:34:00-04:00,0.39999999999999947,8947.040000000003,2884.0,2025-05-09T09:35:00-04:00,0.3000000000000007,9147.04,2883.0,2025-05-09T09:34:00-04:00,0.39999999999999947,8947.040000000003,2601
2025-05-07,2025-05-09,2,6.0,2025-05-07T09:31:00-04:00,5.949999999999989,NDXP  250509P19850000,NDXP  250509P19840000,validation,False,False,0,0,4,4,0,1181,available,False,2025-05-07T09:31:00-04:00,2025-05-09T15:45:00-04:00,0.05000000000000002,11547.039999999979,15.0,last_observed_quote_not_settlement,1036.0,36,38,5.050000000000011,1547.0399999999552,2025-05-07T09:32:00-04:00,0.0,4.5,2647.039999999978,2025-05-07T09:33:00-04:00,0.0,5.300000000000011,1047.0399999999552,2025-05-07T09:36:00-04:00,0.0,4.7000000000000455,2247.039999999887,2025-05-07T09:41:00-04:00,0.0,4.75,2147.039999999978,2025-05-07T09:46:00-04:00,0.0,4.399999999999977,2847.0400000000236,2025-05-07T10:01:00-04:00,0.0,4.050000000000011,3547.0399999999554,2025-05-07T10:31:00-04:00,0.0,5.25,1147.039999999978,2025-05-07T11:31:00-04:00,0.0,5.099999999999994,1447.0399999999893,2025-05-07T16:00:00-04:00,0.0,1.9000000000000057,7847.039999999966,2025-05-08T16:00:00-04:00,0.0,,,2025-05-09T15:45:00-04:00,900.0,,,,,1.0,hit,2.0,hit,39.0,hit,394.0,hit,1491.0,hit,1638.0,hit,1805.0,hit,261.0,hit,261.0,hit,261.0,hit,261.0,hit,369.0,hit,369.0,hit,9.800000000000011,36,True,True,True,True,,9.800000000000011,36,True,True,True,True,,9.800000000000011,36,True,True,True,True,,9.800000000000011,36,True,True,True,True,,394.0,2025-05-07T16:05:00-04:00,2.4000000000000057,6847.039999999966,1441.0,2025-05-08T09:32:00-04:00,2.4000000000000057,6847.039999999966,1442.0,2025-05-08T09:33:00-04:00,2.799999999999997,6047.039999999984,395.0,2025-05-07T16:06:00-04:00,4.5499999999999545,2547.040000000069,1559.0,2025-05-08T11:30:00-04:00,1.8999999999999915,7847.039999999995,1565.0,2025-05-08T11:36:00-04:00,1.8500000000000014,7947.039999999975,1566.0,2025-05-08T11:37:00-04:00,1.8500000000000014,7947.039999999975,1560.0,2025-05-08T11:31:00-04:00,2.25,7147.039999999978,1642.0,2025-05-08T12:53:00-04:00,0.9499999999999993,9747.03999999998,1643.0,2025-05-08T12:54:00-04:00,0.9499999999999993,9747.03999999998,1745.0,2025-05-08T14:36:00-04:00,0.8500000000000014,9947.039999999975,1643.0,2025-05-08T12:54:00-04:00,0.9499999999999993,9747.03999999998,2885.0,2025-05-09T09:36:00-04:00,0.40000000000000036,10847.039999999979,2888.0,2025-05-09T09:39:00-04:00,0.39999999999999947,10847.039999999979,2909.0,2025-05-09T10:00:00-04:00,0.34999999999999964,10947.039999999979,2886.0,2025-05-09T09:37:00-04:00,0.4500000000000002,10747.039999999979,2602
2025-05-07,2025-05-09,2,7.0,2025-05-07T09:31:00-04:00,7.0,NDXP  250509P20360000,NDXP  250509P20350000,validation,False,False,0,0,0,113,0,1087,available,False,2025-05-07T09:31:00-04:00,2025-05-09T16:00:00-04:00,10.0,-6152.96,0.0,last_observed_quote_not_settlement,1036.0,778,103,8.700000000000045,-3652.960000000092,2025-05-07T09:32:00-04:00,0.0,8.649999999999977,-3552.9599999999555,2025-05-07T09:33:00-04:00,0.0,8.800000000000182,-3852.9600000003647,2025-05-07T09:36:00-04:00,0.0,6.850000000000136,47.03999999972786,2025-05-07T09:41:00-04:00,0.0,8.700000000000045,-3652.960000000092,2025-05-07T09:46:00-04:00,0.0,8.649999999999864,-3552.959999999728,2025-05-07T10:01:00-04:00,0.0,8.599999999999966,-3452.9599999999327,2025-05-07T10:31:00-04:00,0.0,9.549999999999955,-5352.95999999991,2025-05-07T11:31:00-04:00,0.0,9.100000000000023,-4452.960000000046,2025-05-07T16:00:00-04:00,0.0,,,2025-05-08T15:59:00-04:00,60.0,10.0,-6152.96,2025-05-09T16:00:00-04:00,0.0,,,,,9.0,hit,9.0,hit,43.0,hit,43.0,hit,,never_hit,,never_hit,,never_hit,1.0,hit,1.0,hit,0.0,hit,1.0,hit,6.0,hit,21.0,hit,9.5,25,True,True,True,True,,,,True,True,True,False,4.550000000000068,,,True,True,True,False,4.550000000000068,,,True,True,True,False,4.550000000000068,43.0,2025-05-07T10:14:00-04:00,2.449999999999932,8847.040000000137,,,,,,,,,44.0,2025-05-07T10:15:00-04:00,8.550000000000068,-3352.9600000001374,,,,,,,,,,,,,,,,,,,,,,,,,,,,,,,,,,,,,,,,,,,,,,,,,2603
2025-05-09,2025-05-12,3,5.0,2025-05-09T09:31:00-04:00,5.050000000000011,NDXP  250512P20240000,NDXP  250512P20230000,validation,False,False,0,0,18,2,0,718,available,False,2025-05-09T09:31:00-04:00,2025-05-12T14:56:00-04:00,0.0,9847.040000000025,64.0,last_observed_quote_not_settlement,3916.0,387,19,4.25,1347.0400000000234,2025-05-09T09:32:00-04:00,0.0,5.25,-652.9599999999766,2025-05-09T09:33:00-04:00,0.0,5.050000000000011,-252.9599999999993,2025-05-09T09:36:00-04:00,0.0,5.700000000000017,-1552.9600000000107,2025-05-09T09:41:00-04:00,0.0,5.449999999999989,-1052.9599999999539,2025-05-09T09:46:00-04:00,0.0,5.399999999999977,-952.9599999999311,2025-05-09T10:01:00-04:00,0.0,6.550000000000011,-3252.959999999999,2025-05-09T10:31:00-04:00,0.0,7.0,-4152.959999999976,2025-05-09T11:31:00-04:00,0.0,6.000000000000028,-2152.9600000000332,2025-05-09T16:00:00-04:00,0.0,,,2025-05-09T16:15:00-04:00,85500.0,,,2025-05-09T16:15:00-04:00,171900.0,,,2025-05-12T14:56:00-04:00,3840.0,0.0,hit,1.0,hit,4320.0,hit,4320.0,hit,4320.0,hit,4320.0,hit,4320.0,hit,9.0,hit,9.0,hit,9.0,hit,70.0,hit,,never_hit,,never_hit,8.75,387,True,True,False,False,,8.75,387,True,True,False,False,,8.75,387,True,True,False,False,,8.75,387,True,True,False,False,,4320.0,2025-05-12T09:31:00-04:00,0.19999999999999973,9447.040000000025,4321.0,2025-05-12T09:32:00-04:00,0.39999999999999947,9047.040000000025,4322.0,2025-05-12T09:33:00-04:00,0.2999999999999998,9247.040000000025,4321.0,2025-05-12T09:32:00-04:00,0.39999999999999947,9047.040000000025,4320.0,2025-05-12T09:31:00-04:00,0.19999999999999973,9447.040000000025,4321.0,2025-05-12T09:32:00-04:00,0.39999999999999947,9047.040000000025,4322.0,2025-05-12T09:33:00-04:00,0.2999999999999998,9247.040000000025,4321.0,2025-05-12T09:32:00-04:00,0.39999999999999947,9047.040000000025,4320.0,2025-05-12T09:31:00-04:00,0.19999999999999973,9447.040000000025,4321.0,2025-05-12T09:32:00-04:00,0.39999999999999947,9047.040000000025,4322.0,2025-05-12T09:33:00-04:00,0.2999999999999998,9247.040000000025,4321.0,2025-05-12T09:32:00-04:00,0.39999999999999947,9047.040000000025,4320.0,2025-05-12T09:31:00-04:00,0.19999999999999973,9447.040000000025,4321.0,2025-05-12T09:32:00-04:00,0.39999999999999947,9047.040000000025,4322.0,2025-05-12T09:33:00-04:00,0.2999999999999998,9247.040000000025,4321.0,2025-05-12T09:32:00-04:00,0.39999999999999947,9047.040000000025,2604
2025-05-09,2025-05-12,3,6.0,2025-05-09T09:31:00-04:00,5.9500000000000455,NDXP  250512P20810000,NDXP  250512P20800000,validation,False,False,0,0,0,36,0,759,available,False,2025-05-09T09:31:00-04:00,2025-05-12T15:59:00-04:00,0.3749999999999999,10897.040000000092,1.0,last_observed_quote_not_settlement,3916.0,503,57,5.399999999999977,847.0400000001371,2025-05-09T09:32:00-04:00,0.0,9.699999999999932,-7752.959999999774,2025-05-09T09:33:00-04:00,0.0,,,2025-05-09T09:34:00-04:00,120.0,,,2025-05-09T09:40:00-04:00,60.0,9.649999999999977,-7652.9599999998645,2025-05-09T09:46:00-04:00,0.0,9.799999999999955,-7952.959999999819,2025-05-09T10:01:00-04:00,0.0,9.800000000000068,-7952.960000000046,2025-05-09T10:31:00-04:00,0.0,9.300000000000068,-6952.960000000046,2025-05-09T11:31:00-04:00,0.0,7.75,-3852.959999999908,2025-05-09T16:00:00-04:00,0.0,,,2025-05-09T16:15:00-04:00,85500.0,,,2025-05-09T16:15:00-04:00,171900.0,,,2025-05-12T15:59:00-04:00,60.0,1.0,hit,72.0,hit,239.0,hit,337.0,hit,337.0,hit,337.0,hit,337.0,hit,2.0,hit,2.0,hit,2.0,hit,2.0,hit,2.0,hit,2.0,hit,10.0,279,True,True,True,True,,10.0,279,True,True,True,True,,10.0,279,True,True,True,True,,10.0,279,True,True,True,True,,337.0,2025-05-09T15:08:00-04:00,0.34999999999990905,10947.040000000274,4610.0,2025-05-12T14:21:00-04:00,2.8999999999999986,5847.040000000095,4621.0,2025-05-12T14:32:00-04:00,2.700000000000003,6247.040000000086,338.0,2025-05-09T15:09:00-04:00,9.75,-7852.95999999991,337.0,2025-05-09T15:08:00-04:00,0.34999999999990905,10947.040000000274,4705.0,2025-05-12T15:56:00-04:00,1.6250000000000009,8397.04000000009,4706.0,2025-05-12T15:57:00-04:00,1.65,8347.040000000092,338.0,2025-05-09T15:09:00-04:00,9.75,-7852.95999999991,337.0,2025-05-09T15:08:00-04:00,0.34999999999990905,10947.040000000274,4708.0,2025-05-12T15:59:00-04:00,0.3749999999999999,10897.040000000092,,,,,338.0,2025-05-09T15:09:00-04:00,9.75,-7852.95999999991,337.0,2025-05-09T15:08:00-04:00,0.34999999999990905,10947.040000000274,,,,,,,,,338.0,2025-05-09T15:09:00-04:00,9.75,-7852.95999999991,2605
2025-05-09,2025-05-12,3,7.0,2025-05-09T09:31:00-04:00,7.0,NDXP  250512P20420000,NDXP  250512P20410000,validation,False,False,0,0,1,7,0,742,available,False,2025-05-09T09:31:00-04:00,2025-05-12T15:24:00-04:00,0.024999999999999994,13697.04,36.0,last_observed_quote_not_settlement,3916.0,391,9,1.0500000000000114,11647.039999999979,2025-05-09T09:32:00-04:00,0.0,6.750000000000057,247.039999999887,2025-05-09T09:33:00-04:00,0.0,7.0499999999999545,-352.95999999990835,2025-05-09T09:36:00-04:00,0.0,7.199999999999989,-652.9599999999766,2025-05-09T09:41:00-04:00,0.0,7.4500000000000455,-1152.9600000000903,2025-05-09T09:46:00-04:00,0.0,7.300000000000011,-852.9600000000221,2025-05-09T10:01:00-04:00,0.0,8.199999999999989,-2652.959999999978,2025-05-09T10:31:00-04:00,0.0,8.850000000000023,-3952.9600000000464,2025-05-09T11:31:00-04:00,0.0,8.350000000000023,-2952.9600000000464,2025-05-09T16:00:00-04:00,0.0,,,2025-05-09T16:15:00-04:00,85500.0,,,2025-05-09T16:15:00-04:00,171900.0,,,2025-05-12T15:24:00-04:00,2160.0,1.0,hit,1.0,hit,1.0,hit,1.0,hit,1.0,hit,4320.0,hit,4363.0,hit,8.0,hit,35.0,hit,0.0,hit,35.0,hit,57.0,hit,57.0,hit,7.0,0,True,False,False,False,,7.0,0,True,False,False,False,,9.599999999999966,391,True,True,True,True,,9.599999999999966,391,True,True,True,True,,1.0,2025-05-09T09:32:00-04:00,1.0500000000000114,11647.039999999979,4321.0,2025-05-12T09:32:00-04:00,1.0500000000000043,11647.039999999994,4322.0,2025-05-12T09:33:00-04:00,1.0,11747.04,2.0,2025-05-09T09:33:00-04:00,6.750000000000057,247.039999999887,1.0,2025-05-09T09:32:00-04:00,1.0500000000000114,11647.039999999979,4321.0,2025-05-12T09:32:00-04:00,1.0500000000000043,11647.039999999994,4322.0,2025-05-12T09:33:00-04:00,1.0,11747.04,2.0,2025-05-09T09:33:00-04:00,6.750000000000057,247.039999999887,4320.0,2025-05-12T09:31:00-04:00,0.8000000000000007,12147.04,4343.0,2025-05-12T09:54:00-04:00,0.8499999999999996,12047.040000000003,4344.0,2025-05-12T09:55:00-04:00,0.75,12247.04,4321.0,2025-05-12T09:32:00-04:00,1.0500000000000043,11647.039999999994,4366.0,2025-05-12T10:17:00-04:00,0.40000000000000036,12947.04,4404.0,2025-05-12T10:55:00-04:00,0.4499999999999993,12847.040000000003,4442.0,2025-05-12T11:33:00-04:00,0.35000000000000053,13047.04,,,,,2606
2025-05-12,2025-05-14,2,5.0,2025-05-12T09:31:00-04:00,4.900000000000034,NDXP  250514P20780000,NDXP  250514P20770000,validation,False,False,0,0,14,4,0,1093,available,False,2025-05-12T09:31:00-04:00,2025-05-14T14:34:00-04:00,0.0,9547.04000000007,86.0,last_observed_quote_not_settlement,1036.0,174,28,5.600000000000023,-1652.9599999999766,2025-05-12T09:32:00-04:00,0.0,5.100000000000023,-652.9599999999766,2025-05-12T09:33:00-04:00,0.0,5.349999999999994,-1152.9599999999198,2025-05-12T09:36:00-04:00,0.0,4.599999999999994,347.0400000000803,2025-05-12T09:41:00-04:00,0.0,5.050000000000011,-552.9599999999539,2025-05-12T09:46:00-04:00,0.0,5.600000000000023,-1652.9599999999766,2025-05-12T10:01:00-04:00,0.0,6.050000000000011,-2552.9599999999537,2025-05-12T10:31:00-04:00,0.0,5.449999999999989,-1352.9599999999084,2025-05-12T11:31:00-04:00,0.0,3.75,2047.040000000069,2025-05-12T16:00:00-04:00,0.0,0.5999999999999979,8347.040000000074,2025-05-13T16:00:00-04:00,0.0,,,2025-05-14T14:34:00-04:00,5160.0,,,,,0.0,hit,0.0,hit,36.0,hit,53.0,hit,217.0,hit,217.0,hit,1627.0,hit,1.0,hit,11.0,hit,50.0,hit,50.0,hit,294.0,hit,,never_hit,8.699999999999989,45,True,True,False,False,,8.699999999999989,172,True,True,False,False,,8.699999999999989,172,True,True,False,False,,9.449999999999989,174,True,True,True,True,,53.0,2025-05-12T10:24:00-04:00,2.150000000000034,5247.040000000001,1443.0,2025-05-13T09:34:00-04:00,2.4499999999999957,4647.040000000077,1444.0,2025-05-13T09:35:00-04:00,2.5,4547.040000000069,54.0,2025-05-12T10:25:00-04:00,4.0,1547.0400000000689,217.0,2025-05-12T13:08:00-04:00,0.9000000000000057,7747.040000000057,1462.0,2025-05-13T09:53:00-04:00,1.8500000000000014,5847.040000000066,1463.0,2025-05-13T09:54:00-04:00,1.8999999999999986,5747.040000000072,218.0,2025-05-12T13:09:00-04:00,4.049999999999983,1447.040000000103,217.0,2025-05-12T13:08:00-04:00,0.9000000000000057,7747.040000000057,1521.0,2025-05-13T10:52:00-04:00,0.8500000000000014,7847.040000000066,1522.0,2025-05-13T10:53:00-04:00,0.8999999999999986,7747.040000000072,218.0,2025-05-12T13:09:00-04:00,4.049999999999983,1447.040000000103,1639.0,2025-05-13T12:50:00-04:00,0.40000000000000036,8747.04000000007,1684.0,2025-05-13T13:35:00-04:00,0.3999999999999986,8747.040000000072,1685.0,2025-05-13T13:36:00-04:00,0.3999999999999986,8747.040000000072,1640.0,2025-05-13T12:51:00-04:00,0.5,8547.04000000007,2607
2025-05-12,2025-05-14,2,6.0,2025-05-12T09:31:00-04:00,6.0,NDXP  250514P20880000,NDXP  250514P20870000,validation,False,False,0,0,10,20,0,1113,available,False,2025-05-12T09:31:00-04:00,2025-05-14T15:24:00-04:00,0.0,11747.04,36.0,last_observed_quote_not_settlement,1036.0,176,35,7.399999999999977,-3052.9599999999537,2025-05-12T09:32:00-04:00,0.0,5.9500000000000455,-152.96000000009025,2025-05-12T09:33:00-04:00,0.0,6.200000000000017,-652.9600000000335,2025-05-12T09:36:00-04:00,0.0,6.400000000000034,-1052.9600000000676,2025-05-12T09:41:00-04:00,0.0,6.5,-1252.9599999999994,2025-05-12T09:46:00-04:00,0.0,6.649999999999977,-1552.9599999999539,2025-05-12T10:01:00-04:00,0.0,8.050000000000011,-4352.960000000024,2025-05-12T10:31:00-04:00,0.0,6.5499999999999545,-1352.9599999999084,2025-05-12T11:31:00-04:00,0.0,4.75,2247.040000000001,2025-05-12T16:00:00-04:00,0.0,1.1000000000000014,9547.039999999999,2025-05-13T16:00:00-04:00,0.0,,,2025-05-14T15:24:00-04:00,2160.0,,,,,7.0,hit,48.0,hit,129.0,hit,129.0,hit,1479.0,hit,1570.0,hit,2880.0,hit,1.0,hit,1.0,hit,1.0,hit,29.0,hit,29.0,hit,39.0,hit,10.0,115,True,True,True,True,,10.0,176,True,True,True,True,,10.0,176,True,True,True,True,,10.0,176,True,True,True,True,,129.0,2025-05-12T11:40:00-04:00,2.6000000000000227,6547.039999999955,1461.0,2025-05-13T09:52:00-04:00,2.8999999999999986,5947.040000000004,1462.0,2025-05-13T09:53:00-04:00,2.9000000000000057,5947.039999999989,130.0,2025-05-12T11:41:00-04:00,7.25,-2752.959999999999,1484.0,2025-05-13T10:15:00-04:00,1.9000000000000057,7947.039999999989,1485.0,2025-05-13T10:16:00-04:00,1.8499999999999943,8047.040000000012,1486.0,2025-05-13T10:17:00-04:00,1.7999999999999972,8147.040000000007,1485.0,2025-05-13T10:16:00-04:00,1.8499999999999943,8047.040000000012,1570.0,2025-05-13T11:41:00-04:00,0.6499999999999986,10447.040000000005,1626.0,2025-05-13T12:37:00-04:00,0.8999999999999986,9947.040000000005,1627.0,2025-05-13T12:38:00-04:00,0.8999999999999986,9947.040000000005,1571.0,2025-05-13T11:42:00-04:00,1.2000000000000028,9347.039999999995,2880.0,2025-05-14T09:31:00-04:00,0.4499999999999993,10847.040000000003,2881.0,2025-05-14T09:32:00-04:00,0.3999999999999986,10947.040000000005,2882.0,2025-05-14T09:33:00-04:00,0.34999999999999964,11047.040000000003,2881.0,2025-05-14T09:32:00-04:00,0.3999999999999986,10947.040000000005,2608
2025-05-12,2025-05-14,2,7.0,2025-05-12T09:31:00-04:00,7.25,NDXP  250514P20950000,NDXP  250514P20940000,validation,False,False,0,0,7,9,0,1147,available,False,2025-05-12T09:31:00-04:00,2025-05-14T15:27:00-04:00,0.0,14247.04,33.0,last_observed_quote_not_settlement,1036.0,76,72,8.299999999999955,-2352.95999999991,2025-05-12T09:32:00-04:00,0.0,6.600000000000023,1047.0399999999552,2025-05-12T09:33:00-04:00,0.0,7.149999999999977,-52.959999999953816,2025-05-12T09:36:00-04:00,0.0,6.249999999999943,1747.0400000001143,2025-05-12T09:41:00-04:00,0.0,,,2025-05-12T09:45:00-04:00,60.0,6.949999999999989,347.04000000002344,2025-05-12T10:01:00-04:00,0.0,4.349999999999966,5547.040000000069,2025-05-12T10:31:00-04:00,0.0,7.2000000000000455,-152.96000000009025,2025-05-12T11:31:00-04:00,0.0,6.400000000000006,1447.0399999999893,2025-05-12T16:00:00-04:00,0.0,1.5,11247.04,2025-05-13T16:00:00-04:00,0.0,,,2025-05-14T15:27:00-04:00,1980.0,,,,,14.0,hit,14.0,hit,49.0,hit,1477.0,hit,1523.0,hit,1555.0,hit,2885.0,hit,1.0,hit,1.0,hit,0.0,hit,1.0,hit,175.0,hit,175.0,hit,9.900000000000034,76,True,True,True,True,,9.900000000000034,76,True,True,True,True,,9.900000000000034,76,True,True,True,True,,9.900000000000034,76,True,True,True,True,,1478.0,2025-05-13T10:09:00-04:00,2.75,8747.04,1479.0,2025-05-13T10:10:00-04:00,2.8000000000000114,8647.039999999979,1483.0,2025-05-13T10:14:00-04:00,2.799999999999997,8647.040000000008,1479.0,2025-05-13T10:10:00-04:00,2.8000000000000114,8647.039999999979,1531.0,2025-05-13T11:02:00-04:00,1.8999999999999986,10447.040000000005,1546.0,2025-05-13T11:17:00-04:00,1.9000000000000057,10447.03999999999,1547.0,2025-05-13T11:18:00-04:00,1.8500000000000085,10547.039999999985,1532.0,2025-05-13T11:03:00-04:00,2.0,10247.04,1555.0,2025-05-13T11:26:00-04:00,0.5500000000000043,13147.039999999994,2881.0,2025-05-14T09:32:00-04:00,0.6999999999999993,12847.040000000003,2882.0,2025-05-14T09:33:00-04:00,0.5000000000000009,13247.039999999999,1556.0,2025-05-13T11:27:00-04:00,1.7000000000000064,10847.039999999988,2888.0,2025-05-14T09:39:00-04:00,0.4499999999999993,13347.040000000003,2937.0,2025-05-14T10:28:00-04:00,0.39999999999999947,13447.040000000003,2938.0,2025-05-14T10:29:00-04:00,0.40000000000000036,13447.04,2889.0,2025-05-14T09:40:00-04:00,0.5,13247.04,2609
2025-05-12,2025-05-15,3,5.0,2025-05-12T09:31:00-04:00,4.950000000000017,NDXP  250515P20830000,NDXP  250515P20820000,validation,False,False,0,0,6,9,0,1568,available,False,2025-05-12T09:31:00-04:00,2025-05-15T15:34:00-04:00,0.0,9647.040000000035,26.0,last_observed_quote_not_settlement,1036.0,232,56,5.0,-352.9599999999652,2025-05-12T09:32:00-04:00,0.0,5.400000000000006,-1152.9599999999766,2025-05-12T09:33:00-04:00,0.0,5.600000000000023,-1552.9600000000107,2025-05-12T09:36:00-04:00,0.0,5.599999999999994,-1552.9599999999539,2025-05-12T09:41:00-04:00,0.0,6.699999999999989,-3752.9599999999423,2025-05-12T09:46:00-04:00,0.0,5.699999999999989,-1752.9599999999425,2025-05-12T10:01:00-04:00,0.0,6.400000000000034,-3152.9600000000332,2025-05-12T10:31:00-04:00,0.0,5.949999999999989,-2252.9599999999423,2025-05-12T11:31:00-04:00,0.0,4.650000000000006,347.04000000002344,2025-05-12T16:00:00-04:00,0.0,1.3000000000000043,7047.040000000026,2025-05-13T16:00:00-04:00,0.0,0.14999999999999858,9347.040000000039,2025-05-14T16:00:00-04:00,0.0,,,2025-05-15T15:34:00-04:00,1560.0,0.0,hit,0.0,hit,25.0,hit,25.0,hit,56.0,hit,56.0,hit,56.0,hit,3.0,hit,6.0,hit,8.0,hit,8.0,hit,78.0,hit,,never_hit,8.650000000000034,23,True,True,False,False,,8.650000000000034,51,True,True,False,False,,8.650000000000034,51,True,True,False,False,,8.650000000000034,51,True,True,False,False,,25.0,2025-05-12T09:56:00-04:00,2.799999999999983,4047.040000000069,73.0,2025-05-12T10:44:00-04:00,2.8499999999999943,3947.0400000000463,1465.0,2025-05-13T09:56:00-04:00,2.6500000000000057,4347.040000000024,26.0,2025-05-12T09:57:00-04:00,5.899999999999977,-2152.9599999999195,56.0,2025-05-12T10:27:00-04:00,0.05000000000001137,9547.040000000014,1488.0,2025-05-13T10:19:00-04:00,1.9499999999999957,5747.040000000044,1489.0,2025-05-13T10:20:00-04:00,1.8500000000000014,5947.040000000032,57.0,2025-05-12T10:28:00-04:00,6.100000000000023,-2552.9600000000105,56.0,2025-05-12T10:27:00-04:00,0.05000000000001137,9547.040000000014,2881.0,2025-05-14T09:32:00-04:00,0.9499999999999993,7747.040000000036,2882.0,2025-05-14T09:33:00-04:00,0.8000000000000043,8047.040000000026,57.0,2025-05-12T10:28:00-04:00,6.100000000000023,-2552.9600000000105,56.0,2025-05-12T10:27:00-04:00,0.05000000000001137,9547.040000000014,3063.0,2025-05-14T12:34:00-04:00,0.4499999999999993,8747.040000000037,4323.0,2025-05-15T09:34:00-04:00,0.2999999999999998,9047.040000000035,57.0,2025-05-12T10:28:00-04:00,6.100000000000023,-2552.9600000000105,2610
2025-05-12,2025-05-15,3,6.0,2025-05-12T09:31:00-04:00,6.050000000000011,NDXP  250515P20940000,NDXP  250515P20930000,validation,False,False,0,0,3,9,0,1581,available,False,2025-05-12T09:31:00-04:00,2025-05-15T15:45:00-04:00,0.0,11847.040000000025,15.0,last_observed_quote_not_settlement,1036.0,218,53,6.25,-652.9599999999766,2025-05-12T09:32:00-04:00,0.0,6.399999999999977,-952.9599999999311,2025-05-12T09:33:00-04:00,0.0,6.5,-1152.9599999999766,2025-05-12T09:36:00-04:00,0.0,6.800000000000011,-1752.9599999999994,2025-05-12T09:41:00-04:00,0.0,,,2025-05-12T09:45:00-04:00,60.0,6.900000000000034,-1952.9600000000448,2025-05-12T10:01:00-04:00,0.0,6.399999999999977,-952.9599999999311,2025-05-12T10:31:00-04:00,0.0,6.800000000000011,-1752.9599999999994,2025-05-12T11:31:00-04:00,0.0,5.349999999999994,1147.0400000000348,2025-05-12T16:00:00-04:00,0.0,2.0,7847.040000000024,2025-05-13T16:00:00-04:00,0.0,0.9500000000000011,9947.040000000023,2025-05-14T16:00:00-04:00,0.0,,,2025-05-15T15:45:00-04:00,900.0,39.0,hit,39.0,hit,39.0,hit,1484.0,hit,1567.0,hit,3007.0,hit,4349.0,hit,6.0,hit,8.0,hit,8.0,hit,8.0,hit,8.0,hit,8.0,hit,9.900000000000034,218,True,True,True,True,,9.900000000000034,218,True,True,True,True,,9.900000000000034,218,True,True,True,True,,9.900000000000034,218,True,True,True,True,,1486.0,2025-05-13T10:17:00-04:00,2.9000000000000057,6047.040000000012,1487.0,2025-05-13T10:18:00-04:00,2.6500000000000057,6547.040000000012,1488.0,2025-05-13T10:19:00-04:00,2.75,6347.040000000024,1487.0,2025-05-13T10:18:00-04:00,2.6500000000000057,6547.040000000012,1570.0,2025-05-13T11:41:00-04:00,1.75,8347.040000000025,1630.0,2025-05-13T12:41:00-04:00,1.8999999999999986,8047.040000000026,1631.0,2025-05-13T12:42:00-04:00,1.8499999999999943,8147.0400000000345,1571.0,2025-05-13T11:42:00-04:00,2.200000000000003,7447.040000000018,3008.0,2025-05-14T11:39:00-04:00,0.9499999999999993,9947.040000000026,3039.0,2025-05-14T12:10:00-04:00,0.9000000000000057,10047.040000000014,3062.0,2025-05-14T12:33:00-04:00,0.8000000000000025,10247.040000000019,3009.0,2025-05-14T11:40:00-04:00,1.0500000000000007,9747.040000000023,4351.0,2025-05-15T10:02:00-04:00,0.39999999999999947,11047.040000000025,4356.0,2025-05-15T10:07:00-04:00,0.39999999999999947,11047.040000000025,4357.0,2025-05-15T10:08:00-04:00,0.39999999999999947,11047.040000000025,4352.0,2025-05-15T10:03:00-04:00,0.5,10847.040000000025,2611
2025-05-12,2025-05-15,3,7.0,2025-05-12T09:31:00-04:00,6.949999999999989,NDXP  250515P20950000,NDXP  250515P20940000,validation,False,False,0,0,0,6,0,1587,available,False,2025-05-12T09:31:00-04:00,2025-05-15T15:48:00-04:00,0.025000000000000022,13597.039999999979,12.0,last_observed_quote_not_settlement,1036.0,61,67,,,2025-05-12T09:31:00-04:00,60.0,6.399999999999977,847.0400000000234,2025-05-12T09:33:00-04:00,0.0,7.149999999999977,-652.9599999999766,2025-05-12T09:36:00-04:00,0.0,6.600000000000023,447.0399999999325,2025-05-12T09:41:00-04:00,0.0,7.199999999999932,-752.9599999998857,2025-05-12T09:46:00-04:00,0.0,6.050000000000011,1547.0399999999552,2025-05-12T10:01:00-04:00,0.0,6.5,647.0399999999779,2025-05-12T10:31:00-04:00,0.0,6.949999999999989,-252.9599999999993,2025-05-12T11:31:00-04:00,0.0,5.599999999999994,2447.0399999999895,2025-05-12T16:00:00-04:00,0.0,2.3499999999999943,8947.03999999999,2025-05-13T16:00:00-04:00,0.0,0.6499999999999986,12347.03999999998,2025-05-14T16:00:00-04:00,0.0,,,2025-05-15T15:48:00-04:00,720.0,8.0,hit,8.0,hit,29.0,hit,29.0,hit,29.0,hit,209.0,hit,4351.0,hit,6.0,hit,25.0,hit,5.0,hit,25.0,hit,25.0,hit,25.0,hit,9.649999999999977,9,True,True,True,True,,9.649999999999977,9,True,True,True,True,,9.800000000000011,61,True,True,True,True,,9.800000000000011,61,True,True,True,True,,29.0,2025-05-12T10:00:00-04:00,1.8000000000000114,10047.039999999955,1486.0,2025-05-13T10:17:00-04:00,2.799999999999997,8047.039999999984,1487.0,2025-05-13T10:18:00-04:00,2.6999999999999886,8247.04,30.0,2025-05-12T10:01:00-04:00,6.050000000000011,1547.0399999999552,29.0,2025-05-12T10:00:00-04:00,1.8000000000000114,10047.039999999955,1634.0,2025-05-13T12:45:00-04:00,1.8999999999999986,9847.03999999998,1635.0,2025-05-13T12:46:00-04:00,1.9000000000000057,9847.039999999968,30.0,2025-05-12T10:01:00-04:00,6.050000000000011,1547.0399999999552,209.0,2025-05-12T13:00:00-04:00,0.7999999999999545,12047.04000000007,3062.0,2025-05-14T12:33:00-04:00,0.8499999999999943,11947.03999999999,3063.0,2025-05-14T12:34:00-04:00,0.8500000000000014,11947.039999999975,210.0,2025-05-12T13:01:00-04:00,6.100000000000023,1447.0399999999324,4369.0,2025-05-15T10:20:00-04:00,0.39999999999999947,12847.039999999979,4370.0,2025-05-15T10:21:00-04:00,0.34999999999999964,12947.039999999979,4375.0,2025-05-15T10:26:00-04:00,0.39999999999999947,12847.039999999979,4370.0,2025-05-15T10:21:00-04:00,0.34999999999999964,12947.039999999979,2612
2025-05-13,2025-05-15,2,5.0,2025-05-13T09:31:00-04:00,5.0,NDXP  250515P20910000,NDXP  250515P20900000,validation,False,False,0,0,12,60,0,1118,available,False,2025-05-13T09:31:00-04:00,2025-05-15T15:41:00-04:00,0.05000000000000002,9647.040000000003,19.0,last_observed_quote_not_settlement,1036.0,0,0,4.5,747.0400000000006,2025-05-13T09:32:00-04:00,0.0,4.499999999999972,747.0400000000575,2025-05-13T09:33:00-04:00,0.0,3.5999999999999943,2547.0400000000122,2025-05-13T09:36:00-04:00,0.0,2.3499999999999943,5047.040000000012,2025-05-13T09:41:00-04:00,0.0,4.0,1747.0400000000006,2025-05-13T09:46:00-04:00,0.0,3.299999999999983,3147.040000000035,2025-05-13T10:01:00-04:00,0.0,2.549999999999997,4647.040000000006,2025-05-13T10:31:00-04:00,0.0,2.0999999999999943,5547.040000000012,2025-05-13T11:31:00-04:00,0.0,2.1000000000000085,5547.039999999984,2025-05-13T16:00:00-04:00,0.0,0.5,8747.04,2025-05-14T16:00:00-04:00,0.0,,,2025-05-15T15:41:00-04:00,1140.0,,,,,0.0,hit,0.0,hit,5.0,hit,10.0,hit,23.0,hit,1446.0,hit,1829.0,hit,,never_hit,,never_hit,,never_hit,,never_hit,,never_hit,,never_hit,5.0,0,False,False,False,False,,5.0,0,False,False,False,False,,5.0,0,False,False,False,False,,5.0,0,False,False,False,False,,10.0,2025-05-13T09:41:00-04:00,2.3499999999999943,5047.040000000012,44.0,2025-05-13T10:15:00-04:00,2.549999999999997,4647.040000000006,45.0,2025-05-13T10:16:00-04:00,2.6999999999999886,4347.040000000024,11.0,2025-05-13T09:42:00-04:00,3.8999999999999915,1947.0400000000177,23.0,2025-05-13T09:54:00-04:00,1.4499999999999886,6847.040000000024,138.0,2025-05-13T11:49:00-04:00,1.9499999999999957,5847.040000000009,148.0,2025-05-13T11:59:00-04:00,1.8500000000000085,6047.039999999984,24.0,2025-05-13T09:55:00-04:00,3.5999999999999943,2547.0400000000122,1556.0,2025-05-14T11:27:00-04:00,0.9499999999999993,7847.040000000002,1567.0,2025-05-14T11:38:00-04:00,0.8999999999999986,7947.040000000004,1568.0,2025-05-14T11:39:00-04:00,0.9499999999999993,7847.040000000002,1557.0,2025-05-14T11:28:00-04:00,1.0,7747.040000000001,1834.0,2025-05-14T16:05:00-04:00,0.34999999999999787,9047.040000000006,2911.0,2025-05-15T10:02:00-04:00,0.2999999999999998,9147.040000000003,2912.0,2025-05-15T10:03:00-04:00,0.40000000000000036,8947.04,1835.0,2025-05-14T16:06:00-04:00,0.7000000000000011,8347.039999999999,2613
2025-05-13,2025-05-15,2,6.0,2025-05-13T09:31:00-04:00,5.900000000000006,NDXP  250515P20990000,NDXP  250515P20980000,validation,False,False,0,0,10,12,0,1177,available,False,2025-05-13T09:31:00-04:00,2025-05-15T15:49:00-04:00,0.024999999999999994,11497.040000000012,11.0,last_observed_quote_not_settlement,1036.0,1,2,5.300000000000011,947.0399999999893,2025-05-13T09:32:00-04:00,0.0,3.6500000000000057,4247.040000000001,2025-05-13T09:33:00-04:00,0.0,4.849999999999994,1847.0400000000234,2025-05-13T09:36:00-04:00,0.0,7.450000000000017,-3352.960000000022,2025-05-13T09:41:00-04:00,0.0,4.849999999999994,1847.0400000000234,2025-05-13T09:46:00-04:00,0.0,4.250000000000014,3047.0399999999836,2025-05-13T10:01:00-04:00,0.0,3.25,5047.040000000012,2025-05-13T10:31:00-04:00,0.0,2.700000000000003,6147.040000000006,2025-05-13T11:31:00-04:00,0.0,2.549999999999983,6447.040000000046,2025-05-13T16:00:00-04:00,0.0,1.0999999999999979,9347.040000000017,2025-05-14T16:00:00-04:00,0.0,,,2025-05-15T15:49:00-04:00,660.0,,,,,1.0,hit,2.0,hit,2.0,hit,48.0,hit,241.0,hit,1623.0,hit,2930.0,hit,10.0,hit,10.0,hit,10.0,hit,,never_hit,,never_hit,,never_hit,7.450000000000017,1,True,False,False,False,,7.450000000000017,1,True,False,False,False,,7.450000000000017,1,True,False,False,False,,7.450000000000017,1,True,False,False,False,,83.0,2025-05-13T10:54:00-04:00,2.8999999999999915,5747.040000000029,86.0,2025-05-13T10:57:00-04:00,2.9499999999999886,5647.0400000000345,87.0,2025-05-13T10:58:00-04:00,2.8999999999999915,5747.040000000029,84.0,2025-05-13T10:55:00-04:00,2.950000000000003,5647.040000000006,1440.0,2025-05-14T09:31:00-04:00,1.8000000000000043,7947.040000000004,1441.0,2025-05-14T09:32:00-04:00,1.6500000000000057,8247.04,1442.0,2025-05-14T09:33:00-04:00,1.6499999999999986,8247.040000000015,1441.0,2025-05-14T09:32:00-04:00,1.6500000000000057,8247.04,1839.0,2025-05-14T16:10:00-04:00,0.8999999999999986,9747.040000000015,1840.0,2025-05-14T16:11:00-04:00,0.9499999999999993,9647.040000000014,1844.0,2025-05-14T16:15:00-04:00,0.8999999999999986,9747.040000000015,1840.0,2025-05-14T16:11:00-04:00,0.9499999999999993,9647.040000000014,2965.0,2025-05-15T10:56:00-04:00,0.40000000000000036,10747.040000000012,2969.0,2025-05-15T11:00:00-04:00,0.39999999999999947,10747.040000000014,2970.0,2025-05-15T11:01:00-04:00,0.39999999999999947,10747.040000000014,2966.0,2025-05-15T10:57:00-04:00,0.4500000000000002,10647.040000000012,2614
2025-05-13,2025-05-15,2,7.0,2025-05-13T09:31:00-04:00,7.0499999999999545,NDXP  250515P21110000,NDXP  250515P21100000,validation,False,False,0,0,7,3,0,1189,available,False,2025-05-13T09:31:00-04:00,2025-05-15T15:53:00-04:00,0.1,13647.03999999991,7.0,last_observed_quote_not_settlement,1036.0,4,6,6.900000000000034,47.03999999984155,2025-05-13T09:32:00-04:00,0.0,6.600000000000023,647.0399999998642,2025-05-13T09:33:00-04:00,0.0,6.350000000000023,1147.0399999998642,2025-05-13T09:36:00-04:00,0.0,8.150000000000034,-2452.96000000016,2025-05-13T09:41:00-04:00,0.0,6.300000000000011,1247.039999999887,2025-05-13T09:46:00-04:00,0.0,5.400000000000006,3047.0399999998986,2025-05-13T10:01:00-04:00,0.0,4.5,4847.03999999991,2025-05-13T10:31:00-04:00,0.0,3.75,6347.03999999991,2025-05-13T11:31:00-04:00,0.0,3.8000000000000114,6247.039999999887,2025-05-13T16:00:00-04:00,0.0,1.9500000000000028,9947.039999999904,2025-05-14T16:00:00-04:00,0.0,,,2025-05-15T15:53:00-04:00,420.0,,,,,18.0,hit,18.0,hit,18.0,hit,18.0,hit,23.0,hit,123.0,hit,123.0,hit,8.0,hit,10.0,hit,0.0,hit,10.0,hit,,never_hit,,never_hit,8.150000000000034,3,True,True,False,False,,8.150000000000034,4,True,True,False,False,,8.150000000000034,4,True,True,False,False,,8.150000000000034,4,True,True,False,False,,18.0,2025-05-13T09:49:00-04:00,2.4999999999999716,8847.039999999968,123.0,2025-05-13T11:34:00-04:00,0.20000000000000284,13447.039999999904,1442.0,2025-05-14T09:33:00-04:00,2.700000000000003,8447.039999999904,19.0,2025-05-13T09:50:00-04:00,6.349999999999994,1147.039999999921,23.0,2025-05-13T09:54:00-04:00,1.9499999999999886,9947.039999999934,1624.0,2025-05-14T12:35:00-04:00,1.8500000000000014,10147.039999999908,1625.0,2025-05-14T12:36:00-04:00,1.9499999999999957,9947.039999999919,24.0,2025-05-13T09:55:00-04:00,5.25,3347.03999999991,123.0,2025-05-13T11:34:00-04:00,0.20000000000000284,13447.039999999904,2981.0,2025-05-15T11:12:00-04:00,0.9000000000000021,12047.039999999906,2982.0,2025-05-15T11:13:00-04:00,0.9000000000000004,12047.03999999991,124.0,2025-05-13T11:35:00-04:00,3.799999999999997,6247.039999999915,123.0,2025-05-13T11:34:00-04:00,0.20000000000000284,13447.039999999904,3016.0,2025-05-15T11:47:00-04:00,0.39999999999999947,13047.039999999912,3017.0,2025-05-15T11:48:00-04:00,0.40000000000000036,13047.03999999991,124.0,2025-05-13T11:35:00-04:00,3.799999999999997,6247.039999999915,2615
2025-05-13,2025-05-16,3,5.0,2025-05-13T09:31:00-04:00,5.0,NDXP  250516P20890000,NDXP  250516P20880000,validation,False,False,0,0,61,33,0,1458,available,False,2025-05-13T09:31:00-04:00,2025-05-16T15:40:00-04:00,0.025000000000000022,9697.04,20.0,last_observed_quote_not_settlement,1036.0,3,5,5.349999999999994,-952.959999999988,2025-05-13T09:32:00-04:00,0.0,5.0,-252.9599999999993,2025-05-13T09:33:00-04:00,0.0,3.9000000000000057,1947.0399999999893,2025-05-13T09:36:00-04:00,0.0,3.950000000000017,1847.0399999999665,2025-05-13T09:41:00-04:00,0.0,3.8999999999999773,1947.0400000000461,2025-05-13T09:46:00-04:00,0.0,3.5999999999999943,2547.0400000000122,2025-05-13T10:01:00-04:00,0.0,2.6999999999999886,4347.040000000024,2025-05-13T10:31:00-04:00,0.0,2.0999999999999943,5547.040000000012,2025-05-13T11:31:00-04:00,0.0,2.1499999999999915,5447.040000000018,2025-05-13T16:00:00-04:00,0.0,1.6499999999999986,6447.040000000004,2025-05-14T16:00:00-04:00,0.0,0.4499999999999993,8847.040000000003,2025-05-15T16:00:00-04:00,0.0,,,2025-05-16T15:40:00-04:00,1200.0,0.0,hit,0.0,hit,4.0,hit,27.0,hit,28.0,hit,105.0,hit,260.0,hit,17.0,hit,17.0,hit,,never_hit,,never_hit,,never_hit,,never_hit,6.099999999999994,2,False,False,False,False,,6.099999999999994,2,False,False,False,False,,6.099999999999994,2,False,False,False,False,,6.099999999999994,2,False,False,False,False,,27.0,2025-05-13T09:58:00-04:00,2.8000000000000114,4147.039999999978,28.0,2025-05-13T09:59:00-04:00,1.5499999999999972,6647.040000000006,29.0,2025-05-13T10:00:00-04:00,2.5999999999999943,4547.040000000012,28.0,2025-05-13T09:59:00-04:00,1.5499999999999972,6647.040000000006,28.0,2025-05-13T09:59:00-04:00,1.5499999999999972,6647.040000000006,191.0,2025-05-13T12:42:00-04:00,1.9499999999999957,5847.040000000009,195.0,2025-05-13T12:46:00-04:00,1.8999999999999986,5947.040000000004,29.0,2025-05-13T10:00:00-04:00,2.5999999999999943,4547.040000000012,105.0,2025-05-13T11:16:00-04:00,0.8000000000000114,8147.039999999978,2969.0,2025-05-15T11:00:00-04:00,0.6999999999999993,8347.040000000003,2983.0,2025-05-15T11:14:00-04:00,0.9000000000000057,7947.039999999989,106.0,2025-05-13T11:17:00-04:00,2.5999999999999943,4547.040000000012,298.0,2025-05-13T14:29:00-04:00,0.0,9747.04,2973.0,2025-05-15T11:04:00-04:00,0.09999999999999787,9547.040000000006,3091.0,2025-05-15T13:02:00-04:00,0.40000000000000036,8947.04,299.0,2025-05-13T14:30:00-04:00,2.0,5747.040000000001,2616
2025-05-13,2025-05-16,3,6.0,2025-05-13T09:31:00-04:00,6.049999999999983,NDXP  250516P21030000,NDXP  250516P21020000,validation,False,False,0,0,45,14,0,1517,available,False,2025-05-13T09:31:00-04:00,2025-05-16T15:49:00-04:00,0.0,11847.039999999968,11.0,last_observed_quote_not_settlement,1036.0,9,15,4.700000000000017,2447.0399999999327,2025-05-13T09:32:00-04:00,0.0,,,2025-05-13T09:32:00-04:00,60.0,5.0,1847.0399999999665,2025-05-13T09:36:00-04:00,0.0,5.349999999999994,1147.039999999978,2025-05-13T09:41:00-04:00,0.0,5.849999999999994,147.03999999997797,2025-05-13T09:46:00-04:00,0.0,5.25,1347.0399999999665,2025-05-13T10:01:00-04:00,0.0,4.150000000000006,3547.0399999999554,2025-05-13T10:31:00-04:00,0.0,1.9000000000000057,8047.039999999955,2025-05-13T11:31:00-04:00,0.0,4.900000000000006,2047.0399999999554,2025-05-13T16:00:00-04:00,0.0,1.9500000000000028,7947.039999999961,2025-05-14T16:00:00-04:00,0.0,1.0,9847.039999999968,2025-05-15T16:00:00-04:00,0.0,,,2025-05-16T15:49:00-04:00,660.0,1.0,hit,1.0,hit,7.0,hit,27.0,hit,58.0,hit,131.0,hit,1470.0,hit,152.0,hit,152.0,hit,152.0,hit,1442.0,hit,,never_hit,,never_hit,6.049999999999983,0,False,False,False,False,,6.049999999999983,0,False,False,False,False,,6.049999999999983,0,False,False,False,False,,8.949999999999989,3,True,True,False,False,,27.0,2025-05-13T09:58:00-04:00,2.8000000000000114,6247.039999999944,58.0,2025-05-13T10:29:00-04:00,1.4000000000000057,9047.039999999955,92.0,2025-05-13T11:03:00-04:00,2.0,7847.039999999966,28.0,2025-05-13T09:59:00-04:00,3.5500000000000114,4747.039999999944,58.0,2025-05-13T10:29:00-04:00,1.4000000000000057,9047.039999999955,121.0,2025-05-13T11:32:00-04:00,1.9000000000000057,8047.039999999955,122.0,2025-05-13T11:33:00-04:00,1.2999999999999972,9247.039999999974,59.0,2025-05-13T10:30:00-04:00,4.400000000000006,3047.0399999999554,131.0,2025-05-13T11:42:00-04:00,0.75,10347.039999999968,3015.0,2025-05-15T11:46:00-04:00,0.8000000000000007,10247.039999999966,3016.0,2025-05-15T11:47:00-04:00,0.8000000000000007,10247.039999999966,132.0,2025-05-13T11:43:00-04:00,2.9499999999999886,5947.039999999989,1470.0,2025-05-14T10:01:00-04:00,0.0,11847.039999999968,4347.0,2025-05-16T09:58:00-04:00,0.3500000000000001,11147.039999999966,4348.0,2025-05-16T09:59:00-04:00,0.34999999999999964,11147.039999999968,1471.0,2025-05-14T10:02:00-04:00,2.75,6347.039999999966,2617
2025-05-13,2025-05-16,3,7.0,2025-05-13T09:31:00-04:00,6.900000000000034,NDXP  250516P21120000,NDXP  250516P21110000,validation,False,False,0,0,12,25,0,1541,available,False,2025-05-13T09:31:00-04:00,2025-05-16T15:49:00-04:00,0.0,13547.04000000007,11.0,last_observed_quote_not_settlement,1036.0,25,36,4.650000000000034,4247.040000000001,2025-05-13T09:32:00-04:00,0.0,6.399999999999977,747.0400000001143,2025-05-13T09:33:00-04:00,0.0,6.099999999999966,1347.040000000137,2025-05-13T09:36:00-04:00,0.0,5.899999999999977,1747.0400000001143,2025-05-13T09:41:00-04:00,0.0,5.900000000000006,1747.0400000000575,2025-05-13T09:46:00-04:00,0.0,6.099999999999994,1347.0400000000802,2025-05-13T10:01:00-04:00,0.0,5.150000000000006,3247.0400000000577,2025-05-13T10:31:00-04:00,0.0,4.150000000000034,5247.040000000001,2025-05-13T11:31:00-04:00,0.0,2.5999999999999943,8347.04000000008,2025-05-13T16:00:00-04:00,0.0,0.8500000000000085,11847.040000000054,2025-05-14T16:00:00-04:00,0.0,1.6000000000000014,10347.040000000066,2025-05-15T16:00:00-04:00,0.0,,,2025-05-16T15:49:00-04:00,660.0,1.0,hit,1.0,hit,29.0,hit,81.0,hit,102.0,hit,1828.0,hit,3226.0,hit,13.0,hit,13.0,hit,13.0,hit,13.0,hit,,never_hit,,never_hit,8.25,2,True,True,False,False,,8.25,3,True,True,False,False,,8.650000000000006,25,True,True,False,False,,8.650000000000006,25,True,True,False,False,,81.0,2025-05-13T10:52:00-04:00,2.8499999999999943,7847.04000000008,181.0,2025-05-13T12:32:00-04:00,2.450000000000017,8647.040000000035,182.0,2025-05-13T12:33:00-04:00,2.5999999999999943,8347.04000000008,82.0,2025-05-13T10:53:00-04:00,3.3499999999999943,6847.04000000008,102.0,2025-05-13T11:13:00-04:00,1.6500000000000057,10247.040000000059,1489.0,2025-05-14T10:20:00-04:00,1.2000000000000028,11147.040000000065,1490.0,2025-05-14T10:21:00-04:00,1.2000000000000028,11147.040000000065,103.0,2025-05-13T11:14:00-04:00,3.75,6047.040000000069,1828.0,2025-05-14T15:59:00-04:00,0.6000000000000085,12347.040000000054,1829.0,2025-05-14T16:00:00-04:00,0.8500000000000085,11847.040000000054,4343.0,2025-05-16T09:54:00-04:00,0.9499999999999993,11647.040000000072,1829.0,2025-05-14T16:00:00-04:00,0.8500000000000085,11847.040000000054,3226.0,2025-05-15T15:17:00-04:00,0.05000000000000426,13447.04000000006,4450.0,2025-05-16T11:41:00-04:00,0.40000000000000036,12747.04000000007,4451.0,2025-05-16T11:42:00-04:00,0.3250000000000002,12897.04000000007,3227.0,2025-05-15T15:18:00-04:00,2.8500000000000014,7847.040000000066,2618
2025-05-14,2025-05-16,2,5.0,2025-05-14T09:31:00-04:00,5.0,NDXP  250516P21250000,NDXP  250516P21240000,validation,False,False,0,0,20,17,0,1152,available,False,2025-05-14T09:31:00-04:00,2025-05-16T15:52:00-04:00,5.551115123125783e-17,9747.04,8.0,last_observed_quote_not_settlement,1036.0,175,173,4.599999999999994,547.040000000012,2025-05-14T09:32:00-04:00,0.0,4.700000000000017,347.0399999999666,2025-05-14T09:33:00-04:00,0.0,3.5,2747.040000000001,2025-05-14T09:36:00-04:00,0.0,6.700000000000017,-3652.9600000000332,2025-05-14T09:41:00-04:00,0.0,6.699999999999989,-3652.9599999999764,2025-05-14T09:46:00-04:00,0.0,4.550000000000011,647.0399999999779,2025-05-14T10:01:00-04:00,0.0,6.599999999999994,-3452.9599999999878,2025-05-14T10:31:00-04:00,0.0,8.400000000000006,-7052.960000000013,2025-05-14T11:31:00-04:00,0.0,3.8000000000000114,2147.039999999978,2025-05-14T16:00:00-04:00,0.0,3.3500000000000085,3047.0399999999836,2025-05-15T16:00:00-04:00,0.0,,,2025-05-16T15:52:00-04:00,480.0,,,,,0.0,hit,0.0,hit,4.0,hit,4.0,hit,11.0,hit,43.0,hit,1638.0,hit,6.0,hit,6.0,hit,6.0,hit,52.0,hit,52.0,hit,1510.0,hit,5.299999999999983,1,False,False,False,False,,7.400000000000006,6,True,False,False,False,,7.400000000000006,14,True,False,False,False,,9.700000000000017,152,True,True,True,True,,4.0,2025-05-14T09:35:00-04:00,2.6999999999999886,4347.040000000024,22.0,2025-05-14T09:53:00-04:00,2.75,4247.040000000001,55.0,2025-05-14T10:26:00-04:00,2.3000000000000114,5147.039999999978,5.0,2025-05-14T09:36:00-04:00,3.5,2747.040000000001,11.0,2025-05-14T09:42:00-04:00,1.5,6747.040000000001,1571.0,2025-05-15T11:42:00-04:00,1.9000000000000057,5947.039999999989,1572.0,2025-05-15T11:43:00-04:00,1.9000000000000057,5947.039999999989,12.0,2025-05-14T09:43:00-04:00,6.100000000000023,-2452.9600000000446,43.0,2025-05-14T10:14:00-04:00,0.799999999999983,8147.0400000000345,3104.0,2025-05-16T13:15:00-04:00,0.9000000000000004,7947.04,3105.0,2025-05-16T13:16:00-04:00,0.8000000000000007,8147.04,44.0,2025-05-14T10:15:00-04:00,5.599999999999994,-1452.959999999988,1722.0,2025-05-15T14:13:00-04:00,0.3499999999999943,9047.040000000014,3164.0,2025-05-16T14:15:00-04:00,0.3999999999999999,8947.04,3171.0,2025-05-16T14:22:00-04:00,0.3999999999999999,8947.04,,,,,2619
2025-05-14,2025-05-16,2,6.0,2025-05-14T09:31:00-04:00,6.0,NDXP  250516P21380000,NDXP  250516P21370000,validation,False,False,0,0,5,24,0,1156,available,False,2025-05-14T09:31:00-04:00,2025-05-16T15:57:00-04:00,0.30000000000000004,11147.040000000003,3.0,last_observed_quote_not_settlement,1036.0,373,291,6.0,-252.9599999999993,2025-05-14T09:32:00-04:00,0.0,4.650000000000006,2447.0399999999895,2025-05-14T09:33:00-04:00,0.0,6.25,-752.9599999999994,2025-05-14T09:36:00-04:00,0.0,5.550000000000011,647.0399999999779,2025-05-14T09:41:00-04:00,0.0,6.100000000000023,-452.9600000000448,2025-05-14T09:46:00-04:00,0.0,6.199999999999989,-652.9599999999766,2025-05-14T10:01:00-04:00,0.0,3.5,4747.040000000001,2025-05-14T10:31:00-04:00,0.0,5.349999999999994,1047.040000000012,2025-05-14T11:31:00-04:00,0.0,5.200000000000017,1347.0399999999665,2025-05-14T16:00:00-04:00,0.0,,,2025-05-15T15:59:00-04:00,60.0,,,2025-05-16T15:57:00-04:00,180.0,,,,,2.0,hit,2.0,hit,7.0,hit,7.0,hit,7.0,hit,64.0,hit,3188.0,hit,9.0,hit,9.0,hit,9.0,hit,11.0,hit,63.0,hit,147.0,hit,6.300000000000011,2,False,False,False,False,,6.300000000000011,2,False,False,False,False,,9.050000000000011,27,True,True,True,True,,9.900000000000006,371,True,True,True,True,,7.0,2025-05-14T09:38:00-04:00,1.700000000000017,8347.039999999968,8.0,2025-05-14T09:39:00-04:00,2.5,6747.040000000001,1614.0,2025-05-15T12:25:00-04:00,2.9000000000000057,5947.039999999989,8.0,2025-05-14T09:39:00-04:00,2.5,6747.040000000001,7.0,2025-05-14T09:38:00-04:00,1.700000000000017,8347.039999999968,3109.0,2025-05-16T13:20:00-04:00,1.8500000000000014,8047.039999999998,3239.0,2025-05-16T15:30:00-04:00,1.75,8247.04,8.0,2025-05-14T09:39:00-04:00,2.5,6747.040000000001,64.0,2025-05-14T10:35:00-04:00,0.700000000000017,10347.039999999968,3248.0,2025-05-16T15:39:00-04:00,0.6500000000000004,10447.04,3249.0,2025-05-16T15:40:00-04:00,0.7999999999999989,10147.040000000005,65.0,2025-05-14T10:36:00-04:00,2.8000000000000114,6147.039999999978,3188.0,2025-05-16T14:39:00-04:00,0.25,11247.04,3266.0,2025-05-16T15:57:00-04:00,0.30000000000000004,11147.040000000003,,,,,,,,,2620
2025-05-14,2025-05-16,2,7.0,2025-05-14T09:31:00-04:00,7.0,NDXP  250516P21470000,NDXP  250516P21460000,validation,False,False,0,0,1,38,0,1159,available,False,2025-05-14T09:31:00-04:00,2025-05-16T16:00:00-04:00,10.0,-6152.96,0.0,last_observed_quote_not_settlement,1036.0,578,229,7.0,-252.9599999999993,2025-05-14T09:32:00-04:00,0.0,6.7999999999999545,147.04000000009165,2025-05-14T09:33:00-04:00,0.0,6.399999999999977,947.0400000000461,2025-05-14T09:36:00-04:00,0.0,6.699999999999989,347.04000000002344,2025-05-14T09:41:00-04:00,0.0,7.099999999999966,-452.9599999999311,2025-05-14T09:46:00-04:00,0.0,7.2000000000000455,-652.9600000000903,2025-05-14T10:01:00-04:00,0.0,6.5,747.0400000000006,2025-05-14T10:31:00-04:00,0.0,8.199999999999989,-2652.959999999978,2025-05-14T11:31:00-04:00,0.0,6.400000000000034,947.0399999999324,2025-05-14T16:00:00-04:00,0.0,,,2025-05-15T15:59:00-04:00,60.0,10.0,-6152.96,2025-05-16T16:00:00-04:00,0.0,,,,,65.0,hit,65.0,hit,65.0,hit,65.0,hit,85.0,hit,85.0,hit,,never_hit,59.0,hit,80.0,hit,0.0,hit,80.0,hit,98.0,hit,98.0,hit,7.5,27,True,False,False,False,,8.699999999999989,38,True,True,False,False,,8.699999999999989,38,True,True,False,False,,,,True,True,True,False,6.349999999999966,65.0,2025-05-14T10:36:00-04:00,2.6999999999999886,8347.040000000025,,,,,,,,,66.0,2025-05-14T10:37:00-04:00,7.100000000000023,-452.9600000000448,85.0,2025-05-14T10:56:00-04:00,0.6500000000000341,12447.039999999934,,,,,,,,,86.0,2025-05-14T10:57:00-04:00,6.400000000000034,947.0399999999324,85.0,2025-05-14T10:56:00-04:00,0.6500000000000341,12447.039999999934,,,,,,,,,86.0,2025-05-14T10:57:00-04:00,6.400000000000034,947.0399999999324,,,,,,,,,,,,,,,,,2621
2025-05-16,2025-05-19,3,5.0,2025-05-16T09:31:00-04:00,5.050000000000011,NDXP  250519P21380000,NDXP  250519P21370000,validation,False,False,0,0,0,2,0,788,available,False,2025-05-16T09:31:00-04:00,2025-05-19T15:56:00-04:00,0.09999999999999998,9647.040000000023,4.0,last_observed_quote_not_settlement,3916.0,272,65,4.099999999999994,1647.0400000000348,2025-05-16T09:32:00-04:00,0.0,5.0,-152.95999999997656,2025-05-16T09:33:00-04:00,0.0,5.050000000000011,-252.9599999999993,2025-05-16T09:36:00-04:00,0.0,5.0,-152.95999999997656,2025-05-16T09:41:00-04:00,0.0,4.899999999999977,47.04000000006892,2025-05-16T09:46:00-04:00,0.0,5.399999999999977,-952.9599999999311,2025-05-16T10:01:00-04:00,0.0,5.5,-1152.9599999999766,2025-05-16T10:31:00-04:00,0.0,5.249999999999972,-652.9599999999198,2025-05-16T11:31:00-04:00,0.0,3.6000000000000085,2647.0400000000063,2025-05-16T16:00:00-04:00,0.0,,,2025-05-16T16:15:00-04:00,85500.0,,,2025-05-16T16:15:00-04:00,171900.0,,,2025-05-19T15:56:00-04:00,240.0,0.0,hit,1.0,hit,321.0,hit,4527.0,hit,4537.0,hit,4700.0,hit,4700.0,hit,12.0,hit,71.0,hit,4320.0,hit,4321.0,hit,4323.0,hit,,never_hit,9.350000000000009,271,True,True,True,True,,9.350000000000009,271,True,True,True,True,,9.350000000000009,272,True,True,True,True,,9.350000000000009,272,True,True,True,True,,4528.0,2025-05-19T12:59:00-04:00,2.8999999999999986,4047.0400000000263,4531.0,2025-05-19T13:02:00-04:00,2.650000000000002,4547.040000000019,4532.0,2025-05-19T13:03:00-04:00,2.5,4847.040000000024,4529.0,2025-05-19T13:00:00-04:00,2.9999999999999964,3847.0400000000304,4537.0,2025-05-19T13:08:00-04:00,1.7999999999999972,6247.040000000029,4538.0,2025-05-19T13:09:00-04:00,1.7499999999999982,6347.040000000027,4539.0,2025-05-19T13:10:00-04:00,1.6999999999999993,6447.0400000000245,4538.0,2025-05-19T13:09:00-04:00,1.7499999999999982,6347.040000000027,4700.0,2025-05-19T15:51:00-04:00,0.42500000000000004,8997.040000000025,4701.0,2025-05-19T15:52:00-04:00,0.575,8697.040000000025,4702.0,2025-05-19T15:53:00-04:00,0.5249999999999999,8797.040000000023,4701.0,2025-05-19T15:52:00-04:00,0.575,8697.040000000025,4700.0,2025-05-19T15:51:00-04:00,0.42500000000000004,8997.040000000025,4705.0,2025-05-19T15:56:00-04:00,0.09999999999999998,9647.040000000023,,,,,4701.0,2025-05-19T15:52:00-04:00,0.575,8697.040000000025,2622
2025-05-16,2025-05-19,3,6.0,2025-05-16T09:31:00-04:00,6.0,NDXP  250519P21530000,NDXP  250519P21520000,validation,False,False,0,0,0,36,0,758,available,False,2025-05-16T09:31:00-04:00,2025-05-19T16:00:00-04:00,10.0,-8152.96,0.0,last_observed_quote_not_settlement,3916.0,700,42,,,2025-05-16T09:31:00-04:00,60.0,6.75,-1752.9599999999994,2025-05-16T09:33:00-04:00,0.0,,,2025-05-16T09:35:00-04:00,60.0,9.900000000000006,-8052.960000000013,2025-05-16T09:41:00-04:00,0.0,7.2000000000000455,-2652.96000000009,2025-05-16T09:46:00-04:00,0.0,7.75,-3752.959999999999,2025-05-16T10:01:00-04:00,0.0,7.700000000000017,-3652.9600000000332,2025-05-16T10:31:00-04:00,0.0,7.5,-3252.959999999999,2025-05-16T11:31:00-04:00,0.0,6.050000000000011,-352.96000000002203,2025-05-16T16:00:00-04:00,0.0,,,2025-05-16T16:15:00-04:00,85500.0,,,2025-05-16T16:15:00-04:00,171900.0,10.0,-8152.96,2025-05-19T16:00:00-04:00,0.0,21.0,hit,187.0,hit,,never_hit,,never_hit,,never_hit,,never_hit,,never_hit,2.0,hit,4.0,hit,4.0,hit,4.0,hit,10.0,hit,10.0,hit,,,True,True,True,False,1.9500000000000455,,,True,True,True,False,1.9500000000000455,,,True,True,True,False,1.9500000000000455,,,True,True,True,False,1.9500000000000455,,,,,,,,,,,,,,,,,,,,,,,,,,,,,,,,,,,,,,,,,,,,,,,,,,,,,,,,,,,,,,,,,2623
2025-05-16,2025-05-19,3,7.0,2025-05-16T09:31:00-04:00,7.100000000000023,NDXP  250519P21550000,NDXP  250519P21540000,validation,False,False,0,0,0,37,0,757,available,False,2025-05-16T09:31:00-04:00,2025-05-19T16:00:00-04:00,10.0,-5952.959999999955,0.0,last_observed_quote_not_settlement,3916.0,638,93,7.399999999999977,-852.9599999999084,2025-05-16T09:32:00-04:00,0.0,7.250000000000028,-552.9600000000107,2025-05-16T09:33:00-04:00,0.0,7.399999999999977,-852.9599999999084,2025-05-16T09:36:00-04:00,0.0,7.399999999999977,-852.9599999999084,2025-05-16T09:41:00-04:00,0.0,7.750000000000028,-1552.9600000000107,2025-05-16T09:46:00-04:00,0.0,7.75,-1552.9599999999539,2025-05-16T10:01:00-04:00,0.0,8.049999999999983,-2152.9599999999214,2025-05-16T10:31:00-04:00,0.0,7.800000000000011,-1652.9599999999766,2025-05-16T11:31:00-04:00,0.0,6.75,447.0400000000462,2025-05-16T16:00:00-04:00,0.0,,,2025-05-16T16:15:00-04:00,85500.0,,,2025-05-16T16:15:00-04:00,171900.0,10.0,-5952.959999999955,2025-05-19T16:00:00-04:00,0.0,254.0,hit,271.0,hit,,never_hit,,never_hit,,never_hit,,never_hit,,never_hit,3.0,hit,28.0,hit,0.0,hit,24.0,hit,28.0,hit,28.0,hit,,,True,True,True,False,2.900000000000034,,,True,True,True,False,2.900000000000034,,,True,True,True,False,2.900000000000034,,,True,True,True,False,2.900000000000034,,,,,,,,,,,,,,,,,,,,,,,,,,,,,,,,,,,,,,,,,,,,,,,,,,,,,,,,,,,,,,,,,2624
2025-05-19,2025-05-21,2,5.0,2025-05-19T09:31:00-04:00,4.900000000000006,NDXP  250521P21150000,NDXP  250521P21140000,validation,False,False,0,0,0,3,0,1197,available,False,2025-05-19T09:31:00-04:00,2025-05-21T16:00:00-04:00,10.0,-10352.959999999988,0.0,last_observed_quote_not_settlement,1036.0,69,15,4.199999999999989,1147.0400000000348,2025-05-19T09:32:00-04:00,0.0,4.049999999999983,1447.0400000000461,2025-05-19T09:33:00-04:00,0.0,4.199999999999989,1147.0400000000348,2025-05-19T09:36:00-04:00,0.0,3.4499999999999886,2647.040000000035,2025-05-19T09:41:00-04:00,0.0,3.5,2547.0400000000122,2025-05-19T09:46:00-04:00,0.0,3.25,3047.0400000000122,2025-05-19T10:01:00-04:00,0.0,3.000000000000014,3547.0399999999836,2025-05-19T10:31:00-04:00,0.0,2.799999999999997,3947.0400000000177,2025-05-19T11:31:00-04:00,0.0,1.6500000000000057,6247.040000000001,2025-05-19T16:00:00-04:00,0.0,1.3499999999999979,6847.040000000016,2025-05-20T16:00:00-04:00,0.0,10.0,-10352.959999999988,2025-05-21T16:00:00-04:00,0.0,,,,,0.0,hit,0.0,hit,6.0,hit,31.0,hit,138.0,hit,2930.0,hit,2966.0,hit,3120.0,hit,3136.0,hit,3172.0,hit,3172.0,hit,3219.0,hit,3219.0,hit,4.900000000000006,0,False,False,False,False,,4.900000000000006,0,False,False,False,False,,4.900000000000006,0,False,False,False,False,,4.900000000000006,0,False,False,False,False,,31.0,2025-05-19T10:02:00-04:00,2.9000000000000057,3747.040000000001,32.0,2025-05-19T10:03:00-04:00,2.8499999999999943,3847.0400000000236,38.0,2025-05-19T10:09:00-04:00,2.75,4047.040000000012,32.0,2025-05-19T10:03:00-04:00,2.8499999999999943,3847.0400000000236,138.0,2025-05-19T11:49:00-04:00,1.5499999999999972,6447.040000000018,209.0,2025-05-19T13:00:00-04:00,1.9499999999999957,5647.040000000021,210.0,2025-05-19T13:01:00-04:00,1.8999999999999986,5747.0400000000145,139.0,2025-05-19T11:50:00-04:00,2.450000000000003,4647.040000000006,2930.0,2025-05-21T10:21:00-04:00,0.8999999999999986,7747.0400000000145,2951.0,2025-05-21T10:42:00-04:00,0.9499999999999993,7647.040000000014,2962.0,2025-05-21T10:53:00-04:00,0.75,8047.040000000012,2931.0,2025-05-21T10:22:00-04:00,1.0,7547.040000000012,2970.0,2025-05-21T11:01:00-04:00,0.4499999999999993,8647.040000000014,2974.0,2025-05-21T11:05:00-04:00,0.35000000000000053,8847.040000000012,2975.0,2025-05-21T11:06:00-04:00,0.34999999999999964,8847.040000000014,2971.0,2025-05-21T11:02:00-04:00,0.4500000000000002,8647.040000000012,2625
2025-05-19,2025-05-21,2,6.0,2025-05-19T09:31:00-04:00,6.000000000000057,NDXP  250521P21350000,NDXP  250521P21340000,validation,False,False,0,0,0,16,0,1184,available,False,2025-05-19T09:31:00-04:00,2025-05-21T16:00:00-04:00,3.6499999999999773,4447.04000000016,0.0,last_observed_quote_not_settlement,1036.0,166,23,6.449999999999989,-1152.959999999863,2025-05-19T09:32:00-04:00,0.0,6.650000000000006,-1552.959999999897,2025-05-19T09:33:00-04:00,0.0,6.249999999999972,-752.9599999998288,2025-05-19T09:36:00-04:00,0.0,5.75,247.04000000011436,2025-05-19T09:41:00-04:00,0.0,5.450000000000017,847.0400000000802,2025-05-19T09:46:00-04:00,0.0,5.300000000000011,1147.0400000000916,2025-05-19T10:01:00-04:00,0.0,4.850000000000023,2047.040000000069,2025-05-19T10:31:00-04:00,0.0,4.650000000000006,2447.040000000103,2025-05-19T11:31:00-04:00,0.0,3.4000000000000057,4947.040000000103,2025-05-19T16:00:00-04:00,0.0,4.0,3747.0400000001146,2025-05-20T16:00:00-04:00,0.0,3.6499999999999773,4447.04000000016,2025-05-21T16:00:00-04:00,0.0,,,,,14.0,hit,18.0,hit,131.0,hit,138.0,hit,2911.0,hit,3077.0,hit,,never_hit,2.0,hit,1479.0,hit,1479.0,hit,1479.0,hit,3118.0,hit,3154.0,hit,6.650000000000006,6,False,False,False,False,,8.25,35,True,True,False,False,,8.25,36,True,True,False,False,,,,True,True,True,False,5.150000000000057,138.0,2025-05-19T11:49:00-04:00,2.450000000000017,6847.04000000008,2978.0,2025-05-21T11:09:00-04:00,2.400000000000002,6947.04000000011,2979.0,2025-05-21T11:10:00-04:00,2.3000000000000007,7147.040000000113,139.0,2025-05-19T11:50:00-04:00,4.599999999999994,2547.040000000126,2911.0,2025-05-21T10:02:00-04:00,1.7000000000000028,8347.04000000011,2995.0,2025-05-21T11:26:00-04:00,1.8999999999999986,7947.040000000117,2996.0,2025-05-21T11:27:00-04:00,1.6499999999999968,8447.040000000121,2912.0,2025-05-21T10:03:00-04:00,5.200000000000003,1347.0400000001086,3078.0,2025-05-21T12:49:00-04:00,0.9000000000000004,9947.040000000114,3079.0,2025-05-21T12:50:00-04:00,0.9000000000000004,9947.040000000114,3080.0,2025-05-21T12:51:00-04:00,0.8499999999999996,10047.040000000115,3079.0,2025-05-21T12:50:00-04:00,0.9000000000000004,9947.040000000114,,,,,,,,,,,,,,,,,2626
2025-05-19,2025-05-21,2,7.0,2025-05-19T09:31:00-04:00,6.899999999999977,NDXP  250521P21410000,NDXP  250521P21400000,validation,False,False,0,0,0,19,0,1181,available,False,2025-05-19T09:31:00-04:00,2025-05-21T16:00:00-04:00,10.0,-6352.9600000000455,0.0,last_observed_quote_not_settlement,1036.0,228,55,7.100000000000023,-652.9600000000903,2025-05-19T09:32:00-04:00,0.0,7.099999999999909,-652.9599999998629,2025-05-19T09:33:00-04:00,0.0,7.4500000000000455,-1352.9600000001358,2025-05-19T09:36:00-04:00,0.0,6.400000000000006,747.0399999999438,2025-05-19T09:41:00-04:00,0.0,6.099999999999994,1347.0399999999665,2025-05-19T09:46:00-04:00,0.0,6.0,1547.0399999999552,2025-05-19T10:01:00-04:00,0.0,8.150000000000034,-2752.9600000001146,2025-05-19T10:31:00-04:00,0.0,5.0499999999999545,3447.0400000000463,2025-05-19T11:31:00-04:00,0.0,4.0,5547.039999999955,2025-05-19T16:00:00-04:00,0.0,5.400000000000006,2747.039999999944,2025-05-20T16:00:00-04:00,0.0,10.0,-6352.9600000000455,2025-05-21T16:00:00-04:00,0.0,,,,,31.0,hit,31.0,hit,31.0,hit,3023.0,hit,3077.0,hit,,never_hit,,never_hit,5.0,hit,60.0,hit,1.0,hit,60.0,hit,3112.0,hit,3120.0,hit,8.950000000000017,101,True,True,False,False,,8.950000000000017,101,True,True,False,False,,,,True,True,True,False,4.999999999999979,,,True,True,True,False,4.999999999999979,3023.0,2025-05-21T11:54:00-04:00,2.9499999999999993,7647.039999999956,3024.0,2025-05-21T11:55:00-04:00,2.9499999999999993,7647.039999999956,3039.0,2025-05-21T12:10:00-04:00,2.3999999999999986,8747.039999999959,3024.0,2025-05-21T11:55:00-04:00,2.9499999999999993,7647.039999999956,3077.0,2025-05-21T12:48:00-04:00,1.8999999999999986,9747.039999999959,3081.0,2025-05-21T12:52:00-04:00,1.9000000000000021,9747.039999999952,,,,,3078.0,2025-05-21T12:49:00-04:00,1.9500000000000028,9647.03999999995,,,,,,,,,,,,,,,,,,,,,,,,,,,,,,,,,2627
2025-05-19,2025-05-22,3,5.0,2025-05-19T09:31:00-04:00,5.0,NDXP  250522P21190000,NDXP  250522P21180000,validation,False,False,0,0,0,4,0,1600,available,False,2025-05-19T09:31:00-04:00,2025-05-22T16:00:00-04:00,10.0,-10152.96,0.0,last_observed_quote_not_settlement,1036.0,215,63,4.899999999999977,-52.959999999953816,2025-05-19T09:32:00-04:00,0.0,4.549999999999983,647.0400000000348,2025-05-19T09:33:00-04:00,0.0,4.75,247.04000000000067,2025-05-19T09:36:00-04:00,0.0,4.0,1747.0400000000006,2025-05-19T09:41:00-04:00,0.0,3.950000000000017,1847.0399999999665,2025-05-19T09:46:00-04:00,0.0,3.6499999999999773,2447.0400000000463,2025-05-19T10:01:00-04:00,0.0,2.8000000000000114,4147.039999999978,2025-05-19T10:31:00-04:00,0.0,3.299999999999997,3147.0400000000063,2025-05-19T11:31:00-04:00,0.0,2.200000000000017,5347.039999999966,2025-05-19T16:00:00-04:00,0.0,3.8999999999999986,1947.0400000000036,2025-05-20T16:00:00-04:00,0.0,6.550000000000011,-3352.960000000022,2025-05-21T16:00:00-04:00,0.0,10.0,-10152.96,2025-05-22T16:00:00-04:00,0.0,0.0,hit,0.0,hit,10.0,hit,47.0,hit,2941.0,hit,2941.0,hit,2941.0,hit,3118.0,hit,3120.0,hit,3136.0,hit,4704.0,hit,4704.0,hit,4705.0,hit,5.0,0,False,False,False,False,,5.050000000000011,1,False,False,False,False,,5.050000000000011,1,False,False,False,False,,5.050000000000011,1,False,False,False,False,,47.0,2025-05-19T10:18:00-04:00,2.8499999999999943,4047.040000000012,130.0,2025-05-19T11:41:00-04:00,2.9000000000000057,3947.0399999999895,131.0,2025-05-19T11:42:00-04:00,2.8000000000000114,4147.039999999978,48.0,2025-05-19T10:19:00-04:00,3.0,3747.040000000001,2941.0,2025-05-21T10:32:00-04:00,0.29999999999999716,9147.040000000008,2978.0,2025-05-21T11:09:00-04:00,1.6999999999999993,6347.040000000002,2979.0,2025-05-21T11:10:00-04:00,1.6999999999999957,6347.040000000009,2942.0,2025-05-21T10:33:00-04:00,5.099999999999994,-452.95999999998793,2941.0,2025-05-21T10:32:00-04:00,0.29999999999999716,9147.040000000008,4678.0,2025-05-22T15:29:00-04:00,0.9499999999999993,7847.040000000002,4679.0,2025-05-22T15:30:00-04:00,0.8999999999999999,7947.04,2942.0,2025-05-21T10:33:00-04:00,5.099999999999994,-452.95999999998793,2941.0,2025-05-21T10:32:00-04:00,0.29999999999999716,9147.040000000008,,,,,,,,,2942.0,2025-05-21T10:33:00-04:00,5.099999999999994,-452.95999999998793,2628
2025-05-19,2025-05-22,3,6.0,2025-05-19T09:31:00-04:00,6.0,NDXP  250522P21350000,NDXP  250522P21340000,validation,False,False,0,0,0,18,0,1586,available,False,2025-05-19T09:31:00-04:00,2025-05-22T15:57:00-04:00,10.0,-8152.96,3.0,last_observed_quote_not_settlement,1036.0,519,47,6.199999999999989,-652.9599999999766,2025-05-19T09:32:00-04:00,0.0,6.149999999999977,-552.9599999999539,2025-05-19T09:33:00-04:00,0.0,5.849999999999909,47.04000000018261,2025-05-19T09:36:00-04:00,0.0,5.599999999999966,547.0400000000689,2025-05-19T09:41:00-04:00,0.0,5.400000000000006,947.0399999999893,2025-05-19T09:46:00-04:00,0.0,5.349999999999994,1047.040000000012,2025-05-19T10:01:00-04:00,0.0,5.300000000000011,1147.039999999978,2025-05-19T10:31:00-04:00,0.0,4.550000000000011,2647.039999999978,2025-05-19T11:31:00-04:00,0.0,3.6000000000000085,4547.039999999984,2025-05-19T16:00:00-04:00,0.0,4.200000000000017,3347.0399999999668,2025-05-20T16:00:00-04:00,0.0,8.399999999999977,-5052.9599999999555,2025-05-21T16:00:00-04:00,0.0,,,2025-05-22T15:57:00-04:00,180.0,11.0,hit,18.0,hit,131.0,hit,138.0,hit,138.0,hit,3098.0,hit,,never_hit,1773.0,hit,2941.0,hit,2941.0,hit,2942.0,hit,2942.0,hit,4369.0,hit,6.199999999999989,5,False,False,False,False,,6.199999999999989,5,False,False,False,False,,9.0,13,True,True,True,True,,,,True,True,True,False,5.299999999999997,138.0,2025-05-19T11:49:00-04:00,1.8499999999999943,8047.040000000012,3039.0,2025-05-21T12:10:00-04:00,2.75,6247.040000000001,3040.0,2025-05-21T12:11:00-04:00,2.8499999999999943,6047.040000000012,139.0,2025-05-19T11:50:00-04:00,4.5,2747.040000000001,138.0,2025-05-19T11:49:00-04:00,1.8499999999999943,8047.040000000012,3099.0,2025-05-21T13:10:00-04:00,1.3999999999999915,8947.040000000019,,,,,139.0,2025-05-19T11:50:00-04:00,4.5,2747.040000000001,3098.0,2025-05-21T13:09:00-04:00,0.7000000000000028,10347.039999999995,,,,,,,,,3099.0,2025-05-21T13:10:00-04:00,1.3999999999999915,8947.040000000019,,,,,,,,,,,,,,,,,2629
2025-05-19,2025-05-22,3,7.0,2025-05-19T09:31:00-04:00,7.0,NDXP  250522P21660000,NDXP  250522P21650000,validation,False,False,0,0,1,65,0,1535,available,False,2025-05-19T09:31:00-04:00,2025-05-22T16:00:00-04:00,5.7000000000000455,2347.03999999991,0.0,last_observed_quote_not_settlement,1037.0,1328,130,8.399999999999977,-3052.9599999999555,2025-05-19T09:32:00-04:00,0.0,7.699999999999875,-1652.9599999997492,2025-05-19T09:33:00-04:00,0.0,,,2025-05-19T09:35:00-04:00,60.0,8.149999999999977,-2552.9599999999555,2025-05-19T09:41:00-04:00,0.0,7.949999999999989,-2152.9599999999764,2025-05-19T09:46:00-04:00,0.0,7.900000000000034,-2052.9600000000673,2025-05-19T10:01:00-04:00,0.0,7.7999999999999545,-1852.9599999999084,2025-05-19T10:31:00-04:00,0.0,7.5,-1252.9599999999994,2025-05-19T11:31:00-04:00,0.0,8.499999999999943,-3252.9599999998873,2025-05-19T16:00:00-04:00,0.0,7.7999999999999545,-1852.9599999999084,2025-05-20T16:00:00-04:00,0.0,9.899999999999977,-6052.9599999999555,2025-05-21T16:00:00-04:00,0.0,5.7000000000000455,2347.03999999991,2025-05-22T16:00:00-04:00,0.0,17.0,hit,17.0,hit,211.0,hit,240.0,hit,,never_hit,,never_hit,,never_hit,1.0,hit,1.0,hit,0.0,hit,1.0,hit,4.0,hit,4.0,hit,9.849999999999966,180,True,True,True,True,,,,True,True,True,False,4.449999999999989,,,True,True,True,False,4.449999999999989,,,True,True,True,False,4.449999999999989,240.0,2025-05-19T13:31:00-04:00,2.8999999999999773,7947.040000000046,,,,,,,,,241.0,2025-05-19T13:32:00-04:00,4.5499999999999545,4647.040000000092,,,,,,,,,,,,,,,,,,,,,,,,,,,,,,,,,,,,,,,,,,,,,,,,,2630
2025-05-20,2025-05-22,2,5.0,2025-05-20T09:31:00-04:00,5.0,NDXP  250522P21420000,NDXP  250522P21410000,validation,False,False,0,0,0,35,0,1164,available,False,2025-05-20T09:31:00-04:00,2025-05-22T16:00:00-04:00,9.350000000000023,-8952.960000000046,0.0,last_observed_quote_not_settlement,1036.0,947,56,5.099999999999966,-452.9599999999311,2025-05-20T09:32:00-04:00,0.0,5.699999999999989,-1652.9599999999766,2025-05-20T09:33:00-04:00,0.0,4.900000000000006,-52.96000000001066,2025-05-20T09:36:00-04:00,0.0,5.399999999999977,-1052.9599999999539,2025-05-20T09:41:00-04:00,0.0,5.349999999999994,-952.959999999988,2025-05-20T09:46:00-04:00,0.0,6.699999999999989,-3652.9599999999764,2025-05-20T10:01:00-04:00,0.0,6.049999999999983,-2352.959999999965,2025-05-20T10:31:00-04:00,0.0,5.75,-1752.9599999999994,2025-05-20T11:31:00-04:00,0.0,4.900000000000034,-52.9600000000675,2025-05-20T16:00:00-04:00,0.0,8.600000000000023,-7452.960000000046,2025-05-21T16:00:00-04:00,0.0,9.350000000000023,-8952.960000000046,2025-05-22T16:00:00-04:00,0.0,,,,,0.0,hit,0.0,hit,269.0,hit,1658.0,hit,1658.0,hit,1658.0,hit,1658.0,hit,2.0,hit,17.0,hit,17.0,hit,63.0,hit,176.0,hit,176.0,hit,9.75,444,True,True,True,True,,9.75,444,True,True,True,True,,9.75,444,True,True,True,True,,9.75,444,True,True,True,True,,1658.0,2025-05-21T13:09:00-04:00,0.45000000000001705,8847.039999999968,,,,,,,,,1659.0,2025-05-21T13:10:00-04:00,7.199999999999989,-4652.959999999976,1658.0,2025-05-21T13:09:00-04:00,0.45000000000001705,8847.039999999968,,,,,,,,,1659.0,2025-05-21T13:10:00-04:00,7.199999999999989,-4652.959999999976,1658.0,2025-05-21T13:09:00-04:00,0.45000000000001705,8847.039999999968,,,,,,,,,1659.0,2025-05-21T13:10:00-04:00,7.199999999999989,-4652.959999999976,,,,,,,,,,,,,,,,,2631
2025-05-20,2025-05-22,2,6.0,2025-05-20T09:31:00-04:00,6.0,NDXP  250522P21410000,NDXP  250522P21400000,validation,False,False,0,0,0,35,0,1164,available,False,2025-05-20T09:31:00-04:00,2025-05-22T16:00:00-04:00,10.0,-8152.96,0.0,last_observed_quote_not_settlement,1036.0,588,72,5.500000000000028,747.0399999999438,2025-05-20T09:32:00-04:00,0.0,5.149999999999977,1447.0400000000461,2025-05-20T09:33:00-04:00,0.0,5.650000000000006,447.03999999998933,2025-05-20T09:36:00-04:00,0.0,5.400000000000034,947.0399999999324,2025-05-20T09:41:00-04:00,0.0,5.349999999999994,1047.040000000012,2025-05-20T09:46:00-04:00,0.0,6.599999999999994,-1452.959999999988,2025-05-20T10:01:00-04:00,0.0,5.650000000000006,447.03999999998933,2025-05-20T10:31:00-04:00,0.0,5.099999999999994,1547.040000000012,2025-05-20T11:31:00-04:00,0.0,4.849999999999966,2047.040000000069,2025-05-20T16:00:00-04:00,0.0,9.399999999999977,-7052.9599999999555,2025-05-21T16:00:00-04:00,0.0,10.0,-8152.96,2025-05-22T16:00:00-04:00,0.0,,,,,2.0,hit,8.0,hit,176.0,hit,176.0,hit,1658.0,hit,,never_hit,,never_hit,30.0,hit,40.0,hit,40.0,hit,42.0,hit,305.0,hit,305.0,hit,8.600000000000023,6,True,True,False,False,,9.850000000000023,89,True,True,True,True,,,,True,True,True,False,4.050000000000011,,,True,True,True,False,4.050000000000011,176.0,2025-05-20T12:27:00-04:00,2.5,6747.040000000001,,,,,,,,,177.0,2025-05-20T12:28:00-04:00,5.300000000000011,1147.039999999978,1658.0,2025-05-21T13:09:00-04:00,1.9499999999999886,7847.040000000024,,,,,,,,,1659.0,2025-05-21T13:10:00-04:00,4.800000000000011,2147.039999999978,,,,,,,,,,,,,,,,,,,,,,,,,,,,,,,,,2632
2025-05-20,2025-05-22,2,7.0,2025-05-20T09:31:00-04:00,6.899999999999977,NDXP  250522P21570000,NDXP  250522P21560000,validation,False,False,0,0,0,36,0,1161,available,False,2025-05-20T09:31:00-04:00,2025-05-22T15:59:00-04:00,10.0,-6352.9600000000455,1.0,last_observed_quote_not_settlement,1036.0,968,79,7.100000000000023,-652.9600000000903,2025-05-20T09:32:00-04:00,0.0,7.0,-452.9600000000448,2025-05-20T09:33:00-04:00,0.0,7.300000000000011,-1052.9600000000676,2025-05-20T09:36:00-04:00,0.0,7.199999999999989,-852.9600000000221,2025-05-20T09:41:00-04:00,0.0,7.25,-952.9600000000448,2025-05-20T09:46:00-04:00,0.0,5.350000000000023,2847.03999999991,2025-05-20T10:01:00-04:00,0.0,7.449999999999989,-1352.960000000022,2025-05-20T10:31:00-04:00,0.0,7.199999999999989,-852.9600000000221,2025-05-20T11:31:00-04:00,0.0,7.849999999999994,-2152.9600000000332,2025-05-20T16:00:00-04:00,0.0,8.700000000000045,-3852.9600000001374,2025-05-21T16:00:00-04:00,0.0,,,2025-05-22T15:59:00-04:00,60.0,,,,,30.0,hit,1535.0,hit,,never_hit,,never_hit,,never_hit,,never_hit,,never_hit,17.0,hit,17.0,hit,1.0,hit,17.0,hit,200.0,hit,1684.0,hit,,,True,True,True,False,2.749999999999943,,,True,True,True,False,2.749999999999943,,,True,True,True,False,2.749999999999943,,,True,True,True,False,2.749999999999943,,,,,,,,,,,,,,,,,,,,,,,,,,,,,,,,,,,,,,,,,,,,,,,,,,,,,,,,,,,,,,,,,2633
2025-05-20,2025-05-23,3,5.0,2025-05-20T09:31:00-04:00,4.950000000000017,NDXP  250523P21440000,NDXP  250523P21430000,validation,False,False,0,0,0,81,0,1523,available,False,2025-05-20T09:31:00-04:00,2025-05-23T15:59:00-04:00,10.0,-10252.959999999965,1.0,last_observed_quote_not_settlement,1036.0,1298,50,5.199999999999989,-752.9599999999425,2025-05-20T09:32:00-04:00,0.0,5.199999999999989,-752.9599999999425,2025-05-20T09:33:00-04:00,0.0,5.600000000000023,-1552.9600000000107,2025-05-20T09:36:00-04:00,0.0,5.550000000000011,-1452.959999999988,2025-05-20T09:41:00-04:00,0.0,5.350000000000023,-1052.9600000000107,2025-05-20T09:46:00-04:00,0.0,4.800000000000011,47.04000000001208,2025-05-20T10:01:00-04:00,0.0,5.349999999999994,-1052.9599999999539,2025-05-20T10:31:00-04:00,0.0,5.400000000000006,-1152.9599999999766,2025-05-20T11:31:00-04:00,0.0,5.250000000000028,-852.9600000000221,2025-05-20T16:00:00-04:00,0.0,7.300000000000011,-4952.959999999988,2025-05-21T16:00:00-04:00,0.0,8.100000000000023,-6552.960000000013,2025-05-22T16:00:00-04:00,0.0,,,2025-05-23T15:59:00-04:00,60.0,0.0,hit,0.0,hit,1455.0,hit,1455.0,hit,4383.0,hit,4383.0,hit,4383.0,hit,4.0,hit,17.0,hit,17.0,hit,64.0,hit,1483.0,hit,1516.0,hit,8.799999999999983,389,True,True,False,False,,10.0,1083,True,True,True,True,,10.0,1083,True,True,True,True,,10.0,1083,True,True,True,True,,1455.0,2025-05-21T09:46:00-04:00,2.5999999999999943,4447.040000000046,,,,,,,,,1456.0,2025-05-21T09:47:00-04:00,6.350000000000023,-3052.9600000000105,4383.0,2025-05-23T10:34:00-04:00,0.1999999999999318,9247.040000000172,,,,,,,,,4384.0,2025-05-23T10:35:00-04:00,9.899999999999977,-10152.959999999921,4383.0,2025-05-23T10:34:00-04:00,0.1999999999999318,9247.040000000172,,,,,,,,,4384.0,2025-05-23T10:35:00-04:00,9.899999999999977,-10152.959999999921,4383.0,2025-05-23T10:34:00-04:00,0.1999999999999318,9247.040000000172,,,,,,,,,4384.0,2025-05-23T10:35:00-04:00,9.899999999999977,-10152.959999999921,2634
2025-05-20,2025-05-23,3,6.0,2025-05-20T09:31:00-04:00,6.0,NDXP  250523P21490000,NDXP  250523P21480000,validation,False,False,0,0,0,57,0,1547,available,False,2025-05-20T09:31:00-04:00,2025-05-23T16:00:00-04:00,8.050000000000068,-4352.960000000137,0.0,last_observed_quote_not_settlement,1038.0,1214,128,6.949999999999989,-2152.9599999999764,2025-05-20T09:32:00-04:00,0.0,6.400000000000034,-1052.9600000000676,2025-05-20T09:33:00-04:00,0.0,6.100000000000023,-452.9600000000448,2025-05-20T09:36:00-04:00,0.0,7.400000000000006,-3052.9600000000105,2025-05-20T09:41:00-04:00,0.0,6.25,-752.9599999999994,2025-05-20T09:46:00-04:00,0.0,3.099999999999966,5547.040000000069,2025-05-20T10:01:00-04:00,0.0,6.400000000000034,-1052.9600000000676,2025-05-20T10:31:00-04:00,0.0,7.699999999999989,-3652.9599999999764,2025-05-20T11:31:00-04:00,0.0,6.449999999999989,-1152.9599999999766,2025-05-20T16:00:00-04:00,0.0,6.0,-252.9599999999993,2025-05-21T16:00:00-04:00,0.0,7.099999999999909,-2452.9599999998172,2025-05-22T16:00:00-04:00,0.0,8.050000000000068,-4352.960000000137,2025-05-23T16:00:00-04:00,0.0,30.0,hit,30.0,hit,30.0,hit,302.0,hit,,never_hit,,never_hit,,never_hit,1.0,hit,8.0,hit,8.0,hit,124.0,hit,383.0,hit,383.0,hit,8.75,174,True,True,False,False,,,,True,True,True,False,3.0,,,True,True,True,False,3.0,,,True,True,True,False,3.0,,,,,,,,,,,,,,,,,,,,,,,,,,,,,,,,,,,,,,,,,,,,,,,,,,,,,,,,,,,,,,,,,2635
2025-05-20,2025-05-23,3,7.0,2025-05-20T09:31:00-04:00,6.800000000000011,NDXP  250523P21580000,NDXP  250523P21570000,validation,False,False,0,0,0,85,0,1519,available,False,2025-05-20T09:31:00-04:00,2025-05-23T16:00:00-04:00,10.0,-6552.959999999977,0.0,last_observed_quote_not_settlement,1036.0,1182,203,6.5,347.04000000002344,2025-05-20T09:32:00-04:00,0.0,6.649999999999977,47.04000000006892,2025-05-20T09:33:00-04:00,0.0,6.4500000000000455,447.0399999999325,2025-05-20T09:36:00-04:00,0.0,6.75,-152.95999999997656,2025-05-20T09:41:00-04:00,0.0,7.25,-1152.9599999999766,2025-05-20T09:46:00-04:00,0.0,,,2025-05-20T10:00:00-04:00,60.0,6.699999999999989,-52.959999999953816,2025-05-20T10:31:00-04:00,0.0,6.600000000000023,147.03999999997797,2025-05-20T11:31:00-04:00,0.0,,,2025-05-20T15:59:00-04:00,60.0,9.800000000000011,-6252.960000000001,2025-05-21T16:00:00-04:00,0.0,,,2025-05-22T15:59:00-04:00,60.0,10.0,-6552.959999999977,2025-05-23T16:00:00-04:00,0.0,57.0,hit,57.0,hit,57.0,hit,57.0,hit,,never_hit,,never_hit,,never_hit,39.0,hit,39.0,hit,12.0,hit,39.0,hit,72.0,hit,72.0,hit,8.199999999999989,27,True,True,False,False,,,,True,True,True,False,4.4500000000000455,,,True,True,True,False,4.4500000000000455,,,True,True,True,False,4.4500000000000455,57.0,2025-05-20T10:28:00-04:00,2.8999999999999773,7547.040000000069,,,,,,,,,58.0,2025-05-20T10:29:00-04:00,7.149999999999977,-952.9599999999311,,,,,,,,,,,,,,,,,,,,,,,,,,,,,,,,,,,,,,,,,,,,,,,,,2636
2025-05-21,2025-05-23,2,5.0,2025-05-21T09:31:00-04:00,4.949999999999989,NDXP  250523P21370000,NDXP  250523P21360000,validation,False,False,0,0,1,91,0,1108,available,False,2025-05-21T09:31:00-04:00,2025-05-23T16:00:00-04:00,7.099999999999966,-4552.959999999954,0.0,last_observed_quote_not_settlement,1038.0,846,52,5.400000000000034,-1152.9600000000903,2025-05-21T09:32:00-04:00,0.0,5.850000000000023,-2052.9600000000673,2025-05-21T09:33:00-04:00,0.0,5.750000000000028,-1852.960000000079,2025-05-21T09:36:00-04:00,0.0,5.649999999999977,-1652.9599999999766,2025-05-21T09:41:00-04:00,0.0,5.550000000000011,-1452.9600000000448,2025-05-21T09:46:00-04:00,0.0,5.25,-852.9600000000221,2025-05-21T10:01:00-04:00,0.0,4.549999999999983,547.040000000012,2025-05-21T10:31:00-04:00,0.0,3.5999999999999943,2447.0399999999895,2025-05-21T11:31:00-04:00,0.0,,,2025-05-21T15:59:00-04:00,60.0,8.050000000000011,-6452.960000000046,2025-05-22T16:00:00-04:00,0.0,7.099999999999966,-4552.959999999954,2025-05-23T16:00:00-04:00,0.0,,,,,0.0,hit,0.0,hit,57.0,hit,,never_hit,,never_hit,,never_hit,,never_hit,2.0,hit,234.0,hit,235.0,hit,266.0,hit,327.0,hit,336.0,hit,,,True,True,True,False,1.9000000000000057,,,True,True,True,False,1.9000000000000057,,,True,True,True,False,1.9000000000000057,,,True,True,True,False,1.9000000000000057,,,,,,,,,,,,,,,,,,,,,,,,,,,,,,,,,,,,,,,,,,,,,,,,,,,,,,,,,,,,,,,,,2637
2025-05-21,2025-05-23,2,6.0,2025-05-21T09:31:00-04:00,6.050000000000011,NDXP  250523P21380000,NDXP  250523P21370000,validation,False,False,0,0,0,68,0,1131,available,False,2025-05-21T09:31:00-04:00,2025-05-23T15:59:00-04:00,10.0,-8052.959999999977,1.0,last_observed_quote_not_settlement,1036.0,768,101,5.099999999999966,1647.0400000000916,2025-05-21T09:32:00-04:00,0.0,5.0,1847.0400000000234,2025-05-21T09:33:00-04:00,0.0,5.349999999999994,1147.0400000000348,2025-05-21T09:36:00-04:00,0.0,5.25,1347.0400000000234,2025-05-21T09:41:00-04:00,0.0,5.399999999999977,1047.0400000000689,2025-05-21T09:46:00-04:00,0.0,5.300000000000011,1247.0400000000006,2025-05-21T10:01:00-04:00,0.0,5.100000000000023,1647.039999999978,2025-05-21T10:31:00-04:00,0.0,3.8000000000000114,4247.040000000001,2025-05-21T11:31:00-04:00,0.0,6.350000000000023,-852.9600000000221,2025-05-21T16:00:00-04:00,0.0,6.149999999999977,-452.9599999999311,2025-05-22T16:00:00-04:00,0.0,,,2025-05-23T15:59:00-04:00,60.0,,,,,1.0,hit,2.0,hit,98.0,hit,1488.0,hit,1488.0,hit,1488.0,hit,1488.0,hit,4.0,hit,4.0,hit,4.0,hit,6.0,hit,337.0,hit,337.0,hit,10.0,171,True,True,True,True,,10.0,171,True,True,True,True,,10.0,171,True,True,True,True,,10.0,171,True,True,True,True,,1488.0,2025-05-22T10:19:00-04:00,0.04999999999998295,11747.040000000059,1489.0,2025-05-22T10:20:00-04:00,1.5999999999999943,8647.040000000035,,,,,1489.0,2025-05-22T10:20:00-04:00,1.5999999999999943,8647.040000000035,1488.0,2025-05-22T10:19:00-04:00,0.04999999999998295,11747.040000000059,1489.0,2025-05-22T10:20:00-04:00,1.5999999999999943,8647.040000000035,,,,,1489.0,2025-05-22T10:20:00-04:00,1.5999999999999943,8647.040000000035,1488.0,2025-05-22T10:19:00-04:00,0.04999999999998295,11747.040000000059,,,,,,,,,1489.0,2025-05-22T10:20:00-04:00,1.5999999999999943,8647.040000000035,1488.0,2025-05-22T10:19:00-04:00,0.04999999999998295,11747.040000000059,,,,,,,,,1489.0,2025-05-22T10:20:00-04:00,1.5999999999999943,8647.040000000035,2638
2025-05-21,2025-05-23,2,7.0,2025-05-21T09:31:00-04:00,7.099999999999966,NDXP  250523P21470000,NDXP  250523P21460000,validation,False,False,0,0,0,38,0,1161,available,False,2025-05-21T09:31:00-04:00,2025-05-23T15:59:00-04:00,10.0,-5952.960000000068,1.0,last_observed_quote_not_settlement,1037.0,935,78,7.649999999999977,-1352.960000000022,2025-05-21T09:32:00-04:00,0.0,8.0,-2052.960000000069,2025-05-21T09:33:00-04:00,0.0,7.000000000000057,-52.96000000018119,2025-05-21T09:36:00-04:00,0.0,8.25,-2552.960000000069,2025-05-21T09:41:00-04:00,0.0,8.549999999999983,-3152.960000000035,2025-05-21T09:46:00-04:00,0.0,8.150000000000006,-2352.9600000000805,2025-05-21T10:01:00-04:00,0.0,7.349999999999994,-752.9600000000562,2025-05-21T10:31:00-04:00,0.0,4.749999999999972,4447.039999999989,2025-05-21T11:31:00-04:00,0.0,8.75,-3552.960000000069,2025-05-21T16:00:00-04:00,0.0,8.600000000000023,-3252.9600000001146,2025-05-22T16:00:00-04:00,0.0,,,2025-05-23T15:59:00-04:00,60.0,,,,,31.0,hit,31.0,hit,31.0,hit,59.0,hit,59.0,hit,59.0,hit,,never_hit,1.0,hit,4.0,hit,0.0,hit,2.0,hit,302.0,hit,351.0,hit,8.650000000000006,42,True,True,False,False,,8.650000000000006,42,True,True,False,False,,8.650000000000006,42,True,True,False,False,,,,True,True,True,False,6.44999999999996,59.0,2025-05-21T10:30:00-04:00,0.6500000000000057,12647.039999999923,,,,,,,,,60.0,2025-05-21T10:31:00-04:00,7.349999999999994,-752.9600000000562,59.0,2025-05-21T10:30:00-04:00,0.6500000000000057,12647.039999999923,,,,,,,,,60.0,2025-05-21T10:31:00-04:00,7.349999999999994,-752.9600000000562,59.0,2025-05-21T10:30:00-04:00,0.6500000000000057,12647.039999999923,,,,,,,,,60.0,2025-05-21T10:31:00-04:00,7.349999999999994,-752.9600000000562,,,,,,,,,,,,,,,,,2639
2025-05-27,2025-05-29,2,5.0,2025-05-27T09:31:00-04:00,5.099999999999994,NDXP  250529P21300000,NDXP  250529P21290000,validation,False,False,0,0,2,0,0,1197,available,False,2025-05-27T09:31:00-04:00,2025-05-29T15:57:00-04:00,0.22499999999999998,9497.03999999999,3.0,last_observed_quote_not_settlement,1036.0,33,21,6.350000000000023,-2752.960000000056,2025-05-27T09:32:00-04:00,0.0,5.600000000000023,-1252.9600000000562,2025-05-27T09:33:00-04:00,0.0,5.350000000000023,-752.9600000000562,2025-05-27T09:36:00-04:00,0.0,5.599999999999994,-1252.9599999999994,2025-05-27T09:41:00-04:00,0.0,5.400000000000006,-852.9600000000221,2025-05-27T09:46:00-04:00,0.0,4.800000000000011,347.0399999999666,2025-05-27T10:01:00-04:00,0.0,4.25,1447.0399999999893,2025-05-27T10:31:00-04:00,0.0,4.25,1447.0399999999893,2025-05-27T11:31:00-04:00,0.0,3.450000000000017,3047.0399999999554,2025-05-27T16:00:00-04:00,0.0,4.849999999999994,247.04000000000067,2025-05-28T16:00:00-04:00,0.0,,,2025-05-29T15:57:00-04:00,180.0,,,,,0.0,hit,6.0,hit,20.0,hit,20.0,hit,2880.0,hit,2880.0,hit,3091.0,hit,1.0,hit,1.0,hit,1688.0,hit,,never_hit,,never_hit,,never_hit,6.75,18,False,False,False,False,,7.25,26,True,False,False,False,,7.25,26,True,False,False,False,,7.25,27,True,False,False,False,,20.0,2025-05-27T09:51:00-04:00,2.200000000000017,5547.039999999955,1447.0,2025-05-28T09:38:00-04:00,2.8999999999999915,4147.040000000006,1448.0,2025-05-28T09:39:00-04:00,2.799999999999997,4347.039999999995,21.0,2025-05-27T09:52:00-04:00,5.400000000000006,-852.9600000000221,2880.0,2025-05-29T09:31:00-04:00,0.8500000000000014,8247.039999999988,2881.0,2025-05-29T09:32:00-04:00,1.1999999999999993,7547.039999999991,2882.0,2025-05-29T09:33:00-04:00,1.3500000000000014,7247.039999999986,2881.0,2025-05-29T09:32:00-04:00,1.1999999999999993,7547.039999999991,2880.0,2025-05-29T09:31:00-04:00,0.8500000000000014,8247.039999999988,3260.0,2025-05-29T15:51:00-04:00,0.3999999999999999,9147.03999999999,3261.0,2025-05-29T15:52:00-04:00,0.6749999999999998,8597.03999999999,2881.0,2025-05-29T09:32:00-04:00,1.1999999999999993,7547.039999999991,3091.0,2025-05-29T13:02:00-04:00,0.0,9947.03999999999,,,,,,,,,3092.0,2025-05-29T13:03:00-04:00,1.5999999999999996,6747.03999999999,2640
2025-05-27,2025-05-29,2,6.0,2025-05-27T09:31:00-04:00,6.0,NDXP  250529P21380000,NDXP  250529P21370000,validation,False,False,0,0,0,0,0,1200,available,False,2025-05-27T09:31:00-04:00,2025-05-29T16:00:00-04:00,7.499999999999998,-3252.959999999996,0.0,last_observed_quote_not_settlement,1036.0,155,50,6.150000000000034,-552.9600000000676,2025-05-27T09:32:00-04:00,0.0,6.199999999999989,-652.9599999999766,2025-05-27T09:33:00-04:00,0.0,6.5,-1252.9599999999994,2025-05-27T09:36:00-04:00,0.0,6.300000000000011,-852.9600000000221,2025-05-27T09:41:00-04:00,0.0,6.400000000000034,-1052.9600000000676,2025-05-27T09:46:00-04:00,0.0,5.599999999999966,547.0400000000689,2025-05-27T10:01:00-04:00,0.0,5.099999999999994,1547.040000000012,2025-05-27T10:31:00-04:00,0.0,5.049999999999983,1647.0400000000348,2025-05-27T11:31:00-04:00,0.0,4.299999999999983,3147.040000000035,2025-05-27T16:00:00-04:00,0.0,5.599999999999994,547.040000000012,2025-05-28T16:00:00-04:00,0.0,7.499999999999998,-3252.959999999996,2025-05-29T16:00:00-04:00,0.0,,,,,32.0,hit,48.0,hit,59.0,hit,1469.0,hit,1821.0,hit,3052.0,hit,3052.0,hit,5.0,hit,1688.0,hit,1688.0,hit,3109.0,hit,3195.0,hit,3228.0,hit,6.949999999999989,21,False,False,False,False,,7.050000000000011,24,True,False,False,False,,7.950000000000017,39,True,False,False,False,,7.950000000000017,39,True,False,False,False,,1469.0,2025-05-28T10:00:00-04:00,2.450000000000003,6847.039999999995,2881.0,2025-05-29T09:32:00-04:00,1.8999999999999986,7947.040000000004,2882.0,2025-05-29T09:33:00-04:00,2.299999999999997,7147.040000000006,1470.0,2025-05-28T10:01:00-04:00,4.0,3747.040000000001,1821.0,2025-05-28T15:52:00-04:00,1.8499999999999943,8047.040000000012,2881.0,2025-05-29T09:32:00-04:00,1.8999999999999986,7947.040000000004,2885.0,2025-05-29T09:36:00-04:00,1.8999999999999986,7947.040000000004,1822.0,2025-05-28T15:53:00-04:00,5.449999999999989,847.0400000000234,3052.0,2025-05-29T12:23:00-04:00,0.3499999999999943,11047.040000000014,,,,,,,,,3053.0,2025-05-29T12:24:00-04:00,5.049999999999997,1647.0400000000063,3052.0,2025-05-29T12:23:00-04:00,0.3499999999999943,11047.040000000014,,,,,,,,,3053.0,2025-05-29T12:24:00-04:00,5.049999999999997,1647.0400000000063,2641
2025-05-27,2025-05-29,2,7.0,2025-05-27T09:31:00-04:00,6.9500000000000455,NDXP  250529P21400000,NDXP  250529P21390000,validation,False,False,0,0,1,4,0,1196,available,False,2025-05-27T09:31:00-04:00,2025-05-29T15:59:00-04:00,8.700000000000003,-3752.959999999916,1.0,last_observed_quote_not_settlement,1036.0,118,37,,,2025-05-27T09:31:00-04:00,60.0,6.800000000000011,47.04000000006892,2025-05-27T09:33:00-04:00,0.0,6.600000000000023,447.0400000000462,2025-05-27T09:36:00-04:00,0.0,6.25,1147.0400000000916,2025-05-27T09:41:00-04:00,0.0,3.3999999999999773,6847.040000000137,2025-05-27T09:46:00-04:00,0.0,5.949999999999989,1747.0400000001143,2025-05-27T10:01:00-04:00,0.0,5.400000000000006,2847.0400000000805,2025-05-27T10:31:00-04:00,0.0,5.5,2647.040000000092,2025-05-27T11:31:00-04:00,0.0,4.349999999999994,4947.040000000103,2025-05-27T16:00:00-04:00,0.0,5.75,2147.040000000092,2025-05-28T16:00:00-04:00,0.0,,,2025-05-29T15:59:00-04:00,60.0,,,,,7.0,hit,7.0,hit,15.0,hit,1688.0,hit,2880.0,hit,,never_hit,,never_hit,20.0,hit,20.0,hit,3.0,hit,20.0,hit,20.0,hit,3140.0,hit,9.400000000000034,8,True,True,True,True,,9.400000000000034,8,True,True,True,True,,,,True,True,True,False,5.350000000000048,,,True,True,True,False,5.350000000000048,2880.0,2025-05-29T09:31:00-04:00,1.5999999999999979,10447.040000000097,2881.0,2025-05-29T09:32:00-04:00,2.1500000000000057,9347.04000000008,2882.0,2025-05-29T09:33:00-04:00,2.450000000000003,8747.040000000086,2881.0,2025-05-29T09:32:00-04:00,2.1500000000000057,9347.04000000008,2880.0,2025-05-29T09:31:00-04:00,1.5999999999999979,10447.040000000097,,,,,,,,,2881.0,2025-05-29T09:32:00-04:00,2.1500000000000057,9347.04000000008,,,,,,,,,,,,,,,,,,,,,,,,,,,,,,,,,2642
2025-05-27,2025-05-30,3,5.0,2025-05-27T09:31:00-04:00,5.0,NDXP  250530P21260000,NDXP  250530P21250000,validation,False,False,0,0,2,4,0,1596,available,False,2025-05-27T09:31:00-04:00,2025-05-30T15:56:00-04:00,0.15000000000000002,9447.04,4.0,last_observed_quote_not_settlement,1036.0,175,24,4.800000000000011,147.03999999997797,2025-05-27T09:32:00-04:00,0.0,4.949999999999989,-152.95999999997656,2025-05-27T09:33:00-04:00,0.0,5.100000000000023,-452.9600000000448,2025-05-27T09:36:00-04:00,0.0,5.25,-752.9599999999994,2025-05-27T09:41:00-04:00,0.0,4.800000000000011,147.03999999997797,2025-05-27T09:46:00-04:00,0.0,4.349999999999994,1047.040000000012,2025-05-27T10:01:00-04:00,0.0,4.0,1747.0400000000006,2025-05-27T10:31:00-04:00,0.0,4.0,1747.0400000000006,2025-05-27T11:31:00-04:00,0.0,3.299999999999997,3147.0400000000063,2025-05-27T16:00:00-04:00,0.0,3.900000000000034,1947.0399999999324,2025-05-28T16:00:00-04:00,0.0,3.1000000000000014,3547.0399999999977,2025-05-29T16:00:00-04:00,0.0,,,2025-05-30T15:56:00-04:00,240.0,0.0,hit,0.0,hit,45.0,hit,1440.0,hit,2880.0,hit,2922.0,hit,2922.0,hit,29.0,hit,29.0,hit,29.0,hit,29.0,hit,4526.0,hit,4526.0,hit,8.299999999999983,12,True,True,False,False,,8.299999999999983,12,True,True,False,False,,8.299999999999983,13,True,True,False,False,,8.299999999999983,13,True,True,False,False,,1440.0,2025-05-28T09:31:00-04:00,2.8499999999999943,4047.040000000012,1441.0,2025-05-28T09:32:00-04:00,2.8499999999999943,4047.040000000012,1448.0,2025-05-28T09:39:00-04:00,2.700000000000017,4347.039999999966,1441.0,2025-05-28T09:32:00-04:00,2.8499999999999943,4047.040000000012,2880.0,2025-05-29T09:31:00-04:00,1.500000000000007,6747.039999999986,2881.0,2025-05-29T09:32:00-04:00,1.8500000000000014,6047.039999999998,2885.0,2025-05-29T09:36:00-04:00,1.8500000000000014,6047.039999999998,2881.0,2025-05-29T09:32:00-04:00,1.8500000000000014,6047.039999999998,2922.0,2025-05-29T10:13:00-04:00,0.0,9747.04,,,,,,,,,2923.0,2025-05-29T10:14:00-04:00,3.6500000000000057,2447.0399999999895,2922.0,2025-05-29T10:13:00-04:00,0.0,9747.04,,,,,,,,,2923.0,2025-05-29T10:14:00-04:00,3.6500000000000057,2447.0399999999895,2643
2025-05-27,2025-05-30,3,6.0,2025-05-27T09:31:00-04:00,6.0,NDXP  250530P21420000,NDXP  250530P21410000,validation,False,False,0,0,0,12,0,1591,available,False,2025-05-27T09:31:00-04:00,2025-05-30T15:59:00-04:00,9.299999999999997,-6852.9599999999955,1.0,last_observed_quote_not_settlement,1036.0,440,86,6.7000000000000455,-1652.9600000000903,2025-05-27T09:32:00-04:00,0.0,6.350000000000023,-952.9600000000448,2025-05-27T09:33:00-04:00,0.0,6.399999999999977,-1052.9599999999539,2025-05-27T09:36:00-04:00,0.0,6.649999999999977,-1552.9599999999539,2025-05-27T09:41:00-04:00,0.0,6.399999999999977,-1052.9599999999539,2025-05-27T09:46:00-04:00,0.0,5.7999999999999545,147.04000000009165,2025-05-27T10:01:00-04:00,0.0,5.449999999999989,847.0400000000234,2025-05-27T10:31:00-04:00,0.0,5.25,1247.0400000000006,2025-05-27T11:31:00-04:00,0.0,4.599999999999994,2547.0400000000122,2025-05-27T16:00:00-04:00,0.0,5.5,747.0400000000006,2025-05-28T16:00:00-04:00,0.0,6.0,-252.9599999999993,2025-05-29T16:00:00-04:00,0.0,,,2025-05-30T15:59:00-04:00,60.0,6.0,hit,32.0,hit,35.0,hit,1688.0,hit,,never_hit,,never_hit,,never_hit,1.0,hit,20.0,hit,20.0,hit,1821.0,hit,4339.0,hit,4411.0,hit,7.0,25,True,False,False,False,,,,True,True,True,False,3.5500000000000114,,,True,True,True,False,3.5500000000000114,,,True,True,True,False,3.5500000000000114,1688.0,2025-05-28T13:39:00-04:00,2.4499999999999886,6847.040000000024,,,,,,,,,1689.0,2025-05-28T13:40:00-04:00,4.749999999999972,2247.0400000000577,,,,,,,,,,,,,,,,,,,,,,,,,,,,,,,,,,,,,,,,,,,,,,,,,2644
2025-05-27,2025-05-30,3,7.0,2025-05-27T09:31:00-04:00,7.050000000000011,NDXP  250530P21600000,NDXP  250530P21590000,validation,False,False,0,0,0,63,0,1540,available,False,2025-05-27T09:31:00-04:00,2025-05-30T15:59:00-04:00,10.0,-6052.959999999977,1.0,last_observed_quote_not_settlement,1036.0,738,182,7.350000000000023,-852.9600000000221,2025-05-27T09:32:00-04:00,0.0,7.5,-1152.9599999999766,2025-05-27T09:33:00-04:00,0.0,7.699999999999989,-1552.9599999999539,2025-05-27T09:36:00-04:00,0.0,7.600000000000023,-1352.960000000022,2025-05-27T09:41:00-04:00,0.0,8.899999999999977,-3952.9599999999327,2025-05-27T09:46:00-04:00,0.0,7.100000000000023,-352.96000000002203,2025-05-27T10:01:00-04:00,0.0,6.75,347.04000000002344,2025-05-27T10:31:00-04:00,0.0,7.0,-152.95999999997656,2025-05-27T11:31:00-04:00,0.0,,,2025-05-27T15:58:00-04:00,120.0,7.399999999999977,-952.9599999999311,2025-05-28T16:00:00-04:00,0.0,8.150000000000006,-2452.9599999999896,2025-05-29T16:00:00-04:00,0.0,,,2025-05-30T15:59:00-04:00,60.0,61.0,hit,73.0,hit,157.0,hit,157.0,hit,157.0,hit,157.0,hit,1519.0,hit,4.0,hit,6.0,hit,0.0,hit,6.0,hit,6.0,hit,6.0,hit,9.899999999999977,65,True,True,True,True,,9.899999999999977,65,True,True,True,True,,9.899999999999977,65,True,True,True,True,,9.899999999999977,102,True,True,True,True,,157.0,2025-05-27T12:08:00-04:00,0.9500000000000455,11947.039999999934,1623.0,2025-05-28T12:34:00-04:00,2.5,8847.040000000025,,,,,158.0,2025-05-27T12:09:00-04:00,6.949999999999932,-52.95999999984013,157.0,2025-05-27T12:08:00-04:00,0.9500000000000455,11947.039999999934,,,,,,,,,158.0,2025-05-27T12:09:00-04:00,6.949999999999932,-52.95999999984013,1519.0,2025-05-28T10:50:00-04:00,0.25000000000005684,13347.03999999991,,,,,,,,,1520.0,2025-05-28T10:51:00-04:00,6.2999999999999545,1247.0400000001143,1519.0,2025-05-28T10:50:00-04:00,0.25000000000005684,13347.03999999991,,,,,,,,,1520.0,2025-05-28T10:51:00-04:00,6.2999999999999545,1247.0400000001143,2645
2025-05-28,2025-05-30,2,5.0,2025-05-28T09:31:00-04:00,5.0,NDXP  250530P21500000,NDXP  250530P21490000,validation,False,False,0,0,0,14,0,1184,available,False,2025-05-28T09:31:00-04:00,2025-05-30T15:59:00-04:00,9.700000000000017,-9652.960000000034,1.0,last_observed_quote_not_settlement,1036.0,1103,43,5.0,-252.9599999999993,2025-05-28T09:32:00-04:00,0.0,5.049999999999983,-352.9599999999652,2025-05-28T09:33:00-04:00,0.0,4.850000000000023,47.039999999955235,2025-05-28T09:36:00-04:00,0.0,4.5,747.0400000000006,2025-05-28T09:41:00-04:00,0.0,4.749999999999972,247.04000000005752,2025-05-28T09:46:00-04:00,0.0,5.300000000000011,-852.9600000000221,2025-05-28T10:01:00-04:00,0.0,5.699999999999989,-1652.9599999999766,2025-05-28T10:31:00-04:00,0.0,5.400000000000006,-1052.9600000000107,2025-05-28T11:31:00-04:00,0.0,5.899999999999977,-2052.9599999999537,2025-05-28T16:00:00-04:00,0.0,6.949999999999989,-4152.959999999976,2025-05-29T16:00:00-04:00,0.0,,,2025-05-30T15:59:00-04:00,60.0,,,,,0.0,hit,0.0,hit,350.0,hit,350.0,hit,1711.0,hit,1711.0,hit,1711.0,hit,47.0,hit,81.0,hit,248.0,hit,248.0,hit,248.0,hit,248.0,hit,9.600000000000023,329,True,True,True,True,,9.600000000000023,619,True,True,True,True,,9.600000000000023,619,True,True,True,True,,9.600000000000023,619,True,True,True,True,,1589.0,2025-05-29T12:00:00-04:00,2.4000000000000057,4947.039999999989,,,,,,,,,1590.0,2025-05-29T12:01:00-04:00,7.649999999999977,-5552.959999999954,1711.0,2025-05-29T14:02:00-04:00,0.05000000000001137,9647.039999999979,,,,,,,,,1712.0,2025-05-29T14:03:00-04:00,5.349999999999994,-952.959999999988,1711.0,2025-05-29T14:02:00-04:00,0.05000000000001137,9647.039999999979,,,,,,,,,1712.0,2025-05-29T14:03:00-04:00,5.349999999999994,-952.959999999988,1711.0,2025-05-29T14:02:00-04:00,0.05000000000001137,9647.039999999979,,,,,,,,,1712.0,2025-05-29T14:03:00-04:00,5.349999999999994,-952.959999999988,2646
2025-05-28,2025-05-30,2,6.0,2025-05-28T09:31:00-04:00,6.100000000000023,NDXP  250530P21620000,NDXP  250530P21610000,validation,False,False,0,0,1,52,0,1145,available,False,2025-05-28T09:31:00-04:00,2025-05-30T15:59:00-04:00,10.0,-7952.959999999955,1.0,last_observed_quote_not_settlement,1036.0,1005,107,6.149999999999977,-352.95999999990835,2025-05-28T09:32:00-04:00,0.0,5.9500000000000455,47.039999999955235,2025-05-28T09:33:00-04:00,0.0,6.100000000000023,-252.9599999999993,2025-05-28T09:36:00-04:00,0.0,5.5,947.0400000000461,2025-05-28T09:41:00-04:00,0.0,5.800000000000011,347.04000000002344,2025-05-28T09:46:00-04:00,0.0,6.100000000000023,-252.9599999999993,2025-05-28T10:01:00-04:00,0.0,6.599999999999966,-1252.9599999998857,2025-05-28T10:31:00-04:00,0.0,6.399999999999977,-852.9599999999084,2025-05-28T11:31:00-04:00,0.0,7.350000000000023,-2752.959999999999,2025-05-28T16:00:00-04:00,0.0,8.399999999999977,-4852.95999999991,2025-05-29T16:00:00-04:00,0.0,,,2025-05-30T15:59:00-04:00,60.0,,,,,10.0,hit,11.0,hit,39.0,hit,44.0,hit,44.0,hit,44.0,hit,124.0,hit,38.0,hit,81.0,hit,81.0,hit,112.0,hit,1585.0,hit,1585.0,hit,6.800000000000011,24,False,False,False,False,,6.800000000000011,24,False,False,False,False,,6.800000000000011,24,False,False,False,False,,8.550000000000011,89,True,True,False,False,,44.0,2025-05-28T10:15:00-04:00,0.9000000000000341,10147.039999999979,368.0,2025-05-28T15:39:00-04:00,1.099999999999966,9747.040000000115,369.0,2025-05-28T15:40:00-04:00,2.1499999999999773,7647.040000000092,45.0,2025-05-28T10:16:00-04:00,6.400000000000034,-852.9600000000221,44.0,2025-05-28T10:15:00-04:00,0.9000000000000341,10147.039999999979,368.0,2025-05-28T15:39:00-04:00,1.099999999999966,9747.040000000115,,,,,45.0,2025-05-28T10:16:00-04:00,6.400000000000034,-852.9600000000221,44.0,2025-05-28T10:15:00-04:00,0.9000000000000341,10147.039999999979,,,,,,,,,45.0,2025-05-28T10:16:00-04:00,6.400000000000034,-852.9600000000221,124.0,2025-05-28T11:35:00-04:00,0.44999999999998863,11047.04000000007,,,,,,,,,125.0,2025-05-28T11:36:00-04:00,6.699999999999989,-1452.9599999999311,2647
2025-05-28,2025-05-30,2,7.0,2025-05-28T09:31:00-04:00,7.0,NDXP  250530P21720000,NDXP  250530P21710000,validation,False,False,0,0,0,83,0,1115,available,False,2025-05-28T09:31:00-04:00,2025-05-30T15:59:00-04:00,10.0,-6152.96,1.0,last_observed_quote_not_settlement,1036.0,999,43,7.050000000000011,-352.96000000002203,2025-05-28T09:32:00-04:00,0.0,6.899999999999977,-52.959999999953816,2025-05-28T09:33:00-04:00,0.0,6.899999999999977,-52.959999999953816,2025-05-28T09:36:00-04:00,0.0,6.599999999999966,547.0400000000689,2025-05-28T09:41:00-04:00,0.0,6.849999999999966,47.04000000006892,2025-05-28T09:46:00-04:00,0.0,7.050000000000011,-352.96000000002203,2025-05-28T10:01:00-04:00,0.0,7.4500000000000455,-1152.9600000000903,2025-05-28T10:31:00-04:00,0.0,7.300000000000011,-852.9600000000221,2025-05-28T11:31:00-04:00,0.0,2.6000000000000227,8547.039999999955,2025-05-28T16:00:00-04:00,0.0,9.800000000000011,-5852.960000000024,2025-05-29T16:00:00-04:00,0.0,,,2025-05-30T15:59:00-04:00,60.0,,,,,377.0,hit,385.0,hit,385.0,hit,385.0,hit,1588.0,hit,,never_hit,,never_hit,46.0,hit,46.0,hit,0.0,hit,46.0,hit,1587.0,hit,1756.0,hit,8.949999999999989,354,True,True,False,False,,9.249999999999943,496,True,True,True,True,,,,True,True,True,False,5.100000000000023,,,True,True,True,False,5.100000000000023,385.0,2025-05-28T15:56:00-04:00,2.3500000000000227,9047.039999999955,,,,,,,,,386.0,2025-05-28T15:57:00-04:00,5.2999999999999545,3147.040000000092,1588.0,2025-05-29T11:59:00-04:00,1.8999999999999773,9947.040000000046,,,,,,,,,,,,,,,,,,,,,,,,,,,,,,,,,,,,,,,,,,,,,2648
2025-05-30,2025-06-02,3,5.0,2025-05-30T09:31:00-04:00,5.0,NDXP  250602P21360000,NDXP  250602P21350000,validation,False,False,0,0,2,6,0,782,available,False,2025-05-30T09:31:00-04:00,2025-06-02T15:56:00-04:00,0.04999999999999999,9647.040000000003,4.0,last_observed_quote_not_settlement,3916.0,388,73,5.099999999999994,-452.95999999998793,2025-05-30T09:32:00-04:00,0.0,5.25,-752.9599999999994,2025-05-30T09:33:00-04:00,0.0,5.400000000000006,-1052.9600000000107,2025-05-30T09:36:00-04:00,0.0,5.199999999999989,-652.9599999999766,2025-05-30T09:41:00-04:00,0.0,5.300000000000011,-852.9600000000221,2025-05-30T09:46:00-04:00,0.0,5.049999999999983,-352.9599999999652,2025-05-30T10:01:00-04:00,0.0,4.849999999999994,47.04000000001208,2025-05-30T10:31:00-04:00,0.0,5.050000000000011,-352.96000000002203,2025-05-30T11:31:00-04:00,0.0,5.099999999999994,-452.95999999998793,2025-05-30T16:00:00-04:00,0.0,,,2025-05-30T16:15:00-04:00,85500.0,,,2025-05-30T16:15:00-04:00,171900.0,,,2025-06-02T15:56:00-04:00,240.0,0.0,hit,0.0,hit,170.0,hit,228.0,hit,4531.0,hit,4610.0,hit,4628.0,hit,3.0,hit,20.0,hit,176.0,hit,181.0,hit,211.0,hit,,never_hit,9.0,171,True,True,True,True,,9.149999999999977,388,True,True,True,True,,9.149999999999977,388,True,True,True,True,,9.149999999999977,388,True,True,True,True,,4523.0,2025-06-02T12:54:00-04:00,2.849999999999998,4047.0400000000045,4524.0,2025-06-02T12:55:00-04:00,2.4499999999999993,4847.040000000002,4525.0,2025-06-02T12:56:00-04:00,2.75,4247.040000000001,4524.0,2025-06-02T12:55:00-04:00,2.4499999999999993,4847.040000000002,4531.0,2025-06-02T13:02:00-04:00,1.9000000000000021,5947.039999999996,4540.0,2025-06-02T13:11:00-04:00,1.8000000000000007,6147.039999999999,4541.0,2025-06-02T13:12:00-04:00,1.8999999999999986,5947.040000000004,4532.0,2025-06-02T13:03:00-04:00,2.150000000000002,5447.039999999996,4610.0,2025-06-02T14:21:00-04:00,0.9000000000000004,7947.04,4611.0,2025-06-02T14:22:00-04:00,0.7999999999999989,8147.040000000004,4612.0,2025-06-02T14:23:00-04:00,0.75,8247.04,4611.0,2025-06-02T14:22:00-04:00,0.7999999999999989,8147.040000000004,4639.0,2025-06-02T14:50:00-04:00,0.3999999999999999,8947.04,4642.0,2025-06-02T14:53:00-04:00,0.42500000000000027,8897.04,4649.0,2025-06-02T15:00:00-04:00,0.375,8997.04,4640.0,2025-06-02T14:51:00-04:00,0.5250000000000004,8697.04,2649
2025-05-30,2025-06-02,3,6.0,2025-05-30T09:31:00-04:00,5.949999999999989,NDXP  250602P21440000,NDXP  250602P21430000,validation,False,False,0,0,1,3,0,787,available,False,2025-05-30T09:31:00-04:00,2025-06-02T15:59:00-04:00,0.024999999999999994,11597.039999999979,1.0,last_observed_quote_not_settlement,3916.0,546,140,6.099999999999994,-552.9600000000107,2025-05-30T09:32:00-04:00,0.0,6.5,-1352.960000000022,2025-05-30T09:33:00-04:00,0.0,6.049999999999983,-452.95999999998793,2025-05-30T09:36:00-04:00,0.0,6.75,-1852.960000000022,2025-05-30T09:41:00-04:00,0.0,7.199999999999989,-2752.959999999999,2025-05-30T09:46:00-04:00,0.0,6.650000000000006,-1652.9600000000335,2025-05-30T10:01:00-04:00,0.0,6.050000000000011,-452.9600000000448,2025-05-30T10:31:00-04:00,0.0,6.099999999999966,-552.9599999999539,2025-05-30T11:31:00-04:00,0.0,6.25,-852.9600000000221,2025-05-30T16:00:00-04:00,0.0,,,2025-05-30T16:15:00-04:00,85500.0,,,2025-05-30T16:15:00-04:00,171900.0,,,2025-06-02T15:59:00-04:00,60.0,11.0,hit,11.0,hit,18.0,hit,4620.0,hit,4625.0,hit,4639.0,hit,4705.0,hit,2.0,hit,6.0,hit,15.0,hit,19.0,hit,137.0,hit,137.0,hit,10.0,546,True,True,True,True,,10.0,546,True,True,True,True,,10.0,546,True,True,True,True,,10.0,546,True,True,True,True,,4621.0,2025-06-02T14:32:00-04:00,2.8999999999999986,5847.039999999981,4622.0,2025-06-02T14:33:00-04:00,2.8500000000000014,5947.039999999975,4635.0,2025-06-02T14:46:00-04:00,2.9499999999999975,5747.039999999983,4622.0,2025-06-02T14:33:00-04:00,2.8500000000000014,5947.039999999975,4625.0,2025-06-02T14:36:00-04:00,1.2000000000000028,9247.039999999974,4651.0,2025-06-02T15:02:00-04:00,1.8500000000000014,7947.039999999975,4652.0,2025-06-02T15:03:00-04:00,1.9000000000000004,7847.039999999977,4626.0,2025-06-02T14:37:00-04:00,3.0,5647.039999999978,4639.0,2025-06-02T14:50:00-04:00,0.9499999999999993,9747.03999999998,4701.0,2025-06-02T15:52:00-04:00,0.5250000000000001,10597.039999999979,4702.0,2025-06-02T15:53:00-04:00,0.875,9897.039999999979,4640.0,2025-06-02T14:51:00-04:00,2.6999999999999993,6247.039999999979,4706.0,2025-06-02T15:57:00-04:00,0.30000000000000004,11047.039999999979,,,,,,,,,,,,,2650
2025-05-30,2025-06-02,3,7.0,2025-05-30T09:31:00-04:00,7.0,NDXP  250602P21490000,NDXP  250602P21480000,validation,False,False,0,0,2,4,0,787,available,False,2025-05-30T09:31:00-04:00,2025-06-02T15:59:00-04:00,5.375,2997.040000000001,1.0,last_observed_quote_not_settlement,3916.0,587,86,8.199999999999989,-2652.959999999978,2025-05-30T09:32:00-04:00,0.0,8.400000000000006,-3052.9600000000123,2025-05-30T09:33:00-04:00,0.0,7.2000000000000455,-652.9600000000903,2025-05-30T09:36:00-04:00,0.0,7.050000000000011,-352.96000000002203,2025-05-30T09:41:00-04:00,0.0,7.300000000000011,-852.9600000000221,2025-05-30T09:46:00-04:00,0.0,5.199999999999989,3347.0400000000236,2025-05-30T10:01:00-04:00,0.0,7.200000000000017,-652.9600000000335,2025-05-30T10:31:00-04:00,0.0,7.249999999999972,-752.9599999999425,2025-05-30T11:31:00-04:00,0.0,7.099999999999994,-452.95999999998793,2025-05-30T16:00:00-04:00,0.0,,,2025-05-30T16:15:00-04:00,85500.0,,,2025-05-30T16:15:00-04:00,171900.0,,,2025-06-02T15:59:00-04:00,60.0,3.0,hit,3.0,hit,24.0,hit,105.0,hit,105.0,hit,,never_hit,,never_hit,1.0,hit,1.0,hit,0.0,hit,1.0,hit,45.0,hit,45.0,hit,9.699999999999989,57,True,True,True,True,,9.699999999999989,57,True,True,True,True,,,,True,True,True,False,5.599999999999994,,,True,True,True,False,5.599999999999994,105.0,2025-05-30T11:16:00-04:00,1.4000000000000057,10947.03999999999,,,,,,,,,106.0,2025-05-30T11:17:00-04:00,7.449999999999989,-1152.9599999999766,105.0,2025-05-30T11:16:00-04:00,1.4000000000000057,10947.03999999999,,,,,,,,,106.0,2025-05-30T11:17:00-04:00,7.449999999999989,-1152.9599999999766,,,,,,,,,,,,,,,,,,,,,,,,,,,,,,,,,2651
2025-06-02,2025-06-04,2,5.0,2025-06-02T09:31:00-04:00,4.949999999999989,NDXP  250604P21330000,NDXP  250604P21320000,validation,False,False,0,0,18,36,0,1081,available,False,2025-06-02T09:31:00-04:00,2025-06-04T15:04:00-04:00,0.0,9647.039999999979,56.0,last_observed_quote_not_settlement,1036.0,22,10,4.699999999999989,247.04000000000067,2025-06-02T09:32:00-04:00,0.0,4.25,1147.039999999978,2025-06-02T09:33:00-04:00,0.0,4.0,1647.039999999978,2025-06-02T09:36:00-04:00,0.0,3.5,2647.039999999978,2025-06-02T09:41:00-04:00,0.0,3.950000000000003,1747.0399999999722,2025-06-02T09:46:00-04:00,0.0,5.800000000000011,-1952.9600000000448,2025-06-02T10:01:00-04:00,0.0,4.5,647.0399999999779,2025-06-02T10:31:00-04:00,0.0,4.449999999999989,747.0400000000006,2025-06-02T11:31:00-04:00,0.0,2.549999999999997,4547.039999999984,2025-06-02T16:00:00-04:00,0.0,0.5500000000000007,8547.039999999977,2025-06-03T16:00:00-04:00,0.0,,,2025-06-04T15:04:00-04:00,3360.0,,,,,0.0,hit,0.0,hit,4.0,hit,209.0,hit,1440.0,hit,1530.0,hit,1620.0,hit,30.0,hit,35.0,hit,,never_hit,,never_hit,,never_hit,,never_hit,5.949999999999989,22,False,False,False,False,,5.949999999999989,22,False,False,False,False,,5.949999999999989,22,False,False,False,False,,5.949999999999989,22,False,False,False,False,,209.0,2025-06-02T13:00:00-04:00,2.3000000000000114,5047.039999999955,291.0,2025-06-02T14:22:00-04:00,2.9000000000000057,3847.0399999999668,292.0,2025-06-02T14:23:00-04:00,2.8500000000000085,3947.039999999961,210.0,2025-06-02T13:01:00-04:00,3.5500000000000114,2547.0399999999554,1440.0,2025-06-03T09:31:00-04:00,1.8999999999999986,5847.039999999981,1458.0,2025-06-03T09:49:00-04:00,1.8000000000000043,6047.039999999969,1464.0,2025-06-03T09:55:00-04:00,1.7999999999999972,6047.039999999984,1441.0,2025-06-03T09:32:00-04:00,2.200000000000003,5247.039999999973,1548.0,2025-06-03T11:19:00-04:00,0.9499999999999957,7747.039999999986,1549.0,2025-06-03T11:20:00-04:00,0.9499999999999993,7747.039999999979,1590.0,2025-06-03T12:01:00-04:00,0.9499999999999993,7747.039999999979,1549.0,2025-06-03T11:20:00-04:00,0.9499999999999993,7747.039999999979,1624.0,2025-06-03T12:35:00-04:00,0.40000000000000036,8847.039999999979,1636.0,2025-06-03T12:47:00-04:00,0.40000000000000036,8847.039999999979,1644.0,2025-06-03T12:55:00-04:00,0.3999999999999986,8847.03999999998,1625.0,2025-06-03T12:36:00-04:00,0.5499999999999989,8547.03999999998,2652
2025-06-02,2025-06-04,2,6.0,2025-06-02T09:31:00-04:00,5.900000000000006,NDXP  250604P21420000,NDXP  250604P21410000,validation,False,False,0,0,10,4,0,1140,available,False,2025-06-02T09:31:00-04:00,2025-06-04T15:18:00-04:00,0.024999999999999994,11497.040000000012,42.0,last_observed_quote_not_settlement,1036.0,28,16,5.400000000000006,747.0400000000006,2025-06-02T09:32:00-04:00,0.0,5.199999999999989,1147.0400000000348,2025-06-02T09:33:00-04:00,0.0,5.0,1547.040000000012,2025-06-02T09:36:00-04:00,0.0,4.5,2547.0400000000122,2025-06-02T09:41:00-04:00,0.0,4.9500000000000455,1647.039999999921,2025-06-02T09:46:00-04:00,0.0,7.849999999999966,-4152.95999999992,2025-06-02T10:01:00-04:00,0.0,5.400000000000006,747.0400000000006,2025-06-02T10:31:00-04:00,0.0,5.649999999999977,247.04000000005752,2025-06-02T11:31:00-04:00,0.0,3.3999999999999915,4747.040000000029,2025-06-02T16:00:00-04:00,0.0,1.0,9547.040000000014,2025-06-03T16:00:00-04:00,0.0,,,2025-06-04T15:18:00-04:00,2520.0,,,,,1.0,hit,5.0,hit,46.0,hit,305.0,hit,305.0,hit,1625.0,hit,2880.0,hit,26.0,hit,26.0,hit,30.0,hit,,never_hit,,never_hit,,never_hit,7.849999999999966,28,True,False,False,False,,7.849999999999966,28,True,False,False,False,,7.849999999999966,28,True,False,False,False,,7.849999999999966,28,True,False,False,False,,305.0,2025-06-02T14:36:00-04:00,1.6999999999999886,8147.0400000000345,1458.0,2025-06-03T09:49:00-04:00,2.549999999999997,6447.040000000018,1459.0,2025-06-03T09:50:00-04:00,2.8999999999999986,5747.0400000000145,306.0,2025-06-02T14:37:00-04:00,3.8000000000000114,3947.0399999999895,305.0,2025-06-02T14:36:00-04:00,1.6999999999999886,8147.0400000000345,1528.0,2025-06-03T10:59:00-04:00,1.75,8047.040000000012,1529.0,2025-06-03T11:00:00-04:00,1.7999999999999972,7947.040000000018,306.0,2025-06-02T14:37:00-04:00,3.8000000000000114,3947.0399999999895,1625.0,2025-06-03T12:36:00-04:00,0.8999999999999986,9747.040000000015,1667.0,2025-06-03T13:18:00-04:00,0.8999999999999986,9747.040000000015,1668.0,2025-06-03T13:19:00-04:00,0.9000000000000004,9747.040000000012,1626.0,2025-06-03T12:37:00-04:00,1.0999999999999979,9347.040000000017,2886.0,2025-06-04T09:37:00-04:00,0.40000000000000036,10747.040000000012,2887.0,2025-06-04T09:38:00-04:00,0.35000000000000053,10847.040000000012,2888.0,2025-06-04T09:39:00-04:00,0.35000000000000053,10847.040000000012,2887.0,2025-06-04T09:38:00-04:00,0.35000000000000053,10847.040000000012,2653
2025-06-02,2025-06-04,2,7.0,2025-06-02T09:31:00-04:00,6.899999999999977,NDXP  250604P21510000,NDXP  250604P21500000,validation,False,False,0,0,21,12,0,1145,available,False,2025-06-02T09:31:00-04:00,2025-06-04T15:25:00-04:00,0.025000000000000022,13497.039999999955,35.0,last_observed_quote_not_settlement,1036.0,85,86,6.699999999999989,147.03999999997797,2025-06-02T09:32:00-04:00,0.0,6.200000000000017,1147.039999999921,2025-06-02T09:33:00-04:00,0.0,6.100000000000023,1347.0399999999097,2025-06-02T09:36:00-04:00,0.0,5.699999999999989,2147.039999999978,2025-06-02T09:41:00-04:00,0.0,6.300000000000011,947.0399999999324,2025-06-02T09:46:00-04:00,0.0,9.25,-4952.960000000046,2025-06-02T10:01:00-04:00,0.0,6.550000000000011,447.0399999999325,2025-06-02T10:31:00-04:00,0.0,6.550000000000011,447.0399999999325,2025-06-02T11:31:00-04:00,0.0,5.099999999999994,3347.0399999999668,2025-06-02T16:00:00-04:00,0.0,1.7999999999999972,9947.039999999963,2025-06-03T16:00:00-04:00,0.0,,,2025-06-04T15:25:00-04:00,2100.0,,,,,3.0,hit,89.0,hit,92.0,hit,1472.0,hit,1600.0,hit,2883.0,hit,2943.0,hit,8.0,hit,8.0,hit,8.0,hit,8.0,hit,8.0,hit,101.0,hit,9.800000000000011,84,True,True,True,True,,9.899999999999991,85,True,True,True,True,,9.899999999999991,85,True,True,True,True,,9.899999999999991,85,True,True,True,True,,1528.0,2025-06-03T10:59:00-04:00,2.8000000000000043,7947.039999999946,1529.0,2025-06-03T11:00:00-04:00,2.75,8047.039999999955,1530.0,2025-06-03T11:01:00-04:00,2.6999999999999957,8147.039999999964,1529.0,2025-06-03T11:00:00-04:00,2.75,8047.039999999955,1625.0,2025-06-03T12:36:00-04:00,1.75,10047.039999999955,1626.0,2025-06-03T12:37:00-04:00,1.8500000000000014,9847.039999999954,1627.0,2025-06-03T12:38:00-04:00,1.7499999999999964,10047.039999999963,1626.0,2025-06-03T12:37:00-04:00,1.8500000000000014,9847.039999999954,2885.0,2025-06-04T09:36:00-04:00,0.8499999999999996,11847.039999999957,2886.0,2025-06-04T09:37:00-04:00,0.8000000000000007,11947.039999999955,2887.0,2025-06-04T09:38:00-04:00,0.8499999999999996,11847.039999999957,2886.0,2025-06-04T09:37:00-04:00,0.8000000000000007,11947.039999999955,2973.0,2025-06-04T11:04:00-04:00,0.39999999999999947,12747.039999999957,2974.0,2025-06-04T11:05:00-04:00,0.39999999999999947,12747.039999999957,2975.0,2025-06-04T11:06:00-04:00,0.39999999999999947,12747.039999999957,2974.0,2025-06-04T11:05:00-04:00,0.39999999999999947,12747.039999999957,2654
2025-06-02,2025-06-05,3,5.0,2025-06-02T09:31:00-04:00,5.0,NDXP  250605P21400000,NDXP  250605P21390000,validation,False,False,0,0,9,34,0,1552,available,False,2025-06-02T09:31:00-04:00,2025-06-05T15:46:00-04:00,0.025000000000000022,9697.04,14.0,last_observed_quote_not_settlement,1036.0,64,30,4.900000000000034,-52.9600000000675,2025-06-02T09:32:00-04:00,0.0,5.099999999999994,-452.95999999998793,2025-06-02T09:33:00-04:00,0.0,4.599999999999994,547.040000000012,2025-06-02T09:36:00-04:00,0.0,4.199999999999989,1347.0400000000234,2025-06-02T09:41:00-04:00,0.0,4.399999999999977,947.0400000000461,2025-06-02T09:46:00-04:00,0.0,4.199999999999989,1347.0400000000234,2025-06-02T10:01:00-04:00,0.0,5.25,-752.9599999999994,2025-06-02T10:31:00-04:00,0.0,5.199999999999989,-652.9599999999766,2025-06-02T11:31:00-04:00,0.0,3.0,3747.040000000001,2025-06-02T16:00:00-04:00,0.0,1.4999999999999964,6747.040000000008,2025-06-03T16:00:00-04:00,0.0,0.6999999999999993,8347.040000000003,2025-06-04T16:00:00-04:00,0.0,,,2025-06-05T15:46:00-04:00,840.0,0.0,hit,0.0,hit,36.0,hit,36.0,hit,36.0,hit,36.0,hit,1452.0,hit,26.0,hit,,never_hit,,never_hit,,never_hit,,never_hit,,never_hit,5.900000000000034,12,False,False,False,False,,5.900000000000034,12,False,False,False,False,,5.900000000000034,12,False,False,False,False,,5.999999999999972,64,False,False,False,False,,36.0,2025-06-02T10:07:00-04:00,0.75,8247.04,1467.0,2025-06-03T09:58:00-04:00,2.8000000000000114,4147.039999999978,1468.0,2025-06-03T09:59:00-04:00,2.9000000000000057,3947.0399999999895,,,,,36.0,2025-06-02T10:07:00-04:00,0.75,8247.04,1606.0,2025-06-03T12:17:00-04:00,1.4000000000000057,6947.039999999989,1607.0,2025-06-03T12:18:00-04:00,1.8999999999999986,5947.040000000004,,,,,36.0,2025-06-02T10:07:00-04:00,0.75,8247.04,2887.0,2025-06-04T09:38:00-04:00,0.8999999999999986,7947.040000000004,2888.0,2025-06-04T09:39:00-04:00,0.8499999999999979,8047.0400000000045,,,,,1452.0,2025-06-03T09:43:00-04:00,0.3499999999999943,9047.040000000014,3256.0,2025-06-04T15:47:00-04:00,0.40000000000000036,8947.04,4322.0,2025-06-05T09:33:00-04:00,0.40000000000000036,8947.04,1453.0,2025-06-03T09:44:00-04:00,3.299999999999997,3147.0400000000063,2655
2025-06-02,2025-06-05,3,6.0,2025-06-02T09:31:00-04:00,5.949999999999989,NDXP  250605P21460000,NDXP  250605P21450000,validation,False,False,0,0,5,87,0,1507,available,False,2025-06-02T09:31:00-04:00,2025-06-05T15:55:00-04:00,0.22499999999999998,11197.039999999977,5.0,last_observed_quote_not_settlement,1036.0,48,30,5.75,147.03999999997797,2025-06-02T09:32:00-04:00,0.0,5.300000000000011,1047.0399999999552,2025-06-02T09:33:00-04:00,0.0,5.200000000000017,1247.0399999999438,2025-06-02T09:36:00-04:00,0.0,5.0,1647.039999999978,2025-06-02T09:41:00-04:00,0.0,5.299999999999983,1047.040000000012,2025-06-02T09:46:00-04:00,0.0,8.75,-5852.960000000024,2025-06-02T10:01:00-04:00,0.0,6.849999999999994,-2052.9600000000105,2025-06-02T10:31:00-04:00,0.0,7.349999999999966,-3052.9599999999537,2025-06-02T11:31:00-04:00,0.0,3.799999999999983,4047.040000000012,2025-06-02T16:00:00-04:00,0.0,2.0,7647.039999999978,2025-06-03T16:00:00-04:00,0.0,0.8499999999999996,9947.039999999979,2025-06-04T16:00:00-04:00,0.0,,,2025-06-05T15:55:00-04:00,300.0,2.0,hit,3.0,hit,353.0,hit,369.0,hit,1606.0,hit,2978.0,hit,4374.0,hit,19.0,hit,30.0,hit,30.0,hit,30.0,hit,84.0,hit,84.0,hit,9.5,47,True,True,True,True,,9.5,47,True,True,True,True,,9.5,48,True,True,True,True,,9.5,48,True,True,True,True,,369.0,2025-06-02T15:40:00-04:00,2.9000000000000057,5847.039999999966,1522.0,2025-06-03T10:53:00-04:00,2.9000000000000057,5847.039999999966,1523.0,2025-06-03T10:54:00-04:00,2.9000000000000057,5847.039999999966,370.0,2025-06-02T15:41:00-04:00,4.199999999999989,3247.040000000001,1606.0,2025-06-03T12:17:00-04:00,1.8999999999999915,7847.039999999995,1627.0,2025-06-03T12:38:00-04:00,1.8500000000000014,7947.039999999975,1628.0,2025-06-03T12:39:00-04:00,1.8500000000000085,7947.039999999961,1607.0,2025-06-03T12:18:00-04:00,2.25,7147.039999999978,3113.0,2025-06-04T13:24:00-04:00,0.9499999999999993,9747.03999999998,3125.0,2025-06-04T13:36:00-04:00,0.8500000000000014,9947.039999999975,3126.0,2025-06-04T13:37:00-04:00,0.9000000000000021,9847.039999999975,3114.0,2025-06-04T13:25:00-04:00,1.0,9647.039999999979,4376.0,2025-06-05T10:27:00-04:00,0.40000000000000036,10847.039999999979,4377.0,2025-06-05T10:28:00-04:00,0.44999999999999973,10747.039999999979,4378.0,2025-06-05T10:29:00-04:00,0.40000000000000036,10847.039999999979,4377.0,2025-06-05T10:28:00-04:00,0.44999999999999973,10747.039999999979,2656
2025-06-02,2025-06-05,3,7.0,2025-06-02T09:31:00-04:00,7.100000000000023,NDXP  250605P21570000,NDXP  250605P21560000,validation,False,False,0,0,0,4,0,1596,available,False,2025-06-02T09:31:00-04:00,2025-06-05T16:00:00-04:00,8.25,-2552.9599999999555,0.0,last_observed_quote_not_settlement,1036.0,68,66,6.850000000000023,247.04000000000067,2025-06-02T09:32:00-04:00,0.0,6.5,947.0400000000461,2025-06-02T09:33:00-04:00,0.0,6.2999999999999545,1347.040000000137,2025-06-02T09:36:00-04:00,0.0,6.100000000000023,1747.0400000000006,2025-06-02T09:41:00-04:00,0.0,6.250000000000057,1447.0399999999324,2025-06-02T09:46:00-04:00,0.0,5.800000000000011,2347.0400000000236,2025-06-02T10:01:00-04:00,0.0,6.7000000000000455,547.0399999999552,2025-06-02T10:31:00-04:00,0.0,6.7999999999999545,347.0400000001371,2025-06-02T11:31:00-04:00,0.0,5.249999999999972,3447.040000000103,2025-06-02T16:00:00-04:00,0.0,3.1999999999999886,7547.040000000069,2025-06-03T16:00:00-04:00,0.0,1.75,10447.040000000046,2025-06-04T16:00:00-04:00,0.0,8.25,-2552.9599999999555,2025-06-05T16:00:00-04:00,0.0,65.0,hit,65.0,hit,65.0,hit,65.0,hit,2971.0,hit,4391.0,hit,4404.0,hit,4.0,hit,4.0,hit,0.0,hit,4.0,hit,265.0,hit,4671.0,hit,8.749999999999943,24,True,True,False,False,,9.25,55,True,True,True,True,,9.25,55,True,True,True,True,,9.25,55,True,True,True,True,,65.0,2025-06-02T10:36:00-04:00,2.8000000000000114,8347.040000000025,1643.0,2025-06-03T12:54:00-04:00,2.6500000000000057,8647.040000000035,1644.0,2025-06-03T12:55:00-04:00,2.799999999999997,8347.040000000054,66.0,2025-06-02T10:37:00-04:00,6.849999999999966,247.04000000011436,2980.0,2025-06-04T11:11:00-04:00,1.8500000000000014,10247.040000000045,2981.0,2025-06-04T11:12:00-04:00,1.9000000000000057,10147.040000000035,3104.0,2025-06-04T13:15:00-04:00,1.9000000000000057,10147.040000000035,2981.0,2025-06-04T11:12:00-04:00,1.9000000000000057,10147.040000000035,4392.0,2025-06-05T10:43:00-04:00,0.8000000000000007,12347.040000000046,4393.0,2025-06-05T10:44:00-04:00,0.8499999999999996,12247.040000000048,4394.0,2025-06-05T10:45:00-04:00,0.7999999999999989,12347.04000000005,4393.0,2025-06-05T10:44:00-04:00,0.8499999999999996,12247.040000000048,4406.0,2025-06-05T10:57:00-04:00,0.40000000000000036,13147.040000000046,4407.0,2025-06-05T10:58:00-04:00,0.34999999999999964,13247.040000000048,4408.0,2025-06-05T10:59:00-04:00,0.3250000000000002,13297.040000000046,4407.0,2025-06-05T10:58:00-04:00,0.34999999999999964,13247.040000000048,2657
2025-06-03,2025-06-05,2,5.0,2025-06-03T09:31:00-04:00,5.0,NDXP  250605P21590000,NDXP  250605P21580000,validation,False,False,0,0,0,2,0,1195,available,False,2025-06-03T09:31:00-04:00,2025-06-05T15:59:00-04:00,9.949999999999996,-10152.959999999992,1.0,last_observed_quote_not_settlement,1036.0,48,24,5.600000000000023,-1452.9600000000448,2025-06-03T09:32:00-04:00,0.0,5.25,-752.9599999999994,2025-06-03T09:33:00-04:00,0.0,8.050000000000011,-6352.960000000024,2025-06-03T09:36:00-04:00,0.0,7.5,-5252.959999999999,2025-06-03T09:41:00-04:00,0.0,5.149999999999977,-552.9599999999539,2025-06-03T09:46:00-04:00,0.0,4.650000000000006,447.03999999998933,2025-06-03T10:01:00-04:00,0.0,4.700000000000017,347.0399999999666,2025-06-03T10:31:00-04:00,0.0,3.9000000000000057,1947.0399999999893,2025-06-03T11:31:00-04:00,0.0,3.4000000000000057,2947.0399999999895,2025-06-03T16:00:00-04:00,0.0,2.1999999999999993,5347.040000000002,2025-06-04T16:00:00-04:00,0.0,,,2025-06-05T15:59:00-04:00,60.0,,,,,0.0,hit,0.0,hit,17.0,hit,17.0,hit,307.0,hit,1480.0,hit,1480.0,hit,1.0,hit,4.0,hit,5.0,hit,5.0,hit,3231.0,hit,3268.0,hit,8.050000000000011,14,True,True,False,False,,8.050000000000011,22,True,True,False,False,,8.050000000000011,22,True,True,False,False,,8.050000000000011,22,True,True,False,False,,17.0,2025-06-03T09:48:00-04:00,2.75,4247.040000000001,189.0,2025-06-03T12:40:00-04:00,2.8999999999999773,3947.0400000000463,1442.0,2025-06-04T09:33:00-04:00,2.8499999999999943,4047.040000000012,18.0,2025-06-03T09:49:00-04:00,4.800000000000011,147.03999999997797,307.0,2025-06-03T14:38:00-04:00,1.049999999999983,7647.0400000000345,1706.0,2025-06-04T13:57:00-04:00,1.9499999999999957,5847.040000000009,1707.0,2025-06-04T13:58:00-04:00,1.8000000000000043,6147.039999999992,308.0,2025-06-03T14:39:00-04:00,3.4499999999999886,2847.0400000000236,1480.0,2025-06-04T10:11:00-04:00,0.44999999999999574,8847.04000000001,2957.0,2025-06-05T10:48:00-04:00,0.75,8247.04,2958.0,2025-06-05T10:49:00-04:00,0.8499999999999996,8047.040000000002,1481.0,2025-06-04T10:12:00-04:00,3.4000000000000057,2947.0399999999895,1480.0,2025-06-04T10:11:00-04:00,0.44999999999999574,8847.04000000001,2972.0,2025-06-05T11:03:00-04:00,0.40000000000000036,8947.04,2973.0,2025-06-05T11:04:00-04:00,0.39999999999999947,8947.040000000003,1481.0,2025-06-04T10:12:00-04:00,3.4000000000000057,2947.0399999999895,2658
2025-06-03,2025-06-05,2,6.0,2025-06-03T09:31:00-04:00,5.899999999999977,NDXP  250605P21670000,NDXP  250605P21660000,validation,False,False,0,0,0,7,0,1190,available,False,2025-06-03T09:31:00-04:00,2025-06-05T15:58:00-04:00,9.900000000000006,-8252.960000000057,2.0,last_observed_quote_not_settlement,1036.0,88,45,6.099999999999994,-652.9600000000335,2025-06-03T09:32:00-04:00,0.0,6.400000000000034,-1252.960000000113,2025-06-03T09:33:00-04:00,0.0,6.5,-1452.9600000000448,2025-06-03T09:36:00-04:00,0.0,6.5,-1452.9600000000448,2025-06-03T09:41:00-04:00,0.0,6.7000000000000455,-1852.9600000001358,2025-06-03T09:46:00-04:00,0.0,6.350000000000023,-1152.9600000000903,2025-06-03T10:01:00-04:00,0.0,5.900000000000006,-252.96000000005614,2025-06-03T10:31:00-04:00,0.0,4.849999999999966,1847.0400000000234,2025-06-03T11:31:00-04:00,0.0,4.400000000000006,2747.039999999944,2025-06-03T16:00:00-04:00,0.0,3.3499999999999943,4847.039999999966,2025-06-04T16:00:00-04:00,0.0,,,2025-06-05T15:58:00-04:00,120.0,,,,,12.0,hit,12.0,hit,133.0,hit,223.0,hit,233.0,hit,2882.0,hit,2882.0,hit,2.0,hit,34.0,hit,48.0,hit,48.0,hit,3225.0,hit,3231.0,hit,8.649999999999977,40,True,True,False,False,,8.649999999999977,40,True,True,False,False,,8.649999999999977,41,True,True,False,False,,8.649999999999977,41,True,True,False,False,,223.0,2025-06-03T13:14:00-04:00,2.049999999999997,7447.039999999961,1711.0,2025-06-04T14:02:00-04:00,2.8999999999999986,5747.039999999958,1715.0,2025-06-04T14:06:00-04:00,2.8999999999999986,5747.039999999958,224.0,2025-06-03T13:15:00-04:00,4.050000000000011,3447.0399999999327,233.0,2025-06-03T13:24:00-04:00,1.6000000000000085,8347.039999999939,2957.0,2025-06-05T10:48:00-04:00,1.5500000000000007,8447.039999999955,2958.0,2025-06-05T10:49:00-04:00,1.8999999999999986,7747.039999999958,234.0,2025-06-03T13:25:00-04:00,3.9000000000000057,3747.039999999944,2882.0,2025-06-05T09:33:00-04:00,0.3999999999999986,10747.039999999959,2983.0,2025-06-05T11:14:00-04:00,0.7999999999999998,9947.039999999957,2984.0,2025-06-05T11:15:00-04:00,0.8999999999999995,9747.039999999957,2883.0,2025-06-05T09:34:00-04:00,2.6499999999999915,6247.039999999973,2882.0,2025-06-05T09:33:00-04:00,0.3999999999999986,10747.039999999959,2999.0,2025-06-05T11:30:00-04:00,0.40000000000000036,10747.039999999955,3000.0,2025-06-05T11:31:00-04:00,0.40000000000000036,10747.039999999955,2883.0,2025-06-05T09:34:00-04:00,2.6499999999999915,6247.039999999973,2659
2025-06-03,2025-06-05,2,7.0,2025-06-03T09:31:00-04:00,6.900000000000034,NDXP  250605P21750000,NDXP  250605P21740000,validation,False,False,0,0,0,11,0,1186,available,False,2025-06-03T09:31:00-04:00,2025-06-05T16:00:00-04:00,10.0,-6352.959999999932,0.0,last_observed_quote_not_settlement,1036.0,167,67,7.300000000000011,-1052.9599999999539,2025-06-03T09:32:00-04:00,0.0,7.350000000000023,-1152.9599999999766,2025-06-03T09:33:00-04:00,0.0,7.399999999999977,-1252.9599999998857,2025-06-03T09:36:00-04:00,0.0,7.5,-1452.9599999999311,2025-06-03T09:41:00-04:00,0.0,7.699999999999989,-1852.9599999999084,2025-06-03T09:46:00-04:00,0.0,6.700000000000017,147.0400000000348,2025-06-03T10:01:00-04:00,0.0,6.800000000000011,-52.959999999953816,2025-06-03T10:31:00-04:00,0.0,5.700000000000017,2147.040000000035,2025-06-03T11:31:00-04:00,0.0,3.5,6547.040000000069,2025-06-03T16:00:00-04:00,0.0,7.150000000000006,-752.9599999999425,2025-06-04T16:00:00-04:00,0.0,10.0,-6352.959999999932,2025-06-05T16:00:00-04:00,0.0,,,,,47.0,hit,62.0,hit,108.0,hit,109.0,hit,2986.0,hit,3014.0,hit,,never_hit,7.0,hit,86.0,hit,1.0,hit,86.0,hit,3082.0,hit,3157.0,hit,8.0,29,True,True,False,False,,8.949999999999989,51,True,True,False,False,,8.949999999999989,51,True,True,False,False,,,,True,True,True,False,6.0500000000000345,109.0,2025-06-03T11:20:00-04:00,2.6999999999999886,8147.040000000091,2968.0,2025-06-05T10:59:00-04:00,2.5,8547.04000000007,2969.0,2025-06-05T11:00:00-04:00,2.599999999999998,8347.040000000074,110.0,2025-06-03T11:21:00-04:00,6.0,1547.0400000000689,2986.0,2025-06-05T11:17:00-04:00,1.75,10047.04000000007,2987.0,2025-06-05T11:18:00-04:00,1.5500000000000007,10447.040000000068,2988.0,2025-06-05T11:19:00-04:00,1.4000000000000021,10747.040000000066,2987.0,2025-06-05T11:18:00-04:00,1.5500000000000007,10447.040000000068,3021.0,2025-06-05T11:52:00-04:00,0.8999999999999995,11747.04000000007,3027.0,2025-06-05T11:58:00-04:00,0.8500000000000005,11847.040000000068,3034.0,2025-06-05T12:05:00-04:00,0.8499999999999996,11847.04000000007,3022.0,2025-06-05T11:53:00-04:00,1.1499999999999986,11247.040000000072,,,,,,,,,,,,,,,,,2660
2025-06-03,2025-06-06,3,5.0,2025-06-03T09:31:00-04:00,5.050000000000011,NDXP  250606P21690000,NDXP  250606P21680000,validation,False,False,0,0,1,3,0,1593,available,False,2025-06-03T09:31:00-04:00,2025-06-06T15:53:00-04:00,0.025000000000000022,9797.040000000023,7.0,last_observed_quote_not_settlement,1036.0,214,67,5.899999999999977,-1952.9599999999311,2025-06-03T09:32:00-04:00,0.0,6.099999999999966,-2352.959999999908,2025-06-03T09:33:00-04:00,0.0,6.0,-2152.9599999999764,2025-06-03T09:36:00-04:00,0.0,6.149999999999977,-2452.959999999931,2025-06-03T09:41:00-04:00,0.0,5.849999999999966,-1852.9599999999084,2025-06-03T09:46:00-04:00,0.0,5.449999999999989,-1052.9599999999539,2025-06-03T10:01:00-04:00,0.0,5.249999999999972,-652.9599999999198,2025-06-03T10:31:00-04:00,0.0,5.149999999999977,-452.9599999999311,2025-06-03T11:31:00-04:00,0.0,2.900000000000034,4047.0399999999554,2025-06-03T16:00:00-04:00,0.0,4.200000000000003,1447.0400000000177,2025-06-04T16:00:00-04:00,0.0,6.5,-3152.9599999999764,2025-06-05T16:00:00-04:00,0.0,,,2025-06-06T15:53:00-04:00,420.0,0.0,hit,42.0,hit,42.0,hit,67.0,hit,67.0,hit,4417.0,hit,4594.0,hit,1.0,hit,2.0,hit,8.0,hit,39.0,hit,,never_hit,,never_hit,8.149999999999977,63,True,True,False,False,,8.149999999999977,63,True,True,False,False,,8.25,214,True,True,False,False,,8.25,214,True,True,False,False,,67.0,2025-06-03T10:38:00-04:00,1.700000000000017,6447.039999999989,2981.0,2025-06-05T11:12:00-04:00,2.9000000000000057,4047.040000000012,2982.0,2025-06-05T11:13:00-04:00,2.8000000000000043,4247.0400000000145,,,,,67.0,2025-06-03T10:38:00-04:00,1.700000000000017,6447.039999999989,4333.0,2025-06-06T09:44:00-04:00,1.9499999999999993,5947.0400000000245,4334.0,2025-06-06T09:45:00-04:00,1.8500000000000014,6147.040000000021,,,,,4575.0,2025-06-06T13:46:00-04:00,0.8999999999999995,8047.0400000000245,4576.0,2025-06-06T13:47:00-04:00,0.8999999999999995,8047.0400000000245,4577.0,2025-06-06T13:48:00-04:00,0.9499999999999993,7947.0400000000245,4576.0,2025-06-06T13:47:00-04:00,0.8999999999999995,8047.0400000000245,4599.0,2025-06-06T14:10:00-04:00,0.40000000000000036,9047.040000000023,4606.0,2025-06-06T14:17:00-04:00,0.3999999999999999,9047.040000000023,4607.0,2025-06-06T14:18:00-04:00,0.40000000000000036,9047.040000000023,4600.0,2025-06-06T14:11:00-04:00,0.5,8847.040000000025,2661
2025-06-03,2025-06-06,3,6.0,2025-06-03T09:31:00-04:00,6.000000000000057,NDXP  250606P21730000,NDXP  250606P21720000,validation,False,False,0,0,2,3,0,1595,available,False,2025-06-03T09:31:00-04:00,2025-06-06T15:56:00-04:00,0.2,11347.040000000115,4.0,last_observed_quote_not_settlement,1036.0,112,78,6.199999999999989,-652.9599999998629,2025-06-03T09:32:00-04:00,0.0,6.399999999999977,-1052.9599999998402,2025-06-03T09:33:00-04:00,0.0,6.349999999999966,-952.9599999998175,2025-06-03T09:36:00-04:00,0.0,6.4500000000000455,-1152.9599999999766,2025-06-03T09:41:00-04:00,0.0,6.100000000000023,-452.9599999999311,2025-06-03T09:46:00-04:00,0.0,5.850000000000023,47.04000000006892,2025-06-03T10:01:00-04:00,0.0,7.150000000000034,-2552.9599999999537,2025-06-03T10:31:00-04:00,0.0,5.199999999999989,1347.040000000137,2025-06-03T11:31:00-04:00,0.0,5.199999999999989,1347.040000000137,2025-06-03T16:00:00-04:00,0.0,4.649999999999977,2447.04000000016,2025-06-04T16:00:00-04:00,0.0,,,2025-06-05T15:59:00-04:00,60.0,,,2025-06-06T15:56:00-04:00,240.0,6.0,hit,6.0,hit,12.0,hit,12.0,hit,12.0,hit,68.0,hit,68.0,hit,4.0,hit,32.0,hit,32.0,hit,65.0,hit,3228.0,hit,3230.0,hit,6.7000000000000455,10,False,False,False,False,,6.7000000000000455,10,False,False,False,False,,8.850000000000023,30,True,True,False,False,,8.850000000000023,30,True,True,False,False,,12.0,2025-06-03T09:43:00-04:00,1.6000000000000227,8547.04000000007,2988.0,2025-06-05T11:19:00-04:00,2.8500000000000014,6047.040000000112,2989.0,2025-06-05T11:20:00-04:00,2.8999999999999915,5947.040000000132,13.0,2025-06-03T09:44:00-04:00,6.75,-1752.9599999998857,12.0,2025-06-03T09:43:00-04:00,1.6000000000000227,8547.04000000007,4417.0,2025-06-06T11:08:00-04:00,1.6000000000000014,8547.040000000112,4418.0,2025-06-06T11:09:00-04:00,1.7000000000000028,8347.04000000011,13.0,2025-06-03T09:44:00-04:00,6.75,-1752.9599999998857,68.0,2025-06-03T10:39:00-04:00,0.44999999999998863,10847.040000000137,4599.0,2025-06-06T14:10:00-04:00,0.9000000000000004,9947.040000000114,4603.0,2025-06-06T14:14:00-04:00,0.8500000000000005,10047.040000000114,69.0,2025-06-03T10:40:00-04:00,5.849999999999994,47.040000000125765,68.0,2025-06-03T10:39:00-04:00,0.44999999999998863,10847.040000000137,4703.0,2025-06-06T15:54:00-04:00,0.35,11047.040000000114,4704.0,2025-06-06T15:55:00-04:00,0.125,11497.040000000115,69.0,2025-06-03T10:40:00-04:00,5.849999999999994,47.040000000125765,2662
2025-06-03,2025-06-06,3,7.0,2025-06-03T09:31:00-04:00,6.899999999999977,NDXP  250606P21830000,NDXP  250606P21820000,validation,False,False,0,0,0,19,0,1583,available,False,2025-06-03T09:31:00-04:00,2025-06-06T16:00:00-04:00,9.75,-5952.960000000046,0.0,last_observed_quote_not_settlement,1037.0,296,154,7.199999999999989,-852.9600000000221,2025-06-03T09:32:00-04:00,0.0,7.2999999999999545,-1052.9599999999539,2025-06-03T09:33:00-04:00,0.0,7.399999999999977,-1252.9599999999994,2025-06-03T09:36:00-04:00,0.0,7.399999999999977,-1252.9599999999994,2025-06-03T09:41:00-04:00,0.0,7.149999999999977,-752.9599999999994,2025-06-03T09:46:00-04:00,0.0,6.75,47.039999999955235,2025-06-03T10:01:00-04:00,0.0,6.0,1547.0399999999552,2025-06-03T10:31:00-04:00,0.0,5.050000000000011,3447.0399999999327,2025-06-03T11:31:00-04:00,0.0,,,2025-06-03T15:59:00-04:00,60.0,3.1500000000000057,7247.039999999944,2025-06-04T16:00:00-04:00,0.0,7.899999999999977,-2252.959999999999,2025-06-05T16:00:00-04:00,0.0,9.75,-5952.960000000046,2025-06-06T16:00:00-04:00,0.0,62.0,hit,62.0,hit,62.0,hit,124.0,hit,170.0,hit,170.0,hit,170.0,hit,4.0,hit,12.0,hit,1.0,hit,12.0,hit,12.0,hit,298.0,hit,9.300000000000011,44,True,True,True,True,,9.300000000000011,45,True,True,True,True,,9.300000000000011,45,True,True,True,True,,9.300000000000011,45,True,True,True,True,,124.0,2025-06-03T11:35:00-04:00,2.949999999999932,7647.040000000092,,,,,,,,,125.0,2025-06-03T11:36:00-04:00,6.399999999999977,747.0400000000006,170.0,2025-06-03T12:21:00-04:00,0.25,13047.039999999955,,,,,,,,,171.0,2025-06-03T12:22:00-04:00,5.849999999999966,1847.0400000000234,170.0,2025-06-03T12:21:00-04:00,0.25,13047.039999999955,,,,,,,,,171.0,2025-06-03T12:22:00-04:00,5.849999999999966,1847.0400000000234,170.0,2025-06-03T12:21:00-04:00,0.25,13047.039999999955,,,,,,,,,171.0,2025-06-03T12:22:00-04:00,5.849999999999966,1847.0400000000234,2663
2025-06-04,2025-06-06,2,5.0,2025-06-04T09:31:00-04:00,5.0,NDXP  250606P21740000,NDXP  250606P21730000,validation,False,False,0,0,2,1,0,1195,available,False,2025-06-04T09:31:00-04:00,2025-06-06T15:58:00-04:00,0.2,9347.04,2.0,last_observed_quote_not_settlement,1036.0,246,58,4.800000000000011,147.03999999997797,2025-06-04T09:32:00-04:00,0.0,5.199999999999989,-652.9599999999766,2025-06-04T09:33:00-04:00,0.0,4.849999999999994,47.04000000001208,2025-06-04T09:36:00-04:00,0.0,4.5,747.0400000000006,2025-06-04T09:41:00-04:00,0.0,4.549999999999983,647.0400000000348,2025-06-04T09:46:00-04:00,0.0,5.25,-752.9599999999994,2025-06-04T10:01:00-04:00,0.0,4.800000000000011,147.03999999997797,2025-06-04T10:31:00-04:00,0.0,4.900000000000006,-52.96000000001066,2025-06-04T11:31:00-04:00,0.0,4.75,247.04000000000067,2025-06-04T16:00:00-04:00,0.0,2.7499999999999716,4247.040000000057,2025-06-05T16:00:00-04:00,0.0,,,2025-06-06T15:58:00-04:00,120.0,,,,,0.0,hit,0.0,hit,40.0,hit,40.0,hit,2977.0,hit,3159.0,hit,3262.0,hit,33.0,hit,38.0,hit,394.0,hit,1649.0,hit,,never_hit,,never_hit,6.150000000000006,7,False,False,False,False,,8.699999999999932,237,True,True,False,False,,8.699999999999932,246,True,True,False,False,,8.699999999999932,246,True,True,False,False,,40.0,2025-06-04T10:11:00-04:00,2.8000000000000114,4147.039999999978,1554.0,2025-06-05T11:25:00-04:00,2.8500000000000085,4047.0399999999836,1562.0,2025-06-05T11:33:00-04:00,2.9000000000000057,3947.0399999999895,41.0,2025-06-04T10:12:00-04:00,5.25,-752.9599999999994,2977.0,2025-06-06T11:08:00-04:00,1.8999999999999986,5947.040000000004,2978.0,2025-06-06T11:09:00-04:00,1.7999999999999972,6147.040000000006,3147.0,2025-06-06T13:58:00-04:00,1.75,6247.040000000001,2978.0,2025-06-06T11:09:00-04:00,1.7999999999999972,6147.040000000006,3163.0,2025-06-06T14:14:00-04:00,0.9499999999999993,7847.040000000002,3166.0,2025-06-06T14:17:00-04:00,0.8499999999999996,8047.040000000002,3167.0,2025-06-06T14:18:00-04:00,0.8499999999999996,8047.040000000002,3164.0,2025-06-06T14:15:00-04:00,1.049999999999999,7647.040000000003,3262.0,2025-06-06T15:53:00-04:00,0.44999999999999973,8847.04,3265.0,2025-06-06T15:56:00-04:00,0.35000000000000003,9047.04,3266.0,2025-06-06T15:57:00-04:00,0.425,8897.040000000003,3263.0,2025-06-06T15:54:00-04:00,0.6249999999999999,8497.04,2664
2025-06-04,2025-06-06,2,6.0,2025-06-04T09:31:00-04:00,5.800000000000011,NDXP  250606P21890000,NDXP  250606P21880000,validation,False,False,0,0,2,8,0,1189,available,False,2025-06-04T09:31:00-04:00,2025-06-06T15:58:00-04:00,10.0,-8552.959999999975,2.0,last_observed_quote_not_settlement,1036.0,983,123,6.400000000000034,-1452.9600000000448,2025-06-04T09:32:00-04:00,0.0,6.399999999999977,-1452.9599999999311,2025-06-04T09:33:00-04:00,0.0,6.300000000000011,-1252.9599999999994,2025-06-04T09:36:00-04:00,0.0,6.099999999999966,-852.9599999999084,2025-06-04T09:41:00-04:00,0.0,6.150000000000006,-952.959999999988,2025-06-04T09:46:00-04:00,0.0,6.599999999999966,-1852.9599999999084,2025-06-04T10:01:00-04:00,0.0,6.5,-1652.9599999999766,2025-06-04T10:31:00-04:00,0.0,6.400000000000006,-1452.959999999988,2025-06-04T11:31:00-04:00,0.0,1.3000000000000114,8747.04,2025-06-04T16:00:00-04:00,0.0,8.600000000000023,-5852.960000000024,2025-06-05T16:00:00-04:00,0.0,,,2025-06-06T15:58:00-04:00,120.0,,,,,11.0,hit,11.0,hit,112.0,hit,389.0,hit,389.0,hit,,never_hit,,never_hit,1.0,hit,35.0,hit,36.0,hit,93.0,hit,1655.0,hit,1655.0,hit,8.349999999999994,332,True,True,False,False,,8.349999999999994,332,True,True,False,False,,,,True,True,True,False,4.5,,,True,True,True,False,4.5,389.0,2025-06-04T16:00:00-04:00,1.3000000000000114,8747.04,,,,,,,,,390.0,2025-06-04T16:01:00-04:00,6.650000000000006,-1952.959999999988,389.0,2025-06-04T16:00:00-04:00,1.3000000000000114,8747.04,,,,,,,,,390.0,2025-06-04T16:01:00-04:00,6.650000000000006,-1952.959999999988,,,,,,,,,,,,,,,,,,,,,,,,,,,,,,,,,2665
2025-06-04,2025-06-06,2,7.0,2025-06-04T09:31:00-04:00,7.0,NDXP  250606P21950000,NDXP  250606P21940000,validation,False,False,0,0,0,76,0,1122,available,False,2025-06-04T09:31:00-04:00,2025-06-06T15:59:00-04:00,10.0,-6152.96,1.0,last_observed_quote_not_settlement,1036.0,686,73,7.0,-252.9599999999993,2025-06-04T09:32:00-04:00,0.0,7.0499999999999545,-352.95999999990835,2025-06-04T09:33:00-04:00,0.0,6.900000000000034,-52.9600000000675,2025-06-04T09:36:00-04:00,0.0,6.75,247.04000000000067,2025-06-04T09:41:00-04:00,0.0,6.849999999999966,47.04000000006892,2025-06-04T09:46:00-04:00,0.0,7.25,-752.9599999999994,2025-06-04T10:01:00-04:00,0.0,7.2000000000000455,-652.9600000000903,2025-06-04T10:31:00-04:00,0.0,7.100000000000023,-452.9600000000448,2025-06-04T11:31:00-04:00,0.0,8.5,-3252.960000000001,2025-06-04T16:00:00-04:00,0.0,,,2025-06-05T15:59:00-04:00,60.0,,,2025-06-06T15:59:00-04:00,60.0,,,,,50.0,hit,50.0,hit,1442.0,hit,1442.0,hit,1442.0,hit,1634.0,hit,,never_hit,33.0,hit,53.0,hit,0.0,hit,53.0,hit,1697.0,hit,1826.0,hit,8.5,162,True,True,False,False,,8.5,162,True,True,False,False,,8.5,220,True,True,False,False,,,,True,True,True,False,6.150000000000006,1442.0,2025-06-05T09:33:00-04:00,1.8000000000000114,10147.039999999979,,,,,,,,,1443.0,2025-06-05T09:34:00-04:00,5.150000000000006,3447.0399999999895,1442.0,2025-06-05T09:33:00-04:00,1.8000000000000114,10147.039999999979,,,,,,,,,1443.0,2025-06-05T09:34:00-04:00,5.150000000000006,3447.0399999999895,1634.0,2025-06-05T12:45:00-04:00,0.8499999999999943,12047.040000000014,,,,,,,,,1635.0,2025-06-05T12:46:00-04:00,7.75,-1752.9599999999994,,,,,,,,,,,,,,,,,2666
2025-06-06,2025-06-09,3,5.0,2025-06-06T09:31:00-04:00,4.949999999999989,NDXP  250609P21800000,NDXP  250609P21790000,validation,False,False,0,0,1,0,0,794,available,False,2025-06-06T09:31:00-04:00,2025-06-09T15:59:00-04:00,1.125,7397.039999999978,1.0,last_observed_quote_not_settlement,3916.0,173,62,4.599999999999994,447.03999999998933,2025-06-06T09:32:00-04:00,0.0,5.199999999999989,-752.9599999999994,2025-06-06T09:33:00-04:00,0.0,5.150000000000006,-652.9600000000335,2025-06-06T09:36:00-04:00,0.0,4.599999999999994,447.03999999998933,2025-06-06T09:41:00-04:00,0.0,4.300000000000011,1047.0399999999552,2025-06-06T09:46:00-04:00,0.0,4.200000000000003,1247.0399999999722,2025-06-06T10:01:00-04:00,0.0,5.0,-352.96000000002203,2025-06-06T10:31:00-04:00,0.0,5.299999999999997,-952.9600000000164,2025-06-06T11:31:00-04:00,0.0,5.25,-852.9600000000221,2025-06-06T16:00:00-04:00,0.0,,,2025-06-06T16:15:00-04:00,85500.0,,,2025-06-06T16:15:00-04:00,171900.0,,,2025-06-09T15:59:00-04:00,60.0,0.0,hit,0.0,hit,19.0,hit,329.0,hit,4575.0,hit,4575.0,hit,4575.0,hit,29.0,hit,53.0,hit,167.0,hit,167.0,hit,,never_hit,,never_hit,8.099999999999994,110,True,True,False,False,,8.099999999999994,173,True,True,False,False,,8.099999999999994,173,True,True,False,False,,8.099999999999994,173,True,True,False,False,,329.0,2025-06-06T15:00:00-04:00,2.749999999999986,4147.040000000006,4384.0,2025-06-09T10:35:00-04:00,2.9499999999999993,3747.0399999999795,4522.0,2025-06-09T12:53:00-04:00,2.3999999999999986,4847.039999999981,330.0,2025-06-06T15:01:00-04:00,4.099999999999994,1447.0399999999893,4575.0,2025-06-09T13:46:00-04:00,0.29999999999999893,9047.03999999998,4620.0,2025-06-09T14:31:00-04:00,1.9000000000000021,5847.039999999974,4639.0,2025-06-09T14:50:00-04:00,1.8000000000000007,6047.039999999976,4576.0,2025-06-09T13:47:00-04:00,2.1500000000000004,5347.039999999977,4575.0,2025-06-09T13:46:00-04:00,0.29999999999999893,9047.03999999998,,,,,,,,,4576.0,2025-06-09T13:47:00-04:00,2.1500000000000004,5347.039999999977,4575.0,2025-06-09T13:46:00-04:00,0.29999999999999893,9047.03999999998,,,,,,,,,4576.0,2025-06-09T13:47:00-04:00,2.1500000000000004,5347.039999999977,2667
2025-06-06,2025-06-09,3,6.0,2025-06-06T09:31:00-04:00,6.150000000000006,NDXP  250609P21870000,NDXP  250609P21860000,validation,False,False,0,0,0,10,0,785,available,False,2025-06-06T09:31:00-04:00,2025-06-09T15:53:00-04:00,9.849999999999994,-7652.959999999978,7.0,last_observed_quote_not_settlement,3916.0,389,177,5.7000000000000455,647.0399999999211,2025-06-06T09:32:00-04:00,0.0,6.0,47.04000000001208,2025-06-06T09:33:00-04:00,0.0,6.299999999999983,-552.9599999999539,2025-06-06T09:36:00-04:00,0.0,5.500000000000028,1047.0399999999552,2025-06-06T09:41:00-04:00,0.0,5.099999999999994,1847.0400000000234,2025-06-06T09:46:00-04:00,0.0,5.25,1547.040000000012,2025-06-06T10:01:00-04:00,0.0,6.100000000000023,-152.9600000000334,2025-06-06T10:31:00-04:00,0.0,6.699999999999989,-1352.9599999999652,2025-06-06T11:31:00-04:00,0.0,5.800000000000011,447.03999999998933,2025-06-06T16:00:00-04:00,0.0,,,2025-06-06T16:15:00-04:00,85500.0,,,2025-06-06T16:15:00-04:00,171900.0,,,2025-06-09T15:53:00-04:00,420.0,11.0,hit,16.0,hit,376.0,hit,,never_hit,,never_hit,,never_hit,,never_hit,70.0,hit,70.0,hit,70.0,hit,193.0,hit,4341.0,hit,4341.0,hit,,,True,True,True,False,3.0500000000000114,,,True,True,True,False,3.0500000000000114,,,True,True,True,False,3.0500000000000114,,,True,True,True,False,3.0500000000000114,,,,,,,,,,,,,,,,,,,,,,,,,,,,,,,,,,,,,,,,,,,,,,,,,,,,,,,,,,,,,,,,,2668
2025-06-06,2025-06-09,3,7.0,2025-06-06T09:31:00-04:00,6.949999999999989,NDXP  250609P21900000,NDXP  250609P21890000,validation,False,False,0,0,0,13,0,782,available,False,2025-06-06T09:31:00-04:00,2025-06-09T16:00:00-04:00,9.799999999999997,-5952.960000000018,0.0,last_observed_quote_not_settlement,3916.0,423,125,6.449999999999989,747.0400000000006,2025-06-06T09:32:00-04:00,0.0,6.549999999999983,547.040000000012,2025-06-06T09:33:00-04:00,0.0,6.25,1147.039999999978,2025-06-06T09:36:00-04:00,0.0,5.950000000000017,1747.0399999999438,2025-06-06T09:41:00-04:00,0.0,5.800000000000011,2047.0399999999554,2025-06-06T09:46:00-04:00,0.0,5.599999999999994,2447.0399999999895,2025-06-06T10:01:00-04:00,0.0,8.099999999999994,-2552.9600000000123,2025-06-06T10:31:00-04:00,0.0,8.299999999999983,-2952.9599999999896,2025-06-06T11:31:00-04:00,0.0,8.5,-3352.9600000000237,2025-06-06T16:00:00-04:00,0.0,,,2025-06-06T16:15:00-04:00,85500.0,,,2025-06-06T16:15:00-04:00,171900.0,9.799999999999997,-5952.960000000018,2025-06-09T16:00:00-04:00,0.0,6.0,hit,64.0,hit,,never_hit,,never_hit,,never_hit,,never_hit,,never_hit,4.0,hit,60.0,hit,4.0,hit,60.0,hit,176.0,hit,176.0,hit,,,True,True,True,False,2.799999999999983,,,True,True,True,False,2.799999999999983,,,True,True,True,False,2.799999999999983,,,True,True,True,False,2.799999999999983,,,,,,,,,,,,,,,,,,,,,,,,,,,,,,,,,,,,,,,,,,,,,,,,,,,,,,,,,,,,,,,,,2669
2025-06-09,2025-06-11,2,5.0,2025-06-09T09:31:00-04:00,5.0,NDXP  250611P21820000,NDXP  250611P21810000,validation,False,False,0,0,0,0,0,1200,available,False,2025-06-09T09:31:00-04:00,2025-06-11T16:00:00-04:00,0.35,9047.04,0.0,last_observed_quote_not_settlement,1036.0,49,23,5.25,-752.9599999999994,2025-06-09T09:32:00-04:00,0.0,5.150000000000006,-552.9600000000107,2025-06-09T09:33:00-04:00,0.0,5.25,-752.9599999999994,2025-06-09T09:36:00-04:00,0.0,5.449999999999989,-1152.9599999999766,2025-06-09T09:41:00-04:00,0.0,5.200000000000017,-652.9600000000335,2025-06-09T09:46:00-04:00,0.0,4.9500000000000455,-152.96000000009025,2025-06-09T10:01:00-04:00,0.0,4.399999999999977,947.0400000000461,2025-06-09T10:31:00-04:00,0.0,4.749999999999972,247.04000000005752,2025-06-09T11:31:00-04:00,0.0,5.200000000000017,-652.9600000000335,2025-06-09T16:00:00-04:00,0.0,2.6999999999999957,4347.040000000009,2025-06-10T16:00:00-04:00,0.0,0.35,9047.04,2025-06-11T16:00:00-04:00,0.0,,,,,0.0,hit,0.0,hit,125.0,hit,141.0,hit,141.0,hit,2921.0,hit,2945.0,hit,9.0,hit,3246.0,hit,3246.0,hit,3246.0,hit,,never_hit,,never_hit,5.600000000000023,25,False,False,False,False,,5.600000000000023,25,False,False,False,False,,5.849999999999994,43,False,False,False,False,,5.849999999999994,43,False,False,False,False,,141.0,2025-06-09T11:52:00-04:00,1.6500000000000057,6447.039999999989,1775.0,2025-06-10T15:06:00-04:00,2.5500000000000043,4647.039999999992,1776.0,2025-06-10T15:07:00-04:00,2.700000000000003,4347.039999999995,142.0,2025-06-09T11:53:00-04:00,4.75,247.04000000000067,141.0,2025-06-09T11:52:00-04:00,1.6500000000000057,6447.039999999989,2881.0,2025-06-11T09:32:00-04:00,1.9000000000000021,5947.039999999996,2882.0,2025-06-11T09:33:00-04:00,1.6000000000000014,6547.039999999998,142.0,2025-06-09T11:53:00-04:00,4.75,247.04000000000067,2923.0,2025-06-11T10:14:00-04:00,0.9499999999999993,7847.040000000002,2924.0,2025-06-11T10:15:00-04:00,0.9499999999999993,7847.040000000002,2925.0,2025-06-11T10:16:00-04:00,0.9499999999999993,7847.040000000002,2924.0,2025-06-11T10:15:00-04:00,0.9499999999999993,7847.040000000002,2956.0,2025-06-11T10:47:00-04:00,0.39999999999999947,8947.040000000003,2961.0,2025-06-11T10:52:00-04:00,0.40000000000000036,8947.04,2962.0,2025-06-11T10:53:00-04:00,0.35000000000000053,9047.04,2957.0,2025-06-11T10:48:00-04:00,0.5,8747.04,2670
2025-06-09,2025-06-11,2,6.0,2025-06-09T09:31:00-04:00,6.199999999999989,NDXP  250611P21930000,NDXP  250611P21920000,validation,False,False,0,0,0,3,0,1197,available,False,2025-06-09T09:31:00-04:00,2025-06-11T16:00:00-04:00,10.0,-7752.960000000023,0.0,last_observed_quote_not_settlement,1036.0,271,153,6.449999999999989,-752.9599999999994,2025-06-09T09:32:00-04:00,0.0,6.599999999999966,-1052.9599999999539,2025-06-09T09:33:00-04:00,0.0,6.549999999999983,-952.959999999988,2025-06-09T09:36:00-04:00,0.0,6.699999999999989,-1252.9599999999994,2025-06-09T09:41:00-04:00,0.0,6.5,-852.9600000000221,2025-06-09T09:46:00-04:00,0.0,5.25,1647.039999999978,2025-06-09T10:01:00-04:00,0.0,5.549999999999983,1047.040000000012,2025-06-09T10:31:00-04:00,0.0,5.75,647.0399999999779,2025-06-09T11:31:00-04:00,0.0,6.400000000000006,-652.9600000000335,2025-06-09T16:00:00-04:00,0.0,4.299999999999983,3547.0400000000122,2025-06-10T16:00:00-04:00,0.0,10.0,-7752.960000000023,2025-06-11T16:00:00-04:00,0.0,,,,,21.0,hit,24.0,hit,54.0,hit,87.0,hit,1665.0,hit,1665.0,hit,1665.0,hit,8.0,hit,20.0,hit,20.0,hit,95.0,hit,109.0,hit,3225.0,hit,7.650000000000006,33,True,False,False,False,,9.400000000000006,154,True,True,True,True,,9.400000000000006,154,True,True,True,True,,9.400000000000006,154,True,True,True,True,,87.0,2025-06-09T10:58:00-04:00,2.599999999999966,6947.040000000046,2923.0,2025-06-11T10:14:00-04:00,2.650000000000002,6847.039999999974,2924.0,2025-06-11T10:15:00-04:00,2.799999999999997,6547.039999999984,88.0,2025-06-09T10:59:00-04:00,6.349999999999994,-552.9600000000107,1665.0,2025-06-10T13:16:00-04:00,0.29999999999999716,11547.039999999985,2945.0,2025-06-11T10:36:00-04:00,1.7999999999999972,8547.039999999985,2946.0,2025-06-11T10:37:00-04:00,1.6499999999999986,8847.03999999998,1666.0,2025-06-10T13:17:00-04:00,5.150000000000006,1847.0399999999665,1665.0,2025-06-10T13:16:00-04:00,0.29999999999999716,11547.039999999985,,,,,,,,,1666.0,2025-06-10T13:17:00-04:00,5.150000000000006,1847.0399999999665,1665.0,2025-06-10T13:16:00-04:00,0.29999999999999716,11547.039999999985,,,,,,,,,1666.0,2025-06-10T13:17:00-04:00,5.150000000000006,1847.0399999999665,2671
2025-06-09,2025-06-11,2,7.0,2025-06-09T09:31:00-04:00,7.0,NDXP  250611P22000000,NDXP  250611P21990000,validation,False,False,0,0,0,24,0,1176,available,False,2025-06-09T09:31:00-04:00,2025-06-11T16:00:00-04:00,7.700000000000017,-1652.9600000000335,0.0,last_observed_quote_not_settlement,1036.0,326,177,7.25,-752.9599999999994,2025-06-09T09:32:00-04:00,0.0,7.350000000000023,-952.9600000000448,2025-06-09T09:33:00-04:00,0.0,7.5,-1252.9599999999994,2025-06-09T09:36:00-04:00,0.0,7.399999999999977,-1052.9599999999539,2025-06-09T09:41:00-04:00,0.0,7.300000000000011,-852.9600000000221,2025-06-09T09:46:00-04:00,0.0,7.100000000000023,-452.9600000000448,2025-06-09T10:01:00-04:00,0.0,6.599999999999994,547.040000000012,2025-06-09T10:31:00-04:00,0.0,6.949999999999989,-152.95999999997656,2025-06-09T11:31:00-04:00,0.0,8.400000000000006,-3052.9600000000123,2025-06-09T16:00:00-04:00,0.0,5.400000000000006,2947.0399999999895,2025-06-10T16:00:00-04:00,0.0,7.700000000000017,-1652.9600000000335,2025-06-11T16:00:00-04:00,0.0,,,,,200.0,hit,218.0,hit,227.0,hit,310.0,hit,310.0,hit,371.0,hit,,never_hit,5.0,hit,73.0,hit,0.0,hit,73.0,hit,85.0,hit,175.0,hit,9.949999999999989,79,True,True,True,True,,9.949999999999989,79,True,True,True,True,,9.949999999999989,95,True,True,True,True,,,,True,True,True,False,6.449999999999989,310.0,2025-06-09T14:41:00-04:00,1.5500000000000114,10647.039999999979,2971.0,2025-06-11T11:02:00-04:00,2.8999999999999986,7947.040000000004,,,,,311.0,2025-06-09T14:42:00-04:00,6.899999999999977,-52.959999999953816,310.0,2025-06-09T14:41:00-04:00,1.5500000000000114,10647.039999999979,,,,,,,,,311.0,2025-06-09T14:42:00-04:00,6.899999999999977,-52.959999999953816,371.0,2025-06-09T15:42:00-04:00,0.5500000000000114,12647.039999999979,,,,,,,,,372.0,2025-06-09T15:43:00-04:00,6.950000000000017,-152.9600000000334,,,,,,,,,,,,,,,,,2672
2025-06-09,2025-06-12,3,5.0,2025-06-09T09:31:00-04:00,5.0,NDXP  250612P21810000,NDXP  250612P21800000,validation,False,False,0,0,5,0,0,1599,available,False,2025-06-09T09:31:00-04:00,2025-06-12T15:54:00-04:00,0.07500000000000001,9597.04,6.0,last_observed_quote_not_settlement,1036.0,22,21,5.25,-752.9599999999994,2025-06-09T09:32:00-04:00,0.0,5.099999999999994,-452.95999999998793,2025-06-09T09:33:00-04:00,0.0,5.449999999999989,-1152.9599999999766,2025-06-09T09:36:00-04:00,0.0,5.400000000000006,-1052.9600000000107,2025-06-09T09:41:00-04:00,0.0,4.999999999999972,-252.95999999994245,2025-06-09T09:46:00-04:00,0.0,4.75,247.04000000000067,2025-06-09T10:01:00-04:00,0.0,4.300000000000011,1147.039999999978,2025-06-09T10:31:00-04:00,0.0,4.5,747.0400000000006,2025-06-09T11:31:00-04:00,0.0,4.550000000000011,647.0399999999779,2025-06-09T16:00:00-04:00,0.0,3.0,3747.040000000001,2025-06-10T16:00:00-04:00,0.0,3.3499999999999943,3047.0400000000122,2025-06-11T16:00:00-04:00,0.0,,,2025-06-12T15:54:00-04:00,360.0,0.0,hit,0.0,hit,33.0,hit,33.0,hit,2921.0,hit,3206.0,hit,4561.0,hit,8.0,hit,126.0,hit,3211.0,hit,,never_hit,,never_hit,,never_hit,5.5,12,False,False,False,False,,6.199999999999989,19,False,False,False,False,,6.450000000000003,21,False,False,False,False,,7.1499999999999915,22,True,False,False,False,,33.0,2025-06-09T10:04:00-04:00,2.849999999999966,4047.040000000069,1776.0,2025-06-10T15:07:00-04:00,2.9000000000000057,3947.0399999999895,1780.0,2025-06-10T15:11:00-04:00,2.8499999999999943,4047.040000000012,34.0,2025-06-09T10:05:00-04:00,4.899999999999977,-52.959999999953816,2922.0,2025-06-11T10:13:00-04:00,1.9499999999999957,5847.040000000009,2929.0,2025-06-11T10:20:00-04:00,1.7999999999999972,6147.040000000006,2933.0,2025-06-11T10:24:00-04:00,1.7999999999999972,6147.040000000006,2923.0,2025-06-11T10:14:00-04:00,2.0,5747.040000000001,4498.0,2025-06-12T12:29:00-04:00,0.8499999999999996,8047.040000000002,4499.0,2025-06-12T12:30:00-04:00,0.8999999999999986,7947.040000000004,4511.0,2025-06-12T12:42:00-04:00,0.9000000000000021,7947.039999999996,4499.0,2025-06-12T12:30:00-04:00,0.8999999999999986,7947.040000000004,4647.0,2025-06-12T14:58:00-04:00,0.44999999999999973,8847.04,4648.0,2025-06-12T14:59:00-04:00,0.35000000000000053,9047.04,4649.0,2025-06-12T15:00:00-04:00,0.37500000000000044,8997.039999999999,4648.0,2025-06-12T14:59:00-04:00,0.35000000000000053,9047.04,2673
2025-06-09,2025-06-12,3,6.0,2025-06-09T09:31:00-04:00,6.0,NDXP  250612P21970000,NDXP  250612P21960000,validation,False,False,0,0,2,24,0,1579,available,False,2025-06-09T09:31:00-04:00,2025-06-12T16:00:00-04:00,10.0,-8152.96,0.0,last_observed_quote_not_settlement,1036.0,766,335,6.600000000000023,-1452.9600000000448,2025-06-09T09:32:00-04:00,0.0,6.7000000000000455,-1652.9600000000903,2025-06-09T09:33:00-04:00,0.0,7.050000000000011,-2352.960000000022,2025-06-09T09:36:00-04:00,0.0,6.800000000000011,-1852.960000000022,2025-06-09T09:41:00-04:00,0.0,6.850000000000023,-1952.9600000000448,2025-06-09T09:46:00-04:00,0.0,6.650000000000034,-1552.9600000000676,2025-06-09T10:01:00-04:00,0.0,6.599999999999966,-1452.9599999999311,2025-06-09T10:31:00-04:00,0.0,6.099999999999994,-452.95999999998793,2025-06-09T11:31:00-04:00,0.0,6.850000000000023,-1952.9600000000448,2025-06-09T16:00:00-04:00,0.0,4.800000000000011,2147.039999999978,2025-06-10T16:00:00-04:00,0.0,6.300000000000011,-852.9600000000221,2025-06-11T16:00:00-04:00,0.0,10.0,-8152.96,2025-06-12T16:00:00-04:00,0.0,46.0,hit,46.0,hit,69.0,hit,227.0,hit,227.0,hit,,never_hit,,never_hit,1.0,hit,5.0,hit,5.0,hit,200.0,hit,200.0,hit,200.0,hit,9.649999999999977,148,True,True,True,True,,9.649999999999977,148,True,True,True,True,,,,True,True,True,False,4.0,,,True,True,True,False,4.0,227.0,2025-06-09T13:18:00-04:00,2.0,7747.040000000001,,,,,,,,,228.0,2025-06-09T13:19:00-04:00,6.150000000000006,-552.9600000000107,,,,,,,,,,,,,,,,,,,,,,,,,,,,,,,,,,,,,,,,,,,,,,,,,2674
2025-06-09,2025-06-12,3,7.0,2025-06-09T09:31:00-04:00,6.900000000000034,NDXP  250612P22030000,NDXP  250612P22020000,validation,False,False,0,0,0,22,0,1583,available,False,2025-06-09T09:31:00-04:00,2025-06-12T16:00:00-04:00,10.0,-6352.959999999932,0.0,last_observed_quote_not_settlement,1036.0,674,241,7.150000000000034,-752.9599999999994,2025-06-09T09:32:00-04:00,0.0,7.300000000000011,-1052.9599999999539,2025-06-09T09:33:00-04:00,0.0,7.600000000000023,-1652.9599999999766,2025-06-09T09:36:00-04:00,0.0,7.300000000000011,-1052.9599999999539,2025-06-09T09:41:00-04:00,0.0,6.899999999999977,-252.9599999998856,2025-06-09T09:46:00-04:00,0.0,7.0,-452.9599999999311,2025-06-09T10:01:00-04:00,0.0,6.849999999999966,-152.95999999986287,2025-06-09T10:31:00-04:00,0.0,6.2999999999999545,947.0400000001598,2025-06-09T11:31:00-04:00,0.0,6.350000000000023,847.0400000000234,2025-06-09T16:00:00-04:00,0.0,4.800000000000011,3947.0400000000463,2025-06-10T16:00:00-04:00,0.0,7.7000000000000455,-1852.960000000022,2025-06-11T16:00:00-04:00,0.0,10.0,-6352.959999999932,2025-06-12T16:00:00-04:00,0.0,87.0,hit,87.0,hit,87.0,hit,87.0,hit,87.0,hit,,never_hit,,never_hit,5.0,hit,8.0,hit,1.0,hit,161.0,hit,168.0,hit,168.0,hit,7.949999999999989,37,True,False,False,False,,7.949999999999989,37,True,False,False,False,,,,True,True,True,False,5.650000000000034,,,True,True,True,False,5.650000000000034,87.0,2025-06-09T10:58:00-04:00,1.7999999999999545,9947.040000000161,,,,,,,,,88.0,2025-06-09T10:59:00-04:00,6.399999999999977,747.0400000001143,87.0,2025-06-09T10:58:00-04:00,1.7999999999999545,9947.040000000161,,,,,,,,,88.0,2025-06-09T10:59:00-04:00,6.399999999999977,747.0400000001143,,,,,,,,,,,,,,,,,,,,,,,,,,,,,,,,,2675
2025-06-10,2025-06-12,2,5.0,2025-06-10T09:31:00-04:00,5.0,NDXP  250612P21880000,NDXP  250612P21870000,validation,False,False,0,0,1,0,0,1198,available,False,2025-06-10T09:31:00-04:00,2025-06-12T15:58:00-04:00,0.475,8797.04,2.0,last_observed_quote_not_settlement,1036.0,168,88,5.25,-752.9599999999994,2025-06-10T09:32:00-04:00,0.0,4.649999999999977,447.0400000000462,2025-06-10T09:33:00-04:00,0.0,5.099999999999994,-452.95999999998793,2025-06-10T09:36:00-04:00,0.0,4.599999999999994,547.040000000012,2025-06-10T09:41:00-04:00,0.0,5.000000000000028,-252.96000000005614,2025-06-10T09:46:00-04:00,0.0,4.949999999999989,-152.95999999997656,2025-06-10T10:01:00-04:00,0.0,5.049999999999983,-352.9599999999652,2025-06-10T10:31:00-04:00,0.0,4.999999999999972,-252.95999999994245,2025-06-10T11:31:00-04:00,0.0,3.750000000000014,2247.039999999972,2025-06-10T16:00:00-04:00,0.0,4.799999999999997,147.0400000000064,2025-06-11T16:00:00-04:00,0.0,,,2025-06-12T15:58:00-04:00,120.0,,,,,0.0,hit,0.0,hit,130.0,hit,130.0,hit,1527.0,hit,3229.0,hit,3267.0,hit,89.0,hit,89.0,hit,89.0,hit,89.0,hit,,never_hit,,never_hit,8.299999999999983,55,True,True,False,False,,8.299999999999983,84,True,True,False,False,,8.299999999999983,168,True,True,False,False,,8.299999999999983,168,True,True,False,False,,130.0,2025-06-10T11:41:00-04:00,2.9499999999999886,3847.0400000000236,1480.0,2025-06-11T10:11:00-04:00,2.8999999999999986,3947.0400000000036,1481.0,2025-06-11T10:12:00-04:00,2.799999999999997,4147.040000000006,131.0,2025-06-10T11:42:00-04:00,5.199999999999989,-652.9599999999766,1777.0,2025-06-11T15:08:00-04:00,1.3499999999999943,7047.040000000012,3072.0,2025-06-12T12:43:00-04:00,1.9499999999999993,5847.040000000002,3110.0,2025-06-12T13:21:00-04:00,1.9000000000000004,5947.04,1778.0,2025-06-11T15:09:00-04:00,5.049999999999997,-352.9599999999936,3231.0,2025-06-12T15:22:00-04:00,0.9000000000000004,7947.04,,,,,,,,,3232.0,2025-06-12T15:23:00-04:00,1.2999999999999998,7147.040000000001,,,,,,,,,,,,,,,,,2676
2025-06-10,2025-06-12,2,6.0,2025-06-10T09:31:00-04:00,5.950000000000017,NDXP  250612P21970000,NDXP  250612P21960000,validation,False,False,0,0,2,19,0,1179,available,False,2025-06-10T09:31:00-04:00,2025-06-12T16:00:00-04:00,10.0,-8252.959999999965,0.0,last_observed_quote_not_settlement,1036.0,554,209,4.699999999999989,2247.0400000000577,2025-06-10T09:32:00-04:00,0.0,5.900000000000006,-152.95999999997656,2025-06-10T09:33:00-04:00,0.0,6.550000000000011,-1452.959999999988,2025-06-10T09:36:00-04:00,0.0,5.900000000000006,-152.95999999997656,2025-06-10T09:41:00-04:00,0.0,7.199999999999989,-2752.9599999999423,2025-06-10T09:46:00-04:00,0.0,3.1500000000000057,5347.040000000024,2025-06-10T10:01:00-04:00,0.0,6.5,-1352.9599999999652,2025-06-10T10:31:00-04:00,0.0,5.050000000000011,1547.040000000012,2025-06-10T11:31:00-04:00,0.0,4.800000000000011,2047.0400000000122,2025-06-10T16:00:00-04:00,0.0,6.300000000000011,-952.959999999988,2025-06-11T16:00:00-04:00,0.0,10.0,-8252.959999999965,2025-06-12T16:00:00-04:00,0.0,,,,,1.0,hit,1.0,hit,30.0,hit,119.0,hit,,never_hit,,never_hit,,never_hit,5.0,hit,12.0,hit,12.0,hit,14.0,hit,88.0,hit,1816.0,hit,9.150000000000006,75,True,True,True,True,,,,True,True,True,False,3.3500000000000085,,,True,True,True,False,3.3500000000000085,,,True,True,True,False,3.3500000000000085,119.0,2025-06-10T11:30:00-04:00,2.6499999999999773,6347.04000000008,,,,,,,,,120.0,2025-06-10T11:31:00-04:00,5.050000000000011,1547.040000000012,,,,,,,,,,,,,,,,,,,,,,,,,,,,,,,,,,,,,,,,,,,,,,,,,2677
2025-06-10,2025-06-12,2,7.0,2025-06-10T09:31:00-04:00,7.0,NDXP  250612P22050000,NDXP  250612P22040000,validation,False,False,0,0,0,51,0,1149,available,False,2025-06-10T09:31:00-04:00,2025-06-12T16:00:00-04:00,9.999999999999986,-6152.96,0.0,last_observed_quote_not_settlement,1036.0,615,122,7.199999999999989,-652.9599999999766,2025-06-10T09:32:00-04:00,0.0,7.199999999999989,-652.9599999999766,2025-06-10T09:33:00-04:00,0.0,7.300000000000011,-852.9600000000221,2025-06-10T09:36:00-04:00,0.0,6.700000000000017,347.0399999999666,2025-06-10T09:41:00-04:00,0.0,7.199999999999989,-652.9599999999766,2025-06-10T09:46:00-04:00,0.0,7.099999999999994,-452.95999999998793,2025-06-10T10:01:00-04:00,0.0,6.75,247.04000000000067,2025-06-10T10:31:00-04:00,0.0,9.600000000000023,-5452.960000000046,2025-06-10T11:31:00-04:00,0.0,6.649999999999977,447.0400000000462,2025-06-10T16:00:00-04:00,0.0,7.949999999999989,-2152.9599999999764,2025-06-11T16:00:00-04:00,0.0,9.999999999999986,-6152.96,2025-06-12T16:00:00-04:00,0.0,,,,,160.0,hit,170.0,hit,170.0,hit,,never_hit,,never_hit,,never_hit,,never_hit,16.0,hit,61.0,hit,0.0,hit,61.0,hit,61.0,hit,120.0,hit,,,True,True,True,False,3.6999999999999886,,,True,True,True,False,3.6999999999999886,,,True,True,True,False,3.6999999999999886,,,True,True,True,False,3.6999999999999886,,,,,,,,,,,,,,,,,,,,,,,,,,,,,,,,,,,,,,,,,,,,,,,,,,,,,,,,,,,,,,,,,2678
2025-06-10,2025-06-13,3,5.0,2025-06-10T09:31:00-04:00,5.0,NDXP  250613P21890000,NDXP  250613P21880000,validation,False,False,0,0,0,15,0,1589,available,False,2025-06-10T09:31:00-04:00,2025-06-13T16:00:00-04:00,9.800000000000011,-9852.960000000023,0.0,last_observed_quote_not_settlement,1036.0,493,112,5.400000000000006,-1052.9600000000107,2025-06-10T09:32:00-04:00,0.0,4.700000000000017,347.0399999999666,2025-06-10T09:33:00-04:00,0.0,4.949999999999989,-152.95999999997656,2025-06-10T09:36:00-04:00,0.0,4.850000000000023,47.039999999955235,2025-06-10T09:41:00-04:00,0.0,5.25,-752.9599999999994,2025-06-10T09:46:00-04:00,0.0,5.100000000000023,-452.9600000000448,2025-06-10T10:01:00-04:00,0.0,4.849999999999994,47.04000000001208,2025-06-10T10:31:00-04:00,0.0,5.0,-252.9599999999993,2025-06-10T11:31:00-04:00,0.0,3.999999999999986,1747.040000000029,2025-06-10T16:00:00-04:00,0.0,4.200000000000017,1347.0399999999665,2025-06-11T16:00:00-04:00,0.0,3.5,2747.040000000001,2025-06-12T16:00:00-04:00,0.0,9.800000000000011,-9852.960000000023,2025-06-13T16:00:00-04:00,0.0,0.0,hit,0.0,hit,326.0,hit,1440.0,hit,,never_hit,,never_hit,,never_hit,122.0,hit,122.0,hit,126.0,hit,4320.0,hit,4353.0,hit,4353.0,hit,7.450000000000017,75,True,False,False,False,,,,True,True,True,False,2.5,,,True,True,True,False,2.5,,,True,True,True,False,2.5,1494.0,2025-06-11T10:25:00-04:00,2.9499999999999886,3847.0400000000236,1497.0,2025-06-11T10:28:00-04:00,2.799999999999997,4147.040000000006,1498.0,2025-06-11T10:29:00-04:00,2.700000000000003,4347.039999999995,1495.0,2025-06-11T10:26:00-04:00,3.0,3747.040000000001,,,,,,,,,,,,,,,,,,,,,,,,,,,,,,,,,,,,,,,,,,,,,,,,,2679
2025-06-10,2025-06-13,3,6.0,2025-06-10T09:31:00-04:00,6.0,NDXP  250613P21980000,NDXP  250613P21970000,validation,False,False,0,0,0,37,0,1567,available,False,2025-06-10T09:31:00-04:00,2025-06-13T16:00:00-04:00,10.0,-8152.96,0.0,last_observed_quote_not_settlement,1036.0,579,185,5.949999999999989,-152.95999999997656,2025-06-10T09:32:00-04:00,0.0,6.0,-252.9599999999993,2025-06-10T09:33:00-04:00,0.0,6.5,-1252.9599999999994,2025-06-10T09:36:00-04:00,0.0,4.050000000000011,3647.039999999978,2025-06-10T09:41:00-04:00,0.0,6.150000000000034,-552.9600000000676,2025-06-10T09:46:00-04:00,0.0,5.800000000000011,147.03999999997797,2025-06-10T10:01:00-04:00,0.0,7.349999999999994,-2952.9599999999878,2025-06-10T10:31:00-04:00,0.0,8.050000000000011,-4352.960000000024,2025-06-10T11:31:00-04:00,0.0,4.800000000000011,2147.039999999978,2025-06-10T16:00:00-04:00,0.0,6.200000000000017,-652.9600000000335,2025-06-11T16:00:00-04:00,0.0,5.900000000000006,-52.96000000001066,2025-06-12T16:00:00-04:00,0.0,10.0,-8152.96,2025-06-13T16:00:00-04:00,0.0,10.0,hit,10.0,hit,45.0,hit,1649.0,hit,,never_hit,,never_hit,,never_hit,5.0,hit,12.0,hit,12.0,hit,74.0,hit,2909.0,hit,4333.0,hit,8.849999999999994,106,True,True,False,False,,,,True,True,True,False,3.25,,,True,True,True,False,3.25,,,True,True,True,False,3.25,1649.0,2025-06-11T13:00:00-04:00,2.8499999999999943,6047.040000000012,,,,,,,,,1650.0,2025-06-11T13:01:00-04:00,4.799999999999997,2147.0400000000063,,,,,,,,,,,,,,,,,,,,,,,,,,,,,,,,,,,,,,,,,,,,,,,,,2680
2025-06-10,2025-06-13,3,7.0,2025-06-10T09:31:00-04:00,7.0,NDXP  250613P22080000,NDXP  250613P22070000,validation,False,False,0,0,0,53,0,1549,available,False,2025-06-10T09:31:00-04:00,2025-06-13T16:00:00-04:00,3.0500000000000114,7647.039999999978,0.0,last_observed_quote_not_settlement,1036.0,886,223,7.150000000000034,-552.9600000000676,2025-06-10T09:32:00-04:00,0.0,7.100000000000023,-452.9600000000448,2025-06-10T09:33:00-04:00,0.0,7.100000000000023,-452.9600000000448,2025-06-10T09:36:00-04:00,0.0,6.7000000000000455,347.03999999990975,2025-06-10T09:41:00-04:00,0.0,7.199999999999989,-652.9599999999766,2025-06-10T09:46:00-04:00,0.0,7.0,-252.9599999999993,2025-06-10T10:01:00-04:00,0.0,6.649999999999977,447.0400000000462,2025-06-10T10:31:00-04:00,0.0,6.849999999999966,47.04000000006892,2025-06-10T11:31:00-04:00,0.0,6.699999999999989,347.04000000002344,2025-06-10T16:00:00-04:00,0.0,7.399999999999977,-1052.9599999999539,2025-06-11T16:00:00-04:00,0.0,8.450000000000017,-3152.960000000035,2025-06-12T16:00:00-04:00,0.0,3.0500000000000114,7647.039999999978,2025-06-13T16:00:00-04:00,0.0,171.0,hit,171.0,hit,171.0,hit,1564.0,hit,,never_hit,,never_hit,,never_hit,62.0,hit,62.0,hit,0.0,hit,62.0,hit,121.0,hit,121.0,hit,10.0,110,True,True,True,True,,,,True,True,True,False,4.049999999999983,,,True,True,True,False,4.049999999999983,,,True,True,True,False,4.049999999999983,,,,,,,,,,,,,,,,,,,,,,,,,,,,,,,,,,,,,,,,,,,,,,,,,,,,,,,,,,,,,,,,,2681
2025-06-11,2025-06-13,2,5.0,2025-06-11T09:31:00-04:00,5.050000000000011,NDXP  250613P22030000,NDXP  250613P22020000,validation,False,False,0,0,0,122,0,1077,available,False,2025-06-11T09:31:00-04:00,2025-06-13T15:59:00-04:00,10.0,-10052.959999999975,1.0,last_observed_quote_not_settlement,1036.0,830,90,5.600000000000023,-1352.960000000022,2025-06-11T09:32:00-04:00,0.0,5.25,-652.9599999999766,2025-06-11T09:33:00-04:00,0.0,5.25,-652.9599999999766,2025-06-11T09:36:00-04:00,0.0,5.449999999999989,-1052.9599999999539,2025-06-11T09:41:00-04:00,0.0,5.349999999999966,-852.9599999999084,2025-06-11T09:46:00-04:00,0.0,5.049999999999983,-252.95999999994245,2025-06-11T10:01:00-04:00,0.0,4.5,847.0400000000234,2025-06-11T10:31:00-04:00,0.0,4.850000000000023,147.03999999997797,2025-06-11T11:31:00-04:00,0.0,6.349999999999994,-2852.959999999965,2025-06-11T16:00:00-04:00,0.0,6.699999999999989,-3552.9599999999537,2025-06-12T16:00:00-04:00,0.0,,,2025-06-13T15:59:00-04:00,60.0,,,,,0.0,hit,23.0,hit,256.0,hit,256.0,hit,304.0,hit,,never_hit,,never_hit,1.0,hit,16.0,hit,19.0,hit,321.0,hit,347.0,hit,347.0,hit,7.849999999999994,118,True,False,False,False,,7.850000000000023,158,True,False,False,False,,,,True,True,True,False,3.5500000000000114,,,True,True,True,False,3.5500000000000114,256.0,2025-06-11T13:47:00-04:00,2.5500000000000114,4747.040000000001,,,,,,,,,257.0,2025-06-11T13:48:00-04:00,7.300000000000011,-4752.959999999999,304.0,2025-06-11T14:35:00-04:00,1.5,6847.040000000024,,,,,,,,,305.0,2025-06-11T14:36:00-04:00,6.700000000000017,-3552.9600000000105,,,,,,,,,,,,,,,,,,,,,,,,,,,,,,,,,2682
2025-06-11,2025-06-13,2,6.0,2025-06-11T09:31:00-04:00,5.9500000000000455,NDXP  250613P22120000,NDXP  250613P22110000,validation,False,False,0,0,1,79,0,1119,available,False,2025-06-11T09:31:00-04:00,2025-06-13T15:58:00-04:00,9.5,-7352.95999999991,2.0,last_observed_quote_not_settlement,1037.0,1013,66,8.099999999999966,-4552.959999999842,2025-06-11T09:32:00-04:00,0.0,7.100000000000023,-2552.9599999999537,2025-06-11T09:33:00-04:00,0.0,7.949999999999989,-4252.959999999885,2025-06-11T09:36:00-04:00,0.0,9.099999999999994,-6552.959999999899,2025-06-11T09:41:00-04:00,0.0,5.200000000000017,1247.0400000000575,2025-06-11T09:46:00-04:00,0.0,8.200000000000017,-4752.959999999945,2025-06-11T10:01:00-04:00,0.0,7.299999999999983,-2952.959999999874,2025-06-11T10:31:00-04:00,0.0,7.150000000000006,-2652.9599999999195,2025-06-11T11:31:00-04:00,0.0,7.649999999999977,-3652.9599999998627,2025-06-11T16:00:00-04:00,0.0,7.949999999999989,-4252.959999999885,2025-06-12T16:00:00-04:00,0.0,,,2025-06-13T15:58:00-04:00,120.0,,,,,15.0,hit,85.0,hit,88.0,hit,293.0,hit,,never_hit,,never_hit,,never_hit,1.0,hit,1.0,hit,1.0,hit,1.0,hit,10.0,hit,19.0,hit,9.899999999999977,256,True,True,True,True,,,,True,True,True,False,2.9500000000000455,,,True,True,True,False,2.9500000000000455,,,True,True,True,False,2.9500000000000455,,,,,,,,,,,,,,,,,,,,,,,,,,,,,,,,,,,,,,,,,,,,,,,,,,,,,,,,,,,,,,,,,2683
2025-06-11,2025-06-13,2,7.0,2025-06-11T09:31:00-04:00,7.0,NDXP  250613P22190000,NDXP  250613P22180000,validation,False,False,0,0,0,237,0,962,available,False,2025-06-11T09:31:00-04:00,2025-06-13T16:00:00-04:00,10.0,-6152.96,0.0,last_observed_quote_not_settlement,1036.0,801,38,7.399999999999977,-1052.9599999999539,2025-06-11T09:32:00-04:00,0.0,7.199999999999989,-652.9599999999766,2025-06-11T09:33:00-04:00,0.0,7.5,-1252.9599999999994,2025-06-11T09:36:00-04:00,0.0,7.199999999999989,-652.9599999999766,2025-06-11T09:41:00-04:00,0.0,7.900000000000034,-2052.9600000000673,2025-06-11T09:46:00-04:00,0.0,8.950000000000045,-4152.960000000092,2025-06-11T10:01:00-04:00,0.0,8.0,-2252.960000000001,2025-06-11T10:31:00-04:00,0.0,6.549999999999983,647.0400000000348,2025-06-11T11:31:00-04:00,0.0,8.699999999999989,-3652.959999999978,2025-06-11T16:00:00-04:00,0.0,9.5,-5252.960000000001,2025-06-12T16:00:00-04:00,0.0,10.0,-6152.96,2025-06-13T16:00:00-04:00,0.0,,,,,27.0,hit,52.0,hit,52.0,hit,,never_hit,,never_hit,,never_hit,,never_hit,5.0,hit,7.0,hit,0.0,hit,7.0,hit,83.0,hit,83.0,hit,,,True,True,True,False,3.9000000000000057,,,True,True,True,False,3.9000000000000057,,,True,True,True,False,3.9000000000000057,,,True,True,True,False,3.9000000000000057,,,,,,,,,,,,,,,,,,,,,,,,,,,,,,,,,,,,,,,,,,,,,,,,,,,,,,,,,,,,,,,,,2684
2025-06-13,2025-06-16,3,5.0,2025-06-13T09:31:00-04:00,4.949999999999989,NDXP  250616P21770000,NDXP  250616P21760000,validation,False,False,0,0,3,0,0,766,available,False,2025-06-13T09:31:00-04:00,2025-06-16T15:37:00-04:00,0.0,9647.039999999979,23.0,last_observed_quote_not_settlement,3916.0,170,31,4.7999999999999545,47.04000000006892,2025-06-13T09:32:00-04:00,0.0,4.25,1147.039999999978,2025-06-13T09:33:00-04:00,0.0,5.0,-352.96000000002203,2025-06-13T09:36:00-04:00,0.0,4.699999999999989,247.04000000000067,2025-06-13T09:41:00-04:00,0.0,4.849999999999994,-52.96000000001066,2025-06-13T09:46:00-04:00,0.0,4.900000000000006,-152.9600000000334,2025-06-13T10:01:00-04:00,0.0,6.450000000000017,-3252.960000000056,2025-06-13T10:31:00-04:00,0.0,3.5500000000000114,2547.0399999999554,2025-06-13T11:31:00-04:00,0.0,5.949999999999989,-2252.959999999999,2025-06-13T16:00:00-04:00,0.0,,,2025-06-13T16:15:00-04:00,85500.0,,,2025-06-13T16:15:00-04:00,171900.0,,,2025-06-16T15:37:00-04:00,1380.0,0.0,hit,0.0,hit,119.0,hit,4321.0,hit,4335.0,hit,4350.0,hit,4420.0,hit,40.0,hit,47.0,hit,47.0,hit,,never_hit,,never_hit,,never_hit,7.949999999999989,169,True,False,False,False,,7.949999999999989,170,True,False,False,False,,7.949999999999989,170,True,False,False,False,,7.949999999999989,170,True,False,False,False,,4321.0,2025-06-16T09:32:00-04:00,2.3000000000000043,5047.039999999969,4322.0,2025-06-16T09:33:00-04:00,2.8000000000000043,4047.039999999969,4323.0,2025-06-16T09:34:00-04:00,2.5,4647.039999999978,4322.0,2025-06-16T09:33:00-04:00,2.8000000000000043,4047.039999999969,4335.0,2025-06-16T09:46:00-04:00,1.8999999999999986,5847.039999999981,4340.0,2025-06-16T09:51:00-04:00,1.7500000000000036,6147.039999999971,4341.0,2025-06-16T09:52:00-04:00,1.8500000000000014,5947.039999999975,4336.0,2025-06-16T09:47:00-04:00,2.1999999999999993,5247.039999999979,4352.0,2025-06-16T10:03:00-04:00,0.9499999999999993,7747.039999999979,4361.0,2025-06-16T10:12:00-04:00,0.8499999999999979,7947.039999999982,4362.0,2025-06-16T10:13:00-04:00,0.8000000000000007,8047.039999999976,4353.0,2025-06-16T10:04:00-04:00,1.0500000000000007,7547.039999999976,4428.0,2025-06-16T11:19:00-04:00,0.40000000000000036,8847.039999999979,4551.0,2025-06-16T13:22:00-04:00,0.30000000000000027,9047.039999999977,4552.0,2025-06-16T13:23:00-04:00,0.34999999999999964,8947.039999999979,4429.0,2025-06-16T11:20:00-04:00,0.5,8647.039999999979,2685
2025-06-13,2025-06-16,3,6.0,2025-06-13T09:31:00-04:00,6.050000000000011,NDXP  250616P21870000,NDXP  250616P21860000,validation,False,False,0,0,1,2,0,790,available,False,2025-06-13T09:31:00-04:00,2025-06-16T15:59:00-04:00,0.15,11547.040000000023,1.0,last_observed_quote_not_settlement,3916.0,193,64,7.199999999999989,-2552.9599999999537,2025-06-13T09:32:00-04:00,0.0,6.0,-152.95999999997656,2025-06-13T09:33:00-04:00,0.0,6.200000000000017,-552.9600000000107,2025-06-13T09:36:00-04:00,0.0,6.049999999999983,-252.95999999994245,2025-06-13T09:41:00-04:00,0.0,6.0,-152.95999999997656,2025-06-13T09:46:00-04:00,0.0,6.0,-152.95999999997656,2025-06-13T10:01:00-04:00,0.0,7.4500000000000455,-3052.9600000000673,2025-06-13T10:31:00-04:00,0.0,5.550000000000011,747.0400000000006,2025-06-13T11:31:00-04:00,0.0,,,2025-06-13T15:59:00-04:00,60.0,,,2025-06-13T16:15:00-04:00,85500.0,,,2025-06-13T16:15:00-04:00,171900.0,,,2025-06-16T15:59:00-04:00,60.0,9.0,hit,141.0,hit,381.0,hit,4345.0,hit,4362.0,hit,4558.0,hit,4675.0,hit,1.0,hit,1.0,hit,1.0,hit,48.0,hit,95.0,hit,95.0,hit,9.900000000000006,193,True,True,True,True,,9.900000000000006,193,True,True,True,True,,9.900000000000006,193,True,True,True,True,,9.900000000000006,193,True,True,True,True,,4345.0,2025-06-16T09:56:00-04:00,2.8500000000000014,6147.040000000021,4346.0,2025-06-16T09:57:00-04:00,2.6000000000000014,6647.040000000021,4347.0,2025-06-16T09:58:00-04:00,2.6500000000000057,6547.040000000012,4346.0,2025-06-16T09:57:00-04:00,2.6000000000000014,6647.040000000021,4367.0,2025-06-16T10:18:00-04:00,1.8000000000000007,8247.040000000023,4368.0,2025-06-16T10:19:00-04:00,1.6000000000000014,8647.04000000002,4369.0,2025-06-16T10:20:00-04:00,1.8000000000000007,8247.040000000023,4368.0,2025-06-16T10:19:00-04:00,1.6000000000000014,8647.04000000002,4560.0,2025-06-16T13:31:00-04:00,0.8000000000000007,10247.040000000023,4561.0,2025-06-16T13:32:00-04:00,0.8999999999999995,10047.040000000025,4572.0,2025-06-16T13:43:00-04:00,0.8999999999999995,10047.040000000025,4561.0,2025-06-16T13:32:00-04:00,0.8999999999999995,10047.040000000025,4675.0,2025-06-16T15:26:00-04:00,0.0,11847.040000000025,4695.0,2025-06-16T15:46:00-04:00,0.32500000000000007,11197.040000000025,4696.0,2025-06-16T15:47:00-04:00,0.35,11147.040000000023,4676.0,2025-06-16T15:27:00-04:00,0.6500000000000001,10547.040000000023,2686
2025-06-13,2025-06-16,3,7.0,2025-06-13T09:31:00-04:00,7.0499999999999545,NDXP  250616P21920000,NDXP  250616P21910000,validation,False,False,0,0,0,3,0,790,available,False,2025-06-13T09:31:00-04:00,2025-06-16T16:00:00-04:00,1.7499999999999998,10347.03999999991,0.0,last_observed_quote_not_settlement,3916.0,208,71,,,2025-06-13T09:31:00-04:00,60.0,6.349999999999994,1147.039999999921,2025-06-13T09:33:00-04:00,0.0,8.300000000000011,-2752.9600000001146,2025-06-13T09:36:00-04:00,0.0,5.5,2847.03999999991,2025-06-13T09:41:00-04:00,0.0,7.600000000000023,-1352.9600000001358,2025-06-13T09:46:00-04:00,0.0,6.699999999999989,447.0399999999325,2025-06-13T10:01:00-04:00,0.0,8.0,-2152.960000000092,2025-06-13T10:31:00-04:00,0.0,6.400000000000006,1047.0399999998983,2025-06-13T11:31:00-04:00,0.0,,,2025-06-13T15:59:00-04:00,60.0,,,2025-06-13T16:15:00-04:00,85500.0,,,2025-06-13T16:15:00-04:00,171900.0,1.7499999999999998,10347.03999999991,2025-06-16T16:00:00-04:00,0.0,10.0,hit,11.0,hit,17.0,hit,17.0,hit,17.0,hit,,never_hit,,never_hit,4.0,hit,4.0,hit,0.0,hit,4.0,hit,89.0,hit,99.0,hit,8.950000000000017,4,True,True,False,False,,8.950000000000017,4,True,True,False,False,,,,True,True,True,False,5.524999999999954,,,True,True,True,False,5.524999999999954,17.0,2025-06-13T09:48:00-04:00,1.8999999999999773,10047.039999999955,4378.0,2025-06-16T10:29:00-04:00,2.5999999999999943,8647.039999999923,4379.0,2025-06-16T10:30:00-04:00,2.6499999999999986,8547.039999999914,18.0,2025-06-13T09:49:00-04:00,5.600000000000023,2647.0399999998644,17.0,2025-06-13T09:48:00-04:00,1.8999999999999773,10047.039999999955,4706.0,2025-06-16T15:57:00-04:00,1.8,10247.03999999991,,,,,18.0,2025-06-13T09:49:00-04:00,5.600000000000023,2647.0399999998644,,,,,,,,,,,,,,,,,,,,,,,,,,,,,,,,,2687
2025-06-16,2025-06-18,2,5.0,2025-06-16T09:31:00-04:00,4.950000000000017,NDXP  250618P21900000,NDXP  250618P21890000,validation,False,False,0,0,0,19,0,1181,available,False,2025-06-16T09:31:00-04:00,2025-06-18T15:55:00-04:00,9.549999999999983,-9452.959999999932,5.0,last_observed_quote_not_settlement,1036.0,606,66,4.75,147.0400000000348,2025-06-16T09:32:00-04:00,0.0,4.75,147.0400000000348,2025-06-16T09:33:00-04:00,0.0,5.25,-852.9599999999652,2025-06-16T09:36:00-04:00,0.0,4.949999999999989,-252.95999999994245,2025-06-16T09:41:00-04:00,0.0,4.400000000000006,847.0400000000234,2025-06-16T09:46:00-04:00,0.0,3.8500000000000085,1947.0400000000177,2025-06-16T10:01:00-04:00,0.0,3.6000000000000085,2447.0400000000177,2025-06-16T10:31:00-04:00,0.0,3.450000000000003,2747.040000000029,2025-06-16T11:31:00-04:00,0.0,3.6000000000000085,2447.0400000000177,2025-06-16T16:00:00-04:00,0.0,5.949999999999989,-2252.9599999999423,2025-06-17T16:00:00-04:00,0.0,,,2025-06-18T15:55:00-04:00,300.0,,,,,0.0,hit,0.0,hit,25.0,hit,355.0,hit,,never_hit,,never_hit,,never_hit,1452.0,hit,1453.0,hit,1699.0,hit,1699.0,hit,1744.0,hit,1767.0,hit,5.25,5,False,False,False,False,,,,True,True,True,False,2.750000000000014,,,True,True,True,False,2.750000000000014,,,True,True,True,False,2.750000000000014,355.0,2025-06-16T15:26:00-04:00,2.6500000000000057,4347.040000000024,,,,,,,,,356.0,2025-06-16T15:27:00-04:00,3.75,2147.040000000035,,,,,,,,,,,,,,,,,,,,,,,,,,,,,,,,,,,,,,,,,,,,,,,,,2688
2025-06-16,2025-06-18,2,6.0,2025-06-16T09:31:00-04:00,6.049999999999997,NDXP  250618P21740000,NDXP  250618P21730000,validation,False,False,0,0,0,2,0,1198,available,False,2025-06-16T09:31:00-04:00,2025-06-18T16:00:00-04:00,9.35,-6852.960000000006,0.0,last_observed_quote_not_settlement,1036.0,12,15,3.25,5347.039999999995,2025-06-16T09:32:00-04:00,0.0,3.450000000000017,4947.039999999961,2025-06-16T09:33:00-04:00,0.0,3.3999999999999915,5047.040000000012,2025-06-16T09:36:00-04:00,0.0,3.3499999999999943,5147.040000000006,2025-06-16T09:41:00-04:00,0.0,2.8000000000000114,6247.039999999973,2025-06-16T09:46:00-04:00,0.0,2.5999999999999943,6647.040000000006,2025-06-16T10:01:00-04:00,0.0,2.1500000000000057,7547.039999999984,2025-06-16T10:31:00-04:00,0.0,2.1499999999999986,7547.039999999998,2025-06-16T11:31:00-04:00,0.0,2.4000000000000057,7047.039999999984,2025-06-16T16:00:00-04:00,0.0,4.799999999999983,2247.040000000029,2025-06-17T16:00:00-04:00,0.0,9.35,-6852.960000000006,2025-06-18T16:00:00-04:00,0.0,,,,,1.0,hit,1.0,hit,1.0,hit,15.0,hit,107.0,hit,296.0,hit,,never_hit,3209.0,hit,3209.0,hit,3209.0,hit,3269.0,hit,3269.0,hit,,never_hit,6.049999999999997,0,False,False,False,False,,6.049999999999997,0,False,False,False,False,,6.049999999999997,0,False,False,False,False,,,,True,True,True,False,5.149999999999999,15.0,2025-06-16T09:46:00-04:00,2.8000000000000114,6247.039999999973,23.0,2025-06-16T09:54:00-04:00,2.799999999999997,6247.040000000001,24.0,2025-06-16T09:55:00-04:00,2.700000000000003,6447.039999999989,16.0,2025-06-16T09:47:00-04:00,3.1499999999999915,5547.040000000012,296.0,2025-06-16T14:27:00-04:00,0.8999999999999986,10047.039999999999,2945.0,2025-06-18T10:36:00-04:00,1.9000000000000021,8047.039999999991,,,,,297.0,2025-06-16T14:28:00-04:00,2.299999999999997,7247.040000000001,296.0,2025-06-16T14:27:00-04:00,0.8999999999999986,10047.039999999999,,,,,,,,,297.0,2025-06-16T14:28:00-04:00,2.299999999999997,7247.040000000001,,,,,,,,,,,,,,,,,2689
2025-06-16,2025-06-18,2,7.0,2025-06-16T09:31:00-04:00,6.899999999999977,NDXP  250618P22090000,NDXP  250618P22080000,validation,False,False,0,0,0,29,0,1171,available,False,2025-06-16T09:31:00-04:00,2025-06-18T16:00:00-04:00,10.0,-6352.9600000000455,0.0,last_observed_quote_not_settlement,1036.0,840,132,6.300000000000011,947.0399999999324,2025-06-16T09:32:00-04:00,0.0,7.550000000000011,-1552.9600000000676,2025-06-16T09:33:00-04:00,0.0,7.400000000000034,-1252.960000000113,2025-06-16T09:36:00-04:00,0.0,7.349999999999966,-1152.9599999999766,2025-06-16T09:41:00-04:00,0.0,7.050000000000011,-552.9600000000676,2025-06-16T09:46:00-04:00,0.0,6.0,1547.0399999999552,2025-06-16T10:01:00-04:00,0.0,5.850000000000023,1847.0399999999097,2025-06-16T10:31:00-04:00,0.0,5.949999999999989,1647.039999999978,2025-06-16T11:31:00-04:00,0.0,6.950000000000017,-352.9600000000789,2025-06-16T16:00:00-04:00,0.0,9.300000000000011,-5052.960000000069,2025-06-17T16:00:00-04:00,0.0,10.0,-6352.9600000000455,2025-06-18T16:00:00-04:00,0.0,,,,,34.0,hit,34.0,hit,72.0,hit,97.0,hit,,never_hit,,never_hit,,never_hit,2.0,hit,25.0,hit,2.0,hit,46.0,hit,174.0,hit,1546.0,hit,8.75,29,True,True,False,False,,,,True,True,True,False,4.099999999999994,,,True,True,True,False,4.099999999999994,,,True,True,True,False,4.099999999999994,97.0,2025-06-16T11:08:00-04:00,2.9499999999999886,7647.039999999978,98.0,2025-06-16T11:09:00-04:00,2.799999999999983,7947.039999999989,,,,,98.0,2025-06-16T11:09:00-04:00,2.799999999999983,7947.039999999989,,,,,,,,,,,,,,,,,,,,,,,,,,,,,,,,,,,,,,,,,,,,,,,,,2690
2025-06-17,2025-06-20,3,5.0,2025-06-17T09:31:00-04:00,1.8499999999999943,NDXP  250620P21550000,NDXP  250620P21540000,validation,False,False,0,0,8,16,0,1172,available,False,2025-06-17T09:31:00-04:00,2025-06-20T15:59:00-04:00,0.22499999999999998,2997.0399999999886,1.0,last_observed_quote_not_settlement,2479.0,629,192,1.8500000000000085,-252.9600000000286,2025-06-17T09:32:00-04:00,0.0,1.9000000000000057,-352.9600000000229,2025-06-17T09:33:00-04:00,0.0,1.8999999999999915,-352.95999999999447,2025-06-17T09:36:00-04:00,0.0,1.9500000000000028,-452.96000000001675,2025-06-17T09:41:00-04:00,0.0,2.0,-552.9600000000111,2025-06-17T09:46:00-04:00,0.0,1.8999999999999915,-352.95999999999447,2025-06-17T10:01:00-04:00,0.0,1.7000000000000028,47.039999999982776,2025-06-17T10:31:00-04:00,0.0,1.9000000000000057,-352.9600000000229,2025-06-17T11:31:00-04:00,0.0,2.0,-552.9600000000111,2025-06-17T16:00:00-04:00,0.0,1.7999999999999972,-152.96000000000586,2025-06-18T16:00:00-04:00,0.0,,,2025-06-18T16:15:00-04:00,85500.0,,,2025-06-20T15:59:00-04:00,60.0,0.0,hit,0.0,hit,0.0,hit,0.0,hit,0.0,hit,23.0,hit,23.0,hit,21.0,hit,22.0,hit,1453.0,hit,1720.0,hit,,never_hit,,never_hit,1.8499999999999943,0,False,False,False,False,,1.8499999999999943,0,False,False,False,False,,4.650000000000006,17,False,False,False,False,,4.650000000000006,17,False,False,False,False,,0.0,2025-06-17T09:31:00-04:00,1.8499999999999943,-252.96000000000018,1.0,2025-06-17T09:32:00-04:00,1.8500000000000085,-252.9600000000286,2.0,2025-06-17T09:33:00-04:00,1.9000000000000057,-352.9600000000229,1.0,2025-06-17T09:32:00-04:00,1.8500000000000085,-252.9600000000286,0.0,2025-06-17T09:31:00-04:00,1.8499999999999943,-252.96000000000018,1.0,2025-06-17T09:32:00-04:00,1.8500000000000085,-252.9600000000286,2.0,2025-06-17T09:33:00-04:00,1.9000000000000057,-352.9600000000229,1.0,2025-06-17T09:32:00-04:00,1.8500000000000085,-252.9600000000286,23.0,2025-06-17T09:54:00-04:00,0.09999999999999432,3247.04,209.0,2025-06-17T13:00:00-04:00,0.5500000000000114,2347.039999999966,404.0,2025-06-17T16:15:00-04:00,0.5,2447.0399999999886,24.0,2025-06-17T09:55:00-04:00,1.5999999999999943,247.03999999999982,23.0,2025-06-17T09:54:00-04:00,0.09999999999999432,3247.04,1455.0,2025-06-18T09:46:00-04:00,0.4000000000000057,2647.039999999977,1456.0,2025-06-18T09:47:00-04:00,0.4000000000000057,2647.039999999977,24.0,2025-06-17T09:55:00-04:00,1.5999999999999943,247.03999999999982,2691
2025-06-17,2025-06-20,3,6.0,2025-06-17T09:31:00-04:00,1.8499999999999943,NDXP  250620P21550000,NDXP  250620P21540000,validation,False,False,0,0,8,16,0,1172,available,False,2025-06-17T09:31:00-04:00,2025-06-20T15:59:00-04:00,0.22499999999999998,2997.0399999999886,1.0,last_observed_quote_not_settlement,2479.0,629,192,1.8500000000000085,-252.9600000000286,2025-06-17T09:32:00-04:00,0.0,1.9000000000000057,-352.9600000000229,2025-06-17T09:33:00-04:00,0.0,1.8999999999999915,-352.95999999999447,2025-06-17T09:36:00-04:00,0.0,1.9500000000000028,-452.96000000001675,2025-06-17T09:41:00-04:00,0.0,2.0,-552.9600000000111,2025-06-17T09:46:00-04:00,0.0,1.8999999999999915,-352.95999999999447,2025-06-17T10:01:00-04:00,0.0,1.7000000000000028,47.039999999982776,2025-06-17T10:31:00-04:00,0.0,1.9000000000000057,-352.9600000000229,2025-06-17T11:31:00-04:00,0.0,2.0,-552.9600000000111,2025-06-17T16:00:00-04:00,0.0,1.7999999999999972,-152.96000000000586,2025-06-18T16:00:00-04:00,0.0,,,2025-06-18T16:15:00-04:00,85500.0,,,2025-06-20T15:59:00-04:00,60.0,0.0,hit,0.0,hit,0.0,hit,0.0,hit,0.0,hit,23.0,hit,23.0,hit,21.0,hit,22.0,hit,1453.0,hit,1720.0,hit,,never_hit,,never_hit,1.8499999999999943,0,False,False,False,False,,1.8499999999999943,0,False,False,False,False,,4.650000000000006,17,False,False,False,False,,4.650000000000006,17,False,False,False,False,,0.0,2025-06-17T09:31:00-04:00,1.8499999999999943,-252.96000000000018,1.0,2025-06-17T09:32:00-04:00,1.8500000000000085,-252.9600000000286,2.0,2025-06-17T09:33:00-04:00,1.9000000000000057,-352.9600000000229,1.0,2025-06-17T09:32:00-04:00,1.8500000000000085,-252.9600000000286,0.0,2025-06-17T09:31:00-04:00,1.8499999999999943,-252.96000000000018,1.0,2025-06-17T09:32:00-04:00,1.8500000000000085,-252.9600000000286,2.0,2025-06-17T09:33:00-04:00,1.9000000000000057,-352.9600000000229,1.0,2025-06-17T09:32:00-04:00,1.8500000000000085,-252.9600000000286,23.0,2025-06-17T09:54:00-04:00,0.09999999999999432,3247.04,209.0,2025-06-17T13:00:00-04:00,0.5500000000000114,2347.039999999966,404.0,2025-06-17T16:15:00-04:00,0.5,2447.0399999999886,24.0,2025-06-17T09:55:00-04:00,1.5999999999999943,247.03999999999982,23.0,2025-06-17T09:54:00-04:00,0.09999999999999432,3247.04,1455.0,2025-06-18T09:46:00-04:00,0.4000000000000057,2647.039999999977,1456.0,2025-06-18T09:47:00-04:00,0.4000000000000057,2647.039999999977,24.0,2025-06-17T09:55:00-04:00,1.5999999999999943,247.03999999999982,2692
2025-06-17,2025-06-20,3,7.0,2025-06-17T09:31:00-04:00,1.8499999999999943,NDXP  250620P21550000,NDXP  250620P21540000,validation,False,False,0,0,8,16,0,1172,available,False,2025-06-17T09:31:00-04:00,2025-06-20T15:59:00-04:00,0.22499999999999998,2997.0399999999886,1.0,last_observed_quote_not_settlement,2479.0,629,192,1.8500000000000085,-252.9600000000286,2025-06-17T09:32:00-04:00,0.0,1.9000000000000057,-352.9600000000229,2025-06-17T09:33:00-04:00,0.0,1.8999999999999915,-352.95999999999447,2025-06-17T09:36:00-04:00,0.0,1.9500000000000028,-452.96000000001675,2025-06-17T09:41:00-04:00,0.0,2.0,-552.9600000000111,2025-06-17T09:46:00-04:00,0.0,1.8999999999999915,-352.95999999999447,2025-06-17T10:01:00-04:00,0.0,1.7000000000000028,47.039999999982776,2025-06-17T10:31:00-04:00,0.0,1.9000000000000057,-352.9600000000229,2025-06-17T11:31:00-04:00,0.0,2.0,-552.9600000000111,2025-06-17T16:00:00-04:00,0.0,1.7999999999999972,-152.96000000000586,2025-06-18T16:00:00-04:00,0.0,,,2025-06-18T16:15:00-04:00,85500.0,,,2025-06-20T15:59:00-04:00,60.0,0.0,hit,0.0,hit,0.0,hit,0.0,hit,0.0,hit,23.0,hit,23.0,hit,21.0,hit,22.0,hit,1453.0,hit,1720.0,hit,,never_hit,,never_hit,1.8499999999999943,0,False,False,False,False,,1.8499999999999943,0,False,False,False,False,,4.650000000000006,17,False,False,False,False,,4.650000000000006,17,False,False,False,False,,0.0,2025-06-17T09:31:00-04:00,1.8499999999999943,-252.96000000000018,1.0,2025-06-17T09:32:00-04:00,1.8500000000000085,-252.9600000000286,2.0,2025-06-17T09:33:00-04:00,1.9000000000000057,-352.9600000000229,1.0,2025-06-17T09:32:00-04:00,1.8500000000000085,-252.9600000000286,0.0,2025-06-17T09:31:00-04:00,1.8499999999999943,-252.96000000000018,1.0,2025-06-17T09:32:00-04:00,1.8500000000000085,-252.9600000000286,2.0,2025-06-17T09:33:00-04:00,1.9000000000000057,-352.9600000000229,1.0,2025-06-17T09:32:00-04:00,1.8500000000000085,-252.9600000000286,23.0,2025-06-17T09:54:00-04:00,0.09999999999999432,3247.04,209.0,2025-06-17T13:00:00-04:00,0.5500000000000114,2347.039999999966,404.0,2025-06-17T16:15:00-04:00,0.5,2447.0399999999886,24.0,2025-06-17T09:55:00-04:00,1.5999999999999943,247.03999999999982,23.0,2025-06-17T09:54:00-04:00,0.09999999999999432,3247.04,1455.0,2025-06-18T09:46:00-04:00,0.4000000000000057,2647.039999999977,1456.0,2025-06-18T09:47:00-04:00,0.4000000000000057,2647.039999999977,24.0,2025-06-17T09:55:00-04:00,1.5999999999999943,247.03999999999982,2693
2025-06-18,2025-06-20,2,5.0,2025-06-18T09:31:00-04:00,4.900000000000034,NDXP  250620P22190000,NDXP  250620P22180000,validation,False,False,0,0,2,63,0,727,available,False,2025-06-18T09:31:00-04:00,2025-06-20T15:59:00-04:00,10.0,-10352.95999999993,1.0,last_observed_quote_not_settlement,2478.0,668,4,6.75,-3952.959999999931,2025-06-18T09:32:00-04:00,0.0,9.0,-8452.959999999932,2025-06-18T09:33:00-04:00,0.0,9.0,-8452.959999999932,2025-06-18T09:36:00-04:00,0.0,8.899999999999977,-8252.959999999886,2025-06-18T09:41:00-04:00,0.0,8.900000000000034,-8252.960000000001,2025-06-18T09:46:00-04:00,0.0,8.900000000000034,-8252.960000000001,2025-06-18T10:01:00-04:00,0.0,,,2025-06-18T10:29:00-04:00,120.0,8.699999999999989,-7852.95999999991,2025-06-18T11:31:00-04:00,0.0,,,2025-06-18T15:59:00-04:00,60.0,,,2025-06-18T16:15:00-04:00,85500.0,,,2025-06-20T15:59:00-04:00,60.0,,,,,0.0,hit,0.0,hit,247.0,hit,247.0,hit,,never_hit,,never_hit,,never_hit,1.0,hit,1.0,hit,2.0,hit,2.0,hit,2.0,hit,61.0,hit,10.0,219,True,True,True,True,,,,True,True,True,False,2.650000000000034,,,True,True,True,False,2.650000000000034,,,True,True,True,False,2.650000000000034,247.0,2025-06-18T13:38:00-04:00,2.25,5047.040000000069,,,,,,,,,248.0,2025-06-18T13:39:00-04:00,9.0,-8452.959999999932,,,,,,,,,,,,,,,,,,,,,,,,,,,,,,,,,,,,,,,,,,,,,,,,,2694
2025-06-18,2025-06-20,2,6.0,2025-06-18T09:31:00-04:00,6.0,NDXP  250620P21920000,NDXP  250620P21910000,validation,False,False,0,0,0,65,0,727,available,False,2025-06-18T09:31:00-04:00,2025-06-20T15:59:00-04:00,10.0,-8152.96,1.0,last_observed_quote_not_settlement,2478.0,418,111,6.0,-252.9599999999993,2025-06-18T09:32:00-04:00,0.0,6.300000000000011,-852.9600000000221,2025-06-18T09:33:00-04:00,0.0,6.2999999999999545,-852.9599999999084,2025-06-18T09:36:00-04:00,0.0,6.100000000000023,-452.9600000000448,2025-06-18T09:41:00-04:00,0.0,6.0,-252.9599999999993,2025-06-18T09:46:00-04:00,0.0,6.0,-252.9599999999993,2025-06-18T10:01:00-04:00,0.0,4.800000000000011,2147.039999999978,2025-06-18T10:31:00-04:00,0.0,5.75,247.04000000000067,2025-06-18T11:31:00-04:00,0.0,7.149999999999977,-2552.9599999999537,2025-06-18T16:00:00-04:00,0.0,,,2025-06-18T16:15:00-04:00,85500.0,,,2025-06-20T15:59:00-04:00,60.0,,,,,13.0,hit,23.0,hit,23.0,hit,23.0,hit,23.0,hit,,never_hit,,never_hit,3.0,hit,3.0,hit,3.0,hit,3.0,hit,392.0,hit,392.0,hit,8.0,13,True,True,False,False,,8.0,13,True,True,False,False,,,,True,True,True,False,4.699999999999989,,,True,True,True,False,4.699999999999989,23.0,2025-06-18T09:54:00-04:00,1.6999999999999886,8347.040000000025,,,,,,,,,24.0,2025-06-18T09:55:00-04:00,6.649999999999977,-1552.9599999999539,23.0,2025-06-18T09:54:00-04:00,1.6999999999999886,8347.040000000025,,,,,,,,,24.0,2025-06-18T09:55:00-04:00,6.649999999999977,-1552.9599999999539,,,,,,,,,,,,,,,,,,,,,,,,,,,,,,,,,2695
2025-06-18,2025-06-20,2,7.0,2025-06-18T09:31:00-04:00,7.0,NDXP  250620P22000000,NDXP  250620P21990000,validation,False,False,0,0,2,23,0,764,available,False,2025-06-18T09:31:00-04:00,2025-06-20T15:59:00-04:00,9.899999999999977,-6052.9599999999555,1.0,last_observed_quote_not_settlement,2478.0,480,94,7.099999999999966,-452.9599999999311,2025-06-18T09:32:00-04:00,0.0,7.199999999999989,-652.9599999999766,2025-06-18T09:33:00-04:00,0.0,7.199999999999989,-652.9599999999766,2025-06-18T09:36:00-04:00,0.0,7.100000000000023,-452.9600000000448,2025-06-18T09:41:00-04:00,0.0,7.0,-252.9599999999993,2025-06-18T09:46:00-04:00,0.0,7.0,-252.9599999999993,2025-06-18T10:01:00-04:00,0.0,4.25,5247.040000000001,2025-06-18T10:31:00-04:00,0.0,6.300000000000011,1147.039999999978,2025-06-18T11:31:00-04:00,0.0,8.200000000000045,-2652.960000000092,2025-06-18T16:00:00-04:00,0.0,,,2025-06-18T16:15:00-04:00,85500.0,,,2025-06-20T15:59:00-04:00,60.0,,,,,21.0,hit,46.0,hit,46.0,hit,46.0,hit,46.0,hit,46.0,hit,46.0,hit,3.0,hit,57.0,hit,0.0,hit,57.0,hit,58.0,hit,58.0,hit,7.550000000000068,14,True,False,False,False,,7.550000000000068,14,True,False,False,False,,7.550000000000068,14,True,False,False,False,,7.550000000000068,14,True,False,False,False,,46.0,2025-06-18T10:17:00-04:00,0.0,13747.04,47.0,2025-06-18T10:18:00-04:00,0.0,13747.04,,,,,47.0,2025-06-18T10:18:00-04:00,0.0,13747.04,46.0,2025-06-18T10:17:00-04:00,0.0,13747.04,47.0,2025-06-18T10:18:00-04:00,0.0,13747.04,,,,,47.0,2025-06-18T10:18:00-04:00,0.0,13747.04,46.0,2025-06-18T10:17:00-04:00,0.0,13747.04,47.0,2025-06-18T10:18:00-04:00,0.0,13747.04,,,,,47.0,2025-06-18T10:18:00-04:00,0.0,13747.04,46.0,2025-06-18T10:17:00-04:00,0.0,13747.04,47.0,2025-06-18T10:18:00-04:00,0.0,13747.04,,,,,47.0,2025-06-18T10:18:00-04:00,0.0,13747.04,2696
2025-06-20,2025-06-23,3,5.0,2025-06-20T09:31:00-04:00,5.0,NDXP  250623P21900000,NDXP  250623P21890000,validation,False,False,0,0,0,27,0,767,available,False,2025-06-20T09:31:00-04:00,2025-06-23T15:59:00-04:00,9.699999999999996,-9652.959999999992,1.0,last_observed_quote_not_settlement,3916.0,717,12,5.100000000000023,-452.9600000000448,2025-06-20T09:32:00-04:00,0.0,4.799999999999983,147.0400000000348,2025-06-20T09:33:00-04:00,0.0,4.699999999999989,347.04000000002344,2025-06-20T09:36:00-04:00,0.0,4.200000000000017,1347.0399999999665,2025-06-20T09:41:00-04:00,0.0,4.5,747.0400000000006,2025-06-20T09:46:00-04:00,0.0,5.75,-1752.9599999999994,2025-06-20T10:01:00-04:00,0.0,7.099999999999966,-4452.959999999931,2025-06-20T10:31:00-04:00,0.0,7.400000000000034,-5052.960000000067,2025-06-20T11:31:00-04:00,0.0,,,2025-06-20T15:59:00-04:00,60.0,,,2025-06-20T16:15:00-04:00,85500.0,,,2025-06-20T16:15:00-04:00,171900.0,,,2025-06-23T15:59:00-04:00,60.0,0.0,hit,0.0,hit,278.0,hit,278.0,hit,278.0,hit,278.0,hit,278.0,hit,23.0,hit,34.0,hit,53.0,hit,62.0,hit,64.0,hit,325.0,hit,9.449999999999989,258,True,True,True,True,,9.449999999999989,258,True,True,True,True,,9.449999999999989,258,True,True,True,True,,9.449999999999989,258,True,True,True,True,,278.0,2025-06-20T14:09:00-04:00,0.39999999999997726,8947.040000000046,,,,,,,,,279.0,2025-06-20T14:10:00-04:00,7.849999999999966,-5952.959999999931,278.0,2025-06-20T14:09:00-04:00,0.39999999999997726,8947.040000000046,,,,,,,,,279.0,2025-06-20T14:10:00-04:00,7.849999999999966,-5952.959999999931,278.0,2025-06-20T14:09:00-04:00,0.39999999999997726,8947.040000000046,,,,,,,,,279.0,2025-06-20T14:10:00-04:00,7.849999999999966,-5952.959999999931,278.0,2025-06-20T14:09:00-04:00,0.39999999999997726,8947.040000000046,,,,,,,,,279.0,2025-06-20T14:10:00-04:00,7.849999999999966,-5952.959999999931,2697
2025-06-20,2025-06-23,3,6.0,2025-06-20T09:31:00-04:00,6.0,NDXP  250623P21970000,NDXP  250623P21960000,validation,False,False,0,0,0,68,0,726,available,False,2025-06-20T09:31:00-04:00,2025-06-23T16:00:00-04:00,9.799999999999997,-7852.9599999999955,0.0,last_observed_quote_not_settlement,3916.0,651,10,6.25,-752.9599999999994,2025-06-20T09:32:00-04:00,0.0,5.600000000000023,547.0399999999552,2025-06-20T09:33:00-04:00,0.0,5.699999999999989,347.04000000002344,2025-06-20T09:36:00-04:00,0.0,5.5,747.0400000000006,2025-06-20T09:41:00-04:00,0.0,5.549999999999983,647.0400000000348,2025-06-20T09:46:00-04:00,0.0,7.349999999999966,-2952.959999999931,2025-06-20T10:01:00-04:00,0.0,8.0,-4252.960000000001,2025-06-20T10:31:00-04:00,0.0,8.699999999999932,-5652.9599999998645,2025-06-20T11:31:00-04:00,0.0,9.5,-7252.960000000001,2025-06-20T16:00:00-04:00,0.0,,,2025-06-20T16:15:00-04:00,85500.0,,,2025-06-20T16:15:00-04:00,171900.0,9.799999999999997,-7852.9599999999955,2025-06-23T16:00:00-04:00,0.0,4.0,hit,23.0,hit,23.0,hit,,never_hit,,never_hit,,never_hit,,never_hit,21.0,hit,24.0,hit,24.0,hit,36.0,hit,78.0,hit,233.0,hit,,,True,True,True,False,2.3499999999999943,,,True,True,True,False,2.3499999999999943,,,True,True,True,False,2.3499999999999943,,,True,True,True,False,2.3499999999999943,,,,,,,,,,,,,,,,,,,,,,,,,,,,,,,,,,,,,,,,,,,,,,,,,,,,,,,,,,,,,,,,,2698
2025-06-20,2025-06-23,3,7.0,2025-06-20T09:31:00-04:00,7.0,NDXP  250623P22050000,NDXP  250623P22040000,validation,False,False,0,0,0,111,0,683,available,False,2025-06-20T09:31:00-04:00,2025-06-23T16:00:00-04:00,10.0,-6152.96,0.0,last_observed_quote_not_settlement,3916.0,584,19,7.099999999999966,-452.9599999999311,2025-06-20T09:32:00-04:00,0.0,6.950000000000017,-152.9600000000334,2025-06-20T09:33:00-04:00,0.0,7.0,-252.9599999999993,2025-06-20T09:36:00-04:00,0.0,7.300000000000011,-852.9600000000221,2025-06-20T09:41:00-04:00,0.0,5.25,3247.040000000001,2025-06-20T09:46:00-04:00,0.0,8.199999999999989,-2652.959999999978,2025-06-20T10:01:00-04:00,0.0,8.799999999999955,-3852.95999999991,2025-06-20T10:31:00-04:00,0.0,9.399999999999977,-5052.9599999999555,2025-06-20T11:31:00-04:00,0.0,9.799999999999955,-5852.95999999991,2025-06-20T16:00:00-04:00,0.0,,,2025-06-20T16:15:00-04:00,85500.0,,,2025-06-20T16:15:00-04:00,171900.0,10.0,-6152.96,2025-06-23T16:00:00-04:00,0.0,4.0,hit,4.0,hit,4.0,hit,4.0,hit,4.0,hit,,never_hit,,never_hit,7.0,hit,8.0,hit,0.0,hit,8.0,hit,20.0,hit,20.0,hit,7.099999999999966,2,True,False,False,False,,7.099999999999966,2,True,False,False,False,,,,True,True,True,False,5.449999999999989,,,True,True,True,False,5.449999999999989,4.0,2025-06-20T09:35:00-04:00,1.5500000000000114,10647.039999999979,,,,,,,,,5.0,2025-06-20T09:36:00-04:00,7.0,-252.9599999999993,4.0,2025-06-20T09:35:00-04:00,1.5500000000000114,10647.039999999979,,,,,,,,,5.0,2025-06-20T09:36:00-04:00,7.0,-252.9599999999993,,,,,,,,,,,,,,,,,,,,,,,,,,,,,,,,,2699
2025-06-23,2025-06-25,2,5.0,2025-06-23T09:31:00-04:00,5.000000000000028,NDXP  250625P21760000,NDXP  250625P21750000,validation,False,False,0,0,12,14,0,1107,available,False,2025-06-23T09:31:00-04:00,2025-06-25T14:52:00-04:00,0.0,9747.040000000059,68.0,last_observed_quote_not_settlement,1036.0,50,33,7.150000000000006,-4552.959999999954,2025-06-23T09:32:00-04:00,0.0,7.449999999999989,-5152.95999999992,2025-06-23T09:33:00-04:00,0.0,6.800000000000011,-3852.959999999965,2025-06-23T09:36:00-04:00,0.0,3.1499999999999773,3447.040000000103,2025-06-23T09:41:00-04:00,0.0,4.800000000000011,147.0400000000348,2025-06-23T09:46:00-04:00,0.0,4.800000000000011,147.0400000000348,2025-06-23T10:01:00-04:00,0.0,4.099999999999994,1547.0400000000689,2025-06-23T10:31:00-04:00,0.0,4.349999999999966,1047.0400000001257,2025-06-23T11:31:00-04:00,0.0,0.04999999999998295,9647.040000000092,2025-06-23T16:00:00-04:00,0.0,0.20000000000000107,9347.040000000055,2025-06-24T16:00:00-04:00,0.0,,,2025-06-25T14:52:00-04:00,4080.0,,,,,0.0,hit,7.0,hit,8.0,hit,93.0,hit,389.0,hit,389.0,hit,389.0,hit,1.0,hit,1.0,hit,1.0,hit,190.0,hit,,never_hit,,never_hit,7.449999999999989,13,True,False,False,False,,8.449999999999989,50,True,True,False,False,,8.449999999999989,50,True,True,False,False,,8.449999999999989,50,True,True,False,False,,93.0,2025-06-23T11:04:00-04:00,2.0999999999999943,5547.040000000069,276.0,2025-06-23T14:07:00-04:00,2.8999999999999915,3947.0400000000745,385.0,2025-06-23T15:56:00-04:00,2.8000000000000114,4147.0400000000345,94.0,2025-06-23T11:05:00-04:00,4.0,1747.0400000000575,389.0,2025-06-23T16:00:00-04:00,0.04999999999998295,9647.040000000092,1441.0,2025-06-24T09:32:00-04:00,0.9499999999999993,7847.040000000059,1442.0,2025-06-24T09:33:00-04:00,1.0,7747.040000000057,390.0,2025-06-23T16:01:00-04:00,2.8500000000000085,4047.040000000041,389.0,2025-06-23T16:00:00-04:00,0.04999999999998295,9647.040000000092,1445.0,2025-06-24T09:36:00-04:00,0.8999999999999986,7947.04000000006,1446.0,2025-06-24T09:37:00-04:00,0.8999999999999986,7947.04000000006,390.0,2025-06-23T16:01:00-04:00,2.8500000000000085,4047.040000000041,389.0,2025-06-23T16:00:00-04:00,0.04999999999998295,9647.040000000092,1542.0,2025-06-24T11:13:00-04:00,0.3999999999999986,8947.04000000006,1546.0,2025-06-24T11:17:00-04:00,0.4499999999999993,8847.040000000059,390.0,2025-06-23T16:01:00-04:00,2.8500000000000085,4047.040000000041,2700
2025-06-23,2025-06-25,2,6.0,2025-06-23T09:31:00-04:00,6.099999999999966,NDXP  250625P21790000,NDXP  250625P21780000,validation,False,False,0,0,14,31,0,1092,available,False,2025-06-23T09:31:00-04:00,2025-06-25T15:02:00-04:00,0.0,11947.039999999934,58.0,last_observed_quote_not_settlement,1036.0,34,29,6.350000000000023,-752.960000000113,2025-06-23T09:32:00-04:00,0.0,6.5,-1052.9600000000676,2025-06-23T09:33:00-04:00,0.0,6.950000000000017,-1952.9600000001017,2025-06-23T09:36:00-04:00,0.0,4.950000000000017,2047.0399999998986,2025-06-23T09:41:00-04:00,0.0,5.900000000000006,147.03999999992112,2025-06-23T09:46:00-04:00,0.0,5.200000000000017,1547.0399999998983,2025-06-23T10:01:00-04:00,0.0,4.449999999999989,3047.0399999999554,2025-06-23T10:31:00-04:00,0.0,4.749999999999972,2447.0399999999895,2025-06-23T11:31:00-04:00,0.0,6.949999999999989,-1952.9600000000448,2025-06-23T16:00:00-04:00,0.0,0.25,11447.039999999934,2025-06-24T16:00:00-04:00,0.0,,,2025-06-25T15:02:00-04:00,3480.0,,,,,6.0,hit,6.0,hit,6.0,hit,29.0,hit,278.0,hit,278.0,hit,278.0,hit,3.0,hit,19.0,hit,12.0,hit,,never_hit,,never_hit,,never_hit,7.699999999999989,8,True,False,False,False,,7.699999999999989,33,True,False,False,False,,7.699999999999989,33,True,False,False,False,,7.699999999999989,33,True,False,False,False,,29.0,2025-06-23T10:00:00-04:00,2.2499999999999716,7447.039999999989,1441.0,2025-06-24T09:32:00-04:00,1.0,9947.039999999934,1442.0,2025-06-24T09:33:00-04:00,1.0500000000000007,9847.039999999932,30.0,2025-06-23T10:01:00-04:00,5.200000000000017,1547.0399999998983,278.0,2025-06-23T14:09:00-04:00,0.25,11447.039999999934,1441.0,2025-06-24T09:32:00-04:00,1.0,9947.039999999934,1442.0,2025-06-24T09:33:00-04:00,1.0500000000000007,9847.039999999932,279.0,2025-06-23T14:10:00-04:00,3.4000000000000057,5147.039999999921,278.0,2025-06-23T14:09:00-04:00,0.25,11447.039999999934,1451.0,2025-06-24T09:42:00-04:00,0.8499999999999979,10247.039999999937,1452.0,2025-06-24T09:43:00-04:00,0.8999999999999986,10147.039999999935,279.0,2025-06-23T14:10:00-04:00,3.4000000000000057,5147.039999999921,278.0,2025-06-23T14:09:00-04:00,0.25,11447.039999999934,1622.0,2025-06-24T12:33:00-04:00,0.40000000000000036,11147.039999999932,1623.0,2025-06-24T12:34:00-04:00,0.4499999999999993,11047.039999999935,279.0,2025-06-23T14:10:00-04:00,3.4000000000000057,5147.039999999921,2701
2025-06-23,2025-06-25,2,7.0,2025-06-23T09:31:00-04:00,7.0,NDXP  250625P21860000,NDXP  250625P21850000,validation,False,False,0,0,12,1,0,1131,available,False,2025-06-23T09:31:00-04:00,2025-06-25T15:09:00-04:00,0.0,13747.04,51.0,last_observed_quote_not_settlement,1036.0,47,57,7.150000000000034,-552.9600000000676,2025-06-23T09:32:00-04:00,0.0,7.350000000000023,-952.9600000000448,2025-06-23T09:33:00-04:00,0.0,7.300000000000011,-852.9600000000221,2025-06-23T09:36:00-04:00,0.0,7.0,-252.9599999999993,2025-06-23T09:41:00-04:00,0.0,6.400000000000034,947.0399999999324,2025-06-23T09:46:00-04:00,0.0,6.049999999999983,1647.0400000000348,2025-06-23T10:01:00-04:00,0.0,6.300000000000011,1147.039999999978,2025-06-23T10:31:00-04:00,0.0,6.25,1247.0400000000006,2025-06-23T11:31:00-04:00,0.0,4.200000000000003,5347.039999999995,2025-06-23T16:00:00-04:00,0.0,0.39999999999999947,12947.040000000003,2025-06-24T16:00:00-04:00,0.0,,,2025-06-25T15:09:00-04:00,3060.0,,,,,24.0,hit,35.0,hit,38.0,hit,63.0,hit,1440.0,hit,1511.0,hit,1713.0,hit,3.0,hit,93.0,hit,0.0,hit,93.0,hit,93.0,hit,,never_hit,7.800000000000011,11,True,False,False,False,,9.0,47,True,True,True,True,,9.0,47,True,True,True,True,,9.0,47,True,True,True,True,,63.0,2025-06-23T10:34:00-04:00,2.75,8247.04,1441.0,2025-06-24T09:32:00-04:00,1.5,10747.04,1442.0,2025-06-24T09:33:00-04:00,1.6499999999999986,10447.040000000005,64.0,2025-06-23T10:35:00-04:00,5.399999999999977,2947.0400000000463,1440.0,2025-06-24T09:31:00-04:00,1.8000000000000043,10147.039999999994,1441.0,2025-06-24T09:32:00-04:00,1.5,10747.04,1442.0,2025-06-24T09:33:00-04:00,1.6499999999999986,10447.040000000005,1441.0,2025-06-24T09:32:00-04:00,1.5,10747.04,1540.0,2025-06-24T11:11:00-04:00,0.9000000000000021,11947.039999999997,1541.0,2025-06-24T11:12:00-04:00,0.9000000000000021,11947.039999999997,1545.0,2025-06-24T11:16:00-04:00,0.9000000000000021,11947.039999999997,1541.0,2025-06-24T11:12:00-04:00,0.9000000000000021,11947.039999999997,1747.0,2025-06-24T14:38:00-04:00,0.4499999999999993,12847.040000000003,1776.0,2025-06-24T15:07:00-04:00,0.35000000000000053,13047.04,1777.0,2025-06-24T15:08:00-04:00,0.39999999999999947,12947.040000000003,1748.0,2025-06-24T14:39:00-04:00,0.5,12747.04,2702
2025-06-23,2025-06-26,3,5.0,2025-06-23T09:31:00-04:00,4.850000000000023,NDXP  250626P21710000,NDXP  250626P21700000,validation,False,False,0,0,53,4,0,1495,available,False,2025-06-23T09:31:00-04:00,2025-06-26T14:52:00-04:00,0.0,9447.040000000046,68.0,last_observed_quote_not_settlement,1036.0,18,14,4.850000000000023,-252.9599999999993,2025-06-23T09:32:00-04:00,0.0,6.050000000000011,-2652.9599999999764,2025-06-23T09:33:00-04:00,0.0,5.75,-2052.9599999999537,2025-06-23T09:36:00-04:00,0.0,4.550000000000011,347.04000000002344,2025-06-23T09:41:00-04:00,0.0,5.050000000000011,-652.9599999999766,2025-06-23T09:46:00-04:00,0.0,4.050000000000011,1347.0400000000234,2025-06-23T10:01:00-04:00,0.0,3.6999999999999886,2047.040000000069,2025-06-23T10:31:00-04:00,0.0,3.8999999999999773,1647.0400000000916,2025-06-23T11:31:00-04:00,0.0,2.700000000000003,4047.040000000041,2025-06-23T16:00:00-04:00,0.0,0.5500000000000007,8347.040000000046,2025-06-24T16:00:00-04:00,0.0,,,2025-06-25T15:59:00-04:00,60.0,,,2025-06-26T14:52:00-04:00,4080.0,0.0,hit,0.0,hit,31.0,hit,186.0,hit,186.0,hit,186.0,hit,186.0,hit,2.0,hit,2.0,hit,,never_hit,,never_hit,,never_hit,,never_hit,6.050000000000011,10,False,False,False,False,,6.050000000000011,10,False,False,False,False,,6.050000000000011,10,False,False,False,False,,6.050000000000011,10,False,False,False,False,,186.0,2025-06-23T12:37:00-04:00,0.5,8447.040000000046,248.0,2025-06-23T13:39:00-04:00,2.9499999999999886,3547.040000000069,249.0,2025-06-23T13:40:00-04:00,2.9000000000000057,3647.040000000035,187.0,2025-06-23T12:38:00-04:00,5.049999999999983,-652.9599999999198,186.0,2025-06-23T12:37:00-04:00,0.5,8447.040000000046,1441.0,2025-06-24T09:32:00-04:00,1.0,7447.040000000046,1442.0,2025-06-24T09:33:00-04:00,1.1999999999999993,7047.040000000047,187.0,2025-06-23T12:38:00-04:00,5.049999999999983,-652.9599999999198,186.0,2025-06-23T12:37:00-04:00,0.5,8447.040000000046,1456.0,2025-06-24T09:47:00-04:00,0.9499999999999993,7547.040000000047,1457.0,2025-06-24T09:48:00-04:00,0.8999999999999986,7647.040000000049,187.0,2025-06-23T12:38:00-04:00,5.049999999999983,-652.9599999999198,1767.0,2025-06-24T14:58:00-04:00,0.4499999999999993,8547.040000000048,1772.0,2025-06-24T15:03:00-04:00,0.3999999999999986,8647.04000000005,1773.0,2025-06-24T15:04:00-04:00,0.4499999999999993,8547.040000000048,1768.0,2025-06-24T14:59:00-04:00,0.5,8447.040000000046,2703
2025-06-23,2025-06-26,3,6.0,2025-06-23T09:31:00-04:00,6.0,NDXP  250626P21820000,NDXP  250626P21810000,validation,False,False,0,0,37,5,0,1514,available,False,2025-06-23T09:31:00-04:00,2025-06-26T14:58:00-04:00,0.0,11747.04,62.0,last_observed_quote_not_settlement,1036.0,35,36,6.400000000000034,-1052.9600000000676,2025-06-23T09:32:00-04:00,0.0,6.349999999999966,-952.9599999999311,2025-06-23T09:33:00-04:00,0.0,6.0,-252.9599999999993,2025-06-23T09:36:00-04:00,0.0,5.949999999999989,-152.95999999997656,2025-06-23T09:41:00-04:00,0.0,5.899999999999977,-52.959999999953816,2025-06-23T09:46:00-04:00,0.0,5.349999999999994,1047.040000000012,2025-06-23T10:01:00-04:00,0.0,4.899999999999977,1947.0400000000461,2025-06-23T10:31:00-04:00,0.0,5.0,1747.0400000000006,2025-06-23T11:31:00-04:00,0.0,3.0,5747.040000000001,2025-06-23T16:00:00-04:00,0.0,0.8500000000000014,10047.039999999999,2025-06-24T16:00:00-04:00,0.0,,,2025-06-25T15:59:00-04:00,60.0,,,2025-06-26T14:58:00-04:00,3720.0,17.0,hit,17.0,hit,17.0,hit,169.0,hit,169.0,hit,1570.0,hit,2880.0,hit,3.0,hit,93.0,hit,93.0,hit,,never_hit,,never_hit,,never_hit,7.25,14,True,False,False,False,,7.25,14,True,False,False,False,,7.550000000000011,35,True,False,False,False,,7.550000000000011,35,True,False,False,False,,169.0,2025-06-23T12:20:00-04:00,1.1500000000000057,9447.03999999999,1441.0,2025-06-24T09:32:00-04:00,1.8999999999999986,7947.040000000004,1442.0,2025-06-24T09:33:00-04:00,1.7999999999999972,8147.040000000007,170.0,2025-06-23T12:21:00-04:00,5.650000000000006,447.03999999998933,169.0,2025-06-23T12:20:00-04:00,1.1500000000000057,9447.03999999999,1441.0,2025-06-24T09:32:00-04:00,1.8999999999999986,7947.040000000004,1442.0,2025-06-24T09:33:00-04:00,1.7999999999999972,8147.040000000007,170.0,2025-06-23T12:21:00-04:00,5.650000000000006,447.03999999998933,1619.0,2025-06-24T12:30:00-04:00,0.9499999999999993,9847.040000000003,1633.0,2025-06-24T12:44:00-04:00,0.8999999999999986,9947.040000000005,1634.0,2025-06-24T12:45:00-04:00,0.8999999999999986,9947.040000000005,1620.0,2025-06-24T12:31:00-04:00,1.0,9747.04,2880.0,2025-06-25T09:31:00-04:00,0.1999999999999993,11347.040000000003,2881.0,2025-06-25T09:32:00-04:00,0.15000000000000036,11447.04,2882.0,2025-06-25T09:33:00-04:00,0.20000000000000018,11347.04,2881.0,2025-06-25T09:32:00-04:00,0.15000000000000036,11447.04,2704
2025-06-23,2025-06-26,3,7.0,2025-06-23T09:31:00-04:00,7.0,NDXP  250626P21900000,NDXP  250626P21890000,validation,False,False,0,0,25,23,0,1515,available,False,2025-06-23T09:31:00-04:00,2025-06-26T15:15:00-04:00,0.0,13747.04,45.0,last_observed_quote_not_settlement,1038.0,48,63,7.100000000000023,-452.9600000000448,2025-06-23T09:32:00-04:00,0.0,7.2999999999999545,-852.9599999999084,2025-06-23T09:33:00-04:00,0.0,6.9500000000000455,-152.96000000009025,2025-06-23T09:36:00-04:00,0.0,6.9500000000000455,-152.96000000009025,2025-06-23T09:41:00-04:00,0.0,6.800000000000011,147.03999999997797,2025-06-23T09:46:00-04:00,0.0,6.400000000000006,947.0399999999893,2025-06-23T10:01:00-04:00,0.0,6.150000000000006,1447.0399999999893,2025-06-23T10:31:00-04:00,0.0,6.25,1247.0400000000006,2025-06-23T11:31:00-04:00,0.0,1.3499999999999943,11047.040000000014,2025-06-23T16:00:00-04:00,0.0,1.25,11247.04,2025-06-24T16:00:00-04:00,0.0,,,2025-06-25T15:59:00-04:00,60.0,,,2025-06-26T15:15:00-04:00,2700.0,17.0,hit,17.0,hit,38.0,hit,38.0,hit,38.0,hit,1776.0,hit,2880.0,hit,4.0,hit,45.0,hit,0.0,hit,45.0,hit,45.0,hit,45.0,hit,7.7999999999999545,6,True,False,False,False,,7.7999999999999545,6,True,False,False,False,,9.75,48,True,True,True,True,,9.75,48,True,True,True,True,,38.0,2025-06-23T10:09:00-04:00,1.6999999999999886,10347.040000000025,1441.0,2025-06-24T09:32:00-04:00,2.3499999999999943,9047.040000000014,1442.0,2025-06-24T09:33:00-04:00,2.6000000000000014,8547.039999999999,39.0,2025-06-23T10:10:00-04:00,5.100000000000023,3547.0399999999554,38.0,2025-06-23T10:09:00-04:00,1.6999999999999886,10347.040000000025,1512.0,2025-06-24T10:43:00-04:00,1.7999999999999972,10147.040000000008,1513.0,2025-06-24T10:44:00-04:00,1.75,10247.04,39.0,2025-06-23T10:10:00-04:00,5.100000000000023,3547.0399999999554,2880.0,2025-06-25T09:31:00-04:00,0.40000000000000036,12947.04,2881.0,2025-06-25T09:32:00-04:00,0.4499999999999993,12847.040000000003,2882.0,2025-06-25T09:33:00-04:00,0.3500000000000014,13047.039999999999,2881.0,2025-06-25T09:32:00-04:00,0.4499999999999993,12847.040000000003,2880.0,2025-06-25T09:31:00-04:00,0.40000000000000036,12947.04,2881.0,2025-06-25T09:32:00-04:00,0.4499999999999993,12847.040000000003,2882.0,2025-06-25T09:33:00-04:00,0.3500000000000014,13047.039999999999,2881.0,2025-06-25T09:32:00-04:00,0.4499999999999993,12847.040000000003,2705
2025-06-24,2025-06-26,2,5.0,2025-06-24T09:31:00-04:00,5.0,NDXP  250626P22130000,NDXP  250626P22120000,validation,False,False,0,0,13,1,0,1163,available,False,2025-06-24T09:31:00-04:00,2025-06-26T15:25:00-04:00,0.0,9747.04,35.0,last_observed_quote_not_settlement,1036.0,10,16,4.800000000000011,147.03999999997797,2025-06-24T09:32:00-04:00,0.0,4.899999999999977,-52.959999999953816,2025-06-24T09:33:00-04:00,0.0,5.0,-252.9599999999993,2025-06-24T09:36:00-04:00,0.0,4.75,247.04000000000067,2025-06-24T09:41:00-04:00,0.0,4.75,247.04000000000067,2025-06-24T09:46:00-04:00,0.0,5.0,-252.9599999999993,2025-06-24T10:01:00-04:00,0.0,4.900000000000006,-52.96000000001066,2025-06-24T10:31:00-04:00,0.0,4.150000000000006,1447.0399999999893,2025-06-24T11:31:00-04:00,0.0,4.049999999999997,1647.0400000000063,2025-06-24T16:00:00-04:00,0.0,2.3999999999999986,4947.040000000004,2025-06-25T16:00:00-04:00,0.0,,,2025-06-26T15:25:00-04:00,2100.0,,,,,0.0,hit,0.0,hit,113.0,hit,218.0,hit,218.0,hit,1469.0,hit,1469.0,hit,38.0,hit,38.0,hit,,never_hit,,never_hit,,never_hit,,never_hit,6.050000000000011,10,False,False,False,False,,6.050000000000011,10,False,False,False,False,,6.050000000000011,10,False,False,False,False,,6.050000000000011,10,False,False,False,False,,218.0,2025-06-24T13:09:00-04:00,1.5499999999999972,6647.040000000006,337.0,2025-06-24T15:08:00-04:00,2.9000000000000057,3947.0399999999895,338.0,2025-06-24T15:09:00-04:00,2.8000000000000114,4147.039999999978,219.0,2025-06-24T13:10:00-04:00,3.5,2747.040000000001,218.0,2025-06-24T13:09:00-04:00,1.5499999999999972,6647.040000000006,1441.0,2025-06-25T09:32:00-04:00,1.8000000000000007,6147.039999999999,1442.0,2025-06-25T09:33:00-04:00,1.9499999999999993,5847.040000000002,219.0,2025-06-24T13:10:00-04:00,3.5,2747.040000000001,1469.0,2025-06-25T10:00:00-04:00,0.3500000000000014,9047.039999999999,2881.0,2025-06-26T09:32:00-04:00,0.75,8247.04,2882.0,2025-06-26T09:33:00-04:00,0.7000000000000011,8347.039999999999,1470.0,2025-06-25T10:01:00-04:00,1.75,6247.040000000001,1469.0,2025-06-25T10:00:00-04:00,0.3500000000000014,9047.039999999999,2921.0,2025-06-26T10:12:00-04:00,0.40000000000000036,8947.04,2922.0,2025-06-26T10:13:00-04:00,0.40000000000000036,8947.04,1470.0,2025-06-25T10:01:00-04:00,1.75,6247.040000000001,2706
2025-06-24,2025-06-26,2,6.0,2025-06-24T09:31:00-04:00,6.050000000000011,NDXP  250626P22190000,NDXP  250626P22180000,validation,False,False,0,0,11,2,0,1168,available,False,2025-06-24T09:31:00-04:00,2025-06-26T15:44:00-04:00,0.025000000000000022,11797.040000000023,16.0,last_observed_quote_not_settlement,1036.0,23,24,6.099999999999994,-352.9599999999652,2025-06-24T09:32:00-04:00,0.0,5.900000000000006,47.04000000001208,2025-06-24T09:33:00-04:00,0.0,5.949999999999989,-52.959999999953816,2025-06-24T09:36:00-04:00,0.0,5.699999999999989,447.0400000000462,2025-06-24T09:41:00-04:00,0.0,3.4000000000000057,5047.040000000012,2025-06-24T09:46:00-04:00,0.0,5.200000000000017,1447.0399999999893,2025-06-24T10:01:00-04:00,0.0,5.800000000000011,247.04000000000067,2025-06-24T10:31:00-04:00,0.0,5.050000000000011,1747.0400000000006,2025-06-24T11:31:00-04:00,0.0,4.5,2847.0400000000236,2025-06-24T16:00:00-04:00,0.0,4.800000000000004,2247.040000000015,2025-06-25T16:00:00-04:00,0.0,,,2025-06-26T15:44:00-04:00,960.0,,,,,7.0,hit,12.0,hit,12.0,hit,211.0,hit,211.0,hit,1589.0,hit,1589.0,hit,9.0,hit,28.0,hit,28.0,hit,80.0,hit,81.0,hit,81.0,hit,9.550000000000011,22,True,True,True,True,,9.550000000000011,22,True,True,True,True,,9.550000000000011,23,True,True,True,True,,9.550000000000011,23,True,True,True,True,,211.0,2025-06-24T13:02:00-04:00,1.3000000000000114,9247.04,1441.0,2025-06-25T09:32:00-04:00,2.549999999999997,6747.040000000029,1442.0,2025-06-25T09:33:00-04:00,2.6499999999999986,6547.040000000026,212.0,2025-06-24T13:03:00-04:00,4.25,3347.0400000000236,211.0,2025-06-24T13:02:00-04:00,1.3000000000000114,9247.04,2881.0,2025-06-26T09:32:00-04:00,0.9499999999999993,9947.040000000026,2882.0,2025-06-26T09:33:00-04:00,1.200000000000001,9447.040000000023,212.0,2025-06-24T13:03:00-04:00,4.25,3347.0400000000236,1589.0,2025-06-25T12:00:00-04:00,7.105427357601002e-15,11847.04000000001,2913.0,2025-06-26T10:04:00-04:00,0.8999999999999986,10047.040000000026,2914.0,2025-06-26T10:05:00-04:00,0.8499999999999996,10147.040000000025,1590.0,2025-06-25T12:01:00-04:00,3.450000000000003,4947.040000000018,1589.0,2025-06-25T12:00:00-04:00,7.105427357601002e-15,11847.04000000001,2974.0,2025-06-26T11:05:00-04:00,0.40000000000000036,11047.040000000023,2975.0,2025-06-26T11:06:00-04:00,0.40000000000000036,11047.040000000023,1590.0,2025-06-25T12:01:00-04:00,3.450000000000003,4947.040000000018,2707
2025-06-24,2025-06-26,2,7.0,2025-06-24T09:31:00-04:00,7.150000000000006,NDXP  250626P22250000,NDXP  250626P22240000,validation,False,False,0,0,4,1,0,1189,available,False,2025-06-24T09:31:00-04:00,2025-06-26T15:56:00-04:00,0.0,14047.040000000014,4.0,last_observed_quote_not_settlement,1036.0,37,53,6.299999999999983,1447.0400000000461,2025-06-24T09:32:00-04:00,0.0,5.5,3047.0400000000122,2025-06-24T09:33:00-04:00,0.0,7.75,-1452.959999999988,2025-06-24T09:36:00-04:00,0.0,5.900000000000006,2247.040000000001,2025-06-24T09:41:00-04:00,0.0,4.800000000000011,4447.039999999989,2025-06-24T09:46:00-04:00,0.0,6.0,2047.0400000000122,2025-06-24T10:01:00-04:00,0.0,4.599999999999966,4847.04000000008,2025-06-24T10:31:00-04:00,0.0,6.949999999999989,147.0400000000348,2025-06-24T11:31:00-04:00,0.0,5.099999999999994,3847.0400000000236,2025-06-24T16:00:00-04:00,0.0,5.75,2547.0400000000122,2025-06-25T16:00:00-04:00,0.0,,,2025-06-26T15:56:00-04:00,240.0,,,,,2.0,hit,11.0,hit,50.0,hit,119.0,hit,1442.0,hit,1442.0,hit,1442.0,hit,4.0,hit,4.0,hit,0.0,hit,4.0,hit,36.0,hit,,never_hit,9.25,26,True,True,True,True,,9.25,37,True,True,True,True,,9.25,37,True,True,True,True,,9.25,37,True,True,True,True,,119.0,2025-06-24T11:30:00-04:00,2.75,8547.040000000014,2881.0,2025-06-26T09:32:00-04:00,1.8000000000000007,10447.040000000012,2882.0,2025-06-26T09:33:00-04:00,2.400000000000002,9247.040000000008,120.0,2025-06-24T11:31:00-04:00,6.949999999999989,147.0400000000348,1442.0,2025-06-25T09:33:00-04:00,0.25,13547.040000000014,2911.0,2025-06-26T10:02:00-04:00,1.8999999999999986,10247.040000000015,2912.0,2025-06-26T10:03:00-04:00,1.6499999999999986,10747.040000000015,1443.0,2025-06-25T09:34:00-04:00,3.5500000000000114,6947.039999999989,1442.0,2025-06-25T09:33:00-04:00,0.25,13547.040000000014,2980.0,2025-06-26T11:11:00-04:00,0.9499999999999993,12147.040000000014,2984.0,2025-06-26T11:15:00-04:00,0.8499999999999996,12347.040000000014,1443.0,2025-06-25T09:34:00-04:00,3.5500000000000114,6947.039999999989,1442.0,2025-06-25T09:33:00-04:00,0.25,13547.040000000014,3033.0,2025-06-26T12:04:00-04:00,0.40000000000000036,13247.040000000012,3034.0,2025-06-26T12:05:00-04:00,0.40000000000000036,13247.040000000012,1443.0,2025-06-25T09:34:00-04:00,3.5500000000000114,6947.039999999989,2708
2025-06-24,2025-06-27,3,5.0,2025-06-24T09:31:00-04:00,4.900000000000034,NDXP  250627P22140000,NDXP  250627P22130000,validation,False,False,0,0,9,9,0,1564,available,False,2025-06-24T09:31:00-04:00,2025-06-27T15:39:00-04:00,0.07500000000000001,9397.04000000007,21.0,last_observed_quote_not_settlement,1036.0,16,19,4.800000000000011,-52.959999999953816,2025-06-24T09:32:00-04:00,0.0,4.749999999999972,47.040000000125765,2025-06-24T09:33:00-04:00,0.0,4.650000000000006,247.04000000005752,2025-06-24T09:36:00-04:00,0.0,4.899999999999977,-252.9599999998856,2025-06-24T09:41:00-04:00,0.0,4.649999999999977,247.04000000011436,2025-06-24T09:46:00-04:00,0.0,4.75,47.04000000006892,2025-06-24T10:01:00-04:00,0.0,4.800000000000011,-52.959999999953816,2025-06-24T10:31:00-04:00,0.0,4.049999999999983,1447.040000000103,2025-06-24T11:31:00-04:00,0.0,3.549999999999997,2447.0400000000745,2025-06-24T16:00:00-04:00,0.0,2.25,5047.040000000069,2025-06-25T16:00:00-04:00,0.0,0.40000000000000036,8747.04000000007,2025-06-26T16:00:00-04:00,0.0,,,2025-06-27T15:39:00-04:00,1260.0,0.0,hit,0.0,hit,108.0,hit,1440.0,hit,1453.0,hit,2909.0,hit,3158.0,hit,38.0,hit,,never_hit,,never_hit,,never_hit,,never_hit,,never_hit,5.550000000000011,16,False,False,False,False,,5.550000000000011,16,False,False,False,False,,5.550000000000011,16,False,False,False,False,,5.550000000000011,16,False,False,False,False,,1440.0,2025-06-25T09:31:00-04:00,2.3999999999999986,4747.040000000072,1441.0,2025-06-25T09:32:00-04:00,2.25,5047.040000000069,1442.0,2025-06-25T09:33:00-04:00,2.4000000000000057,4747.040000000057,1441.0,2025-06-25T09:32:00-04:00,2.25,5047.040000000069,2880.0,2025-06-26T09:31:00-04:00,1.5,6547.040000000069,2881.0,2025-06-26T09:32:00-04:00,1.5500000000000043,6447.04000000006,2882.0,2025-06-26T09:33:00-04:00,1.5500000000000007,6447.040000000067,2881.0,2025-06-26T09:32:00-04:00,1.5500000000000043,6447.04000000006,2909.0,2025-06-26T10:00:00-04:00,0.8000000000000007,7947.040000000067,2991.0,2025-06-26T11:22:00-04:00,0.8999999999999986,7747.040000000072,3017.0,2025-06-26T11:48:00-04:00,0.8999999999999986,7747.040000000072,2910.0,2025-06-26T10:01:00-04:00,1.2999999999999972,6947.0400000000745,3175.0,2025-06-26T14:26:00-04:00,0.4499999999999993,8647.040000000072,3230.0,2025-06-26T15:21:00-04:00,0.39999999999999947,8747.04000000007,3236.0,2025-06-26T15:27:00-04:00,0.39999999999999947,8747.04000000007,3176.0,2025-06-26T14:27:00-04:00,0.5,8547.04000000007,2709
2025-06-24,2025-06-27,3,6.0,2025-06-24T09:31:00-04:00,5.900000000000034,NDXP  250627P22260000,NDXP  250627P22250000,validation,False,False,0,0,10,12,0,1577,available,False,2025-06-24T09:31:00-04:00,2025-06-27T15:45:00-04:00,0.07500000000000004,11397.04000000007,15.0,last_observed_quote_not_settlement,1036.0,138,54,9.75,-7952.959999999933,2025-06-24T09:32:00-04:00,0.0,6.350000000000023,-1152.9599999999766,2025-06-24T09:33:00-04:00,0.0,6.449999999999989,-1352.9599999999084,2025-06-24T09:36:00-04:00,0.0,9.200000000000017,-6852.959999999967,2025-06-24T09:41:00-04:00,0.0,6.349999999999994,-1152.9599999999198,2025-06-24T09:46:00-04:00,0.0,6.899999999999977,-2252.9599999998854,2025-06-24T10:01:00-04:00,0.0,7.700000000000017,-3852.959999999965,2025-06-24T10:31:00-04:00,0.0,6.199999999999989,-852.9599999999084,2025-06-24T11:31:00-04:00,0.0,5.400000000000006,747.0400000000575,2025-06-24T16:00:00-04:00,0.0,4.6000000000000085,2347.040000000052,2025-06-25T16:00:00-04:00,0.0,1.2500000000000018,9047.040000000066,2025-06-26T16:00:00-04:00,0.0,,,2025-06-27T15:45:00-04:00,900.0,13.0,hit,13.0,hit,159.0,hit,159.0,hit,2988.0,hit,3266.0,hit,4320.0,hit,1.0,hit,1.0,hit,1.0,hit,1.0,hit,1.0,hit,1.0,hit,10.0,121,True,True,True,True,,10.0,138,True,True,True,True,,10.0,138,True,True,True,True,,10.0,138,True,True,True,True,,159.0,2025-06-24T12:10:00-04:00,2.9000000000000057,5747.040000000057,2911.0,2025-06-26T10:02:00-04:00,2.75,6047.040000000069,2912.0,2025-06-26T10:03:00-04:00,2.700000000000003,6147.040000000064,160.0,2025-06-24T12:11:00-04:00,7.349999999999994,-3152.9599999999195,3030.0,2025-06-26T12:01:00-04:00,1.8999999999999986,7747.040000000072,3031.0,2025-06-26T12:02:00-04:00,1.8000000000000043,7947.04000000006,3032.0,2025-06-26T12:03:00-04:00,1.8500000000000014,7847.040000000066,3031.0,2025-06-26T12:02:00-04:00,1.8000000000000043,7947.04000000006,3268.0,2025-06-26T15:59:00-04:00,0.8000000000000007,9947.040000000068,4321.0,2025-06-27T09:32:00-04:00,0.5499999999999989,10447.040000000072,4322.0,2025-06-27T09:33:00-04:00,0.5999999999999996,10347.04000000007,3269.0,2025-06-26T16:00:00-04:00,1.2500000000000018,9047.040000000066,4320.0,2025-06-27T09:31:00-04:00,0.4499999999999993,10647.040000000072,4324.0,2025-06-27T09:35:00-04:00,0.40000000000000036,10747.04000000007,4328.0,2025-06-27T09:39:00-04:00,0.25000000000000044,11047.040000000068,4321.0,2025-06-27T09:32:00-04:00,0.5499999999999989,10447.040000000072,2710
2025-06-24,2025-06-27,3,7.0,2025-06-24T09:31:00-04:00,6.949999999999989,NDXP  250627P22250000,NDXP  250627P22240000,validation,False,False,0,0,4,7,0,1589,available,False,2025-06-24T09:31:00-04:00,2025-06-27T15:56:00-04:00,0.024999999999999994,13597.039999999979,4.0,last_observed_quote_not_settlement,1036.0,15,22,2.4499999999999886,8747.04,2025-06-24T09:32:00-04:00,0.0,6.300000000000011,1047.0399999999552,2025-06-24T09:33:00-04:00,0.0,5.949999999999989,1747.0400000000006,2025-06-24T09:36:00-04:00,0.0,7.049999999999983,-452.95999999998793,2025-06-24T09:41:00-04:00,0.0,4.799999999999983,4047.040000000012,2025-06-24T09:46:00-04:00,0.0,5.699999999999989,2247.040000000001,2025-06-24T10:01:00-04:00,0.0,5.049999999999983,3547.0400000000122,2025-06-24T10:31:00-04:00,0.0,5.699999999999989,2247.040000000001,2025-06-24T11:31:00-04:00,0.0,4.699999999999989,4247.040000000001,2025-06-24T16:00:00-04:00,0.0,2.9499999999999886,7747.040000000001,2025-06-25T16:00:00-04:00,0.0,1.0,11647.039999999979,2025-06-26T16:00:00-04:00,0.0,,,2025-06-27T15:56:00-04:00,240.0,1.0,hit,1.0,hit,1.0,hit,1.0,hit,34.0,hit,34.0,hit,34.0,hit,8.0,hit,13.0,hit,8.0,hit,13.0,hit,,never_hit,,never_hit,6.949999999999989,0,False,False,False,False,,8.399999999999977,5,True,True,False,False,,8.399999999999977,5,True,True,False,False,,8.399999999999977,5,True,True,False,False,,1.0,2025-06-24T09:32:00-04:00,2.4499999999999886,8747.04,2881.0,2025-06-26T09:32:00-04:00,2.6499999999999986,8347.03999999998,2911.0,2025-06-26T10:02:00-04:00,2.75,8147.039999999978,2.0,2025-06-24T09:33:00-04:00,6.300000000000011,1047.0399999999552,34.0,2025-06-24T10:05:00-04:00,0.20000000000001705,13247.039999999944,2988.0,2025-06-26T11:19:00-04:00,1.8999999999999986,9847.03999999998,3017.0,2025-06-26T11:48:00-04:00,1.8000000000000043,10047.03999999997,35.0,2025-06-24T10:06:00-04:00,4.799999999999983,4047.040000000012,34.0,2025-06-24T10:05:00-04:00,0.20000000000001705,13247.039999999944,3263.0,2025-06-26T15:54:00-04:00,0.8500000000000014,11947.039999999975,4322.0,2025-06-27T09:33:00-04:00,0.40000000000000036,12847.039999999979,35.0,2025-06-24T10:06:00-04:00,4.799999999999983,4047.040000000012,34.0,2025-06-24T10:05:00-04:00,0.20000000000001705,13247.039999999944,4321.0,2025-06-27T09:32:00-04:00,0.10000000000000053,13447.039999999977,4322.0,2025-06-27T09:33:00-04:00,0.40000000000000036,12847.039999999979,35.0,2025-06-24T10:06:00-04:00,4.799999999999983,4047.040000000012,2711
2025-06-25,2025-06-27,2,5.0,2025-06-25T09:31:00-04:00,5.0,NDXP  250627P22340000,NDXP  250627P22330000,validation,False,False,0,0,4,2,0,1190,available,False,2025-06-25T09:31:00-04:00,2025-06-27T15:53:00-04:00,0.07500000000000004,9597.04,7.0,last_observed_quote_not_settlement,1036.0,377,29,4.650000000000006,447.03999999998933,2025-06-25T09:32:00-04:00,0.0,5.0,-252.9599999999993,2025-06-25T09:33:00-04:00,0.0,4.75,247.04000000000067,2025-06-25T09:36:00-04:00,0.0,4.749999999999986,247.0400000000291,2025-06-25T09:41:00-04:00,0.0,4.550000000000011,647.0399999999779,2025-06-25T09:46:00-04:00,0.0,4.750000000000014,247.03999999997225,2025-06-25T10:01:00-04:00,0.0,5.050000000000011,-352.96000000002203,2025-06-25T10:31:00-04:00,0.0,6.099999999999994,-2452.9599999999878,2025-06-25T11:31:00-04:00,0.0,6.0,-2252.959999999999,2025-06-25T16:00:00-04:00,0.0,2.0,5747.040000000001,2025-06-26T16:00:00-04:00,0.0,,,2025-06-27T15:53:00-04:00,420.0,,,,,0.0,hit,0.0,hit,20.0,hit,20.0,hit,20.0,hit,2883.0,hit,2902.0,hit,44.0,hit,94.0,hit,94.0,hit,95.0,hit,119.0,hit,132.0,hit,5.09999999999998,1,False,False,False,False,,5.09999999999998,1,False,False,False,False,,9.899999999999977,377,True,True,True,True,,9.899999999999977,377,True,True,True,True,,20.0,2025-06-25T09:51:00-04:00,1.900000000000034,5947.039999999933,1594.0,2025-06-26T12:05:00-04:00,2.8999999999999986,3947.0400000000036,1595.0,2025-06-26T12:06:00-04:00,2.799999999999997,4147.040000000006,21.0,2025-06-25T09:52:00-04:00,5.25,-752.9599999999994,20.0,2025-06-25T09:51:00-04:00,1.900000000000034,5947.039999999933,1823.0,2025-06-26T15:54:00-04:00,1.8500000000000014,6047.039999999998,1824.0,2025-06-26T15:55:00-04:00,1.8999999999999986,5947.040000000004,21.0,2025-06-25T09:52:00-04:00,5.25,-752.9599999999994,2884.0,2025-06-27T09:35:00-04:00,0.8500000000000014,8047.039999999998,2888.0,2025-06-27T09:39:00-04:00,0.6500000000000004,8447.04,2889.0,2025-06-27T09:40:00-04:00,0.7000000000000002,8347.04,2885.0,2025-06-27T09:36:00-04:00,1.0,7747.040000000001,2905.0,2025-06-27T09:56:00-04:00,0.39999999999999947,8947.040000000003,2908.0,2025-06-27T09:59:00-04:00,0.39999999999999947,8947.040000000003,2912.0,2025-06-27T10:03:00-04:00,0.34999999999999964,9047.040000000003,2906.0,2025-06-27T09:57:00-04:00,0.4500000000000002,8847.04,2712
2025-06-25,2025-06-27,2,6.0,2025-06-25T09:31:00-04:00,5.899999999999864,NDXP  250627P23200000,NDXP  250627P23190000,validation,False,False,0,0,0,90,0,1109,available,False,2025-06-25T09:31:00-04:00,2025-06-27T16:00:00-04:00,10.0,-8352.960000000272,0.0,last_observed_quote_not_settlement,1036.0,1030,4,9.949999999999932,-8352.960000000137,2025-06-25T09:32:00-04:00,0.0,9.950000000000045,-8352.960000000272,2025-06-25T09:33:00-04:00,0.0,9.949999999999932,-8352.960000000137,2025-06-25T09:36:00-04:00,0.0,9.950000000000045,-8352.960000000272,2025-06-25T09:41:00-04:00,0.0,10.0,-8352.960000000272,2025-06-25T09:46:00-04:00,0.0,9.949999999999932,-8352.960000000137,2025-06-25T10:01:00-04:00,0.0,,,2025-06-25T10:30:00-04:00,60.0,9.900000000000091,-8252.960000000456,2025-06-25T11:31:00-04:00,0.0,9.700000000000045,-7852.960000000365,2025-06-25T16:00:00-04:00,0.0,10.0,-8352.960000000272,2025-06-26T16:00:00-04:00,0.0,10.0,-8352.960000000272,2025-06-27T16:00:00-04:00,0.0,,,,,29.0,hit,29.0,hit,1491.0,hit,1491.0,hit,,never_hit,,never_hit,,never_hit,1.0,hit,1.0,hit,1.0,hit,1.0,hit,1.0,hit,1.0,hit,10.0,399,True,True,True,True,,,,True,True,True,False,3.049999999999841,,,True,True,True,False,3.049999999999841,,,True,True,True,False,3.049999999999841,1491.0,2025-06-26T10:22:00-04:00,2.8500000000000227,5847.039999999683,,,,,,,,,1492.0,2025-06-26T10:23:00-04:00,10.0,-8352.960000000272,,,,,,,,,,,,,,,,,,,,,,,,,,,,,,,,,,,,,,,,,,,,,,,,,2713
2025-06-25,2025-06-27,2,7.0,2025-06-25T09:31:00-04:00,6.900000000000006,NDXP  250627P22470000,NDXP  250627P22460000,validation,False,False,0,0,1,3,0,1192,available,False,2025-06-25T09:31:00-04:00,2025-06-27T15:56:00-04:00,0.07500000000000001,13397.040000000012,4.0,last_observed_quote_not_settlement,1037.0,472,79,7.150000000000034,-752.9600000000562,2025-06-25T09:32:00-04:00,0.0,8.300000000000011,-3052.9600000000123,2025-06-25T09:33:00-04:00,0.0,6.949999999999989,-352.9599999999652,2025-06-25T09:36:00-04:00,0.0,6.799999999999983,-52.959999999953816,2025-06-25T09:41:00-04:00,0.0,6.700000000000017,147.03999999997797,2025-06-25T09:46:00-04:00,0.0,7.049999999999983,-552.9599999999539,2025-06-25T10:01:00-04:00,0.0,5.849999999999994,1847.0400000000234,2025-06-25T10:31:00-04:00,0.0,7.899999999999977,-2252.9599999999423,2025-06-25T11:31:00-04:00,0.0,7.300000000000011,-1052.9600000000107,2025-06-25T16:00:00-04:00,0.0,4.400000000000006,4747.040000000001,2025-06-26T16:00:00-04:00,0.0,,,2025-06-27T15:56:00-04:00,240.0,,,,,20.0,hit,21.0,hit,1521.0,hit,2886.0,hit,2907.0,hit,2922.0,hit,3019.0,hit,2.0,hit,2.0,hit,1.0,hit,2.0,hit,19.0,hit,19.0,hit,9.899999999999977,445,True,True,True,True,,9.899999999999977,445,True,True,True,True,,9.899999999999977,445,True,True,True,True,,9.899999999999977,445,True,True,True,True,,2886.0,2025-06-27T09:37:00-04:00,2.9000000000000057,7747.040000000001,2887.0,2025-06-27T09:38:00-04:00,2.799999999999997,7947.040000000018,2888.0,2025-06-27T09:39:00-04:00,2.799999999999997,7947.040000000018,2887.0,2025-06-27T09:38:00-04:00,2.799999999999997,7947.040000000018,2910.0,2025-06-27T10:01:00-04:00,1.5999999999999996,10347.040000000014,2911.0,2025-06-27T10:02:00-04:00,1.450000000000001,10647.04000000001,2912.0,2025-06-27T10:03:00-04:00,1.5,10547.040000000014,2911.0,2025-06-27T10:02:00-04:00,1.450000000000001,10647.04000000001,2999.0,2025-06-27T11:30:00-04:00,0.9499999999999993,11647.040000000014,3000.0,2025-06-27T11:31:00-04:00,0.9000000000000004,11747.040000000012,3001.0,2025-06-27T11:32:00-04:00,0.7999999999999998,11947.040000000014,3000.0,2025-06-27T11:31:00-04:00,0.9000000000000004,11747.040000000012,3040.0,2025-06-27T12:11:00-04:00,0.40000000000000036,12747.040000000012,3264.0,2025-06-27T15:55:00-04:00,0.175,13197.040000000014,3265.0,2025-06-27T15:56:00-04:00,0.07500000000000001,13397.040000000012,3041.0,2025-06-27T12:12:00-04:00,0.5999999999999996,12347.040000000014,2714
2025-06-27,2025-06-30,3,5.0,2025-06-27T09:31:00-04:00,4.950000000000003,NDXP  250630P22540000,NDXP  250630P22530000,validation,False,False,0,0,0,1,0,784,available,False,2025-06-27T09:31:00-04:00,2025-06-30T15:54:00-04:00,0.024999999999999994,9597.040000000006,6.0,last_observed_quote_not_settlement,3916.0,124,22,4.150000000000006,1347.039999999995,2025-06-27T09:32:00-04:00,0.0,5.450000000000003,-1252.9599999999994,2025-06-27T09:33:00-04:00,0.0,5.199999999999989,-752.9599999999709,2025-06-27T09:36:00-04:00,0.0,5.049999999999997,-452.95999999998793,2025-06-27T09:41:00-04:00,0.0,5.0,-352.9599999999936,2025-06-27T09:46:00-04:00,0.0,3.8499999999999943,1947.0400000000177,2025-06-27T10:01:00-04:00,0.0,4.099999999999994,1447.0400000000177,2025-06-27T10:31:00-04:00,0.0,3.75,2147.0400000000063,2025-06-27T11:31:00-04:00,0.0,4.749999999999986,147.0400000000348,2025-06-27T16:00:00-04:00,0.0,,,2025-06-27T16:15:00-04:00,85500.0,,,2025-06-27T16:15:00-04:00,171900.0,,,2025-06-30T15:54:00-04:00,360.0,0.0,hit,0.0,hit,30.0,hit,191.0,hit,191.0,hit,4646.0,hit,4664.0,hit,2.0,hit,255.0,hit,314.0,hit,330.0,hit,,never_hit,,never_hit,5.450000000000003,8,False,False,False,False,,5.450000000000003,8,False,False,False,False,,8.550000000000011,124,True,True,False,False,,8.550000000000011,124,True,True,False,False,,191.0,2025-06-27T12:42:00-04:00,2.0,5647.040000000006,4321.0,2025-06-30T09:32:00-04:00,2.3000000000000007,5047.0400000000045,4322.0,2025-06-30T09:33:00-04:00,2.8000000000000007,4047.0400000000045,192.0,2025-06-27T12:43:00-04:00,4.049999999999997,1547.040000000012,4320.0,2025-06-30T09:31:00-04:00,1.8499999999999979,5947.040000000011,4448.0,2025-06-30T11:39:00-04:00,1.9499999999999993,5747.040000000008,4449.0,2025-06-30T11:40:00-04:00,1.9000000000000004,5847.040000000005,4321.0,2025-06-30T09:32:00-04:00,2.3000000000000007,5047.0400000000045,4648.0,2025-06-30T14:59:00-04:00,0.9499999999999993,7747.040000000008,4651.0,2025-06-30T15:02:00-04:00,0.75,8147.040000000007,4652.0,2025-06-30T15:03:00-04:00,0.75,8147.040000000007,4649.0,2025-06-30T15:00:00-04:00,1.0000000000000009,7647.0400000000045,4671.0,2025-06-30T15:22:00-04:00,0.2999999999999998,9047.040000000008,4672.0,2025-06-30T15:23:00-04:00,0.3500000000000001,8947.040000000006,4673.0,2025-06-30T15:24:00-04:00,0.30000000000000027,9047.040000000006,4672.0,2025-06-30T15:23:00-04:00,0.3500000000000001,8947.040000000006,2715
2025-06-27,2025-06-30,3,6.0,2025-06-27T09:31:00-04:00,6.0,NDXP  250630P23310000,NDXP  250630P23300000,validation,False,False,0,0,0,164,0,630,available,False,2025-06-27T09:31:00-04:00,2025-06-30T16:00:00-04:00,10.0,-8152.96,0.0,last_observed_quote_not_settlement,3916.0,514,13,9.900000000000091,-8052.960000000183,2025-06-27T09:32:00-04:00,0.0,,,2025-06-27T09:32:00-04:00,60.0,9.950000000000045,-8152.96,2025-06-27T09:36:00-04:00,0.0,9.75,-7752.960000000001,2025-06-27T09:41:00-04:00,0.0,,,2025-06-27T09:44:00-04:00,120.0,,,2025-06-27T09:56:00-04:00,300.0,10.0,-8152.96,2025-06-27T10:31:00-04:00,0.0,10.0,-8152.96,2025-06-27T11:31:00-04:00,0.0,,,2025-06-27T15:57:00-04:00,180.0,,,2025-06-27T16:15:00-04:00,85500.0,,,2025-06-27T16:15:00-04:00,171900.0,10.0,-8152.96,2025-06-30T16:00:00-04:00,0.0,48.0,hit,48.0,hit,299.0,hit,299.0,hit,299.0,hit,,never_hit,,never_hit,1.0,hit,1.0,hit,1.0,hit,1.0,hit,1.0,hit,1.0,hit,10.0,134,True,True,True,True,,10.0,134,True,True,True,True,,,,True,True,True,False,4.149999999999977,,,True,True,True,False,4.149999999999977,299.0,2025-06-27T14:30:00-04:00,1.8500000000000227,8047.039999999955,,,,,,,,,,,,,299.0,2025-06-27T14:30:00-04:00,1.8500000000000227,8047.039999999955,,,,,,,,,,,,,,,,,,,,,,,,,,,,,,,,,,,,,,,,,,,,,2716
2025-06-27,2025-06-30,3,7.0,2025-06-27T09:31:00-04:00,6.850000000000023,NDXP  250630P22630000,NDXP  250630P22620000,validation,False,False,0,0,2,2,0,786,available,False,2025-06-27T09:31:00-04:00,2025-06-30T15:54:00-04:00,0.0,13447.040000000046,6.0,last_observed_quote_not_settlement,3916.0,127,52,7.050000000000011,-652.9599999999766,2025-06-27T09:32:00-04:00,0.0,7.050000000000011,-652.9599999999766,2025-06-27T09:33:00-04:00,0.0,5.800000000000011,1847.0400000000234,2025-06-27T09:36:00-04:00,0.0,8.600000000000023,-3752.960000000001,2025-06-27T09:41:00-04:00,0.0,6.349999999999994,747.0400000000575,2025-06-27T09:46:00-04:00,0.0,5.349999999999994,2747.0400000000577,2025-06-27T10:01:00-04:00,0.0,5.8999999999999915,1647.0400000000632,2025-06-27T10:31:00-04:00,0.0,6.400000000000006,647.0400000000348,2025-06-27T11:31:00-04:00,0.0,6.699999999999989,47.04000000006892,2025-06-27T16:00:00-04:00,0.0,,,2025-06-27T16:15:00-04:00,85500.0,,,2025-06-27T16:15:00-04:00,171900.0,,,2025-06-30T15:54:00-04:00,360.0,30.0,hit,38.0,hit,160.0,hit,4612.0,hit,4690.0,hit,4699.0,hit,4700.0,hit,3.0,hit,3.0,hit,1.0,hit,3.0,hit,7.0,hit,319.0,hit,9.650000000000034,126,True,True,True,True,,9.650000000000034,127,True,True,True,True,,9.650000000000034,127,True,True,True,True,,9.650000000000034,127,True,True,True,True,,4612.0,2025-06-30T14:23:00-04:00,2.849999999999998,7747.04000000005,4672.0,2025-06-30T15:23:00-04:00,2.9499999999999993,7547.040000000047,4673.0,2025-06-30T15:24:00-04:00,2.8499999999999996,7747.040000000047,4613.0,2025-06-30T14:24:00-04:00,5.349999999999994,2747.0400000000577,4690.0,2025-06-30T15:41:00-04:00,1.8500000000000014,9747.040000000045,4691.0,2025-06-30T15:42:00-04:00,1.9000000000000004,9647.040000000046,4692.0,2025-06-30T15:43:00-04:00,1.75,9947.040000000046,4691.0,2025-06-30T15:42:00-04:00,1.9000000000000004,9647.040000000046,4699.0,2025-06-30T15:50:00-04:00,0.9250000000000003,11597.040000000046,4700.0,2025-06-30T15:51:00-04:00,0.4500000000000002,12547.040000000046,4701.0,2025-06-30T15:52:00-04:00,0.29999999999999993,12847.040000000048,4700.0,2025-06-30T15:51:00-04:00,0.4500000000000002,12547.040000000046,4701.0,2025-06-30T15:52:00-04:00,0.29999999999999993,12847.040000000048,4702.0,2025-06-30T15:53:00-04:00,0.22499999999999998,12997.040000000046,4703.0,2025-06-30T15:54:00-04:00,0.0,13447.040000000046,4702.0,2025-06-30T15:53:00-04:00,0.22499999999999998,12997.040000000046,2717
2025-06-30,2025-07-02,2,5.0,2025-06-30T09:31:00-04:00,5.0,NDXP  250702P22690000,NDXP  250702P22680000,validation,False,False,0,0,0,35,0,1163,available,False,2025-06-30T09:31:00-04:00,2025-07-02T15:59:00-04:00,9.799999999999997,-9852.959999999994,1.0,last_observed_quote_not_settlement,1036.0,1057,64,5.600000000000023,-1452.9600000000448,2025-06-30T09:32:00-04:00,0.0,5.300000000000011,-852.9600000000221,2025-06-30T09:33:00-04:00,0.0,5.300000000000011,-852.9600000000221,2025-06-30T09:36:00-04:00,0.0,5.700000000000017,-1652.9600000000335,2025-06-30T09:41:00-04:00,0.0,5.25,-752.9599999999994,2025-06-30T09:46:00-04:00,0.0,5.699999999999989,-1652.9599999999766,2025-06-30T10:01:00-04:00,0.0,5.5,-1252.9599999999994,2025-06-30T10:31:00-04:00,0.0,5.550000000000011,-1352.960000000022,2025-06-30T11:31:00-04:00,0.0,4.900000000000006,-52.96000000001066,2025-06-30T16:00:00-04:00,0.0,9.25,-8752.960000000001,2025-07-01T16:00:00-04:00,0.0,,,2025-07-02T15:59:00-04:00,60.0,,,,,0.0,hit,0.0,hit,18.0,hit,64.0,hit,,never_hit,,never_hit,,never_hit,1.0,hit,16.0,hit,16.0,hit,54.0,hit,85.0,hit,1518.0,hit,8.050000000000011,58,True,True,False,False,,,,True,True,True,False,2.8000000000000114,,,True,True,True,False,2.8000000000000114,,,True,True,True,False,2.8000000000000114,64.0,2025-06-30T10:35:00-04:00,2.8499999999999943,4047.040000000012,,,,,,,,,65.0,2025-06-30T10:36:00-04:00,5.599999999999994,-1452.959999999988,,,,,,,,,,,,,,,,,,,,,,,,,,,,,,,,,,,,,,,,,,,,,,,,,2718
2025-06-30,2025-07-02,2,6.0,2025-06-30T09:31:00-04:00,6.25,NDXP  250702P22750000,NDXP  250702P22740000,validation,False,False,0,0,0,41,0,1157,available,False,2025-06-30T09:31:00-04:00,2025-07-02T15:59:00-04:00,10.0,-7652.96,1.0,last_observed_quote_not_settlement,1037.0,917,166,7.850000000000023,-3452.9600000000446,2025-06-30T09:32:00-04:00,0.0,7.399999999999977,-2552.9599999999537,2025-06-30T09:33:00-04:00,0.0,6.600000000000023,-952.9600000000448,2025-06-30T09:36:00-04:00,0.0,7.0,-1752.9599999999994,2025-06-30T09:41:00-04:00,0.0,7.900000000000006,-3552.9600000000105,2025-06-30T09:46:00-04:00,0.0,6.899999999999977,-1552.9599999999539,2025-06-30T10:01:00-04:00,0.0,7.400000000000034,-2552.9600000000673,2025-06-30T10:31:00-04:00,0.0,6.400000000000006,-552.9600000000107,2025-06-30T11:31:00-04:00,0.0,6.299999999999983,-352.9599999999652,2025-06-30T16:00:00-04:00,0.0,9.300000000000011,-6352.960000000024,2025-07-01T16:00:00-04:00,0.0,,,2025-07-02T15:59:00-04:00,60.0,,,,,6.0,hit,37.0,hit,40.0,hit,40.0,hit,,never_hit,,never_hit,,never_hit,1.0,hit,1.0,hit,1.0,hit,17.0,hit,64.0,hit,107.0,hit,8.949999999999989,23,True,True,False,False,,,,True,True,True,False,3.3000000000000114,,,True,True,True,False,3.3000000000000114,,,True,True,True,False,3.3000000000000114,40.0,2025-06-30T10:11:00-04:00,2.9499999999999886,6347.040000000024,,,,,,,,,41.0,2025-06-30T10:12:00-04:00,3.3500000000000227,5547.039999999955,,,,,,,,,,,,,,,,,,,,,,,,,,,,,,,,,,,,,,,,,,,,,,,,,2719
2025-06-30,2025-07-02,2,7.0,2025-06-30T09:31:00-04:00,7.099999999999994,NDXP  250702P22810000,NDXP  250702P22800000,validation,False,False,0,0,0,69,0,1129,available,False,2025-06-30T09:31:00-04:00,2025-07-02T16:00:00-04:00,10.0,-5952.960000000011,0.0,last_observed_quote_not_settlement,1039.0,957,119,8.300000000000011,-2652.960000000035,2025-06-30T09:32:00-04:00,0.0,9.400000000000006,-4852.960000000024,2025-06-30T09:33:00-04:00,0.0,7.300000000000011,-652.9600000000335,2025-06-30T09:36:00-04:00,0.0,7.199999999999989,-452.95999999998793,2025-06-30T09:41:00-04:00,0.0,7.349999999999994,-752.9599999999994,2025-06-30T09:46:00-04:00,0.0,7.300000000000011,-652.9600000000335,2025-06-30T10:01:00-04:00,0.0,8.699999999999989,-3452.9599999999896,2025-06-30T10:31:00-04:00,0.0,7.699999999999989,-1452.959999999988,2025-06-30T11:31:00-04:00,0.0,7.299999999999983,-652.9599999999766,2025-06-30T16:00:00-04:00,0.0,9.749999999999943,-5552.959999999899,2025-07-01T16:00:00-04:00,0.0,10.0,-5952.960000000011,2025-07-02T16:00:00-04:00,0.0,,,,,41.0,hit,59.0,hit,278.0,hit,278.0,hit,,never_hit,,never_hit,,never_hit,1.0,hit,1.0,hit,0.0,hit,1.0,hit,2.0,hit,185.0,hit,9.899999999999977,206,True,True,True,True,,,,True,True,True,False,4.399999999999977,,,True,True,True,False,4.399999999999977,,,True,True,True,False,4.399999999999977,278.0,2025-06-30T14:09:00-04:00,2.700000000000017,8547.039999999955,,,,,,,,,279.0,2025-06-30T14:10:00-04:00,7.7999999999999545,-1652.9599999999198,,,,,,,,,,,,,,,,,,,,,,,,,,,,,,,,,,,,,,,,,,,,,,,,,2720
2025-06-30,2025-07-03,3,5.0,2025-06-30T09:31:00-04:00,4.900000000000034,NDXP  250703P22710000,NDXP  250703P22700000,validation,False,False,0,0,6,12,0,1400,available,False,2025-06-30T09:31:00-04:00,2025-07-03T12:53:00-04:00,0.024999999999999994,9497.04000000007,187.0,last_observed_quote_not_settlement,1036.0,1142,75,5.199999999999989,-852.9599999999084,2025-06-30T09:32:00-04:00,0.0,5.649999999999977,-1752.9599999998857,2025-06-30T09:33:00-04:00,0.0,5.849999999999994,-2152.9599999999195,2025-06-30T09:36:00-04:00,0.0,5.399999999999977,-1252.9599999998857,2025-06-30T09:41:00-04:00,0.0,5.700000000000017,-1852.9599999999652,2025-06-30T09:46:00-04:00,0.0,5.699999999999989,-1852.9599999999084,2025-06-30T10:01:00-04:00,0.0,5.25,-952.9599999999311,2025-06-30T10:31:00-04:00,0.0,7.749999999999972,-5952.9599999998745,2025-06-30T11:31:00-04:00,0.0,6.450000000000017,-3352.959999999965,2025-06-30T16:00:00-04:00,0.0,,,2025-07-01T15:59:00-04:00,60.0,5.599999999999994,-1652.9599999999198,2025-07-02T16:00:00-04:00,0.0,,,2025-07-03T12:53:00-04:00,11220.0,0.0,hit,0.0,hit,19.0,hit,4320.0,hit,4341.0,hit,4350.0,hit,4355.0,hit,2.0,hit,17.0,hit,17.0,hit,17.0,hit,321.0,hit,,never_hit,9.350000000000023,1142,True,True,True,True,,9.350000000000023,1142,True,True,True,True,,9.350000000000023,1142,True,True,True,True,,9.350000000000023,1142,True,True,True,True,,4320.0,2025-07-03T09:31:00-04:00,2.5,4547.040000000069,4321.0,2025-07-03T09:32:00-04:00,2.3000000000000007,4947.040000000067,4322.0,2025-07-03T09:33:00-04:00,2.1999999999999993,5147.04000000007,4321.0,2025-07-03T09:32:00-04:00,2.3000000000000007,4947.040000000067,4341.0,2025-07-03T09:52:00-04:00,1.700000000000001,6147.040000000066,4342.0,2025-07-03T09:53:00-04:00,1.6999999999999993,6147.04000000007,4343.0,2025-07-03T09:54:00-04:00,1.6000000000000014,6347.040000000066,4342.0,2025-07-03T09:53:00-04:00,1.6999999999999993,6147.04000000007,4350.0,2025-07-03T10:01:00-04:00,0.7999999999999998,7947.040000000069,4351.0,2025-07-03T10:02:00-04:00,0.75,8047.040000000069,4352.0,2025-07-03T10:03:00-04:00,0.6000000000000005,8347.040000000068,4351.0,2025-07-03T10:02:00-04:00,0.75,8047.040000000069,4361.0,2025-07-03T10:12:00-04:00,0.40000000000000036,8747.04000000007,4364.0,2025-07-03T10:15:00-04:00,0.39999999999999947,8747.04000000007,4368.0,2025-07-03T10:19:00-04:00,0.39999999999999947,8747.04000000007,4362.0,2025-07-03T10:13:00-04:00,0.45000000000000107,8647.040000000068,2721
2025-06-30,2025-07-03,3,6.0,2025-06-30T09:31:00-04:00,5.9500000000000455,NDXP  250703P23340000,NDXP  250703P23330000,validation,False,False,0,0,0,162,0,1259,available,False,2025-06-30T09:31:00-04:00,2025-07-03T12:58:00-04:00,10.0,-8252.959999999908,182.0,last_observed_quote_not_settlement,1036.0,1108,28,9.800000000000068,-7952.960000000046,2025-06-30T09:32:00-04:00,0.0,9.799999999999955,-7952.959999999819,2025-06-30T09:33:00-04:00,0.0,9.849999999999909,-8052.959999999728,2025-06-30T09:36:00-04:00,0.0,9.050000000000068,-6452.960000000046,2025-06-30T09:41:00-04:00,0.0,9.799999999999955,-7952.959999999819,2025-06-30T09:46:00-04:00,0.0,8.0,-4352.95999999991,2025-06-30T10:01:00-04:00,0.0,9.75,-7852.95999999991,2025-06-30T10:31:00-04:00,0.0,,,2025-06-30T11:30:00-04:00,60.0,6.899999999999977,-2152.9599999998627,2025-06-30T16:00:00-04:00,0.0,6.649999999999977,-1652.959999999863,2025-07-01T16:00:00-04:00,0.0,9.849999999999909,-8052.959999999728,2025-07-02T16:00:00-04:00,0.0,,,2025-07-03T12:58:00-04:00,10920.0,9.0,hit,1617.0,hit,1773.0,hit,,never_hit,,never_hit,,never_hit,,never_hit,1.0,hit,1.0,hit,1.0,hit,1.0,hit,1.0,hit,1.0,hit,,,True,True,True,False,1.9500000000000455,,,True,True,True,False,1.9500000000000455,,,True,True,True,False,1.9500000000000455,,,True,True,True,False,1.9500000000000455,,,,,,,,,,,,,,,,,,,,,,,,,,,,,,,,,,,,,,,,,,,,,,,,,,,,,,,,,,,,,,,,,2722
2025-06-30,2025-07-03,3,7.0,2025-06-30T09:31:00-04:00,7.0,NDXP  250703P22870000,NDXP  250703P22860000,validation,False,False,0,0,0,16,0,1406,available,False,2025-06-30T09:31:00-04:00,2025-07-03T13:00:00-04:00,8.2,-2652.9599999999996,180.0,last_observed_quote_not_settlement,1036.0,1118,102,6.899999999999977,-52.959999999953816,2025-06-30T09:32:00-04:00,0.0,7.300000000000011,-852.9600000000221,2025-06-30T09:33:00-04:00,0.0,7.350000000000023,-952.9600000000448,2025-06-30T09:36:00-04:00,0.0,7.199999999999989,-652.9599999999766,2025-06-30T09:41:00-04:00,0.0,6.5,747.0400000000006,2025-06-30T09:46:00-04:00,0.0,7.5,-1252.9599999999994,2025-06-30T10:01:00-04:00,0.0,4.0499999999999545,5647.040000000092,2025-06-30T10:31:00-04:00,0.0,7.5,-1252.9599999999994,2025-06-30T11:31:00-04:00,0.0,,,2025-06-30T15:59:00-04:00,60.0,9.399999999999977,-5052.9599999999555,2025-07-01T16:00:00-04:00,0.0,9.800000000000011,-5852.960000000024,2025-07-02T16:00:00-04:00,0.0,,,2025-07-03T13:00:00-04:00,10800.0,60.0,hit,60.0,hit,3264.0,hit,3264.0,hit,,never_hit,,never_hit,,never_hit,12.0,hit,32.0,hit,0.0,hit,32.0,hit,36.0,hit,57.0,hit,10.0,1070,True,True,True,True,,,,True,True,True,False,4.900000000000002,,,True,True,True,False,4.900000000000002,,,True,True,True,False,4.900000000000002,3264.0,2025-07-02T15:55:00-04:00,2.549999999999983,8647.040000000035,4451.0,2025-07-03T11:42:00-04:00,2.0999999999999996,9547.040000000003,4452.0,2025-07-03T11:43:00-04:00,2.1499999999999995,9447.040000000003,3265.0,2025-07-02T15:56:00-04:00,9.150000000000034,-4552.960000000069,,,,,,,,,,,,,,,,,,,,,,,,,,,,,,,,,,,,,,,,,,,,,,,,,2723
2025-07-01,2025-07-03,2,5.0,2025-07-01T09:31:00-04:00,5.0,NDXP  250703P22640000,NDXP  250703P22630000,validation,False,False,0,0,4,6,0,987,available,False,2025-07-01T09:31:00-04:00,2025-07-03T12:39:00-04:00,0.0,9747.04,201.0,last_observed_quote_not_settlement,1036.0,430,59,4.900000000000006,-52.96000000001066,2025-07-01T09:32:00-04:00,0.0,4.499999999999972,747.0400000000575,2025-07-01T09:33:00-04:00,0.0,5.000000000000028,-252.96000000005614,2025-07-01T09:36:00-04:00,0.0,4.800000000000011,147.03999999997797,2025-07-01T09:41:00-04:00,0.0,4.849999999999966,47.04000000006892,2025-07-01T09:46:00-04:00,0.0,4.799999999999997,147.0400000000064,2025-07-01T10:01:00-04:00,0.0,5.199999999999989,-652.9599999999766,2025-07-01T10:31:00-04:00,0.0,7.100000000000023,-4452.960000000045,2025-07-01T11:31:00-04:00,0.0,5.25,-752.9599999999994,2025-07-01T16:00:00-04:00,0.0,3.8999999999999915,1947.0400000000177,2025-07-02T16:00:00-04:00,0.0,,,2025-07-03T12:39:00-04:00,12060.0,,,,,0.0,hit,0.0,hit,65.0,hit,65.0,hit,1585.0,hit,1705.0,hit,2910.0,hit,56.0,hit,58.0,hit,78.0,hit,88.0,hit,92.0,hit,92.0,hit,6.100000000000023,18,False,False,False,False,,9.649999999999977,427,True,True,True,True,,9.649999999999977,429,True,True,True,True,,9.649999999999977,430,True,True,True,True,,1585.0,2025-07-02T11:56:00-04:00,2.0,5747.040000000001,2881.0,2025-07-03T09:32:00-04:00,1.0500000000000007,7647.039999999999,2882.0,2025-07-03T09:33:00-04:00,1.0,7747.040000000001,1586.0,2025-07-02T11:57:00-04:00,4.949999999999989,-152.95999999997656,1705.0,2025-07-02T13:56:00-04:00,0.75,8247.04,2881.0,2025-07-03T09:32:00-04:00,1.0500000000000007,7647.039999999999,2882.0,2025-07-03T09:33:00-04:00,1.0,7747.040000000001,1706.0,2025-07-02T13:57:00-04:00,4.500000000000014,747.0399999999722,1705.0,2025-07-02T13:56:00-04:00,0.75,8247.04,2900.0,2025-07-03T09:51:00-04:00,0.7999999999999989,8147.040000000004,2901.0,2025-07-03T09:52:00-04:00,0.6499999999999995,8447.040000000003,1706.0,2025-07-02T13:57:00-04:00,4.500000000000014,747.0399999999722,2910.0,2025-07-03T10:01:00-04:00,0.30000000000000027,9147.04,2911.0,2025-07-03T10:02:00-04:00,0.30000000000000027,9147.04,2912.0,2025-07-03T10:03:00-04:00,0.2999999999999998,9147.040000000003,2911.0,2025-07-03T10:02:00-04:00,0.30000000000000027,9147.04,2724
2025-07-01,2025-07-03,2,6.0,2025-07-01T09:31:00-04:00,5.950000000000017,NDXP  250703P22720000,NDXP  250703P22710000,validation,False,False,0,0,1,4,0,1003,available,False,2025-07-01T09:31:00-04:00,2025-07-03T12:53:00-04:00,0.0,11647.040000000035,187.0,last_observed_quote_not_settlement,1036.0,733,95,7.049999999999983,-2452.959999999931,2025-07-01T09:32:00-04:00,0.0,7.299999999999983,-2952.959999999931,2025-07-01T09:33:00-04:00,0.0,6.0,-352.9599999999652,2025-07-01T09:36:00-04:00,0.0,5.25,1147.0400000000348,2025-07-01T09:41:00-04:00,0.0,7.349999999999994,-3052.9599999999537,2025-07-01T09:46:00-04:00,0.0,5.949999999999989,-252.95999999994245,2025-07-01T10:01:00-04:00,0.0,8.049999999999983,-4452.959999999933,2025-07-01T10:31:00-04:00,0.0,7.2000000000000455,-2752.960000000056,2025-07-01T11:31:00-04:00,0.0,7.899999999999977,-4152.95999999992,2025-07-01T16:00:00-04:00,0.0,6.450000000000003,-1252.959999999971,2025-07-02T16:00:00-04:00,0.0,,,2025-07-03T12:53:00-04:00,11220.0,,,,,6.0,hit,6.0,hit,26.0,hit,26.0,hit,2901.0,hit,2910.0,hit,2919.0,hit,1.0,hit,1.0,hit,1.0,hit,16.0,hit,73.0,hit,296.0,hit,8.0,15,True,True,False,False,,10.0,733,True,True,True,True,,10.0,733,True,True,True,True,,10.0,733,True,True,True,True,,26.0,2025-07-01T09:57:00-04:00,2.799999999999983,6047.040000000069,2881.0,2025-07-03T09:32:00-04:00,2.599999999999998,6447.040000000039,2882.0,2025-07-03T09:33:00-04:00,2.75,6147.0400000000345,27.0,2025-07-01T09:58:00-04:00,6.199999999999989,-752.9599999999425,2901.0,2025-07-03T09:52:00-04:00,1.8499999999999979,7947.040000000039,2904.0,2025-07-03T09:55:00-04:00,1.799999999999999,8047.040000000037,2905.0,2025-07-03T09:56:00-04:00,1.6500000000000021,8347.040000000032,2902.0,2025-07-03T09:53:00-04:00,2.0,7647.0400000000345,2911.0,2025-07-03T10:02:00-04:00,0.9499999999999993,9747.040000000037,2912.0,2025-07-03T10:03:00-04:00,0.75,10147.040000000035,2913.0,2025-07-03T10:04:00-04:00,0.7999999999999998,10047.040000000035,2912.0,2025-07-03T10:03:00-04:00,0.75,10147.040000000035,2922.0,2025-07-03T10:13:00-04:00,0.39999999999999947,10847.040000000037,2931.0,2025-07-03T10:22:00-04:00,0.4499999999999993,10747.040000000037,2932.0,2025-07-03T10:23:00-04:00,0.40000000000000036,10847.040000000035,2923.0,2025-07-03T10:14:00-04:00,0.4500000000000002,10747.040000000035,2725
2025-07-01,2025-07-03,2,7.0,2025-07-01T09:31:00-04:00,7.100000000000023,NDXP  250703P22800000,NDXP  250703P22790000,validation,False,False,0,0,5,15,0,993,available,False,2025-07-01T09:31:00-04:00,2025-07-03T12:56:00-04:00,0.04999999999999999,13847.040000000048,184.0,last_observed_quote_not_settlement,1036.0,691,81,8.599999999999994,-3252.959999999944,2025-07-01T09:32:00-04:00,0.0,3.450000000000017,7047.040000000012,2025-07-01T09:33:00-04:00,0.0,7.550000000000011,-1152.9599999999766,2025-07-01T09:36:00-04:00,0.0,7.100000000000023,-252.9599999999993,2025-07-01T09:41:00-04:00,0.0,7.200000000000017,-452.95999999998793,2025-07-01T09:46:00-04:00,0.0,3.8499999999999943,6247.040000000057,2025-07-01T10:01:00-04:00,0.0,8.099999999999994,-2252.959999999944,2025-07-01T10:31:00-04:00,0.0,9.899999999999977,-5852.95999999991,2025-07-01T11:31:00-04:00,0.0,9.049999999999955,-4152.9599999998645,2025-07-01T16:00:00-04:00,0.0,7.75,-1552.9599999999539,2025-07-02T16:00:00-04:00,0.0,,,2025-07-03T12:56:00-04:00,11040.0,,,,,2.0,hit,2.0,hit,2.0,hit,2912.0,hit,2920.0,hit,2981.0,hit,3009.0,hit,1.0,hit,1.0,hit,0.0,hit,1.0,hit,27.0,hit,120.0,hit,9.899999999999977,691,True,True,True,True,,9.899999999999977,691,True,True,True,True,,9.899999999999977,691,True,True,True,True,,9.899999999999977,691,True,True,True,True,,2912.0,2025-07-03T10:03:00-04:00,2.6499999999999986,8647.04000000005,2913.0,2025-07-03T10:04:00-04:00,2.799999999999997,8347.040000000054,2914.0,2025-07-03T10:05:00-04:00,2.5500000000000043,8847.040000000039,2913.0,2025-07-03T10:04:00-04:00,2.799999999999997,8347.040000000054,2920.0,2025-07-03T10:11:00-04:00,1.8999999999999986,10147.04000000005,2921.0,2025-07-03T10:12:00-04:00,1.8500000000000014,10247.040000000045,2922.0,2025-07-03T10:13:00-04:00,1.6999999999999993,10547.040000000048,2921.0,2025-07-03T10:12:00-04:00,1.8500000000000014,10247.040000000045,2984.0,2025-07-03T11:15:00-04:00,0.9000000000000004,12147.040000000046,2992.0,2025-07-03T11:23:00-04:00,0.9000000000000004,12147.040000000046,2993.0,2025-07-03T11:24:00-04:00,0.8999999999999995,12147.040000000048,2985.0,2025-07-03T11:16:00-04:00,0.9500000000000002,12047.040000000046,3011.0,2025-07-03T11:42:00-04:00,0.35000000000000053,13247.040000000046,3012.0,2025-07-03T11:43:00-04:00,0.35000000000000053,13247.040000000046,3013.0,2025-07-03T11:44:00-04:00,0.35000000000000053,13247.040000000046,3012.0,2025-07-03T11:43:00-04:00,0.35000000000000053,13247.040000000046,2726
2025-07-07,2025-07-09,2,5.0,2025-07-07T09:31:00-04:00,4.900000000000006,NDXP  250709P22810000,NDXP  250709P22800000,validation,False,False,0,0,0,1,0,1195,available,False,2025-07-07T09:31:00-04:00,2025-07-09T15:58:00-04:00,0.0,9547.040000000014,2.0,last_observed_quote_not_settlement,1036.0,914,127,4.850000000000023,-152.9600000000334,2025-07-07T09:32:00-04:00,0.0,5.050000000000011,-552.9600000000107,2025-07-07T09:33:00-04:00,0.0,5.5,-1452.959999999988,2025-07-07T09:36:00-04:00,0.0,5.25,-952.959999999988,2025-07-07T09:41:00-04:00,0.0,5.349999999999994,-1152.9599999999766,2025-07-07T09:46:00-04:00,0.0,5.199999999999989,-852.9599999999652,2025-07-07T10:01:00-04:00,0.0,6.050000000000011,-2552.9600000000105,2025-07-07T10:31:00-04:00,0.0,6.650000000000006,-3752.959999999999,2025-07-07T11:31:00-04:00,0.0,6.200000000000017,-2852.960000000022,2025-07-07T16:00:00-04:00,0.0,7.25,-4952.959999999988,2025-07-08T16:00:00-04:00,0.0,,,2025-07-09T15:58:00-04:00,120.0,,,,,0.0,hit,0.0,hit,74.0,hit,175.0,hit,2899.0,hit,3214.0,hit,3248.0,hit,3.0,hit,32.0,hit,45.0,hit,96.0,hit,189.0,hit,218.0,hit,8.900000000000006,150,True,True,False,False,,9.949999999999989,743,True,True,True,True,,9.949999999999989,914,True,True,True,True,,9.949999999999989,914,True,True,True,True,,175.0,2025-07-07T12:26:00-04:00,2.4499999999999886,4647.0400000000345,2890.0,2025-07-09T09:41:00-04:00,2.6000000000000014,4347.040000000009,2891.0,2025-07-09T09:42:00-04:00,2.8999999999999986,3747.040000000015,176.0,2025-07-07T12:27:00-04:00,7.349999999999994,-5152.959999999976,2899.0,2025-07-09T09:50:00-04:00,1.9499999999999993,5647.040000000014,2900.0,2025-07-09T09:51:00-04:00,1.8999999999999986,5747.0400000000145,2911.0,2025-07-09T10:02:00-04:00,1.5500000000000007,6447.040000000011,2900.0,2025-07-09T09:51:00-04:00,1.8999999999999986,5747.0400000000145,3229.0,2025-07-09T15:20:00-04:00,0.8999999999999999,7747.040000000011,3230.0,2025-07-09T15:21:00-04:00,0.7250000000000001,8097.040000000011,3231.0,2025-07-09T15:22:00-04:00,0.675,8197.040000000012,3230.0,2025-07-09T15:21:00-04:00,0.7250000000000001,8097.040000000011,3253.0,2025-07-09T15:44:00-04:00,0.42500000000000004,8697.040000000014,3254.0,2025-07-09T15:45:00-04:00,0.375,8797.040000000014,3255.0,2025-07-09T15:46:00-04:00,0.35,8847.040000000012,3254.0,2025-07-09T15:45:00-04:00,0.375,8797.040000000014,2727
2025-07-07,2025-07-09,2,6.0,2025-07-07T09:31:00-04:00,6.0,NDXP  250709P22900000,NDXP  250709P22890000,validation,False,False,0,0,0,49,0,1151,available,False,2025-07-07T09:31:00-04:00,2025-07-09T15:58:00-04:00,9.999999999999993,-8152.96,2.0,last_observed_quote_not_settlement,1036.0,902,62,8.0,-4252.960000000001,2025-07-07T09:32:00-04:00,0.0,4.900000000000006,1947.0399999999893,2025-07-07T09:33:00-04:00,0.0,7.149999999999977,-2552.9599999999537,2025-07-07T09:36:00-04:00,0.0,5.400000000000006,947.0399999999893,2025-07-07T09:41:00-04:00,0.0,7.349999999999994,-2952.9599999999878,2025-07-07T09:46:00-04:00,0.0,8.750000000000028,-5752.960000000058,2025-07-07T10:01:00-04:00,0.0,5.099999999999966,1547.0400000000689,2025-07-07T10:31:00-04:00,0.0,4.0,3747.040000000001,2025-07-07T11:31:00-04:00,0.0,8.550000000000011,-5352.960000000024,2025-07-07T16:00:00-04:00,0.0,9.450000000000017,-7152.9600000000355,2025-07-08T16:00:00-04:00,0.0,,,2025-07-09T15:58:00-04:00,120.0,,,,,2.0,hit,2.0,hit,7.0,hit,32.0,hit,32.0,hit,105.0,hit,105.0,hit,1.0,hit,1.0,hit,1.0,hit,1.0,hit,402.0,hit,402.0,hit,8.750000000000028,17,True,True,False,False,,8.750000000000028,17,True,True,False,False,,8.750000000000028,20,True,True,False,False,,8.750000000000028,20,True,True,False,False,,32.0,2025-07-07T10:03:00-04:00,1.900000000000034,7947.039999999933,,,,,,,,,33.0,2025-07-07T10:04:00-04:00,3.5500000000000114,4647.039999999978,32.0,2025-07-07T10:03:00-04:00,1.900000000000034,7947.039999999933,,,,,,,,,33.0,2025-07-07T10:04:00-04:00,3.5500000000000114,4647.039999999978,105.0,2025-07-07T11:16:00-04:00,0.39999999999997726,10947.040000000046,,,,,,,,,106.0,2025-07-07T11:17:00-04:00,4.5,2747.040000000001,105.0,2025-07-07T11:16:00-04:00,0.39999999999997726,10947.040000000046,,,,,,,,,106.0,2025-07-07T11:17:00-04:00,4.5,2747.040000000001,2728
2025-07-07,2025-07-09,2,7.0,2025-07-07T09:31:00-04:00,6.950000000000017,NDXP  250709P22940000,NDXP  250709P22930000,validation,False,False,0,0,0,111,0,1089,available,False,2025-07-07T09:31:00-04:00,2025-07-09T16:00:00-04:00,10.0,-6252.9599999999655,0.0,last_observed_quote_not_settlement,1036.0,950,44,8.599999999999994,-3552.9599999999555,2025-07-07T09:32:00-04:00,0.0,7.700000000000017,-1752.9599999999994,2025-07-07T09:33:00-04:00,0.0,6.949999999999989,-252.95999999994245,2025-07-07T09:36:00-04:00,0.0,7.149999999999977,-652.9599999999198,2025-07-07T09:41:00-04:00,0.0,7.050000000000011,-452.95999999998793,2025-07-07T09:46:00-04:00,0.0,4.599999999999966,4447.040000000103,2025-07-07T10:01:00-04:00,0.0,8.150000000000006,-2652.959999999978,2025-07-07T10:31:00-04:00,0.0,7.400000000000006,-1152.9599999999766,2025-07-07T11:31:00-04:00,0.0,8.300000000000011,-2952.9599999999896,2025-07-07T16:00:00-04:00,0.0,9.25,-4852.959999999967,2025-07-08T16:00:00-04:00,0.0,10.0,-6252.9599999999655,2025-07-09T16:00:00-04:00,0.0,,,,,28.0,hit,30.0,hit,,never_hit,,never_hit,,never_hit,,never_hit,,never_hit,1.0,hit,1.0,hit,1.0,hit,1.0,hit,29.0,hit,29.0,hit,,,True,True,True,False,2.5500000000000114,,,True,True,True,False,2.5500000000000114,,,True,True,True,False,2.5500000000000114,,,True,True,True,False,2.5500000000000114,,,,,,,,,,,,,,,,,,,,,,,,,,,,,,,,,,,,,,,,,,,,,,,,,,,,,,,,,,,,,,,,,2729
2025-07-07,2025-07-10,3,5.0,2025-07-07T09:31:00-04:00,5.0,NDXP  250710P22890000,NDXP  250710P22880000,validation,False,False,0,0,0,15,0,1590,available,False,2025-07-07T09:31:00-04:00,2025-07-10T16:00:00-04:00,10.0,-10152.96,0.0,last_observed_quote_not_settlement,1036.0,1488,68,6.0,-2252.959999999999,2025-07-07T09:32:00-04:00,0.0,5.849999999999994,-1952.959999999988,2025-07-07T09:33:00-04:00,0.0,6.25,-2752.959999999999,2025-07-07T09:36:00-04:00,0.0,6.099999999999966,-2452.959999999931,2025-07-07T09:41:00-04:00,0.0,6.149999999999977,-2552.9599999999537,2025-07-07T09:46:00-04:00,0.0,1.5,6747.040000000001,2025-07-07T10:01:00-04:00,0.0,5.649999999999977,-1552.9599999999539,2025-07-07T10:31:00-04:00,0.0,6.400000000000006,-3052.9600000000105,2025-07-07T11:31:00-04:00,0.0,6.550000000000011,-3352.960000000022,2025-07-07T16:00:00-04:00,0.0,7.750000000000028,-5752.960000000056,2025-07-08T16:00:00-04:00,0.0,5.150000000000006,-552.9600000000107,2025-07-09T16:00:00-04:00,0.0,10.0,-10152.96,2025-07-10T16:00:00-04:00,0.0,0.0,hit,0.0,hit,7.0,hit,11.0,hit,11.0,hit,146.0,hit,146.0,hit,1.0,hit,1.0,hit,36.0,hit,111.0,hit,1445.0,hit,1506.0,hit,6.299999999999983,9,False,False,False,False,,6.299999999999983,9,False,False,False,False,,8.0,129,True,True,False,False,,8.0,129,True,True,False,False,,11.0,2025-07-07T09:42:00-04:00,1.9499999999999886,5847.040000000024,146.0,2025-07-07T11:57:00-04:00,0.3499999999999943,9047.040000000014,,,,,12.0,2025-07-07T09:43:00-04:00,5.849999999999994,-1952.959999999988,11.0,2025-07-07T09:42:00-04:00,1.9499999999999886,5847.040000000024,146.0,2025-07-07T11:57:00-04:00,0.3499999999999943,9047.040000000014,,,,,12.0,2025-07-07T09:43:00-04:00,5.849999999999994,-1952.959999999988,146.0,2025-07-07T11:57:00-04:00,0.3499999999999943,9047.040000000014,,,,,,,,,147.0,2025-07-07T11:58:00-04:00,6.400000000000034,-3052.9600000000673,146.0,2025-07-07T11:57:00-04:00,0.3499999999999943,9047.040000000014,,,,,,,,,147.0,2025-07-07T11:58:00-04:00,6.400000000000034,-3052.9600000000673,2730
2025-07-07,2025-07-10,3,6.0,2025-07-07T09:31:00-04:00,6.0,NDXP  250710P23280000,NDXP  250710P23270000,validation,False,False,0,0,0,167,0,1438,available,False,2025-07-07T09:31:00-04:00,2025-07-10T15:59:00-04:00,10.0,-8152.96,1.0,last_observed_quote_not_settlement,1037.0,1294,9,7.75,-3752.959999999999,2025-07-07T09:32:00-04:00,0.0,8.100000000000023,-4452.960000000046,2025-07-07T09:33:00-04:00,0.0,,,2025-07-07T09:33:00-04:00,180.0,9.449999999999932,-7152.9599999998645,2025-07-07T09:41:00-04:00,0.0,,,2025-07-07T09:45:00-04:00,60.0,7.2999999999999545,-2852.959999999908,2025-07-07T10:01:00-04:00,0.0,9.650000000000091,-7552.960000000183,2025-07-07T10:31:00-04:00,0.0,9.75,-7752.960000000001,2025-07-07T11:31:00-04:00,0.0,,,2025-07-07T15:59:00-04:00,60.0,,,2025-07-08T15:59:00-04:00,60.0,,,2025-07-09T15:59:00-04:00,60.0,,,2025-07-10T15:59:00-04:00,60.0,87.0,hit,229.0,hit,,never_hit,,never_hit,,never_hit,,never_hit,,never_hit,1.0,hit,1.0,hit,1.0,hit,2.0,hit,7.0,hit,11.0,hit,,,True,True,True,False,1.2000000000000455,,,True,True,True,False,1.2000000000000455,,,True,True,True,False,1.2000000000000455,,,True,True,True,False,1.2000000000000455,,,,,,,,,,,,,,,,,,,,,,,,,,,,,,,,,,,,,,,,,,,,,,,,,,,,,,,,,,,,,,,,,2731
2025-07-07,2025-07-10,3,7.0,2025-07-07T09:31:00-04:00,7.0,NDXP  250710P22970000,NDXP  250710P22960000,validation,False,False,0,0,0,82,0,1523,available,False,2025-07-07T09:31:00-04:00,2025-07-10T16:00:00-04:00,10.0,-6152.96,0.0,last_observed_quote_not_settlement,1036.0,1270,139,6.7000000000000455,347.03999999990975,2025-07-07T09:32:00-04:00,0.0,6.699999999999989,347.04000000002344,2025-07-07T09:33:00-04:00,0.0,7.0,-252.9599999999993,2025-07-07T09:36:00-04:00,0.0,7.050000000000068,-352.9600000001357,2025-07-07T09:41:00-04:00,0.0,7.2000000000000455,-652.9600000000903,2025-07-07T09:46:00-04:00,0.0,0.44999999999998863,12847.040000000025,2025-07-07T10:01:00-04:00,0.0,6.849999999999966,47.04000000006892,2025-07-07T10:31:00-04:00,0.0,7.300000000000011,-852.9600000000221,2025-07-07T11:31:00-04:00,0.0,,,2025-07-07T15:59:00-04:00,60.0,8.550000000000011,-3352.9600000000237,2025-07-08T16:00:00-04:00,0.0,7.799999999999983,-1852.9599999999652,2025-07-09T16:00:00-04:00,0.0,10.0,-6152.96,2025-07-10T16:00:00-04:00,0.0,30.0,hit,30.0,hit,30.0,hit,30.0,hit,30.0,hit,30.0,hit,30.0,hit,3.0,hit,17.0,hit,0.0,hit,17.0,hit,84.0,hit,121.0,hit,8.649999999999977,9,True,True,False,False,,8.649999999999977,9,True,True,False,False,,8.649999999999977,9,True,True,False,False,,8.649999999999977,9,True,True,False,False,,30.0,2025-07-07T10:01:00-04:00,0.44999999999998863,12847.040000000025,,,,,,,,,31.0,2025-07-07T10:02:00-04:00,6.949999999999989,-152.95999999997656,30.0,2025-07-07T10:01:00-04:00,0.44999999999998863,12847.040000000025,,,,,,,,,31.0,2025-07-07T10:02:00-04:00,6.949999999999989,-152.95999999997656,30.0,2025-07-07T10:01:00-04:00,0.44999999999998863,12847.040000000025,,,,,,,,,31.0,2025-07-07T10:02:00-04:00,6.949999999999989,-152.95999999997656,30.0,2025-07-07T10:01:00-04:00,0.44999999999998863,12847.040000000025,,,,,,,,,31.0,2025-07-07T10:02:00-04:00,6.949999999999989,-152.95999999997656,2732
2025-07-08,2025-07-10,2,5.0,2025-07-08T09:31:00-04:00,4.950000000000017,NDXP  250710P22780000,NDXP  250710P22770000,validation,False,False,0,0,2,3,0,1193,available,False,2025-07-08T09:31:00-04:00,2025-07-10T15:56:00-04:00,0.07500000000000001,9497.040000000035,4.0,last_observed_quote_not_settlement,1036.0,421,88,5.199999999999989,-752.9599999999425,2025-07-08T09:32:00-04:00,0.0,4.800000000000011,47.04000000001208,2025-07-08T09:33:00-04:00,0.0,5.300000000000011,-952.959999999988,2025-07-08T09:36:00-04:00,0.0,5.199999999999989,-752.9599999999425,2025-07-08T09:41:00-04:00,0.0,5.5,-1352.9599999999652,2025-07-08T09:46:00-04:00,0.0,4.5,647.0400000000348,2025-07-08T10:01:00-04:00,0.0,6.050000000000011,-2452.9599999999878,2025-07-08T10:31:00-04:00,0.0,3.0500000000000114,3547.0400000000122,2025-07-08T11:31:00-04:00,0.0,5.850000000000023,-2052.9600000000105,2025-07-08T16:00:00-04:00,0.0,,,2025-07-09T15:59:00-04:00,60.0,,,2025-07-10T15:56:00-04:00,240.0,,,,,0.0,hit,0.0,hit,120.0,hit,251.0,hit,1471.0,hit,3141.0,hit,3208.0,hit,6.0,hit,32.0,hit,35.0,hit,40.0,hit,371.0,hit,,never_hit,8.25,228,True,True,False,False,,9.0,365,True,True,True,True,,9.0,421,True,True,True,True,,9.0,421,True,True,True,True,,251.0,2025-07-08T13:42:00-04:00,2.75,4147.0400000000345,1456.0,2025-07-09T09:47:00-04:00,2.700000000000003,4247.040000000029,1457.0,2025-07-09T09:48:00-04:00,2.6000000000000014,4447.040000000032,252.0,2025-07-08T13:43:00-04:00,4.699999999999989,247.04000000005752,1471.0,2025-07-09T10:02:00-04:00,1.8999999999999986,5847.040000000037,3115.0,2025-07-10T13:26:00-04:00,1.8500000000000014,5947.040000000032,3116.0,2025-07-10T13:27:00-04:00,1.6500000000000004,6347.0400000000345,1472.0,2025-07-09T10:03:00-04:00,2.1500000000000057,5347.040000000024,3144.0,2025-07-10T13:55:00-04:00,0.9000000000000004,7847.0400000000345,3145.0,2025-07-10T13:56:00-04:00,0.8499999999999996,7947.040000000035,3146.0,2025-07-10T13:57:00-04:00,0.7999999999999998,8047.040000000035,3145.0,2025-07-10T13:56:00-04:00,0.8499999999999996,7947.040000000035,3208.0,2025-07-10T14:59:00-04:00,0.42500000000000027,8797.040000000034,3219.0,2025-07-10T15:10:00-04:00,0.3999999999999999,8847.040000000035,3220.0,2025-07-10T15:11:00-04:00,0.3500000000000001,8947.040000000035,3209.0,2025-07-10T15:00:00-04:00,0.47500000000000053,8697.040000000035,2733
2025-07-08,2025-07-10,2,6.0,2025-07-08T09:31:00-04:00,5.900000000000006,NDXP  250710P22830000,NDXP  250710P22820000,validation,False,False,0,0,0,2,0,1198,available,False,2025-07-08T09:31:00-04:00,2025-07-10T16:00:00-04:00,6.2250000000000005,-902.959999999989,0.0,last_observed_quote_not_settlement,1036.0,480,112,5.899999999999977,-252.95999999994245,2025-07-08T09:32:00-04:00,0.0,5.900000000000006,-252.9599999999993,2025-07-08T09:33:00-04:00,0.0,8.199999999999989,-4852.959999999967,2025-07-08T09:36:00-04:00,0.0,6.600000000000023,-1652.9600000000335,2025-07-08T09:41:00-04:00,0.0,6.300000000000011,-1052.9600000000107,2025-07-08T09:46:00-04:00,0.0,6.5,-1452.959999999988,2025-07-08T10:01:00-04:00,0.0,6.449999999999989,-1352.9599999999652,2025-07-08T10:31:00-04:00,0.0,6.750000000000028,-1952.9600000000448,2025-07-08T11:31:00-04:00,0.0,7.350000000000023,-3152.9600000000332,2025-07-08T16:00:00-04:00,0.0,3.1499999999999986,5247.0400000000145,2025-07-09T16:00:00-04:00,0.0,6.2250000000000005,-902.959999999989,2025-07-10T16:00:00-04:00,0.0,,,,,3.0,hit,46.0,hit,47.0,hit,1470.0,hit,1709.0,hit,,never_hit,,never_hit,4.0,hit,5.0,hit,5.0,hit,5.0,hit,216.0,hit,2916.0,hit,9.200000000000017,342,True,True,True,True,,9.200000000000017,385,True,True,True,True,,,,True,True,True,False,4.700000000000006,,,True,True,True,False,4.700000000000006,1709.0,2025-07-09T14:00:00-04:00,1.8000000000000114,7947.039999999989,3147.0,2025-07-10T13:58:00-04:00,2.8499999999999996,5847.040000000013,3148.0,2025-07-10T13:59:00-04:00,2.75,6047.040000000012,1710.0,2025-07-09T14:01:00-04:00,5.150000000000006,1247.0400000000006,1709.0,2025-07-09T14:00:00-04:00,1.8000000000000114,7947.039999999989,3213.0,2025-07-10T15:04:00-04:00,1.9000000000000004,7747.040000000011,3245.0,2025-07-10T15:36:00-04:00,1.1999999999999997,9147.040000000012,1710.0,2025-07-09T14:01:00-04:00,5.150000000000006,1247.0400000000006,,,,,,,,,,,,,,,,,,,,,,,,,,,,,,,,,2734
2025-07-08,2025-07-10,2,7.0,2025-07-08T09:31:00-04:00,6.950000000000017,NDXP  250710P22910000,NDXP  250710P22900000,validation,False,False,0,0,0,22,0,1178,available,False,2025-07-08T09:31:00-04:00,2025-07-10T16:00:00-04:00,10.0,-6252.9599999999655,0.0,last_observed_quote_not_settlement,1037.0,835,191,7.250000000000028,-852.9600000000221,2025-07-08T09:32:00-04:00,0.0,5.5,2647.040000000035,2025-07-08T09:33:00-04:00,0.0,7.199999999999989,-752.9599999999425,2025-07-08T09:36:00-04:00,0.0,7.150000000000006,-652.9599999999766,2025-07-08T09:41:00-04:00,0.0,7.349999999999994,-1052.9599999999539,2025-07-08T09:46:00-04:00,0.0,7.550000000000011,-1452.959999999988,2025-07-08T10:01:00-04:00,0.0,7.649999999999977,-1652.9599999999198,2025-07-08T10:31:00-04:00,0.0,8.300000000000011,-2952.9599999999896,2025-07-08T11:31:00-04:00,0.0,9.900000000000006,-6152.959999999978,2025-07-08T16:00:00-04:00,0.0,5.75,2147.040000000035,2025-07-09T16:00:00-04:00,0.0,10.0,-6252.9599999999655,2025-07-10T16:00:00-04:00,0.0,,,,,2.0,hit,65.0,hit,65.0,hit,,never_hit,,never_hit,,never_hit,,never_hit,22.0,hit,31.0,hit,1.0,hit,31.0,hit,166.0,hit,219.0,hit,,,True,True,True,False,3.0,,,True,True,True,False,3.0,,,True,True,True,False,3.0,,,True,True,True,False,3.0,,,,,,,,,,,,,,,,,,,,,,,,,,,,,,,,,,,,,,,,,,,,,,,,,,,,,,,,,,,,,,,,,2735
2025-07-08,2025-07-11,3,5.0,2025-07-08T09:31:00-04:00,4.950000000000017,NDXP  250711P22800000,NDXP  250711P22790000,validation,False,False,0,0,0,1,0,1604,available,False,2025-07-08T09:31:00-04:00,2025-07-11T16:00:00-04:00,9.7,-9752.959999999965,0.0,last_observed_quote_not_settlement,1036.0,566,98,5.300000000000011,-952.959999999988,2025-07-08T09:32:00-04:00,0.0,5.149999999999977,-652.9599999999198,2025-07-08T09:33:00-04:00,0.0,5.5,-1352.9599999999652,2025-07-08T09:36:00-04:00,0.0,5.599999999999994,-1552.9599999999539,2025-07-08T09:41:00-04:00,0.0,5.199999999999989,-752.9599999999425,2025-07-08T09:46:00-04:00,0.0,5.649999999999977,-1652.9599999999198,2025-07-08T10:01:00-04:00,0.0,6.75,-3852.959999999965,2025-07-08T10:31:00-04:00,0.0,5.0,-352.9599999999652,2025-07-08T11:31:00-04:00,0.0,5.099999999999994,-552.9599999999539,2025-07-08T16:00:00-04:00,0.0,3.1499999999999915,3347.040000000052,2025-07-09T16:00:00-04:00,0.0,3.450000000000003,2747.040000000029,2025-07-10T16:00:00-04:00,0.0,9.7,-9752.959999999965,2025-07-11T16:00:00-04:00,0.0,0.0,hit,0.0,hit,329.0,hit,1460.0,hit,1838.0,hit,1838.0,hit,1838.0,hit,4.0,hit,36.0,hit,36.0,hit,38.0,hit,4709.0,hit,4709.0,hit,8.75,386,True,True,False,False,,8.75,414,True,True,False,False,,8.75,414,True,True,False,False,,8.75,414,True,True,False,False,,1471.0,2025-07-09T10:02:00-04:00,2.8999999999999915,3847.040000000052,1472.0,2025-07-09T10:03:00-04:00,2.9000000000000057,3847.0400000000236,1473.0,2025-07-09T10:04:00-04:00,2.8999999999999986,3847.0400000000377,1472.0,2025-07-09T10:03:00-04:00,2.9000000000000057,3847.0400000000236,1838.0,2025-07-09T16:09:00-04:00,0.15000000000000568,9347.040000000025,4626.0,2025-07-11T14:37:00-04:00,1.8499999999999996,5947.040000000035,4627.0,2025-07-11T14:38:00-04:00,1.7999999999999998,6047.040000000035,1839.0,2025-07-09T16:10:00-04:00,3.299999999999997,3047.0400000000404,1838.0,2025-07-09T16:09:00-04:00,0.15000000000000568,9347.040000000025,,,,,,,,,1839.0,2025-07-09T16:10:00-04:00,3.299999999999997,3047.0400000000404,1838.0,2025-07-09T16:09:00-04:00,0.15000000000000568,9347.040000000025,,,,,,,,,1839.0,2025-07-09T16:10:00-04:00,3.299999999999997,3047.0400000000404,2736
2025-07-08,2025-07-11,3,6.0,2025-07-08T09:31:00-04:00,5.949999999999989,NDXP  250711P22870000,NDXP  250711P22860000,validation,False,False,0,0,0,30,0,1575,available,False,2025-07-08T09:31:00-04:00,2025-07-11T16:00:00-04:00,10.0,-8252.960000000021,0.0,last_observed_quote_not_settlement,1036.0,833,239,5.0499999999999545,1547.0400000000689,2025-07-08T09:32:00-04:00,0.0,4.550000000000011,2547.0399999999554,2025-07-08T09:33:00-04:00,0.0,5.25,1147.039999999978,2025-07-08T09:36:00-04:00,0.0,4.849999999999994,1947.0399999999893,2025-07-08T09:41:00-04:00,0.0,6.550000000000011,-1452.9600000000448,2025-07-08T09:46:00-04:00,0.0,6.099999999999994,-552.9600000000107,2025-07-08T10:01:00-04:00,0.0,6.450000000000017,-1252.9600000000562,2025-07-08T10:31:00-04:00,0.0,6.450000000000017,-1252.9600000000562,2025-07-08T11:31:00-04:00,0.0,6.949999999999989,-2252.959999999999,2025-07-08T16:00:00-04:00,0.0,7.199999999999989,-2752.959999999999,2025-07-09T16:00:00-04:00,0.0,5.150000000000006,1347.0399999999665,2025-07-10T16:00:00-04:00,0.0,10.0,-8252.960000000021,2025-07-11T16:00:00-04:00,0.0,1.0,hit,2.0,hit,6.0,hit,89.0,hit,1838.0,hit,,never_hit,,never_hit,4.0,hit,44.0,hit,44.0,hit,77.0,hit,1630.0,hit,4330.0,hit,8.050000000000011,45,True,True,False,False,,9.099999999999994,398,True,True,True,True,,,,True,True,True,False,4.849999999999994,,,True,True,True,False,4.849999999999994,89.0,2025-07-08T11:00:00-04:00,2.450000000000017,6747.039999999944,,,,,,,,,90.0,2025-07-08T11:01:00-04:00,6.350000000000023,-1052.9600000000676,1838.0,2025-07-09T16:09:00-04:00,1.0999999999999943,9447.03999999999,,,,,,,,,1839.0,2025-07-09T16:10:00-04:00,4.549999999999983,2547.0400000000122,,,,,,,,,,,,,,,,,,,,,,,,,,,,,,,,,2737
2025-07-08,2025-07-11,3,7.0,2025-07-08T09:31:00-04:00,7.0,NDXP  250711P22960000,NDXP  250711P22950000,validation,False,False,0,0,0,73,0,1532,available,False,2025-07-08T09:31:00-04:00,2025-07-11T15:58:00-04:00,9.900000000000006,-6052.960000000013,2.0,last_observed_quote_not_settlement,1037.0,1124,272,7.150000000000034,-552.9600000000676,2025-07-08T09:32:00-04:00,0.0,7.100000000000023,-452.9600000000448,2025-07-08T09:33:00-04:00,0.0,7.550000000000011,-1352.960000000022,2025-07-08T09:36:00-04:00,0.0,7.4500000000000455,-1152.9600000000903,2025-07-08T09:41:00-04:00,0.0,7.150000000000034,-552.9600000000676,2025-07-08T09:46:00-04:00,0.0,7.4500000000000455,-1152.9600000000903,2025-07-08T10:01:00-04:00,0.0,7.900000000000034,-2052.9600000000673,2025-07-08T10:31:00-04:00,0.0,8.699999999999932,-3652.9599999998645,2025-07-08T11:31:00-04:00,0.0,3.0,7747.040000000001,2025-07-08T16:00:00-04:00,0.0,5.799999999999983,2147.040000000035,2025-07-09T16:00:00-04:00,0.0,7.649999999999977,-1552.9599999999539,2025-07-10T16:00:00-04:00,0.0,,,2025-07-11T15:58:00-04:00,120.0,156.0,hit,273.0,hit,389.0,hit,389.0,hit,,never_hit,,never_hit,,never_hit,5.0,hit,14.0,hit,0.0,hit,14.0,hit,208.0,hit,208.0,hit,9.650000000000034,357,True,True,True,True,,,,True,True,True,False,4.0,,,True,True,True,False,4.0,,,True,True,True,False,4.0,,,,,,,,,,,,,,,,,,,,,,,,,,,,,,,,,,,,,,,,,,,,,,,,,,,,,,,,,,,,,,,,,2738
2025-07-09,2025-07-11,2,5.0,2025-07-09T09:31:00-04:00,4.900000000000006,NDXP  250711P22900000,NDXP  250711P22890000,validation,False,False,0,0,0,42,0,1158,available,False,2025-07-09T09:31:00-04:00,2025-07-11T15:59:00-04:00,10.0,-10352.959999999988,1.0,last_observed_quote_not_settlement,1036.0,999,113,5.649999999999977,-1752.9599999999425,2025-07-09T09:32:00-04:00,0.0,5.650000000000006,-1752.9599999999994,2025-07-09T09:33:00-04:00,0.0,5.300000000000011,-1052.9600000000107,2025-07-09T09:36:00-04:00,0.0,4.949999999999989,-352.9599999999652,2025-07-09T09:41:00-04:00,0.0,4.450000000000003,647.0400000000063,2025-07-09T09:46:00-04:00,0.0,4.099999999999994,1347.0400000000234,2025-07-09T10:01:00-04:00,0.0,5.300000000000011,-1052.9600000000107,2025-07-09T10:31:00-04:00,0.0,4.150000000000006,1247.0400000000006,2025-07-09T11:31:00-04:00,0.0,4.900000000000006,-252.9599999999993,2025-07-09T16:00:00-04:00,0.0,6.300000000000011,-3052.9600000000105,2025-07-10T16:00:00-04:00,0.0,,,2025-07-11T15:59:00-04:00,60.0,,,,,0.0,hit,0.0,hit,69.0,hit,114.0,hit,,never_hit,,never_hit,,never_hit,1.0,hit,31.0,hit,64.0,hit,64.0,hit,95.0,hit,95.0,hit,9.5,54,True,True,True,True,,,,True,True,True,False,2.1999999999999886,,,True,True,True,False,2.1999999999999886,,,True,True,True,False,2.1999999999999886,114.0,2025-07-09T11:25:00-04:00,2.700000000000017,4147.039999999978,,,,,,,,,115.0,2025-07-09T11:26:00-04:00,3.0,3547.0400000000122,,,,,,,,,,,,,,,,,,,,,,,,,,,,,,,,,,,,,,,,,,,,,,,,,2739
2025-07-09,2025-07-11,2,6.0,2025-07-09T09:31:00-04:00,6.050000000000011,NDXP  250711P22920000,NDXP  250711P22910000,validation,False,False,0,0,0,62,0,1138,available,False,2025-07-09T09:31:00-04:00,2025-07-11T15:59:00-04:00,9.999999999999986,-8052.959999999977,1.0,last_observed_quote_not_settlement,1036.0,850,170,6.699999999999989,-1552.9599999999539,2025-07-09T09:32:00-04:00,0.0,6.199999999999989,-552.9599999999539,2025-07-09T09:33:00-04:00,0.0,5.550000000000011,747.0400000000006,2025-07-09T09:36:00-04:00,0.0,5.25,1347.0400000000234,2025-07-09T09:41:00-04:00,0.0,4.8999999999999915,2047.0400000000404,2025-07-09T09:46:00-04:00,0.0,4.599999999999994,2647.040000000035,2025-07-09T10:01:00-04:00,0.0,4.0,3847.0400000000236,2025-07-09T10:31:00-04:00,0.0,6.749999999999972,-1652.9599999999198,2025-07-09T11:31:00-04:00,0.0,9.099999999999994,-6352.959999999967,2025-07-09T16:00:00-04:00,0.0,6.799999999999997,-1752.959999999971,2025-07-10T16:00:00-04:00,0.0,,,2025-07-11T15:59:00-04:00,60.0,,,,,7.0,hit,7.0,hit,60.0,hit,,never_hit,,never_hit,,never_hit,,never_hit,1.0,hit,6.0,hit,6.0,hit,95.0,hit,95.0,hit,151.0,hit,,,True,True,True,False,2.500000000000014,,,True,True,True,False,2.500000000000014,,,True,True,True,False,2.500000000000014,,,True,True,True,False,2.500000000000014,,,,,,,,,,,,,,,,,,,,,,,,,,,,,,,,,,,,,,,,,,,,,,,,,,,,,,,,,,,,,,,,,2740
2025-07-09,2025-07-11,2,7.0,2025-07-09T09:31:00-04:00,6.949999999999989,NDXP  250711P22960000,NDXP  250711P22950000,validation,False,False,0,0,0,68,0,1132,available,False,2025-07-09T09:31:00-04:00,2025-07-11T15:58:00-04:00,9.900000000000006,-6152.9600000000355,2.0,last_observed_quote_not_settlement,1037.0,767,227,4.449999999999989,4747.040000000001,2025-07-09T09:32:00-04:00,0.0,6.300000000000011,1047.0399999999552,2025-07-09T09:33:00-04:00,0.0,6.349999999999994,947.0399999999893,2025-07-09T09:36:00-04:00,0.0,7.700000000000017,-1752.9600000000562,2025-07-09T09:41:00-04:00,0.0,7.349999999999994,-1052.9600000000107,2025-07-09T09:46:00-04:00,0.0,5.150000000000006,3347.0399999999668,2025-07-09T10:01:00-04:00,0.0,4.550000000000011,4547.039999999955,2025-07-09T10:31:00-04:00,0.0,7.300000000000011,-952.9600000000448,2025-07-09T11:31:00-04:00,0.0,5.799999999999983,2047.0400000000122,2025-07-09T16:00:00-04:00,0.0,7.649999999999977,-1652.9599999999766,2025-07-10T16:00:00-04:00,0.0,,,2025-07-11T15:58:00-04:00,120.0,,,,,1.0,hit,1.0,hit,13.0,hit,,never_hit,,never_hit,,never_hit,,never_hit,7.0,hit,7.0,hit,7.0,hit,7.0,hit,7.0,hit,192.0,hit,,,True,True,True,False,3.1999999999999886,,,True,True,True,False,3.1999999999999886,,,True,True,True,False,3.1999999999999886,,,True,True,True,False,3.1999999999999886,,,,,,,,,,,,,,,,,,,,,,,,,,,,,,,,,,,,,,,,,,,,,,,,,,,,,,,,,,,,,,,,,2741
2025-07-11,2025-07-14,3,5.0,2025-07-11T09:31:00-04:00,4.950000000000003,NDXP  250714P22800000,NDXP  250714P22790000,validation,False,False,0,0,2,0,0,790,available,False,2025-07-11T09:31:00-04:00,2025-07-14T15:57:00-04:00,0.024999999999999994,9597.040000000006,3.0,last_observed_quote_not_settlement,3916.0,125,37,5.25,-852.9599999999937,2025-07-11T09:32:00-04:00,0.0,5.25,-852.9599999999937,2025-07-11T09:33:00-04:00,0.0,7.050000000000011,-4452.960000000016,2025-07-11T09:36:00-04:00,0.0,6.350000000000023,-3052.960000000039,2025-07-11T09:41:00-04:00,0.0,6.300000000000011,-2952.9600000000164,2025-07-11T09:46:00-04:00,0.0,4.700000000000003,247.04000000000067,2025-07-11T10:01:00-04:00,0.0,4.199999999999989,1247.040000000029,2025-07-11T10:31:00-04:00,0.0,5.0,-352.9599999999936,2025-07-11T11:31:00-04:00,0.0,4.800000000000011,47.03999999998366,2025-07-11T16:00:00-04:00,0.0,,,2025-07-11T16:15:00-04:00,85500.0,,,2025-07-11T16:15:00-04:00,171900.0,,,2025-07-14T15:57:00-04:00,180.0,0.0,hit,0.0,hit,54.0,hit,4413.0,hit,4448.0,hit,4534.0,hit,4566.0,hit,5.0,hit,5.0,hit,5.0,hit,4334.0,hit,,never_hit,,never_hit,8.500000000000014,125,True,True,False,False,,8.500000000000014,125,True,True,False,False,,8.500000000000014,125,True,True,False,False,,8.500000000000014,125,True,True,False,False,,4413.0,2025-07-14T11:04:00-04:00,2.8000000000000007,4047.0400000000045,4417.0,2025-07-14T11:08:00-04:00,2.7499999999999964,4147.040000000014,4418.0,2025-07-14T11:09:00-04:00,2.8000000000000007,4047.0400000000045,4414.0,2025-07-14T11:05:00-04:00,3.0,3647.0400000000063,4448.0,2025-07-14T11:39:00-04:00,1.4499999999999993,6747.040000000008,4480.0,2025-07-14T12:11:00-04:00,1.75,6147.040000000006,4481.0,2025-07-14T12:12:00-04:00,1.9499999999999993,5747.040000000008,4449.0,2025-07-14T11:40:00-04:00,2.799999999999997,4047.040000000012,4537.0,2025-07-14T13:08:00-04:00,0.9499999999999993,7747.040000000008,4538.0,2025-07-14T13:09:00-04:00,0.9000000000000004,7847.040000000005,4539.0,2025-07-14T13:10:00-04:00,0.7999999999999998,8047.040000000006,4538.0,2025-07-14T13:09:00-04:00,0.9000000000000004,7847.040000000005,4617.0,2025-07-14T14:28:00-04:00,0.42500000000000027,8797.040000000006,4626.0,2025-07-14T14:37:00-04:00,0.44999999999999973,8747.040000000006,4631.0,2025-07-14T14:42:00-04:00,0.40000000000000013,8847.040000000006,4618.0,2025-07-14T14:29:00-04:00,0.47499999999999964,8697.040000000008,2742
2025-07-11,2025-07-14,3,6.0,2025-07-11T09:31:00-04:00,6.0,NDXP  250714P22860000,NDXP  250714P22850000,validation,False,False,0,0,2,0,0,793,available,False,2025-07-11T09:31:00-04:00,2025-07-14T15:58:00-04:00,5.975,-202.9599999999986,2.0,last_observed_quote_not_settlement,3916.0,210,84,6.399999999999977,-1052.9599999999539,2025-07-11T09:32:00-04:00,0.0,6.300000000000011,-852.9600000000221,2025-07-11T09:33:00-04:00,0.0,5.699999999999989,347.04000000002344,2025-07-11T09:36:00-04:00,0.0,6.849999999999966,-1952.9599999999311,2025-07-11T09:41:00-04:00,0.0,7.449999999999989,-3152.9599999999764,2025-07-11T09:46:00-04:00,0.0,6.099999999999994,-452.95999999998793,2025-07-11T10:01:00-04:00,0.0,5.3500000000000085,1047.0399999999836,2025-07-11T10:31:00-04:00,0.0,5.800000000000011,147.03999999997797,2025-07-11T11:31:00-04:00,0.0,6.299999999999997,-852.9599999999937,2025-07-11T16:00:00-04:00,0.0,,,2025-07-11T16:15:00-04:00,85500.0,,,2025-07-11T16:15:00-04:00,171900.0,,,2025-07-14T15:58:00-04:00,120.0,44.0,hit,63.0,hit,209.0,hit,209.0,hit,4485.0,hit,4485.0,hit,,never_hit,4.0,hit,11.0,hit,11.0,hit,4326.0,hit,4330.0,hit,4333.0,hit,7.550000000000011,61,True,False,False,False,,9.849999999999966,202,True,True,True,True,,9.849999999999966,202,True,True,True,True,,,,True,True,True,False,5.199999999999996,209.0,2025-07-11T13:00:00-04:00,2.1499999999999915,7447.040000000018,4545.0,2025-07-14T13:16:00-04:00,2.7500000000000018,6247.039999999997,4546.0,2025-07-14T13:17:00-04:00,2.9499999999999993,5847.040000000002,210.0,2025-07-11T13:01:00-04:00,5.299999999999983,1147.0400000000348,4485.0,2025-07-14T12:16:00-04:00,0.8000000000000043,10147.039999999994,4645.0,2025-07-14T14:56:00-04:00,1.7999999999999998,8147.040000000002,,,,,4486.0,2025-07-14T12:17:00-04:00,5.800000000000004,147.03999999999218,4485.0,2025-07-14T12:16:00-04:00,0.8000000000000043,10147.039999999994,,,,,,,,,4486.0,2025-07-14T12:17:00-04:00,5.800000000000004,147.03999999999218,,,,,,,,,,,,,,,,,2743
2025-07-11,2025-07-14,3,7.0,2025-07-11T09:31:00-04:00,7.0,NDXP  250714P22910000,NDXP  250714P22900000,validation,False,False,0,0,0,20,0,775,available,False,2025-07-11T09:31:00-04:00,2025-07-14T16:00:00-04:00,9.899999999999999,-6052.959999999998,0.0,last_observed_quote_not_settlement,3916.0,465,146,7.5,-1252.9599999999994,2025-07-11T09:32:00-04:00,0.0,7.849999999999994,-1952.959999999988,2025-07-11T09:33:00-04:00,0.0,7.650000000000006,-1552.9600000000107,2025-07-11T09:36:00-04:00,0.0,9.800000000000011,-5852.960000000024,2025-07-11T09:41:00-04:00,0.0,7.449999999999989,-1152.9599999999766,2025-07-11T09:46:00-04:00,0.0,7.799999999999983,-1852.9599999999652,2025-07-11T10:01:00-04:00,0.0,6.799999999999983,147.0400000000348,2025-07-11T10:31:00-04:00,0.0,7.999999999999972,-2252.959999999944,2025-07-11T11:31:00-04:00,0.0,7.650000000000006,-1552.9600000000107,2025-07-11T16:00:00-04:00,0.0,,,2025-07-11T16:15:00-04:00,85500.0,,,2025-07-11T16:15:00-04:00,171900.0,9.899999999999999,-6052.959999999998,2025-07-14T16:00:00-04:00,0.0,90.0,hit,209.0,hit,270.0,hit,,never_hit,,never_hit,,never_hit,,never_hit,1.0,hit,10.0,hit,0.0,hit,10.0,hit,10.0,hit,10.0,hit,,,True,True,True,False,3.75,,,True,True,True,False,3.75,,,True,True,True,False,3.75,,,True,True,True,False,3.75,,,,,,,,,,,,,,,,,,,,,,,,,,,,,,,,,,,,,,,,,,,,,,,,,,,,,,,,,,,,,,,,,2744
2025-07-14,2025-07-16,2,5.0,2025-07-14T09:31:00-04:00,4.949999999999989,NDXP  250716P22810000,NDXP  250716P22800000,validation,False,False,0,0,0,3,0,1192,available,False,2025-07-14T09:31:00-04:00,2025-07-16T15:55:00-04:00,0.025000000000000022,9597.039999999979,5.0,last_observed_quote_not_settlement,1036.0,95,38,4.799999999999983,47.04000000001208,2025-07-14T09:32:00-04:00,0.0,5.0,-352.96000000002203,2025-07-14T09:33:00-04:00,0.0,5.0,-352.96000000002203,2025-07-14T09:36:00-04:00,0.0,5.5,-1352.960000000022,2025-07-14T09:41:00-04:00,0.0,6.550000000000011,-3452.9600000000446,2025-07-14T09:46:00-04:00,0.0,5.349999999999994,-1052.9600000000107,2025-07-14T10:01:00-04:00,0.0,5.200000000000003,-752.9600000000278,2025-07-14T10:31:00-04:00,0.0,4.099999999999994,1447.0399999999893,2025-07-14T11:31:00-04:00,0.0,3.75,2147.039999999978,2025-07-14T16:00:00-04:00,0.0,1.7999999999999972,6047.039999999984,2025-07-15T16:00:00-04:00,0.0,,,2025-07-16T15:55:00-04:00,300.0,,,,,0.0,hit,0.0,hit,93.0,hit,189.0,hit,339.0,hit,339.0,hit,2896.0,hit,10.0,hit,13.0,hit,13.0,hit,3006.0,hit,,never_hit,,never_hit,7.75,52,True,False,False,False,,7.75,52,True,False,False,False,,7.75,52,True,False,False,False,,7.75,52,True,False,False,False,,189.0,2025-07-14T12:40:00-04:00,2.1500000000000057,5347.039999999966,1441.0,2025-07-15T09:32:00-04:00,1.3999999999999986,6847.039999999981,1442.0,2025-07-15T09:33:00-04:00,1.3499999999999979,6947.039999999982,190.0,2025-07-14T12:41:00-04:00,4.0,1647.039999999978,339.0,2025-07-14T15:10:00-04:00,0.6500000000000057,8347.039999999968,1441.0,2025-07-15T09:32:00-04:00,1.3999999999999986,6847.039999999981,1442.0,2025-07-15T09:33:00-04:00,1.3499999999999979,6947.039999999982,340.0,2025-07-14T15:11:00-04:00,3.6999999999999886,2247.040000000001,339.0,2025-07-14T15:10:00-04:00,0.6500000000000057,8347.039999999968,3173.0,2025-07-16T14:24:00-04:00,0.8999999999999995,7847.039999999979,3174.0,2025-07-16T14:25:00-04:00,0.8000000000000007,8047.039999999976,340.0,2025-07-14T15:11:00-04:00,3.6999999999999886,2247.040000000001,2896.0,2025-07-16T09:47:00-04:00,0.15000000000000568,9347.039999999968,3188.0,2025-07-16T14:39:00-04:00,0.4249999999999998,8797.039999999979,3189.0,2025-07-16T14:40:00-04:00,0.42500000000000027,8797.039999999977,2897.0,2025-07-16T09:48:00-04:00,3.200000000000003,3247.039999999972,2745
2025-07-14,2025-07-16,2,6.0,2025-07-14T09:31:00-04:00,6.149999999999977,NDXP  250716P22960000,NDXP  250716P22950000,validation,False,False,0,0,0,24,0,1176,available,False,2025-07-14T09:31:00-04:00,2025-07-16T15:59:00-04:00,8.100000000000009,-4152.960000000064,1.0,last_observed_quote_not_settlement,1036.0,620,138,5.899999999999977,247.04000000000067,2025-07-14T09:32:00-04:00,0.0,7.349999999999994,-2652.9600000000332,2025-07-14T09:33:00-04:00,0.0,7.400000000000034,-2752.960000000113,2025-07-14T09:36:00-04:00,0.0,7.599999999999966,-3152.9599999999764,2025-07-14T09:41:00-04:00,0.0,8.0,-3952.9600000000464,2025-07-14T09:46:00-04:00,0.0,7.300000000000011,-2552.9600000000673,2025-07-14T10:01:00-04:00,0.0,7.299999999999983,-2552.9600000000105,2025-07-14T10:31:00-04:00,0.0,6.400000000000034,-752.960000000113,2025-07-14T11:31:00-04:00,0.0,5.800000000000011,447.0399999999325,2025-07-14T16:00:00-04:00,0.0,9.600000000000009,-7152.960000000064,2025-07-15T16:00:00-04:00,0.0,,,2025-07-16T15:59:00-04:00,60.0,,,,,6.0,hit,48.0,hit,232.0,hit,375.0,hit,1754.0,hit,,never_hit,,never_hit,2.0,hit,2.0,hit,2.0,hit,12.0,hit,56.0,hit,1829.0,hit,9.400000000000006,244,True,True,True,True,,9.400000000000006,259,True,True,True,True,,,,True,True,True,False,4.749999999999972,,,True,True,True,False,4.749999999999972,375.0,2025-07-14T15:46:00-04:00,2.799999999999983,6447.039999999989,,,,,,,,,376.0,2025-07-14T15:47:00-04:00,6.0,47.039999999955235,1754.0,2025-07-15T14:45:00-04:00,1.8999999999999986,8247.039999999959,,,,,,,,,1755.0,2025-07-15T14:46:00-04:00,3.8999999999999986,4247.039999999958,,,,,,,,,,,,,,,,,,,,,,,,,,,,,,,,,2746
2025-07-14,2025-07-16,2,7.0,2025-07-14T09:31:00-04:00,7.100000000000023,NDXP  250716P22970000,NDXP  250716P22960000,validation,False,False,0,0,0,31,0,1169,available,False,2025-07-14T09:31:00-04:00,2025-07-16T16:00:00-04:00,9.299999999999997,-4652.95999999995,0.0,last_observed_quote_not_settlement,1036.0,427,49,7.149999999999977,-352.95999999990835,2025-07-14T09:32:00-04:00,0.0,7.149999999999977,-352.95999999990835,2025-07-14T09:33:00-04:00,0.0,7.899999999999977,-1852.9599999999084,2025-07-14T09:36:00-04:00,0.0,7.900000000000034,-1852.960000000022,2025-07-14T09:41:00-04:00,0.0,8.100000000000023,-2252.960000000001,2025-07-14T09:46:00-04:00,0.0,5.449999999999989,3047.040000000069,2025-07-14T10:01:00-04:00,0.0,7.400000000000006,-852.9599999999652,2025-07-14T10:31:00-04:00,0.0,6.5,947.0400000000461,2025-07-14T11:31:00-04:00,0.0,5.799999999999983,2347.0400000000805,2025-07-14T16:00:00-04:00,0.0,3.299999999999997,7347.040000000052,2025-07-15T16:00:00-04:00,0.0,9.299999999999997,-4652.95999999995,2025-07-16T16:00:00-04:00,0.0,,,,,30.0,hit,173.0,hit,173.0,hit,,never_hit,,never_hit,,never_hit,,never_hit,5.0,hit,13.0,hit,0.0,hit,13.0,hit,33.0,hit,51.0,hit,,,True,True,True,False,3.900000000000034,,,True,True,True,False,3.900000000000034,,,True,True,True,False,3.900000000000034,,,True,True,True,False,3.900000000000034,,,,,,,,,,,,,,,,,,,,,,,,,,,,,,,,,,,,,,,,,,,,,,,,,,,,,,,,,,,,,,,,,2747
2025-07-14,2025-07-17,3,5.0,2025-07-14T09:31:00-04:00,4.950000000000017,NDXP  250717P22820000,NDXP  250717P22810000,validation,False,False,0,0,13,26,0,1544,available,False,2025-07-14T09:31:00-04:00,2025-07-17T15:47:00-04:00,0.0,9647.040000000035,13.0,last_observed_quote_not_settlement,1036.0,99,37,5.350000000000023,-1052.9600000000107,2025-07-14T09:32:00-04:00,0.0,4.75,147.0400000000348,2025-07-14T09:33:00-04:00,0.0,5.199999999999989,-752.9599999999425,2025-07-14T09:36:00-04:00,0.0,5.5,-1352.9599999999652,2025-07-14T09:41:00-04:00,0.0,5.599999999999994,-1552.9599999999539,2025-07-14T09:46:00-04:00,0.0,5.300000000000011,-952.959999999988,2025-07-14T10:01:00-04:00,0.0,5.050000000000011,-452.95999999998793,2025-07-14T10:31:00-04:00,0.0,4.299999999999983,1047.0400000000689,2025-07-14T11:31:00-04:00,0.0,3.9000000000000057,1847.0400000000234,2025-07-14T16:00:00-04:00,0.0,3.0,3647.040000000035,2025-07-15T16:00:00-04:00,0.0,3.200000000000003,3247.040000000029,2025-07-16T16:00:00-04:00,0.0,,,2025-07-17T15:47:00-04:00,780.0,0.0,hit,0.0,hit,47.0,hit,47.0,hit,1440.0,hit,1511.0,hit,1511.0,hit,10.0,hit,14.0,hit,14.0,hit,14.0,hit,,never_hit,,never_hit,8.300000000000011,41,True,True,False,False,,8.300000000000011,59,True,True,False,False,,8.300000000000011,59,True,True,False,False,,8.300000000000011,59,True,True,False,False,,47.0,2025-07-14T10:18:00-04:00,2.6999999999999886,4247.040000000057,1441.0,2025-07-15T09:32:00-04:00,1.8999999999999986,5847.040000000037,1442.0,2025-07-15T09:33:00-04:00,2.0,5647.0400000000345,48.0,2025-07-14T10:19:00-04:00,4.900000000000006,-152.95999999997656,1441.0,2025-07-15T09:32:00-04:00,1.8999999999999986,5847.040000000037,4321.0,2025-07-17T09:32:00-04:00,1.5,6647.0400000000345,4322.0,2025-07-17T09:33:00-04:00,1.9499999999999993,5747.040000000036,1442.0,2025-07-15T09:33:00-04:00,2.0,5647.0400000000345,1511.0,2025-07-15T10:42:00-04:00,0.05000000000000426,9547.040000000026,4339.0,2025-07-17T09:50:00-04:00,0.8000000000000007,8047.040000000034,4340.0,2025-07-17T09:51:00-04:00,0.9000000000000021,7847.040000000031,1512.0,2025-07-15T10:43:00-04:00,2.6000000000000014,4447.040000000032,1511.0,2025-07-15T10:42:00-04:00,0.05000000000000426,9547.040000000026,4382.0,2025-07-17T10:33:00-04:00,0.39999999999999947,8847.040000000037,4383.0,2025-07-17T10:34:00-04:00,0.40000000000000036,8847.040000000035,1512.0,2025-07-15T10:43:00-04:00,2.6000000000000014,4447.040000000032,2748
2025-07-14,2025-07-17,3,6.0,2025-07-14T09:31:00-04:00,6.0,NDXP  250717P22940000,NDXP  250717P22930000,validation,False,False,0,0,12,2,0,1577,available,False,2025-07-14T09:31:00-04:00,2025-07-17T15:47:00-04:00,0.0,11747.04,13.0,last_observed_quote_not_settlement,1036.0,372,139,7.25,-2752.959999999999,2025-07-14T09:32:00-04:00,0.0,4.149999999999977,3447.0400000000463,2025-07-14T09:33:00-04:00,0.0,7.450000000000017,-3152.9600000000332,2025-07-14T09:36:00-04:00,0.0,7.149999999999977,-2552.9599999999537,2025-07-14T09:41:00-04:00,0.0,7.300000000000011,-2852.960000000022,2025-07-14T09:46:00-04:00,0.0,8.100000000000023,-4452.960000000046,2025-07-14T10:01:00-04:00,0.0,6.450000000000017,-1152.9600000000335,2025-07-14T10:31:00-04:00,0.0,6.050000000000011,-352.96000000002203,2025-07-14T11:31:00-04:00,0.0,5.850000000000023,47.039999999955235,2025-07-14T16:00:00-04:00,0.0,6.0,-252.9599999999993,2025-07-15T16:00:00-04:00,0.0,5.25,1247.0400000000006,2025-07-16T16:00:00-04:00,0.0,,,2025-07-17T15:47:00-04:00,780.0,2.0,hit,2.0,hit,93.0,hit,1461.0,hit,1461.0,hit,4334.0,hit,4450.0,hit,1.0,hit,1.0,hit,1.0,hit,4.0,hit,27.0,hit,27.0,hit,9.949999999999989,119,True,True,True,True,,9.949999999999989,119,True,True,True,True,,10.0,372,True,True,True,True,,10.0,372,True,True,True,True,,1461.0,2025-07-15T09:52:00-04:00,1.3500000000000085,9047.039999999985,4342.0,2025-07-17T09:53:00-04:00,2.6999999999999993,6347.040000000002,4343.0,2025-07-17T09:54:00-04:00,2.8000000000000043,6147.039999999992,1462.0,2025-07-15T09:53:00-04:00,4.0,3747.040000000001,1461.0,2025-07-15T09:52:00-04:00,1.3500000000000085,9047.039999999985,4395.0,2025-07-17T10:46:00-04:00,1.8999999999999986,7947.040000000004,4396.0,2025-07-17T10:47:00-04:00,1.75,8247.04,1462.0,2025-07-15T09:53:00-04:00,4.0,3747.040000000001,4415.0,2025-07-17T11:06:00-04:00,0.75,10247.04,4416.0,2025-07-17T11:07:00-04:00,0.8499999999999996,10047.040000000003,4417.0,2025-07-17T11:08:00-04:00,0.7000000000000002,10347.04,4416.0,2025-07-17T11:07:00-04:00,0.8499999999999996,10047.040000000003,4451.0,2025-07-17T11:42:00-04:00,0.4499999999999993,10847.040000000003,4465.0,2025-07-17T11:56:00-04:00,0.39999999999999947,10947.040000000003,4469.0,2025-07-17T12:00:00-04:00,0.39999999999999947,10947.040000000003,4452.0,2025-07-17T11:43:00-04:00,0.45000000000000107,10847.039999999999,2749
2025-07-14,2025-07-17,3,7.0,2025-07-14T09:31:00-04:00,6.949999999999989,NDXP  250717P22990000,NDXP  250717P22980000,validation,False,False,0,0,5,8,0,1585,available,False,2025-07-14T09:31:00-04:00,2025-07-17T15:47:00-04:00,0.0,13647.039999999979,13.0,last_observed_quote_not_settlement,1036.0,392,180,6.9500000000000455,-252.96000000011298,2025-07-14T09:32:00-04:00,0.0,7.049999999999983,-452.95999999998793,2025-07-14T09:33:00-04:00,0.0,7.099999999999966,-552.9599999999539,2025-07-14T09:36:00-04:00,0.0,6.949999999999989,-252.9599999999993,2025-07-14T09:41:00-04:00,0.0,7.699999999999989,-1752.9599999999994,2025-07-14T09:46:00-04:00,0.0,6.149999999999977,1347.0400000000234,2025-07-14T10:01:00-04:00,0.0,7.199999999999989,-752.9599999999994,2025-07-14T10:31:00-04:00,0.0,5.849999999999994,1947.0399999999893,2025-07-14T11:31:00-04:00,0.0,5.699999999999989,2247.040000000001,2025-07-14T16:00:00-04:00,0.0,6.249999999999972,1147.0400000000348,2025-07-15T16:00:00-04:00,0.0,6.300000000000011,1047.0399999999552,2025-07-16T16:00:00-04:00,0.0,,,2025-07-17T15:47:00-04:00,780.0,36.0,hit,116.0,hit,325.0,hit,1461.0,hit,4415.0,hit,4461.0,hit,4493.0,hit,4.0,hit,4.0,hit,2.0,hit,4.0,hit,4.0,hit,4.0,hit,9.849999999999966,93,True,True,True,True,,9.950000000000003,392,True,True,True,True,,9.950000000000003,392,True,True,True,True,,9.950000000000003,392,True,True,True,True,,1461.0,2025-07-15T09:52:00-04:00,2.5,8647.039999999979,4400.0,2025-07-17T10:51:00-04:00,2.849999999999998,7947.039999999982,4409.0,2025-07-17T11:00:00-04:00,2.799999999999997,8047.039999999984,1462.0,2025-07-15T09:53:00-04:00,4.6000000000000085,4447.039999999961,4415.0,2025-07-17T11:06:00-04:00,1.6999999999999993,10247.03999999998,4416.0,2025-07-17T11:07:00-04:00,1.6500000000000004,10347.039999999979,4417.0,2025-07-17T11:08:00-04:00,1.75,10147.039999999979,4416.0,2025-07-17T11:07:00-04:00,1.6500000000000004,10347.039999999979,4467.0,2025-07-17T11:58:00-04:00,0.9000000000000004,11847.039999999979,4468.0,2025-07-17T11:59:00-04:00,0.9000000000000004,11847.039999999979,4469.0,2025-07-17T12:00:00-04:00,0.8500000000000005,11947.039999999977,4468.0,2025-07-17T11:59:00-04:00,0.9000000000000004,11847.039999999979,4495.0,2025-07-17T12:26:00-04:00,0.40000000000000036,12847.039999999979,4518.0,2025-07-17T12:49:00-04:00,0.40000000000000036,12847.039999999979,4519.0,2025-07-17T12:50:00-04:00,0.40000000000000036,12847.039999999979,4496.0,2025-07-17T12:27:00-04:00,0.5499999999999998,12547.039999999979,2750
2025-07-15,2025-07-17,2,5.0,2025-07-15T09:31:00-04:00,5.099999999999994,NDXP  250717P23080000,NDXP  250717P23070000,validation,False,False,0,0,3,23,0,1174,available,False,2025-07-15T09:31:00-04:00,2025-07-17T15:58:00-04:00,2.05,5847.03999999999,2.0,last_observed_quote_not_settlement,1036.0,871,33,5.400000000000006,-852.9600000000221,2025-07-15T09:32:00-04:00,0.0,6.900000000000006,-3852.960000000022,2025-07-15T09:33:00-04:00,0.0,6.5,-3052.9600000000105,2025-07-15T09:36:00-04:00,0.0,6.449999999999989,-2952.9599999999878,2025-07-15T09:41:00-04:00,0.0,5.549999999999983,-1152.9599999999766,2025-07-15T09:46:00-04:00,0.0,5.950000000000017,-1952.9600000000448,2025-07-15T10:01:00-04:00,0.0,6.25,-2552.9600000000105,2025-07-15T10:31:00-04:00,0.0,3.3000000000000114,3347.0399999999668,2025-07-15T11:31:00-04:00,0.0,7.849999999999994,-5752.959999999999,2025-07-15T16:00:00-04:00,0.0,8.5,-7052.960000000013,2025-07-16T16:00:00-04:00,0.0,,,2025-07-17T15:58:00-04:00,120.0,,,,,0.0,hit,48.0,hit,59.0,hit,59.0,hit,3240.0,hit,3262.0,hit,,never_hit,2.0,hit,2.0,hit,50.0,hit,50.0,hit,50.0,hit,390.0,hit,9.050000000000011,56,True,True,True,True,,10.0,871,True,True,True,True,,10.0,871,True,True,True,True,,,,True,True,True,False,4.524999999999994,59.0,2025-07-15T10:30:00-04:00,2.9000000000000057,4147.039999999978,3134.0,2025-07-17T13:45:00-04:00,2.9499999999999993,4047.039999999991,3147.0,2025-07-17T13:58:00-04:00,2.4499999999999993,5047.039999999991,60.0,2025-07-15T10:31:00-04:00,6.25,-2552.9600000000105,3240.0,2025-07-17T15:31:00-04:00,1.725,6497.039999999988,3241.0,2025-07-17T15:32:00-04:00,1.375,7197.039999999989,3242.0,2025-07-17T15:33:00-04:00,1.4499999999999997,7047.039999999989,3241.0,2025-07-17T15:32:00-04:00,1.375,7197.039999999989,3262.0,2025-07-17T15:53:00-04:00,0.7,8547.03999999999,3263.0,2025-07-17T15:54:00-04:00,0.5749999999999998,8797.03999999999,,,,,3263.0,2025-07-17T15:54:00-04:00,0.5749999999999998,8797.03999999999,,,,,,,,,,,,,,,,,2751
2025-07-15,2025-07-17,2,6.0,2025-07-15T09:31:00-04:00,6.049999999999983,NDXP  250717P23140000,NDXP  250717P23130000,validation,False,False,0,0,0,47,0,1153,available,False,2025-07-15T09:31:00-04:00,2025-07-17T15:59:00-04:00,9.649999999999999,-7452.960000000033,1.0,last_observed_quote_not_settlement,1036.0,1082,50,7.449999999999989,-3052.9600000000105,2025-07-15T09:32:00-04:00,0.0,6.599999999999994,-1352.960000000022,2025-07-15T09:33:00-04:00,0.0,7.249999999999972,-2652.9599999999764,2025-07-15T09:36:00-04:00,0.0,7.099999999999994,-2352.960000000022,2025-07-15T09:41:00-04:00,0.0,5.900000000000006,47.039999999955235,2025-07-15T09:46:00-04:00,0.0,5.800000000000011,247.03999999994383,2025-07-15T10:01:00-04:00,0.0,6.300000000000011,-752.9600000000562,2025-07-15T10:31:00-04:00,0.0,6.649999999999977,-1452.959999999988,2025-07-15T11:31:00-04:00,0.0,8.299999999999955,-4752.959999999945,2025-07-15T16:00:00-04:00,0.0,7.549999999999983,-3252.959999999999,2025-07-16T16:00:00-04:00,0.0,,,2025-07-17T15:59:00-04:00,60.0,,,,,28.0,hit,125.0,hit,148.0,hit,,never_hit,,never_hit,,never_hit,,never_hit,1.0,hit,1.0,hit,1.0,hit,34.0,hit,93.0,hit,143.0,hit,,,True,True,True,False,2.8499999999999943,,,True,True,True,False,2.8499999999999943,,,True,True,True,False,2.8499999999999943,,,True,True,True,False,2.8499999999999943,,,,,,,,,,,,,,,,,,,,,,,,,,,,,,,,,,,,,,,,,,,,,,,,,,,,,,,,,,,,,,,,,2752
2025-07-15,2025-07-17,2,7.0,2025-07-15T09:31:00-04:00,6.999999999999972,NDXP  250717P23250000,NDXP  250717P23240000,validation,False,False,0,0,0,191,0,1009,available,False,2025-07-15T09:31:00-04:00,2025-07-17T16:00:00-04:00,10.0,-6152.960000000056,0.0,last_observed_quote_not_settlement,1036.0,891,9,7.999999999999972,-2252.960000000001,2025-07-15T09:32:00-04:00,0.0,7.650000000000034,-1552.9600000001244,2025-07-15T09:33:00-04:00,0.0,7.7999999999999545,-1852.9599999999652,2025-07-15T09:36:00-04:00,0.0,8.400000000000034,-3052.960000000126,2025-07-15T09:41:00-04:00,0.0,8.149999999999977,-2552.9600000000123,2025-07-15T09:46:00-04:00,0.0,8.599999999999966,-3452.9599999999896,2025-07-15T10:01:00-04:00,0.0,8.100000000000051,-2452.96000000016,2025-07-15T10:31:00-04:00,0.0,8.300000000000011,-2852.9600000000805,2025-07-15T11:31:00-04:00,0.0,9.399999999999977,-5052.960000000013,2025-07-15T16:00:00-04:00,0.0,,,2025-07-16T15:59:00-04:00,60.0,10.0,-6152.960000000056,2025-07-17T16:00:00-04:00,0.0,,,,,1524.0,hit,1524.0,hit,1524.0,hit,1593.0,hit,,never_hit,,never_hit,,never_hit,1.0,hit,1.0,hit,1.0,hit,3.0,hit,67.0,hit,231.0,hit,10.0,518,True,True,True,True,,,,True,True,True,False,4.400000000000006,,,True,True,True,False,4.400000000000006,,,True,True,True,False,4.400000000000006,1593.0,2025-07-16T12:04:00-04:00,2.599999999999966,8547.040000000014,,,,,,,,,1594.0,2025-07-16T12:05:00-04:00,9.900000000000034,-6052.9600000001265,,,,,,,,,,,,,,,,,,,,,,,,,,,,,,,,,,,,,,,,,,,,,,,,,2753
2025-07-15,2025-07-18,3,5.0,2025-07-15T09:31:00-04:00,4.949999999999989,NDXP  250718P23190000,NDXP  250718P23180000,validation,False,False,0,0,0,97,0,1507,available,False,2025-07-15T09:31:00-04:00,2025-07-18T16:00:00-04:00,9.999999999999986,-10252.960000000021,0.0,last_observed_quote_not_settlement,1036.0,1425,31,4.150000000000006,1347.0399999999665,2025-07-15T09:32:00-04:00,0.0,6.600000000000023,-3552.9600000000673,2025-07-15T09:33:00-04:00,0.0,6.800000000000011,-3952.9600000000446,2025-07-15T09:36:00-04:00,0.0,7.099999999999966,-4552.959999999954,2025-07-15T09:41:00-04:00,0.0,6.699999999999989,-3752.959999999999,2025-07-15T09:46:00-04:00,0.0,5.599999999999966,-1552.9599999999539,2025-07-15T10:01:00-04:00,0.0,6.699999999999989,-3752.959999999999,2025-07-15T10:31:00-04:00,0.0,6.899999999999977,-4152.959999999976,2025-07-15T11:31:00-04:00,0.0,8.099999999999966,-6552.9599999999555,2025-07-15T16:00:00-04:00,0.0,8.600000000000023,-7552.960000000069,2025-07-16T16:00:00-04:00,0.0,7.150000000000006,-4652.960000000034,2025-07-17T16:00:00-04:00,0.0,9.999999999999986,-10252.960000000021,2025-07-18T16:00:00-04:00,0.0,0.0,hit,0.0,hit,67.0,hit,119.0,hit,,never_hit,,never_hit,,never_hit,2.0,hit,2.0,hit,9.0,hit,45.0,hit,1460.0,hit,1610.0,hit,8.950000000000045,116,True,True,False,False,,,,True,True,True,False,2.6999999999999886,,,True,True,True,False,2.6999999999999886,,,True,True,True,False,2.6999999999999886,119.0,2025-07-15T11:30:00-04:00,2.25,5147.039999999978,,,,,,,,,120.0,2025-07-15T11:31:00-04:00,6.899999999999977,-4152.959999999976,,,,,,,,,,,,,,,,,,,,,,,,,,,,,,,,,,,,,,,,,,,,,,,,,2754
2025-07-15,2025-07-18,3,6.0,2025-07-15T09:31:00-04:00,5.949999999999989,NDXP  250718P23160000,NDXP  250718P23150000,validation,False,False,0,0,1,47,0,1557,available,False,2025-07-15T09:31:00-04:00,2025-07-18T16:00:00-04:00,10.0,-8252.960000000021,0.0,last_observed_quote_not_settlement,1037.0,1341,154,5.75,147.03999999997797,2025-07-15T09:32:00-04:00,0.0,5.949999999999989,-252.9599999999993,2025-07-15T09:33:00-04:00,0.0,6.25,-852.9600000000221,2025-07-15T09:36:00-04:00,0.0,6.699999999999989,-1752.9599999999994,2025-07-15T09:41:00-04:00,0.0,7.650000000000006,-3652.9600000000332,2025-07-15T09:46:00-04:00,0.0,3.9000000000000057,3847.0399999999668,2025-07-15T10:01:00-04:00,0.0,6.900000000000006,-2152.9600000000332,2025-07-15T10:31:00-04:00,0.0,4.700000000000017,2247.039999999944,2025-07-15T11:31:00-04:00,0.0,7.800000000000011,-3952.9600000000446,2025-07-15T16:00:00-04:00,0.0,8.300000000000011,-4952.960000000046,2025-07-16T16:00:00-04:00,0.0,5.800000000000011,47.039999999955235,2025-07-17T16:00:00-04:00,0.0,10.0,-8252.960000000021,2025-07-18T16:00:00-04:00,0.0,6.0,hit,7.0,hit,7.0,hit,7.0,hit,,never_hit,,never_hit,,never_hit,9.0,hit,9.0,hit,9.0,hit,53.0,hit,119.0,hit,119.0,hit,6.25,2,False,False,False,False,,,,True,True,True,False,3.799999999999983,,,True,True,True,False,3.799999999999983,,,True,True,True,False,3.799999999999983,7.0,2025-07-15T09:38:00-04:00,2.1500000000000057,7347.039999999966,,,,,,,,,8.0,2025-07-15T09:39:00-04:00,3.049999999999983,5547.040000000012,,,,,,,,,,,,,,,,,,,,,,,,,,,,,,,,,,,,,,,,,,,,,,,,,2755
2025-07-15,2025-07-18,3,7.0,2025-07-15T09:31:00-04:00,7.0,NDXP  250718P23240000,NDXP  250718P23230000,validation,False,False,0,0,0,121,0,1483,available,False,2025-07-15T09:31:00-04:00,2025-07-18T16:00:00-04:00,10.0,-6152.96,0.0,last_observed_quote_not_settlement,1038.0,1334,88,7.199999999999989,-652.9599999999766,2025-07-15T09:32:00-04:00,0.0,7.2000000000000455,-652.9600000000903,2025-07-15T09:33:00-04:00,0.0,7.399999999999977,-1052.9599999999539,2025-07-15T09:36:00-04:00,0.0,7.600000000000023,-1452.9600000000448,2025-07-15T09:41:00-04:00,0.0,7.300000000000011,-852.9600000000221,2025-07-15T09:46:00-04:00,0.0,7.7000000000000455,-1652.9600000000903,2025-07-15T10:01:00-04:00,0.0,7.2999999999999545,-852.9599999999084,2025-07-15T10:31:00-04:00,0.0,7.400000000000034,-1052.9600000000676,2025-07-15T11:31:00-04:00,0.0,8.5,-3252.960000000001,2025-07-15T16:00:00-04:00,0.0,9.099999999999966,-4452.959999999933,2025-07-16T16:00:00-04:00,0.0,6.650000000000006,447.03999999998933,2025-07-17T16:00:00-04:00,0.0,10.0,-6152.96,2025-07-18T16:00:00-04:00,0.0,35.0,hit,262.0,hit,262.0,hit,1477.0,hit,2958.0,hit,,never_hit,,never_hit,4.0,hit,86.0,hit,0.0,hit,86.0,hit,183.0,hit,231.0,hit,9.600000000000023,417,True,True,True,True,,10.0,814,True,True,True,True,,,,True,True,True,False,5.649999999999977,,,True,True,True,False,5.649999999999977,1477.0,2025-07-16T10:08:00-04:00,2.500000000000057,8747.039999999888,,,,,,,,,1478.0,2025-07-16T10:09:00-04:00,9.300000000000011,-4852.960000000024,2958.0,2025-07-17T10:49:00-04:00,1.3500000000000227,11047.039999999955,,,,,,,,,2959.0,2025-07-17T10:50:00-04:00,6.149999999999977,1447.0400000000461,,,,,,,,,,,,,,,,,,,,,,,,,,,,,,,,,2756
2025-07-16,2025-07-18,2,5.0,2025-07-16T09:31:00-04:00,4.900000000000006,NDXP  250718P22900000,NDXP  250718P22890000,validation,False,False,0,0,13,74,0,1100,available,False,2025-07-16T09:31:00-04:00,2025-07-18T15:48:00-04:00,0.07500000000000004,9397.040000000012,12.0,last_observed_quote_not_settlement,1036.0,261,136,4.349999999999994,847.0400000000234,2025-07-16T09:32:00-04:00,0.0,5.300000000000011,-1052.9600000000107,2025-07-16T09:33:00-04:00,0.0,5.050000000000011,-552.9600000000107,2025-07-16T09:36:00-04:00,0.0,5.449999999999989,-1352.9599999999652,2025-07-16T09:41:00-04:00,0.0,5.25,-952.959999999988,2025-07-16T09:46:00-04:00,0.0,5.949999999999989,-2352.959999999965,2025-07-16T10:01:00-04:00,0.0,6.049999999999997,-2552.9599999999823,2025-07-16T10:31:00-04:00,0.0,6.0,-2452.9599999999878,2025-07-16T11:31:00-04:00,0.0,4.300000000000011,947.0399999999893,2025-07-16T16:00:00-04:00,0.0,1.1499999999999986,7247.0400000000145,2025-07-17T16:00:00-04:00,0.0,,,2025-07-18T15:48:00-04:00,720.0,,,,,0.0,hit,0.0,hit,3.0,hit,112.0,hit,112.0,hit,112.0,hit,112.0,hit,10.0,hit,12.0,hit,28.0,hit,127.0,hit,127.0,hit,127.0,hit,7.700000000000017,84,True,False,False,False,,7.700000000000017,84,True,False,False,False,,7.700000000000017,84,True,False,False,False,,7.700000000000017,84,True,False,False,False,,112.0,2025-07-16T11:23:00-04:00,0.30000000000001137,8947.03999999999,373.0,2025-07-16T15:44:00-04:00,0.5499999999999972,8447.040000000019,1468.0,2025-07-17T09:59:00-04:00,1.8999999999999986,5747.0400000000145,113.0,2025-07-16T11:24:00-04:00,6.0,-2452.9599999999878,112.0,2025-07-16T11:23:00-04:00,0.30000000000001137,8947.03999999999,373.0,2025-07-16T15:44:00-04:00,0.5499999999999972,8447.040000000019,1468.0,2025-07-17T09:59:00-04:00,1.8999999999999986,5747.0400000000145,113.0,2025-07-16T11:24:00-04:00,6.0,-2452.9599999999878,112.0,2025-07-16T11:23:00-04:00,0.30000000000001137,8947.03999999999,1529.0,2025-07-17T11:00:00-04:00,0.7999999999999972,7947.040000000018,1548.0,2025-07-17T11:19:00-04:00,0.8000000000000007,7947.040000000011,113.0,2025-07-16T11:24:00-04:00,6.0,-2452.9599999999878,112.0,2025-07-16T11:23:00-04:00,0.30000000000001137,8947.03999999999,1619.0,2025-07-17T12:30:00-04:00,0.1999999999999993,9147.040000000014,1620.0,2025-07-17T12:31:00-04:00,0.1999999999999993,9147.040000000014,113.0,2025-07-16T11:24:00-04:00,6.0,-2452.9599999999878,2757
2025-07-16,2025-07-18,2,6.0,2025-07-16T09:31:00-04:00,5.949999999999989,NDXP  250718P23010000,NDXP  250718P23000000,validation,False,False,0,0,1,22,0,1176,available,False,2025-07-16T09:31:00-04:00,2025-07-18T15:59:00-04:00,0.125,11397.039999999979,1.0,last_observed_quote_not_settlement,1038.0,355,88,6.699999999999989,-1752.9599999999994,2025-07-16T09:32:00-04:00,0.0,6.700000000000017,-1752.9600000000562,2025-07-16T09:33:00-04:00,0.0,3.8999999999999773,3847.0400000000236,2025-07-16T09:36:00-04:00,0.0,6.600000000000023,-1552.9600000000676,2025-07-16T09:41:00-04:00,0.0,6.800000000000011,-1952.9600000000448,2025-07-16T09:46:00-04:00,0.0,7.199999999999989,-2752.959999999999,2025-07-16T10:01:00-04:00,0.0,6.800000000000011,-1952.9600000000448,2025-07-16T10:31:00-04:00,0.0,7.400000000000034,-3152.96000000009,2025-07-16T11:31:00-04:00,0.0,5.549999999999983,547.040000000012,2025-07-16T16:00:00-04:00,0.0,2.3999999999999986,6847.039999999981,2025-07-17T16:00:00-04:00,0.0,,,2025-07-18T15:59:00-04:00,60.0,,,,,5.0,hit,5.0,hit,5.0,hit,85.0,hit,89.0,hit,167.0,hit,167.0,hit,1.0,hit,3.0,hit,3.0,hit,4.0,hit,4.0,hit,71.0,hit,9.549999999999983,67,True,True,True,True,,9.549999999999983,69,True,True,True,True,,9.549999999999983,138,True,True,True,True,,9.549999999999983,138,True,True,True,True,,85.0,2025-07-16T10:56:00-04:00,2.25,7147.039999999978,90.0,2025-07-16T11:01:00-04:00,2.5500000000000114,6547.039999999955,1553.0,2025-07-17T11:24:00-04:00,2.3999999999999986,6847.039999999981,86.0,2025-07-16T10:57:00-04:00,3.3999999999999773,4847.040000000024,89.0,2025-07-16T11:00:00-04:00,1.5,8647.039999999979,1601.0,2025-07-17T12:12:00-04:00,1.6499999999999986,8347.03999999998,1602.0,2025-07-17T12:13:00-04:00,1.6499999999999986,8347.03999999998,90.0,2025-07-16T11:01:00-04:00,2.5500000000000114,6547.039999999955,167.0,2025-07-16T12:18:00-04:00,0.29999999999998295,11047.040000000014,1631.0,2025-07-17T12:42:00-04:00,0.7000000000000028,10247.039999999974,2885.0,2025-07-18T09:36:00-04:00,0.8500000000000014,9947.039999999975,168.0,2025-07-16T12:19:00-04:00,6.199999999999989,-752.9599999999994,167.0,2025-07-16T12:18:00-04:00,0.29999999999998295,11047.040000000014,3124.0,2025-07-18T13:35:00-04:00,0.2999999999999998,11047.039999999979,3193.0,2025-07-18T14:44:00-04:00,0.3500000000000001,10947.039999999977,168.0,2025-07-16T12:19:00-04:00,6.199999999999989,-752.9599999999994,2758
2025-07-16,2025-07-18,2,7.0,2025-07-16T09:31:00-04:00,6.800000000000068,NDXP  250718P23760000,NDXP  250718P23750000,validation,False,False,0,0,4,58,0,1137,available,False,2025-07-16T09:31:00-04:00,2025-07-18T16:00:00-04:00,10.0,-6552.959999999864,0.0,last_observed_quote_not_settlement,1037.0,1073,20,9.899999999999977,-6452.959999999819,2025-07-16T09:32:00-04:00,0.0,10.0,-6552.959999999864,2025-07-16T09:33:00-04:00,0.0,,,2025-07-16T09:35:00-04:00,60.0,,,2025-07-16T09:40:00-04:00,60.0,10.0,-6552.959999999864,2025-07-16T09:46:00-04:00,0.0,10.0,-6552.959999999864,2025-07-16T10:01:00-04:00,0.0,,,2025-07-16T10:29:00-04:00,120.0,,,2025-07-16T11:29:00-04:00,120.0,1.0,11347.040000000137,2025-07-16T16:00:00-04:00,0.0,10.0,-6552.959999999864,2025-07-17T16:00:00-04:00,0.0,10.0,-6552.959999999864,2025-07-18T16:00:00-04:00,0.0,,,,,4.0,hit,4.0,hit,4.0,hit,4.0,hit,72.0,hit,72.0,hit,72.0,hit,1.0,hit,1.0,hit,1.0,hit,1.0,hit,1.0,hit,1.0,hit,10.0,3,True,True,True,True,,10.0,52,True,True,True,True,,10.0,52,True,True,True,True,,10.0,52,True,True,True,True,,4.0,2025-07-16T09:35:00-04:00,2.550000000000068,8247.04,,,,,,,,,,,,,72.0,2025-07-16T10:43:00-04:00,0.25,12847.040000000137,,,,,,,,,73.0,2025-07-16T10:44:00-04:00,10.0,-6552.959999999864,72.0,2025-07-16T10:43:00-04:00,0.25,12847.040000000137,,,,,,,,,73.0,2025-07-16T10:44:00-04:00,10.0,-6552.959999999864,72.0,2025-07-16T10:43:00-04:00,0.25,12847.040000000137,,,,,,,,,73.0,2025-07-16T10:44:00-04:00,10.0,-6552.959999999864,2759
2025-07-18,2025-07-21,3,5.0,2025-07-18T09:31:00-04:00,5.0,NDXP  250721P23140000,NDXP  250721P23130000,validation,False,False,0,0,1,0,0,791,available,False,2025-07-18T09:31:00-04:00,2025-07-21T15:57:00-04:00,0.0,9747.04,3.0,last_observed_quote_not_settlement,3916.0,365,26,4.5,747.0400000000006,2025-07-18T09:32:00-04:00,0.0,4.5,747.0400000000006,2025-07-18T09:33:00-04:00,0.0,4.599999999999994,547.040000000012,2025-07-18T09:36:00-04:00,0.0,4.8999999999999915,-52.95999999998224,2025-07-18T09:41:00-04:00,0.0,4.900000000000006,-52.96000000001066,2025-07-18T09:46:00-04:00,0.0,5.000000000000014,-252.96000000002772,2025-07-18T10:01:00-04:00,0.0,6.25,-2752.959999999999,2025-07-18T10:31:00-04:00,0.0,6.300000000000011,-2852.960000000022,2025-07-18T11:31:00-04:00,0.0,7.3500000000000085,-4952.960000000016,2025-07-18T16:00:00-04:00,0.0,,,2025-07-18T16:15:00-04:00,85500.0,,,2025-07-18T16:15:00-04:00,171900.0,,,2025-07-21T15:57:00-04:00,180.0,0.0,hit,0.0,hit,4325.0,hit,4331.0,hit,4335.0,hit,4370.0,hit,4447.0,hit,33.0,hit,46.0,hit,182.0,hit,226.0,hit,286.0,hit,370.0,hit,9.5,365,True,True,True,True,,9.5,365,True,True,True,True,,9.5,365,True,True,True,True,,9.5,365,True,True,True,True,,4331.0,2025-07-21T09:42:00-04:00,2.5500000000000007,4647.039999999999,4332.0,2025-07-21T09:43:00-04:00,2.6000000000000014,4547.039999999998,4333.0,2025-07-21T09:44:00-04:00,2.6499999999999986,4447.040000000004,4332.0,2025-07-21T09:43:00-04:00,2.6000000000000014,4547.039999999998,4335.0,2025-07-21T09:46:00-04:00,1.9499999999999993,5847.040000000002,4336.0,2025-07-21T09:47:00-04:00,1.75,6247.040000000001,4337.0,2025-07-21T09:48:00-04:00,1.75,6247.040000000001,4336.0,2025-07-21T09:47:00-04:00,1.75,6247.040000000001,4370.0,2025-07-21T10:21:00-04:00,0.8000000000000007,8147.04,4371.0,2025-07-21T10:22:00-04:00,0.7499999999999982,8247.040000000005,4372.0,2025-07-21T10:23:00-04:00,0.7500000000000009,8247.039999999999,4371.0,2025-07-21T10:22:00-04:00,0.7499999999999982,8247.040000000005,4447.0,2025-07-21T11:38:00-04:00,0.40000000000000036,8947.04,4518.0,2025-07-21T12:49:00-04:00,0.40000000000000036,8947.04,4522.0,2025-07-21T12:53:00-04:00,0.2999999999999998,9147.040000000003,4448.0,2025-07-21T11:39:00-04:00,0.4500000000000002,8847.04,2760
2025-07-18,2025-07-21,3,6.0,2025-07-18T09:31:00-04:00,5.900000000000006,NDXP  250721P23220000,NDXP  250721P23210000,validation,False,False,0,0,0,0,0,794,available,False,2025-07-18T09:31:00-04:00,2025-07-21T16:00:00-04:00,9.999999999999996,-8352.959999999988,0.0,last_observed_quote_not_settlement,3916.0,419,21,5.749999999999986,47.0400000000405,2025-07-18T09:32:00-04:00,0.0,5.599999999999994,347.04000000002344,2025-07-18T09:33:00-04:00,0.0,6.299999999999983,-1052.9599999999539,2025-07-18T09:36:00-04:00,0.0,6.050000000000011,-552.9600000000107,2025-07-18T09:41:00-04:00,0.0,5.299999999999983,947.0400000000461,2025-07-18T09:46:00-04:00,0.0,7.350000000000023,-3152.9600000000332,2025-07-18T10:01:00-04:00,0.0,7.800000000000011,-4052.9600000000105,2025-07-18T10:31:00-04:00,0.0,7.9500000000000455,-4352.960000000081,2025-07-18T11:31:00-04:00,0.0,8.5,-5452.95999999999,2025-07-18T16:00:00-04:00,0.0,,,2025-07-18T16:15:00-04:00,85500.0,,,2025-07-18T16:15:00-04:00,171900.0,9.999999999999996,-8352.959999999988,2025-07-21T16:00:00-04:00,0.0,8.0,hit,8.0,hit,4338.0,hit,4350.0,hit,4350.0,hit,4390.0,hit,4390.0,hit,6.0,hit,6.0,hit,6.0,hit,22.0,hit,36.0,hit,163.0,hit,10.0,402,True,True,True,True,,10.0,402,True,True,True,True,,10.0,402,True,True,True,True,,10.0,402,True,True,True,True,,4350.0,2025-07-21T10:01:00-04:00,1.3999999999999986,8747.040000000015,4371.0,2025-07-21T10:22:00-04:00,2.650000000000002,6247.040000000008,4372.0,2025-07-21T10:23:00-04:00,2.900000000000002,5747.040000000008,4351.0,2025-07-21T10:02:00-04:00,3.6499999999999986,4247.0400000000145,4350.0,2025-07-21T10:01:00-04:00,1.3999999999999986,8747.040000000015,4531.0,2025-07-21T13:02:00-04:00,1.8499999999999996,7847.040000000013,4532.0,2025-07-21T13:03:00-04:00,1.6999999999999993,8147.040000000013,4351.0,2025-07-21T10:02:00-04:00,3.6499999999999986,4247.0400000000145,4390.0,2025-07-21T10:41:00-04:00,0.10000000000000142,11347.04000000001,,,,,,,,,4391.0,2025-07-21T10:42:00-04:00,2.6000000000000014,6347.040000000009,4390.0,2025-07-21T10:41:00-04:00,0.10000000000000142,11347.04000000001,,,,,,,,,4391.0,2025-07-21T10:42:00-04:00,2.6000000000000014,6347.040000000009,2761
2025-07-18,2025-07-21,3,7.0,2025-07-18T09:31:00-04:00,7.0,NDXP  250721P23230000,NDXP  250721P23220000,validation,False,False,0,0,0,3,0,791,available,False,2025-07-18T09:31:00-04:00,2025-07-21T16:00:00-04:00,9.650000000000006,-5552.960000000013,0.0,last_observed_quote_not_settlement,3916.0,393,48,6.300000000000011,1147.039999999978,2025-07-18T09:32:00-04:00,0.0,6.400000000000006,947.0399999999893,2025-07-18T09:33:00-04:00,0.0,6.200000000000017,1347.0399999999665,2025-07-18T09:36:00-04:00,0.0,8.050000000000011,-2352.9600000000237,2025-07-18T09:41:00-04:00,0.0,7.900000000000006,-2052.9600000000105,2025-07-18T09:46:00-04:00,0.0,7.300000000000011,-852.9600000000221,2025-07-18T10:01:00-04:00,0.0,8.449999999999989,-3152.959999999978,2025-07-18T10:31:00-04:00,0.0,7.699999999999989,-1652.9599999999766,2025-07-18T11:31:00-04:00,0.0,8.800000000000011,-3852.9600000000237,2025-07-18T16:00:00-04:00,0.0,,,2025-07-18T16:15:00-04:00,85500.0,,,2025-07-18T16:15:00-04:00,171900.0,9.650000000000006,-5552.960000000013,2025-07-21T16:00:00-04:00,0.0,7.0,hit,16.0,hit,4352.0,hit,4371.0,hit,4549.0,hit,,never_hit,,never_hit,6.0,hit,6.0,hit,0.0,hit,6.0,hit,56.0,hit,68.0,hit,10.0,378,True,True,True,True,,10.0,378,True,True,True,True,,,,True,True,True,False,5.699999999999999,,,True,True,True,False,5.699999999999999,4371.0,2025-07-21T10:22:00-04:00,2.9499999999999993,7847.040000000002,4380.0,2025-07-21T10:31:00-04:00,2.900000000000002,7947.039999999996,4381.0,2025-07-21T10:32:00-04:00,2.75,8247.04,4372.0,2025-07-21T10:23:00-04:00,3.3000000000000007,7147.039999999999,4549.0,2025-07-21T13:20:00-04:00,1.8500000000000014,10047.039999999999,4550.0,2025-07-21T13:21:00-04:00,1.9499999999999993,9847.040000000003,4551.0,2025-07-21T13:22:00-04:00,1.7499999999999982,10247.040000000005,4550.0,2025-07-21T13:21:00-04:00,1.9499999999999993,9847.040000000003,,,,,,,,,,,,,,,,,,,,,,,,,,,,,,,,,2762
2025-07-21,2025-07-23,2,5.0,2025-07-21T09:31:00-04:00,5.049999999999997,NDXP  250723P23150000,NDXP  250723P23140000,validation,False,False,0,0,0,6,0,1194,available,False,2025-07-21T09:31:00-04:00,2025-07-23T16:00:00-04:00,0.22499999999999998,9397.039999999995,0.0,last_observed_quote_not_settlement,1036.0,728,50,4.599999999999994,647.0400000000063,2025-07-21T09:32:00-04:00,0.0,4.400000000000006,1047.0399999999836,2025-07-21T09:33:00-04:00,0.0,4.0,1847.039999999995,2025-07-21T09:36:00-04:00,0.0,4.000000000000014,1847.0399999999665,2025-07-21T09:41:00-04:00,0.0,3.25,3347.039999999995,2025-07-21T09:46:00-04:00,0.0,2.8999999999999915,4047.040000000012,2025-07-21T10:01:00-04:00,0.0,2.5500000000000043,4747.039999999986,2025-07-21T10:31:00-04:00,0.0,2.700000000000003,4447.039999999989,2025-07-21T11:31:00-04:00,0.0,3.5999999999999943,2647.0400000000063,2025-07-21T16:00:00-04:00,0.0,6.450000000000003,-3052.9600000000105,2025-07-22T16:00:00-04:00,0.0,0.22499999999999998,9397.039999999995,2025-07-23T16:00:00-04:00,0.0,,,,,0.0,hit,1.0,hit,5.0,hit,26.0,hit,70.0,hit,304.0,hit,304.0,hit,84.0,hit,1459.0,hit,1462.0,hit,1475.0,hit,1485.0,hit,1485.0,hit,5.049999999999997,0,False,False,False,False,,5.049999999999997,0,False,False,False,False,,5.650000000000006,1,False,False,False,False,,5.650000000000006,1,False,False,False,False,,30.0,2025-07-21T10:01:00-04:00,2.8999999999999915,4047.040000000012,33.0,2025-07-21T10:04:00-04:00,2.8000000000000114,4247.039999999973,34.0,2025-07-21T10:05:00-04:00,2.8999999999999915,4047.040000000012,31.0,2025-07-21T10:02:00-04:00,2.950000000000003,3947.0399999999895,70.0,2025-07-21T10:41:00-04:00,1.0500000000000043,7747.039999999986,,,,,,,,,71.0,2025-07-21T10:42:00-04:00,2.6499999999999986,4547.039999999998,304.0,2025-07-21T14:35:00-04:00,0.3500000000000014,9147.039999999994,,,,,,,,,305.0,2025-07-21T14:36:00-04:00,2.5500000000000043,4747.039999999986,304.0,2025-07-21T14:35:00-04:00,0.3500000000000014,9147.039999999994,,,,,,,,,305.0,2025-07-21T14:36:00-04:00,2.5500000000000043,4747.039999999986,2763
2025-07-21,2025-07-23,2,6.0,2025-07-21T09:31:00-04:00,6.150000000000006,NDXP  250723P23230000,NDXP  250723P23220000,validation,False,False,0,0,0,169,0,1031,available,False,2025-07-21T09:31:00-04:00,2025-07-23T16:00:00-04:00,10.0,-7852.959999999988,0.0,last_observed_quote_not_settlement,1036.0,522,11,6.0,47.04000000001208,2025-07-21T09:32:00-04:00,0.0,6.149999999999977,-252.95999999994245,2025-07-21T09:33:00-04:00,0.0,5.900000000000006,247.04000000000067,2025-07-21T09:36:00-04:00,0.0,5.449999999999989,1147.0400000000348,2025-07-21T09:41:00-04:00,0.0,4.599999999999994,2847.0400000000236,2025-07-21T09:46:00-04:00,0.0,1.6999999999999886,8647.040000000035,2025-07-21T10:01:00-04:00,0.0,3.6999999999999886,4647.0400000000345,2025-07-21T10:31:00-04:00,0.0,4.0,4047.040000000012,2025-07-21T11:31:00-04:00,0.0,5.049999999999997,1947.0400000000177,2025-07-21T16:00:00-04:00,0.0,8.850000000000023,-5652.9600000000355,2025-07-22T16:00:00-04:00,0.0,10.0,-7852.959999999988,2025-07-23T16:00:00-04:00,0.0,,,,,7.0,hit,7.0,hit,7.0,hit,30.0,hit,30.0,hit,,never_hit,,never_hit,1443.0,hit,1452.0,hit,1452.0,hit,1460.0,hit,1460.0,hit,1487.0,hit,6.150000000000006,0,False,False,False,False,,6.150000000000006,0,False,False,False,False,,,,True,True,True,False,4.450000000000017,,,True,True,True,False,4.450000000000017,30.0,2025-07-21T10:01:00-04:00,1.6999999999999886,8647.040000000035,,,,,,,,,31.0,2025-07-21T10:02:00-04:00,4.25,3547.0400000000122,30.0,2025-07-21T10:01:00-04:00,1.6999999999999886,8647.040000000035,,,,,,,,,31.0,2025-07-21T10:02:00-04:00,4.25,3547.0400000000122,,,,,,,,,,,,,,,,,,,,,,,,,,,,,,,,,2764
2025-07-21,2025-07-23,2,7.0,2025-07-21T09:31:00-04:00,6.799999999999983,NDXP  250723P23260000,NDXP  250723P23250000,validation,False,False,0,0,0,147,0,1053,available,False,2025-07-21T09:31:00-04:00,2025-07-23T16:00:00-04:00,10.0,-6552.960000000034,0.0,last_observed_quote_not_settlement,1036.0,556,20,6.649999999999977,47.04000000001208,2025-07-21T09:32:00-04:00,0.0,7.699999999999989,-2052.9600000000105,2025-07-21T09:33:00-04:00,0.0,6.049999999999983,1247.0400000000006,2025-07-21T09:36:00-04:00,0.0,5.050000000000011,3247.039999999944,2025-07-21T09:41:00-04:00,0.0,5.299999999999997,2747.039999999972,2025-07-21T09:46:00-04:00,0.0,4.3500000000000085,4647.03999999995,2025-07-21T10:01:00-04:00,0.0,4.300000000000011,4747.039999999944,2025-07-21T10:31:00-04:00,0.0,4.700000000000003,3947.039999999961,2025-07-21T11:31:00-04:00,0.0,8.349999999999994,-3352.9600000000237,2025-07-21T16:00:00-04:00,0.0,9.699999999999989,-6052.960000000013,2025-07-22T16:00:00-04:00,0.0,10.0,-6552.960000000034,2025-07-23T16:00:00-04:00,0.0,,,,,7.0,hit,13.0,hit,,never_hit,,never_hit,,never_hit,,never_hit,,never_hit,2.0,hit,9.0,hit,2.0,hit,9.0,hit,1463.0,hit,1505.0,hit,,,True,True,True,False,2.7999999999999687,,,True,True,True,False,2.7999999999999687,,,True,True,True,False,2.7999999999999687,,,True,True,True,False,2.7999999999999687,,,,,,,,,,,,,,,,,,,,,,,,,,,,,,,,,,,,,,,,,,,,,,,,,,,,,,,,,,,,,,,,,2765
2025-07-21,2025-07-24,3,5.0,2025-07-21T09:31:00-04:00,4.900000000000034,NDXP  250724P23200000,NDXP  250724P23190000,validation,False,False,0,0,2,1,0,1598,available,False,2025-07-21T09:31:00-04:00,2025-07-24T15:59:00-04:00,0.04999999999999999,9447.04000000007,1.0,last_observed_quote_not_settlement,1036.0,761,106,5.299999999999983,-1052.959999999897,2025-07-21T09:32:00-04:00,0.0,5.399999999999977,-1252.9599999998857,2025-07-21T09:33:00-04:00,0.0,5.100000000000023,-652.9599999999766,2025-07-21T09:36:00-04:00,0.0,4.75,47.04000000006892,2025-07-21T09:41:00-04:00,0.0,4.349999999999994,847.0400000000802,2025-07-21T09:46:00-04:00,0.0,3.75,2047.040000000069,2025-07-21T10:01:00-04:00,0.0,3.5,2547.040000000069,2025-07-21T10:31:00-04:00,0.0,3.700000000000017,2147.040000000035,2025-07-21T11:31:00-04:00,0.0,4.449999999999989,647.0400000000916,2025-07-21T16:00:00-04:00,0.0,5.800000000000011,-2052.9599999999537,2025-07-22T16:00:00-04:00,0.0,6.449999999999989,-3352.959999999908,2025-07-23T16:00:00-04:00,0.0,,,2025-07-24T15:59:00-04:00,60.0,0.0,hit,0.0,hit,25.0,hit,70.0,hit,70.0,hit,4598.0,hit,4621.0,hit,84.0,hit,84.0,hit,1456.0,hit,1456.0,hit,1488.0,hit,1615.0,hit,5.399999999999977,7,False,False,False,False,,5.399999999999977,7,False,False,False,False,,9.949999999999996,761,True,True,True,True,,9.949999999999996,761,True,True,True,True,,70.0,2025-07-21T10:41:00-04:00,1.3499999999999943,6847.04000000008,4338.0,2025-07-24T09:49:00-04:00,2.6999999999999993,4147.04000000007,4339.0,2025-07-24T09:50:00-04:00,2.900000000000002,3747.0400000000645,71.0,2025-07-21T10:42:00-04:00,3.6000000000000085,2347.040000000052,70.0,2025-07-21T10:41:00-04:00,1.3499999999999943,6847.04000000008,4540.0,2025-07-24T13:11:00-04:00,1.6999999999999993,6147.04000000007,4541.0,2025-07-24T13:12:00-04:00,1.5499999999999998,6447.040000000069,71.0,2025-07-21T10:42:00-04:00,3.6000000000000085,2347.040000000052,4598.0,2025-07-24T14:09:00-04:00,0.8999999999999995,7747.04000000007,4599.0,2025-07-24T14:10:00-04:00,0.7999999999999998,7947.040000000069,4600.0,2025-07-24T14:11:00-04:00,0.6500000000000004,8247.04000000007,4599.0,2025-07-24T14:10:00-04:00,0.7999999999999998,7947.040000000069,4656.0,2025-07-24T15:07:00-04:00,0.42500000000000027,8697.040000000068,4661.0,2025-07-24T15:12:00-04:00,0.375,8797.04000000007,4662.0,2025-07-24T15:13:00-04:00,0.37499999999999956,8797.04000000007,4657.0,2025-07-24T15:08:00-04:00,0.5,8547.04000000007,2766
2025-07-21,2025-07-24,3,6.0,2025-07-21T09:31:00-04:00,5.950000000000017,NDXP  250724P23290000,NDXP  250724P23280000,validation,False,False,0,0,0,9,0,1591,available,False,2025-07-21T09:31:00-04:00,2025-07-24T16:00:00-04:00,7.950000000000003,-4252.959999999973,0.0,last_observed_quote_not_settlement,1036.0,1179,62,6.649999999999977,-1652.9599999999198,2025-07-21T09:32:00-04:00,0.0,6.450000000000017,-1252.9599999999994,2025-07-21T09:33:00-04:00,0.0,6.5,-1352.9599999999652,2025-07-21T09:36:00-04:00,0.0,6.350000000000023,-1052.9600000000107,2025-07-21T09:41:00-04:00,0.0,5.450000000000017,747.0400000000006,2025-07-21T09:46:00-04:00,0.0,6.199999999999989,-752.9599999999425,2025-07-21T10:01:00-04:00,0.0,4.849999999999966,1947.040000000103,2025-07-21T10:31:00-04:00,0.0,5.099999999999994,1447.0400000000461,2025-07-21T11:31:00-04:00,0.0,6.300000000000011,-952.959999999988,2025-07-21T16:00:00-04:00,0.0,8.0,-4352.959999999967,2025-07-22T16:00:00-04:00,0.0,9.149999999999977,-6652.959999999922,2025-07-23T16:00:00-04:00,0.0,7.950000000000003,-4252.959999999973,2025-07-24T16:00:00-04:00,0.0,13.0,hit,13.0,hit,172.0,hit,,never_hit,,never_hit,,never_hit,,never_hit,1.0,hit,364.0,hit,364.0,hit,1443.0,hit,1756.0,hit,2880.0,hit,,,True,True,True,False,2.5,,,True,True,True,False,2.5,,,True,True,True,False,2.5,,,True,True,True,False,2.5,,,,,,,,,,,,,,,,,,,,,,,,,,,,,,,,,,,,,,,,,,,,,,,,,,,,,,,,,,,,,,,,,2767
2025-07-21,2025-07-24,3,7.0,2025-07-21T09:31:00-04:00,6.949999999999989,NDXP  250724P23300000,NDXP  250724P23290000,validation,False,False,0,0,0,8,0,1592,available,False,2025-07-21T09:31:00-04:00,2025-07-24T15:58:00-04:00,10.0,-6252.960000000023,2.0,last_observed_quote_not_settlement,1036.0,1119,106,5.850000000000023,1947.0399999999324,2025-07-21T09:32:00-04:00,0.0,6.349999999999966,947.0400000000461,2025-07-21T09:33:00-04:00,0.0,6.25,1147.039999999978,2025-07-21T09:36:00-04:00,0.0,6.049999999999983,1547.040000000012,2025-07-21T09:41:00-04:00,0.0,5.399999999999977,2847.0400000000236,2025-07-21T09:46:00-04:00,0.0,5.5,2647.039999999978,2025-07-21T10:01:00-04:00,0.0,4.800000000000011,4047.0399999999554,2025-07-21T10:31:00-04:00,0.0,5.400000000000006,2847.0399999999668,2025-07-21T11:31:00-04:00,0.0,3.75,6147.039999999978,2025-07-21T16:00:00-04:00,0.0,8.349999999999994,-3052.9600000000123,2025-07-22T16:00:00-04:00,0.0,6.650000000000006,347.0399999999666,2025-07-23T16:00:00-04:00,0.0,,,2025-07-24T15:58:00-04:00,120.0,12.0,hit,51.0,hit,364.0,hit,,never_hit,,never_hit,,never_hit,,never_hit,172.0,hit,172.0,hit,172.0,hit,172.0,hit,1811.0,hit,1811.0,hit,,,True,True,True,False,3.25,,,True,True,True,False,3.25,,,True,True,True,False,3.25,,,True,True,True,False,3.25,,,,,,,,,,,,,,,,,,,,,,,,,,,,,,,,,,,,,,,,,,,,,,,,,,,,,,,,,,,,,,,,,2768
2025-07-22,2025-07-24,2,5.0,2025-07-22T09:31:00-04:00,4.849999999999994,NDXP  250724P23190000,NDXP  250724P23180000,validation,False,False,0,0,2,3,0,1191,available,False,2025-07-22T09:31:00-04:00,2025-07-24T15:57:00-04:00,0.025000000000000022,9397.03999999999,3.0,last_observed_quote_not_settlement,1036.0,778,32,5.099999999999994,-752.9599999999994,2025-07-22T09:32:00-04:00,0.0,5.050000000000011,-652.9600000000335,2025-07-22T09:33:00-04:00,0.0,5.25,-1052.9600000000107,2025-07-22T09:36:00-04:00,0.0,5.300000000000011,-1152.9600000000335,2025-07-22T09:41:00-04:00,0.0,6.800000000000011,-4152.960000000034,2025-07-22T09:46:00-04:00,0.0,7.099999999999994,-4752.959999999999,2025-07-22T10:01:00-04:00,0.0,6.349999999999966,-3252.9599999999423,2025-07-22T10:31:00-04:00,0.0,6.400000000000006,-3352.960000000022,2025-07-22T11:31:00-04:00,0.0,6.349999999999994,-3252.959999999999,2025-07-22T16:00:00-04:00,0.0,4.349999999999994,747.0400000000006,2025-07-23T16:00:00-04:00,0.0,,,2025-07-24T15:57:00-04:00,180.0,,,,,0.0,hit,0.0,hit,41.0,hit,41.0,hit,2909.0,hit,2909.0,hit,2909.0,hit,3.0,hit,13.0,hit,21.0,hit,21.0,hit,207.0,hit,404.0,hit,8.350000000000023,39,True,True,False,False,,9.699999999999989,774,True,True,True,True,,9.699999999999989,774,True,True,True,True,,9.699999999999989,774,True,True,True,True,,41.0,2025-07-22T10:12:00-04:00,2.3000000000000114,4847.039999999966,2898.0,2025-07-24T09:49:00-04:00,2.400000000000002,4647.039999999985,2899.0,2025-07-24T09:50:00-04:00,2.6000000000000014,4247.039999999986,42.0,2025-07-22T10:13:00-04:00,7.800000000000011,-6152.960000000034,2909.0,2025-07-24T10:00:00-04:00,0.3500000000000014,8747.039999999988,3021.0,2025-07-24T11:52:00-04:00,1.6500000000000021,6147.039999999985,3022.0,2025-07-24T11:53:00-04:00,1.6500000000000004,6147.039999999989,2910.0,2025-07-24T10:01:00-04:00,3.8000000000000043,1847.0399999999809,2909.0,2025-07-24T10:00:00-04:00,0.3500000000000014,8747.039999999988,3143.0,2025-07-24T13:54:00-04:00,0.9000000000000004,7647.039999999989,3144.0,2025-07-24T13:55:00-04:00,0.9499999999999993,7547.039999999991,2910.0,2025-07-24T10:01:00-04:00,3.8000000000000043,1847.0399999999809,2909.0,2025-07-24T10:00:00-04:00,0.3500000000000014,8747.039999999988,3181.0,2025-07-24T14:32:00-04:00,0.3999999999999999,8647.03999999999,3214.0,2025-07-24T15:05:00-04:00,0.3999999999999999,8647.03999999999,2910.0,2025-07-24T10:01:00-04:00,3.8000000000000043,1847.0399999999809,2769
2025-07-22,2025-07-24,2,6.0,2025-07-22T09:31:00-04:00,6.0,NDXP  250724P23270000,NDXP  250724P23260000,validation,False,False,0,0,0,9,0,1186,available,False,2025-07-22T09:31:00-04:00,2025-07-24T15:58:00-04:00,8.850000000000001,-5952.960000000004,2.0,last_observed_quote_not_settlement,1036.0,991,111,6.199999999999989,-652.9599999999766,2025-07-22T09:32:00-04:00,0.0,6.199999999999989,-652.9599999999766,2025-07-22T09:33:00-04:00,0.0,7.199999999999989,-2652.9599999999764,2025-07-22T09:36:00-04:00,0.0,6.5,-1252.9599999999994,2025-07-22T09:41:00-04:00,0.0,7.75,-3752.959999999999,2025-07-22T09:46:00-04:00,0.0,7.349999999999966,-2952.959999999931,2025-07-22T10:01:00-04:00,0.0,7.699999999999989,-3652.9599999999764,2025-07-22T10:31:00-04:00,0.0,7.449999999999989,-3152.9599999999764,2025-07-22T11:31:00-04:00,0.0,7.199999999999989,-2652.9599999999764,2025-07-22T16:00:00-04:00,0.0,5.849999999999966,47.04000000006892,2025-07-23T16:00:00-04:00,0.0,,,2025-07-24T15:58:00-04:00,120.0,,,,,8.0,hit,1643.0,hit,3008.0,hit,,never_hit,,never_hit,,never_hit,,never_hit,4.0,hit,4.0,hit,4.0,hit,4.0,hit,316.0,hit,1618.0,hit,,,True,True,True,False,2.25,,,True,True,True,False,2.25,,,True,True,True,False,2.25,,,True,True,True,False,2.25,,,,,,,,,,,,,,,,,,,,,,,,,,,,,,,,,,,,,,,,,,,,,,,,,,,,,,,,,,,,,,,,,2770
2025-07-22,2025-07-24,2,7.0,2025-07-22T09:31:00-04:00,7.0,NDXP  250724P23410000,NDXP  250724P23400000,validation,False,False,0,0,1,119,0,1075,available,False,2025-07-22T09:31:00-04:00,2025-07-24T16:00:00-04:00,10.0,-6152.96,0.0,last_observed_quote_not_settlement,1036.0,1006,4,8.000000000000057,-2252.9600000001146,2025-07-22T09:32:00-04:00,0.0,8.199999999999989,-2652.959999999978,2025-07-22T09:33:00-04:00,0.0,8.25,-2752.960000000001,2025-07-22T09:36:00-04:00,0.0,8.300000000000011,-2852.9600000000237,2025-07-22T09:41:00-04:00,0.0,8.649999999999977,-3552.9599999999555,2025-07-22T09:46:00-04:00,0.0,9.25,-4752.960000000001,2025-07-22T10:01:00-04:00,0.0,9.149999999999977,-4552.9599999999555,2025-07-22T10:31:00-04:00,0.0,9.0,-4252.960000000001,2025-07-22T11:31:00-04:00,0.0,9.25,-4752.960000000001,2025-07-22T16:00:00-04:00,0.0,8.949999999999989,-4152.959999999978,2025-07-23T16:00:00-04:00,0.0,10.0,-6152.96,2025-07-24T16:00:00-04:00,0.0,,,,,24.0,hit,24.0,hit,,never_hit,,never_hit,,never_hit,,never_hit,,never_hit,1.0,hit,1.0,hit,0.0,hit,1.0,hit,21.0,hit,29.0,hit,,,True,True,True,False,2.0,,,True,True,True,False,2.0,,,True,True,True,False,2.0,,,True,True,True,False,2.0,,,,,,,,,,,,,,,,,,,,,,,,,,,,,,,,,,,,,,,,,,,,,,,,,,,,,,,,,,,,,,,,,2771
2025-07-22,2025-07-25,3,5.0,2025-07-22T09:31:00-04:00,5.0,NDXP  250725P23270000,NDXP  250725P23260000,validation,False,False,0,0,1,0,0,1598,available,False,2025-07-22T09:31:00-04:00,2025-07-25T15:59:00-04:00,0.7750000000000001,8197.04,1.0,last_observed_quote_not_settlement,1036.0,1065,43,6.599999999999994,-3452.9599999999878,2025-07-22T09:32:00-04:00,0.0,7.299999999999983,-4852.9599999999655,2025-07-22T09:33:00-04:00,0.0,6.0,-2252.959999999999,2025-07-22T09:36:00-04:00,0.0,5.649999999999977,-1552.9599999999539,2025-07-22T09:41:00-04:00,0.0,5.050000000000011,-352.96000000002203,2025-07-22T09:46:00-04:00,0.0,7.849999999999966,-5952.959999999931,2025-07-22T10:01:00-04:00,0.0,7.2000000000000455,-4652.96000000009,2025-07-22T10:31:00-04:00,0.0,7.149999999999977,-4552.959999999954,2025-07-22T11:31:00-04:00,0.0,7.100000000000023,-4452.960000000045,2025-07-22T16:00:00-04:00,0.0,6.099999999999966,-2452.959999999931,2025-07-23T16:00:00-04:00,0.0,5.5,-1252.9599999999994,2025-07-24T16:00:00-04:00,0.0,,,2025-07-25T15:59:00-04:00,60.0,0.0,hit,0.0,hit,3157.0,hit,4478.0,hit,4493.0,hit,4612.0,hit,4686.0,hit,1.0,hit,1.0,hit,2.0,hit,12.0,hit,1485.0,hit,,never_hit,9.149999999999977,1065,True,True,True,True,,9.149999999999977,1065,True,True,True,True,,9.149999999999977,1065,True,True,True,True,,9.149999999999977,1065,True,True,True,True,,4478.0,2025-07-25T12:09:00-04:00,2.9499999999999993,3847.0400000000022,4481.0,2025-07-25T12:12:00-04:00,2.9000000000000004,3947.04,4482.0,2025-07-25T12:13:00-04:00,2.5999999999999996,4547.040000000002,4479.0,2025-07-25T12:10:00-04:00,2.950000000000001,3847.0399999999986,4494.0,2025-07-25T12:25:00-04:00,1.8499999999999979,6047.0400000000045,4495.0,2025-07-25T12:26:00-04:00,1.5999999999999996,6547.040000000002,4496.0,2025-07-25T12:27:00-04:00,1.6000000000000005,6547.04,4495.0,2025-07-25T12:26:00-04:00,1.5999999999999996,6547.040000000002,4620.0,2025-07-25T14:31:00-04:00,0.9249999999999998,7897.040000000001,4633.0,2025-07-25T14:44:00-04:00,0.875,7997.040000000001,4634.0,2025-07-25T14:45:00-04:00,0.7999999999999998,8147.040000000002,4621.0,2025-07-25T14:32:00-04:00,0.9500000000000002,7847.04,4687.0,2025-07-25T15:38:00-04:00,0.42500000000000004,8897.040000000003,4688.0,2025-07-25T15:39:00-04:00,0.42500000000000004,8897.040000000003,,,,,4688.0,2025-07-25T15:39:00-04:00,0.42500000000000004,8897.040000000003,2772
2025-07-22,2025-07-25,3,6.0,2025-07-22T09:31:00-04:00,6.100000000000023,NDXP  250725P23280000,NDXP  250725P23270000,validation,False,False,0,0,0,1,0,1598,available,False,2025-07-22T09:31:00-04:00,2025-07-25T16:00:00-04:00,4.45,3047.040000000046,0.0,last_observed_quote_not_settlement,1036.0,821,104,5.400000000000006,1147.0400000000348,2025-07-22T09:32:00-04:00,0.0,6.100000000000023,-252.9599999999993,2025-07-22T09:33:00-04:00,0.0,6.100000000000023,-252.9599999999993,2025-07-22T09:36:00-04:00,0.0,5.700000000000017,547.040000000012,2025-07-22T09:41:00-04:00,0.0,7.75,-3552.9599999999537,2025-07-22T09:46:00-04:00,0.0,7.7000000000000455,-3452.9600000000446,2025-07-22T10:01:00-04:00,0.0,7.349999999999966,-2752.9599999998854,2025-07-22T10:31:00-04:00,0.0,7.0,-2052.9599999999537,2025-07-22T11:31:00-04:00,0.0,6.799999999999983,-1652.9599999999198,2025-07-22T16:00:00-04:00,0.0,6.850000000000023,-1752.9599999999994,2025-07-23T16:00:00-04:00,0.0,2.799999999999997,6347.040000000052,2025-07-24T16:00:00-04:00,0.0,4.45,3047.040000000046,2025-07-25T16:00:00-04:00,0.0,1.0,hit,175.0,hit,3157.0,hit,3269.0,hit,4495.0,hit,,never_hit,,never_hit,15.0,hit,15.0,hit,15.0,hit,109.0,hit,1693.0,hit,,never_hit,9.200000000000017,799,True,True,True,True,,9.200000000000017,820,True,True,True,True,,,,True,True,True,False,5.025000000000023,,,True,True,True,False,5.025000000000023,3269.0,2025-07-24T16:00:00-04:00,2.799999999999997,6347.040000000052,4484.0,2025-07-25T12:15:00-04:00,2.8500000000000014,6247.040000000044,4485.0,2025-07-25T12:16:00-04:00,2.6499999999999986,6647.040000000049,3270.0,2025-07-24T16:01:00-04:00,5.949999999999989,47.04000000006892,4495.0,2025-07-25T12:26:00-04:00,1.9000000000000021,8147.040000000042,4496.0,2025-07-25T12:27:00-04:00,1.8499999999999996,8247.040000000048,4497.0,2025-07-25T12:28:00-04:00,1.9000000000000004,8147.040000000045,4496.0,2025-07-25T12:27:00-04:00,1.8499999999999996,8247.040000000048,,,,,,,,,,,,,,,,,,,,,,,,,,,,,,,,,2773
2025-07-22,2025-07-25,3,7.0,2025-07-22T09:31:00-04:00,7.0,NDXP  250725P23380000,NDXP  250725P23370000,validation,False,False,0,0,0,33,0,1567,available,False,2025-07-22T09:31:00-04:00,2025-07-25T16:00:00-04:00,10.0,-6152.96,0.0,last_observed_quote_not_settlement,1036.0,1513,36,7.400000000000091,-1052.9600000001813,2025-07-22T09:32:00-04:00,0.0,7.399999999999977,-1052.9599999999539,2025-07-22T09:33:00-04:00,0.0,8.649999999999977,-3552.9599999999555,2025-07-22T09:36:00-04:00,0.0,7.649999999999977,-1552.9599999999539,2025-07-22T09:41:00-04:00,0.0,7.899999999999977,-2052.9599999999537,2025-07-22T09:46:00-04:00,0.0,6.550000000000068,647.0399999998642,2025-07-22T10:01:00-04:00,0.0,8.199999999999989,-2652.959999999978,2025-07-22T10:31:00-04:00,0.0,8.600000000000023,-3452.9600000000464,2025-07-22T11:31:00-04:00,0.0,8.400000000000034,-3052.960000000069,2025-07-22T16:00:00-04:00,0.0,5.699999999999989,2347.0400000000236,2025-07-23T16:00:00-04:00,0.0,8.700000000000017,-3652.960000000035,2025-07-24T16:00:00-04:00,0.0,10.0,-6152.96,2025-07-25T16:00:00-04:00,0.0,3128.0,hit,,never_hit,,never_hit,,never_hit,,never_hit,,never_hit,,never_hit,3.0,hit,5.0,hit,0.0,hit,5.0,hit,178.0,hit,1499.0,hit,,,True,True,True,False,1.950000000000017,,,True,True,True,False,1.950000000000017,,,True,True,True,False,1.950000000000017,,,True,True,True,False,1.950000000000017,,,,,,,,,,,,,,,,,,,,,,,,,,,,,,,,,,,,,,,,,,,,,,,,,,,,,,,,,,,,,,,,,2774
2025-07-23,2025-07-25,2,5.0,2025-07-23T09:31:00-04:00,4.949999999999989,NDXP  250725P23120000,NDXP  250725P23110000,validation,False,False,0,0,24,14,0,1156,available,False,2025-07-23T09:31:00-04:00,2025-07-25T15:44:00-04:00,0.025000000000000022,9597.039999999979,16.0,last_observed_quote_not_settlement,1036.0,192,41,5.099999999999994,-552.9600000000107,2025-07-23T09:32:00-04:00,0.0,5.150000000000006,-652.9600000000335,2025-07-23T09:33:00-04:00,0.0,4.699999999999989,247.04000000000067,2025-07-23T09:36:00-04:00,0.0,5.299999999999983,-952.959999999988,2025-07-23T09:41:00-04:00,0.0,6.900000000000006,-4152.960000000034,2025-07-23T09:46:00-04:00,0.0,5.099999999999966,-552.9599999999539,2025-07-23T10:01:00-04:00,0.0,5.349999999999994,-1052.9600000000107,2025-07-23T10:31:00-04:00,0.0,5.150000000000006,-652.9600000000335,2025-07-23T11:31:00-04:00,0.0,3.299999999999983,3047.0400000000122,2025-07-23T16:00:00-04:00,0.0,1.75,6147.039999999978,2025-07-24T16:00:00-04:00,0.0,,,2025-07-25T15:44:00-04:00,960.0,,,,,0.0,hit,0.0,hit,6.0,hit,198.0,hit,1457.0,hit,1469.0,hit,2924.0,hit,14.0,hit,15.0,hit,34.0,hit,35.0,hit,,never_hit,,never_hit,8.999999999999972,167,True,True,False,False,,8.999999999999972,192,True,True,False,False,,8.999999999999972,192,True,True,False,False,,8.999999999999972,192,True,True,False,False,,198.0,2025-07-23T12:49:00-04:00,2.3000000000000114,5047.039999999955,398.0,2025-07-23T16:09:00-04:00,2.8499999999999943,3947.0399999999895,403.0,2025-07-23T16:14:00-04:00,2.549999999999997,4547.039999999984,199.0,2025-07-23T12:50:00-04:00,5.0,-352.96000000002203,1469.0,2025-07-24T10:00:00-04:00,0.9999999999999929,7647.039999999992,1544.0,2025-07-24T11:15:00-04:00,1.9499999999999957,5747.039999999986,1545.0,2025-07-24T11:16:00-04:00,1.9499999999999993,5747.039999999979,1470.0,2025-07-24T10:01:00-04:00,2.6499999999999986,4347.039999999981,1717.0,2025-07-24T14:08:00-04:00,0.8500000000000014,7947.039999999975,2902.0,2025-07-25T09:53:00-04:00,0.75,8147.039999999978,2903.0,2025-07-25T09:54:00-04:00,0.7000000000000002,8247.039999999979,1718.0,2025-07-24T14:09:00-04:00,1.5999999999999943,6447.039999999989,2945.0,2025-07-25T10:36:00-04:00,0.40000000000000036,8847.039999999979,2946.0,2025-07-25T10:37:00-04:00,0.44999999999999973,8747.039999999979,2947.0,2025-07-25T10:38:00-04:00,0.39999999999999947,8847.039999999979,2946.0,2025-07-25T10:37:00-04:00,0.44999999999999973,8747.039999999979,2775
2025-07-23,2025-07-25,2,6.0,2025-07-23T09:31:00-04:00,5.949999999999989,NDXP  250725P23190000,NDXP  250725P23180000,validation,False,False,0,0,15,2,0,1177,available,False,2025-07-23T09:31:00-04:00,2025-07-25T15:54:00-04:00,0.0,11647.039999999979,6.0,last_observed_quote_not_settlement,1036.0,203,69,6.699999999999989,-1752.9599999999994,2025-07-23T09:32:00-04:00,0.0,6.150000000000006,-652.9600000000335,2025-07-23T09:33:00-04:00,0.0,5.5,647.0399999999779,2025-07-23T09:36:00-04:00,0.0,6.199999999999989,-752.9599999999994,2025-07-23T09:41:00-04:00,0.0,6.850000000000023,-2052.9600000000673,2025-07-23T09:46:00-04:00,0.0,7.150000000000006,-2652.9600000000332,2025-07-23T10:01:00-04:00,0.0,6.099999999999994,-552.9600000000107,2025-07-23T10:31:00-04:00,0.0,7.849999999999994,-4052.9600000000105,2025-07-23T11:31:00-04:00,0.0,4.449999999999989,2747.040000000001,2025-07-23T16:00:00-04:00,0.0,5.25,1147.039999999978,2025-07-24T16:00:00-04:00,0.0,,,2025-07-25T15:54:00-04:00,360.0,,,,,4.0,hit,4.0,hit,4.0,hit,1482.0,hit,1488.0,hit,2989.0,hit,3040.0,hit,1.0,hit,30.0,hit,30.0,hit,41.0,hit,66.0,hit,127.0,hit,9.549999999999983,202,True,True,True,True,,9.549999999999983,203,True,True,True,True,,9.549999999999983,203,True,True,True,True,,9.549999999999983,203,True,True,True,True,,1482.0,2025-07-24T10:13:00-04:00,2.9000000000000057,5847.039999999966,1582.0,2025-07-24T11:53:00-04:00,2.75,6147.039999999978,1583.0,2025-07-24T11:54:00-04:00,2.8999999999999986,5847.039999999981,1483.0,2025-07-24T10:14:00-04:00,7.0,-2352.960000000022,1488.0,2025-07-24T10:19:00-04:00,1.0999999999999943,9447.03999999999,2906.0,2025-07-25T09:57:00-04:00,1.8000000000000007,8047.039999999976,2912.0,2025-07-25T10:03:00-04:00,1.6999999999999993,8247.03999999998,1489.0,2025-07-24T10:20:00-04:00,4.400000000000006,2847.0399999999668,2993.0,2025-07-25T11:24:00-04:00,0.9499999999999993,9747.03999999998,2999.0,2025-07-25T11:30:00-04:00,0.75,10147.039999999979,3000.0,2025-07-25T11:31:00-04:00,0.9000000000000004,9847.039999999979,2994.0,2025-07-25T11:25:00-04:00,0.9500000000000002,9747.039999999979,3042.0,2025-07-25T12:13:00-04:00,0.3500000000000001,10947.039999999977,3043.0,2025-07-25T12:14:00-04:00,0.2999999999999998,11047.039999999979,3044.0,2025-07-25T12:15:00-04:00,0.39999999999999947,10847.039999999979,3043.0,2025-07-25T12:14:00-04:00,0.2999999999999998,11047.039999999979,2776
2025-07-23,2025-07-25,2,7.0,2025-07-23T09:31:00-04:00,6.75,NDXP  250725P23230000,NDXP  250725P23220000,validation,False,False,0,0,10,2,0,1177,available,False,2025-07-23T09:31:00-04:00,2025-07-25T15:56:00-04:00,0.05000000000000002,13147.040000000003,4.0,last_observed_quote_not_settlement,1036.0,162,101,6.849999999999966,-452.9599999999311,2025-07-23T09:32:00-04:00,0.0,7.200000000000017,-1152.9600000000335,2025-07-23T09:33:00-04:00,0.0,6.000000000000028,1247.0399999999438,2025-07-23T09:36:00-04:00,0.0,7.050000000000011,-852.9600000000221,2025-07-23T09:41:00-04:00,0.0,7.800000000000011,-2352.960000000022,2025-07-23T09:46:00-04:00,0.0,7.650000000000034,-2052.9600000000673,2025-07-23T10:01:00-04:00,0.0,6.599999999999994,47.04000000001208,2025-07-23T10:31:00-04:00,0.0,8.099999999999966,-2952.9599999999327,2025-07-23T11:31:00-04:00,0.0,8.5,-3752.960000000001,2025-07-23T16:00:00-04:00,0.0,4.849999999999994,3547.0400000000122,2025-07-24T16:00:00-04:00,0.0,,,2025-07-25T15:56:00-04:00,240.0,,,,,114.0,hit,130.0,hit,403.0,hit,2887.0,hit,2887.0,hit,2887.0,hit,3060.0,hit,3.0,hit,3.0,hit,2.0,hit,34.0,hit,203.0,hit,,never_hit,9.049999999999983,162,True,True,True,True,,9.049999999999983,162,True,True,True,True,,9.049999999999983,162,True,True,True,True,,9.049999999999983,162,True,True,True,True,,2887.0,2025-07-25T09:38:00-04:00,0.7999999999999972,11647.040000000008,2921.0,2025-07-25T10:12:00-04:00,2.75,7747.040000000001,2922.0,2025-07-25T10:13:00-04:00,2.6000000000000014,8047.039999999998,2888.0,2025-07-25T09:39:00-04:00,5.950000000000003,1347.039999999995,2887.0,2025-07-25T09:38:00-04:00,0.7999999999999972,11647.040000000008,2999.0,2025-07-25T11:30:00-04:00,1.6999999999999993,9847.040000000003,3000.0,2025-07-25T11:31:00-04:00,1.7500000000000018,9747.039999999997,2888.0,2025-07-25T09:39:00-04:00,5.950000000000003,1347.039999999995,2887.0,2025-07-25T09:38:00-04:00,0.7999999999999972,11647.040000000008,3044.0,2025-07-25T12:15:00-04:00,0.8999999999999995,11447.040000000003,3045.0,2025-07-25T12:16:00-04:00,0.8499999999999996,11547.040000000003,2888.0,2025-07-25T09:39:00-04:00,5.950000000000003,1347.039999999995,3060.0,2025-07-25T12:31:00-04:00,0.40000000000000036,12447.04,3123.0,2025-07-25T13:34:00-04:00,0.4249999999999998,12397.040000000003,3124.0,2025-07-25T13:35:00-04:00,0.42500000000000027,12397.04,3061.0,2025-07-25T12:32:00-04:00,0.49999999999999956,12247.04,2777
2025-07-25,2025-07-28,3,5.0,2025-07-25T09:31:00-04:00,4.8999999999999915,NDXP  250728P23230000,NDXP  250728P23220000,validation,False,False,0,0,2,10,0,773,available,False,2025-07-25T09:31:00-04:00,2025-07-28T15:47:00-04:00,0.0,9547.039999999985,13.0,last_observed_quote_not_settlement,3916.0,3,6,4.650000000000006,247.03999999997225,2025-07-25T09:32:00-04:00,0.0,4.700000000000003,147.03999999997797,2025-07-25T09:33:00-04:00,0.0,4.099999999999994,1347.039999999995,2025-07-25T09:36:00-04:00,0.0,4.949999999999989,-352.9599999999936,2025-07-25T09:41:00-04:00,0.0,4.450000000000003,647.0399999999779,2025-07-25T09:46:00-04:00,0.0,3.750000000000007,2047.0399999999695,2025-07-25T10:01:00-04:00,0.0,3.549999999999997,2447.0399999999895,2025-07-25T10:31:00-04:00,0.0,3.1499999999999986,3247.0399999999863,2025-07-25T11:31:00-04:00,0.0,2.9000000000000057,3747.039999999972,2025-07-25T16:00:00-04:00,0.0,,,2025-07-25T16:15:00-04:00,85500.0,,,2025-07-25T16:15:00-04:00,171900.0,,,2025-07-28T15:47:00-04:00,780.0,0.0,hit,0.0,hit,22.0,hit,89.0,hit,385.0,hit,4326.0,hit,4350.0,hit,8.0,hit,,never_hit,,never_hit,,never_hit,,never_hit,,never_hit,5.5,3,False,False,False,False,,5.5,3,False,False,False,False,,5.5,3,False,False,False,False,,5.5,3,False,False,False,False,,89.0,2025-07-25T11:00:00-04:00,2.700000000000003,4147.039999999978,160.0,2025-07-25T12:11:00-04:00,2.9000000000000057,3747.039999999972,161.0,2025-07-25T12:12:00-04:00,2.8999999999999986,3747.0399999999863,90.0,2025-07-25T11:01:00-04:00,3.799999999999997,1947.0399999999893,385.0,2025-07-25T15:56:00-04:00,1.5,6547.039999999984,4321.0,2025-07-28T09:32:00-04:00,1.3999999999999986,6747.039999999986,4322.0,2025-07-28T09:33:00-04:00,1.5999999999999996,6347.0399999999845,386.0,2025-07-25T15:57:00-04:00,3.0,3547.0399999999836,4333.0,2025-07-28T09:44:00-04:00,0.9499999999999993,7647.039999999985,4334.0,2025-07-28T09:45:00-04:00,0.9000000000000004,7747.039999999983,4335.0,2025-07-28T09:46:00-04:00,0.6500000000000004,8247.039999999985,4334.0,2025-07-28T09:45:00-04:00,0.9000000000000004,7747.039999999983,4359.0,2025-07-28T10:10:00-04:00,0.40000000000000036,8747.039999999985,4366.0,2025-07-28T10:17:00-04:00,0.40000000000000036,8747.039999999985,4367.0,2025-07-28T10:18:00-04:00,0.40000000000000036,8747.039999999985,4360.0,2025-07-28T10:11:00-04:00,0.5,8547.039999999985,2778
2025-07-25,2025-07-28,3,6.0,2025-07-25T09:31:00-04:00,5.949999999999989,NDXP  250728P23290000,NDXP  250728P23280000,validation,False,False,0,0,2,2,0,786,available,False,2025-07-25T09:31:00-04:00,2025-07-28T15:52:00-04:00,0.04999999999999999,11547.039999999979,8.0,last_observed_quote_not_settlement,3916.0,12,7,6.299999999999997,-952.9600000000164,2025-07-25T09:32:00-04:00,0.0,6.199999999999989,-752.9599999999994,2025-07-25T09:33:00-04:00,0.0,5.449999999999989,747.0400000000006,2025-07-25T09:36:00-04:00,0.0,6.450000000000003,-1252.9600000000278,2025-07-25T09:41:00-04:00,0.0,5.849999999999994,-52.96000000001066,2025-07-25T09:46:00-04:00,0.0,4.900000000000006,1847.0399999999665,2025-07-25T10:01:00-04:00,0.0,4.949999999999989,1747.0400000000006,2025-07-25T10:31:00-04:00,0.0,4.700000000000003,2247.039999999972,2025-07-25T11:31:00-04:00,0.0,4.700000000000003,2247.039999999972,2025-07-25T16:00:00-04:00,0.0,,,2025-07-25T16:15:00-04:00,85500.0,,,2025-07-25T16:15:00-04:00,171900.0,,,2025-07-28T15:52:00-04:00,480.0,5.0,hit,25.0,hit,163.0,hit,385.0,hit,4335.0,hit,4407.0,hit,4688.0,hit,9.0,hit,36.0,hit,36.0,hit,,never_hit,,never_hit,,never_hit,7.3999999999999915,12,True,False,False,False,,7.3999999999999915,12,True,False,False,False,,7.3999999999999915,12,True,False,False,False,,7.3999999999999915,12,True,False,False,False,,385.0,2025-07-25T15:56:00-04:00,2.000000000000007,7647.039999999964,4321.0,2025-07-28T09:32:00-04:00,2.75,6147.039999999978,4322.0,2025-07-28T09:33:00-04:00,2.8000000000000007,6047.039999999976,386.0,2025-07-25T15:57:00-04:00,4.700000000000003,2247.039999999972,4335.0,2025-07-28T09:46:00-04:00,1.5999999999999996,8447.039999999979,4336.0,2025-07-28T09:47:00-04:00,1.700000000000001,8247.039999999977,4337.0,2025-07-28T09:48:00-04:00,1.799999999999999,8047.03999999998,4336.0,2025-07-28T09:47:00-04:00,1.700000000000001,8247.039999999977,4490.0,2025-07-28T12:21:00-04:00,0.8499999999999996,9947.039999999979,4671.0,2025-07-28T15:22:00-04:00,0.725,10197.039999999977,4672.0,2025-07-28T15:23:00-04:00,0.8499999999999999,9947.039999999979,4491.0,2025-07-28T12:22:00-04:00,1.0,9647.039999999979,4688.0,2025-07-28T15:39:00-04:00,0.44999999999999996,10747.039999999979,4691.0,2025-07-28T15:42:00-04:00,0.22499999999999998,11197.039999999977,4692.0,2025-07-28T15:43:00-04:00,0.42500000000000004,10797.039999999979,4689.0,2025-07-28T15:40:00-04:00,0.5000000000000002,10647.039999999979,2779
2025-07-25,2025-07-28,3,7.0,2025-07-25T09:31:00-04:00,6.949999999999989,NDXP  250728P23320000,NDXP  250728P23310000,validation,False,False,0,0,1,0,0,793,available,False,2025-07-25T09:31:00-04:00,2025-07-28T15:58:00-04:00,0.024999999999999994,13597.039999999979,2.0,last_observed_quote_not_settlement,3916.0,6,4,6.199999999999989,1247.0400000000006,2025-07-25T09:32:00-04:00,0.0,6.100000000000023,1447.0399999999324,2025-07-25T09:33:00-04:00,0.0,6.349999999999994,947.0399999999893,2025-07-25T09:36:00-04:00,0.0,9.099999999999994,-4552.960000000013,2025-07-25T09:41:00-04:00,0.0,6.450000000000003,747.0399999999722,2025-07-25T09:46:00-04:00,0.0,5.799999999999997,2047.0399999999836,2025-07-25T10:01:00-04:00,0.0,5.750000000000014,2147.0399999999495,2025-07-25T10:31:00-04:00,0.0,5.400000000000006,2847.0399999999668,2025-07-25T11:31:00-04:00,0.0,5.799999999999997,2047.0399999999836,2025-07-25T16:00:00-04:00,0.0,,,2025-07-25T16:15:00-04:00,85500.0,,,2025-07-25T16:15:00-04:00,171900.0,,,2025-07-28T15:58:00-04:00,120.0,6.0,hit,159.0,hit,181.0,hit,361.0,hit,361.0,hit,361.0,hit,361.0,hit,8.0,hit,8.0,hit,8.0,hit,8.0,hit,10.0,hit,,never_hit,9.099999999999994,6,True,True,True,True,,9.099999999999994,6,True,True,True,True,,9.099999999999994,6,True,True,True,True,,9.099999999999994,6,True,True,True,True,,361.0,2025-07-25T15:32:00-04:00,0.45000000000000284,12747.039999999974,4336.0,2025-07-28T09:47:00-04:00,2.8000000000000007,8047.039999999976,4337.0,2025-07-28T09:48:00-04:00,2.6999999999999993,8247.03999999998,362.0,2025-07-25T15:33:00-04:00,5.0,3647.039999999978,361.0,2025-07-25T15:32:00-04:00,0.45000000000000284,12747.039999999974,4359.0,2025-07-28T10:10:00-04:00,1.8499999999999979,9947.039999999983,4704.0,2025-07-28T15:55:00-04:00,0.22499999999999998,13197.039999999977,362.0,2025-07-25T15:33:00-04:00,5.0,3647.039999999978,361.0,2025-07-25T15:32:00-04:00,0.45000000000000284,12747.039999999974,4703.0,2025-07-28T15:54:00-04:00,0.125,13397.039999999979,4704.0,2025-07-28T15:55:00-04:00,0.22499999999999998,13197.039999999977,362.0,2025-07-25T15:33:00-04:00,5.0,3647.039999999978,4703.0,2025-07-28T15:54:00-04:00,0.125,13397.039999999979,4704.0,2025-07-28T15:55:00-04:00,0.22499999999999998,13197.039999999977,4705.0,2025-07-28T15:56:00-04:00,0.07500000000000001,13497.039999999979,4704.0,2025-07-28T15:55:00-04:00,0.22499999999999998,13197.039999999977,2780
2025-07-28,2025-07-30,2,5.0,2025-07-28T09:31:00-04:00,4.900000000000006,NDXP  250730P23380000,NDXP  250730P23370000,validation,False,False,0,0,1,7,0,1154,available,False,2025-07-28T09:31:00-04:00,2025-07-30T16:00:00-04:00,9.649999999999999,-9752.959999999986,0.0,last_observed_quote_not_settlement,1036.0,607,110,5.099999999999994,-652.9599999999766,2025-07-28T09:32:00-04:00,0.0,5.150000000000006,-752.9599999999994,2025-07-28T09:33:00-04:00,0.0,4.550000000000011,447.03999999998933,2025-07-28T09:36:00-04:00,0.0,5.1499999999999915,-752.9599999999709,2025-07-28T09:41:00-04:00,0.0,4.400000000000006,747.0400000000006,2025-07-28T09:46:00-04:00,0.0,4.300000000000011,947.0399999999893,2025-07-28T10:01:00-04:00,0.0,2.4499999999999886,4647.0400000000345,2025-07-28T10:31:00-04:00,0.0,5.099999999999994,-652.9599999999766,2025-07-28T11:31:00-04:00,0.0,4.599999999999994,347.04000000002344,2025-07-28T16:00:00-04:00,0.0,6.25,-2952.9599999999878,2025-07-29T16:00:00-04:00,0.0,9.649999999999999,-9752.959999999986,2025-07-30T16:00:00-04:00,0.0,,,,,0.0,hit,0.0,hit,60.0,hit,60.0,hit,1618.0,hit,3140.0,hit,3161.0,hit,53.0,hit,53.0,hit,308.0,hit,3003.0,hit,3216.0,hit,3231.0,hit,6.150000000000006,10,False,False,False,False,,7.399999999999977,310,True,False,False,False,,8.0,549,True,True,False,False,,8.0,549,True,True,False,False,,60.0,2025-07-28T10:31:00-04:00,2.4499999999999886,4647.0400000000345,1441.0,2025-07-29T09:32:00-04:00,2.799999999999997,3947.0400000000177,1442.0,2025-07-29T09:33:00-04:00,2.700000000000003,4147.040000000006,61.0,2025-07-28T10:32:00-04:00,4.700000000000017,147.03999999997797,1618.0,2025-07-29T12:29:00-04:00,1.75,6047.040000000012,,,,,,,,,1619.0,2025-07-29T12:30:00-04:00,5.299999999999997,-1052.9599999999823,3161.0,2025-07-30T14:12:00-04:00,0.45000000000000284,8647.040000000008,,,,,,,,,3162.0,2025-07-30T14:13:00-04:00,3.299999999999997,2947.0400000000177,,,,,,,,,,,,,,,,,2781
2025-07-28,2025-07-30,2,6.0,2025-07-28T09:31:00-04:00,6.099999999999994,NDXP  250730P23460000,NDXP  250730P23450000,validation,False,False,0,0,1,11,0,1149,available,False,2025-07-28T09:31:00-04:00,2025-07-30T16:00:00-04:00,10.0,-7952.960000000011,0.0,last_observed_quote_not_settlement,1036.0,806,232,5.649999999999977,647.0400000000348,2025-07-28T09:32:00-04:00,0.0,5.800000000000011,347.0399999999666,2025-07-28T09:33:00-04:00,0.0,7.850000000000023,-3752.960000000056,2025-07-28T09:36:00-04:00,0.0,8.199999999999989,-4452.95999999999,2025-07-28T09:41:00-04:00,0.0,7.649999999999977,-3352.959999999965,2025-07-28T09:46:00-04:00,0.0,6.5,-1052.9600000000107,2025-07-28T10:01:00-04:00,0.0,6.25,-552.9600000000107,2025-07-28T10:31:00-04:00,0.0,8.400000000000006,-4852.960000000024,2025-07-28T11:31:00-04:00,0.0,7.700000000000017,-3452.9600000000446,2025-07-28T16:00:00-04:00,0.0,7.849999999999994,-3752.959999999999,2025-07-29T16:00:00-04:00,0.0,10.0,-7952.960000000011,2025-07-30T16:00:00-04:00,0.0,,,,,8.0,hit,24.0,hit,24.0,hit,,never_hit,,never_hit,,never_hit,,never_hit,3.0,hit,3.0,hit,3.0,hit,3.0,hit,112.0,hit,350.0,hit,,,True,True,True,False,2.7499999999999716,,,True,True,True,False,2.7499999999999716,,,True,True,True,False,2.7499999999999716,,,True,True,True,False,2.7499999999999716,,,,,,,,,,,,,,,,,,,,,,,,,,,,,,,,,,,,,,,,,,,,,,,,,,,,,,,,,,,,,,,,,2782
2025-07-28,2025-07-30,2,7.0,2025-07-28T09:31:00-04:00,6.899999999999977,NDXP  250730P23480000,NDXP  250730P23470000,validation,False,False,0,0,1,22,0,1138,available,False,2025-07-28T09:31:00-04:00,2025-07-30T16:00:00-04:00,10.0,-6352.9600000000455,0.0,last_observed_quote_not_settlement,1036.0,719,182,6.350000000000023,847.0399999999097,2025-07-28T09:32:00-04:00,0.0,6.599999999999994,347.0399999999666,2025-07-28T09:33:00-04:00,0.0,6.400000000000034,747.039999999887,2025-07-28T09:36:00-04:00,0.0,6.150000000000006,1247.0399999999438,2025-07-28T09:41:00-04:00,0.0,5.800000000000011,1947.0399999999324,2025-07-28T09:46:00-04:00,0.0,5.949999999999989,1647.039999999978,2025-07-28T10:01:00-04:00,0.0,6.300000000000011,947.0399999999324,2025-07-28T10:31:00-04:00,0.0,8.100000000000023,-2652.960000000092,2025-07-28T11:31:00-04:00,0.0,6.800000000000011,-52.9600000000675,2025-07-28T16:00:00-04:00,0.0,8.049999999999983,-2552.9600000000123,2025-07-29T16:00:00-04:00,0.0,10.0,-6352.9600000000455,2025-07-30T16:00:00-04:00,0.0,,,,,4.0,hit,4.0,hit,1445.0,hit,3052.0,hit,,never_hit,,never_hit,,never_hit,34.0,hit,34.0,hit,11.0,hit,34.0,hit,112.0,hit,1547.0,hit,10.0,547,True,True,True,True,,,,True,True,True,False,4.599999999999966,,,True,True,True,False,4.599999999999966,,,True,True,True,False,4.599999999999966,3052.0,2025-07-30T12:23:00-04:00,2.3000000000000114,8947.039999999934,,,,,,,,,3053.0,2025-07-30T12:24:00-04:00,4.750000000000014,4047.039999999927,,,,,,,,,,,,,,,,,,,,,,,,,,,,,,,,,,,,,,,,,,,,,,,,,2783
2025-07-28,2025-07-31,3,5.0,2025-07-28T09:31:00-04:00,5.0,NDXP  250731P23380000,NDXP  250731P23370000,validation,False,False,0,0,0,10,0,1583,available,False,2025-07-28T09:31:00-04:00,2025-07-31T15:59:00-04:00,9.849999999999994,-9952.959999999988,1.0,last_observed_quote_not_settlement,1037.0,458,129,4.800000000000011,147.03999999997797,2025-07-28T09:32:00-04:00,0.0,4.799999999999983,147.0400000000348,2025-07-28T09:33:00-04:00,0.0,4.800000000000011,147.03999999997797,2025-07-28T09:36:00-04:00,0.0,4.800000000000011,147.03999999997797,2025-07-28T09:41:00-04:00,0.0,4.5,747.0400000000006,2025-07-28T09:46:00-04:00,0.0,4.449999999999989,847.0400000000234,2025-07-28T10:01:00-04:00,0.0,6.700000000000017,-3652.9600000000332,2025-07-28T10:31:00-04:00,0.0,5.050000000000011,-352.96000000002203,2025-07-28T11:31:00-04:00,0.0,5.199999999999989,-652.9599999999766,2025-07-28T16:00:00-04:00,0.0,4.800000000000011,147.03999999997797,2025-07-29T16:00:00-04:00,0.0,5.3500000000000085,-952.9600000000164,2025-07-30T16:00:00-04:00,0.0,,,2025-07-31T15:59:00-04:00,60.0,0.0,hit,0.0,hit,108.0,hit,108.0,hit,108.0,hit,3148.0,hit,,never_hit,59.0,hit,59.0,hit,1619.0,hit,1619.0,hit,1619.0,hit,4588.0,hit,6.700000000000017,2,False,False,False,False,,6.700000000000017,2,False,False,False,False,,9.050000000000011,257,True,True,True,True,,,,True,True,True,False,4.299999999999999,108.0,2025-07-28T11:19:00-04:00,1.299999999999983,7147.0400000000345,3278.0,2025-07-30T16:09:00-04:00,2.4000000000000057,4947.039999999989,3279.0,2025-07-30T16:10:00-04:00,2.5,4747.040000000001,109.0,2025-07-28T11:20:00-04:00,5.100000000000023,-452.9600000000448,108.0,2025-07-28T11:19:00-04:00,1.299999999999983,7147.0400000000345,4321.0,2025-07-31T09:32:00-04:00,1.4000000000000021,6947.039999999996,4322.0,2025-07-31T09:33:00-04:00,1.3999999999999986,6947.040000000004,109.0,2025-07-28T11:20:00-04:00,5.100000000000023,-452.9600000000448,3148.0,2025-07-30T13:59:00-04:00,0.9000000000000057,7947.039999999989,4347.0,2025-07-31T09:58:00-04:00,0.8500000000000014,8047.039999999998,4348.0,2025-07-31T09:59:00-04:00,0.8499999999999996,8047.040000000002,3149.0,2025-07-30T14:00:00-04:00,4.450000000000003,847.039999999995,,,,,,,,,,,,,,,,,2784
2025-07-28,2025-07-31,3,6.0,2025-07-28T09:31:00-04:00,6.0,NDXP  250731P23470000,NDXP  250731P23460000,validation,False,False,0,0,2,17,0,1574,available,False,2025-07-28T09:31:00-04:00,2025-07-31T15:59:00-04:00,10.0,-8152.96,1.0,last_observed_quote_not_settlement,1037.0,701,268,6.25,-752.9599999999994,2025-07-28T09:32:00-04:00,0.0,5.900000000000006,-52.96000000001066,2025-07-28T09:33:00-04:00,0.0,4.75,2247.040000000001,2025-07-28T09:36:00-04:00,0.0,4.25,3247.040000000001,2025-07-28T09:41:00-04:00,0.0,5.699999999999989,347.04000000002344,2025-07-28T09:46:00-04:00,0.0,5.449999999999989,847.0400000000234,2025-07-28T10:01:00-04:00,0.0,3.6499999999999773,4447.040000000046,2025-07-28T10:31:00-04:00,0.0,5.900000000000006,-52.96000000001066,2025-07-28T11:31:00-04:00,0.0,5.900000000000006,-52.96000000001066,2025-07-28T16:00:00-04:00,0.0,7.25,-2752.959999999999,2025-07-29T16:00:00-04:00,0.0,6.049999999999983,-352.9599999999652,2025-07-30T16:00:00-04:00,0.0,,,2025-07-31T15:59:00-04:00,60.0,3.0,hit,3.0,hit,57.0,hit,66.0,hit,66.0,hit,,never_hit,,never_hit,6.0,hit,14.0,hit,14.0,hit,14.0,hit,3209.0,hit,3268.0,hit,8.949999999999989,22,True,True,False,False,,8.949999999999989,22,True,True,False,False,,,,True,True,True,False,4.100000000000023,,,True,True,True,False,4.100000000000023,66.0,2025-07-28T10:37:00-04:00,2.0,7747.040000000001,4324.0,2025-07-31T09:35:00-04:00,2.6000000000000085,6547.039999999984,4344.0,2025-07-31T09:55:00-04:00,2.5,6747.040000000001,67.0,2025-07-28T10:38:00-04:00,5.750000000000028,247.03999999994383,2967.0,2025-07-30T10:58:00-04:00,1.8999999999999773,7947.040000000046,,,,,,,,,2968.0,2025-07-30T10:59:00-04:00,6.550000000000011,-1352.960000000022,,,,,,,,,,,,,,,,,,,,,,,,,,,,,,,,,2785
2025-07-28,2025-07-31,3,7.0,2025-07-28T09:31:00-04:00,7.0,NDXP  250731P23610000,NDXP  250731P23600000,validation,False,False,0,0,0,46,0,1544,available,False,2025-07-28T09:31:00-04:00,2025-07-31T15:59:00-04:00,10.0,-6152.96,1.0,last_observed_quote_not_settlement,1037.0,1377,89,7.4500000000000455,-1152.9600000000903,2025-07-28T09:32:00-04:00,0.0,7.449999999999989,-1152.9599999999766,2025-07-28T09:33:00-04:00,0.0,7.300000000000011,-852.9600000000221,2025-07-28T09:36:00-04:00,0.0,7.949999999999932,-2152.9599999998627,2025-07-28T09:41:00-04:00,0.0,7.0,-252.9599999999993,2025-07-28T09:46:00-04:00,0.0,6.850000000000023,47.039999999955235,2025-07-28T10:01:00-04:00,0.0,7.25,-752.9599999999994,2025-07-28T10:31:00-04:00,0.0,7.399999999999977,-1052.9599999999539,2025-07-28T11:31:00-04:00,0.0,7.7000000000000455,-1652.9600000000903,2025-07-28T16:00:00-04:00,0.0,8.300000000000011,-2852.9600000000237,2025-07-29T16:00:00-04:00,0.0,8.149999999999977,-2552.9599999999555,2025-07-30T16:00:00-04:00,0.0,,,2025-07-31T15:59:00-04:00,60.0,1447.0,hit,1447.0,hit,1651.0,hit,1651.0,hit,1651.0,hit,1651.0,hit,1651.0,hit,10.0,hit,110.0,hit,0.0,hit,110.0,hit,220.0,hit,1801.0,hit,9.399999999999977,530,True,True,True,True,,9.399999999999977,530,True,True,True,True,,9.399999999999977,530,True,True,True,True,,9.399999999999977,530,True,True,True,True,,1651.0,2025-07-29T13:02:00-04:00,0.4000000000000341,12947.039999999934,,,,,,,,,1652.0,2025-07-29T13:03:00-04:00,7.7000000000000455,-1652.9600000000903,1651.0,2025-07-29T13:02:00-04:00,0.4000000000000341,12947.039999999934,,,,,,,,,1652.0,2025-07-29T13:03:00-04:00,7.7000000000000455,-1652.9600000000903,1651.0,2025-07-29T13:02:00-04:00,0.4000000000000341,12947.039999999934,,,,,,,,,1652.0,2025-07-29T13:03:00-04:00,7.7000000000000455,-1652.9600000000903,1651.0,2025-07-29T13:02:00-04:00,0.4000000000000341,12947.039999999934,,,,,,,,,1652.0,2025-07-29T13:03:00-04:00,7.7000000000000455,-1652.9600000000903,2786
2025-07-29,2025-07-31,2,5.0,2025-07-29T09:31:00-04:00,5.0,NDXP  250731P23520000,NDXP  250731P23510000,validation,False,False,0,0,0,49,0,1137,available,False,2025-07-29T09:31:00-04:00,2025-07-31T15:59:00-04:00,10.0,-10152.96,1.0,last_observed_quote_not_settlement,1037.0,1002,38,4.899999999999977,-52.959999999953816,2025-07-29T09:32:00-04:00,0.0,4.800000000000011,147.03999999997797,2025-07-29T09:33:00-04:00,0.0,4.849999999999994,47.04000000001208,2025-07-29T09:36:00-04:00,0.0,4.6000000000000085,547.0399999999836,2025-07-29T09:41:00-04:00,0.0,5.199999999999989,-652.9599999999766,2025-07-29T09:46:00-04:00,0.0,5.300000000000011,-852.9600000000221,2025-07-29T10:01:00-04:00,0.0,5.600000000000023,-1452.9600000000448,2025-07-29T10:31:00-04:00,0.0,6.749999999999972,-3752.9599999999423,2025-07-29T11:31:00-04:00,0.0,7.299999999999983,-4852.9599999999655,2025-07-29T16:00:00-04:00,0.0,7.900000000000006,-6052.960000000011,2025-07-30T16:00:00-04:00,0.0,,,2025-07-31T15:59:00-04:00,60.0,,,,,0.0,hit,0.0,hit,38.0,hit,2882.0,hit,,never_hit,,never_hit,,never_hit,19.0,hit,26.0,hit,48.0,hit,79.0,hit,210.0,hit,1506.0,hit,9.649999999999977,749,True,True,True,True,,,,True,True,True,False,2.450000000000003,,,True,True,True,False,2.450000000000003,,,True,True,True,False,2.450000000000003,2882.0,2025-07-31T09:33:00-04:00,2.6500000000000057,4447.039999999989,,,,,,,,,2883.0,2025-07-31T09:34:00-04:00,3.700000000000003,2347.039999999995,,,,,,,,,,,,,,,,,,,,,,,,,,,,,,,,,,,,,,,,,,,,,,,,,2787
2025-07-29,2025-07-31,2,6.0,2025-07-29T09:31:00-04:00,6.0,NDXP  250731P23630000,NDXP  250731P23620000,validation,False,False,0,0,0,51,0,1134,available,False,2025-07-29T09:31:00-04:00,2025-07-31T15:59:00-04:00,10.0,-8152.96,1.0,last_observed_quote_not_settlement,1037.0,1083,6,6.5,-1252.9599999999994,2025-07-29T09:32:00-04:00,0.0,6.25,-752.9599999999994,2025-07-29T09:33:00-04:00,0.0,6.400000000000006,-1052.9600000000107,2025-07-29T09:36:00-04:00,0.0,6.099999999999994,-452.95999999998793,2025-07-29T09:41:00-04:00,0.0,6.650000000000006,-1552.9600000000107,2025-07-29T09:46:00-04:00,0.0,6.649999999999977,-1552.9599999999539,2025-07-29T10:01:00-04:00,0.0,7.400000000000034,-3052.9600000000673,2025-07-29T10:31:00-04:00,0.0,7.850000000000023,-3952.9600000000446,2025-07-29T11:31:00-04:00,0.0,8.550000000000011,-5352.960000000024,2025-07-29T16:00:00-04:00,0.0,,,2025-07-30T15:59:00-04:00,60.0,,,2025-07-31T15:59:00-04:00,60.0,,,,,2912.0,hit,2912.0,hit,,never_hit,,never_hit,,never_hit,,never_hit,,never_hit,1.0,hit,18.0,hit,18.0,hit,27.0,hit,81.0,hit,81.0,hit,,,True,True,True,False,1.5999999999999943,,,True,True,True,False,1.5999999999999943,,,True,True,True,False,1.5999999999999943,,,True,True,True,False,1.5999999999999943,,,,,,,,,,,,,,,,,,,,,,,,,,,,,,,,,,,,,,,,,,,,,,,,,,,,,,,,,,,,,,,,,2788
2025-07-29,2025-07-31,2,7.0,2025-07-29T09:31:00-04:00,7.049999999999983,NDXP  250731P23680000,NDXP  250731P23670000,validation,False,False,0,0,1,113,0,1071,available,False,2025-07-29T09:31:00-04:00,2025-07-31T15:59:00-04:00,10.0,-6052.960000000034,1.0,last_observed_quote_not_settlement,1037.0,977,11,7.150000000000034,-452.9600000001016,2025-07-29T09:32:00-04:00,0.0,7.099999999999994,-352.96000000002203,2025-07-29T09:33:00-04:00,0.0,7.050000000000011,-252.96000000005614,2025-07-29T09:36:00-04:00,0.0,6.800000000000011,247.03999999994383,2025-07-29T09:41:00-04:00,0.0,7.150000000000006,-452.9600000000448,2025-07-29T09:46:00-04:00,0.0,7.599999999999966,-1352.9599999999652,2025-07-29T10:01:00-04:00,0.0,7.599999999999909,-1352.9599999998516,2025-07-29T10:31:00-04:00,0.0,8.700000000000045,-3552.960000000126,2025-07-29T11:31:00-04:00,0.0,9.0,-4152.9600000000355,2025-07-29T16:00:00-04:00,0.0,,,2025-07-30T15:59:00-04:00,60.0,,,2025-07-31T15:59:00-04:00,60.0,,,,,211.0,hit,211.0,hit,211.0,hit,211.0,hit,,never_hit,,never_hit,,never_hit,8.0,hit,37.0,hit,0.0,hit,36.0,hit,121.0,hit,392.0,hit,9.350000000000023,203,True,True,True,True,,,,True,True,True,False,4.400000000000006,,,True,True,True,False,4.400000000000006,,,True,True,True,False,4.400000000000006,211.0,2025-07-29T13:02:00-04:00,2.6499999999999773,8547.040000000014,,,,,,,,,212.0,2025-07-29T13:03:00-04:00,8.5,-3152.960000000035,,,,,,,,,,,,,,,,,,,,,,,,,,,,,,,,,,,,,,,,,,,,,,,,,2789
2025-07-29,2025-08-01,3,5.0,2025-07-29T09:31:00-04:00,5.0,NDXP  250801P23540000,NDXP  250801P23530000,validation,False,False,0,0,5,127,0,1461,available,False,2025-07-29T09:31:00-04:00,2025-08-01T16:00:00-04:00,10.0,-10152.96,0.0,last_observed_quote_not_settlement,1037.0,1219,82,5.0,-252.9599999999993,2025-07-29T09:32:00-04:00,0.0,4.999999999999972,-252.95999999994245,2025-07-29T09:33:00-04:00,0.0,4.949999999999989,-152.95999999997656,2025-07-29T09:36:00-04:00,0.0,4.799999999999983,147.0400000000348,2025-07-29T09:41:00-04:00,0.0,4.850000000000023,47.039999999955235,2025-07-29T09:46:00-04:00,0.0,5.449999999999989,-1152.9599999999766,2025-07-29T10:01:00-04:00,0.0,5.650000000000006,-1552.9600000000107,2025-07-29T10:31:00-04:00,0.0,6.550000000000011,-3352.960000000022,2025-07-29T11:31:00-04:00,0.0,6.7000000000000455,-3652.96000000009,2025-07-29T16:00:00-04:00,0.0,5.599999999999994,-1452.959999999988,2025-07-30T16:00:00-04:00,0.0,8.100000000000023,-6452.960000000046,2025-07-31T16:00:00-04:00,0.0,10.0,-10152.96,2025-08-01T16:00:00-04:00,0.0,0.0,hit,0.0,hit,58.0,hit,362.0,hit,362.0,hit,,never_hit,,never_hit,22.0,hit,34.0,hit,50.0,hit,81.0,hit,81.0,hit,81.0,hit,9.599999999999994,326,True,True,True,True,,9.599999999999994,326,True,True,True,True,,,,True,True,True,False,3.6499999999999773,,,True,True,True,False,3.6499999999999773,362.0,2025-07-29T15:33:00-04:00,1.8000000000000114,6147.039999999978,363.0,2025-07-29T15:34:00-04:00,2.1999999999999886,5347.040000000024,,,,,363.0,2025-07-29T15:34:00-04:00,2.1999999999999886,5347.040000000024,362.0,2025-07-29T15:33:00-04:00,1.8000000000000114,6147.039999999978,,,,,,,,,363.0,2025-07-29T15:34:00-04:00,2.1999999999999886,5347.040000000024,,,,,,,,,,,,,,,,,,,,,,,,,,,,,,,,,2790
2025-07-29,2025-08-01,3,6.0,2025-07-29T09:31:00-04:00,6.0,NDXP  250801P23640000,NDXP  250801P23630000,validation,False,False,0,0,2,54,0,1531,available,False,2025-07-29T09:31:00-04:00,2025-08-01T15:59:00-04:00,9.200000000000045,-6652.960000000092,1.0,last_observed_quote_not_settlement,1037.0,1414,59,6.2999999999999545,-852.9599999999084,2025-07-29T09:32:00-04:00,0.0,6.0,-252.9599999999993,2025-07-29T09:33:00-04:00,0.0,6.050000000000011,-352.96000000002203,2025-07-29T09:36:00-04:00,0.0,7.199999999999989,-2652.9599999999764,2025-07-29T09:41:00-04:00,0.0,7.800000000000011,-3852.960000000022,2025-07-29T09:46:00-04:00,0.0,6.700000000000017,-1652.9600000000335,2025-07-29T10:01:00-04:00,0.0,8.25,-4752.960000000001,2025-07-29T10:31:00-04:00,0.0,7.5,-3252.959999999999,2025-07-29T11:31:00-04:00,0.0,7.75,-3752.959999999999,2025-07-29T16:00:00-04:00,0.0,8.25,-4752.960000000001,2025-07-30T16:00:00-04:00,0.0,8.800000000000011,-5852.960000000024,2025-07-31T16:00:00-04:00,0.0,,,2025-08-01T15:59:00-04:00,60.0,34.0,hit,34.0,hit,34.0,hit,1521.0,hit,,never_hit,,never_hit,,never_hit,8.0,hit,9.0,hit,9.0,hit,13.0,hit,13.0,hit,1831.0,hit,9.050000000000011,475,True,True,True,True,,,,True,True,True,False,3.3000000000000114,,,True,True,True,False,3.3000000000000114,,,True,True,True,False,3.3000000000000114,1521.0,2025-07-30T10:52:00-04:00,2.6999999999999886,6347.040000000024,,,,,,,,,1522.0,2025-07-30T10:53:00-04:00,6.949999999999989,-2152.9599999999764,,,,,,,,,,,,,,,,,,,,,,,,,,,,,,,,,,,,,,,,,,,,,,,,,2791
2025-07-29,2025-08-01,3,7.0,2025-07-29T09:31:00-04:00,7.0499999999999545,NDXP  250801P23730000,NDXP  250801P23720000,validation,False,False,0,0,1,68,0,1523,available,False,2025-07-29T09:31:00-04:00,2025-08-01T15:59:00-04:00,10.0,-6052.960000000091,1.0,last_observed_quote_not_settlement,1036.0,1380,79,7.050000000000011,-252.96000000011298,2025-07-29T09:32:00-04:00,0.0,6.949999999999989,-52.9600000000675,2025-07-29T09:33:00-04:00,0.0,6.949999999999989,-52.9600000000675,2025-07-29T09:36:00-04:00,0.0,6.900000000000091,47.03999999972786,2025-07-29T09:41:00-04:00,0.0,6.849999999999966,147.03999999997797,2025-07-29T09:46:00-04:00,0.0,7.599999999999909,-1352.9599999999084,2025-07-29T10:01:00-04:00,0.0,7.5499999999999545,-1252.9599999999994,2025-07-29T10:31:00-04:00,0.0,8.300000000000068,-2752.9600000002283,2025-07-29T11:31:00-04:00,0.0,1.8000000000000114,10247.039999999888,2025-07-29T16:00:00-04:00,0.0,8.750000000000057,-3652.9600000002056,2025-07-30T16:00:00-04:00,0.0,9.150000000000034,-4452.96000000016,2025-07-31T16:00:00-04:00,0.0,,,2025-08-01T15:59:00-04:00,60.0,34.0,hit,34.0,hit,34.0,hit,34.0,hit,34.0,hit,,never_hit,,never_hit,25.0,hit,63.0,hit,0.0,hit,63.0,hit,104.0,hit,367.0,hit,7.699999999999989,20,True,False,False,False,,7.699999999999989,20,True,False,False,False,,,,True,True,True,False,5.599999999999966,,,True,True,True,False,5.599999999999966,34.0,2025-07-29T10:05:00-04:00,1.7000000000000455,10447.039999999819,396.0,2025-07-29T16:07:00-04:00,2.5,8847.03999999991,397.0,2025-07-29T16:08:00-04:00,2.050000000000068,9747.039999999773,35.0,2025-07-29T10:06:00-04:00,7.099999999999966,-352.96000000002203,34.0,2025-07-29T10:05:00-04:00,1.7000000000000455,10447.039999999819,,,,,,,,,35.0,2025-07-29T10:06:00-04:00,7.099999999999966,-352.96000000002203,,,,,,,,,,,,,,,,,,,,,,,,,,,,,,,,,2792
2025-07-30,2025-08-01,2,5.0,2025-07-30T09:31:00-04:00,5.0,NDXP  250801P23460000,NDXP  250801P23450000,validation,False,False,0,0,1,96,0,1093,available,False,2025-07-30T09:31:00-04:00,2025-08-01T16:00:00-04:00,8.0,-6252.960000000001,0.0,last_observed_quote_not_settlement,1037.0,610,105,5.050000000000011,-352.96000000002203,2025-07-30T09:32:00-04:00,0.0,5.0,-252.9599999999993,2025-07-30T09:33:00-04:00,0.0,5.599999999999966,-1452.9599999999311,2025-07-30T09:36:00-04:00,0.0,5.349999999999994,-952.959999999988,2025-07-30T09:41:00-04:00,0.0,5.150000000000006,-552.9600000000107,2025-07-30T09:46:00-04:00,0.0,6.900000000000006,-4052.9600000000105,2025-07-30T10:01:00-04:00,0.0,5.349999999999994,-952.959999999988,2025-07-30T10:31:00-04:00,0.0,7.950000000000017,-6152.9600000000355,2025-07-30T11:31:00-04:00,0.0,5.400000000000006,-1052.9600000000107,2025-07-30T16:00:00-04:00,0.0,8.649999999999977,-7552.9599999999555,2025-07-31T16:00:00-04:00,0.0,8.0,-6252.960000000001,2025-08-01T16:00:00-04:00,0.0,,,,,0.0,hit,0.0,hit,65.0,hit,117.0,hit,121.0,hit,,never_hit,,never_hit,5.0,hit,11.0,hit,11.0,hit,1727.0,hit,1770.0,hit,2880.0,hit,7.550000000000011,71,True,False,False,False,,7.950000000000017,72,True,False,False,False,,,,True,True,True,False,3.5500000000000114,,,True,True,True,False,3.5500000000000114,117.0,2025-07-30T11:28:00-04:00,2.25,5247.040000000001,,,,,,,,,118.0,2025-07-30T11:29:00-04:00,3.1999999999999886,3347.0400000000236,121.0,2025-07-30T11:32:00-04:00,1.4499999999999886,6847.040000000024,,,,,,,,,122.0,2025-07-30T11:33:00-04:00,6.900000000000006,-4052.9600000000105,,,,,,,,,,,,,,,,,,,,,,,,,,,,,,,,,2793
2025-07-30,2025-08-01,2,6.0,2025-07-30T09:31:00-04:00,6.050000000000011,NDXP  250801P23520000,NDXP  250801P23510000,validation,False,False,0,0,2,66,0,1121,available,False,2025-07-30T09:31:00-04:00,2025-08-01T16:00:00-04:00,10.0,-8052.959999999977,0.0,last_observed_quote_not_settlement,1037.0,631,92,6.5,-1152.9599999999766,2025-07-30T09:32:00-04:00,0.0,6.399999999999977,-952.9599999999311,2025-07-30T09:33:00-04:00,0.0,6.199999999999989,-552.9599999999539,2025-07-30T09:36:00-04:00,0.0,5.950000000000017,-52.96000000001066,2025-07-30T09:41:00-04:00,0.0,5.75,347.04000000002344,2025-07-30T09:46:00-04:00,0.0,6.300000000000011,-752.9599999999994,2025-07-30T10:01:00-04:00,0.0,4.300000000000011,3247.040000000001,2025-07-30T10:31:00-04:00,0.0,4.75,2347.0400000000236,2025-07-30T11:31:00-04:00,0.0,4.25,3347.0400000000236,2025-07-30T16:00:00-04:00,0.0,7.899999999999977,-3952.959999999931,2025-07-31T16:00:00-04:00,0.0,10.0,-8052.959999999977,2025-08-01T16:00:00-04:00,0.0,,,,,52.0,hit,52.0,hit,53.0,hit,145.0,hit,1521.0,hit,,never_hit,,never_hit,45.0,hit,54.0,hit,54.0,hit,129.0,hit,1844.0,hit,2880.0,hit,8.199999999999989,72,True,True,False,False,,8.949999999999989,175,True,True,False,False,,,,True,True,True,False,4.050000000000011,,,True,True,True,False,4.050000000000011,1469.0,2025-07-31T10:00:00-04:00,2.9000000000000057,6047.040000000012,,,,,,,,,1470.0,2025-07-31T10:01:00-04:00,4.099999999999994,3647.040000000035,,,,,,,,,,,,,,,,,,,,,,,,,,,,,,,,,,,,,,,,,,,,,,,,,2794
2025-07-30,2025-08-01,2,7.0,2025-07-30T09:31:00-04:00,7.0499999999999545,NDXP  250801P23640000,NDXP  250801P23630000,validation,False,False,0,0,2,53,0,1128,available,False,2025-07-30T09:31:00-04:00,2025-08-01T15:59:00-04:00,9.200000000000045,-4552.960000000183,1.0,last_observed_quote_not_settlement,1037.0,866,143,7.7000000000000455,-1552.9600000001813,2025-07-30T09:32:00-04:00,0.0,7.7999999999999545,-1752.9599999999994,2025-07-30T09:33:00-04:00,0.0,7.300000000000011,-752.960000000113,2025-07-30T09:36:00-04:00,0.0,7.350000000000023,-852.9600000001358,2025-07-30T09:41:00-04:00,0.0,7.199999999999932,-552.9599999999539,2025-07-30T09:46:00-04:00,0.0,7.649999999999977,-1452.9600000000448,2025-07-30T10:01:00-04:00,0.0,6.800000000000068,247.0399999997733,2025-07-30T10:31:00-04:00,0.0,5.7000000000000455,2447.039999999819,2025-07-30T11:31:00-04:00,0.0,8.25,-2652.960000000092,2025-07-30T16:00:00-04:00,0.0,8.800000000000011,-3752.9600000001146,2025-07-31T16:00:00-04:00,0.0,,,2025-08-01T15:59:00-04:00,60.0,,,,,81.0,hit,81.0,hit,81.0,hit,81.0,hit,,never_hit,,never_hit,,never_hit,1.0,hit,326.0,hit,0.0,hit,116.0,hit,366.0,hit,391.0,hit,7.9500000000000455,74,True,False,False,False,,,,True,True,True,False,4.349999999999966,,,True,True,True,False,4.349999999999966,,,True,True,True,False,4.349999999999966,81.0,2025-07-30T10:52:00-04:00,2.6999999999999886,8447.039999999934,,,,,,,,,82.0,2025-07-30T10:53:00-04:00,6.949999999999989,-52.9600000000675,,,,,,,,,,,,,,,,,,,,,,,,,,,,,,,,,,,,,,,,,,,,,,,,,2795
2025-08-01,2025-08-04,3,5.0,2025-08-01T09:31:00-04:00,4.949999999999989,NDXP  250804P22980000,NDXP  250804P22970000,validation,False,False,0,0,5,10,0,774,available,False,2025-08-01T09:31:00-04:00,2025-08-04T15:54:00-04:00,0.025000000000000022,9597.039999999979,6.0,last_observed_quote_not_settlement,3916.0,397,5,4.449999999999989,747.0400000000006,2025-08-01T09:32:00-04:00,0.0,4.799999999999983,47.04000000001208,2025-08-01T09:33:00-04:00,0.0,4.900000000000006,-152.9600000000334,2025-08-01T09:36:00-04:00,0.0,5.350000000000023,-1052.9600000000676,2025-08-01T09:41:00-04:00,0.0,6.699999999999989,-3752.959999999999,2025-08-01T09:46:00-04:00,0.0,7.100000000000023,-4552.960000000067,2025-08-01T10:01:00-04:00,0.0,5.400000000000034,-1152.9600000000903,2025-08-01T10:31:00-04:00,0.0,6.900000000000034,-4152.96000000009,2025-08-01T11:31:00-04:00,0.0,8.699999999999989,-7752.960000000001,2025-08-01T16:00:00-04:00,0.0,,,2025-08-01T16:15:00-04:00,85500.0,,,2025-08-01T16:15:00-04:00,171900.0,,,2025-08-04T15:54:00-04:00,360.0,0.0,hit,0.0,hit,4321.0,hit,4326.0,hit,4335.0,hit,4356.0,hit,4407.0,hit,3.0,hit,14.0,hit,14.0,hit,14.0,hit,17.0,hit,314.0,hit,9.899999999999977,397,True,True,True,True,,9.899999999999977,397,True,True,True,True,,9.899999999999977,397,True,True,True,True,,9.899999999999977,397,True,True,True,True,,4327.0,2025-08-04T09:38:00-04:00,2.6500000000000057,4347.039999999966,4328.0,2025-08-04T09:39:00-04:00,2.8500000000000014,3947.039999999975,4329.0,2025-08-04T09:40:00-04:00,2.8999999999999986,3847.039999999981,4328.0,2025-08-04T09:39:00-04:00,2.8500000000000014,3947.039999999975,4335.0,2025-08-04T09:46:00-04:00,1.6999999999999993,6247.039999999979,4336.0,2025-08-04T09:47:00-04:00,1.75,6147.039999999978,4337.0,2025-08-04T09:48:00-04:00,1.6500000000000021,6347.039999999974,4336.0,2025-08-04T09:47:00-04:00,1.75,6147.039999999978,4356.0,2025-08-04T10:07:00-04:00,0.9000000000000021,7847.039999999974,4368.0,2025-08-04T10:19:00-04:00,0.9000000000000021,7847.039999999974,4369.0,2025-08-04T10:20:00-04:00,0.9499999999999993,7747.039999999979,4357.0,2025-08-04T10:08:00-04:00,1.049999999999999,7547.03999999998,4407.0,2025-08-04T10:58:00-04:00,0.3000000000000007,9047.039999999977,4471.0,2025-08-04T12:02:00-04:00,0.40000000000000036,8847.039999999979,4472.0,2025-08-04T12:03:00-04:00,0.40000000000000036,8847.039999999979,4408.0,2025-08-04T10:59:00-04:00,1.1500000000000004,7347.039999999977,2796
2025-08-01,2025-08-04,3,6.0,2025-08-01T09:31:00-04:00,6.0,NDXP  250804P23050000,NDXP  250804P23040000,validation,False,False,0,0,2,2,0,785,available,False,2025-08-01T09:31:00-04:00,2025-08-04T15:53:00-04:00,0.0,11747.04,7.0,last_observed_quote_not_settlement,3916.0,382,26,5.550000000000011,647.0399999999779,2025-08-01T09:32:00-04:00,0.0,5.849999999999994,47.04000000001208,2025-08-01T09:33:00-04:00,0.0,6.5,-1252.9599999999994,2025-08-01T09:36:00-04:00,0.0,7.0,-2252.959999999999,2025-08-01T09:41:00-04:00,0.0,7.2999999999999545,-2852.959999999908,2025-08-01T09:46:00-04:00,0.0,7.899999999999977,-4052.9599999999537,2025-08-01T10:01:00-04:00,0.0,5.550000000000011,647.0399999999779,2025-08-01T10:31:00-04:00,0.0,7.800000000000011,-3852.960000000022,2025-08-01T11:31:00-04:00,0.0,8.399999999999977,-5052.9599999999555,2025-08-01T16:00:00-04:00,0.0,,,2025-08-01T16:15:00-04:00,85500.0,,,2025-08-01T16:15:00-04:00,171900.0,,,2025-08-04T15:53:00-04:00,420.0,14.0,hit,14.0,hit,4332.0,hit,4335.0,hit,4352.0,hit,4478.0,hit,4523.0,hit,5.0,hit,10.0,hit,10.0,hit,17.0,hit,17.0,hit,,never_hit,9.25,382,True,True,True,True,,9.25,382,True,True,True,True,,9.25,382,True,True,True,True,,9.25,382,True,True,True,True,,4337.0,2025-08-04T09:48:00-04:00,2.8999999999999986,5947.040000000004,4345.0,2025-08-04T09:56:00-04:00,2.650000000000002,6447.039999999996,4346.0,2025-08-04T09:57:00-04:00,2.8999999999999915,5947.040000000018,4338.0,2025-08-04T09:49:00-04:00,3.0,5747.040000000001,4352.0,2025-08-04T10:03:00-04:00,1.8000000000000007,8147.04,4356.0,2025-08-04T10:07:00-04:00,1.8999999999999986,7947.040000000004,4366.0,2025-08-04T10:17:00-04:00,1.7999999999999972,8147.040000000007,4353.0,2025-08-04T10:04:00-04:00,2.1999999999999993,7347.040000000002,4480.0,2025-08-04T12:11:00-04:00,0.9499999999999993,9847.040000000003,4492.0,2025-08-04T12:23:00-04:00,0.7999999999999989,10147.040000000005,4493.0,2025-08-04T12:24:00-04:00,0.8500000000000005,10047.04,4481.0,2025-08-04T12:12:00-04:00,1.0,9747.04,4539.0,2025-08-04T13:10:00-04:00,0.39999999999999947,10947.040000000003,4540.0,2025-08-04T13:11:00-04:00,0.39999999999999947,10947.040000000003,4541.0,2025-08-04T13:12:00-04:00,0.40000000000000036,10947.04,4540.0,2025-08-04T13:11:00-04:00,0.39999999999999947,10947.040000000003,2797
2025-08-01,2025-08-04,3,7.0,2025-08-01T09:31:00-04:00,7.0,NDXP  250804P23100000,NDXP  250804P23090000,validation,False,False,0,0,4,0,0,789,available,False,2025-08-01T09:31:00-04:00,2025-08-04T15:55:00-04:00,0.07499999999999998,13597.04,5.0,last_observed_quote_not_settlement,3916.0,394,10,6.200000000000017,1347.0399999999665,2025-08-01T09:32:00-04:00,0.0,5.399999999999977,2947.0400000000463,2025-08-01T09:33:00-04:00,0.0,8.100000000000023,-2452.9600000000464,2025-08-01T09:36:00-04:00,0.0,7.199999999999989,-652.9599999999766,2025-08-01T09:41:00-04:00,0.0,7.75,-1752.9599999999994,2025-08-01T09:46:00-04:00,0.0,8.300000000000011,-2852.9600000000237,2025-08-01T10:01:00-04:00,0.0,7.2999999999999545,-852.9599999999084,2025-08-01T10:31:00-04:00,0.0,8.299999999999955,-2852.95999999991,2025-08-01T11:31:00-04:00,0.0,7.850000000000023,-1952.9600000000448,2025-08-01T16:00:00-04:00,0.0,,,2025-08-01T16:15:00-04:00,85500.0,,,2025-08-01T16:15:00-04:00,171900.0,,,2025-08-04T15:55:00-04:00,300.0,2.0,hit,31.0,hit,4344.0,hit,4352.0,hit,4463.0,hit,4554.0,hit,4661.0,hit,5.0,hit,5.0,hit,0.0,hit,5.0,hit,14.0,hit,272.0,hit,9.600000000000023,394,True,True,True,True,,9.600000000000023,394,True,True,True,True,,9.600000000000023,394,True,True,True,True,,9.600000000000023,394,True,True,True,True,,4356.0,2025-08-04T10:07:00-04:00,2.9499999999999957,7847.040000000009,4368.0,2025-08-04T10:19:00-04:00,2.900000000000002,7947.039999999996,4468.0,2025-08-04T11:59:00-04:00,2.5,8747.04,4357.0,2025-08-04T10:08:00-04:00,3.0,7747.040000000001,4463.0,2025-08-04T11:54:00-04:00,1.6499999999999986,10447.040000000005,4489.0,2025-08-04T12:20:00-04:00,1.9000000000000004,9947.04,4495.0,2025-08-04T12:26:00-04:00,1.9000000000000004,9947.04,4464.0,2025-08-04T11:55:00-04:00,3.1499999999999986,7447.040000000004,4554.0,2025-08-04T13:25:00-04:00,0.8499999999999996,12047.040000000003,4595.0,2025-08-04T14:06:00-04:00,0.6999999999999997,12347.04,4596.0,2025-08-04T14:07:00-04:00,0.7999999999999998,12147.040000000003,4555.0,2025-08-04T13:26:00-04:00,1.0499999999999998,11647.040000000003,4662.0,2025-08-04T15:13:00-04:00,0.44999999999999996,12847.04,4665.0,2025-08-04T15:16:00-04:00,0.3999999999999999,12947.04,4666.0,2025-08-04T15:17:00-04:00,0.20000000000000018,13347.04,4663.0,2025-08-04T15:14:00-04:00,0.5,12747.04,2798
2025-08-04,2025-08-06,2,5.0,2025-08-04T09:31:00-04:00,5.050000000000011,NDXP  250806P23070000,NDXP  250806P23060000,validation,False,False,0,0,14,8,0,1169,available,False,2025-08-04T09:31:00-04:00,2025-08-06T15:47:00-04:00,0.0,9847.040000000025,13.0,last_observed_quote_not_settlement,1036.0,46,32,5.25,-652.9599999999766,2025-08-04T09:32:00-04:00,0.0,5.499999999999972,-1152.9599999999198,2025-08-04T09:33:00-04:00,0.0,4.899999999999977,47.04000000006892,2025-08-04T09:36:00-04:00,0.0,4.600000000000023,647.0399999999779,2025-08-04T09:41:00-04:00,0.0,3.9000000000000057,2047.0400000000122,2025-08-04T09:46:00-04:00,0.0,3.3500000000000085,3147.0400000000063,2025-08-04T10:01:00-04:00,0.0,3.5999999999999943,2647.040000000035,2025-08-04T10:31:00-04:00,0.0,4.049999999999997,1747.040000000029,2025-08-04T11:31:00-04:00,0.0,2.950000000000003,3947.0400000000177,2025-08-04T16:00:00-04:00,0.0,5.099999999999994,-352.9599999999652,2025-08-05T16:00:00-04:00,0.0,,,2025-08-06T15:47:00-04:00,780.0,,,,,0.0,hit,5.0,hit,15.0,hit,180.0,hit,1447.0,hit,1599.0,hit,2992.0,hit,1826.0,hit,,never_hit,,never_hit,,never_hit,,never_hit,,never_hit,5.499999999999972,3,False,False,False,False,,5.499999999999972,3,False,False,False,False,,5.499999999999972,11,False,False,False,False,,5.799999999999983,46,False,False,False,False,,226.0,2025-08-04T13:17:00-04:00,2.9499999999999886,3947.0400000000463,347.0,2025-08-04T15:18:00-04:00,2.700000000000003,4447.040000000018,348.0,2025-08-04T15:19:00-04:00,2.8500000000000085,4147.040000000006,227.0,2025-08-04T13:18:00-04:00,3.0,3847.0400000000236,1447.0,2025-08-05T09:38:00-04:00,1.8500000000000014,6147.040000000021,1448.0,2025-08-05T09:39:00-04:00,1.8500000000000014,6147.040000000021,1457.0,2025-08-05T09:48:00-04:00,1.5,6847.040000000024,1448.0,2025-08-05T09:39:00-04:00,1.8500000000000014,6147.040000000021,1599.0,2025-08-05T12:10:00-04:00,0.8500000000000085,8147.040000000007,2991.0,2025-08-06T11:22:00-04:00,0.75,8347.040000000025,2992.0,2025-08-06T11:23:00-04:00,0.34999999999999964,9147.040000000025,1600.0,2025-08-05T12:11:00-04:00,4.200000000000003,1447.0400000000177,2992.0,2025-08-06T11:23:00-04:00,0.34999999999999964,9147.040000000025,3021.0,2025-08-06T11:52:00-04:00,0.34999999999999964,9147.040000000025,3022.0,2025-08-06T11:53:00-04:00,0.39999999999999947,9047.040000000025,2993.0,2025-08-06T11:24:00-04:00,0.9000000000000004,8047.040000000023,2799
2025-08-04,2025-08-06,2,6.0,2025-08-04T09:31:00-04:00,5.850000000000023,NDXP  250806P23120000,NDXP  250806P23110000,validation,False,False,0,0,4,3,0,1187,available,False,2025-08-04T09:31:00-04:00,2025-08-06T15:56:00-04:00,0.0,11447.040000000046,4.0,last_observed_quote_not_settlement,1036.0,95,57,5.749999999999972,-52.95999999989697,2025-08-04T09:32:00-04:00,0.0,5.800000000000011,-152.95999999997656,2025-08-04T09:33:00-04:00,0.0,3.900000000000034,3647.039999999978,2025-08-04T09:36:00-04:00,0.0,5.5,447.0400000000462,2025-08-04T09:41:00-04:00,0.0,4.399999999999977,2647.040000000092,2025-08-04T09:46:00-04:00,0.0,3.799999999999983,3847.0400000000805,2025-08-04T10:01:00-04:00,0.0,4.0,3447.0400000000463,2025-08-04T10:31:00-04:00,0.0,4.399999999999977,2647.040000000092,2025-08-04T11:31:00-04:00,0.0,3.200000000000017,5047.040000000012,2025-08-04T16:00:00-04:00,0.0,6.550000000000011,-1652.9599999999766,2025-08-05T16:00:00-04:00,0.0,,,2025-08-06T15:56:00-04:00,240.0,,,,,5.0,hit,5.0,hit,5.0,hit,395.0,hit,1444.0,hit,3005.0,hit,3034.0,hit,1565.0,hit,1565.0,hit,1565.0,hit,1565.0,hit,1565.0,hit,,never_hit,5.850000000000023,0,False,False,False,False,,5.850000000000023,0,False,False,False,False,,9.049999999999983,95,True,True,True,True,,9.049999999999983,95,True,True,True,True,,397.0,2025-08-04T16:08:00-04:00,2.9000000000000057,5647.0400000000345,398.0,2025-08-04T16:09:00-04:00,2.8500000000000014,5747.040000000044,399.0,2025-08-04T16:10:00-04:00,2.9000000000000057,5647.0400000000345,398.0,2025-08-04T16:09:00-04:00,2.8500000000000014,5747.040000000044,1444.0,2025-08-05T09:35:00-04:00,1.1499999999999915,9147.040000000065,2986.0,2025-08-06T11:17:00-04:00,1.8000000000000043,7847.040000000037,2987.0,2025-08-06T11:18:00-04:00,1.700000000000001,8047.040000000044,1445.0,2025-08-05T09:36:00-04:00,3.200000000000003,5047.040000000041,3017.0,2025-08-06T11:48:00-04:00,0.8500000000000014,9747.040000000045,3018.0,2025-08-06T11:49:00-04:00,0.8999999999999986,9647.04000000005,3019.0,2025-08-06T11:50:00-04:00,0.7999999999999989,9847.04000000005,3018.0,2025-08-06T11:49:00-04:00,0.8999999999999986,9647.04000000005,3066.0,2025-08-06T12:37:00-04:00,0.3500000000000001,10747.040000000046,3083.0,2025-08-06T12:54:00-04:00,0.39999999999999947,10647.040000000048,3084.0,2025-08-06T12:55:00-04:00,0.3999999999999999,10647.040000000046,3067.0,2025-08-06T12:38:00-04:00,0.5,10447.040000000046,2800
2025-08-04,2025-08-06,2,7.0,2025-08-04T09:31:00-04:00,6.949999999999989,NDXP  250806P23220000,NDXP  250806P23210000,validation,False,False,0,0,0,6,0,1188,available,False,2025-08-04T09:31:00-04:00,2025-08-06T15:56:00-04:00,0.025000000000000022,13597.039999999979,4.0,last_observed_quote_not_settlement,1036.0,328,117,6.900000000000034,-152.96000000009025,2025-08-04T09:32:00-04:00,0.0,7.4500000000000455,-1252.960000000113,2025-08-04T09:33:00-04:00,0.0,6.699999999999989,247.04000000000067,2025-08-04T09:36:00-04:00,0.0,6.650000000000006,347.0399999999666,2025-08-04T09:41:00-04:00,0.0,5.900000000000006,1847.0399999999665,2025-08-04T09:46:00-04:00,0.0,5.25,3147.039999999978,2025-08-04T10:01:00-04:00,0.0,5.449999999999989,2747.040000000001,2025-08-04T10:31:00-04:00,0.0,6.150000000000006,1347.0399999999665,2025-08-04T11:31:00-04:00,0.0,4.75,4147.039999999978,2025-08-04T16:00:00-04:00,0.0,7.7999999999999545,-1952.9599999999311,2025-08-05T16:00:00-04:00,0.0,,,2025-08-06T15:56:00-04:00,240.0,,,,,14.0,hit,24.0,hit,37.0,hit,149.0,hit,3047.0,hit,3131.0,hit,3172.0,hit,2.0,hit,34.0,hit,2.0,hit,34.0,hit,1565.0,hit,1565.0,hit,8.400000000000006,9,True,True,False,False,,9.900000000000006,328,True,True,True,True,,9.900000000000006,328,True,True,True,True,,9.900000000000006,328,True,True,True,True,,359.0,2025-08-04T15:30:00-04:00,2.75,8147.039999999978,3021.0,2025-08-06T11:52:00-04:00,2.599999999999998,8447.039999999983,3022.0,2025-08-06T11:53:00-04:00,2.549999999999997,8547.039999999985,360.0,2025-08-04T15:31:00-04:00,5.25,3147.039999999978,3049.0,2025-08-06T12:20:00-04:00,1.9499999999999993,9747.03999999998,3050.0,2025-08-06T12:21:00-04:00,1.9499999999999993,9747.03999999998,3119.0,2025-08-06T13:30:00-04:00,1.75,10147.039999999979,3050.0,2025-08-06T12:21:00-04:00,1.9499999999999993,9747.03999999998,3150.0,2025-08-06T14:01:00-04:00,0.7999999999999998,12047.039999999979,3157.0,2025-08-06T14:08:00-04:00,0.7999999999999998,12047.039999999979,3158.0,2025-08-06T14:09:00-04:00,0.7000000000000002,12247.039999999979,3151.0,2025-08-06T14:02:00-04:00,1.2999999999999998,11047.039999999979,3176.0,2025-08-06T14:27:00-04:00,0.40000000000000036,12847.039999999979,3179.0,2025-08-06T14:30:00-04:00,0.34999999999999964,12947.039999999979,3180.0,2025-08-06T14:31:00-04:00,0.35000000000000053,12947.039999999977,3177.0,2025-08-06T14:28:00-04:00,0.4500000000000002,12747.039999999979,2801
2025-08-04,2025-08-07,3,5.0,2025-08-04T09:31:00-04:00,5.049999999999983,NDXP  250807P23110000,NDXP  250807P23100000,validation,False,False,0,0,8,14,0,1568,available,False,2025-08-04T09:31:00-04:00,2025-08-07T15:37:00-04:00,0.025000000000000022,9797.039999999966,23.0,last_observed_quote_not_settlement,1036.0,112,63,5.25,-652.9600000000335,2025-08-04T09:32:00-04:00,0.0,4.75,347.0399999999666,2025-08-04T09:33:00-04:00,0.0,4.899999999999977,47.04000000001208,2025-08-04T09:36:00-04:00,0.0,5.0,-152.9600000000334,2025-08-04T09:41:00-04:00,0.0,4.349999999999966,1147.0400000000348,2025-08-04T09:46:00-04:00,0.0,3.9499999999999886,1947.0399999999893,2025-08-04T10:01:00-04:00,0.0,4.0,1847.0399999999665,2025-08-04T10:31:00-04:00,0.0,4.400000000000006,1047.0399999999552,2025-08-04T11:31:00-04:00,0.0,3.4499999999999886,2947.0399999999895,2025-08-04T16:00:00-04:00,0.0,5.450000000000017,-1052.9600000000676,2025-08-05T16:00:00-04:00,0.0,1.2000000000000028,7447.039999999961,2025-08-06T16:00:00-04:00,0.0,,,2025-08-07T15:37:00-04:00,1380.0,0.0,hit,2.0,hit,27.0,hit,398.0,hit,1444.0,hit,3093.0,hit,3093.0,hit,1572.0,hit,1572.0,hit,1572.0,hit,1763.0,hit,,never_hit,,never_hit,5.25,3,False,False,False,False,,5.25,3,False,False,False,False,,8.0,112,True,True,False,False,,8.0,112,True,True,False,False,,1444.0,2025-08-05T09:35:00-04:00,1.2000000000000028,7447.039999999961,1448.0,2025-08-05T09:39:00-04:00,2.5999999999999943,4647.039999999978,1449.0,2025-08-05T09:40:00-04:00,2.799999999999997,4247.039999999973,1445.0,2025-08-05T09:36:00-04:00,3.299999999999997,3247.039999999972,1444.0,2025-08-05T09:35:00-04:00,1.2000000000000028,7447.039999999961,3027.0,2025-08-06T11:58:00-04:00,1.8500000000000085,6147.03999999995,3036.0,2025-08-06T12:07:00-04:00,1.9000000000000057,6047.039999999955,1445.0,2025-08-05T09:36:00-04:00,3.299999999999997,3247.039999999972,3093.0,2025-08-06T13:04:00-04:00,0.09999999999999432,9647.039999999979,4321.0,2025-08-07T09:32:00-04:00,0.2999999999999998,9247.039999999968,4322.0,2025-08-07T09:33:00-04:00,0.19999999999999973,9447.039999999966,3094.0,2025-08-06T13:05:00-04:00,1.8000000000000043,6247.039999999958,3093.0,2025-08-06T13:04:00-04:00,0.09999999999999432,9647.039999999979,4321.0,2025-08-07T09:32:00-04:00,0.2999999999999998,9247.039999999968,4322.0,2025-08-07T09:33:00-04:00,0.19999999999999973,9447.039999999966,3094.0,2025-08-06T13:05:00-04:00,1.8000000000000043,6247.039999999958,2802
2025-08-04,2025-08-07,3,6.0,2025-08-04T09:31:00-04:00,5.950000000000017,NDXP  250807P23160000,NDXP  250807P23150000,validation,False,False,0,0,0,2,0,1586,available,False,2025-08-04T09:31:00-04:00,2025-08-07T15:47:00-04:00,0.0,11647.040000000035,13.0,last_observed_quote_not_settlement,1036.0,129,129,5.949999999999989,-252.95999999994245,2025-08-04T09:32:00-04:00,0.0,5.600000000000023,447.03999999998933,2025-08-04T09:33:00-04:00,0.0,5.750000000000028,147.03999999997797,2025-08-04T09:36:00-04:00,0.0,5.850000000000023,-52.96000000001066,2025-08-04T09:41:00-04:00,0.0,5.0,1647.0400000000348,2025-08-04T09:46:00-04:00,0.0,4.349999999999966,2947.040000000103,2025-08-04T10:01:00-04:00,0.0,4.5,2647.040000000035,2025-08-04T10:31:00-04:00,0.0,4.75,2147.040000000035,2025-08-04T11:31:00-04:00,0.0,4.0,3647.040000000035,2025-08-04T16:00:00-04:00,0.0,5.699999999999989,247.04000000005752,2025-08-05T16:00:00-04:00,0.0,1.6499999999999986,8347.040000000039,2025-08-06T16:00:00-04:00,0.0,,,2025-08-07T15:47:00-04:00,780.0,7.0,hit,8.0,hit,225.0,hit,290.0,hit,290.0,hit,4320.0,hit,4320.0,hit,1514.0,hit,1526.0,hit,1526.0,hit,1541.0,hit,1763.0,hit,1763.0,hit,6.350000000000023,3,False,False,False,False,,6.350000000000023,3,False,False,False,False,,9.649999999999977,129,True,True,True,True,,9.649999999999977,129,True,True,True,True,,290.0,2025-08-04T14:21:00-04:00,1.1999999999999886,9247.040000000059,1456.0,2025-08-05T09:47:00-04:00,2.8499999999999943,5947.040000000046,1457.0,2025-08-05T09:48:00-04:00,2.799999999999997,6047.040000000041,291.0,2025-08-04T14:22:00-04:00,4.199999999999989,3247.0400000000577,290.0,2025-08-04T14:21:00-04:00,1.1999999999999886,9247.040000000059,3159.0,2025-08-06T14:10:00-04:00,1.9499999999999957,7747.040000000044,3164.0,2025-08-06T14:15:00-04:00,1.9499999999999993,7747.040000000036,291.0,2025-08-04T14:22:00-04:00,4.199999999999989,3247.0400000000577,4320.0,2025-08-07T09:31:00-04:00,0.39999999999999947,10847.040000000037,4321.0,2025-08-07T09:32:00-04:00,0.2999999999999998,11047.040000000035,4322.0,2025-08-07T09:33:00-04:00,0.25,11147.040000000035,4321.0,2025-08-07T09:32:00-04:00,0.2999999999999998,11047.040000000035,4320.0,2025-08-07T09:31:00-04:00,0.39999999999999947,10847.040000000037,4321.0,2025-08-07T09:32:00-04:00,0.2999999999999998,11047.040000000035,4322.0,2025-08-07T09:33:00-04:00,0.25,11147.040000000035,4321.0,2025-08-07T09:32:00-04:00,0.2999999999999998,11047.040000000035,2803
2025-08-04,2025-08-07,3,7.0,2025-08-04T09:31:00-04:00,6.900000000000034,NDXP  250807P23260000,NDXP  250807P23250000,validation,False,False,0,0,1,0,0,1600,available,False,2025-08-04T09:31:00-04:00,2025-08-07T15:57:00-04:00,0.0,13547.04000000007,3.0,last_observed_quote_not_settlement,1036.0,315,171,7.2999999999999545,-1052.9599999998402,2025-08-04T09:32:00-04:00,0.0,7.199999999999989,-852.9599999999084,2025-08-04T09:33:00-04:00,0.0,6.7000000000000455,147.03999999997797,2025-08-04T09:36:00-04:00,0.0,6.5499999999999545,447.04000000015986,2025-08-04T09:41:00-04:00,0.0,5.000000000000028,3547.0400000000122,2025-08-04T09:46:00-04:00,0.0,5.849999999999994,1847.0400000000802,2025-08-04T10:01:00-04:00,0.0,5.849999999999994,1847.0400000000802,2025-08-04T10:31:00-04:00,0.0,5.75,2047.040000000069,2025-08-04T11:31:00-04:00,0.0,5.399999999999977,2747.0400000001146,2025-08-04T16:00:00-04:00,0.0,7.80000000000004,-2052.9600000000105,2025-08-05T16:00:00-04:00,0.0,3.0999999999999943,7347.04000000008,2025-08-06T16:00:00-04:00,0.0,,,2025-08-07T15:57:00-04:00,180.0,15.0,hit,23.0,hit,23.0,hit,179.0,hit,1445.0,hit,4320.0,hit,4340.0,hit,4.0,hit,29.0,hit,1.0,hit,29.0,hit,1549.0,hit,1549.0,hit,8.249999999999972,19,True,True,False,False,,8.349999999999994,50,True,True,False,False,,10.0,315,True,True,True,True,,10.0,315,True,True,True,True,,357.0,2025-08-04T15:28:00-04:00,2.4499999999999886,8647.040000000092,3231.0,2025-08-06T15:22:00-04:00,2.9499999999999957,7647.040000000077,3232.0,2025-08-06T15:23:00-04:00,2.8499999999999943,7847.04000000008,358.0,2025-08-04T15:29:00-04:00,5.200000000000017,3147.040000000035,1445.0,2025-08-05T09:36:00-04:00,1.25,11047.04000000007,4321.0,2025-08-07T09:32:00-04:00,0.6999999999999993,12147.040000000072,4322.0,2025-08-07T09:33:00-04:00,0.7000000000000011,12147.040000000068,1446.0,2025-08-05T09:37:00-04:00,5.0,3547.040000000069,4320.0,2025-08-07T09:31:00-04:00,0.75,12047.04000000007,4321.0,2025-08-07T09:32:00-04:00,0.6999999999999993,12147.040000000072,4322.0,2025-08-07T09:33:00-04:00,0.7000000000000011,12147.040000000068,4321.0,2025-08-07T09:32:00-04:00,0.6999999999999993,12147.040000000072,4346.0,2025-08-07T09:57:00-04:00,0.4499999999999993,12647.040000000072,4347.0,2025-08-07T09:58:00-04:00,0.39999999999999947,12747.04000000007,4348.0,2025-08-07T09:59:00-04:00,0.40000000000000036,12747.04000000007,4347.0,2025-08-07T09:58:00-04:00,0.39999999999999947,12747.04000000007,2804
2025-08-05,2025-08-07,2,5.0,2025-08-05T09:31:00-04:00,5.050000000000011,NDXP  250807P23250000,NDXP  250807P23240000,validation,False,False,0,0,0,8,0,1187,available,False,2025-08-05T09:31:00-04:00,2025-08-07T15:51:00-04:00,2.7755575615628914e-17,9847.040000000025,9.0,last_observed_quote_not_settlement,1036.0,469,34,4.75,347.04000000002344,2025-08-05T09:32:00-04:00,0.0,4.849999999999994,147.0400000000348,2025-08-05T09:33:00-04:00,0.0,8.300000000000011,-6752.960000000001,2025-08-05T09:36:00-04:00,0.0,4.400000000000006,1047.040000000012,2025-08-05T09:41:00-04:00,0.0,3.8499999999999943,2147.040000000035,2025-08-05T09:46:00-04:00,0.0,4.299999999999997,1247.040000000029,2025-08-05T10:01:00-04:00,0.0,5.5,-1152.9599999999766,2025-08-05T10:31:00-04:00,0.0,6.650000000000006,-3452.9599999999878,2025-08-05T11:31:00-04:00,0.0,7.700000000000017,-5552.960000000011,2025-08-05T16:00:00-04:00,0.0,2.9000000000000057,4047.040000000012,2025-08-06T16:00:00-04:00,0.0,,,2025-08-07T15:51:00-04:00,540.0,,,,,0.0,hit,1.0,hit,15.0,hit,1653.0,hit,1844.0,hit,1844.0,hit,2881.0,hit,5.0,hit,5.0,hit,5.0,hit,5.0,hit,71.0,hit,1500.0,hit,9.75,463,True,True,True,True,,9.75,463,True,True,True,True,,9.75,463,True,True,True,True,,9.75,463,True,True,True,True,,1653.0,2025-08-06T13:04:00-04:00,2.6499999999999915,4547.040000000041,1745.0,2025-08-06T14:36:00-04:00,2.8000000000000043,4247.0400000000145,1746.0,2025-08-06T14:37:00-04:00,2.749999999999993,4347.040000000037,1654.0,2025-08-06T13:05:00-04:00,3.8499999999999943,2147.040000000035,1844.0,2025-08-06T16:15:00-04:00,0.5999999999999943,8647.040000000035,2881.0,2025-08-07T09:32:00-04:00,0.5,8847.040000000025,2882.0,2025-08-07T09:33:00-04:00,0.5499999999999989,8747.040000000026,,,,,1844.0,2025-08-06T16:15:00-04:00,0.5999999999999943,8647.040000000035,2881.0,2025-08-07T09:32:00-04:00,0.5,8847.040000000025,2882.0,2025-08-07T09:33:00-04:00,0.5499999999999989,8747.040000000026,,,,,2890.0,2025-08-07T09:41:00-04:00,0.4499999999999993,8947.040000000026,2891.0,2025-08-07T09:42:00-04:00,0.39999999999999947,9047.040000000025,2907.0,2025-08-07T09:58:00-04:00,0.35000000000000053,9147.040000000023,2891.0,2025-08-07T09:42:00-04:00,0.39999999999999947,9047.040000000025,2805
2025-08-05,2025-08-07,2,6.0,2025-08-05T09:31:00-04:00,6.050000000000011,NDXP  250807P23320000,NDXP  250807P23310000,validation,False,False,0,0,0,2,0,1193,available,False,2025-08-05T09:31:00-04:00,2025-08-07T15:57:00-04:00,0.475,10897.040000000023,3.0,last_observed_quote_not_settlement,1036.0,554,55,6.150000000000006,-452.95999999998793,2025-08-05T09:32:00-04:00,0.0,5.649999999999977,547.0400000000689,2025-08-05T09:33:00-04:00,0.0,5.900000000000034,47.039999999955235,2025-08-05T09:36:00-04:00,0.0,6.949999999999989,-2052.9599999999537,2025-08-05T09:41:00-04:00,0.0,4.900000000000006,2047.0400000000122,2025-08-05T09:46:00-04:00,0.0,5.799999999999983,247.04000000005752,2025-08-05T10:01:00-04:00,0.0,7.0,-2152.9599999999764,2025-08-05T10:31:00-04:00,0.0,7.800000000000011,-3752.959999999999,2025-08-05T11:31:00-04:00,0.0,8.5,-5152.959999999978,2025-08-05T16:00:00-04:00,0.0,4.3500000000000085,3147.0400000000063,2025-08-06T16:00:00-04:00,0.0,,,2025-08-07T15:57:00-04:00,180.0,,,,,4.0,hit,15.0,hit,1794.0,hit,2880.0,hit,2880.0,hit,2881.0,hit,2906.0,hit,10.0,hit,71.0,hit,60.0,hit,78.0,hit,125.0,hit,1467.0,hit,9.850000000000023,491,True,True,True,True,,9.850000000000023,491,True,True,True,True,,9.850000000000023,491,True,True,True,True,,9.850000000000023,491,True,True,True,True,,2880.0,2025-08-07T09:31:00-04:00,1.2000000000000028,9447.040000000019,2881.0,2025-08-07T09:32:00-04:00,1.0,9847.040000000025,2882.0,2025-08-07T09:33:00-04:00,0.9000000000000004,10047.040000000023,2881.0,2025-08-07T09:32:00-04:00,1.0,9847.040000000025,2880.0,2025-08-07T09:31:00-04:00,1.2000000000000028,9447.040000000019,2881.0,2025-08-07T09:32:00-04:00,1.0,9847.040000000025,2882.0,2025-08-07T09:33:00-04:00,0.9000000000000004,10047.040000000023,2881.0,2025-08-07T09:32:00-04:00,1.0,9847.040000000025,2882.0,2025-08-07T09:33:00-04:00,0.9000000000000004,10047.040000000023,2883.0,2025-08-07T09:34:00-04:00,0.9000000000000004,10047.040000000023,2891.0,2025-08-07T09:42:00-04:00,0.7999999999999989,10247.040000000026,2883.0,2025-08-07T09:34:00-04:00,0.9000000000000004,10047.040000000023,2906.0,2025-08-07T09:57:00-04:00,0.34999999999999964,11147.040000000025,,,,,,,,,2907.0,2025-08-07T09:58:00-04:00,0.5999999999999979,10647.040000000028,2806
2025-08-05,2025-08-07,2,7.0,2025-08-05T09:31:00-04:00,7.0,NDXP  250807P23130000,NDXP  250807P23120000,validation,False,False,0,0,6,3,0,1175,available,False,2025-08-05T09:31:00-04:00,2025-08-07T15:44:00-04:00,0.0,13747.04,16.0,last_observed_quote_not_settlement,1036.0,11,18,3.4499999999999886,6847.040000000024,2025-08-05T09:32:00-04:00,0.0,3.450000000000003,6847.039999999995,2025-08-05T09:33:00-04:00,0.0,3.3999999999999915,6947.040000000018,2025-08-05T09:36:00-04:00,0.0,2.700000000000017,8347.039999999968,2025-08-05T09:41:00-04:00,0.0,2.5500000000000114,8647.039999999979,2025-08-05T09:46:00-04:00,0.0,2.5500000000000114,8647.039999999979,2025-08-05T10:01:00-04:00,0.0,3.700000000000003,6347.039999999995,2025-08-05T10:31:00-04:00,0.0,5.349999999999994,3047.0400000000122,2025-08-05T11:31:00-04:00,0.0,5.849999999999994,2047.0400000000122,2025-08-05T16:00:00-04:00,0.0,1.4000000000000057,10947.03999999999,2025-08-06T16:00:00-04:00,0.0,,,2025-08-07T15:44:00-04:00,960.0,,,,,1.0,hit,1.0,hit,1.0,hit,3.0,hit,1593.0,hit,1801.0,hit,2880.0,hit,143.0,hit,143.0,hit,0.0,hit,143.0,hit,,never_hit,,never_hit,7.0,0,True,False,False,False,,8.149999999999977,11,True,True,False,False,,8.149999999999977,11,True,True,False,False,,8.149999999999977,11,True,True,False,False,,7.0,2025-08-05T09:38:00-04:00,2.799999999999997,8147.040000000007,8.0,2025-08-05T09:39:00-04:00,2.700000000000017,8347.039999999968,9.0,2025-08-05T09:40:00-04:00,2.9000000000000057,7947.039999999989,8.0,2025-08-05T09:39:00-04:00,2.700000000000017,8347.039999999968,1651.0,2025-08-06T13:02:00-04:00,1.8999999999999986,9947.040000000005,1685.0,2025-08-06T13:36:00-04:00,1.7999999999999972,10147.040000000008,1686.0,2025-08-06T13:37:00-04:00,1.8999999999999986,9947.040000000005,1652.0,2025-08-06T13:03:00-04:00,2.0999999999999943,9547.040000000014,2880.0,2025-08-07T09:31:00-04:00,0.2999999999999998,13147.040000000003,2881.0,2025-08-07T09:32:00-04:00,0.20000000000000018,13347.04,2882.0,2025-08-07T09:33:00-04:00,0.2999999999999998,13147.040000000003,2881.0,2025-08-07T09:32:00-04:00,0.20000000000000018,13347.04,2880.0,2025-08-07T09:31:00-04:00,0.2999999999999998,13147.040000000003,2881.0,2025-08-07T09:32:00-04:00,0.20000000000000018,13347.04,2882.0,2025-08-07T09:33:00-04:00,0.2999999999999998,13147.040000000003,2881.0,2025-08-07T09:32:00-04:00,0.20000000000000018,13347.04,2807
2025-08-05,2025-08-08,3,5.0,2025-08-05T09:31:00-04:00,5.0,NDXP  250808P23290000,NDXP  250808P23280000,validation,False,False,0,0,1,2,0,1593,available,False,2025-08-05T09:31:00-04:00,2025-08-08T15:53:00-04:00,0.0,9747.04,7.0,last_observed_quote_not_settlement,1036.0,504,35,5.0,-252.9599999999993,2025-08-05T09:32:00-04:00,0.0,5.050000000000011,-352.96000000002203,2025-08-05T09:33:00-04:00,0.0,8.5,-7252.960000000001,2025-08-05T09:36:00-04:00,0.0,4.300000000000011,1147.039999999978,2025-08-05T09:41:00-04:00,0.0,4.349999999999994,1047.040000000012,2025-08-05T09:46:00-04:00,0.0,4.699999999999989,347.04000000002344,2025-08-05T10:01:00-04:00,0.0,3.299999999999983,3147.040000000035,2025-08-05T10:31:00-04:00,0.0,6.650000000000034,-3552.9600000000673,2025-08-05T11:31:00-04:00,0.0,7.399999999999977,-5052.959999999954,2025-08-05T16:00:00-04:00,0.0,3.6000000000000085,2547.0399999999836,2025-08-06T16:00:00-04:00,0.0,2.3500000000000085,5047.039999999984,2025-08-07T16:00:00-04:00,0.0,,,2025-08-08T15:53:00-04:00,420.0,0.0,hit,0.0,hit,52.0,hit,54.0,hit,2880.0,hit,2909.0,hit,4337.0,hit,5.0,hit,5.0,hit,5.0,hit,5.0,hit,,never_hit,,never_hit,8.5,11,True,True,False,False,,8.899999999999977,488,True,True,False,False,,8.899999999999977,488,True,True,False,False,,8.899999999999977,504,True,True,False,False,,55.0,2025-08-05T10:26:00-04:00,2.4499999999999886,4847.040000000024,2881.0,2025-08-07T09:32:00-04:00,1.4500000000000028,6847.039999999995,2882.0,2025-08-07T09:33:00-04:00,1.4000000000000021,6947.039999999996,56.0,2025-08-05T10:27:00-04:00,4.300000000000011,1147.039999999978,2880.0,2025-08-07T09:31:00-04:00,1.6500000000000057,6447.039999999989,2881.0,2025-08-07T09:32:00-04:00,1.4500000000000028,6847.039999999995,2882.0,2025-08-07T09:33:00-04:00,1.4000000000000021,6947.039999999996,2881.0,2025-08-07T09:32:00-04:00,1.4500000000000028,6847.039999999995,2909.0,2025-08-07T10:00:00-04:00,0.6999999999999993,8347.040000000003,4332.0,2025-08-08T09:43:00-04:00,0.6999999999999993,8347.040000000003,4333.0,2025-08-08T09:44:00-04:00,0.6999999999999993,8347.040000000003,2910.0,2025-08-07T10:01:00-04:00,1.2000000000000028,7347.039999999995,4348.0,2025-08-08T09:59:00-04:00,0.39999999999999947,8947.040000000003,4354.0,2025-08-08T10:05:00-04:00,0.40000000000000036,8947.04,4355.0,2025-08-08T10:06:00-04:00,0.39999999999999947,8947.040000000003,4349.0,2025-08-08T10:00:00-04:00,0.4500000000000002,8847.04,2808
2025-08-05,2025-08-08,3,6.0,2025-08-05T09:31:00-04:00,6.099999999999966,NDXP  250808P23380000,NDXP  250808P23370000,validation,False,False,0,0,0,9,0,1588,available,False,2025-08-05T09:31:00-04:00,2025-08-08T15:54:00-04:00,0.0,11947.039999999934,6.0,last_observed_quote_not_settlement,1036.0,626,136,6.599999999999994,-1252.9600000000562,2025-08-05T09:32:00-04:00,0.0,6.200000000000017,-452.9600000001016,2025-08-05T09:33:00-04:00,0.0,6.4500000000000455,-952.9600000001585,2025-08-05T09:36:00-04:00,0.0,5.849999999999994,247.03999999994383,2025-08-05T09:41:00-04:00,0.0,6.300000000000011,-652.9600000000903,2025-08-05T09:46:00-04:00,0.0,5.599999999999994,747.0399999999438,2025-08-05T10:01:00-04:00,0.0,6.249999999999972,-552.9600000000107,2025-08-05T10:31:00-04:00,0.0,7.75,-3552.9600000000673,2025-08-05T11:31:00-04:00,0.0,8.299999999999955,-4652.959999999978,2025-08-05T16:00:00-04:00,0.0,4.800000000000011,2347.03999999991,2025-08-06T16:00:00-04:00,0.0,3.8499999999999943,4247.039999999944,2025-08-07T16:00:00-04:00,0.0,,,2025-08-08T15:54:00-04:00,360.0,8.0,hit,8.0,hit,19.0,hit,1638.0,hit,2906.0,hit,2936.0,hit,2936.0,hit,1.0,hit,64.0,hit,61.0,hit,75.0,hit,,never_hit,,never_hit,8.899999999999977,530,True,True,False,False,,8.900000000000034,569,True,True,False,False,,8.900000000000034,569,True,True,False,False,,8.900000000000034,569,True,True,False,False,,1638.0,2025-08-06T12:49:00-04:00,2.6500000000000057,6647.039999999921,2881.0,2025-08-07T09:32:00-04:00,2.4000000000000057,7147.039999999921,2882.0,2025-08-07T09:33:00-04:00,2.25,7447.039999999933,1639.0,2025-08-06T12:50:00-04:00,6.0,-52.9600000000675,2906.0,2025-08-07T09:57:00-04:00,1.9499999999999957,8047.039999999941,4332.0,2025-08-08T09:43:00-04:00,1.3999999999999986,9147.039999999935,4333.0,2025-08-08T09:44:00-04:00,1.6000000000000014,8747.03999999993,2907.0,2025-08-07T09:58:00-04:00,1.9500000000000028,8047.039999999927,2936.0,2025-08-07T10:27:00-04:00,0.0,11947.039999999934,4351.0,2025-08-08T10:02:00-04:00,0.8999999999999986,10147.039999999935,4355.0,2025-08-08T10:06:00-04:00,0.8499999999999996,10247.039999999934,2937.0,2025-08-07T10:28:00-04:00,3.1499999999999915,5647.03999999995,2936.0,2025-08-07T10:27:00-04:00,0.0,11947.039999999934,4383.0,2025-08-08T10:34:00-04:00,0.40000000000000036,11147.039999999932,4384.0,2025-08-08T10:35:00-04:00,0.40000000000000036,11147.039999999932,2937.0,2025-08-07T10:28:00-04:00,3.1499999999999915,5647.03999999995,2809
2025-08-05,2025-08-08,3,7.0,2025-08-05T09:31:00-04:00,7.0,NDXP  250808P23650000,NDXP  250808P23640000,validation,False,False,0,0,0,91,0,1512,available,False,2025-08-05T09:31:00-04:00,2025-08-08T16:00:00-04:00,9.2,-4652.96,0.0,last_observed_quote_not_settlement,1037.0,1377,57,9.800000000000068,-5852.960000000137,2025-08-05T09:32:00-04:00,0.0,9.149999999999977,-4552.9599999999555,2025-08-05T09:33:00-04:00,0.0,8.050000000000011,-2352.9600000000237,2025-08-05T09:36:00-04:00,0.0,8.700000000000045,-3652.960000000092,2025-08-05T09:41:00-04:00,0.0,8.75,-3752.960000000001,2025-08-05T09:46:00-04:00,0.0,8.800000000000011,-3852.9600000000237,2025-08-05T10:01:00-04:00,0.0,,,2025-08-05T10:30:00-04:00,60.0,8.0,-2252.960000000001,2025-08-05T11:31:00-04:00,0.0,9.700000000000045,-5652.960000000092,2025-08-05T16:00:00-04:00,0.0,9.050000000000011,-4352.960000000024,2025-08-06T16:00:00-04:00,0.0,9.699999999999989,-5652.959999999978,2025-08-07T16:00:00-04:00,0.0,9.2,-4652.96,2025-08-08T16:00:00-04:00,0.0,31.0,hit,31.0,hit,31.0,hit,3284.0,hit,,never_hit,,never_hit,,never_hit,1.0,hit,1.0,hit,0.0,hit,1.0,hit,1.0,hit,1.0,hit,10.0,1025,True,True,True,True,,,,True,True,True,False,4.400000000000006,,,True,True,True,False,4.400000000000006,,,True,True,True,False,4.400000000000006,3284.0,2025-08-07T16:15:00-04:00,2.5999999999999943,8547.040000000014,,,,,,,,,,,,,,,,,,,,,,,,,,,,,,,,,,,,,,,,,,,,,,,,,,,,,,,,,,,,,2810
2025-08-06,2025-08-08,2,5.0,2025-08-06T09:31:00-04:00,5.0,NDXP  250808P23200000,NDXP  250808P23190000,validation,False,False,0,0,2,12,0,1176,available,False,2025-08-06T09:31:00-04:00,2025-08-08T15:50:00-04:00,0.0,9747.04,10.0,last_observed_quote_not_settlement,1036.0,58,19,5.600000000000023,-1452.9600000000448,2025-08-06T09:32:00-04:00,0.0,5.599999999999994,-1452.959999999988,2025-08-06T09:33:00-04:00,0.0,6.200000000000017,-2652.9600000000332,2025-08-06T09:36:00-04:00,0.0,6.25,-2752.959999999999,2025-08-06T09:41:00-04:00,0.0,5.149999999999977,-552.9599999999539,2025-08-06T09:46:00-04:00,0.0,5.600000000000023,-1452.9600000000448,2025-08-06T10:01:00-04:00,0.0,5.349999999999994,-952.959999999988,2025-08-06T10:31:00-04:00,0.0,4.0,1747.0400000000006,2025-08-06T11:31:00-04:00,0.0,2.6999999999999886,4347.040000000024,2025-08-06T16:00:00-04:00,0.0,1.3999999999999986,6947.040000000004,2025-08-07T16:00:00-04:00,0.0,,,2025-08-08T15:50:00-04:00,600.0,,,,,0.0,hit,0.0,hit,16.0,hit,28.0,hit,28.0,hit,1441.0,hit,1489.0,hit,1.0,hit,5.0,hit,11.0,hit,,never_hit,,never_hit,,never_hit,7.5,25,True,False,False,False,,7.5,25,True,False,False,False,,7.899999999999977,58,True,False,False,False,,7.899999999999977,58,True,False,False,False,,28.0,2025-08-06T09:59:00-04:00,1.9000000000000057,5947.039999999989,252.0,2025-08-06T13:43:00-04:00,2.8499999999999943,4047.040000000012,253.0,2025-08-06T13:44:00-04:00,2.9000000000000057,3947.0399999999895,29.0,2025-08-06T10:00:00-04:00,5.849999999999994,-1952.959999999988,28.0,2025-08-06T09:59:00-04:00,1.9000000000000057,5947.039999999989,1441.0,2025-08-07T09:32:00-04:00,0.8500000000000014,8047.039999999998,1442.0,2025-08-07T09:33:00-04:00,0.8000000000000043,8147.039999999993,29.0,2025-08-06T10:00:00-04:00,5.849999999999994,-1952.959999999988,1441.0,2025-08-07T09:32:00-04:00,0.8500000000000014,8047.039999999998,1442.0,2025-08-07T09:33:00-04:00,0.8000000000000043,8147.039999999993,1443.0,2025-08-07T09:34:00-04:00,0.8999999999999986,7947.040000000004,1442.0,2025-08-07T09:33:00-04:00,0.8000000000000043,8147.039999999993,1489.0,2025-08-07T10:20:00-04:00,0.40000000000000213,8947.039999999997,2889.0,2025-08-08T09:40:00-04:00,0.40000000000000036,8947.04,2890.0,2025-08-08T09:41:00-04:00,0.40000000000000036,8947.04,1490.0,2025-08-07T10:21:00-04:00,0.7999999999999972,8147.040000000007,2811
2025-08-06,2025-08-08,2,6.0,2025-08-06T09:31:00-04:00,5.900000000000006,NDXP  250808P23230000,NDXP  250808P23220000,validation,False,False,0,0,4,2,0,1185,available,False,2025-08-06T09:31:00-04:00,2025-08-08T15:51:00-04:00,0.0,11547.040000000014,9.0,last_observed_quote_not_settlement,1036.0,35,28,5.899999999999977,-252.95999999994245,2025-08-06T09:32:00-04:00,0.0,5.800000000000011,-52.96000000001066,2025-08-06T09:33:00-04:00,0.0,5.899999999999977,-252.95999999994245,2025-08-06T09:36:00-04:00,0.0,7.650000000000006,-3752.959999999999,2025-08-06T09:41:00-04:00,0.0,5.650000000000006,247.04000000000067,2025-08-06T09:46:00-04:00,0.0,5.599999999999994,347.04000000002344,2025-08-06T10:01:00-04:00,0.0,6.199999999999989,-852.9599999999652,2025-08-06T10:31:00-04:00,0.0,4.200000000000003,3147.0400000000063,2025-08-06T11:31:00-04:00,0.0,2.8500000000000085,5847.039999999995,2025-08-06T16:00:00-04:00,0.0,1.8000000000000007,7947.040000000011,2025-08-07T16:00:00-04:00,0.0,,,2025-08-08T15:51:00-04:00,540.0,,,,,6.0,hit,6.0,hit,6.0,hit,6.0,hit,6.0,hit,1441.0,hit,2890.0,hit,10.0,hit,10.0,hit,10.0,hit,,never_hit,,never_hit,,never_hit,6.0,1,False,False,False,False,,6.0,1,False,False,False,False,,7.650000000000006,35,True,False,False,False,,7.650000000000006,35,True,False,False,False,,6.0,2025-08-06T09:37:00-04:00,1.8499999999999943,7847.040000000024,297.0,2025-08-06T14:28:00-04:00,2.9000000000000057,5747.040000000001,303.0,2025-08-06T14:34:00-04:00,2.9000000000000057,5747.040000000001,7.0,2025-08-06T09:38:00-04:00,3.0,5547.040000000012,6.0,2025-08-06T09:37:00-04:00,1.8499999999999943,7847.040000000024,1441.0,2025-08-07T09:32:00-04:00,1.0,9547.040000000014,1442.0,2025-08-07T09:33:00-04:00,1.0,9547.040000000014,7.0,2025-08-06T09:38:00-04:00,3.0,5547.040000000012,1443.0,2025-08-07T09:34:00-04:00,0.9499999999999957,9647.04000000002,1468.0,2025-08-07T09:59:00-04:00,0.7999999999999972,9947.040000000019,1472.0,2025-08-07T10:03:00-04:00,0.8999999999999986,9747.040000000015,1444.0,2025-08-07T09:35:00-04:00,1.0999999999999979,9347.040000000017,2891.0,2025-08-08T09:42:00-04:00,0.4499999999999993,10647.040000000014,2892.0,2025-08-08T09:43:00-04:00,0.39999999999999947,10747.040000000014,2893.0,2025-08-08T09:44:00-04:00,0.40000000000000036,10747.040000000012,2892.0,2025-08-08T09:43:00-04:00,0.39999999999999947,10747.040000000014,2812
2025-08-06,2025-08-08,2,7.0,2025-08-06T09:31:00-04:00,7.0,NDXP  250808P24360000,NDXP  250808P24350000,validation,False,False,0,0,0,123,0,1076,available,False,2025-08-06T09:31:00-04:00,2025-08-08T16:00:00-04:00,10.0,-6152.96,0.0,last_observed_quote_not_settlement,1037.0,969,5,9.900000000000091,-6052.960000000183,2025-08-06T09:32:00-04:00,0.0,,,2025-08-06T09:32:00-04:00,60.0,8.849999999999909,-3952.959999999819,2025-08-06T09:36:00-04:00,0.0,,,2025-08-06T09:40:00-04:00,60.0,9.950000000000045,-6152.96,2025-08-06T09:46:00-04:00,0.0,10.0,-6152.96,2025-08-06T10:01:00-04:00,0.0,10.0,-6152.96,2025-08-06T10:31:00-04:00,0.0,,,2025-08-06T11:30:00-04:00,60.0,10.0,-6152.96,2025-08-06T16:00:00-04:00,0.0,8.800000000000068,-3852.9600000001374,2025-08-07T16:00:00-04:00,0.0,10.0,-6152.96,2025-08-08T16:00:00-04:00,0.0,,,,,390.0,hit,390.0,hit,390.0,hit,390.0,hit,390.0,hit,,never_hit,,never_hit,1.0,hit,1.0,hit,0.0,hit,1.0,hit,1.0,hit,1.0,hit,10.0,319,True,True,True,True,,10.0,319,True,True,True,True,,,,True,True,True,False,5.75,,,True,True,True,False,5.75,390.0,2025-08-06T16:01:00-04:00,1.25,11247.04,,,,,,,,,391.0,2025-08-06T16:02:00-04:00,6.5,747.0400000000006,390.0,2025-08-06T16:01:00-04:00,1.25,11247.04,,,,,,,,,391.0,2025-08-06T16:02:00-04:00,6.5,747.0400000000006,,,,,,,,,,,,,,,,,,,,,,,,,,,,,,,,,2813
2025-08-08,2025-08-11,3,5.0,2025-08-08T09:31:00-04:00,4.949999999999989,NDXP  250811P23500000,NDXP  250811P23490000,validation,False,False,0,0,0,1,0,793,available,False,2025-08-08T09:31:00-04:00,2025-08-11T15:59:00-04:00,0.825,7997.039999999977,1.0,last_observed_quote_not_settlement,3916.0,10,5,8.299999999999997,-6952.960000000018,2025-08-08T09:32:00-04:00,0.0,5.0,-352.96000000002203,2025-08-08T09:33:00-04:00,0.0,5.0,-352.96000000002203,2025-08-08T09:36:00-04:00,0.0,4.8500000000000085,-52.96000000003908,2025-08-08T09:41:00-04:00,0.0,4.0,1647.039999999978,2025-08-08T09:46:00-04:00,0.0,3.5999999999999943,2447.0399999999895,2025-08-08T10:01:00-04:00,0.0,3.0,3647.039999999978,2025-08-08T10:31:00-04:00,0.0,3.3999999999999986,2847.039999999981,2025-08-08T11:31:00-04:00,0.0,2.1000000000000014,5447.039999999975,2025-08-08T16:00:00-04:00,0.0,,,2025-08-08T16:15:00-04:00,85500.0,,,2025-08-08T16:15:00-04:00,171900.0,,,2025-08-11T15:59:00-04:00,60.0,0.0,hit,0.0,hit,15.0,hit,41.0,hit,391.0,hit,4349.0,hit,4460.0,hit,1.0,hit,1.0,hit,1.0,hit,1.0,hit,,never_hit,,never_hit,8.299999999999997,8,True,True,False,False,,8.299999999999997,8,True,True,False,False,,8.299999999999997,8,True,True,False,False,,8.299999999999997,8,True,True,False,False,,41.0,2025-08-08T10:12:00-04:00,2.4000000000000057,4847.039999999966,62.0,2025-08-08T10:33:00-04:00,2.8999999999999915,3847.039999999995,63.0,2025-08-08T10:34:00-04:00,2.700000000000003,4247.039999999973,42.0,2025-08-08T10:13:00-04:00,3.5500000000000114,2547.0399999999554,392.0,2025-08-08T16:03:00-04:00,1.9499999999999993,5747.039999999979,393.0,2025-08-08T16:04:00-04:00,1.8000000000000007,6047.039999999976,394.0,2025-08-08T16:05:00-04:00,1.8499999999999979,5947.039999999982,393.0,2025-08-08T16:04:00-04:00,1.8000000000000007,6047.039999999976,4360.0,2025-08-11T10:11:00-04:00,0.75,8147.039999999978,4361.0,2025-08-11T10:12:00-04:00,0.6500000000000004,8347.039999999979,4362.0,2025-08-11T10:13:00-04:00,0.75,8147.039999999978,4361.0,2025-08-11T10:12:00-04:00,0.6500000000000004,8347.039999999979,4461.0,2025-08-11T11:52:00-04:00,0.375,8897.039999999979,4462.0,2025-08-11T11:53:00-04:00,0.34999999999999964,8947.039999999979,4463.0,2025-08-11T11:54:00-04:00,0.3999999999999999,8847.039999999979,4462.0,2025-08-11T11:53:00-04:00,0.34999999999999964,8947.039999999979,2814
2025-08-08,2025-08-11,3,6.0,2025-08-08T09:31:00-04:00,5.949999999999989,NDXP  250811P23540000,NDXP  250811P23530000,validation,False,False,0,0,0,1,0,794,available,False,2025-08-08T09:31:00-04:00,2025-08-11T16:00:00-04:00,3.75,4147.039999999978,0.0,last_observed_quote_not_settlement,3916.0,12,7,6.050000000000011,-452.9600000000448,2025-08-08T09:32:00-04:00,0.0,5.550000000000011,547.0399999999552,2025-08-08T09:33:00-04:00,0.0,5.800000000000011,47.039999999955235,2025-08-08T09:36:00-04:00,0.0,5.6499999999999915,347.039999999995,2025-08-08T09:41:00-04:00,0.0,4.700000000000003,2247.039999999972,2025-08-08T09:46:00-04:00,0.0,4.5,2647.039999999978,2025-08-08T10:01:00-04:00,0.0,3.5500000000000114,4547.039999999955,2025-08-08T10:31:00-04:00,0.0,4.150000000000006,3347.0399999999668,2025-08-08T11:31:00-04:00,0.0,2.799999999999997,6047.039999999984,2025-08-08T16:00:00-04:00,0.0,,,2025-08-08T16:15:00-04:00,85500.0,,,2025-08-08T16:15:00-04:00,171900.0,3.75,4147.039999999978,2025-08-11T16:00:00-04:00,0.0,9.0,hit,12.0,hit,21.0,hit,254.0,hit,404.0,hit,4369.0,hit,4474.0,hit,25.0,hit,4700.0,hit,4700.0,hit,4703.0,hit,4704.0,hit,4707.0,hit,6.650000000000006,3,False,False,False,False,,6.650000000000006,3,False,False,False,False,,6.650000000000006,3,False,False,False,False,,6.650000000000006,3,False,False,False,False,,270.0,2025-08-08T14:01:00-04:00,2.8000000000000043,6047.039999999969,271.0,2025-08-08T14:02:00-04:00,2.75,6147.039999999978,275.0,2025-08-08T14:06:00-04:00,2.799999999999997,6047.039999999984,271.0,2025-08-08T14:02:00-04:00,2.75,6147.039999999978,404.0,2025-08-08T16:15:00-04:00,1.9499999999999993,7747.039999999979,4333.0,2025-08-11T09:44:00-04:00,1.8999999999999986,7847.039999999981,4347.0,2025-08-11T09:58:00-04:00,1.5999999999999979,8447.039999999983,,,,,4460.0,2025-08-11T11:51:00-04:00,0.9000000000000004,9847.039999999979,4461.0,2025-08-11T11:52:00-04:00,0.7999999999999998,10047.039999999979,4462.0,2025-08-11T11:53:00-04:00,0.7000000000000002,10247.039999999979,4461.0,2025-08-11T11:52:00-04:00,0.7999999999999998,10047.039999999979,4477.0,2025-08-11T12:08:00-04:00,0.375,10897.039999999979,4478.0,2025-08-11T12:09:00-04:00,0.34999999999999964,10947.039999999979,4479.0,2025-08-11T12:10:00-04:00,0.32499999999999973,10997.039999999979,4478.0,2025-08-11T12:09:00-04:00,0.34999999999999964,10947.039999999979,2815
2025-08-08,2025-08-11,3,7.0,2025-08-08T09:31:00-04:00,7.050000000000011,NDXP  250811P23600000,NDXP  250811P23590000,validation,False,False,0,0,0,12,0,783,available,False,2025-08-08T09:31:00-04:00,2025-08-11T15:58:00-04:00,10.0,-6052.959999999977,2.0,last_observed_quote_not_settlement,3916.0,32,11,6.899999999999977,47.04000000006892,2025-08-08T09:32:00-04:00,0.0,,,2025-08-08T09:32:00-04:00,60.0,6.25,1347.0400000000234,2025-08-08T09:36:00-04:00,0.0,7.300000000000011,-752.9599999999994,2025-08-08T09:41:00-04:00,0.0,5.8999999999999915,2047.0400000000404,2025-08-08T09:46:00-04:00,0.0,5.599999999999994,2647.040000000035,2025-08-08T10:01:00-04:00,0.0,4.950000000000003,3947.0400000000177,2025-08-08T10:31:00-04:00,0.0,5.599999999999994,2647.040000000035,2025-08-08T11:31:00-04:00,0.0,4.199999999999996,5447.040000000032,2025-08-08T16:00:00-04:00,0.0,,,2025-08-08T16:15:00-04:00,85500.0,,,2025-08-08T16:15:00-04:00,171900.0,,,2025-08-11T15:58:00-04:00,120.0,7.0,hit,7.0,hit,251.0,hit,251.0,hit,4369.0,hit,4480.0,hit,,never_hit,9.0,hit,9.0,hit,0.0,hit,9.0,hit,4666.0,hit,4666.0,hit,8.349999999999966,3,True,True,False,False,,8.349999999999966,3,True,True,False,False,,8.349999999999966,3,True,True,False,False,,,,True,True,True,False,6.150000000000012,251.0,2025-08-08T13:42:00-04:00,2.5,8847.040000000025,4349.0,2025-08-11T10:00:00-04:00,2.8999999999999986,8047.040000000026,4362.0,2025-08-11T10:13:00-04:00,2.75,8347.040000000025,252.0,2025-08-08T13:43:00-04:00,4.449999999999989,4947.040000000046,4465.0,2025-08-11T11:56:00-04:00,1.8500000000000014,10147.04000000002,4466.0,2025-08-11T11:57:00-04:00,1.8000000000000007,10247.040000000023,4467.0,2025-08-11T11:58:00-04:00,1.75,10347.040000000025,4466.0,2025-08-11T11:57:00-04:00,1.8000000000000007,10247.040000000023,4501.0,2025-08-11T12:32:00-04:00,0.8999999999999995,12047.040000000025,4502.0,2025-08-11T12:33:00-04:00,0.9499999999999993,11947.040000000026,,,,,4502.0,2025-08-11T12:33:00-04:00,0.9499999999999993,11947.040000000026,,,,,,,,,,,,,,,,,2816
2025-08-11,2025-08-13,2,5.0,2025-08-11T09:31:00-04:00,4.949999999999989,NDXP  250813P23670000,NDXP  250813P23660000,validation,False,False,0,0,2,16,0,1179,available,False,2025-08-11T09:31:00-04:00,2025-08-13T15:55:00-04:00,0.0,9647.039999999979,5.0,last_observed_quote_not_settlement,1036.0,205,79,5.550000000000011,-1452.9600000000448,2025-08-11T09:32:00-04:00,0.0,5.25,-852.9600000000221,2025-08-11T09:33:00-04:00,0.0,5.25,-852.9600000000221,2025-08-11T09:36:00-04:00,0.0,4.949999999999989,-252.9599999999993,2025-08-11T09:41:00-04:00,0.0,4.800000000000011,47.039999999955235,2025-08-11T09:46:00-04:00,0.0,4.75,147.03999999997797,2025-08-11T10:01:00-04:00,0.0,4.599999999999994,447.03999999998933,2025-08-11T10:31:00-04:00,0.0,4.849999999999994,-52.96000000001066,2025-08-11T11:31:00-04:00,0.0,6.75,-3852.960000000022,2025-08-11T16:00:00-04:00,0.0,1.200000000000001,7247.039999999975,2025-08-12T16:00:00-04:00,0.0,,,2025-08-13T15:55:00-04:00,300.0,,,,,0.0,hit,0.0,hit,122.0,hit,276.0,hit,1623.0,hit,1824.0,hit,2880.0,hit,1.0,hit,50.0,hit,275.0,hit,318.0,hit,,never_hit,,never_hit,7.699999999999989,64,True,False,False,False,,8.600000000000023,205,True,True,False,False,,8.600000000000023,205,True,True,False,False,,8.600000000000023,205,True,True,False,False,,322.0,2025-08-11T14:53:00-04:00,2.9499999999999886,3747.040000000001,1547.0,2025-08-12T11:18:00-04:00,2.75,4147.039999999978,1548.0,2025-08-12T11:19:00-04:00,2.750000000000007,4147.039999999964,323.0,2025-08-11T14:54:00-04:00,6.5,-3352.960000000022,1636.0,2025-08-12T12:47:00-04:00,1.8000000000000043,6047.039999999969,1637.0,2025-08-12T12:48:00-04:00,1.9000000000000021,5847.039999999974,1638.0,2025-08-12T12:49:00-04:00,1.7000000000000028,6247.039999999973,1637.0,2025-08-12T12:48:00-04:00,1.9000000000000021,5847.039999999974,1824.0,2025-08-12T15:55:00-04:00,0.9499999999999993,7747.039999999979,2881.0,2025-08-13T09:32:00-04:00,0.35000000000000053,8947.039999999977,2882.0,2025-08-13T09:33:00-04:00,0.30000000000000027,9047.039999999977,1825.0,2025-08-12T15:56:00-04:00,1.1000000000000014,7447.039999999975,2880.0,2025-08-13T09:31:00-04:00,0.35000000000000053,8947.039999999977,2881.0,2025-08-13T09:32:00-04:00,0.35000000000000053,8947.039999999977,2882.0,2025-08-13T09:33:00-04:00,0.30000000000000027,9047.039999999977,2881.0,2025-08-13T09:32:00-04:00,0.35000000000000053,8947.039999999977,2817
2025-08-11,2025-08-13,2,6.0,2025-08-11T09:31:00-04:00,6.050000000000011,NDXP  250813P23730000,NDXP  250813P23720000,validation,False,False,0,0,0,7,0,1190,available,False,2025-08-11T09:31:00-04:00,2025-08-13T15:57:00-04:00,0.0,11847.040000000025,3.0,last_observed_quote_not_settlement,1036.0,228,114,6.400000000000034,-952.9600000000448,2025-08-11T09:32:00-04:00,0.0,6.550000000000011,-1252.9599999999994,2025-08-11T09:33:00-04:00,0.0,6.150000000000006,-452.95999999998793,2025-08-11T09:36:00-04:00,0.0,5.550000000000011,747.0400000000006,2025-08-11T09:41:00-04:00,0.0,5.849999999999994,147.0400000000348,2025-08-11T09:46:00-04:00,0.0,4.850000000000023,2147.039999999978,2025-08-11T10:01:00-04:00,0.0,5.699999999999989,447.0400000000462,2025-08-11T10:31:00-04:00,0.0,5.75,347.04000000002344,2025-08-11T11:31:00-04:00,0.0,7.100000000000023,-2352.960000000022,2025-08-11T16:00:00-04:00,0.0,2.1000000000000014,7647.040000000021,2025-08-12T16:00:00-04:00,0.0,,,2025-08-13T15:57:00-04:00,180.0,,,,,17.0,hit,17.0,hit,46.0,hit,76.0,hit,208.0,hit,2880.0,hit,2880.0,hit,2.0,hit,3.0,hit,3.0,hit,29.0,hit,,never_hit,,never_hit,8.699999999999989,24,True,True,False,False,,8.699999999999989,49,True,True,False,False,,8.700000000000045,228,True,True,False,False,,8.700000000000045,228,True,True,False,False,,76.0,2025-08-11T10:47:00-04:00,2.9499999999999886,5947.040000000046,1637.0,2025-08-12T12:48:00-04:00,2.8000000000000043,6247.0400000000145,1638.0,2025-08-12T12:49:00-04:00,2.799999999999997,6247.040000000029,77.0,2025-08-11T10:48:00-04:00,5.750000000000028,347.0399999999666,208.0,2025-08-11T12:59:00-04:00,1.700000000000017,8447.03999999999,1807.0,2025-08-12T15:38:00-04:00,1.9000000000000057,8047.040000000012,1826.0,2025-08-12T15:57:00-04:00,1.9000000000000021,8047.040000000019,209.0,2025-08-11T13:00:00-04:00,5.699999999999989,447.0400000000462,2880.0,2025-08-13T09:31:00-04:00,0.5,10847.040000000025,2881.0,2025-08-13T09:32:00-04:00,0.5,10847.040000000025,2882.0,2025-08-13T09:33:00-04:00,0.5,10847.040000000025,2881.0,2025-08-13T09:32:00-04:00,0.5,10847.040000000025,2883.0,2025-08-13T09:34:00-04:00,0.4499999999999993,10947.040000000026,2889.0,2025-08-13T09:40:00-04:00,0.39999999999999947,11047.040000000025,2890.0,2025-08-13T09:41:00-04:00,0.39999999999999947,11047.040000000025,2884.0,2025-08-13T09:35:00-04:00,0.5,10847.040000000025,2818
2025-08-11,2025-08-13,2,7.0,2025-08-11T09:31:00-04:00,7.0,NDXP  250813P23820000,NDXP  250813P23810000,validation,False,False,0,0,3,3,0,1192,available,False,2025-08-11T09:31:00-04:00,2025-08-13T15:55:00-04:00,0.42500000000000004,12897.040000000003,5.0,last_observed_quote_not_settlement,1036.0,356,92,7.300000000000011,-852.9600000000221,2025-08-11T09:32:00-04:00,0.0,7.350000000000023,-952.9600000000448,2025-08-11T09:33:00-04:00,0.0,7.299999999999983,-852.9599999999652,2025-08-11T09:36:00-04:00,0.0,7.199999999999989,-652.9599999999766,2025-08-11T09:41:00-04:00,0.0,7.150000000000006,-552.9600000000107,2025-08-11T09:46:00-04:00,0.0,6.75,247.04000000000067,2025-08-11T10:01:00-04:00,0.0,6.399999999999977,947.0400000000461,2025-08-11T10:31:00-04:00,0.0,6.900000000000006,-52.96000000001066,2025-08-11T11:31:00-04:00,0.0,8.200000000000045,-2652.960000000092,2025-08-11T16:00:00-04:00,0.0,3.8499999999999943,6047.040000000012,2025-08-12T16:00:00-04:00,0.0,,,2025-08-13T15:55:00-04:00,300.0,,,,,41.0,hit,41.0,hit,1806.0,hit,2880.0,hit,2880.0,hit,2900.0,hit,3264.0,hit,4.0,hit,62.0,hit,0.0,hit,62.0,hit,77.0,hit,1462.0,hit,9.600000000000023,356,True,True,True,True,,9.600000000000023,356,True,True,True,True,,9.600000000000023,356,True,True,True,True,,9.600000000000023,356,True,True,True,True,,2880.0,2025-08-13T09:31:00-04:00,1.4499999999999993,10847.040000000003,2881.0,2025-08-13T09:32:00-04:00,1.200000000000001,11347.039999999999,2882.0,2025-08-13T09:33:00-04:00,1.25,11247.04,2881.0,2025-08-13T09:32:00-04:00,1.200000000000001,11347.039999999999,2880.0,2025-08-13T09:31:00-04:00,1.4499999999999993,10847.040000000003,2881.0,2025-08-13T09:32:00-04:00,1.200000000000001,11347.039999999999,2882.0,2025-08-13T09:33:00-04:00,1.25,11247.04,2881.0,2025-08-13T09:32:00-04:00,1.200000000000001,11347.039999999999,2901.0,2025-08-13T09:52:00-04:00,0.9000000000000004,11947.04,2902.0,2025-08-13T09:53:00-04:00,0.9499999999999993,11847.040000000003,2903.0,2025-08-13T09:54:00-04:00,0.9499999999999993,11847.040000000003,2902.0,2025-08-13T09:53:00-04:00,0.9499999999999993,11847.040000000003,3264.0,2025-08-13T15:55:00-04:00,0.42500000000000004,12897.040000000003,,,,,,,,,,,,,2819
2025-08-11,2025-08-14,3,5.0,2025-08-11T09:31:00-04:00,5.099999999999994,NDXP  250814P23680000,NDXP  250814P23670000,validation,False,False,0,0,0,2,0,1595,available,False,2025-08-11T09:31:00-04:00,2025-08-14T15:52:00-04:00,0.0,9947.03999999999,8.0,last_observed_quote_not_settlement,1036.0,178,68,4.950000000000017,47.039999999955235,2025-08-11T09:32:00-04:00,0.0,5.000000000000028,-52.9600000000675,2025-08-11T09:33:00-04:00,0.0,4.999999999999972,-52.959999999953816,2025-08-11T09:36:00-04:00,0.0,4.949999999999989,47.04000000001208,2025-08-11T09:41:00-04:00,0.0,5.200000000000017,-452.9600000000448,2025-08-11T09:46:00-04:00,0.0,4.699999999999989,547.040000000012,2025-08-11T10:01:00-04:00,0.0,4.650000000000034,647.0399999999211,2025-08-11T10:31:00-04:00,0.0,4.799999999999983,347.04000000002344,2025-08-11T11:31:00-04:00,0.0,6.650000000000034,-3352.9600000000787,2025-08-11T16:00:00-04:00,0.0,2.049999999999997,5847.039999999995,2025-08-12T16:00:00-04:00,0.0,1.3999999999999986,7147.039999999992,2025-08-13T16:00:00-04:00,0.0,,,2025-08-14T15:52:00-04:00,480.0,0.0,hit,1.0,hit,193.0,hit,275.0,hit,1800.0,hit,2880.0,hit,4381.0,hit,122.0,hit,122.0,hit,122.0,hit,122.0,hit,,never_hit,,never_hit,8.099999999999994,40,True,True,False,False,,8.300000000000011,178,True,True,False,False,,8.300000000000011,178,True,True,False,False,,8.300000000000011,178,True,True,False,False,,275.0,2025-08-11T14:06:00-04:00,2.8999999999999773,4147.0400000000345,1613.0,2025-08-12T12:24:00-04:00,2.8000000000000114,4347.039999999966,1614.0,2025-08-12T12:25:00-04:00,2.8999999999999915,4147.040000000006,276.0,2025-08-11T14:07:00-04:00,5.0,-52.96000000001066,1820.0,2025-08-12T15:51:00-04:00,1.9000000000000057,6147.039999999978,1844.0,2025-08-12T16:15:00-04:00,1.8999999999999986,6147.039999999992,2882.0,2025-08-13T09:33:00-04:00,0.8500000000000014,8247.039999999988,1821.0,2025-08-12T15:52:00-04:00,2.0,5947.039999999989,2881.0,2025-08-13T09:32:00-04:00,0.75,8447.03999999999,2882.0,2025-08-13T09:33:00-04:00,0.8500000000000014,8247.039999999988,2883.0,2025-08-13T09:34:00-04:00,0.8499999999999996,8247.039999999992,2882.0,2025-08-13T09:33:00-04:00,0.8500000000000014,8247.039999999988,4392.0,2025-08-14T10:43:00-04:00,0.40000000000000036,9147.03999999999,4395.0,2025-08-14T10:46:00-04:00,0.40000000000000036,9147.03999999999,4396.0,2025-08-14T10:47:00-04:00,0.35000000000000053,9247.03999999999,4393.0,2025-08-14T10:44:00-04:00,0.4500000000000002,9047.03999999999,2820
2025-08-11,2025-08-14,3,6.0,2025-08-11T09:31:00-04:00,6.050000000000011,NDXP  250814P23800000,NDXP  250814P23790000,validation,False,False,0,0,2,4,0,1598,available,False,2025-08-11T09:31:00-04:00,2025-08-14T15:57:00-04:00,0.04999999999999999,11747.040000000025,3.0,last_observed_quote_not_settlement,1036.0,379,128,6.699999999999989,-1552.9599999999539,2025-08-11T09:32:00-04:00,0.0,6.25,-652.9599999999766,2025-08-11T09:33:00-04:00,0.0,6.099999999999994,-352.9599999999652,2025-08-11T09:36:00-04:00,0.0,6.749999999999972,-1652.9599999999198,2025-08-11T09:41:00-04:00,0.0,6.699999999999989,-1552.9599999999539,2025-08-11T09:46:00-04:00,0.0,6.25,-652.9599999999766,2025-08-11T10:01:00-04:00,0.0,6.050000000000011,-252.9599999999993,2025-08-11T10:31:00-04:00,0.0,6.699999999999989,-1552.9599999999539,2025-08-11T11:31:00-04:00,0.0,7.199999999999932,-2552.95999999984,2025-08-11T16:00:00-04:00,0.0,3.5500000000000114,4747.040000000001,2025-08-12T16:00:00-04:00,0.0,3.1999999999999957,5447.040000000032,2025-08-13T16:00:00-04:00,0.0,,,2025-08-14T15:57:00-04:00,180.0,13.0,hit,31.0,hit,49.0,hit,2880.0,hit,2881.0,hit,4558.0,hit,4694.0,hit,1.0,hit,46.0,hit,23.0,hit,62.0,hit,222.0,hit,,never_hit,9.25,378,True,True,True,True,,9.25,378,True,True,True,True,,9.25,379,True,True,True,True,,9.25,379,True,True,True,True,,2880.0,2025-08-13T09:31:00-04:00,2.1499999999999986,7547.040000000026,2881.0,2025-08-13T09:32:00-04:00,1.8000000000000007,8247.040000000023,2882.0,2025-08-13T09:33:00-04:00,1.6999999999999993,8447.040000000026,2881.0,2025-08-13T09:32:00-04:00,1.8000000000000007,8247.040000000023,2881.0,2025-08-13T09:32:00-04:00,1.8000000000000007,8247.040000000023,2882.0,2025-08-13T09:33:00-04:00,1.6999999999999993,8447.040000000026,2883.0,2025-08-13T09:34:00-04:00,1.6999999999999957,8447.040000000034,2882.0,2025-08-13T09:33:00-04:00,1.6999999999999993,8447.040000000026,4670.0,2025-08-14T15:21:00-04:00,0.9499999999999993,9947.040000000026,4688.0,2025-08-14T15:39:00-04:00,0.6499999999999999,10547.040000000023,4689.0,2025-08-14T15:40:00-04:00,0.8500000000000005,10147.040000000023,4671.0,2025-08-14T15:22:00-04:00,1.0500000000000003,9747.040000000023,4695.0,2025-08-14T15:46:00-04:00,0.3250000000000002,11197.040000000025,4696.0,2025-08-14T15:47:00-04:00,0.25,11347.040000000025,4697.0,2025-08-14T15:48:00-04:00,0.22499999999999998,11397.040000000023,4696.0,2025-08-14T15:47:00-04:00,0.25,11347.040000000025,2821
2025-08-11,2025-08-14,3,7.0,2025-08-11T09:31:00-04:00,7.0,NDXP  250814P23720000,NDXP  250814P23710000,validation,False,False,0,0,1,0,0,1599,available,False,2025-08-11T09:31:00-04:00,2025-08-14T15:54:00-04:00,0.05000000000000002,13647.040000000003,6.0,last_observed_quote_not_settlement,1036.0,20,34,4.800000000000011,4147.039999999978,2025-08-11T09:32:00-04:00,0.0,5.650000000000006,2447.0399999999895,2025-08-11T09:33:00-04:00,0.0,4.650000000000034,4447.039999999933,2025-08-11T09:36:00-04:00,0.0,5.849999999999994,2047.0400000000122,2025-08-11T09:41:00-04:00,0.0,3.6000000000000227,6547.039999999955,2025-08-11T09:46:00-04:00,0.0,5.099999999999966,3547.040000000069,2025-08-11T10:01:00-04:00,0.0,5.199999999999989,3347.0400000000236,2025-08-11T10:31:00-04:00,0.0,5.349999999999994,3047.0400000000122,2025-08-11T11:31:00-04:00,0.0,6.300000000000011,1147.039999999978,2025-08-11T16:00:00-04:00,0.0,2.5500000000000043,8647.039999999994,2025-08-12T16:00:00-04:00,0.0,1.8000000000000043,10147.039999999994,2025-08-13T16:00:00-04:00,0.0,,,2025-08-14T15:54:00-04:00,360.0,1.0,hit,1.0,hit,15.0,hit,247.0,hit,2880.0,hit,2882.0,hit,4530.0,hit,96.0,hit,304.0,hit,0.0,hit,304.0,hit,,never_hit,,never_hit,7.849999999999994,3,True,False,False,False,,8.400000000000034,20,True,True,False,False,,8.400000000000034,20,True,True,False,False,,8.400000000000034,20,True,True,False,False,,247.0,2025-08-11T13:38:00-04:00,2.049999999999983,9647.040000000035,1672.0,2025-08-12T13:23:00-04:00,2.9000000000000057,7947.039999999989,1684.0,2025-08-12T13:35:00-04:00,2.799999999999997,8147.040000000007,248.0,2025-08-11T13:39:00-04:00,5.75,2247.040000000001,2880.0,2025-08-13T09:31:00-04:00,1.3000000000000007,11147.04,2881.0,2025-08-13T09:32:00-04:00,1.0500000000000007,11647.04,2882.0,2025-08-13T09:33:00-04:00,0.9500000000000028,11847.039999999995,2881.0,2025-08-13T09:32:00-04:00,1.0500000000000007,11647.04,4348.0,2025-08-14T09:59:00-04:00,0.6999999999999993,12347.040000000003,4382.0,2025-08-14T10:33:00-04:00,0.8000000000000007,12147.04,4383.0,2025-08-14T10:34:00-04:00,0.8000000000000007,12147.04,4349.0,2025-08-14T10:00:00-04:00,1.7000000000000028,10347.039999999995,4538.0,2025-08-14T13:09:00-04:00,0.4499999999999993,12847.040000000003,4541.0,2025-08-14T13:12:00-04:00,0.40000000000000036,12947.04,4542.0,2025-08-14T13:13:00-04:00,0.39999999999999947,12947.040000000003,4539.0,2025-08-14T13:10:00-04:00,0.5,12747.04,2822
2025-08-12,2025-08-14,2,5.0,2025-08-12T09:31:00-04:00,5.0,NDXP  250814P23760000,NDXP  250814P23750000,validation,False,False,0,0,0,1,0,1198,available,False,2025-08-12T09:31:00-04:00,2025-08-14T15:58:00-04:00,0.05000000000000002,9647.040000000003,2.0,last_observed_quote_not_settlement,1036.0,82,25,5.199999999999989,-652.9599999999766,2025-08-12T09:32:00-04:00,0.0,7.949999999999989,-6152.959999999976,2025-08-12T09:33:00-04:00,0.0,6.600000000000023,-3452.9600000000446,2025-08-12T09:36:00-04:00,0.0,5.5,-1252.9599999999994,2025-08-12T09:41:00-04:00,0.0,6.449999999999989,-3152.9599999999764,2025-08-12T09:46:00-04:00,0.0,7.150000000000034,-4552.960000000067,2025-08-12T10:01:00-04:00,0.0,5.150000000000006,-552.9600000000107,2025-08-12T10:31:00-04:00,0.0,4.950000000000017,-152.9600000000334,2025-08-12T11:31:00-04:00,0.0,3.1499999999999986,3447.0400000000036,2025-08-12T16:00:00-04:00,0.0,2.3499999999999943,5047.040000000012,2025-08-13T16:00:00-04:00,0.0,,,2025-08-14T15:58:00-04:00,120.0,,,,,0.0,hit,0.0,hit,45.0,hit,366.0,hit,1440.0,hit,2949.0,hit,3109.0,hit,2.0,hit,2.0,hit,2.0,hit,20.0,hit,24.0,hit,,never_hit,9.349999999999994,82,True,True,True,True,,9.349999999999994,82,True,True,True,True,,9.349999999999994,82,True,True,True,True,,9.349999999999994,82,True,True,True,True,,366.0,2025-08-12T15:37:00-04:00,2.9499999999999957,3847.040000000009,385.0,2025-08-12T15:56:00-04:00,2.9000000000000057,3947.0399999999895,1442.0,2025-08-13T09:33:00-04:00,1.25,7247.040000000001,367.0,2025-08-12T15:38:00-04:00,3.0,3747.040000000001,1440.0,2025-08-13T09:31:00-04:00,1.4499999999999993,6847.040000000002,1441.0,2025-08-13T09:32:00-04:00,1.3999999999999986,6947.040000000004,1442.0,2025-08-13T09:33:00-04:00,1.25,7247.040000000001,1441.0,2025-08-13T09:32:00-04:00,1.3999999999999986,6947.040000000004,2956.0,2025-08-14T10:47:00-04:00,0.8000000000000007,8147.04,2957.0,2025-08-14T10:48:00-04:00,0.8000000000000007,8147.04,2958.0,2025-08-14T10:49:00-04:00,0.75,8247.04,2957.0,2025-08-14T10:48:00-04:00,0.8000000000000007,8147.04,3116.0,2025-08-14T13:27:00-04:00,0.40000000000000036,8947.04,3119.0,2025-08-14T13:30:00-04:00,0.39999999999999947,8947.040000000003,3220.0,2025-08-14T15:11:00-04:00,0.3250000000000002,9097.04,3117.0,2025-08-14T13:28:00-04:00,0.4500000000000002,8847.04,2823
2025-08-12,2025-08-14,2,6.0,2025-08-12T09:31:00-04:00,5.750000000000028,NDXP  250814P23740000,NDXP  250814P23730000,validation,False,False,0,0,5,2,0,1193,available,False,2025-08-12T09:31:00-04:00,2025-08-14T15:54:00-04:00,0.04999999999999999,11147.040000000059,6.0,last_observed_quote_not_settlement,1036.0,55,17,6.249999999999972,-1252.9599999998857,2025-08-12T09:32:00-04:00,0.0,6.450000000000017,-1652.9599999999766,2025-08-12T09:33:00-04:00,0.0,5.300000000000011,647.0400000000348,2025-08-12T09:36:00-04:00,0.0,5.300000000000011,647.0400000000348,2025-08-12T09:41:00-04:00,0.0,5.900000000000006,-552.9599999999539,2025-08-12T09:46:00-04:00,0.0,7.5,-3752.9599999999423,2025-08-12T10:01:00-04:00,0.0,5.449999999999989,347.0400000000803,2025-08-12T10:31:00-04:00,0.0,4.700000000000003,1847.0400000000518,2025-08-12T11:31:00-04:00,0.0,2.75,5747.040000000057,2025-08-12T16:00:00-04:00,0.0,2.0500000000000043,7147.040000000049,2025-08-13T16:00:00-04:00,0.0,,,2025-08-14T15:54:00-04:00,360.0,,,,,4.0,hit,11.0,hit,84.0,hit,259.0,hit,1440.0,hit,2919.0,hit,3104.0,hit,2.0,hit,20.0,hit,21.0,hit,35.0,hit,,never_hit,,never_hit,8.700000000000045,55,True,True,False,False,,8.700000000000045,55,True,True,False,False,,8.700000000000045,55,True,True,False,False,,8.700000000000045,55,True,True,False,False,,263.0,2025-08-12T13:54:00-04:00,2.9499999999999957,5347.040000000066,283.0,2025-08-12T14:14:00-04:00,2.8999999999999986,5447.04000000006,284.0,2025-08-12T14:15:00-04:00,2.9000000000000057,5447.040000000046,264.0,2025-08-12T13:55:00-04:00,3.0,5247.040000000057,1440.0,2025-08-13T09:31:00-04:00,1.3000000000000007,8647.040000000057,1441.0,2025-08-13T09:32:00-04:00,1.1999999999999993,8847.040000000059,1442.0,2025-08-13T09:33:00-04:00,1.0999999999999979,9047.040000000063,1441.0,2025-08-13T09:32:00-04:00,1.1999999999999993,8847.040000000059,2948.0,2025-08-14T10:39:00-04:00,0.9499999999999993,9347.040000000059,2949.0,2025-08-14T10:40:00-04:00,0.8000000000000007,9647.040000000057,2950.0,2025-08-14T10:41:00-04:00,0.9000000000000004,9447.040000000057,2949.0,2025-08-14T10:40:00-04:00,0.8000000000000007,9647.040000000057,3107.0,2025-08-14T13:18:00-04:00,0.40000000000000036,10447.040000000057,3116.0,2025-08-14T13:27:00-04:00,0.2999999999999998,10647.040000000059,3117.0,2025-08-14T13:28:00-04:00,0.34999999999999964,10547.040000000059,3108.0,2025-08-14T13:19:00-04:00,0.5000000000000004,10247.040000000057,2824
2025-08-12,2025-08-14,2,7.0,2025-08-12T09:31:00-04:00,7.0,NDXP  250814P23810000,NDXP  250814P23800000,validation,False,False,0,0,1,1,0,1198,available,False,2025-08-12T09:31:00-04:00,2025-08-14T15:59:00-04:00,0.07500000000000001,13597.04,1.0,last_observed_quote_not_settlement,1036.0,49,35,8.25,-2752.960000000001,2025-08-12T09:32:00-04:00,0.0,8.300000000000011,-2852.9600000000237,2025-08-12T09:33:00-04:00,0.0,7.599999999999994,-1452.959999999988,2025-08-12T09:36:00-04:00,0.0,7.099999999999994,-452.95999999998793,2025-08-12T09:41:00-04:00,0.0,7.149999999999977,-552.9599999999539,2025-08-12T09:46:00-04:00,0.0,8.099999999999966,-2452.9599999999327,2025-08-12T10:01:00-04:00,0.0,6.599999999999994,547.040000000012,2025-08-12T10:31:00-04:00,0.0,3.6999999999999886,6347.040000000024,2025-08-12T11:31:00-04:00,0.0,4.049999999999983,5647.0400000000345,2025-08-12T16:00:00-04:00,0.0,3.450000000000003,6847.039999999995,2025-08-13T16:00:00-04:00,0.0,,,2025-08-14T15:59:00-04:00,60.0,,,,,18.0,hit,18.0,hit,120.0,hit,1440.0,hit,1441.0,hit,3248.0,hit,3256.0,hit,1.0,hit,1.0,hit,0.0,hit,1.0,hit,,never_hit,,never_hit,8.450000000000017,49,True,True,False,False,,8.450000000000017,49,True,True,False,False,,8.450000000000017,49,True,True,False,False,,8.450000000000017,49,True,True,False,False,,1440.0,2025-08-13T09:31:00-04:00,2.0500000000000043,9647.039999999994,1441.0,2025-08-13T09:32:00-04:00,1.9499999999999993,9847.040000000003,1442.0,2025-08-13T09:33:00-04:00,1.7499999999999964,10247.040000000008,1441.0,2025-08-13T09:32:00-04:00,1.9499999999999993,9847.040000000003,1441.0,2025-08-13T09:32:00-04:00,1.9499999999999993,9847.040000000003,1442.0,2025-08-13T09:33:00-04:00,1.7499999999999964,10247.040000000008,1443.0,2025-08-13T09:34:00-04:00,1.8500000000000014,10047.039999999999,1442.0,2025-08-13T09:33:00-04:00,1.7499999999999964,10247.040000000008,3254.0,2025-08-14T15:45:00-04:00,0.8000000000000003,12147.04,3255.0,2025-08-14T15:46:00-04:00,0.5499999999999998,12647.040000000003,3256.0,2025-08-14T15:47:00-04:00,0.5,12747.04,3255.0,2025-08-14T15:46:00-04:00,0.5499999999999998,12647.040000000003,3257.0,2025-08-14T15:48:00-04:00,0.42500000000000004,12897.040000000003,3258.0,2025-08-14T15:49:00-04:00,0.27500000000000013,13197.04,3262.0,2025-08-14T15:53:00-04:00,0.125,13497.04,3258.0,2025-08-14T15:49:00-04:00,0.27500000000000013,13197.04,2825
2025-08-12,2025-08-15,3,5.0,2025-08-12T09:31:00-04:00,4.800000000000011,NDXP  250815P23700000,NDXP  250815P23690000,validation,False,False,0,0,4,3,0,1598,available,False,2025-08-12T09:31:00-04:00,2025-08-15T16:00:00-04:00,0.34999999999999987,8647.040000000025,0.0,last_observed_quote_not_settlement,1036.0,104,99,6.0,-2652.9599999999764,2025-08-12T09:32:00-04:00,0.0,5.300000000000011,-1252.9599999999994,2025-08-12T09:33:00-04:00,0.0,5.949999999999989,-2552.9599999999537,2025-08-12T09:36:00-04:00,0.0,4.400000000000034,547.0399999999552,2025-08-12T09:41:00-04:00,0.0,4.900000000000006,-452.95999999998793,2025-08-12T09:46:00-04:00,0.0,6.300000000000011,-3252.959999999999,2025-08-12T10:01:00-04:00,0.0,2.8999999999999773,3547.040000000069,2025-08-12T10:31:00-04:00,0.0,3.8999999999999915,1547.0400000000404,2025-08-12T11:31:00-04:00,0.0,2.5500000000000114,4247.040000000001,2025-08-12T16:00:00-04:00,0.0,2.1499999999999986,5047.040000000026,2025-08-13T16:00:00-04:00,0.0,0.5,8347.040000000025,2025-08-14T16:00:00-04:00,0.0,0.34999999999999987,8647.040000000025,2025-08-15T16:00:00-04:00,0.0,0.0,hit,0.0,hit,60.0,hit,60.0,hit,279.0,hit,1714.0,hit,1714.0,hit,1.0,hit,1.0,hit,27.0,hit,,never_hit,,never_hit,,never_hit,7.300000000000011,38,True,False,False,False,,7.300000000000011,50,True,False,False,False,,7.300000000000011,50,True,False,False,False,,7.300000000000011,50,True,False,False,False,,60.0,2025-08-12T10:31:00-04:00,2.8999999999999773,3547.040000000069,201.0,2025-08-12T12:52:00-04:00,2.9000000000000057,3547.0400000000122,202.0,2025-08-12T12:53:00-04:00,2.9000000000000057,3547.0400000000122,61.0,2025-08-12T10:32:00-04:00,4.349999999999994,647.0400000000348,279.0,2025-08-12T14:10:00-04:00,1.7999999999999972,5747.040000000029,1441.0,2025-08-13T09:32:00-04:00,1.4500000000000028,6447.040000000018,1442.0,2025-08-13T09:33:00-04:00,1.3999999999999986,6547.040000000026,280.0,2025-08-12T14:11:00-04:00,2.799999999999997,3747.040000000029,1714.0,2025-08-13T14:05:00-04:00,0.10000000000000142,9147.04000000002,3283.0,2025-08-14T16:14:00-04:00,0.9000000000000057,7547.040000000012,4693.0,2025-08-15T15:44:00-04:00,0.8250000000000002,7697.040000000023,1715.0,2025-08-13T14:06:00-04:00,2.299999999999997,4747.040000000029,1714.0,2025-08-13T14:05:00-04:00,0.10000000000000142,9147.04000000002,4321.0,2025-08-15T09:32:00-04:00,0.10000000000000142,9147.04000000002,,,,,1715.0,2025-08-13T14:06:00-04:00,2.299999999999997,4747.040000000029,2826
2025-08-12,2025-08-15,3,6.0,2025-08-12T09:31:00-04:00,6.0,NDXP  250815P24030000,NDXP  250815P24020000,validation,False,False,0,0,0,47,0,1556,available,False,2025-08-12T09:31:00-04:00,2025-08-15T16:00:00-04:00,10.0,-8152.96,0.0,last_observed_quote_not_settlement,1037.0,1441,95,8.899999999999977,-6052.9599999999555,2025-08-12T09:32:00-04:00,0.0,8.900000000000034,-6052.960000000069,2025-08-12T09:33:00-04:00,0.0,8.5,-5252.960000000001,2025-08-12T09:36:00-04:00,0.0,8.5,-5252.960000000001,2025-08-12T09:41:00-04:00,0.0,8.699999999999989,-5652.959999999978,2025-08-12T09:46:00-04:00,0.0,9.199999999999989,-6652.959999999978,2025-08-12T10:01:00-04:00,0.0,8.699999999999989,-5652.959999999978,2025-08-12T10:31:00-04:00,0.0,8.300000000000011,-4852.960000000024,2025-08-12T11:31:00-04:00,0.0,,,2025-08-12T15:59:00-04:00,60.0,6.299999999999983,-852.9599999999652,2025-08-13T16:00:00-04:00,0.0,8.550000000000011,-5352.960000000024,2025-08-14T16:00:00-04:00,0.0,10.0,-8152.96,2025-08-15T16:00:00-04:00,0.0,40.0,hit,40.0,hit,40.0,hit,40.0,hit,40.0,hit,3004.0,hit,,never_hit,1.0,hit,1.0,hit,1.0,hit,1.0,hit,20.0,hit,28.0,hit,9.650000000000034,32,True,True,True,True,,9.650000000000034,32,True,True,True,True,,10.0,827,True,True,True,True,,,,True,True,True,False,5.25,40.0,2025-08-12T10:11:00-04:00,1.3999999999999773,8947.040000000046,,,,,,,,,41.0,2025-08-12T10:12:00-04:00,6.2999999999999545,-852.9599999999084,40.0,2025-08-12T10:11:00-04:00,1.3999999999999773,8947.040000000046,,,,,,,,,41.0,2025-08-12T10:12:00-04:00,6.2999999999999545,-852.9599999999084,3004.0,2025-08-14T11:35:00-04:00,0.75,10247.04,,,,,,,,,3005.0,2025-08-14T11:36:00-04:00,8.699999999999989,-5652.959999999978,,,,,,,,,,,,,,,,,2827
2025-08-12,2025-08-15,3,7.0,2025-08-12T09:31:00-04:00,7.099999999999994,NDXP  250815P23820000,NDXP  250815P23810000,validation,False,False,0,0,0,21,0,1581,available,False,2025-08-12T09:31:00-04:00,2025-08-15T16:00:00-04:00,8.049999999999997,-2152.960000000007,0.0,last_observed_quote_not_settlement,1036.0,322,62,6.900000000000006,147.03999999997797,2025-08-12T09:32:00-04:00,0.0,6.800000000000011,347.0399999999666,2025-08-12T09:33:00-04:00,0.0,5.849999999999994,2247.040000000001,2025-08-12T09:36:00-04:00,0.0,5.399999999999977,3147.040000000035,2025-08-12T09:41:00-04:00,0.0,6.5,947.0399999999893,2025-08-12T09:46:00-04:00,0.0,7.600000000000023,-1252.9600000000562,2025-08-12T10:01:00-04:00,0.0,5.75,2447.0399999999895,2025-08-12T10:31:00-04:00,0.0,5.800000000000011,2347.0399999999668,2025-08-12T11:31:00-04:00,0.0,4.0,5947.039999999989,2025-08-12T16:00:00-04:00,0.0,3.75,6447.039999999989,2025-08-13T16:00:00-04:00,0.0,5.849999999999994,2247.040000000001,2025-08-14T16:00:00-04:00,0.0,8.049999999999997,-2152.960000000007,2025-08-15T16:00:00-04:00,0.0,8.0,hit,38.0,hit,41.0,hit,180.0,hit,379.0,hit,1819.0,hit,3121.0,hit,6.0,hit,54.0,hit,0.0,hit,32.0,hit,55.0,hit,55.0,hit,9.550000000000011,30,True,True,True,True,,9.550000000000011,30,True,True,True,True,,9.550000000000011,33,True,True,True,True,,9.550000000000011,33,True,True,True,True,,180.0,2025-08-12T12:31:00-04:00,2.6500000000000057,8647.039999999979,181.0,2025-08-12T12:32:00-04:00,2.3499999999999943,9247.04,1442.0,2025-08-13T09:33:00-04:00,2.299999999999997,9347.039999999995,181.0,2025-08-12T12:32:00-04:00,2.3499999999999943,9247.04,379.0,2025-08-12T15:50:00-04:00,1.2999999999999972,11347.039999999995,3283.0,2025-08-14T16:14:00-04:00,1.7999999999999972,10347.039999999995,,,,,380.0,2025-08-12T15:51:00-04:00,3.999999999999986,5947.040000000018,1819.0,2025-08-13T15:50:00-04:00,0.5500000000000114,12847.039999999968,,,,,,,,,1820.0,2025-08-13T15:51:00-04:00,4.0,5947.039999999989,3121.0,2025-08-14T13:32:00-04:00,0.3500000000000014,13247.039999999988,,,,,,,,,3122.0,2025-08-14T13:33:00-04:00,3.049999999999997,7847.039999999995,2828
2025-08-13,2025-08-15,2,5.0,2025-08-13T09:31:00-04:00,4.949999999999989,NDXP  250815P24010000,NDXP  250815P24000000,validation,False,False,0,0,0,52,0,1146,available,False,2025-08-13T09:31:00-04:00,2025-08-15T16:00:00-04:00,10.0,-10252.960000000021,0.0,last_observed_quote_not_settlement,1037.0,1076,24,3.8999999999999915,1847.039999999995,2025-08-13T09:32:00-04:00,0.0,5.799999999999997,-1952.9600000000164,2025-08-13T09:33:00-04:00,0.0,4.099999999999994,1447.0399999999893,2025-08-13T09:36:00-04:00,0.0,6.0,-2352.960000000022,2025-08-13T09:41:00-04:00,0.0,5.599999999999994,-1552.9600000000107,2025-08-13T09:46:00-04:00,0.0,8.099999999999994,-6552.960000000013,2025-08-13T10:01:00-04:00,0.0,8.099999999999994,-6552.960000000013,2025-08-13T10:31:00-04:00,0.0,7.950000000000017,-6252.960000000058,2025-08-13T11:31:00-04:00,0.0,7.849999999999994,-6052.960000000011,2025-08-13T16:00:00-04:00,0.0,8.5,-7352.960000000024,2025-08-14T16:00:00-04:00,0.0,10.0,-10252.960000000021,2025-08-15T16:00:00-04:00,0.0,,,,,0.0,hit,0.0,hit,1.0,hit,1842.0,hit,1842.0,hit,1844.0,hit,,never_hit,2.0,hit,3.0,hit,30.0,hit,30.0,hit,104.0,hit,199.0,hit,10.0,756,True,True,True,True,,10.0,756,True,True,True,True,,10.0,756,True,True,True,True,,,,True,True,True,False,4.099999999999994,1842.0,2025-08-14T16:13:00-04:00,1.950000000000017,5747.039999999944,1843.0,2025-08-14T16:14:00-04:00,1.950000000000017,5747.039999999944,1844.0,2025-08-14T16:15:00-04:00,0.8499999999999943,7947.039999999989,1843.0,2025-08-14T16:14:00-04:00,1.950000000000017,5747.039999999944,1844.0,2025-08-14T16:15:00-04:00,0.8499999999999943,7947.039999999989,,,,,,,,,,,,,1844.0,2025-08-14T16:15:00-04:00,0.8499999999999943,7947.039999999989,,,,,,,,,,,,,,,,,,,,,,,,,,,,,2829
2025-08-13,2025-08-15,2,6.0,2025-08-13T09:31:00-04:00,6.0,NDXP  250815P24050000,NDXP  250815P24040000,validation,False,False,0,0,0,40,0,1158,available,False,2025-08-13T09:31:00-04:00,2025-08-15T16:00:00-04:00,10.0,-8152.96,0.0,last_observed_quote_not_settlement,1036.0,1055,73,6.099999999999994,-452.95999999998793,2025-08-13T09:32:00-04:00,0.0,5.549999999999983,647.0400000000348,2025-08-13T09:33:00-04:00,0.0,5.900000000000006,-52.96000000001066,2025-08-13T09:36:00-04:00,0.0,6.0,-252.9599999999993,2025-08-13T09:41:00-04:00,0.0,6.199999999999989,-652.9599999999766,2025-08-13T09:46:00-04:00,0.0,5.450000000000017,847.0399999999665,2025-08-13T10:01:00-04:00,0.0,6.849999999999994,-1952.959999999988,2025-08-13T10:31:00-04:00,0.0,,,2025-08-13T11:30:00-04:00,60.0,7.099999999999994,-2452.9599999999878,2025-08-13T16:00:00-04:00,0.0,8.600000000000023,-5452.960000000046,2025-08-14T16:00:00-04:00,0.0,10.0,-8152.96,2025-08-15T16:00:00-04:00,0.0,,,,,3.0,hit,4.0,hit,56.0,hit,1600.0,hit,1600.0,hit,,never_hit,,never_hit,12.0,hit,33.0,hit,33.0,hit,34.0,hit,70.0,hit,208.0,hit,10.0,479,True,True,True,True,,10.0,479,True,True,True,True,,,,True,True,True,False,4.0,,,True,True,True,False,4.0,1600.0,2025-08-14T12:11:00-04:00,2.0,7747.040000000001,,,,,,,,,,,,,,,,,,,,,,,,,,,,,,,,,,,,,,,,,,,,,,,,,,,,,,,,,,,,,2830
2025-08-13,2025-08-15,2,7.0,2025-08-13T09:31:00-04:00,7.199999999999989,NDXP  250815P24120000,NDXP  250815P24110000,validation,False,False,0,0,1,39,0,1159,available,False,2025-08-13T09:31:00-04:00,2025-08-15T16:00:00-04:00,10.0,-5752.960000000023,0.0,last_observed_quote_not_settlement,1036.0,1100,27,7.599999999999994,-1052.9600000000107,2025-08-13T09:32:00-04:00,0.0,7.450000000000017,-752.9600000000562,2025-08-13T09:33:00-04:00,0.0,7.150000000000006,-152.9600000000334,2025-08-13T09:36:00-04:00,0.0,7.25,-352.96000000002203,2025-08-13T09:41:00-04:00,0.0,5.75,2647.039999999978,2025-08-13T09:46:00-04:00,0.0,7.899999999999977,-1652.9599999999766,2025-08-13T10:01:00-04:00,0.0,8.299999999999955,-2452.9599999999327,2025-08-13T10:31:00-04:00,0.0,8.0,-1852.960000000024,2025-08-13T11:31:00-04:00,0.0,7.199999999999989,-252.9599999999993,2025-08-13T16:00:00-04:00,0.0,9.699999999999989,-5252.960000000001,2025-08-14T16:00:00-04:00,0.0,10.0,-5752.960000000023,2025-08-15T16:00:00-04:00,0.0,,,,,137.0,hit,1833.0,hit,1833.0,hit,1833.0,hit,,never_hit,,never_hit,,never_hit,6.0,hit,14.0,hit,0.0,hit,7.0,hit,29.0,hit,141.0,hit,10.0,749,True,True,True,True,,,,True,True,True,False,4.399999999999977,,,True,True,True,False,4.399999999999977,,,True,True,True,False,4.399999999999977,1833.0,2025-08-14T16:04:00-04:00,2.8000000000000114,8547.039999999955,,,,,,,,,1834.0,2025-08-14T16:05:00-04:00,9.800000000000011,-5452.960000000046,,,,,,,,,,,,,,,,,,,,,,,,,,,,,,,,,,,,,,,,,,,,,,,,,2831
2025-08-15,2025-08-18,3,5.0,2025-08-15T09:31:00-04:00,5.0,NDXP  250818P23820000,NDXP  250818P23810000,validation,False,False,0,0,1,63,0,731,available,False,2025-08-15T09:31:00-04:00,2025-08-18T16:00:00-04:00,10.0,-10152.96,0.0,last_observed_quote_not_settlement,3916.0,663,33,4.8999999999999915,-52.95999999998224,2025-08-15T09:32:00-04:00,0.0,5.0,-252.9599999999993,2025-08-15T09:33:00-04:00,0.0,4.900000000000006,-52.96000000001066,2025-08-15T09:36:00-04:00,0.0,5.450000000000003,-1152.960000000005,2025-08-15T09:41:00-04:00,0.0,6.099999999999994,-2452.9599999999878,2025-08-15T09:46:00-04:00,0.0,7.699999999999989,-5652.959999999976,2025-08-15T10:01:00-04:00,0.0,5.25,-752.9599999999994,2025-08-15T10:31:00-04:00,0.0,7.0,-4252.959999999999,2025-08-15T11:31:00-04:00,0.0,5.75,-1752.9599999999994,2025-08-15T16:00:00-04:00,0.0,,,2025-08-15T16:15:00-04:00,85500.0,,,2025-08-15T16:15:00-04:00,171900.0,10.0,-10152.96,2025-08-18T16:00:00-04:00,0.0,0.0,hit,0.0,hit,194.0,hit,,never_hit,,never_hit,,never_hit,,never_hit,4.0,hit,15.0,hit,19.0,hit,140.0,hit,338.0,hit,4343.0,hit,,,True,True,True,False,1.4000000000000057,,,True,True,True,False,1.4000000000000057,,,True,True,True,False,1.4000000000000057,,,True,True,True,False,1.4000000000000057,,,,,,,,,,,,,,,,,,,,,,,,,,,,,,,,,,,,,,,,,,,,,,,,,,,,,,,,,,,,,,,,,2832
2025-08-15,2025-08-18,3,6.0,2025-08-15T09:31:00-04:00,5.949999999999989,NDXP  250818P23850000,NDXP  250818P23840000,validation,False,False,0,0,0,66,0,728,available,False,2025-08-15T09:31:00-04:00,2025-08-18T16:00:00-04:00,10.0,-8252.960000000021,0.0,last_observed_quote_not_settlement,3916.0,644,48,6.25,-852.9600000000221,2025-08-15T09:32:00-04:00,0.0,5.300000000000026,1047.0399999999267,2025-08-15T09:33:00-04:00,0.0,5.299999999999983,1047.040000000012,2025-08-15T09:36:00-04:00,0.0,6.249999999999972,-852.9599999999652,2025-08-15T09:41:00-04:00,0.0,6.650000000000006,-1652.9600000000335,2025-08-15T09:46:00-04:00,0.0,6.549999999999983,-1452.959999999988,2025-08-15T10:01:00-04:00,0.0,6.0,-352.96000000002203,2025-08-15T10:31:00-04:00,0.0,7.549999999999983,-3452.9599999999878,2025-08-15T11:31:00-04:00,0.0,7.5,-3352.960000000022,2025-08-15T16:00:00-04:00,0.0,,,2025-08-15T16:15:00-04:00,85500.0,,,2025-08-15T16:15:00-04:00,171900.0,10.0,-8252.960000000021,2025-08-18T16:00:00-04:00,0.0,2.0,hit,110.0,hit,345.0,hit,,never_hit,,never_hit,,never_hit,,never_hit,15.0,hit,16.0,hit,16.0,hit,17.0,hit,116.0,hit,358.0,hit,,,True,True,True,False,1.9999999999999716,,,True,True,True,False,1.9999999999999716,,,True,True,True,False,1.9999999999999716,,,True,True,True,False,1.9999999999999716,,,,,,,,,,,,,,,,,,,,,,,,,,,,,,,,,,,,,,,,,,,,,,,,,,,,,,,,,,,,,,,,,2833
2025-08-15,2025-08-18,3,7.0,2025-08-15T09:31:00-04:00,6.650000000000006,NDXP  250818P23910000,NDXP  250818P23900000,validation,False,False,0,0,0,100,0,694,available,False,2025-08-15T09:31:00-04:00,2025-08-18T16:00:00-04:00,10.0,-6852.959999999988,0.0,last_observed_quote_not_settlement,3916.0,604,31,8.5,-3952.9599999999896,2025-08-15T09:32:00-04:00,0.0,6.550000000000011,-52.96000000001066,2025-08-15T09:33:00-04:00,0.0,7.550000000000011,-2052.9600000000105,2025-08-15T09:36:00-04:00,0.0,7.050000000000011,-1052.9600000000107,2025-08-15T09:41:00-04:00,0.0,8.849999999999994,-4652.959999999978,2025-08-15T09:46:00-04:00,0.0,8.549999999999955,-4052.9599999998986,2025-08-15T10:01:00-04:00,0.0,6.950000000000017,-852.9600000000221,2025-08-15T10:31:00-04:00,0.0,6.099999999999994,847.0400000000234,2025-08-15T11:31:00-04:00,0.0,8.600000000000023,-4152.9600000000355,2025-08-15T16:00:00-04:00,0.0,,,2025-08-15T16:15:00-04:00,85500.0,,,2025-08-15T16:15:00-04:00,171900.0,10.0,-6852.959999999988,2025-08-18T16:00:00-04:00,0.0,11.0,hit,,never_hit,,never_hit,,never_hit,,never_hit,,never_hit,,never_hit,1.0,hit,1.0,hit,1.0,hit,1.0,hit,24.0,hit,94.0,hit,,,True,True,True,False,1.4000000000000057,,,True,True,True,False,1.4000000000000057,,,True,True,True,False,1.4000000000000057,,,True,True,True,False,1.4000000000000057,,,,,,,,,,,,,,,,,,,,,,,,,,,,,,,,,,,,,,,,,,,,,,,,,,,,,,,,,,,,,,,,,2834
2025-08-18,2025-08-20,2,5.0,2025-08-18T09:31:00-04:00,5.049999999999997,NDXP  250820P23760000,NDXP  250820P23750000,validation,False,False,0,0,0,63,0,1137,available,False,2025-08-18T09:31:00-04:00,2025-08-20T16:00:00-04:00,10.0,-10052.960000000005,0.0,last_observed_quote_not_settlement,1036.0,981,108,5.150000000000006,-452.96000000001635,2025-08-18T09:32:00-04:00,0.0,5.200000000000017,-552.9600000000391,2025-08-18T09:33:00-04:00,0.0,4.800000000000011,247.03999999997225,2025-08-18T09:36:00-04:00,0.0,5.049999999999997,-252.9599999999993,2025-08-18T09:41:00-04:00,0.0,5.1000000000000085,-352.96000000002203,2025-08-18T09:46:00-04:00,0.0,3.549999999999983,2747.040000000029,2025-08-18T10:01:00-04:00,0.0,3.1499999999999773,3547.0400000000404,2025-08-18T10:31:00-04:00,0.0,3.6999999999999886,2447.0400000000177,2025-08-18T11:31:00-04:00,0.0,5.150000000000006,-452.96000000001635,2025-08-18T16:00:00-04:00,0.0,9.899999999999977,-9952.959999999961,2025-08-19T16:00:00-04:00,0.0,10.0,-10052.960000000005,2025-08-20T16:00:00-04:00,0.0,,,,,0.0,hit,3.0,hit,27.0,hit,68.0,hit,,never_hit,,never_hit,,never_hit,23.0,hit,23.0,hit,32.0,hit,83.0,hit,1498.0,hit,1498.0,hit,7.899999999999977,39,True,False,False,False,,,,True,True,True,False,2.1000000000000085,,,True,True,True,False,2.1000000000000085,,,True,True,True,False,2.1000000000000085,68.0,2025-08-18T10:39:00-04:00,2.9499999999999886,3947.0400000000177,,,,,,,,,69.0,2025-08-18T10:40:00-04:00,4.0,1847.039999999995,,,,,,,,,,,,,,,,,,,,,,,,,,,,,,,,,,,,,,,,,,,,,,,,,2835
2025-08-18,2025-08-20,2,6.0,2025-08-18T09:31:00-04:00,6.0,NDXP  250820P23820000,NDXP  250820P23810000,validation,False,False,0,0,0,82,0,1118,available,False,2025-08-18T09:31:00-04:00,2025-08-20T16:00:00-04:00,10.0,-8152.96,0.0,last_observed_quote_not_settlement,1036.0,997,66,5.650000000000006,447.03999999998933,2025-08-18T09:32:00-04:00,0.0,6.050000000000011,-352.96000000002203,2025-08-18T09:33:00-04:00,0.0,6.050000000000011,-352.96000000002203,2025-08-18T09:36:00-04:00,0.0,6.099999999999994,-452.95999999998793,2025-08-18T09:41:00-04:00,0.0,6.0,-252.9599999999993,2025-08-18T09:46:00-04:00,0.0,6.899999999999977,-2052.9599999999537,2025-08-18T10:01:00-04:00,0.0,6.5,-1252.9599999999994,2025-08-18T10:31:00-04:00,0.0,6.5,-1252.9599999999994,2025-08-18T11:31:00-04:00,0.0,6.599999999999994,-1452.959999999988,2025-08-18T16:00:00-04:00,0.0,7.899999999999977,-4052.9599999999537,2025-08-19T16:00:00-04:00,0.0,10.0,-8152.96,2025-08-20T16:00:00-04:00,0.0,,,,,7.0,hit,7.0,hit,85.0,hit,,never_hit,,never_hit,,never_hit,,never_hit,20.0,hit,23.0,hit,23.0,hit,95.0,hit,95.0,hit,225.0,hit,,,True,True,True,False,2.5,,,True,True,True,False,2.5,,,True,True,True,False,2.5,,,True,True,True,False,2.5,,,,,,,,,,,,,,,,,,,,,,,,,,,,,,,,,,,,,,,,,,,,,,,,,,,,,,,,,,,,,,,,,2836
2025-08-18,2025-08-20,2,7.0,2025-08-18T09:31:00-04:00,6.900000000000034,NDXP  250820P23960000,NDXP  250820P23950000,validation,False,False,0,0,0,78,0,1122,available,False,2025-08-18T09:31:00-04:00,2025-08-20T15:59:00-04:00,10.0,-6352.959999999932,1.0,last_observed_quote_not_settlement,1036.0,1052,2,8.149999999999977,-2752.9599999998873,2025-08-18T09:32:00-04:00,0.0,8.299999999999955,-3052.959999999842,2025-08-18T09:33:00-04:00,0.0,7.649999999999977,-1752.9599999998857,2025-08-18T09:36:00-04:00,0.0,8.199999999999989,-2852.95999999991,2025-08-18T09:41:00-04:00,0.0,8.650000000000034,-3752.960000000001,2025-08-18T09:46:00-04:00,0.0,8.75,-3952.9599999999327,2025-08-18T10:01:00-04:00,0.0,8.600000000000023,-3652.959999999978,2025-08-18T10:31:00-04:00,0.0,9.050000000000011,-4552.9599999999555,2025-08-18T11:31:00-04:00,0.0,8.849999999999966,-4152.9599999998645,2025-08-18T16:00:00-04:00,0.0,10.0,-6352.959999999932,2025-08-19T16:00:00-04:00,0.0,,,2025-08-20T15:59:00-04:00,60.0,,,,,2939.0,hit,,never_hit,,never_hit,,never_hit,,never_hit,,never_hit,,never_hit,1.0,hit,1.0,hit,1.0,hit,1.0,hit,40.0,hit,1440.0,hit,,,True,True,True,False,1.7500000000000568,,,True,True,True,False,1.7500000000000568,,,True,True,True,False,1.7500000000000568,,,True,True,True,False,1.7500000000000568,,,,,,,,,,,,,,,,,,,,,,,,,,,,,,,,,,,,,,,,,,,,,,,,,,,,,,,,,,,,,,,,,2837
2025-08-18,2025-08-21,3,5.0,2025-08-18T09:31:00-04:00,5.000000000000028,NDXP  250821P23790000,NDXP  250821P23780000,validation,False,False,0,0,0,121,0,1483,available,False,2025-08-18T09:31:00-04:00,2025-08-21T16:00:00-04:00,10.0,-10152.959999999943,0.0,last_observed_quote_not_settlement,1037.0,1339,68,5.449999999999989,-1152.9599999999198,2025-08-18T09:32:00-04:00,0.0,5.350000000000023,-952.959999999988,2025-08-18T09:33:00-04:00,0.0,5.449999999999989,-1152.9599999999198,2025-08-18T09:36:00-04:00,0.0,5.099999999999994,-452.9599999999311,2025-08-18T09:41:00-04:00,0.0,6.200000000000017,-2652.9599999999764,2025-08-18T09:46:00-04:00,0.0,6.0,-2252.9599999999423,2025-08-18T10:01:00-04:00,0.0,6.050000000000011,-2352.959999999965,2025-08-18T10:31:00-04:00,0.0,7.099999999999994,-4452.959999999931,2025-08-18T11:31:00-04:00,0.0,2.1999999999999886,5347.04000000008,2025-08-18T16:00:00-04:00,0.0,9.399999999999977,-9052.959999999897,2025-08-19T16:00:00-04:00,0.0,9.75,-9752.959999999943,2025-08-20T16:00:00-04:00,0.0,10.0,-10152.959999999943,2025-08-21T16:00:00-04:00,0.0,0.0,hit,20.0,hit,97.0,hit,97.0,hit,,never_hit,,never_hit,,never_hit,12.0,hit,15.0,hit,50.0,hit,50.0,hit,1496.0,hit,1598.0,hit,8.0,87,True,True,False,False,,,,True,True,True,False,2.80000000000004,,,True,True,True,False,2.80000000000004,,,True,True,True,False,2.80000000000004,97.0,2025-08-18T11:08:00-04:00,2.8499999999999943,4047.040000000069,,,,,,,,,98.0,2025-08-18T11:09:00-04:00,6.050000000000011,-2352.959999999965,,,,,,,,,,,,,,,,,,,,,,,,,,,,,,,,,,,,,,,,,,,,,,,,,2838
2025-08-18,2025-08-21,3,6.0,2025-08-18T09:31:00-04:00,6.100000000000023,NDXP  250821P23810000,NDXP  250821P23800000,validation,False,False,0,0,0,116,0,1488,available,False,2025-08-18T09:31:00-04:00,2025-08-21T16:00:00-04:00,8.699999999999932,-5452.959999999819,0.0,last_observed_quote_not_settlement,1039.0,1207,171,6.349999999999994,-752.9599999999425,2025-08-18T09:32:00-04:00,0.0,5.400000000000034,1147.039999999978,2025-08-18T09:33:00-04:00,0.0,5.25,1447.0400000000461,2025-08-18T09:36:00-04:00,0.0,4.949999999999989,2047.040000000069,2025-08-18T09:41:00-04:00,0.0,6.699999999999989,-1452.9599999999311,2025-08-18T09:46:00-04:00,0.0,7.0,-2052.9599999999537,2025-08-18T10:01:00-04:00,0.0,3.299999999999983,5347.04000000008,2025-08-18T10:31:00-04:00,0.0,4.0499999999999545,3847.0400000001373,2025-08-18T11:31:00-04:00,0.0,4.750000000000028,2447.0399999999895,2025-08-18T16:00:00-04:00,0.0,9.600000000000023,-7252.960000000001,2025-08-19T16:00:00-04:00,0.0,10.0,-7952.959999999955,2025-08-20T16:00:00-04:00,0.0,8.699999999999932,-5452.959999999819,2025-08-21T16:00:00-04:00,0.0,2.0,hit,9.0,hit,27.0,hit,68.0,hit,,never_hit,,never_hit,,never_hit,8.0,hit,8.0,hit,8.0,hit,38.0,hit,221.0,hit,221.0,hit,8.799999999999983,25,True,True,False,False,,,,True,True,True,False,3.3500000000000227,,,True,True,True,False,3.3500000000000227,,,True,True,True,False,3.3500000000000227,68.0,2025-08-18T10:39:00-04:00,2.75,6447.040000000046,,,,,,,,,69.0,2025-08-18T10:40:00-04:00,3.75,4447.040000000046,,,,,,,,,,,,,,,,,,,,,,,,,,,,,,,,,,,,,,,,,,,,,,,,,2839
2025-08-18,2025-08-21,3,7.0,2025-08-18T09:31:00-04:00,7.0,NDXP  250821P23920000,NDXP  250821P23910000,validation,False,False,0,0,0,112,0,1492,available,False,2025-08-18T09:31:00-04:00,2025-08-21T16:00:00-04:00,10.0,-6152.96,0.0,last_observed_quote_not_settlement,1038.0,1372,33,7.200000000000017,-652.9600000000335,2025-08-18T09:32:00-04:00,0.0,7.150000000000034,-552.9600000000676,2025-08-18T09:33:00-04:00,0.0,7.049999999999983,-352.9599999999652,2025-08-18T09:36:00-04:00,0.0,6.94999999999996,-152.95999999991972,2025-08-18T09:41:00-04:00,0.0,7.150000000000034,-552.9600000000676,2025-08-18T09:46:00-04:00,0.0,7.7000000000000455,-1652.9600000000903,2025-08-18T10:01:00-04:00,0.0,7.400000000000034,-1052.9600000000676,2025-08-18T10:31:00-04:00,0.0,7.900000000000034,-2052.9600000000673,2025-08-18T11:31:00-04:00,0.0,7.600000000000023,-1452.9600000000448,2025-08-18T16:00:00-04:00,0.0,9.849999999999909,-5952.959999999819,2025-08-19T16:00:00-04:00,0.0,9.950000000000045,-6152.96,2025-08-20T16:00:00-04:00,0.0,10.0,-6152.96,2025-08-21T16:00:00-04:00,0.0,256.0,hit,1527.0,hit,1527.0,hit,3122.0,hit,3122.0,hit,3122.0,hit,3122.0,hit,21.0,hit,22.0,hit,0.0,hit,22.0,hit,1444.0,hit,1490.0,hit,10.0,907,True,True,True,True,,10.0,907,True,True,True,True,,10.0,907,True,True,True,True,,10.0,907,True,True,True,True,,3122.0,2025-08-20T13:33:00-04:00,0.0,13747.04,,,,,,,,,3123.0,2025-08-20T13:34:00-04:00,9.899999999999864,-6052.959999999728,3122.0,2025-08-20T13:33:00-04:00,0.0,13747.04,,,,,,,,,3123.0,2025-08-20T13:34:00-04:00,9.899999999999864,-6052.959999999728,3122.0,2025-08-20T13:33:00-04:00,0.0,13747.04,,,,,,,,,3123.0,2025-08-20T13:34:00-04:00,9.899999999999864,-6052.959999999728,3122.0,2025-08-20T13:33:00-04:00,0.0,13747.04,,,,,,,,,3123.0,2025-08-20T13:34:00-04:00,9.899999999999864,-6052.959999999728,2840
2025-08-19,2025-08-21,2,5.0,2025-08-19T09:31:00-04:00,5.049999999999997,NDXP  250821P23710000,NDXP  250821P23700000,validation,False,False,0,0,0,98,0,1101,available,False,2025-08-19T09:31:00-04:00,2025-08-21T16:00:00-04:00,10.0,-10052.960000000005,0.0,last_observed_quote_not_settlement,1039.0,1002,22,5.599999999999994,-1352.9599999999937,2025-08-19T09:32:00-04:00,0.0,6.649999999999977,-3452.9599999999596,2025-08-19T09:33:00-04:00,0.0,6.650000000000006,-3452.9600000000164,2025-08-19T09:36:00-04:00,0.0,4.850000000000023,147.03999999994954,2025-08-19T09:41:00-04:00,0.0,6.399999999999977,-2952.9599999999596,2025-08-19T09:46:00-04:00,0.0,6.950000000000017,-4052.960000000039,2025-08-19T10:01:00-04:00,0.0,5.449999999999989,-1052.9599999999823,2025-08-19T10:31:00-04:00,0.0,7.800000000000011,-5752.960000000027,2025-08-19T11:31:00-04:00,0.0,9.25,-8652.960000000006,2025-08-19T16:00:00-04:00,0.0,,,2025-08-20T15:59:00-04:00,60.0,10.0,-10052.960000000005,2025-08-21T16:00:00-04:00,0.0,,,,,0.0,hit,9.0,hit,12.0,hit,14.0,hit,,never_hit,,never_hit,,never_hit,1.0,hit,2.0,hit,6.0,hit,7.0,hit,237.0,hit,1440.0,hit,8.350000000000023,10,True,True,False,False,,,,True,True,True,False,2.2999999999999687,,,True,True,True,False,2.2999999999999687,,,True,True,True,False,2.2999999999999687,14.0,2025-08-19T09:45:00-04:00,2.7500000000000284,4347.039999999938,,,,,,,,,15.0,2025-08-19T09:46:00-04:00,6.399999999999977,-2952.9599999999596,,,,,,,,,,,,,,,,,,,,,,,,,,,,,,,,,,,,,,,,,,,,,,,,,2841
2025-08-19,2025-08-21,2,6.0,2025-08-19T09:31:00-04:00,6.049999999999983,NDXP  250821P23780000,NDXP  250821P23770000,validation,False,False,0,0,0,73,0,1126,available,False,2025-08-19T09:31:00-04:00,2025-08-21T16:00:00-04:00,10.0,-8052.960000000034,0.0,last_observed_quote_not_settlement,1037.0,1062,0,6.700000000000017,-1552.9600000000676,2025-08-19T09:32:00-04:00,0.0,6.949999999999989,-2052.9600000000105,2025-08-19T09:33:00-04:00,0.0,7.449999999999989,-3052.9600000000105,2025-08-19T09:36:00-04:00,0.0,7.25,-2652.9600000000332,2025-08-19T09:41:00-04:00,0.0,8.850000000000023,-5852.960000000081,2025-08-19T09:46:00-04:00,0.0,7.400000000000006,-2952.9600000000446,2025-08-19T10:01:00-04:00,0.0,8.25,-4652.9600000000355,2025-08-19T10:31:00-04:00,0.0,8.600000000000023,-5352.960000000081,2025-08-19T11:31:00-04:00,0.0,9.5,-7152.9600000000355,2025-08-19T16:00:00-04:00,0.0,9.899999999999977,-7952.95999999999,2025-08-20T16:00:00-04:00,0.0,10.0,-8052.960000000034,2025-08-21T16:00:00-04:00,0.0,,,,,,never_hit,,never_hit,,never_hit,,never_hit,,never_hit,,never_hit,,never_hit,1.0,hit,3.0,hit,3.0,hit,7.0,hit,7.0,hit,7.0,hit,,,True,True,True,False,0.0,,,True,True,True,False,0.0,,,True,True,True,False,0.0,,,True,True,True,False,0.0,,,,,,,,,,,,,,,,,,,,,,,,,,,,,,,,,,,,,,,,,,,,,,,,,,,,,,,,,,,,,,,,,2842
2025-08-19,2025-08-21,2,7.0,2025-08-19T09:31:00-04:00,7.099999999999994,NDXP  250821P23800000,NDXP  250821P23790000,validation,False,False,0,0,0,107,0,1092,available,False,2025-08-19T09:31:00-04:00,2025-08-21T16:00:00-04:00,10.0,-5952.960000000011,0.0,last_observed_quote_not_settlement,1036.0,983,23,7.699999999999989,-1452.959999999988,2025-08-19T09:32:00-04:00,0.0,6.050000000000011,1847.0399999999665,2025-08-19T09:33:00-04:00,0.0,8.199999999999989,-2452.9599999999896,2025-08-19T09:36:00-04:00,0.0,7.2000000000000455,-452.9600000001016,2025-08-19T09:41:00-04:00,0.0,7.7999999999999545,-1652.9599999999198,2025-08-19T09:46:00-04:00,0.0,7.799999999999983,-1652.9599999999766,2025-08-19T10:01:00-04:00,0.0,8.200000000000045,-2452.9600000001033,2025-08-19T10:31:00-04:00,0.0,8.799999999999955,-3652.9599999999214,2025-08-19T11:31:00-04:00,0.0,9.850000000000023,-5752.960000000058,2025-08-19T16:00:00-04:00,0.0,10.0,-5952.960000000011,2025-08-20T16:00:00-04:00,0.0,10.0,-5952.960000000011,2025-08-21T16:00:00-04:00,0.0,,,,,26.0,hit,355.0,hit,,never_hit,,never_hit,,never_hit,,never_hit,,never_hit,1.0,hit,5.0,hit,0.0,hit,5.0,hit,89.0,hit,107.0,hit,,,True,True,True,False,2.200000000000017,,,True,True,True,False,2.200000000000017,,,True,True,True,False,2.200000000000017,,,True,True,True,False,2.200000000000017,,,,,,,,,,,,,,,,,,,,,,,,,,,,,,,,,,,,,,,,,,,,,,,,,,,,,,,,,,,,,,,,,2843
2025-08-19,2025-08-22,3,5.0,2025-08-19T09:31:00-04:00,4.950000000000017,NDXP  250822P23770000,NDXP  250822P23760000,validation,False,False,0,0,1,140,0,1463,available,False,2025-08-19T09:31:00-04:00,2025-08-22T15:59:00-04:00,10.0,-10252.959999999965,1.0,last_observed_quote_not_settlement,1037.0,1335,18,5.349999999999994,-1052.9599999999539,2025-08-19T09:32:00-04:00,0.0,2.25,5147.0400000000345,2025-08-19T09:33:00-04:00,0.0,6.800000000000011,-3952.9599999999878,2025-08-19T09:36:00-04:00,0.0,6.549999999999983,-3452.959999999931,2025-08-19T09:41:00-04:00,0.0,6.399999999999977,-3152.9599999999195,2025-08-19T09:46:00-04:00,0.0,6.400000000000006,-3152.9599999999764,2025-08-19T10:01:00-04:00,0.0,6.949999999999932,-4252.959999999829,2025-08-19T10:31:00-04:00,0.0,7.399999999999977,-5152.95999999992,2025-08-19T11:31:00-04:00,0.0,8.150000000000091,-6652.960000000149,2025-08-19T16:00:00-04:00,0.0,9.5,-9352.959999999966,2025-08-20T16:00:00-04:00,0.0,9.899999999999864,-10152.959999999694,2025-08-21T16:00:00-04:00,0.0,,,2025-08-22T15:59:00-04:00,60.0,0.0,hit,0.0,hit,2.0,hit,2.0,hit,,never_hit,,never_hit,,never_hit,3.0,hit,3.0,hit,14.0,hit,36.0,hit,276.0,hit,374.0,hit,5.349999999999994,1,False,False,False,False,,,,True,True,True,False,2.700000000000017,,,True,True,True,False,2.700000000000017,,,True,True,True,False,2.700000000000017,2.0,2025-08-19T09:33:00-04:00,2.25,5147.0400000000345,,,,,,,,,3.0,2025-08-19T09:34:00-04:00,6.200000000000017,-2752.959999999999,,,,,,,,,,,,,,,,,,,,,,,,,,,,,,,,,,,,,,,,,,,,,,,,,2844
2025-08-19,2025-08-22,3,6.0,2025-08-19T09:31:00-04:00,5.949999999999989,NDXP  250822P23820000,NDXP  250822P23810000,validation,False,False,0,0,1,188,0,1415,available,False,2025-08-19T09:31:00-04:00,2025-08-22T15:58:00-04:00,10.0,-8252.960000000021,2.0,last_observed_quote_not_settlement,1037.0,1222,35,4.050000000000011,3547.0399999999554,2025-08-19T09:32:00-04:00,0.0,3.7500000000000284,4147.039999999921,2025-08-19T09:33:00-04:00,0.0,6.900000000000034,-2152.96000000009,2025-08-19T09:36:00-04:00,0.0,6.449999999999989,-1252.9599999999994,2025-08-19T09:41:00-04:00,0.0,7.0,-2352.960000000022,2025-08-19T09:46:00-04:00,0.0,6.900000000000034,-2152.96000000009,2025-08-19T10:01:00-04:00,0.0,7.150000000000034,-2652.96000000009,2025-08-19T10:31:00-04:00,0.0,8.0,-4352.960000000024,2025-08-19T11:31:00-04:00,0.0,,,2025-08-19T15:58:00-04:00,120.0,9.649999999999977,-7652.959999999978,2025-08-20T16:00:00-04:00,0.0,9.899999999999864,-8152.959999999751,2025-08-21T16:00:00-04:00,0.0,,,2025-08-22T15:58:00-04:00,120.0,1.0,hit,1.0,hit,2.0,hit,195.0,hit,284.0,hit,,never_hit,,never_hit,3.0,hit,4.0,hit,4.0,hit,69.0,hit,146.0,hit,306.0,hit,9.449999999999989,191,True,True,True,True,,9.449999999999989,265,True,True,True,True,,,,True,True,True,False,4.549999999999898,,,True,True,True,False,4.549999999999898,195.0,2025-08-19T12:46:00-04:00,2.7999999999999545,6047.040000000069,289.0,2025-08-19T14:20:00-04:00,2.8000000000000114,6047.039999999955,,,,,196.0,2025-08-19T12:47:00-04:00,8.5,-5352.960000000024,284.0,2025-08-19T14:15:00-04:00,1.8999999999999773,7847.040000000024,,,,,,,,,285.0,2025-08-19T14:16:00-04:00,3.0500000000000114,5547.039999999955,,,,,,,,,,,,,,,,,,,,,,,,,,,,,,,,,2845
2025-08-19,2025-08-22,3,7.0,2025-08-19T09:31:00-04:00,6.9500000000000455,NDXP  250822P23910000,NDXP  250822P23900000,validation,False,False,0,0,0,210,0,1393,available,False,2025-08-19T09:31:00-04:00,2025-08-22T16:00:00-04:00,8.100000000000023,-2552.9599999999555,0.0,last_observed_quote_not_settlement,1038.0,1196,36,7.050000000000068,-452.9600000000448,2025-08-19T09:32:00-04:00,0.0,6.300000000000011,1047.0400000000689,2025-08-19T09:33:00-04:00,0.0,7.899999999999977,-2152.9599999998627,2025-08-19T09:36:00-04:00,0.0,7.650000000000034,-1652.9599999999766,2025-08-19T09:41:00-04:00,0.0,8.0,-2352.95999999991,2025-08-19T09:46:00-04:00,0.0,8.0,-2352.95999999991,2025-08-19T10:01:00-04:00,0.0,8.350000000000023,-3052.9599999999555,2025-08-19T10:31:00-04:00,0.0,8.75,-3852.95999999991,2025-08-19T11:31:00-04:00,0.0,8.899999999999977,-4152.9599999998645,2025-08-19T16:00:00-04:00,0.0,9.799999999999955,-5952.959999999819,2025-08-20T16:00:00-04:00,0.0,9.949999999999932,-6252.959999999774,2025-08-21T16:00:00-04:00,0.0,8.100000000000023,-2552.9599999999555,2025-08-22T16:00:00-04:00,0.0,80.0,hit,80.0,hit,107.0,hit,107.0,hit,110.0,hit,1682.0,hit,1682.0,hit,3.0,hit,15.0,hit,1.0,hit,15.0,hit,78.0,hit,90.0,hit,10.0,92,True,True,True,True,,10.0,92,True,True,True,True,,10.0,476,True,True,True,True,,10.0,476,True,True,True,True,,107.0,2025-08-19T11:18:00-04:00,2.900000000000034,7847.040000000024,,,,,,,,,108.0,2025-08-19T11:19:00-04:00,5.399999999999977,2847.0400000001373,110.0,2025-08-19T11:21:00-04:00,1.6499999999999773,10347.040000000137,,,,,,,,,111.0,2025-08-19T11:22:00-04:00,9.149999999999977,-4652.9599999998645,1682.0,2025-08-20T13:33:00-04:00,0.4500000000000455,12747.04,,,,,,,,,,,,,,,,,,,,,,,,,,,,,2846
2025-08-20,2025-08-22,2,5.0,2025-08-20T09:31:00-04:00,5.0,NDXP  250822P23350000,NDXP  250822P23340000,validation,False,False,0,0,5,4,0,1185,available,False,2025-08-20T09:31:00-04:00,2025-08-22T15:50:00-04:00,0.05000000000000002,9647.040000000003,10.0,last_observed_quote_not_settlement,1036.0,718,78,4.700000000000017,347.0399999999666,2025-08-20T09:32:00-04:00,0.0,5.099999999999966,-452.9599999999311,2025-08-20T09:33:00-04:00,0.0,4.800000000000011,147.03999999997797,2025-08-20T09:36:00-04:00,0.0,5.199999999999989,-652.9599999999766,2025-08-20T09:41:00-04:00,0.0,5.900000000000006,-2052.9600000000105,2025-08-20T09:46:00-04:00,0.0,6.800000000000011,-3852.960000000022,2025-08-20T10:01:00-04:00,0.0,7.649999999999977,-5552.959999999954,2025-08-20T10:31:00-04:00,0.0,6.649999999999977,-3552.9599999999537,2025-08-20T11:31:00-04:00,0.0,5.599999999999994,-1452.959999999988,2025-08-20T16:00:00-04:00,0.0,6.949999999999989,-4152.959999999976,2025-08-21T16:00:00-04:00,0.0,,,2025-08-22T15:50:00-04:00,600.0,,,,,0.0,hit,0.0,hit,218.0,hit,269.0,hit,275.0,hit,2948.0,hit,2973.0,hit,13.0,hit,16.0,hit,16.0,hit,41.0,hit,1537.0,hit,1844.0,hit,8.649999999999977,201,True,True,False,False,,8.649999999999977,205,True,True,False,False,,10.0,718,True,True,True,True,,10.0,718,True,True,True,True,,269.0,2025-08-20T14:00:00-04:00,2.4000000000000057,4947.039999999989,2914.0,2025-08-22T10:05:00-04:00,1.5499999999999972,6647.040000000006,2915.0,2025-08-22T10:06:00-04:00,2.549999999999997,4647.040000000006,270.0,2025-08-20T14:01:00-04:00,6.2000000000000455,-2652.96000000009,275.0,2025-08-20T14:06:00-04:00,1.8999999999999773,5947.040000000046,2924.0,2025-08-22T10:15:00-04:00,1.5499999999999972,6647.040000000006,2925.0,2025-08-22T10:16:00-04:00,1.5,6747.040000000001,276.0,2025-08-20T14:07:00-04:00,5.699999999999989,-1652.9599999999766,2948.0,2025-08-22T10:39:00-04:00,0.9499999999999993,7847.040000000002,2954.0,2025-08-22T10:45:00-04:00,0.8000000000000007,8147.04,2958.0,2025-08-22T10:49:00-04:00,0.75,8247.04,2949.0,2025-08-22T10:40:00-04:00,1.2000000000000028,7347.039999999995,2973.0,2025-08-22T11:04:00-04:00,0.40000000000000036,8947.04,2974.0,2025-08-22T11:05:00-04:00,0.4499999999999993,8847.040000000003,3002.0,2025-08-22T11:33:00-04:00,0.40000000000000036,8947.04,2974.0,2025-08-22T11:05:00-04:00,0.4499999999999993,8847.040000000003,2847
2025-08-20,2025-08-22,2,6.0,2025-08-20T09:31:00-04:00,6.049999999999983,NDXP  250822P23450000,NDXP  250822P23440000,validation,False,False,0,0,1,4,0,1190,available,False,2025-08-20T09:31:00-04:00,2025-08-22T15:58:00-04:00,0.2,11447.039999999966,2.0,last_observed_quote_not_settlement,1036.0,798,30,6.900000000000006,-1952.9600000000448,2025-08-20T09:32:00-04:00,0.0,5.0,1847.0399999999665,2025-08-20T09:33:00-04:00,0.0,5.0,1847.0399999999665,2025-08-20T09:36:00-04:00,0.0,5.449999999999989,947.0399999999893,2025-08-20T09:41:00-04:00,0.0,5.050000000000011,1747.0399999999438,2025-08-20T09:46:00-04:00,0.0,7.800000000000011,-3752.960000000056,2025-08-20T10:01:00-04:00,0.0,9.300000000000011,-6752.960000000058,2025-08-20T10:31:00-04:00,0.0,7.949999999999989,-4052.9600000000105,2025-08-20T11:31:00-04:00,0.0,6.850000000000023,-1852.960000000079,2025-08-20T16:00:00-04:00,0.0,8.199999999999932,-4552.959999999899,2025-08-21T16:00:00-04:00,0.0,,,2025-08-22T15:58:00-04:00,120.0,,,,,2.0,hit,2.0,hit,3.0,hit,176.0,hit,176.0,hit,3113.0,hit,3145.0,hit,1.0,hit,16.0,hit,16.0,hit,27.0,hit,60.0,hit,81.0,hit,9.949999999999989,148,True,True,True,True,,9.949999999999989,148,True,True,True,True,,9.949999999999989,798,True,True,True,True,,9.949999999999989,798,True,True,True,True,,176.0,2025-08-20T12:27:00-04:00,1.1999999999999318,9447.040000000105,2927.0,2025-08-22T10:18:00-04:00,2.700000000000003,6447.039999999961,2944.0,2025-08-22T10:35:00-04:00,2.5500000000000043,6747.039999999958,177.0,2025-08-20T12:28:00-04:00,7.0,-2152.9600000000332,176.0,2025-08-20T12:27:00-04:00,1.1999999999999318,9447.040000000105,2956.0,2025-08-22T10:47:00-04:00,1.4000000000000021,9047.039999999963,2957.0,2025-08-22T10:48:00-04:00,1.6000000000000014,8647.039999999964,177.0,2025-08-20T12:28:00-04:00,7.0,-2152.9600000000332,3118.0,2025-08-22T13:29:00-04:00,0.9000000000000004,10047.039999999966,3119.0,2025-08-22T13:30:00-04:00,0.8499999999999996,10147.039999999968,3127.0,2025-08-22T13:38:00-04:00,0.8500000000000005,10147.039999999966,3119.0,2025-08-22T13:30:00-04:00,0.8499999999999996,10147.039999999968,3187.0,2025-08-22T14:38:00-04:00,0.44999999999999973,10947.039999999966,3202.0,2025-08-22T14:53:00-04:00,0.40000000000000036,11047.039999999966,3203.0,2025-08-22T14:54:00-04:00,0.4249999999999998,10997.039999999968,3188.0,2025-08-22T14:39:00-04:00,0.5999999999999996,10647.039999999968,2848
2025-08-20,2025-08-22,2,7.0,2025-08-20T09:31:00-04:00,7.0,NDXP  250822P23440000,NDXP  250822P23430000,validation,False,False,0,0,5,5,0,1186,available,False,2025-08-20T09:31:00-04:00,2025-08-22T15:55:00-04:00,0.09999999999999998,13547.04,5.0,last_observed_quote_not_settlement,1036.0,706,70,6.650000000000006,447.03999999998933,2025-08-20T09:32:00-04:00,0.0,7.0,-252.9599999999993,2025-08-20T09:33:00-04:00,0.0,6.199999999999989,1347.0400000000234,2025-08-20T09:36:00-04:00,0.0,7.300000000000011,-852.9600000000221,2025-08-20T09:41:00-04:00,0.0,8.050000000000011,-2352.9600000000237,2025-08-20T09:46:00-04:00,0.0,7.699999999999989,-1652.9599999999766,2025-08-20T10:01:00-04:00,0.0,8.050000000000011,-2352.9600000000237,2025-08-20T10:31:00-04:00,0.0,7.649999999999977,-1552.9599999999539,2025-08-20T11:31:00-04:00,0.0,6.550000000000011,647.0399999999779,2025-08-20T16:00:00-04:00,0.0,8.450000000000045,-3152.960000000092,2025-08-21T16:00:00-04:00,0.0,,,2025-08-22T15:55:00-04:00,300.0,,,,,3.0,hit,40.0,hit,40.0,hit,2918.0,hit,2950.0,hit,2960.0,hit,2960.0,hit,8.0,hit,8.0,hit,0.0,hit,8.0,hit,42.0,hit,42.0,hit,9.699999999999989,706,True,True,True,True,,9.699999999999989,706,True,True,True,True,,9.699999999999989,706,True,True,True,True,,9.699999999999989,706,True,True,True,True,,2923.0,2025-08-22T10:14:00-04:00,2.8999999999999986,7947.040000000004,2924.0,2025-08-22T10:15:00-04:00,2.75,8247.04,2928.0,2025-08-22T10:19:00-04:00,2.9499999999999957,7847.040000000009,2924.0,2025-08-22T10:15:00-04:00,2.75,8247.04,2950.0,2025-08-22T10:41:00-04:00,1.75,10247.04,2953.0,2025-08-22T10:44:00-04:00,1.75,10247.04,2954.0,2025-08-22T10:45:00-04:00,1.6000000000000014,10547.039999999999,2951.0,2025-08-22T10:42:00-04:00,2.3000000000000043,9147.039999999994,2960.0,2025-08-22T10:51:00-04:00,0.5,12747.04,3118.0,2025-08-22T13:29:00-04:00,0.75,12247.04,3119.0,2025-08-22T13:30:00-04:00,0.7000000000000002,12347.04,2961.0,2025-08-22T10:52:00-04:00,1.9000000000000021,9947.039999999997,2998.0,2025-08-22T11:29:00-04:00,0.1999999999999993,13347.040000000003,3185.0,2025-08-22T14:36:00-04:00,0.4249999999999998,12897.040000000003,3186.0,2025-08-22T14:37:00-04:00,0.375,12997.04,2999.0,2025-08-22T11:30:00-04:00,1.3500000000000014,11047.039999999999,2849
2025-08-22,2025-08-25,3,5.0,2025-08-22T09:31:00-04:00,4.949999999999989,NDXP  250825P23180000,NDXP  250825P23170000,validation,False,False,0,0,28,6,0,719,available,False,2025-08-22T09:31:00-04:00,2025-08-25T15:26:00-04:00,0.0,9647.039999999979,34.0,last_observed_quote_not_settlement,3916.0,0,0,4.349999999999994,947.0399999999893,2025-08-22T09:32:00-04:00,0.0,4.200000000000017,1247.0399999999438,2025-08-22T09:33:00-04:00,0.0,4.199999999999989,1247.0400000000006,2025-08-22T09:36:00-04:00,0.0,3.8499999999999943,1947.0399999999893,2025-08-22T09:41:00-04:00,0.0,3.3999999999999773,2847.0400000000236,2025-08-22T09:46:00-04:00,0.0,1.5999999999999943,6447.039999999989,2025-08-22T10:01:00-04:00,0.0,1.2999999999999972,7047.039999999984,2025-08-22T10:31:00-04:00,0.0,0.5999999999999996,8447.039999999979,2025-08-22T11:31:00-04:00,0.0,0.5999999999999996,8447.039999999979,2025-08-22T16:00:00-04:00,0.0,,,2025-08-22T16:15:00-04:00,85500.0,,,2025-08-22T16:15:00-04:00,171900.0,,,2025-08-25T15:26:00-04:00,2040.0,0.0,hit,0.0,hit,7.0,hit,30.0,hit,30.0,hit,45.0,hit,252.0,hit,,never_hit,,never_hit,,never_hit,,never_hit,,never_hit,,never_hit,4.949999999999989,0,False,False,False,False,,4.949999999999989,0,False,False,False,False,,4.949999999999989,0,False,False,False,False,,4.949999999999989,0,False,False,False,False,,30.0,2025-08-22T10:01:00-04:00,1.5999999999999943,6447.039999999989,31.0,2025-08-22T10:02:00-04:00,2.25,5147.039999999978,32.0,2025-08-22T10:03:00-04:00,2.1000000000000014,5447.039999999975,31.0,2025-08-22T10:02:00-04:00,2.25,5147.039999999978,30.0,2025-08-22T10:01:00-04:00,1.5999999999999943,6447.039999999989,34.0,2025-08-22T10:05:00-04:00,1.8499999999999943,5947.039999999989,35.0,2025-08-22T10:06:00-04:00,1.75,6147.039999999978,31.0,2025-08-22T10:02:00-04:00,2.25,5147.039999999978,46.0,2025-08-22T10:17:00-04:00,0.9499999999999993,7747.039999999979,73.0,2025-08-22T10:44:00-04:00,0.8499999999999979,7947.039999999982,74.0,2025-08-22T10:45:00-04:00,0.8000000000000007,8047.039999999976,47.0,2025-08-22T10:18:00-04:00,1.0999999999999979,7447.039999999982,4328.0,2025-08-25T09:39:00-04:00,0.40000000000000036,8847.039999999979,4347.0,2025-08-25T09:58:00-04:00,0.25,9147.039999999979,4348.0,2025-08-25T09:59:00-04:00,0.2999999999999998,9047.039999999979,4329.0,2025-08-25T09:40:00-04:00,0.4500000000000002,8747.039999999979,2850
2025-08-22,2025-08-25,3,6.0,2025-08-22T09:31:00-04:00,6.050000000000011,NDXP  250825P23310000,NDXP  250825P23300000,validation,False,False,0,0,22,5,0,763,available,False,2025-08-22T09:31:00-04:00,2025-08-25T15:44:00-04:00,0.04999999999999999,11747.040000000025,16.0,last_observed_quote_not_settlement,3916.0,0,0,5.800000000000011,247.04000000000067,2025-08-22T09:32:00-04:00,0.0,6.0,-152.95999999997656,2025-08-22T09:33:00-04:00,0.0,5.599999999999994,647.0400000000348,2025-08-22T09:36:00-04:00,0.0,4.849999999999966,2147.040000000092,2025-08-22T09:41:00-04:00,0.0,4.650000000000006,2547.0400000000122,2025-08-22T09:46:00-04:00,0.0,3.299999999999997,5247.040000000029,2025-08-22T10:01:00-04:00,0.0,2.1000000000000014,7647.040000000021,2025-08-22T10:31:00-04:00,0.0,1.25,9347.040000000025,2025-08-22T11:31:00-04:00,0.0,1.3999999999999986,9047.040000000026,2025-08-22T16:00:00-04:00,0.0,,,2025-08-22T16:15:00-04:00,85500.0,,,2025-08-22T16:15:00-04:00,171900.0,,,2025-08-25T15:44:00-04:00,960.0,7.0,hit,10.0,hit,16.0,hit,16.0,hit,39.0,hit,4348.0,hit,4386.0,hit,,never_hit,,never_hit,,never_hit,,never_hit,,never_hit,,never_hit,6.050000000000011,0,False,False,False,False,,6.050000000000011,0,False,False,False,False,,6.050000000000011,0,False,False,False,False,,6.050000000000011,0,False,False,False,False,,16.0,2025-08-22T09:47:00-04:00,2.25,7347.040000000024,36.0,2025-08-22T10:07:00-04:00,2.000000000000014,7847.039999999995,37.0,2025-08-22T10:08:00-04:00,2.9000000000000057,6047.040000000012,17.0,2025-08-22T09:48:00-04:00,4.75,2347.0400000000236,39.0,2025-08-22T10:10:00-04:00,1.5499999999999972,8747.04000000003,45.0,2025-08-22T10:16:00-04:00,1.6499999999999915,8547.04000000004,46.0,2025-08-22T10:17:00-04:00,1.7000000000000028,8447.040000000019,40.0,2025-08-22T10:11:00-04:00,2.25,7347.040000000024,4354.0,2025-08-25T10:05:00-04:00,0.7999999999999998,10247.040000000025,4355.0,2025-08-25T10:06:00-04:00,0.7999999999999998,10247.040000000025,4356.0,2025-08-25T10:07:00-04:00,0.7499999999999991,10347.040000000026,4355.0,2025-08-25T10:06:00-04:00,0.7999999999999998,10247.040000000025,4387.0,2025-08-25T10:38:00-04:00,0.39999999999999947,11047.040000000025,4398.0,2025-08-25T10:49:00-04:00,0.34999999999999964,11147.040000000025,4399.0,2025-08-25T10:50:00-04:00,0.3999999999999999,11047.040000000023,4388.0,2025-08-25T10:39:00-04:00,0.5,10847.040000000025,2851
2025-08-22,2025-08-25,3,7.0,2025-08-22T09:31:00-04:00,7.050000000000011,NDXP  250825P23390000,NDXP  250825P23380000,validation,False,False,0,0,6,7,0,781,available,False,2025-08-22T09:31:00-04:00,2025-08-25T15:48:00-04:00,0.024999999999999967,13797.040000000023,12.0,last_observed_quote_not_settlement,3916.0,2,4,6.800000000000011,247.04000000000067,2025-08-22T09:32:00-04:00,0.0,6.7000000000000455,447.0399999999325,2025-08-22T09:33:00-04:00,0.0,6.800000000000011,247.04000000000067,2025-08-22T09:36:00-04:00,0.0,5.849999999999966,2147.040000000092,2025-08-22T09:41:00-04:00,0.0,5.250000000000028,3347.0399999999668,2025-08-22T09:46:00-04:00,0.0,2.3500000000000227,9147.039999999979,2025-08-22T10:01:00-04:00,0.0,2.8000000000000114,8247.04,2025-08-22T10:31:00-04:00,0.0,1.8500000000000014,10147.04000000002,2025-08-22T11:31:00-04:00,0.0,2.5999999999999943,8647.040000000035,2025-08-22T16:00:00-04:00,0.0,,,2025-08-22T16:15:00-04:00,85500.0,,,2025-08-22T16:15:00-04:00,171900.0,,,2025-08-25T15:48:00-04:00,720.0,15.0,hit,29.0,hit,30.0,hit,30.0,hit,76.0,hit,4400.0,hit,4431.0,hit,8.0,hit,4323.0,hit,0.0,hit,4323.0,hit,,never_hit,,never_hit,7.850000000000023,1,True,False,False,False,,7.850000000000023,1,True,False,False,False,,8.849999999999994,2,True,True,False,False,,8.849999999999994,2,True,True,False,False,,30.0,2025-08-22T10:01:00-04:00,2.3500000000000227,9147.039999999979,43.0,2025-08-22T10:14:00-04:00,2.5999999999999943,8647.040000000035,44.0,2025-08-22T10:15:00-04:00,2.450000000000003,8947.040000000019,31.0,2025-08-22T10:02:00-04:00,4.100000000000023,5647.039999999978,76.0,2025-08-22T10:47:00-04:00,1.8500000000000014,10147.04000000002,93.0,2025-08-22T11:04:00-04:00,1.8000000000000043,10247.040000000015,94.0,2025-08-22T11:05:00-04:00,1.7999999999999972,10247.04000000003,77.0,2025-08-22T10:48:00-04:00,1.9500000000000028,9947.040000000019,4400.0,2025-08-25T10:51:00-04:00,0.9499999999999993,11947.040000000026,4413.0,2025-08-25T11:04:00-04:00,0.8499999999999996,12147.040000000025,4414.0,2025-08-25T11:05:00-04:00,0.7999999999999998,12247.040000000025,4401.0,2025-08-25T10:52:00-04:00,1.1499999999999986,11547.040000000026,4433.0,2025-08-25T11:24:00-04:00,0.4499999999999993,12947.040000000026,4434.0,2025-08-25T11:25:00-04:00,0.4499999999999993,12947.040000000026,4435.0,2025-08-25T11:26:00-04:00,0.4499999999999993,12947.040000000026,4434.0,2025-08-25T11:25:00-04:00,0.4499999999999993,12947.040000000026,2852
2025-08-25,2025-08-27,2,5.0,2025-08-25T09:31:00-04:00,4.999999999999972,NDXP  250827P23500000,NDXP  250827P23490000,validation,False,False,0,0,2,0,0,1194,available,False,2025-08-25T09:31:00-04:00,2025-08-27T15:55:00-04:00,0.17500000000000002,9397.039999999944,5.0,last_observed_quote_not_settlement,1036.0,284,68,6.949999999999989,-4152.960000000034,2025-08-25T09:32:00-04:00,0.0,8.699999999999989,-7652.9600000000355,2025-08-25T09:33:00-04:00,0.0,5.400000000000006,-1052.9600000000676,2025-08-25T09:36:00-04:00,0.0,5.25,-752.9600000000562,2025-08-25T09:41:00-04:00,0.0,8.450000000000017,-7152.960000000092,2025-08-25T09:46:00-04:00,0.0,4.849999999999994,47.039999999955235,2025-08-25T10:01:00-04:00,0.0,4.699999999999989,347.0399999999666,2025-08-25T10:31:00-04:00,0.0,3.799999999999997,2147.0399999999495,2025-08-25T11:31:00-04:00,0.0,5.800000000000011,-1852.960000000079,2025-08-25T16:00:00-04:00,0.0,3.200000000000003,3347.039999999938,2025-08-26T16:00:00-04:00,0.0,,,2025-08-27T15:55:00-04:00,300.0,,,,,0.0,hit,0.0,hit,93.0,hit,1499.0,hit,3017.0,hit,3136.0,hit,3163.0,hit,1.0,hit,1.0,hit,2.0,hit,2.0,hit,2898.0,hit,2898.0,hit,8.699999999999989,103,True,True,False,False,,9.799999999999997,282,True,True,True,True,,9.799999999999997,284,True,True,True,True,,9.799999999999997,284,True,True,True,True,,1499.0,2025-08-26T10:30:00-04:00,2.700000000000017,4347.03999999991,2930.0,2025-08-27T10:21:00-04:00,2.9499999999999993,3847.0399999999454,2931.0,2025-08-27T10:22:00-04:00,2.9499999999999957,3847.039999999952,1500.0,2025-08-26T10:31:00-04:00,4.6000000000000085,547.0399999999267,3017.0,2025-08-27T11:48:00-04:00,1.9000000000000004,5947.039999999944,3018.0,2025-08-27T11:49:00-04:00,1.5500000000000007,6647.039999999943,3019.0,2025-08-27T11:50:00-04:00,1.5999999999999996,6547.0399999999445,3018.0,2025-08-27T11:49:00-04:00,1.5500000000000007,6647.039999999943,3142.0,2025-08-27T13:53:00-04:00,0.9000000000000004,7947.039999999944,3148.0,2025-08-27T13:59:00-04:00,0.8500000000000001,8047.039999999943,3159.0,2025-08-27T14:10:00-04:00,0.75,8247.039999999944,3143.0,2025-08-27T13:54:00-04:00,1.0,7747.039999999944,3163.0,2025-08-27T14:14:00-04:00,0.4249999999999996,8897.039999999944,3164.0,2025-08-27T14:15:00-04:00,0.32499999999999996,9097.039999999944,3165.0,2025-08-27T14:16:00-04:00,0.2749999999999999,9197.039999999944,3164.0,2025-08-27T14:15:00-04:00,0.32499999999999996,9097.039999999944,2853
2025-08-25,2025-08-27,2,6.0,2025-08-25T09:31:00-04:00,6.0,NDXP  250827P23560000,NDXP  250827P23550000,validation,False,False,0,0,0,0,0,1199,available,False,2025-08-25T09:31:00-04:00,2025-08-27T16:00:00-04:00,0.0,11747.04,0.0,last_observed_quote_not_settlement,1036.0,491,174,6.900000000000006,-2052.9600000000105,2025-08-25T09:32:00-04:00,0.0,6.449999999999989,-1152.9599999999766,2025-08-25T09:33:00-04:00,0.0,6.349999999999994,-952.959999999988,2025-08-25T09:36:00-04:00,0.0,6.899999999999977,-2052.9599999999537,2025-08-25T09:41:00-04:00,0.0,5.25,1247.0400000000006,2025-08-25T09:46:00-04:00,0.0,4.999999999999972,1747.0400000000575,2025-08-25T10:01:00-04:00,0.0,6.999999999999972,-2252.9599999999423,2025-08-25T10:31:00-04:00,0.0,4.849999999999994,2047.0400000000122,2025-08-25T11:31:00-04:00,0.0,6.400000000000006,-1052.9600000000107,2025-08-25T16:00:00-04:00,0.0,5.200000000000003,1347.039999999995,2025-08-26T16:00:00-04:00,0.0,0.0,11747.04,2025-08-27T16:00:00-04:00,0.0,,,,,8.0,hit,9.0,hit,43.0,hit,65.0,hit,3091.0,hit,3266.0,hit,3267.0,hit,1.0,hit,4.0,hit,4.0,hit,27.0,hit,1444.0,hit,1578.0,hit,8.549999999999983,33,True,True,False,False,,9.699999999999989,463,True,True,True,True,,9.699999999999989,491,True,True,True,True,,9.699999999999989,491,True,True,True,True,,311.0,2025-08-25T14:42:00-04:00,2.6500000000000057,6447.039999999989,3164.0,2025-08-27T14:15:00-04:00,2.4499999999999993,6847.040000000002,3165.0,2025-08-27T14:16:00-04:00,2.0500000000000007,7647.039999999999,312.0,2025-08-25T14:43:00-04:00,6.000000000000014,-252.96000000002772,3091.0,2025-08-27T13:02:00-04:00,1.8499999999999943,8047.040000000012,3167.0,2025-08-27T14:18:00-04:00,1.9499999999999993,7847.040000000002,3267.0,2025-08-27T15:58:00-04:00,0.49999999999999994,10747.04,3092.0,2025-08-27T13:03:00-04:00,5.75,247.04000000000067,3266.0,2025-08-27T15:57:00-04:00,0.8749999999999999,9997.04,3267.0,2025-08-27T15:58:00-04:00,0.49999999999999994,10747.04,3268.0,2025-08-27T15:59:00-04:00,0.3,11147.040000000003,3267.0,2025-08-27T15:58:00-04:00,0.49999999999999994,10747.04,3268.0,2025-08-27T15:59:00-04:00,0.3,11147.040000000003,3269.0,2025-08-27T16:00:00-04:00,0.0,11747.04,,,,,3269.0,2025-08-27T16:00:00-04:00,0.0,11747.04,2854
2025-08-25,2025-08-27,2,7.0,2025-08-25T09:31:00-04:00,7.099999999999994,NDXP  250827P23600000,NDXP  250827P23590000,validation,False,False,0,0,0,11,0,1188,available,False,2025-08-25T09:31:00-04:00,2025-08-27T15:59:00-04:00,8.05,-2152.9600000000137,1.0,last_observed_quote_not_settlement,1036.0,693,255,7.100000000000023,-252.96000000005614,2025-08-25T09:32:00-04:00,0.0,6.899999999999977,147.0400000000348,2025-08-25T09:33:00-04:00,0.0,7.300000000000011,-652.9600000000335,2025-08-25T09:36:00-04:00,0.0,7.300000000000011,-652.9600000000335,2025-08-25T09:41:00-04:00,0.0,7.5,-1052.9600000000107,2025-08-25T09:46:00-04:00,0.0,6.600000000000023,747.0399999999438,2025-08-25T10:01:00-04:00,0.0,5.950000000000017,2047.0399999999554,2025-08-25T10:31:00-04:00,0.0,5.75,2447.0399999999895,2025-08-25T11:31:00-04:00,0.0,8.849999999999994,-3752.960000000001,2025-08-25T16:00:00-04:00,0.0,6.849999999999994,247.04000000000067,2025-08-26T16:00:00-04:00,0.0,,,2025-08-27T15:59:00-04:00,60.0,,,,,53.0,hit,53.0,hit,53.0,hit,144.0,hit,,never_hit,,never_hit,,never_hit,13.0,hit,14.0,hit,0.0,hit,14.0,hit,270.0,hit,1483.0,hit,8.400000000000006,27,True,True,False,False,,,,True,True,True,False,4.949999999999989,,,True,True,True,False,4.949999999999989,,,True,True,True,False,4.949999999999989,144.0,2025-08-25T11:55:00-04:00,2.1500000000000057,9647.039999999979,,,,,,,,,145.0,2025-08-25T11:56:00-04:00,5.25,3447.0399999999895,,,,,,,,,,,,,,,,,,,,,,,,,,,,,,,,,,,,,,,,,,,,,,,,,2855
2025-08-25,2025-08-28,3,5.0,2025-08-25T09:31:00-04:00,5.0,NDXP  250828P23590000,NDXP  250828P23580000,validation,False,False,0,0,1,4,0,1582,available,False,2025-08-25T09:31:00-04:00,2025-08-28T15:40:00-04:00,0.0,9747.04,20.0,last_observed_quote_not_settlement,1036.0,846,186,6.149999999999977,-2552.9599999999537,2025-08-25T09:32:00-04:00,0.0,6.350000000000023,-2952.9600000000446,2025-08-25T09:33:00-04:00,0.0,5.900000000000034,-2052.9600000000673,2025-08-25T09:36:00-04:00,0.0,6.050000000000011,-2352.960000000022,2025-08-25T09:41:00-04:00,0.0,6.600000000000023,-3452.9600000000446,2025-08-25T09:46:00-04:00,0.0,5.699999999999989,-1652.9599999999766,2025-08-25T10:01:00-04:00,0.0,5.050000000000011,-352.96000000002203,2025-08-25T10:31:00-04:00,0.0,5.050000000000011,-352.96000000002203,2025-08-25T11:31:00-04:00,0.0,5.749999999999972,-1752.9599999999425,2025-08-25T16:00:00-04:00,0.0,5.150000000000006,-552.9600000000107,2025-08-26T16:00:00-04:00,0.0,4.5,747.0400000000006,2025-08-27T16:00:00-04:00,0.0,,,2025-08-28T15:40:00-04:00,1200.0,0.0,hit,0.0,hit,49.0,hit,208.0,hit,4424.0,hit,4517.0,hit,4560.0,hit,1.0,hit,1.0,hit,206.0,hit,1454.0,hit,,never_hit,,never_hit,7.199999999999989,133,True,False,False,False,,8.75,846,True,True,False,False,,8.75,846,True,True,False,False,,8.75,846,True,True,False,False,,208.0,2025-08-25T12:59:00-04:00,2.75,4247.040000000001,4324.0,2025-08-28T09:35:00-04:00,2.8500000000000014,4047.039999999998,4398.0,2025-08-28T10:49:00-04:00,2.400000000000002,4947.039999999996,209.0,2025-08-25T13:00:00-04:00,4.949999999999989,-152.95999999997656,4426.0,2025-08-28T11:17:00-04:00,1.5999999999999996,6547.040000000002,4427.0,2025-08-28T11:18:00-04:00,1.450000000000001,6847.039999999998,4428.0,2025-08-28T11:19:00-04:00,1.799999999999999,6147.040000000003,4427.0,2025-08-28T11:18:00-04:00,1.450000000000001,6847.039999999998,4521.0,2025-08-28T12:52:00-04:00,0.8499999999999996,8047.040000000002,4522.0,2025-08-28T12:53:00-04:00,0.9000000000000004,7947.04,4523.0,2025-08-28T12:54:00-04:00,0.9000000000000004,7947.04,4522.0,2025-08-28T12:53:00-04:00,0.9000000000000004,7947.04,4565.0,2025-08-28T13:36:00-04:00,0.44999999999999973,8847.04,4582.0,2025-08-28T13:53:00-04:00,0.375,8997.04,4583.0,2025-08-28T13:54:00-04:00,0.4249999999999998,8897.040000000003,4566.0,2025-08-28T13:37:00-04:00,0.5499999999999998,8647.040000000003,2856
2025-08-25,2025-08-28,3,6.0,2025-08-25T09:31:00-04:00,6.050000000000011,NDXP  250828P23620000,NDXP  250828P23610000,validation,False,False,0,0,2,1,0,1588,available,False,2025-08-25T09:31:00-04:00,2025-08-28T15:44:00-04:00,0.024999999999999994,11797.040000000023,16.0,last_observed_quote_not_settlement,1036.0,409,213,6.399999999999977,-952.9599999999311,2025-08-25T09:32:00-04:00,0.0,6.399999999999977,-952.9599999999311,2025-08-25T09:33:00-04:00,0.0,6.300000000000011,-752.9599999999994,2025-08-25T09:36:00-04:00,0.0,6.399999999999977,-952.9599999999311,2025-08-25T09:41:00-04:00,0.0,6.600000000000023,-1352.960000000022,2025-08-25T09:46:00-04:00,0.0,6.100000000000023,-352.96000000002203,2025-08-25T10:01:00-04:00,0.0,5.900000000000006,47.04000000001208,2025-08-25T10:31:00-04:00,0.0,5.300000000000011,1247.0400000000006,2025-08-25T11:31:00-04:00,0.0,7.100000000000023,-2352.960000000022,2025-08-25T16:00:00-04:00,0.0,5.599999999999994,647.0400000000348,2025-08-26T16:00:00-04:00,0.0,5.300000000000011,1247.0400000000006,2025-08-27T16:00:00-04:00,0.0,,,2025-08-28T15:44:00-04:00,960.0,53.0,hit,53.0,hit,53.0,hit,142.0,hit,142.0,hit,142.0,hit,4596.0,hit,3.0,hit,100.0,hit,100.0,hit,222.0,hit,,never_hit,,never_hit,7.350000000000023,42,True,False,False,False,,7.350000000000023,42,True,False,False,False,,7.350000000000023,42,True,False,False,False,,8.799999999999997,409,True,True,False,False,,142.0,2025-08-25T11:53:00-04:00,1.0,9847.040000000025,4407.0,2025-08-28T10:58:00-04:00,2.8000000000000007,6247.040000000022,4423.0,2025-08-28T11:14:00-04:00,2.8000000000000043,6247.0400000000145,143.0,2025-08-25T11:54:00-04:00,5.099999999999994,1647.0400000000348,142.0,2025-08-25T11:53:00-04:00,1.0,9847.040000000025,4497.0,2025-08-28T12:28:00-04:00,1.8000000000000007,8247.040000000023,4498.0,2025-08-28T12:29:00-04:00,1.6000000000000014,8647.04000000002,143.0,2025-08-25T11:54:00-04:00,5.099999999999994,1647.0400000000348,4565.0,2025-08-28T13:36:00-04:00,0.8499999999999996,10147.040000000025,4566.0,2025-08-28T13:37:00-04:00,0.8499999999999996,10147.040000000025,4573.0,2025-08-28T13:44:00-04:00,0.9000000000000004,10047.040000000023,4566.0,2025-08-28T13:37:00-04:00,0.8499999999999996,10147.040000000025,4616.0,2025-08-28T14:27:00-04:00,0.44999999999999973,10947.040000000025,4617.0,2025-08-28T14:28:00-04:00,0.37499999999999956,11097.040000000025,4618.0,2025-08-28T14:29:00-04:00,0.37500000000000044,11097.040000000023,4617.0,2025-08-28T14:28:00-04:00,0.37499999999999956,11097.040000000025,2857
2025-08-25,2025-08-28,3,7.0,2025-08-25T09:31:00-04:00,6.9500000000000455,NDXP  250828P23980000,NDXP  250828P23970000,validation,False,False,0,0,0,149,0,1455,available,False,2025-08-25T09:31:00-04:00,2025-08-28T16:00:00-04:00,10.0,-6252.959999999909,0.0,last_observed_quote_not_settlement,1037.0,1326,26,8.450000000000045,-3252.960000000001,2025-08-25T09:32:00-04:00,0.0,9.000000000000114,-4352.960000000137,2025-08-25T09:33:00-04:00,0.0,9.0,-4352.95999999991,2025-08-25T09:36:00-04:00,0.0,8.850000000000023,-4052.9599999999555,2025-08-25T09:41:00-04:00,0.0,9.849999999999909,-6052.959999999728,2025-08-25T09:46:00-04:00,0.0,9.700000000000045,-5752.960000000001,2025-08-25T10:01:00-04:00,0.0,9.049999999999955,-4452.959999999819,2025-08-25T10:31:00-04:00,0.0,8.899999999999977,-4152.9599999998645,2025-08-25T11:31:00-04:00,0.0,9.649999999999977,-5652.9599999998645,2025-08-25T16:00:00-04:00,0.0,9.200000000000045,-4752.960000000001,2025-08-26T16:00:00-04:00,0.0,9.600000000000023,-5552.9599999999555,2025-08-27T16:00:00-04:00,0.0,10.0,-6252.959999999909,2025-08-28T16:00:00-04:00,0.0,141.0,hit,141.0,hit,141.0,hit,141.0,hit,141.0,hit,,never_hit,,never_hit,1.0,hit,1.0,hit,1.0,hit,1.0,hit,2.0,hit,8.0,hit,9.899999999999977,136,True,True,True,True,,9.899999999999977,136,True,True,True,True,,,,True,True,True,False,5.050000000000068,,,True,True,True,False,5.050000000000068,141.0,2025-08-25T11:52:00-04:00,1.8999999999999773,9847.040000000137,,,,,,,,,142.0,2025-08-25T11:53:00-04:00,8.849999999999966,-4052.959999999842,141.0,2025-08-25T11:52:00-04:00,1.8999999999999773,9847.040000000137,,,,,,,,,142.0,2025-08-25T11:53:00-04:00,8.849999999999966,-4052.959999999842,,,,,,,,,,,,,,,,,,,,,,,,,,,,,,,,,2858
2025-08-26,2025-08-28,2,5.0,2025-08-26T09:31:00-04:00,4.950000000000017,NDXP  250828P23460000,NDXP  250828P23450000,validation,False,False,0,0,15,14,0,1149,available,False,2025-08-26T09:31:00-04:00,2025-08-28T15:23:00-04:00,0.0,9647.040000000035,37.0,last_observed_quote_not_settlement,1036.0,7,8,4.75,147.0400000000348,2025-08-26T09:32:00-04:00,0.0,4.549999999999983,547.0400000000689,2025-08-26T09:33:00-04:00,0.0,4.449999999999989,747.0400000000575,2025-08-26T09:36:00-04:00,0.0,4.799999999999983,47.04000000006892,2025-08-26T09:41:00-04:00,0.0,4.5,647.0400000000348,2025-08-26T09:46:00-04:00,0.0,4.5,647.0400000000348,2025-08-26T10:01:00-04:00,0.0,4.050000000000011,1547.040000000012,2025-08-26T10:31:00-04:00,0.0,4.450000000000017,747.0400000000006,2025-08-26T11:31:00-04:00,0.0,3.4499999999999886,2747.0400000000577,2025-08-26T16:00:00-04:00,0.0,3.049999999999997,3547.0400000000404,2025-08-27T16:00:00-04:00,0.0,,,2025-08-28T15:23:00-04:00,2220.0,,,,,0.0,hit,0.0,hit,65.0,hit,65.0,hit,2880.0,hit,2883.0,hit,2958.0,hit,17.0,hit,18.0,hit,18.0,hit,18.0,hit,,never_hit,,never_hit,8.450000000000017,5,True,True,False,False,,8.450000000000017,7,True,True,False,False,,8.450000000000017,7,True,True,False,False,,8.450000000000017,7,True,True,False,False,,1476.0,2025-08-27T10:07:00-04:00,2.700000000000003,4247.040000000029,2881.0,2025-08-28T09:32:00-04:00,1.1500000000000004,7347.0400000000345,2882.0,2025-08-28T09:33:00-04:00,1.3000000000000007,7047.040000000034,1477.0,2025-08-27T10:08:00-04:00,4.200000000000003,1247.040000000029,2880.0,2025-08-28T09:31:00-04:00,1.25,7147.0400000000345,2881.0,2025-08-28T09:32:00-04:00,1.1500000000000004,7347.0400000000345,2882.0,2025-08-28T09:33:00-04:00,1.3000000000000007,7047.040000000034,2881.0,2025-08-28T09:32:00-04:00,1.1500000000000004,7347.0400000000345,2892.0,2025-08-28T09:43:00-04:00,0.9499999999999993,7747.040000000036,2953.0,2025-08-28T10:44:00-04:00,0.8500000000000005,7947.040000000034,2954.0,2025-08-28T10:45:00-04:00,0.7999999999999998,8047.040000000035,2893.0,2025-08-28T09:44:00-04:00,1.0999999999999996,7447.040000000035,2966.0,2025-08-28T10:57:00-04:00,0.40000000000000036,8847.040000000035,2981.0,2025-08-28T11:12:00-04:00,0.44999999999999973,8747.040000000035,2982.0,2025-08-28T11:13:00-04:00,0.40000000000000036,8847.040000000035,2967.0,2025-08-28T10:58:00-04:00,0.5,8647.040000000035,2859
2025-08-26,2025-08-28,2,6.0,2025-08-26T09:31:00-04:00,6.050000000000011,NDXP  250828P23570000,NDXP  250828P23560000,validation,False,False,0,0,5,6,0,1169,available,False,2025-08-26T09:31:00-04:00,2025-08-28T15:41:00-04:00,0.024999999999999994,11797.040000000023,19.0,last_observed_quote_not_settlement,1036.0,82,93,5.949999999999989,-52.959999999953816,2025-08-26T09:32:00-04:00,0.0,5.800000000000011,247.04000000000067,2025-08-26T09:33:00-04:00,0.0,6.0,-152.95999999997656,2025-08-26T09:36:00-04:00,0.0,4.9500000000000455,1947.0399999999324,2025-08-26T09:41:00-04:00,0.0,6.400000000000006,-952.959999999988,2025-08-26T09:46:00-04:00,0.0,5.75,347.04000000002344,2025-08-26T10:01:00-04:00,0.0,5.25,1347.0400000000234,2025-08-26T10:31:00-04:00,0.0,7.5,-3152.9599999999764,2025-08-26T11:31:00-04:00,0.0,5.099999999999994,1647.0400000000348,2025-08-26T16:00:00-04:00,0.0,4.249999999999972,3347.0400000000805,2025-08-27T16:00:00-04:00,0.0,,,2025-08-28T15:41:00-04:00,1140.0,,,,,3.0,hit,3.0,hit,23.0,hit,23.0,hit,23.0,hit,23.0,hit,3116.0,hit,27.0,hit,27.0,hit,27.0,hit,261.0,hit,,never_hit,,never_hit,6.400000000000006,10,False,False,False,False,,6.400000000000006,10,False,False,False,False,,6.400000000000006,10,False,False,False,False,,8.899999999999977,82,True,True,False,False,,23.0,2025-08-26T09:54:00-04:00,0.7000000000000455,10447.039999999934,2881.0,2025-08-28T09:32:00-04:00,2.799999999999997,6247.040000000029,2882.0,2025-08-28T09:33:00-04:00,2.8000000000000043,6247.0400000000145,24.0,2025-08-26T09:55:00-04:00,5.800000000000011,247.04000000000067,23.0,2025-08-26T09:54:00-04:00,0.7000000000000455,10447.039999999934,2966.0,2025-08-28T10:57:00-04:00,1.8000000000000025,8247.040000000019,2967.0,2025-08-28T10:58:00-04:00,1.8000000000000025,8247.040000000019,24.0,2025-08-26T09:55:00-04:00,5.800000000000011,247.04000000000067,23.0,2025-08-26T09:54:00-04:00,0.7000000000000455,10447.039999999934,3057.0,2025-08-28T12:28:00-04:00,0.9000000000000004,10047.040000000023,3058.0,2025-08-28T12:29:00-04:00,0.75,10347.040000000025,24.0,2025-08-26T09:55:00-04:00,5.800000000000011,247.04000000000067,3117.0,2025-08-28T13:28:00-04:00,0.40000000000000036,11047.040000000023,3118.0,2025-08-28T13:29:00-04:00,0.3999999999999999,11047.040000000023,3119.0,2025-08-28T13:30:00-04:00,0.39999999999999947,11047.040000000025,3118.0,2025-08-28T13:29:00-04:00,0.3999999999999999,11047.040000000023,2860
2025-08-26,2025-08-28,2,7.0,2025-08-26T09:31:00-04:00,7.050000000000011,NDXP  250828P23670000,NDXP  250828P23660000,validation,False,False,0,0,2,3,0,1187,available,False,2025-08-26T09:31:00-04:00,2025-08-28T15:51:00-04:00,0.09999999999999998,13647.040000000023,9.0,last_observed_quote_not_settlement,1038.0,93,75,7.100000000000023,-352.96000000002203,2025-08-26T09:32:00-04:00,0.0,6.499999999999943,847.0400000001371,2025-08-26T09:33:00-04:00,0.0,6.949999999999989,-52.959999999953816,2025-08-26T09:36:00-04:00,0.0,7.25,-652.9599999999766,2025-08-26T09:41:00-04:00,0.0,7.550000000000011,-1252.9599999999994,2025-08-26T09:46:00-04:00,0.0,7.0,-152.95999999997656,2025-08-26T10:01:00-04:00,0.0,6.75,347.04000000002344,2025-08-26T10:31:00-04:00,0.0,7.400000000000034,-952.9600000000448,2025-08-26T11:31:00-04:00,0.0,7.4500000000000455,-1052.9600000000676,2025-08-26T16:00:00-04:00,0.0,5.5,2847.0400000000236,2025-08-27T16:00:00-04:00,0.0,,,2025-08-28T15:51:00-04:00,540.0,,,,,380.0,hit,1517.0,hit,2986.0,hit,3081.0,hit,3098.0,hit,3191.0,hit,3250.0,hit,3.0,hit,3.0,hit,0.0,hit,3.0,hit,14.0,hit,,never_hit,9.450000000000017,93,True,True,True,True,,9.450000000000017,93,True,True,True,True,,9.450000000000017,93,True,True,True,True,,9.450000000000017,93,True,True,True,True,,3081.0,2025-08-28T12:52:00-04:00,2.6499999999999986,8547.040000000026,3082.0,2025-08-28T12:53:00-04:00,2.900000000000002,8047.040000000019,3083.0,2025-08-28T12:54:00-04:00,2.799999999999997,8247.04000000003,3082.0,2025-08-28T12:53:00-04:00,2.900000000000002,8047.040000000019,3098.0,2025-08-28T13:09:00-04:00,1.7999999999999972,10247.04000000003,3155.0,2025-08-28T14:06:00-04:00,1.8000000000000007,10247.040000000023,3156.0,2025-08-28T14:07:00-04:00,1.6500000000000004,10547.040000000023,3099.0,2025-08-28T13:10:00-04:00,4.050000000000001,5747.040000000022,3192.0,2025-08-28T14:43:00-04:00,0.9499999999999993,11947.040000000026,3203.0,2025-08-28T14:54:00-04:00,0.8999999999999999,12047.040000000023,3204.0,2025-08-28T14:55:00-04:00,0.75,12347.040000000025,3193.0,2025-08-28T14:44:00-04:00,1.0999999999999996,11647.040000000025,3250.0,2025-08-28T15:41:00-04:00,0.32499999999999996,13197.040000000025,3251.0,2025-08-28T15:42:00-04:00,0.25,13347.040000000025,3252.0,2025-08-28T15:43:00-04:00,0.20000000000000007,13447.040000000025,3251.0,2025-08-28T15:42:00-04:00,0.25,13347.040000000025,2861
2025-08-26,2025-08-29,3,5.0,2025-08-26T09:31:00-04:00,5.050000000000011,NDXP  250829P23450000,NDXP  250829P23440000,validation,False,False,0,0,0,6,0,1597,available,False,2025-08-26T09:31:00-04:00,2025-08-29T16:00:00-04:00,6.0,-2152.9599999999764,0.0,last_observed_quote_not_settlement,1036.0,316,25,4.299999999999983,1247.0400000000575,2025-08-26T09:32:00-04:00,0.0,4.150000000000034,1547.0399999999552,2025-08-26T09:33:00-04:00,0.0,4.449999999999989,947.0400000000461,2025-08-26T09:36:00-04:00,0.0,4.400000000000034,1047.0399999999552,2025-08-26T09:41:00-04:00,0.0,4.600000000000023,647.0399999999779,2025-08-26T09:46:00-04:00,0.0,4.400000000000034,1047.0399999999552,2025-08-26T10:01:00-04:00,0.0,4.0,1847.0400000000234,2025-08-26T10:31:00-04:00,0.0,4.400000000000034,1047.0399999999552,2025-08-26T11:31:00-04:00,0.0,3.6499999999999773,2547.040000000069,2025-08-26T16:00:00-04:00,0.0,3.5,2847.0400000000236,2025-08-27T16:00:00-04:00,0.0,0.6000000000000014,8647.04000000002,2025-08-28T16:00:00-04:00,0.0,6.0,-2152.9599999999764,2025-08-29T16:00:00-04:00,0.0,0.0,hit,1.0,hit,51.0,hit,211.0,hit,267.0,hit,267.0,hit,,never_hit,9.0,hit,9.0,hit,4394.0,hit,4394.0,hit,4394.0,hit,4596.0,hit,6.699999999999989,2,False,False,False,False,,6.699999999999989,2,False,False,False,False,,6.699999999999989,2,False,False,False,False,,,,True,True,True,False,4.500000000000011,267.0,2025-08-26T13:58:00-04:00,0.5500000000000114,8747.04,2881.0,2025-08-28T09:32:00-04:00,1.5999999999999943,6647.0400000000345,2882.0,2025-08-28T09:33:00-04:00,1.7999999999999972,6247.040000000029,268.0,2025-08-26T13:59:00-04:00,4.399999999999977,1047.0400000000689,267.0,2025-08-26T13:58:00-04:00,0.5500000000000114,8747.04,2881.0,2025-08-28T09:32:00-04:00,1.5999999999999943,6647.0400000000345,2882.0,2025-08-28T09:33:00-04:00,1.7999999999999972,6247.040000000029,268.0,2025-08-26T13:59:00-04:00,4.399999999999977,1047.0400000000689,267.0,2025-08-26T13:58:00-04:00,0.5500000000000114,8747.04,3120.0,2025-08-28T13:31:00-04:00,0.8999999999999986,8047.040000000026,3121.0,2025-08-28T13:32:00-04:00,0.9499999999999957,7947.040000000032,268.0,2025-08-26T13:59:00-04:00,4.399999999999977,1047.0400000000689,,,,,,,,,,,,,,,,,2862
2025-08-26,2025-08-29,3,6.0,2025-08-26T09:31:00-04:00,5.800000000000011,NDXP  250829P23580000,NDXP  250829P23570000,validation,False,False,0,0,0,49,0,1554,available,False,2025-08-26T09:31:00-04:00,2025-08-29T16:00:00-04:00,10.0,-8552.959999999975,0.0,last_observed_quote_not_settlement,1036.0,346,57,5.599999999999966,147.04000000009165,2025-08-26T09:32:00-04:00,0.0,5.299999999999983,747.0400000000575,2025-08-26T09:33:00-04:00,0.0,5.600000000000023,147.03999999997797,2025-08-26T09:36:00-04:00,0.0,5.700000000000017,-52.96000000001066,2025-08-26T09:41:00-04:00,0.0,5.300000000000011,747.0400000000006,2025-08-26T09:46:00-04:00,0.0,6.299999999999983,-1252.9599999999425,2025-08-26T10:01:00-04:00,0.0,5.449999999999989,447.0400000000462,2025-08-26T10:31:00-04:00,0.0,6.100000000000023,-852.9600000000221,2025-08-26T11:31:00-04:00,0.0,5.0,1347.0400000000234,2025-08-26T16:00:00-04:00,0.0,4.349999999999994,2647.040000000035,2025-08-27T16:00:00-04:00,0.0,1.6000000000000014,8147.04000000002,2025-08-28T16:00:00-04:00,0.0,10.0,-8552.959999999975,2025-08-29T16:00:00-04:00,0.0,2.0,hit,11.0,hit,59.0,hit,1441.0,hit,3126.0,hit,4320.0,hit,,never_hit,4.0,hit,14.0,hit,14.0,hit,14.0,hit,23.0,hit,4403.0,hit,9.25,43,True,True,True,True,,9.25,50,True,True,True,True,,9.25,50,True,True,True,True,,,,True,True,True,False,4.950000000000003,1441.0,2025-08-27T09:32:00-04:00,2.3499999999999943,6647.0400000000345,2965.0,2025-08-28T10:56:00-04:00,2.8500000000000014,5647.040000000021,2966.0,2025-08-28T10:57:00-04:00,2.6999999999999957,5947.040000000032,1442.0,2025-08-27T09:33:00-04:00,4.850000000000023,1647.039999999978,3142.0,2025-08-28T13:53:00-04:00,1.8999999999999986,7547.040000000026,3143.0,2025-08-28T13:54:00-04:00,1.9000000000000057,7547.040000000012,3144.0,2025-08-28T13:55:00-04:00,1.8999999999999986,7547.040000000026,3143.0,2025-08-28T13:54:00-04:00,1.9000000000000057,7547.040000000012,4320.0,2025-08-29T09:31:00-04:00,0.8500000000000085,9647.040000000008,,,,,,,,,4321.0,2025-08-29T09:32:00-04:00,3.6999999999999957,3947.040000000032,,,,,,,,,,,,,,,,,2863
2025-08-26,2025-08-29,3,7.0,2025-08-26T09:31:00-04:00,7.099999999999966,NDXP  250829P23670000,NDXP  250829P23660000,validation,False,False,0,0,0,67,0,1536,available,False,2025-08-26T09:31:00-04:00,2025-08-29T16:00:00-04:00,10.0,-5952.960000000068,0.0,last_observed_quote_not_settlement,1036.0,270,21,6.5,947.0399999999324,2025-08-26T09:32:00-04:00,0.0,6.4500000000000455,1047.0399999998415,2025-08-26T09:33:00-04:00,0.0,6.349999999999966,1247.0400000000006,2025-08-26T09:36:00-04:00,0.0,6.5,947.0399999999324,2025-08-26T09:41:00-04:00,0.0,6.649999999999977,647.0399999999779,2025-08-26T09:46:00-04:00,0.0,6.4500000000000455,1047.0399999998415,2025-08-26T10:01:00-04:00,0.0,6.199999999999989,1547.0399999999552,2025-08-26T10:31:00-04:00,0.0,6.5,947.0399999999324,2025-08-26T11:31:00-04:00,0.0,5.699999999999989,2547.0399999999554,2025-08-26T16:00:00-04:00,0.0,4.949999999999989,4047.0399999999554,2025-08-27T16:00:00-04:00,0.0,3.1999999999999957,7547.039999999941,2025-08-28T16:00:00-04:00,0.0,10.0,-5952.960000000068,2025-08-29T16:00:00-04:00,0.0,23.0,hit,23.0,hit,23.0,hit,23.0,hit,2944.0,hit,,never_hit,,never_hit,299.0,hit,2921.0,hit,0.0,hit,2921.0,hit,2921.0,hit,4352.0,hit,7.199999999999932,1,True,False,False,False,,9.25,10,True,True,True,True,,,,True,True,True,False,5.599999999999966,,,True,True,True,False,5.599999999999966,23.0,2025-08-26T09:54:00-04:00,2.5500000000000114,8847.03999999991,3204.0,2025-08-28T14:55:00-04:00,2.8000000000000114,8347.03999999991,3205.0,2025-08-28T14:56:00-04:00,2.8500000000000014,8247.03999999993,24.0,2025-08-26T09:55:00-04:00,6.600000000000023,747.039999999887,2944.0,2025-08-28T10:35:00-04:00,1.5,10947.039999999934,,,,,,,,,2945.0,2025-08-28T10:36:00-04:00,5.650000000000006,2647.0399999999213,,,,,,,,,,,,,,,,,,,,,,,,,,,,,,,,,2864
2025-08-27,2025-08-29,2,5.0,2025-08-27T09:31:00-04:00,5.049999999999983,NDXP  250829P23370000,NDXP  250829P23360000,validation,False,False,0,0,1,1,0,1198,available,False,2025-08-27T09:31:00-04:00,2025-08-29T15:59:00-04:00,0.375,9097.039999999968,1.0,last_observed_quote_not_settlement,1036.0,2,4,3.250000000000014,3347.039999999938,2025-08-27T09:32:00-04:00,0.0,3.25,3347.0399999999668,2025-08-27T09:33:00-04:00,0.0,3.3499999999999943,3147.039999999978,2025-08-27T09:36:00-04:00,0.0,3.200000000000003,3447.039999999961,2025-08-27T09:41:00-04:00,0.0,3.6999999999999886,2447.0399999999895,2025-08-27T09:46:00-04:00,0.0,3.4000000000000057,3047.0399999999554,2025-08-27T10:01:00-04:00,0.0,2.8000000000000114,4247.039999999944,2025-08-27T10:31:00-04:00,0.0,2.75,4347.039999999966,2025-08-27T11:31:00-04:00,0.0,2.6500000000000057,4547.039999999955,2025-08-27T16:00:00-04:00,0.0,0.3999999999999986,9047.03999999997,2025-08-28T16:00:00-04:00,0.0,,,2025-08-29T15:59:00-04:00,60.0,,,,,0.0,hit,1.0,hit,1.0,hit,36.0,hit,211.0,hit,1441.0,hit,1694.0,hit,3105.0,hit,,never_hit,,never_hit,,never_hit,,never_hit,,never_hit,5.049999999999983,0,False,False,False,False,,5.049999999999983,0,False,False,False,False,,5.049999999999983,0,False,False,False,False,,5.049999999999983,0,False,False,False,False,,36.0,2025-08-27T10:07:00-04:00,2.700000000000017,4447.039999999933,52.0,2025-08-27T10:23:00-04:00,2.8499999999999943,4147.039999999978,56.0,2025-08-27T10:27:00-04:00,2.799999999999997,4247.039999999973,37.0,2025-08-27T10:08:00-04:00,3.299999999999997,3247.039999999972,211.0,2025-08-27T13:02:00-04:00,1.6500000000000057,6547.039999999955,1441.0,2025-08-28T09:32:00-04:00,1.0,7847.039999999966,1442.0,2025-08-28T09:33:00-04:00,1.1999999999999993,7447.039999999968,212.0,2025-08-27T13:03:00-04:00,2.8499999999999943,4147.039999999978,1443.0,2025-08-28T09:34:00-04:00,0.9499999999999993,7947.039999999968,1526.0,2025-08-28T10:57:00-04:00,0.8499999999999979,8147.039999999971,1527.0,2025-08-28T10:58:00-04:00,0.9000000000000021,8047.039999999963,1444.0,2025-08-28T09:35:00-04:00,1.0,7847.039999999966,1734.0,2025-08-28T14:25:00-04:00,0.4499999999999993,8947.039999999968,1746.0,2025-08-28T14:37:00-04:00,0.4499999999999993,8947.039999999968,1747.0,2025-08-28T14:38:00-04:00,0.3999999999999986,9047.03999999997,1735.0,2025-08-28T14:26:00-04:00,0.5,8847.039999999968,2865
2025-08-27,2025-08-29,2,6.0,2025-08-27T09:31:00-04:00,5.950000000000017,NDXP  250829P23360000,NDXP  250829P23350000,validation,False,False,0,0,0,0,0,1200,available,False,2025-08-27T09:31:00-04:00,2025-08-29T16:00:00-04:00,0.45000000000000007,10747.040000000035,0.0,last_observed_quote_not_settlement,1036.0,1,2,3.1499999999999915,5347.040000000052,2025-08-27T09:32:00-04:00,0.0,3.0,5647.0400000000345,2025-08-27T09:33:00-04:00,0.0,3.25,5147.0400000000345,2025-08-27T09:36:00-04:00,0.0,3.299999999999997,5047.040000000041,2025-08-27T09:41:00-04:00,0.0,3.5500000000000114,4547.040000000012,2025-08-27T09:46:00-04:00,0.0,3.3999999999999915,4847.040000000052,2025-08-27T10:01:00-04:00,0.0,2.700000000000003,6247.040000000029,2025-08-27T10:31:00-04:00,0.0,2.6999999999999886,6247.040000000057,2025-08-27T11:31:00-04:00,0.0,2.450000000000003,6747.040000000029,2025-08-27T16:00:00-04:00,0.0,0.40000000000000036,10847.040000000035,2025-08-28T16:00:00-04:00,0.0,0.45000000000000007,10747.040000000035,2025-08-29T16:00:00-04:00,0.0,,,,,1.0,hit,1.0,hit,1.0,hit,2.0,hit,1440.0,hit,1443.0,hit,1675.0,hit,,never_hit,,never_hit,,never_hit,,never_hit,,never_hit,,never_hit,5.950000000000017,0,False,False,False,False,,5.950000000000017,0,False,False,False,False,,5.950000000000017,0,False,False,False,False,,5.950000000000017,0,False,False,False,False,,42.0,2025-08-27T10:13:00-04:00,2.25,7147.0400000000345,47.0,2025-08-27T10:18:00-04:00,2.9000000000000057,5847.040000000024,48.0,2025-08-27T10:19:00-04:00,2.8999999999999915,5847.040000000052,43.0,2025-08-27T10:14:00-04:00,3.1000000000000085,5447.040000000018,1440.0,2025-08-28T09:31:00-04:00,1.1499999999999986,9347.040000000039,1441.0,2025-08-28T09:32:00-04:00,1.0999999999999979,9447.040000000039,1442.0,2025-08-28T09:33:00-04:00,1.0500000000000007,9547.040000000034,1441.0,2025-08-28T09:32:00-04:00,1.0999999999999979,9447.040000000039,1444.0,2025-08-28T09:35:00-04:00,0.9000000000000021,9847.040000000032,1524.0,2025-08-28T10:55:00-04:00,0.8999999999999986,9847.040000000039,1525.0,2025-08-28T10:56:00-04:00,0.8499999999999979,9947.040000000039,1445.0,2025-08-28T09:36:00-04:00,1.3000000000000007,9047.040000000034,1703.0,2025-08-28T13:54:00-04:00,0.4499999999999993,10747.040000000037,1740.0,2025-08-28T14:31:00-04:00,0.3999999999999986,10847.040000000039,1741.0,2025-08-28T14:32:00-04:00,0.3999999999999986,10847.040000000039,1704.0,2025-08-28T13:55:00-04:00,0.5,10647.040000000035,2866
2025-08-27,2025-08-29,2,7.0,2025-08-27T09:31:00-04:00,7.0,NDXP  250829P23740000,NDXP  250829P23730000,validation,False,False,0,0,0,50,0,1149,available,False,2025-08-27T09:31:00-04:00,2025-08-29T16:00:00-04:00,10.0,-6152.96,0.0,last_observed_quote_not_settlement,1036.0,345,48,6.900000000000034,-52.9600000000675,2025-08-27T09:32:00-04:00,0.0,6.800000000000068,147.03999999986428,2025-08-27T09:33:00-04:00,0.0,6.949999999999989,-152.95999999997656,2025-08-27T09:36:00-04:00,0.0,6.9500000000000455,-152.96000000009025,2025-08-27T09:41:00-04:00,0.0,7.2000000000000455,-652.9600000000903,2025-08-27T09:46:00-04:00,0.0,7.0,-252.9599999999993,2025-08-27T10:01:00-04:00,0.0,6.2999999999999545,1147.0400000000916,2025-08-27T10:31:00-04:00,0.0,6.400000000000091,947.0399999998187,2025-08-27T11:31:00-04:00,0.0,6.2000000000000455,1347.0399999999097,2025-08-27T16:00:00-04:00,0.0,5.049999999999983,3647.040000000035,2025-08-28T16:00:00-04:00,0.0,10.0,-6152.96,2025-08-29T16:00:00-04:00,0.0,,,,,25.0,hit,25.0,hit,25.0,hit,1746.0,hit,,never_hit,,never_hit,,never_hit,169.0,hit,1468.0,hit,0.0,hit,1468.0,hit,1504.0,hit,2892.0,hit,9.400000000000006,55,True,True,True,True,,,,True,True,True,False,4.550000000000011,,,True,True,True,False,4.550000000000011,,,True,True,True,False,4.550000000000011,1746.0,2025-08-28T14:37:00-04:00,2.4499999999999886,8847.040000000025,,,,,,,,,1747.0,2025-08-28T14:38:00-04:00,4.699999999999989,4347.040000000024,,,,,,,,,,,,,,,,,,,,,,,,,,,,,,,,,,,,,,,,,,,,,,,,,2867
2025-09-02,2025-09-04,2,5.0,2025-09-02T09:31:00-04:00,5.049999999999983,NDXP  250904P23100000,NDXP  250904P23090000,validation,False,False,0,0,75,36,0,1038,available,False,2025-09-02T09:31:00-04:00,2025-09-04T14:09:00-04:00,2.7755575615628914e-17,9847.039999999968,111.0,last_observed_quote_not_settlement,1036.0,51,36,4.800000000000011,247.03999999994383,2025-09-02T09:32:00-04:00,0.0,5.249999999999972,-652.9599999999766,2025-09-02T09:33:00-04:00,0.0,4.5,847.0399999999665,2025-09-02T09:36:00-04:00,0.0,4.0,1847.0399999999665,2025-09-02T09:41:00-04:00,0.0,3.6499999999999773,2547.0400000000122,2025-09-02T09:46:00-04:00,0.0,3.1999999999999886,3447.0399999999895,2025-09-02T10:01:00-04:00,0.0,3.25,3347.0399999999668,2025-09-02T10:31:00-04:00,0.0,4.550000000000011,747.0399999999438,2025-09-02T11:31:00-04:00,0.0,2.6500000000000057,4547.039999999955,2025-09-02T16:00:00-04:00,0.0,0.6999999999999993,8447.039999999968,2025-09-03T16:00:00-04:00,0.0,,,2025-09-04T14:09:00-04:00,6660.0,,,,,0.0,hit,1.0,hit,7.0,hit,31.0,hit,379.0,hit,1477.0,hit,1522.0,hit,90.0,hit,90.0,hit,,never_hit,,never_hit,,never_hit,,never_hit,5.5,2,False,False,False,False,,6.699999999999989,51,False,False,False,False,,6.699999999999989,51,False,False,False,False,,6.699999999999989,51,False,False,False,False,,379.0,2025-09-02T15:50:00-04:00,1.9499999999999886,5947.039999999989,380.0,2025-09-02T15:51:00-04:00,2.8999999999999915,4047.0399999999836,387.0,2025-09-02T15:58:00-04:00,2.75,4347.039999999966,380.0,2025-09-02T15:51:00-04:00,2.8999999999999915,4047.0399999999836,379.0,2025-09-02T15:50:00-04:00,1.9499999999999886,5947.039999999989,1441.0,2025-09-03T09:32:00-04:00,1.5999999999999943,6647.039999999978,1442.0,2025-09-03T09:33:00-04:00,1.6499999999999986,6547.039999999969,380.0,2025-09-02T15:51:00-04:00,2.8999999999999915,4047.0399999999836,1493.0,2025-09-03T10:24:00-04:00,0.9499999999999993,7947.039999999968,1501.0,2025-09-03T10:32:00-04:00,0.8999999999999986,8047.039999999969,1502.0,2025-09-03T10:33:00-04:00,0.9000000000000021,8047.039999999963,1494.0,2025-09-03T10:25:00-04:00,1.0,7847.039999999966,2880.0,2025-09-04T09:31:00-04:00,0.34999999999999964,9147.039999999968,2881.0,2025-09-04T09:32:00-04:00,0.2999999999999998,9247.039999999968,2882.0,2025-09-04T09:33:00-04:00,0.17500000000000027,9497.039999999966,2881.0,2025-09-04T09:32:00-04:00,0.2999999999999998,9247.039999999968,2868
2025-09-02,2025-09-04,2,6.0,2025-09-02T09:31:00-04:00,6.149999999999977,NDXP  250904P23120000,NDXP  250904P23110000,validation,False,False,0,0,51,17,0,1073,available,False,2025-09-02T09:31:00-04:00,2025-09-04T14:22:00-04:00,2.7755575615628914e-17,12047.039999999955,98.0,last_observed_quote_not_settlement,1036.0,7,14,5.349999999999994,1347.0399999999665,2025-09-02T09:32:00-04:00,0.0,4.75,2547.0399999999554,2025-09-02T09:33:00-04:00,0.0,4.300000000000011,3447.0399999999327,2025-09-02T09:36:00-04:00,0.0,4.650000000000006,2747.039999999944,2025-09-02T09:41:00-04:00,0.0,1.200000000000017,9647.039999999923,2025-09-02T09:46:00-04:00,0.0,3.6000000000000085,4847.039999999938,2025-09-02T10:01:00-04:00,0.0,3.5999999999999943,4847.039999999966,2025-09-02T10:31:00-04:00,0.0,5.050000000000011,1947.0399999999324,2025-09-02T11:31:00-04:00,0.0,3.3499999999999943,5347.039999999966,2025-09-02T16:00:00-04:00,0.0,0.8999999999999986,10247.039999999959,2025-09-03T16:00:00-04:00,0.0,,,2025-09-04T14:22:00-04:00,5880.0,,,,,1.0,hit,2.0,hit,11.0,hit,11.0,hit,15.0,hit,1477.0,hit,2880.0,hit,151.0,hit,151.0,hit,151.0,hit,,never_hit,,never_hit,,never_hit,6.149999999999977,0,False,False,False,False,,6.149999999999977,0,False,False,False,False,,7.949999999999989,7,True,False,False,False,,7.949999999999989,7,True,False,False,False,,11.0,2025-09-02T09:42:00-04:00,2.3999999999999773,7247.040000000001,387.0,2025-09-02T15:58:00-04:00,2.8499999999999943,6347.039999999966,399.0,2025-09-02T16:10:00-04:00,2.25,7547.039999999955,12.0,2025-09-02T09:43:00-04:00,4.400000000000006,3247.039999999944,15.0,2025-09-02T09:46:00-04:00,1.200000000000017,9647.039999999923,1441.0,2025-09-03T09:32:00-04:00,1.7999999999999972,8447.039999999963,1442.0,2025-09-03T09:33:00-04:00,1.7999999999999972,8447.039999999963,16.0,2025-09-02T09:47:00-04:00,3.8499999999999943,4347.039999999966,1496.0,2025-09-03T10:27:00-04:00,0.9499999999999957,10147.039999999964,1508.0,2025-09-03T10:39:00-04:00,0.8999999999999986,10247.039999999959,1509.0,2025-09-03T10:40:00-04:00,0.8499999999999979,10347.03999999996,1497.0,2025-09-03T10:28:00-04:00,1.2000000000000028,9647.03999999995,2880.0,2025-09-04T09:31:00-04:00,0.40000000000000036,11247.039999999955,2881.0,2025-09-04T09:32:00-04:00,0.4499999999999993,11147.039999999957,2882.0,2025-09-04T09:33:00-04:00,0.15000000000000036,11747.039999999955,2881.0,2025-09-04T09:32:00-04:00,0.4499999999999993,11147.039999999957,2869
2025-09-02,2025-09-04,2,7.0,2025-09-02T09:31:00-04:00,6.899999999999977,NDXP  250904P23270000,NDXP  250904P23260000,validation,False,False,0,0,42,5,0,1130,available,False,2025-09-02T09:31:00-04:00,2025-09-04T15:30:00-04:00,0.0,13547.039999999955,30.0,last_observed_quote_not_settlement,1036.0,80,37,7.300000000000011,-1052.9600000000676,2025-09-02T09:32:00-04:00,0.0,7.100000000000023,-652.9600000000903,2025-09-02T09:33:00-04:00,0.0,6.25,1047.0399999999552,2025-09-02T09:36:00-04:00,0.0,6.0,1547.0399999999552,2025-09-02T09:41:00-04:00,0.0,5.750000000000028,2047.0399999998986,2025-09-02T09:46:00-04:00,0.0,4.699999999999989,4147.039999999978,2025-09-02T10:01:00-04:00,0.0,5.0,3547.0399999999554,2025-09-02T10:31:00-04:00,0.0,6.650000000000034,247.039999999887,2025-09-02T11:31:00-04:00,0.0,5.449999999999989,2647.039999999978,2025-09-02T16:00:00-04:00,0.0,2.0000000000000036,9547.039999999948,2025-09-03T16:00:00-04:00,0.0,,,2025-09-04T15:30:00-04:00,1800.0,,,,,18.0,hit,23.0,hit,283.0,hit,1440.0,hit,1505.0,hit,2882.0,hit,2945.0,hit,76.0,hit,137.0,hit,1.0,hit,137.0,hit,137.0,hit,137.0,hit,9.900000000000091,80,True,True,True,True,,9.900000000000091,80,True,True,True,True,,9.900000000000091,80,True,True,True,True,,9.900000000000091,80,True,True,True,True,,1440.0,2025-09-03T09:31:00-04:00,2.8999999999999915,7747.039999999973,1461.0,2025-09-03T09:52:00-04:00,2.799999999999997,7947.039999999961,1462.0,2025-09-03T09:53:00-04:00,2.8499999999999943,7847.039999999966,1441.0,2025-09-03T09:32:00-04:00,3.299999999999997,6947.039999999961,1510.0,2025-09-03T10:41:00-04:00,1.8499999999999943,9847.039999999968,1511.0,2025-09-03T10:42:00-04:00,1.8499999999999943,9847.039999999968,1515.0,2025-09-03T10:46:00-04:00,1.8000000000000043,9947.039999999948,1511.0,2025-09-03T10:42:00-04:00,1.8499999999999943,9847.039999999968,2882.0,2025-09-04T09:33:00-04:00,0.9499999999999993,11647.039999999957,2883.0,2025-09-04T09:34:00-04:00,0.7500000000000018,12047.039999999952,2884.0,2025-09-04T09:35:00-04:00,0.6999999999999993,12147.039999999957,2883.0,2025-09-04T09:34:00-04:00,0.7500000000000018,12047.039999999952,2946.0,2025-09-04T10:37:00-04:00,0.39999999999999947,12747.039999999957,2949.0,2025-09-04T10:40:00-04:00,0.40000000000000036,12747.039999999955,2950.0,2025-09-04T10:41:00-04:00,0.3999999999999999,12747.039999999955,2947.0,2025-09-04T10:38:00-04:00,0.4500000000000002,12647.039999999955,2870
2025-09-02,2025-09-05,3,5.0,2025-09-02T09:31:00-04:00,5.0,NDXP  250905P23100000,NDXP  250905P23090000,validation,False,False,0,0,40,4,0,1537,available,False,2025-09-02T09:31:00-04:00,2025-09-05T15:05:00-04:00,0.0,9747.04,55.0,last_observed_quote_not_settlement,1036.0,14,14,5.300000000000011,-852.9600000000221,2025-09-02T09:32:00-04:00,0.0,4.75,247.04000000000067,2025-09-02T09:33:00-04:00,0.0,4.550000000000011,647.0399999999779,2025-09-02T09:36:00-04:00,0.0,4.0,1747.0400000000006,2025-09-02T09:41:00-04:00,0.0,7.800000000000011,-5852.960000000022,2025-09-02T09:46:00-04:00,0.0,3.349999999999966,3047.040000000069,2025-09-02T10:01:00-04:00,0.0,3.5,2747.040000000001,2025-09-02T10:31:00-04:00,0.0,4.550000000000011,647.0399999999779,2025-09-02T11:31:00-04:00,0.0,3.25,3247.040000000001,2025-09-02T16:00:00-04:00,0.0,1.749999999999993,6247.0400000000145,2025-09-03T16:00:00-04:00,0.0,0.39999999999999947,8947.040000000003,2025-09-04T16:00:00-04:00,0.0,,,2025-09-05T15:05:00-04:00,3300.0,0.0,hit,0.0,hit,6.0,hit,398.0,hit,1477.0,hit,1812.0,hit,1812.0,hit,15.0,hit,15.0,hit,15.0,hit,,never_hit,,never_hit,,never_hit,7.849999999999994,14,True,False,False,False,,7.849999999999994,14,True,False,False,False,,7.849999999999994,14,True,False,False,False,,7.849999999999994,14,True,False,False,False,,398.0,2025-09-02T16:09:00-04:00,2.700000000000017,4347.039999999966,399.0,2025-09-02T16:10:00-04:00,2.700000000000017,4347.039999999966,400.0,2025-09-02T16:11:00-04:00,2.799999999999983,4147.0400000000345,399.0,2025-09-02T16:10:00-04:00,2.700000000000017,4347.039999999966,1477.0,2025-09-03T10:08:00-04:00,1.8499999999999943,6047.040000000012,1493.0,2025-09-03T10:24:00-04:00,1.8499999999999943,6047.040000000012,1503.0,2025-09-03T10:34:00-04:00,1.8499999999999943,6047.040000000012,1478.0,2025-09-03T10:09:00-04:00,2.000000000000007,5747.039999999986,1812.0,2025-09-03T15:43:00-04:00,0.3499999999999943,9047.040000000014,2990.0,2025-09-04T11:21:00-04:00,0.9499999999999993,7847.040000000002,2991.0,2025-09-04T11:22:00-04:00,0.9499999999999993,7847.040000000002,1813.0,2025-09-03T15:44:00-04:00,2.250000000000007,5247.039999999986,1812.0,2025-09-03T15:43:00-04:00,0.3499999999999943,9047.040000000014,3254.0,2025-09-04T15:45:00-04:00,0.3999999999999986,8947.040000000005,3265.0,2025-09-04T15:56:00-04:00,0.40000000000000036,8947.04,1813.0,2025-09-03T15:44:00-04:00,2.250000000000007,5247.039999999986,2871
2025-09-02,2025-09-05,3,6.0,2025-09-02T09:31:00-04:00,6.0499999999999545,NDXP  250905P23230000,NDXP  250905P23220000,validation,False,False,0,0,17,26,0,1540,available,False,2025-09-02T09:31:00-04:00,2025-09-05T15:06:00-04:00,0.0,11847.03999999991,54.0,last_observed_quote_not_settlement,1036.0,19,22,5.500000000000057,847.039999999796,2025-09-02T09:32:00-04:00,0.0,5.75,347.03999999990975,2025-09-02T09:33:00-04:00,0.0,5.849999999999966,147.03999999997797,2025-09-02T09:36:00-04:00,0.0,4.750000000000057,2347.0399999997962,2025-09-02T09:41:00-04:00,0.0,3.150000000000034,5547.039999999842,2025-09-02T09:46:00-04:00,0.0,4.349999999999994,3147.0399999999213,2025-09-02T10:01:00-04:00,0.0,4.5,2847.03999999991,2025-09-02T10:31:00-04:00,0.0,6.0,-152.96000000009025,2025-09-02T11:31:00-04:00,0.0,4.350000000000023,3147.0399999998644,2025-09-02T16:00:00-04:00,0.0,2.549999999999983,6747.039999999944,2025-09-03T16:00:00-04:00,0.0,0.8499999999999979,10147.039999999915,2025-09-04T16:00:00-04:00,0.0,,,2025-09-05T15:06:00-04:00,3240.0,3.0,hit,7.0,hit,15.0,hit,1461.0,hit,2882.0,hit,3184.0,hit,4320.0,hit,,never_hit,,never_hit,,never_hit,,never_hit,,never_hit,,never_hit,6.349999999999966,19,False,False,False,False,,6.349999999999966,19,False,False,False,False,,6.349999999999966,19,False,False,False,False,,6.349999999999966,19,False,False,False,False,,1461.0,2025-09-03T09:52:00-04:00,2.9000000000000057,6047.039999999898,1462.0,2025-09-03T09:53:00-04:00,2.9499999999999886,5947.039999999933,1475.0,2025-09-03T10:06:00-04:00,2.8999999999999915,6047.039999999927,1462.0,2025-09-03T09:53:00-04:00,2.9499999999999886,5947.039999999933,2882.0,2025-09-04T09:33:00-04:00,1.8999999999999986,8047.039999999913,2883.0,2025-09-04T09:34:00-04:00,1.8999999999999986,8047.039999999913,2884.0,2025-09-04T09:35:00-04:00,1.8000000000000043,8247.039999999903,2883.0,2025-09-04T09:34:00-04:00,1.8999999999999986,8047.039999999913,3200.0,2025-09-04T14:51:00-04:00,0.9499999999999993,9947.039999999912,3206.0,2025-09-04T14:57:00-04:00,0.9499999999999993,9947.039999999912,3222.0,2025-09-04T15:13:00-04:00,0.9499999999999993,9947.039999999912,3201.0,2025-09-04T14:52:00-04:00,0.9500000000000028,9947.039999999904,4320.0,2025-09-05T09:31:00-04:00,0.10000000000000009,11647.03999999991,4321.0,2025-09-05T09:32:00-04:00,0.10000000000000009,11647.03999999991,4322.0,2025-09-05T09:33:00-04:00,0.07499999999999996,11697.03999999991,4321.0,2025-09-05T09:32:00-04:00,0.10000000000000009,11647.03999999991,2872
2025-09-02,2025-09-05,3,7.0,2025-09-02T09:31:00-04:00,6.949999999999989,NDXP  250905P23340000,NDXP  250905P23330000,validation,False,False,0,0,23,4,0,1561,available,False,2025-09-02T09:31:00-04:00,2025-09-05T15:34:00-04:00,0.0,13647.039999999979,26.0,last_observed_quote_not_settlement,1036.0,27,33,7.100000000000023,-552.9600000000676,2025-09-02T09:32:00-04:00,0.0,6.75,147.03999999997797,2025-09-02T09:33:00-04:00,0.0,6.300000000000011,1047.0399999999552,2025-09-02T09:36:00-04:00,0.0,6.050000000000011,1547.0399999999552,2025-09-02T09:41:00-04:00,0.0,5.9500000000000455,1747.039999999887,2025-09-02T09:46:00-04:00,0.0,6.149999999999977,1347.0400000000234,2025-09-02T10:01:00-04:00,0.0,5.400000000000034,2847.03999999991,2025-09-02T10:31:00-04:00,0.0,6.600000000000023,447.0399999999325,2025-09-02T11:31:00-04:00,0.0,4.799999999999983,4047.040000000012,2025-09-02T16:00:00-04:00,0.0,3.450000000000003,6747.039999999973,2025-09-03T16:00:00-04:00,0.0,1.3999999999999986,10847.03999999998,2025-09-04T16:00:00-04:00,0.0,,,2025-09-05T15:34:00-04:00,1560.0,20.0,hit,25.0,hit,1440.0,hit,1490.0,hit,1490.0,hit,1490.0,hit,1490.0,hit,,never_hit,,never_hit,1.0,hit,,never_hit,,never_hit,,never_hit,7.350000000000023,27,True,False,False,False,,7.350000000000023,27,True,False,False,False,,7.350000000000023,27,True,False,False,False,,7.350000000000023,27,True,False,False,False,,1490.0,2025-09-03T10:21:00-04:00,0.3500000000000085,12947.039999999963,2883.0,2025-09-04T09:34:00-04:00,2.6999999999999886,8247.04,2884.0,2025-09-04T09:35:00-04:00,2.549999999999983,8547.040000000014,1491.0,2025-09-03T10:22:00-04:00,3.6000000000000085,6447.039999999961,1490.0,2025-09-03T10:21:00-04:00,0.3500000000000085,12947.039999999963,3141.0,2025-09-04T13:52:00-04:00,1.8999999999999986,9847.03999999998,3142.0,2025-09-04T13:53:00-04:00,1.7999999999999972,10047.039999999985,1491.0,2025-09-03T10:22:00-04:00,3.6000000000000085,6447.039999999961,1490.0,2025-09-03T10:21:00-04:00,0.3500000000000085,12947.039999999963,4321.0,2025-09-05T09:32:00-04:00,0.125,13397.039999999979,4322.0,2025-09-05T09:33:00-04:00,0.1499999999999999,13347.039999999979,1491.0,2025-09-03T10:22:00-04:00,3.6000000000000085,6447.039999999961,1490.0,2025-09-03T10:21:00-04:00,0.3500000000000085,12947.039999999963,4321.0,2025-09-05T09:32:00-04:00,0.125,13397.039999999979,4322.0,2025-09-05T09:33:00-04:00,0.1499999999999999,13347.039999999979,1491.0,2025-09-03T10:22:00-04:00,3.6000000000000085,6447.039999999961,2873
2025-09-03,2025-09-05,2,5.0,2025-09-03T09:31:00-04:00,5.0,NDXP  250905P23510000,NDXP  250905P23500000,validation,False,False,0,0,6,2,0,1188,available,False,2025-09-03T09:31:00-04:00,2025-09-05T15:53:00-04:00,0.04999999999999999,9647.040000000003,7.0,last_observed_quote_not_settlement,1036.0,344,94,5.400000000000006,-1052.9600000000107,2025-09-03T09:32:00-04:00,0.0,5.599999999999994,-1452.959999999988,2025-09-03T09:33:00-04:00,0.0,6.0,-2252.959999999999,2025-09-03T09:36:00-04:00,0.0,6.050000000000011,-2352.960000000022,2025-09-03T09:41:00-04:00,0.0,5.899999999999977,-2052.9599999999537,2025-09-03T09:46:00-04:00,0.0,5.5,-1252.9599999999994,2025-09-03T10:01:00-04:00,0.0,6.0,-2252.959999999999,2025-09-03T10:31:00-04:00,0.0,5.25,-752.9599999999994,2025-09-03T11:31:00-04:00,0.0,5.550000000000011,-1352.960000000022,2025-09-03T16:00:00-04:00,0.0,2.75,4247.040000000001,2025-09-04T16:00:00-04:00,0.0,,,2025-09-05T15:53:00-04:00,420.0,,,,,0.0,hit,0.0,hit,51.0,hit,243.0,hit,1524.0,hit,2880.0,hit,2880.0,hit,2.0,hit,3.0,hit,48.0,hit,382.0,hit,,never_hit,,never_hit,7.699999999999989,148,True,False,False,False,,8.299999999999983,339,True,True,False,False,,8.299999999999983,342,True,True,False,False,,8.299999999999983,342,True,True,False,False,,243.0,2025-09-03T13:34:00-04:00,2.7499999999999716,4247.040000000057,1793.0,2025-09-04T15:24:00-04:00,2.8500000000000085,4047.0399999999836,1825.0,2025-09-04T15:56:00-04:00,2.700000000000003,4347.039999999995,244.0,2025-09-03T13:35:00-04:00,5.549999999999983,-1352.9599999999652,1524.0,2025-09-04T10:55:00-04:00,1.9000000000000057,5947.039999999989,2881.0,2025-09-05T09:32:00-04:00,0.40000000000000036,8947.04,2882.0,2025-09-05T09:33:00-04:00,0.4499999999999993,8847.040000000003,1525.0,2025-09-04T10:56:00-04:00,4.75,247.04000000000067,2880.0,2025-09-05T09:31:00-04:00,0.5,8747.04,2881.0,2025-09-05T09:32:00-04:00,0.40000000000000036,8947.04,2882.0,2025-09-05T09:33:00-04:00,0.4499999999999993,8847.040000000003,2881.0,2025-09-05T09:32:00-04:00,0.40000000000000036,8947.04,2881.0,2025-09-05T09:32:00-04:00,0.40000000000000036,8947.04,2882.0,2025-09-05T09:33:00-04:00,0.4499999999999993,8847.040000000003,2899.0,2025-09-05T09:50:00-04:00,0.3000000000000007,9147.04,2882.0,2025-09-05T09:33:00-04:00,0.4499999999999993,8847.040000000003,2874
2025-09-03,2025-09-05,2,6.0,2025-09-03T09:31:00-04:00,5.949999999999989,NDXP  250905P23540000,NDXP  250905P23530000,validation,False,False,0,0,2,0,0,1191,available,False,2025-09-03T09:31:00-04:00,2025-09-05T15:54:00-04:00,0.09999999999999998,11447.039999999977,6.0,last_observed_quote_not_settlement,1036.0,271,96,6.5499999999999545,-1452.9599999999311,2025-09-03T09:32:00-04:00,0.0,6.300000000000011,-952.9600000000448,2025-09-03T09:33:00-04:00,0.0,5.94999999999996,-252.95999999994245,2025-09-03T09:36:00-04:00,0.0,6.200000000000017,-752.9600000000562,2025-09-03T09:41:00-04:00,0.0,6.19999999999996,-752.9599999999425,2025-09-03T09:46:00-04:00,0.0,5.899999999999977,-152.95999999997656,2025-09-03T10:01:00-04:00,0.0,5.499999999999972,647.0400000000348,2025-09-03T10:31:00-04:00,0.0,6.5,-1352.960000000022,2025-09-03T11:31:00-04:00,0.0,5.500000000000028,647.0399999999211,2025-09-03T16:00:00-04:00,0.0,3.0,5647.039999999978,2025-09-04T16:00:00-04:00,0.0,,,2025-09-05T15:54:00-04:00,360.0,,,,,3.0,hit,37.0,hit,39.0,hit,39.0,hit,39.0,hit,39.0,hit,39.0,hit,1.0,hit,35.0,hit,68.0,hit,,never_hit,,never_hit,,never_hit,6.950000000000017,27,False,False,False,False,,6.950000000000017,27,False,False,False,False,,6.950000000000017,27,False,False,False,False,,6.950000000000017,27,False,False,False,False,,39.0,2025-09-03T10:10:00-04:00,0.15000000000000568,11347.039999999968,1828.0,2025-09-04T15:59:00-04:00,2.9000000000000057,5847.039999999966,1835.0,2025-09-04T16:06:00-04:00,2.9499999999999957,5747.039999999986,40.0,2025-09-03T10:11:00-04:00,6.150000000000006,-652.9600000000335,39.0,2025-09-03T10:10:00-04:00,0.15000000000000568,11347.039999999968,2881.0,2025-09-05T09:32:00-04:00,0.5999999999999996,10447.039999999979,2882.0,2025-09-05T09:33:00-04:00,0.5500000000000007,10547.039999999977,40.0,2025-09-03T10:11:00-04:00,6.150000000000006,-652.9600000000335,39.0,2025-09-03T10:10:00-04:00,0.15000000000000568,11347.039999999968,2881.0,2025-09-05T09:32:00-04:00,0.5999999999999996,10447.039999999979,2882.0,2025-09-05T09:33:00-04:00,0.5500000000000007,10547.039999999977,40.0,2025-09-03T10:11:00-04:00,6.150000000000006,-652.9600000000335,39.0,2025-09-03T10:10:00-04:00,0.15000000000000568,11347.039999999968,2899.0,2025-09-05T09:50:00-04:00,0.35000000000000053,10947.039999999977,2900.0,2025-09-05T09:51:00-04:00,0.35000000000000053,10947.039999999977,40.0,2025-09-03T10:11:00-04:00,6.150000000000006,-652.9600000000335,2875
2025-09-03,2025-09-05,2,7.0,2025-09-03T09:31:00-04:00,6.900000000000034,NDXP  250905P23630000,NDXP  250905P23620000,validation,False,False,0,0,0,1,0,1196,available,False,2025-09-03T09:31:00-04:00,2025-09-05T16:00:00-04:00,0.375,12797.04000000007,0.0,last_observed_quote_not_settlement,1036.0,413,129,7.149999999999977,-752.9599999998857,2025-09-03T09:32:00-04:00,0.0,7.199999999999932,-852.9599999997947,2025-09-03T09:33:00-04:00,0.0,6.899999999999977,-252.9599999998856,2025-09-03T09:36:00-04:00,0.0,7.300000000000011,-1052.9599999999539,2025-09-03T09:41:00-04:00,0.0,7.25,-952.9599999999311,2025-09-03T09:46:00-04:00,0.0,7.0499999999999545,-552.9599999998402,2025-09-03T10:01:00-04:00,0.0,6.7000000000000455,147.03999999997797,2025-09-03T10:31:00-04:00,0.0,7.100000000000023,-652.9599999999766,2025-09-03T11:31:00-04:00,0.0,7.05000000000004,-552.9600000000107,2025-09-03T16:00:00-04:00,0.0,0.44999999999998863,12647.040000000092,2025-09-04T16:00:00-04:00,0.0,0.375,12797.04000000007,2025-09-05T16:00:00-04:00,0.0,,,,,58.0,hit,58.0,hit,58.0,hit,58.0,hit,1829.0,hit,1829.0,hit,1829.0,hit,13.0,hit,13.0,hit,1.0,hit,201.0,hit,1513.0,hit,3143.0,hit,7.9500000000000455,37,True,False,False,False,,9.099999999999966,376,True,True,True,True,,9.099999999999966,376,True,True,True,True,,9.099999999999966,376,True,True,True,True,,58.0,2025-09-03T10:29:00-04:00,2.5,8547.04000000007,2881.0,2025-09-05T09:32:00-04:00,1.1000000000000014,11347.040000000066,2882.0,2025-09-05T09:33:00-04:00,1.0999999999999996,11347.04000000007,59.0,2025-09-03T10:30:00-04:00,6.900000000000034,-252.9599999999993,1829.0,2025-09-04T16:00:00-04:00,0.44999999999998863,12647.040000000092,2881.0,2025-09-05T09:32:00-04:00,1.1000000000000014,11347.040000000066,2882.0,2025-09-05T09:33:00-04:00,1.0999999999999996,11347.04000000007,1830.0,2025-09-04T16:01:00-04:00,4.200000000000017,5147.0400000000345,1829.0,2025-09-04T16:00:00-04:00,0.44999999999998863,12647.040000000092,2893.0,2025-09-05T09:44:00-04:00,0.9000000000000004,11747.04000000007,2894.0,2025-09-05T09:45:00-04:00,0.8000000000000007,11947.040000000068,1830.0,2025-09-04T16:01:00-04:00,4.200000000000017,5147.0400000000345,1829.0,2025-09-04T16:00:00-04:00,0.44999999999998863,12647.040000000092,,,,,,,,,1830.0,2025-09-04T16:01:00-04:00,4.200000000000017,5147.0400000000345,2876
2025-09-05,2025-09-08,3,5.0,2025-09-05T09:31:00-04:00,4.949999999999989,NDXP  250908P23860000,NDXP  250908P23850000,validation,False,False,0,0,0,16,0,779,available,False,2025-09-05T09:31:00-04:00,2025-09-08T16:00:00-04:00,10.0,-10252.960000000021,0.0,last_observed_quote_not_settlement,3916.0,747,21,4.650000000000006,347.0399999999666,2025-09-05T09:32:00-04:00,0.0,5.299999999999997,-952.9600000000164,2025-09-05T09:33:00-04:00,0.0,5.25,-852.9600000000221,2025-09-05T09:36:00-04:00,0.0,5.299999999999997,-952.9600000000164,2025-09-05T09:41:00-04:00,0.0,5.099999999999994,-552.9600000000107,2025-09-05T09:46:00-04:00,0.0,5.6499999999999915,-1652.960000000005,2025-09-05T10:01:00-04:00,0.0,8.5,-7352.960000000024,2025-09-05T10:31:00-04:00,0.0,8.75,-7852.960000000024,2025-09-05T11:31:00-04:00,0.0,8.950000000000017,-8252.960000000057,2025-09-05T16:00:00-04:00,0.0,,,2025-09-05T16:15:00-04:00,85500.0,,,2025-09-05T16:15:00-04:00,171900.0,10.0,-10252.960000000021,2025-09-08T16:00:00-04:00,0.0,0.0,hit,0.0,hit,13.0,hit,,never_hit,,never_hit,,never_hit,,never_hit,4.0,hit,31.0,hit,41.0,hit,41.0,hit,89.0,hit,94.0,hit,,,True,True,True,False,1.799999999999983,,,True,True,True,False,1.799999999999983,,,True,True,True,False,1.799999999999983,,,True,True,True,False,1.799999999999983,,,,,,,,,,,,,,,,,,,,,,,,,,,,,,,,,,,,,,,,,,,,,,,,,,,,,,,,,,,,,,,,,2877
2025-09-05,2025-09-08,3,6.0,2025-09-05T09:31:00-04:00,6.099999999999994,NDXP  250908P23920000,NDXP  250908P23910000,validation,False,False,0,0,0,91,0,704,available,False,2025-09-05T09:31:00-04:00,2025-09-08T16:00:00-04:00,10.0,-7952.960000000011,0.0,last_observed_quote_not_settlement,3916.0,645,9,6.0,-52.96000000001066,2025-09-05T09:32:00-04:00,0.0,6.149999999999977,-352.9599999999652,2025-09-05T09:33:00-04:00,0.0,6.600000000000023,-1252.9600000000562,2025-09-05T09:36:00-04:00,0.0,6.349999999999994,-752.9599999999994,2025-09-05T09:41:00-04:00,0.0,6.399999999999977,-852.9599999999652,2025-09-05T09:46:00-04:00,0.0,6.349999999999994,-752.9599999999994,2025-09-05T10:01:00-04:00,0.0,8.75,-5552.960000000013,2025-09-05T10:31:00-04:00,0.0,9.5,-7052.960000000013,2025-09-05T11:31:00-04:00,0.0,9.649999999999977,-7352.959999999967,2025-09-05T16:00:00-04:00,0.0,,,2025-09-05T16:15:00-04:00,85500.0,,,2025-09-05T16:15:00-04:00,171900.0,10.0,-7952.960000000011,2025-09-08T16:00:00-04:00,0.0,,never_hit,,never_hit,,never_hit,,never_hit,,never_hit,,never_hit,,never_hit,4.0,hit,4.0,hit,4.0,hit,4.0,hit,4.0,hit,4.0,hit,,,True,True,True,False,0.549999999999983,,,True,True,True,False,0.549999999999983,,,True,True,True,False,0.549999999999983,,,True,True,True,False,0.549999999999983,,,,,,,,,,,,,,,,,,,,,,,,,,,,,,,,,,,,,,,,,,,,,,,,,,,,,,,,,,,,,,,,,2878
2025-09-05,2025-09-08,3,7.0,2025-09-05T09:31:00-04:00,7.0499999999999545,NDXP  250908P24360000,NDXP  250908P24350000,validation,False,False,0,0,0,127,0,668,available,False,2025-09-05T09:31:00-04:00,2025-09-08T16:00:00-04:00,10.0,-6052.960000000091,0.0,last_observed_quote_not_settlement,3917.0,570,4,,,2025-09-05T09:31:00-04:00,60.0,9.650000000000091,-5452.960000000274,2025-09-05T09:33:00-04:00,0.0,9.0,-4152.960000000092,2025-09-05T09:36:00-04:00,0.0,9.950000000000045,-6052.960000000091,2025-09-05T09:41:00-04:00,0.0,9.950000000000045,-6052.960000000091,2025-09-05T09:46:00-04:00,0.0,9.950000000000045,-6052.960000000091,2025-09-05T10:01:00-04:00,0.0,9.850000000000023,-5852.960000000137,2025-09-05T10:31:00-04:00,0.0,10.0,-6052.960000000091,2025-09-05T11:31:00-04:00,0.0,10.0,-6052.960000000091,2025-09-05T16:00:00-04:00,0.0,,,2025-09-05T16:14:00-04:00,85560.0,,,2025-09-05T16:14:00-04:00,171960.0,10.0,-6052.960000000091,2025-09-08T16:00:00-04:00,0.0,,never_hit,,never_hit,,never_hit,,never_hit,,never_hit,,never_hit,,never_hit,2.0,hit,2.0,hit,0.0,hit,2.0,hit,2.0,hit,2.0,hit,,,True,True,True,False,0.14999999999997726,,,True,True,True,False,0.14999999999997726,,,True,True,True,False,0.14999999999997726,,,True,True,True,False,0.14999999999997726,,,,,,,,,,,,,,,,,,,,,,,,,,,,,,,,,,,,,,,,,,,,,,,,,,,,,,,,,,,,,,,,,2879
2025-09-08,2025-09-10,2,5.0,2025-09-08T09:31:00-04:00,5.050000000000011,NDXP  250910P23820000,NDXP  250910P23810000,validation,False,False,0,0,3,1,0,1196,available,False,2025-09-08T09:31:00-04:00,2025-09-10T15:57:00-04:00,0.225,9397.040000000023,3.0,last_observed_quote_not_settlement,1036.0,287,110,4.800000000000011,247.04000000000067,2025-09-08T09:32:00-04:00,0.0,5.050000000000011,-252.9599999999993,2025-09-08T09:33:00-04:00,0.0,4.650000000000006,547.040000000012,2025-09-08T09:36:00-04:00,0.0,4.75,347.04000000002344,2025-09-08T09:41:00-04:00,0.0,4.150000000000006,1547.040000000012,2025-09-08T09:46:00-04:00,0.0,4.099999999999994,1647.0400000000348,2025-09-08T10:01:00-04:00,0.0,3.799999999999997,2247.040000000029,2025-09-08T10:31:00-04:00,0.0,3.749999999999986,2347.040000000052,2025-09-08T11:31:00-04:00,0.0,5.099999999999994,-352.9599999999652,2025-09-08T16:00:00-04:00,0.0,3.5999999999999943,2647.040000000035,2025-09-09T16:00:00-04:00,0.0,,,2025-09-10T15:57:00-04:00,180.0,,,,,0.0,hit,1.0,hit,21.0,hit,2880.0,hit,2880.0,hit,2929.0,hit,3091.0,hit,219.0,hit,219.0,hit,264.0,hit,1505.0,hit,1505.0,hit,,never_hit,9.400000000000034,252,True,True,True,True,,9.400000000000034,252,True,True,True,True,,9.400000000000034,252,True,True,True,True,,9.400000000000034,252,True,True,True,True,,2880.0,2025-09-10T09:31:00-04:00,2.0,5847.040000000024,2881.0,2025-09-10T09:32:00-04:00,1.8499999999999979,6147.040000000027,2882.0,2025-09-10T09:33:00-04:00,1.9500000000000028,5947.040000000018,2881.0,2025-09-10T09:32:00-04:00,1.8499999999999979,6147.040000000027,2881.0,2025-09-10T09:32:00-04:00,1.8499999999999979,6147.040000000027,2884.0,2025-09-10T09:35:00-04:00,1.6499999999999986,6547.040000000026,2885.0,2025-09-10T09:36:00-04:00,1.6000000000000014,6647.040000000021,2882.0,2025-09-10T09:33:00-04:00,1.9500000000000028,5947.040000000018,2935.0,2025-09-10T10:26:00-04:00,0.9499999999999993,7947.0400000000245,2956.0,2025-09-10T10:47:00-04:00,0.8000000000000007,8247.040000000023,2957.0,2025-09-10T10:48:00-04:00,0.75,8347.040000000025,2936.0,2025-09-10T10:27:00-04:00,1.0,7847.040000000024,3091.0,2025-09-10T13:02:00-04:00,0.0,9847.040000000025,3266.0,2025-09-10T15:57:00-04:00,0.225,9397.040000000023,,,,,3092.0,2025-09-10T13:03:00-04:00,0.7999999999999998,8247.040000000025,2880
2025-09-08,2025-09-10,2,6.0,2025-09-08T09:31:00-04:00,5.949999999999989,NDXP  250910P23950000,NDXP  250910P23940000,validation,False,False,0,0,0,39,0,1161,available,False,2025-09-08T09:31:00-04:00,2025-09-10T15:57:00-04:00,9.949999999999989,-8252.960000000001,3.0,last_observed_quote_not_settlement,1036.0,930,119,6.200000000000017,-752.9600000000562,2025-09-08T09:32:00-04:00,0.0,6.5,-1352.960000000022,2025-09-08T09:33:00-04:00,0.0,7.300000000000011,-2952.9600000000446,2025-09-08T09:36:00-04:00,0.0,6.599999999999966,-1552.9599999999539,2025-09-08T09:41:00-04:00,0.0,6.749999999999972,-1852.9599999999652,2025-09-08T09:46:00-04:00,0.0,6.400000000000034,-1152.9600000000903,2025-09-08T10:01:00-04:00,0.0,6.150000000000006,-652.9600000000335,2025-09-08T10:31:00-04:00,0.0,6.750000000000028,-1852.960000000079,2025-09-08T11:31:00-04:00,0.0,7.800000000000011,-3952.9600000000446,2025-09-08T16:00:00-04:00,0.0,7.249999999999986,-2852.9599999999937,2025-09-09T16:00:00-04:00,0.0,,,2025-09-10T15:57:00-04:00,180.0,,,,,9.0,hit,71.0,hit,101.0,hit,2918.0,hit,2918.0,hit,2918.0,hit,,never_hit,2.0,hit,5.0,hit,5.0,hit,94.0,hit,215.0,hit,221.0,hit,10.0,729,True,True,True,True,,10.0,729,True,True,True,True,,10.0,729,True,True,True,True,,,,True,True,True,False,5.199999999999989,2918.0,2025-09-10T10:09:00-04:00,0.75,10147.039999999979,2948.0,2025-09-10T10:39:00-04:00,1.4499999999999957,8747.039999999988,,,,,2919.0,2025-09-10T10:10:00-04:00,5.200000000000003,1247.0399999999722,2918.0,2025-09-10T10:09:00-04:00,0.75,10147.039999999979,,,,,,,,,2919.0,2025-09-10T10:10:00-04:00,5.200000000000003,1247.0399999999722,2918.0,2025-09-10T10:09:00-04:00,0.75,10147.039999999979,,,,,,,,,2919.0,2025-09-10T10:10:00-04:00,5.200000000000003,1247.0399999999722,,,,,,,,,,,,,,,,,2881
2025-09-08,2025-09-10,2,7.0,2025-09-08T09:31:00-04:00,6.75,NDXP  250910P23880000,NDXP  250910P23870000,validation,False,False,0,0,0,3,0,1197,available,False,2025-09-08T09:31:00-04:00,2025-09-10T15:59:00-04:00,8.250000000000004,-3252.960000000008,1.0,last_observed_quote_not_settlement,1036.0,263,149,5.800000000000011,1647.039999999978,2025-09-08T09:32:00-04:00,0.0,5.949999999999989,1347.0400000000234,2025-09-08T09:33:00-04:00,0.0,5.049999999999983,3147.040000000035,2025-09-08T09:36:00-04:00,0.0,5.399999999999977,2447.0400000000463,2025-09-08T09:41:00-04:00,0.0,6.2000000000000455,847.0399999999097,2025-09-08T09:46:00-04:00,0.0,5.150000000000006,2947.0399999999895,2025-09-08T10:01:00-04:00,0.0,4.650000000000006,3947.0399999999895,2025-09-08T10:31:00-04:00,0.0,4.650000000000006,3947.0399999999895,2025-09-08T11:31:00-04:00,0.0,5.899999999999977,1447.0400000000461,2025-09-08T16:00:00-04:00,0.0,5.849999999999994,1547.040000000012,2025-09-09T16:00:00-04:00,0.0,,,2025-09-10T15:59:00-04:00,60.0,,,,,5.0,hit,13.0,hit,31.0,hit,155.0,hit,2927.0,hit,,never_hit,,never_hit,11.0,hit,177.0,hit,11.0,hit,177.0,hit,1536.0,hit,1536.0,hit,7.350000000000023,4,True,False,False,False,,9.950000000000017,184,True,True,True,True,,,,True,True,True,False,5.400000000000002,,,True,True,True,False,5.400000000000002,2884.0,2025-09-10T09:35:00-04:00,2.75,7747.040000000001,2885.0,2025-09-10T09:36:00-04:00,2.650000000000002,7947.039999999996,2886.0,2025-09-10T09:37:00-04:00,2.8500000000000014,7547.039999999998,2885.0,2025-09-10T09:36:00-04:00,2.650000000000002,7947.039999999996,2934.0,2025-09-10T10:25:00-04:00,1.75,9747.04,2935.0,2025-09-10T10:26:00-04:00,1.7000000000000028,9847.039999999995,2936.0,2025-09-10T10:27:00-04:00,1.7999999999999972,9647.040000000008,2935.0,2025-09-10T10:26:00-04:00,1.7000000000000028,9847.039999999995,,,,,,,,,,,,,,,,,,,,,,,,,,,,,,,,,2882
2025-09-08,2025-09-11,3,5.0,2025-09-08T09:31:00-04:00,5.0,NDXP  250911P24180000,NDXP  250911P24170000,validation,False,False,0,0,0,150,0,1455,available,False,2025-09-08T09:31:00-04:00,2025-09-11T15:59:00-04:00,10.0,-10152.96,1.0,last_observed_quote_not_settlement,1037.0,1348,6,,,2025-09-08T09:31:00-04:00,60.0,7.099999999999966,-4452.959999999931,2025-09-08T09:33:00-04:00,0.0,8.850000000000023,-7952.960000000046,2025-09-08T09:36:00-04:00,0.0,8.150000000000034,-6552.960000000069,2025-09-08T09:41:00-04:00,0.0,8.950000000000045,-8152.960000000092,2025-09-08T09:46:00-04:00,0.0,8.649999999999977,-7552.9599999999555,2025-09-08T10:01:00-04:00,0.0,8.5,-7252.960000000001,2025-09-08T10:31:00-04:00,0.0,8.600000000000023,-7452.960000000046,2025-09-08T11:31:00-04:00,0.0,9.350000000000023,-8952.960000000046,2025-09-08T16:00:00-04:00,0.0,9.0,-8252.960000000001,2025-09-09T16:00:00-04:00,0.0,9.350000000000023,-8952.960000000046,2025-09-10T16:00:00-04:00,0.0,,,2025-09-11T15:59:00-04:00,60.0,0.0,hit,0.0,hit,,never_hit,,never_hit,,never_hit,,never_hit,,never_hit,2.0,hit,2.0,hit,2.0,hit,3.0,hit,4.0,hit,49.0,hit,,,True,True,True,False,0.5,,,True,True,True,False,0.5,,,True,True,True,False,0.5,,,True,True,True,False,0.5,,,,,,,,,,,,,,,,,,,,,,,,,,,,,,,,,,,,,,,,,,,,,,,,,,,,,,,,,,,,,,,,,2883
2025-09-08,2025-09-11,3,6.0,2025-09-08T09:31:00-04:00,6.0,NDXP  250911P23920000,NDXP  250911P23910000,validation,False,False,0,0,6,3,0,1593,available,False,2025-09-08T09:31:00-04:00,2025-09-11T15:53:00-04:00,0.0,11747.04,7.0,last_observed_quote_not_settlement,1036.0,431,256,5.949999999999989,-152.95999999997656,2025-09-08T09:32:00-04:00,0.0,6.0,-252.9599999999993,2025-09-08T09:33:00-04:00,0.0,4.850000000000023,2047.0399999999554,2025-09-08T09:36:00-04:00,0.0,5.299999999999983,1147.0400000000348,2025-09-08T09:41:00-04:00,0.0,5.450000000000017,847.0399999999665,2025-09-08T09:46:00-04:00,0.0,5.150000000000006,1447.0399999999893,2025-09-08T10:01:00-04:00,0.0,5.0,1747.0400000000006,2025-09-08T10:31:00-04:00,0.0,5.050000000000011,1647.039999999978,2025-09-08T11:31:00-04:00,0.0,5.550000000000011,647.0399999999779,2025-09-08T16:00:00-04:00,0.0,5.950000000000017,-152.9600000000334,2025-09-09T16:00:00-04:00,0.0,5.5,747.0400000000006,2025-09-10T16:00:00-04:00,0.0,,,2025-09-11T15:53:00-04:00,420.0,3.0,hit,5.0,hit,21.0,hit,109.0,hit,4394.0,hit,4482.0,hit,4596.0,hit,22.0,hit,34.0,hit,34.0,hit,117.0,hit,,never_hit,,never_hit,7.650000000000034,11,True,False,False,False,,8.849999999999994,431,True,True,False,False,,8.849999999999994,431,True,True,False,False,,8.849999999999994,431,True,True,False,False,,109.0,2025-09-08T11:20:00-04:00,2.8500000000000227,6047.039999999955,4357.0,2025-09-11T10:08:00-04:00,2.3999999999999986,6947.040000000004,4358.0,2025-09-11T10:09:00-04:00,2.3999999999999986,6947.040000000004,110.0,2025-09-08T11:21:00-04:00,4.450000000000017,2847.0399999999668,4413.0,2025-09-11T11:04:00-04:00,1.8999999999999986,7947.040000000004,4416.0,2025-09-11T11:07:00-04:00,1.9000000000000021,7947.039999999996,4417.0,2025-09-11T11:08:00-04:00,1.8999999999999986,7947.040000000004,4414.0,2025-09-11T11:05:00-04:00,2.75,6247.040000000001,4554.0,2025-09-11T13:25:00-04:00,0.9499999999999993,9847.040000000003,4555.0,2025-09-11T13:26:00-04:00,0.9000000000000004,9947.04,4567.0,2025-09-11T13:38:00-04:00,0.8000000000000007,10147.04,4555.0,2025-09-11T13:26:00-04:00,0.9000000000000004,9947.04,4602.0,2025-09-11T14:13:00-04:00,0.42500000000000027,10897.04,4603.0,2025-09-11T14:14:00-04:00,0.40000000000000036,10947.04,4630.0,2025-09-11T14:41:00-04:00,0.375,10997.04,4603.0,2025-09-11T14:14:00-04:00,0.40000000000000036,10947.04,2884
2025-09-08,2025-09-11,3,7.0,2025-09-08T09:31:00-04:00,6.9500000000000455,NDXP  250911P23990000,NDXP  250911P23980000,validation,False,False,0,0,1,0,0,1604,available,False,2025-09-08T09:31:00-04:00,2025-09-11T15:59:00-04:00,0.375,12897.040000000092,1.0,last_observed_quote_not_settlement,1036.0,635,222,6.900000000000034,-152.95999999997656,2025-09-08T09:32:00-04:00,0.0,6.649999999999977,347.0400000001371,2025-09-08T09:33:00-04:00,0.0,6.650000000000006,347.0400000000803,2025-09-08T09:36:00-04:00,0.0,6.5,647.0400000000916,2025-09-08T09:41:00-04:00,0.0,6.400000000000006,847.0400000000802,2025-09-08T09:46:00-04:00,0.0,6.25,1147.0400000000916,2025-09-08T10:01:00-04:00,0.0,6.599999999999994,447.040000000103,2025-09-08T10:31:00-04:00,0.0,5.099999999999994,3447.040000000103,2025-09-08T11:31:00-04:00,0.0,7.099999999999966,-552.9599999998402,2025-09-08T16:00:00-04:00,0.0,6.5,647.0400000000916,2025-09-09T16:00:00-04:00,0.0,7.449999999999989,-1252.9599999998857,2025-09-10T16:00:00-04:00,0.0,,,2025-09-11T15:59:00-04:00,60.0,26.0,hit,26.0,hit,1486.0,hit,4428.0,hit,4680.0,hit,4700.0,hit,4707.0,hit,62.0,hit,79.0,hit,3.0,hit,79.0,hit,1470.0,hit,,never_hit,9.449999999999989,635,True,True,True,True,,9.449999999999989,635,True,True,True,True,,9.449999999999989,635,True,True,True,True,,9.449999999999989,635,True,True,True,True,,4440.0,2025-09-11T11:31:00-04:00,2.8999999999999986,7847.040000000095,4441.0,2025-09-11T11:32:00-04:00,2.900000000000002,7847.040000000087,4475.0,2025-09-11T12:06:00-04:00,2.8999999999999986,7847.040000000095,4441.0,2025-09-11T11:32:00-04:00,2.900000000000002,7847.040000000087,4681.0,2025-09-11T15:32:00-04:00,1.8500000000000005,9947.040000000092,4696.0,2025-09-11T15:47:00-04:00,1.875,9897.040000000092,4697.0,2025-09-11T15:48:00-04:00,1.6,10447.040000000092,4682.0,2025-09-11T15:33:00-04:00,2.0,9647.040000000092,4700.0,2025-09-11T15:51:00-04:00,0.875,11897.040000000092,4707.0,2025-09-11T15:58:00-04:00,0.275,13097.040000000092,4708.0,2025-09-11T15:59:00-04:00,0.375,12897.040000000092,4701.0,2025-09-11T15:52:00-04:00,1.075,11497.040000000092,4707.0,2025-09-11T15:58:00-04:00,0.275,13097.040000000092,4708.0,2025-09-11T15:59:00-04:00,0.375,12897.040000000092,,,,,4708.0,2025-09-11T15:59:00-04:00,0.375,12897.040000000092,2885
2025-09-09,2025-09-11,2,5.0,2025-09-09T09:31:00-04:00,5.049999999999983,NDXP  250911P23890000,NDXP  250911P23880000,validation,False,False,0,0,6,0,0,1175,available,False,2025-09-09T09:31:00-04:00,2025-09-11T15:41:00-04:00,0.0,9847.039999999968,19.0,last_observed_quote_not_settlement,1036.0,458,81,4.950000000000017,-52.9600000000675,2025-09-09T09:32:00-04:00,0.0,5.400000000000006,-952.9600000000448,2025-09-09T09:33:00-04:00,0.0,4.850000000000023,147.03999999992112,2025-09-09T09:36:00-04:00,0.0,5.949999999999989,-2052.9600000000105,2025-09-09T09:41:00-04:00,0.0,5.25,-652.9600000000335,2025-09-09T09:46:00-04:00,0.0,5.399999999999977,-952.959999999988,2025-09-09T10:01:00-04:00,0.0,5.849999999999994,-1852.960000000022,2025-09-09T10:31:00-04:00,0.0,6.149999999999977,-2452.9599999999878,2025-09-09T11:31:00-04:00,0.0,5.25,-652.9600000000335,2025-09-09T16:00:00-04:00,0.0,5.0,-152.9600000000334,2025-09-10T16:00:00-04:00,0.0,,,2025-09-11T15:41:00-04:00,1140.0,,,,,0.0,hit,1.0,hit,27.0,hit,224.0,hit,1814.0,hit,1814.0,hit,3091.0,hit,7.0,hit,7.0,hit,14.0,hit,78.0,hit,,never_hit,,never_hit,8.599999999999994,210,True,True,False,False,,8.599999999999994,446,True,True,False,False,,8.599999999999994,446,True,True,False,False,,8.599999999999994,458,True,True,False,False,,224.0,2025-09-09T13:15:00-04:00,2.9499999999999886,3947.0399999999895,2881.0,2025-09-11T09:32:00-04:00,2.599999999999998,4647.039999999971,2882.0,2025-09-11T09:33:00-04:00,2.5500000000000043,4747.039999999958,225.0,2025-09-09T13:16:00-04:00,5.5,-1152.9600000000335,1814.0,2025-09-10T15:45:00-04:00,0.8499999999999943,8147.039999999978,2945.0,2025-09-11T10:36:00-04:00,1.6499999999999986,6547.039999999969,2946.0,2025-09-11T10:37:00-04:00,1.6000000000000014,6647.039999999964,1815.0,2025-09-10T15:46:00-04:00,5.200000000000003,-552.9600000000391,1814.0,2025-09-10T15:45:00-04:00,0.8499999999999943,8147.039999999978,2989.0,2025-09-11T11:20:00-04:00,0.9000000000000004,8047.039999999965,2990.0,2025-09-11T11:21:00-04:00,0.9000000000000004,8047.039999999965,1815.0,2025-09-10T15:46:00-04:00,5.200000000000003,-552.9600000000391,3091.0,2025-09-11T13:02:00-04:00,0.29999999999999893,9247.03999999997,3131.0,2025-09-11T13:42:00-04:00,0.39999999999999947,9047.039999999968,3148.0,2025-09-11T13:59:00-04:00,0.3250000000000002,9197.039999999966,3092.0,2025-09-11T13:03:00-04:00,1.1000000000000014,7647.039999999964,2886
2025-09-09,2025-09-11,2,6.0,2025-09-09T09:31:00-04:00,6.000000000000028,NDXP  250911P23900000,NDXP  250911P23890000,validation,False,False,0,0,14,0,0,1181,available,False,2025-09-09T09:31:00-04:00,2025-09-11T15:45:00-04:00,0.025000000000000022,11697.040000000057,15.0,last_observed_quote_not_settlement,1036.0,180,140,5.25,1247.0400000000575,2025-09-09T09:32:00-04:00,0.0,5.0,1747.0400000000575,2025-09-09T09:33:00-04:00,0.0,5.849999999999966,47.040000000125765,2025-09-09T09:36:00-04:00,0.0,4.950000000000017,1847.0400000000234,2025-09-09T09:41:00-04:00,0.0,5.100000000000023,1547.040000000012,2025-09-09T09:46:00-04:00,0.0,5.900000000000034,-52.96000000001066,2025-09-09T10:01:00-04:00,0.0,8.700000000000017,-5652.959999999978,2025-09-09T10:31:00-04:00,0.0,7.350000000000023,-2952.9599999999878,2025-09-09T11:31:00-04:00,0.0,5.100000000000023,1547.040000000012,2025-09-09T16:00:00-04:00,0.0,5.400000000000006,947.0400000000461,2025-09-10T16:00:00-04:00,0.0,,,2025-09-11T15:45:00-04:00,900.0,,,,,1.0,hit,2.0,hit,14.0,hit,14.0,hit,393.0,hit,2987.0,hit,3130.0,hit,12.0,hit,27.0,hit,27.0,hit,54.0,hit,,never_hit,,never_hit,6.650000000000006,1,False,False,False,False,,8.900000000000006,145,True,True,False,False,,8.900000000000006,180,True,True,False,False,,8.900000000000006,180,True,True,False,False,,14.0,2025-09-09T09:45:00-04:00,2.75,6247.040000000057,2881.0,2025-09-11T09:32:00-04:00,2.3999999999999986,6947.04000000006,2882.0,2025-09-11T09:33:00-04:00,2.749999999999993,6247.040000000072,15.0,2025-09-09T09:46:00-04:00,5.100000000000023,1547.040000000012,393.0,2025-09-09T16:04:00-04:00,1.6999999999999886,8347.04000000008,2945.0,2025-09-11T10:36:00-04:00,1.8999999999999986,7947.04000000006,2946.0,2025-09-11T10:37:00-04:00,1.6999999999999993,8347.040000000059,394.0,2025-09-09T16:05:00-04:00,5.700000000000017,347.04000000002344,2989.0,2025-09-11T11:20:00-04:00,0.9499999999999993,9847.040000000059,2990.0,2025-09-11T11:21:00-04:00,0.9499999999999993,9847.040000000059,3002.0,2025-09-11T11:33:00-04:00,0.9499999999999993,9847.040000000059,2990.0,2025-09-11T11:21:00-04:00,0.9499999999999993,9847.040000000059,3130.0,2025-09-11T13:41:00-04:00,0.44999999999999973,10847.040000000057,3148.0,2025-09-11T13:59:00-04:00,0.375,10997.040000000059,3149.0,2025-09-11T14:00:00-04:00,0.2999999999999998,11147.040000000059,3131.0,2025-09-11T13:42:00-04:00,0.5,10747.040000000059,2887
2025-09-09,2025-09-11,2,7.0,2025-09-09T09:31:00-04:00,7.050000000000011,NDXP  250911P23980000,NDXP  250911P23970000,validation,False,False,0,0,1,1,0,1197,available,False,2025-09-09T09:31:00-04:00,2025-09-11T15:58:00-04:00,0.07499999999999998,13697.040000000025,2.0,last_observed_quote_not_settlement,1036.0,321,163,6.699999999999989,447.0400000000462,2025-09-09T09:32:00-04:00,0.0,6.400000000000006,1047.040000000012,2025-09-09T09:33:00-04:00,0.0,6.700000000000017,447.03999999998933,2025-09-09T09:36:00-04:00,0.0,6.600000000000023,647.0399999999779,2025-09-09T09:41:00-04:00,0.0,6.550000000000011,747.0400000000006,2025-09-09T09:46:00-04:00,0.0,7.100000000000023,-352.96000000002203,2025-09-09T10:01:00-04:00,0.0,7.449999999999989,-1052.9599999999539,2025-09-09T10:31:00-04:00,0.0,7.349999999999966,-852.9599999999084,2025-09-09T11:31:00-04:00,0.0,6.5,847.0400000000234,2025-09-09T16:00:00-04:00,0.0,6.5,847.0400000000234,2025-09-10T16:00:00-04:00,0.0,,,2025-09-11T15:58:00-04:00,120.0,,,,,220.0,hit,353.0,hit,2945.0,hit,2987.0,hit,3198.0,hit,3256.0,hit,3260.0,hit,64.0,hit,66.0,hit,0.0,hit,66.0,hit,316.0,hit,1729.0,hit,9.75,321,True,True,True,True,,9.75,321,True,True,True,True,,9.75,321,True,True,True,True,,9.75,321,True,True,True,True,,2988.0,2025-09-11T11:19:00-04:00,2.8000000000000007,8247.040000000023,2989.0,2025-09-11T11:20:00-04:00,2.6999999999999957,8447.040000000034,2990.0,2025-09-11T11:21:00-04:00,2.75,8347.040000000025,2989.0,2025-09-11T11:20:00-04:00,2.6999999999999957,8447.040000000034,3199.0,2025-09-11T14:50:00-04:00,1.7999999999999998,10247.040000000025,3200.0,2025-09-11T14:51:00-04:00,1.75,10347.040000000025,3201.0,2025-09-11T14:52:00-04:00,1.7499999999999991,10347.040000000026,3200.0,2025-09-11T14:51:00-04:00,1.75,10347.040000000025,3257.0,2025-09-11T15:48:00-04:00,0.95,11947.040000000025,3258.0,2025-09-11T15:49:00-04:00,0.8499999999999999,12147.040000000025,3262.0,2025-09-11T15:53:00-04:00,0.575,12697.040000000025,3258.0,2025-09-11T15:49:00-04:00,0.8499999999999999,12147.040000000025,3260.0,2025-09-11T15:51:00-04:00,0.32500000000000007,13197.040000000025,3261.0,2025-09-11T15:52:00-04:00,0.32500000000000007,13197.040000000025,,,,,3261.0,2025-09-11T15:52:00-04:00,0.32500000000000007,13197.040000000025,2888
2025-09-09,2025-09-12,3,5.0,2025-09-09T09:31:00-04:00,5.0,NDXP  250912P23890000,NDXP  250912P23880000,validation,False,False,0,0,14,22,0,1551,available,False,2025-09-09T09:31:00-04:00,2025-09-12T15:42:00-04:00,0.0,9747.04,18.0,last_observed_quote_not_settlement,1036.0,326,114,4.75,247.04000000000067,2025-09-09T09:32:00-04:00,0.0,5.0,-252.9599999999993,2025-09-09T09:33:00-04:00,0.0,5.0,-252.9599999999993,2025-09-09T09:36:00-04:00,0.0,5.0,-252.9599999999993,2025-09-09T09:41:00-04:00,0.0,4.849999999999994,47.04000000001208,2025-09-09T09:46:00-04:00,0.0,5.950000000000017,-2152.9600000000332,2025-09-09T10:01:00-04:00,0.0,5.400000000000034,-1052.9600000000676,2025-09-09T10:31:00-04:00,0.0,5.500000000000028,-1252.9600000000562,2025-09-09T11:31:00-04:00,0.0,4.800000000000011,147.03999999997797,2025-09-09T16:00:00-04:00,0.0,4.25,1247.0400000000006,2025-09-10T16:00:00-04:00,0.0,2.0,5747.040000000001,2025-09-11T16:00:00-04:00,0.0,,,2025-09-12T15:42:00-04:00,1080.0,0.0,hit,0.0,hit,21.0,hit,219.0,hit,219.0,hit,2886.0,hit,2886.0,hit,30.0,hit,50.0,hit,141.0,hit,148.0,hit,,never_hit,,never_hit,8.250000000000028,173,True,True,False,False,,8.250000000000028,173,True,True,False,False,,8.250000000000028,326,True,True,False,False,,8.250000000000028,326,True,True,False,False,,219.0,2025-09-09T13:10:00-04:00,1.3499999999999943,7047.040000000012,2883.0,2025-09-11T09:34:00-04:00,2.8999999999999986,3947.0400000000036,2884.0,2025-09-11T09:35:00-04:00,2.8500000000000014,4047.039999999998,220.0,2025-09-09T13:11:00-04:00,5.150000000000006,-552.9600000000107,219.0,2025-09-09T13:10:00-04:00,1.3499999999999943,7047.040000000012,3038.0,2025-09-11T12:09:00-04:00,1.9499999999999957,5847.040000000009,3053.0,2025-09-11T12:24:00-04:00,1.8999999999999986,5947.040000000004,220.0,2025-09-09T13:11:00-04:00,5.150000000000006,-552.9600000000107,2886.0,2025-09-11T09:37:00-04:00,0.4000000000000057,8947.03999999999,4346.0,2025-09-12T09:57:00-04:00,0.7999999999999989,8147.040000000004,4347.0,2025-09-12T09:58:00-04:00,0.8500000000000014,8047.039999999998,2887.0,2025-09-11T09:38:00-04:00,3.4000000000000057,2947.0399999999895,2886.0,2025-09-11T09:37:00-04:00,0.4000000000000057,8947.03999999999,4372.0,2025-09-12T10:23:00-04:00,0.40000000000000036,8947.04,4373.0,2025-09-12T10:24:00-04:00,0.39999999999999947,8947.040000000003,2887.0,2025-09-11T09:38:00-04:00,3.4000000000000057,2947.0399999999895,2889
2025-09-09,2025-09-12,3,6.0,2025-09-09T09:31:00-04:00,5.750000000000114,NDXP  250912P24660000,NDXP  250912P24650000,validation,False,False,0,0,0,263,0,1340,available,False,2025-09-09T09:31:00-04:00,2025-09-12T16:00:00-04:00,10.0,-8652.959999999772,0.0,last_observed_quote_not_settlement,1037.0,1143,1,9.949999999999932,-8652.959999999637,2025-09-09T09:32:00-04:00,0.0,10.0,-8652.959999999772,2025-09-09T09:33:00-04:00,0.0,10.0,-8652.959999999772,2025-09-09T09:36:00-04:00,0.0,10.0,-8652.959999999772,2025-09-09T09:41:00-04:00,0.0,9.5,-7752.959999999774,2025-09-09T09:46:00-04:00,0.0,,,2025-09-09T10:00:00-04:00,60.0,,,2025-09-09T10:30:00-04:00,60.0,9.949999999999932,-8652.959999999637,2025-09-09T11:31:00-04:00,0.0,9.800000000000068,-8352.95999999991,2025-09-09T16:00:00-04:00,0.0,,,2025-09-10T15:59:00-04:00,60.0,10.0,-8652.959999999772,2025-09-11T16:00:00-04:00,0.0,10.0,-8652.959999999772,2025-09-12T16:00:00-04:00,0.0,29.0,hit,29.0,hit,29.0,hit,29.0,hit,29.0,hit,29.0,hit,29.0,hit,1.0,hit,1.0,hit,1.0,hit,1.0,hit,1.0,hit,1.0,hit,10.0,22,True,True,True,True,,10.0,22,True,True,True,True,,10.0,22,True,True,True,True,,10.0,22,True,True,True,True,,29.0,2025-09-09T10:00:00-04:00,0.0,11247.040000000228,,,,,,,,,,,,,29.0,2025-09-09T10:00:00-04:00,0.0,11247.040000000228,,,,,,,,,,,,,29.0,2025-09-09T10:00:00-04:00,0.0,11247.040000000228,,,,,,,,,,,,,29.0,2025-09-09T10:00:00-04:00,0.0,11247.040000000228,,,,,,,,,,,,,2890
2025-09-09,2025-09-12,3,7.0,2025-09-09T09:31:00-04:00,7.050000000000068,NDXP  250912P24040000,NDXP  250912P24030000,validation,False,False,0,0,5,0,0,1596,available,False,2025-09-09T09:31:00-04:00,2025-09-12T15:57:00-04:00,0.0,13847.040000000137,3.0,last_observed_quote_not_settlement,1036.0,485,161,6.899999999999977,47.04000000018261,2025-09-09T09:32:00-04:00,0.0,6.899999999999977,47.04000000018261,2025-09-09T09:33:00-04:00,0.0,7.0,-152.95999999986287,2025-09-09T09:36:00-04:00,0.0,6.900000000000034,47.04000000006892,2025-09-09T09:41:00-04:00,0.0,6.899999999999977,47.04000000018261,2025-09-09T09:46:00-04:00,0.0,7.9500000000000455,-2052.9599999999555,2025-09-09T10:01:00-04:00,0.0,7.2000000000000455,-552.9599999999539,2025-09-09T10:31:00-04:00,0.0,7.149999999999977,-452.9599999998174,2025-09-09T11:31:00-04:00,0.0,6.899999999999977,47.04000000018261,2025-09-09T16:00:00-04:00,0.0,7.949999999999989,-2052.95999999984,2025-09-10T16:00:00-04:00,0.0,5.599999999999994,2647.0400000001487,2025-09-11T16:00:00-04:00,0.0,,,2025-09-12T15:57:00-04:00,180.0,404.0,hit,1461.0,hit,1497.0,hit,4385.0,hit,4407.0,hit,4527.0,hit,4583.0,hit,23.0,hit,102.0,hit,0.0,hit,70.0,hit,1593.0,hit,,never_hit,9.199999999999989,485,True,True,True,True,,9.199999999999989,485,True,True,True,True,,9.199999999999989,485,True,True,True,True,,9.199999999999989,485,True,True,True,True,,4386.0,2025-09-12T10:37:00-04:00,2.9499999999999993,7947.040000000138,4396.0,2025-09-12T10:47:00-04:00,2.6000000000000014,8647.040000000135,4397.0,2025-09-12T10:48:00-04:00,2.5,8847.040000000137,4387.0,2025-09-12T10:38:00-04:00,3.0,7847.040000000137,4410.0,2025-09-12T11:01:00-04:00,1.700000000000001,10447.040000000135,4411.0,2025-09-12T11:02:00-04:00,1.8499999999999996,10147.04000000014,4482.0,2025-09-12T12:13:00-04:00,1.9000000000000021,10047.040000000134,4411.0,2025-09-12T11:02:00-04:00,1.8499999999999996,10147.04000000014,4527.0,2025-09-12T12:58:00-04:00,0.8999999999999995,12047.04000000014,4576.0,2025-09-12T13:47:00-04:00,0.8500000000000005,12147.040000000137,4577.0,2025-09-12T13:48:00-04:00,0.7999999999999998,12247.04000000014,4528.0,2025-09-12T12:59:00-04:00,1.0500000000000007,11747.040000000137,4600.0,2025-09-12T14:11:00-04:00,0.4249999999999998,12997.04000000014,4604.0,2025-09-12T14:15:00-04:00,0.42500000000000027,12997.040000000137,4611.0,2025-09-12T14:22:00-04:00,0.40000000000000036,13047.040000000137,4601.0,2025-09-12T14:12:00-04:00,0.5249999999999995,12797.04000000014,2891
2025-09-10,2025-09-12,2,5.0,2025-09-10T09:31:00-04:00,4.850000000000023,NDXP  250912P24000000,NDXP  250912P23990000,validation,False,False,0,0,5,2,0,1186,available,False,2025-09-10T09:31:00-04:00,2025-09-12T15:49:00-04:00,0.0,9447.040000000046,11.0,last_observed_quote_not_settlement,1036.0,397,104,5.050000000000011,-652.9599999999766,2025-09-10T09:32:00-04:00,0.0,5.549999999999983,-1652.9599999999198,2025-09-10T09:33:00-04:00,0.0,5.099999999999994,-752.9599999999425,2025-09-10T09:36:00-04:00,0.0,4.300000000000011,847.0400000000234,2025-09-10T09:41:00-04:00,0.0,6.699999999999989,-3952.959999999931,2025-09-10T09:46:00-04:00,0.0,5.449999999999989,-1452.9599999999311,2025-09-10T10:01:00-04:00,0.0,5.199999999999989,-952.9599999999311,2025-09-10T10:31:00-04:00,0.0,6.5,-3552.9599999999537,2025-09-10T11:31:00-04:00,0.0,5.149999999999977,-852.9599999999084,2025-09-10T16:00:00-04:00,0.0,4.199999999999989,1047.0400000000689,2025-09-11T16:00:00-04:00,0.0,,,2025-09-12T15:49:00-04:00,660.0,,,,,0.0,hit,0.0,hit,21.0,hit,38.0,hit,2936.0,hit,2964.0,hit,3061.0,hit,2.0,hit,8.0,hit,11.0,hit,12.0,hit,,never_hit,,never_hit,8.25,30,True,True,False,False,,8.949999999999989,397,True,True,False,False,,8.949999999999989,397,True,True,False,False,,8.949999999999989,397,True,True,False,False,,38.0,2025-09-10T10:09:00-04:00,2.4499999999999886,4547.040000000069,2918.0,2025-09-12T10:09:00-04:00,2.8999999999999986,3647.040000000049,2919.0,2025-09-12T10:10:00-04:00,2.650000000000002,4147.040000000042,39.0,2025-09-10T10:10:00-04:00,5.25,-1052.9599999999539,2936.0,2025-09-12T10:27:00-04:00,1.8999999999999986,5647.040000000049,2943.0,2025-09-12T10:34:00-04:00,1.799999999999999,5847.040000000048,2944.0,2025-09-12T10:35:00-04:00,1.75,5947.040000000046,2937.0,2025-09-12T10:28:00-04:00,2.0,5447.040000000046,2966.0,2025-09-12T10:57:00-04:00,0.9499999999999993,7547.040000000047,2967.0,2025-09-12T10:58:00-04:00,0.9000000000000004,7647.040000000045,2968.0,2025-09-12T10:59:00-04:00,0.9499999999999993,7547.040000000047,2967.0,2025-09-12T10:58:00-04:00,0.9000000000000004,7647.040000000045,3078.0,2025-09-12T12:49:00-04:00,0.39999999999999947,8647.040000000048,3085.0,2025-09-12T12:56:00-04:00,0.375,8697.040000000046,3086.0,2025-09-12T12:57:00-04:00,0.35000000000000053,8747.040000000046,3079.0,2025-09-12T12:50:00-04:00,0.5499999999999998,8347.040000000048,2892
2025-09-10,2025-09-12,2,6.0,2025-09-10T09:31:00-04:00,6.0,NDXP  250912P24040000,NDXP  250912P24030000,validation,False,False,0,0,5,0,0,1191,available,False,2025-09-10T09:31:00-04:00,2025-09-12T15:57:00-04:00,0.0,11747.04,3.0,last_observed_quote_not_settlement,1036.0,321,86,6.099999999999994,-452.95999999998793,2025-09-10T09:32:00-04:00,0.0,6.050000000000011,-352.96000000002203,2025-09-10T09:33:00-04:00,0.0,5.9500000000000455,-152.96000000009025,2025-09-10T09:36:00-04:00,0.0,6.349999999999994,-952.959999999988,2025-09-10T09:41:00-04:00,0.0,6.150000000000006,-552.9600000000107,2025-09-10T09:46:00-04:00,0.0,6.400000000000034,-1052.9600000000676,2025-09-10T10:01:00-04:00,0.0,5.100000000000023,1547.0399999999552,2025-09-10T10:31:00-04:00,0.0,5.349999999999994,1047.040000000012,2025-09-10T11:31:00-04:00,0.0,7.949999999999989,-4152.959999999976,2025-09-10T16:00:00-04:00,0.0,5.599999999999994,547.040000000012,2025-09-11T16:00:00-04:00,0.0,,,2025-09-12T15:57:00-04:00,180.0,,,,,6.0,hit,21.0,hit,57.0,hit,2945.0,hit,2967.0,hit,3087.0,hit,3143.0,hit,11.0,hit,25.0,hit,25.0,hit,153.0,hit,153.0,hit,,never_hit,9.199999999999989,321,True,True,True,True,,9.199999999999989,321,True,True,True,True,,9.199999999999989,321,True,True,True,True,,9.199999999999989,321,True,True,True,True,,2946.0,2025-09-12T10:37:00-04:00,2.9499999999999993,5847.040000000002,2956.0,2025-09-12T10:47:00-04:00,2.6000000000000014,6547.039999999998,2957.0,2025-09-12T10:48:00-04:00,2.5,6747.040000000001,2947.0,2025-09-12T10:38:00-04:00,3.0,5747.040000000001,2970.0,2025-09-12T11:01:00-04:00,1.700000000000001,8347.039999999999,2971.0,2025-09-12T11:02:00-04:00,1.8499999999999996,8047.040000000002,3042.0,2025-09-12T12:13:00-04:00,1.9000000000000021,7947.039999999996,2971.0,2025-09-12T11:02:00-04:00,1.8499999999999996,8047.040000000002,3087.0,2025-09-12T12:58:00-04:00,0.8999999999999995,9947.040000000003,3136.0,2025-09-12T13:47:00-04:00,0.8500000000000005,10047.04,3137.0,2025-09-12T13:48:00-04:00,0.7999999999999998,10147.040000000003,3088.0,2025-09-12T12:59:00-04:00,1.0500000000000007,9647.04,3160.0,2025-09-12T14:11:00-04:00,0.4249999999999998,10897.040000000003,3164.0,2025-09-12T14:15:00-04:00,0.42500000000000027,10897.04,3171.0,2025-09-12T14:22:00-04:00,0.40000000000000036,10947.04,3161.0,2025-09-12T14:12:00-04:00,0.5249999999999995,10697.040000000003,2893
2025-09-10,2025-09-12,2,7.0,2025-09-10T09:31:00-04:00,6.950000000000017,NDXP  250912P24100000,NDXP  250912P24090000,validation,False,False,0,0,0,1,0,1198,available,False,2025-09-10T09:31:00-04:00,2025-09-12T16:00:00-04:00,6.625,397.0400000000348,0.0,last_observed_quote_not_settlement,1036.0,559,213,7.550000000000011,-1452.959999999988,2025-09-10T09:32:00-04:00,0.0,7.550000000000011,-1452.959999999988,2025-09-10T09:33:00-04:00,0.0,6.349999999999966,947.040000000103,2025-09-10T09:36:00-04:00,0.0,7.099999999999994,-552.9599999999539,2025-09-10T09:41:00-04:00,0.0,7.199999999999989,-752.9599999999425,2025-09-10T09:46:00-04:00,0.0,6.650000000000034,347.0399999999666,2025-09-10T10:01:00-04:00,0.0,7.400000000000006,-1152.9599999999766,2025-09-10T10:31:00-04:00,0.0,6.650000000000006,347.04000000002344,2025-09-10T11:31:00-04:00,0.0,7.75,-1852.9599999999652,2025-09-10T16:00:00-04:00,0.0,7.3500000000000085,-1052.9599999999823,2025-09-11T16:00:00-04:00,0.0,6.625,397.0400000000348,2025-09-12T16:00:00-04:00,0.0,,,,,59.0,hit,106.0,hit,2993.0,hit,3183.0,hit,3193.0,hit,3207.0,hit,,never_hit,1.0,hit,8.0,hit,1.0,hit,8.0,hit,1449.0,hit,1449.0,hit,9.550000000000011,557,True,True,True,True,,9.550000000000011,557,True,True,True,True,,9.550000000000011,557,True,True,True,True,,,,True,True,True,False,6.125000000000017,3183.0,2025-09-12T14:34:00-04:00,2.9499999999999993,7747.040000000036,3184.0,2025-09-12T14:35:00-04:00,2.75,8147.0400000000345,3185.0,2025-09-12T14:36:00-04:00,2.8499999999999996,7947.040000000035,3184.0,2025-09-12T14:35:00-04:00,2.75,8147.0400000000345,3201.0,2025-09-12T14:52:00-04:00,1.7999999999999998,10047.040000000035,3202.0,2025-09-12T14:53:00-04:00,1.6000000000000005,10447.040000000035,3203.0,2025-09-12T14:54:00-04:00,1.4,10847.040000000035,3202.0,2025-09-12T14:53:00-04:00,1.6000000000000005,10447.040000000035,3207.0,2025-09-12T14:58:00-04:00,0.8500000000000001,11947.040000000035,3208.0,2025-09-12T14:59:00-04:00,0.8500000000000005,11947.040000000035,3209.0,2025-09-12T15:00:00-04:00,0.9499999999999997,11747.040000000035,3208.0,2025-09-12T14:59:00-04:00,0.8500000000000005,11947.040000000035,,,,,,,,,,,,,,,,,2894
2025-09-12,2025-09-15,3,5.0,2025-09-12T09:31:00-04:00,4.799999999999997,NDXP  250915P24060000,NDXP  250915P24050000,validation,False,False,0,0,14,11,0,763,available,False,2025-09-12T09:31:00-04:00,2025-09-15T15:46:00-04:00,0.04999999999999999,9247.039999999995,14.0,last_observed_quote_not_settlement,3916.0,46,7,4.950000000000003,-552.9600000000107,2025-09-12T09:32:00-04:00,0.0,5.049999999999997,-752.9599999999994,2025-09-12T09:33:00-04:00,0.0,5.349999999999994,-1352.9599999999937,2025-09-12T09:36:00-04:00,0.0,5.799999999999997,-2252.959999999999,2025-09-12T09:41:00-04:00,0.0,5.349999999999994,-1352.9599999999937,2025-09-12T09:46:00-04:00,0.0,5.099999999999994,-852.9599999999937,2025-09-12T10:01:00-04:00,0.0,4.5,347.039999999995,2025-09-12T10:31:00-04:00,0.0,4.1000000000000085,1147.039999999978,2025-09-12T11:31:00-04:00,0.0,3.25,2847.039999999995,2025-09-12T16:00:00-04:00,0.0,,,2025-09-12T16:15:00-04:00,85500.0,,,2025-09-12T16:15:00-04:00,171900.0,,,2025-09-15T15:46:00-04:00,840.0,0.0,hit,0.0,hit,66.0,hit,92.0,hit,4320.0,hit,4322.0,hit,4340.0,hit,5.0,hit,8.0,hit,,never_hit,,never_hit,,never_hit,,never_hit,5.849999999999994,46,False,False,False,False,,5.849999999999994,46,False,False,False,False,,5.849999999999994,46,False,False,False,False,,5.849999999999994,46,False,False,False,False,,92.0,2025-09-12T11:03:00-04:00,2.1500000000000057,5047.039999999984,305.0,2025-09-12T14:36:00-04:00,2.8500000000000014,3647.0399999999922,306.0,2025-09-12T14:37:00-04:00,2.8999999999999915,3547.0400000000122,93.0,2025-09-12T11:04:00-04:00,4.0,1347.039999999995,4320.0,2025-09-15T09:31:00-04:00,1.450000000000001,6447.039999999993,4321.0,2025-09-15T09:32:00-04:00,1.1499999999999986,7047.039999999998,4322.0,2025-09-15T09:33:00-04:00,0.9499999999999993,7447.039999999996,4321.0,2025-09-15T09:32:00-04:00,1.1499999999999986,7047.039999999998,4322.0,2025-09-15T09:33:00-04:00,0.9499999999999993,7447.039999999996,4329.0,2025-09-15T09:40:00-04:00,0.8500000000000014,7647.039999999992,4330.0,2025-09-15T09:41:00-04:00,0.7999999999999989,7747.039999999997,4323.0,2025-09-15T09:34:00-04:00,1.4000000000000004,6547.0399999999945,4347.0,2025-09-15T09:58:00-04:00,0.40000000000000036,8547.039999999995,4352.0,2025-09-15T10:03:00-04:00,0.4499999999999993,8447.039999999997,4353.0,2025-09-15T10:04:00-04:00,0.4499999999999993,8447.039999999997,4348.0,2025-09-15T09:59:00-04:00,0.5,8347.039999999995,2895
2025-09-12,2025-09-15,3,6.0,2025-09-12T09:31:00-04:00,5.75,NDXP  250915P24080000,NDXP  250915P24070000,validation,False,False,0,0,6,12,0,766,available,False,2025-09-12T09:31:00-04:00,2025-09-15T15:42:00-04:00,0.0,11247.04,18.0,last_observed_quote_not_settlement,3916.0,21,11,5.099999999999994,1047.040000000012,2025-09-12T09:32:00-04:00,0.0,5.3999999999999915,447.04000000001776,2025-09-12T09:33:00-04:00,0.0,6.050000000000011,-852.9600000000221,2025-09-12T09:36:00-04:00,0.0,6.0,-752.9599999999994,2025-09-12T09:41:00-04:00,0.0,5.900000000000006,-552.9600000000107,2025-09-12T09:46:00-04:00,0.0,5.550000000000011,147.03999999997797,2025-09-12T10:01:00-04:00,0.0,4.950000000000003,1347.039999999995,2025-09-12T10:31:00-04:00,0.0,4.6000000000000085,2047.0399999999836,2025-09-12T11:31:00-04:00,0.0,4.049999999999997,3147.0400000000063,2025-09-12T16:00:00-04:00,0.0,,,2025-09-12T16:15:00-04:00,85500.0,,,2025-09-12T16:15:00-04:00,171900.0,,,2025-09-15T15:42:00-04:00,1080.0,1.0,hit,52.0,hit,73.0,hit,73.0,hit,73.0,hit,4328.0,hit,4350.0,hit,7.0,hit,,never_hit,,never_hit,,never_hit,,never_hit,,never_hit,6.5,21,False,False,False,False,,6.5,21,False,False,False,False,,6.5,21,False,False,False,False,,6.5,21,False,False,False,False,,73.0,2025-09-12T10:44:00-04:00,1.8999999999999915,7447.040000000018,327.0,2025-09-12T14:58:00-04:00,2.799999999999997,5647.040000000006,4322.0,2025-09-15T09:33:00-04:00,1.4499999999999993,8347.040000000003,74.0,2025-09-12T10:45:00-04:00,4.75,1747.0400000000006,73.0,2025-09-12T10:44:00-04:00,1.8999999999999915,7447.040000000018,4321.0,2025-09-15T09:32:00-04:00,1.5,8247.04,4322.0,2025-09-15T09:33:00-04:00,1.4499999999999993,8347.040000000003,74.0,2025-09-12T10:45:00-04:00,4.75,1747.0400000000006,4332.0,2025-09-15T09:43:00-04:00,0.9499999999999993,9347.040000000003,4340.0,2025-09-15T09:51:00-04:00,0.6500000000000004,9947.04,4341.0,2025-09-15T09:52:00-04:00,0.6999999999999993,9847.040000000003,4333.0,2025-09-15T09:44:00-04:00,1.0500000000000007,9147.04,4354.0,2025-09-15T10:05:00-04:00,0.40000000000000036,10447.04,4377.0,2025-09-15T10:28:00-04:00,0.39999999999999947,10447.040000000003,4378.0,2025-09-15T10:29:00-04:00,0.35000000000000053,10547.04,4355.0,2025-09-15T10:06:00-04:00,0.5500000000000007,10147.04,2896
2025-09-12,2025-09-15,3,7.0,2025-09-12T09:31:00-04:00,7.0,NDXP  250915P24160000,NDXP  250915P24150000,validation,False,False,0,0,6,1,0,779,available,False,2025-09-12T09:31:00-04:00,2025-09-15T15:45:00-04:00,0.0,13747.04,15.0,last_observed_quote_not_settlement,3916.0,80,39,7.399999999999977,-1052.9599999999539,2025-09-12T09:32:00-04:00,0.0,7.5,-1252.9599999999994,2025-09-12T09:33:00-04:00,0.0,7.75,-1752.9599999999994,2025-09-12T09:36:00-04:00,0.0,8.149999999999977,-2552.9599999999555,2025-09-12T09:41:00-04:00,0.0,7.75,-1752.9599999999994,2025-09-12T09:46:00-04:00,0.0,8.050000000000011,-2352.9600000000237,2025-09-12T10:01:00-04:00,0.0,7.149999999999977,-552.9599999999539,2025-09-12T10:31:00-04:00,0.0,6.599999999999994,547.040000000012,2025-09-12T11:31:00-04:00,0.0,6.199999999999989,1347.0400000000234,2025-09-12T16:00:00-04:00,0.0,,,2025-09-12T16:15:00-04:00,85500.0,,,2025-09-12T16:15:00-04:00,171900.0,,,2025-09-15T15:45:00-04:00,900.0,92.0,hit,93.0,hit,4320.0,hit,4327.0,hit,4340.0,hit,4396.0,hit,4467.0,hit,2.0,hit,7.0,hit,0.0,hit,7.0,hit,7.0,hit,121.0,hit,9.699999999999989,80,True,True,True,True,,9.699999999999989,80,True,True,True,True,,9.699999999999989,80,True,True,True,True,,9.699999999999989,80,True,True,True,True,,4327.0,2025-09-15T09:38:00-04:00,2.799999999999997,8147.040000000007,4328.0,2025-09-15T09:39:00-04:00,2.6000000000000014,8547.039999999999,4329.0,2025-09-15T09:40:00-04:00,2.8999999999999986,7947.040000000004,4328.0,2025-09-15T09:39:00-04:00,2.6000000000000014,8547.039999999999,4340.0,2025-09-15T09:51:00-04:00,1.8000000000000007,10147.04,4341.0,2025-09-15T09:52:00-04:00,1.5999999999999996,10547.040000000003,4342.0,2025-09-15T09:53:00-04:00,1.8500000000000014,10047.039999999999,4341.0,2025-09-15T09:52:00-04:00,1.5999999999999996,10547.040000000003,4409.0,2025-09-15T11:00:00-04:00,0.8499999999999979,12047.040000000006,4412.0,2025-09-15T11:03:00-04:00,0.9000000000000004,11947.04,4413.0,2025-09-15T11:04:00-04:00,0.8499999999999996,12047.040000000003,4410.0,2025-09-15T11:01:00-04:00,0.9500000000000011,11847.039999999999,4483.0,2025-09-15T12:14:00-04:00,0.40000000000000036,12947.04,4487.0,2025-09-15T12:18:00-04:00,0.40000000000000036,12947.04,4505.0,2025-09-15T12:36:00-04:00,0.39999999999999947,12947.040000000003,4484.0,2025-09-15T12:15:00-04:00,0.4500000000000002,12847.04,2897
2025-09-15,2025-09-17,2,5.0,2025-09-15T09:31:00-04:00,4.949999999999989,NDXP  250917P24220000,NDXP  250917P24210000,validation,False,False,0,0,0,2,0,1197,available,False,2025-09-15T09:31:00-04:00,2025-09-17T16:00:00-04:00,3.5500000000000007,2547.0399999999763,0.0,last_observed_quote_not_settlement,1036.0,278,23,4.599999999999994,447.03999999998933,2025-09-15T09:32:00-04:00,0.0,4.599999999999994,447.03999999998933,2025-09-15T09:33:00-04:00,0.0,4.649999999999977,347.04000000002344,2025-09-15T09:36:00-04:00,0.0,4.3999999999999915,847.039999999995,2025-09-15T09:41:00-04:00,0.0,4.400000000000006,847.0399999999665,2025-09-15T09:46:00-04:00,0.0,3.8500000000000085,1947.0399999999609,2025-09-15T10:01:00-04:00,0.0,3.799999999999997,2047.0399999999836,2025-09-15T10:31:00-04:00,0.0,3.8999999999999915,1847.039999999995,2025-09-15T11:31:00-04:00,0.0,3.1499999999999915,3347.039999999995,2025-09-15T16:00:00-04:00,0.0,3.5500000000000114,2547.0399999999554,2025-09-16T16:00:00-04:00,0.0,3.5500000000000007,2547.0399999999763,2025-09-17T16:00:00-04:00,0.0,,,,,0.0,hit,0.0,hit,21.0,hit,1440.0,hit,3237.0,hit,,never_hit,,never_hit,3.0,hit,2956.0,hit,2999.0,hit,3193.0,hit,3195.0,hit,3195.0,hit,5.849999999999994,2,False,False,False,False,,9.650000000000034,273,True,True,True,True,,,,True,True,True,False,3.2999999999999887,,,True,True,True,False,3.2999999999999887,1441.0,2025-09-16T09:32:00-04:00,2.750000000000007,4147.039999999964,1442.0,2025-09-16T09:33:00-04:00,2.750000000000007,4147.039999999964,3235.0,2025-09-17T15:26:00-04:00,2.900000000000002,3847.0399999999736,1442.0,2025-09-16T09:33:00-04:00,2.750000000000007,4147.039999999964,3237.0,2025-09-17T15:28:00-04:00,1.8999999999999986,5847.039999999981,3238.0,2025-09-17T15:29:00-04:00,1.6999999999999993,6247.039999999979,,,,,3238.0,2025-09-17T15:29:00-04:00,1.6999999999999993,6247.039999999979,,,,,,,,,,,,,,,,,,,,,,,,,,,,,,,,,2898
2025-09-15,2025-09-17,2,6.0,2025-09-15T09:31:00-04:00,6.0,NDXP  250917P24300000,NDXP  250917P24290000,validation,False,False,0,0,0,2,0,1197,available,False,2025-09-15T09:31:00-04:00,2025-09-17T15:59:00-04:00,8.900000000000006,-6052.960000000013,1.0,last_observed_quote_not_settlement,1036.0,288,65,5.849999999999994,47.04000000001208,2025-09-15T09:32:00-04:00,0.0,5.799999999999983,147.0400000000348,2025-09-15T09:33:00-04:00,0.0,5.75,247.04000000000067,2025-09-15T09:36:00-04:00,0.0,4.800000000000011,2147.039999999978,2025-09-15T09:41:00-04:00,0.0,6.949999999999989,-2152.9599999999764,2025-09-15T09:46:00-04:00,0.0,5.0,1747.0400000000006,2025-09-15T10:01:00-04:00,0.0,4.999999999999972,1747.0400000000575,2025-09-15T10:31:00-04:00,0.0,5.000000000000028,1747.0399999999438,2025-09-15T11:31:00-04:00,0.0,4.049999999999997,3647.0400000000063,2025-09-15T16:00:00-04:00,0.0,4.400000000000006,2947.0399999999895,2025-09-16T16:00:00-04:00,0.0,,,2025-09-17T15:59:00-04:00,60.0,,,,,8.0,hit,8.0,hit,18.0,hit,,never_hit,,never_hit,,never_hit,,never_hit,9.0,hit,2954.0,hit,2954.0,hit,2999.0,hit,3073.0,hit,3195.0,hit,,,True,True,True,False,2.8500000000000085,,,True,True,True,False,2.8500000000000085,,,True,True,True,False,2.8500000000000085,,,True,True,True,False,2.8500000000000085,,,,,,,,,,,,,,,,,,,,,,,,,,,,,,,,,,,,,,,,,,,,,,,,,,,,,,,,,,,,,,,,,2899
2025-09-15,2025-09-17,2,7.0,2025-09-15T09:31:00-04:00,7.0,NDXP  250917P24360000,NDXP  250917P24350000,validation,False,False,0,0,1,13,0,1185,available,False,2025-09-15T09:31:00-04:00,2025-09-17T15:59:00-04:00,10.0,-6152.96,1.0,last_observed_quote_not_settlement,1036.0,391,135,6.800000000000011,147.03999999997797,2025-09-15T09:32:00-04:00,0.0,6.299999999999983,1147.0400000000348,2025-09-15T09:33:00-04:00,0.0,7.75,-1752.9599999999994,2025-09-15T09:36:00-04:00,0.0,6.699999999999989,347.04000000002344,2025-09-15T09:41:00-04:00,0.0,6.5,747.0400000000006,2025-09-15T09:46:00-04:00,0.0,6.0,1747.0400000000006,2025-09-15T10:01:00-04:00,0.0,6.0,1747.0400000000006,2025-09-15T10:31:00-04:00,0.0,3.5,6747.040000000001,2025-09-15T11:31:00-04:00,0.0,5.25,3247.040000000001,2025-09-15T16:00:00-04:00,0.0,6.0,1747.0400000000006,2025-09-16T16:00:00-04:00,0.0,,,2025-09-17T15:59:00-04:00,60.0,,,,,14.0,hit,95.0,hit,118.0,hit,307.0,hit,307.0,hit,,never_hit,,never_hit,3.0,hit,3.0,hit,0.0,hit,3.0,hit,2996.0,hit,3189.0,hit,8.75,57,True,True,False,False,,8.75,57,True,True,False,False,,,,True,True,True,False,5.900000000000006,,,True,True,True,False,5.900000000000006,307.0,2025-09-15T14:38:00-04:00,1.0999999999999943,11547.040000000014,,,,,,,,,308.0,2025-09-15T14:39:00-04:00,6.550000000000011,647.0399999999779,307.0,2025-09-15T14:38:00-04:00,1.0999999999999943,11547.040000000014,,,,,,,,,308.0,2025-09-15T14:39:00-04:00,6.550000000000011,647.0399999999779,,,,,,,,,,,,,,,,,,,,,,,,,,,,,,,,,2900
2025-09-15,2025-09-18,3,5.0,2025-09-15T09:31:00-04:00,4.900000000000034,NDXP  250918P24300000,NDXP  250918P24290000,validation,False,False,0,0,21,6,0,1577,available,False,2025-09-15T09:31:00-04:00,2025-09-18T15:48:00-04:00,0.0,9547.04000000007,12.0,last_observed_quote_not_settlement,1036.0,465,94,5.549999999999983,-1552.959999999897,2025-09-15T09:32:00-04:00,0.0,6.0,-2452.959999999931,2025-09-15T09:33:00-04:00,0.0,5.050000000000011,-552.9599999999539,2025-09-15T09:36:00-04:00,0.0,5.300000000000011,-1052.9599999999539,2025-09-15T09:41:00-04:00,0.0,5.399999999999977,-1252.9599999998857,2025-09-15T09:46:00-04:00,0.0,4.950000000000017,-352.9599999999652,2025-09-15T10:01:00-04:00,0.0,4.849999999999994,-152.95999999991972,2025-09-15T10:31:00-04:00,0.0,4.75,47.04000000006892,2025-09-15T11:31:00-04:00,0.0,4.049999999999983,1447.040000000103,2025-09-15T16:00:00-04:00,0.0,4.600000000000023,347.04000000002344,2025-09-16T16:00:00-04:00,0.0,6.90000000000002,-4252.959999999971,2025-09-17T16:00:00-04:00,0.0,,,2025-09-18T15:48:00-04:00,720.0,0.0,hit,0.0,hit,174.0,hit,1680.0,hit,4321.0,hit,4353.0,hit,4375.0,hit,1.0,hit,2.0,hit,3028.0,hit,3028.0,hit,3028.0,hit,,never_hit,6.400000000000006,82,False,False,False,False,,9.249999999999943,465,True,True,True,True,,9.249999999999943,465,True,True,True,True,,9.249999999999943,465,True,True,True,True,,1680.0,2025-09-16T13:31:00-04:00,2.4000000000000057,4747.040000000057,4321.0,2025-09-18T09:32:00-04:00,1.5999999999999979,6347.040000000073,4322.0,2025-09-18T09:33:00-04:00,1.5999999999999943,6347.04000000008,1681.0,2025-09-16T13:32:00-04:00,4.549999999999983,447.040000000103,4321.0,2025-09-18T09:32:00-04:00,1.5999999999999979,6347.040000000073,4322.0,2025-09-18T09:33:00-04:00,1.5999999999999943,6347.04000000008,4323.0,2025-09-18T09:34:00-04:00,1.6000000000000014,6347.040000000066,4322.0,2025-09-18T09:33:00-04:00,1.5999999999999943,6347.04000000008,4355.0,2025-09-18T10:06:00-04:00,0.9499999999999993,7647.04000000007,4356.0,2025-09-18T10:07:00-04:00,0.8999999999999986,7747.040000000072,4357.0,2025-09-18T10:08:00-04:00,0.8499999999999979,7847.040000000073,4356.0,2025-09-18T10:07:00-04:00,0.8999999999999986,7747.040000000072,4376.0,2025-09-18T10:27:00-04:00,0.3999999999999986,8747.040000000072,4377.0,2025-09-18T10:28:00-04:00,0.3000000000000007,8947.040000000068,4378.0,2025-09-18T10:29:00-04:00,0.4499999999999993,8647.040000000072,4377.0,2025-09-18T10:28:00-04:00,0.3000000000000007,8947.040000000068,2901
2025-09-15,2025-09-18,3,6.0,2025-09-15T09:31:00-04:00,6.25,NDXP  250918P24320000,NDXP  250918P24310000,validation,False,False,0,0,10,2,0,1582,available,False,2025-09-15T09:31:00-04:00,2025-09-18T15:49:00-04:00,0.0,12247.04,11.0,last_observed_quote_not_settlement,1036.0,212,78,4.600000000000023,3047.0399999999554,2025-09-15T09:32:00-04:00,0.0,5.349999999999994,1547.040000000012,2025-09-15T09:33:00-04:00,0.0,5.050000000000011,2147.039999999978,2025-09-15T09:36:00-04:00,0.0,5.900000000000034,447.0399999999325,2025-09-15T09:41:00-04:00,0.0,5.349999999999994,1547.040000000012,2025-09-15T09:46:00-04:00,0.0,4.850000000000023,2547.0399999999554,2025-09-15T10:01:00-04:00,0.0,5.0,2247.040000000001,2025-09-15T10:31:00-04:00,0.0,5.099999999999994,2047.0400000000122,2025-09-15T11:31:00-04:00,0.0,4.349999999999966,3547.040000000069,2025-09-15T16:00:00-04:00,0.0,4.800000000000011,2647.039999999978,2025-09-16T16:00:00-04:00,0.0,6.149999999999977,-52.959999999953816,2025-09-17T16:00:00-04:00,0.0,,,2025-09-18T15:49:00-04:00,660.0,1.0,hit,1.0,hit,1441.0,hit,4320.0,hit,4322.0,hit,4356.0,hit,4378.0,hit,18.0,hit,20.0,hit,20.0,hit,20.0,hit,3202.0,hit,,never_hit,9.149999999999977,212,True,True,True,True,,9.149999999999977,212,True,True,True,True,,9.149999999999977,212,True,True,True,True,,9.149999999999977,212,True,True,True,True,,4320.0,2025-09-18T09:31:00-04:00,2.450000000000003,7347.039999999995,4321.0,2025-09-18T09:32:00-04:00,2.1999999999999993,7847.040000000002,4322.0,2025-09-18T09:33:00-04:00,1.8499999999999979,8547.040000000006,4321.0,2025-09-18T09:32:00-04:00,2.1999999999999993,7847.040000000002,4322.0,2025-09-18T09:33:00-04:00,1.8499999999999979,8547.040000000006,4323.0,2025-09-18T09:34:00-04:00,1.8500000000000014,8547.039999999999,4324.0,2025-09-18T09:35:00-04:00,1.6999999999999957,8847.04000000001,4323.0,2025-09-18T09:34:00-04:00,1.8500000000000014,8547.039999999999,4359.0,2025-09-18T10:10:00-04:00,0.8999999999999986,10447.040000000005,4360.0,2025-09-18T10:11:00-04:00,0.8999999999999986,10447.040000000005,4361.0,2025-09-18T10:12:00-04:00,0.9499999999999993,10347.040000000003,4360.0,2025-09-18T10:11:00-04:00,0.8999999999999986,10447.040000000005,4380.0,2025-09-18T10:31:00-04:00,0.40000000000000036,11447.04,4381.0,2025-09-18T10:32:00-04:00,0.39999999999999947,11447.040000000003,4419.0,2025-09-18T11:10:00-04:00,0.35000000000000053,11547.04,4381.0,2025-09-18T10:32:00-04:00,0.39999999999999947,11447.040000000003,2902
2025-09-15,2025-09-18,3,7.0,2025-09-15T09:31:00-04:00,7.0499999999999545,NDXP  250918P24400000,NDXP  250918P24390000,validation,False,False,0,0,11,2,0,1591,available,False,2025-09-15T09:31:00-04:00,2025-09-18T15:52:00-04:00,0.09999999999999998,13647.03999999991,8.0,last_observed_quote_not_settlement,1036.0,378,198,6.900000000000034,47.03999999984155,2025-09-15T09:32:00-04:00,0.0,6.800000000000011,247.039999999887,2025-09-15T09:33:00-04:00,0.0,6.75,347.03999999990975,2025-09-15T09:36:00-04:00,0.0,6.650000000000006,547.0399999998983,2025-09-15T09:41:00-04:00,0.0,6.100000000000023,1647.0399999998642,2025-09-15T09:46:00-04:00,0.0,6.150000000000006,1547.0399999998983,2025-09-15T10:01:00-04:00,0.0,6.049999999999983,1747.0399999999438,2025-09-15T10:31:00-04:00,0.0,6.200000000000017,1447.0399999998756,2025-09-15T11:31:00-04:00,0.0,4.949999999999989,3947.0399999999327,2025-09-15T16:00:00-04:00,0.0,5.0,3847.03999999991,2025-09-16T16:00:00-04:00,0.0,7.600000000000023,-1352.9600000001358,2025-09-17T16:00:00-04:00,0.0,,,2025-09-18T15:52:00-04:00,480.0,98.0,hit,98.0,hit,252.0,hit,1656.0,hit,4356.0,hit,4380.0,hit,4502.0,hit,109.0,hit,385.0,hit,0.0,hit,385.0,hit,1592.0,hit,3157.0,hit,9.449999999999989,53,True,True,True,True,,9.850000000000023,378,True,True,True,True,,9.850000000000023,378,True,True,True,True,,9.850000000000023,378,True,True,True,True,,1656.0,2025-09-16T13:07:00-04:00,2.9000000000000057,8047.039999999898,4353.0,2025-09-18T10:04:00-04:00,2.4499999999999993,8947.039999999912,4354.0,2025-09-18T10:05:00-04:00,2.3500000000000014,9147.039999999908,1657.0,2025-09-16T13:08:00-04:00,5.349999999999994,3147.0399999999213,4358.0,2025-09-18T10:09:00-04:00,1.8999999999999986,10047.039999999914,4359.0,2025-09-18T10:10:00-04:00,1.9499999999999993,9947.039999999912,4360.0,2025-09-18T10:11:00-04:00,1.8500000000000014,10147.039999999908,4359.0,2025-09-18T10:10:00-04:00,1.9499999999999993,9947.039999999912,4381.0,2025-09-18T10:32:00-04:00,0.8999999999999986,12047.039999999914,4426.0,2025-09-18T11:17:00-04:00,0.9499999999999993,11947.039999999912,4427.0,2025-09-18T11:18:00-04:00,0.7999999999999998,12247.039999999912,4382.0,2025-09-18T10:33:00-04:00,0.9500000000000011,11947.039999999908,4517.0,2025-09-18T12:48:00-04:00,0.39999999999999947,13047.039999999912,4520.0,2025-09-18T12:51:00-04:00,0.2999999999999998,13247.039999999912,4521.0,2025-09-18T12:52:00-04:00,0.3999999999999999,13047.03999999991,4518.0,2025-09-18T12:49:00-04:00,0.4500000000000006,12947.039999999908,2903
2025-09-16,2025-09-18,2,5.0,2025-09-16T09:31:00-04:00,5.099999999999994,NDXP  250918P24390000,NDXP  250918P24380000,validation,False,False,0,0,11,2,0,1186,available,False,2025-09-16T09:31:00-04:00,2025-09-18T15:49:00-04:00,0.275,9397.03999999999,11.0,last_observed_quote_not_settlement,1036.0,748,71,4.950000000000017,47.039999999955235,2025-09-16T09:32:00-04:00,0.0,5.25,-552.9600000000107,2025-09-16T09:33:00-04:00,0.0,5.300000000000011,-652.9600000000335,2025-09-16T09:36:00-04:00,0.0,5.5,-1052.9600000000107,2025-09-16T09:41:00-04:00,0.0,7.150000000000006,-4352.960000000022,2025-09-16T09:46:00-04:00,0.0,5.099999999999994,-252.9599999999993,2025-09-16T10:01:00-04:00,0.0,5.550000000000011,-1152.9600000000335,2025-09-16T10:31:00-04:00,0.0,5.849999999999994,-1752.9599999999994,2025-09-16T11:31:00-04:00,0.0,5.899999999999977,-1852.9599999999652,2025-09-16T16:00:00-04:00,0.0,9.300000000000011,-8652.960000000034,2025-09-17T16:00:00-04:00,0.0,,,2025-09-18T15:49:00-04:00,660.0,,,,,0.0,hit,1.0,hit,39.0,hit,46.0,hit,2915.0,hit,2936.0,hit,2990.0,hit,15.0,hit,15.0,hit,15.0,hit,91.0,hit,313.0,hit,313.0,hit,7.150000000000006,38,True,False,False,False,,9.699999999999989,748,True,True,True,True,,9.699999999999989,748,True,True,True,True,,9.699999999999989,748,True,True,True,True,,46.0,2025-09-16T10:17:00-04:00,2.8499999999999943,4247.040000000001,2885.0,2025-09-18T09:36:00-04:00,2.9499999999999957,4047.039999999998,2912.0,2025-09-18T10:03:00-04:00,2.3999999999999986,5147.039999999992,47.0,2025-09-16T10:18:00-04:00,6.000000000000028,-2052.9600000000673,2916.0,2025-09-18T10:07:00-04:00,1.8499999999999979,6247.039999999994,2917.0,2025-09-18T10:08:00-04:00,1.75,6447.039999999989,2918.0,2025-09-18T10:09:00-04:00,1.8000000000000007,6347.039999999988,2917.0,2025-09-18T10:08:00-04:00,1.75,6447.039999999989,2940.0,2025-09-18T10:31:00-04:00,0.8000000000000007,8347.039999999988,2941.0,2025-09-18T10:32:00-04:00,0.8500000000000014,8247.039999999988,2942.0,2025-09-18T10:33:00-04:00,0.8499999999999979,8247.039999999994,2941.0,2025-09-18T10:32:00-04:00,0.8500000000000014,8247.039999999988,3002.0,2025-09-18T11:33:00-04:00,0.40000000000000036,9147.03999999999,3003.0,2025-09-18T11:34:00-04:00,0.39999999999999947,9147.039999999992,3065.0,2025-09-18T12:36:00-04:00,0.40000000000000036,9147.03999999999,3003.0,2025-09-18T11:34:00-04:00,0.39999999999999947,9147.039999999992,2904
2025-09-16,2025-09-18,2,6.0,2025-09-16T09:31:00-04:00,6.149999999999977,NDXP  250918P24470000,NDXP  250918P24460000,validation,False,False,0,0,1,1,0,1198,available,False,2025-09-16T09:31:00-04:00,2025-09-18T16:00:00-04:00,6.850000000000001,-1652.9600000000476,0.0,last_observed_quote_not_settlement,1036.0,804,46,5.599999999999994,847.0399999999665,2025-09-16T09:32:00-04:00,0.0,6.2000000000000455,-352.9600000001357,2025-09-16T09:33:00-04:00,0.0,5.850000000000023,347.03999999990975,2025-09-16T09:36:00-04:00,0.0,6.850000000000023,-1652.9600000000903,2025-09-16T09:41:00-04:00,0.0,6.299999999999983,-552.9600000000107,2025-09-16T09:46:00-04:00,0.0,6.499999999999972,-952.959999999988,2025-09-16T10:01:00-04:00,0.0,6.700000000000017,-1352.960000000079,2025-09-16T10:31:00-04:00,0.0,7.000000000000028,-1952.9600000001017,2025-09-16T11:31:00-04:00,0.0,6.900000000000006,-1752.9600000000562,2025-09-16T16:00:00-04:00,0.0,,,2025-09-17T15:59:00-04:00,60.0,6.850000000000001,-1652.9600000000476,2025-09-18T16:00:00-04:00,0.0,,,,,11.0,hit,11.0,hit,1844.0,hit,2925.0,hit,2940.0,hit,,never_hit,,never_hit,3.0,hit,3.0,hit,3.0,hit,340.0,hit,1479.0,hit,1479.0,hit,10.0,796,True,True,True,True,,10.0,796,True,True,True,True,,,,True,True,True,False,4.999999999999978,,,True,True,True,False,4.999999999999978,2928.0,2025-09-18T10:19:00-04:00,2.799999999999997,6447.039999999961,2929.0,2025-09-18T10:20:00-04:00,2.8000000000000007,6447.039999999954,2930.0,2025-09-18T10:21:00-04:00,2.5500000000000007,6947.039999999954,2929.0,2025-09-18T10:20:00-04:00,2.8000000000000007,6447.039999999954,2940.0,2025-09-18T10:31:00-04:00,1.6999999999999993,8647.039999999957,2989.0,2025-09-18T11:20:00-04:00,1.5,9047.039999999955,2990.0,2025-09-18T11:21:00-04:00,1.5999999999999996,8847.039999999957,2941.0,2025-09-18T10:32:00-04:00,2.0500000000000007,7947.039999999954,,,,,,,,,,,,,,,,,,,,,,,,,,,,,,,,,2905
2025-09-16,2025-09-18,2,7.0,2025-09-16T09:31:00-04:00,7.150000000000006,NDXP  250918P24540000,NDXP  250918P24530000,validation,False,False,0,0,0,25,0,1174,available,False,2025-09-16T09:31:00-04:00,2025-09-18T16:00:00-04:00,6.699999999999989,647.0400000000348,0.0,last_observed_quote_not_settlement,1036.0,914,70,6.450000000000017,1147.039999999978,2025-09-16T09:32:00-04:00,0.0,7.099999999999994,-152.95999999997656,2025-09-16T09:33:00-04:00,0.0,7.350000000000023,-652.9600000000335,2025-09-16T09:36:00-04:00,0.0,7.75,-1452.959999999988,2025-09-16T09:41:00-04:00,0.0,7.400000000000034,-752.9600000000562,2025-09-16T09:46:00-04:00,0.0,7.649999999999977,-1252.9599999999425,2025-09-16T10:01:00-04:00,0.0,7.599999999999966,-1152.9599999999198,2025-09-16T10:31:00-04:00,0.0,7.849999999999966,-1652.9599999999198,2025-09-16T11:31:00-04:00,0.0,7.800000000000011,-1552.9600000000107,2025-09-16T16:00:00-04:00,0.0,8.699999999999989,-3352.959999999967,2025-09-17T16:00:00-04:00,0.0,6.699999999999989,647.0400000000348,2025-09-18T16:00:00-04:00,0.0,,,,,1720.0,hit,1720.0,hit,1720.0,hit,3119.0,hit,,never_hit,,never_hit,,never_hit,8.0,hit,91.0,hit,0.0,hit,26.0,hit,1450.0,hit,1614.0,hit,10.0,813,True,True,True,True,,,,True,True,True,False,4.500000000000007,,,True,True,True,False,4.500000000000007,,,True,True,True,False,4.500000000000007,3119.0,2025-09-18T13:30:00-04:00,2.6499999999999986,8747.040000000015,,,,,,,,,3120.0,2025-09-18T13:31:00-04:00,6.5,1047.040000000012,,,,,,,,,,,,,,,,,,,,,,,,,,,,,,,,,,,,,,,,,,,,,,,,,2906
2025-09-16,2025-09-19,3,5.0,2025-09-16T09:31:00-04:00,5.0,NDXP  250919P24400000,NDXP  250919P24390000,validation,False,False,0,0,37,31,0,1522,available,False,2025-09-16T09:31:00-04:00,2025-09-19T15:20:00-04:00,0.04999999999999993,9647.040000000003,40.0,last_observed_quote_not_settlement,1036.0,632,117,4.800000000000011,147.03999999997797,2025-09-16T09:32:00-04:00,0.0,5.25,-752.9599999999994,2025-09-16T09:33:00-04:00,0.0,5.25,-752.9599999999994,2025-09-16T09:36:00-04:00,0.0,2.8000000000000114,4147.039999999978,2025-09-16T09:41:00-04:00,0.0,4.849999999999994,47.04000000001208,2025-09-16T09:46:00-04:00,0.0,5.400000000000006,-1052.9600000000107,2025-09-16T10:01:00-04:00,0.0,6.050000000000011,-2352.960000000022,2025-09-16T10:31:00-04:00,0.0,4.450000000000017,847.0399999999665,2025-09-16T11:31:00-04:00,0.0,5.800000000000011,-1852.960000000022,2025-09-16T16:00:00-04:00,0.0,3.9499999999999886,1847.0400000000234,2025-09-17T16:00:00-04:00,0.0,3.25,3247.040000000001,2025-09-18T16:00:00-04:00,0.0,,,2025-09-19T15:20:00-04:00,2400.0,0.0,hit,0.0,hit,9.0,hit,10.0,hit,70.0,hit,211.0,hit,211.0,hit,3.0,hit,6.0,hit,44.0,hit,44.0,hit,50.0,hit,1827.0,hit,6.099999999999994,6,False,False,False,False,,9.25,46,True,True,True,True,,9.25,161,True,True,True,True,,9.25,161,True,True,True,True,,10.0,2025-09-16T09:41:00-04:00,2.8000000000000114,4147.039999999978,71.0,2025-09-16T10:42:00-04:00,2.0,5747.040000000001,72.0,2025-09-16T10:43:00-04:00,2.0,5747.040000000001,11.0,2025-09-16T09:42:00-04:00,3.9499999999999886,1847.0400000000234,86.0,2025-09-16T10:57:00-04:00,1.6000000000000227,6547.039999999955,4321.0,2025-09-19T09:32:00-04:00,1.7999999999999972,6147.040000000006,4326.0,2025-09-19T09:37:00-04:00,1.3499999999999979,7047.0400000000045,87.0,2025-09-16T10:58:00-04:00,6.299999999999983,-2852.959999999965,211.0,2025-09-16T13:02:00-04:00,0.0,9747.04,4342.0,2025-09-19T09:53:00-04:00,0.8500000000000014,8047.039999999998,4343.0,2025-09-19T09:54:00-04:00,0.8499999999999979,8047.0400000000045,212.0,2025-09-16T13:03:00-04:00,5.849999999999966,-1952.9599999999311,211.0,2025-09-16T13:02:00-04:00,0.0,9747.04,4473.0,2025-09-19T12:04:00-04:00,0.44999999999999973,8847.04,4474.0,2025-09-19T12:05:00-04:00,0.4499999999999993,8847.040000000003,212.0,2025-09-16T13:03:00-04:00,5.849999999999966,-1952.9599999999311,2907
2025-09-16,2025-09-19,3,6.0,2025-09-16T09:31:00-04:00,6.0,NDXP  250919P24450000,NDXP  250919P24440000,validation,False,False,0,0,12,18,0,1547,available,False,2025-09-16T09:31:00-04:00,2025-09-19T15:27:00-04:00,0.025000000000000022,11697.04,33.0,last_observed_quote_not_settlement,1036.0,582,71,8.200000000000017,-4652.9600000000355,2025-09-16T09:32:00-04:00,0.0,5.25,1247.0400000000006,2025-09-16T09:33:00-04:00,0.0,6.850000000000023,-1952.9600000000448,2025-09-16T09:36:00-04:00,0.0,6.850000000000023,-1952.9600000000448,2025-09-16T09:41:00-04:00,0.0,5.7999999999999545,147.04000000009165,2025-09-16T09:46:00-04:00,0.0,5.899999999999977,-52.959999999953816,2025-09-16T10:01:00-04:00,0.0,5.900000000000034,-52.9600000000675,2025-09-16T10:31:00-04:00,0.0,6.199999999999989,-652.9599999999766,2025-09-16T11:31:00-04:00,0.0,7.449999999999989,-3152.9599999999764,2025-09-16T16:00:00-04:00,0.0,7.200000000000017,-2652.9600000000332,2025-09-17T16:00:00-04:00,0.0,1.7000000000000028,8347.039999999995,2025-09-18T16:00:00-04:00,0.0,,,2025-09-19T15:27:00-04:00,1980.0,2.0,hit,4.0,hit,4.0,hit,1718.0,hit,1718.0,hit,3214.0,hit,3214.0,hit,1.0,hit,1.0,hit,1.0,hit,1.0,hit,6.0,hit,6.0,hit,9.5,459,True,True,True,True,,9.5,459,True,True,True,True,,9.700000000000017,580,True,True,True,True,,9.700000000000017,580,True,True,True,True,,1718.0,2025-09-17T14:09:00-04:00,1.8999999999999773,7947.040000000046,2939.0,2025-09-18T10:30:00-04:00,2.9000000000000057,5947.039999999989,2940.0,2025-09-18T10:31:00-04:00,2.75,6247.040000000001,1719.0,2025-09-17T14:10:00-04:00,7.199999999999989,-2652.9599999999764,1718.0,2025-09-17T14:09:00-04:00,1.8999999999999773,7947.040000000046,3173.0,2025-09-18T14:24:00-04:00,1.5999999999999943,8547.040000000014,3216.0,2025-09-18T15:07:00-04:00,0.5,10747.04,1719.0,2025-09-17T14:10:00-04:00,7.199999999999989,-2652.9599999999764,3214.0,2025-09-18T15:05:00-04:00,0.45000000000000284,10847.039999999995,3215.0,2025-09-18T15:06:00-04:00,0.10000000000000142,11547.039999999999,3216.0,2025-09-18T15:07:00-04:00,0.5,10747.04,3215.0,2025-09-18T15:06:00-04:00,0.10000000000000142,11547.039999999999,3215.0,2025-09-18T15:06:00-04:00,0.10000000000000142,11547.039999999999,4481.0,2025-09-19T12:12:00-04:00,0.40000000000000036,10947.04,4498.0,2025-09-19T12:29:00-04:00,0.2999999999999998,11147.040000000003,3216.0,2025-09-18T15:07:00-04:00,0.5,10747.04,2908
2025-09-16,2025-09-19,3,7.0,2025-09-16T09:31:00-04:00,7.150000000000006,NDXP  250919P24520000,NDXP  250919P24510000,validation,False,False,0,0,19,12,0,1566,available,False,2025-09-16T09:31:00-04:00,2025-09-19T15:49:00-04:00,0.10000000000000003,13847.040000000012,11.0,last_observed_quote_not_settlement,1036.0,403,47,6.150000000000006,1747.0400000000006,2025-09-16T09:32:00-04:00,0.0,6.300000000000011,1447.0399999999893,2025-09-16T09:33:00-04:00,0.0,6.400000000000034,1247.0399999999438,2025-09-16T09:36:00-04:00,0.0,6.599999999999966,847.0400000000802,2025-09-16T09:41:00-04:00,0.0,6.699999999999989,647.0400000000348,2025-09-16T09:46:00-04:00,0.0,6.699999999999989,647.0400000000348,2025-09-16T10:01:00-04:00,0.0,6.800000000000011,447.03999999998933,2025-09-16T10:31:00-04:00,0.0,7.0,47.04000000001208,2025-09-16T11:31:00-04:00,0.0,7.0,47.04000000001208,2025-09-16T16:00:00-04:00,0.0,8.300000000000011,-2552.9600000000123,2025-09-17T16:00:00-04:00,0.0,6.200000000000003,1647.0400000000063,2025-09-18T16:00:00-04:00,0.0,,,2025-09-19T15:49:00-04:00,660.0,20.0,hit,87.0,hit,87.0,hit,87.0,hit,2927.0,hit,4350.0,hit,4350.0,hit,98.0,hit,98.0,hit,0.0,hit,98.0,hit,98.0,hit,3271.0,hit,7.150000000000006,0,True,False,False,False,,9.25,388,True,True,True,True,,9.900000000000006,402,True,True,True,True,,9.900000000000006,402,True,True,True,True,,87.0,2025-09-16T10:58:00-04:00,2.400000000000034,9247.039999999944,2927.0,2025-09-18T10:18:00-04:00,1.4000000000000057,11247.04,4343.0,2025-09-19T09:54:00-04:00,2.299999999999997,9447.040000000019,88.0,2025-09-16T10:59:00-04:00,6.699999999999989,647.0400000000348,2927.0,2025-09-18T10:18:00-04:00,1.4000000000000057,11247.04,4360.0,2025-09-19T10:11:00-04:00,0.0,14047.040000000014,4494.0,2025-09-19T12:25:00-04:00,1.75,10547.040000000014,2928.0,2025-09-18T10:19:00-04:00,4.300000000000011,5447.039999999989,4350.0,2025-09-19T10:01:00-04:00,0.0,14047.040000000014,4360.0,2025-09-19T10:11:00-04:00,0.0,14047.040000000014,4578.0,2025-09-19T13:49:00-04:00,0.75,12547.040000000014,4351.0,2025-09-19T10:02:00-04:00,4.0,6047.040000000012,4350.0,2025-09-19T10:01:00-04:00,0.0,14047.040000000014,4652.0,2025-09-19T15:03:00-04:00,0.3999999999999999,13247.040000000012,4666.0,2025-09-19T15:17:00-04:00,0.15000000000000002,13747.040000000012,4351.0,2025-09-19T10:02:00-04:00,4.0,6047.040000000012,2909
2025-09-17,2025-09-19,2,5.0,2025-09-17T09:31:00-04:00,5.0,NDXP  250919P24370000,NDXP  250919P24360000,validation,False,False,0,0,11,24,0,1121,available,False,2025-09-17T09:31:00-04:00,2025-09-19T15:03:00-04:00,0.024999999999999967,9697.04,57.0,last_observed_quote_not_settlement,1036.0,369,27,3.5,2747.040000000001,2025-09-17T09:32:00-04:00,0.0,4.550000000000011,647.0399999999779,2025-09-17T09:33:00-04:00,0.0,5.099999999999994,-452.95999999998793,2025-09-17T09:36:00-04:00,0.0,5.7999999999999545,-1852.9599999999084,2025-09-17T09:41:00-04:00,0.0,5.800000000000011,-1852.960000000022,2025-09-17T09:46:00-04:00,0.0,5.899999999999977,-2052.9599999999537,2025-09-17T10:01:00-04:00,0.0,6.100000000000023,-2452.9600000000446,2025-09-17T10:31:00-04:00,0.0,6.400000000000034,-3052.9600000000673,2025-09-17T11:31:00-04:00,0.0,6.25,-2752.959999999999,2025-09-17T16:00:00-04:00,0.0,2.6000000000000085,4547.039999999984,2025-09-18T16:00:00-04:00,0.0,,,2025-09-19T15:03:00-04:00,3420.0,,,,,0.0,hit,0.0,hit,1.0,hit,26.0,hit,380.0,hit,2880.0,hit,2884.0,hit,8.0,hit,8.0,hit,22.0,hit,272.0,hit,272.0,hit,304.0,hit,7.25,21,True,False,False,False,,9.800000000000011,350,True,True,True,True,,9.800000000000011,369,True,True,True,True,,9.800000000000011,369,True,True,True,True,,26.0,2025-09-17T09:57:00-04:00,2.3500000000000227,5047.039999999955,1462.0,2025-09-18T09:53:00-04:00,2.9499999999999886,3847.0400000000236,1474.0,2025-09-18T10:05:00-04:00,2.750000000000007,4247.039999999986,27.0,2025-09-17T09:58:00-04:00,4.900000000000006,-52.96000000001066,380.0,2025-09-17T15:51:00-04:00,1.5999999999999943,6547.040000000012,1548.0,2025-09-18T11:19:00-04:00,1.8500000000000085,6047.039999999984,1549.0,2025-09-18T11:20:00-04:00,1.7999999999999972,6147.040000000006,381.0,2025-09-17T15:52:00-04:00,6.099999999999994,-2452.9599999999878,2880.0,2025-09-19T09:31:00-04:00,0.5500000000000007,8647.04,2881.0,2025-09-19T09:32:00-04:00,0.6499999999999986,8447.040000000005,2886.0,2025-09-19T09:37:00-04:00,0.6999999999999993,8347.040000000003,2881.0,2025-09-19T09:32:00-04:00,0.6499999999999986,8447.040000000005,2884.0,2025-09-19T09:35:00-04:00,0.40000000000000213,8947.039999999997,3022.0,2025-09-19T11:53:00-04:00,0.25000000000000044,9247.039999999999,3026.0,2025-09-19T11:57:00-04:00,0.19999999999999973,9347.04,2885.0,2025-09-19T09:36:00-04:00,0.75,8247.04,2910
2025-09-17,2025-09-19,2,6.0,2025-09-17T09:31:00-04:00,6.0,NDXP  250919P24450000,NDXP  250919P24440000,validation,False,False,0,0,12,16,0,1144,available,False,2025-09-17T09:31:00-04:00,2025-09-19T15:27:00-04:00,0.025000000000000022,11697.04,33.0,last_observed_quote_not_settlement,1036.0,391,35,6.0,-252.9599999999993,2025-09-17T09:32:00-04:00,0.0,6.099999999999966,-452.9599999999311,2025-09-17T09:33:00-04:00,0.0,6.5,-1252.9599999999994,2025-09-17T09:36:00-04:00,0.0,6.7000000000000455,-1652.9600000000903,2025-09-17T09:41:00-04:00,0.0,6.800000000000011,-1852.960000000022,2025-09-17T09:46:00-04:00,0.0,6.7000000000000455,-1652.9600000000903,2025-09-17T10:01:00-04:00,0.0,7.0,-2252.959999999999,2025-09-17T10:31:00-04:00,0.0,7.199999999999989,-2652.9599999999764,2025-09-17T11:31:00-04:00,0.0,7.200000000000017,-2652.9600000000332,2025-09-17T16:00:00-04:00,0.0,1.7000000000000028,8347.039999999995,2025-09-18T16:00:00-04:00,0.0,,,2025-09-19T15:27:00-04:00,1980.0,,,,,273.0,hit,273.0,hit,278.0,hit,278.0,hit,278.0,hit,1774.0,hit,1774.0,hit,5.0,hit,57.0,hit,57.0,hit,59.0,hit,59.0,hit,339.0,hit,9.349999999999966,268,True,True,True,True,,9.349999999999966,268,True,True,True,True,,9.700000000000017,389,True,True,True,True,,9.700000000000017,389,True,True,True,True,,278.0,2025-09-17T14:09:00-04:00,1.8999999999999773,7947.040000000046,1499.0,2025-09-18T10:30:00-04:00,2.9000000000000057,5947.039999999989,1500.0,2025-09-18T10:31:00-04:00,2.75,6247.040000000001,279.0,2025-09-17T14:10:00-04:00,7.199999999999989,-2652.9599999999764,278.0,2025-09-17T14:09:00-04:00,1.8999999999999773,7947.040000000046,1733.0,2025-09-18T14:24:00-04:00,1.5999999999999943,8547.040000000014,1776.0,2025-09-18T15:07:00-04:00,0.5,10747.04,279.0,2025-09-17T14:10:00-04:00,7.199999999999989,-2652.9599999999764,1774.0,2025-09-18T15:05:00-04:00,0.45000000000000284,10847.039999999995,1775.0,2025-09-18T15:06:00-04:00,0.10000000000000142,11547.039999999999,1776.0,2025-09-18T15:07:00-04:00,0.5,10747.04,1775.0,2025-09-18T15:06:00-04:00,0.10000000000000142,11547.039999999999,1775.0,2025-09-18T15:06:00-04:00,0.10000000000000142,11547.039999999999,3041.0,2025-09-19T12:12:00-04:00,0.40000000000000036,10947.04,3058.0,2025-09-19T12:29:00-04:00,0.2999999999999998,11147.040000000003,1776.0,2025-09-18T15:07:00-04:00,0.5,10747.04,2911
2025-09-17,2025-09-19,2,7.0,2025-09-17T09:31:00-04:00,7.0,NDXP  250919P24530000,NDXP  250919P24520000,validation,False,False,0,0,4,12,0,1177,available,False,2025-09-17T09:31:00-04:00,2025-09-19T15:54:00-04:00,0.10000000000000003,13547.04,6.0,last_observed_quote_not_settlement,1037.0,392,43,6.5,747.0400000000006,2025-09-17T09:32:00-04:00,0.0,6.849999999999966,47.04000000006892,2025-09-17T09:33:00-04:00,0.0,7.300000000000011,-852.9600000000221,2025-09-17T09:36:00-04:00,0.0,7.5,-1252.9599999999994,2025-09-17T09:41:00-04:00,0.0,7.599999999999966,-1452.9599999999311,2025-09-17T09:46:00-04:00,0.0,7.449999999999989,-1152.9599999999766,2025-09-17T10:01:00-04:00,0.0,7.800000000000011,-1852.960000000022,2025-09-17T10:31:00-04:00,0.0,7.900000000000034,-2052.9600000000673,2025-09-17T11:31:00-04:00,0.0,8.199999999999989,-2652.959999999978,2025-09-17T16:00:00-04:00,0.0,5.6000000000000085,2547.0399999999836,2025-09-18T16:00:00-04:00,0.0,,,2025-09-19T15:54:00-04:00,360.0,,,,,283.0,hit,286.0,hit,286.0,hit,286.0,hit,286.0,hit,286.0,hit,3208.0,hit,8.0,hit,76.0,hit,0.0,hit,76.0,hit,303.0,hit,316.0,hit,8.699999999999989,278,True,True,False,False,,8.699999999999989,278,True,True,False,False,,8.699999999999989,278,True,True,False,False,,10.0,392,True,True,True,True,,286.0,2025-09-17T14:17:00-04:00,0.8999999999999773,11947.040000000046,2912.0,2025-09-19T10:03:00-04:00,2.6000000000000014,8547.039999999999,2917.0,2025-09-19T10:08:00-04:00,2.8500000000000014,8047.039999999998,287.0,2025-09-17T14:18:00-04:00,8.5,-3252.960000000001,286.0,2025-09-17T14:17:00-04:00,0.8999999999999773,11947.040000000046,2952.0,2025-09-19T10:43:00-04:00,1.25,11247.04,3047.0,2025-09-19T12:18:00-04:00,1.3000000000000007,11147.04,287.0,2025-09-17T14:18:00-04:00,8.5,-3252.960000000001,286.0,2025-09-17T14:17:00-04:00,0.8999999999999773,11947.040000000046,3186.0,2025-09-19T14:37:00-04:00,0.9000000000000004,11947.04,3187.0,2025-09-19T14:38:00-04:00,0.8749999999999996,11997.04,287.0,2025-09-17T14:18:00-04:00,8.5,-3252.960000000001,3208.0,2025-09-19T14:59:00-04:00,0.40000000000000036,12947.04,3229.0,2025-09-19T15:20:00-04:00,0.19999999999999996,13347.04,3230.0,2025-09-19T15:21:00-04:00,0.22499999999999987,13297.040000000003,3209.0,2025-09-19T15:00:00-04:00,0.625,12497.04,2912
2025-09-19,2025-09-22,3,5.0,2025-09-19T09:31:00-04:00,5.0,NDXP  250922P24550000,NDXP  250922P24540000,validation,False,False,0,0,17,6,0,757,available,False,2025-09-19T09:31:00-04:00,2025-09-22T15:52:00-04:00,0.024999999999999994,9697.04,8.0,last_observed_quote_not_settlement,3916.0,53,28,4.650000000000006,447.03999999998933,2025-09-19T09:32:00-04:00,0.0,5.200000000000003,-652.960000000005,2025-09-19T09:33:00-04:00,0.0,4.949999999999989,-152.95999999997656,2025-09-19T09:36:00-04:00,0.0,4.750000000000014,247.03999999997225,2025-09-19T09:41:00-04:00,0.0,4.800000000000011,147.03999999997797,2025-09-19T09:46:00-04:00,0.0,4.450000000000003,847.039999999995,2025-09-19T10:01:00-04:00,0.0,4.400000000000006,947.0399999999893,2025-09-19T10:31:00-04:00,0.0,6.0,-2252.959999999999,2025-09-19T11:31:00-04:00,0.0,2.8000000000000043,4147.039999999992,2025-09-19T16:00:00-04:00,0.0,,,2025-09-19T16:15:00-04:00,85500.0,,,2025-09-19T16:15:00-04:00,171900.0,,,2025-09-22T15:52:00-04:00,480.0,0.0,hit,0.0,hit,21.0,hit,51.0,hit,51.0,hit,4372.0,hit,4397.0,hit,89.0,hit,89.0,hit,,never_hit,,never_hit,,never_hit,,never_hit,5.25,4,False,False,False,False,,5.25,4,False,False,False,False,,6.649999999999999,53,False,False,False,False,,6.649999999999999,53,False,False,False,False,,51.0,2025-09-19T10:22:00-04:00,1.3499999999999943,7047.040000000012,383.0,2025-09-19T15:54:00-04:00,1.6000000000000014,6547.039999999998,384.0,2025-09-19T15:55:00-04:00,2.5,4747.040000000001,52.0,2025-09-19T10:23:00-04:00,4.549999999999983,647.0400000000348,51.0,2025-09-19T10:22:00-04:00,1.3499999999999943,7047.040000000012,4342.0,2025-09-22T09:53:00-04:00,1.5999999999999996,6547.040000000002,4343.0,2025-09-22T09:54:00-04:00,1.700000000000001,6347.039999999998,52.0,2025-09-19T10:23:00-04:00,4.549999999999983,647.0400000000348,4373.0,2025-09-22T10:24:00-04:00,0.9000000000000004,7947.04,4374.0,2025-09-22T10:25:00-04:00,0.9000000000000004,7947.04,4378.0,2025-09-22T10:29:00-04:00,0.7999999999999998,8147.040000000002,4374.0,2025-09-22T10:25:00-04:00,0.9000000000000004,7947.04,4410.0,2025-09-22T11:01:00-04:00,0.40000000000000036,8947.04,4411.0,2025-09-22T11:02:00-04:00,0.39999999999999947,8947.040000000003,4412.0,2025-09-22T11:03:00-04:00,0.40000000000000036,8947.04,4411.0,2025-09-22T11:02:00-04:00,0.39999999999999947,8947.040000000003,2913
2025-09-19,2025-09-22,3,6.0,2025-09-19T09:31:00-04:00,5.900000000000006,NDXP  250922P24670000,NDXP  250922P24660000,validation,False,False,0,0,4,4,0,781,available,False,2025-09-19T09:31:00-04:00,2025-09-22T15:55:00-04:00,0.024999999999999994,11497.040000000012,5.0,last_observed_quote_not_settlement,3916.0,391,52,7.150000000000006,-2752.959999999999,2025-09-19T09:32:00-04:00,0.0,6.400000000000006,-1252.9599999999994,2025-09-19T09:33:00-04:00,0.0,7.199999999999989,-2852.959999999965,2025-09-19T09:36:00-04:00,0.0,7.200000000000017,-2852.960000000022,2025-09-19T09:41:00-04:00,0.0,7.5,-3452.9599999999878,2025-09-19T09:46:00-04:00,0.0,6.949999999999989,-2352.959999999965,2025-09-19T10:01:00-04:00,0.0,7.449999999999989,-3352.959999999965,2025-09-19T10:31:00-04:00,0.0,7.199999999999989,-2852.959999999965,2025-09-19T11:31:00-04:00,0.0,5.449999999999989,647.0400000000348,2025-09-19T16:00:00-04:00,0.0,,,2025-09-19T16:15:00-04:00,85500.0,,,2025-09-19T16:15:00-04:00,171900.0,,,2025-09-22T15:55:00-04:00,300.0,160.0,hit,160.0,hit,4364.0,hit,4411.0,hit,4487.0,hit,4510.0,hit,4578.0,hit,1.0,hit,1.0,hit,1.0,hit,22.0,hit,22.0,hit,75.0,hit,9.949999999999989,391,True,True,True,True,,9.949999999999989,391,True,True,True,True,,9.949999999999989,391,True,True,True,True,,9.949999999999989,391,True,True,True,True,,4411.0,2025-09-22T11:02:00-04:00,2.9499999999999993,5647.040000000014,4479.0,2025-09-22T12:10:00-04:00,2.650000000000002,6247.040000000008,4480.0,2025-09-22T12:11:00-04:00,2.5,6547.040000000012,4412.0,2025-09-22T11:03:00-04:00,3.6000000000000014,4347.040000000009,4487.0,2025-09-22T12:18:00-04:00,1.9000000000000004,7747.040000000011,4488.0,2025-09-22T12:19:00-04:00,1.9000000000000004,7747.040000000011,4492.0,2025-09-22T12:23:00-04:00,1.700000000000001,8147.040000000009,4488.0,2025-09-22T12:19:00-04:00,1.9000000000000004,7747.040000000011,4524.0,2025-09-22T12:55:00-04:00,0.9000000000000004,9747.040000000012,4534.0,2025-09-22T13:05:00-04:00,0.7000000000000002,10147.040000000012,4535.0,2025-09-22T13:06:00-04:00,0.8500000000000005,9847.040000000012,4525.0,2025-09-22T12:56:00-04:00,1.1000000000000005,9347.040000000012,4579.0,2025-09-22T13:50:00-04:00,0.44999999999999973,10647.040000000012,4580.0,2025-09-22T13:51:00-04:00,0.44999999999999973,10647.040000000012,4603.0,2025-09-22T14:14:00-04:00,0.42500000000000004,10697.040000000014,4580.0,2025-09-22T13:51:00-04:00,0.44999999999999973,10647.040000000012,2914
2025-09-19,2025-09-22,3,7.0,2025-09-19T09:31:00-04:00,7.0,NDXP  250922P24640000,NDXP  250922P24630000,validation,False,False,0,0,1,5,0,780,available,False,2025-09-19T09:31:00-04:00,2025-09-22T15:48:00-04:00,0.024999999999999967,13697.04,12.0,last_observed_quote_not_settlement,3916.0,86,45,7.349999999999994,-952.959999999988,2025-09-19T09:32:00-04:00,0.0,5.550000000000011,2647.039999999978,2025-09-19T09:33:00-04:00,0.0,6.900000000000006,-52.96000000001066,2025-09-19T09:36:00-04:00,0.0,6.75,247.04000000000067,2025-09-19T09:41:00-04:00,0.0,6.350000000000023,1047.0399999999552,2025-09-19T09:46:00-04:00,0.0,6.25,1247.0400000000006,2025-09-19T10:01:00-04:00,0.0,5.850000000000023,2047.0399999999554,2025-09-19T10:31:00-04:00,0.0,8.0,-2252.960000000001,2025-09-19T11:31:00-04:00,0.0,8.200000000000003,-2652.960000000007,2025-09-19T16:00:00-04:00,0.0,,,2025-09-19T16:15:00-04:00,85500.0,,,2025-09-19T16:15:00-04:00,171900.0,,,2025-09-22T15:48:00-04:00,720.0,19.0,hit,19.0,hit,19.0,hit,19.0,hit,4410.0,hit,4490.0,hit,4507.0,hit,6.0,hit,11.0,hit,0.0,hit,11.0,hit,17.0,hit,98.0,hit,9.150000000000006,6,True,True,True,True,,9.849999999999966,86,True,True,True,True,,9.849999999999966,86,True,True,True,True,,9.849999999999966,86,True,True,True,True,,215.0,2025-09-19T13:06:00-04:00,2.25,9247.04,4390.0,2025-09-22T10:41:00-04:00,2.599999999999998,8547.040000000006,4394.0,2025-09-22T10:45:00-04:00,2.6499999999999986,8447.040000000005,216.0,2025-09-19T13:07:00-04:00,5.8999999999999915,1947.0400000000177,4410.0,2025-09-22T11:01:00-04:00,1.9499999999999993,9847.040000000003,4411.0,2025-09-22T11:02:00-04:00,1.8500000000000014,10047.039999999999,4478.0,2025-09-22T12:09:00-04:00,1.6999999999999993,10347.040000000003,4411.0,2025-09-22T11:02:00-04:00,1.8500000000000014,10047.039999999999,4491.0,2025-09-22T12:22:00-04:00,0.8999999999999995,11947.040000000003,4492.0,2025-09-22T12:23:00-04:00,0.9000000000000004,11947.04,4498.0,2025-09-22T12:29:00-04:00,0.75,12247.04,4492.0,2025-09-22T12:23:00-04:00,0.9000000000000004,11947.04,4533.0,2025-09-22T13:04:00-04:00,0.3999999999999999,12947.04,4561.0,2025-09-22T13:32:00-04:00,0.375,12997.04,4562.0,2025-09-22T13:33:00-04:00,0.34999999999999964,13047.040000000003,4534.0,2025-09-22T13:05:00-04:00,0.5,12747.04,2915
2025-09-22,2025-09-24,2,5.0,2025-09-22T09:31:00-04:00,5.050000000000011,NDXP  250924P24710000,NDXP  250924P24700000,validation,False,False,0,0,0,55,0,1144,available,False,2025-09-22T09:31:00-04:00,2025-09-24T15:57:00-04:00,9.949999999999989,-10052.959999999955,3.0,last_observed_quote_not_settlement,1036.0,547,54,6.449999999999989,-3052.9599999999537,2025-09-22T09:32:00-04:00,0.0,7.350000000000023,-4852.960000000022,2025-09-22T09:33:00-04:00,0.0,5.699999999999989,-1552.9599999999539,2025-09-22T09:36:00-04:00,0.0,4.650000000000034,547.0399999999552,2025-09-22T09:41:00-04:00,0.0,4.0,1847.0400000000234,2025-09-22T09:46:00-04:00,0.0,4.449999999999989,947.0400000000461,2025-09-22T10:01:00-04:00,0.0,5.200000000000003,-552.9599999999823,2025-09-22T10:31:00-04:00,0.0,4.75,347.04000000002344,2025-09-22T11:31:00-04:00,0.0,3.3499999999999943,3147.040000000035,2025-09-22T16:00:00-04:00,0.0,7.449999999999989,-5052.959999999954,2025-09-23T16:00:00-04:00,0.0,,,2025-09-24T15:57:00-04:00,180.0,,,,,0.0,hit,8.0,hit,15.0,hit,1496.0,hit,,never_hit,,never_hit,,never_hit,1.0,hit,1.0,hit,2.0,hit,6.0,hit,1708.0,hit,2904.0,hit,8.549999999999983,62,True,True,False,False,,,,True,True,True,False,2.1000000000000085,,,True,True,True,False,2.1000000000000085,,,True,True,True,False,2.1000000000000085,,,,,,,,,,,,,,,,,,,,,,,,,,,,,,,,,,,,,,,,,,,,,,,,,,,,,,,,,,,,,,,,,2916
2025-09-22,2025-09-24,2,6.0,2025-09-22T09:31:00-04:00,5.949999999999989,NDXP  250924P24670000,NDXP  250924P24660000,validation,False,False,0,0,0,62,0,1137,available,False,2025-09-22T09:31:00-04:00,2025-09-24T16:00:00-04:00,10.0,-8252.960000000021,0.0,last_observed_quote_not_settlement,1036.0,417,48,5.799999999999983,47.04000000001208,2025-09-22T09:32:00-04:00,0.0,5.5,647.0399999999779,2025-09-22T09:33:00-04:00,0.0,4.900000000000006,1847.0399999999665,2025-09-22T09:36:00-04:00,0.0,6.949999999999989,-2252.959999999999,2025-09-22T09:41:00-04:00,0.0,2.8499999999999943,5947.039999999989,2025-09-22T09:46:00-04:00,0.0,4.999999999999986,1647.0400000000063,2025-09-22T10:01:00-04:00,0.0,4.300000000000011,3047.0399999999554,2025-09-22T10:31:00-04:00,0.0,4.200000000000017,3247.039999999944,2025-09-22T11:31:00-04:00,0.0,2.799999999999997,6047.039999999984,2025-09-22T16:00:00-04:00,0.0,6.25,-852.9600000000221,2025-09-23T16:00:00-04:00,0.0,10.0,-8252.960000000021,2025-09-24T16:00:00-04:00,0.0,,,,,2.0,hit,5.0,hit,15.0,hit,15.0,hit,,never_hit,,never_hit,,never_hit,6.0,hit,6.0,hit,6.0,hit,1751.0,hit,2884.0,hit,2968.0,hit,7.699999999999989,3,True,False,False,False,,,,True,True,True,False,3.450000000000003,,,True,True,True,False,3.450000000000003,,,True,True,True,False,3.450000000000003,15.0,2025-09-22T09:46:00-04:00,2.8499999999999943,5947.039999999989,283.0,2025-09-22T14:14:00-04:00,2.8500000000000014,5947.039999999975,284.0,2025-09-22T14:15:00-04:00,2.9000000000000057,5847.039999999966,16.0,2025-09-22T09:47:00-04:00,5.0,1647.039999999978,,,,,,,,,,,,,,,,,,,,,,,,,,,,,,,,,,,,,,,,,,,,,,,,,2917
2025-09-22,2025-09-24,2,7.0,2025-09-22T09:31:00-04:00,7.099999999999994,NDXP  250924P24780000,NDXP  250924P24770000,validation,False,False,0,0,0,53,0,1146,available,False,2025-09-22T09:31:00-04:00,2025-09-24T16:00:00-04:00,10.0,-5952.960000000011,0.0,last_observed_quote_not_settlement,1036.0,481,54,7.249999999999972,-552.9599999999539,2025-09-22T09:32:00-04:00,0.0,6.599999999999966,747.0400000000575,2025-09-22T09:33:00-04:00,0.0,7.349999999999994,-752.9599999999994,2025-09-22T09:36:00-04:00,0.0,7.400000000000006,-852.9600000000221,2025-09-22T09:41:00-04:00,0.0,6.400000000000006,1147.039999999978,2025-09-22T09:46:00-04:00,0.0,6.799999999999983,347.04000000002344,2025-09-22T10:01:00-04:00,0.0,6.699999999999989,547.040000000012,2025-09-22T10:31:00-04:00,0.0,6.150000000000006,1647.039999999978,2025-09-22T11:31:00-04:00,0.0,4.700000000000003,4547.039999999984,2025-09-22T16:00:00-04:00,0.0,8.849999999999994,-3752.960000000001,2025-09-23T16:00:00-04:00,0.0,10.0,-5952.960000000011,2025-09-24T16:00:00-04:00,0.0,,,,,3.0,hit,134.0,hit,166.0,hit,166.0,hit,2893.0,hit,,never_hit,,never_hit,61.0,hit,1550.0,hit,0.0,hit,167.0,hit,1712.0,hit,1713.0,hit,7.899999999999977,22,True,False,False,False,,9.950000000000017,198,True,True,True,True,,,,True,True,True,False,5.30000000000004,,,True,True,True,False,5.30000000000004,166.0,2025-09-22T12:17:00-04:00,2.9000000000000057,8147.039999999978,,,,,,,,,167.0,2025-09-22T12:18:00-04:00,8.0,-2052.9600000000123,2893.0,2025-09-24T09:44:00-04:00,1.7999999999999545,10347.04000000008,,,,,,,,,2894.0,2025-09-24T09:45:00-04:00,10.0,-5952.960000000011,,,,,,,,,,,,,,,,,,,,,,,,,,,,,,,,,2918
2025-09-22,2025-09-25,3,5.0,2025-09-22T09:31:00-04:00,4.799999999999983,NDXP  250925P24640000,NDXP  250925P24630000,validation,False,False,0,0,0,95,0,1509,available,False,2025-09-22T09:31:00-04:00,2025-09-25T16:00:00-04:00,9.400000000000006,-9452.960000000046,0.0,last_observed_quote_not_settlement,1036.0,770,58,4.550000000000011,247.03999999994383,2025-09-22T09:32:00-04:00,0.0,4.799999999999983,-252.9599999999993,2025-09-22T09:33:00-04:00,0.0,4.949999999999989,-552.9600000000107,2025-09-22T09:36:00-04:00,0.0,4.949999999999989,-552.9600000000107,2025-09-22T09:41:00-04:00,0.0,4.800000000000011,-252.96000000005614,2025-09-22T09:46:00-04:00,0.0,4.3500000000000085,647.0399999999495,2025-09-22T10:01:00-04:00,0.0,3.8500000000000085,1647.0399999999495,2025-09-22T10:31:00-04:00,0.0,3.700000000000003,1947.0399999999609,2025-09-22T11:31:00-04:00,0.0,2.6999999999999886,3947.0399999999895,2025-09-22T16:00:00-04:00,0.0,4.650000000000006,47.039999999955235,2025-09-23T16:00:00-04:00,0.0,7.150000000000006,-4952.960000000045,2025-09-24T16:00:00-04:00,0.0,9.400000000000006,-9452.960000000046,2025-09-25T16:00:00-04:00,0.0,0.0,hit,0.0,hit,29.0,hit,183.0,hit,,never_hit,,never_hit,,never_hit,1690.0,hit,1693.0,hit,2943.0,hit,2943.0,hit,3025.0,hit,3063.0,hit,5.25,8,False,False,False,False,,,,True,True,True,False,2.299999999999976,,,True,True,True,False,2.299999999999976,,,True,True,True,False,2.299999999999976,189.0,2025-09-22T12:40:00-04:00,2.9499999999999886,3447.0399999999895,214.0,2025-09-22T13:05:00-04:00,2.9000000000000057,3547.0399999999554,258.0,2025-09-22T13:49:00-04:00,2.8499999999999943,3647.039999999978,190.0,2025-09-22T12:41:00-04:00,2.950000000000003,3447.039999999961,,,,,,,,,,,,,,,,,,,,,,,,,,,,,,,,,,,,,,,,,,,,,,,,,2919
2025-09-22,2025-09-25,3,6.0,2025-09-22T09:31:00-04:00,6.0,NDXP  250925P24720000,NDXP  250925P24710000,validation,False,False,0,0,0,82,0,1522,available,False,2025-09-22T09:31:00-04:00,2025-09-25T16:00:00-04:00,9.25,-6752.960000000001,0.0,last_observed_quote_not_settlement,1037.0,762,91,5.900000000000006,-52.96000000001066,2025-09-22T09:32:00-04:00,0.0,5.949999999999989,-152.95999999997656,2025-09-22T09:33:00-04:00,0.0,5.500000000000028,747.0399999999438,2025-09-22T09:36:00-04:00,0.0,5.450000000000017,847.0399999999665,2025-09-22T09:41:00-04:00,0.0,6.050000000000011,-352.96000000002203,2025-09-22T09:46:00-04:00,0.0,4.300000000000011,3147.039999999978,2025-09-22T10:01:00-04:00,0.0,5.050000000000011,1647.039999999978,2025-09-22T10:31:00-04:00,0.0,4.800000000000011,2147.039999999978,2025-09-22T11:31:00-04:00,0.0,3.6000000000000227,4547.039999999955,2025-09-22T16:00:00-04:00,0.0,6.599999999999994,-1452.959999999988,2025-09-23T16:00:00-04:00,0.0,9.949999999999989,-8152.959999999978,2025-09-24T16:00:00-04:00,0.0,9.25,-6752.960000000001,2025-09-25T16:00:00-04:00,0.0,6.0,hit,6.0,hit,23.0,hit,,never_hit,,never_hit,,never_hit,,never_hit,14.0,hit,22.0,hit,22.0,hit,1695.0,hit,1778.0,hit,3036.0,hit,,,True,True,True,False,2.8500000000000085,,,True,True,True,False,2.8500000000000085,,,True,True,True,False,2.8500000000000085,,,True,True,True,False,2.8500000000000085,,,,,,,,,,,,,,,,,,,,,,,,,,,,,,,,,,,,,,,,,,,,,,,,,,,,,,,,,,,,,,,,,2920
2025-09-22,2025-09-25,3,7.0,2025-09-22T09:31:00-04:00,7.000000000000028,NDXP  250925P24800000,NDXP  250925P24790000,validation,False,False,0,0,0,121,0,1483,available,False,2025-09-22T09:31:00-04:00,2025-09-25T16:00:00-04:00,7.949999999999989,-2152.9599999999195,0.0,last_observed_quote_not_settlement,1036.0,829,118,6.849999999999994,47.04000000006892,2025-09-22T09:32:00-04:00,0.0,6.799999999999983,147.04000000009165,2025-09-22T09:33:00-04:00,0.0,7.400000000000006,-1052.9599999999539,2025-09-22T09:36:00-04:00,0.0,7.149999999999977,-552.959999999897,2025-09-22T09:41:00-04:00,0.0,7.0,-252.95999999994245,2025-09-22T09:46:00-04:00,0.0,6.75,247.04000000005752,2025-09-22T10:01:00-04:00,0.0,5.199999999999989,3347.0400000000805,2025-09-22T10:31:00-04:00,0.0,5.550000000000011,2647.040000000035,2025-09-22T11:31:00-04:00,0.0,4.400000000000006,4947.040000000046,2025-09-22T16:00:00-04:00,0.0,7.949999999999989,-2152.9599999999195,2025-09-23T16:00:00-04:00,0.0,,,2025-09-24T15:59:00-04:00,60.0,7.949999999999989,-2152.9599999999195,2025-09-25T16:00:00-04:00,0.0,29.0,hit,29.0,hit,29.0,hit,1610.0,hit,,never_hit,,never_hit,,never_hit,51.0,hit,56.0,hit,0.0,hit,51.0,hit,1665.0,hit,2918.0,hit,8.899999999999977,59,True,True,False,False,,,,True,True,True,False,4.350000000000051,,,True,True,True,False,4.350000000000051,,,True,True,True,False,4.350000000000051,1610.0,2025-09-23T12:21:00-04:00,2.8999999999999773,7947.040000000103,,,,,,,,,1611.0,2025-09-23T12:22:00-04:00,4.349999999999994,5047.040000000069,,,,,,,,,,,,,,,,,,,,,,,,,,,,,,,,,,,,,,,,,,,,,,,,,2921
2025-09-23,2025-09-25,2,5.0,2025-09-23T09:31:00-04:00,4.950000000000003,NDXP  250925P24790000,NDXP  250925P24780000,validation,False,False,0,0,1,98,0,1100,available,False,2025-09-23T09:31:00-04:00,2025-09-25T15:59:00-04:00,10.0,-10252.959999999994,1.0,last_observed_quote_not_settlement,1036.0,986,61,4.75,147.0400000000064,2025-09-23T09:32:00-04:00,0.0,5.0,-352.9599999999936,2025-09-23T09:33:00-04:00,0.0,5.049999999999997,-452.95999999998793,2025-09-23T09:36:00-04:00,0.0,5.149999999999977,-652.9599999999482,2025-09-23T09:41:00-04:00,0.0,5.900000000000006,-2152.960000000005,2025-09-23T09:46:00-04:00,0.0,5.5,-1352.9599999999937,2025-09-23T10:01:00-04:00,0.0,7.199999999999989,-4752.959999999971,2025-09-23T10:31:00-04:00,0.0,5.650000000000006,-1652.960000000005,2025-09-23T11:31:00-04:00,0.0,7.599999999999994,-5552.959999999982,2025-09-23T16:00:00-04:00,0.0,8.800000000000011,-7952.960000000018,2025-09-24T16:00:00-04:00,0.0,,,2025-09-25T15:59:00-04:00,60.0,,,,,0.0,hit,0.0,hit,11.0,hit,,never_hit,,never_hit,,never_hit,,never_hit,12.0,hit,26.0,hit,44.0,hit,179.0,hit,394.0,hit,394.0,hit,,,True,True,True,False,1.8999999999999915,,,True,True,True,False,1.8999999999999915,,,True,True,True,False,1.8999999999999915,,,True,True,True,False,1.8999999999999915,,,,,,,,,,,,,,,,,,,,,,,,,,,,,,,,,,,,,,,,,,,,,,,,,,,,,,,,,,,,,,,,,2922
2025-09-23,2025-09-25,2,6.0,2025-09-23T09:31:00-04:00,5.800000000000011,NDXP  250925P24860000,NDXP  250925P24850000,validation,False,False,0,0,0,115,0,1084,available,False,2025-09-23T09:31:00-04:00,2025-09-25T16:00:00-04:00,6.850000000000023,-2352.960000000022,0.0,last_observed_quote_not_settlement,1036.0,938,66,7.650000000000006,-3952.9599999999878,2025-09-23T09:32:00-04:00,0.0,6.749999999999972,-2152.9599999999195,2025-09-23T09:33:00-04:00,0.0,6.5,-1652.9599999999766,2025-09-23T09:36:00-04:00,0.0,4.050000000000011,3247.040000000001,2025-09-23T09:41:00-04:00,0.0,6.900000000000006,-2452.9599999999878,2025-09-23T09:46:00-04:00,0.0,7.0,-2652.9599999999764,2025-09-23T10:01:00-04:00,0.0,7.800000000000011,-4252.959999999999,2025-09-23T10:31:00-04:00,0.0,6.400000000000006,-1452.959999999988,2025-09-23T11:31:00-04:00,0.0,8.600000000000023,-5852.960000000024,2025-09-23T16:00:00-04:00,0.0,10.0,-8552.959999999975,2025-09-24T16:00:00-04:00,0.0,6.850000000000023,-2352.960000000022,2025-09-25T16:00:00-04:00,0.0,,,,,7.0,hit,9.0,hit,,never_hit,,never_hit,,never_hit,,never_hit,,never_hit,1.0,hit,1.0,hit,1.0,hit,6.0,hit,39.0,hit,106.0,hit,,,True,True,True,False,1.75,,,True,True,True,False,1.75,,,True,True,True,False,1.75,,,True,True,True,False,1.75,,,,,,,,,,,,,,,,,,,,,,,,,,,,,,,,,,,,,,,,,,,,,,,,,,,,,,,,,,,,,,,,,2923
2025-09-23,2025-09-25,2,7.0,2025-09-23T09:31:00-04:00,7.050000000000011,NDXP  250925P24910000,NDXP  250925P24900000,validation,False,False,0,0,0,211,0,988,available,False,2025-09-23T09:31:00-04:00,2025-09-25T16:00:00-04:00,9.999999999999943,-6052.959999999977,0.0,last_observed_quote_not_settlement,1037.0,824,28,6.950000000000017,-52.96000000001066,2025-09-23T09:32:00-04:00,0.0,6.899999999999977,47.04000000006892,2025-09-23T09:33:00-04:00,0.0,7.099999999999994,-352.9599999999652,2025-09-23T09:36:00-04:00,0.0,,,2025-09-23T09:40:00-04:00,60.0,7.600000000000023,-1352.960000000022,2025-09-23T09:46:00-04:00,0.0,8.099999999999994,-2352.959999999967,2025-09-23T10:01:00-04:00,0.0,7.899999999999977,-1952.9599999999311,2025-09-23T10:31:00-04:00,0.0,8.5,-3152.959999999978,2025-09-23T11:31:00-04:00,0.0,8.699999999999932,-3552.959999999842,2025-09-23T16:00:00-04:00,0.0,9.550000000000068,-5252.960000000115,2025-09-24T16:00:00-04:00,0.0,9.999999999999943,-6052.959999999977,2025-09-25T16:00:00-04:00,0.0,,,,,108.0,hit,201.0,hit,,never_hit,,never_hit,,never_hit,,never_hit,,never_hit,3.0,hit,7.0,hit,0.0,hit,7.0,hit,7.0,hit,73.0,hit,,,True,True,True,False,2.6500000000000057,,,True,True,True,False,2.6500000000000057,,,True,True,True,False,2.6500000000000057,,,True,True,True,False,2.6500000000000057,,,,,,,,,,,,,,,,,,,,,,,,,,,,,,,,,,,,,,,,,,,,,,,,,,,,,,,,,,,,,,,,,2924
2025-09-23,2025-09-26,3,5.0,2025-09-23T09:31:00-04:00,5.050000000000011,NDXP  250926P25200000,NDXP  250926P25190000,validation,False,False,0,0,0,237,0,1366,available,False,2025-09-23T09:31:00-04:00,2025-09-26T16:00:00-04:00,5.149999999999977,-452.9599999999311,0.0,last_observed_quote_not_settlement,1038.0,1185,5,9.25,-8652.959999999977,2025-09-23T09:32:00-04:00,0.0,9.199999999999989,-8552.959999999955,2025-09-23T09:33:00-04:00,0.0,9.299999999999955,-8752.959999999886,2025-09-23T09:36:00-04:00,0.0,8.799999999999955,-7752.959999999887,2025-09-23T09:41:00-04:00,0.0,9.849999999999966,-9852.95999999991,2025-09-23T09:46:00-04:00,0.0,9.449999999999989,-9052.959999999955,2025-09-23T10:01:00-04:00,0.0,9.399999999999977,-8952.959999999932,2025-09-23T10:31:00-04:00,0.0,9.449999999999989,-9052.959999999955,2025-09-23T11:31:00-04:00,0.0,9.800000000000068,-9752.960000000114,2025-09-23T16:00:00-04:00,0.0,10.0,-10052.959999999975,2025-09-24T16:00:00-04:00,0.0,10.0,-10052.959999999975,2025-09-25T16:00:00-04:00,0.0,5.149999999999977,-452.9599999999311,2025-09-26T16:00:00-04:00,0.0,0.0,hit,2886.0,hit,2977.0,hit,2977.0,hit,2977.0,hit,,never_hit,,never_hit,1.0,hit,1.0,hit,1.0,hit,1.0,hit,1.0,hit,9.0,hit,10.0,709,True,True,True,True,,10.0,709,True,True,True,True,,,,True,True,True,False,3.3500000000000796,,,True,True,True,False,3.3500000000000796,2977.0,2025-09-25T11:08:00-04:00,1.6999999999999318,6447.04000000016,,,,,,,,,2978.0,2025-09-25T11:09:00-04:00,10.0,-10052.959999999975,2977.0,2025-09-25T11:08:00-04:00,1.6999999999999318,6447.04000000016,,,,,,,,,2978.0,2025-09-25T11:09:00-04:00,10.0,-10052.959999999975,,,,,,,,,,,,,,,,,,,,,,,,,,,,,,,,,2925
2025-09-23,2025-09-26,3,6.0,2025-09-23T09:31:00-04:00,5.899999999999977,NDXP  250926P25660000,NDXP  250926P25650000,validation,False,False,0,0,0,167,0,1434,available,False,2025-09-23T09:31:00-04:00,2025-09-26T16:00:00-04:00,0.6999999999998181,10147.04000000032,0.0,last_observed_quote_not_settlement,1037.0,1307,12,,,2025-09-23T09:31:00-04:00,60.0,10.0,-8352.960000000045,2025-09-23T09:33:00-04:00,0.0,9.950000000000045,-8352.960000000045,2025-09-23T09:36:00-04:00,0.0,8.549999999999955,-5552.9599999999555,2025-09-23T09:41:00-04:00,0.0,10.0,-8352.960000000045,2025-09-23T09:46:00-04:00,0.0,9.5,-7452.960000000046,2025-09-23T10:01:00-04:00,0.0,10.0,-8352.960000000045,2025-09-23T10:31:00-04:00,0.0,9.200000000000045,-6852.960000000137,2025-09-23T11:31:00-04:00,0.0,9.950000000000045,-8352.960000000045,2025-09-23T16:00:00-04:00,0.0,10.0,-8352.960000000045,2025-09-24T16:00:00-04:00,0.0,10.0,-8352.960000000045,2025-09-25T16:00:00-04:00,0.0,0.6999999999998181,10147.04000000032,2025-09-26T16:00:00-04:00,0.0,1595.0,hit,1595.0,hit,1595.0,hit,2977.0,hit,3111.0,hit,3111.0,hit,,never_hit,2.0,hit,2.0,hit,2.0,hit,2.0,hit,2.0,hit,2.0,hit,10.0,717,True,True,True,True,,10.0,839,True,True,True,True,,10.0,839,True,True,True,True,,,,True,True,True,False,5.349999999999795,2977.0,2025-09-25T11:08:00-04:00,2.550000000000182,6447.039999999592,3125.0,2025-09-25T13:36:00-04:00,2.4500000000000455,6647.039999999864,,,,,2978.0,2025-09-25T11:09:00-04:00,10.0,-8352.960000000045,3111.0,2025-09-25T13:22:00-04:00,0.5500000000001819,10447.039999999592,,,,,,,,,3112.0,2025-09-25T13:23:00-04:00,8.200000000000045,-4852.960000000137,3111.0,2025-09-25T13:22:00-04:00,0.5500000000001819,10447.039999999592,,,,,,,,,3112.0,2025-09-25T13:23:00-04:00,8.200000000000045,-4852.960000000137,,,,,,,,,,,,,,,,,2926
2025-09-23,2025-09-26,3,7.0,2025-09-23T09:31:00-04:00,7.0,NDXP  250926P24870000,NDXP  250926P24860000,validation,False,False,0,0,0,169,0,1433,available,False,2025-09-23T09:31:00-04:00,2025-09-26T16:00:00-04:00,4.75,4247.040000000001,0.0,last_observed_quote_not_settlement,1036.0,1103,69,5.750000000000028,2247.039999999944,2025-09-23T09:32:00-04:00,0.0,5.449999999999989,2847.0400000000236,2025-09-23T09:33:00-04:00,0.0,5.849999999999994,2047.0400000000122,2025-09-23T09:36:00-04:00,0.0,6.25,1247.0400000000006,2025-09-23T09:41:00-04:00,0.0,6.300000000000011,1147.039999999978,2025-09-23T09:46:00-04:00,0.0,6.550000000000011,647.0399999999779,2025-09-23T10:01:00-04:00,0.0,4.800000000000011,4147.039999999978,2025-09-23T10:31:00-04:00,0.0,5.400000000000006,2947.0399999999895,2025-09-23T11:31:00-04:00,0.0,7.800000000000011,-1852.960000000022,2025-09-23T16:00:00-04:00,0.0,9.349999999999966,-4952.959999999933,2025-09-24T16:00:00-04:00,0.0,9.899999999999977,-6052.9599999999555,2025-09-25T16:00:00-04:00,0.0,4.75,4247.040000000001,2025-09-26T16:00:00-04:00,0.0,2.0,hit,8.0,hit,3063.0,hit,3063.0,hit,3063.0,hit,,never_hit,,never_hit,23.0,hit,45.0,hit,0.0,hit,45.0,hit,110.0,hit,139.0,hit,10.0,690,True,True,True,True,,10.0,690,True,True,True,True,,,,True,True,True,False,5.7000000000000455,,,True,True,True,False,5.7000000000000455,3063.0,2025-09-25T12:34:00-04:00,1.2999999999999545,11147.040000000092,,,,,,,,,3064.0,2025-09-25T12:35:00-04:00,9.249999999999943,-4752.959999999887,3063.0,2025-09-25T12:34:00-04:00,1.2999999999999545,11147.040000000092,,,,,,,,,3064.0,2025-09-25T12:35:00-04:00,9.249999999999943,-4752.959999999887,,,,,,,,,,,,,,,,,,,,,,,,,,,,,,,,,2927
2025-09-24,2025-09-26,2,5.0,2025-09-24T09:31:00-04:00,4.949999999999989,NDXP  250926P24690000,NDXP  250926P24680000,validation,False,False,0,0,0,110,0,1089,available,False,2025-09-24T09:31:00-04:00,2025-09-26T16:00:00-04:00,9.649999999999977,-9652.959999999977,0.0,last_observed_quote_not_settlement,1036.0,991,30,5.100000000000023,-552.9600000000676,2025-09-24T09:32:00-04:00,0.0,5.050000000000011,-452.9600000000448,2025-09-24T09:33:00-04:00,0.0,5.300000000000011,-952.9600000000448,2025-09-24T09:36:00-04:00,0.0,5.449999999999989,-1252.9599999999994,2025-09-24T09:41:00-04:00,0.0,4.100000000000023,1447.0399999999324,2025-09-24T09:46:00-04:00,0.0,5.600000000000023,-1552.9600000000676,2025-09-24T10:01:00-04:00,0.0,6.0,-2352.960000000022,2025-09-24T10:31:00-04:00,0.0,6.649999999999977,-3652.9599999999764,2025-09-24T11:31:00-04:00,0.0,7.050000000000011,-4452.960000000045,2025-09-24T16:00:00-04:00,0.0,9.400000000000034,-9152.960000000092,2025-09-25T16:00:00-04:00,0.0,9.649999999999977,-9652.959999999977,2025-09-26T16:00:00-04:00,0.0,,,,,0.0,hit,0.0,hit,58.0,hit,58.0,hit,240.0,hit,240.0,hit,240.0,hit,4.0,hit,4.0,hit,8.0,hit,128.0,hit,291.0,hit,291.0,hit,7.250000000000028,51,True,False,False,False,,8.950000000000017,227,True,True,False,False,,8.950000000000017,227,True,True,False,False,,8.950000000000017,227,True,True,False,False,,58.0,2025-09-24T10:29:00-04:00,2.9000000000000057,3847.0399999999668,245.0,2025-09-24T13:36:00-04:00,2.8999999999999773,3847.0400000000236,,,,,59.0,2025-09-24T10:30:00-04:00,5.600000000000023,-1552.9600000000676,240.0,2025-09-24T13:31:00-04:00,0.0,9647.039999999979,,,,,,,,,241.0,2025-09-24T13:32:00-04:00,6.900000000000034,-4152.96000000009,240.0,2025-09-24T13:31:00-04:00,0.0,9647.039999999979,,,,,,,,,241.0,2025-09-24T13:32:00-04:00,6.900000000000034,-4152.96000000009,240.0,2025-09-24T13:31:00-04:00,0.0,9647.039999999979,,,,,,,,,241.0,2025-09-24T13:32:00-04:00,6.900000000000034,-4152.96000000009,2928
2025-09-24,2025-09-26,2,6.0,2025-09-24T09:31:00-04:00,6.050000000000011,NDXP  250926P24770000,NDXP  250926P24760000,validation,False,False,0,0,3,101,0,1095,available,False,2025-09-24T09:31:00-04:00,2025-09-26T15:59:00-04:00,10.0,-8052.959999999977,1.0,last_observed_quote_not_settlement,1037.0,992,23,6.550000000000011,-1252.9599999999994,2025-09-24T09:32:00-04:00,0.0,6.099999999999994,-352.9599999999652,2025-09-24T09:33:00-04:00,0.0,5.300000000000011,1247.0400000000006,2025-09-24T09:36:00-04:00,0.0,6.350000000000023,-852.9600000000221,2025-09-24T09:41:00-04:00,0.0,6.650000000000034,-1452.9600000000448,2025-09-24T09:46:00-04:00,0.0,7.150000000000006,-2452.9599999999878,2025-09-24T10:01:00-04:00,0.0,7.25,-2652.9599999999764,2025-09-24T10:31:00-04:00,0.0,7.349999999999994,-2852.959999999965,2025-09-24T11:31:00-04:00,0.0,8.199999999999989,-4552.9599999999555,2025-09-24T16:00:00-04:00,0.0,9.800000000000011,-7752.960000000001,2025-09-25T16:00:00-04:00,0.0,,,2025-09-26T15:59:00-04:00,60.0,,,,,5.0,hit,35.0,hit,35.0,hit,45.0,hit,1691.0,hit,1691.0,hit,,never_hit,1.0,hit,6.0,hit,6.0,hit,34.0,hit,134.0,hit,201.0,hit,8.0,37,True,True,False,False,,9.949999999999989,585,True,True,True,True,,9.949999999999989,585,True,True,True,True,,,,True,True,True,False,5.400000000000034,45.0,2025-09-24T10:16:00-04:00,2.8499999999999943,6147.0400000000345,,,,,,,,,46.0,2025-09-24T10:17:00-04:00,6.699999999999989,-1552.9599999999539,1691.0,2025-09-25T13:42:00-04:00,0.6499999999999773,10547.04000000007,,,,,,,,,1692.0,2025-09-25T13:43:00-04:00,9.349999999999966,-6852.95999999991,1691.0,2025-09-25T13:42:00-04:00,0.6499999999999773,10547.04000000007,,,,,,,,,1692.0,2025-09-25T13:43:00-04:00,9.349999999999966,-6852.95999999991,,,,,,,,,,,,,,,,,2929
2025-09-24,2025-09-26,2,7.0,2025-09-24T09:31:00-04:00,7.049999999999983,NDXP  250926P24830000,NDXP  250926P24820000,validation,False,False,0,0,3,157,0,1039,available,False,2025-09-24T09:31:00-04:00,2025-09-26T16:00:00-04:00,10.0,-6052.960000000034,0.0,last_observed_quote_not_settlement,1036.0,900,37,7.149999999999977,-452.95999999998793,2025-09-24T09:32:00-04:00,0.0,6.9500000000000455,-52.960000000124346,2025-09-24T09:33:00-04:00,0.0,7.300000000000011,-752.9600000000562,2025-09-24T09:36:00-04:00,0.0,7.25,-652.9600000000335,2025-09-24T09:41:00-04:00,0.0,7.399999999999977,-952.959999999988,2025-09-24T09:46:00-04:00,0.0,7.800000000000011,-1752.9600000000562,2025-09-24T10:01:00-04:00,0.0,7.75,-1652.9600000000335,2025-09-24T10:31:00-04:00,0.0,8.100000000000023,-2352.9600000000805,2025-09-24T11:31:00-04:00,0.0,8.899999999999977,-3952.9599999999896,2025-09-24T16:00:00-04:00,0.0,,,2025-09-25T15:58:00-04:00,120.0,10.0,-6052.960000000034,2025-09-26T16:00:00-04:00,0.0,,,,,29.0,hit,29.0,hit,29.0,hit,,never_hit,,never_hit,,never_hit,,never_hit,7.0,hit,45.0,hit,0.0,hit,45.0,hit,149.0,hit,155.0,hit,,,True,True,True,False,3.700000000000017,,,True,True,True,False,3.700000000000017,,,True,True,True,False,3.700000000000017,,,True,True,True,False,3.700000000000017,,,,,,,,,,,,,,,,,,,,,,,,,,,,,,,,,,,,,,,,,,,,,,,,,,,,,,,,,,,,,,,,,2930
2025-09-26,2025-09-29,3,5.0,2025-09-26T09:31:00-04:00,5.099999999999994,NDXP  250929P24430000,NDXP  250929P24420000,validation,False,False,0,0,15,12,0,761,available,False,2025-09-26T09:31:00-04:00,2025-09-29T15:54:00-04:00,0.0,9947.03999999999,6.0,last_observed_quote_not_settlement,3916.0,89,28,4.349999999999994,1247.0400000000006,2025-09-26T09:32:00-04:00,0.0,3.75,2447.0399999999895,2025-09-26T09:33:00-04:00,0.0,3.6499999999999915,2647.0400000000063,2025-09-26T09:36:00-04:00,0.0,4.0,1947.0399999999893,2025-09-26T09:41:00-04:00,0.0,4.199999999999989,1547.040000000012,2025-09-26T09:46:00-04:00,0.0,3.549999999999983,2847.0400000000236,2025-09-26T10:01:00-04:00,0.0,5.700000000000017,-1452.9600000000448,2025-09-26T10:31:00-04:00,0.0,4.650000000000006,647.0399999999779,2025-09-26T11:31:00-04:00,0.0,2.8499999999999943,4247.040000000001,2025-09-26T16:00:00-04:00,0.0,,,2025-09-26T16:15:00-04:00,85500.0,,,2025-09-26T16:15:00-04:00,171900.0,,,2025-09-29T15:54:00-04:00,360.0,0.0,hit,1.0,hit,2.0,hit,51.0,hit,4320.0,hit,4320.0,hit,4325.0,hit,54.0,hit,385.0,hit,385.0,hit,,never_hit,,never_hit,,never_hit,5.399999999999977,3,False,False,False,False,,7.050000000000004,89,True,False,False,False,,7.050000000000004,89,True,False,False,False,,7.050000000000004,89,True,False,False,False,,51.0,2025-09-26T10:22:00-04:00,2.700000000000017,4547.039999999955,311.0,2025-09-26T14:42:00-04:00,2.8999999999999986,4147.039999999992,356.0,2025-09-26T15:27:00-04:00,2.8000000000000043,4347.039999999981,52.0,2025-09-26T10:23:00-04:00,5.25,-552.9600000000107,4320.0,2025-09-29T09:31:00-04:00,0.8500000000000014,8247.039999999988,4321.0,2025-09-29T09:32:00-04:00,0.7000000000000011,8547.039999999988,4322.0,2025-09-29T09:33:00-04:00,0.6499999999999995,8647.039999999992,4321.0,2025-09-29T09:32:00-04:00,0.7000000000000011,8547.039999999988,4320.0,2025-09-29T09:31:00-04:00,0.8500000000000014,8247.039999999988,4321.0,2025-09-29T09:32:00-04:00,0.7000000000000011,8547.039999999988,4322.0,2025-09-29T09:33:00-04:00,0.6499999999999995,8647.039999999992,4321.0,2025-09-29T09:32:00-04:00,0.7000000000000011,8547.039999999988,4332.0,2025-09-29T09:43:00-04:00,0.39999999999999947,9147.039999999992,4333.0,2025-09-29T09:44:00-04:00,0.40000000000000036,9147.03999999999,4334.0,2025-09-29T09:45:00-04:00,0.34999999999999964,9247.039999999992,4333.0,2025-09-29T09:44:00-04:00,0.40000000000000036,9147.03999999999,2931
2025-09-26,2025-09-29,3,6.0,2025-09-26T09:31:00-04:00,5.849999999999994,NDXP  250929P24500000,NDXP  250929P24490000,validation,False,False,0,0,11,1,0,780,available,False,2025-09-26T09:31:00-04:00,2025-09-29T15:55:00-04:00,0.0,11447.03999999999,5.0,last_observed_quote_not_settlement,3916.0,107,34,5.75,-52.96000000001066,2025-09-26T09:32:00-04:00,0.0,5.400000000000006,647.0399999999779,2025-09-26T09:33:00-04:00,0.0,5.0,1447.0399999999893,2025-09-26T09:36:00-04:00,0.0,5.199999999999989,1047.040000000012,2025-09-26T09:41:00-04:00,0.0,4.950000000000017,1547.0399999999552,2025-09-26T09:46:00-04:00,0.0,4.299999999999997,2847.039999999995,2025-09-26T10:01:00-04:00,0.0,,,2025-09-26T10:30:00-04:00,60.0,5.999999999999972,-552.9599999999539,2025-09-26T11:31:00-04:00,0.0,3.950000000000003,3547.0399999999836,2025-09-26T16:00:00-04:00,0.0,,,2025-09-26T16:15:00-04:00,85500.0,,,2025-09-26T16:15:00-04:00,171900.0,,,2025-09-29T15:55:00-04:00,300.0,2.0,hit,3.0,hit,51.0,hit,58.0,hit,58.0,hit,385.0,hit,4337.0,hit,43.0,hit,55.0,hit,56.0,hit,61.0,hit,61.0,hit,,never_hit,7.099999999999994,16,True,False,False,False,,7.099999999999994,16,True,False,False,False,,9.450000000000017,107,True,True,True,True,,9.450000000000017,107,True,True,True,True,,58.0,2025-09-26T10:29:00-04:00,1.9000000000000057,7647.039999999978,4321.0,2025-09-29T09:32:00-04:00,1.25,8947.03999999999,4322.0,2025-09-29T09:33:00-04:00,1.200000000000001,9047.039999999988,59.0,2025-09-26T10:30:00-04:00,5.9500000000000455,-452.9600000001016,58.0,2025-09-26T10:29:00-04:00,1.9000000000000057,7647.039999999978,4321.0,2025-09-29T09:32:00-04:00,1.25,8947.03999999999,4322.0,2025-09-29T09:33:00-04:00,1.200000000000001,9047.039999999988,59.0,2025-09-26T10:30:00-04:00,5.9500000000000455,-452.9600000001016,385.0,2025-09-26T15:56:00-04:00,0.75,9947.03999999999,4331.0,2025-09-29T09:42:00-04:00,0.9000000000000004,9647.03999999999,4332.0,2025-09-29T09:43:00-04:00,0.8499999999999996,9747.039999999992,386.0,2025-09-26T15:57:00-04:00,4.400000000000006,2647.039999999978,4341.0,2025-09-29T09:52:00-04:00,0.40000000000000036,10647.03999999999,4357.0,2025-09-29T10:08:00-04:00,0.35000000000000053,10747.03999999999,4358.0,2025-09-29T10:09:00-04:00,0.40000000000000036,10647.03999999999,4342.0,2025-09-29T09:53:00-04:00,0.5,10447.03999999999,2932
2025-09-26,2025-09-29,3,7.0,2025-09-26T09:31:00-04:00,7.050000000000011,NDXP  250929P24570000,NDXP  250929P24560000,validation,False,False,0,0,1,5,0,787,available,False,2025-09-26T09:31:00-04:00,2025-09-29T15:57:00-04:00,0.025000000000000022,13797.040000000023,3.0,last_observed_quote_not_settlement,3916.0,114,43,6.850000000000023,147.03999999997797,2025-09-26T09:32:00-04:00,0.0,6.0,1847.0400000000234,2025-09-26T09:33:00-04:00,0.0,6.400000000000006,1047.040000000012,2025-09-26T09:36:00-04:00,0.0,6.449999999999989,947.0400000000461,2025-09-26T09:41:00-04:00,0.0,6.349999999999994,1147.0400000000348,2025-09-26T09:46:00-04:00,0.0,5.450000000000017,2947.0399999999895,2025-09-26T10:01:00-04:00,0.0,7.649999999999977,-1452.9599999999311,2025-09-26T10:31:00-04:00,0.0,7.550000000000011,-1252.9599999999994,2025-09-26T11:31:00-04:00,0.0,8.950000000000017,-4052.9600000000123,2025-09-26T16:00:00-04:00,0.0,,,2025-09-26T16:15:00-04:00,85500.0,,,2025-09-26T16:15:00-04:00,171900.0,,,2025-09-29T15:57:00-04:00,180.0,8.0,hit,47.0,hit,47.0,hit,47.0,hit,47.0,hit,144.0,hit,144.0,hit,37.0,hit,37.0,hit,0.0,hit,37.0,hit,151.0,hit,,never_hit,8.150000000000006,7,True,True,False,False,,8.150000000000006,7,True,True,False,False,,8.899999999999977,85,True,True,False,False,,8.899999999999977,85,True,True,False,False,,47.0,2025-09-26T10:18:00-04:00,1.7500000000000284,10347.039999999968,145.0,2025-09-26T11:56:00-04:00,0.25,13347.040000000025,146.0,2025-09-26T11:57:00-04:00,0.25,13347.040000000025,48.0,2025-09-26T10:19:00-04:00,7.399999999999977,-952.9599999999311,47.0,2025-09-26T10:18:00-04:00,1.7500000000000284,10347.039999999968,145.0,2025-09-26T11:56:00-04:00,0.25,13347.040000000025,146.0,2025-09-26T11:57:00-04:00,0.25,13347.040000000025,48.0,2025-09-26T10:19:00-04:00,7.399999999999977,-952.9599999999311,144.0,2025-09-26T11:55:00-04:00,0.3499999999999943,13147.040000000035,145.0,2025-09-26T11:56:00-04:00,0.25,13347.040000000025,146.0,2025-09-26T11:57:00-04:00,0.25,13347.040000000025,145.0,2025-09-26T11:56:00-04:00,0.25,13347.040000000025,144.0,2025-09-26T11:55:00-04:00,0.3499999999999943,13147.040000000035,145.0,2025-09-26T11:56:00-04:00,0.25,13347.040000000025,146.0,2025-09-26T11:57:00-04:00,0.25,13347.040000000025,145.0,2025-09-26T11:56:00-04:00,0.25,13347.040000000025,2933
2025-09-29,2025-10-01,2,5.0,2025-09-29T09:31:00-04:00,5.0,NDXP  251001P24700000,NDXP  251001P24690000,validation,False,False,0,0,2,2,0,1190,available,False,2025-09-29T09:31:00-04:00,2025-10-01T15:57:00-04:00,0.0,9747.04,3.0,last_observed_quote_not_settlement,1036.0,731,112,4.900000000000006,-52.96000000001066,2025-09-29T09:32:00-04:00,0.0,4.400000000000006,947.0399999999893,2025-09-29T09:33:00-04:00,0.0,5.050000000000011,-352.96000000002203,2025-09-29T09:36:00-04:00,0.0,5.0,-252.9599999999993,2025-09-29T09:41:00-04:00,0.0,4.349999999999994,1047.040000000012,2025-09-29T09:46:00-04:00,0.0,4.200000000000017,1347.0399999999665,2025-09-29T10:01:00-04:00,0.0,3.9000000000000057,1947.0399999999893,2025-09-29T10:31:00-04:00,0.0,5.199999999999989,-652.9599999999766,2025-09-29T11:31:00-04:00,0.0,5.899999999999977,-2052.9599999999537,2025-09-29T16:00:00-04:00,0.0,4.6499999999999915,447.04000000001776,2025-09-30T16:00:00-04:00,0.0,,,2025-10-01T15:57:00-04:00,180.0,,,,,0.0,hit,0.0,hit,19.0,hit,158.0,hit,3092.0,hit,3114.0,hit,3150.0,hit,59.0,hit,59.0,hit,157.0,hit,212.0,hit,1610.0,hit,1610.0,hit,7.149999999999977,47,True,False,False,False,,9.75,731,True,True,True,True,,9.75,731,True,True,True,True,,9.75,731,True,True,True,True,,158.0,2025-09-29T12:09:00-04:00,2.9000000000000057,3947.0399999999895,3031.0,2025-10-01T12:02:00-04:00,2.8999999999999986,3947.0400000000036,3032.0,2025-10-01T12:03:00-04:00,2.799999999999997,4147.040000000006,159.0,2025-09-29T12:10:00-04:00,5.400000000000006,-1052.9600000000107,3092.0,2025-10-01T13:03:00-04:00,1.75,6247.040000000001,3093.0,2025-10-01T13:04:00-04:00,1.549999999999999,6647.040000000003,3094.0,2025-10-01T13:05:00-04:00,1.5500000000000007,6647.039999999999,3093.0,2025-10-01T13:04:00-04:00,1.549999999999999,6647.040000000003,3116.0,2025-10-01T13:27:00-04:00,0.9000000000000004,7947.04,3117.0,2025-10-01T13:28:00-04:00,0.8999999999999995,7947.040000000002,3118.0,2025-10-01T13:29:00-04:00,0.7000000000000002,8347.04,3117.0,2025-10-01T13:28:00-04:00,0.8999999999999995,7947.040000000002,3150.0,2025-10-01T14:01:00-04:00,0.4249999999999998,8897.040000000003,3155.0,2025-10-01T14:06:00-04:00,0.40000000000000036,8947.04,3156.0,2025-10-01T14:07:00-04:00,0.40000000000000036,8947.04,3151.0,2025-10-01T14:02:00-04:00,0.4500000000000002,8847.04,2934
2025-09-29,2025-10-01,2,6.0,2025-09-29T09:31:00-04:00,6.050000000000011,NDXP  251001P24770000,NDXP  251001P24760000,validation,False,False,0,0,2,4,0,1190,available,False,2025-09-29T09:31:00-04:00,2025-10-01T15:57:00-04:00,0.0,11847.040000000025,3.0,last_observed_quote_not_settlement,1036.0,834,109,6.099999999999966,-352.95999999990835,2025-09-29T09:32:00-04:00,0.0,6.400000000000006,-952.959999999988,2025-09-29T09:33:00-04:00,0.0,5.849999999999994,147.0400000000348,2025-09-29T09:36:00-04:00,0.0,5.400000000000006,1047.040000000012,2025-09-29T09:41:00-04:00,0.0,5.5,847.0400000000234,2025-09-29T09:46:00-04:00,0.0,4.75,2347.0400000000236,2025-09-29T10:01:00-04:00,0.0,4.900000000000006,2047.0400000000122,2025-09-29T10:31:00-04:00,0.0,6.300000000000011,-752.9599999999994,2025-09-29T11:31:00-04:00,0.0,7.100000000000023,-2352.960000000022,2025-09-29T16:00:00-04:00,0.0,7.900000000000006,-3952.9599999999878,2025-09-30T16:00:00-04:00,0.0,,,2025-10-01T15:57:00-04:00,180.0,,,,,10.0,hit,17.0,hit,98.0,hit,3158.0,hit,3175.0,hit,3212.0,hit,3243.0,hit,3.0,hit,14.0,hit,14.0,hit,167.0,hit,321.0,hit,1508.0,hit,10.0,834,True,True,True,True,,10.0,834,True,True,True,True,,10.0,834,True,True,True,True,,10.0,834,True,True,True,True,,3159.0,2025-10-01T14:10:00-04:00,2.6999999999999993,6447.0400000000245,3160.0,2025-10-01T14:11:00-04:00,2.75,6347.040000000024,3164.0,2025-10-01T14:15:00-04:00,2.4499999999999993,6947.0400000000245,3160.0,2025-10-01T14:11:00-04:00,2.75,6347.040000000024,3175.0,2025-10-01T14:26:00-04:00,1.75,8347.040000000025,3176.0,2025-10-01T14:27:00-04:00,1.75,8347.040000000025,3185.0,2025-10-01T14:36:00-04:00,1.5,8847.040000000025,3176.0,2025-10-01T14:27:00-04:00,1.75,8347.040000000025,3212.0,2025-10-01T15:03:00-04:00,0.8999999999999995,10047.040000000025,3215.0,2025-10-01T15:06:00-04:00,0.8749999999999996,10097.040000000025,3216.0,2025-10-01T15:07:00-04:00,0.8250000000000002,10197.040000000025,3213.0,2025-10-01T15:04:00-04:00,1.0,9847.040000000025,3244.0,2025-10-01T15:35:00-04:00,0.32499999999999996,11197.040000000025,3259.0,2025-10-01T15:50:00-04:00,0.42500000000000004,10997.040000000025,3260.0,2025-10-01T15:51:00-04:00,0.32500000000000007,11197.040000000025,3245.0,2025-10-01T15:36:00-04:00,0.5,10847.040000000025,2935
2025-09-29,2025-10-01,2,7.0,2025-09-29T09:31:00-04:00,7.0,NDXP  251001P24750000,NDXP  251001P24740000,validation,False,False,0,0,2,2,0,1191,available,False,2025-09-29T09:31:00-04:00,2025-10-01T15:57:00-04:00,0.025000000000000022,13697.04,3.0,last_observed_quote_not_settlement,1036.0,517,207,5.75,2247.040000000001,2025-09-29T09:32:00-04:00,0.0,5.100000000000023,3547.0399999999554,2025-09-29T09:33:00-04:00,0.0,6.149999999999977,1447.0400000000461,2025-09-29T09:36:00-04:00,0.0,5.949999999999989,1847.0400000000234,2025-09-29T09:41:00-04:00,0.0,4.800000000000011,4147.039999999978,2025-09-29T09:46:00-04:00,0.0,4.850000000000023,4047.0399999999554,2025-09-29T10:01:00-04:00,0.0,4.549999999999997,4647.040000000006,2025-09-29T10:31:00-04:00,0.0,5.700000000000017,2347.0399999999668,2025-09-29T11:31:00-04:00,0.0,5.849999999999994,2047.0400000000122,2025-09-29T16:00:00-04:00,0.0,7.150000000000006,-552.9600000000107,2025-09-30T16:00:00-04:00,0.0,,,2025-10-01T15:57:00-04:00,180.0,,,,,2.0,hit,4.0,hit,105.0,hit,3118.0,hit,3150.0,hit,3175.0,hit,3189.0,hit,106.0,hit,125.0,hit,0.0,hit,125.0,hit,1443.0,hit,1455.0,hit,10.0,517,True,True,True,True,,10.0,517,True,True,True,True,,10.0,517,True,True,True,True,,10.0,517,True,True,True,True,,3118.0,2025-10-01T13:29:00-04:00,2.5999999999999996,8547.040000000003,3150.0,2025-10-01T14:01:00-04:00,1.8499999999999996,10047.040000000003,3151.0,2025-10-01T14:02:00-04:00,2.1000000000000005,9547.04,3119.0,2025-10-01T13:30:00-04:00,3.0500000000000007,7647.039999999999,3150.0,2025-10-01T14:01:00-04:00,1.8499999999999996,10047.040000000003,3158.0,2025-10-01T14:09:00-04:00,1.75,10247.04,3159.0,2025-10-01T14:10:00-04:00,1.4500000000000002,10847.04,3151.0,2025-10-01T14:02:00-04:00,2.1000000000000005,9547.04,3175.0,2025-10-01T14:26:00-04:00,0.8499999999999996,12047.040000000003,3185.0,2025-10-01T14:36:00-04:00,0.8499999999999996,12047.040000000003,3186.0,2025-10-01T14:37:00-04:00,0.7999999999999998,12147.040000000003,3176.0,2025-10-01T14:27:00-04:00,0.9500000000000002,11847.04,3214.0,2025-10-01T15:05:00-04:00,0.40000000000000036,12947.04,3215.0,2025-10-01T15:06:00-04:00,0.4249999999999998,12897.040000000003,3216.0,2025-10-01T15:07:00-04:00,0.37499999999999956,12997.04,3215.0,2025-10-01T15:06:00-04:00,0.4249999999999998,12897.040000000003,2936
2025-09-29,2025-10-02,3,5.0,2025-09-29T09:31:00-04:00,5.0,NDXP  251002P24710000,NDXP  251002P24700000,validation,False,False,0,0,14,2,0,1574,available,False,2025-09-29T09:31:00-04:00,2025-10-02T15:49:00-04:00,0.0,9747.04,11.0,last_observed_quote_not_settlement,1036.0,643,188,5.099999999999994,-452.95999999998793,2025-09-29T09:32:00-04:00,0.0,5.099999999999994,-452.95999999998793,2025-09-29T09:33:00-04:00,0.0,4.699999999999989,347.04000000002344,2025-09-29T09:36:00-04:00,0.0,4.849999999999994,47.04000000001208,2025-09-29T09:41:00-04:00,0.0,4.5,747.0400000000006,2025-09-29T09:46:00-04:00,0.0,4.050000000000011,1647.039999999978,2025-09-29T10:01:00-04:00,0.0,4.150000000000006,1447.0399999999893,2025-09-29T10:31:00-04:00,0.0,5.150000000000006,-552.9600000000107,2025-09-29T11:31:00-04:00,0.0,5.5,-1252.9599999999994,2025-09-29T16:00:00-04:00,0.0,4.400000000000006,947.0399999999893,2025-09-30T16:00:00-04:00,0.0,2.3499999999999943,5047.040000000012,2025-10-01T16:00:00-04:00,0.0,,,2025-10-02T15:49:00-04:00,660.0,0.0,hit,0.0,hit,37.0,hit,258.0,hit,3212.0,hit,4320.0,hit,4320.0,hit,59.0,hit,59.0,hit,143.0,hit,158.0,hit,1459.0,hit,1599.0,hit,8.799999999999983,117,True,True,False,False,,9.600000000000023,643,True,True,True,True,,9.600000000000023,643,True,True,True,True,,9.600000000000023,643,True,True,True,True,,260.0,2025-09-29T13:51:00-04:00,2.5500000000000114,4647.039999999978,3116.0,2025-10-01T13:27:00-04:00,2.8999999999999986,3947.0400000000036,3117.0,2025-10-01T13:28:00-04:00,2.9000000000000057,3947.0399999999895,261.0,2025-09-29T13:52:00-04:00,7.099999999999994,-4452.959999999988,3244.0,2025-10-01T15:35:00-04:00,1.8999999999999986,5947.040000000004,4321.0,2025-10-02T09:32:00-04:00,0.5,8747.04,4322.0,2025-10-02T09:33:00-04:00,0.4500000000000002,8847.04,3245.0,2025-10-01T15:36:00-04:00,2.1000000000000014,5547.039999999998,4320.0,2025-10-02T09:31:00-04:00,0.5,8747.04,4321.0,2025-10-02T09:32:00-04:00,0.5,8747.04,4322.0,2025-10-02T09:33:00-04:00,0.4500000000000002,8847.04,4321.0,2025-10-02T09:32:00-04:00,0.5,8747.04,4323.0,2025-10-02T09:34:00-04:00,0.40000000000000036,8947.04,4497.0,2025-10-02T12:28:00-04:00,0.4499999999999993,8847.040000000003,4498.0,2025-10-02T12:29:00-04:00,0.4499999999999993,8847.040000000003,4324.0,2025-10-02T09:35:00-04:00,0.5499999999999998,8647.040000000003,2937
2025-09-29,2025-10-02,3,6.0,2025-09-29T09:31:00-04:00,5.950000000000017,NDXP  251002P24780000,NDXP  251002P24770000,validation,False,False,0,0,1,1,0,1583,available,False,2025-09-29T09:31:00-04:00,2025-10-02T15:42:00-04:00,0.024999999999999994,11597.040000000035,18.0,last_observed_quote_not_settlement,1036.0,735,119,5.650000000000006,347.04000000002344,2025-09-29T09:32:00-04:00,0.0,4.099999999999994,3447.0400000000463,2025-09-29T09:33:00-04:00,0.0,5.449999999999989,747.0400000000575,2025-09-29T09:36:00-04:00,0.0,6.5,-1352.9599999999652,2025-09-29T09:41:00-04:00,0.0,5.150000000000006,1347.0400000000234,2025-09-29T09:46:00-04:00,0.0,4.699999999999989,2247.0400000000577,2025-09-29T10:01:00-04:00,0.0,4.899999999999977,1847.0400000000802,2025-09-29T10:31:00-04:00,0.0,7.5,-3352.959999999965,2025-09-29T11:31:00-04:00,0.0,7.599999999999994,-3552.9599999999537,2025-09-29T16:00:00-04:00,0.0,6.849999999999994,-2052.9599999999537,2025-09-30T16:00:00-04:00,0.0,3.799999999999997,4047.040000000041,2025-10-01T16:00:00-04:00,0.0,,,2025-10-02T15:42:00-04:00,1080.0,2.0,hit,2.0,hit,174.0,hit,3143.0,hit,3143.0,hit,3143.0,hit,4557.0,hit,10.0,hit,112.0,hit,112.0,hit,112.0,hit,1527.0,hit,2913.0,hit,9.950000000000017,735,True,True,True,True,,9.950000000000017,735,True,True,True,True,,9.950000000000017,735,True,True,True,True,,9.950000000000017,735,True,True,True,True,,3143.0,2025-10-01T13:54:00-04:00,0.8499999999999943,9947.040000000046,4321.0,2025-10-02T09:32:00-04:00,1.049999999999999,9547.040000000037,4322.0,2025-10-02T09:33:00-04:00,1.0500000000000007,9547.040000000034,3144.0,2025-10-01T13:55:00-04:00,4.700000000000003,2247.040000000029,3143.0,2025-10-01T13:54:00-04:00,0.8499999999999943,9947.040000000046,4321.0,2025-10-02T09:32:00-04:00,1.049999999999999,9547.040000000037,4322.0,2025-10-02T09:33:00-04:00,1.0500000000000007,9547.040000000034,3144.0,2025-10-01T13:55:00-04:00,4.700000000000003,2247.040000000029,3143.0,2025-10-01T13:54:00-04:00,0.8499999999999943,9947.040000000046,4538.0,2025-10-02T13:09:00-04:00,0.8999999999999995,9847.040000000037,4539.0,2025-10-02T13:10:00-04:00,0.8999999999999995,9847.040000000037,3144.0,2025-10-01T13:55:00-04:00,4.700000000000003,2247.040000000029,4561.0,2025-10-02T13:32:00-04:00,0.39999999999999947,10847.040000000037,4570.0,2025-10-02T13:41:00-04:00,0.375,10897.040000000035,4571.0,2025-10-02T13:42:00-04:00,0.34999999999999964,10947.040000000037,4562.0,2025-10-02T13:33:00-04:00,0.47499999999999964,10697.040000000037,2938
2025-09-29,2025-10-02,3,7.0,2025-09-29T09:31:00-04:00,7.0,NDXP  251002P24890000,NDXP  251002P24880000,validation,False,False,0,0,0,5,0,1596,available,False,2025-09-29T09:31:00-04:00,2025-10-02T15:59:00-04:00,3.0749999999999997,7597.040000000001,1.0,last_observed_quote_not_settlement,1036.0,1082,84,7.199999999999932,-652.9599999998629,2025-09-29T09:32:00-04:00,0.0,7.099999999999909,-452.9599999998174,2025-09-29T09:33:00-04:00,0.0,7.0,-252.9599999999993,2025-09-29T09:36:00-04:00,0.0,7.099999999999909,-452.9599999998174,2025-09-29T09:41:00-04:00,0.0,6.450000000000017,847.0399999999665,2025-09-29T09:46:00-04:00,0.0,6.400000000000034,947.0399999999324,2025-09-29T10:01:00-04:00,0.0,6.699999999999989,347.04000000002344,2025-09-29T10:31:00-04:00,0.0,7.5,-1252.9599999999994,2025-09-29T11:31:00-04:00,0.0,8.049999999999955,-2352.95999999991,2025-09-29T16:00:00-04:00,0.0,8.199999999999989,-2652.959999999978,2025-09-30T16:00:00-04:00,0.0,6.150000000000006,1447.0399999999893,2025-10-01T16:00:00-04:00,0.0,,,2025-10-02T15:59:00-04:00,60.0,3128.0,hit,3198.0,hit,4320.0,hit,4647.0,hit,4676.0,hit,,never_hit,,never_hit,9.0,hit,140.0,hit,0.0,hit,140.0,hit,152.0,hit,1464.0,hit,10.0,1082,True,True,True,True,,10.0,1082,True,True,True,True,,,,True,True,True,False,5.5,,,True,True,True,False,5.5,4647.0,2025-10-02T14:58:00-04:00,2.8500000000000014,8047.039999999998,4652.0,2025-10-02T15:03:00-04:00,2.8,8147.040000000002,4653.0,2025-10-02T15:04:00-04:00,2.5,8747.04,4648.0,2025-10-02T14:59:00-04:00,3.1000000000000014,7547.039999999998,4676.0,2025-10-02T15:27:00-04:00,1.75,10247.04,4677.0,2025-10-02T15:28:00-04:00,1.6999999999999993,10347.040000000003,4678.0,2025-10-02T15:29:00-04:00,1.6750000000000007,10397.04,4677.0,2025-10-02T15:28:00-04:00,1.6999999999999993,10347.040000000003,,,,,,,,,,,,,,,,,,,,,,,,,,,,,,,,,2939
2025-09-30,2025-10-02,2,5.0,2025-09-30T09:31:00-04:00,5.0,NDXP  251002P24640000,NDXP  251002P24630000,validation,False,False,0,0,24,12,0,1147,available,False,2025-09-30T09:31:00-04:00,2025-10-02T15:29:00-04:00,0.0,9747.04,31.0,last_observed_quote_not_settlement,1036.0,196,85,5.0,-252.9599999999993,2025-09-30T09:32:00-04:00,0.0,5.150000000000006,-552.9600000000107,2025-09-30T09:33:00-04:00,0.0,5.450000000000017,-1152.9600000000335,2025-09-30T09:36:00-04:00,0.0,5.550000000000011,-1352.960000000022,2025-09-30T09:41:00-04:00,0.0,5.300000000000011,-852.9600000000221,2025-09-30T09:46:00-04:00,0.0,5.399999999999977,-1052.9599999999539,2025-09-30T10:01:00-04:00,0.0,5.199999999999989,-652.9599999999766,2025-09-30T10:31:00-04:00,0.0,5.25,-752.9599999999994,2025-09-30T11:31:00-04:00,0.0,3.3999999999999915,2947.0400000000177,2025-09-30T16:00:00-04:00,0.0,1.3499999999999979,7047.0400000000045,2025-10-01T16:00:00-04:00,0.0,,,2025-10-02T15:29:00-04:00,1860.0,,,,,0.0,hit,0.0,hit,6.0,hit,6.0,hit,1655.0,hit,2880.0,hit,2880.0,hit,4.0,hit,4.0,hit,13.0,hit,13.0,hit,,never_hit,,never_hit,6.050000000000011,3,False,False,False,False,,8.400000000000034,196,True,True,False,False,,8.400000000000034,196,True,True,False,False,,8.400000000000034,196,True,True,False,False,,6.0,2025-09-30T09:37:00-04:00,2.2999999999999545,5147.040000000092,1567.0,2025-10-01T11:38:00-04:00,2.8999999999999915,3947.0400000000177,1568.0,2025-10-01T11:39:00-04:00,2.8500000000000014,4047.039999999998,7.0,2025-09-30T09:38:00-04:00,6.199999999999989,-2652.9599999999764,1657.0,2025-10-01T13:08:00-04:00,1.8999999999999986,5947.040000000004,1668.0,2025-10-01T13:19:00-04:00,1.9000000000000057,5947.039999999989,1674.0,2025-10-01T13:25:00-04:00,1.8999999999999986,5947.040000000004,1658.0,2025-10-01T13:09:00-04:00,2.0,5747.040000000001,2880.0,2025-10-02T09:31:00-04:00,0.20000000000000018,9347.04,2881.0,2025-10-02T09:32:00-04:00,0.25,9247.04,2882.0,2025-10-02T09:33:00-04:00,0.25,9247.04,2881.0,2025-10-02T09:32:00-04:00,0.25,9247.04,2880.0,2025-10-02T09:31:00-04:00,0.20000000000000018,9347.04,2881.0,2025-10-02T09:32:00-04:00,0.25,9247.04,2882.0,2025-10-02T09:33:00-04:00,0.25,9247.04,2881.0,2025-10-02T09:32:00-04:00,0.25,9247.04,2940
2025-09-30,2025-10-02,2,6.0,2025-09-30T09:31:00-04:00,6.099999999999994,NDXP  251002P24720000,NDXP  251002P24710000,validation,False,False,0,0,4,6,0,1162,available,False,2025-09-30T09:31:00-04:00,2025-10-02T15:49:00-04:00,0.0,11947.03999999999,11.0,last_observed_quote_not_settlement,1036.0,286,122,6.550000000000011,-1152.9600000000335,2025-09-30T09:32:00-04:00,0.0,6.499999999999972,-1052.9599999999539,2025-09-30T09:33:00-04:00,0.0,7.350000000000023,-2752.960000000056,2025-09-30T09:36:00-04:00,0.0,7.400000000000034,-2852.9600000000787,2025-09-30T09:41:00-04:00,0.0,6.449999999999989,-952.959999999988,2025-09-30T09:46:00-04:00,0.0,6.150000000000006,-352.96000000002203,2025-09-30T10:01:00-04:00,0.0,6.900000000000006,-1852.960000000022,2025-09-30T10:31:00-04:00,0.0,6.049999999999983,-152.95999999997656,2025-09-30T11:31:00-04:00,0.0,4.199999999999989,3547.0400000000122,2025-09-30T16:00:00-04:00,0.0,2.5500000000000043,6847.039999999981,2025-10-01T16:00:00-04:00,0.0,,,2025-10-02T15:49:00-04:00,660.0,,,,,13.0,hit,81.0,hit,343.0,hit,1517.0,hit,2880.0,hit,2880.0,hit,2883.0,hit,4.0,hit,5.0,hit,5.0,hit,21.0,hit,220.0,hit,,never_hit,9.300000000000011,286,True,True,True,True,,9.300000000000011,286,True,True,True,True,,9.300000000000011,286,True,True,True,True,,9.300000000000011,286,True,True,True,True,,1517.0,2025-10-01T10:48:00-04:00,2.5,6947.039999999989,1711.0,2025-10-01T14:02:00-04:00,2.700000000000003,6547.039999999984,1716.0,2025-10-01T14:07:00-04:00,2.700000000000003,6547.039999999984,1518.0,2025-10-01T10:49:00-04:00,5.150000000000006,1647.039999999978,2880.0,2025-10-02T09:31:00-04:00,0.5999999999999996,10747.039999999992,2881.0,2025-10-02T09:32:00-04:00,0.5499999999999998,10847.03999999999,2882.0,2025-10-02T09:33:00-04:00,0.5999999999999996,10747.039999999992,2881.0,2025-10-02T09:32:00-04:00,0.5499999999999998,10847.03999999999,2880.0,2025-10-02T09:31:00-04:00,0.5999999999999996,10747.039999999992,2881.0,2025-10-02T09:32:00-04:00,0.5499999999999998,10847.03999999999,2882.0,2025-10-02T09:33:00-04:00,0.5999999999999996,10747.039999999992,2881.0,2025-10-02T09:32:00-04:00,0.5499999999999998,10847.03999999999,3081.0,2025-10-02T12:52:00-04:00,0.4499999999999993,11047.039999999992,3082.0,2025-10-02T12:53:00-04:00,0.3999999999999999,11147.03999999999,3083.0,2025-10-02T12:54:00-04:00,0.3999999999999999,11147.03999999999,3082.0,2025-10-02T12:53:00-04:00,0.3999999999999999,11147.03999999999,2941
2025-09-30,2025-10-02,2,7.0,2025-09-30T09:31:00-04:00,7.000000000000028,NDXP  251002P24800000,NDXP  251002P24790000,validation,False,False,0,0,7,4,0,1175,available,False,2025-09-30T09:31:00-04:00,2025-10-02T15:43:00-04:00,0.0,13747.040000000059,17.0,last_observed_quote_not_settlement,1036.0,419,99,7.400000000000006,-1052.9599999999539,2025-09-30T09:32:00-04:00,0.0,7.599999999999966,-1452.9599999998743,2025-09-30T09:33:00-04:00,0.0,7.7999999999999545,-1852.9599999998516,2025-09-30T09:36:00-04:00,0.0,8.0,-2252.959999999944,2025-09-30T09:41:00-04:00,0.0,7.649999999999977,-1552.959999999897,2025-09-30T09:46:00-04:00,0.0,7.75,-1752.9599999999425,2025-09-30T10:01:00-04:00,0.0,7.700000000000017,-1652.9599999999766,2025-09-30T10:31:00-04:00,0.0,7.75,-1752.9599999999425,2025-09-30T11:31:00-04:00,0.0,6.5,747.0400000000575,2025-09-30T16:00:00-04:00,0.0,4.199999999999996,5347.040000000066,2025-10-01T16:00:00-04:00,0.0,,,2025-10-02T15:43:00-04:00,1020.0,,,,,97.0,hit,374.0,hit,1534.0,hit,1817.0,hit,1817.0,hit,3113.0,hit,3132.0,hit,2.0,hit,4.0,hit,0.0,hit,4.0,hit,342.0,hit,342.0,hit,9.549999999999983,419,True,True,True,True,,9.549999999999983,419,True,True,True,True,,9.549999999999983,419,True,True,True,True,,9.549999999999983,419,True,True,True,True,,1817.0,2025-10-01T15:48:00-04:00,1.4500000000000028,10847.040000000054,2881.0,2025-10-02T09:32:00-04:00,1.3499999999999996,11047.040000000059,2882.0,2025-10-02T09:33:00-04:00,1.3500000000000014,11047.040000000055,1818.0,2025-10-01T15:49:00-04:00,3.8000000000000043,6147.040000000049,1817.0,2025-10-01T15:48:00-04:00,1.4500000000000028,10847.040000000054,2881.0,2025-10-02T09:32:00-04:00,1.3499999999999996,11047.040000000059,2882.0,2025-10-02T09:33:00-04:00,1.3500000000000014,11047.040000000055,1818.0,2025-10-01T15:49:00-04:00,3.8000000000000043,6147.040000000049,3114.0,2025-10-02T13:25:00-04:00,0.9000000000000004,11947.040000000057,3115.0,2025-10-02T13:26:00-04:00,0.9000000000000004,11947.040000000057,3119.0,2025-10-02T13:30:00-04:00,0.8499999999999996,12047.040000000059,3115.0,2025-10-02T13:26:00-04:00,0.9000000000000004,11947.040000000057,3161.0,2025-10-02T14:12:00-04:00,0.37500000000000044,12997.040000000057,3162.0,2025-10-02T14:13:00-04:00,0.32499999999999973,13097.040000000057,3163.0,2025-10-02T14:14:00-04:00,0.3250000000000002,13097.040000000057,3162.0,2025-10-02T14:13:00-04:00,0.32499999999999973,13097.040000000057,2942
2025-09-30,2025-10-03,3,5.0,2025-09-30T09:31:00-04:00,5.0,NDXP  251003P24660000,NDXP  251003P24650000,validation,False,False,0,0,1,2,0,1593,available,False,2025-09-30T09:31:00-04:00,2025-10-03T15:54:00-04:00,0.0,9747.04,6.0,last_observed_quote_not_settlement,1036.0,189,86,5.099999999999994,-452.95999999998793,2025-09-30T09:32:00-04:00,0.0,5.199999999999989,-652.9599999999766,2025-09-30T09:33:00-04:00,0.0,5.049999999999983,-352.9599999999652,2025-09-30T09:36:00-04:00,0.0,5.200000000000017,-652.9600000000335,2025-09-30T09:41:00-04:00,0.0,5.449999999999989,-1152.9599999999766,2025-09-30T09:46:00-04:00,0.0,5.550000000000011,-1352.960000000022,2025-09-30T10:01:00-04:00,0.0,5.25,-752.9599999999994,2025-09-30T10:31:00-04:00,0.0,5.0,-252.9599999999993,2025-09-30T11:31:00-04:00,0.0,3.6999999999999886,2347.0400000000236,2025-09-30T16:00:00-04:00,0.0,1.8500000000000014,6047.039999999998,2025-10-01T16:00:00-04:00,0.0,0.8500000000000014,8047.039999999998,2025-10-02T16:00:00-04:00,0.0,,,2025-10-03T15:54:00-04:00,360.0,0.0,hit,0.0,hit,6.0,hit,6.0,hit,1762.0,hit,2880.0,hit,4320.0,hit,4.0,hit,7.0,hit,13.0,hit,13.0,hit,,never_hit,,never_hit,5.999999999999972,4,False,False,False,False,,8.649999999999977,188,True,True,False,False,,8.649999999999977,188,True,True,False,False,,8.649999999999977,188,True,True,False,False,,41.0,2025-09-30T10:12:00-04:00,2.3500000000000227,5047.039999999955,1651.0,2025-10-01T13:02:00-04:00,2.8000000000000114,4147.039999999978,1652.0,2025-10-01T13:03:00-04:00,2.799999999999997,4147.040000000006,42.0,2025-09-30T10:13:00-04:00,3.5500000000000114,2647.039999999978,1829.0,2025-10-01T16:00:00-04:00,1.8500000000000014,6047.039999999998,2881.0,2025-10-02T09:32:00-04:00,0.9000000000000021,7947.039999999996,2882.0,2025-10-02T09:33:00-04:00,0.9499999999999993,7847.040000000002,1830.0,2025-10-01T16:01:00-04:00,2.299999999999997,5147.040000000006,2880.0,2025-10-02T09:31:00-04:00,0.8500000000000014,8047.039999999998,2881.0,2025-10-02T09:32:00-04:00,0.9000000000000021,7947.039999999996,2882.0,2025-10-02T09:33:00-04:00,0.9499999999999993,7847.040000000002,2881.0,2025-10-02T09:32:00-04:00,0.9000000000000021,7947.039999999996,4321.0,2025-10-03T09:32:00-04:00,0.40000000000000036,8947.04,4322.0,2025-10-03T09:33:00-04:00,0.35000000000000053,9047.04,4323.0,2025-10-03T09:34:00-04:00,0.35000000000000053,9047.04,4322.0,2025-10-03T09:33:00-04:00,0.35000000000000053,9047.04,2943
2025-09-30,2025-10-03,3,6.0,2025-09-30T09:31:00-04:00,5.9500000000000455,NDXP  251003P25440000,NDXP  251003P25430000,validation,False,False,0,0,0,284,0,1316,available,False,2025-09-30T09:31:00-04:00,2025-10-03T16:00:00-04:00,10.0,-8252.959999999908,0.0,last_observed_quote_not_settlement,1039.0,1110,5,9.0,-6352.95999999991,2025-09-30T09:32:00-04:00,0.0,9.849999999999909,-8052.959999999728,2025-09-30T09:33:00-04:00,0.0,10.0,-8252.959999999908,2025-09-30T09:36:00-04:00,0.0,10.0,-8252.959999999908,2025-09-30T09:41:00-04:00,0.0,6.649999999999977,-1652.959999999863,2025-09-30T09:46:00-04:00,0.0,10.0,-8252.959999999908,2025-09-30T10:01:00-04:00,0.0,10.0,-8252.959999999908,2025-09-30T10:31:00-04:00,0.0,9.899999999999977,-8152.9599999998645,2025-09-30T11:31:00-04:00,0.0,9.950000000000045,-8252.959999999908,2025-09-30T16:00:00-04:00,0.0,9.699999999999932,-7752.959999999774,2025-10-01T16:00:00-04:00,0.0,10.0,-8252.959999999908,2025-10-02T16:00:00-04:00,0.0,10.0,-8252.959999999908,2025-10-03T16:00:00-04:00,0.0,14.0,hit,14.0,hit,14.0,hit,14.0,hit,14.0,hit,,never_hit,,never_hit,1.0,hit,1.0,hit,1.0,hit,1.0,hit,1.0,hit,2.0,hit,10.0,13,True,True,True,True,,10.0,13,True,True,True,True,,,,True,True,True,False,4.900000000000091,,,True,True,True,False,4.900000000000091,14.0,2025-09-30T09:45:00-04:00,1.2999999999999545,9047.040000000183,,,,,,,,,15.0,2025-09-30T09:46:00-04:00,6.649999999999977,-1652.959999999863,14.0,2025-09-30T09:45:00-04:00,1.2999999999999545,9047.040000000183,,,,,,,,,15.0,2025-09-30T09:46:00-04:00,6.649999999999977,-1652.959999999863,,,,,,,,,,,,,,,,,,,,,,,,,,,,,,,,,2944
2025-09-30,2025-10-03,3,7.0,2025-09-30T09:31:00-04:00,6.9500000000000455,NDXP  251003P24800000,NDXP  251003P24790000,validation,False,False,0,0,3,1,0,1599,available,False,2025-09-30T09:31:00-04:00,2025-10-03T16:00:00-04:00,4.5,4647.040000000092,0.0,last_observed_quote_not_settlement,1036.0,222,82,5.649999999999977,2347.0400000001373,2025-09-30T09:32:00-04:00,0.0,5.699999999999932,2247.0400000002282,2025-09-30T09:33:00-04:00,0.0,6.899999999999977,-152.95999999986287,2025-09-30T09:36:00-04:00,0.0,7.300000000000068,-952.9600000000448,2025-09-30T09:41:00-04:00,0.0,6.849999999999966,-52.95999999984013,2025-09-30T09:46:00-04:00,0.0,6.899999999999977,-152.95999999986287,2025-09-30T10:01:00-04:00,0.0,6.899999999999977,-152.95999999986287,2025-09-30T10:31:00-04:00,0.0,7.0,-352.95999999990835,2025-09-30T11:31:00-04:00,0.0,4.150000000000006,5347.04000000008,2025-09-30T16:00:00-04:00,0.0,4.8999999999999915,3847.0400000001086,2025-10-01T16:00:00-04:00,0.0,2.0999999999999943,9447.040000000105,2025-10-02T16:00:00-04:00,0.0,4.5,4647.040000000092,2025-10-03T16:00:00-04:00,0.0,329.0,hit,352.0,hit,352.0,hit,1567.0,hit,3214.0,hit,4341.0,hit,4434.0,hit,3.0,hit,25.0,hit,3.0,hit,25.0,hit,4600.0,hit,4600.0,hit,8.649999999999977,214,True,True,False,False,,8.649999999999977,214,True,True,False,False,,8.649999999999977,214,True,True,False,False,,8.649999999999977,214,True,True,False,False,,1567.0,2025-10-01T11:38:00-04:00,2.75,8147.040000000091,2881.0,2025-10-02T09:32:00-04:00,2.000000000000007,9647.040000000079,2882.0,2025-10-02T09:33:00-04:00,2.3000000000000043,9047.040000000085,1568.0,2025-10-01T11:39:00-04:00,4.050000000000011,5547.040000000069,3238.0,2025-10-02T15:29:00-04:00,1.9499999999999957,9747.040000000101,4321.0,2025-10-03T09:32:00-04:00,1.1499999999999986,11347.040000000095,4322.0,2025-10-03T09:33:00-04:00,1.25,11147.040000000092,3239.0,2025-10-02T15:30:00-04:00,2.049999999999997,9547.0400000001,4404.0,2025-10-03T10:55:00-04:00,0.9499999999999993,11747.040000000094,4405.0,2025-10-03T10:56:00-04:00,0.9000000000000004,11847.040000000092,4409.0,2025-10-03T11:00:00-04:00,0.9000000000000004,11847.040000000092,4405.0,2025-10-03T10:56:00-04:00,0.9000000000000004,11847.040000000092,4465.0,2025-10-03T11:56:00-04:00,0.3999999999999999,12847.040000000092,4466.0,2025-10-03T11:57:00-04:00,0.3500000000000001,12947.040000000092,4467.0,2025-10-03T11:58:00-04:00,0.3500000000000001,12947.040000000092,4466.0,2025-10-03T11:57:00-04:00,0.3500000000000001,12947.040000000092,2945
2025-10-01,2025-10-03,2,5.0,2025-10-01T09:31:00-04:00,4.950000000000017,NDXP  251003P24580000,NDXP  251003P24570000,validation,False,False,0,0,6,2,0,1156,available,False,2025-10-01T09:31:00-04:00,2025-10-03T15:23:00-04:00,0.025000000000000022,9597.040000000035,37.0,last_observed_quote_not_settlement,1036.0,1,2,3.9499999999999886,1747.0400000000575,2025-10-01T09:32:00-04:00,0.0,3.700000000000003,2247.040000000029,2025-10-01T09:33:00-04:00,0.0,3.799999999999983,2047.040000000069,2025-10-01T09:36:00-04:00,0.0,3.799999999999983,2047.040000000069,2025-10-01T09:41:00-04:00,0.0,4.0,1647.0400000000348,2025-10-01T09:46:00-04:00,0.0,3.9000000000000057,1847.0400000000234,2025-10-01T10:01:00-04:00,0.0,3.0,3647.040000000035,2025-10-01T10:31:00-04:00,0.0,2.799999999999983,4047.040000000069,2025-10-01T11:31:00-04:00,0.0,1.5,6647.0400000000345,2025-10-01T16:00:00-04:00,0.0,0.3999999999999986,8847.040000000039,2025-10-02T16:00:00-04:00,0.0,,,2025-10-03T15:23:00-04:00,2220.0,,,,,0.0,hit,0.0,hit,1.0,hit,55.0,hit,212.0,hit,1440.0,hit,1441.0,hit,,never_hit,,never_hit,,never_hit,,never_hit,,never_hit,,never_hit,5.0,1,False,False,False,False,,5.0,1,False,False,False,False,,5.0,1,False,False,False,False,,5.0,1,False,False,False,False,,58.0,2025-10-01T10:29:00-04:00,2.9000000000000057,3847.0400000000236,65.0,2025-10-01T10:36:00-04:00,2.750000000000014,4147.040000000006,66.0,2025-10-01T10:37:00-04:00,2.8500000000000085,3947.0400000000177,59.0,2025-10-01T10:30:00-04:00,3.0,3647.040000000035,213.0,2025-10-01T13:04:00-04:00,1.8500000000000085,5947.040000000018,214.0,2025-10-01T13:05:00-04:00,1.8500000000000014,5947.040000000032,215.0,2025-10-01T13:06:00-04:00,1.8999999999999986,5847.040000000037,214.0,2025-10-01T13:05:00-04:00,1.8500000000000014,5947.040000000032,1440.0,2025-10-02T09:31:00-04:00,0.5999999999999996,8447.040000000037,1441.0,2025-10-02T09:32:00-04:00,0.5,8647.040000000035,1442.0,2025-10-02T09:33:00-04:00,0.5500000000000007,8547.040000000034,1441.0,2025-10-02T09:32:00-04:00,0.5,8647.040000000035,1734.0,2025-10-02T14:25:00-04:00,0.40000000000000036,8847.040000000035,1735.0,2025-10-02T14:26:00-04:00,0.40000000000000036,8847.040000000035,1760.0,2025-10-02T14:51:00-04:00,0.4499999999999993,8747.040000000037,1735.0,2025-10-02T14:26:00-04:00,0.40000000000000036,8847.040000000035,2946
2025-10-01,2025-10-03,2,6.0,2025-10-01T09:31:00-04:00,6.050000000000011,NDXP  251003P24960000,NDXP  251003P24950000,validation,False,False,0,0,2,28,0,1168,available,False,2025-10-01T09:31:00-04:00,2025-10-03T16:00:00-04:00,10.0,-8052.959999999977,0.0,last_observed_quote_not_settlement,1036.0,877,114,8.649999999999977,-5452.959999999933,2025-10-01T09:32:00-04:00,0.0,8.850000000000023,-5852.960000000024,2025-10-01T09:33:00-04:00,0.0,8.399999999999977,-4952.959999999933,2025-10-01T09:36:00-04:00,0.0,8.749999999999943,-5652.9599999998645,2025-10-01T09:41:00-04:00,0.0,8.849999999999966,-5852.95999999991,2025-10-01T09:46:00-04:00,0.0,9.050000000000011,-6252.960000000001,2025-10-01T10:01:00-04:00,0.0,8.549999999999955,-5252.959999999887,2025-10-01T10:31:00-04:00,0.0,8.699999999999989,-5552.9599999999555,2025-10-01T11:31:00-04:00,0.0,7.5,-3152.9599999999764,2025-10-01T16:00:00-04:00,0.0,3.450000000000003,4947.040000000018,2025-10-02T16:00:00-04:00,0.0,10.0,-8052.959999999977,2025-10-03T16:00:00-04:00,0.0,,,,,273.0,hit,364.0,hit,1829.0,hit,,never_hit,,never_hit,,never_hit,,never_hit,1.0,hit,1.0,hit,1.0,hit,1.0,hit,4.0,hit,12.0,hit,,,True,True,True,False,2.6000000000000085,,,True,True,True,False,2.6000000000000085,,,True,True,True,False,2.6000000000000085,,,True,True,True,False,2.6000000000000085,,,,,,,,,,,,,,,,,,,,,,,,,,,,,,,,,,,,,,,,,,,,,,,,,,,,,,,,,,,,,,,,,2947
2025-10-01,2025-10-03,2,7.0,2025-10-01T09:31:00-04:00,6.949999999999989,NDXP  251003P24730000,NDXP  251003P24720000,validation,False,False,0,0,0,3,0,1193,available,False,2025-10-01T09:31:00-04:00,2025-10-03T15:58:00-04:00,0.07499999999999998,13497.039999999979,2.0,last_observed_quote_not_settlement,1036.0,5,10,6.0,1647.039999999978,2025-10-01T09:32:00-04:00,0.0,6.549999999999983,547.040000000012,2025-10-01T09:33:00-04:00,0.0,7.25,-852.9600000000221,2025-10-01T09:36:00-04:00,0.0,6.550000000000011,547.0399999999552,2025-10-01T09:41:00-04:00,0.0,6.150000000000006,1347.0399999999665,2025-10-01T09:46:00-04:00,0.0,6.099999999999994,1447.0399999999893,2025-10-01T10:01:00-04:00,0.0,5.049999999999983,3547.0400000000122,2025-10-01T10:31:00-04:00,0.0,4.900000000000006,3847.0399999999668,2025-10-01T11:31:00-04:00,0.0,2.6500000000000057,8347.039999999968,2025-10-01T16:00:00-04:00,0.0,1.3999999999999986,10847.03999999998,2025-10-02T16:00:00-04:00,0.0,,,2025-10-03T15:58:00-04:00,120.0,,,,,6.0,hit,45.0,hit,50.0,hit,285.0,hit,1440.0,hit,2880.0,hit,2901.0,hit,,never_hit,,never_hit,5.0,hit,,never_hit,,never_hit,,never_hit,7.299999999999983,4,True,False,False,False,,7.299999999999983,4,True,False,False,False,,7.299999999999983,4,True,False,False,False,,7.299999999999983,4,True,False,False,False,,285.0,2025-10-01T14:16:00-04:00,2.9499999999999886,7747.040000000001,304.0,2025-10-01T14:35:00-04:00,2.9000000000000057,7847.039999999966,309.0,2025-10-01T14:40:00-04:00,2.9499999999999886,7747.040000000001,286.0,2025-10-01T14:17:00-04:00,3.0,7647.039999999978,1440.0,2025-10-02T09:31:00-04:00,1.4500000000000028,10747.039999999974,1441.0,2025-10-02T09:32:00-04:00,1.4500000000000028,10747.039999999974,1442.0,2025-10-02T09:33:00-04:00,1.3499999999999979,10947.039999999983,1441.0,2025-10-02T09:32:00-04:00,1.4500000000000028,10747.039999999974,2880.0,2025-10-03T09:31:00-04:00,0.8500000000000014,11947.039999999975,2881.0,2025-10-03T09:32:00-04:00,0.6000000000000014,12447.039999999975,2882.0,2025-10-03T09:33:00-04:00,0.5999999999999996,12447.039999999979,2881.0,2025-10-03T09:32:00-04:00,0.6000000000000014,12447.039999999975,2951.0,2025-10-03T10:42:00-04:00,0.40000000000000036,12847.039999999979,2952.0,2025-10-03T10:43:00-04:00,0.4499999999999993,12747.03999999998,2963.0,2025-10-03T10:54:00-04:00,0.34999999999999964,12947.039999999979,2952.0,2025-10-03T10:43:00-04:00,0.4499999999999993,12747.03999999998,2948
2025-10-03,2025-10-06,3,5.0,2025-10-03T09:31:00-04:00,5.050000000000011,NDXP  251006P24970000,NDXP  251006P24960000,validation,False,False,0,0,2,2,0,789,available,False,2025-10-03T09:31:00-04:00,2025-10-06T15:58:00-04:00,0.625,8597.040000000025,2.0,last_observed_quote_not_settlement,3917.0,413,51,4.449999999999989,947.0400000000461,2025-10-03T09:32:00-04:00,0.0,4.800000000000011,247.04000000000067,2025-10-03T09:33:00-04:00,0.0,4.75,347.04000000002344,2025-10-03T09:36:00-04:00,0.0,4.700000000000003,447.04000000001776,2025-10-03T09:41:00-04:00,0.0,4.900000000000006,47.04000000001208,2025-10-03T09:46:00-04:00,0.0,6.25,-2652.9599999999764,2025-10-03T10:01:00-04:00,0.0,6.450000000000017,-3052.9600000000105,2025-10-03T10:31:00-04:00,0.0,5.200000000000003,-552.9599999999823,2025-10-03T11:31:00-04:00,0.0,8.199999999999989,-6552.9599999999555,2025-10-03T16:00:00-04:00,0.0,,,2025-10-03T16:14:00-04:00,85560.0,,,2025-10-03T16:14:00-04:00,171960.0,,,2025-10-06T15:58:00-04:00,120.0,0.0,hit,1.0,hit,23.0,hit,23.0,hit,23.0,hit,4587.0,hit,4621.0,hit,28.0,hit,30.0,hit,32.0,hit,32.0,hit,252.0,hit,282.0,hit,5.199999999999989,1,False,False,False,False,,5.199999999999989,1,False,False,False,False,,10.0,413,True,True,True,True,,10.0,413,True,True,True,True,,23.0,2025-10-03T09:54:00-04:00,1.3999999999999915,7047.040000000041,4460.0,2025-10-06T11:51:00-04:00,2.9499999999999993,3947.040000000025,4461.0,2025-10-06T11:52:00-04:00,2.5999999999999996,4647.0400000000245,24.0,2025-10-03T09:55:00-04:00,5.099999999999994,-352.9599999999652,23.0,2025-10-03T09:54:00-04:00,1.3999999999999915,7047.040000000041,4554.0,2025-10-06T13:25:00-04:00,1.6000000000000014,6647.040000000021,4555.0,2025-10-06T13:26:00-04:00,1.5,6847.040000000024,24.0,2025-10-03T09:55:00-04:00,5.099999999999994,-352.9599999999652,4589.0,2025-10-06T14:00:00-04:00,0.9499999999999993,7947.0400000000245,4594.0,2025-10-06T14:05:00-04:00,0.8999999999999995,8047.0400000000245,4608.0,2025-10-06T14:19:00-04:00,0.8500000000000001,8147.040000000022,4590.0,2025-10-06T14:01:00-04:00,1.1500000000000004,7547.040000000023,4622.0,2025-10-06T14:33:00-04:00,0.44999999999999973,8947.040000000025,4623.0,2025-10-06T14:34:00-04:00,0.4249999999999998,8997.040000000025,4624.0,2025-10-06T14:35:00-04:00,0.40000000000000036,9047.040000000023,4623.0,2025-10-06T14:34:00-04:00,0.4249999999999998,8997.040000000025,2949
2025-10-03,2025-10-06,3,6.0,2025-10-03T09:31:00-04:00,6.049999999999983,NDXP  251006P25020000,NDXP  251006P25010000,validation,False,False,0,0,0,6,0,787,available,False,2025-10-03T09:31:00-04:00,2025-10-06T16:00:00-04:00,9.650000000000006,-7452.960000000046,0.0,last_observed_quote_not_settlement,3916.0,539,91,5.450000000000003,947.0399999999609,2025-10-03T09:32:00-04:00,0.0,5.599999999999994,647.0399999999779,2025-10-03T09:33:00-04:00,0.0,5.549999999999983,747.0400000000006,2025-10-03T09:36:00-04:00,0.0,5.849999999999994,147.03999999997797,2025-10-03T09:41:00-04:00,0.0,6.099999999999994,-352.96000000002203,2025-10-03T09:46:00-04:00,0.0,6.950000000000017,-2052.9600000000673,2025-10-03T10:01:00-04:00,0.0,7.149999999999977,-2452.9599999999878,2025-10-03T10:31:00-04:00,0.0,6.400000000000006,-952.9600000000448,2025-10-03T11:31:00-04:00,0.0,,,2025-10-03T15:59:00-04:00,60.0,,,2025-10-03T16:15:00-04:00,85500.0,,,2025-10-03T16:15:00-04:00,171900.0,9.650000000000006,-7452.960000000046,2025-10-06T16:00:00-04:00,0.0,1.0,hit,71.0,hit,4323.0,hit,4323.0,hit,4323.0,hit,4323.0,hit,,never_hit,27.0,hit,27.0,hit,27.0,hit,27.0,hit,57.0,hit,57.0,hit,9.999999999999972,347,True,True,True,True,,9.999999999999972,347,True,True,True,True,,9.999999999999972,347,True,True,True,True,,,,True,True,True,False,5.09999999999998,4323.0,2025-10-06T09:34:00-04:00,0.9500000000000028,9947.039999999963,4621.0,2025-10-06T14:32:00-04:00,2.1500000000000004,7547.039999999965,4622.0,2025-10-06T14:33:00-04:00,1.9499999999999993,7947.039999999968,4324.0,2025-10-06T09:35:00-04:00,5.0,1847.0399999999665,4323.0,2025-10-06T09:34:00-04:00,0.9500000000000028,9947.039999999963,,,,,,,,,4324.0,2025-10-06T09:35:00-04:00,5.0,1847.0399999999665,,,,,,,,,,,,,,,,,,,,,,,,,,,,,,,,,2950
2025-10-03,2025-10-06,3,7.0,2025-10-03T09:31:00-04:00,7.0,NDXP  251006P25070000,NDXP  251006P25060000,validation,False,False,0,0,0,13,0,780,available,False,2025-10-03T09:31:00-04:00,2025-10-06T16:00:00-04:00,10.0,-6152.96,0.0,last_observed_quote_not_settlement,3916.0,711,69,7.199999999999989,-652.9599999999766,2025-10-03T09:32:00-04:00,0.0,6.949999999999989,-152.95999999997656,2025-10-03T09:33:00-04:00,0.0,6.849999999999966,47.04000000006892,2025-10-03T09:36:00-04:00,0.0,5.75,2247.040000000001,2025-10-03T09:41:00-04:00,0.0,7.100000000000023,-452.9600000000448,2025-10-03T09:46:00-04:00,0.0,8.099999999999966,-2452.9599999999327,2025-10-03T10:01:00-04:00,0.0,8.150000000000006,-2552.9600000000123,2025-10-03T10:31:00-04:00,0.0,7.650000000000006,-1552.9600000000107,2025-10-03T11:31:00-04:00,0.0,9.699999999999989,-5652.959999999978,2025-10-03T16:00:00-04:00,0.0,,,2025-10-03T16:15:00-04:00,85500.0,,,2025-10-03T16:15:00-04:00,171900.0,10.0,-6152.96,2025-10-06T16:00:00-04:00,0.0,4463.0,hit,4463.0,hit,4463.0,hit,,never_hit,,never_hit,,never_hit,,never_hit,9.0,hit,30.0,hit,0.0,hit,30.0,hit,33.0,hit,92.0,hit,,,True,True,True,False,3.0,,,True,True,True,False,3.0,,,True,True,True,False,3.0,,,True,True,True,False,3.0,,,,,,,,,,,,,,,,,,,,,,,,,,,,,,,,,,,,,,,,,,,,,,,,,,,,,,,,,,,,,,,,,2951
2025-10-06,2025-10-08,2,5.0,2025-10-06T09:31:00-04:00,5.099999999999994,NDXP  251008P25100000,NDXP  251008P25090000,validation,False,False,0,0,0,4,0,1191,available,False,2025-10-06T09:31:00-04:00,2025-10-08T15:55:00-04:00,0.17500000000000004,9597.03999999999,5.0,last_observed_quote_not_settlement,1036.0,1009,145,5.5,-1052.9600000000107,2025-10-06T09:32:00-04:00,0.0,6.699999999999989,-3452.9599999999878,2025-10-06T09:33:00-04:00,0.0,5.100000000000023,-252.96000000005614,2025-10-06T09:36:00-04:00,0.0,7.550000000000011,-5152.960000000034,2025-10-06T09:41:00-04:00,0.0,6.099999999999994,-2252.959999999999,2025-10-06T09:46:00-04:00,0.0,4.300000000000011,1347.0399999999665,2025-10-06T10:01:00-04:00,0.0,6.699999999999989,-3452.9599999999878,2025-10-06T10:31:00-04:00,0.0,7.049999999999983,-4152.959999999976,2025-10-06T11:31:00-04:00,0.0,6.249999999999972,-2552.9599999999537,2025-10-06T16:00:00-04:00,0.0,9.299999999999983,-8652.959999999977,2025-10-07T16:00:00-04:00,0.0,,,2025-10-08T15:55:00-04:00,300.0,,,,,0.0,hit,7.0,hit,45.0,hit,273.0,hit,3260.0,hit,3260.0,hit,3261.0,hit,2.0,hit,2.0,hit,4.0,hit,39.0,hit,90.0,hit,1556.0,hit,9.100000000000023,179,True,True,True,True,,10.0,1009,True,True,True,True,,10.0,1009,True,True,True,True,,10.0,1009,True,True,True,True,,3235.0,2025-10-08T15:26:00-04:00,2.9499999999999993,4047.039999999991,3236.0,2025-10-08T15:27:00-04:00,2.5999999999999996,4747.03999999999,3237.0,2025-10-08T15:28:00-04:00,2.65,4647.039999999989,3236.0,2025-10-08T15:27:00-04:00,2.5999999999999996,4747.03999999999,3260.0,2025-10-08T15:51:00-04:00,0.925,8097.039999999988,3261.0,2025-10-08T15:52:00-04:00,0.35,9247.03999999999,3262.0,2025-10-08T15:53:00-04:00,0.19999999999999996,9547.03999999999,3261.0,2025-10-08T15:52:00-04:00,0.35,9247.03999999999,3260.0,2025-10-08T15:51:00-04:00,0.925,8097.039999999988,3261.0,2025-10-08T15:52:00-04:00,0.35,9247.03999999999,3262.0,2025-10-08T15:53:00-04:00,0.19999999999999996,9547.03999999999,3261.0,2025-10-08T15:52:00-04:00,0.35,9247.03999999999,3261.0,2025-10-08T15:52:00-04:00,0.35,9247.03999999999,3262.0,2025-10-08T15:53:00-04:00,0.19999999999999996,9547.03999999999,3263.0,2025-10-08T15:54:00-04:00,0.42500000000000004,9097.03999999999,3262.0,2025-10-08T15:53:00-04:00,0.19999999999999996,9547.03999999999,2952
2025-10-06,2025-10-08,2,6.0,2025-10-06T09:31:00-04:00,5.900000000000006,NDXP  251008P25060000,NDXP  251008P25050000,validation,False,False,0,0,5,5,0,1183,available,False,2025-10-06T09:31:00-04:00,2025-10-08T15:51:00-04:00,0.024999999999999967,11497.040000000012,9.0,last_observed_quote_not_settlement,1036.0,544,143,5.099999999999966,1347.0400000000802,2025-10-06T09:32:00-04:00,0.0,5.25,1047.040000000012,2025-10-06T09:33:00-04:00,0.0,6.650000000000006,-1752.9599999999994,2025-10-06T09:36:00-04:00,0.0,3.6000000000000227,4347.039999999966,2025-10-06T09:41:00-04:00,0.0,4.799999999999983,1947.0400000000461,2025-10-06T09:46:00-04:00,0.0,7.400000000000006,-3252.959999999999,2025-10-06T10:01:00-04:00,0.0,6.75,-1952.959999999988,2025-10-06T10:31:00-04:00,0.0,5.749999999999972,47.04000000006892,2025-10-06T11:31:00-04:00,0.0,5.75,47.04000000001208,2025-10-06T16:00:00-04:00,0.0,9.049999999999955,-6552.959999999899,2025-10-07T16:00:00-04:00,0.0,,,2025-10-08T15:51:00-04:00,540.0,,,,,1.0,hit,4.0,hit,10.0,hit,3138.0,hit,3161.0,hit,3224.0,hit,3235.0,hit,5.0,hit,7.0,hit,7.0,hit,11.0,hit,89.0,hit,1560.0,hit,10.0,544,True,True,True,True,,10.0,544,True,True,True,True,,10.0,544,True,True,True,True,,10.0,544,True,True,True,True,,3138.0,2025-10-08T13:49:00-04:00,2.4000000000000004,6747.040000000011,3139.0,2025-10-08T13:50:00-04:00,2.799999999999999,5947.0400000000145,3140.0,2025-10-08T13:51:00-04:00,2.9000000000000004,5747.040000000011,3139.0,2025-10-08T13:50:00-04:00,2.799999999999999,5947.0400000000145,3161.0,2025-10-08T14:12:00-04:00,1.9500000000000002,7647.040000000012,3164.0,2025-10-08T14:15:00-04:00,1.75,8047.040000000012,3168.0,2025-10-08T14:19:00-04:00,1.6000000000000005,8347.040000000012,3162.0,2025-10-08T14:13:00-04:00,2.099999999999998,7347.040000000016,3224.0,2025-10-08T15:15:00-04:00,0.95,9647.040000000012,3225.0,2025-10-08T15:16:00-04:00,0.675,10197.040000000012,3226.0,2025-10-08T15:17:00-04:00,0.7249999999999999,10097.040000000014,3225.0,2025-10-08T15:16:00-04:00,0.675,10197.040000000012,3235.0,2025-10-08T15:26:00-04:00,0.34999999999999987,10847.040000000014,3236.0,2025-10-08T15:27:00-04:00,0.34999999999999987,10847.040000000014,3237.0,2025-10-08T15:28:00-04:00,0.325,10897.040000000012,3236.0,2025-10-08T15:27:00-04:00,0.34999999999999987,10847.040000000014,2953
2025-10-06,2025-10-08,2,7.0,2025-10-06T09:31:00-04:00,7.0,NDXP  251008P25170000,NDXP  251008P25160000,validation,False,False,0,0,0,96,0,1104,available,False,2025-10-06T09:31:00-04:00,2025-10-08T16:00:00-04:00,10.0,-6152.96,0.0,last_observed_quote_not_settlement,1036.0,918,76,6.699999999999989,347.04000000002344,2025-10-06T09:32:00-04:00,0.0,7.399999999999977,-1052.9599999999539,2025-10-06T09:33:00-04:00,0.0,7.449999999999989,-1152.9599999999766,2025-10-06T09:36:00-04:00,0.0,7.349999999999994,-952.959999999988,2025-10-06T09:41:00-04:00,0.0,7.799999999999983,-1852.9599999999652,2025-10-06T09:46:00-04:00,0.0,7.400000000000006,-1052.9600000000107,2025-10-06T10:01:00-04:00,0.0,7.899999999999977,-2052.9599999999537,2025-10-06T10:31:00-04:00,0.0,7.899999999999977,-2052.9599999999537,2025-10-06T11:31:00-04:00,0.0,8.399999999999977,-3052.9599999999555,2025-10-06T16:00:00-04:00,0.0,9.800000000000068,-5852.960000000137,2025-10-07T16:00:00-04:00,0.0,10.0,-6152.96,2025-10-08T16:00:00-04:00,0.0,,,,,168.0,hit,295.0,hit,,never_hit,,never_hit,,never_hit,,never_hit,,never_hit,3.0,hit,24.0,hit,0.0,hit,24.0,hit,155.0,hit,206.0,hit,,,True,True,True,False,2.0,,,True,True,True,False,2.0,,,True,True,True,False,2.0,,,True,True,True,False,2.0,,,,,,,,,,,,,,,,,,,,,,,,,,,,,,,,,,,,,,,,,,,,,,,,,,,,,,,,,,,,,,,,,2954
2025-10-06,2025-10-09,3,5.0,2025-10-06T09:31:00-04:00,5.0,NDXP  251009P25020000,NDXP  251009P25010000,validation,False,False,0,0,5,1,0,1594,available,False,2025-10-06T09:31:00-04:00,2025-10-09T15:51:00-04:00,0.04999999999999999,9647.040000000003,9.0,last_observed_quote_not_settlement,1036.0,441,92,4.700000000000017,347.0399999999666,2025-10-06T09:32:00-04:00,0.0,5.0,-252.9599999999993,2025-10-06T09:33:00-04:00,0.0,4.650000000000006,447.03999999998933,2025-10-06T09:36:00-04:00,0.0,5.050000000000011,-352.96000000002203,2025-10-06T09:41:00-04:00,0.0,5.100000000000023,-452.9600000000448,2025-10-06T09:46:00-04:00,0.0,4.650000000000034,447.0399999999325,2025-10-06T10:01:00-04:00,0.0,5.0,-252.9599999999993,2025-10-06T10:31:00-04:00,0.0,4.950000000000017,-152.9600000000334,2025-10-06T11:31:00-04:00,0.0,5.050000000000011,-352.96000000002203,2025-10-06T16:00:00-04:00,0.0,6.399999999999977,-3052.9599999999537,2025-10-07T16:00:00-04:00,0.0,1.8500000000000014,6047.039999999998,2025-10-08T16:00:00-04:00,0.0,,,2025-10-09T15:51:00-04:00,540.0,0.0,hit,0.0,hit,9.0,hit,9.0,hit,9.0,hit,4670.0,hit,4677.0,hit,27.0,hit,65.0,hit,66.0,hit,81.0,hit,,never_hit,,never_hit,5.0,0,False,False,False,False,,5.0,0,False,False,False,False,,8.75,441,True,True,False,False,,8.75,441,True,True,False,False,,9.0,2025-10-06T09:40:00-04:00,1.0500000000000114,7647.039999999978,3119.0,2025-10-08T13:30:00-04:00,2.9499999999999957,3847.040000000009,3120.0,2025-10-08T13:31:00-04:00,2.9499999999999957,3847.040000000009,10.0,2025-10-06T09:41:00-04:00,5.050000000000011,-352.96000000002203,9.0,2025-10-06T09:40:00-04:00,1.0500000000000114,7647.039999999978,3265.0,2025-10-08T15:56:00-04:00,1.8499999999999979,6047.0400000000045,3266.0,2025-10-08T15:57:00-04:00,1.75,6247.040000000001,10.0,2025-10-06T09:41:00-04:00,5.050000000000011,-352.96000000002203,4671.0,2025-10-09T15:22:00-04:00,0.8250000000000002,8097.04,4672.0,2025-10-09T15:23:00-04:00,0.9250000000000003,7897.039999999999,4673.0,2025-10-09T15:24:00-04:00,0.8499999999999996,8047.040000000002,4672.0,2025-10-09T15:23:00-04:00,0.9250000000000003,7897.039999999999,4686.0,2025-10-09T15:37:00-04:00,0.3500000000000001,9047.04,4687.0,2025-10-09T15:38:00-04:00,0.3749999999999999,8997.04,4688.0,2025-10-09T15:39:00-04:00,0.22499999999999998,9297.04,4687.0,2025-10-09T15:38:00-04:00,0.3749999999999999,8997.04,2955
2025-10-06,2025-10-09,3,6.0,2025-10-06T09:31:00-04:00,6.0,NDXP  251009P25140000,NDXP  251009P25130000,validation,False,False,0,0,0,29,0,1576,available,False,2025-10-06T09:31:00-04:00,2025-10-09T16:00:00-04:00,8.899999999999999,-6052.959999999998,0.0,last_observed_quote_not_settlement,1036.0,1203,150,6.550000000000011,-1352.960000000022,2025-10-06T09:32:00-04:00,0.0,6.700000000000017,-1652.9600000000335,2025-10-06T09:33:00-04:00,0.0,6.400000000000006,-1052.9600000000107,2025-10-06T09:36:00-04:00,0.0,6.400000000000034,-1052.9600000000676,2025-10-06T09:41:00-04:00,0.0,7.050000000000011,-2352.960000000022,2025-10-06T09:46:00-04:00,0.0,6.399999999999977,-1052.9599999999539,2025-10-06T10:01:00-04:00,0.0,6.849999999999994,-1952.959999999988,2025-10-06T10:31:00-04:00,0.0,6.550000000000011,-1352.960000000022,2025-10-06T11:31:00-04:00,0.0,6.599999999999994,-1452.959999999988,2025-10-06T16:00:00-04:00,0.0,8.449999999999932,-5152.9599999998645,2025-10-07T16:00:00-04:00,0.0,7.349999999999994,-2952.9599999999878,2025-10-08T16:00:00-04:00,0.0,8.899999999999999,-6052.959999999998,2025-10-09T16:00:00-04:00,0.0,24.0,hit,155.0,hit,213.0,hit,,never_hit,,never_hit,,never_hit,,never_hit,1.0,hit,15.0,hit,15.0,hit,401.0,hit,401.0,hit,1795.0,hit,,,True,True,True,False,2.349999999999966,,,True,True,True,False,2.349999999999966,,,True,True,True,False,2.349999999999966,,,True,True,True,False,2.349999999999966,,,,,,,,,,,,,,,,,,,,,,,,,,,,,,,,,,,,,,,,,,,,,,,,,,,,,,,,,,,,,,,,,2956
2025-10-06,2025-10-09,3,7.0,2025-10-06T09:31:00-04:00,7.0,NDXP  251009P25170000,NDXP  251009P25160000,validation,False,False,0,0,0,37,0,1568,available,False,2025-10-06T09:31:00-04:00,2025-10-09T16:00:00-04:00,9.999999999999993,-6152.96,0.0,last_observed_quote_not_settlement,1036.0,1024,194,6.550000000000011,647.0399999999779,2025-10-06T09:32:00-04:00,0.0,6.599999999999994,547.040000000012,2025-10-06T09:33:00-04:00,0.0,6.849999999999966,47.04000000006892,2025-10-06T09:36:00-04:00,0.0,6.799999999999983,147.0400000000348,2025-10-06T09:41:00-04:00,0.0,6.7000000000000455,347.03999999990975,2025-10-06T09:46:00-04:00,0.0,6.699999999999989,347.04000000002344,2025-10-06T10:01:00-04:00,0.0,7.2000000000000455,-652.9600000000903,2025-10-06T10:31:00-04:00,0.0,6.900000000000006,-52.96000000001066,2025-10-06T11:31:00-04:00,0.0,7.050000000000011,-352.96000000002203,2025-10-06T16:00:00-04:00,0.0,9.149999999999977,-4552.9599999999555,2025-10-07T16:00:00-04:00,0.0,5.75,2247.040000000001,2025-10-08T16:00:00-04:00,0.0,9.999999999999993,-6152.96,2025-10-09T16:00:00-04:00,0.0,231.0,hit,232.0,hit,232.0,hit,,never_hit,,never_hit,,never_hit,,never_hit,14.0,hit,24.0,hit,0.0,hit,24.0,hit,278.0,hit,1522.0,hit,,,True,True,True,False,3.200000000000017,,,True,True,True,False,3.200000000000017,,,True,True,True,False,3.200000000000017,,,True,True,True,False,3.200000000000017,,,,,,,,,,,,,,,,,,,,,,,,,,,,,,,,,,,,,,,,,,,,,,,,,,,,,,,,,,,,,,,,,2957
2025-10-07,2025-10-09,2,5.0,2025-10-07T09:31:00-04:00,5.099999999999994,NDXP  251009P25070000,NDXP  251009P25060000,validation,False,False,0,0,0,0,0,1199,available,False,2025-10-07T09:31:00-04:00,2025-10-09T15:59:00-04:00,0.4249999999999999,9097.03999999999,1.0,last_observed_quote_not_settlement,1036.0,665,50,4.900000000000006,147.03999999997797,2025-10-07T09:32:00-04:00,0.0,4.849999999999994,247.04000000000067,2025-10-07T09:33:00-04:00,0.0,4.6000000000000085,747.0399999999722,2025-10-07T09:36:00-04:00,0.0,4.300000000000011,1347.0399999999665,2025-10-07T09:41:00-04:00,0.0,4.849999999999994,247.04000000000067,2025-10-07T09:46:00-04:00,0.0,4.599999999999994,747.0400000000006,2025-10-07T10:01:00-04:00,0.0,5.100000000000023,-252.96000000005614,2025-10-07T10:31:00-04:00,0.0,7.199999999999989,-4452.959999999988,2025-10-07T11:31:00-04:00,0.0,8.199999999999989,-6452.95999999999,2025-10-07T16:00:00-04:00,0.0,0.7999999999999972,8347.039999999995,2025-10-08T16:00:00-04:00,0.0,,,2025-10-09T15:59:00-04:00,60.0,,,,,0.0,hit,1.0,hit,28.0,hit,28.0,hit,1829.0,hit,1829.0,hit,3266.0,hit,66.0,hit,66.0,hit,74.0,hit,114.0,hit,1477.0,hit,3112.0,hit,5.300000000000011,1,False,False,False,False,,9.400000000000006,456,True,True,True,True,,9.400000000000006,456,True,True,True,True,,10.0,665,True,True,True,True,,28.0,2025-10-07T09:59:00-04:00,2.799999999999997,4347.039999999995,1822.0,2025-10-08T15:53:00-04:00,2.799999999999997,4347.039999999995,1823.0,2025-10-08T15:54:00-04:00,2.8000000000000043,4347.039999999981,29.0,2025-10-07T10:00:00-04:00,3.950000000000003,2047.0399999999836,1829.0,2025-10-08T16:00:00-04:00,0.7999999999999972,8347.039999999995,3261.0,2025-10-09T15:52:00-04:00,1.375,7197.039999999989,3262.0,2025-10-09T15:53:00-04:00,1.2249999999999999,7497.039999999989,1830.0,2025-10-08T16:01:00-04:00,2.799999999999997,4347.039999999995,1829.0,2025-10-08T16:00:00-04:00,0.7999999999999972,8347.039999999995,3264.0,2025-10-09T15:55:00-04:00,0.55,8847.039999999988,3265.0,2025-10-09T15:56:00-04:00,0.525,8897.03999999999,1830.0,2025-10-08T16:01:00-04:00,2.799999999999997,4347.039999999995,3266.0,2025-10-09T15:57:00-04:00,0.32500000000000007,9297.03999999999,,,,,,,,,3267.0,2025-10-09T15:58:00-04:00,1.4000000000000001,7147.039999999989,2958
2025-10-07,2025-10-09,2,6.0,2025-10-07T09:31:00-04:00,6.050000000000011,NDXP  251009P25140000,NDXP  251009P25130000,validation,False,False,0,0,0,29,0,1171,available,False,2025-10-07T09:31:00-04:00,2025-10-09T16:00:00-04:00,8.899999999999999,-5952.9599999999755,0.0,last_observed_quote_not_settlement,1036.0,917,83,5.75,347.04000000002344,2025-10-07T09:32:00-04:00,0.0,6.199999999999989,-552.9599999999539,2025-10-07T09:33:00-04:00,0.0,5.399999999999977,1047.0400000000689,2025-10-07T09:36:00-04:00,0.0,5.699999999999989,447.0400000000462,2025-10-07T09:41:00-04:00,0.0,6.050000000000011,-252.9599999999993,2025-10-07T09:46:00-04:00,0.0,6.799999999999983,-1752.9599999999425,2025-10-07T10:01:00-04:00,0.0,6.400000000000006,-952.959999999988,2025-10-07T10:31:00-04:00,0.0,8.050000000000011,-4252.960000000001,2025-10-07T11:31:00-04:00,0.0,8.449999999999932,-5052.959999999842,2025-10-07T16:00:00-04:00,0.0,7.349999999999994,-2852.959999999965,2025-10-08T16:00:00-04:00,0.0,8.899999999999999,-5952.9599999999755,2025-10-09T16:00:00-04:00,0.0,,,,,5.0,hit,1481.0,hit,1826.0,hit,,never_hit,,never_hit,,never_hit,,never_hit,28.0,hit,28.0,hit,28.0,hit,28.0,hit,254.0,hit,355.0,hit,,,True,True,True,False,2.3500000000000085,,,True,True,True,False,2.3500000000000085,,,True,True,True,False,2.3500000000000085,,,True,True,True,False,2.3500000000000085,,,,,,,,,,,,,,,,,,,,,,,,,,,,,,,,,,,,,,,,,,,,,,,,,,,,,,,,,,,,,,,,,2959
2025-10-07,2025-10-09,2,7.0,2025-10-07T09:31:00-04:00,7.249999999999972,NDXP  251009P25210000,NDXP  251009P25200000,validation,False,False,0,0,0,84,0,1116,available,False,2025-10-07T09:31:00-04:00,2025-10-09T15:57:00-04:00,10.0,-5652.960000000056,3.0,last_observed_quote_not_settlement,1036.0,945,104,,,2025-10-07T09:31:00-04:00,60.0,7.300000000000011,-352.9600000000789,2025-10-07T09:33:00-04:00,0.0,7.050000000000011,147.03999999992112,2025-10-07T09:36:00-04:00,0.0,6.899999999999977,447.03999999998933,2025-10-07T09:41:00-04:00,0.0,6.799999999999983,647.0399999999779,2025-10-07T09:46:00-04:00,0.0,7.850000000000023,-1452.9600000001017,2025-10-07T10:01:00-04:00,0.0,7.5,-752.9600000000562,2025-10-07T10:31:00-04:00,0.0,8.950000000000045,-3652.9600000001487,2025-10-07T11:31:00-04:00,0.0,8.849999999999966,-3452.9599999999896,2025-10-07T16:00:00-04:00,0.0,5.3500000000000085,3547.0399999999267,2025-10-08T16:00:00-04:00,0.0,,,2025-10-09T15:57:00-04:00,180.0,,,,,1755.0,hit,1839.0,hit,,never_hit,,never_hit,,never_hit,,never_hit,,never_hit,7.0,hit,7.0,hit,0.0,hit,7.0,hit,7.0,hit,146.0,hit,,,True,True,True,False,2.299999999999983,,,True,True,True,False,2.299999999999983,,,True,True,True,False,2.299999999999983,,,True,True,True,False,2.299999999999983,,,,,,,,,,,,,,,,,,,,,,,,,,,,,,,,,,,,,,,,,,,,,,,,,,,,,,,,,,,,,,,,,2960
2025-10-07,2025-10-10,3,5.0,2025-10-07T09:31:00-04:00,5.0,NDXP  251010P25090000,NDXP  251010P25080000,validation,False,False,0,0,0,50,0,1553,available,False,2025-10-07T09:31:00-04:00,2025-10-10T16:00:00-04:00,0.0,9747.04,0.0,last_observed_quote_not_settlement,1036.0,810,70,5.0,-252.9599999999993,2025-10-07T09:32:00-04:00,0.0,5.0,-252.9599999999993,2025-10-07T09:33:00-04:00,0.0,4.75,247.04000000000067,2025-10-07T09:36:00-04:00,0.0,5.0,-252.9599999999993,2025-10-07T09:41:00-04:00,0.0,4.849999999999966,47.04000000006892,2025-10-07T09:46:00-04:00,0.0,4.650000000000006,447.03999999998933,2025-10-07T10:01:00-04:00,0.0,5.049999999999983,-352.9599999999652,2025-10-07T10:31:00-04:00,0.0,6.699999999999989,-3652.9599999999764,2025-10-07T11:31:00-04:00,0.0,7.0,-4252.959999999999,2025-10-07T16:00:00-04:00,0.0,3.299999999999997,3147.0400000000063,2025-10-08T16:00:00-04:00,0.0,3.5,2747.040000000001,2025-10-09T16:00:00-04:00,0.0,0.0,9747.04,2025-10-10T16:00:00-04:00,0.0,0.0,hit,0.0,hit,29.0,hit,1824.0,hit,3071.0,hit,4357.0,hit,4709.0,hit,28.0,hit,28.0,hit,80.0,hit,1453.0,hit,4411.0,hit,4415.0,hit,8.550000000000011,447,True,True,False,False,,8.550000000000011,485,True,True,False,False,,8.550000000000011,606,True,True,False,False,,10.0,810,True,True,True,True,,1824.0,2025-10-08T15:55:00-04:00,2.700000000000017,4347.039999999966,4322.0,2025-10-10T09:33:00-04:00,2.6000000000000014,4547.039999999998,4323.0,2025-10-10T09:34:00-04:00,2.8000000000000114,4147.039999999978,1825.0,2025-10-08T15:56:00-04:00,3.200000000000003,3347.039999999995,3071.0,2025-10-09T12:42:00-04:00,1.9499999999999886,5847.040000000024,4328.0,2025-10-10T09:39:00-04:00,1.8500000000000014,6047.039999999998,4329.0,2025-10-10T09:40:00-04:00,1.8000000000000007,6147.039999999999,3072.0,2025-10-09T12:43:00-04:00,5.199999999999989,-652.9599999999766,4357.0,2025-10-10T10:08:00-04:00,0.8000000000000043,8147.039999999993,,,,,,,,,4358.0,2025-10-10T10:09:00-04:00,2.0,5747.040000000001,4709.0,2025-10-10T16:00:00-04:00,0.0,9747.04,,,,,,,,,,,,,2961
2025-10-07,2025-10-10,3,6.0,2025-10-07T09:31:00-04:00,5.900000000000006,NDXP  251010P25160000,NDXP  251010P25150000,validation,False,False,0,0,0,77,0,1524,available,False,2025-10-07T09:31:00-04:00,2025-10-10T15:59:00-04:00,10.0,-8352.959999999988,1.0,last_observed_quote_not_settlement,1036.0,1064,204,6.75,-1952.959999999988,2025-10-07T09:32:00-04:00,0.0,6.300000000000011,-1052.9600000000107,2025-10-07T09:33:00-04:00,0.0,7.350000000000023,-3152.9600000000332,2025-10-07T09:36:00-04:00,0.0,5.550000000000011,447.03999999998933,2025-10-07T09:41:00-04:00,0.0,4.900000000000006,1747.0400000000006,2025-10-07T09:46:00-04:00,0.0,6.25,-952.959999999988,2025-10-07T10:01:00-04:00,0.0,6.349999999999994,-1152.9599999999766,2025-10-07T10:31:00-04:00,0.0,7.5,-3452.9599999999878,2025-10-07T11:31:00-04:00,0.0,8.100000000000023,-4652.9600000000355,2025-10-07T16:00:00-04:00,0.0,4.400000000000006,2747.040000000001,2025-10-08T16:00:00-04:00,0.0,5.25,1047.040000000012,2025-10-09T16:00:00-04:00,0.0,,,2025-10-10T15:59:00-04:00,60.0,15.0,hit,15.0,hit,26.0,hit,4335.0,hit,,never_hit,,never_hit,,never_hit,1.0,hit,3.0,hit,3.0,hit,7.0,hit,1503.0,hit,3129.0,hit,9.599999999999994,896,True,True,True,True,,,,True,True,True,False,3.2500000000000036,,,True,True,True,False,3.2500000000000036,,,True,True,True,False,3.2500000000000036,4335.0,2025-10-10T09:46:00-04:00,2.8999999999999986,5747.0400000000145,,,,,,,,,4336.0,2025-10-10T09:47:00-04:00,3.049999999999997,5447.040000000018,,,,,,,,,,,,,,,,,,,,,,,,,,,,,,,,,,,,,,,,,,,,,,,,,2962
2025-10-07,2025-10-10,3,7.0,2025-10-07T09:31:00-04:00,6.949999999999989,NDXP  251010P25240000,NDXP  251010P25230000,validation,False,False,0,0,0,40,0,1561,available,False,2025-10-07T09:31:00-04:00,2025-10-10T15:59:00-04:00,10.0,-6252.960000000023,1.0,last_observed_quote_not_settlement,1036.0,1285,141,6.5,647.0399999999779,2025-10-07T09:32:00-04:00,0.0,7.0,-352.96000000002203,2025-10-07T09:33:00-04:00,0.0,6.849999999999966,-52.959999999953816,2025-10-07T09:36:00-04:00,0.0,6.549999999999983,547.040000000012,2025-10-07T09:41:00-04:00,0.0,6.800000000000011,47.039999999955235,2025-10-07T09:46:00-04:00,0.0,6.699999999999989,247.04000000000067,2025-10-07T10:01:00-04:00,0.0,7.100000000000023,-552.9600000000676,2025-10-07T10:31:00-04:00,0.0,8.199999999999989,-2752.960000000001,2025-10-07T11:31:00-04:00,0.0,8.75,-3852.9600000000237,2025-10-07T16:00:00-04:00,0.0,6.0,1647.039999999978,2025-10-08T16:00:00-04:00,0.0,8.050000000000011,-2452.9600000000464,2025-10-09T16:00:00-04:00,0.0,,,2025-10-10T15:59:00-04:00,60.0,46.0,hit,46.0,hit,,never_hit,,never_hit,,never_hit,,never_hit,,never_hit,76.0,hit,95.0,hit,2.0,hit,95.0,hit,146.0,hit,1621.0,hit,,,True,True,True,False,2.849999999999966,,,True,True,True,False,2.849999999999966,,,True,True,True,False,2.849999999999966,,,True,True,True,False,2.849999999999966,,,,,,,,,,,,,,,,,,,,,,,,,,,,,,,,,,,,,,,,,,,,,,,,,,,,,,,,,,,,,,,,,2963
2025-10-08,2025-10-10,2,5.0,2025-10-08T09:31:00-04:00,5.099999999999994,NDXP  251010P24970000,NDXP  251010P24960000,validation,False,False,0,0,0,58,0,1139,available,False,2025-10-08T09:31:00-04:00,2025-10-10T15:58:00-04:00,10.0,-9952.96000000001,2.0,last_observed_quote_not_settlement,1036.0,197,14,4.949999999999989,47.04000000001208,2025-10-08T09:32:00-04:00,0.0,4.599999999999994,747.0400000000006,2025-10-08T09:33:00-04:00,0.0,4.599999999999994,747.0400000000006,2025-10-08T09:36:00-04:00,0.0,4.450000000000017,1047.0399999999552,2025-10-08T09:41:00-04:00,0.0,4.499999999999986,947.0400000000177,2025-10-08T09:46:00-04:00,0.0,3.750000000000014,2447.039999999961,2025-10-08T10:01:00-04:00,0.0,3.450000000000017,3047.0399999999554,2025-10-08T10:31:00-04:00,0.0,3.0,3947.0399999999895,2025-10-08T11:31:00-04:00,0.0,1.9500000000000028,6047.039999999984,2025-10-08T16:00:00-04:00,0.0,1.8000000000000007,6347.039999999988,2025-10-09T16:00:00-04:00,0.0,,,2025-10-10T15:58:00-04:00,120.0,,,,,0.0,hit,1.0,hit,25.0,hit,115.0,hit,358.0,hit,2881.0,hit,2897.0,hit,37.0,hit,53.0,hit,2972.0,hit,2978.0,hit,2990.0,hit,2999.0,hit,6.6499999999999915,2,False,False,False,False,,6.6499999999999915,2,False,False,False,False,,6.6499999999999915,2,False,False,False,False,,6.6499999999999915,2,False,False,False,False,,117.0,2025-10-08T11:28:00-04:00,2.9000000000000057,4147.039999999978,139.0,2025-10-08T11:50:00-04:00,2.9499999999999886,4047.040000000012,140.0,2025-10-08T11:51:00-04:00,2.799999999999983,4347.040000000024,118.0,2025-10-08T11:29:00-04:00,3.0,3947.0399999999895,380.0,2025-10-08T15:51:00-04:00,1.8999999999999986,6147.039999999992,381.0,2025-10-08T15:52:00-04:00,1.9000000000000057,6147.039999999978,382.0,2025-10-08T15:53:00-04:00,1.8999999999999915,6147.040000000006,381.0,2025-10-08T15:52:00-04:00,1.9000000000000057,6147.039999999978,2885.0,2025-10-10T09:36:00-04:00,0.8999999999999986,8147.039999999993,2886.0,2025-10-10T09:37:00-04:00,0.8000000000000007,8347.039999999988,2887.0,2025-10-10T09:38:00-04:00,0.6999999999999993,8547.039999999992,2886.0,2025-10-10T09:37:00-04:00,0.8000000000000007,8347.039999999988,2897.0,2025-10-10T09:48:00-04:00,0.4499999999999993,9047.039999999992,2958.0,2025-10-10T10:49:00-04:00,0.3500000000000001,9247.03999999999,2959.0,2025-10-10T10:50:00-04:00,0.3500000000000001,9247.03999999999,2898.0,2025-10-10T09:49:00-04:00,0.5,8947.03999999999,2964
2025-10-08,2025-10-10,2,6.0,2025-10-08T09:31:00-04:00,6.0,NDXP  251010P25030000,NDXP  251010P25020000,validation,False,False,0,0,0,39,0,1156,available,False,2025-10-08T09:31:00-04:00,2025-10-10T16:00:00-04:00,10.0,-8152.96,0.0,last_observed_quote_not_settlement,1036.0,215,27,5.699999999999989,347.04000000002344,2025-10-08T09:32:00-04:00,0.0,5.749999999999972,247.04000000005752,2025-10-08T09:33:00-04:00,0.0,5.75,247.04000000000067,2025-10-08T09:36:00-04:00,0.0,3.700000000000017,4347.039999999966,2025-10-08T09:41:00-04:00,0.0,7.0,-2252.959999999999,2025-10-08T09:46:00-04:00,0.0,4.799999999999983,2147.040000000035,2025-10-08T10:01:00-04:00,0.0,4.200000000000003,3347.039999999995,2025-10-08T10:31:00-04:00,0.0,3.9499999999999886,3847.0400000000236,2025-10-08T11:31:00-04:00,0.0,2.4000000000000057,6947.039999999989,2025-10-08T16:00:00-04:00,0.0,2.3999999999999915,6947.040000000018,2025-10-09T16:00:00-04:00,0.0,10.0,-8152.96,2025-10-10T16:00:00-04:00,0.0,,,,,3.0,hit,3.0,hit,10.0,hit,29.0,hit,1632.0,hit,1632.0,hit,,never_hit,4.0,hit,4.0,hit,4.0,hit,2971.0,hit,2986.0,hit,2996.0,hit,7.399999999999977,3,True,False,False,False,,7.399999999999977,4,True,False,False,False,,7.399999999999977,4,True,False,False,False,,,,True,True,True,False,5.300000000000001,279.0,2025-10-08T14:10:00-04:00,2.9499999999999886,5847.040000000024,284.0,2025-10-08T14:15:00-04:00,2.9000000000000057,5947.039999999989,288.0,2025-10-08T14:19:00-04:00,2.8500000000000085,6047.039999999984,280.0,2025-10-08T14:11:00-04:00,2.999999999999986,5747.040000000029,1632.0,2025-10-09T12:43:00-04:00,0.9000000000000057,9947.03999999999,2882.0,2025-10-10T09:33:00-04:00,1.5499999999999972,8647.040000000008,2883.0,2025-10-10T09:34:00-04:00,1.8000000000000043,8147.039999999993,1633.0,2025-10-09T12:44:00-04:00,3.5,4747.040000000001,1632.0,2025-10-09T12:43:00-04:00,0.9000000000000057,9947.03999999999,2896.0,2025-10-10T09:47:00-04:00,0.8500000000000014,10047.039999999999,2897.0,2025-10-10T09:48:00-04:00,0.8500000000000014,10047.039999999999,1633.0,2025-10-09T12:44:00-04:00,3.5,4747.040000000001,,,,,,,,,,,,,,,,,2965
2025-10-08,2025-10-10,2,7.0,2025-10-08T09:31:00-04:00,7.100000000000023,NDXP  251010P25100000,NDXP  251010P25090000,validation,False,False,0,0,2,61,0,1135,available,False,2025-10-08T09:31:00-04:00,2025-10-10T15:58:00-04:00,7.5,-1052.9599999999539,2.0,last_observed_quote_not_settlement,1036.0,199,38,6.800000000000011,347.04000000002344,2025-10-08T09:32:00-04:00,0.0,6.25,1447.0400000000461,2025-10-08T09:33:00-04:00,0.0,6.849999999999994,247.04000000005752,2025-10-08T09:36:00-04:00,0.0,6.25,1447.0400000000461,2025-10-08T09:41:00-04:00,0.0,7.800000000000011,-1652.9599999999766,2025-10-08T09:46:00-04:00,0.0,5.75,2447.0400000000463,2025-10-08T10:01:00-04:00,0.0,5.25,3447.0400000000463,2025-10-08T10:31:00-04:00,0.0,5.199999999999989,3547.040000000069,2025-10-08T11:31:00-04:00,0.0,3.3499999999999943,7247.040000000057,2025-10-08T16:00:00-04:00,0.0,3.75,6447.040000000046,2025-10-09T16:00:00-04:00,0.0,,,2025-10-10T15:58:00-04:00,120.0,,,,,4.0,hit,8.0,hit,25.0,hit,78.0,hit,404.0,hit,404.0,hit,,never_hit,15.0,hit,1631.0,hit,0.0,hit,1631.0,hit,1631.0,hit,2988.0,hit,7.800000000000011,8,True,False,False,False,,7.950000000000017,12,True,False,False,False,,7.950000000000017,12,True,False,False,False,,,,True,True,True,False,6.100000000000023,78.0,2025-10-08T10:49:00-04:00,2.8000000000000114,8347.040000000025,2882.0,2025-10-10T09:33:00-04:00,2.799999999999997,8347.040000000054,2883.0,2025-10-10T09:34:00-04:00,2.9499999999999957,8047.0400000000545,79.0,2025-10-08T10:50:00-04:00,4.300000000000011,5347.040000000024,404.0,2025-10-08T16:15:00-04:00,1.0,11947.040000000046,2894.0,2025-10-10T09:45:00-04:00,1.8999999999999986,10147.04000000005,2895.0,2025-10-10T09:46:00-04:00,1.6499999999999986,10647.04000000005,,,,,,,,,,,,,,,,,,,,,,,,,,,,,,,,,,,,,2966
2025-10-10,2025-10-13,3,5.0,2025-10-10T09:31:00-04:00,5.0,NDXP  251013P25170000,NDXP  251013P25160000,validation,False,False,0,0,1,127,0,666,available,False,2025-10-10T09:31:00-04:00,2025-10-13T15:59:00-04:00,10.0,-10152.96,1.0,last_observed_quote_not_settlement,3918.0,493,6,4.3500000000000085,1047.0399999999836,2025-10-10T09:32:00-04:00,0.0,4.5,747.0400000000006,2025-10-10T09:33:00-04:00,0.0,4.5,747.0400000000006,2025-10-10T09:36:00-04:00,0.0,3.950000000000003,1847.039999999995,2025-10-10T09:41:00-04:00,0.0,3.5999999999999943,2547.0400000000122,2025-10-10T09:46:00-04:00,0.0,4.099999999999994,1547.040000000012,2025-10-10T10:01:00-04:00,0.0,4.549999999999997,647.0400000000063,2025-10-10T10:31:00-04:00,0.0,9.0,-8252.960000000001,2025-10-10T11:31:00-04:00,0.0,,,2025-10-10T15:59:00-04:00,60.0,,,2025-10-10T16:13:00-04:00,85620.0,,,2025-10-10T16:13:00-04:00,172020.0,,,2025-10-13T15:59:00-04:00,60.0,0.0,hit,0.0,hit,7.0,hit,,never_hit,,never_hit,,never_hit,,never_hit,65.0,hit,65.0,hit,88.0,hit,90.0,hit,93.0,hit,93.0,hit,,,True,True,True,False,1.4000000000000057,,,True,True,True,False,1.4000000000000057,,,True,True,True,False,1.4000000000000057,,,True,True,True,False,1.4000000000000057,,,,,,,,,,,,,,,,,,,,,,,,,,,,,,,,,,,,,,,,,,,,,,,,,,,,,,,,,,,,,,,,,2967
2025-10-10,2025-10-13,3,6.0,2025-10-10T09:31:00-04:00,6.099999999999966,NDXP  251013P25220000,NDXP  251013P25210000,validation,False,False,0,0,2,112,0,680,available,False,2025-10-10T09:31:00-04:00,2025-10-13T15:59:00-04:00,10.0,-7952.960000000068,1.0,last_observed_quote_not_settlement,3916.0,510,11,5.650000000000006,647.0399999999211,2025-10-10T09:32:00-04:00,0.0,5.25,1447.0399999999324,2025-10-10T09:33:00-04:00,0.0,5.750000000000014,447.03999999990407,2025-10-10T09:36:00-04:00,0.0,5.099999999999994,1747.0399999999438,2025-10-10T09:41:00-04:00,0.0,4.449999999999989,3047.0399999999554,2025-10-10T09:46:00-04:00,0.0,4.650000000000006,2647.0399999999213,2025-10-10T10:01:00-04:00,0.0,5.700000000000003,547.0399999999267,2025-10-10T10:31:00-04:00,0.0,9.299999999999955,-6652.959999999978,2025-10-10T11:31:00-04:00,0.0,6.0,-52.9600000000675,2025-10-10T16:00:00-04:00,0.0,,,2025-10-10T16:15:00-04:00,85500.0,,,2025-10-10T16:15:00-04:00,171900.0,,,2025-10-13T15:59:00-04:00,60.0,2.0,hit,9.0,hit,37.0,hit,37.0,hit,37.0,hit,,never_hit,,never_hit,88.0,hit,88.0,hit,88.0,hit,88.0,hit,91.0,hit,114.0,hit,6.1000000000000085,1,False,False,False,False,,6.1000000000000085,1,False,False,False,False,,,,True,True,True,False,4.149999999999963,,,True,True,True,False,4.149999999999963,37.0,2025-10-10T10:08:00-04:00,1.9500000000000028,8047.039999999927,,,,,,,,,38.0,2025-10-10T10:09:00-04:00,5.75,447.0399999999325,,,,,,,,,,,,,,,,,,,,,,,,,,,,,,,,,,,,,,,,,,,,,,,,,2968
2025-10-10,2025-10-13,3,7.0,2025-10-10T09:31:00-04:00,7.049999999999983,NDXP  251013P25280000,NDXP  251013P25270000,validation,False,False,0,0,0,101,0,693,available,False,2025-10-10T09:31:00-04:00,2025-10-13T15:58:00-04:00,10.0,-6052.960000000034,2.0,last_observed_quote_not_settlement,3918.0,547,36,6.600000000000023,647.0399999999211,2025-10-10T09:32:00-04:00,0.0,6.800000000000011,247.03999999994383,2025-10-10T09:33:00-04:00,0.0,6.900000000000006,47.039999999955235,2025-10-10T09:36:00-04:00,0.0,6.349999999999994,1147.039999999978,2025-10-10T09:41:00-04:00,0.0,6.299999999999983,1247.0400000000006,2025-10-10T09:46:00-04:00,0.0,6.149999999999977,1547.040000000012,2025-10-10T10:01:00-04:00,0.0,7.099999999999966,-352.9599999999652,2025-10-10T10:31:00-04:00,0.0,9.5,-5152.9600000000355,2025-10-10T11:31:00-04:00,0.0,4.9500000000000455,3947.039999999876,2025-10-10T16:00:00-04:00,0.0,,,2025-10-10T16:13:00-04:00,85620.0,,,2025-10-10T16:13:00-04:00,172020.0,,,2025-10-13T15:58:00-04:00,120.0,7.0,hit,7.0,hit,7.0,hit,7.0,hit,97.0,hit,97.0,hit,97.0,hit,28.0,hit,88.0,hit,0.0,hit,28.0,hit,91.0,hit,111.0,hit,7.049999999999983,0,True,False,False,False,,9.399999999999977,29,True,True,True,True,,9.399999999999977,29,True,True,True,True,,9.399999999999977,29,True,True,True,True,,7.0,2025-10-10T09:38:00-04:00,2.8500000000000227,8147.039999999922,,,,,,,,,8.0,2025-10-10T09:39:00-04:00,5.800000000000011,2247.039999999944,97.0,2025-10-10T11:08:00-04:00,0.39999999999997726,13047.040000000014,,,,,,,,,98.0,2025-10-10T11:09:00-04:00,9.300000000000011,-4752.960000000058,97.0,2025-10-10T11:08:00-04:00,0.39999999999997726,13047.040000000014,,,,,,,,,98.0,2025-10-10T11:09:00-04:00,9.300000000000011,-4752.960000000058,97.0,2025-10-10T11:08:00-04:00,0.39999999999997726,13047.040000000014,,,,,,,,,98.0,2025-10-10T11:09:00-04:00,9.300000000000011,-4752.960000000058,2969
2025-10-13,2025-10-15,2,5.0,2025-10-13T09:31:00-04:00,5.0,NDXP  251015P24770000,NDXP  251015P24760000,validation,False,False,0,0,0,7,0,1193,available,False,2025-10-13T09:31:00-04:00,2025-10-15T16:00:00-04:00,9.95,-10152.96,0.0,last_observed_quote_not_settlement,1036.0,460,97,4.900000000000006,-52.96000000001066,2025-10-13T09:32:00-04:00,0.0,6.349999999999994,-2952.9599999999878,2025-10-13T09:33:00-04:00,0.0,6.099999999999966,-2452.959999999931,2025-10-13T09:36:00-04:00,0.0,5.949999999999989,-2152.9599999999764,2025-10-13T09:41:00-04:00,0.0,5.600000000000023,-1452.9600000000448,2025-10-13T09:46:00-04:00,0.0,4.299999999999983,1147.0400000000348,2025-10-13T10:01:00-04:00,0.0,4.299999999999983,1147.0400000000348,2025-10-13T10:31:00-04:00,0.0,4.849999999999994,47.04000000001208,2025-10-13T11:31:00-04:00,0.0,4.349999999999994,1047.040000000012,2025-10-13T16:00:00-04:00,0.0,6.599999999999994,-3452.9599999999878,2025-10-14T16:00:00-04:00,0.0,9.95,-10152.96,2025-10-15T16:00:00-04:00,0.0,,,,,0.0,hit,0.0,hit,52.0,hit,174.0,hit,174.0,hit,2925.0,hit,,never_hit,2.0,hit,2.0,hit,1440.0,hit,1443.0,hit,1457.0,hit,3263.0,hit,6.349999999999994,55,False,False,False,False,,6.349999999999994,55,False,False,False,False,,9.150000000000034,309,True,True,True,True,,,,True,True,True,False,4.199999999999999,174.0,2025-10-13T12:25:00-04:00,1.2500000000000284,7247.039999999944,2906.0,2025-10-15T09:57:00-04:00,2.8499999999999943,4047.040000000012,2907.0,2025-10-15T09:58:00-04:00,2.6999999999999957,4347.040000000009,175.0,2025-10-13T12:26:00-04:00,4.750000000000028,247.03999999994383,174.0,2025-10-13T12:25:00-04:00,1.2500000000000284,7247.039999999944,2917.0,2025-10-15T10:08:00-04:00,1.6500000000000021,6447.039999999996,2918.0,2025-10-15T10:09:00-04:00,1.5499999999999972,6647.040000000006,175.0,2025-10-13T12:26:00-04:00,4.750000000000028,247.03999999994383,2925.0,2025-10-15T10:16:00-04:00,0.8000000000000007,8147.04,,,,,,,,,2926.0,2025-10-15T10:17:00-04:00,1.4000000000000021,6947.039999999996,,,,,,,,,,,,,,,,,2970
2025-10-13,2025-10-15,2,6.0,2025-10-13T09:31:00-04:00,6.0499999999999545,NDXP  251015P24890000,NDXP  251015P24880000,validation,False,False,0,0,0,20,0,1180,available,False,2025-10-13T09:31:00-04:00,2025-10-15T16:00:00-04:00,10.0,-8052.960000000091,0.0,last_observed_quote_not_settlement,1036.0,899,148,6.449999999999989,-1052.9600000000676,2025-10-13T09:32:00-04:00,0.0,6.2999999999999545,-752.9599999999994,2025-10-13T09:33:00-04:00,0.0,6.75,-1652.9600000000903,2025-10-13T09:36:00-04:00,0.0,7.100000000000023,-2352.9600000001356,2025-10-13T09:41:00-04:00,0.0,6.850000000000023,-1852.9600000001358,2025-10-13T09:46:00-04:00,0.0,5.899999999999977,47.039999999955235,2025-10-13T10:01:00-04:00,0.0,6.599999999999966,-1352.960000000022,2025-10-13T10:31:00-04:00,0.0,6.150000000000034,-452.96000000015846,2025-10-13T11:31:00-04:00,0.0,5.250000000000028,1347.0399999998529,2025-10-13T16:00:00-04:00,0.0,8.699999999999932,-5552.9599999999555,2025-10-14T16:00:00-04:00,0.0,10.0,-8052.960000000091,2025-10-15T16:00:00-04:00,0.0,,,,,28.0,hit,28.0,hit,285.0,hit,2936.0,hit,,never_hit,,never_hit,,never_hit,3.0,hit,4.0,hit,4.0,hit,1440.0,hit,1440.0,hit,1450.0,hit,9.849999999999909,667,True,True,True,True,,,,True,True,True,False,3.699999999999953,,,True,True,True,False,3.699999999999953,,,True,True,True,False,3.699999999999953,2936.0,2025-10-15T10:27:00-04:00,2.8999999999999986,6047.039999999913,2942.0,2025-10-15T10:33:00-04:00,2.9499999999999957,5947.039999999918,,,,,2937.0,2025-10-15T10:28:00-04:00,3.0,5847.03999999991,,,,,,,,,,,,,,,,,,,,,,,,,,,,,,,,,,,,,,,,,,,,,,,,,2971
2025-10-13,2025-10-15,2,7.0,2025-10-13T09:31:00-04:00,6.899999999999977,NDXP  251015P24860000,NDXP  251015P24850000,validation,False,False,0,0,0,17,0,1183,available,False,2025-10-13T09:31:00-04:00,2025-10-15T16:00:00-04:00,10.0,-6352.9600000000455,0.0,last_observed_quote_not_settlement,1036.0,468,137,6.149999999999977,1247.0400000000006,2025-10-13T09:32:00-04:00,0.0,7.050000000000011,-552.9600000000676,2025-10-13T09:33:00-04:00,0.0,7.0,-452.9600000000448,2025-10-13T09:36:00-04:00,0.0,7.149999999999977,-752.9599999999994,2025-10-13T09:41:00-04:00,0.0,6.7000000000000455,147.03999999986428,2025-10-13T09:46:00-04:00,0.0,5.650000000000006,2247.039999999944,2025-10-13T10:01:00-04:00,0.0,6.949999999999989,-352.96000000002203,2025-10-13T10:31:00-04:00,0.0,6.050000000000011,1447.0399999999324,2025-10-13T11:31:00-04:00,0.0,5.5,2547.0399999999554,2025-10-13T16:00:00-04:00,0.0,8.300000000000011,-3052.960000000069,2025-10-14T16:00:00-04:00,0.0,10.0,-6352.9600000000455,2025-10-15T16:00:00-04:00,0.0,,,,,26.0,hit,59.0,hit,59.0,hit,383.0,hit,,never_hit,,never_hit,,never_hit,6.0,hit,233.0,hit,2.0,hit,233.0,hit,1441.0,hit,1441.0,hit,8.199999999999989,41,True,True,False,False,,,,True,True,True,False,4.749999999999979,,,True,True,True,False,4.749999999999979,,,True,True,True,False,4.749999999999979,383.0,2025-10-13T15:54:00-04:00,2.4499999999999886,8647.039999999979,2920.0,2025-10-15T10:11:00-04:00,2.5,8547.039999999955,2921.0,2025-10-15T10:12:00-04:00,2.8000000000000043,7947.039999999946,384.0,2025-10-13T15:55:00-04:00,4.300000000000011,4947.039999999933,,,,,,,,,,,,,,,,,,,,,,,,,,,,,,,,,,,,,,,,,,,,,,,,,2972
2025-10-13,2025-10-16,3,5.0,2025-10-13T09:31:00-04:00,5.0,NDXP  251016P24790000,NDXP  251016P24780000,validation,False,False,0,0,0,17,0,1588,available,False,2025-10-13T09:31:00-04:00,2025-10-16T16:00:00-04:00,8.800000000000011,-7852.960000000024,0.0,last_observed_quote_not_settlement,1036.0,594,107,4.7999999999999545,147.04000000009165,2025-10-13T09:32:00-04:00,0.0,6.349999999999966,-2952.959999999931,2025-10-13T09:33:00-04:00,0.0,5.850000000000023,-1952.9600000000448,2025-10-13T09:36:00-04:00,0.0,5.949999999999989,-2152.9599999999764,2025-10-13T09:41:00-04:00,0.0,5.599999999999966,-1452.9599999999311,2025-10-13T09:46:00-04:00,0.0,4.800000000000011,147.03999999997797,2025-10-13T10:01:00-04:00,0.0,5.349999999999966,-952.9599999999311,2025-10-13T10:31:00-04:00,0.0,4.849999999999994,47.04000000001208,2025-10-13T11:31:00-04:00,0.0,4.349999999999994,1047.040000000012,2025-10-13T16:00:00-04:00,0.0,6.300000000000068,-2852.9600000001356,2025-10-14T16:00:00-04:00,0.0,4.650000000000006,447.03999999998933,2025-10-15T16:00:00-04:00,0.0,8.800000000000011,-7852.960000000024,2025-10-16T16:00:00-04:00,0.0,0.0,hit,0.0,hit,384.0,hit,1614.0,hit,1614.0,hit,,never_hit,,never_hit,2.0,hit,2.0,hit,383.0,hit,1444.0,hit,1457.0,hit,4621.0,hit,9.0,258,True,True,True,True,,9.0,258,True,True,True,True,,,,True,True,True,False,3.9499999999999957,,,True,True,True,False,3.9499999999999957,1614.0,2025-10-14T12:25:00-04:00,1.8499999999999943,6047.040000000012,2918.0,2025-10-15T10:09:00-04:00,2.5999999999999943,4547.040000000012,2919.0,2025-10-15T10:10:00-04:00,2.6000000000000085,4547.039999999984,1615.0,2025-10-14T12:26:00-04:00,5.600000000000023,-1452.9600000000448,1614.0,2025-10-14T12:25:00-04:00,1.8499999999999943,6047.040000000012,4373.0,2025-10-16T10:24:00-04:00,1.8500000000000085,6047.039999999984,4383.0,2025-10-16T10:34:00-04:00,1.8999999999999986,5947.040000000004,1615.0,2025-10-14T12:26:00-04:00,5.600000000000023,-1452.9600000000448,,,,,,,,,,,,,,,,,,,,,,,,,,,,,,,,,2973
2025-10-13,2025-10-16,3,6.0,2025-10-13T09:31:00-04:00,6.0,NDXP  251016P24820000,NDXP  251016P24810000,validation,False,False,0,0,0,11,0,1594,available,False,2025-10-13T09:31:00-04:00,2025-10-16T16:00:00-04:00,8.800000000000011,-5852.960000000024,0.0,last_observed_quote_not_settlement,1036.0,443,81,5.399999999999977,947.0400000000461,2025-10-13T09:32:00-04:00,0.0,5.649999999999977,447.0400000000462,2025-10-13T09:33:00-04:00,0.0,6.350000000000023,-952.9600000000448,2025-10-13T09:36:00-04:00,0.0,6.25,-752.9599999999994,2025-10-13T09:41:00-04:00,0.0,5.7999999999999545,147.04000000009165,2025-10-13T09:46:00-04:00,0.0,5.099999999999994,1547.040000000012,2025-10-13T10:01:00-04:00,0.0,5.7000000000000455,347.03999999990975,2025-10-13T10:31:00-04:00,0.0,5.000000000000028,1747.0399999999438,2025-10-13T11:31:00-04:00,0.0,4.549999999999983,2647.040000000035,2025-10-13T16:00:00-04:00,0.0,6.599999999999966,-1452.9599999999311,2025-10-14T16:00:00-04:00,0.0,5.100000000000023,1547.0399999999552,2025-10-15T16:00:00-04:00,0.0,8.800000000000011,-5852.960000000024,2025-10-16T16:00:00-04:00,0.0,1.0,hit,22.0,hit,2905.0,hit,2917.0,hit,2961.0,hit,2961.0,hit,2961.0,hit,383.0,hit,383.0,hit,383.0,hit,1447.0,hit,1490.0,hit,4551.0,hit,9.0,215,True,True,True,True,,9.0,215,True,True,True,True,,9.0,215,True,True,True,True,,9.0,215,True,True,True,True,,2918.0,2025-10-15T10:09:00-04:00,2.799999999999997,6147.040000000006,2919.0,2025-10-15T10:10:00-04:00,2.8499999999999943,6047.040000000012,2920.0,2025-10-15T10:11:00-04:00,2.799999999999997,6147.040000000006,2919.0,2025-10-15T10:10:00-04:00,2.8499999999999943,6047.040000000012,2961.0,2025-10-15T10:52:00-04:00,0.05000000000001137,11647.039999999979,4387.0,2025-10-16T10:38:00-04:00,1.75,8247.04,4388.0,2025-10-16T10:39:00-04:00,1.8499999999999943,8047.040000000012,2962.0,2025-10-15T10:53:00-04:00,2.9000000000000057,5947.039999999989,2961.0,2025-10-15T10:52:00-04:00,0.05000000000001137,11647.039999999979,,,,,,,,,2962.0,2025-10-15T10:53:00-04:00,2.9000000000000057,5947.039999999989,2961.0,2025-10-15T10:52:00-04:00,0.05000000000001137,11647.039999999979,,,,,,,,,2962.0,2025-10-15T10:53:00-04:00,2.9000000000000057,5947.039999999989,2974
2025-10-13,2025-10-16,3,7.0,2025-10-13T09:31:00-04:00,7.099999999999966,NDXP  251016P24970000,NDXP  251016P24960000,validation,False,False,0,0,0,29,0,1576,available,False,2025-10-13T09:31:00-04:00,2025-10-16T15:59:00-04:00,9.950000000000045,-5952.960000000068,1.0,last_observed_quote_not_settlement,1036.0,754,185,6.800000000000011,347.03999999990975,2025-10-13T09:32:00-04:00,0.0,6.949999999999989,47.039999999955235,2025-10-13T09:33:00-04:00,0.0,7.5,-1052.9600000000676,2025-10-13T09:36:00-04:00,0.0,7.300000000000068,-652.960000000204,2025-10-13T09:41:00-04:00,0.0,7.25,-552.9600000000676,2025-10-13T09:46:00-04:00,0.0,6.699999999999989,547.0399999999552,2025-10-13T10:01:00-04:00,0.0,6.849999999999966,247.04000000000067,2025-10-13T10:31:00-04:00,0.0,6.5499999999999545,847.0400000000234,2025-10-13T11:31:00-04:00,0.0,6.5,947.0399999999324,2025-10-13T16:00:00-04:00,0.0,8.25,-2552.960000000069,2025-10-14T16:00:00-04:00,0.0,7.299999999999983,-652.9600000000335,2025-10-15T16:00:00-04:00,0.0,,,2025-10-16T15:59:00-04:00,60.0,81.0,hit,81.0,hit,81.0,hit,4366.0,hit,4366.0,hit,,never_hit,,never_hit,86.0,hit,1440.0,hit,0.0,hit,1440.0,hit,1443.0,hit,1443.0,hit,9.650000000000034,531,True,True,True,True,,9.650000000000034,531,True,True,True,True,,,,True,True,True,False,5.499999999999972,,,True,True,True,False,5.499999999999972,4366.0,2025-10-16T10:17:00-04:00,1.5999999999999943,10747.039999999944,,,,,,,,,4367.0,2025-10-16T10:18:00-04:00,5.649999999999977,2647.039999999978,4366.0,2025-10-16T10:17:00-04:00,1.5999999999999943,10747.039999999944,,,,,,,,,4367.0,2025-10-16T10:18:00-04:00,5.649999999999977,2647.039999999978,,,,,,,,,,,,,,,,,,,,,,,,,,,,,,,,,2975
2025-10-14,2025-10-16,2,5.0,2025-10-14T09:31:00-04:00,5.050000000000011,NDXP  251016P24500000,NDXP  251016P24490000,validation,False,False,0,0,4,3,0,1191,available,False,2025-10-14T09:31:00-04:00,2025-10-16T15:52:00-04:00,0.17499999999999982,9497.040000000025,8.0,last_observed_quote_not_settlement,1036.0,17,10,4.599999999999994,647.0400000000348,2025-10-14T09:32:00-04:00,0.0,4.049999999999983,1747.0400000000575,2025-10-14T09:33:00-04:00,0.0,5.199999999999989,-552.9599999999539,2025-10-14T09:36:00-04:00,0.0,5.75,-1652.9599999999766,2025-10-14T09:41:00-04:00,0.0,6.100000000000023,-2352.960000000022,2025-10-14T09:46:00-04:00,0.0,4.650000000000006,547.040000000012,2025-10-14T10:01:00-04:00,0.0,3.9499999999999886,1947.0400000000461,2025-10-14T10:31:00-04:00,0.0,3.75,2347.0400000000236,2025-10-14T11:31:00-04:00,0.0,3.3000000000000114,3247.040000000001,2025-10-14T16:00:00-04:00,0.0,1.9499999999999886,5947.040000000046,2025-10-15T16:00:00-04:00,0.0,,,2025-10-16T15:52:00-04:00,480.0,,,,,0.0,hit,1.0,hit,18.0,hit,18.0,hit,238.0,hit,1477.0,hit,2895.0,hit,4.0,hit,13.0,hit,,never_hit,,never_hit,,never_hit,,never_hit,6.100000000000023,10,False,False,False,False,,6.100000000000023,17,False,False,False,False,,6.100000000000023,17,False,False,False,False,,6.100000000000023,17,False,False,False,False,,18.0,2025-10-14T09:49:00-04:00,2.1999999999999886,5447.040000000046,170.0,2025-10-14T12:21:00-04:00,2.6499999999999915,4547.040000000041,171.0,2025-10-14T12:22:00-04:00,2.3999999999999915,5047.040000000041,19.0,2025-10-14T09:50:00-04:00,5.350000000000023,-852.9600000000221,1440.0,2025-10-15T09:31:00-04:00,1.6500000000000057,6547.040000000012,1441.0,2025-10-15T09:32:00-04:00,1.7000000000000028,6447.040000000018,1442.0,2025-10-15T09:33:00-04:00,1.749999999999993,6347.040000000037,1441.0,2025-10-15T09:32:00-04:00,1.7000000000000028,6447.040000000018,1481.0,2025-10-15T10:12:00-04:00,0.8499999999999979,8147.040000000027,1484.0,2025-10-15T10:15:00-04:00,0.8999999999999986,8047.040000000026,1485.0,2025-10-15T10:16:00-04:00,0.8500000000000014,8147.04000000002,1482.0,2025-10-15T10:13:00-04:00,1.0499999999999972,7747.040000000029,2895.0,2025-10-16T09:46:00-04:00,0.3999999999999986,9047.040000000026,2896.0,2025-10-16T09:47:00-04:00,0.4499999999999993,8947.040000000026,2932.0,2025-10-16T10:23:00-04:00,0.34999999999999964,9147.040000000025,2896.0,2025-10-16T09:47:00-04:00,0.4499999999999993,8947.040000000026,2976
2025-10-14,2025-10-16,2,6.0,2025-10-14T09:31:00-04:00,5.9500000000000455,NDXP  251016P24640000,NDXP  251016P24630000,validation,False,False,0,0,0,0,0,1199,available,False,2025-10-14T09:31:00-04:00,2025-10-16T15:59:00-04:00,2.8499999999999996,5947.040000000093,1.0,last_observed_quote_not_settlement,1036.0,104,29,6.0,-352.95999999990835,2025-10-14T09:32:00-04:00,0.0,5.899999999999977,-152.95999999986287,2025-10-14T09:33:00-04:00,0.0,6.2999999999999545,-952.9599999998175,2025-10-14T09:36:00-04:00,0.0,6.600000000000023,-1552.9599999999539,2025-10-14T09:41:00-04:00,0.0,7.0499999999999545,-2452.9599999998172,2025-10-14T09:46:00-04:00,0.0,6.199999999999989,-752.9599999998857,2025-10-14T10:01:00-04:00,0.0,5.2000000000000455,1247.0400000000006,2025-10-14T10:31:00-04:00,0.0,5.0,1647.0400000000916,2025-10-14T11:31:00-04:00,0.0,4.199999999999989,3247.0400000001146,2025-10-14T16:00:00-04:00,0.0,2.75,6147.040000000092,2025-10-15T16:00:00-04:00,0.0,,,2025-10-16T15:59:00-04:00,60.0,,,,,53.0,hit,55.0,hit,143.0,hit,174.0,hit,1470.0,hit,1650.0,hit,1650.0,hit,6.0,hit,13.0,hit,13.0,hit,93.0,hit,3241.0,hit,3241.0,hit,8.799999999999983,38,True,True,False,False,,8.799999999999983,40,True,True,False,False,,8.799999999999983,40,True,True,False,False,,8.799999999999983,40,True,True,False,False,,174.0,2025-10-14T12:25:00-04:00,2.650000000000034,6347.040000000024,1441.0,2025-10-15T09:32:00-04:00,2.4000000000000057,6847.04000000008,1442.0,2025-10-15T09:33:00-04:00,2.8000000000000114,6047.040000000069,175.0,2025-10-14T12:26:00-04:00,3.700000000000017,4247.040000000057,1472.0,2025-10-15T10:03:00-04:00,1.8999999999999986,7847.040000000095,1476.0,2025-10-15T10:07:00-04:00,1.75,8147.040000000091,1477.0,2025-10-15T10:08:00-04:00,1.5500000000000043,8547.040000000085,1473.0,2025-10-15T10:04:00-04:00,2.0,7647.040000000092,1650.0,2025-10-15T13:01:00-04:00,0.25,11147.040000000092,2928.0,2025-10-16T10:19:00-04:00,0.8999999999999986,9847.040000000095,2933.0,2025-10-16T10:24:00-04:00,0.8500000000000014,9947.04000000009,1651.0,2025-10-15T13:02:00-04:00,3.75,4147.040000000092,1650.0,2025-10-15T13:01:00-04:00,0.25,11147.040000000092,2953.0,2025-10-16T10:44:00-04:00,0.4499999999999993,10747.040000000094,2954.0,2025-10-16T10:45:00-04:00,0.3999999999999986,10847.040000000095,1651.0,2025-10-15T13:02:00-04:00,3.75,4147.040000000092,2977
2025-10-14,2025-10-16,2,7.0,2025-10-14T09:31:00-04:00,6.899999999999977,NDXP  251016P24740000,NDXP  251016P24730000,validation,False,False,0,0,0,5,0,1195,available,False,2025-10-14T09:31:00-04:00,2025-10-16T16:00:00-04:00,9.350000000000009,-5152.960000000064,0.0,last_observed_quote_not_settlement,1036.0,154,25,6.899999999999977,-252.9599999999993,2025-10-14T09:32:00-04:00,0.0,6.800000000000011,-52.9600000000675,2025-10-14T09:33:00-04:00,0.0,6.999999999999943,-452.9599999999311,2025-10-14T09:36:00-04:00,0.0,7.349999999999966,-1152.9599999999766,2025-10-14T09:41:00-04:00,0.0,7.550000000000011,-1552.9600000000676,2025-10-14T09:46:00-04:00,0.0,7.199999999999989,-852.9600000000221,2025-10-14T10:01:00-04:00,0.0,6.100000000000023,1347.0399999999097,2025-10-14T10:31:00-04:00,0.0,6.100000000000023,1347.0399999999097,2025-10-14T11:31:00-04:00,0.0,5.699999999999989,2147.039999999978,2025-10-14T16:00:00-04:00,0.0,4.1000000000000085,5347.039999999938,2025-10-15T16:00:00-04:00,0.0,9.350000000000009,-5152.960000000064,2025-10-16T16:00:00-04:00,0.0,,,,,96.0,hit,136.0,hit,169.0,hit,1465.0,hit,1495.0,hit,2951.0,hit,,never_hit,7.0,hit,174.0,hit,3.0,hit,174.0,hit,3162.0,hit,3168.0,hit,8.149999999999977,41,True,True,False,False,,8.149999999999977,41,True,True,False,False,,8.149999999999977,42,True,True,False,False,,,,True,True,True,False,6.149999999999974,1468.0,2025-10-15T09:59:00-04:00,2.9499999999999886,7647.039999999978,1471.0,2025-10-15T10:02:00-04:00,2.8000000000000114,7947.039999999933,1472.0,2025-10-15T10:03:00-04:00,2.6499999999999915,8247.039999999974,1469.0,2025-10-15T10:00:00-04:00,3.0,7547.039999999955,1506.0,2025-10-15T10:37:00-04:00,1.8999999999999986,9747.039999999959,2882.0,2025-10-16T09:33:00-04:00,1.7999999999999972,9947.039999999963,2895.0,2025-10-16T09:46:00-04:00,1.5,10547.039999999955,1507.0,2025-10-15T10:38:00-04:00,2.0,9547.039999999955,2952.0,2025-10-16T10:43:00-04:00,0.8000000000000043,11947.039999999948,2953.0,2025-10-16T10:44:00-04:00,0.7500000000000036,12047.039999999948,2954.0,2025-10-16T10:45:00-04:00,0.7999999999999972,11947.039999999963,2953.0,2025-10-16T10:44:00-04:00,0.7500000000000036,12047.039999999948,,,,,,,,,,,,,,,,,2978
2025-10-14,2025-10-17,3,5.0,2025-10-14T09:31:00-04:00,5.0,NDXP  251017P24610000,NDXP  251017P24600000,validation,False,False,0,0,4,42,0,1543,available,False,2025-10-14T09:31:00-04:00,2025-10-17T15:41:00-04:00,0.12499999999999994,9497.04,19.0,last_observed_quote_not_settlement,1036.0,151,138,5.400000000000034,-1052.9600000000676,2025-10-14T09:32:00-04:00,0.0,3.900000000000034,1947.0399999999324,2025-10-14T09:33:00-04:00,0.0,5.699999999999989,-1652.9599999999766,2025-10-14T09:36:00-04:00,0.0,6.0,-2252.959999999999,2025-10-14T09:41:00-04:00,0.0,6.199999999999989,-2652.9599999999764,2025-10-14T09:46:00-04:00,0.0,4.999999999999943,-252.9599999998856,2025-10-14T10:01:00-04:00,0.0,4.699999999999989,347.04000000002344,2025-10-14T10:31:00-04:00,0.0,4.599999999999966,547.0400000000689,2025-10-14T11:31:00-04:00,0.0,4.300000000000011,1147.039999999978,2025-10-14T16:00:00-04:00,0.0,4.25,1247.0400000000006,2025-10-15T16:00:00-04:00,0.0,4.400000000000006,947.0399999999893,2025-10-16T16:00:00-04:00,0.0,,,2025-10-17T15:41:00-04:00,1140.0,0.0,hit,0.0,hit,2.0,hit,173.0,hit,173.0,hit,242.0,hit,242.0,hit,3.0,hit,7.0,hit,127.0,hit,4470.0,hit,4470.0,hit,4470.0,hit,7.849999999999994,56,True,False,False,False,,7.849999999999994,56,True,False,False,False,,7.849999999999994,60,True,False,False,False,,7.849999999999994,60,True,False,False,False,,173.0,2025-10-14T12:24:00-04:00,1.950000000000017,5847.039999999966,196.0,2025-10-14T12:47:00-04:00,1.1499999999999773,7447.040000000046,197.0,2025-10-14T12:48:00-04:00,2.8999999999999773,3947.0400000000463,174.0,2025-10-14T12:25:00-04:00,3.5,2747.040000000001,176.0,2025-10-14T12:27:00-04:00,1.3500000000000227,7047.039999999955,1464.0,2025-10-15T09:55:00-04:00,1.5500000000000114,6647.039999999978,1479.0,2025-10-15T10:10:00-04:00,1.9000000000000057,5947.039999999989,,,,,242.0,2025-10-14T13:33:00-04:00,0.15000000000000568,9447.03999999999,1832.0,2025-10-15T16:03:00-04:00,0.8500000000000085,8047.039999999984,1833.0,2025-10-15T16:04:00-04:00,0.14999999999999147,9447.040000000019,243.0,2025-10-14T13:34:00-04:00,3.1999999999999886,3347.0400000000236,242.0,2025-10-14T13:33:00-04:00,0.15000000000000568,9447.03999999999,4615.0,2025-10-17T14:26:00-04:00,0.2500000000000009,9247.039999999999,4616.0,2025-10-17T14:27:00-04:00,0.25,9247.04,243.0,2025-10-14T13:34:00-04:00,3.1999999999999886,3347.0400000000236,2979
2025-10-14,2025-10-17,3,6.0,2025-10-14T09:31:00-04:00,5.999999999999972,NDXP  251017P24340000,NDXP  251017P24330000,validation,False,False,0,0,22,23,0,1546,available,False,2025-10-14T09:31:00-04:00,2025-10-17T15:32:00-04:00,0.125,11497.039999999944,28.0,last_observed_quote_not_settlement,1036.0,2,4,3.5999999999999943,4547.039999999955,2025-10-14T09:32:00-04:00,0.0,3.5,4747.039999999944,2025-10-14T09:33:00-04:00,0.0,4.0,3747.039999999944,2025-10-14T09:36:00-04:00,0.0,4.099999999999966,3547.0400000000122,2025-10-14T09:41:00-04:00,0.0,4.400000000000034,2947.039999999876,2025-10-14T09:46:00-04:00,0.0,2.700000000000017,6347.03999999991,2025-10-14T10:01:00-04:00,0.0,2.799999999999983,6147.039999999978,2025-10-14T10:31:00-04:00,0.0,2.8000000000000114,6147.039999999921,2025-10-14T11:31:00-04:00,0.0,0.8000000000000114,10147.039999999923,2025-10-14T16:00:00-04:00,0.0,1.5,8747.039999999944,2025-10-15T16:00:00-04:00,0.0,2.3000000000000043,7147.039999999935,2025-10-16T16:00:00-04:00,0.0,,,2025-10-17T15:32:00-04:00,1680.0,1.0,hit,1.0,hit,1.0,hit,30.0,hit,46.0,hit,46.0,hit,138.0,hit,114.0,hit,114.0,hit,114.0,hit,,never_hit,,never_hit,,never_hit,6.099999999999994,1,False,False,False,False,,6.099999999999994,1,False,False,False,False,,6.099999999999994,1,False,False,False,False,,7.699999999999989,2,True,False,False,False,,30.0,2025-10-14T10:01:00-04:00,2.700000000000017,6347.03999999991,47.0,2025-10-14T10:18:00-04:00,2.6999999999999886,6347.039999999966,59.0,2025-10-14T10:30:00-04:00,2.9000000000000057,5947.039999999933,31.0,2025-10-14T10:02:00-04:00,3.2499999999999716,5247.040000000001,46.0,2025-10-14T10:17:00-04:00,1.0,9747.039999999944,184.0,2025-10-14T12:35:00-04:00,1.9000000000000057,7947.039999999933,185.0,2025-10-14T12:36:00-04:00,1.8500000000000085,8047.039999999927,47.0,2025-10-14T10:18:00-04:00,2.6999999999999886,6347.039999999966,138.0,2025-10-14T11:49:00-04:00,0.3499999999999943,11047.039999999955,1480.0,2025-10-15T10:11:00-04:00,0.7999999999999972,10147.03999999995,1487.0,2025-10-15T10:18:00-04:00,0.3500000000000014,11047.039999999943,139.0,2025-10-14T11:50:00-04:00,3.3499999999999943,5047.039999999955,138.0,2025-10-14T11:49:00-04:00,0.3499999999999943,11047.039999999955,1487.0,2025-10-15T10:18:00-04:00,0.3500000000000014,11047.039999999943,4476.0,2025-10-17T12:07:00-04:00,0.3999999999999986,10947.039999999948,139.0,2025-10-14T11:50:00-04:00,3.3499999999999943,5047.039999999955,2980
2025-10-14,2025-10-17,3,7.0,2025-10-14T09:31:00-04:00,7.0,NDXP  251017P24900000,NDXP  251017P24890000,validation,False,False,0,0,0,16,0,1589,available,False,2025-10-14T09:31:00-04:00,2025-10-17T15:59:00-04:00,9.950000000000003,-6152.96,1.0,last_observed_quote_not_settlement,1037.0,540,169,7.5,-1252.9599999999994,2025-10-14T09:32:00-04:00,0.0,6.649999999999977,447.0400000000462,2025-10-14T09:33:00-04:00,0.0,7.800000000000182,-1852.9600000003632,2025-10-14T09:36:00-04:00,0.0,8.950000000000045,-4152.960000000092,2025-10-14T09:41:00-04:00,0.0,8.099999999999909,-2452.959999999819,2025-10-14T09:46:00-04:00,0.0,7.800000000000068,-1852.9600000001358,2025-10-14T10:01:00-04:00,0.0,7.100000000000023,-452.9600000000448,2025-10-14T10:31:00-04:00,0.0,7.199999999999989,-652.9599999999766,2025-10-14T11:31:00-04:00,0.0,6.900000000000034,-52.9600000000675,2025-10-14T16:00:00-04:00,0.0,4.550000000000011,4647.039999999978,2025-10-15T16:00:00-04:00,0.0,6.849999999999966,47.04000000006892,2025-10-16T16:00:00-04:00,0.0,,,2025-10-17T15:59:00-04:00,60.0,34.0,hit,41.0,hit,41.0,hit,1443.0,hit,1500.0,hit,1500.0,hit,1500.0,hit,1.0,hit,8.0,hit,0.0,hit,8.0,hit,158.0,hit,1441.0,hit,9.900000000000006,100,True,True,True,True,,9.900000000000006,100,True,True,True,True,,9.900000000000006,100,True,True,True,True,,9.900000000000006,100,True,True,True,True,,1443.0,2025-10-15T09:34:00-04:00,2.6500000000000057,8447.03999999999,2985.0,2025-10-16T11:16:00-04:00,2.1500000000000057,9447.03999999999,,,,,1444.0,2025-10-15T09:35:00-04:00,5.25,3247.040000000001,1500.0,2025-10-15T10:31:00-04:00,0.14999999999997726,13447.040000000046,,,,,,,,,1501.0,2025-10-15T10:32:00-04:00,3.700000000000017,6347.039999999966,1500.0,2025-10-15T10:31:00-04:00,0.14999999999997726,13447.040000000046,,,,,,,,,1501.0,2025-10-15T10:32:00-04:00,3.700000000000017,6347.039999999966,1500.0,2025-10-15T10:31:00-04:00,0.14999999999997726,13447.040000000046,,,,,,,,,1501.0,2025-10-15T10:32:00-04:00,3.700000000000017,6347.039999999966,2981
2025-10-15,2025-10-17,2,5.0,2025-10-15T09:31:00-04:00,4.650000000000034,NDXP  251017P24900000,NDXP  251017P24890000,validation,False,False,0,0,0,12,0,1188,available,False,2025-10-15T09:31:00-04:00,2025-10-17T15:59:00-04:00,9.950000000000003,-10852.95999999993,1.0,last_observed_quote_not_settlement,1037.0,954,80,9.900000000000006,-10752.959999999943,2025-10-15T09:32:00-04:00,0.0,5.199999999999989,-1352.9599999999084,2025-10-15T09:33:00-04:00,0.0,5.100000000000023,-1152.9599999999766,2025-10-15T09:36:00-04:00,0.0,5.399999999999977,-1752.9599999998857,2025-10-15T09:41:00-04:00,0.0,6.049999999999983,-3052.959999999897,2025-10-15T09:46:00-04:00,0.0,4.450000000000017,147.0400000000348,2025-10-15T10:01:00-04:00,0.0,0.14999999999997726,8747.040000000115,2025-10-15T10:31:00-04:00,0.0,3.6999999999999886,1647.0400000000916,2025-10-15T11:31:00-04:00,0.0,4.550000000000011,-52.959999999953816,2025-10-15T16:00:00-04:00,0.0,6.849999999999966,-4652.959999999863,2025-10-16T16:00:00-04:00,0.0,,,2025-10-17T15:59:00-04:00,60.0,,,,,0.0,hit,0.0,hit,3.0,hit,3.0,hit,60.0,hit,60.0,hit,60.0,hit,1.0,hit,1.0,hit,1.0,hit,1.0,hit,1.0,hit,1.0,hit,9.900000000000006,2,True,True,True,True,,9.900000000000006,29,True,True,True,True,,9.900000000000006,29,True,True,True,True,,9.900000000000006,29,True,True,True,True,,3.0,2025-10-15T09:34:00-04:00,2.6500000000000057,3747.0400000000577,1545.0,2025-10-16T11:16:00-04:00,2.1500000000000057,4747.040000000057,,,,,4.0,2025-10-15T09:35:00-04:00,5.25,-1452.9599999999311,60.0,2025-10-15T10:31:00-04:00,0.14999999999997726,8747.040000000115,,,,,,,,,61.0,2025-10-15T10:32:00-04:00,3.700000000000017,1647.0400000000348,60.0,2025-10-15T10:31:00-04:00,0.14999999999997726,8747.040000000115,,,,,,,,,61.0,2025-10-15T10:32:00-04:00,3.700000000000017,1647.0400000000348,60.0,2025-10-15T10:31:00-04:00,0.14999999999997726,8747.040000000115,,,,,,,,,61.0,2025-10-15T10:32:00-04:00,3.700000000000017,1647.0400000000348,2982
2025-10-15,2025-10-17,2,6.0,2025-10-15T09:31:00-04:00,6.0,NDXP  251017P24980000,NDXP  251017P24970000,validation,False,False,0,0,1,34,0,1165,available,False,2025-10-15T09:31:00-04:00,2025-10-17T15:59:00-04:00,10.0,-8152.96,1.0,last_observed_quote_not_settlement,1036.0,875,47,6.099999999999966,-452.9599999999311,2025-10-15T09:32:00-04:00,0.0,6.099999999999966,-452.9599999999311,2025-10-15T09:33:00-04:00,0.0,6.0,-252.9599999999993,2025-10-15T09:36:00-04:00,0.0,6.300000000000011,-852.9600000000221,2025-10-15T09:41:00-04:00,0.0,5.899999999999977,-52.959999999953816,2025-10-15T09:46:00-04:00,0.0,4.899999999999977,1947.0400000000461,2025-10-15T10:01:00-04:00,0.0,4.349999999999966,3047.040000000069,2025-10-15T10:31:00-04:00,0.0,5.949999999999989,-152.95999999997656,2025-10-15T11:31:00-04:00,0.0,6.5,-1252.9599999999994,2025-10-15T16:00:00-04:00,0.0,8.800000000000011,-5852.960000000024,2025-10-16T16:00:00-04:00,0.0,,,2025-10-17T15:59:00-04:00,60.0,,,,,7.0,hit,30.0,hit,31.0,hit,338.0,hit,1488.0,hit,1488.0,hit,1488.0,hit,14.0,hit,14.0,hit,14.0,hit,225.0,hit,1733.0,hit,2896.0,hit,8.299999999999955,215,True,True,False,False,,8.299999999999955,281,True,True,False,False,,8.299999999999955,281,True,True,False,False,,8.299999999999955,281,True,True,False,False,,338.0,2025-10-15T15:09:00-04:00,2.9499999999999886,5847.040000000024,1489.0,2025-10-16T10:20:00-04:00,1.450000000000017,8847.039999999968,1490.0,2025-10-16T10:21:00-04:00,2.3499999999999943,7047.040000000012,339.0,2025-10-15T15:10:00-04:00,6.699999999999989,-1652.9599999999766,1488.0,2025-10-16T10:19:00-04:00,0.25,11247.04,1489.0,2025-10-16T10:20:00-04:00,1.450000000000017,8847.039999999968,,,,,1489.0,2025-10-16T10:20:00-04:00,1.450000000000017,8847.039999999968,1488.0,2025-10-16T10:19:00-04:00,0.25,11247.04,,,,,,,,,1489.0,2025-10-16T10:20:00-04:00,1.450000000000017,8847.039999999968,1488.0,2025-10-16T10:19:00-04:00,0.25,11247.04,,,,,,,,,1489.0,2025-10-16T10:20:00-04:00,1.450000000000017,8847.039999999968,2983
2025-10-15,2025-10-17,2,7.0,2025-10-15T09:31:00-04:00,7.0,NDXP  251017P25070000,NDXP  251017P25060000,validation,False,False,0,0,0,58,0,1141,available,False,2025-10-15T09:31:00-04:00,2025-10-17T15:59:00-04:00,10.0,-6152.96,1.0,last_observed_quote_not_settlement,1037.0,840,68,7.099999999999966,-452.9599999999311,2025-10-15T09:32:00-04:00,0.0,7.100000000000023,-452.9600000000448,2025-10-15T09:33:00-04:00,0.0,7.0,-252.9599999999993,2025-10-15T09:36:00-04:00,0.0,7.300000000000011,-852.9600000000221,2025-10-15T09:41:00-04:00,0.0,6.900000000000034,-52.9600000000675,2025-10-15T09:46:00-04:00,0.0,6.399999999999977,947.0400000000461,2025-10-15T10:01:00-04:00,0.0,5.2000000000000455,3347.03999999991,2025-10-15T10:31:00-04:00,0.0,6.300000000000011,1147.039999999978,2025-10-15T11:31:00-04:00,0.0,9.5,-5252.960000000001,2025-10-15T16:00:00-04:00,0.0,,,2025-10-16T15:59:00-04:00,60.0,,,2025-10-17T15:59:00-04:00,60.0,,,,,40.0,hit,44.0,hit,1591.0,hit,2901.0,hit,,never_hit,,never_hit,,never_hit,14.0,hit,14.0,hit,0.0,hit,14.0,hit,119.0,hit,238.0,hit,10.0,550,True,True,True,True,,,,True,True,True,False,4.849999999999966,,,True,True,True,False,4.849999999999966,,,True,True,True,False,4.849999999999966,2901.0,2025-10-17T09:52:00-04:00,2.150000000000034,9447.039999999934,,,,,,,,,2902.0,2025-10-17T09:53:00-04:00,9.399999999999977,-5052.9599999999555,,,,,,,,,,,,,,,,,,,,,,,,,,,,,,,,,,,,,,,,,,,,,,,,,2984
2025-10-17,2025-10-20,3,5.0,2025-10-17T09:31:00-04:00,4.850000000000023,NDXP  251020P24560000,NDXP  251020P24550000,validation,False,False,0,0,29,5,0,744,available,False,2025-10-17T09:31:00-04:00,2025-10-20T15:34:00-04:00,0.0,9447.040000000046,26.0,last_observed_quote_not_settlement,3916.0,0,0,3.8500000000000227,1747.0400000000006,2025-10-17T09:32:00-04:00,0.0,3.8000000000000114,1847.0400000000234,2025-10-17T09:33:00-04:00,0.0,3.4000000000000057,2647.040000000035,2025-10-17T09:36:00-04:00,0.0,4.200000000000017,1047.040000000012,2025-10-17T09:41:00-04:00,0.0,4.099999999999994,1247.0400000000575,2025-10-17T09:46:00-04:00,0.0,3.5,2447.0400000000463,2025-10-17T10:01:00-04:00,0.0,3.0,3447.0400000000463,2025-10-17T10:31:00-04:00,0.0,4.199999999999989,1047.0400000000689,2025-10-17T11:31:00-04:00,0.0,1.75,5947.040000000046,2025-10-17T16:00:00-04:00,0.0,,,2025-10-17T16:15:00-04:00,85500.0,,,2025-10-17T16:15:00-04:00,171900.0,,,2025-10-20T15:34:00-04:00,1560.0,0.0,hit,0.0,hit,1.0,hit,22.0,hit,22.0,hit,4320.0,hit,4320.0,hit,,never_hit,,never_hit,,never_hit,,never_hit,,never_hit,,never_hit,4.850000000000023,0,False,False,False,False,,4.850000000000023,0,False,False,False,False,,4.850000000000023,0,False,False,False,False,,4.850000000000023,0,False,False,False,False,,22.0,2025-10-17T09:53:00-04:00,1.6999999999999886,6047.040000000069,43.0,2025-10-17T10:14:00-04:00,2.6999999999999886,4047.040000000069,44.0,2025-10-17T10:15:00-04:00,2.299999999999997,4847.040000000052,23.0,2025-10-17T09:54:00-04:00,3.6500000000000057,2147.040000000035,22.0,2025-10-17T09:53:00-04:00,1.6999999999999886,6047.040000000069,289.0,2025-10-17T14:20:00-04:00,1.7999999999999972,5847.040000000052,290.0,2025-10-17T14:21:00-04:00,1.8000000000000043,5847.040000000037,23.0,2025-10-17T09:54:00-04:00,3.6500000000000057,2147.040000000035,4320.0,2025-10-20T09:31:00-04:00,0.3999999999999986,8647.04000000005,4321.0,2025-10-20T09:32:00-04:00,0.3999999999999986,8647.04000000005,4322.0,2025-10-20T09:33:00-04:00,0.3000000000000007,8847.040000000046,4321.0,2025-10-20T09:32:00-04:00,0.3999999999999986,8647.04000000005,4320.0,2025-10-20T09:31:00-04:00,0.3999999999999986,8647.04000000005,4321.0,2025-10-20T09:32:00-04:00,0.3999999999999986,8647.04000000005,4322.0,2025-10-20T09:33:00-04:00,0.3000000000000007,8847.040000000046,4321.0,2025-10-20T09:32:00-04:00,0.3999999999999986,8647.04000000005,2985
2025-10-17,2025-10-20,3,6.0,2025-10-17T09:31:00-04:00,6.0,NDXP  251020P24690000,NDXP  251020P24680000,validation,False,False,0,0,14,9,0,761,available,False,2025-10-17T09:31:00-04:00,2025-10-20T15:48:00-04:00,0.0,11747.04,12.0,last_observed_quote_not_settlement,3916.0,4,8,5.600000000000023,547.0399999999552,2025-10-17T09:32:00-04:00,0.0,4.75,2247.040000000001,2025-10-17T09:33:00-04:00,0.0,4.900000000000006,1947.0399999999893,2025-10-17T09:36:00-04:00,0.0,4.600000000000023,2547.0399999999554,2025-10-17T09:41:00-04:00,0.0,5.5,747.0400000000006,2025-10-17T09:46:00-04:00,0.0,4.350000000000023,3047.0399999999554,2025-10-17T10:01:00-04:00,0.0,3.4000000000000057,4947.039999999989,2025-10-17T10:31:00-04:00,0.0,4.949999999999989,1847.0400000000234,2025-10-17T11:31:00-04:00,0.0,2.6499999999999915,6447.040000000018,2025-10-17T16:00:00-04:00,0.0,,,2025-10-17T16:15:00-04:00,85500.0,,,2025-10-17T16:15:00-04:00,171900.0,,,2025-10-20T15:48:00-04:00,720.0,2.0,hit,2.0,hit,25.0,hit,45.0,hit,62.0,hit,62.0,hit,62.0,hit,22.0,hit,22.0,hit,22.0,hit,,never_hit,,never_hit,,never_hit,7.799999999999983,1,True,False,False,False,,7.799999999999983,1,True,False,False,False,,7.799999999999983,1,True,False,False,False,,7.799999999999983,1,True,False,False,False,,62.0,2025-10-17T10:33:00-04:00,0.4999999999999716,10747.040000000059,180.0,2025-10-17T12:31:00-04:00,2.6500000000000057,6447.039999999989,181.0,2025-10-17T12:32:00-04:00,2.6999999999999886,6347.040000000024,63.0,2025-10-17T10:34:00-04:00,4.0,3747.040000000001,62.0,2025-10-17T10:33:00-04:00,0.4999999999999716,10747.040000000059,4321.0,2025-10-20T09:32:00-04:00,0.6499999999999986,10447.040000000005,4322.0,2025-10-20T09:33:00-04:00,0.4499999999999993,10847.040000000003,63.0,2025-10-17T10:34:00-04:00,4.0,3747.040000000001,62.0,2025-10-17T10:33:00-04:00,0.4999999999999716,10747.040000000059,4321.0,2025-10-20T09:32:00-04:00,0.6499999999999986,10447.040000000005,4322.0,2025-10-20T09:33:00-04:00,0.4499999999999993,10847.040000000003,63.0,2025-10-17T10:34:00-04:00,4.0,3747.040000000001,4322.0,2025-10-20T09:33:00-04:00,0.4499999999999993,10847.040000000003,4327.0,2025-10-20T09:38:00-04:00,0.40000000000000036,10947.04,4328.0,2025-10-20T09:39:00-04:00,0.40000000000000036,10947.04,4323.0,2025-10-20T09:34:00-04:00,0.5500000000000007,10647.04,2986
2025-10-17,2025-10-20,3,7.0,2025-10-17T09:31:00-04:00,6.949999999999989,NDXP  251020P24880000,NDXP  251020P24870000,validation,False,False,0,0,1,2,0,781,available,False,2025-10-17T09:31:00-04:00,2025-10-20T15:49:00-04:00,0.024999999999999994,13597.039999999979,11.0,last_observed_quote_not_settlement,3916.0,30,16,6.5,647.0399999999779,2025-10-17T09:32:00-04:00,0.0,6.599999999999966,447.0400000000462,2025-10-17T09:33:00-04:00,0.0,5.949999999999989,1747.0400000000006,2025-10-17T09:36:00-04:00,0.0,6.699999999999932,247.04000000011436,2025-10-17T09:41:00-04:00,0.0,6.300000000000011,1047.0399999999552,2025-10-17T09:46:00-04:00,0.0,5.7000000000000455,2247.039999999887,2025-10-17T10:01:00-04:00,0.0,4.849999999999994,3947.0399999999895,2025-10-17T10:31:00-04:00,0.0,7.0,-352.96000000002203,2025-10-17T11:31:00-04:00,0.0,4.300000000000011,5047.039999999955,2025-10-17T16:00:00-04:00,0.0,,,2025-10-17T16:15:00-04:00,85500.0,,,2025-10-17T16:15:00-04:00,171900.0,,,2025-10-20T15:49:00-04:00,660.0,22.0,hit,45.0,hit,175.0,hit,331.0,hit,331.0,hit,4340.0,hit,4376.0,hit,14.0,hit,127.0,hit,13.0,hit,,never_hit,,never_hit,,never_hit,7.999999999999972,30,True,False,False,False,,7.999999999999972,30,True,False,False,False,,7.999999999999972,30,True,False,False,False,,7.999999999999972,30,True,False,False,False,,331.0,2025-10-17T15:02:00-04:00,1.7500000000000284,10147.039999999923,4321.0,2025-10-20T09:32:00-04:00,1.8999999999999986,9847.03999999998,4322.0,2025-10-20T09:33:00-04:00,1.5999999999999943,10447.03999999999,332.0,2025-10-17T15:03:00-04:00,4.600000000000023,4447.039999999933,331.0,2025-10-17T15:02:00-04:00,1.7500000000000284,10147.039999999923,4322.0,2025-10-20T09:33:00-04:00,1.5999999999999943,10447.03999999999,4323.0,2025-10-20T09:34:00-04:00,1.6000000000000014,10447.039999999975,332.0,2025-10-17T15:03:00-04:00,4.600000000000023,4447.039999999933,4343.0,2025-10-20T09:54:00-04:00,0.9499999999999993,11747.03999999998,4344.0,2025-10-20T09:55:00-04:00,0.8500000000000014,11947.039999999975,4353.0,2025-10-20T10:04:00-04:00,0.7999999999999989,12047.03999999998,4344.0,2025-10-20T09:55:00-04:00,0.8500000000000014,11947.039999999975,4376.0,2025-10-20T10:27:00-04:00,0.4499999999999993,12747.03999999998,4391.0,2025-10-20T10:42:00-04:00,0.3500000000000014,12947.039999999975,4392.0,2025-10-20T10:43:00-04:00,0.40000000000000036,12847.039999999979,4377.0,2025-10-20T10:28:00-04:00,0.45000000000000107,12747.039999999977,2987
2025-10-20,2025-10-22,2,5.0,2025-10-20T09:31:00-04:00,5.049999999999983,NDXP  251022P25100000,NDXP  251022P25090000,validation,False,False,0,0,0,26,0,1166,available,True,2025-10-20T09:31:00-04:00,2025-10-22T15:58:00-04:00,10.0,-10052.960000000034,2.0,last_observed_quote_not_settlement,1036.0,302,6,4.699999999999989,447.03999999998933,2025-10-20T09:32:00-04:00,0.0,4.799999999999983,247.04000000000067,2025-10-20T09:33:00-04:00,0.0,4.150000000000034,1547.0399999998983,2025-10-20T09:36:00-04:00,0.0,4.5,847.0399999999665,2025-10-20T09:41:00-04:00,0.0,4.650000000000006,547.0399999999552,2025-10-20T09:46:00-04:00,0.0,4.300000000000011,1247.0399999999438,2025-10-20T10:01:00-04:00,0.0,3.799999999999997,2247.039999999972,2025-10-20T10:31:00-04:00,0.0,3.1500000000000057,3547.0399999999554,2025-10-20T11:31:00-04:00,0.0,3.6500000000000057,2547.0399999999554,2025-10-20T16:00:00-04:00,0.0,3.1500000000000057,3547.0399999999554,2025-10-21T16:00:00-04:00,0.0,,,2025-10-22T15:58:00-04:00,120.0,,,,,0.0,hit,1.0,hit,54.0,hit,81.0,hit,81.0,hit,81.0,hit,,never_hit,2883.0,hit,2883.0,hit,2937.0,hit,2939.0,hit,2951.0,hit,2951.0,hit,5.049999999999983,0,False,False,False,False,,5.049999999999983,0,False,False,False,False,,5.049999999999983,0,False,False,False,False,,,,True,True,True,False,4.25,81.0,2025-10-20T10:52:00-04:00,0.799999999999983,8247.04,235.0,2025-10-20T13:26:00-04:00,2.8999999999999915,4047.0399999999836,251.0,2025-10-20T13:42:00-04:00,2.8999999999999773,4047.040000000012,82.0,2025-10-20T10:53:00-04:00,3.299999999999997,3247.039999999972,81.0,2025-10-20T10:52:00-04:00,0.799999999999983,8247.04,,,,,,,,,82.0,2025-10-20T10:53:00-04:00,3.299999999999997,3247.039999999972,81.0,2025-10-20T10:52:00-04:00,0.799999999999983,8247.04,,,,,,,,,82.0,2025-10-20T10:53:00-04:00,3.299999999999997,3247.039999999972,,,,,,,,,,,,,,,,,2988
2025-10-20,2025-10-22,2,6.0,2025-10-20T09:31:00-04:00,6.0,NDXP  251022P25170000,NDXP  251022P25160000,validation,False,False,0,0,0,60,0,1132,available,True,2025-10-20T09:31:00-04:00,2025-10-22T16:00:00-04:00,9.099999999999966,-6452.959999999933,0.0,last_observed_quote_not_settlement,1036.0,290,34,6.5,-1252.9599999999994,2025-10-20T09:32:00-04:00,0.0,5.800000000000011,147.03999999997797,2025-10-20T09:33:00-04:00,0.0,4.0,3747.040000000001,2025-10-20T09:36:00-04:00,0.0,5.049999999999983,1647.0400000000348,2025-10-20T09:41:00-04:00,0.0,5.5,747.0400000000006,2025-10-20T09:46:00-04:00,0.0,5.5499999999999545,647.0400000000916,2025-10-20T10:01:00-04:00,0.0,4.900000000000006,1947.0399999999893,2025-10-20T10:31:00-04:00,0.0,4.099999999999994,3547.0400000000122,2025-10-20T11:31:00-04:00,0.0,4.299999999999997,3147.0400000000063,2025-10-20T16:00:00-04:00,0.0,4.5,2747.040000000001,2025-10-21T16:00:00-04:00,0.0,9.099999999999966,-6452.959999999933,2025-10-22T16:00:00-04:00,0.0,,,,,5.0,hit,5.0,hit,5.0,hit,,never_hit,,never_hit,,never_hit,,never_hit,1.0,hit,81.0,hit,81.0,hit,2888.0,hit,2938.0,hit,2942.0,hit,,,True,True,True,False,2.3000000000000114,,,True,True,True,False,2.3000000000000114,,,True,True,True,False,2.3000000000000114,,,True,True,True,False,2.3000000000000114,,,,,,,,,,,,,,,,,,,,,,,,,,,,,,,,,,,,,,,,,,,,,,,,,,,,,,,,,,,,,,,,,2989
2025-10-20,2025-10-22,2,7.0,2025-10-20T09:31:00-04:00,7.149999999999977,NDXP  251022P25230000,NDXP  251022P25220000,validation,False,False,0,0,0,52,0,1140,available,True,2025-10-20T09:31:00-04:00,2025-10-22T15:59:00-04:00,9.850000000000023,-5652.960000000092,1.0,last_observed_quote_not_settlement,1036.0,338,54,6.600000000000023,847.0399999999097,2025-10-20T09:32:00-04:00,0.0,6.5,1047.0399999999552,2025-10-20T09:33:00-04:00,0.0,6.349999999999994,1347.0399999999665,2025-10-20T09:36:00-04:00,0.0,6.450000000000017,1147.039999999921,2025-10-20T09:41:00-04:00,0.0,6.599999999999994,847.0399999999665,2025-10-20T09:46:00-04:00,0.0,6.099999999999994,1847.0399999999665,2025-10-20T10:01:00-04:00,0.0,5.699999999999989,2647.039999999978,2025-10-20T10:31:00-04:00,0.0,5.25,3547.0399999999554,2025-10-20T11:31:00-04:00,0.0,5.350000000000023,3347.03999999991,2025-10-20T16:00:00-04:00,0.0,7.500000000000014,-952.9600000000733,2025-10-21T16:00:00-04:00,0.0,,,2025-10-22T15:59:00-04:00,60.0,,,,,33.0,hit,33.0,hit,33.0,hit,33.0,hit,,never_hit,,never_hit,,never_hit,1497.0,hit,1497.0,hit,0.0,hit,1497.0,hit,2880.0,hit,2927.0,hit,7.149999999999977,0,True,False,False,False,,,,True,True,True,False,4.299999999999983,,,True,True,True,False,4.299999999999983,,,True,True,True,False,4.299999999999983,33.0,2025-10-20T10:04:00-04:00,2.8499999999999943,8347.039999999968,,,,,,,,,34.0,2025-10-20T10:05:00-04:00,5.799999999999983,2447.0399999999895,,,,,,,,,,,,,,,,,,,,,,,,,,,,,,,,,,,,,,,,,,,,,,,,,2990
2025-10-20,2025-10-23,3,5.0,2025-10-20T09:31:00-04:00,5.0,NDXP  251023P25170000,NDXP  251023P25160000,validation,False,False,0,0,0,32,0,1565,available,True,2025-10-20T09:31:00-04:00,2025-10-23T16:00:00-04:00,9.849999999999994,-9952.959999999988,0.0,last_observed_quote_not_settlement,1036.0,821,70,5.5,-1252.9599999999994,2025-10-20T09:32:00-04:00,0.0,5.700000000000017,-1652.9600000000335,2025-10-20T09:33:00-04:00,0.0,4.849999999999966,47.04000000006892,2025-10-20T09:36:00-04:00,0.0,5.300000000000011,-852.9600000000221,2025-10-20T09:41:00-04:00,0.0,5.25,-752.9599999999994,2025-10-20T09:46:00-04:00,0.0,4.850000000000023,47.039999999955235,2025-10-20T10:01:00-04:00,0.0,4.600000000000023,547.0399999999552,2025-10-20T10:31:00-04:00,0.0,4.2000000000000455,1347.0399999999097,2025-10-20T11:31:00-04:00,0.0,4.400000000000006,947.0399999999893,2025-10-20T16:00:00-04:00,0.0,4.449999999999989,847.0400000000234,2025-10-21T16:00:00-04:00,0.0,9.25,-8752.960000000001,2025-10-22T16:00:00-04:00,0.0,9.849999999999994,-9952.959999999988,2025-10-23T16:00:00-04:00,0.0,0.0,hit,0.0,hit,84.0,hit,3150.0,hit,3150.0,hit,3150.0,hit,3150.0,hit,1.0,hit,1473.0,hit,2883.0,hit,2883.0,hit,2967.0,hit,2967.0,hit,10.0,351,True,True,True,True,,10.0,351,True,True,True,True,,10.0,351,True,True,True,True,,10.0,351,True,True,True,True,,3150.0,2025-10-22T14:01:00-04:00,0.0,9747.04,3161.0,2025-10-22T14:12:00-04:00,0.0,9747.04,,,,,,,,,3150.0,2025-10-22T14:01:00-04:00,0.0,9747.04,3161.0,2025-10-22T14:12:00-04:00,0.0,9747.04,,,,,,,,,3150.0,2025-10-22T14:01:00-04:00,0.0,9747.04,3161.0,2025-10-22T14:12:00-04:00,0.0,9747.04,,,,,,,,,3150.0,2025-10-22T14:01:00-04:00,0.0,9747.04,3161.0,2025-10-22T14:12:00-04:00,0.0,9747.04,,,,,,,,,2991
2025-10-20,2025-10-23,3,6.0,2025-10-20T09:31:00-04:00,6.0,NDXP  251023P25220000,NDXP  251023P25210000,validation,False,False,0,0,0,91,0,1506,available,True,2025-10-20T09:31:00-04:00,2025-10-23T16:00:00-04:00,10.0,-8152.96,0.0,last_observed_quote_not_settlement,1036.0,685,103,5.949999999999989,-152.95999999997656,2025-10-20T09:32:00-04:00,0.0,6.050000000000011,-352.96000000002203,2025-10-20T09:33:00-04:00,0.0,5.7000000000000455,347.03999999990975,2025-10-20T09:36:00-04:00,0.0,5.900000000000034,-52.9600000000675,2025-10-20T09:41:00-04:00,0.0,5.850000000000023,47.039999999955235,2025-10-20T09:46:00-04:00,0.0,5.5,747.0400000000006,2025-10-20T10:01:00-04:00,0.0,4.800000000000011,2147.039999999978,2025-10-20T10:31:00-04:00,0.0,4.649999999999977,2447.0400000000463,2025-10-20T11:31:00-04:00,0.0,4.899999999999977,1947.0400000000461,2025-10-20T16:00:00-04:00,0.0,5.0,1747.0400000000006,2025-10-21T16:00:00-04:00,0.0,9.5,-7252.960000000001,2025-10-22T16:00:00-04:00,0.0,10.0,-8152.96,2025-10-23T16:00:00-04:00,0.0,13.0,hit,43.0,hit,1448.0,hit,,never_hit,,never_hit,,never_hit,,never_hit,1445.0,hit,1485.0,hit,1485.0,hit,1764.0,hit,2964.0,hit,3050.0,hit,,,True,True,True,False,2.25,,,True,True,True,False,2.25,,,True,True,True,False,2.25,,,True,True,True,False,2.25,,,,,,,,,,,,,,,,,,,,,,,,,,,,,,,,,,,,,,,,,,,,,,,,,,,,,,,,,,,,,,,,,2992
2025-10-20,2025-10-23,3,7.0,2025-10-20T09:31:00-04:00,7.0,NDXP  251023P25320000,NDXP  251023P25310000,validation,False,False,0,0,0,141,0,1456,available,True,2025-10-20T09:31:00-04:00,2025-10-23T16:00:00-04:00,2.0500000000000114,9647.039999999979,0.0,last_observed_quote_not_settlement,1037.0,780,129,6.399999999999977,947.0400000000461,2025-10-20T09:32:00-04:00,0.0,6.949999999999989,-152.95999999997656,2025-10-20T09:33:00-04:00,0.0,6.5,747.0400000000006,2025-10-20T09:36:00-04:00,0.0,6.850000000000023,47.039999999955235,2025-10-20T09:41:00-04:00,0.0,7.050000000000011,-352.96000000002203,2025-10-20T09:46:00-04:00,0.0,6.750000000000057,247.039999999887,2025-10-20T10:01:00-04:00,0.0,6.399999999999977,947.0400000000461,2025-10-20T10:31:00-04:00,0.0,5.949999999999989,1847.0400000000234,2025-10-20T11:31:00-04:00,0.0,6.150000000000006,1447.0399999999893,2025-10-20T16:00:00-04:00,0.0,7.150000000000034,-552.9600000000676,2025-10-21T16:00:00-04:00,0.0,8.700000000000045,-3652.960000000092,2025-10-22T16:00:00-04:00,0.0,2.0500000000000114,9647.039999999979,2025-10-23T16:00:00-04:00,0.0,117.0,hit,1617.0,hit,4709.0,hit,4709.0,hit,,never_hit,,never_hit,,never_hit,28.0,hit,1587.0,hit,0.0,hit,1587.0,hit,1752.0,hit,2951.0,hit,10.0,780,True,True,True,True,,,,True,True,True,False,4.949999999999989,,,True,True,True,False,4.949999999999989,,,True,True,True,False,4.949999999999989,4709.0,2025-10-23T16:00:00-04:00,2.0500000000000114,9647.039999999979,,,,,,,,,,,,,,,,,,,,,,,,,,,,,,,,,,,,,,,,,,,,,,,,,,,,,,,,,,,,,2993
2025-10-21,2025-10-23,2,5.0,2025-10-21T09:31:00-04:00,5.049999999999983,NDXP  251023P25210000,NDXP  251023P25200000,validation,False,False,0,0,0,79,0,1113,available,True,2025-10-21T09:31:00-04:00,2025-10-23T15:58:00-04:00,9.349999999999994,-8852.960000000023,2.0,last_observed_quote_not_settlement,1036.0,875,110,5.25,-652.9600000000335,2025-10-21T09:32:00-04:00,0.0,4.799999999999983,247.04000000000067,2025-10-21T09:33:00-04:00,0.0,4.800000000000011,247.03999999994383,2025-10-21T09:36:00-04:00,0.0,6.900000000000006,-3952.9600000000446,2025-10-21T09:41:00-04:00,0.0,6.099999999999994,-2352.960000000022,2025-10-21T09:46:00-04:00,0.0,5.499999999999972,-1152.9599999999766,2025-10-21T10:01:00-04:00,0.0,6.450000000000017,-3052.9600000000673,2025-10-21T10:31:00-04:00,0.0,4.249999999999972,1347.0400000000234,2025-10-21T11:31:00-04:00,0.0,6.25,-2652.9600000000332,2025-10-21T16:00:00-04:00,0.0,9.5,-9152.960000000034,2025-10-22T16:00:00-04:00,0.0,,,2025-10-23T15:58:00-04:00,120.0,,,,,0.0,hit,2.0,hit,50.0,hit,50.0,hit,,never_hit,,never_hit,,never_hit,3.0,hit,10.0,hit,43.0,hit,56.0,hit,1516.0,hit,1597.0,hit,7.25,45,True,False,False,False,,,,True,True,True,False,2.8999999999999773,,,True,True,True,False,2.8999999999999773,,,True,True,True,False,2.8999999999999773,290.0,2025-10-21T14:21:00-04:00,2.1500000000000057,5547.039999999955,,,,,,,,,291.0,2025-10-21T14:22:00-04:00,5.200000000000017,-552.9600000000676,,,,,,,,,,,,,,,,,,,,,,,,,,,,,,,,,,,,,,,,,,,,,,,,,2994
2025-10-21,2025-10-23,2,6.0,2025-10-21T09:31:00-04:00,6.0,NDXP  251023P25290000,NDXP  251023P25280000,validation,False,False,0,0,0,115,0,1077,available,True,2025-10-21T09:31:00-04:00,2025-10-23T16:00:00-04:00,10.0,-8152.96,0.0,last_observed_quote_not_settlement,1036.0,939,48,6.25,-752.9599999999994,2025-10-21T09:32:00-04:00,0.0,6.550000000000011,-1352.960000000022,2025-10-21T09:33:00-04:00,0.0,6.0,-252.9599999999993,2025-10-21T09:36:00-04:00,0.0,6.249999999999972,-752.9599999999425,2025-10-21T09:41:00-04:00,0.0,6.849999999999966,-1952.9599999999311,2025-10-21T09:46:00-04:00,0.0,7.0499999999999545,-2352.959999999908,2025-10-21T10:01:00-04:00,0.0,7.299999999999983,-2852.959999999965,2025-10-21T10:31:00-04:00,0.0,7.199999999999989,-2652.9599999999764,2025-10-21T11:31:00-04:00,0.0,6.500000000000028,-1252.9600000000562,2025-10-21T16:00:00-04:00,0.0,9.799999999999955,-7852.95999999991,2025-10-22T16:00:00-04:00,0.0,10.0,-8152.96,2025-10-23T16:00:00-04:00,0.0,,,,,118.0,hit,121.0,hit,,never_hit,,never_hit,,never_hit,,never_hit,,never_hit,2.0,hit,18.0,hit,18.0,hit,102.0,hit,1490.0,hit,1515.0,hit,,,True,True,True,False,1.9499999999999886,,,True,True,True,False,1.9499999999999886,,,True,True,True,False,1.9499999999999886,,,True,True,True,False,1.9499999999999886,,,,,,,,,,,,,,,,,,,,,,,,,,,,,,,,,,,,,,,,,,,,,,,,,,,,,,,,,,,,,,,,,2995
2025-10-21,2025-10-23,2,7.0,2025-10-21T09:31:00-04:00,6.900000000000006,NDXP  251023P25340000,NDXP  251023P25330000,validation,False,False,0,0,0,122,0,1070,available,True,2025-10-21T09:31:00-04:00,2025-10-23T16:00:00-04:00,10.0,-6352.959999999988,0.0,last_observed_quote_not_settlement,1036.0,898,67,6.9500000000000455,-352.9600000000789,2025-10-21T09:32:00-04:00,0.0,7.100000000000023,-652.9600000000335,2025-10-21T09:33:00-04:00,0.0,7.399999999999977,-1252.9599999999425,2025-10-21T09:36:00-04:00,0.0,7.100000000000023,-652.9600000000335,2025-10-21T09:41:00-04:00,0.0,7.600000000000023,-1652.9600000000335,2025-10-21T09:46:00-04:00,0.0,7.7000000000000455,-1852.960000000079,2025-10-21T10:01:00-04:00,0.0,7.899999999999977,-2252.9599999999423,2025-10-21T10:31:00-04:00,0.0,7.5,-1452.959999999988,2025-10-21T11:31:00-04:00,0.0,7.5,-1452.959999999988,2025-10-21T16:00:00-04:00,0.0,9.850000000000023,-6152.9600000000355,2025-10-22T16:00:00-04:00,0.0,10.0,-6352.959999999988,2025-10-23T16:00:00-04:00,0.0,,,,,143.0,hit,1831.0,hit,1831.0,hit,1831.0,hit,1832.0,hit,1832.0,hit,1832.0,hit,12.0,hit,58.0,hit,2.0,hit,58.0,hit,230.0,hit,1495.0,hit,10.0,632,True,True,True,True,,10.0,632,True,True,True,True,,10.0,632,True,True,True,True,,10.0,632,True,True,True,True,,1831.0,2025-10-22T16:02:00-04:00,2.349999999999966,8847.04000000008,1832.0,2025-10-22T16:03:00-04:00,0.0,13547.040000000014,,,,,1832.0,2025-10-22T16:03:00-04:00,0.0,13547.040000000014,1832.0,2025-10-22T16:03:00-04:00,0.0,13547.040000000014,,,,,,,,,1833.0,2025-10-22T16:04:00-04:00,9.800000000000011,-6052.960000000013,1832.0,2025-10-22T16:03:00-04:00,0.0,13547.040000000014,,,,,,,,,1833.0,2025-10-22T16:04:00-04:00,9.800000000000011,-6052.960000000013,1832.0,2025-10-22T16:03:00-04:00,0.0,13547.040000000014,,,,,,,,,1833.0,2025-10-22T16:04:00-04:00,9.800000000000011,-6052.960000000013,2996
2025-10-21,2025-10-24,3,5.0,2025-10-21T09:31:00-04:00,5.0,NDXP  251024P25190000,NDXP  251024P25180000,validation,False,False,0,0,2,5,0,1579,available,True,2025-10-21T09:31:00-04:00,2025-10-24T15:49:00-04:00,0.0,9747.04,11.0,last_observed_quote_not_settlement,1036.0,810,45,4.550000000000011,647.0399999999779,2025-10-21T09:32:00-04:00,0.0,5.0,-252.9599999999993,2025-10-21T09:33:00-04:00,0.0,4.799999999999983,147.0400000000348,2025-10-21T09:36:00-04:00,0.0,4.750000000000028,247.03999999994383,2025-10-21T09:41:00-04:00,0.0,5.0,-252.9599999999993,2025-10-21T09:46:00-04:00,0.0,5.100000000000023,-452.9600000000448,2025-10-21T10:01:00-04:00,0.0,5.399999999999977,-1052.9599999999539,2025-10-21T10:31:00-04:00,0.0,4.75,247.04000000000067,2025-10-21T11:31:00-04:00,0.0,4.699999999999989,347.04000000002344,2025-10-21T16:00:00-04:00,0.0,7.849999999999966,-5952.959999999931,2025-10-22T16:00:00-04:00,0.0,6.599999999999994,-3452.9599999999878,2025-10-23T16:00:00-04:00,0.0,,,2025-10-24T15:49:00-04:00,660.0,0.0,hit,0.0,hit,197.0,hit,1624.0,hit,1731.0,hit,4335.0,hit,4394.0,hit,290.0,hit,290.0,hit,290.0,hit,290.0,hit,1674.0,hit,1677.0,hit,8.5,207,True,True,False,False,,9.949999999999989,302,True,True,True,True,,9.949999999999989,810,True,True,True,True,,9.949999999999989,810,True,True,True,True,,1624.0,2025-10-22T12:35:00-04:00,2.3999999999999773,4947.040000000046,1732.0,2025-10-22T14:23:00-04:00,2.5500000000000114,4647.039999999978,1733.0,2025-10-22T14:24:00-04:00,1.5500000000000114,6647.039999999978,1625.0,2025-10-22T12:36:00-04:00,7.699999999999989,-5652.959999999976,1731.0,2025-10-22T14:22:00-04:00,1.5500000000000114,6647.039999999978,4323.0,2025-10-24T09:34:00-04:00,1.6999999999999993,6347.040000000002,4324.0,2025-10-24T09:35:00-04:00,1.4500000000000028,6847.039999999995,1732.0,2025-10-22T14:23:00-04:00,2.5500000000000114,4647.039999999978,4346.0,2025-10-24T09:57:00-04:00,0.9000000000000021,7947.039999999996,4351.0,2025-10-24T10:02:00-04:00,0.8500000000000014,8047.039999999998,4352.0,2025-10-24T10:03:00-04:00,0.8999999999999986,7947.040000000004,4347.0,2025-10-24T09:58:00-04:00,1.25,7247.040000000001,4432.0,2025-10-24T11:23:00-04:00,0.3999999999999986,8947.040000000005,4433.0,2025-10-24T11:24:00-04:00,0.4499999999999993,8847.040000000003,4441.0,2025-10-24T11:32:00-04:00,0.3999999999999986,8947.040000000005,4433.0,2025-10-24T11:24:00-04:00,0.4499999999999993,8847.040000000003,2997
2025-10-21,2025-10-24,3,6.0,2025-10-21T09:31:00-04:00,5.75,NDXP  251024P25290000,NDXP  251024P25280000,validation,False,False,0,0,2,4,0,1585,available,True,2025-10-21T09:31:00-04:00,2025-10-24T15:53:00-04:00,0.0,11247.04,7.0,last_observed_quote_not_settlement,1036.0,996,92,6.100000000000023,-952.9600000000448,2025-10-21T09:32:00-04:00,0.0,5.800000000000011,-352.96000000002203,2025-10-21T09:33:00-04:00,0.0,5.599999999999966,47.04000000006892,2025-10-21T09:36:00-04:00,0.0,6.100000000000023,-952.9600000000448,2025-10-21T09:41:00-04:00,0.0,6.050000000000011,-852.9600000000221,2025-10-21T09:46:00-04:00,0.0,6.150000000000034,-1052.9600000000676,2025-10-21T10:01:00-04:00,0.0,6.399999999999977,-1552.9599999999539,2025-10-21T10:31:00-04:00,0.0,5.899999999999977,-552.9599999999539,2025-10-21T11:31:00-04:00,0.0,7.850000000000023,-4452.960000000045,2025-10-21T16:00:00-04:00,0.0,8.649999999999977,-6052.9599999999555,2025-10-22T16:00:00-04:00,0.0,7.349999999999994,-3452.9599999999878,2025-10-23T16:00:00-04:00,0.0,,,2025-10-24T15:53:00-04:00,420.0,8.0,hit,143.0,hit,191.0,hit,334.0,hit,334.0,hit,4448.0,hit,4534.0,hit,32.0,hit,296.0,hit,389.0,hit,1508.0,hit,1567.0,hit,1627.0,hit,6.799999999999983,180,False,False,False,False,,6.799999999999983,180,False,False,False,False,,10.0,996,True,True,True,True,,10.0,996,True,True,True,True,,334.0,2025-10-21T15:05:00-04:00,1.950000000000017,7347.039999999966,4325.0,2025-10-24T09:36:00-04:00,2.6500000000000057,5947.039999999989,4326.0,2025-10-24T09:37:00-04:00,2.299999999999997,6647.040000000006,335.0,2025-10-21T15:06:00-04:00,5.699999999999989,-152.95999999997656,4350.0,2025-10-24T10:01:00-04:00,1.8499999999999979,7547.0400000000045,4351.0,2025-10-24T10:02:00-04:00,1.7499999999999964,7747.040000000008,4357.0,2025-10-24T10:08:00-04:00,1.5500000000000043,8147.039999999993,4351.0,2025-10-24T10:02:00-04:00,1.7499999999999964,7747.040000000008,4482.0,2025-10-24T12:13:00-04:00,0.8999999999999986,9447.040000000005,4483.0,2025-10-24T12:14:00-04:00,0.9000000000000004,9447.04,4487.0,2025-10-24T12:18:00-04:00,0.8499999999999996,9547.040000000003,4483.0,2025-10-24T12:14:00-04:00,0.9000000000000004,9447.04,4540.0,2025-10-24T13:11:00-04:00,0.4499999999999993,10347.040000000003,4562.0,2025-10-24T13:33:00-04:00,0.39999999999999947,10447.040000000003,4563.0,2025-10-24T13:34:00-04:00,0.34999999999999964,10547.040000000003,4541.0,2025-10-24T13:12:00-04:00,0.6000000000000005,10047.04,2998
2025-10-21,2025-10-24,3,7.0,2025-10-21T09:31:00-04:00,5.75,NDXP  251024P25290000,NDXP  251024P25280000,validation,False,False,0,0,2,4,0,1585,available,True,2025-10-21T09:31:00-04:00,2025-10-24T15:53:00-04:00,0.0,11247.04,7.0,last_observed_quote_not_settlement,1036.0,996,92,6.100000000000023,-952.9600000000448,2025-10-21T09:32:00-04:00,0.0,5.800000000000011,-352.96000000002203,2025-10-21T09:33:00-04:00,0.0,5.599999999999966,47.04000000006892,2025-10-21T09:36:00-04:00,0.0,6.100000000000023,-952.9600000000448,2025-10-21T09:41:00-04:00,0.0,6.050000000000011,-852.9600000000221,2025-10-21T09:46:00-04:00,0.0,6.150000000000034,-1052.9600000000676,2025-10-21T10:01:00-04:00,0.0,6.399999999999977,-1552.9599999999539,2025-10-21T10:31:00-04:00,0.0,5.899999999999977,-552.9599999999539,2025-10-21T11:31:00-04:00,0.0,7.850000000000023,-4452.960000000045,2025-10-21T16:00:00-04:00,0.0,8.649999999999977,-6052.9599999999555,2025-10-22T16:00:00-04:00,0.0,7.349999999999994,-3452.9599999999878,2025-10-23T16:00:00-04:00,0.0,,,2025-10-24T15:53:00-04:00,420.0,8.0,hit,143.0,hit,191.0,hit,334.0,hit,334.0,hit,4448.0,hit,4534.0,hit,32.0,hit,296.0,hit,389.0,hit,1508.0,hit,1567.0,hit,1627.0,hit,6.799999999999983,180,False,False,False,False,,6.799999999999983,180,False,False,False,False,,10.0,996,True,True,True,True,,10.0,996,True,True,True,True,,334.0,2025-10-21T15:05:00-04:00,1.950000000000017,7347.039999999966,4325.0,2025-10-24T09:36:00-04:00,2.6500000000000057,5947.039999999989,4326.0,2025-10-24T09:37:00-04:00,2.299999999999997,6647.040000000006,335.0,2025-10-21T15:06:00-04:00,5.699999999999989,-152.95999999997656,4350.0,2025-10-24T10:01:00-04:00,1.8499999999999979,7547.0400000000045,4351.0,2025-10-24T10:02:00-04:00,1.7499999999999964,7747.040000000008,4357.0,2025-10-24T10:08:00-04:00,1.5500000000000043,8147.039999999993,4351.0,2025-10-24T10:02:00-04:00,1.7499999999999964,7747.040000000008,4482.0,2025-10-24T12:13:00-04:00,0.8999999999999986,9447.040000000005,4483.0,2025-10-24T12:14:00-04:00,0.9000000000000004,9447.04,4487.0,2025-10-24T12:18:00-04:00,0.8499999999999996,9547.040000000003,4483.0,2025-10-24T12:14:00-04:00,0.9000000000000004,9447.04,4540.0,2025-10-24T13:11:00-04:00,0.4499999999999993,10347.040000000003,4562.0,2025-10-24T13:33:00-04:00,0.39999999999999947,10447.040000000003,4563.0,2025-10-24T13:34:00-04:00,0.34999999999999964,10547.040000000003,4541.0,2025-10-24T13:12:00-04:00,0.6000000000000005,10047.04,2999
2025-10-22,2025-10-24,2,5.0,2025-10-22T09:31:00-04:00,5.049999999999983,NDXP  251024P25170000,NDXP  251024P25160000,validation,True,False,0,0,0,7,0,1172,available,True,2025-10-22T09:31:00-04:00,2025-10-24T15:49:00-04:00,0.0,9847.039999999968,11.0,last_observed_quote_not_settlement,1036.0,692,73,4.900000000000034,47.03999999989839,2025-10-22T09:32:00-04:00,0.0,5.400000000000006,-952.9600000000448,2025-10-22T09:33:00-04:00,0.0,5.600000000000023,-1352.960000000079,2025-10-22T09:36:00-04:00,0.0,5.099999999999994,-352.96000000002203,2025-10-22T09:41:00-04:00,0.0,4.800000000000011,247.03999999994383,2025-10-22T09:46:00-04:00,0.0,4.599999999999994,647.0399999999779,2025-10-22T10:01:00-04:00,0.0,6.5,-3152.9600000000332,2025-10-22T10:31:00-04:00,0.0,7.400000000000034,-4952.960000000102,2025-10-22T11:31:00-04:00,0.0,7.5,-5152.960000000034,2025-10-22T16:00:00-04:00,0.0,7.8999999999999915,-5952.960000000016,2025-10-23T16:00:00-04:00,0.0,,,2025-10-24T15:49:00-04:00,660.0,,,,,0.0,hit,1.0,hit,184.0,hit,275.0,hit,275.0,hit,276.0,hit,276.0,hit,5.0,hit,53.0,hit,109.0,hit,180.0,hit,180.0,hit,180.0,hit,9.649999999999977,227,True,True,True,True,,9.649999999999977,227,True,True,True,True,,9.649999999999977,227,True,True,True,True,,9.649999999999977,227,True,True,True,True,,275.0,2025-10-22T14:06:00-04:00,2.0,5847.039999999966,276.0,2025-10-22T14:07:00-04:00,0.0,9847.039999999968,2882.0,2025-10-24T09:33:00-04:00,1.5,6847.039999999966,276.0,2025-10-22T14:07:00-04:00,0.0,9847.039999999968,276.0,2025-10-22T14:07:00-04:00,0.0,9847.039999999968,2883.0,2025-10-24T09:34:00-04:00,1.5,6847.039999999966,2884.0,2025-10-24T09:35:00-04:00,1.1999999999999993,7447.039999999968,277.0,2025-10-22T14:08:00-04:00,8.0,-6152.9600000000355,276.0,2025-10-22T14:07:00-04:00,0.0,9847.039999999968,2896.0,2025-10-24T09:47:00-04:00,0.8000000000000007,8247.039999999966,2912.0,2025-10-24T10:03:00-04:00,0.8000000000000043,8247.039999999959,277.0,2025-10-22T14:08:00-04:00,8.0,-6152.9600000000355,276.0,2025-10-22T14:07:00-04:00,0.0,9847.039999999968,2994.0,2025-10-24T11:25:00-04:00,0.34999999999999964,9147.039999999968,2995.0,2025-10-24T11:26:00-04:00,0.40000000000000036,9047.039999999966,277.0,2025-10-22T14:08:00-04:00,8.0,-6152.9600000000355,3000
2025-10-22,2025-10-24,2,6.0,2025-10-22T09:31:00-04:00,6.0,NDXP  251024P25240000,NDXP  251024P25230000,validation,True,False,0,0,5,7,0,1175,available,True,2025-10-22T09:31:00-04:00,2025-10-24T15:52:00-04:00,0.0,11747.04,8.0,last_observed_quote_not_settlement,1036.0,734,53,5.899999999999977,-52.959999999953816,2025-10-22T09:32:00-04:00,0.0,6.050000000000011,-352.96000000002203,2025-10-22T09:33:00-04:00,0.0,6.600000000000023,-1452.9600000000448,2025-10-22T09:36:00-04:00,0.0,6.0,-252.9599999999993,2025-10-22T09:41:00-04:00,0.0,5.849999999999966,47.04000000006892,2025-10-22T09:46:00-04:00,0.0,6.200000000000017,-652.9600000000335,2025-10-22T10:01:00-04:00,0.0,7.300000000000011,-2852.960000000022,2025-10-22T10:31:00-04:00,0.0,8.149999999999977,-4552.9599999999555,2025-10-22T11:31:00-04:00,0.0,8.350000000000023,-4952.960000000046,2025-10-22T16:00:00-04:00,0.0,6.100000000000023,-452.9600000000448,2025-10-23T16:00:00-04:00,0.0,,,2025-10-24T15:52:00-04:00,480.0,,,,,11.0,hit,21.0,hit,2880.0,hit,2880.0,hit,2885.0,hit,2917.0,hit,2934.0,hit,5.0,hit,57.0,hit,57.0,hit,111.0,hit,199.0,hit,235.0,hit,10.0,734,True,True,True,True,,10.0,734,True,True,True,True,,10.0,734,True,True,True,True,,10.0,734,True,True,True,True,,2880.0,2025-10-24T09:31:00-04:00,2.8999999999999986,5947.040000000004,2881.0,2025-10-24T09:32:00-04:00,2.8999999999999986,5947.040000000004,2882.0,2025-10-24T09:33:00-04:00,2.6000000000000014,6547.039999999998,2881.0,2025-10-24T09:32:00-04:00,2.8999999999999986,5947.040000000004,2885.0,2025-10-24T09:36:00-04:00,1.6000000000000014,8547.039999999999,2886.0,2025-10-24T09:37:00-04:00,1.6500000000000021,8447.039999999997,2887.0,2025-10-24T09:38:00-04:00,1.5,8747.04,2886.0,2025-10-24T09:37:00-04:00,1.6500000000000021,8447.039999999997,2923.0,2025-10-24T10:14:00-04:00,0.9000000000000021,9947.039999999997,2924.0,2025-10-24T10:15:00-04:00,0.8999999999999986,9947.040000000005,2955.0,2025-10-24T10:46:00-04:00,0.9000000000000004,9947.04,2924.0,2025-10-24T10:15:00-04:00,0.8999999999999986,9947.040000000005,2934.0,2025-10-24T10:25:00-04:00,0.25,11247.04,3052.0,2025-10-24T12:23:00-04:00,0.39999999999999947,10947.040000000003,3060.0,2025-10-24T12:31:00-04:00,0.3999999999999986,10947.040000000005,2935.0,2025-10-24T10:26:00-04:00,1.2000000000000028,9347.039999999995,3001
2025-10-22,2025-10-24,2,7.0,2025-10-22T09:31:00-04:00,7.0,NDXP  251024P25250000,NDXP  251024P25240000,validation,True,False,0,0,1,4,0,1179,available,True,2025-10-22T09:31:00-04:00,2025-10-24T15:52:00-04:00,0.025000000000000022,13697.04,8.0,last_observed_quote_not_settlement,1036.0,573,74,5.600000000000023,2547.0399999999554,2025-10-22T09:32:00-04:00,0.0,5.699999999999989,2347.0400000000236,2025-10-22T09:33:00-04:00,0.0,6.350000000000023,1047.0399999999552,2025-10-22T09:36:00-04:00,0.0,6.699999999999989,347.04000000002344,2025-10-22T09:41:00-04:00,0.0,5.800000000000011,2147.039999999978,2025-10-22T09:46:00-04:00,0.0,4.849999999999994,4047.040000000012,2025-10-22T10:01:00-04:00,0.0,7.399999999999977,-1052.9599999999539,2025-10-22T10:31:00-04:00,0.0,8.199999999999989,-2652.959999999978,2025-10-22T11:31:00-04:00,0.0,8.5,-3252.960000000001,2025-10-22T16:00:00-04:00,0.0,6.899999999999977,-52.959999999953816,2025-10-23T16:00:00-04:00,0.0,,,2025-10-24T15:52:00-04:00,480.0,,,,,14.0,hit,30.0,hit,180.0,hit,2882.0,hit,2885.0,hit,2909.0,hit,2909.0,hit,59.0,hit,59.0,hit,0.0,hit,59.0,hit,187.0,hit,216.0,hit,9.999999999999943,573,True,True,True,True,,9.999999999999943,573,True,True,True,True,,9.999999999999943,573,True,True,True,True,,9.999999999999943,573,True,True,True,True,,2882.0,2025-10-24T09:33:00-04:00,2.6499999999999986,8447.040000000005,2883.0,2025-10-24T09:34:00-04:00,2.549999999999997,8647.040000000008,2884.0,2025-10-24T09:35:00-04:00,2.0500000000000043,9647.039999999994,2883.0,2025-10-24T09:34:00-04:00,2.549999999999997,8647.040000000008,2886.0,2025-10-24T09:37:00-04:00,1.8000000000000007,10147.04,2887.0,2025-10-24T09:38:00-04:00,1.9000000000000021,9947.039999999997,2888.0,2025-10-24T09:39:00-04:00,1.6999999999999993,10347.040000000003,2887.0,2025-10-24T09:38:00-04:00,1.9000000000000021,9947.039999999997,2909.0,2025-10-24T10:00:00-04:00,0.0,13747.04,2991.0,2025-10-24T11:22:00-04:00,0.8499999999999996,12047.040000000003,2992.0,2025-10-24T11:23:00-04:00,0.8500000000000014,12047.039999999999,2910.0,2025-10-24T10:01:00-04:00,1.3499999999999979,11047.040000000006,2909.0,2025-10-24T10:00:00-04:00,0.0,13747.04,3051.0,2025-10-24T12:22:00-04:00,0.4499999999999993,12847.040000000003,3082.0,2025-10-24T12:53:00-04:00,0.40000000000000036,12947.04,2910.0,2025-10-24T10:01:00-04:00,1.3499999999999979,11047.040000000006,3002
2025-10-24,2025-10-27,3,5.0,2025-10-24T09:31:00-04:00,5.049999999999983,NDXP  251027P25360000,NDXP  251027P25350000,validation,False,False,0,0,1,8,0,753,available,False,2025-10-24T09:31:00-04:00,2025-10-27T15:30:00-04:00,0.0,9847.039999999968,30.0,last_observed_quote_not_settlement,3916.0,2,3,5.199999999999989,-552.9600000000107,2025-10-24T09:32:00-04:00,0.0,4.449999999999989,947.0399999999893,2025-10-24T09:33:00-04:00,0.0,4.049999999999997,1747.0399999999722,2025-10-24T09:36:00-04:00,0.0,4.0,1847.0399999999665,2025-10-24T09:41:00-04:00,0.0,4.0,1847.0399999999665,2025-10-24T09:46:00-04:00,0.0,3.6499999999999773,2547.0400000000122,2025-10-24T10:01:00-04:00,0.0,4.349999999999994,1147.039999999978,2025-10-24T10:31:00-04:00,0.0,3.499999999999986,2847.039999999995,2025-10-24T11:31:00-04:00,0.0,4.050000000000011,1747.0399999999438,2025-10-24T16:00:00-04:00,0.0,,,2025-10-24T16:15:00-04:00,85500.0,,,2025-10-24T16:15:00-04:00,171900.0,,,2025-10-27T15:30:00-04:00,1800.0,0.0,hit,2.0,hit,6.0,hit,86.0,hit,86.0,hit,4320.0,hit,4320.0,hit,79.0,hit,,never_hit,,never_hit,,never_hit,,never_hit,,never_hit,5.599999999999994,2,False,False,False,False,,5.599999999999994,2,False,False,False,False,,5.599999999999994,2,False,False,False,False,,5.599999999999994,2,False,False,False,False,,86.0,2025-10-24T10:57:00-04:00,1.4000000000000057,7047.039999999955,4321.0,2025-10-27T09:32:00-04:00,0.35000000000000053,9147.039999999966,4322.0,2025-10-27T09:33:00-04:00,0.40000000000000036,9047.039999999966,87.0,2025-10-24T10:58:00-04:00,4.799999999999983,247.04000000000067,86.0,2025-10-24T10:57:00-04:00,1.4000000000000057,7047.039999999955,4321.0,2025-10-27T09:32:00-04:00,0.35000000000000053,9147.039999999966,4322.0,2025-10-27T09:33:00-04:00,0.40000000000000036,9047.039999999966,87.0,2025-10-24T10:58:00-04:00,4.799999999999983,247.04000000000067,4320.0,2025-10-27T09:31:00-04:00,0.40000000000000036,9047.039999999966,4321.0,2025-10-27T09:32:00-04:00,0.35000000000000053,9147.039999999966,4322.0,2025-10-27T09:33:00-04:00,0.40000000000000036,9047.039999999966,4321.0,2025-10-27T09:32:00-04:00,0.35000000000000053,9147.039999999966,4320.0,2025-10-27T09:31:00-04:00,0.40000000000000036,9047.039999999966,4321.0,2025-10-27T09:32:00-04:00,0.35000000000000053,9147.039999999966,4322.0,2025-10-27T09:33:00-04:00,0.40000000000000036,9047.039999999966,4321.0,2025-10-27T09:32:00-04:00,0.35000000000000053,9147.039999999966,3003
2025-10-24,2025-10-27,3,6.0,2025-10-24T09:31:00-04:00,6.050000000000011,NDXP  251027P25420000,NDXP  251027P25410000,validation,False,False,0,0,16,6,0,761,available,False,2025-10-24T09:31:00-04:00,2025-10-27T15:31:00-04:00,0.0,11847.040000000025,29.0,last_observed_quote_not_settlement,3916.0,6,11,6.300000000000011,-752.9599999999994,2025-10-24T09:32:00-04:00,0.0,5.5,847.0400000000234,2025-10-24T09:33:00-04:00,0.0,5.100000000000023,1647.039999999978,2025-10-24T09:36:00-04:00,0.0,4.949999999999989,1947.0400000000461,2025-10-24T09:41:00-04:00,0.0,5.099999999999994,1647.0400000000348,2025-10-24T09:46:00-04:00,0.0,4.700000000000003,2447.0400000000177,2025-10-24T10:01:00-04:00,0.0,5.350000000000023,1147.039999999978,2025-10-24T10:31:00-04:00,0.0,4.549999999999997,2747.040000000029,2025-10-24T11:31:00-04:00,0.0,4.700000000000017,2447.0399999999895,2025-10-24T16:00:00-04:00,0.0,,,2025-10-24T16:15:00-04:00,85500.0,,,2025-10-24T16:15:00-04:00,171900.0,,,2025-10-27T15:31:00-04:00,1740.0,2.0,hit,7.0,hit,257.0,hit,4320.0,hit,4320.0,hit,4320.0,hit,4321.0,hit,21.0,hit,,never_hit,,never_hit,,never_hit,,never_hit,,never_hit,6.599999999999994,6,False,False,False,False,,6.599999999999994,6,False,False,False,False,,6.599999999999994,6,False,False,False,False,,6.599999999999994,6,False,False,False,False,,4320.0,2025-10-27T09:31:00-04:00,0.5499999999999989,10747.040000000026,4321.0,2025-10-27T09:32:00-04:00,0.5,10847.040000000025,4322.0,2025-10-27T09:33:00-04:00,0.5499999999999989,10747.040000000026,4321.0,2025-10-27T09:32:00-04:00,0.5,10847.040000000025,4320.0,2025-10-27T09:31:00-04:00,0.5499999999999989,10747.040000000026,4321.0,2025-10-27T09:32:00-04:00,0.5,10847.040000000025,4322.0,2025-10-27T09:33:00-04:00,0.5499999999999989,10747.040000000026,4321.0,2025-10-27T09:32:00-04:00,0.5,10847.040000000025,4320.0,2025-10-27T09:31:00-04:00,0.5499999999999989,10747.040000000026,4321.0,2025-10-27T09:32:00-04:00,0.5,10847.040000000025,4322.0,2025-10-27T09:33:00-04:00,0.5499999999999989,10747.040000000026,4321.0,2025-10-27T09:32:00-04:00,0.5,10847.040000000025,4323.0,2025-10-27T09:34:00-04:00,0.4499999999999993,10947.040000000026,4324.0,2025-10-27T09:35:00-04:00,0.4499999999999993,10947.040000000026,4334.0,2025-10-27T09:45:00-04:00,0.3999999999999986,11047.040000000026,4324.0,2025-10-27T09:35:00-04:00,0.4499999999999993,10947.040000000026,3004
2025-10-24,2025-10-27,3,7.0,2025-10-24T09:31:00-04:00,6.9500000000000455,NDXP  251027P25480000,NDXP  251027P25470000,validation,False,False,0,0,16,4,0,764,available,False,2025-10-24T09:31:00-04:00,2025-10-27T15:40:00-04:00,0.0,13647.040000000092,20.0,last_observed_quote_not_settlement,3916.0,17,22,5.799999999999983,2047.040000000126,2025-10-24T09:32:00-04:00,0.0,6.699999999999989,247.04000000011436,2025-10-24T09:33:00-04:00,0.0,6.149999999999977,1347.040000000137,2025-10-24T09:36:00-04:00,0.0,6.0,1647.0400000000916,2025-10-24T09:41:00-04:00,0.0,6.150000000000006,1347.0400000000802,2025-10-24T09:46:00-04:00,0.0,5.699999999999989,2247.0400000001146,2025-10-24T10:01:00-04:00,0.0,7.300000000000011,-952.9599999999311,2025-10-24T10:31:00-04:00,0.0,5.699999999999989,2247.0400000001146,2025-10-24T11:31:00-04:00,0.0,6.25,1147.0400000000916,2025-10-24T16:00:00-04:00,0.0,,,2025-10-24T16:15:00-04:00,85500.0,,,2025-10-24T16:15:00-04:00,171900.0,,,2025-10-27T15:40:00-04:00,1200.0,8.0,hit,150.0,hit,150.0,hit,150.0,hit,4320.0,hit,4320.0,hit,4342.0,hit,66.0,hit,,never_hit,18.0,hit,,never_hit,,never_hit,,never_hit,7.599999999999994,15,True,False,False,False,,7.850000000000023,17,True,False,False,False,,7.850000000000023,17,True,False,False,False,,7.850000000000023,17,True,False,False,False,,150.0,2025-10-24T12:01:00-04:00,2.9499999999999886,7747.040000000115,4321.0,2025-10-27T09:32:00-04:00,0.75,12147.040000000092,4322.0,2025-10-27T09:33:00-04:00,0.7499999999999982,12147.040000000095,151.0,2025-10-24T12:02:00-04:00,6.349999999999994,947.040000000103,4320.0,2025-10-27T09:31:00-04:00,0.6499999999999986,12347.040000000095,4321.0,2025-10-27T09:32:00-04:00,0.75,12147.040000000092,4322.0,2025-10-27T09:33:00-04:00,0.7499999999999982,12147.040000000095,4321.0,2025-10-27T09:32:00-04:00,0.75,12147.040000000092,4320.0,2025-10-27T09:31:00-04:00,0.6499999999999986,12347.040000000095,4321.0,2025-10-27T09:32:00-04:00,0.75,12147.040000000092,4322.0,2025-10-27T09:33:00-04:00,0.7499999999999982,12147.040000000095,4321.0,2025-10-27T09:32:00-04:00,0.75,12147.040000000092,4345.0,2025-10-27T09:56:00-04:00,0.4499999999999993,12747.040000000094,4349.0,2025-10-27T10:00:00-04:00,0.3999999999999986,12847.040000000095,4353.0,2025-10-27T10:04:00-04:00,0.2999999999999998,13047.040000000094,4346.0,2025-10-27T09:57:00-04:00,0.45000000000000107,12747.04000000009,3005
2025-10-27,2025-10-29,2,5.0,2025-10-27T09:31:00-04:00,5.050000000000011,NDXP  251029P25750000,NDXP  251029P25740000,validation,False,False,0,0,7,3,0,1184,available,False,2025-10-27T09:31:00-04:00,2025-10-29T15:49:00-04:00,0.024999999999999967,9797.040000000023,11.0,last_observed_quote_not_settlement,1036.0,8,10,4.850000000000023,147.03999999997797,2025-10-27T09:32:00-04:00,0.0,4.949999999999989,-52.959999999953816,2025-10-27T09:33:00-04:00,0.0,5.349999999999966,-852.9599999999084,2025-10-27T09:36:00-04:00,0.0,4.849999999999994,147.0400000000348,2025-10-27T09:41:00-04:00,0.0,5.0,-152.95999999997656,2025-10-27T09:46:00-04:00,0.0,5.0,-152.95999999997656,2025-10-27T10:01:00-04:00,0.0,4.5,847.0400000000234,2025-10-27T10:31:00-04:00,0.0,3.9000000000000057,2047.0400000000122,2025-10-27T11:31:00-04:00,0.0,3.4000000000000057,3047.0400000000122,2025-10-27T16:00:00-04:00,0.0,1.25,7347.040000000024,2025-10-28T16:00:00-04:00,0.0,,,2025-10-29T15:49:00-04:00,660.0,,,,,0.0,hit,1.0,hit,74.0,hit,211.0,hit,211.0,hit,1775.0,hit,2880.0,hit,11.0,hit,,never_hit,,never_hit,,never_hit,,never_hit,,never_hit,5.749999999999972,8,False,False,False,False,,5.749999999999972,8,False,False,False,False,,5.749999999999972,8,False,False,False,False,,5.749999999999972,8,False,False,False,False,,211.0,2025-10-27T13:02:00-04:00,2.0,5847.040000000024,1441.0,2025-10-28T09:32:00-04:00,2.0,5847.040000000024,1442.0,2025-10-28T09:33:00-04:00,1.7999999999999972,6247.040000000029,212.0,2025-10-27T13:03:00-04:00,3.9499999999999886,1947.0400000000461,1442.0,2025-10-28T09:33:00-04:00,1.7999999999999972,6247.040000000029,1598.0,2025-10-28T12:09:00-04:00,1.9000000000000057,6047.040000000012,1599.0,2025-10-28T12:10:00-04:00,1.8500000000000014,6147.040000000021,1443.0,2025-10-28T09:34:00-04:00,2.1999999999999886,5447.040000000046,1798.0,2025-10-28T15:29:00-04:00,0.8999999999999986,8047.040000000026,2881.0,2025-10-29T09:32:00-04:00,0.40000000000000036,9047.040000000023,2882.0,2025-10-29T09:33:00-04:00,0.35000000000000053,9147.040000000023,1799.0,2025-10-28T15:30:00-04:00,1.0,7847.040000000024,2881.0,2025-10-29T09:32:00-04:00,0.40000000000000036,9047.040000000023,2882.0,2025-10-29T09:33:00-04:00,0.35000000000000053,9147.040000000023,2883.0,2025-10-29T09:34:00-04:00,0.40000000000000036,9047.040000000023,2882.0,2025-10-29T09:33:00-04:00,0.35000000000000053,9147.040000000023,3006
2025-10-27,2025-10-29,2,6.0,2025-10-27T09:31:00-04:00,5.949999999999989,NDXP  251029P25820000,NDXP  251029P25810000,validation,False,False,0,0,9,2,0,1186,available,False,2025-10-27T09:31:00-04:00,2025-10-29T15:49:00-04:00,0.0,11647.039999999979,11.0,last_observed_quote_not_settlement,1036.0,41,50,5.300000000000011,1047.0399999999552,2025-10-27T09:32:00-04:00,0.0,6.25,-852.9600000000221,2025-10-27T09:33:00-04:00,0.0,6.200000000000017,-752.9600000000562,2025-10-27T09:36:00-04:00,0.0,6.25,-852.9600000000221,2025-10-27T09:41:00-04:00,0.0,5.850000000000023,-52.9600000000675,2025-10-27T09:46:00-04:00,0.0,5.899999999999977,-152.95999999997656,2025-10-27T10:01:00-04:00,0.0,5.799999999999983,47.04000000001208,2025-10-27T10:31:00-04:00,0.0,5.099999999999994,1447.0399999999893,2025-10-27T11:31:00-04:00,0.0,4.300000000000011,3047.0399999999554,2025-10-27T16:00:00-04:00,0.0,1.8500000000000014,7947.039999999975,2025-10-28T16:00:00-04:00,0.0,,,2025-10-29T15:49:00-04:00,660.0,,,,,1.0,hit,85.0,hit,299.0,hit,299.0,hit,1626.0,hit,1626.0,hit,1626.0,hit,4.0,hit,4.0,hit,36.0,hit,,never_hit,,never_hit,,never_hit,7.650000000000006,39,True,False,False,False,,7.650000000000006,40,True,False,False,False,,7.650000000000006,40,True,False,False,False,,7.650000000000006,40,True,False,False,False,,299.0,2025-10-27T14:30:00-04:00,2.3000000000000114,7047.039999999955,1444.0,2025-10-28T09:35:00-04:00,2.3499999999999943,6947.039999999989,1452.0,2025-10-28T09:43:00-04:00,2.8499999999999943,5947.039999999989,300.0,2025-10-27T14:31:00-04:00,4.800000000000011,2047.0399999999554,1626.0,2025-10-28T12:37:00-04:00,0.5,10647.039999999979,1688.0,2025-10-28T13:39:00-04:00,1.8999999999999986,7847.039999999981,1692.0,2025-10-28T13:43:00-04:00,1.9000000000000057,7847.039999999966,1627.0,2025-10-28T12:38:00-04:00,2.5500000000000043,6547.039999999969,1626.0,2025-10-28T12:37:00-04:00,0.5,10647.039999999979,2881.0,2025-10-29T09:32:00-04:00,0.6000000000000014,10447.039999999975,2882.0,2025-10-29T09:33:00-04:00,0.6499999999999986,10347.03999999998,1627.0,2025-10-28T12:38:00-04:00,2.5500000000000043,6547.039999999969,3183.0,2025-10-29T14:34:00-04:00,0.40000000000000036,10847.039999999979,3184.0,2025-10-29T14:35:00-04:00,0.34999999999999964,10947.039999999979,3220.0,2025-10-29T15:11:00-04:00,0.42500000000000027,10797.039999999977,3184.0,2025-10-29T14:35:00-04:00,0.34999999999999964,10947.039999999979,3007
2025-10-27,2025-10-29,2,7.0,2025-10-27T09:31:00-04:00,6.900000000000006,NDXP  251029P25890000,NDXP  251029P25880000,validation,False,False,0,0,1,0,0,1186,available,False,2025-10-27T09:31:00-04:00,2025-10-29T15:49:00-04:00,0.02499999999999991,13497.040000000012,11.0,last_observed_quote_not_settlement,1036.0,75,47,6.900000000000006,-252.9599999999993,2025-10-27T09:32:00-04:00,0.0,7.349999999999966,-1152.9599999999198,2025-10-27T09:33:00-04:00,0.0,7.399999999999977,-1252.9599999999425,2025-10-27T09:36:00-04:00,0.0,7.099999999999966,-652.9599999999198,2025-10-27T09:41:00-04:00,0.0,7.25,-952.959999999988,2025-10-27T09:46:00-04:00,0.0,6.900000000000034,-252.96000000005614,2025-10-27T10:01:00-04:00,0.0,5.650000000000006,2247.040000000001,2025-10-27T10:31:00-04:00,0.0,6.300000000000011,947.0399999999893,2025-10-27T11:31:00-04:00,0.0,4.849999999999966,3847.0400000000805,2025-10-27T16:00:00-04:00,0.0,2.549999999999997,8447.040000000019,2025-10-28T16:00:00-04:00,0.0,,,2025-10-29T15:49:00-04:00,660.0,,,,,64.0,hit,76.0,hit,1440.0,hit,1636.0,hit,1779.0,hit,2882.0,hit,2909.0,hit,11.0,hit,11.0,hit,2.0,hit,11.0,hit,,never_hit,,never_hit,8.049999999999955,75,True,True,False,False,,8.049999999999955,75,True,True,False,False,,8.049999999999955,75,True,True,False,False,,8.049999999999955,75,True,True,False,False,,1637.0,2025-10-28T12:48:00-04:00,2.8999999999999986,7747.0400000000145,1667.0,2025-10-28T13:18:00-04:00,2.8500000000000014,7847.040000000009,1668.0,2025-10-28T13:19:00-04:00,2.8999999999999915,7747.040000000029,1638.0,2025-10-28T12:49:00-04:00,2.950000000000003,7647.040000000006,1798.0,2025-10-28T15:29:00-04:00,1.8999999999999986,9747.040000000015,1799.0,2025-10-28T15:30:00-04:00,1.9499999999999957,9647.04000000002,1804.0,2025-10-28T15:35:00-04:00,1.9000000000000057,9747.04,1799.0,2025-10-28T15:30:00-04:00,1.9499999999999957,9647.04000000002,2882.0,2025-10-29T09:33:00-04:00,0.8999999999999986,11747.040000000015,2906.0,2025-10-29T09:57:00-04:00,0.9499999999999957,11647.04000000002,2907.0,2025-10-29T09:58:00-04:00,0.8000000000000043,11947.040000000005,2883.0,2025-10-29T09:34:00-04:00,1.0,11547.040000000014,2909.0,2025-10-29T10:00:00-04:00,0.40000000000000213,12747.040000000008,3232.0,2025-10-29T15:23:00-04:00,0.32499999999999973,12897.040000000012,3233.0,2025-10-29T15:24:00-04:00,0.35000000000000053,12847.040000000012,2910.0,2025-10-29T10:01:00-04:00,0.9499999999999993,11647.040000000014,3008
2025-10-27,2025-10-30,3,5.0,2025-10-27T09:31:00-04:00,5.000000000000028,NDXP  251030P25780000,NDXP  251030P25770000,validation,False,False,0,0,0,1,0,1597,available,False,2025-10-27T09:31:00-04:00,2025-10-30T15:59:00-04:00,9.25,-8752.959999999943,1.0,last_observed_quote_not_settlement,1036.0,31,34,5.150000000000006,-552.9599999999539,2025-10-27T09:32:00-04:00,0.0,5.099999999999994,-452.9599999999311,2025-10-27T09:33:00-04:00,0.0,5.300000000000011,-852.9599999999652,2025-10-27T09:36:00-04:00,0.0,5.0,-252.95999999994245,2025-10-27T09:41:00-04:00,0.0,5.0,-252.95999999994245,2025-10-27T09:46:00-04:00,0.0,4.800000000000011,147.0400000000348,2025-10-27T10:01:00-04:00,0.0,4.800000000000011,147.0400000000348,2025-10-27T10:31:00-04:00,0.0,4.550000000000011,647.0400000000348,2025-10-27T11:31:00-04:00,0.0,4.0,1747.0400000000575,2025-10-27T16:00:00-04:00,0.0,2.3999999999999915,4947.0400000000745,2025-10-28T16:00:00-04:00,0.0,1.8000000000000043,6147.040000000049,2025-10-29T16:00:00-04:00,0.0,,,2025-10-30T15:59:00-04:00,60.0,0.0,hit,3.0,hit,211.0,hit,1492.0,hit,2880.0,hit,3259.0,hit,3259.0,hit,59.0,hit,59.0,hit,4706.0,hit,4707.0,hit,4707.0,hit,,never_hit,6.049999999999983,21,False,False,False,False,,6.049999999999983,21,False,False,False,False,,6.049999999999983,21,False,False,False,False,,6.049999999999983,21,False,False,False,False,,1620.0,2025-10-28T12:31:00-04:00,2.9000000000000057,3947.0400000000463,1623.0,2025-10-28T12:34:00-04:00,2.8999999999999915,3947.0400000000745,1634.0,2025-10-28T12:45:00-04:00,2.8999999999999773,3947.040000000103,1621.0,2025-10-28T12:32:00-04:00,3.0,3747.0400000000577,2903.0,2025-10-29T09:54:00-04:00,1.9000000000000057,5947.040000000046,2906.0,2025-10-29T09:57:00-04:00,1.8999999999999915,5947.0400000000745,2907.0,2025-10-29T09:58:00-04:00,1.8499999999999943,6047.040000000069,2904.0,2025-10-29T09:55:00-04:00,1.950000000000017,5847.040000000024,3259.0,2025-10-29T15:50:00-04:00,0.20000000000000284,9347.040000000054,4577.0,2025-10-30T13:48:00-04:00,0.8999999999999986,7947.04000000006,4578.0,2025-10-30T13:49:00-04:00,0.8000000000000007,8147.040000000056,3260.0,2025-10-29T15:51:00-04:00,1.8999999999999915,5947.0400000000745,3259.0,2025-10-29T15:50:00-04:00,0.20000000000000284,9347.040000000054,,,,,,,,,3260.0,2025-10-29T15:51:00-04:00,1.8999999999999915,5947.0400000000745,3009
2025-10-27,2025-10-30,3,6.0,2025-10-27T09:31:00-04:00,6.0,NDXP  251030P25880000,NDXP  251030P25870000,validation,False,False,0,0,6,6,0,1586,available,False,2025-10-27T09:31:00-04:00,2025-10-30T15:58:00-04:00,9.600000000000023,-7452.960000000046,2.0,last_observed_quote_not_settlement,1036.0,117,65,5.900000000000091,-52.96000000018119,2025-10-27T09:32:00-04:00,0.0,6.0,-252.9599999999993,2025-10-27T09:33:00-04:00,0.0,6.300000000000011,-852.9600000000221,2025-10-27T09:36:00-04:00,0.0,6.050000000000011,-352.96000000002203,2025-10-27T09:41:00-04:00,0.0,6.149999999999977,-552.9599999999539,2025-10-27T09:46:00-04:00,0.0,6.0,-252.9599999999993,2025-10-27T10:01:00-04:00,0.0,5.749999999999943,247.04000000011436,2025-10-27T10:31:00-04:00,0.0,6.299999999999983,-852.9599999999652,2025-10-27T11:31:00-04:00,0.0,4.849999999999994,2047.0400000000122,2025-10-27T16:00:00-04:00,0.0,3.200000000000017,5347.039999999966,2025-10-28T16:00:00-04:00,0.0,2.299999999999983,7147.0400000000345,2025-10-29T16:00:00-04:00,0.0,,,2025-10-30T15:58:00-04:00,120.0,26.0,hit,67.0,hit,1440.0,hit,1444.0,hit,1444.0,hit,,never_hit,,never_hit,117.0,hit,148.0,hit,148.0,hit,220.0,hit,220.0,hit,4663.0,hit,9.150000000000006,67,True,True,True,True,,9.150000000000006,67,True,True,True,True,,,,True,True,True,False,4.650000000000006,,,True,True,True,False,4.650000000000006,1444.0,2025-10-28T09:35:00-04:00,1.3499999999999943,9047.040000000014,1781.0,2025-10-28T15:12:00-04:00,2.8000000000000114,6147.039999999978,1803.0,2025-10-28T15:34:00-04:00,2.8500000000000085,6047.039999999984,1445.0,2025-10-28T09:36:00-04:00,4.200000000000017,3347.0399999999668,1444.0,2025-10-28T09:35:00-04:00,1.3499999999999943,9047.040000000014,,,,,,,,,1445.0,2025-10-28T09:36:00-04:00,4.200000000000017,3347.0399999999668,,,,,,,,,,,,,,,,,,,,,,,,,,,,,,,,,3010
2025-10-27,2025-10-30,3,7.0,2025-10-27T09:31:00-04:00,6.9500000000000455,NDXP  251030P25850000,NDXP  251030P25840000,validation,False,False,0,0,0,2,0,1596,available,False,2025-10-27T09:31:00-04:00,2025-10-30T16:00:00-04:00,10.0,-6252.959999999909,0.0,last_observed_quote_not_settlement,1036.0,34,5,5.800000000000011,2047.040000000069,2025-10-27T09:32:00-04:00,0.0,5.75,2147.040000000092,2025-10-27T09:33:00-04:00,0.0,5.800000000000011,2047.040000000069,2025-10-27T09:36:00-04:00,0.0,5.349999999999966,2947.04000000016,2025-10-27T09:41:00-04:00,0.0,6.2999999999999545,1047.0400000001825,2025-10-27T09:46:00-04:00,0.0,5.4000000000000625,2847.0399999999668,2025-10-27T10:01:00-04:00,0.0,5.099999999999994,3447.040000000103,2025-10-27T10:31:00-04:00,0.0,5.049999999999983,3547.040000000126,2025-10-27T11:31:00-04:00,0.0,4.699999999999989,4247.040000000115,2025-10-27T16:00:00-04:00,0.0,3.000000000000014,7647.040000000064,2025-10-28T16:00:00-04:00,0.0,1.6499999999999915,10347.04000000011,2025-10-29T16:00:00-04:00,0.0,10.0,-6252.959999999909,2025-10-30T16:00:00-04:00,0.0,4.0,hit,4.0,hit,321.0,hit,321.0,hit,321.0,hit,321.0,hit,321.0,hit,4670.0,hit,4670.0,hit,4670.0,hit,4670.0,hit,4697.0,hit,4698.0,hit,6.9500000000000455,0,False,False,False,False,,6.9500000000000455,0,False,False,False,False,,6.9500000000000455,0,False,False,False,False,,6.9500000000000455,0,False,False,False,False,,321.0,2025-10-27T14:52:00-04:00,0.4000000000000341,12847.040000000025,1730.0,2025-10-28T14:21:00-04:00,2.9000000000000057,7847.04000000008,1731.0,2025-10-28T14:22:00-04:00,2.9000000000000057,7847.04000000008,322.0,2025-10-27T14:53:00-04:00,4.849999999999966,3947.04000000016,321.0,2025-10-27T14:52:00-04:00,0.4000000000000341,12847.040000000025,3273.0,2025-10-29T16:04:00-04:00,1.8999999999999915,9847.04000000011,4578.0,2025-10-30T13:49:00-04:00,1.8500000000000014,9947.04000000009,322.0,2025-10-27T14:53:00-04:00,4.849999999999966,3947.04000000016,321.0,2025-10-27T14:52:00-04:00,0.4000000000000341,12847.040000000025,,,,,,,,,322.0,2025-10-27T14:53:00-04:00,4.849999999999966,3947.04000000016,321.0,2025-10-27T14:52:00-04:00,0.4000000000000341,12847.040000000025,,,,,,,,,322.0,2025-10-27T14:53:00-04:00,4.849999999999966,3947.04000000016,3011
2025-10-28,2025-10-30,2,5.0,2025-10-28T09:31:00-04:00,5.000000000000028,NDXP  251030P26010000,NDXP  251030P26000000,validation,False,False,0,0,4,14,0,1176,available,False,2025-10-28T09:31:00-04:00,2025-10-30T15:58:00-04:00,10.0,-10152.959999999943,2.0,last_observed_quote_not_settlement,1036.0,493,84,5.050000000000011,-352.9599999999652,2025-10-28T09:32:00-04:00,0.0,4.5,747.0400000000575,2025-10-28T09:33:00-04:00,0.0,5.700000000000017,-1652.9599999999766,2025-10-28T09:36:00-04:00,0.0,5.150000000000006,-552.9599999999539,2025-10-28T09:41:00-04:00,0.0,5.0,-252.95999999994245,2025-10-28T09:46:00-04:00,0.0,4.949999999999989,-152.95999999991972,2025-10-28T10:01:00-04:00,0.0,5.300000000000011,-852.9599999999652,2025-10-28T10:31:00-04:00,0.0,5.5,-1252.9599999999425,2025-10-28T11:31:00-04:00,0.0,4.150000000000006,1447.0400000000461,2025-10-28T16:00:00-04:00,0.0,2.700000000000003,4347.040000000052,2025-10-29T16:00:00-04:00,0.0,,,2025-10-30T15:58:00-04:00,120.0,,,,,0.0,hit,2.0,hit,225.0,hit,1469.0,hit,3259.0,hit,3259.0,hit,3259.0,hit,5.0,hit,80.0,hit,2886.0,hit,2896.0,hit,2896.0,hit,2942.0,hit,6.299999999999983,149,False,False,False,False,,10.0,489,True,True,True,True,,10.0,489,True,True,True,True,,10.0,489,True,True,True,True,,1469.0,2025-10-29T10:00:00-04:00,2.5999999999999943,4547.040000000069,,,,,,,,,1470.0,2025-10-29T10:01:00-04:00,3.25,3247.0400000000577,3259.0,2025-10-30T15:50:00-04:00,0.0,9747.040000000059,,,,,,,,,,,,,3259.0,2025-10-30T15:50:00-04:00,0.0,9747.040000000059,,,,,,,,,,,,,3259.0,2025-10-30T15:50:00-04:00,0.0,9747.040000000059,,,,,,,,,,,,,3012
2025-10-28,2025-10-30,2,6.0,2025-10-28T09:31:00-04:00,5.9500000000000455,NDXP  251030P26080000,NDXP  251030P26070000,validation,False,False,0,0,1,38,0,1155,available,False,2025-10-28T09:31:00-04:00,2025-10-30T15:59:00-04:00,9.699999999999989,-7752.959999999887,1.0,last_observed_quote_not_settlement,1036.0,416,56,5.699999999999989,247.04000000011436,2025-10-28T09:32:00-04:00,0.0,5.75,147.04000000009165,2025-10-28T09:33:00-04:00,0.0,6.050000000000011,-452.9599999999311,2025-10-28T09:36:00-04:00,0.0,5.850000000000023,-52.959999999953816,2025-10-28T09:41:00-04:00,0.0,5.350000000000023,947.0400000000461,2025-10-28T09:46:00-04:00,0.0,5.949999999999989,-252.9599999998856,2025-10-28T10:01:00-04:00,0.0,6.050000000000011,-452.9599999999311,2025-10-28T10:31:00-04:00,0.0,6.100000000000023,-552.9599999999539,2025-10-28T11:31:00-04:00,0.0,5.0,1647.0400000000916,2025-10-28T16:00:00-04:00,0.0,4.0,3647.040000000092,2025-10-29T16:00:00-04:00,0.0,,,2025-10-30T15:59:00-04:00,60.0,,,,,15.0,hit,142.0,hit,144.0,hit,1719.0,hit,1832.0,hit,,never_hit,,never_hit,73.0,hit,140.0,hit,140.0,hit,186.0,hit,2966.0,hit,3007.0,hit,8.900000000000006,95,True,True,False,False,,8.900000000000006,98,True,True,False,False,,,,True,True,True,False,4.4500000000000455,,,True,True,True,False,4.4500000000000455,1719.0,2025-10-29T14:10:00-04:00,2.5,6647.040000000092,,,,,,,,,1720.0,2025-10-29T14:11:00-04:00,4.200000000000017,3247.0400000000577,1832.0,2025-10-29T16:03:00-04:00,1.5,8647.040000000092,,,,,,,,,1833.0,2025-10-29T16:04:00-04:00,3.9000000000000057,3847.0400000000805,,,,,,,,,,,,,,,,,,,,,,,,,,,,,,,,,3013
2025-10-28,2025-10-30,2,7.0,2025-10-28T09:31:00-04:00,6.949999999999989,NDXP  251030P26190000,NDXP  251030P26180000,validation,False,False,0,0,1,59,0,1135,available,False,2025-10-28T09:31:00-04:00,2025-10-30T15:59:00-04:00,10.0,-6252.960000000023,1.0,last_observed_quote_not_settlement,1036.0,415,49,6.75,147.03999999997797,2025-10-28T09:32:00-04:00,0.0,6.649999999999977,347.04000000002344,2025-10-28T09:33:00-04:00,0.0,7.199999999999989,-752.9599999999994,2025-10-28T09:36:00-04:00,0.0,7.149999999999977,-652.9599999999766,2025-10-28T09:41:00-04:00,0.0,6.2000000000000455,1247.039999999887,2025-10-28T09:46:00-04:00,0.0,6.899999999999977,-152.95999999997656,2025-10-28T10:01:00-04:00,0.0,7.149999999999977,-652.9599999999766,2025-10-28T10:31:00-04:00,0.0,7.2000000000000455,-752.960000000113,2025-10-28T11:31:00-04:00,0.0,6.0499999999999545,1547.0400000000689,2025-10-28T16:00:00-04:00,0.0,5.050000000000011,3547.0399999999554,2025-10-29T16:00:00-04:00,0.0,,,2025-10-30T15:59:00-04:00,60.0,,,,,289.0,hit,339.0,hit,1835.0,hit,,never_hit,,never_hit,,never_hit,,never_hit,7.0,hit,73.0,hit,5.0,hit,131.0,hit,2881.0,hit,2890.0,hit,,,True,True,True,False,3.25,,,True,True,True,False,3.25,,,True,True,True,False,3.25,,,True,True,True,False,3.25,,,,,,,,,,,,,,,,,,,,,,,,,,,,,,,,,,,,,,,,,,,,,,,,,,,,,,,,,,,,,,,,,3014
2025-10-28,2025-10-31,3,5.0,2025-10-28T09:31:00-04:00,5.0499999999999545,NDXP  251031P26040000,NDXP  251031P26030000,validation,False,False,0,0,2,8,0,1591,available,False,2025-10-28T09:31:00-04:00,2025-10-31T16:00:00-04:00,10.0,-10052.96000000009,0.0,last_observed_quote_not_settlement,1036.0,869,84,4.600000000000023,647.0399999998642,2025-10-28T09:32:00-04:00,0.0,5.0,-152.96000000009025,2025-10-28T09:33:00-04:00,0.0,5.399999999999977,-952.9600000000448,2025-10-28T09:36:00-04:00,0.0,5.449999999999989,-1052.9600000000676,2025-10-28T09:41:00-04:00,0.0,5.25,-652.9600000000903,2025-10-28T09:46:00-04:00,0.0,5.399999999999977,-952.9600000000448,2025-10-28T10:01:00-04:00,0.0,5.25,-652.9600000000903,2025-10-28T10:31:00-04:00,0.0,5.2999999999999545,-752.9599999999994,2025-10-28T11:31:00-04:00,0.0,4.75,347.03999999990975,2025-10-28T16:00:00-04:00,0.0,3.8499999999999943,2147.0399999999213,2025-10-29T16:00:00-04:00,0.0,8.0,-6152.960000000092,2025-10-30T16:00:00-04:00,0.0,10.0,-10052.96000000009,2025-10-31T16:00:00-04:00,0.0,0.0,hit,1.0,hit,69.0,hit,1818.0,hit,4392.0,hit,4392.0,hit,,never_hit,23.0,hit,76.0,hit,76.0,hit,76.0,hit,4382.0,hit,4482.0,hit,8.599999999999966,164,True,True,False,False,,9.049999999999983,611,True,True,True,True,,9.049999999999983,611,True,True,True,True,,,,True,True,True,False,4.349999999999952,1818.0,2025-10-29T15:49:00-04:00,2.3000000000000114,5247.039999999887,,,,,,,,,1819.0,2025-10-29T15:50:00-04:00,3.2499999999999716,3347.0399999999668,4392.0,2025-10-31T10:43:00-04:00,0.7000000000000028,8447.039999999904,,,,,,,,,4393.0,2025-10-31T10:44:00-04:00,4.600000000000001,647.0399999999069,4392.0,2025-10-31T10:43:00-04:00,0.7000000000000028,8447.039999999904,,,,,,,,,4393.0,2025-10-31T10:44:00-04:00,4.600000000000001,647.0399999999069,,,,,,,,,,,,,,,,,3015
2025-10-28,2025-10-31,3,6.0,2025-10-28T09:31:00-04:00,5.9500000000000455,NDXP  251031P26120000,NDXP  251031P26110000,validation,False,False,0,0,2,37,0,1560,available,False,2025-10-28T09:31:00-04:00,2025-10-31T16:00:00-04:00,9.849999999999966,-8052.959999999842,0.0,last_observed_quote_not_settlement,1036.0,807,91,5.600000000000023,447.0400000000462,2025-10-28T09:32:00-04:00,0.0,5.649999999999977,347.0400000001371,2025-10-28T09:33:00-04:00,0.0,6.149999999999977,-652.9599999998629,2025-10-28T09:36:00-04:00,0.0,5.850000000000023,-52.959999999953816,2025-10-28T09:41:00-04:00,0.0,5.899999999999977,-152.95999999986287,2025-10-28T09:46:00-04:00,0.0,5.899999999999977,-152.95999999986287,2025-10-28T10:01:00-04:00,0.0,6.100000000000023,-552.9599999999539,2025-10-28T10:31:00-04:00,0.0,6.649999999999977,-1652.959999999863,2025-10-28T11:31:00-04:00,0.0,5.600000000000023,447.0400000000462,2025-10-28T16:00:00-04:00,0.0,5.199999999999989,1247.0400000001143,2025-10-29T16:00:00-04:00,0.0,8.800000000000011,-5952.959999999933,2025-10-30T16:00:00-04:00,0.0,9.849999999999966,-8052.959999999842,2025-10-31T16:00:00-04:00,0.0,11.0,hit,23.0,hit,181.0,hit,181.0,hit,374.0,hit,,never_hit,,never_hit,18.0,hit,1750.0,hit,1750.0,hit,3009.0,hit,3251.0,hit,4367.0,hit,6.899999999999977,109,False,False,False,False,,6.899999999999977,112,False,False,False,False,,,,True,True,True,False,4.200000000000017,,,True,True,True,False,4.200000000000017,181.0,2025-10-28T12:32:00-04:00,2.25,7147.040000000092,,,,,,,,,182.0,2025-10-28T12:33:00-04:00,6.100000000000023,-552.9599999999539,374.0,2025-10-28T15:45:00-04:00,1.7500000000000284,8147.0400000000345,,,,,,,,,375.0,2025-10-28T15:46:00-04:00,5.0,1647.0400000000916,,,,,,,,,,,,,,,,,,,,,,,,,,,,,,,,,3016
2025-10-28,2025-10-31,3,7.0,2025-10-28T09:31:00-04:00,7.0,NDXP  251031P26250000,NDXP  251031P26240000,validation,False,False,0,0,3,53,0,1544,available,False,2025-10-28T09:31:00-04:00,2025-10-31T16:00:00-04:00,10.0,-6152.96,0.0,last_observed_quote_not_settlement,1036.0,801,100,6.800000000000011,147.03999999997797,2025-10-28T09:32:00-04:00,0.0,6.900000000000034,-52.9600000000675,2025-10-28T09:33:00-04:00,0.0,7.149999999999977,-552.9599999999539,2025-10-28T09:36:00-04:00,0.0,7.100000000000023,-452.9600000000448,2025-10-28T09:41:00-04:00,0.0,6.899999999999977,-52.959999999953816,2025-10-28T09:46:00-04:00,0.0,6.949999999999989,-152.95999999997656,2025-10-28T10:01:00-04:00,0.0,6.800000000000068,147.03999999986428,2025-10-28T10:31:00-04:00,0.0,7.199999999999989,-652.9599999999766,2025-10-28T11:31:00-04:00,0.0,6.150000000000034,1447.0399999999324,2025-10-28T16:00:00-04:00,0.0,6.2000000000000455,1347.0399999999097,2025-10-29T16:00:00-04:00,0.0,9.700000000000045,-5652.960000000092,2025-10-30T16:00:00-04:00,0.0,10.0,-6152.96,2025-10-31T16:00:00-04:00,0.0,20.0,hit,22.0,hit,69.0,hit,69.0,hit,,never_hit,,never_hit,,never_hit,55.0,hit,61.0,hit,0.0,hit,61.0,hit,1789.0,hit,1789.0,hit,8.0,23,True,True,False,False,,,,True,True,True,False,4.649999999999977,,,True,True,True,False,4.649999999999977,,,True,True,True,False,4.649999999999977,69.0,2025-10-28T10:40:00-04:00,2.3999999999999773,8947.040000000046,,,,,,,,,70.0,2025-10-28T10:41:00-04:00,3.150000000000034,7447.039999999933,,,,,,,,,,,,,,,,,,,,,,,,,,,,,,,,,,,,,,,,,,,,,,,,,3017
2025-10-29,2025-10-31,2,5.0,2025-10-29T09:31:00-04:00,5.0,NDXP  251031P26180000,NDXP  251031P26170000,validation,False,False,0,0,2,42,0,1151,available,False,2025-10-29T09:31:00-04:00,2025-10-31T15:59:00-04:00,10.0,-10152.96,1.0,last_observed_quote_not_settlement,1036.0,837,80,4.75,247.04000000000067,2025-10-29T09:32:00-04:00,0.0,4.549999999999983,647.0400000000348,2025-10-29T09:33:00-04:00,0.0,4.949999999999989,-152.95999999997656,2025-10-29T09:36:00-04:00,0.0,4.599999999999994,547.040000000012,2025-10-29T09:41:00-04:00,0.0,5.050000000000011,-352.96000000002203,2025-10-29T09:46:00-04:00,0.0,4.350000000000023,1047.0399999999552,2025-10-29T10:01:00-04:00,0.0,4.449999999999989,847.0400000000234,2025-10-29T10:31:00-04:00,0.0,4.949999999999989,-152.95999999997656,2025-10-29T11:31:00-04:00,0.0,4.599999999999994,547.040000000012,2025-10-29T16:00:00-04:00,0.0,8.650000000000034,-7552.960000000069,2025-10-30T16:00:00-04:00,0.0,,,2025-10-31T15:59:00-04:00,60.0,,,,,0.0,hit,0.0,hit,316.0,hit,393.0,hit,393.0,hit,,never_hit,,never_hit,285.0,hit,309.0,hit,333.0,hit,333.0,hit,1793.0,hit,1793.0,hit,8.200000000000045,118,True,True,False,False,,8.200000000000045,118,True,True,False,False,,,,True,True,True,False,3.3000000000000114,,,True,True,True,False,3.3000000000000114,393.0,2025-10-29T16:04:00-04:00,1.6999999999999886,6347.040000000024,,,,,,,,,,,,,393.0,2025-10-29T16:04:00-04:00,1.6999999999999886,6347.040000000024,,,,,,,,,,,,,,,,,,,,,,,,,,,,,,,,,,,,,,,,,,,,,3018
2025-10-29,2025-10-31,2,6.0,2025-10-29T09:31:00-04:00,6.0499999999999545,NDXP  251031P26270000,NDXP  251031P26260000,validation,False,False,0,0,2,68,0,1126,available,False,2025-10-29T09:31:00-04:00,2025-10-31T16:00:00-04:00,10.0,-8052.960000000091,0.0,last_observed_quote_not_settlement,1036.0,737,47,5.75,347.03999999990975,2025-10-29T09:32:00-04:00,0.0,5.75,347.03999999990975,2025-10-29T09:33:00-04:00,0.0,5.5,847.0399999999097,2025-10-29T09:36:00-04:00,0.0,5.399999999999977,1047.0399999999552,2025-10-29T09:41:00-04:00,0.0,5.399999999999977,1047.0399999999552,2025-10-29T09:46:00-04:00,0.0,5.199999999999989,1447.0399999999324,2025-10-29T10:01:00-04:00,0.0,5.5,847.0399999999097,2025-10-29T10:31:00-04:00,0.0,5.499999999999943,847.0400000000234,2025-10-29T11:31:00-04:00,0.0,5.75,347.03999999990975,2025-10-29T16:00:00-04:00,0.0,,,2025-10-30T15:59:00-04:00,60.0,10.0,-8052.960000000091,2025-10-31T16:00:00-04:00,0.0,,,,,5.0,hit,26.0,hit,319.0,hit,319.0,hit,319.0,hit,319.0,hit,319.0,hit,79.0,hit,79.0,hit,79.0,hit,79.0,hit,79.0,hit,1455.0,hit,9.350000000000023,24,True,True,True,True,,9.350000000000023,24,True,True,True,True,,9.350000000000023,24,True,True,True,True,,9.350000000000023,24,True,True,True,True,,319.0,2025-10-29T14:50:00-04:00,0.19999999999998863,11447.039999999934,,,,,,,,,320.0,2025-10-29T14:51:00-04:00,6.399999999999977,-952.9600000000448,319.0,2025-10-29T14:50:00-04:00,0.19999999999998863,11447.039999999934,,,,,,,,,320.0,2025-10-29T14:51:00-04:00,6.399999999999977,-952.9600000000448,319.0,2025-10-29T14:50:00-04:00,0.19999999999998863,11447.039999999934,,,,,,,,,320.0,2025-10-29T14:51:00-04:00,6.399999999999977,-952.9600000000448,319.0,2025-10-29T14:50:00-04:00,0.19999999999998863,11447.039999999934,,,,,,,,,320.0,2025-10-29T14:51:00-04:00,6.399999999999977,-952.9600000000448,3019
2025-10-29,2025-10-31,2,7.0,2025-10-29T09:31:00-04:00,6.949999999999989,NDXP  251031P26300000,NDXP  251031P26290000,validation,False,False,0,0,0,96,0,1098,available,False,2025-10-29T09:31:00-04:00,2025-10-31T16:00:00-04:00,0.0,13647.039999999979,0.0,last_observed_quote_not_settlement,1036.0,645,46,6.050000000000011,1547.0399999999552,2025-10-29T09:32:00-04:00,0.0,5.7000000000000455,2247.039999999887,2025-10-29T09:33:00-04:00,0.0,5.4500000000000455,2747.039999999887,2025-10-29T09:36:00-04:00,0.0,5.350000000000023,2947.0399999999327,2025-10-29T09:41:00-04:00,0.0,5.850000000000023,1947.0399999999324,2025-10-29T09:46:00-04:00,0.0,4.949999999999989,3747.040000000001,2025-10-29T10:01:00-04:00,0.0,5.699999999999989,2247.040000000001,2025-10-29T10:31:00-04:00,0.0,6.0,1647.039999999978,2025-10-29T11:31:00-04:00,0.0,5.25,3147.039999999978,2025-10-29T16:00:00-04:00,0.0,9.350000000000023,-5052.960000000069,2025-10-30T16:00:00-04:00,0.0,0.0,13647.039999999979,2025-10-31T16:00:00-04:00,0.0,,,,,3.0,hit,30.0,hit,3042.0,hit,3269.0,hit,3269.0,hit,3269.0,hit,3269.0,hit,309.0,hit,309.0,hit,308.0,hit,309.0,hit,309.0,hit,349.0,hit,10.0,645,True,True,True,True,,10.0,645,True,True,True,True,,10.0,645,True,True,True,True,,10.0,645,True,True,True,True,,3269.0,2025-10-31T16:00:00-04:00,0.0,13647.039999999979,,,,,,,,,,,,,3269.0,2025-10-31T16:00:00-04:00,0.0,13647.039999999979,,,,,,,,,,,,,3269.0,2025-10-31T16:00:00-04:00,0.0,13647.039999999979,,,,,,,,,,,,,3269.0,2025-10-31T16:00:00-04:00,0.0,13647.039999999979,,,,,,,,,,,,,3020
2025-10-31,2025-11-03,3,5.0,2025-10-31T09:31:00-04:00,5.050000000000011,NDXP  251103P26110000,NDXP  251103P26100000,validation,False,False,0,0,0,27,0,766,available,False,2025-10-31T09:31:00-04:00,2025-11-03T16:00:00-05:00,9.049999999999983,-8252.959999999943,0.0,last_observed_quote_not_settlement,3916.0,734,2,5.150000000000034,-452.9600000000448,2025-10-31T09:32:00-04:00,0.0,5.449999999999989,-1052.9599999999539,2025-10-31T09:33:00-04:00,0.0,5.400000000000006,-952.959999999988,2025-10-31T09:36:00-04:00,0.0,5.550000000000011,-1252.9599999999994,2025-10-31T09:41:00-04:00,0.0,6.349999999999994,-2852.959999999965,2025-10-31T09:46:00-04:00,0.0,6.050000000000011,-2252.959999999999,2025-10-31T10:01:00-04:00,0.0,6.300000000000011,-2752.959999999999,2025-10-31T10:31:00-04:00,0.0,5.600000000000023,-1352.960000000022,2025-10-31T11:31:00-04:00,0.0,8.600000000000023,-7352.960000000024,2025-10-31T16:00:00-04:00,0.0,,,2025-10-31T16:15:00-04:00,85500.0,,,2025-10-31T16:15:00-04:00,171900.0,9.049999999999983,-8252.959999999943,2025-11-03T16:00:00-05:00,0.0,0.0,hit,4381.0,hit,4383.0,hit,,never_hit,,never_hit,,never_hit,,never_hit,3.0,hit,15.0,hit,34.0,hit,72.0,hit,392.0,hit,4447.0,hit,,,True,True,True,False,1.0500000000000114,,,True,True,True,False,1.0500000000000114,,,True,True,True,False,1.0500000000000114,,,True,True,True,False,1.0500000000000114,,,,,,,,,,,,,,,,,,,,,,,,,,,,,,,,,,,,,,,,,,,,,,,,,,,,,,,,,,,,,,,,,3021
2025-10-31,2025-11-03,3,6.0,2025-10-31T09:31:00-04:00,6.0,NDXP  251103P26170000,NDXP  251103P26160000,validation,False,False,0,0,0,78,0,715,available,False,2025-10-31T09:31:00-04:00,2025-11-03T16:00:00-05:00,9.75,-7752.960000000001,0.0,last_observed_quote_not_settlement,3916.0,638,15,6.299999999999983,-852.9599999999652,2025-10-31T09:32:00-04:00,0.0,6.300000000000011,-852.9600000000221,2025-10-31T09:33:00-04:00,0.0,6.350000000000023,-952.9600000000448,2025-10-31T09:36:00-04:00,0.0,6.0,-252.9599999999993,2025-10-31T09:41:00-04:00,0.0,7.0,-2252.959999999999,2025-10-31T09:46:00-04:00,0.0,7.19999999999996,-2652.9599999999195,2025-10-31T10:01:00-04:00,0.0,7.0,-2252.959999999999,2025-10-31T10:31:00-04:00,0.0,6.399999999999977,-1052.9599999999539,2025-10-31T11:31:00-04:00,0.0,9.150000000000034,-6552.960000000069,2025-10-31T16:00:00-04:00,0.0,,,2025-10-31T16:15:00-04:00,85500.0,,,2025-10-31T16:15:00-04:00,171900.0,9.75,-7752.960000000001,2025-11-03T16:00:00-05:00,0.0,79.0,hit,79.0,hit,79.0,hit,4380.0,hit,,never_hit,,never_hit,,never_hit,8.0,hit,13.0,hit,13.0,hit,159.0,hit,161.0,hit,404.0,hit,9.699999999999989,390,True,True,True,True,,,,True,True,True,False,3.8499999999999943,,,True,True,True,False,3.8499999999999943,,,True,True,True,False,3.8499999999999943,4380.0,2025-11-03T09:31:00-05:00,2.1500000000000057,7447.039999999989,,,,,,,,,4381.0,2025-11-03T09:32:00-05:00,5.549999999999997,647.0400000000063,,,,,,,,,,,,,,,,,,,,,,,,,,,,,,,,,,,,,,,,,,,,,,,,,3022
2025-10-31,2025-11-03,3,7.0,2025-10-31T09:31:00-04:00,6.949999999999989,NDXP  251103P26230000,NDXP  251103P26220000,validation,False,False,0,0,0,104,0,689,available,False,2025-10-31T09:31:00-04:00,2025-11-03T16:00:00-05:00,10.0,-6252.960000000023,0.0,last_observed_quote_not_settlement,3916.0,600,15,7.199999999999989,-752.9599999999994,2025-10-31T09:32:00-04:00,0.0,6.75,147.03999999997797,2025-10-31T09:33:00-04:00,0.0,7.100000000000023,-552.9600000000676,2025-10-31T09:36:00-04:00,0.0,7.050000000000011,-452.9600000000448,2025-10-31T09:41:00-04:00,0.0,7.75,-1852.960000000022,2025-10-31T09:46:00-04:00,0.0,7.899999999999977,-2152.9599999999764,2025-10-31T10:01:00-04:00,0.0,7.7999999999999545,-1952.9599999999311,2025-10-31T10:31:00-04:00,0.0,7.599999999999966,-1552.9599999999539,2025-10-31T11:31:00-04:00,0.0,9.5,-5352.960000000024,2025-10-31T16:00:00-04:00,0.0,,,2025-10-31T16:15:00-04:00,85500.0,,,2025-10-31T16:15:00-04:00,171900.0,10.0,-6252.960000000023,2025-11-03T16:00:00-05:00,0.0,72.0,hit,72.0,hit,72.0,hit,,never_hit,,never_hit,,never_hit,,never_hit,11.0,hit,24.0,hit,1.0,hit,24.0,hit,150.0,hit,218.0,hit,,,True,True,True,False,3.75,,,True,True,True,False,3.75,,,True,True,True,False,3.75,,,True,True,True,False,3.75,,,,,,,,,,,,,,,,,,,,,,,,,,,,,,,,,,,,,,,,,,,,,,,,,,,,,,,,,,,,,,,,,3023
2025-11-03,2025-11-05,2,5.0,2025-11-03T09:31:00-05:00,4.899999999999977,NDXP  251105P26150000,NDXP  251105P26140000,validation,False,False,0,0,0,120,0,1077,available,False,2025-11-03T09:31:00-05:00,2025-11-05T15:59:00-05:00,10.0,-10352.960000000045,1.0,last_observed_quote_not_settlement,1036.0,953,25,4.650000000000006,247.03999999994383,2025-11-03T09:32:00-05:00,0.0,4.800000000000011,-52.9600000000675,2025-11-03T09:33:00-05:00,0.0,4.600000000000023,347.03999999990975,2025-11-03T09:36:00-05:00,0.0,5.400000000000034,-1252.960000000113,2025-11-03T09:41:00-05:00,0.0,5.400000000000034,-1252.960000000113,2025-11-03T09:46:00-05:00,0.0,6.250000000000028,-2952.9600000001014,2025-11-03T10:01:00-05:00,0.0,7.599999999999966,-5652.959999999976,2025-11-03T10:31:00-05:00,0.0,6.25,-2952.9600000000446,2025-11-03T11:31:00-05:00,0.0,6.350000000000023,-3152.96000000009,2025-11-03T16:00:00-05:00,0.0,7.600000000000136,-5652.960000000317,2025-11-04T16:00:00-05:00,0.0,,,2025-11-05T15:59:00-05:00,60.0,,,,,0.0,hit,0.0,hit,26.0,hit,26.0,hit,,never_hit,,never_hit,,never_hit,8.0,hit,12.0,hit,56.0,hit,59.0,hit,59.0,hit,59.0,hit,6.25,18,False,False,False,False,,,,True,True,True,False,2.2499999999999716,,,True,True,True,False,2.2499999999999716,,,True,True,True,False,2.2499999999999716,26.0,2025-11-03T09:57:00-05:00,2.6500000000000057,4247.039999999944,,,,,,,,,27.0,2025-11-03T09:58:00-05:00,5.599999999999994,-1652.9600000000335,,,,,,,,,,,,,,,,,,,,,,,,,,,,,,,,,,,,,,,,,,,,,,,,,3024
2025-11-03,2025-11-05,2,6.0,2025-11-03T09:31:00-05:00,5.900000000000006,NDXP  251105P26260000,NDXP  251105P26250000,validation,False,False,0,0,1,118,0,1078,available,False,2025-11-03T09:31:00-05:00,2025-11-05T15:59:00-05:00,10.0,-8352.959999999988,1.0,last_observed_quote_not_settlement,1037.0,972,1,5.5,547.040000000012,2025-11-03T09:32:00-05:00,0.0,5.849999999999994,-152.95999999997656,2025-11-03T09:33:00-05:00,0.0,6.549999999999983,-1552.9599999999539,2025-11-03T09:36:00-05:00,0.0,6.600000000000023,-1652.9600000000335,2025-11-03T09:41:00-05:00,0.0,6.399999999999977,-1252.9599999999425,2025-11-03T09:46:00-05:00,0.0,6.649999999999977,-1752.9599999999425,2025-11-03T10:01:00-05:00,0.0,7.4500000000000455,-3352.9600000000787,2025-11-03T10:31:00-05:00,0.0,7.9500000000000455,-4352.960000000081,2025-11-03T11:31:00-05:00,0.0,9.149999999999977,-6752.959999999945,2025-11-03T16:00:00-05:00,0.0,,,2025-11-04T15:59:00-05:00,60.0,,,2025-11-05T15:59:00-05:00,60.0,,,,,1.0,hit,,never_hit,,never_hit,,never_hit,,never_hit,,never_hit,,never_hit,3.0,hit,6.0,hit,6.0,hit,26.0,hit,26.0,hit,26.0,hit,,,True,True,True,False,0.4000000000000057,,,True,True,True,False,0.4000000000000057,,,True,True,True,False,0.4000000000000057,,,True,True,True,False,0.4000000000000057,,,,,,,,,,,,,,,,,,,,,,,,,,,,,,,,,,,,,,,,,,,,,,,,,,,,,,,,,,,,,,,,,3025
2025-11-03,2025-11-05,2,7.0,2025-11-03T09:31:00-05:00,6.949999999999989,NDXP  251105P26340000,NDXP  251105P26330000,validation,False,False,0,0,0,150,0,1047,available,False,2025-11-03T09:31:00-05:00,2025-11-05T16:00:00-05:00,8.850000000000023,-4052.960000000069,0.0,last_observed_quote_not_settlement,1036.0,929,2,6.899999999999977,-152.95999999997656,2025-11-03T09:32:00-05:00,0.0,6.849999999999966,-52.959999999953816,2025-11-03T09:33:00-05:00,0.0,7.199999999999932,-752.9599999998857,2025-11-03T09:36:00-05:00,0.0,7.0,-352.96000000002203,2025-11-03T09:41:00-05:00,0.0,7.600000000000023,-1552.9600000000676,2025-11-03T09:46:00-05:00,0.0,8.200000000000045,-2752.9600000001146,2025-11-03T10:01:00-05:00,0.0,8.949999999999989,-4252.960000000001,2025-11-03T10:31:00-05:00,0.0,8.800000000000011,-3952.9600000000464,2025-11-03T11:31:00-05:00,0.0,,,2025-11-03T15:59:00-05:00,60.0,,,2025-11-04T15:59:00-05:00,60.0,8.850000000000023,-4052.960000000069,2025-11-05T16:00:00-05:00,0.0,,,,,1844.0,hit,1844.0,hit,1844.0,hit,1844.0,hit,1844.0,hit,1844.0,hit,1844.0,hit,7.0,hit,18.0,hit,4.0,hit,18.0,hit,139.0,hit,1440.0,hit,10.0,616,True,True,True,True,,10.0,616,True,True,True,True,,10.0,616,True,True,True,True,,10.0,616,True,True,True,True,,1844.0,2025-11-04T16:15:00-05:00,0.0,13647.039999999979,,,,,,,,,,,,,1844.0,2025-11-04T16:15:00-05:00,0.0,13647.039999999979,,,,,,,,,,,,,1844.0,2025-11-04T16:15:00-05:00,0.0,13647.039999999979,,,,,,,,,,,,,1844.0,2025-11-04T16:15:00-05:00,0.0,13647.039999999979,,,,,,,,,,,,,3026
2025-11-03,2025-11-06,3,5.0,2025-11-03T09:31:00-05:00,4.899999999999977,NDXP  251106P26140000,NDXP  251106P26130000,validation,False,False,0,0,0,172,0,1430,available,False,2025-11-03T09:31:00-05:00,2025-11-06T16:00:00-05:00,6.899999999999864,-4252.959999999772,0.0,last_observed_quote_not_settlement,1037.0,1274,11,4.400000000000006,747.0399999999438,2025-11-03T09:32:00-05:00,0.0,4.249999999999972,1047.040000000012,2025-11-03T09:33:00-05:00,0.0,4.900000000000006,-252.96000000005614,2025-11-03T09:36:00-05:00,0.0,5.050000000000011,-552.9600000000676,2025-11-03T09:41:00-05:00,0.0,4.949999999999989,-352.96000000002203,2025-11-03T09:46:00-05:00,0.0,6.000000000000057,-2452.9600000001583,2025-11-03T10:01:00-05:00,0.0,5.9500000000000455,-2352.9600000001356,2025-11-03T10:31:00-05:00,0.0,6.100000000000023,-2652.96000000009,2025-11-03T11:31:00-05:00,0.0,5.349999999999994,-1152.9600000000335,2025-11-03T16:00:00-05:00,0.0,8.550000000000068,-7552.960000000183,2025-11-04T16:00:00-05:00,0.0,9.949999999999932,-10352.95999999991,2025-11-05T16:00:00-05:00,0.0,6.899999999999864,-4252.959999999772,2025-11-06T16:00:00-05:00,0.0,0.0,hit,0.0,hit,3270.0,hit,,never_hit,,never_hit,,never_hit,,never_hit,16.0,hit,30.0,hit,1441.0,hit,1441.0,hit,1443.0,hit,1502.0,hit,,,True,True,True,False,1.1000000000000227,,,True,True,True,False,1.1000000000000227,,,True,True,True,False,1.1000000000000227,,,True,True,True,False,1.1000000000000227,,,,,,,,,,,,,,,,,,,,,,,,,,,,,,,,,,,,,,,,,,,,,,,,,,,,,,,,,,,,,,,,,3027
2025-11-03,2025-11-06,3,6.0,2025-11-03T09:31:00-05:00,6.0499999999999545,NDXP  251106P26310000,NDXP  251106P26300000,validation,False,False,0,0,0,188,0,1413,available,False,2025-11-03T09:31:00-05:00,2025-11-06T15:59:00-05:00,10.0,-8052.960000000091,1.0,last_observed_quote_not_settlement,1037.0,1256,6,6.100000000000023,-352.9600000001357,2025-11-03T09:32:00-05:00,0.0,6.349999999999966,-852.9600000000221,2025-11-03T09:33:00-05:00,0.0,6.4500000000000455,-1052.9600000001813,2025-11-03T09:36:00-05:00,0.0,6.649999999999977,-1452.9600000000448,2025-11-03T09:41:00-05:00,0.0,6.800000000000011,-1752.960000000113,2025-11-03T09:46:00-05:00,0.0,7.150000000000034,-2452.9600000001583,2025-11-03T10:01:00-05:00,0.0,8.149999999999977,-4452.960000000046,2025-11-03T10:31:00-05:00,0.0,7.650000000000034,-3452.9600000001583,2025-11-03T11:31:00-05:00,0.0,7.850000000000023,-3852.9600000001356,2025-11-03T16:00:00-05:00,0.0,7.349999999999909,-2852.959999999908,2025-11-04T16:00:00-05:00,0.0,,,2025-11-05T15:59:00-05:00,60.0,,,2025-11-06T15:59:00-05:00,60.0,1844.0,hit,1844.0,hit,1844.0,hit,1844.0,hit,1844.0,hit,1844.0,hit,1844.0,hit,7.0,hit,20.0,hit,19.0,hit,57.0,hit,1440.0,hit,1441.0,hit,10.0,659,True,True,True,True,,10.0,659,True,True,True,True,,10.0,659,True,True,True,True,,10.0,659,True,True,True,True,,1844.0,2025-11-04T16:15:00-05:00,0.0,11847.03999999991,,,,,,,,,,,,,1844.0,2025-11-04T16:15:00-05:00,0.0,11847.03999999991,,,,,,,,,,,,,1844.0,2025-11-04T16:15:00-05:00,0.0,11847.03999999991,,,,,,,,,,,,,1844.0,2025-11-04T16:15:00-05:00,0.0,11847.03999999991,,,,,,,,,,,,,3028
2025-11-03,2025-11-06,3,7.0,2025-11-03T09:31:00-05:00,7.0,NDXP  251106P26400000,NDXP  251106P26390000,validation,False,False,0,0,1,204,0,1397,available,False,2025-11-03T09:31:00-05:00,2025-11-06T15:58:00-05:00,10.0,-6152.96,2.0,last_observed_quote_not_settlement,1037.0,1216,29,6.849999999999966,47.04000000006892,2025-11-03T09:32:00-05:00,0.0,7.0,-252.9599999999993,2025-11-03T09:33:00-05:00,0.0,7.300000000000068,-852.9600000001358,2025-11-03T09:36:00-05:00,0.0,7.4500000000000455,-1152.9600000000903,2025-11-03T09:41:00-05:00,0.0,7.599999999999966,-1452.9599999999311,2025-11-03T09:46:00-05:00,0.0,8.099999999999966,-2452.9599999999327,2025-11-03T10:01:00-05:00,0.0,8.300000000000068,-2852.9600000001374,2025-11-03T10:31:00-05:00,0.0,8.399999999999977,-3052.9599999999555,2025-11-03T11:31:00-05:00,0.0,7.100000000000023,-452.9600000000448,2025-11-03T16:00:00-05:00,0.0,4.899999999999864,3947.0400000002737,2025-11-04T16:00:00-05:00,0.0,8.649999999999977,-3552.9599999999555,2025-11-05T16:00:00-05:00,0.0,,,2025-11-06T15:58:00-05:00,120.0,162.0,hit,329.0,hit,1844.0,hit,1844.0,hit,,never_hit,,never_hit,,never_hit,8.0,hit,22.0,hit,0.0,hit,22.0,hit,76.0,hit,131.0,hit,10.0,580,True,True,True,True,,,,True,True,True,False,4.150000000000091,,,True,True,True,False,4.150000000000091,,,True,True,True,False,4.150000000000091,1844.0,2025-11-04T16:15:00-05:00,2.849999999999909,8047.040000000183,,,,,,,,,,,,,,,,,,,,,,,,,,,,,,,,,,,,,,,,,,,,,,,,,,,,,,,,,,,,,3029
2025-11-04,2025-11-06,2,5.0,2025-11-04T09:31:00-05:00,4.999999999999972,NDXP  251106P25670000,NDXP  251106P25660000,validation,False,False,0,0,0,62,0,1137,available,False,2025-11-04T09:31:00-05:00,2025-11-06T15:59:00-05:00,10.0,-10152.960000000056,1.0,last_observed_quote_not_settlement,1036.0,654,62,4.949999999999989,-152.9600000000334,2025-11-04T09:32:00-05:00,0.0,5.5,-1252.9600000000562,2025-11-04T09:33:00-05:00,0.0,5.250000000000057,-752.9600000001699,2025-11-04T09:36:00-05:00,0.0,5.099999999999994,-452.9600000000448,2025-11-04T09:41:00-05:00,0.0,4.800000000000011,147.03999999992112,2025-11-04T09:46:00-05:00,0.0,3.4499999999999886,2847.0399999999668,2025-11-04T10:01:00-05:00,0.0,3.549999999999983,2647.039999999978,2025-11-04T10:31:00-05:00,0.0,4.449999999999989,847.0399999999665,2025-11-04T11:31:00-05:00,0.0,5.400000000000034,-1052.9600000001244,2025-11-04T16:00:00-05:00,0.0,4.450000000000003,847.0399999999381,2025-11-05T16:00:00-05:00,0.0,,,2025-11-06T15:59:00-05:00,60.0,,,,,0.0,hit,0.0,hit,24.0,hit,1502.0,hit,,never_hit,,never_hit,,never_hit,2.0,hit,217.0,hit,379.0,hit,2884.0,hit,2907.0,hit,2912.0,hit,7.849999999999966,303,True,False,False,False,,,,True,True,True,False,2.9499999999999886,,,True,True,True,False,2.9499999999999886,,,True,True,True,False,2.9499999999999886,1502.0,2025-11-05T10:33:00-05:00,2.0500000000000114,5647.039999999921,1705.0,2025-11-05T13:56:00-05:00,2.8999999999999986,3947.0399999999468,1747.0,2025-11-05T14:38:00-05:00,2.8500000000000085,4047.039999999927,1503.0,2025-11-05T10:34:00-05:00,5.099999999999994,-452.9600000000448,,,,,,,,,,,,,,,,,,,,,,,,,,,,,,,,,,,,,,,,,,,,,,,,,3030
2025-11-04,2025-11-06,2,6.0,2025-11-04T09:31:00-05:00,5.949999999999989,NDXP  251106P25780000,NDXP  251106P25770000,validation,False,False,0,0,0,80,0,1119,available,False,2025-11-04T09:31:00-05:00,2025-11-06T16:00:00-05:00,5.649999999999977,347.04000000002344,0.0,last_observed_quote_not_settlement,1036.0,736,66,5.75,147.03999999997797,2025-11-04T09:32:00-05:00,0.0,5.7999999999999545,47.04000000006892,2025-11-04T09:33:00-05:00,0.0,6.349999999999966,-1052.9599999999539,2025-11-04T09:36:00-05:00,0.0,6.0,-352.96000000002203,2025-11-04T09:41:00-05:00,0.0,5.199999999999989,1247.0400000000006,2025-11-04T09:46:00-05:00,0.0,4.550000000000011,2547.0399999999554,2025-11-04T10:01:00-05:00,0.0,4.75,2147.039999999978,2025-11-04T10:31:00-05:00,0.0,5.949999999999989,-252.9599999999993,2025-11-04T11:31:00-05:00,0.0,7.600000000000023,-3552.9600000000673,2025-11-04T16:00:00-05:00,0.0,6.25,-852.9600000000221,2025-11-05T16:00:00-05:00,0.0,5.649999999999977,347.04000000002344,2025-11-06T16:00:00-05:00,0.0,,,,,14.0,hit,23.0,hit,2943.0,hit,,never_hit,,never_hit,,never_hit,,never_hit,113.0,hit,175.0,hit,175.0,hit,317.0,hit,404.0,hit,404.0,hit,,,True,True,True,False,2.4499999999999886,,,True,True,True,False,2.4499999999999886,,,True,True,True,False,2.4499999999999886,,,True,True,True,False,2.4499999999999886,,,,,,,,,,,,,,,,,,,,,,,,,,,,,,,,,,,,,,,,,,,,,,,,,,,,,,,,,,,,,,,,,3031
2025-11-04,2025-11-06,2,7.0,2025-11-04T09:31:00-05:00,7.0499999999999545,NDXP  251106P25760000,NDXP  251106P25750000,validation,False,False,0,0,0,63,0,1136,available,False,2025-11-04T09:31:00-05:00,2025-11-06T16:00:00-05:00,10.0,-6052.960000000091,0.0,last_observed_quote_not_settlement,1036.0,443,122,3.75,6347.03999999991,2025-11-04T09:32:00-05:00,0.0,6.100000000000023,1647.0399999998642,2025-11-04T09:33:00-05:00,0.0,5.399999999999977,3047.0399999999554,2025-11-04T09:36:00-05:00,0.0,6.050000000000011,1747.039999999887,2025-11-04T09:41:00-05:00,0.0,5.599999999999966,2647.039999999978,2025-11-04T09:46:00-05:00,0.0,4.5,4847.03999999991,2025-11-04T10:01:00-05:00,0.0,4.5,4847.03999999991,2025-11-04T10:31:00-05:00,0.0,5.349999999999994,3147.0399999999213,2025-11-04T11:31:00-05:00,0.0,7.550000000000011,-1252.960000000113,2025-11-04T16:00:00-05:00,0.0,6.349999999999994,1147.039999999921,2025-11-05T16:00:00-05:00,0.0,10.0,-6052.960000000091,2025-11-06T16:00:00-05:00,0.0,,,,,1.0,hit,1.0,hit,1.0,hit,,never_hit,,never_hit,,never_hit,,never_hit,181.0,hit,181.0,hit,0.0,hit,181.0,hit,2891.0,hit,2906.0,hit,,,True,True,True,False,3.2999999999999545,,,True,True,True,False,3.2999999999999545,,,True,True,True,False,3.2999999999999545,,,True,True,True,False,3.2999999999999545,,,,,,,,,,,,,,,,,,,,,,,,,,,,,,,,,,,,,,,,,,,,,,,,,,,,,,,,,,,,,,,,,3032
2025-11-04,2025-11-07,3,5.0,2025-11-04T09:31:00-05:00,5.0,NDXP  251107P25750000,NDXP  251107P25740000,validation,False,False,0,0,0,118,0,1485,available,False,2025-11-04T09:31:00-05:00,2025-11-07T15:59:00-05:00,10.0,-10152.96,1.0,last_observed_quote_not_settlement,1036.0,1075,43,5.399999999999977,-1052.9599999999539,2025-11-04T09:32:00-05:00,0.0,5.750000000000057,-1752.960000000113,2025-11-04T09:33:00-05:00,0.0,6.600000000000023,-3452.9600000000446,2025-11-04T09:36:00-05:00,0.0,5.600000000000023,-1452.9600000000448,2025-11-04T09:41:00-05:00,0.0,5.250000000000028,-752.9600000000562,2025-11-04T09:46:00-05:00,0.0,4.050000000000011,1647.039999999978,2025-11-04T10:01:00-05:00,0.0,4.25,1247.0400000000006,2025-11-04T10:31:00-05:00,0.0,5.0,-252.9599999999993,2025-11-04T11:31:00-05:00,0.0,8.149999999999977,-6552.9599999999555,2025-11-04T16:00:00-05:00,0.0,5.800000000000011,-1852.960000000022,2025-11-05T16:00:00-05:00,0.0,,,2025-11-06T15:59:00-05:00,60.0,,,2025-11-07T15:59:00-05:00,60.0,0.0,hit,0.0,hit,50.0,hit,58.0,hit,,never_hit,,never_hit,,never_hit,2.0,hit,4.0,hit,195.0,hit,389.0,hit,391.0,hit,2923.0,hit,6.600000000000023,17,False,False,False,False,,,,True,True,True,False,2.1000000000000227,,,True,True,True,False,2.1000000000000227,,,True,True,True,False,2.1000000000000227,58.0,2025-11-04T10:29:00-05:00,2.8999999999999773,3947.0400000000463,,,,,,,,,59.0,2025-11-04T10:30:00-05:00,4.199999999999989,1347.0400000000234,,,,,,,,,,,,,,,,,,,,,,,,,,,,,,,,,,,,,,,,,,,,,,,,,3033
2025-11-04,2025-11-07,3,6.0,2025-11-04T09:31:00-05:00,6.100000000000023,NDXP  251107P25840000,NDXP  251107P25830000,validation,False,False,0,0,0,116,0,1487,available,False,2025-11-04T09:31:00-05:00,2025-11-07T16:00:00-05:00,5.000000000000114,1947.0399999998187,0.0,last_observed_quote_not_settlement,1036.0,1077,133,6.0,-52.959999999953816,2025-11-04T09:32:00-05:00,0.0,6.099999999999966,-252.9599999998856,2025-11-04T09:33:00-05:00,0.0,6.050000000000011,-152.95999999997656,2025-11-04T09:36:00-05:00,0.0,6.300000000000068,-652.9600000000903,2025-11-04T09:41:00-05:00,0.0,5.849999999999966,247.04000000011436,2025-11-04T09:46:00-05:00,0.0,5.0,1947.0400000000461,2025-11-04T10:01:00-05:00,0.0,5.25,1447.0400000000461,2025-11-04T10:31:00-05:00,0.0,5.899999999999977,147.04000000009165,2025-11-04T11:31:00-05:00,0.0,,,2025-11-04T15:59:00-05:00,60.0,7.049999999999983,-2152.9599999999195,2025-11-05T16:00:00-05:00,0.0,9.899999999999977,-7852.95999999991,2025-11-06T16:00:00-05:00,0.0,5.000000000000114,1947.0399999998187,2025-11-07T16:00:00-05:00,0.0,21.0,hit,23.0,hit,1670.0,hit,1817.0,hit,1817.0,hit,1817.0,hit,1817.0,hit,8.0,hit,187.0,hit,187.0,hit,313.0,hit,2894.0,hit,2912.0,hit,8.75,500,True,True,False,False,,8.75,500,True,True,False,False,,8.75,500,True,True,False,False,,8.75,500,True,True,False,False,,1817.0,2025-11-05T15:48:00-05:00,0.0,11947.040000000046,,,,,,,,,1818.0,2025-11-05T15:49:00-05:00,6.200000000000017,-452.95999999998793,1817.0,2025-11-05T15:48:00-05:00,0.0,11947.040000000046,,,,,,,,,1818.0,2025-11-05T15:49:00-05:00,6.200000000000017,-452.95999999998793,1817.0,2025-11-05T15:48:00-05:00,0.0,11947.040000000046,,,,,,,,,1818.0,2025-11-05T15:49:00-05:00,6.200000000000017,-452.95999999998793,1817.0,2025-11-05T15:48:00-05:00,0.0,11947.040000000046,,,,,,,,,1818.0,2025-11-05T15:49:00-05:00,6.200000000000017,-452.95999999998793,3034
2025-11-04,2025-11-07,3,7.0,2025-11-04T09:31:00-05:00,7.0,NDXP  251107P26100000,NDXP  251107P26090000,validation,False,False,0,0,0,232,0,1371,available,False,2025-11-04T09:31:00-05:00,2025-11-07T15:59:00-05:00,10.0,-6152.96,1.0,last_observed_quote_not_settlement,1037.0,1194,23,8.049999999999955,-2352.95999999991,2025-11-04T09:32:00-05:00,0.0,8.299999999999955,-2852.95999999991,2025-11-04T09:33:00-05:00,0.0,8.399999999999977,-3052.9599999999555,2025-11-04T09:36:00-05:00,0.0,8.199999999999932,-2652.9599999998645,2025-11-04T09:41:00-05:00,0.0,8.0,-2252.960000000001,2025-11-04T09:46:00-05:00,0.0,7.300000000000011,-852.9600000000221,2025-11-04T10:01:00-05:00,0.0,7.949999999999989,-2152.9599999999764,2025-11-04T10:31:00-05:00,0.0,8.099999999999966,-2452.9599999999327,2025-11-04T11:31:00-05:00,0.0,,,2025-11-04T15:59:00-05:00,60.0,9.199999999999932,-4652.9599999998645,2025-11-05T16:00:00-05:00,0.0,10.0,-6152.96,2025-11-06T16:00:00-05:00,0.0,,,2025-11-07T15:59:00-05:00,60.0,1817.0,hit,1817.0,hit,3284.0,hit,,never_hit,,never_hit,,never_hit,,never_hit,1.0,hit,1.0,hit,0.0,hit,1.0,hit,58.0,hit,58.0,hit,,,True,True,True,False,3.1499999999999773,,,True,True,True,False,3.1499999999999773,,,True,True,True,False,3.1499999999999773,,,True,True,True,False,3.1499999999999773,,,,,,,,,,,,,,,,,,,,,,,,,,,,,,,,,,,,,,,,,,,,,,,,,,,,,,,,,,,,,,,,,3035
2025-11-05,2025-11-07,2,5.0,2025-11-05T09:31:00-05:00,5.0,NDXP  251107P25540000,NDXP  251107P25530000,validation,False,False,0,0,0,51,0,1147,available,False,2025-11-05T09:31:00-05:00,2025-11-07T15:59:00-05:00,10.0,-10152.96,1.0,last_observed_quote_not_settlement,1036.0,685,23,5.600000000000023,-1452.9600000000448,2025-11-05T09:32:00-05:00,0.0,5.449999999999989,-1152.9599999999766,2025-11-05T09:33:00-05:00,0.0,5.499999999999972,-1252.9599999999425,2025-11-05T09:36:00-05:00,0.0,5.400000000000006,-1052.9600000000107,2025-11-05T09:41:00-05:00,0.0,5.000000000000028,-252.96000000005614,2025-11-05T09:46:00-05:00,0.0,4.25,1247.0400000000006,2025-11-05T10:01:00-05:00,0.0,3.9000000000000057,1947.0399999999893,2025-11-05T10:31:00-05:00,0.0,3.3000000000000114,3147.039999999978,2025-11-05T11:31:00-05:00,0.0,3.250000000000014,3247.039999999972,2025-11-05T16:00:00-05:00,0.0,8.500000000000057,-7252.960000000115,2025-11-06T16:00:00-05:00,0.0,,,2025-11-07T15:59:00-05:00,60.0,,,,,0.0,hit,0.0,hit,25.0,hit,135.0,hit,296.0,hit,,never_hit,,never_hit,1.0,hit,88.0,hit,1470.0,hit,1477.0,hit,1556.0,hit,1589.0,hit,6.700000000000017,13,False,False,False,False,,6.700000000000017,13,False,False,False,False,,,,True,True,True,False,3.0500000000000043,,,True,True,True,False,3.0500000000000043,144.0,2025-11-05T11:55:00-05:00,2.8999999999999915,3947.0400000000177,147.0,2025-11-05T11:58:00-05:00,2.8499999999999943,4047.040000000012,148.0,2025-11-05T11:59:00-05:00,2.8999999999999773,3947.0400000000463,145.0,2025-11-05T11:56:00-05:00,2.950000000000003,3847.039999999995,331.0,2025-11-05T15:02:00-05:00,1.9499999999999957,5847.040000000009,,,,,,,,,332.0,2025-11-05T15:03:00-05:00,2.000000000000007,5747.039999999986,,,,,,,,,,,,,,,,,,,,,,,,,,,,,,,,,3036
2025-11-05,2025-11-07,2,6.0,2025-11-05T09:31:00-05:00,5.850000000000023,NDXP  251107P25630000,NDXP  251107P25620000,validation,False,False,0,0,0,67,0,1131,available,False,2025-11-05T09:31:00-05:00,2025-11-07T15:59:00-05:00,9.949999999999932,-8452.959999999819,1.0,last_observed_quote_not_settlement,1036.0,659,16,6.199999999999932,-952.9599999998175,2025-11-05T09:32:00-05:00,0.0,6.099999999999966,-752.9599999998857,2025-11-05T09:33:00-05:00,0.0,6.0499999999999545,-652.9599999998629,2025-11-05T09:36:00-05:00,0.0,6.0,-552.9599999999539,2025-11-05T09:41:00-05:00,0.0,5.900000000000034,-352.96000000002203,2025-11-05T09:46:00-05:00,0.0,4.75,1947.0400000000461,2025-11-05T10:01:00-05:00,0.0,4.699999999999989,2047.040000000069,2025-11-05T10:31:00-05:00,0.0,4.199999999999989,3047.040000000069,2025-11-05T11:31:00-05:00,0.0,4.900000000000034,1647.039999999978,2025-11-05T16:00:00-05:00,0.0,9.399999999999977,-7352.95999999991,2025-11-06T16:00:00-05:00,0.0,,,2025-11-07T15:59:00-05:00,60.0,,,,,8.0,hit,24.0,hit,29.0,hit,94.0,hit,,never_hit,,never_hit,,never_hit,4.0,hit,62.0,hit,62.0,hit,62.0,hit,1516.0,hit,1517.0,hit,8.899999999999977,14,True,True,False,False,,,,True,True,True,False,3.15000000000002,,,True,True,True,False,3.15000000000002,,,True,True,True,False,3.15000000000002,94.0,2025-11-05T11:05:00-05:00,2.8999999999999773,5647.040000000092,251.0,2025-11-05T13:42:00-05:00,2.9499999999999886,5547.040000000069,259.0,2025-11-05T13:50:00-05:00,2.9499999999999886,5547.040000000069,95.0,2025-11-05T11:06:00-05:00,4.5,2447.0400000000463,,,,,,,,,,,,,,,,,,,,,,,,,,,,,,,,,,,,,,,,,,,,,,,,,3037
2025-11-05,2025-11-07,2,7.0,2025-11-05T09:31:00-05:00,7.0,NDXP  251107P25660000,NDXP  251107P25650000,validation,False,False,0,0,0,79,0,1119,available,False,2025-11-05T09:31:00-05:00,2025-11-07T16:00:00-05:00,7.75,-1752.9599999999994,0.0,last_observed_quote_not_settlement,1036.0,619,17,6.400000000000034,947.0399999999324,2025-11-05T09:32:00-05:00,0.0,5.5,2747.040000000001,2025-11-05T09:33:00-05:00,0.0,6.350000000000023,1047.0399999999552,2025-11-05T09:36:00-05:00,0.0,6.300000000000068,1147.0399999998642,2025-11-05T09:41:00-05:00,0.0,6.2999999999999545,1147.0400000000916,2025-11-05T09:46:00-05:00,0.0,5.150000000000006,3447.0399999999895,2025-11-05T10:01:00-05:00,0.0,5.25,3247.040000000001,2025-11-05T10:31:00-05:00,0.0,4.7000000000000455,4347.03999999991,2025-11-05T11:31:00-05:00,0.0,3.650000000000034,6447.039999999933,2025-11-05T16:00:00-05:00,0.0,,,2025-11-06T15:59:00-05:00,60.0,7.75,-1752.9599999999994,2025-11-07T16:00:00-05:00,0.0,,,,,2.0,hit,28.0,hit,81.0,hit,81.0,hit,81.0,hit,,never_hit,,never_hit,62.0,hit,62.0,hit,0.0,hit,62.0,hit,62.0,hit,1509.0,hit,9.050000000000011,2,True,True,True,True,,9.050000000000011,2,True,True,True,True,,,,True,True,True,False,5.75,,,True,True,True,False,5.75,81.0,2025-11-05T10:52:00-05:00,1.25,11247.04,,,,,,,,,82.0,2025-11-05T10:53:00-05:00,5.0,3747.040000000001,81.0,2025-11-05T10:52:00-05:00,1.25,11247.04,,,,,,,,,82.0,2025-11-05T10:53:00-05:00,5.0,3747.040000000001,,,,,,,,,,,,,,,,,,,,,,,,,,,,,,,,,3038
2025-11-07,2025-11-10,3,5.0,2025-11-07T09:31:00-05:00,4.950000000000017,NDXP  251110P25000000,NDXP  251110P24990000,validation,False,False,0,0,14,12,0,730,available,False,2025-11-07T09:31:00-05:00,2025-11-10T15:09:00-05:00,0.024999999999999994,9597.040000000035,51.0,last_observed_quote_not_settlement,3916.0,309,20,4.800000000000011,47.04000000001208,2025-11-07T09:32:00-05:00,0.0,4.5,647.0400000000348,2025-11-07T09:33:00-05:00,0.0,5.25,-852.9599999999652,2025-11-07T09:36:00-05:00,0.0,5.600000000000023,-1552.9600000000107,2025-11-07T09:41:00-05:00,0.0,5.400000000000006,-1152.9599999999766,2025-11-07T09:46:00-05:00,0.0,,,2025-11-07T09:59:00-05:00,120.0,5.949999999999989,-2252.9599999999423,2025-11-07T10:31:00-05:00,0.0,7.300000000000011,-4952.959999999988,2025-11-07T11:31:00-05:00,0.0,3.75,2147.040000000035,2025-11-07T16:00:00-05:00,0.0,,,2025-11-07T16:15:00-05:00,85500.0,,,2025-11-07T16:15:00-05:00,171900.0,,,2025-11-10T15:09:00-05:00,3060.0,0.0,hit,0.0,hit,62.0,hit,62.0,hit,4320.0,hit,4320.0,hit,4320.0,hit,8.0,hit,8.0,hit,79.0,hit,131.0,hit,156.0,hit,156.0,hit,6.600000000000023,51,False,False,False,False,,10.0,309,True,True,True,True,,10.0,309,True,True,True,True,,10.0,309,True,True,True,True,,62.0,2025-11-07T10:33:00-05:00,2.700000000000017,4247.040000000001,4321.0,2025-11-10T09:32:00-05:00,0.39999999999999947,8847.040000000037,4322.0,2025-11-10T09:33:00-05:00,0.40000000000000036,8847.040000000035,63.0,2025-11-07T10:34:00-05:00,6.25,-2852.959999999965,4320.0,2025-11-10T09:31:00-05:00,0.2999999999999998,9047.040000000035,4321.0,2025-11-10T09:32:00-05:00,0.39999999999999947,8847.040000000037,4322.0,2025-11-10T09:33:00-05:00,0.40000000000000036,8847.040000000035,4321.0,2025-11-10T09:32:00-05:00,0.39999999999999947,8847.040000000037,4320.0,2025-11-10T09:31:00-05:00,0.2999999999999998,9047.040000000035,4321.0,2025-11-10T09:32:00-05:00,0.39999999999999947,8847.040000000037,4322.0,2025-11-10T09:33:00-05:00,0.40000000000000036,8847.040000000035,4321.0,2025-11-10T09:32:00-05:00,0.39999999999999947,8847.040000000037,4320.0,2025-11-10T09:31:00-05:00,0.2999999999999998,9047.040000000035,4321.0,2025-11-10T09:32:00-05:00,0.39999999999999947,8847.040000000037,4322.0,2025-11-10T09:33:00-05:00,0.40000000000000036,8847.040000000035,4321.0,2025-11-10T09:32:00-05:00,0.39999999999999947,8847.040000000037,3039
2025-11-07,2025-11-10,3,6.0,2025-11-07T09:31:00-05:00,6.0,NDXP  251110P25080000,NDXP  251110P25070000,validation,False,False,0,0,25,3,0,748,available,False,2025-11-07T09:31:00-05:00,2025-11-10T15:23:00-05:00,0.024999999999999994,11697.04,37.0,last_observed_quote_not_settlement,3916.0,286,21,5.049999999999983,1647.0400000000348,2025-11-07T09:32:00-05:00,0.0,5.399999999999977,947.0400000000461,2025-11-07T09:33:00-05:00,0.0,5.7999999999999545,147.04000000009165,2025-11-07T09:36:00-05:00,0.0,6.850000000000023,-1952.9600000000448,2025-11-07T09:41:00-05:00,0.0,6.350000000000023,-952.9600000000448,2025-11-07T09:46:00-05:00,0.0,6.599999999999966,-1452.9599999999311,2025-11-07T10:01:00-05:00,0.0,6.5,-1252.9599999999994,2025-11-07T10:31:00-05:00,0.0,8.300000000000011,-4852.960000000024,2025-11-07T11:31:00-05:00,0.0,5.050000000000011,1647.039999999978,2025-11-07T16:00:00-05:00,0.0,,,2025-11-07T16:15:00-05:00,85500.0,,,2025-11-07T16:15:00-05:00,171900.0,,,2025-11-10T15:23:00-05:00,2220.0,1.0,hit,52.0,hit,52.0,hit,4320.0,hit,4320.0,hit,4320.0,hit,4320.0,hit,8.0,hit,9.0,hit,9.0,hit,97.0,hit,166.0,hit,166.0,hit,9.800000000000011,286,True,True,True,True,,9.800000000000011,286,True,True,True,True,,9.800000000000011,286,True,True,True,True,,9.800000000000011,286,True,True,True,True,,4320.0,2025-11-10T09:31:00-05:00,0.5,10747.04,4321.0,2025-11-10T09:32:00-05:00,0.5,10747.04,4322.0,2025-11-10T09:33:00-05:00,0.5,10747.04,4321.0,2025-11-10T09:32:00-05:00,0.5,10747.04,4320.0,2025-11-10T09:31:00-05:00,0.5,10747.04,4321.0,2025-11-10T09:32:00-05:00,0.5,10747.04,4322.0,2025-11-10T09:33:00-05:00,0.5,10747.04,4321.0,2025-11-10T09:32:00-05:00,0.5,10747.04,4320.0,2025-11-10T09:31:00-05:00,0.5,10747.04,4321.0,2025-11-10T09:32:00-05:00,0.5,10747.04,4322.0,2025-11-10T09:33:00-05:00,0.5,10747.04,4321.0,2025-11-10T09:32:00-05:00,0.5,10747.04,4323.0,2025-11-10T09:34:00-05:00,0.40000000000000036,10947.04,4324.0,2025-11-10T09:35:00-05:00,0.39999999999999947,10947.040000000003,4325.0,2025-11-10T09:36:00-05:00,0.3000000000000007,11147.04,4324.0,2025-11-10T09:35:00-05:00,0.39999999999999947,10947.040000000003,3040
2025-11-07,2025-11-10,3,7.0,2025-11-07T09:31:00-05:00,6.999999999999943,NDXP  251110P25380000,NDXP  251110P25370000,validation,False,False,0,0,14,30,0,749,available,False,2025-11-07T09:31:00-05:00,2025-11-10T15:45:00-05:00,0.0,13747.039999999888,15.0,last_observed_quote_not_settlement,3916.0,341,10,8.199999999999989,-2652.960000000092,2025-11-07T09:32:00-05:00,0.0,4.25,5247.039999999887,2025-11-07T09:33:00-05:00,0.0,8.350000000000023,-2952.96000000016,2025-11-07T09:36:00-05:00,0.0,7.900000000000091,-2052.9600000002947,2025-11-07T09:41:00-05:00,0.0,8.100000000000023,-2452.96000000016,2025-11-07T09:46:00-05:00,0.0,8.800000000000068,-3852.960000000251,2025-11-07T10:01:00-05:00,0.0,9.949999999999932,-6152.959999999978,2025-11-07T10:31:00-05:00,0.0,9.399999999999977,-5052.960000000069,2025-11-07T11:31:00-05:00,0.0,8.199999999999932,-2652.959999999978,2025-11-07T16:00:00-05:00,0.0,,,2025-11-07T16:15:00-05:00,85500.0,,,2025-11-07T16:15:00-05:00,171900.0,,,2025-11-10T15:45:00-05:00,900.0,2.0,hit,2.0,hit,4320.0,hit,4320.0,hit,4328.0,hit,4348.0,hit,4524.0,hit,1.0,hit,1.0,hit,1.0,hit,1.0,hit,4.0,hit,52.0,hit,10.0,341,True,True,True,True,,10.0,341,True,True,True,True,,10.0,341,True,True,True,True,,10.0,341,True,True,True,True,,4320.0,2025-11-10T09:31:00-05:00,2.8500000000000014,8047.0399999998845,4321.0,2025-11-10T09:32:00-05:00,2.75,8247.039999999888,4322.0,2025-11-10T09:33:00-05:00,2.700000000000003,8347.039999999883,4321.0,2025-11-10T09:32:00-05:00,2.75,8247.039999999888,4330.0,2025-11-10T09:41:00-05:00,1.7999999999999972,10147.039999999894,4331.0,2025-11-10T09:42:00-05:00,1.7499999999999964,10247.039999999895,4332.0,2025-11-10T09:43:00-05:00,1.7000000000000028,10347.039999999883,4331.0,2025-11-10T09:42:00-05:00,1.7499999999999964,10247.039999999895,4361.0,2025-11-10T10:12:00-05:00,0.9499999999999993,11847.03999999989,4375.0,2025-11-10T10:26:00-05:00,0.8499999999999996,12047.039999999888,4376.0,2025-11-10T10:27:00-05:00,0.8000000000000007,12147.039999999886,4362.0,2025-11-10T10:13:00-05:00,1.0000000000000018,11747.039999999884,4525.0,2025-11-10T12:56:00-05:00,0.39999999999999947,12947.039999999888,4526.0,2025-11-10T12:57:00-05:00,0.40000000000000036,12947.039999999888,4534.0,2025-11-10T13:05:00-05:00,0.39999999999999947,12947.039999999888,4526.0,2025-11-10T12:57:00-05:00,0.40000000000000036,12947.039999999888,3041
2025-11-10,2025-11-12,2,5.0,2025-11-10T09:31:00-05:00,4.899999999999977,NDXP  251112P25550000,NDXP  251112P25540000,validation,False,False,0,0,0,2,0,1198,available,False,2025-11-10T09:31:00-05:00,2025-11-12T16:00:00-05:00,9.699999999999996,-9852.960000000037,0.0,last_observed_quote_not_settlement,1036.0,687,75,,,2025-11-10T09:31:00-05:00,60.0,4.849999999999994,-152.9600000000334,2025-11-10T09:33:00-05:00,0.0,5.0,-452.9600000000448,2025-11-10T09:36:00-05:00,0.0,4.7999999999999545,-52.959999999953816,2025-11-10T09:41:00-05:00,0.0,4.399999999999977,747.0400000000006,2025-11-10T09:46:00-05:00,0.0,4.5,547.0399999999552,2025-11-10T10:01:00-05:00,0.0,4.449999999999989,647.0399999999779,2025-11-10T10:31:00-05:00,0.0,6.250000000000028,-2952.9600000001014,2025-11-10T11:31:00-05:00,0.0,3.799999999999997,1947.0399999999609,2025-11-10T16:00:00-05:00,0.0,4.3999999999999915,747.0399999999722,2025-11-11T16:00:00-05:00,0.0,9.699999999999996,-9852.960000000037,2025-11-12T16:00:00-05:00,0.0,,,,,0.0,hit,0.0,hit,243.0,hit,385.0,hit,,never_hit,,never_hit,,never_hit,81.0,hit,86.0,hit,119.0,hit,1492.0,hit,3185.0,hit,3219.0,hit,7.449999999999989,124,True,False,False,False,,,,True,True,True,False,2.6999999999999744,,,True,True,True,False,2.6999999999999744,,,True,True,True,False,2.6999999999999744,385.0,2025-11-10T15:56:00-05:00,2.6000000000000085,4347.039999999938,,,,,,,,,386.0,2025-11-10T15:57:00-05:00,3.25,3047.0399999999554,,,,,,,,,,,,,,,,,,,,,,,,,,,,,,,,,,,,,,,,,,,,,,,,,3042
2025-11-10,2025-11-12,2,6.0,2025-11-10T09:31:00-05:00,5.9500000000000455,NDXP  251112P25630000,NDXP  251112P25620000,validation,False,False,0,0,0,13,0,1187,available,False,2025-11-10T09:31:00-05:00,2025-11-12T15:58:00-05:00,9.649999999999991,-7652.959999999893,2.0,last_observed_quote_not_settlement,1036.0,757,90,3.5499999999999545,4547.040000000183,2025-11-10T09:32:00-05:00,0.0,5.850000000000023,-52.959999999953816,2025-11-10T09:33:00-05:00,0.0,5.399999999999977,847.0400000001371,2025-11-10T09:36:00-05:00,0.0,5.300000000000011,1047.0400000000689,2025-11-10T09:41:00-05:00,0.0,6.050000000000011,-452.9599999999311,2025-11-10T09:46:00-05:00,0.0,5.850000000000023,-52.959999999953816,2025-11-10T10:01:00-05:00,0.0,5.550000000000011,547.0400000000689,2025-11-10T10:31:00-05:00,0.0,6.500000000000057,-1352.960000000022,2025-11-10T11:31:00-05:00,0.0,3.5999999999999943,4447.040000000103,2025-11-10T16:00:00-05:00,0.0,5.950000000000017,-252.95999999994245,2025-11-11T16:00:00-05:00,0.0,,,2025-11-12T15:58:00-05:00,120.0,,,,,1.0,hit,1.0,hit,1.0,hit,,never_hit,,never_hit,,never_hit,,never_hit,16.0,hit,52.0,hit,52.0,hit,52.0,hit,1601.0,hit,2914.0,hit,,,True,True,True,False,2.400000000000091,,,True,True,True,False,2.400000000000091,,,True,True,True,False,2.400000000000091,,,True,True,True,False,2.400000000000091,,,,,,,,,,,,,,,,,,,,,,,,,,,,,,,,,,,,,,,,,,,,,,,,,,,,,,,,,,,,,,,,,3043
2025-11-10,2025-11-12,2,7.0,2025-11-10T09:31:00-05:00,6.9500000000000455,NDXP  251112P25730000,NDXP  251112P25720000,validation,False,False,0,0,0,38,0,1162,available,False,2025-11-10T09:31:00-05:00,2025-11-12T15:59:00-05:00,10.0,-6252.959999999909,1.0,last_observed_quote_not_settlement,1036.0,838,88,6.899999999999977,-152.95999999986287,2025-11-10T09:32:00-05:00,0.0,6.949999999999932,-252.95999999977192,2025-11-10T09:33:00-05:00,0.0,6.550000000000011,547.0400000000689,2025-11-10T09:36:00-05:00,0.0,7.100000000000023,-552.9599999999539,2025-11-10T09:41:00-05:00,0.0,6.600000000000023,447.0400000000462,2025-11-10T09:46:00-05:00,0.0,6.699999999999989,247.04000000011436,2025-11-10T10:01:00-05:00,0.0,6.25,1147.0400000000916,2025-11-10T10:31:00-05:00,0.0,7.699999999999989,-1752.9599999998857,2025-11-10T11:31:00-05:00,0.0,5.900000000000006,1847.0400000000802,2025-11-10T16:00:00-05:00,0.0,8.050000000000011,-2452.9599999999327,2025-11-11T16:00:00-05:00,0.0,,,2025-11-12T15:59:00-05:00,60.0,,,,,308.0,hit,308.0,hit,,never_hit,,never_hit,,never_hit,,never_hit,,never_hit,80.0,hit,94.0,hit,3.0,hit,94.0,hit,1493.0,hit,1587.0,hit,,,True,True,True,False,2.900000000000034,,,True,True,True,False,2.900000000000034,,,True,True,True,False,2.900000000000034,,,True,True,True,False,2.900000000000034,,,,,,,,,,,,,,,,,,,,,,,,,,,,,,,,,,,,,,,,,,,,,,,,,,,,,,,,,,,,,,,,,3044
2025-11-10,2025-11-13,3,5.0,2025-11-10T09:31:00-05:00,5.099999999999966,NDXP  251113P25550000,NDXP  251113P25540000,validation,False,False,0,0,1,62,0,1542,available,False,2025-11-10T09:31:00-05:00,2025-11-13T15:59:00-05:00,10.0,-9952.960000000066,1.0,last_observed_quote_not_settlement,1036.0,793,149,1.4499999999999886,7047.039999999955,2025-11-10T09:32:00-05:00,0.0,4.900000000000006,147.03999999992112,2025-11-10T09:33:00-05:00,0.0,4.699999999999989,547.0399999999552,2025-11-10T09:36:00-05:00,0.0,4.550000000000011,847.0399999999097,2025-11-10T09:41:00-05:00,0.0,4.450000000000017,1047.0399999998983,2025-11-10T09:46:00-05:00,0.0,4.449999999999989,1047.0399999999552,2025-11-10T10:01:00-05:00,0.0,4.25,1447.0399999999324,2025-11-10T10:31:00-05:00,0.0,6.050000000000011,-2152.96000000009,2025-11-10T11:31:00-05:00,0.0,3.0500000000000114,3847.03999999991,2025-11-10T16:00:00-05:00,0.0,4.349999999999994,1247.0399999999438,2025-11-11T16:00:00-05:00,0.0,4.600000000000023,747.039999999887,2025-11-12T16:00:00-05:00,0.0,,,2025-11-13T15:59:00-05:00,60.0,0.0,hit,1.0,hit,1.0,hit,1.0,hit,1.0,hit,,never_hit,,never_hit,88.0,hit,91.0,hit,130.0,hit,2939.0,hit,2973.0,hit,4378.0,hit,5.099999999999966,0,False,False,False,False,,5.099999999999966,0,False,False,False,False,,,,True,True,True,False,3.6499999999999773,,,True,True,True,False,3.6499999999999773,1.0,2025-11-10T09:32:00-05:00,1.4499999999999886,7047.039999999955,,,,,,,,,2.0,2025-11-10T09:33:00-05:00,4.900000000000006,147.03999999992112,1.0,2025-11-10T09:32:00-05:00,1.4499999999999886,7047.039999999955,,,,,,,,,2.0,2025-11-10T09:33:00-05:00,4.900000000000006,147.03999999992112,,,,,,,,,,,,,,,,,,,,,,,,,,,,,,,,,3045
2025-11-10,2025-11-13,3,6.0,2025-11-10T09:31:00-05:00,6.0,NDXP  251113P25670000,NDXP  251113P25660000,validation,False,False,0,0,1,70,0,1534,available,False,2025-11-10T09:31:00-05:00,2025-11-13T15:58:00-05:00,10.0,-8152.96,2.0,last_observed_quote_not_settlement,1036.0,1035,129,7.449999999999989,-3152.9599999999764,2025-11-10T09:32:00-05:00,0.0,6.050000000000011,-352.96000000002203,2025-11-10T09:33:00-05:00,0.0,5.5,747.0400000000006,2025-11-10T09:36:00-05:00,0.0,5.75,247.04000000000067,2025-11-10T09:41:00-05:00,0.0,5.599999999999994,547.040000000012,2025-11-10T09:46:00-05:00,0.0,5.650000000000006,447.03999999998933,2025-11-10T10:01:00-05:00,0.0,6.25,-752.9599999999994,2025-11-10T10:31:00-05:00,0.0,7.249999999999943,-2752.9599999998854,2025-11-10T11:31:00-05:00,0.0,5.0,1747.0400000000006,2025-11-10T16:00:00-05:00,0.0,6.350000000000023,-952.9600000000448,2025-11-11T16:00:00-05:00,0.0,6.699999999999989,-1652.9599999999766,2025-11-12T16:00:00-05:00,0.0,,,2025-11-13T15:58:00-05:00,120.0,5.0,hit,226.0,hit,1799.0,hit,,never_hit,,never_hit,,never_hit,,never_hit,1.0,hit,1.0,hit,1.0,hit,177.0,hit,177.0,hit,177.0,hit,,,True,True,True,False,2.6000000000000227,,,True,True,True,False,2.6000000000000227,,,True,True,True,False,2.6000000000000227,,,True,True,True,False,2.6000000000000227,,,,,,,,,,,,,,,,,,,,,,,,,,,,,,,,,,,,,,,,,,,,,,,,,,,,,,,,,,,,,,,,,3046
2025-11-10,2025-11-13,3,7.0,2025-11-10T09:31:00-05:00,6.949999999999989,NDXP  251113P25780000,NDXP  251113P25770000,validation,False,False,0,0,0,82,0,1523,available,False,2025-11-10T09:31:00-05:00,2025-11-13T16:00:00-05:00,10.0,-6252.960000000023,0.0,last_observed_quote_not_settlement,1036.0,1185,66,6.899999999999977,-152.95999999997656,2025-11-10T09:32:00-05:00,0.0,6.949999999999989,-252.9599999999993,2025-11-10T09:33:00-05:00,0.0,6.849999999999966,-52.959999999953816,2025-11-10T09:36:00-05:00,0.0,6.7999999999999545,47.04000000006892,2025-11-10T09:41:00-05:00,0.0,6.699999999999932,247.04000000011436,2025-11-10T09:46:00-05:00,0.0,6.7000000000000455,247.039999999887,2025-11-10T10:01:00-05:00,0.0,6.649999999999977,347.04000000002344,2025-11-10T10:31:00-05:00,0.0,8.050000000000011,-2452.9600000000464,2025-11-10T11:31:00-05:00,0.0,6.0,1647.039999999978,2025-11-10T16:00:00-05:00,0.0,7.400000000000034,-1152.9600000000903,2025-11-11T16:00:00-05:00,0.0,8.500000000000057,-3352.9600000001374,2025-11-12T16:00:00-05:00,0.0,10.0,-6252.960000000023,2025-11-13T16:00:00-05:00,0.0,4409.0,hit,4409.0,hit,,never_hit,,never_hit,,never_hit,,never_hit,,never_hit,80.0,hit,93.0,hit,4.0,hit,93.0,hit,114.0,hit,114.0,hit,,,True,True,True,False,2.849999999999966,,,True,True,True,False,2.849999999999966,,,True,True,True,False,2.849999999999966,,,True,True,True,False,2.849999999999966,,,,,,,,,,,,,,,,,,,,,,,,,,,,,,,,,,,,,,,,,,,,,,,,,,,,,,,,,,,,,,,,,3047
2025-11-11,2025-11-13,2,5.0,2025-11-11T09:31:00-05:00,5.049999999999983,NDXP  251113P25580000,NDXP  251113P25570000,validation,False,False,0,0,0,65,0,1134,available,False,2025-11-11T09:31:00-05:00,2025-11-13T15:59:00-05:00,10.0,-10052.960000000034,1.0,last_observed_quote_not_settlement,1036.0,838,61,5.5,-1152.9600000000335,2025-11-11T09:32:00-05:00,0.0,4.949999999999989,-52.96000000001066,2025-11-11T09:33:00-05:00,0.0,5.199999999999989,-552.9600000000107,2025-11-11T09:36:00-05:00,0.0,5.099999999999994,-352.96000000002203,2025-11-11T09:41:00-05:00,0.0,5.0,-152.9600000000334,2025-11-11T09:46:00-05:00,0.0,5.349999999999994,-852.9600000000221,2025-11-11T10:01:00-05:00,0.0,6.349999999999966,-2852.959999999965,2025-11-11T10:31:00-05:00,0.0,6.250000000000028,-2652.96000000009,2025-11-11T11:31:00-05:00,0.0,4.75,347.0399999999666,2025-11-11T16:00:00-05:00,0.0,3.0500000000000114,3747.039999999944,2025-11-12T16:00:00-05:00,0.0,,,2025-11-13T15:59:00-05:00,60.0,,,,,0.0,hit,2.0,hit,1440.0,hit,,never_hit,,never_hit,,never_hit,,never_hit,19.0,hit,19.0,hit,19.0,hit,2880.0,hit,2886.0,hit,2894.0,hit,,,True,True,True,False,1.9999999999999716,,,True,True,True,False,1.9999999999999716,,,True,True,True,False,1.9999999999999716,,,True,True,True,False,1.9999999999999716,,,,,,,,,,,,,,,,,,,,,,,,,,,,,,,,,,,,,,,,,,,,,,,,,,,,,,,,,,,,,,,,,3048
2025-11-11,2025-11-13,2,6.0,2025-11-11T09:31:00-05:00,6.049999999999983,NDXP  251113P25680000,NDXP  251113P25670000,validation,False,False,0,0,0,72,0,1128,available,False,2025-11-11T09:31:00-05:00,2025-11-13T16:00:00-05:00,10.0,-8052.960000000034,0.0,last_observed_quote_not_settlement,1036.0,911,134,5.850000000000023,147.03999999992112,2025-11-11T09:32:00-05:00,0.0,6.099999999999966,-352.9599999999652,2025-11-11T09:33:00-05:00,0.0,6.199999999999989,-552.9600000000107,2025-11-11T09:36:00-05:00,0.0,6.349999999999994,-852.9600000000221,2025-11-11T09:41:00-05:00,0.0,6.300000000000011,-752.9600000000562,2025-11-11T09:46:00-05:00,0.0,6.350000000000023,-852.9600000000789,2025-11-11T10:01:00-05:00,0.0,7.150000000000034,-2452.9600000001014,2025-11-11T10:31:00-05:00,0.0,7.5,-3152.9600000000332,2025-11-11T11:31:00-05:00,0.0,6.099999999999994,-352.96000000002203,2025-11-11T16:00:00-05:00,0.0,7.300000000000011,-2752.960000000056,2025-11-12T16:00:00-05:00,0.0,10.0,-8052.960000000034,2025-11-13T16:00:00-05:00,0.0,,,,,226.0,hit,238.0,hit,269.0,hit,2891.0,hit,,never_hit,,never_hit,,never_hit,4.0,hit,39.0,hit,36.0,hit,81.0,hit,81.0,hit,2880.0,hit,9.900000000000034,657,True,True,True,True,,,,True,True,True,False,3.3499999999999375,,,True,True,True,False,3.3499999999999375,,,True,True,True,False,3.3499999999999375,2891.0,2025-11-13T09:42:00-05:00,2.7000000000000455,6447.039999999875,,,,,,,,,2892.0,2025-11-13T09:43:00-05:00,9.999999999999943,-8052.960000000034,,,,,,,,,,,,,,,,,,,,,,,,,,,,,,,,,,,,,,,,,,,,,,,,,3049
2025-11-11,2025-11-13,2,7.0,2025-11-11T09:31:00-05:00,7.100000000000023,NDXP  251113P25770000,NDXP  251113P25760000,validation,False,False,0,0,1,69,0,1130,available,False,2025-11-11T09:31:00-05:00,2025-11-13T15:58:00-05:00,7.349999999999909,-752.959999999772,2.0,last_observed_quote_not_settlement,1036.0,973,79,7.2999999999999545,-652.9599999998629,2025-11-11T09:32:00-05:00,0.0,7.449999999999989,-952.9599999999311,2025-11-11T09:33:00-05:00,0.0,7.399999999999977,-852.9599999999084,2025-11-11T09:36:00-05:00,0.0,7.300000000000011,-652.9599999999766,2025-11-11T09:41:00-05:00,0.0,7.350000000000023,-752.9599999999994,2025-11-11T09:46:00-05:00,0.0,7.000000000000057,-52.9600000000675,2025-11-11T10:01:00-05:00,0.0,8.5,-3052.9599999999555,2025-11-11T10:31:00-05:00,0.0,8.349999999999966,-2752.9599999998873,2025-11-11T11:31:00-05:00,0.0,7.349999999999966,-752.9599999998857,2025-11-11T16:00:00-05:00,0.0,8.300000000000011,-2652.959999999978,2025-11-12T16:00:00-05:00,0.0,,,2025-11-13T15:58:00-05:00,120.0,,,,,1440.0,hit,1440.0,hit,3132.0,hit,,never_hit,,never_hit,,never_hit,,never_hit,14.0,hit,20.0,hit,0.0,hit,17.0,hit,92.0,hit,2880.0,hit,,,True,True,True,False,3.2499999999998863,,,True,True,True,False,3.2499999999998863,,,True,True,True,False,3.2499999999998863,,,True,True,True,False,3.2499999999998863,,,,,,,,,,,,,,,,,,,,,,,,,,,,,,,,,,,,,,,,,,,,,,,,,,,,,,,,,,,,,,,,,3050
2025-11-11,2025-11-14,3,5.0,2025-11-11T09:31:00-05:00,5.0,NDXP  251114P25580000,NDXP  251114P25570000,validation,False,False,0,0,0,110,0,1495,available,False,2025-11-11T09:31:00-05:00,2025-11-14T16:00:00-05:00,5.25,-752.9599999999994,0.0,last_observed_quote_not_settlement,1036.0,1076,76,5.0,-252.9599999999993,2025-11-11T09:32:00-05:00,0.0,4.849999999999994,47.04000000001208,2025-11-11T09:33:00-05:00,0.0,4.799999999999983,147.0400000000348,2025-11-11T09:36:00-05:00,0.0,4.800000000000011,147.03999999997797,2025-11-11T09:41:00-05:00,0.0,4.7999999999999545,147.04000000009165,2025-11-11T09:46:00-05:00,0.0,4.599999999999994,547.040000000012,2025-11-11T10:01:00-05:00,0.0,5.5,-1252.9599999999994,2025-11-11T10:31:00-05:00,0.0,5.849999999999966,-1952.9599999999311,2025-11-11T11:31:00-05:00,0.0,4.699999999999989,347.04000000002344,2025-11-11T16:00:00-05:00,0.0,5.200000000000017,-652.9600000000335,2025-11-12T16:00:00-05:00,0.0,9.699999999999818,-9652.959999999637,2025-11-13T16:00:00-05:00,0.0,5.25,-752.9599999999994,2025-11-14T16:00:00-05:00,0.0,0.0,hit,0.0,hit,1440.0,hit,,never_hit,,never_hit,,never_hit,,never_hit,36.0,hit,65.0,hit,1499.0,hit,2891.0,hit,2958.0,hit,2958.0,hit,,,True,True,True,False,1.6499999999999773,,,True,True,True,False,1.6499999999999773,,,True,True,True,False,1.6499999999999773,,,True,True,True,False,1.6499999999999773,,,,,,,,,,,,,,,,,,,,,,,,,,,,,,,,,,,,,,,,,,,,,,,,,,,,,,,,,,,,,,,,,3051
2025-11-11,2025-11-14,3,6.0,2025-11-11T09:31:00-05:00,6.100000000000023,NDXP  251114P25720000,NDXP  251114P25710000,validation,False,False,0,0,0,94,0,1511,available,False,2025-11-11T09:31:00-05:00,2025-11-14T16:00:00-05:00,10.0,-7952.959999999955,0.0,last_observed_quote_not_settlement,1036.0,1246,65,6.199999999999932,-452.9599999998174,2025-11-11T09:32:00-05:00,0.0,6.050000000000011,-152.95999999997656,2025-11-11T09:33:00-05:00,0.0,6.100000000000023,-252.9599999999993,2025-11-11T09:36:00-05:00,0.0,6.2999999999999545,-652.9599999998629,2025-11-11T09:41:00-05:00,0.0,6.2999999999999545,-652.9599999998629,2025-11-11T09:46:00-05:00,0.0,6.2999999999999545,-652.9599999998629,2025-11-11T10:01:00-05:00,0.0,7.399999999999977,-2852.959999999908,2025-11-11T10:31:00-05:00,0.0,7.050000000000011,-2152.9599999999764,2025-11-11T11:31:00-05:00,0.0,6.050000000000011,-152.95999999997656,2025-11-11T16:00:00-05:00,0.0,7.099999999999994,-2252.9599999999423,2025-11-12T16:00:00-05:00,0.0,9.900000000000091,-7852.960000000137,2025-11-13T16:00:00-05:00,0.0,10.0,-7952.959999999955,2025-11-14T16:00:00-05:00,0.0,288.0,hit,1445.0,hit,2969.0,hit,2969.0,hit,,never_hit,,never_hit,,never_hit,19.0,hit,49.0,hit,24.0,hit,1456.0,hit,1456.0,hit,1456.0,hit,9.900000000000034,698,True,True,True,True,,,,True,True,True,False,3.1000000000000227,,,True,True,True,False,3.1000000000000227,,,True,True,True,False,3.1000000000000227,,,,,,,,,,,,,,,,,,,,,,,,,,,,,,,,,,,,,,,,,,,,,,,,,,,,,,,,,,,,,,,,,3052
2025-11-11,2025-11-14,3,7.0,2025-11-11T09:31:00-05:00,7.0,NDXP  251114P25820000,NDXP  251114P25810000,validation,False,False,0,0,0,126,0,1479,available,False,2025-11-11T09:31:00-05:00,2025-11-14T16:00:00-05:00,10.0,-6152.96,0.0,last_observed_quote_not_settlement,1038.0,1238,75,7.199999999999989,-652.9599999999766,2025-11-11T09:32:00-05:00,0.0,7.0499999999999545,-352.95999999990835,2025-11-11T09:33:00-05:00,0.0,7.100000000000023,-452.9600000000448,2025-11-11T09:36:00-05:00,0.0,7.300000000000011,-852.9600000000221,2025-11-11T09:41:00-05:00,0.0,7.199999999999989,-652.9599999999766,2025-11-11T09:46:00-05:00,0.0,7.300000000000068,-852.9600000001358,2025-11-11T10:01:00-05:00,0.0,8.099999999999909,-2452.959999999819,2025-11-11T10:31:00-05:00,0.0,7.100000000000023,-452.9600000000448,2025-11-11T11:31:00-05:00,0.0,7.199999999999989,-652.9599999999766,2025-11-11T16:00:00-05:00,0.0,7.25,-752.9599999999994,2025-11-12T16:00:00-05:00,0.0,9.900000000000091,-6052.960000000183,2025-11-13T16:00:00-05:00,0.0,10.0,-6152.96,2025-11-14T16:00:00-05:00,0.0,404.0,hit,404.0,hit,4452.0,hit,4452.0,hit,4452.0,hit,4452.0,hit,,never_hit,18.0,hit,33.0,hit,0.0,hit,33.0,hit,69.0,hit,79.0,hit,10.0,1051,True,True,True,True,,10.0,1051,True,True,True,True,,10.0,1051,True,True,True,True,,,,True,True,True,False,6.4500000000000455,4452.0,2025-11-14T11:43:00-05:00,0.5499999999999545,12647.040000000092,,,,,,,,,,,,,4452.0,2025-11-14T11:43:00-05:00,0.5499999999999545,12647.040000000092,,,,,,,,,,,,,4452.0,2025-11-14T11:43:00-05:00,0.5499999999999545,12647.040000000092,,,,,,,,,,,,,,,,,,,,,,,,,,,,,3053
2025-11-12,2025-11-14,2,5.0,2025-11-12T09:31:00-05:00,4.949999999999989,NDXP  251114P25680000,NDXP  251114P25670000,validation,False,False,0,0,0,91,0,1109,available,False,2025-11-12T09:31:00-05:00,2025-11-14T16:00:00-05:00,9.399999999999977,-9152.959999999977,0.0,last_observed_quote_not_settlement,1036.0,1022,2,5.050000000000011,-452.9600000000448,2025-11-12T09:32:00-05:00,0.0,5.150000000000006,-652.9600000000335,2025-11-12T09:33:00-05:00,0.0,5.099999999999994,-552.9600000000107,2025-11-12T09:36:00-05:00,0.0,5.349999999999994,-1052.9600000000107,2025-11-12T09:41:00-05:00,0.0,5.550000000000011,-1452.9600000000448,2025-11-12T09:46:00-05:00,0.0,6.099999999999966,-2552.9599999999537,2025-11-12T10:01:00-05:00,0.0,6.25,-2852.960000000022,2025-11-12T10:31:00-05:00,0.0,6.2999999999999545,-2952.959999999931,2025-11-12T11:31:00-05:00,0.0,6.150000000000034,-2652.96000000009,2025-11-12T16:00:00-05:00,0.0,9.850000000000136,-10052.960000000296,2025-11-13T16:00:00-05:00,0.0,9.399999999999977,-9152.959999999977,2025-11-14T16:00:00-05:00,0.0,,,,,0.0,hit,0.0,hit,,never_hit,,never_hit,,never_hit,,never_hit,,never_hit,3.0,hit,16.0,hit,82.0,hit,1442.0,hit,1450.0,hit,1472.0,hit,,,True,True,True,False,0.4999999999999716,,,True,True,True,False,0.4999999999999716,,,True,True,True,False,0.4999999999999716,,,True,True,True,False,0.4999999999999716,,,,,,,,,,,,,,,,,,,,,,,,,,,,,,,,,,,,,,,,,,,,,,,,,,,,,,,,,,,,,,,,,3054
2025-11-12,2025-11-14,2,6.0,2025-11-12T09:31:00-05:00,5.949999999999989,NDXP  251114P25770000,NDXP  251114P25760000,validation,False,False,0,0,0,95,0,1105,available,False,2025-11-12T09:31:00-05:00,2025-11-14T15:59:00-05:00,10.0,-8252.960000000021,1.0,last_observed_quote_not_settlement,1036.0,1015,6,6.400000000000034,-1152.9600000000903,2025-11-12T09:32:00-05:00,0.0,6.400000000000034,-1152.9600000000903,2025-11-12T09:33:00-05:00,0.0,5.700000000000017,247.03999999994383,2025-11-12T09:36:00-05:00,0.0,6.649999999999977,-1652.9599999999766,2025-11-12T09:41:00-05:00,0.0,6.800000000000011,-1952.9600000000448,2025-11-12T09:46:00-05:00,0.0,7.100000000000023,-2552.9600000000673,2025-11-12T10:01:00-05:00,0.0,7.050000000000011,-2452.9600000000446,2025-11-12T10:31:00-05:00,0.0,7.150000000000034,-2652.96000000009,2025-11-12T11:31:00-05:00,0.0,6.5499999999999545,-1452.9599999999311,2025-11-12T16:00:00-05:00,0.0,9.799999999999955,-7952.959999999933,2025-11-13T16:00:00-05:00,0.0,,,2025-11-14T15:59:00-05:00,60.0,,,,,1529.0,hit,1529.0,hit,1529.0,hit,1529.0,hit,,never_hit,,never_hit,,never_hit,4.0,hit,11.0,hit,11.0,hit,141.0,hit,146.0,hit,1444.0,hit,9.850000000000023,481,True,True,True,True,,,,True,True,True,False,3.4499999999999886,,,True,True,True,False,3.4499999999999886,,,True,True,True,False,3.4499999999999886,1529.0,2025-11-13T11:00:00-05:00,2.5,6647.039999999978,,,,,,,,,1530.0,2025-11-13T11:01:00-05:00,9.649999999999977,-7652.959999999978,,,,,,,,,,,,,,,,,,,,,,,,,,,,,,,,,,,,,,,,,,,,,,,,,3055
2025-11-12,2025-11-14,2,7.0,2025-11-12T09:31:00-05:00,7.0,NDXP  251114P25870000,NDXP  251114P25860000,validation,False,False,0,0,0,146,0,1054,available,False,2025-11-12T09:31:00-05:00,2025-11-14T16:00:00-05:00,0.0,13747.04,0.0,last_observed_quote_not_settlement,1038.0,938,10,7.149999999999977,-552.9599999999539,2025-11-12T09:32:00-05:00,0.0,6.75,247.04000000000067,2025-11-12T09:33:00-05:00,0.0,7.349999999999966,-952.9599999999311,2025-11-12T09:36:00-05:00,0.0,7.699999999999989,-1652.9599999999766,2025-11-12T09:41:00-05:00,0.0,7.850000000000023,-1952.9600000000448,2025-11-12T09:46:00-05:00,0.0,8.0,-2252.960000000001,2025-11-12T10:01:00-05:00,0.0,8.0,-2252.960000000001,2025-11-12T10:31:00-05:00,0.0,8.300000000000011,-2852.9600000000237,2025-11-12T11:31:00-05:00,0.0,8.25,-2752.960000000001,2025-11-12T16:00:00-05:00,0.0,9.900000000000091,-6052.960000000183,2025-11-13T16:00:00-05:00,0.0,0.0,13747.04,2025-11-14T16:00:00-05:00,0.0,,,,,1529.0,hit,1529.0,hit,1529.0,hit,3269.0,hit,3269.0,hit,3269.0,hit,3269.0,hit,4.0,hit,8.0,hit,0.0,hit,8.0,hit,67.0,hit,341.0,hit,10.0,938,True,True,True,True,,10.0,938,True,True,True,True,,10.0,938,True,True,True,True,,10.0,938,True,True,True,True,,3269.0,2025-11-14T16:00:00-05:00,0.0,13747.04,,,,,,,,,,,,,3269.0,2025-11-14T16:00:00-05:00,0.0,13747.04,,,,,,,,,,,,,3269.0,2025-11-14T16:00:00-05:00,0.0,13747.04,,,,,,,,,,,,,3269.0,2025-11-14T16:00:00-05:00,0.0,13747.04,,,,,,,,,,,,,3056
2025-11-14,2025-11-17,3,5.0,2025-11-14T09:31:00-05:00,4.950000000000017,NDXP  251117P24630000,NDXP  251117P24620000,validation,False,False,0,0,0,1,0,784,available,False,2025-11-14T09:31:00-05:00,2025-11-17T15:50:00-05:00,0.3999999999999998,8847.040000000035,10.0,last_observed_quote_not_settlement,3916.0,1,2,4.199999999999989,1247.0400000000575,2025-11-14T09:32:00-05:00,0.0,4.7999999999999545,47.040000000125765,2025-11-14T09:33:00-05:00,0.0,4.600000000000023,447.03999999998933,2025-11-14T09:36:00-05:00,0.0,4.0,1647.0400000000348,2025-11-14T09:41:00-05:00,0.0,3.6000000000000227,2447.0399999999895,2025-11-14T09:46:00-05:00,0.0,3.1499999999999773,3347.0400000000805,2025-11-14T10:01:00-05:00,0.0,2.25,5147.0400000000345,2025-11-14T10:31:00-05:00,0.0,1.1999999999999957,7247.040000000044,2025-11-14T11:31:00-05:00,0.0,1.5999999999999943,6447.040000000046,2025-11-14T16:00:00-05:00,0.0,,,2025-11-14T16:15:00-05:00,85500.0,,,2025-11-14T16:15:00-05:00,171900.0,,,2025-11-17T15:50:00-05:00,600.0,0.0,hit,0.0,hit,7.0,hit,18.0,hit,67.0,hit,108.0,hit,108.0,hit,,never_hit,,never_hit,,never_hit,,never_hit,,never_hit,,never_hit,5.300000000000011,1,False,False,False,False,,5.300000000000011,1,False,False,False,False,,5.300000000000011,1,False,False,False,False,,5.300000000000011,1,False,False,False,False,,18.0,2025-11-14T09:49:00-05:00,2.9499999999999886,3747.0400000000577,24.0,2025-11-14T09:55:00-05:00,2.8000000000000114,4047.040000000012,25.0,2025-11-14T09:56:00-05:00,2.799999999999983,4047.040000000069,19.0,2025-11-14T09:50:00-05:00,3.1499999999999773,3347.0400000000805,67.0,2025-11-14T10:38:00-05:00,1.5499999999999972,6547.040000000041,76.0,2025-11-14T10:47:00-05:00,1.6500000000000057,6347.040000000024,77.0,2025-11-14T10:48:00-05:00,1.5499999999999972,6547.040000000041,68.0,2025-11-14T10:39:00-05:00,2.25,5147.0400000000345,108.0,2025-11-14T11:19:00-05:00,0.3499999999999943,8947.040000000046,161.0,2025-11-14T12:12:00-05:00,0.8500000000000014,7947.040000000032,162.0,2025-11-14T12:13:00-05:00,0.8500000000000014,7947.040000000032,109.0,2025-11-14T11:20:00-05:00,1.4499999999999957,6747.040000000044,108.0,2025-11-14T11:19:00-05:00,0.3499999999999943,8947.040000000046,4340.0,2025-11-17T09:51:00-05:00,0.40000000000000036,8847.040000000035,4341.0,2025-11-17T09:52:00-05:00,0.34999999999999964,8947.040000000037,109.0,2025-11-14T11:20:00-05:00,1.4499999999999957,6747.040000000044,3057
2025-11-14,2025-11-17,3,6.0,2025-11-14T09:31:00-05:00,6.0,NDXP  251117P24830000,NDXP  251117P24820000,validation,False,False,0,0,0,4,0,791,available,False,2025-11-14T09:31:00-05:00,2025-11-17T15:59:00-05:00,8.600000000000001,-5452.960000000004,1.0,last_observed_quote_not_settlement,3916.0,98,12,6.0499999999999545,-352.95999999990835,2025-11-14T09:32:00-05:00,0.0,6.300000000000068,-852.9600000001358,2025-11-14T09:33:00-05:00,0.0,6.149999999999977,-552.9599999999539,2025-11-14T09:36:00-05:00,0.0,4.399999999999977,2947.0400000000463,2025-11-14T09:41:00-05:00,0.0,4.700000000000017,2347.0399999999668,2025-11-14T09:46:00-05:00,0.0,4.400000000000006,2947.0399999999895,2025-11-14T10:01:00-05:00,0.0,4.0,3747.040000000001,2025-11-14T10:31:00-05:00,0.0,1.8499999999999943,8047.040000000012,2025-11-14T11:31:00-05:00,0.0,2.5,6747.040000000001,2025-11-14T16:00:00-05:00,0.0,,,2025-11-14T16:15:00-05:00,85500.0,,,2025-11-14T16:15:00-05:00,171900.0,,,2025-11-17T15:59:00-05:00,60.0,6.0,hit,8.0,hit,26.0,hit,47.0,hit,47.0,hit,47.0,hit,47.0,hit,3.0,hit,4617.0,hit,4617.0,hit,4617.0,hit,4628.0,hit,4645.0,hit,6.5,4,False,False,False,False,,6.5,4,False,False,False,False,,6.5,4,False,False,False,False,,6.5,4,False,False,False,False,,47.0,2025-11-14T10:18:00-05:00,0.3499999999999943,11047.040000000014,76.0,2025-11-14T10:47:00-05:00,2.75,6247.040000000001,77.0,2025-11-14T10:48:00-05:00,2.75,6247.040000000001,48.0,2025-11-14T10:19:00-05:00,4.199999999999989,3347.0400000000236,47.0,2025-11-14T10:18:00-05:00,0.3499999999999943,11047.040000000014,118.0,2025-11-14T11:29:00-05:00,1.7999999999999972,8147.040000000007,154.0,2025-11-14T12:05:00-05:00,1.8499999999999943,8047.040000000012,48.0,2025-11-14T10:19:00-05:00,4.199999999999989,3347.0400000000236,47.0,2025-11-14T10:18:00-05:00,0.3499999999999943,11047.040000000014,4341.0,2025-11-17T09:52:00-05:00,0.9499999999999993,9847.040000000003,4342.0,2025-11-17T09:53:00-05:00,0.9499999999999993,9847.040000000003,48.0,2025-11-14T10:19:00-05:00,4.199999999999989,3347.0400000000236,47.0,2025-11-14T10:18:00-05:00,0.3499999999999943,11047.040000000014,,,,,,,,,48.0,2025-11-14T10:19:00-05:00,4.199999999999989,3347.0400000000236,3058
2025-11-14,2025-11-17,3,7.0,2025-11-14T09:31:00-05:00,7.149999999999977,NDXP  251117P24800000,NDXP  251117P24790000,validation,False,False,0,0,0,2,0,793,available,False,2025-11-14T09:31:00-05:00,2025-11-17T16:00:00-05:00,2.0999999999999996,9847.039999999957,0.0,last_observed_quote_not_settlement,3916.0,69,13,5.5,3047.0399999999554,2025-11-14T09:32:00-05:00,0.0,6.0,2047.0399999999554,2025-11-14T09:33:00-05:00,0.0,5.650000000000034,2747.039999999887,2025-11-14T09:36:00-05:00,0.0,5.300000000000011,3447.0399999999327,2025-11-14T09:41:00-05:00,0.0,4.699999999999989,4647.039999999978,2025-11-14T09:46:00-05:00,0.0,4.0,6047.039999999955,2025-11-14T10:01:00-05:00,0.0,3.549999999999983,6947.039999999989,2025-11-14T10:31:00-05:00,0.0,2.0999999999999943,9847.039999999968,2025-11-14T11:31:00-05:00,0.0,2.5,9047.039999999955,2025-11-14T16:00:00-05:00,0.0,,,2025-11-14T16:15:00-05:00,85500.0,,,2025-11-14T16:15:00-05:00,171900.0,2.0999999999999996,9847.039999999957,2025-11-17T16:00:00-05:00,0.0,1.0,hit,6.0,hit,22.0,hit,66.0,hit,66.0,hit,66.0,hit,66.0,hit,4628.0,hit,4632.0,hit,0.0,hit,4632.0,hit,4635.0,hit,4680.0,hit,7.149999999999977,0,True,False,False,False,,7.149999999999977,0,True,False,False,False,,7.149999999999977,0,True,False,False,False,,7.149999999999977,0,True,False,False,False,,66.0,2025-11-14T10:37:00-05:00,0.5,13047.039999999955,73.0,2025-11-14T10:44:00-05:00,2.799999999999997,8447.039999999963,74.0,2025-11-14T10:45:00-05:00,2.5500000000000114,8947.039999999934,67.0,2025-11-14T10:38:00-05:00,3.049999999999983,7947.039999999989,66.0,2025-11-14T10:37:00-05:00,0.5,13047.039999999955,117.0,2025-11-14T11:28:00-05:00,1.8999999999999986,10247.039999999959,118.0,2025-11-14T11:29:00-05:00,1.8500000000000014,10347.039999999954,67.0,2025-11-14T10:38:00-05:00,3.049999999999983,7947.039999999989,66.0,2025-11-14T10:37:00-05:00,0.5,13047.039999999955,4341.0,2025-11-17T09:52:00-05:00,0.8000000000000025,12447.039999999952,4342.0,2025-11-17T09:53:00-05:00,0.8500000000000014,12347.039999999954,67.0,2025-11-14T10:38:00-05:00,3.049999999999983,7947.039999999989,256.0,2025-11-14T13:47:00-05:00,0.20000000000000284,13647.03999999995,4477.0,2025-11-17T12:08:00-05:00,0.4499999999999993,13147.039999999957,,,,,257.0,2025-11-14T13:48:00-05:00,2.799999999999997,8447.039999999963,3059
2025-11-17,2025-11-19,2,5.0,2025-11-17T09:31:00-05:00,5.0,NDXP  251119P25050000,NDXP  251119P25040000,validation,False,False,0,0,0,81,0,1119,available,False,2025-11-17T09:31:00-05:00,2025-11-19T15:59:00-05:00,10.0,-10152.96,1.0,last_observed_quote_not_settlement,1037.0,857,34,5.199999999999989,-652.9599999999766,2025-11-17T09:32:00-05:00,0.0,4.649999999999977,447.0400000000462,2025-11-17T09:33:00-05:00,0.0,4.650000000000006,447.03999999998933,2025-11-17T09:36:00-05:00,0.0,3.799999999999983,2147.040000000035,2025-11-17T09:41:00-05:00,0.0,4.049999999999983,1647.0400000000348,2025-11-17T09:46:00-05:00,0.0,3.75,2247.040000000001,2025-11-17T10:01:00-05:00,0.0,4.199999999999989,1347.0400000000234,2025-11-17T10:31:00-05:00,0.0,5.0,-252.9599999999993,2025-11-17T11:31:00-05:00,0.0,5.7000000000000455,-1652.9600000000903,2025-11-17T16:00:00-05:00,0.0,9.299999999999955,-8852.95999999991,2025-11-18T16:00:00-05:00,0.0,,,2025-11-19T15:59:00-05:00,60.0,,,,,0.0,hit,0.0,hit,7.0,hit,89.0,hit,89.0,hit,89.0,hit,89.0,hit,97.0,hit,107.0,hit,294.0,hit,326.0,hit,1444.0,hit,1444.0,hit,5.250000000000028,3,False,False,False,False,,5.250000000000028,3,False,False,False,False,,5.250000000000028,3,False,False,False,False,,5.250000000000028,3,False,False,False,False,,89.0,2025-11-17T11:00:00-05:00,0.20000000000001705,9347.039999999968,,,,,,,,,90.0,2025-11-17T11:01:00-05:00,4.699999999999989,347.04000000002344,89.0,2025-11-17T11:00:00-05:00,0.20000000000001705,9347.039999999968,,,,,,,,,90.0,2025-11-17T11:01:00-05:00,4.699999999999989,347.04000000002344,89.0,2025-11-17T11:00:00-05:00,0.20000000000001705,9347.039999999968,,,,,,,,,90.0,2025-11-17T11:01:00-05:00,4.699999999999989,347.04000000002344,89.0,2025-11-17T11:00:00-05:00,0.20000000000001705,9347.039999999968,,,,,,,,,90.0,2025-11-17T11:01:00-05:00,4.699999999999989,347.04000000002344,3060
2025-11-17,2025-11-19,2,6.0,2025-11-17T09:31:00-05:00,6.0,NDXP  251119P25140000,NDXP  251119P25130000,validation,False,False,0,0,0,94,0,1106,available,False,2025-11-17T09:31:00-05:00,2025-11-19T16:00:00-05:00,9.149999999999977,-6552.9599999999555,0.0,last_observed_quote_not_settlement,1037.0,821,27,5.699999999999989,347.04000000002344,2025-11-17T09:32:00-05:00,0.0,5.7000000000000455,347.03999999990975,2025-11-17T09:33:00-05:00,0.0,4.7000000000000455,2347.03999999991,2025-11-17T09:36:00-05:00,0.0,4.400000000000006,2947.0399999999895,2025-11-17T09:41:00-05:00,0.0,4.699999999999989,2347.0400000000236,2025-11-17T09:46:00-05:00,0.0,4.399999999999977,2947.0400000000463,2025-11-17T10:01:00-05:00,0.0,4.800000000000011,2147.039999999978,2025-11-17T10:31:00-05:00,0.0,4.600000000000023,2547.0399999999554,2025-11-17T11:31:00-05:00,0.0,6.75,-1752.9599999999994,2025-11-17T16:00:00-05:00,0.0,9.699999999999932,-7652.9599999998645,2025-11-18T16:00:00-05:00,0.0,9.149999999999977,-6552.9599999999555,2025-11-19T16:00:00-05:00,0.0,,,,,3.0,hit,5.0,hit,22.0,hit,,never_hit,,never_hit,,never_hit,,never_hit,103.0,hit,214.0,hit,214.0,hit,214.0,hit,214.0,hit,1441.0,hit,,,True,True,True,False,2.75,,,True,True,True,False,2.75,,,True,True,True,False,2.75,,,True,True,True,False,2.75,,,,,,,,,,,,,,,,,,,,,,,,,,,,,,,,,,,,,,,,,,,,,,,,,,,,,,,,,,,,,,,,,3061
2025-11-17,2025-11-19,2,7.0,2025-11-17T09:31:00-05:00,7.0,NDXP  251119P25270000,NDXP  251119P25260000,validation,False,False,0,0,0,117,0,1083,available,False,2025-11-17T09:31:00-05:00,2025-11-19T16:00:00-05:00,8.649999999999977,-3552.9599999999555,0.0,last_observed_quote_not_settlement,1038.0,783,39,6.7000000000000455,347.03999999990975,2025-11-17T09:32:00-05:00,0.0,6.300000000000011,1147.039999999978,2025-11-17T09:33:00-05:00,0.0,6.099999999999966,1547.0400000000689,2025-11-17T09:36:00-05:00,0.0,5.649999999999977,2447.0400000000463,2025-11-17T09:41:00-05:00,0.0,5.899999999999977,1947.0400000000461,2025-11-17T09:46:00-05:00,0.0,5.449999999999932,2847.0400000001373,2025-11-17T10:01:00-05:00,0.0,6.0,1747.0400000000006,2025-11-17T10:31:00-05:00,0.0,5.850000000000023,2047.0399999999554,2025-11-17T11:31:00-05:00,0.0,8.449999999999989,-3152.959999999978,2025-11-17T16:00:00-05:00,0.0,9.900000000000091,-6052.960000000183,2025-11-18T16:00:00-05:00,0.0,8.649999999999977,-3552.9599999999555,2025-11-19T16:00:00-05:00,0.0,,,,,13.0,hit,17.0,hit,1473.0,hit,1473.0,hit,1473.0,hit,,never_hit,,never_hit,106.0,hit,106.0,hit,0.0,hit,106.0,hit,216.0,hit,261.0,hit,10.0,220,True,True,True,True,,10.0,220,True,True,True,True,,,,True,True,True,False,5.0499999999999545,,,True,True,True,False,5.0499999999999545,1473.0,2025-11-18T10:04:00-05:00,2.0,9747.04,,,,,,,,,1474.0,2025-11-18T10:05:00-05:00,5.250000000000114,3247.0399999997735,,,,,,,,,,,,,,,,,,,,,,,,,,,,,,,,,,,,,,,,,,,,,,,,,3062
2025-11-17,2025-11-20,3,5.0,2025-11-17T09:31:00-05:00,5.0,NDXP  251120P24970000,NDXP  251120P24960000,validation,False,False,0,0,0,34,0,1571,available,False,2025-11-17T09:31:00-05:00,2025-11-20T15:59:00-05:00,10.0,-10152.96,1.0,last_observed_quote_not_settlement,1036.0,1133,75,4.600000000000023,547.0399999999552,2025-11-17T09:32:00-05:00,0.0,3.75,2247.040000000001,2025-11-17T09:33:00-05:00,0.0,4.199999999999932,1347.040000000137,2025-11-17T09:36:00-05:00,0.0,3.3000000000000114,3147.039999999978,2025-11-17T09:41:00-05:00,0.0,3.4000000000000057,2947.0399999999895,2025-11-17T09:46:00-05:00,0.0,3.5,2747.040000000001,2025-11-17T10:01:00-05:00,0.0,3.9000000000000057,1947.0399999999893,2025-11-17T10:31:00-05:00,0.0,4.149999999999977,1447.0400000000461,2025-11-17T11:31:00-05:00,0.0,5.25,-752.9599999999994,2025-11-17T16:00:00-05:00,0.0,8.099999999999909,-6452.959999999819,2025-11-18T16:00:00-05:00,0.0,6.75,-3752.959999999999,2025-11-19T16:00:00-05:00,0.0,,,2025-11-20T15:59:00-05:00,60.0,0.0,hit,0.0,hit,2.0,hit,1442.0,hit,1751.0,hit,4387.0,hit,,never_hit,271.0,hit,308.0,hit,335.0,hit,1444.0,hit,1444.0,hit,1454.0,hit,7.149999999999977,129,True,False,False,False,,9.5,420,True,True,True,True,,9.950000000000045,903,True,True,True,True,,,,True,True,True,False,4.0,1442.0,2025-11-18T09:33:00-05:00,2.9499999999999886,3847.0400000000236,1443.0,2025-11-18T09:34:00-05:00,2.6499999999999773,4447.040000000046,4325.0,2025-11-20T09:36:00-05:00,2.549999999999997,4647.040000000006,1443.0,2025-11-18T09:34:00-05:00,2.6499999999999773,4447.040000000046,1751.0,2025-11-18T14:42:00-05:00,1.1000000000000227,7547.039999999955,4344.0,2025-11-20T09:55:00-05:00,1.7999999999999972,6147.040000000006,4345.0,2025-11-20T09:56:00-05:00,1.8000000000000043,6147.039999999992,1752.0,2025-11-18T14:43:00-05:00,6.0,-2252.959999999999,,,,,,,,,,,,,,,,,,,,,,,,,,,,,,,,,3063
2025-11-17,2025-11-20,3,6.0,2025-11-17T09:31:00-05:00,6.0,NDXP  251120P25040000,NDXP  251120P25030000,validation,False,False,0,0,0,37,0,1568,available,False,2025-11-17T09:31:00-05:00,2025-11-20T16:00:00-05:00,7.100000000000023,-2452.9600000000446,0.0,last_observed_quote_not_settlement,1036.0,1000,115,5.0,1747.0400000000006,2025-11-17T09:32:00-05:00,0.0,4.850000000000023,2047.0399999999554,2025-11-17T09:33:00-05:00,0.0,4.2000000000000455,3347.03999999991,2025-11-17T09:36:00-05:00,0.0,4.399999999999977,2947.0400000000463,2025-11-17T09:41:00-05:00,0.0,3.900000000000034,3947.0399999999327,2025-11-17T09:46:00-05:00,0.0,3.5,4747.040000000001,2025-11-17T10:01:00-05:00,0.0,4.199999999999989,3347.0400000000236,2025-11-17T10:31:00-05:00,0.0,4.5,2747.040000000001,2025-11-17T11:31:00-05:00,0.0,5.75,247.04000000000067,2025-11-17T16:00:00-05:00,0.0,7.5,-3252.959999999999,2025-11-18T16:00:00-05:00,0.0,7.300000000000011,-2852.960000000022,2025-11-19T16:00:00-05:00,0.0,7.100000000000023,-2452.9600000000446,2025-11-20T16:00:00-05:00,0.0,1.0,hit,1.0,hit,7.0,hit,1798.0,hit,1798.0,hit,1798.0,hit,1798.0,hit,54.0,hit,54.0,hit,54.0,hit,1448.0,hit,1482.0,hit,1482.0,hit,9.700000000000045,391,True,True,True,True,,9.700000000000045,391,True,True,True,True,,9.700000000000045,391,True,True,True,True,,9.700000000000045,391,True,True,True,True,,1798.0,2025-11-18T15:29:00-05:00,0.5,10747.04,4338.0,2025-11-20T09:49:00-05:00,2.5,6747.040000000001,4339.0,2025-11-20T09:50:00-05:00,2.700000000000017,6347.039999999966,1799.0,2025-11-18T15:30:00-05:00,6.2999999999999545,-852.9599999999084,1798.0,2025-11-18T15:29:00-05:00,0.5,10747.04,4386.0,2025-11-20T10:37:00-05:00,1.5500000000000007,8647.04,4387.0,2025-11-20T10:38:00-05:00,1.2999999999999972,9147.040000000008,1799.0,2025-11-18T15:30:00-05:00,6.2999999999999545,-852.9599999999084,1798.0,2025-11-18T15:29:00-05:00,0.5,10747.04,,,,,,,,,1799.0,2025-11-18T15:30:00-05:00,6.2999999999999545,-852.9599999999084,1838.0,2025-11-18T16:09:00-05:00,0.3999999999998636,10947.040000000274,,,,,,,,,1839.0,2025-11-18T16:10:00-05:00,7.7000000000000455,-3652.96000000009,3064
2025-11-17,2025-11-20,3,7.0,2025-11-17T09:31:00-05:00,7.0,NDXP  251120P25380000,NDXP  251120P25370000,validation,False,False,0,0,0,106,0,1499,available,False,2025-11-17T09:31:00-05:00,2025-11-20T16:00:00-05:00,3.8999999999998636,5947.040000000274,0.0,last_observed_quote_not_settlement,1037.0,1198,115,6.749999999999886,247.04000000022805,2025-11-17T09:32:00-05:00,0.0,6.5,747.0400000000006,2025-11-17T09:33:00-05:00,0.0,7.350000000000023,-952.9600000000448,2025-11-17T09:36:00-05:00,0.0,6.0,1747.0400000000006,2025-11-17T09:41:00-05:00,0.0,5.600000000000023,2547.0399999999554,2025-11-17T09:46:00-05:00,0.0,4.849999999999966,4047.040000000069,2025-11-17T10:01:00-05:00,0.0,6.149999999999977,1447.0400000000461,2025-11-17T10:31:00-05:00,0.0,6.350000000000023,1047.0399999999552,2025-11-17T11:31:00-05:00,0.0,7.5499999999999545,-1352.9599999999084,2025-11-17T16:00:00-05:00,0.0,,,2025-11-18T15:59:00-05:00,60.0,9.249999999999886,-4752.959999999774,2025-11-19T16:00:00-05:00,0.0,3.8999999999998636,5947.040000000274,2025-11-20T16:00:00-05:00,0.0,19.0,hit,30.0,hit,1501.0,hit,1501.0,hit,4699.0,hit,4699.0,hit,4699.0,hit,39.0,hit,139.0,hit,0.0,hit,139.0,hit,151.0,hit,153.0,hit,9.950000000000045,247,True,True,True,True,,10.0,1196,True,True,True,True,,10.0,1196,True,True,True,True,,10.0,1196,True,True,True,True,,1501.0,2025-11-18T10:32:00-05:00,2.6499999999998636,8447.040000000274,,,,,,,,,1502.0,2025-11-18T10:33:00-05:00,7.2000000000000455,-652.9600000000903,4699.0,2025-11-20T15:50:00-05:00,0.0,13747.04,,,,,,,,,4700.0,2025-11-20T15:51:00-05:00,10.0,-6152.96,4699.0,2025-11-20T15:50:00-05:00,0.0,13747.04,,,,,,,,,4700.0,2025-11-20T15:51:00-05:00,10.0,-6152.96,4699.0,2025-11-20T15:50:00-05:00,0.0,13747.04,,,,,,,,,4700.0,2025-11-20T15:51:00-05:00,10.0,-6152.96,3065
2025-11-18,2025-11-20,2,5.0,2025-11-18T09:31:00-05:00,5.0,NDXP  251120P24780000,NDXP  251120P24770000,validation,False,False,0,0,0,31,0,1169,available,False,2025-11-18T09:31:00-05:00,2025-11-20T16:00:00-05:00,10.0,-10152.96,0.0,last_observed_quote_not_settlement,1036.0,849,109,5.5,-1252.9599999999994,2025-11-18T09:32:00-05:00,0.0,4.800000000000011,147.03999999997797,2025-11-18T09:33:00-05:00,0.0,4.5,747.0400000000006,2025-11-18T09:36:00-05:00,0.0,5.100000000000023,-452.9600000000448,2025-11-18T09:41:00-05:00,0.0,5.150000000000034,-552.9600000000676,2025-11-18T09:46:00-05:00,0.0,6.199999999999989,-2652.9599999999764,2025-11-18T10:01:00-05:00,0.0,6.0,-2252.959999999999,2025-11-18T10:31:00-05:00,0.0,5.7000000000000455,-1652.9600000000903,2025-11-18T11:31:00-05:00,0.0,5.900000000000034,-2052.9600000000673,2025-11-18T16:00:00-05:00,0.0,7.000000000000057,-4252.960000000113,2025-11-19T16:00:00-05:00,0.0,10.0,-10152.96,2025-11-20T16:00:00-05:00,0.0,,,,,0.0,hit,0.0,hit,38.0,hit,49.0,hit,2880.0,hit,2887.0,hit,2934.0,hit,1.0,hit,14.0,hit,17.0,hit,23.0,hit,26.0,hit,3065.0,hit,9.0,37,True,True,True,True,,9.0,644,True,True,True,True,,9.0,644,True,True,True,True,,9.0,644,True,True,True,True,,49.0,2025-11-18T10:20:00-05:00,2.5499999999999545,4647.040000000092,2881.0,2025-11-20T09:32:00-05:00,1.25,7247.040000000001,2882.0,2025-11-20T09:33:00-05:00,1.3500000000000014,7047.039999999998,50.0,2025-11-18T10:21:00-05:00,6.4500000000000455,-3152.96000000009,2880.0,2025-11-20T09:31:00-05:00,1.3999999999999986,6947.040000000004,2881.0,2025-11-20T09:32:00-05:00,1.25,7247.040000000001,2882.0,2025-11-20T09:33:00-05:00,1.3500000000000014,7047.039999999998,2881.0,2025-11-20T09:32:00-05:00,1.25,7247.040000000001,2893.0,2025-11-20T09:44:00-05:00,0.9000000000000057,7947.039999999989,2898.0,2025-11-20T09:49:00-05:00,0.8999999999999986,7947.040000000004,2902.0,2025-11-20T09:53:00-05:00,0.9000000000000021,7947.039999999996,2894.0,2025-11-20T09:45:00-05:00,1.0499999999999972,7647.040000000006,2937.0,2025-11-20T10:28:00-05:00,0.40000000000000036,8947.04,2938.0,2025-11-20T10:29:00-05:00,0.4499999999999993,8847.040000000003,2939.0,2025-11-20T10:30:00-05:00,0.40000000000000036,8947.04,2938.0,2025-11-20T10:29:00-05:00,0.4499999999999993,8847.040000000003,3066
2025-11-18,2025-11-20,2,6.0,2025-11-18T09:31:00-05:00,5.9500000000000455,NDXP  251120P25060000,NDXP  251120P25050000,validation,False,False,0,0,0,43,0,1157,available,False,2025-11-18T09:31:00-05:00,2025-11-20T16:00:00-05:00,1.3500000000000227,8947.040000000046,0.0,last_observed_quote_not_settlement,1037.0,950,75,8.350000000000023,-5052.9599999999555,2025-11-18T09:32:00-05:00,0.0,,,2025-11-18T09:32:00-05:00,60.0,7.149999999999977,-2652.9599999998627,2025-11-18T09:36:00-05:00,0.0,6.2999999999999545,-952.9599999998175,2025-11-18T09:41:00-05:00,0.0,4.249999999999886,3147.040000000319,2025-11-18T09:46:00-05:00,0.0,7.650000000000091,-3652.96000000009,2025-11-18T10:01:00-05:00,0.0,3.2000000000000455,5247.040000000001,2025-11-18T10:31:00-05:00,0.0,6.5499999999999545,-1452.9599999998175,2025-11-18T11:31:00-05:00,0.0,7.599999999999909,-3552.9599999997263,2025-11-18T16:00:00-05:00,0.0,7.650000000000034,-3652.9599999999764,2025-11-19T16:00:00-05:00,0.0,1.3500000000000227,8947.040000000046,2025-11-20T16:00:00-05:00,0.0,,,,,3.0,hit,3.0,hit,3.0,hit,3.0,hit,3.0,hit,1794.0,hit,,never_hit,1.0,hit,1.0,hit,1.0,hit,1.0,hit,13.0,hit,18.0,hit,8.350000000000023,0,True,True,False,False,,8.350000000000023,0,True,True,False,False,,9.949999999999989,691,True,True,True,True,,,,True,True,True,False,5.2000000000000455,3.0,2025-11-18T09:34:00-05:00,1.650000000000034,8347.040000000025,1802.0,2025-11-19T15:33:00-05:00,1.2999999999999545,9047.040000000183,2899.0,2025-11-20T09:50:00-05:00,2.8999999999999915,5847.040000000109,4.0,2025-11-18T09:35:00-05:00,5.249999999999886,1147.040000000319,3.0,2025-11-18T09:34:00-05:00,1.650000000000034,8347.040000000025,1802.0,2025-11-19T15:33:00-05:00,1.2999999999999545,9047.040000000183,2955.0,2025-11-20T10:46:00-05:00,1.6499999999999986,8347.040000000095,4.0,2025-11-18T09:35:00-05:00,5.249999999999886,1147.040000000319,1794.0,2025-11-19T15:25:00-05:00,0.75,10147.040000000092,,,,,,,,,1795.0,2025-11-19T15:26:00-05:00,7.100000000000023,-2552.9599999999537,,,,,,,,,,,,,,,,,3067
2025-11-18,2025-11-20,2,7.0,2025-11-18T09:31:00-05:00,7.0499999999999545,NDXP  251120P25110000,NDXP  251120P25100000,validation,False,False,0,0,0,63,0,1137,available,False,2025-11-18T09:31:00-05:00,2025-11-20T15:59:00-05:00,10.0,-6052.960000000091,1.0,last_observed_quote_not_settlement,1037.0,779,167,9.450000000000045,-5052.960000000183,2025-11-18T09:32:00-05:00,0.0,6.2999999999999545,1247.0400000000006,2025-11-18T09:33:00-05:00,0.0,,,2025-11-18T09:35:00-05:00,60.0,6.800000000000068,247.0399999997733,2025-11-18T09:41:00-05:00,0.0,7.600000000000023,-1352.9600000001358,2025-11-18T09:46:00-05:00,0.0,7.850000000000023,-1852.9600000001358,2025-11-18T10:01:00-05:00,0.0,5.599999999999909,2647.040000000092,2025-11-18T10:31:00-05:00,0.0,7.600000000000023,-1352.9600000001358,2025-11-18T11:31:00-05:00,0.0,7.899999999999977,-1952.9600000000448,2025-11-18T16:00:00-05:00,0.0,7.0499999999999545,-252.9599999999993,2025-11-19T16:00:00-05:00,0.0,,,2025-11-20T15:59:00-05:00,60.0,,,,,6.0,hit,6.0,hit,6.0,hit,358.0,hit,2955.0,hit,3259.0,hit,,never_hit,1.0,hit,1.0,hit,0.0,hit,1.0,hit,1.0,hit,39.0,hit,9.899999999999977,231,True,True,True,True,,9.899999999999977,576,True,True,True,True,,10.0,771,True,True,True,True,,,,True,True,True,False,6.0499999999999545,1485.0,2025-11-19T10:16:00-05:00,2.650000000000034,8547.039999999843,2907.0,2025-11-20T09:58:00-05:00,2.799999999999997,8247.039999999917,2908.0,2025-11-20T09:59:00-05:00,2.75,8347.03999999991,1486.0,2025-11-19T10:17:00-05:00,6.199999999999989,1447.0399999999324,3259.0,2025-11-20T15:50:00-05:00,1.0,11847.03999999991,,,,,,,,,3260.0,2025-11-20T15:51:00-05:00,10.0,-6052.960000000091,,,,,,,,,,,,,,,,,,,,,,,,,,,,,,,,,3068
2025-11-18,2025-11-21,3,5.0,2025-11-18T09:31:00-05:00,4.949999999999989,NDXP  251121P24730000,NDXP  251121P24720000,validation,False,False,0,0,0,138,0,1465,available,False,2025-11-18T09:31:00-05:00,2025-11-21T15:59:00-05:00,8.049999999999955,-6452.959999999933,1.0,last_observed_quote_not_settlement,1036.0,892,151,2.8500000000000227,3947.0399999999327,2025-11-18T09:32:00-05:00,0.0,4.5,647.0399999999779,2025-11-18T09:33:00-05:00,0.0,4.649999999999977,347.04000000002344,2025-11-18T09:36:00-05:00,0.0,4.75,147.03999999997797,2025-11-18T09:41:00-05:00,0.0,4.649999999999977,347.04000000002344,2025-11-18T09:46:00-05:00,0.0,7.9500000000000455,-6252.960000000115,2025-11-18T10:01:00-05:00,0.0,4.800000000000011,47.039999999955235,2025-11-18T10:31:00-05:00,0.0,5.100000000000023,-552.9600000000676,2025-11-18T11:31:00-05:00,0.0,5.5,-1352.960000000022,2025-11-18T16:00:00-05:00,0.0,4.900000000000091,-152.96000000020393,2025-11-19T16:00:00-05:00,0.0,9.299999999999955,-8952.959999999932,2025-11-20T16:00:00-05:00,0.0,,,2025-11-21T15:59:00-05:00,60.0,0.0,hit,0.0,hit,1.0,hit,1.0,hit,22.0,hit,49.0,hit,49.0,hit,12.0,hit,13.0,hit,13.0,hit,18.0,hit,24.0,hit,24.0,hit,4.949999999999989,0,False,False,False,False,,8.750000000000057,6,True,True,False,False,,9.849999999999966,24,True,True,True,True,,9.849999999999966,24,True,True,True,True,,1.0,2025-11-18T09:32:00-05:00,2.8500000000000227,3947.0399999999327,2881.0,2025-11-20T09:32:00-05:00,1.6000000000000014,6447.039999999975,2885.0,2025-11-20T09:36:00-05:00,1.5999999999999943,6447.039999999989,2.0,2025-11-18T09:33:00-05:00,4.5,647.0399999999779,22.0,2025-11-18T09:53:00-05:00,1.5500000000000114,6547.039999999955,2881.0,2025-11-20T09:32:00-05:00,1.6000000000000014,6447.039999999975,2885.0,2025-11-20T09:36:00-05:00,1.5999999999999943,6447.039999999989,23.0,2025-11-18T09:54:00-05:00,4.349999999999966,947.0400000000461,49.0,2025-11-18T10:20:00-05:00,0.40000000000009095,8847.039999999797,,,,,,,,,50.0,2025-11-18T10:21:00-05:00,5.5499999999999545,-1452.9599999999311,49.0,2025-11-18T10:20:00-05:00,0.40000000000009095,8847.039999999797,,,,,,,,,50.0,2025-11-18T10:21:00-05:00,5.5499999999999545,-1452.9599999999311,3069
2025-11-18,2025-11-21,3,6.0,2025-11-18T09:31:00-05:00,6.0,NDXP  251121P24970000,NDXP  251121P24960000,validation,False,False,0,0,0,195,0,1408,available,False,2025-11-18T09:31:00-05:00,2025-11-21T16:00:00-05:00,10.0,-8152.96,0.0,last_observed_quote_not_settlement,1038.0,875,182,8.350000000000023,-4952.960000000046,2025-11-18T09:32:00-05:00,0.0,4.800000000000011,2147.039999999978,2025-11-18T09:33:00-05:00,0.0,5.900000000000034,-52.9600000000675,2025-11-18T09:36:00-05:00,0.0,6.0,-252.9599999999993,2025-11-18T09:41:00-05:00,0.0,2.099999999999909,7547.040000000183,2025-11-18T09:46:00-05:00,0.0,6.350000000000023,-952.9600000000448,2025-11-18T10:01:00-05:00,0.0,6.600000000000023,-1452.9600000000448,2025-11-18T10:31:00-05:00,0.0,5.699999999999932,347.0400000001371,2025-11-18T11:31:00-05:00,0.0,6.7000000000000455,-1652.9600000000903,2025-11-18T16:00:00-05:00,0.0,8.5,-5252.960000000001,2025-11-19T16:00:00-05:00,0.0,9.899999999999864,-8052.959999999728,2025-11-20T16:00:00-05:00,0.0,10.0,-8152.96,2025-11-21T16:00:00-05:00,0.0,2.0,hit,2.0,hit,15.0,hit,15.0,hit,148.0,hit,308.0,hit,308.0,hit,1.0,hit,1.0,hit,1.0,hit,1.0,hit,27.0,hit,87.0,hit,8.900000000000091,5,True,True,False,False,,10.0,93,True,True,True,True,,10.0,161,True,True,True,True,,10.0,161,True,True,True,True,,15.0,2025-11-18T09:46:00-05:00,2.099999999999909,7547.040000000183,196.0,2025-11-18T12:47:00-05:00,2.75,6247.040000000001,2889.0,2025-11-20T09:40:00-05:00,2.9000000000000057,5947.039999999989,16.0,2025-11-18T09:47:00-05:00,6.4500000000000455,-1152.9600000000903,148.0,2025-11-18T11:59:00-05:00,1.2000000000000455,9347.03999999991,4387.0,2025-11-21T10:38:00-05:00,0.20000000000004547,11347.03999999991,,,,,149.0,2025-11-18T12:00:00-05:00,6.2999999999999545,-852.9599999999084,308.0,2025-11-18T14:39:00-05:00,0.5,10747.04,4387.0,2025-11-21T10:38:00-05:00,0.20000000000004547,11347.03999999991,,,,,309.0,2025-11-18T14:40:00-05:00,5.699999999999989,347.04000000002344,311.0,2025-11-18T14:42:00-05:00,0.10000000000002274,11547.039999999955,,,,,,,,,312.0,2025-11-18T14:43:00-05:00,5.75,247.04000000000067,3070
2025-11-18,2025-11-21,3,7.0,2025-11-18T09:31:00-05:00,7.0,NDXP  251121P24980000,NDXP  251121P24970000,validation,False,False,0,0,0,176,0,1427,available,False,2025-11-18T09:31:00-05:00,2025-11-21T16:00:00-05:00,10.0,-6152.96,0.0,last_observed_quote_not_settlement,1036.0,486,204,4.349999999999909,5047.040000000183,2025-11-18T09:32:00-05:00,0.0,4.850000000000023,4047.0399999999554,2025-11-18T09:33:00-05:00,0.0,5.949999999999989,1847.0400000000234,2025-11-18T09:36:00-05:00,0.0,3.6499999999999773,6447.040000000046,2025-11-18T09:41:00-05:00,0.0,6.0,1747.0400000000006,2025-11-18T09:46:00-05:00,0.0,7.4500000000000455,-1152.9600000000903,2025-11-18T10:01:00-05:00,0.0,7.399999999999977,-1052.9599999999539,2025-11-18T10:31:00-05:00,0.0,,,2025-11-18T11:30:00-05:00,60.0,6.7000000000000455,347.03999999990975,2025-11-18T16:00:00-05:00,0.0,9.099999999999966,-4452.959999999933,2025-11-19T16:00:00-05:00,0.0,9.800000000000182,-5852.960000000365,2025-11-20T16:00:00-05:00,0.0,10.0,-6152.96,2025-11-21T16:00:00-05:00,0.0,1.0,hit,1.0,hit,10.0,hit,11.0,hit,152.0,hit,1574.0,hit,1574.0,hit,17.0,hit,22.0,hit,0.0,hit,22.0,hit,24.0,hit,98.0,hit,7.0,0,True,False,False,False,,9.850000000000023,55,True,True,True,True,,9.850000000000023,84,True,True,True,True,,9.850000000000023,84,True,True,True,True,,11.0,2025-11-18T09:42:00-05:00,2.5,8747.04,2894.0,2025-11-20T09:45:00-05:00,2.6500000000000057,8447.03999999999,2898.0,2025-11-20T09:49:00-05:00,2.549999999999997,8647.040000000008,12.0,2025-11-18T09:43:00-05:00,6.0499999999999545,1647.0400000000916,152.0,2025-11-18T12:03:00-05:00,1.75,10247.04,4402.0,2025-11-21T10:53:00-05:00,1.1499999999999773,11447.040000000046,,,,,153.0,2025-11-18T12:04:00-05:00,6.2999999999999545,1147.0400000000916,1574.0,2025-11-19T11:45:00-05:00,0.1500000000000341,13447.039999999934,,,,,,,,,1575.0,2025-11-19T11:46:00-05:00,8.100000000000023,-2452.9600000000464,1574.0,2025-11-19T11:45:00-05:00,0.1500000000000341,13447.039999999934,,,,,,,,,1575.0,2025-11-19T11:46:00-05:00,8.100000000000023,-2452.9600000000464,3071
2025-11-19,2025-11-21,2,5.0,2025-11-19T09:31:00-05:00,5.0,NDXP  251121P24640000,NDXP  251121P24630000,validation,False,False,0,0,0,74,0,1124,available,False,2025-11-19T09:31:00-05:00,2025-11-21T15:59:00-05:00,6.7999999999999545,-3852.959999999908,1.0,last_observed_quote_not_settlement,1036.0,579,62,5.0,-252.9599999999993,2025-11-19T09:32:00-05:00,0.0,5.100000000000023,-452.9600000000448,2025-11-19T09:33:00-05:00,0.0,4.699999999999989,347.04000000002344,2025-11-19T09:36:00-05:00,0.0,2.800000000000068,4147.039999999864,2025-11-19T09:41:00-05:00,0.0,4.0,1747.0400000000006,2025-11-19T09:46:00-05:00,0.0,3.4000000000000057,2947.0399999999895,2025-11-19T10:01:00-05:00,0.0,3.1999999999999886,3347.0400000000236,2025-11-19T10:31:00-05:00,0.0,4.5,747.0400000000006,2025-11-19T11:31:00-05:00,0.0,4.499999999999943,747.0400000001143,2025-11-19T16:00:00-05:00,0.0,8.799999999999955,-7852.95999999991,2025-11-20T16:00:00-05:00,0.0,,,2025-11-21T15:59:00-05:00,60.0,,,,,0.0,hit,0.0,hit,10.0,hit,10.0,hit,379.0,hit,1457.0,hit,1502.0,hit,18.0,hit,18.0,hit,18.0,hit,210.0,hit,210.0,hit,1691.0,hit,5.100000000000023,1,False,False,False,False,,9.0,79,True,True,True,True,,9.0,80,True,True,True,True,,9.0,80,True,True,True,True,,10.0,2025-11-19T09:41:00-05:00,2.800000000000068,4147.039999999864,1441.0,2025-11-20T09:32:00-05:00,1.25,7247.040000000001,1442.0,2025-11-20T09:33:00-05:00,1.2999999999999972,7147.040000000006,11.0,2025-11-19T09:42:00-05:00,4.550000000000011,647.0399999999779,379.0,2025-11-19T15:50:00-05:00,1.3999999999999773,6947.040000000046,1441.0,2025-11-20T09:32:00-05:00,1.25,7247.040000000001,1442.0,2025-11-20T09:33:00-05:00,1.2999999999999972,7147.040000000006,380.0,2025-11-19T15:51:00-05:00,3.0,3747.040000000001,1457.0,2025-11-20T09:48:00-05:00,0.9499999999999957,7847.040000000009,1468.0,2025-11-20T09:59:00-05:00,0.9499999999999957,7847.040000000009,1469.0,2025-11-20T10:00:00-05:00,0.5499999999999972,8647.040000000008,1458.0,2025-11-20T09:49:00-05:00,1.1000000000000014,7547.039999999998,1502.0,2025-11-20T10:33:00-05:00,0.3000000000000007,9147.04,,,,,,,,,1503.0,2025-11-20T10:34:00-05:00,0.9500000000000028,7847.039999999995,3072
2025-11-19,2025-11-21,2,6.0,2025-11-19T09:31:00-05:00,6.0,NDXP  251121P24840000,NDXP  251121P24830000,validation,False,False,0,0,0,164,0,1034,available,False,2025-11-19T09:31:00-05:00,2025-11-21T16:00:00-05:00,6.350000000000023,-952.9600000000448,0.0,last_observed_quote_not_settlement,1037.0,494,108,6.099999999999966,-452.9599999999311,2025-11-19T09:32:00-05:00,0.0,6.199999999999989,-652.9599999999766,2025-11-19T09:33:00-05:00,0.0,5.699999999999989,347.04000000002344,2025-11-19T09:36:00-05:00,0.0,,,2025-11-19T09:40:00-05:00,60.0,5.2000000000000455,1347.0399999999097,2025-11-19T09:46:00-05:00,0.0,4.399999999999977,2947.0400000000463,2025-11-19T10:01:00-05:00,0.0,6.150000000000034,-552.9600000000676,2025-11-19T10:31:00-05:00,0.0,5.5,747.0400000000006,2025-11-19T11:31:00-05:00,0.0,4.350000000000023,3047.0399999999554,2025-11-19T16:00:00-05:00,0.0,9.700000000000045,-7652.960000000092,2025-11-20T16:00:00-05:00,0.0,6.350000000000023,-952.9600000000448,2025-11-21T16:00:00-05:00,0.0,,,,,8.0,hit,8.0,hit,8.0,hit,72.0,hit,101.0,hit,101.0,hit,101.0,hit,3.0,hit,131.0,hit,131.0,hit,131.0,hit,142.0,hit,1635.0,hit,6.550000000000011,4,False,False,False,False,,6.649999999999977,6,False,False,False,False,,6.649999999999977,6,False,False,False,False,,6.649999999999977,6,False,False,False,False,,72.0,2025-11-19T10:43:00-05:00,2.8500000000000227,6047.039999999955,210.0,2025-11-19T13:01:00-05:00,0.7000000000000455,10347.03999999991,1442.0,2025-11-20T09:33:00-05:00,2.200000000000003,7347.039999999995,73.0,2025-11-19T10:44:00-05:00,4.399999999999977,2947.0400000000463,101.0,2025-11-19T11:12:00-05:00,0.1500000000000341,11447.039999999934,1458.0,2025-11-20T09:49:00-05:00,1.8999999999999915,7947.040000000018,1462.0,2025-11-20T09:53:00-05:00,1.8999999999999773,7947.040000000046,102.0,2025-11-19T11:13:00-05:00,5.650000000000034,447.0399999999325,101.0,2025-11-19T11:12:00-05:00,0.1500000000000341,11447.039999999934,,,,,,,,,102.0,2025-11-19T11:13:00-05:00,5.650000000000034,447.0399999999325,101.0,2025-11-19T11:12:00-05:00,0.1500000000000341,11447.039999999934,,,,,,,,,102.0,2025-11-19T11:13:00-05:00,5.650000000000034,447.0399999999325,3073
2025-11-19,2025-11-21,2,7.0,2025-11-19T09:31:00-05:00,7.0,NDXP  251121P24870000,NDXP  251121P24860000,validation,False,False,0,0,0,159,0,1039,available,False,2025-11-19T09:31:00-05:00,2025-11-21T15:59:00-05:00,9.950000000000045,-6152.96,1.0,last_observed_quote_not_settlement,1037.0,363,101,6.199999999999989,1347.0400000000234,2025-11-19T09:32:00-05:00,0.0,6.300000000000011,1147.039999999978,2025-11-19T09:33:00-05:00,0.0,5.900000000000034,1947.0399999999324,2025-11-19T09:36:00-05:00,0.0,5.75,2247.040000000001,2025-11-19T09:41:00-05:00,0.0,5.5,2747.040000000001,2025-11-19T09:46:00-05:00,0.0,4.699999999999932,4347.040000000137,2025-11-19T10:01:00-05:00,0.0,3.9499999999999886,5847.040000000024,2025-11-19T10:31:00-05:00,0.0,5.699999999999989,2347.0400000000236,2025-11-19T11:31:00-05:00,0.0,6.650000000000034,447.0399999999325,2025-11-19T16:00:00-05:00,0.0,9.699999999999818,-5652.959999999637,2025-11-20T16:00:00-05:00,0.0,,,2025-11-21T15:59:00-05:00,60.0,,,,,15.0,hit,18.0,hit,47.0,hit,116.0,hit,224.0,hit,224.0,hit,3139.0,hit,132.0,hit,179.0,hit,0.0,hit,179.0,hit,208.0,hit,208.0,hit,7.0,0,True,False,False,False,,9.550000000000011,9,True,True,True,True,,9.550000000000011,9,True,True,True,True,,10.0,321,True,True,True,True,,116.0,2025-11-19T11:27:00-05:00,2.400000000000034,8947.039999999934,1441.0,2025-11-20T09:32:00-05:00,2.299999999999983,9147.040000000035,1445.0,2025-11-20T09:36:00-05:00,2.3000000000000114,9147.039999999979,117.0,2025-11-19T11:28:00-05:00,5.800000000000011,2147.039999999978,224.0,2025-11-19T13:15:00-05:00,0.75,12247.04,1465.0,2025-11-20T09:56:00-05:00,1.8500000000000085,10047.039999999985,1466.0,2025-11-20T09:57:00-05:00,1.8500000000000014,10047.039999999999,225.0,2025-11-19T13:16:00-05:00,6.199999999999989,1347.0400000000234,224.0,2025-11-19T13:15:00-05:00,0.75,12247.04,,,,,,,,,225.0,2025-11-19T13:16:00-05:00,6.199999999999989,1347.0400000000234,3139.0,2025-11-21T13:50:00-05:00,0.30000000000001137,13147.039999999979,,,,,,,,,3140.0,2025-11-21T13:51:00-05:00,9.699999999999932,-5652.9599999998645,3074
2025-11-21,2025-11-24,3,5.0,2025-11-21T09:31:00-05:00,5.0,NDXP  251124P24210000,NDXP  251124P24200000,validation,False,False,0,0,11,8,0,737,available,False,2025-11-21T09:31:00-05:00,2025-11-24T15:13:00-05:00,0.0,9747.04,47.0,last_observed_quote_not_settlement,3916.0,99,20,5.0,-252.9599999999993,2025-11-21T09:32:00-05:00,0.0,4.650000000000034,447.0399999999325,2025-11-21T09:33:00-05:00,0.0,4.599999999999966,547.0400000000689,2025-11-21T09:36:00-05:00,0.0,4.75,247.04000000000067,2025-11-21T09:41:00-05:00,0.0,5.0,-252.9599999999993,2025-11-21T09:46:00-05:00,0.0,5.300000000000011,-852.9600000000221,2025-11-21T10:01:00-05:00,0.0,6.0,-2252.959999999999,2025-11-21T10:31:00-05:00,0.0,5.100000000000023,-452.9600000000448,2025-11-21T11:31:00-05:00,0.0,1.8999999999999773,5947.040000000046,2025-11-21T16:00:00-05:00,0.0,,,2025-11-21T16:15:00-05:00,85500.0,,,2025-11-21T16:15:00-05:00,171900.0,,,2025-11-24T15:13:00-05:00,2820.0,0.0,hit,0.0,hit,147.0,hit,258.0,hit,286.0,hit,4322.0,hit,4334.0,hit,16.0,hit,33.0,hit,66.0,hit,70.0,hit,70.0,hit,99.0,hit,10.0,99,True,True,True,True,,10.0,99,True,True,True,True,,10.0,99,True,True,True,True,,10.0,99,True,True,True,True,,258.0,2025-11-21T13:49:00-05:00,2.4000000000000057,4947.039999999989,259.0,2025-11-21T13:50:00-05:00,2.5,4747.040000000001,260.0,2025-11-21T13:51:00-05:00,2.549999999999997,4647.040000000006,259.0,2025-11-21T13:50:00-05:00,2.5,4747.040000000001,389.0,2025-11-21T16:00:00-05:00,1.8999999999999773,5947.040000000046,4321.0,2025-11-24T09:32:00-05:00,1.25,7247.040000000001,4322.0,2025-11-24T09:33:00-05:00,0.9000000000000057,7947.039999999989,390.0,2025-11-21T16:01:00-05:00,4.400000000000034,947.0399999999324,4322.0,2025-11-24T09:33:00-05:00,0.9000000000000057,7947.039999999989,4323.0,2025-11-24T09:34:00-05:00,0.8499999999999979,8047.0400000000045,4324.0,2025-11-24T09:35:00-05:00,0.6999999999999993,8347.040000000003,4323.0,2025-11-24T09:34:00-05:00,0.8499999999999979,8047.0400000000045,4334.0,2025-11-24T09:45:00-05:00,0.05000000000000071,9647.04,4356.0,2025-11-24T10:07:00-05:00,0.4499999999999993,8847.040000000003,4357.0,2025-11-24T10:08:00-05:00,0.4499999999999993,8847.040000000003,4335.0,2025-11-24T09:46:00-05:00,1.0000000000000036,7747.039999999994,3075
2025-11-21,2025-11-24,3,6.0,2025-11-21T09:31:00-05:00,6.0,NDXP  251124P24460000,NDXP  251124P24450000,validation,False,False,0,0,25,4,0,756,available,False,2025-11-21T09:31:00-05:00,2025-11-24T15:28:00-05:00,0.024999999999999994,11697.04,32.0,last_observed_quote_not_settlement,3916.0,204,65,7.149999999999977,-2552.9599999999537,2025-11-21T09:32:00-05:00,0.0,5.9500000000000455,-152.96000000009025,2025-11-21T09:33:00-05:00,0.0,7.600000000000023,-3452.9600000000446,2025-11-21T09:36:00-05:00,0.0,6.699999999999932,-1652.959999999863,2025-11-21T09:41:00-05:00,0.0,6.899999999999977,-2052.9599999999537,2025-11-21T09:46:00-05:00,0.0,6.899999999999977,-2052.9599999999537,2025-11-21T10:01:00-05:00,0.0,7.75,-3752.959999999999,2025-11-21T10:31:00-05:00,0.0,7.100000000000023,-2452.9600000000446,2025-11-21T11:31:00-05:00,0.0,6.399999999999977,-1052.9599999999539,2025-11-21T16:00:00-05:00,0.0,,,2025-11-21T16:15:00-05:00,85500.0,,,2025-11-21T16:15:00-05:00,171900.0,,,2025-11-24T15:28:00-05:00,1920.0,55.0,hit,71.0,hit,71.0,hit,172.0,hit,302.0,hit,4386.0,hit,4412.0,hit,1.0,hit,1.0,hit,1.0,hit,8.0,hit,8.0,hit,8.0,hit,9.949999999999989,134,True,True,True,True,,9.949999999999989,180,True,True,True,True,,9.949999999999989,204,True,True,True,True,,9.949999999999989,204,True,True,True,True,,172.0,2025-11-21T12:23:00-05:00,2.6999999999999886,6347.040000000024,4323.0,2025-11-24T09:34:00-05:00,2.6000000000000014,6547.039999999998,4324.0,2025-11-24T09:35:00-05:00,2.25,7247.040000000001,173.0,2025-11-21T12:24:00-05:00,6.0,-252.9599999999993,302.0,2025-11-21T14:33:00-05:00,1.9000000000000057,7947.039999999989,4353.0,2025-11-24T10:04:00-05:00,1.75,8247.04,4354.0,2025-11-24T10:05:00-05:00,1.5,8747.04,303.0,2025-11-21T14:34:00-05:00,4.400000000000006,2947.0399999999895,4386.0,2025-11-24T10:37:00-05:00,0.9000000000000021,9947.039999999997,4390.0,2025-11-24T10:41:00-05:00,0.8500000000000014,10047.039999999999,4391.0,2025-11-24T10:42:00-05:00,0.75,10247.04,4387.0,2025-11-24T10:38:00-05:00,1.1500000000000021,9447.039999999997,4412.0,2025-11-24T11:03:00-05:00,0.4499999999999993,10847.040000000003,4413.0,2025-11-24T11:04:00-05:00,0.4499999999999993,10847.040000000003,4419.0,2025-11-24T11:10:00-05:00,0.34999999999999964,11047.040000000003,4413.0,2025-11-24T11:04:00-05:00,0.4499999999999993,10847.040000000003,3076
2025-11-21,2025-11-24,3,7.0,2025-11-21T09:31:00-05:00,7.0,NDXP  251124P24570000,NDXP  251124P24560000,validation,False,False,0,0,0,6,0,762,available,False,2025-11-21T09:31:00-05:00,2025-11-24T15:37:00-05:00,0.0,13747.04,23.0,last_observed_quote_not_settlement,3916.0,195,83,6.75,247.04000000000067,2025-11-21T09:32:00-05:00,0.0,7.050000000000011,-352.96000000002203,2025-11-21T09:33:00-05:00,0.0,7.699999999999989,-1652.9599999999766,2025-11-21T09:36:00-05:00,0.0,7.849999999999966,-1952.9599999999311,2025-11-21T09:41:00-05:00,0.0,7.600000000000136,-1452.9600000002722,2025-11-21T09:46:00-05:00,0.0,7.600000000000023,-1452.9600000000448,2025-11-21T10:01:00-05:00,0.0,6.5,747.0400000000006,2025-11-21T10:31:00-05:00,0.0,7.900000000000034,-2052.9600000000673,2025-11-21T11:31:00-05:00,0.0,7.300000000000068,-852.9600000001358,2025-11-21T16:00:00-05:00,0.0,,,2025-11-21T16:15:00-05:00,85500.0,,,2025-11-21T16:15:00-05:00,171900.0,,,2025-11-24T15:37:00-05:00,1380.0,261.0,hit,280.0,hit,353.0,hit,4353.0,hit,4388.0,hit,4413.0,hit,4454.0,hit,5.0,hit,7.0,hit,0.0,hit,7.0,hit,67.0,hit,67.0,hit,9.849999999999909,195,True,True,True,True,,9.849999999999909,195,True,True,True,True,,9.849999999999909,195,True,True,True,True,,9.849999999999909,195,True,True,True,True,,4353.0,2025-11-24T10:04:00-05:00,2.75,8247.04,4354.0,2025-11-24T10:05:00-05:00,2.799999999999997,8147.040000000007,4355.0,2025-11-24T10:06:00-05:00,2.3000000000000043,9147.039999999994,4354.0,2025-11-24T10:05:00-05:00,2.799999999999997,8147.040000000007,4389.0,2025-11-24T10:40:00-05:00,1.8000000000000043,10147.039999999994,4390.0,2025-11-24T10:41:00-05:00,1.8500000000000085,10047.039999999985,4391.0,2025-11-24T10:42:00-05:00,1.75,10247.04,4390.0,2025-11-24T10:41:00-05:00,1.8500000000000085,10047.039999999985,4414.0,2025-11-24T11:05:00-05:00,0.8999999999999986,11947.040000000005,4418.0,2025-11-24T11:09:00-05:00,0.8500000000000014,12047.039999999999,4419.0,2025-11-24T11:10:00-05:00,0.6999999999999993,12347.040000000003,4415.0,2025-11-24T11:06:00-05:00,1.0,11747.04,4455.0,2025-11-24T11:46:00-05:00,0.40000000000000036,12947.04,4456.0,2025-11-24T11:47:00-05:00,0.4499999999999993,12847.040000000003,4492.0,2025-11-24T12:23:00-05:00,0.40000000000000213,12947.039999999997,4456.0,2025-11-24T11:47:00-05:00,0.4499999999999993,12847.040000000003,3077
2025-11-24,2025-11-26,2,5.0,2025-11-24T09:31:00-05:00,5.0,NDXP  251126P24600000,NDXP  251126P24590000,validation,False,False,0,0,21,33,0,1088,available,False,2025-11-24T09:31:00-05:00,2025-11-26T14:37:00-05:00,0.0,9747.04,83.0,last_observed_quote_not_settlement,1036.0,1,1,5.000000000000057,-252.96000000011298,2025-11-24T09:32:00-05:00,0.0,4.5,747.0400000000006,2025-11-24T09:33:00-05:00,0.0,3.4000000000000057,2947.0399999999895,2025-11-24T09:36:00-05:00,0.0,4.5,747.0400000000006,2025-11-24T09:41:00-05:00,0.0,4.5,747.0400000000006,2025-11-24T09:46:00-05:00,0.0,2.4499999999999886,4847.040000000024,2025-11-24T10:01:00-05:00,0.0,3.9000000000000057,1947.0399999999893,2025-11-24T10:31:00-05:00,0.0,2.5999999999999943,4547.040000000012,2025-11-24T11:31:00-05:00,0.0,2.049999999999997,5647.040000000006,2025-11-24T16:00:00-05:00,0.0,0.5,8747.04,2025-11-25T16:00:00-05:00,0.0,,,2025-11-26T14:37:00-05:00,4980.0,,,,,0.0,hit,0.0,hit,5.0,hit,14.0,hit,14.0,hit,1616.0,hit,1805.0,hit,,never_hit,,never_hit,,never_hit,,never_hit,,never_hit,,never_hit,5.000000000000057,1,False,False,False,False,,5.000000000000057,1,False,False,False,False,,5.000000000000057,1,False,False,False,False,,5.000000000000057,1,False,False,False,False,,14.0,2025-11-24T09:45:00-05:00,1.25,7247.040000000001,96.0,2025-11-24T11:07:00-05:00,2.900000000000034,3947.0399999999327,97.0,2025-11-24T11:08:00-05:00,2.8499999999999943,4047.040000000012,15.0,2025-11-24T09:46:00-05:00,4.5,747.0400000000006,14.0,2025-11-24T09:45:00-05:00,1.25,7247.040000000001,276.0,2025-11-24T14:07:00-05:00,1.8999999999999915,5947.040000000018,277.0,2025-11-24T14:08:00-05:00,1.799999999999983,6147.0400000000345,15.0,2025-11-24T09:46:00-05:00,4.5,747.0400000000006,1621.0,2025-11-25T12:32:00-05:00,0.8999999999999986,7947.040000000004,1624.0,2025-11-25T12:35:00-05:00,0.8999999999999986,7947.040000000004,1625.0,2025-11-25T12:36:00-05:00,0.8999999999999986,7947.040000000004,1622.0,2025-11-25T12:33:00-05:00,1.0499999999999972,7647.040000000006,1806.0,2025-11-25T15:37:00-05:00,0.4499999999999993,8847.040000000003,2881.0,2025-11-26T09:32:00-05:00,0.3500000000000001,9047.04,2882.0,2025-11-26T09:33:00-05:00,0.07500000000000018,9597.04,1807.0,2025-11-25T15:38:00-05:00,0.5,8747.04,3078
2025-11-24,2025-11-26,2,6.0,2025-11-24T09:31:00-05:00,6.0,NDXP  251126P24730000,NDXP  251126P24720000,validation,False,False,0,0,2,3,0,1143,available,False,2025-11-24T09:31:00-05:00,2025-11-26T15:06:00-05:00,0.0,11747.04,54.0,last_observed_quote_not_settlement,1036.0,4,8,5.899999999999977,-52.959999999953816,2025-11-24T09:32:00-05:00,0.0,5.25,1247.0400000000006,2025-11-24T09:33:00-05:00,0.0,4.550000000000011,2647.039999999978,2025-11-24T09:36:00-05:00,0.0,5.5,747.0400000000006,2025-11-24T09:41:00-05:00,0.0,5.2999999999999545,1147.0400000000916,2025-11-24T09:46:00-05:00,0.0,1.7000000000000455,8347.03999999991,2025-11-24T10:01:00-05:00,0.0,3.3499999999999943,5047.040000000012,2025-11-24T10:31:00-05:00,0.0,3.4999999999999716,4747.040000000057,2025-11-24T11:31:00-05:00,0.0,2.75,6247.040000000001,2025-11-24T16:00:00-05:00,0.0,1.2000000000000028,9347.039999999995,2025-11-25T16:00:00-05:00,0.0,,,2025-11-26T15:06:00-05:00,3240.0,,,,,2.0,hit,4.0,hit,30.0,hit,30.0,hit,30.0,hit,32.0,hit,2880.0,hit,1457.0,hit,1502.0,hit,1502.0,hit,1502.0,hit,,never_hit,,never_hit,6.400000000000034,2,False,False,False,False,,6.400000000000034,2,False,False,False,False,,6.400000000000034,2,False,False,False,False,,8.150000000000006,4,True,True,False,False,,30.0,2025-11-24T10:01:00-05:00,1.7000000000000455,8347.03999999991,216.0,2025-11-24T13:07:00-05:00,2.799999999999997,6147.040000000006,222.0,2025-11-24T13:13:00-05:00,2.8499999999999943,6047.040000000012,31.0,2025-11-24T10:02:00-05:00,4.800000000000011,2147.039999999978,30.0,2025-11-24T10:01:00-05:00,1.7000000000000455,8347.03999999991,1613.0,2025-11-25T12:24:00-05:00,1.9000000000000057,7947.039999999989,1614.0,2025-11-25T12:25:00-05:00,1.8000000000000043,8147.039999999993,31.0,2025-11-24T10:02:00-05:00,4.800000000000011,2147.039999999978,32.0,2025-11-24T10:03:00-05:00,0.9000000000000057,9947.03999999999,1819.0,2025-11-25T15:50:00-05:00,0.8500000000000014,10047.039999999999,1820.0,2025-11-25T15:51:00-05:00,0.9000000000000021,9947.039999999997,33.0,2025-11-24T10:04:00-05:00,4.549999999999983,2647.040000000035,2880.0,2025-11-26T09:31:00-05:00,0.40000000000000036,10947.04,2881.0,2025-11-26T09:32:00-05:00,0.2999999999999998,11147.040000000003,2882.0,2025-11-26T09:33:00-05:00,0.3000000000000007,11147.04,2881.0,2025-11-26T09:32:00-05:00,0.2999999999999998,11147.040000000003,3079
2025-11-24,2025-11-26,2,7.0,2025-11-24T09:31:00-05:00,7.0499999999999545,NDXP  251126P24870000,NDXP  251126P24860000,validation,False,False,0,0,1,1,0,1152,available,False,2025-11-24T09:31:00-05:00,2025-11-26T15:13:00-05:00,0.0,13847.03999999991,47.0,last_observed_quote_not_settlement,1036.0,12,18,6.25,1347.0399999999097,2025-11-24T09:32:00-05:00,0.0,6.650000000000034,547.0399999998415,2025-11-24T09:33:00-05:00,0.0,5.699999999999989,2447.0399999999327,2025-11-24T09:36:00-05:00,0.0,6.599999999999966,647.0399999999779,2025-11-24T09:41:00-05:00,0.0,7.050000000000011,-252.96000000011298,2025-11-24T09:46:00-05:00,0.0,6.050000000000011,1747.039999999887,2025-11-24T10:01:00-05:00,0.0,5.399999999999977,3047.0399999999554,2025-11-24T10:31:00-05:00,0.0,4.400000000000006,5047.039999999898,2025-11-24T11:31:00-05:00,0.0,4.900000000000006,4047.039999999898,2025-11-24T16:00:00-05:00,0.0,2.0,9847.03999999991,2025-11-25T16:00:00-05:00,0.0,,,2025-11-26T15:13:00-05:00,2820.0,,,,,34.0,hit,35.0,hit,35.0,hit,135.0,hit,135.0,hit,2880.0,hit,2900.0,hit,23.0,hit,1507.0,hit,0.0,hit,1507.0,hit,1507.0,hit,1507.0,hit,7.649999999999977,3,True,False,False,False,,7.649999999999977,3,True,False,False,False,,9.75,12,True,True,True,True,,9.75,12,True,True,True,True,,135.0,2025-11-24T11:46:00-05:00,1.5999999999999943,10647.039999999923,1624.0,2025-11-25T12:35:00-05:00,2.75,8347.03999999991,1625.0,2025-11-25T12:36:00-05:00,2.8499999999999943,8147.039999999922,136.0,2025-11-24T11:47:00-05:00,4.5,4847.03999999991,135.0,2025-11-24T11:46:00-05:00,1.5999999999999943,10647.039999999923,1820.0,2025-11-25T15:51:00-05:00,1.8000000000000043,10247.039999999903,1821.0,2025-11-25T15:52:00-05:00,1.7999999999999972,10247.039999999917,136.0,2025-11-24T11:47:00-05:00,4.5,4847.03999999991,2880.0,2025-11-26T09:31:00-05:00,0.7000000000000011,12447.039999999908,2881.0,2025-11-26T09:32:00-05:00,0.75,12347.03999999991,2882.0,2025-11-26T09:33:00-05:00,0.6000000000000014,12647.039999999908,2881.0,2025-11-26T09:32:00-05:00,0.75,12347.03999999991,2944.0,2025-11-26T10:35:00-05:00,0.4499999999999993,12947.039999999912,2945.0,2025-11-26T10:36:00-05:00,0.3500000000000014,13147.039999999908,2946.0,2025-11-26T10:37:00-05:00,0.35000000000000053,13147.03999999991,2945.0,2025-11-26T10:36:00-05:00,0.3500000000000014,13147.039999999908,3080
2025-11-25,2025-11-28,3,5.0,2025-11-25T09:31:00-05:00,5.0,NDXP  251128P24850000,NDXP  251128P24840000,validation,False,False,0,0,50,0,0,814,available,False,2025-11-25T09:31:00-05:00,2025-11-28T11:45:00-05:00,0.024999999999999967,9697.04,255.0,last_observed_quote_not_settlement,2581.0,80,22,4.950000000000017,-152.9600000000334,2025-11-25T09:32:00-05:00,0.0,5.100000000000023,-452.9600000000448,2025-11-25T09:33:00-05:00,0.0,5.049999999999983,-352.9599999999652,2025-11-25T09:36:00-05:00,0.0,5.5,-1252.9599999999994,2025-11-25T09:41:00-05:00,0.0,6.25,-2752.959999999999,2025-11-25T09:46:00-05:00,0.0,5.449999999999989,-1152.9599999999766,2025-11-25T10:01:00-05:00,0.0,4.949999999999989,-152.95999999997656,2025-11-25T10:31:00-05:00,0.0,4.75,247.04000000000067,2025-11-25T11:31:00-05:00,0.0,2.3499999999999943,5047.040000000012,2025-11-25T16:00:00-05:00,0.0,0.5,8747.04,2025-11-26T16:00:00-05:00,0.0,,,2025-11-26T16:15:00-05:00,85500.0,,,2025-11-28T11:45:00-05:00,15300.0,0.0,hit,0.0,hit,143.0,hit,174.0,hit,382.0,hit,1442.0,hit,1551.0,hit,10.0,hit,12.0,hit,16.0,hit,19.0,hit,,never_hit,,never_hit,8.25,80,True,True,False,False,,8.25,80,True,True,False,False,,8.25,80,True,True,False,False,,8.25,80,True,True,False,False,,184.0,2025-11-25T12:35:00-05:00,2.8499999999999943,4047.040000000012,185.0,2025-11-25T12:36:00-05:00,2.799999999999997,4147.040000000006,189.0,2025-11-25T12:40:00-05:00,2.6500000000000057,4447.039999999989,185.0,2025-11-25T12:36:00-05:00,2.799999999999997,4147.040000000006,1440.0,2025-11-26T09:31:00-05:00,1.1999999999999957,7347.040000000009,1441.0,2025-11-26T09:32:00-05:00,1.5500000000000043,6647.039999999992,1442.0,2025-11-26T09:33:00-05:00,0.9500000000000028,7847.039999999995,1441.0,2025-11-26T09:32:00-05:00,1.5500000000000043,6647.039999999992,1460.0,2025-11-26T09:51:00-05:00,0.9499999999999957,7847.040000000009,1505.0,2025-11-26T10:36:00-05:00,0.9499999999999993,7847.040000000002,1510.0,2025-11-26T10:41:00-05:00,0.8499999999999979,8047.0400000000045,1461.0,2025-11-26T09:52:00-05:00,1.0,7747.040000000001,1561.0,2025-11-26T11:32:00-05:00,0.4499999999999993,8847.040000000003,1568.0,2025-11-26T11:39:00-05:00,0.4499999999999993,8847.040000000003,1569.0,2025-11-26T11:40:00-05:00,0.40000000000000036,8947.04,1562.0,2025-11-26T11:33:00-05:00,0.5,8747.04,3081
2025-11-25,2025-11-28,3,6.0,2025-11-25T09:31:00-05:00,5.900000000000034,NDXP  251128P24910000,NDXP  251128P24900000,validation,False,False,0,0,55,2,0,848,available,False,2025-11-25T09:31:00-05:00,2025-11-28T11:45:00-05:00,0.025000000000000022,11497.04000000007,255.0,last_observed_quote_not_settlement,2484.0,53,46,5.599999999999966,347.0400000001371,2025-11-25T09:32:00-05:00,0.0,4.799999999999983,1947.040000000103,2025-11-25T09:33:00-05:00,0.0,4.949999999999989,1647.0400000000916,2025-11-25T09:36:00-05:00,0.0,5.25,1047.0400000000689,2025-11-25T09:41:00-05:00,0.0,6.649999999999977,-1752.9599999998857,2025-11-25T09:46:00-05:00,0.0,6.0,-452.9599999999311,2025-11-25T10:01:00-05:00,0.0,5.699999999999989,147.04000000009165,2025-11-25T10:31:00-05:00,0.0,5.350000000000023,847.0400000000234,2025-11-25T11:31:00-05:00,0.0,3.0,5547.040000000069,2025-11-25T16:00:00-05:00,0.0,0.6999999999999993,10147.040000000072,2025-11-26T16:00:00-05:00,0.0,,,2025-11-26T16:15:00-05:00,85500.0,,,2025-11-28T11:45:00-05:00,15300.0,2.0,hit,2.0,hit,91.0,hit,188.0,hit,381.0,hit,1527.0,hit,1573.0,hit,13.0,hit,20.0,hit,20.0,hit,62.0,hit,62.0,hit,,never_hit,9.449999999999989,53,True,True,True,True,,9.449999999999989,53,True,True,True,True,,9.449999999999989,53,True,True,True,True,,9.449999999999989,53,True,True,True,True,,365.0,2025-11-25T15:36:00-05:00,2.6999999999999886,6147.040000000092,366.0,2025-11-25T15:37:00-05:00,2.8999999999999915,5747.040000000086,367.0,2025-11-25T15:38:00-05:00,2.9000000000000057,5747.040000000057,366.0,2025-11-25T15:37:00-05:00,2.8999999999999915,5747.040000000086,381.0,2025-11-25T15:52:00-05:00,1.8999999999999915,7747.040000000086,1441.0,2025-11-26T09:32:00-05:00,1.7000000000000028,8147.040000000064,1442.0,2025-11-26T09:33:00-05:00,1.3500000000000085,8847.040000000054,382.0,2025-11-25T15:53:00-05:00,2.5999999999999943,6347.04000000008,1528.0,2025-11-26T10:59:00-05:00,0.9499999999999993,9647.040000000072,1529.0,2025-11-26T11:00:00-05:00,0.9499999999999993,9647.040000000072,1530.0,2025-11-26T11:01:00-05:00,0.8500000000000014,9847.040000000066,1529.0,2025-11-26T11:00:00-05:00,0.9499999999999993,9647.040000000072,1590.0,2025-11-26T12:01:00-05:00,0.40000000000000036,10747.04000000007,1737.0,2025-11-26T14:28:00-05:00,0.34999999999999964,10847.04000000007,1738.0,2025-11-26T14:29:00-05:00,0.3999999999999986,10747.040000000072,1591.0,2025-11-26T12:02:00-05:00,0.5999999999999979,10347.040000000074,3082
2025-11-25,2025-11-28,3,7.0,2025-11-25T09:31:00-05:00,7.0499999999999545,NDXP  251128P25050000,NDXP  251128P25040000,validation,False,False,0,0,17,10,0,954,available,False,2025-11-25T09:31:00-05:00,2025-11-28T12:25:00-05:00,0.04999999999999999,13747.039999999912,215.0,last_observed_quote_not_settlement,2482.0,92,30,6.650000000000034,547.0399999998415,2025-11-25T09:32:00-05:00,0.0,6.75,347.03999999990975,2025-11-25T09:33:00-05:00,0.0,5.149999999999977,3547.0399999999554,2025-11-25T09:36:00-05:00,0.0,7.25,-652.9600000000903,2025-11-25T09:41:00-05:00,0.0,7.749999999999943,-1652.9599999999766,2025-11-25T09:46:00-05:00,0.0,6.9500000000000455,-52.96000000018119,2025-11-25T10:01:00-05:00,0.0,7.0,-152.96000000009025,2025-11-25T10:31:00-05:00,0.0,8.950000000000045,-4052.960000000183,2025-11-25T11:31:00-05:00,0.0,4.549999999999983,4747.039999999944,2025-11-25T16:00:00-05:00,0.0,1.6000000000000014,10647.039999999908,2025-11-26T16:00:00-05:00,0.0,,,2025-11-26T16:15:00-05:00,85500.0,,,2025-11-28T12:25:00-05:00,12900.0,5.0,hit,172.0,hit,172.0,hit,1440.0,hit,1530.0,hit,1581.0,hit,4326.0,hit,13.0,hit,19.0,hit,0.0,hit,13.0,hit,135.0,hit,135.0,hit,9.550000000000011,92,True,True,True,True,,9.550000000000011,92,True,True,True,True,,9.550000000000011,92,True,True,True,True,,9.550000000000011,92,True,True,True,True,,1440.0,2025-11-26T09:31:00-05:00,2.549999999999997,8747.039999999917,1441.0,2025-11-26T09:32:00-05:00,2.799999999999997,8247.039999999917,1442.0,2025-11-26T09:33:00-05:00,2.249999999999993,9347.039999999924,1441.0,2025-11-26T09:32:00-05:00,2.799999999999997,8247.039999999917,1532.0,2025-11-26T11:03:00-05:00,1.8500000000000014,10147.039999999908,1533.0,2025-11-26T11:04:00-05:00,1.9499999999999957,9947.039999999919,1534.0,2025-11-26T11:05:00-05:00,1.75,10347.03999999991,1533.0,2025-11-26T11:04:00-05:00,1.9499999999999957,9947.039999999919,1581.0,2025-11-26T11:52:00-05:00,0.5000000000000036,12847.039999999903,4327.0,2025-11-28T09:38:00-05:00,0.125,13597.03999999991,4328.0,2025-11-28T09:39:00-05:00,0.15000000000000036,13547.03999999991,1582.0,2025-11-26T11:53:00-05:00,1.1500000000000021,11547.039999999906,4326.0,2025-11-28T09:37:00-05:00,0.09999999999999787,13647.039999999915,4327.0,2025-11-28T09:38:00-05:00,0.125,13597.03999999991,4328.0,2025-11-28T09:39:00-05:00,0.15000000000000036,13547.03999999991,4327.0,2025-11-28T09:38:00-05:00,0.125,13597.03999999991,3083
2025-11-26,2025-11-28,2,5.0,2025-11-26T09:31:00-05:00,5.0,NDXP  251128P25240000,NDXP  251128P25230000,validation,False,False,0,0,8,3,0,592,available,False,2025-11-26T09:31:00-05:00,2025-11-28T12:48:00-05:00,0.175,9397.040000000003,192.0,last_observed_quote_not_settlement,2476.0,81,12,5.450000000000017,-1152.9600000000335,2025-11-26T09:32:00-05:00,0.0,2.3499999999999943,5047.040000000012,2025-11-26T09:33:00-05:00,0.0,5.249999999999972,-752.9599999999425,2025-11-26T09:36:00-05:00,0.0,5.400000000000034,-1052.9600000000676,2025-11-26T09:41:00-05:00,0.0,5.099999999999994,-452.95999999998793,2025-11-26T09:46:00-05:00,0.0,6.799999999999983,-3852.959999999965,2025-11-26T10:01:00-05:00,0.0,6.349999999999994,-2952.9599999999878,2025-11-26T10:31:00-05:00,0.0,4.0,1747.0400000000006,2025-11-26T11:31:00-05:00,0.0,4.5,747.0400000000006,2025-11-26T16:00:00-05:00,0.0,,,2025-11-26T16:15:00-05:00,85500.0,,,2025-11-28T12:48:00-05:00,11520.0,,,,,0.0,hit,0.0,hit,2.0,hit,2.0,hit,141.0,hit,2895.0,hit,2927.0,hit,7.0,hit,26.0,hit,2897.0,hit,2897.0,hit,2897.0,hit,2897.0,hit,5.450000000000017,1,False,False,False,False,,6.800000000000011,80,False,False,False,False,,6.800000000000011,80,False,False,False,False,,9.899999999999999,81,True,True,True,True,,2.0,2025-11-26T09:33:00-05:00,2.3499999999999943,5047.040000000012,2887.0,2025-11-28T09:38:00-05:00,2.650000000000002,4447.039999999996,2888.0,2025-11-28T09:39:00-05:00,2.6000000000000014,4547.039999999998,3.0,2025-11-26T09:34:00-05:00,5.050000000000011,-352.96000000002203,141.0,2025-11-26T11:52:00-05:00,1.8500000000000085,6047.039999999984,2930.0,2025-11-28T10:21:00-05:00,1.0,7747.040000000001,2931.0,2025-11-28T10:22:00-05:00,1.75,6247.040000000001,142.0,2025-11-26T11:53:00-05:00,3.3000000000000114,3147.039999999978,2898.0,2025-11-28T09:49:00-05:00,0.6000000000000014,8547.039999999999,2974.0,2025-11-28T11:05:00-05:00,0.7999999999999998,8147.040000000002,2975.0,2025-11-28T11:06:00-05:00,0.8000000000000007,8147.04,,,,,2927.0,2025-11-28T10:18:00-05:00,0.0,9747.04,3014.0,2025-11-28T11:45:00-05:00,0.4499999999999993,8847.040000000003,3023.0,2025-11-28T11:54:00-05:00,0.375,8997.04,,,,,3084
2025-11-26,2025-11-28,2,6.0,2025-11-26T09:31:00-05:00,6.0,NDXP  251128P25280000,NDXP  251128P25270000,validation,False,False,0,0,5,0,0,600,available,False,2025-11-26T09:31:00-05:00,2025-11-28T12:58:00-05:00,0.0,11747.04,182.0,last_observed_quote_not_settlement,2476.0,60,30,5.999999999999972,-252.95999999994245,2025-11-26T09:32:00-05:00,0.0,5.0,1747.0400000000006,2025-11-26T09:33:00-05:00,0.0,6.050000000000011,-352.96000000002203,2025-11-26T09:36:00-05:00,0.0,6.299999999999983,-852.9599999999652,2025-11-26T09:41:00-05:00,0.0,5.849999999999994,47.04000000001208,2025-11-26T09:46:00-05:00,0.0,7.199999999999989,-2652.9599999999764,2025-11-26T10:01:00-05:00,0.0,7.25,-2752.959999999999,2025-11-26T10:31:00-05:00,0.0,4.5,2747.040000000001,2025-11-26T11:31:00-05:00,0.0,5.25,1247.0400000000006,2025-11-26T16:00:00-05:00,0.0,,,2025-11-26T16:15:00-05:00,85500.0,,,2025-11-28T12:58:00-05:00,10920.0,,,,,2.0,hit,2.0,hit,24.0,hit,2887.0,hit,2900.0,hit,2921.0,hit,2921.0,hit,7.0,hit,30.0,hit,30.0,hit,42.0,hit,,never_hit,,never_hit,8.350000000000009,59,True,True,False,False,,8.350000000000009,59,True,True,False,False,,8.350000000000009,59,True,True,False,False,,8.350000000000009,59,True,True,False,False,,2887.0,2025-11-28T09:38:00-05:00,2.6999999999999957,6347.040000000009,2901.0,2025-11-28T09:52:00-05:00,2.3500000000000014,7047.039999999998,2902.0,2025-11-28T09:53:00-05:00,2.3500000000000014,7047.039999999998,2888.0,2025-11-28T09:39:00-05:00,3.8999999999999986,3947.0400000000036,2900.0,2025-11-28T09:51:00-05:00,1.5,8747.04,2919.0,2025-11-28T10:10:00-05:00,1.2999999999999972,9147.040000000008,2920.0,2025-11-28T10:11:00-05:00,1.8999999999999915,7947.040000000018,2901.0,2025-11-28T09:52:00-05:00,2.3500000000000014,7047.039999999998,2921.0,2025-11-28T10:12:00-05:00,0.3500000000000014,11047.039999999999,2984.0,2025-11-28T11:15:00-05:00,0.9499999999999993,9847.040000000003,2985.0,2025-11-28T11:16:00-05:00,0.9000000000000004,9947.04,2922.0,2025-11-28T10:13:00-05:00,1.7000000000000028,8347.039999999995,2921.0,2025-11-28T10:12:00-05:00,0.3500000000000014,11047.039999999999,3079.0,2025-11-28T12:50:00-05:00,0.4,10947.04,3080.0,2025-11-28T12:51:00-05:00,0.09999999999999998,11547.04,2922.0,2025-11-28T10:13:00-05:00,1.7000000000000028,8347.039999999995,3085
2025-11-26,2025-11-28,2,7.0,2025-11-26T09:31:00-05:00,6.949999999999989,NDXP  251128P25310000,NDXP  251128P25300000,validation,False,False,0,0,5,1,0,604,available,False,2025-11-26T09:31:00-05:00,2025-11-28T12:56:00-05:00,0.07500000000000001,13497.039999999979,184.0,last_observed_quote_not_settlement,2475.0,41,30,6.5,647.0399999999779,2025-11-26T09:32:00-05:00,0.0,6.050000000000011,1547.0399999999552,2025-11-26T09:33:00-05:00,0.0,6.399999999999977,847.0400000000234,2025-11-26T09:36:00-05:00,0.0,8.0,-2352.9600000000237,2025-11-26T09:41:00-05:00,0.0,6.149999999999977,1347.0400000000234,2025-11-26T09:46:00-05:00,0.0,7.850000000000023,-2052.9600000000673,2025-11-26T10:01:00-05:00,0.0,7.399999999999977,-1152.9599999999766,2025-11-26T10:31:00-05:00,0.0,5.299999999999997,3047.0399999999836,2025-11-26T11:31:00-05:00,0.0,6.0,1647.039999999978,2025-11-26T16:00:00-05:00,0.0,,,2025-11-26T16:16:00-05:00,85440.0,,,2025-11-28T12:56:00-05:00,11040.0,,,,,18.0,hit,71.0,hit,150.0,hit,2886.0,hit,2917.0,hit,3080.0,hit,3080.0,hit,10.0,hit,10.0,hit,8.0,hit,10.0,hit,59.0,hit,2897.0,hit,9.400000000000006,40,True,True,True,True,,9.900000000000006,41,True,True,True,True,,9.900000000000006,41,True,True,True,True,,9.900000000000006,41,True,True,True,True,,2917.0,2025-11-28T10:08:00-05:00,1.8000000000000043,10047.03999999997,2918.0,2025-11-28T10:09:00-05:00,2.200000000000003,9247.039999999974,2964.0,2025-11-28T10:55:00-05:00,2.9499999999999993,7747.039999999979,2918.0,2025-11-28T10:09:00-05:00,2.200000000000003,9247.039999999974,2917.0,2025-11-28T10:08:00-05:00,1.8000000000000043,10047.03999999997,2980.0,2025-11-28T11:11:00-05:00,1.8000000000000007,10047.039999999977,2981.0,2025-11-28T11:12:00-05:00,1.75,10147.039999999979,2918.0,2025-11-28T10:09:00-05:00,2.200000000000003,9247.039999999974,3080.0,2025-11-28T12:51:00-05:00,0.4249999999999998,12797.039999999979,3081.0,2025-11-28T12:52:00-05:00,0.32499999999999984,12997.039999999979,3082.0,2025-11-28T12:53:00-05:00,0.09999999999999998,13447.039999999977,3081.0,2025-11-28T12:52:00-05:00,0.32499999999999984,12997.039999999979,3080.0,2025-11-28T12:51:00-05:00,0.4249999999999998,12797.039999999979,3081.0,2025-11-28T12:52:00-05:00,0.32499999999999984,12997.039999999979,3082.0,2025-11-28T12:53:00-05:00,0.09999999999999998,13447.039999999977,3081.0,2025-11-28T12:52:00-05:00,0.32499999999999984,12997.039999999979,3086
2025-11-28,2025-12-01,3,5.0,2025-11-28T09:31:00-05:00,5.0,NDXP  251201P25350000,NDXP  251201P25340000,validation,False,False,0,0,0,2,0,606,available,False,2025-11-28T09:31:00-05:00,2025-12-01T15:59:00-05:00,9.100000000000001,-8452.960000000003,1.0,last_observed_quote_not_settlement,4096.0,150,54,4.900000000000006,-52.96000000001066,2025-11-28T09:32:00-05:00,0.0,,,2025-11-28T09:32:00-05:00,60.0,,,2025-11-28T09:32:00-05:00,240.0,5.5,-1252.9599999999994,2025-11-28T09:41:00-05:00,0.0,5.400000000000006,-1052.9600000000107,2025-11-28T09:46:00-05:00,0.0,5.0,-252.9599999999993,2025-11-28T10:01:00-05:00,0.0,5.049999999999983,-352.9599999999652,2025-11-28T10:31:00-05:00,0.0,4.75,247.04000000000067,2025-11-28T11:31:00-05:00,0.0,,,2025-11-28T13:15:00-05:00,9900.0,,,2025-11-28T13:15:00-05:00,96300.0,,,2025-11-28T13:15:00-05:00,182700.0,,,2025-12-01T15:59:00-05:00,60.0,0.0,hit,0.0,hit,20.0,hit,210.0,hit,4505.0,hit,4566.0,hit,,never_hit,10.0,hit,34.0,hit,34.0,hit,4333.0,hit,4336.0,hit,,never_hit,7.650000000000006,19,True,False,False,False,,9.050000000000011,115,True,True,True,True,,9.050000000000011,115,True,True,True,True,,,,True,True,True,False,4.449999999999999,212.0,2025-11-28T13:03:00-05:00,2.8499999999999943,4047.040000000012,213.0,2025-11-28T13:04:00-05:00,2.6000000000000085,4547.039999999984,4458.0,2025-12-01T11:49:00-05:00,2.8500000000000014,4047.039999999998,213.0,2025-11-28T13:04:00-05:00,2.6000000000000085,4547.039999999984,4506.0,2025-12-01T12:37:00-05:00,1.6999999999999993,6347.040000000002,4507.0,2025-12-01T12:38:00-05:00,1.8000000000000007,6147.039999999999,4512.0,2025-12-01T12:43:00-05:00,1.6500000000000004,6447.04,4507.0,2025-12-01T12:38:00-05:00,1.8000000000000007,6147.039999999999,4576.0,2025-12-01T13:47:00-05:00,0.8999999999999995,7947.040000000002,4577.0,2025-12-01T13:48:00-05:00,0.8499999999999996,8047.040000000002,4582.0,2025-12-01T13:53:00-05:00,0.75,8247.04,4577.0,2025-12-01T13:48:00-05:00,0.8499999999999996,8047.040000000002,,,,,,,,,,,,,,,,,3087
2025-11-28,2025-12-01,3,6.0,2025-11-28T09:31:00-05:00,6.0,NDXP  251201P25410000,NDXP  251201P25400000,validation,False,False,0,0,3,13,0,592,available,False,2025-11-28T09:31:00-05:00,2025-12-01T16:00:00-05:00,10.0,-8152.96,0.0,last_observed_quote_not_settlement,4096.0,206,48,6.900000000000006,-2052.9600000000105,2025-11-28T09:32:00-05:00,0.0,,,2025-11-28T09:32:00-05:00,60.0,,,2025-11-28T09:32:00-05:00,240.0,6.099999999999994,-452.95999999998793,2025-11-28T09:41:00-05:00,0.0,6.0,-252.9599999999993,2025-11-28T09:46:00-05:00,0.0,,,2025-11-28T10:00:00-05:00,60.0,5.899999999999977,-52.959999999953816,2025-11-28T10:31:00-05:00,0.0,5.700000000000017,347.0399999999666,2025-11-28T11:31:00-05:00,0.0,,,2025-11-28T13:15:00-05:00,9900.0,,,2025-11-28T13:15:00-05:00,96300.0,,,2025-11-28T13:15:00-05:00,182700.0,10.0,-8152.96,2025-12-01T16:00:00-05:00,0.0,6.0,hit,37.0,hit,37.0,hit,4515.0,hit,,never_hit,,never_hit,,never_hit,1.0,hit,40.0,hit,40.0,hit,4321.0,hit,4336.0,hit,4336.0,hit,9.850000000000023,128,True,True,True,True,,,,True,True,True,False,3.8000000000000007,,,True,True,True,False,3.8000000000000007,,,True,True,True,False,3.8000000000000007,4515.0,2025-12-01T12:46:00-05:00,2.9499999999999993,5847.040000000002,4583.0,2025-12-01T13:54:00-05:00,2.8000000000000007,6147.039999999999,4584.0,2025-12-01T13:55:00-05:00,2.8999999999999986,5947.040000000004,4516.0,2025-12-01T12:47:00-05:00,3.200000000000003,5347.039999999995,,,,,,,,,,,,,,,,,,,,,,,,,,,,,,,,,,,,,,,,,,,,,,,,,3088
2025-11-28,2025-12-01,3,7.0,2025-11-28T09:31:00-05:00,7.100000000000023,NDXP  251201P25500000,NDXP  251201P25490000,validation,False,False,0,0,1,61,0,543,available,False,2025-11-28T09:31:00-05:00,2025-12-01T15:59:00-05:00,10.0,-5952.959999999955,1.0,last_observed_quote_not_settlement,4096.0,371,75,7.299999999999983,-652.9599999999198,2025-11-28T09:32:00-05:00,0.0,,,2025-11-28T09:32:00-05:00,60.0,,,2025-11-28T09:32:00-05:00,240.0,6.699999999999989,547.0400000000689,2025-11-28T09:41:00-05:00,0.0,7.0,-52.959999999953816,2025-11-28T09:46:00-05:00,0.0,,,2025-11-28T10:00:00-05:00,60.0,6.849999999999994,247.04000000005752,2025-11-28T10:31:00-05:00,0.0,7.850000000000023,-1752.9599999999994,2025-11-28T11:31:00-05:00,0.0,,,2025-11-28T13:15:00-05:00,9900.0,,,2025-11-28T13:15:00-05:00,96300.0,,,2025-11-28T13:15:00-05:00,182700.0,,,2025-12-01T15:59:00-05:00,60.0,23.0,hit,29.0,hit,29.0,hit,38.0,hit,38.0,hit,,never_hit,,never_hit,17.0,hit,20.0,hit,0.0,hit,20.0,hit,20.0,hit,31.0,hit,9.599999999999994,6,True,True,True,True,,9.599999999999994,6,True,True,True,True,,,,True,True,True,False,5.750000000000028,,,True,True,True,False,5.750000000000028,38.0,2025-11-28T10:09:00-05:00,1.7499999999999716,10447.040000000105,39.0,2025-11-28T10:10:00-05:00,1.3499999999999943,11247.040000000059,,,,,39.0,2025-11-28T10:10:00-05:00,1.3499999999999943,11247.040000000059,38.0,2025-11-28T10:09:00-05:00,1.7499999999999716,10447.040000000105,39.0,2025-11-28T10:10:00-05:00,1.3499999999999943,11247.040000000059,,,,,39.0,2025-11-28T10:10:00-05:00,1.3499999999999943,11247.040000000059,,,,,,,,,,,,,,,,,,,,,,,,,,,,,,,,,3089
2025-12-01,2025-12-03,2,5.0,2025-12-01T09:31:00-05:00,5.050000000000011,NDXP  251203P25290000,NDXP  251203P25280000,validation,False,False,0,0,5,15,0,1159,available,False,2025-12-01T09:31:00-05:00,2025-12-03T15:35:00-05:00,0.024999999999999994,9797.040000000023,25.0,last_observed_quote_not_settlement,1036.0,6,6,5.150000000000006,-452.95999999998793,2025-12-01T09:32:00-05:00,0.0,4.950000000000017,-52.96000000001066,2025-12-01T09:33:00-05:00,0.0,4.900000000000006,47.04000000001208,2025-12-01T09:36:00-05:00,0.0,5.249999999999972,-652.9599999999198,2025-12-01T09:41:00-05:00,0.0,4.949999999999989,-52.959999999953816,2025-12-01T09:46:00-05:00,0.0,4.050000000000011,1747.0400000000006,2025-12-01T10:01:00-05:00,0.0,4.950000000000017,-52.96000000001066,2025-12-01T10:31:00-05:00,0.0,3.8000000000000114,2247.040000000001,2025-12-01T11:31:00-05:00,0.0,3.8500000000000085,2147.0400000000063,2025-12-01T16:00:00-05:00,0.0,1.0,7847.040000000024,2025-12-02T16:00:00-05:00,0.0,,,2025-12-03T15:35:00-05:00,1500.0,,,,,0.0,hit,2.0,hit,27.0,hit,63.0,hit,63.0,hit,63.0,hit,2947.0,hit,13.0,hit,13.0,hit,13.0,hit,13.0,hit,,never_hit,,never_hit,8.450000000000017,6,True,True,False,False,,8.450000000000017,6,True,True,False,False,,8.450000000000017,6,True,True,False,False,,8.450000000000017,6,True,True,False,False,,63.0,2025-12-01T10:34:00-05:00,0.5500000000000114,8747.04,192.0,2025-12-01T12:43:00-05:00,2.8999999999999915,4047.040000000041,196.0,2025-12-01T12:47:00-05:00,2.6999999999999886,4447.040000000046,64.0,2025-12-01T10:35:00-05:00,5.0,-152.95999999997656,63.0,2025-12-01T10:34:00-05:00,0.5500000000000114,8747.04,1447.0,2025-12-02T09:38:00-05:00,1.7000000000000028,6447.040000000018,1448.0,2025-12-02T09:39:00-05:00,1.75,6347.040000000024,64.0,2025-12-01T10:35:00-05:00,5.0,-152.95999999997656,63.0,2025-12-01T10:34:00-05:00,0.5500000000000114,8747.04,1763.0,2025-12-02T14:54:00-05:00,0.9499999999999957,7947.040000000032,1764.0,2025-12-02T14:55:00-05:00,0.8999999999999986,8047.040000000026,64.0,2025-12-01T10:35:00-05:00,5.0,-152.95999999997656,3000.0,2025-12-03T11:31:00-05:00,0.4499999999999993,8947.040000000026,3001.0,2025-12-03T11:32:00-05:00,0.39999999999999947,9047.040000000025,3002.0,2025-12-03T11:33:00-05:00,0.39999999999999947,9047.040000000025,3001.0,2025-12-03T11:32:00-05:00,0.39999999999999947,9047.040000000025,3090
2025-12-01,2025-12-03,2,6.0,2025-12-01T09:31:00-05:00,5.9500000000000455,NDXP  251203P25440000,NDXP  251203P25430000,validation,False,False,0,0,2,4,0,1178,available,False,2025-12-01T09:31:00-05:00,2025-12-03T15:43:00-05:00,0.0,11647.040000000092,17.0,last_observed_quote_not_settlement,1036.0,79,71,6.899999999999977,-2152.9599999998627,2025-12-01T09:32:00-05:00,0.0,6.850000000000023,-2052.9599999999537,2025-12-01T09:33:00-05:00,0.0,6.699999999999932,-1752.959999999772,2025-12-01T09:36:00-05:00,0.0,6.7999999999999545,-1952.9599999998175,2025-12-01T09:41:00-05:00,0.0,5.75,147.04000000009165,2025-12-01T09:46:00-05:00,0.0,6.300000000000011,-952.9599999999311,2025-12-01T10:01:00-05:00,0.0,5.5,647.0400000000916,2025-12-01T10:31:00-05:00,0.0,4.400000000000006,2847.0400000000805,2025-12-01T11:31:00-05:00,0.0,3.5,4647.040000000092,2025-12-01T16:00:00-05:00,0.0,2.6000000000000014,6447.040000000089,2025-12-02T16:00:00-05:00,0.0,,,2025-12-03T15:43:00-05:00,1020.0,,,,,24.0,hit,42.0,hit,43.0,hit,374.0,hit,374.0,hit,1537.0,hit,3086.0,hit,1.0,hit,13.0,hit,13.0,hit,,never_hit,,never_hit,,never_hit,7.799999999999983,78,True,False,False,False,,7.799999999999983,78,True,False,False,False,,7.799999999999983,78,True,False,False,False,,7.799999999999983,79,True,False,False,False,,374.0,2025-12-01T15:45:00-05:00,1.900000000000034,7847.040000000024,1469.0,2025-12-02T10:00:00-05:00,2.8999999999999915,5847.040000000109,1470.0,2025-12-02T10:01:00-05:00,2.6499999999999915,6347.040000000109,375.0,2025-12-01T15:46:00-05:00,5.400000000000006,847.0400000000802,374.0,2025-12-01T15:45:00-05:00,1.900000000000034,7847.040000000024,2955.0,2025-12-03T10:46:00-05:00,1.7999999999999972,8047.040000000097,2956.0,2025-12-03T10:47:00-05:00,1.8000000000000007,8047.04000000009,375.0,2025-12-01T15:46:00-05:00,5.400000000000006,847.0400000000802,1537.0,2025-12-02T11:08:00-05:00,0.8999999999999915,9847.04000000011,3050.0,2025-12-03T12:21:00-05:00,0.8000000000000007,10047.040000000092,3051.0,2025-12-03T12:22:00-05:00,0.7000000000000011,10247.04000000009,1538.0,2025-12-02T11:09:00-05:00,2.6499999999999986,6347.040000000095,3091.0,2025-12-03T13:02:00-05:00,0.40000000000000036,10847.040000000092,3092.0,2025-12-03T13:03:00-05:00,0.40000000000000036,10847.040000000092,3093.0,2025-12-03T13:04:00-05:00,0.39999999999999947,10847.040000000094,3092.0,2025-12-03T13:03:00-05:00,0.40000000000000036,10847.040000000092,3091
2025-12-01,2025-12-03,2,7.0,2025-12-01T09:31:00-05:00,7.100000000000023,NDXP  251203P25530000,NDXP  251203P25520000,validation,False,False,0,0,3,0,0,1189,available,False,2025-12-01T09:31:00-05:00,2025-12-03T15:52:00-05:00,0.05000000000000002,13847.040000000048,8.0,last_observed_quote_not_settlement,1036.0,64,65,7.449999999999989,-952.9599999999311,2025-12-01T09:32:00-05:00,0.0,7.600000000000023,-1252.9599999999994,2025-12-01T09:33:00-05:00,0.0,7.199999999999989,-452.9599999999311,2025-12-01T09:36:00-05:00,0.0,7.699999999999989,-1452.9599999999311,2025-12-01T09:41:00-05:00,0.0,7.5,-1052.9599999999539,2025-12-01T09:46:00-05:00,0.0,6.75,447.0400000000462,2025-12-01T10:01:00-05:00,0.0,7.25,-552.9599999999539,2025-12-01T10:31:00-05:00,0.0,7.0,-52.959999999953816,2025-12-01T11:31:00-05:00,0.0,5.850000000000023,2247.040000000001,2025-12-01T16:00:00-05:00,0.0,4.0,5947.040000000046,2025-12-02T16:00:00-05:00,0.0,,,2025-12-03T15:52:00-05:00,480.0,,,,,136.0,hit,136.0,hit,194.0,hit,3007.0,hit,3086.0,hit,3131.0,hit,3192.0,hit,2.0,hit,1699.0,hit,0.0,hit,13.0,hit,,never_hit,,never_hit,8.299999999999997,64,True,True,False,False,,8.299999999999997,64,True,True,False,False,,8.299999999999997,64,True,True,False,False,,8.299999999999997,64,True,True,False,False,,3008.0,2025-12-03T11:39:00-05:00,2.75,8447.040000000046,3051.0,2025-12-03T12:22:00-05:00,2.200000000000003,9547.04000000004,3052.0,2025-12-03T12:23:00-05:00,2.3500000000000014,9247.040000000045,3009.0,2025-12-03T11:40:00-05:00,3.0,7947.040000000046,3086.0,2025-12-03T12:57:00-05:00,1.9499999999999993,10047.040000000048,3091.0,2025-12-03T13:02:00-05:00,1.75,10447.040000000046,3092.0,2025-12-03T13:03:00-05:00,1.75,10447.040000000046,3087.0,2025-12-03T12:58:00-05:00,1.950000000000001,10047.040000000045,3133.0,2025-12-03T13:44:00-05:00,0.7999999999999998,12347.040000000048,3134.0,2025-12-03T13:45:00-05:00,0.8499999999999996,12247.040000000048,3139.0,2025-12-03T13:50:00-05:00,0.8499999999999996,12247.040000000048,3134.0,2025-12-03T13:45:00-05:00,0.8499999999999996,12247.040000000048,3193.0,2025-12-03T14:44:00-05:00,0.39999999999999947,13147.040000000048,3199.0,2025-12-03T14:50:00-05:00,0.4249999999999998,13097.040000000048,3200.0,2025-12-03T14:51:00-05:00,0.40000000000000036,13147.040000000046,3194.0,2025-12-03T14:45:00-05:00,0.4500000000000002,13047.040000000046,3092
2025-12-01,2025-12-04,3,5.0,2025-12-01T09:31:00-05:00,4.949999999999989,NDXP  251204P25310000,NDXP  251204P25300000,validation,False,False,0,0,12,14,0,1571,available,False,2025-12-01T09:31:00-05:00,2025-12-04T15:42:00-05:00,0.07500000000000001,9497.039999999979,18.0,last_observed_quote_not_settlement,1036.0,14,9,5.200000000000017,-752.9600000000562,2025-12-01T09:32:00-05:00,0.0,5.250000000000028,-852.9600000000789,2025-12-01T09:33:00-05:00,0.0,5.100000000000023,-552.9600000000676,2025-12-01T09:36:00-05:00,0.0,5.200000000000017,-752.9600000000562,2025-12-01T09:41:00-05:00,0.0,5.399999999999977,-1152.9599999999766,2025-12-01T09:46:00-05:00,0.0,4.600000000000023,447.0399999999325,2025-12-01T10:01:00-05:00,0.0,4.849999999999994,-52.96000000001066,2025-12-01T10:31:00-05:00,0.0,4.050000000000011,1547.0399999999552,2025-12-01T11:31:00-05:00,0.0,4.199999999999989,1247.0400000000006,2025-12-01T16:00:00-05:00,0.0,1.9000000000000057,5847.039999999966,2025-12-02T16:00:00-05:00,0.0,0.6999999999999993,8247.03999999998,2025-12-03T16:00:00-05:00,0.0,,,2025-12-04T15:42:00-05:00,1080.0,0.0,hit,0.0,hit,32.0,hit,32.0,hit,32.0,hit,3091.0,hit,4320.0,hit,14.0,hit,,never_hit,,never_hit,,never_hit,,never_hit,,never_hit,5.5,12,False,False,False,False,,5.5,12,False,False,False,False,,5.5,14,False,False,False,False,,5.5,14,False,False,False,False,,32.0,2025-12-01T10:03:00-05:00,1.450000000000017,6747.039999999944,1445.0,2025-12-02T09:36:00-05:00,2.6999999999999886,4247.040000000001,1446.0,2025-12-02T09:37:00-05:00,2.3499999999999943,4947.039999999989,33.0,2025-12-01T10:04:00-05:00,4.5,647.0399999999779,32.0,2025-12-01T10:03:00-05:00,1.450000000000017,6747.039999999944,1472.0,2025-12-02T10:03:00-05:00,1.7999999999999972,6047.039999999984,1473.0,2025-12-02T10:04:00-05:00,1.8500000000000014,5947.039999999975,33.0,2025-12-01T10:04:00-05:00,4.5,647.0399999999779,3130.0,2025-12-03T13:41:00-05:00,0.8999999999999986,7847.039999999981,3131.0,2025-12-03T13:42:00-05:00,0.8500000000000014,7947.039999999975,3132.0,2025-12-03T13:43:00-05:00,0.8999999999999986,7847.039999999981,3131.0,2025-12-03T13:42:00-05:00,0.8500000000000014,7947.039999999975,4389.0,2025-12-04T10:40:00-05:00,0.39999999999999947,8847.039999999979,4390.0,2025-12-04T10:41:00-05:00,0.40000000000000036,8847.039999999979,4391.0,2025-12-04T10:42:00-05:00,0.40000000000000036,8847.039999999979,4390.0,2025-12-04T10:41:00-05:00,0.40000000000000036,8847.039999999979,3093
2025-12-01,2025-12-04,3,6.0,2025-12-01T09:31:00-05:00,6.0499999999999545,NDXP  251204P25420000,NDXP  251204P25410000,validation,False,False,0,0,11,0,0,1591,available,False,2025-12-01T09:31:00-05:00,2025-12-04T15:48:00-05:00,0.04999999999999999,11747.039999999912,12.0,last_observed_quote_not_settlement,1036.0,14,11,6.300000000000011,-752.960000000113,2025-12-01T09:32:00-05:00,0.0,6.300000000000011,-752.960000000113,2025-12-01T09:33:00-05:00,0.0,6.25,-652.9600000000903,2025-12-01T09:36:00-05:00,0.0,6.25,-652.9600000000903,2025-12-01T09:41:00-05:00,0.0,7.849999999999966,-3852.960000000022,2025-12-01T09:46:00-05:00,0.0,5.150000000000006,1547.0399999998983,2025-12-01T10:01:00-05:00,0.0,5.899999999999977,47.039999999955235,2025-12-01T10:31:00-05:00,0.0,4.900000000000006,2047.0399999998986,2025-12-01T11:31:00-05:00,0.0,5.100000000000023,1647.0399999998642,2025-12-01T16:00:00-05:00,0.0,3.0,5847.03999999991,2025-12-02T16:00:00-05:00,0.0,1.5,8847.03999999991,2025-12-03T16:00:00-05:00,0.0,,,2025-12-04T15:48:00-05:00,720.0,21.0,hit,32.0,hit,32.0,hit,32.0,hit,32.0,hit,4458.0,hit,4506.0,hit,4.0,hit,4.0,hit,4.0,hit,,never_hit,,never_hit,,never_hit,7.849999999999966,12,True,False,False,False,,7.849999999999966,12,True,False,False,False,,7.849999999999966,14,True,False,False,False,,7.849999999999966,14,True,False,False,False,,32.0,2025-12-01T10:03:00-05:00,1.799999999999983,8247.039999999944,1471.0,2025-12-02T10:02:00-05:00,2.500000000000014,6847.039999999882,1472.0,2025-12-02T10:03:00-05:00,2.5999999999999943,6647.039999999921,33.0,2025-12-01T10:04:00-05:00,5.5,847.0399999999097,32.0,2025-12-01T10:03:00-05:00,1.799999999999983,8247.039999999944,3092.0,2025-12-03T13:03:00-05:00,1.9000000000000057,8047.039999999898,3093.0,2025-12-03T13:04:00-05:00,1.8499999999999943,8147.039999999922,33.0,2025-12-01T10:04:00-05:00,5.5,847.0399999999097,4460.0,2025-12-04T11:51:00-05:00,0.9499999999999993,9947.039999999912,4461.0,2025-12-04T11:52:00-05:00,0.8000000000000007,10247.03999999991,4462.0,2025-12-04T11:53:00-05:00,0.8999999999999986,10047.039999999914,4461.0,2025-12-04T11:52:00-05:00,0.8000000000000007,10247.03999999991,4528.0,2025-12-04T12:59:00-05:00,0.30000000000000027,11247.03999999991,4529.0,2025-12-04T13:00:00-05:00,0.40000000000000036,11047.03999999991,4530.0,2025-12-04T13:01:00-05:00,0.40000000000000036,11047.03999999991,4529.0,2025-12-04T13:00:00-05:00,0.40000000000000036,11047.03999999991,3094
2025-12-01,2025-12-04,3,7.0,2025-12-01T09:31:00-05:00,6.9500000000000455,NDXP  251204P25550000,NDXP  251204P25540000,validation,False,False,0,0,0,0,0,1602,available,False,2025-12-01T09:31:00-05:00,2025-12-04T15:59:00-05:00,0.39999999999999997,12847.040000000092,1.0,last_observed_quote_not_settlement,1036.0,92,109,7.550000000000068,-1452.9600000000448,2025-12-01T09:32:00-05:00,0.0,7.599999999999966,-1552.9599999998402,2025-12-01T09:33:00-05:00,0.0,7.2000000000000455,-752.9599999999994,2025-12-01T09:36:00-05:00,0.0,7.300000000000011,-952.9599999999311,2025-12-01T09:41:00-05:00,0.0,7.150000000000034,-652.9599999999766,2025-12-01T09:46:00-05:00,0.0,6.449999999999989,747.0400000001143,2025-12-01T10:01:00-05:00,0.0,6.349999999999966,947.0400000001598,2025-12-01T10:31:00-05:00,0.0,6.649999999999977,347.0400000001371,2025-12-01T11:31:00-05:00,0.0,5.449999999999989,2747.0400000001146,2025-12-01T16:00:00-05:00,0.0,4.049999999999997,5547.040000000097,2025-12-02T16:00:00-05:00,0.0,3.25,7147.040000000092,2025-12-03T16:00:00-05:00,0.0,,,2025-12-04T15:59:00-05:00,60.0,37.0,hit,86.0,hit,1466.0,hit,1576.0,hit,1576.0,hit,1576.0,hit,4707.0,hit,1.0,hit,19.0,hit,1.0,hit,19.0,hit,,never_hit,,never_hit,8.949999999999989,70,True,True,False,False,,8.949999999999989,70,True,True,False,False,,8.949999999999989,70,True,True,False,False,,8.949999999999989,92,True,True,False,False,,1576.0,2025-12-02T11:47:00-05:00,0.6500000000000057,12347.04000000008,3210.0,2025-12-03T15:01:00-05:00,2.8999999999999915,7847.040000000109,3211.0,2025-12-03T15:02:00-05:00,2.9499999999999957,7747.0400000001,1577.0,2025-12-02T11:48:00-05:00,5.400000000000034,2847.0400000000236,1576.0,2025-12-02T11:47:00-05:00,0.6500000000000057,12347.04000000008,4702.0,2025-12-04T15:53:00-05:00,1.65,10347.040000000092,4703.0,2025-12-04T15:54:00-05:00,1.9500000000000002,9747.040000000092,1577.0,2025-12-02T11:48:00-05:00,5.400000000000034,2847.0400000000236,1576.0,2025-12-02T11:47:00-05:00,0.6500000000000057,12347.04000000008,4708.0,2025-12-04T15:59:00-05:00,0.39999999999999997,12847.040000000092,,,,,1577.0,2025-12-02T11:48:00-05:00,5.400000000000034,2847.0400000000236,4707.0,2025-12-04T15:58:00-05:00,0.37500000000000006,12897.040000000092,4708.0,2025-12-04T15:59:00-05:00,0.39999999999999997,12847.040000000092,,,,,4708.0,2025-12-04T15:59:00-05:00,0.39999999999999997,12847.040000000092,3095
2025-12-02,2025-12-04,2,5.0,2025-12-02T09:31:00-05:00,5.000000000000028,NDXP  251204P25500000,NDXP  251204P25490000,validation,False,False,0,0,4,3,0,1189,available,False,2025-12-02T09:31:00-05:00,2025-12-04T15:53:00-05:00,0.05000000000000002,9647.040000000059,7.0,last_observed_quote_not_settlement,1036.0,37,30,5.0,-252.95999999994245,2025-12-02T09:32:00-05:00,0.0,4.699999999999989,347.0400000000803,2025-12-02T09:33:00-05:00,0.0,4.5,747.0400000000575,2025-12-02T09:36:00-05:00,0.0,3.9000000000000057,1947.0400000000461,2025-12-02T09:41:00-05:00,0.0,3.9000000000000057,1947.0400000000461,2025-12-02T09:46:00-05:00,0.0,3.499999999999986,2747.040000000086,2025-12-02T10:01:00-05:00,0.0,4.0,1747.0400000000575,2025-12-02T10:31:00-05:00,0.0,5.349999999999994,-952.9599999999311,2025-12-02T11:31:00-05:00,0.0,3.5999999999999943,2547.040000000069,2025-12-02T16:00:00-05:00,0.0,2.6500000000000057,4447.040000000046,2025-12-03T16:00:00-05:00,0.0,,,2025-12-04T15:53:00-05:00,420.0,,,,,0.0,hit,1.0,hit,7.0,hit,83.0,hit,2880.0,hit,3122.0,hit,3260.0,hit,117.0,hit,122.0,hit,1444.0,hit,,never_hit,,never_hit,,never_hit,5.000000000000028,0,False,False,False,False,,7.700000000000017,31,True,False,False,False,,7.700000000000017,32,True,False,False,False,,7.700000000000017,37,True,False,False,False,,1646.0,2025-12-03T12:57:00-05:00,2.9000000000000057,3947.0400000000463,1652.0,2025-12-03T13:03:00-05:00,2.8999999999999986,3947.0400000000604,1653.0,2025-12-03T13:04:00-05:00,2.8000000000000043,4147.040000000049,1647.0,2025-12-03T12:58:00-05:00,3.0,3747.0400000000577,2880.0,2025-12-04T09:31:00-05:00,1.9499999999999957,5847.040000000066,3023.0,2025-12-04T11:54:00-05:00,1.8999999999999986,5947.04000000006,3024.0,2025-12-04T11:55:00-05:00,1.9499999999999993,5847.040000000059,2881.0,2025-12-04T09:32:00-05:00,2.3999999999999915,4947.0400000000745,3122.0,2025-12-04T13:33:00-05:00,0.9499999999999993,7847.040000000059,3258.0,2025-12-04T15:49:00-05:00,0.9499999999999997,7847.040000000057,3259.0,2025-12-04T15:50:00-05:00,0.625,8497.040000000059,3123.0,2025-12-04T13:34:00-05:00,1.3000000000000007,7147.040000000056,3260.0,2025-12-04T15:51:00-05:00,0.27499999999999997,9197.040000000057,,,,,,,,,,,,,3096
2025-12-02,2025-12-04,2,6.0,2025-12-02T09:31:00-05:00,5.900000000000034,NDXP  251204P25600000,NDXP  251204P25590000,validation,False,False,0,0,0,30,0,1168,available,False,2025-12-02T09:31:00-05:00,2025-12-04T16:00:00-05:00,8.049999999999997,-4552.959999999927,0.0,last_observed_quote_not_settlement,1036.0,306,150,5.949999999999989,-352.95999999990835,2025-12-02T09:32:00-05:00,0.0,5.849999999999966,-152.95999999986287,2025-12-02T09:33:00-05:00,0.0,6.0,-452.9599999999311,2025-12-02T09:36:00-05:00,0.0,5.0,1547.0400000000689,2025-12-02T09:41:00-05:00,0.0,4.699999999999989,2147.040000000092,2025-12-02T09:46:00-05:00,0.0,4.649999999999977,2247.0400000001146,2025-12-02T10:01:00-05:00,0.0,5.300000000000011,947.0400000000461,2025-12-02T10:31:00-05:00,0.0,7.399999999999977,-3252.9599999998854,2025-12-02T11:31:00-05:00,0.0,5.050000000000011,1447.0400000000461,2025-12-02T16:00:00-05:00,0.0,3.950000000000003,3647.040000000063,2025-12-03T16:00:00-05:00,0.0,8.049999999999997,-4552.959999999927,2025-12-04T16:00:00-05:00,0.0,,,,,3.0,hit,4.0,hit,49.0,hit,104.0,hit,,never_hit,,never_hit,,never_hit,103.0,hit,105.0,hit,105.0,hit,134.0,hit,134.0,hit,3163.0,hit,6.849999999999994,4,False,False,False,False,,,,True,True,True,False,3.4500000000000313,,,True,True,True,False,3.4500000000000313,,,True,True,True,False,3.4500000000000313,104.0,2025-12-02T11:15:00-05:00,2.7500000000000284,6047.040000000012,,,,,,,,,105.0,2025-12-02T11:16:00-05:00,7.25,-2952.959999999931,,,,,,,,,,,,,,,,,,,,,,,,,,,,,,,,,,,,,,,,,,,,,,,,,3097
2025-12-02,2025-12-04,2,7.0,2025-12-02T09:31:00-05:00,6.949999999999989,NDXP  251204P25660000,NDXP  251204P25650000,validation,False,False,0,0,0,31,0,1167,available,False,2025-12-02T09:31:00-05:00,2025-12-04T15:59:00-05:00,9.949999999999989,-6252.960000000001,1.0,last_observed_quote_not_settlement,1036.0,414,160,6.800000000000011,47.039999999955235,2025-12-02T09:32:00-05:00,0.0,6.7999999999999545,47.04000000006892,2025-12-02T09:33:00-05:00,0.0,5.5,2647.039999999978,2025-12-02T09:36:00-05:00,0.0,7.5,-1352.960000000022,2025-12-02T09:41:00-05:00,0.0,7.400000000000006,-1152.9600000000335,2025-12-02T09:46:00-05:00,0.0,8.0,-2352.9600000000237,2025-12-02T10:01:00-05:00,0.0,5.900000000000006,1847.0399999999665,2025-12-02T10:31:00-05:00,0.0,7.599999999999966,-1552.9599999999539,2025-12-02T11:31:00-05:00,0.0,6.599999999999994,447.03999999998933,2025-12-02T16:00:00-05:00,0.0,5.3999999999999915,2847.039999999995,2025-12-03T16:00:00-05:00,0.0,,,2025-12-04T15:59:00-05:00,60.0,,,,,5.0,hit,6.0,hit,49.0,hit,49.0,hit,,never_hit,,never_hit,,never_hit,3.0,hit,4.0,hit,3.0,hit,4.0,hit,127.0,hit,127.0,hit,8.150000000000006,12,True,True,False,False,,,,True,True,True,False,4.099999999999994,,,True,True,True,False,4.099999999999994,,,True,True,True,False,4.099999999999994,49.0,2025-12-02T10:20:00-05:00,2.8499999999999943,7947.039999999989,,,,,,,,,50.0,2025-12-02T10:21:00-05:00,4.849999999999994,3947.0399999999895,,,,,,,,,,,,,,,,,,,,,,,,,,,,,,,,,,,,,,,,,,,,,,,,,3098
2025-12-02,2025-12-05,3,5.0,2025-12-02T09:31:00-05:00,4.950000000000017,NDXP  251205P25540000,NDXP  251205P25530000,validation,False,False,0,0,1,3,0,1592,available,False,2025-12-02T09:31:00-05:00,2025-12-05T15:52:00-05:00,0.04999999999999999,9547.040000000035,8.0,last_observed_quote_not_settlement,1036.0,80,57,5.150000000000034,-652.9600000000335,2025-12-02T09:32:00-05:00,0.0,5.100000000000023,-552.9600000000107,2025-12-02T09:33:00-05:00,0.0,4.650000000000006,347.04000000002344,2025-12-02T09:36:00-05:00,0.0,4.350000000000023,947.0399999999893,2025-12-02T09:41:00-05:00,0.0,4.199999999999989,1247.0400000000575,2025-12-02T09:46:00-05:00,0.0,4.099999999999994,1447.0400000000461,2025-12-02T10:01:00-05:00,0.0,4.400000000000006,847.0400000000234,2025-12-02T10:31:00-05:00,0.0,4.75,147.0400000000348,2025-12-02T11:31:00-05:00,0.0,4.049999999999983,1547.0400000000689,2025-12-02T16:00:00-05:00,0.0,3.3499999999999943,2947.0400000000463,2025-12-03T16:00:00-05:00,0.0,3.299999999999997,3047.0400000000404,2025-12-04T16:00:00-05:00,0.0,,,2025-12-05T15:52:00-05:00,480.0,0.0,hit,0.0,hit,21.0,hit,97.0,hit,4320.0,hit,4343.0,hit,4360.0,hit,113.0,hit,1468.0,hit,,never_hit,,never_hit,,never_hit,,never_hit,5.199999999999989,4,False,False,False,False,,6.099999999999994,80,False,False,False,False,,6.099999999999994,80,False,False,False,False,,6.099999999999994,80,False,False,False,False,,97.0,2025-12-02T11:08:00-05:00,2.299999999999983,5047.040000000069,4321.0,2025-12-05T09:32:00-05:00,1.5500000000000007,6547.040000000034,4322.0,2025-12-05T09:33:00-05:00,1.5,6647.0400000000345,98.0,2025-12-02T11:09:00-05:00,4.150000000000034,1347.0399999999665,4320.0,2025-12-05T09:31:00-05:00,1.7999999999999972,6047.040000000041,4321.0,2025-12-05T09:32:00-05:00,1.5500000000000007,6547.040000000034,4322.0,2025-12-05T09:33:00-05:00,1.5,6647.0400000000345,4321.0,2025-12-05T09:32:00-05:00,1.5500000000000007,6547.040000000034,4343.0,2025-12-05T09:54:00-05:00,0.9499999999999957,7747.040000000044,4344.0,2025-12-05T09:55:00-05:00,0.75,8147.0400000000345,4353.0,2025-12-05T10:04:00-05:00,0.7000000000000011,8247.040000000034,4344.0,2025-12-05T09:55:00-05:00,0.75,8147.0400000000345,4361.0,2025-12-05T10:12:00-05:00,0.40000000000000036,8847.040000000035,4362.0,2025-12-05T10:13:00-05:00,0.4499999999999993,8747.040000000037,4363.0,2025-12-05T10:14:00-05:00,0.40000000000000036,8847.040000000035,4362.0,2025-12-05T10:13:00-05:00,0.4499999999999993,8747.040000000037,3099
2025-12-02,2025-12-05,3,6.0,2025-12-02T09:31:00-05:00,6.050000000000011,NDXP  251205P25600000,NDXP  251205P25590000,validation,False,False,0,0,1,1,0,1596,available,False,2025-12-02T09:31:00-05:00,2025-12-05T15:55:00-05:00,0.04999999999999993,11747.040000000025,5.0,last_observed_quote_not_settlement,1036.0,48,48,6.200000000000017,-552.9600000000107,2025-12-02T09:32:00-05:00,0.0,5.250000000000028,1347.0399999999665,2025-12-02T09:33:00-05:00,0.0,5.550000000000011,747.0400000000006,2025-12-02T09:36:00-05:00,0.0,4.800000000000011,2247.040000000001,2025-12-02T09:41:00-05:00,0.0,4.949999999999989,1947.0400000000461,2025-12-02T09:46:00-05:00,0.0,4.749999999999972,2347.0400000000805,2025-12-02T10:01:00-05:00,0.0,5.0,1847.0400000000234,2025-12-02T10:31:00-05:00,0.0,6.900000000000034,-1952.9600000000448,2025-12-02T11:31:00-05:00,0.0,4.400000000000006,3047.0400000000122,2025-12-02T16:00:00-05:00,0.0,3.75,4347.040000000024,2025-12-03T16:00:00-05:00,0.0,4.549999999999997,2747.040000000029,2025-12-04T16:00:00-05:00,0.0,,,2025-12-05T15:55:00-05:00,300.0,2.0,hit,6.0,hit,80.0,hit,269.0,hit,1513.0,hit,1513.0,hit,4384.0,hit,114.0,hit,114.0,hit,114.0,hit,1502.0,hit,1502.0,hit,1502.0,hit,7.5,11,True,False,False,False,,9.949999999999989,31,True,True,True,True,,9.949999999999989,31,True,True,True,True,,9.949999999999989,48,True,True,True,True,,269.0,2025-12-02T14:00:00-05:00,2.3000000000000114,7247.040000000001,4321.0,2025-12-05T09:32:00-05:00,2.1500000000000057,7547.040000000012,4322.0,2025-12-05T09:33:00-05:00,2.25,7347.040000000024,270.0,2025-12-02T14:01:00-05:00,5.0,1847.0400000000234,1513.0,2025-12-03T10:44:00-05:00,1.0,9847.040000000025,4341.0,2025-12-05T09:52:00-05:00,1.8000000000000007,8247.040000000023,4342.0,2025-12-05T09:53:00-05:00,1.5999999999999979,8647.040000000028,1514.0,2025-12-03T10:45:00-05:00,4.800000000000011,2247.040000000001,4356.0,2025-12-05T10:07:00-05:00,0.8999999999999986,10047.040000000026,4359.0,2025-12-05T10:10:00-05:00,0.8500000000000014,10147.04000000002,4360.0,2025-12-05T10:11:00-05:00,0.7999999999999989,10247.040000000026,4357.0,2025-12-05T10:08:00-05:00,1.0000000000000036,9847.040000000017,4604.0,2025-12-05T14:15:00-05:00,0.40000000000000036,11047.040000000023,4630.0,2025-12-05T14:41:00-05:00,0.44999999999999973,10947.040000000025,4642.0,2025-12-05T14:53:00-05:00,0.32499999999999973,11197.040000000025,4605.0,2025-12-05T14:16:00-05:00,0.4500000000000002,10947.040000000025,3100
2025-12-02,2025-12-05,3,7.0,2025-12-02T09:31:00-05:00,7.0,NDXP  251205P25720000,NDXP  251205P25710000,validation,False,False,0,0,0,7,0,1595,available,False,2025-12-02T09:31:00-05:00,2025-12-05T15:59:00-05:00,10.0,-6152.96,1.0,last_observed_quote_not_settlement,1036.0,406,225,6.899999999999977,-52.959999999953816,2025-12-02T09:32:00-05:00,0.0,6.849999999999966,47.04000000006892,2025-12-02T09:33:00-05:00,0.0,6.449999999999989,847.0400000000234,2025-12-02T09:36:00-05:00,0.0,5.899999999999977,1947.0400000000461,2025-12-02T09:41:00-05:00,0.0,5.899999999999977,1947.0400000000461,2025-12-02T09:46:00-05:00,0.0,5.800000000000011,2147.039999999978,2025-12-02T10:01:00-05:00,0.0,6.300000000000011,1147.039999999978,2025-12-02T10:31:00-05:00,0.0,7.599999999999966,-1452.9599999999311,2025-12-02T11:31:00-05:00,0.0,6.300000000000011,1147.039999999978,2025-12-02T16:00:00-05:00,0.0,5.800000000000011,2147.039999999978,2025-12-03T16:00:00-05:00,0.0,6.199999999999989,1347.0400000000234,2025-12-04T16:00:00-05:00,0.0,,,2025-12-05T15:59:00-05:00,60.0,20.0,hit,47.0,hit,1678.0,hit,1769.0,hit,4360.0,hit,,never_hit,,never_hit,112.0,hit,1501.0,hit,0.0,hit,1501.0,hit,1501.0,hit,4553.0,hit,9.050000000000011,56,True,True,True,True,,9.449999999999989,319,True,True,True,True,,,,True,True,True,False,5.449999999999999,,,True,True,True,False,5.449999999999999,4345.0,2025-12-05T09:56:00-05:00,2.9499999999999886,7847.040000000024,4353.0,2025-12-05T10:04:00-05:00,2.749999999999993,8247.040000000015,4354.0,2025-12-05T10:05:00-05:00,2.75,8247.04,4346.0,2025-12-05T09:57:00-05:00,3.549999999999997,6647.040000000006,4362.0,2025-12-05T10:13:00-05:00,1.7999999999999972,10147.040000000008,4363.0,2025-12-05T10:14:00-05:00,1.7999999999999972,10147.040000000008,4364.0,2025-12-05T10:15:00-05:00,1.6999999999999957,10347.04000000001,4363.0,2025-12-05T10:14:00-05:00,1.7999999999999972,10147.040000000008,,,,,,,,,,,,,,,,,,,,,,,,,,,,,,,,,3101
2025-12-03,2025-12-05,2,5.0,2025-12-03T09:31:00-05:00,4.949999999999989,NDXP  251205P25600000,NDXP  251205P25590000,validation,False,False,0,0,1,1,0,1191,available,False,2025-12-03T09:31:00-05:00,2025-12-05T15:55:00-05:00,0.04999999999999993,9547.039999999979,5.0,last_observed_quote_not_settlement,1036.0,407,79,5.650000000000006,-1652.9600000000335,2025-12-03T09:32:00-05:00,0.0,5.199999999999989,-752.9599999999994,2025-12-03T09:33:00-05:00,0.0,6.25,-2852.960000000022,2025-12-03T09:36:00-05:00,0.0,6.350000000000023,-3052.9600000000673,2025-12-03T09:41:00-05:00,0.0,6.950000000000017,-4252.960000000056,2025-12-03T09:46:00-05:00,0.0,6.199999999999989,-2752.959999999999,2025-12-03T10:01:00-05:00,0.0,6.599999999999994,-3552.9600000000105,2025-12-03T10:31:00-05:00,0.0,5.25,-852.9600000000221,2025-12-03T11:31:00-05:00,0.0,3.75,2147.039999999978,2025-12-03T16:00:00-05:00,0.0,4.549999999999997,547.0399999999836,2025-12-04T16:00:00-05:00,0.0,,,2025-12-05T15:55:00-05:00,300.0,,,,,0.0,hit,0.0,hit,51.0,hit,73.0,hit,73.0,hit,73.0,hit,2944.0,hit,1.0,hit,4.0,hit,8.0,hit,62.0,hit,62.0,hit,62.0,hit,9.949999999999989,62,True,True,True,True,,9.949999999999989,62,True,True,True,True,,9.949999999999989,62,True,True,True,True,,9.949999999999989,407,True,True,True,True,,73.0,2025-12-03T10:44:00-05:00,1.0,7647.039999999978,2881.0,2025-12-05T09:32:00-05:00,2.1500000000000057,5347.039999999966,2882.0,2025-12-05T09:33:00-05:00,2.25,5147.039999999978,74.0,2025-12-03T10:45:00-05:00,4.800000000000011,47.039999999955235,73.0,2025-12-03T10:44:00-05:00,1.0,7647.039999999978,2901.0,2025-12-05T09:52:00-05:00,1.8000000000000007,6047.039999999976,2902.0,2025-12-05T09:53:00-05:00,1.5999999999999979,6447.039999999982,74.0,2025-12-03T10:45:00-05:00,4.800000000000011,47.039999999955235,2916.0,2025-12-05T10:07:00-05:00,0.8999999999999986,7847.039999999981,2919.0,2025-12-05T10:10:00-05:00,0.8500000000000014,7947.039999999975,2920.0,2025-12-05T10:11:00-05:00,0.7999999999999989,8047.03999999998,2917.0,2025-12-05T10:08:00-05:00,1.0000000000000036,7647.039999999971,3164.0,2025-12-05T14:15:00-05:00,0.40000000000000036,8847.039999999979,3190.0,2025-12-05T14:41:00-05:00,0.44999999999999973,8747.039999999979,3202.0,2025-12-05T14:53:00-05:00,0.32499999999999973,8997.039999999979,3165.0,2025-12-05T14:16:00-05:00,0.4500000000000002,8747.039999999979,3102
2025-12-03,2025-12-05,2,6.0,2025-12-03T09:31:00-05:00,6.050000000000011,NDXP  251205P25620000,NDXP  251205P25610000,validation,False,False,0,0,1,1,0,1192,available,False,2025-12-03T09:31:00-05:00,2025-12-05T15:56:00-05:00,0.04999999999999999,11747.040000000025,4.0,last_observed_quote_not_settlement,1036.0,75,76,5.800000000000011,247.04000000000067,2025-12-03T09:32:00-05:00,0.0,5.600000000000023,647.0399999999779,2025-12-03T09:33:00-05:00,0.0,6.0,-152.95999999997656,2025-12-03T09:36:00-05:00,0.0,5.75,347.04000000002344,2025-12-03T09:41:00-05:00,0.0,6.0499999999999545,-252.9599999998856,2025-12-03T09:46:00-05:00,0.0,6.300000000000011,-752.9599999999994,2025-12-03T10:01:00-05:00,0.0,5.699999999999989,447.0400000000462,2025-12-03T10:31:00-05:00,0.0,5.350000000000023,1147.039999999978,2025-12-03T11:31:00-05:00,0.0,4.650000000000006,2547.0400000000122,2025-12-03T16:00:00-05:00,0.0,4.700000000000003,2447.0400000000177,2025-12-04T16:00:00-05:00,0.0,,,2025-12-05T15:56:00-05:00,240.0,,,,,11.0,hit,11.0,hit,144.0,hit,1455.0,hit,2902.0,hit,2918.0,hit,3206.0,hit,23.0,hit,62.0,hit,62.0,hit,62.0,hit,,never_hit,,never_hit,8.949999999999989,33,True,True,False,False,,8.949999999999989,75,True,True,False,False,,8.949999999999989,75,True,True,False,False,,8.949999999999989,75,True,True,False,False,,1455.0,2025-12-04T09:46:00-05:00,2.4499999999999886,6947.040000000046,2881.0,2025-12-05T09:32:00-05:00,2.3499999999999943,7147.0400000000345,2882.0,2025-12-05T09:33:00-05:00,2.1499999999999986,7547.040000000026,1456.0,2025-12-04T09:47:00-05:00,5.450000000000017,947.0399999999893,2902.0,2025-12-05T09:53:00-05:00,1.8000000000000007,8247.040000000023,2903.0,2025-12-05T09:54:00-05:00,1.6000000000000014,8647.04000000002,2904.0,2025-12-05T09:55:00-05:00,1.5999999999999979,8647.040000000028,2903.0,2025-12-05T09:54:00-05:00,1.6000000000000014,8647.04000000002,2920.0,2025-12-05T10:11:00-05:00,0.8499999999999996,10147.040000000025,2921.0,2025-12-05T10:12:00-05:00,0.8499999999999979,10147.040000000028,2922.0,2025-12-05T10:13:00-05:00,0.7499999999999982,10347.040000000028,2921.0,2025-12-05T10:12:00-05:00,0.8499999999999979,10147.040000000028,3206.0,2025-12-05T14:57:00-05:00,0.39999999999999947,11047.040000000025,3207.0,2025-12-05T14:58:00-05:00,0.3999999999999999,11047.040000000023,3208.0,2025-12-05T14:59:00-05:00,0.375,11097.040000000025,3207.0,2025-12-05T14:58:00-05:00,0.3999999999999999,11047.040000000023,3103
2025-12-03,2025-12-05,2,7.0,2025-12-03T09:31:00-05:00,7.0,NDXP  251205P25700000,NDXP  251205P25690000,validation,False,False,0,0,1,2,0,1196,available,False,2025-12-03T09:31:00-05:00,2025-12-05T15:59:00-05:00,9.5,-5252.960000000001,1.0,last_observed_quote_not_settlement,1036.0,279,202,6.5499999999999545,647.0400000000916,2025-12-03T09:32:00-05:00,0.0,6.800000000000011,147.03999999997797,2025-12-03T09:33:00-05:00,0.0,7.100000000000023,-452.9600000000448,2025-12-03T09:36:00-05:00,0.0,6.899999999999977,-52.959999999953816,2025-12-03T09:41:00-05:00,0.0,6.850000000000023,47.039999999955235,2025-12-03T09:46:00-05:00,0.0,6.749999999999943,247.04000000011436,2025-12-03T10:01:00-05:00,0.0,6.750000000000057,247.039999999887,2025-12-03T10:31:00-05:00,0.0,5.850000000000023,2047.0399999999554,2025-12-03T11:31:00-05:00,0.0,5.949999999999989,1847.0400000000234,2025-12-03T16:00:00-05:00,0.0,5.75,2247.040000000001,2025-12-04T16:00:00-05:00,0.0,,,2025-12-05T15:59:00-05:00,60.0,,,,,33.0,hit,33.0,hit,166.0,hit,1450.0,hit,2909.0,hit,,never_hit,,never_hit,116.0,hit,137.0,hit,0.0,hit,137.0,hit,1531.0,hit,1531.0,hit,8.150000000000006,36,True,True,False,False,,9.599999999999994,262,True,True,True,True,,,,True,True,True,False,5.799999999999997,,,True,True,True,False,5.799999999999997,2903.0,2025-12-05T09:54:00-05:00,2.8999999999999915,7947.040000000018,2904.0,2025-12-05T09:55:00-05:00,2.6000000000000014,8547.039999999999,2905.0,2025-12-05T09:56:00-05:00,2.6500000000000057,8447.03999999999,2904.0,2025-12-05T09:55:00-05:00,2.6000000000000014,8547.039999999999,2909.0,2025-12-05T10:00:00-05:00,1.5499999999999972,10647.040000000008,2921.0,2025-12-05T10:12:00-05:00,1.7000000000000028,10347.039999999995,2922.0,2025-12-05T10:13:00-05:00,1.5499999999999972,10647.040000000008,2910.0,2025-12-05T10:01:00-05:00,2.799999999999997,8147.040000000007,,,,,,,,,,,,,,,,,,,,,,,,,,,,,,,,,3104
2025-12-05,2025-12-08,3,5.0,2025-12-05T09:31:00-05:00,4.8999999999999915,NDXP  251208P25730000,NDXP  251208P25720000,validation,False,False,0,0,0,53,0,741,available,False,2025-12-05T09:31:00-05:00,2025-12-08T16:00:00-05:00,10.0,-10352.960000000015,0.0,last_observed_quote_not_settlement,3916.0,562,42,4.3999999999999915,747.0400000000006,2025-12-05T09:32:00-05:00,0.0,4.300000000000011,947.0399999999609,2025-12-05T09:33:00-05:00,0.0,4.299999999999997,947.0399999999893,2025-12-05T09:36:00-05:00,0.0,4.850000000000023,-152.96000000006183,2025-12-05T09:41:00-05:00,0.0,4.849999999999994,-152.96000000000498,2025-12-05T09:46:00-05:00,0.0,3.9499999999999886,1647.0400000000063,2025-12-05T10:01:00-05:00,0.0,3.1000000000000085,3347.0399999999668,2025-12-05T10:31:00-05:00,0.0,5.399999999999977,-1252.959999999971,2025-12-05T11:31:00-05:00,0.0,5.349999999999994,-1152.960000000005,2025-12-05T16:00:00-05:00,0.0,,,2025-12-05T16:15:00-05:00,85500.0,,,2025-12-05T16:15:00-05:00,171900.0,10.0,-10352.960000000015,2025-12-08T16:00:00-05:00,0.0,0.0,hit,0.0,hit,3.0,hit,19.0,hit,19.0,hit,19.0,hit,,never_hit,107.0,hit,121.0,hit,4376.0,hit,4380.0,hit,4401.0,hit,4464.0,hit,5.399999999999977,3,False,False,False,False,,5.399999999999977,3,False,False,False,False,,5.399999999999977,3,False,False,False,False,,,,True,True,True,False,3.950000000000003,19.0,2025-12-05T09:50:00-05:00,0.9499999999999886,7647.040000000006,4321.0,2025-12-08T09:32:00-05:00,2.8500000000000014,3847.039999999981,4322.0,2025-12-08T09:33:00-05:00,2.799999999999997,3947.0399999999895,20.0,2025-12-05T09:51:00-05:00,4.6000000000000085,347.0399999999666,19.0,2025-12-05T09:50:00-05:00,0.9499999999999886,7647.040000000006,,,,,,,,,20.0,2025-12-05T09:51:00-05:00,4.6000000000000085,347.0399999999666,19.0,2025-12-05T09:50:00-05:00,0.9499999999999886,7647.040000000006,,,,,,,,,20.0,2025-12-05T09:51:00-05:00,4.6000000000000085,347.0399999999666,,,,,,,,,,,,,,,,,3105
2025-12-05,2025-12-08,3,6.0,2025-12-05T09:31:00-05:00,6.0,NDXP  251208P25810000,NDXP  251208P25800000,validation,False,False,0,0,0,75,0,719,available,False,2025-12-05T09:31:00-05:00,2025-12-08T16:00:00-05:00,9.75,-7752.960000000001,0.0,last_observed_quote_not_settlement,3916.0,548,58,5.900000000000034,-52.9600000000675,2025-12-05T09:32:00-05:00,0.0,5.550000000000011,647.0399999999779,2025-12-05T09:33:00-05:00,0.0,6.050000000000011,-352.96000000002203,2025-12-05T09:36:00-05:00,0.0,6.800000000000011,-1852.960000000022,2025-12-05T09:41:00-05:00,0.0,6.350000000000023,-952.9600000000448,2025-12-05T09:46:00-05:00,0.0,5.600000000000023,547.0399999999552,2025-12-05T10:01:00-05:00,0.0,4.3999999999999915,2947.0400000000177,2025-12-05T10:31:00-05:00,0.0,6.699999999999989,-1652.9599999999766,2025-12-05T11:31:00-05:00,0.0,6.75,-1752.9599999999994,2025-12-05T16:00:00-05:00,0.0,,,2025-12-05T16:15:00-05:00,85500.0,,,2025-12-05T16:15:00-05:00,171900.0,9.75,-7752.960000000001,2025-12-08T16:00:00-05:00,0.0,3.0,hit,25.0,hit,63.0,hit,76.0,hit,76.0,hit,,never_hit,,never_hit,10.0,hit,12.0,hit,12.0,hit,14.0,hit,4388.0,hit,4394.0,hit,8.549999999999983,9,True,True,False,False,,8.549999999999983,9,True,True,False,False,,,,True,True,True,False,4.3999999999999915,,,True,True,True,False,4.3999999999999915,76.0,2025-12-05T10:47:00-05:00,1.6000000000000085,8547.039999999985,,,,,,,,,77.0,2025-12-05T10:48:00-05:00,4.6000000000000085,2547.0399999999836,76.0,2025-12-05T10:47:00-05:00,1.6000000000000085,8547.039999999985,,,,,,,,,77.0,2025-12-05T10:48:00-05:00,4.6000000000000085,2547.0399999999836,,,,,,,,,,,,,,,,,,,,,,,,,,,,,,,,,3106
2025-12-05,2025-12-08,3,7.0,2025-12-05T09:31:00-05:00,7.0,NDXP  251208P25830000,NDXP  251208P25820000,validation,False,False,0,0,0,49,0,745,available,False,2025-12-05T09:31:00-05:00,2025-12-08T15:59:00-05:00,10.0,-6152.96,1.0,last_observed_quote_not_settlement,3916.0,457,145,5.449999999999989,2847.0400000000236,2025-12-05T09:32:00-05:00,0.0,4.849999999999966,4047.040000000069,2025-12-05T09:33:00-05:00,0.0,6.100000000000023,1547.0399999999552,2025-12-05T09:36:00-05:00,0.0,6.800000000000011,147.03999999997797,2025-12-05T09:41:00-05:00,0.0,6.449999999999989,847.0400000000234,2025-12-05T09:46:00-05:00,0.0,5.5,2747.040000000001,2025-12-05T10:01:00-05:00,0.0,4.5,4747.040000000001,2025-12-05T10:31:00-05:00,0.0,7.150000000000034,-552.9600000000676,2025-12-05T11:31:00-05:00,0.0,5.900000000000034,1947.0399999999324,2025-12-05T16:00:00-05:00,0.0,,,2025-12-05T16:15:00-05:00,85500.0,,,2025-12-05T16:15:00-05:00,171900.0,,,2025-12-08T15:59:00-05:00,60.0,1.0,hit,2.0,hit,100.0,hit,,never_hit,,never_hit,,never_hit,,never_hit,97.0,hit,97.0,hit,0.0,hit,97.0,hit,166.0,hit,4368.0,hit,,,True,True,True,False,3.0999999999999943,,,True,True,True,False,3.0999999999999943,,,True,True,True,False,3.0999999999999943,,,True,True,True,False,3.0999999999999943,,,,,,,,,,,,,,,,,,,,,,,,,,,,,,,,,,,,,,,,,,,,,,,,,,,,,,,,,,,,,,,,,3107
2025-12-08,2025-12-10,2,5.0,2025-12-08T09:31:00-05:00,4.899999999999977,NDXP  251210P25890000,NDXP  251210P25880000,validation,False,False,0,0,0,6,1,1192,available,False,2025-12-08T09:31:00-05:00,2025-12-10T16:00:00-05:00,10.0,-10352.960000000045,0.0,last_observed_quote_not_settlement,1036.0,1181,0,4.950000000000017,-352.9600000000789,2025-12-08T09:32:00-05:00,0.0,5.099999999999966,-652.9599999999766,2025-12-08T09:33:00-05:00,0.0,5.099999999999966,-652.9599999999766,2025-12-08T09:36:00-05:00,0.0,5.599999999999994,-1652.9600000000335,2025-12-08T09:41:00-05:00,0.0,5.650000000000006,-1752.9600000000562,2025-12-08T09:46:00-05:00,0.0,6.299999999999983,-3052.9600000000105,2025-12-08T10:01:00-05:00,0.0,6.4500000000000455,-3352.9600000001356,2025-12-08T10:31:00-05:00,0.0,7.500000000000057,-5452.960000000158,2025-12-08T11:31:00-05:00,0.0,7.399999999999977,-5252.959999999999,2025-12-08T16:00:00-05:00,0.0,7.750000000000028,-5952.960000000102,2025-12-09T16:00:00-05:00,0.0,10.0,-10352.960000000045,2025-12-10T16:00:00-05:00,0.0,,,,,0.0,hit,0.0,hit,,never_hit,,never_hit,,never_hit,,never_hit,,never_hit,6.0,hit,8.0,hit,32.0,hit,32.0,hit,32.0,hit,2893.0,hit,,,True,True,True,False,0.0,,,True,True,True,False,0.0,,,True,True,True,False,0.0,,,True,True,True,False,0.0,,,,,,,,,,,,,,,,,,,,,,,,,,,,,,,,,,,,,,,,,,,,,,,,,,,,,,,,,,,,,,,,,3108
2025-12-08,2025-12-10,2,6.0,2025-12-08T09:31:00-05:00,6.050000000000011,NDXP  251210P25970000,NDXP  251210P25960000,validation,False,False,0,0,0,31,1,1167,available,False,2025-12-08T09:31:00-05:00,2025-12-10T16:00:00-05:00,10.0,-8052.959999999977,0.0,last_observed_quote_not_settlement,1036.0,1137,3,5.849999999999966,147.04000000009165,2025-12-08T09:32:00-05:00,0.0,6.0,-152.95999999997656,2025-12-08T09:33:00-05:00,0.0,6.199999999999989,-552.9599999999539,2025-12-08T09:36:00-05:00,0.0,5.75,347.04000000002344,2025-12-08T09:41:00-05:00,0.0,6.400000000000034,-952.9600000000448,2025-12-08T09:46:00-05:00,0.0,7.150000000000034,-2452.9600000000446,2025-12-08T10:01:00-05:00,0.0,7.699999999999932,-3552.95999999984,2025-12-08T10:31:00-05:00,0.0,8.400000000000034,-4952.960000000046,2025-12-08T11:31:00-05:00,0.0,8.25,-4652.959999999978,2025-12-08T16:00:00-05:00,0.0,8.600000000000023,-5352.960000000024,2025-12-09T16:00:00-05:00,0.0,10.0,-8052.959999999977,2025-12-10T16:00:00-05:00,0.0,,,,,,never_hit,,never_hit,,never_hit,,never_hit,,never_hit,,never_hit,,never_hit,3.0,hit,18.0,hit,18.0,hit,70.0,hit,266.0,hit,270.0,hit,,,True,True,True,False,0.30000000000001137,,,True,True,True,False,0.30000000000001137,,,True,True,True,False,0.30000000000001137,,,True,True,True,False,0.30000000000001137,,,,,,,,,,,,,,,,,,,,,,,,,,,,,,,,,,,,,,,,,,,,,,,,,,,,,,,,,,,,,,,,,3109
2025-12-08,2025-12-10,2,7.0,2025-12-08T09:31:00-05:00,7.050000000000011,NDXP  251210P26070000,NDXP  251210P26060000,validation,False,False,0,0,3,127,1,1061,available,False,2025-12-08T09:31:00-05:00,2025-12-10T16:00:00-05:00,9.850000000000023,-5852.960000000024,0.0,last_observed_quote_not_settlement,1036.0,941,18,7.5,-1152.9599999999766,2025-12-08T09:32:00-05:00,0.0,7.149999999999977,-452.9599999999311,2025-12-08T09:33:00-05:00,0.0,7.2999999999999545,-752.9599999998857,2025-12-08T09:36:00-05:00,0.0,7.449999999999989,-1052.9599999999539,2025-12-08T09:41:00-05:00,0.0,7.600000000000023,-1352.960000000022,2025-12-08T09:46:00-05:00,0.0,7.75,-1652.9599999999766,2025-12-08T10:01:00-05:00,0.0,8.650000000000034,-3452.9600000000464,2025-12-08T10:31:00-05:00,0.0,9.050000000000011,-4252.960000000001,2025-12-08T11:31:00-05:00,0.0,8.700000000000045,-3552.960000000069,2025-12-08T16:00:00-05:00,0.0,9.650000000000034,-5452.960000000046,2025-12-09T16:00:00-05:00,0.0,9.850000000000023,-5852.960000000024,2025-12-10T16:00:00-05:00,0.0,,,,,32.0,hit,2909.0,hit,,never_hit,,never_hit,,never_hit,,never_hit,,never_hit,11.0,hit,18.0,hit,0.0,hit,18.0,hit,63.0,hit,117.0,hit,,,True,True,True,False,2.25,,,True,True,True,False,2.25,,,True,True,True,False,2.25,,,True,True,True,False,2.25,,,,,,,,,,,,,,,,,,,,,,,,,,,,,,,,,,,,,,,,,,,,,,,,,,,,,,,,,,,,,,,,,3110
2025-12-08,2025-12-11,3,5.0,2025-12-08T09:31:00-05:00,5.0,NDXP  251211P25860000,NDXP  251211P25850000,validation,False,False,0,0,6,87,0,1508,available,False,2025-12-08T09:31:00-05:00,2025-12-11T16:00:00-05:00,9.400000000000006,-9052.960000000012,0.0,last_observed_quote_not_settlement,1036.0,1388,38,5.350000000000023,-952.9600000000448,2025-12-08T09:32:00-05:00,0.0,4.949999999999989,-152.95999999997656,2025-12-08T09:33:00-05:00,0.0,4.949999999999989,-152.95999999997656,2025-12-08T09:36:00-05:00,0.0,5.150000000000006,-552.9600000000107,2025-12-08T09:41:00-05:00,0.0,5.0,-252.9599999999993,2025-12-08T09:46:00-05:00,0.0,5.2999999999999545,-852.9599999999084,2025-12-08T10:01:00-05:00,0.0,6.800000000000011,-3852.960000000022,2025-12-08T10:31:00-05:00,0.0,6.550000000000011,-3352.960000000022,2025-12-08T11:31:00-05:00,0.0,6.399999999999977,-3052.9599999999537,2025-12-08T16:00:00-05:00,0.0,7.149999999999977,-4552.959999999954,2025-12-09T16:00:00-05:00,0.0,6.150000000000006,-2552.9600000000105,2025-12-10T16:00:00-05:00,0.0,9.400000000000006,-9052.960000000012,2025-12-11T16:00:00-05:00,0.0,0.0,hit,0.0,hit,1607.0,hit,2923.0,hit,4354.0,hit,,never_hit,,never_hit,18.0,hit,18.0,hit,113.0,hit,129.0,hit,2907.0,hit,2916.0,hit,9.650000000000034,829,True,True,True,True,,9.999999999999943,1173,True,True,True,True,,,,True,True,True,False,3.0,,,True,True,True,False,3.0,2923.0,2025-12-10T10:14:00-05:00,2.9499999999999886,3847.0400000000236,,,,,,,,,2924.0,2025-12-10T10:15:00-05:00,7.75,-5752.959999999999,,,,,,,,,,,,,,,,,,,,,,,,,,,,,,,,,,,,,,,,,,,,,,,,,3111
2025-12-08,2025-12-11,3,6.0,2025-12-08T09:31:00-05:00,6.050000000000011,NDXP  251211P25990000,NDXP  251211P25980000,validation,False,False,0,0,3,67,0,1532,available,False,2025-12-08T09:31:00-05:00,2025-12-11T16:00:00-05:00,8.149999999999977,-4452.959999999933,0.0,last_observed_quote_not_settlement,1036.0,1451,19,5.600000000000023,647.0399999999779,2025-12-08T09:32:00-05:00,0.0,5.849999999999966,147.04000000009165,2025-12-08T09:33:00-05:00,0.0,6.0499999999999545,-252.9599999998856,2025-12-08T09:36:00-05:00,0.0,5.75,347.04000000002344,2025-12-08T09:41:00-05:00,0.0,7.149999999999977,-2452.959999999931,2025-12-08T09:46:00-05:00,0.0,6.650000000000034,-1452.9600000000448,2025-12-08T10:01:00-05:00,0.0,7.2000000000000455,-2552.9600000000673,2025-12-08T10:31:00-05:00,0.0,7.099999999999966,-2352.959999999908,2025-12-08T11:31:00-05:00,0.0,7.900000000000034,-3952.9600000000446,2025-12-08T16:00:00-05:00,0.0,8.550000000000011,-5252.960000000001,2025-12-09T16:00:00-05:00,0.0,7.849999999999994,-3852.959999999965,2025-12-10T16:00:00-05:00,0.0,8.149999999999977,-4452.959999999933,2025-12-11T16:00:00-05:00,0.0,3.0,hit,3208.0,hit,,never_hit,,never_hit,,never_hit,,never_hit,,never_hit,15.0,hit,15.0,hit,15.0,hit,91.0,hit,108.0,hit,191.0,hit,,,True,True,True,False,1.950000000000017,,,True,True,True,False,1.950000000000017,,,True,True,True,False,1.950000000000017,,,True,True,True,False,1.950000000000017,,,,,,,,,,,,,,,,,,,,,,,,,,,,,,,,,,,,,,,,,,,,,,,,,,,,,,,,,,,,,,,,,3112
2025-12-08,2025-12-11,3,7.0,2025-12-08T09:31:00-05:00,7.0,NDXP  251211P26110000,NDXP  251211P26100000,validation,False,False,0,0,1,187,0,1411,available,False,2025-12-08T09:31:00-05:00,2025-12-11T15:57:00-05:00,10.0,-6152.96,3.0,last_observed_quote_not_settlement,1037.0,1263,41,7.550000000000068,-1352.9600000001358,2025-12-08T09:32:00-05:00,0.0,6.300000000000011,1147.039999999978,2025-12-08T09:33:00-05:00,0.0,7.0,-252.9599999999993,2025-12-08T09:36:00-05:00,0.0,7.699999999999989,-1652.9599999999766,2025-12-08T09:41:00-05:00,0.0,7.2999999999999545,-852.9599999999084,2025-12-08T09:46:00-05:00,0.0,7.649999999999977,-1552.9599999999539,2025-12-08T10:01:00-05:00,0.0,7.599999999999966,-1452.9599999999311,2025-12-08T10:31:00-05:00,0.0,8.25,-2752.960000000001,2025-12-08T11:31:00-05:00,0.0,8.449999999999932,-3152.9599999998645,2025-12-08T16:00:00-05:00,0.0,8.800000000000011,-3852.9600000000237,2025-12-09T16:00:00-05:00,0.0,9.399999999999977,-5052.9599999999555,2025-12-10T16:00:00-05:00,0.0,,,2025-12-11T15:57:00-05:00,180.0,1650.0,hit,1650.0,hit,1650.0,hit,1650.0,hit,,never_hit,,never_hit,,never_hit,1.0,hit,18.0,hit,0.0,hit,18.0,hit,22.0,hit,116.0,hit,10.0,580,True,True,True,True,,,,True,True,True,False,4.5,,,True,True,True,False,4.5,,,True,True,True,False,4.5,1650.0,2025-12-09T13:01:00-05:00,2.5,8747.04,,,,,,,,,1651.0,2025-12-09T13:02:00-05:00,8.649999999999977,-3552.9599999999555,,,,,,,,,,,,,,,,,,,,,,,,,,,,,,,,,,,,,,,,,,,,,,,,,3113
2025-12-09,2025-12-11,2,5.0,2025-12-09T09:31:00-05:00,5.0,NDXP  251211P25620000,NDXP  251211P25610000,validation,False,False,0,0,4,0,0,1189,available,False,2025-12-09T09:31:00-05:00,2025-12-11T15:51:00-05:00,0.14999999999999997,9447.04,9.0,last_observed_quote_not_settlement,1036.0,261,48,5.5,-1252.9599999999994,2025-12-09T09:32:00-05:00,0.0,5.0,-252.9599999999993,2025-12-09T09:33:00-05:00,0.0,4.75,247.04000000000067,2025-12-09T09:36:00-05:00,0.0,4.900000000000006,-52.96000000001066,2025-12-09T09:41:00-05:00,0.0,4.75,247.04000000000067,2025-12-09T09:46:00-05:00,0.0,4.899999999999977,-52.959999999953816,2025-12-09T10:01:00-05:00,0.0,4.349999999999994,1047.040000000012,2025-12-09T10:31:00-05:00,0.0,4.0,1747.0400000000006,2025-12-09T11:31:00-05:00,0.0,4.049999999999983,1647.0400000000348,2025-12-09T16:00:00-05:00,0.0,1.75,6247.040000000001,2025-12-10T16:00:00-05:00,0.0,,,2025-12-11T15:51:00-05:00,540.0,,,,,0.0,hit,0.0,hit,95.0,hit,1441.0,hit,1774.0,hit,3186.0,hit,3260.0,hit,1.0,hit,1450.0,hit,1450.0,hit,1450.0,hit,2915.0,hit,3004.0,hit,5.5,4,False,False,False,False,,8.949999999999989,43,True,True,False,False,,9.75,261,True,True,True,True,,9.75,261,True,True,True,True,,1441.0,2025-12-10T09:32:00-05:00,2.4000000000000057,4947.039999999989,1764.0,2025-12-10T14:55:00-05:00,2.8500000000000085,4047.0399999999836,1765.0,2025-12-10T14:56:00-05:00,2.6499999999999915,4447.040000000018,1442.0,2025-12-10T09:33:00-05:00,4.650000000000034,447.0399999999325,1778.0,2025-12-10T15:09:00-05:00,1.9000000000000057,5947.039999999989,1797.0,2025-12-10T15:28:00-05:00,1.8000000000000043,6147.039999999992,1798.0,2025-12-10T15:29:00-05:00,1.8999999999999986,5947.040000000004,1779.0,2025-12-10T15:10:00-05:00,2.1499999999999915,5447.040000000018,3194.0,2025-12-11T14:45:00-05:00,0.8499999999999996,8047.040000000002,3195.0,2025-12-11T14:46:00-05:00,0.9499999999999993,7847.040000000002,3196.0,2025-12-11T14:47:00-05:00,0.8000000000000007,8147.04,3195.0,2025-12-11T14:46:00-05:00,0.9499999999999993,7847.040000000002,3260.0,2025-12-11T15:51:00-05:00,0.14999999999999997,9447.04,,,,,,,,,,,,,3114
2025-12-09,2025-12-11,2,6.0,2025-12-09T09:31:00-05:00,5.849999999999966,NDXP  251211P25970000,NDXP  251211P25960000,validation,False,False,0,0,0,80,0,1116,available,False,2025-12-09T09:31:00-05:00,2025-12-11T15:59:00-05:00,10.0,-8452.960000000066,1.0,last_observed_quote_not_settlement,1036.0,1036,15,7.9500000000000455,-4452.96000000016,2025-12-09T09:32:00-05:00,0.0,8.050000000000011,-4652.960000000092,2025-12-09T09:33:00-05:00,0.0,9.5,-7552.960000000069,2025-12-09T09:36:00-05:00,0.0,7.100000000000023,-2752.960000000113,2025-12-09T09:41:00-05:00,0.0,8.0,-4552.960000000069,2025-12-09T09:46:00-05:00,0.0,7.849999999999966,-4252.959999999999,2025-12-09T10:01:00-05:00,0.0,7.250000000000057,-3052.960000000181,2025-12-09T10:31:00-05:00,0.0,7.400000000000091,-3352.9600000002492,2025-12-09T11:31:00-05:00,0.0,7.550000000000011,-3652.96000000009,2025-12-09T16:00:00-05:00,0.0,8.899999999999977,-6352.960000000024,2025-12-10T16:00:00-05:00,0.0,,,2025-12-11T15:59:00-05:00,60.0,,,,,1770.0,hit,1770.0,hit,1770.0,hit,1834.0,hit,1844.0,hit,,never_hit,,never_hit,1.0,hit,1.0,hit,1.0,hit,2.0,hit,5.0,hit,5.0,hit,9.799999999999955,769,True,True,True,True,,9.799999999999955,778,True,True,True,True,,,,True,True,True,False,3.999999999999943,,,True,True,True,False,3.999999999999943,1834.0,2025-12-10T16:05:00-05:00,2.5500000000000114,6347.03999999991,,,,,,,,,1835.0,2025-12-10T16:06:00-05:00,8.0,-4552.960000000069,1844.0,2025-12-10T16:15:00-05:00,1.8500000000000227,7747.039999999887,,,,,,,,,,,,,,,,,,,,,,,,,,,,,,,,,,,,,,,,,,,,,3115
2025-12-09,2025-12-11,2,7.0,2025-12-09T09:31:00-05:00,6.9500000000000455,NDXP  251211P26000000,NDXP  251211P25990000,validation,False,False,0,0,1,123,0,1071,available,False,2025-12-09T09:31:00-05:00,2025-12-11T15:59:00-05:00,10.0,-6252.959999999909,1.0,last_observed_quote_not_settlement,1037.0,954,40,8.150000000000034,-2652.959999999978,2025-12-09T09:32:00-05:00,0.0,8.150000000000034,-2652.959999999978,2025-12-09T09:33:00-05:00,0.0,7.900000000000034,-2152.9599999999764,2025-12-09T09:36:00-05:00,0.0,8.049999999999955,-2452.959999999819,2025-12-09T09:41:00-05:00,0.0,8.0,-2352.95999999991,2025-12-09T09:46:00-05:00,0.0,7.899999999999977,-2152.9599999998627,2025-12-09T10:01:00-05:00,0.0,7.949999999999989,-2252.9599999998854,2025-12-09T10:31:00-05:00,0.0,7.7000000000000455,-1752.9599999999994,2025-12-09T11:31:00-05:00,0.0,7.249999999999943,-852.9599999997947,2025-12-09T16:00:00-05:00,0.0,8.25,-2852.95999999991,2025-12-10T16:00:00-05:00,0.0,,,2025-12-11T15:59:00-05:00,60.0,,,,,1499.0,hit,,never_hit,,never_hit,,never_hit,,never_hit,,never_hit,,never_hit,1.0,hit,1.0,hit,1.0,hit,1.0,hit,14.0,hit,44.0,hit,,,True,True,True,False,1.4500000000000455,,,True,True,True,False,1.4500000000000455,,,True,True,True,False,1.4500000000000455,,,True,True,True,False,1.4500000000000455,,,,,,,,,,,,,,,,,,,,,,,,,,,,,,,,,,,,,,,,,,,,,,,,,,,,,,,,,,,,,,,,,3116
2025-12-09,2025-12-12,3,5.0,2025-12-09T09:31:00-05:00,4.949999999999989,NDXP  251212P25600000,NDXP  251212P25590000,validation,False,False,0,0,1,42,0,1560,available,False,2025-12-09T09:31:00-05:00,2025-12-12T15:58:00-05:00,9.699999999999989,-9752.960000000001,2.0,last_observed_quote_not_settlement,1036.0,462,45,4.849999999999994,-52.96000000001066,2025-12-09T09:32:00-05:00,0.0,4.5,647.0399999999779,2025-12-09T09:33:00-05:00,0.0,4.699999999999989,247.04000000000067,2025-12-09T09:36:00-05:00,0.0,4.800000000000011,47.039999999955235,2025-12-09T09:41:00-05:00,0.0,4.599999999999966,447.0400000000462,2025-12-09T09:46:00-05:00,0.0,4.399999999999977,847.0400000000234,2025-12-09T10:01:00-05:00,0.0,4.100000000000023,1447.0399999999324,2025-12-09T10:31:00-05:00,0.0,3.8499999999999943,1947.0399999999893,2025-12-09T11:31:00-05:00,0.0,3.6000000000000227,2447.0399999999327,2025-12-09T16:00:00-05:00,0.0,2.8999999999999915,3847.039999999995,2025-12-10T16:00:00-05:00,0.0,3.0,3647.039999999978,2025-12-11T16:00:00-05:00,0.0,,,2025-12-12T15:58:00-05:00,120.0,0.0,hit,0.0,hit,75.0,hit,1763.0,hit,1785.0,hit,,never_hit,,never_hit,1753.0,hit,1753.0,hit,1753.0,hit,2901.0,hit,2901.0,hit,4376.0,hit,7.350000000000023,14,True,False,False,False,,7.350000000000023,14,True,False,False,False,,,,True,True,True,False,2.9999999999999716,,,True,True,True,False,2.9999999999999716,1765.0,2025-12-10T14:56:00-05:00,2.8500000000000085,3947.039999999961,1766.0,2025-12-10T14:57:00-05:00,2.749999999999986,4147.040000000006,1767.0,2025-12-10T14:58:00-05:00,2.8499999999999943,3947.0399999999895,1766.0,2025-12-10T14:57:00-05:00,2.749999999999986,4147.040000000006,,,,,,,,,,,,,,,,,,,,,,,,,,,,,,,,,,,,,,,,,,,,,,,,,3117
2025-12-09,2025-12-12,3,6.0,2025-12-09T09:31:00-05:00,5.9500000000000455,NDXP  251212P25820000,NDXP  251212P25810000,validation,False,False,0,0,7,72,0,1524,available,False,2025-12-09T09:31:00-05:00,2025-12-12T15:59:00-05:00,10.0,-8252.959999999908,1.0,last_observed_quote_not_settlement,1036.0,948,201,6.199999999999989,-752.9599999998857,2025-12-09T09:32:00-05:00,0.0,6.550000000000011,-1452.9599999999311,2025-12-09T09:33:00-05:00,0.0,6.25,-852.9599999999084,2025-12-09T09:36:00-05:00,0.0,6.100000000000023,-552.9599999999539,2025-12-09T09:41:00-05:00,0.0,5.550000000000011,547.0400000000689,2025-12-09T09:46:00-05:00,0.0,5.899999999999977,-152.95999999986287,2025-12-09T10:01:00-05:00,0.0,5.800000000000011,47.04000000006892,2025-12-09T10:31:00-05:00,0.0,5.75,147.04000000009165,2025-12-09T11:31:00-05:00,0.0,5.849999999999966,-52.95999999984013,2025-12-09T16:00:00-05:00,0.0,4.199999999999989,3247.0400000001146,2025-12-10T16:00:00-05:00,0.0,6.849999999999994,-2052.959999999897,2025-12-11T16:00:00-05:00,0.0,,,2025-12-12T15:59:00-05:00,60.0,43.0,hit,43.0,hit,198.0,hit,198.0,hit,198.0,hit,198.0,hit,,never_hit,2.0,hit,51.0,hit,51.0,hit,139.0,hit,1486.0,hit,1486.0,hit,8.000000000000057,58,True,True,False,False,,8.000000000000057,58,True,True,False,False,,8.000000000000057,58,True,True,False,False,,,,True,True,True,False,5.0,198.0,2025-12-09T12:49:00-05:00,0.9500000000000455,9747.04,,,,,,,,,199.0,2025-12-09T12:50:00-05:00,5.499999999999943,647.0400000002053,198.0,2025-12-09T12:49:00-05:00,0.9500000000000455,9747.04,,,,,,,,,199.0,2025-12-09T12:50:00-05:00,5.499999999999943,647.0400000002053,,,,,,,,,,,,,,,,,,,,,,,,,,,,,,,,,3118
2025-12-09,2025-12-12,3,7.0,2025-12-09T09:31:00-05:00,7.0499999999999545,NDXP  251212P25980000,NDXP  251212P25970000,validation,False,False,0,0,4,118,0,1479,available,False,2025-12-09T09:31:00-05:00,2025-12-12T15:59:00-05:00,9.200000000000045,-4552.960000000183,1.0,last_observed_quote_not_settlement,1036.0,941,148,7.400000000000034,-952.9600000001585,2025-12-09T09:32:00-05:00,0.0,5.500000000000057,2847.0399999997962,2025-12-09T09:33:00-05:00,0.0,7.300000000000011,-752.960000000113,2025-12-09T09:36:00-05:00,0.0,7.25,-652.9600000000903,2025-12-09T09:41:00-05:00,0.0,7.25,-652.9600000000903,2025-12-09T09:46:00-05:00,0.0,8.25,-2652.960000000092,2025-12-09T10:01:00-05:00,0.0,7.099999999999909,-352.95999999990835,2025-12-09T10:31:00-05:00,0.0,6.850000000000023,147.03999999986428,2025-12-09T11:31:00-05:00,0.0,6.899999999999977,47.039999999955235,2025-12-09T16:00:00-05:00,0.0,5.349999999999966,3147.039999999978,2025-12-10T16:00:00-05:00,0.0,8.449999999999932,-3052.9599999999555,2025-12-11T16:00:00-05:00,0.0,,,2025-12-12T15:59:00-05:00,60.0,37.0,hit,37.0,hit,37.0,hit,37.0,hit,,never_hit,,never_hit,,never_hit,24.0,hit,30.0,hit,0.0,hit,30.0,hit,1445.0,hit,1680.0,hit,8.349999999999966,25,True,True,False,False,,,,True,True,True,False,4.7999999999999545,,,True,True,True,False,4.7999999999999545,,,True,True,True,False,4.7999999999999545,37.0,2025-12-09T10:08:00-05:00,2.599999999999966,8647.039999999979,,,,,,,,,38.0,2025-12-09T10:09:00-05:00,7.449999999999989,-1052.9600000000676,,,,,,,,,,,,,,,,,,,,,,,,,,,,,,,,,,,,,,,,,,,,,,,,,3119
2025-12-10,2025-12-12,2,5.0,2025-12-10T09:31:00-05:00,5.0,NDXP  251212P25690000,NDXP  251212P25680000,validation,False,False,0,0,1,67,0,1131,available,False,2025-12-10T09:31:00-05:00,2025-12-12T15:59:00-05:00,9.999999999999943,-10152.96,1.0,last_observed_quote_not_settlement,1036.0,743,68,3.3999999999999773,2947.0400000000463,2025-12-10T09:32:00-05:00,0.0,5.0,-252.9599999999993,2025-12-10T09:33:00-05:00,0.0,5.7000000000000455,-1652.9600000000903,2025-12-10T09:36:00-05:00,0.0,5.650000000000006,-1552.9600000000107,2025-12-10T09:41:00-05:00,0.0,5.0,-252.9599999999993,2025-12-10T09:46:00-05:00,0.0,5.25,-752.9599999999994,2025-12-10T10:01:00-05:00,0.0,5.000000000000028,-252.96000000005614,2025-12-10T10:31:00-05:00,0.0,5.0,-252.9599999999993,2025-12-10T11:31:00-05:00,0.0,2.4000000000000057,4947.039999999989,2025-12-10T16:00:00-05:00,0.0,4.250000000000014,1247.0399999999722,2025-12-11T16:00:00-05:00,0.0,,,2025-12-12T15:59:00-05:00,60.0,,,,,0.0,hit,0.0,hit,1.0,hit,36.0,hit,3250.0,hit,,never_hit,,never_hit,3.0,hit,87.0,hit,87.0,hit,272.0,hit,1501.0,hit,1501.0,hit,5.7000000000000455,25,False,False,False,False,,10.0,730,True,True,True,True,,,,True,True,True,False,3.3500000000000227,,,True,True,True,False,3.3500000000000227,36.0,2025-12-10T10:07:00-05:00,2.799999999999983,4147.0400000000345,,,,,,,,,37.0,2025-12-10T10:08:00-05:00,5.199999999999989,-652.9599999999766,3250.0,2025-12-12T15:41:00-05:00,1.6499999999999773,6447.040000000046,,,,,,,,,3251.0,2025-12-12T15:42:00-05:00,9.799999999999955,-9852.95999999991,,,,,,,,,,,,,,,,,,,,,,,,,,,,,,,,,3120
2025-12-10,2025-12-12,2,6.0,2025-12-10T09:31:00-05:00,6.0,NDXP  251212P25820000,NDXP  251212P25810000,validation,False,False,0,0,7,72,0,1120,available,False,2025-12-10T09:31:00-05:00,2025-12-12T15:59:00-05:00,10.0,-8152.96,1.0,last_observed_quote_not_settlement,1036.0,865,120,5.949999999999932,-152.95999999986287,2025-12-10T09:32:00-05:00,0.0,6.899999999999977,-2052.9599999999537,2025-12-10T09:33:00-05:00,0.0,6.5,-1252.9599999999994,2025-12-10T09:36:00-05:00,0.0,7.25,-2752.959999999999,2025-12-10T09:41:00-05:00,0.0,6.300000000000011,-852.9600000000221,2025-12-10T09:46:00-05:00,0.0,3.8000000000000114,4147.039999999978,2025-12-10T10:01:00-05:00,0.0,5.850000000000023,47.039999999955235,2025-12-10T10:31:00-05:00,0.0,5.9500000000000455,-152.96000000009025,2025-12-10T11:31:00-05:00,0.0,4.199999999999989,3347.0400000000236,2025-12-10T16:00:00-05:00,0.0,6.849999999999994,-1952.959999999988,2025-12-11T16:00:00-05:00,0.0,,,2025-12-12T15:59:00-05:00,60.0,,,,,6.0,hit,12.0,hit,12.0,hit,43.0,hit,59.0,hit,,never_hit,,never_hit,2.0,hit,9.0,hit,9.0,hit,28.0,hit,46.0,hit,46.0,hit,8.350000000000023,30,True,True,False,False,,9.800000000000011,38,True,True,True,True,,,,True,True,True,False,4.850000000000023,,,True,True,True,False,4.850000000000023,43.0,2025-12-10T10:14:00-05:00,2.5,6747.040000000001,,,,,,,,,44.0,2025-12-10T10:15:00-05:00,7.050000000000011,-2352.960000000022,59.0,2025-12-10T10:30:00-05:00,1.1499999999999773,9447.040000000046,,,,,,,,,60.0,2025-12-10T10:31:00-05:00,5.850000000000023,47.039999999955235,,,,,,,,,,,,,,,,,,,,,,,,,,,,,,,,,3121
2025-12-10,2025-12-12,2,7.0,2025-12-10T09:31:00-05:00,7.0,NDXP  251212P25920000,NDXP  251212P25910000,validation,False,False,0,0,1,60,0,1130,available,False,2025-12-10T09:31:00-05:00,2025-12-12T15:59:00-05:00,10.0,-6152.96,1.0,last_observed_quote_not_settlement,1037.0,868,85,7.150000000000034,-552.9600000000676,2025-12-10T09:32:00-05:00,0.0,7.0,-252.9599999999993,2025-12-10T09:33:00-05:00,0.0,6.899999999999977,-52.959999999953816,2025-12-10T09:36:00-05:00,0.0,7.0,-252.9599999999993,2025-12-10T09:41:00-05:00,0.0,7.199999999999932,-652.9599999998629,2025-12-10T09:46:00-05:00,0.0,6.449999999999989,847.0400000000234,2025-12-10T10:01:00-05:00,0.0,7.100000000000023,-452.9600000000448,2025-12-10T10:31:00-05:00,0.0,7.050000000000068,-352.9600000001357,2025-12-10T11:31:00-05:00,0.0,6.050000000000011,1647.039999999978,2025-12-10T16:00:00-05:00,0.0,8.599999999999994,-3452.9599999999896,2025-12-11T16:00:00-05:00,0.0,,,2025-12-12T15:59:00-05:00,60.0,,,,,51.0,hit,51.0,hit,353.0,hit,3146.0,hit,3146.0,hit,,never_hit,,never_hit,66.0,hit,72.0,hit,0.0,hit,72.0,hit,1459.0,hit,1469.0,hit,10.0,766,True,True,True,True,,10.0,766,True,True,True,True,,,,True,True,True,False,5.600000000000023,,,True,True,True,False,5.600000000000023,3146.0,2025-12-12T13:57:00-05:00,1.3999999999999773,10947.040000000046,,,,,,,,,3147.0,2025-12-12T13:58:00-05:00,9.549999999999955,-5352.95999999991,3146.0,2025-12-12T13:57:00-05:00,1.3999999999999773,10947.040000000046,,,,,,,,,3147.0,2025-12-12T13:58:00-05:00,9.549999999999955,-5352.95999999991,,,,,,,,,,,,,,,,,,,,,,,,,,,,,,,,,3122
2025-12-12,2025-12-15,3,5.0,2025-12-12T09:31:00-05:00,5.050000000000011,NDXP  251215P25600000,NDXP  251215P25590000,validation,False,False,0,0,0,134,0,661,available,False,2025-12-12T09:31:00-05:00,2025-12-15T16:00:00-05:00,9.849999999999909,-9852.959999999795,0.0,last_observed_quote_not_settlement,3916.0,552,9,4.699999999999989,447.0400000000462,2025-12-12T09:32:00-05:00,0.0,5.699999999999989,-1552.9599999999539,2025-12-12T09:33:00-05:00,0.0,4.849999999999994,147.0400000000348,2025-12-12T09:36:00-05:00,0.0,4.700000000000017,447.03999999998933,2025-12-12T09:41:00-05:00,0.0,5.599999999999994,-1352.9599999999652,2025-12-12T09:46:00-05:00,0.0,6.699999999999989,-3552.9599999999537,2025-12-12T10:01:00-05:00,0.0,8.600000000000023,-7352.960000000024,2025-12-12T10:31:00-05:00,0.0,9.099999999999966,-8352.95999999991,2025-12-12T11:31:00-05:00,0.0,9.299999999999955,-8752.959999999886,2025-12-12T16:00:00-05:00,0.0,,,2025-12-12T16:15:00-05:00,85500.0,,,2025-12-12T16:15:00-05:00,171900.0,9.849999999999909,-9852.959999999795,2025-12-15T16:00:00-05:00,0.0,0.0,hit,1.0,hit,4359.0,hit,,never_hit,,never_hit,,never_hit,,never_hit,2.0,hit,18.0,hit,35.0,hit,44.0,hit,100.0,hit,100.0,hit,,,True,True,True,False,1.5000000000000568,,,True,True,True,False,1.5000000000000568,,,True,True,True,False,1.5000000000000568,,,True,True,True,False,1.5000000000000568,,,,,,,,,,,,,,,,,,,,,,,,,,,,,,,,,,,,,,,,,,,,,,,,,,,,,,,,,,,,,,,,,3123
2025-12-12,2025-12-15,3,6.0,2025-12-12T09:31:00-05:00,6.0,NDXP  251215P25650000,NDXP  251215P25640000,validation,False,False,0,0,0,114,0,681,available,False,2025-12-12T09:31:00-05:00,2025-12-15T15:59:00-05:00,10.0,-8152.96,1.0,last_observed_quote_not_settlement,3916.0,579,16,5.849999999999994,47.04000000001208,2025-12-12T09:32:00-05:00,0.0,6.349999999999994,-952.959999999988,2025-12-12T09:33:00-05:00,0.0,6.049999999999983,-352.9599999999652,2025-12-12T09:36:00-05:00,0.0,5.5,747.0400000000006,2025-12-12T09:41:00-05:00,0.0,6.150000000000006,-552.9600000000107,2025-12-12T09:46:00-05:00,0.0,6.300000000000011,-852.9600000000221,2025-12-12T10:01:00-05:00,0.0,8.550000000000011,-5352.960000000024,2025-12-12T10:31:00-05:00,0.0,9.049999999999955,-6352.95999999991,2025-12-12T11:31:00-05:00,0.0,,,2025-12-12T15:59:00-05:00,60.0,,,2025-12-12T16:15:00-05:00,85500.0,,,2025-12-12T16:15:00-05:00,171900.0,,,2025-12-15T15:59:00-05:00,60.0,9.0,hit,20.0,hit,404.0,hit,,never_hit,,never_hit,,never_hit,,never_hit,17.0,hit,32.0,hit,32.0,hit,37.0,hit,92.0,hit,108.0,hit,,,True,True,True,False,2.1000000000000227,,,True,True,True,False,2.1000000000000227,,,True,True,True,False,2.1000000000000227,,,True,True,True,False,2.1000000000000227,,,,,,,,,,,,,,,,,,,,,,,,,,,,,,,,,,,,,,,,,,,,,,,,,,,,,,,,,,,,,,,,,3124
2025-12-12,2025-12-15,3,7.0,2025-12-12T09:31:00-05:00,7.0,NDXP  251215P25710000,NDXP  251215P25700000,validation,False,False,0,0,0,145,0,650,available,False,2025-12-12T09:31:00-05:00,2025-12-15T15:59:00-05:00,10.0,-6152.96,1.0,last_observed_quote_not_settlement,3917.0,527,14,8.099999999999966,-2452.9599999999327,2025-12-12T09:32:00-05:00,0.0,7.399999999999977,-1052.9599999999539,2025-12-12T09:33:00-05:00,0.0,6.0,1747.0400000000006,2025-12-12T09:36:00-05:00,0.0,6.699999999999989,347.04000000002344,2025-12-12T09:41:00-05:00,0.0,7.650000000000034,-1552.9600000000676,2025-12-12T09:46:00-05:00,0.0,8.0,-2252.960000000001,2025-12-12T10:01:00-05:00,0.0,9.100000000000023,-4452.960000000046,2025-12-12T10:31:00-05:00,0.0,9.350000000000023,-4952.960000000046,2025-12-12T11:31:00-05:00,0.0,9.050000000000068,-4352.960000000137,2025-12-12T16:00:00-05:00,0.0,,,2025-12-12T16:14:00-05:00,85560.0,,,2025-12-12T16:14:00-05:00,171960.0,,,2025-12-15T15:59:00-05:00,60.0,376.0,hit,376.0,hit,,never_hit,,never_hit,,never_hit,,never_hit,,never_hit,1.0,hit,1.0,hit,0.0,hit,1.0,hit,32.0,hit,32.0,hit,,,True,True,True,False,2.300000000000068,,,True,True,True,False,2.300000000000068,,,True,True,True,False,2.300000000000068,,,True,True,True,False,2.300000000000068,,,,,,,,,,,,,,,,,,,,,,,,,,,,,,,,,,,,,,,,,,,,,,,,,,,,,,,,,,,,,,,,,3125
2025-12-15,2025-12-17,2,5.0,2025-12-15T09:31:00-05:00,5.0,NDXP  251217P25410000,NDXP  251217P25400000,validation,False,False,0,0,0,107,1,1092,available,False,2025-12-15T09:31:00-05:00,2025-12-17T16:00:00-05:00,6.75,-3752.959999999999,0.0,last_observed_quote_not_settlement,1036.0,1001,3,4.75,247.04000000000067,2025-12-15T09:32:00-05:00,0.0,4.800000000000011,147.03999999997797,2025-12-15T09:33:00-05:00,0.0,5.100000000000023,-452.9600000000448,2025-12-15T09:36:00-05:00,0.0,5.050000000000011,-352.96000000002203,2025-12-15T09:41:00-05:00,0.0,5.950000000000017,-2152.9600000000332,2025-12-15T09:46:00-05:00,0.0,6.75,-3752.959999999999,2025-12-15T10:01:00-05:00,0.0,7.600000000000023,-5452.960000000045,2025-12-15T10:31:00-05:00,0.0,7.399999999999977,-5052.959999999954,2025-12-15T11:31:00-05:00,0.0,8.350000000000023,-6952.960000000046,2025-12-15T16:00:00-05:00,0.0,9.200000000000045,-8652.960000000092,2025-12-16T16:00:00-05:00,0.0,6.75,-3752.959999999999,2025-12-17T16:00:00-05:00,0.0,,,,,0.0,hit,0.0,hit,6.0,hit,6.0,hit,6.0,hit,,never_hit,,never_hit,9.0,hit,12.0,hit,23.0,hit,51.0,hit,59.0,hit,59.0,hit,5.249999999999972,2,False,False,False,False,,5.249999999999972,2,False,False,False,False,,,,True,True,True,False,3.25,,,True,True,True,False,3.25,6.0,2025-12-15T09:37:00-05:00,1.75,6247.040000000001,,,,,,,,,7.0,2025-12-15T09:38:00-05:00,5.050000000000011,-352.96000000002203,6.0,2025-12-15T09:37:00-05:00,1.75,6247.040000000001,,,,,,,,,7.0,2025-12-15T09:38:00-05:00,5.050000000000011,-352.96000000002203,,,,,,,,,,,,,,,,,,,,,,,,,,,,,,,,,3126
2025-12-15,2025-12-17,2,6.0,2025-12-15T09:31:00-05:00,6.0,NDXP  251217P25530000,NDXP  251217P25520000,validation,False,False,0,0,0,194,1,1005,available,False,2025-12-15T09:31:00-05:00,2025-12-17T15:59:00-05:00,10.0,-8152.96,1.0,last_observed_quote_not_settlement,1039.0,851,7,5.949999999999989,-152.95999999997656,2025-12-15T09:32:00-05:00,0.0,6.100000000000023,-452.9600000000448,2025-12-15T09:33:00-05:00,0.0,5.599999999999966,547.0400000000689,2025-12-15T09:36:00-05:00,0.0,6.600000000000023,-1452.9600000000448,2025-12-15T09:41:00-05:00,0.0,8.300000000000068,-4852.960000000137,2025-12-15T09:46:00-05:00,0.0,7.7000000000000455,-3652.96000000009,2025-12-15T10:01:00-05:00,0.0,8.799999999999955,-5852.95999999991,2025-12-15T10:31:00-05:00,0.0,7.699999999999989,-3652.9599999999764,2025-12-15T11:31:00-05:00,0.0,,,2025-12-15T15:59:00-05:00,60.0,9.800000000000011,-7852.960000000024,2025-12-16T16:00:00-05:00,0.0,,,2025-12-17T15:59:00-05:00,60.0,,,,,404.0,hit,404.0,hit,404.0,hit,,never_hit,,never_hit,,never_hit,,never_hit,4.0,hit,12.0,hit,12.0,hit,15.0,hit,56.0,hit,72.0,hit,,,True,True,True,False,2.5,,,True,True,True,False,2.5,,,True,True,True,False,2.5,,,True,True,True,False,2.5,,,,,,,,,,,,,,,,,,,,,,,,,,,,,,,,,,,,,,,,,,,,,,,,,,,,,,,,,,,,,,,,,3127
2025-12-15,2025-12-17,2,7.0,2025-12-15T09:31:00-05:00,7.0499999999999545,NDXP  251217P25620000,NDXP  251217P25610000,validation,False,False,0,0,0,229,0,970,available,False,2025-12-15T09:31:00-05:00,2025-12-17T16:00:00-05:00,10.0,-6052.960000000091,0.0,last_observed_quote_not_settlement,1038.0,809,16,7.050000000000011,-252.96000000011298,2025-12-15T09:32:00-05:00,0.0,7.199999999999989,-552.9600000000676,2025-12-15T09:33:00-05:00,0.0,9.0,-4152.960000000092,2025-12-15T09:36:00-05:00,0.0,7.949999999999989,-2052.9600000000673,2025-12-15T09:41:00-05:00,0.0,7.999999999999943,-2152.959999999978,2025-12-15T09:46:00-05:00,0.0,8.5,-3152.960000000092,2025-12-15T10:01:00-05:00,0.0,8.950000000000045,-4052.960000000183,2025-12-15T10:31:00-05:00,0.0,8.600000000000023,-3352.9600000001374,2025-12-15T11:31:00-05:00,0.0,,,2025-12-15T15:59:00-05:00,60.0,8.850000000000023,-3852.9600000001374,2025-12-16T16:00:00-05:00,0.0,10.0,-6052.960000000091,2025-12-17T16:00:00-05:00,0.0,,,,,1695.0,hit,1695.0,hit,1695.0,hit,1695.0,hit,1695.0,hit,,never_hit,,never_hit,4.0,hit,5.0,hit,0.0,hit,5.0,hit,5.0,hit,66.0,hit,10.0,472,True,True,True,True,,10.0,472,True,True,True,True,,,,True,True,True,False,5.399999999999864,,,True,True,True,False,5.399999999999864,1695.0,2025-12-16T13:46:00-05:00,1.650000000000091,10547.039999999728,,,,,,,,,1696.0,2025-12-16T13:47:00-05:00,9.050000000000068,-4252.960000000228,1695.0,2025-12-16T13:46:00-05:00,1.650000000000091,10547.039999999728,,,,,,,,,1696.0,2025-12-16T13:47:00-05:00,9.050000000000068,-4252.960000000228,,,,,,,,,,,,,,,,,,,,,,,,,,,,,,,,,3128
2025-12-15,2025-12-18,3,5.0,2025-12-15T09:31:00-05:00,4.999999999999972,NDXP  251218P25450000,NDXP  251218P25440000,validation,False,False,0,0,1,165,0,1438,available,False,2025-12-15T09:31:00-05:00,2025-12-18T15:59:00-05:00,9.649999999999977,-9552.960000000012,1.0,last_observed_quote_not_settlement,1038.0,1299,8,5.099999999999994,-452.9600000000448,2025-12-15T09:32:00-05:00,0.0,5.099999999999994,-452.9600000000448,2025-12-15T09:33:00-05:00,0.0,5.94999999999996,-2152.9599999999764,2025-12-15T09:36:00-05:00,0.0,5.899999999999977,-2052.9600000000105,2025-12-15T09:41:00-05:00,0.0,6.349999999999966,-2952.9599999999878,2025-12-15T09:46:00-05:00,0.0,5.999999999999943,-2252.9599999999423,2025-12-15T10:01:00-05:00,0.0,7.2999999999999545,-4852.9599999999655,2025-12-15T10:31:00-05:00,0.0,5.0499999999999545,-352.9599999999652,2025-12-15T11:31:00-05:00,0.0,7.5,-5252.960000000056,2025-12-15T16:00:00-05:00,0.0,8.550000000000011,-7352.960000000081,2025-12-16T16:00:00-05:00,0.0,,,2025-12-17T15:58:00-05:00,120.0,,,2025-12-18T15:59:00-05:00,60.0,0.0,hit,0.0,hit,,never_hit,,never_hit,,never_hit,,never_hit,,never_hit,5.0,hit,6.0,hit,6.0,hit,6.0,hit,1444.0,hit,1497.0,hit,,,True,True,True,False,0.2500000000000284,,,True,True,True,False,0.2500000000000284,,,True,True,True,False,0.2500000000000284,,,True,True,True,False,0.2500000000000284,,,,,,,,,,,,,,,,,,,,,,,,,,,,,,,,,,,,,,,,,,,,,,,,,,,,,,,,,,,,,,,,,3129
2025-12-15,2025-12-18,3,6.0,2025-12-15T09:31:00-05:00,6.0,NDXP  251218P25580000,NDXP  251218P25570000,validation,False,False,0,0,1,260,0,1343,available,False,2025-12-15T09:31:00-05:00,2025-12-18T15:59:00-05:00,10.0,-8152.96,1.0,last_observed_quote_not_settlement,1037.0,1140,13,6.149999999999977,-552.9599999999539,2025-12-15T09:32:00-05:00,0.0,6.099999999999966,-452.9599999999311,2025-12-15T09:33:00-05:00,0.0,5.600000000000023,547.0399999999552,2025-12-15T09:36:00-05:00,0.0,6.650000000000034,-1552.9600000000676,2025-12-15T09:41:00-05:00,0.0,7.699999999999932,-3652.9599999998627,2025-12-15T09:46:00-05:00,0.0,7.5,-3252.959999999999,2025-12-15T10:01:00-05:00,0.0,8.100000000000023,-4452.960000000046,2025-12-15T10:31:00-05:00,0.0,7.5,-3252.959999999999,2025-12-15T11:31:00-05:00,0.0,8.399999999999977,-5052.9599999999555,2025-12-15T16:00:00-05:00,0.0,7.5,-3252.959999999999,2025-12-16T16:00:00-05:00,0.0,10.0,-8152.96,2025-12-17T16:00:00-05:00,0.0,,,2025-12-18T15:59:00-05:00,60.0,1844.0,hit,1844.0,hit,4542.0,hit,,never_hit,,never_hit,,never_hit,,never_hit,3.0,hit,15.0,hit,15.0,hit,27.0,hit,48.0,hit,196.0,hit,,,True,True,True,False,2.699999999999932,,,True,True,True,False,2.699999999999932,,,True,True,True,False,2.699999999999932,,,True,True,True,False,2.699999999999932,,,,,,,,,,,,,,,,,,,,,,,,,,,,,,,,,,,,,,,,,,,,,,,,,,,,,,,,,,,,,,,,,3130
2025-12-15,2025-12-18,3,7.0,2025-12-15T09:31:00-05:00,6.9500000000000455,NDXP  251218P25760000,NDXP  251218P25750000,validation,False,False,0,0,1,228,0,1375,available,False,2025-12-15T09:31:00-05:00,2025-12-18T15:59:00-05:00,10.0,-6252.959999999909,1.0,last_observed_quote_not_settlement,1036.0,1181,7,7.75,-1852.9599999999084,2025-12-15T09:32:00-05:00,0.0,6.5,647.0400000000916,2025-12-15T09:33:00-05:00,0.0,9.099999999999966,-4552.959999999842,2025-12-15T09:36:00-05:00,0.0,8.199999999999989,-2752.9599999998873,2025-12-15T09:41:00-05:00,0.0,9.450000000000045,-5252.960000000001,2025-12-15T09:46:00-05:00,0.0,8.700000000000045,-3752.960000000001,2025-12-15T10:01:00-05:00,0.0,9.099999999999909,-4552.959999999728,2025-12-15T10:31:00-05:00,0.0,8.75,-3852.95999999991,2025-12-15T11:31:00-05:00,0.0,9.5,-5352.95999999991,2025-12-15T16:00:00-05:00,0.0,9.799999999999955,-5952.959999999819,2025-12-16T16:00:00-05:00,0.0,7.900000000000091,-2152.96000000009,2025-12-17T16:00:00-05:00,0.0,,,2025-12-18T15:59:00-05:00,60.0,,never_hit,,never_hit,,never_hit,,never_hit,,never_hit,,never_hit,,never_hit,1.0,hit,4.0,hit,1.0,hit,4.0,hit,5.0,hit,54.0,hit,,,True,True,True,False,0.7999999999999545,,,True,True,True,False,0.7999999999999545,,,True,True,True,False,0.7999999999999545,,,True,True,True,False,0.7999999999999545,,,,,,,,,,,,,,,,,,,,,,,,,,,,,,,,,,,,,,,,,,,,,,,,,,,,,,,,,,,,,,,,,3131
2025-12-16,2025-12-18,2,5.0,2025-12-16T09:31:00-05:00,4.900000000000006,NDXP  251218P25060000,NDXP  251218P25050000,validation,False,False,0,0,0,1,0,1197,available,False,2025-12-16T09:31:00-05:00,2025-12-18T15:59:00-05:00,9.849999999999994,-10152.959999999977,1.0,last_observed_quote_not_settlement,1036.0,595,84,4.5,547.040000000012,2025-12-16T09:32:00-05:00,0.0,4.300000000000011,947.0399999999893,2025-12-16T09:33:00-05:00,0.0,4.75,47.04000000001208,2025-12-16T09:36:00-05:00,0.0,4.650000000000006,247.04000000000067,2025-12-16T09:41:00-05:00,0.0,5.049999999999983,-552.9599999999539,2025-12-16T09:46:00-05:00,0.0,3.799999999999983,1947.0400000000461,2025-12-16T10:01:00-05:00,0.0,5.200000000000017,-852.9600000000221,2025-12-16T10:31:00-05:00,0.0,5.400000000000006,-1252.9599999999994,2025-12-16T11:31:00-05:00,0.0,3.700000000000003,2147.0400000000063,2025-12-16T16:00:00-05:00,0.0,7.25,-4952.959999999988,2025-12-17T16:00:00-05:00,0.0,,,2025-12-18T15:59:00-05:00,60.0,,,,,0.0,hit,0.0,hit,12.0,hit,12.0,hit,2952.0,hit,,never_hit,,never_hit,55.0,hit,110.0,hit,1516.0,hit,1532.0,hit,1710.0,hit,1747.0,hit,5.25,2,False,False,False,False,,9.600000000000023,500,True,True,True,True,,,,True,True,True,False,3.850000000000005,,,True,True,True,False,3.850000000000005,12.0,2025-12-16T09:43:00-05:00,2.299999999999983,4947.040000000046,2945.0,2025-12-18T10:36:00-05:00,2.5500000000000043,4447.040000000004,2946.0,2025-12-18T10:37:00-05:00,2.799999999999997,3947.0400000000177,13.0,2025-12-16T09:44:00-05:00,5.0,-452.95999999998793,2961.0,2025-12-18T10:52:00-05:00,1.6000000000000014,6347.040000000009,2988.0,2025-12-18T11:19:00-05:00,1.7999999999999972,5947.040000000018,2989.0,2025-12-18T11:20:00-05:00,1.9000000000000021,5747.040000000008,2962.0,2025-12-18T10:53:00-05:00,2.3999999999999915,4747.040000000029,,,,,,,,,,,,,,,,,,,,,,,,,,,,,,,,,3132
2025-12-16,2025-12-18,2,6.0,2025-12-16T09:31:00-05:00,6.0,NDXP  251218P25220000,NDXP  251218P25210000,validation,False,False,0,0,1,52,0,1146,available,False,2025-12-16T09:31:00-05:00,2025-12-18T15:58:00-05:00,9.850000000000023,-7952.960000000046,2.0,last_observed_quote_not_settlement,1037.0,917,120,6.850000000000023,-1952.9600000000448,2025-12-16T09:32:00-05:00,0.0,6.149999999999977,-552.9599999999539,2025-12-16T09:33:00-05:00,0.0,6.250000000000057,-752.960000000113,2025-12-16T09:36:00-05:00,0.0,6.9500000000000455,-2152.96000000009,2025-12-16T09:41:00-05:00,0.0,6.649999999999977,-1552.9599999999539,2025-12-16T09:46:00-05:00,0.0,4.800000000000011,2147.039999999978,2025-12-16T10:01:00-05:00,0.0,6.449999999999989,-1152.9599999999766,2025-12-16T10:31:00-05:00,0.0,6.650000000000034,-1552.9600000000676,2025-12-16T11:31:00-05:00,0.0,5.550000000000011,647.0399999999779,2025-12-16T16:00:00-05:00,0.0,9.649999999999977,-7552.9599999999555,2025-12-17T16:00:00-05:00,0.0,,,2025-12-18T15:58:00-05:00,120.0,,,,,20.0,hit,30.0,hit,,never_hit,,never_hit,,never_hit,,never_hit,,never_hit,1.0,hit,45.0,hit,45.0,hit,115.0,hit,1558.0,hit,1565.0,hit,,,True,True,True,False,1.9000000000000057,,,True,True,True,False,1.9000000000000057,,,True,True,True,False,1.9000000000000057,,,True,True,True,False,1.9000000000000057,,,,,,,,,,,,,,,,,,,,,,,,,,,,,,,,,,,,,,,,,,,,,,,,,,,,,,,,,,,,,,,,,3133
2025-12-16,2025-12-18,2,7.0,2025-12-16T09:31:00-05:00,7.050000000000011,NDXP  251218P25280000,NDXP  251218P25270000,validation,False,False,0,0,1,105,0,1093,available,False,2025-12-16T09:31:00-05:00,2025-12-18T15:59:00-05:00,10.0,-6052.959999999977,1.0,last_observed_quote_not_settlement,1036.0,728,94,6.5,847.0400000000234,2025-12-16T09:32:00-05:00,0.0,6.800000000000011,247.04000000000067,2025-12-16T09:33:00-05:00,0.0,6.5,847.0400000000234,2025-12-16T09:36:00-05:00,0.0,7.0,-152.95999999997656,2025-12-16T09:41:00-05:00,0.0,7.149999999999977,-452.9599999999311,2025-12-16T09:46:00-05:00,0.0,5.700000000000017,2447.0399999999895,2025-12-16T10:01:00-05:00,0.0,5.7000000000000455,2447.0399999999327,2025-12-16T10:31:00-05:00,0.0,7.399999999999977,-952.9599999999311,2025-12-16T11:31:00-05:00,0.0,5.149999999999977,3547.040000000069,2025-12-16T16:00:00-05:00,0.0,,,2025-12-17T15:59:00-05:00,60.0,,,2025-12-18T15:59:00-05:00,60.0,,,,,7.0,hit,7.0,hit,23.0,hit,23.0,hit,,never_hit,,never_hit,,never_hit,56.0,hit,56.0,hit,0.0,hit,56.0,hit,115.0,hit,1533.0,hit,7.149999999999977,1,True,False,False,False,,,,True,True,True,False,5.0,,,True,True,True,False,5.0,,,True,True,True,False,5.0,23.0,2025-12-16T09:54:00-05:00,2.0500000000000114,9747.04,,,,,,,,,24.0,2025-12-16T09:55:00-05:00,6.300000000000068,1247.039999999887,,,,,,,,,,,,,,,,,,,,,,,,,,,,,,,,,,,,,,,,,,,,,,,,,3134
2025-12-16,2025-12-19,3,5.0,2025-12-16T09:31:00-05:00,5.0,NDXP  251219P25070000,NDXP  251219P25060000,validation,False,False,0,0,0,20,0,1545,available,False,2025-12-16T09:31:00-05:00,2025-12-19T15:23:00-05:00,0.024999999999999967,9697.04,37.0,last_observed_quote_not_settlement,1036.0,530,182,1.9000000000000057,5947.039999999989,2025-12-16T09:32:00-05:00,0.0,3.1499999999999773,3447.0400000000463,2025-12-16T09:33:00-05:00,0.0,4.800000000000011,147.03999999997797,2025-12-16T09:36:00-05:00,0.0,4.699999999999989,347.04000000002344,2025-12-16T09:41:00-05:00,0.0,5.0499999999999545,-352.95999999990835,2025-12-16T09:46:00-05:00,0.0,3.8000000000000114,2147.039999999978,2025-12-16T10:01:00-05:00,0.0,2.7000000000000455,4347.03999999991,2025-12-16T10:31:00-05:00,0.0,5.200000000000017,-652.9600000000335,2025-12-16T11:31:00-05:00,0.0,3.9000000000000057,1947.0399999999893,2025-12-16T16:00:00-05:00,0.0,7.800000000000011,-5852.960000000022,2025-12-17T16:00:00-05:00,0.0,4.549999999999983,647.0400000000348,2025-12-18T16:00:00-05:00,0.0,,,2025-12-19T15:23:00-05:00,2220.0,0.0,hit,0.0,hit,1.0,hit,1.0,hit,1.0,hit,260.0,hit,260.0,hit,13.0,hit,13.0,hit,13.0,hit,248.0,hit,248.0,hit,1637.0,hit,5.0,0,False,False,False,False,,5.0,0,False,False,False,False,,9.0,83,True,True,True,True,,9.0,83,True,True,True,True,,1.0,2025-12-16T09:32:00-05:00,1.9000000000000057,5947.039999999989,3127.0,2025-12-18T13:38:00-05:00,2.9000000000000057,3947.0399999999895,4331.0,2025-12-19T09:42:00-05:00,2.6000000000000014,4547.039999999998,2.0,2025-12-16T09:33:00-05:00,3.1499999999999773,3447.0400000000463,1.0,2025-12-16T09:32:00-05:00,1.9000000000000057,5947.039999999989,4335.0,2025-12-19T09:46:00-05:00,1.75,6247.040000000001,4336.0,2025-12-19T09:47:00-05:00,1.4499999999999993,6847.040000000002,2.0,2025-12-16T09:33:00-05:00,3.1499999999999773,3447.0400000000463,260.0,2025-12-16T13:51:00-05:00,0.5,8747.04,4343.0,2025-12-19T09:54:00-05:00,0.75,8247.04,4344.0,2025-12-19T09:55:00-05:00,0.9499999999999993,7847.040000000002,261.0,2025-12-16T13:52:00-05:00,4.199999999999989,1347.0400000000234,1824.0,2025-12-17T15:55:00-05:00,0.0,9747.04,4349.0,2025-12-19T10:00:00-05:00,0.0,9747.04,4350.0,2025-12-19T10:01:00-05:00,0.3000000000000007,9147.04,1825.0,2025-12-17T15:56:00-05:00,8.0,-6252.960000000001,3135
2025-12-16,2025-12-19,3,6.0,2025-12-16T09:31:00-05:00,6.099999999999966,NDXP  251219P25270000,NDXP  251219P25260000,validation,False,False,0,0,2,24,0,1569,available,False,2025-12-16T09:31:00-05:00,2025-12-19T15:52:00-05:00,0.125,11697.039999999934,8.0,last_observed_quote_not_settlement,1036.0,946,161,5.999999999999943,-52.959999999953816,2025-12-16T09:32:00-05:00,0.0,5.5,947.0399999999324,2025-12-16T09:33:00-05:00,0.0,6.300000000000011,-652.9600000000903,2025-12-16T09:36:00-05:00,0.0,6.050000000000011,-152.96000000009025,2025-12-16T09:41:00-05:00,0.0,6.600000000000023,-1252.960000000113,2025-12-16T09:46:00-05:00,0.0,5.399999999999977,1147.039999999978,2025-12-16T10:01:00-05:00,0.0,5.949999999999989,47.039999999955235,2025-12-16T10:31:00-05:00,0.0,6.699999999999989,-1452.9600000000448,2025-12-16T11:31:00-05:00,0.0,5.699999999999989,547.0399999999552,2025-12-16T16:00:00-05:00,0.0,9.0,-6052.960000000069,2025-12-17T16:00:00-05:00,0.0,8.099999999999966,-4252.960000000001,2025-12-18T16:00:00-05:00,0.0,,,2025-12-19T15:52:00-05:00,480.0,2.0,hit,7.0,hit,89.0,hit,384.0,hit,384.0,hit,384.0,hit,384.0,hit,9.0,hit,13.0,hit,13.0,hit,13.0,hit,224.0,hit,1830.0,hit,9.150000000000034,250,True,True,True,True,,9.150000000000034,250,True,True,True,True,,9.150000000000034,250,True,True,True,True,,9.150000000000034,250,True,True,True,True,,384.0,2025-12-16T15:55:00-05:00,0.0,11947.039999999934,4363.0,2025-12-19T10:14:00-05:00,2.6499999999999986,6647.039999999935,4385.0,2025-12-19T10:36:00-05:00,2.8999999999999986,6147.039999999935,385.0,2025-12-16T15:56:00-05:00,4.949999999999989,2047.0399999999554,384.0,2025-12-16T15:55:00-05:00,0.0,11947.039999999934,4391.0,2025-12-19T10:42:00-05:00,1.4500000000000028,9047.039999999928,4429.0,2025-12-19T11:20:00-05:00,1.3999999999999986,9147.039999999935,385.0,2025-12-16T15:56:00-05:00,4.949999999999989,2047.0399999999554,384.0,2025-12-16T15:55:00-05:00,0.0,11947.039999999934,4609.0,2025-12-19T14:20:00-05:00,0.9000000000000004,10147.039999999932,4617.0,2025-12-19T14:28:00-05:00,0.8499999999999996,10247.039999999934,385.0,2025-12-16T15:56:00-05:00,4.949999999999989,2047.0399999999554,384.0,2025-12-16T15:55:00-05:00,0.0,11947.039999999934,4627.0,2025-12-19T14:38:00-05:00,0.30000000000000027,11347.039999999932,4628.0,2025-12-19T14:39:00-05:00,0.3250000000000002,11297.039999999934,385.0,2025-12-16T15:56:00-05:00,4.949999999999989,2047.0399999999554,3136
2025-12-16,2025-12-19,3,7.0,2025-12-16T09:31:00-05:00,6.9500000000000455,NDXP  251219P25380000,NDXP  251219P25370000,validation,False,False,0,0,0,27,0,1576,available,False,2025-12-16T09:31:00-05:00,2025-12-19T15:59:00-05:00,9.249999999999993,-4852.959999999896,1.0,last_observed_quote_not_settlement,1037.0,1246,187,6.7999999999999545,47.04000000018261,2025-12-16T09:32:00-05:00,0.0,7.199999999999989,-752.9599999998857,2025-12-16T09:33:00-05:00,0.0,3.25,7147.040000000092,2025-12-16T09:36:00-05:00,0.0,7.100000000000023,-552.9599999999539,2025-12-16T09:41:00-05:00,0.0,7.5,-1352.9599999999084,2025-12-16T09:46:00-05:00,0.0,5.399999999999977,2847.0400000001373,2025-12-16T10:01:00-05:00,0.0,4.449999999999989,4747.040000000115,2025-12-16T10:31:00-05:00,0.0,7.600000000000023,-1552.9599999999539,2025-12-16T11:31:00-05:00,0.0,6.699999999999989,247.04000000011436,2025-12-16T16:00:00-05:00,0.0,9.5,-5352.95999999991,2025-12-17T16:00:00-05:00,0.0,9.199999999999989,-4752.959999999887,2025-12-18T16:00:00-05:00,0.0,,,2025-12-19T15:59:00-05:00,60.0,5.0,hit,5.0,hit,5.0,hit,126.0,hit,126.0,hit,,never_hit,,never_hit,15.0,hit,66.0,hit,2.0,hit,66.0,hit,200.0,hit,200.0,hit,8.25,68,True,True,False,False,,8.25,68,True,True,False,False,,,,True,True,True,False,5.150000000000034,,,True,True,True,False,5.150000000000034,126.0,2025-12-16T11:37:00-05:00,1.8000000000000114,10047.04000000007,,,,,,,,,127.0,2025-12-16T11:38:00-05:00,7.600000000000023,-1552.9599999999539,126.0,2025-12-16T11:37:00-05:00,1.8000000000000114,10047.04000000007,,,,,,,,,127.0,2025-12-16T11:38:00-05:00,7.600000000000023,-1552.9599999999539,,,,,,,,,,,,,,,,,,,,,,,,,,,,,,,,,3137
2025-12-17,2025-12-19,2,5.0,2025-12-17T09:31:00-05:00,5.099999999999966,NDXP  251219P25390000,NDXP  251219P25380000,validation,False,False,0,0,0,37,0,1162,available,False,2025-12-17T09:31:00-05:00,2025-12-19T15:59:00-05:00,9.950000000000003,-9952.960000000066,1.0,last_observed_quote_not_settlement,1036.0,1120,9,6.5,-3052.9600000000673,2025-12-17T09:32:00-05:00,0.0,6.5,-3052.9600000000673,2025-12-17T09:33:00-05:00,0.0,6.7000000000000455,-3452.9600000001583,2025-12-17T09:36:00-05:00,0.0,7.100000000000023,-4252.960000000113,2025-12-17T09:41:00-05:00,0.0,5.099999999999966,-252.9599999999993,2025-12-17T09:46:00-05:00,0.0,7.350000000000023,-4752.960000000113,2025-12-17T10:01:00-05:00,0.0,7.449999999999989,-4952.960000000045,2025-12-17T10:31:00-05:00,0.0,9.0,-8052.960000000069,2025-12-17T11:31:00-05:00,0.0,9.5,-9052.960000000068,2025-12-17T16:00:00-05:00,0.0,9.199999999999989,-8452.960000000046,2025-12-18T16:00:00-05:00,0.0,,,2025-12-19T15:59:00-05:00,60.0,,,,,0.0,hit,135.0,hit,,never_hit,,never_hit,,never_hit,,never_hit,,never_hit,1.0,hit,1.0,hit,6.0,hit,24.0,hit,24.0,hit,24.0,hit,,,True,True,True,False,0.6499999999999773,,,True,True,True,False,0.6499999999999773,,,True,True,True,False,0.6499999999999773,,,True,True,True,False,0.6499999999999773,,,,,,,,,,,,,,,,,,,,,,,,,,,,,,,,,,,,,,,,,,,,,,,,,,,,,,,,,,,,,,,,,3138
2025-12-17,2025-12-19,2,6.0,2025-12-17T09:31:00-05:00,6.0,NDXP  251219P25340000,NDXP  251219P25330000,validation,False,False,0,0,0,21,0,1178,available,False,2025-12-17T09:31:00-05:00,2025-12-19T16:00:00-05:00,9.025,-6302.960000000002,0.0,last_observed_quote_not_settlement,1036.0,851,91,5.900000000000034,-52.9600000000675,2025-12-17T09:32:00-05:00,0.0,5.949999999999989,-152.95999999997656,2025-12-17T09:33:00-05:00,0.0,6.300000000000011,-852.9600000000221,2025-12-17T09:36:00-05:00,0.0,6.600000000000023,-1452.9600000000448,2025-12-17T09:41:00-05:00,0.0,6.949999999999989,-2152.9599999999764,2025-12-17T09:46:00-05:00,0.0,6.949999999999932,-2152.9599999998627,2025-12-17T10:01:00-05:00,0.0,7.050000000000011,-2352.960000000022,2025-12-17T10:31:00-05:00,0.0,9.0,-6252.960000000001,2025-12-17T11:31:00-05:00,0.0,9.350000000000136,-6952.960000000274,2025-12-17T16:00:00-05:00,0.0,8.849999999999966,-5952.959999999933,2025-12-18T16:00:00-05:00,0.0,9.025,-6302.960000000002,2025-12-19T16:00:00-05:00,0.0,,,,,26.0,hit,26.0,hit,209.0,hit,2903.0,hit,2903.0,hit,3072.0,hit,3072.0,hit,6.0,hit,9.0,hit,9.0,hit,9.0,hit,24.0,hit,146.0,hit,10.0,765,True,True,True,True,,10.0,765,True,True,True,True,,10.0,833,True,True,True,True,,10.0,833,True,True,True,True,,2903.0,2025-12-19T09:54:00-05:00,1.7999999999999972,8147.040000000007,3207.0,2025-12-19T14:58:00-05:00,2.5999999999999996,6547.040000000002,,,,,2904.0,2025-12-19T09:55:00-05:00,5.1499999999999915,1447.0400000000177,2903.0,2025-12-19T09:54:00-05:00,1.7999999999999972,8147.040000000007,,,,,,,,,2904.0,2025-12-19T09:55:00-05:00,5.1499999999999915,1447.0400000000177,3072.0,2025-12-19T12:43:00-05:00,0.0,11747.04,,,,,,,,,3073.0,2025-12-19T12:44:00-05:00,4.5,2747.040000000001,3072.0,2025-12-19T12:43:00-05:00,0.0,11747.04,,,,,,,,,3073.0,2025-12-19T12:44:00-05:00,4.5,2747.040000000001,3139
2025-12-17,2025-12-19,2,7.0,2025-12-17T09:31:00-05:00,6.949999999999989,NDXP  251219P25440000,NDXP  251219P25430000,validation,False,False,0,0,0,68,0,1131,available,False,2025-12-17T09:31:00-05:00,2025-12-19T16:00:00-05:00,10.0,-6252.960000000023,0.0,last_observed_quote_not_settlement,1036.0,1045,29,6.900000000000034,-152.96000000009025,2025-12-17T09:32:00-05:00,0.0,7.0,-352.96000000002203,2025-12-17T09:33:00-05:00,0.0,7.300000000000011,-952.9600000000448,2025-12-17T09:36:00-05:00,0.0,7.5,-1352.960000000022,2025-12-17T09:41:00-05:00,0.0,,,2025-12-17T09:45:00-05:00,60.0,7.7999999999999545,-1952.9599999999311,2025-12-17T10:01:00-05:00,0.0,7.900000000000034,-2152.96000000009,2025-12-17T10:31:00-05:00,0.0,,,2025-12-17T11:30:00-05:00,60.0,9.650000000000091,-5652.960000000206,2025-12-17T16:00:00-05:00,0.0,,,2025-12-18T15:59:00-05:00,60.0,10.0,-6252.960000000023,2025-12-19T16:00:00-05:00,0.0,,,,,1559.0,hit,1559.0,hit,1601.0,hit,,never_hit,,never_hit,,never_hit,,never_hit,6.0,hit,16.0,hit,2.0,hit,16.0,hit,17.0,hit,76.0,hit,,,True,True,True,False,3.099999999999966,,,True,True,True,False,3.099999999999966,,,True,True,True,False,3.099999999999966,,,True,True,True,False,3.099999999999966,,,,,,,,,,,,,,,,,,,,,,,,,,,,,,,,,,,,,,,,,,,,,,,,,,,,,,,,,,,,,,,,,3140
2025-12-19,2025-12-22,3,5.0,2025-12-19T09:31:00-05:00,4.949999999999989,NDXP  251222P25530000,NDXP  251222P25520000,validation,False,False,0,0,0,79,0,715,available,False,2025-12-19T09:31:00-05:00,2025-12-22T16:00:00-05:00,10.0,-10252.960000000021,0.0,last_observed_quote_not_settlement,3916.0,662,7,8.5,-7352.960000000024,2025-12-19T09:32:00-05:00,0.0,8.399999999999977,-7152.959999999978,2025-12-19T09:33:00-05:00,0.0,8.199999999999989,-6752.960000000001,2025-12-19T09:36:00-05:00,0.0,8.5,-7352.960000000024,2025-12-19T09:41:00-05:00,0.0,7.449999999999989,-5252.959999999999,2025-12-19T09:46:00-05:00,0.0,7.25,-4852.960000000022,2025-12-19T10:01:00-05:00,0.0,9.149999999999977,-8652.959999999977,2025-12-19T10:31:00-05:00,0.0,8.349999999999994,-7052.960000000013,2025-12-19T11:31:00-05:00,0.0,8.349999999999994,-7052.960000000013,2025-12-19T16:00:00-05:00,0.0,,,2025-12-19T16:15:00-05:00,85500.0,,,2025-12-19T16:15:00-05:00,171900.0,10.0,-10252.960000000021,2025-12-22T16:00:00-05:00,0.0,0.0,hit,0.0,hit,4321.0,hit,,never_hit,,never_hit,,never_hit,,never_hit,1.0,hit,1.0,hit,1.0,hit,1.0,hit,8.0,hit,70.0,hit,,,True,True,True,False,1.2499999999999858,,,True,True,True,False,1.2499999999999858,,,True,True,True,False,1.2499999999999858,,,True,True,True,False,1.2499999999999858,,,,,,,,,,,,,,,,,,,,,,,,,,,,,,,,,,,,,,,,,,,,,,,,,,,,,,,,,,,,,,,,,3141
2025-12-19,2025-12-22,3,6.0,2025-12-19T09:31:00-05:00,5.950000000000017,NDXP  251222P25210000,NDXP  251222P25200000,validation,False,False,0,0,12,12,0,750,available,False,2025-12-19T09:31:00-05:00,2025-12-22T15:29:00-05:00,0.0,11647.040000000035,31.0,last_observed_quote_not_settlement,3916.0,0,0,4.25,3147.040000000035,2025-12-19T09:32:00-05:00,0.0,4.199999999999989,3247.0400000000577,2025-12-19T09:33:00-05:00,0.0,4.200000000000017,3247.040000000001,2025-12-19T09:36:00-05:00,0.0,3.999999999999986,3647.040000000063,2025-12-19T09:41:00-05:00,0.0,3.1999999999999886,5247.040000000057,2025-12-19T09:46:00-05:00,0.0,2.549999999999997,6547.040000000041,2025-12-19T10:01:00-05:00,0.0,3.799999999999997,4047.040000000041,2025-12-19T10:31:00-05:00,0.0,2.799999999999997,6047.040000000041,2025-12-19T11:31:00-05:00,0.0,1.5,8647.040000000035,2025-12-19T16:00:00-05:00,0.0,,,2025-12-19T16:15:00-05:00,85500.0,,,2025-12-19T16:15:00-05:00,171900.0,,,2025-12-22T15:29:00-05:00,1860.0,1.0,hit,1.0,hit,9.0,hit,17.0,hit,298.0,hit,4320.0,hit,4320.0,hit,,never_hit,,never_hit,,never_hit,,never_hit,,never_hit,,never_hit,5.950000000000017,0,False,False,False,False,,5.950000000000017,0,False,False,False,False,,5.950000000000017,0,False,False,False,False,,5.950000000000017,0,False,False,False,False,,30.0,2025-12-19T10:01:00-05:00,2.549999999999997,6547.040000000041,31.0,2025-12-19T10:02:00-05:00,2.5500000000000114,6547.040000000012,32.0,2025-12-19T10:03:00-05:00,2.75,6147.0400000000345,31.0,2025-12-19T10:02:00-05:00,2.5500000000000114,6547.040000000012,316.0,2025-12-19T14:47:00-05:00,1.9499999999999957,7747.040000000044,357.0,2025-12-19T15:28:00-05:00,1.8499999999999943,7947.040000000046,397.0,2025-12-19T16:08:00-05:00,1.8999999999999986,7847.040000000037,317.0,2025-12-19T14:48:00-05:00,1.9500000000000028,7747.040000000029,4320.0,2025-12-22T09:31:00-05:00,0.39999999999999947,10847.040000000037,4321.0,2025-12-22T09:32:00-05:00,0.29999999999999893,11047.040000000037,4322.0,2025-12-22T09:33:00-05:00,0.4499999999999993,10747.040000000037,4321.0,2025-12-22T09:32:00-05:00,0.29999999999999893,11047.040000000037,4320.0,2025-12-22T09:31:00-05:00,0.39999999999999947,10847.040000000037,4321.0,2025-12-22T09:32:00-05:00,0.29999999999999893,11047.040000000037,4322.0,2025-12-22T09:33:00-05:00,0.4499999999999993,10747.040000000037,4321.0,2025-12-22T09:32:00-05:00,0.29999999999999893,11047.040000000037,3142
2025-12-19,2025-12-22,3,7.0,2025-12-19T09:31:00-05:00,7.0499999999999545,NDXP  251222P25440000,NDXP  251222P25430000,validation,False,False,0,0,4,0,0,790,available,False,2025-12-19T09:31:00-05:00,2025-12-22T15:56:00-05:00,0.2,13447.03999999991,4.0,last_observed_quote_not_settlement,3916.0,107,92,7.5,-1152.9600000000903,2025-12-19T09:32:00-05:00,0.0,7.199999999999932,-552.9599999999539,2025-12-19T09:33:00-05:00,0.0,7.150000000000006,-452.9600000001016,2025-12-19T09:36:00-05:00,0.0,7.800000000000011,-1752.960000000113,2025-12-19T09:41:00-05:00,0.0,6.050000000000011,1747.039999999887,2025-12-19T09:46:00-05:00,0.0,5.700000000000017,2447.039999999876,2025-12-19T10:01:00-05:00,0.0,7.300000000000011,-752.960000000113,2025-12-19T10:31:00-05:00,0.0,5.150000000000006,3547.0399999998986,2025-12-19T11:31:00-05:00,0.0,4.700000000000017,4447.039999999875,2025-12-19T16:00:00-05:00,0.0,,,2025-12-19T16:15:00-05:00,85500.0,,,2025-12-19T16:15:00-05:00,171900.0,,,2025-12-22T15:56:00-05:00,240.0,17.0,hit,48.0,hit,4320.0,hit,4320.0,hit,4321.0,hit,4626.0,hit,4704.0,hit,6.0,hit,50.0,hit,0.0,hit,49.0,hit,93.0,hit,103.0,hit,9.650000000000034,107,True,True,True,True,,9.650000000000034,107,True,True,True,True,,9.650000000000034,107,True,True,True,True,,9.650000000000034,107,True,True,True,True,,4320.0,2025-12-22T09:31:00-05:00,2.400000000000002,9047.039999999906,4321.0,2025-12-22T09:32:00-05:00,1.5499999999999972,10747.039999999917,4322.0,2025-12-22T09:33:00-05:00,2.200000000000003,9447.039999999904,4321.0,2025-12-22T09:32:00-05:00,1.5499999999999972,10747.039999999917,4321.0,2025-12-22T09:32:00-05:00,1.5499999999999972,10747.039999999917,4470.0,2025-12-22T12:01:00-05:00,1.9000000000000004,10047.03999999991,4471.0,2025-12-22T12:02:00-05:00,1.8000000000000007,10247.03999999991,4322.0,2025-12-22T09:33:00-05:00,2.200000000000003,9447.039999999904,4699.0,2025-12-22T15:50:00-05:00,0.6500000000000001,12547.03999999991,4704.0,2025-12-22T15:55:00-05:00,0.25,13347.03999999991,4705.0,2025-12-22T15:56:00-05:00,0.2,13447.03999999991,4700.0,2025-12-22T15:51:00-05:00,1.4500000000000002,10947.03999999991,4704.0,2025-12-22T15:55:00-05:00,0.25,13347.03999999991,4705.0,2025-12-22T15:56:00-05:00,0.2,13447.03999999991,,,,,4705.0,2025-12-22T15:56:00-05:00,0.2,13447.03999999991,3143
2025-12-22,2025-12-24,2,5.0,2025-12-22T09:31:00-05:00,4.950000000000017,NDXP  251224P25580000,NDXP  251224P25570000,validation,False,False,0,0,10,3,0,996,available,False,2025-12-22T09:31:00-05:00,2025-12-24T12:42:00-05:00,2.7755575615628914e-17,9647.040000000035,198.0,last_observed_quote_not_settlement,1036.0,700,67,4.599999999999994,447.0400000000462,2025-12-22T09:32:00-05:00,0.0,6.099999999999994,-2552.9599999999537,2025-12-22T09:33:00-05:00,0.0,6.25,-2852.959999999965,2025-12-22T09:36:00-05:00,0.0,6.0,-2352.959999999965,2025-12-22T09:41:00-05:00,0.0,6.149999999999977,-2652.9599999999195,2025-12-22T09:46:00-05:00,0.0,5.550000000000011,-1452.959999999988,2025-12-22T10:01:00-05:00,0.0,6.75,-3852.959999999965,2025-12-22T10:31:00-05:00,0.0,6.550000000000011,-3452.9599999999878,2025-12-22T11:31:00-05:00,0.0,6.949999999999989,-4252.959999999943,2025-12-22T16:00:00-05:00,0.0,4.0,1647.0400000000348,2025-12-23T16:00:00-05:00,0.0,,,2025-12-24T12:42:00-05:00,11880.0,,,,,0.0,hit,0.0,hit,1716.0,hit,2918.0,hit,2925.0,hit,2979.0,hit,3002.0,hit,2.0,hit,2.0,hit,16.0,hit,87.0,hit,90.0,hit,1471.0,hit,9.750000000000028,700,True,True,True,True,,9.750000000000028,700,True,True,True,True,,9.750000000000028,700,True,True,True,True,,9.750000000000028,700,True,True,True,True,,2918.0,2025-12-24T10:09:00-05:00,2.9000000000000004,3847.040000000034,2919.0,2025-12-24T10:10:00-05:00,2.8499999999999996,3947.0400000000354,2920.0,2025-12-24T10:11:00-05:00,2.4999999999999982,4647.040000000038,2919.0,2025-12-24T10:10:00-05:00,2.8499999999999996,3947.0400000000354,2925.0,2025-12-24T10:16:00-05:00,1.8999999999999986,5847.040000000037,2926.0,2025-12-24T10:17:00-05:00,1.8499999999999996,5947.040000000035,2927.0,2025-12-24T10:18:00-05:00,1.6500000000000004,6347.0400000000345,2926.0,2025-12-24T10:17:00-05:00,1.8499999999999996,5947.040000000035,2980.0,2025-12-24T11:11:00-05:00,0.8749999999999996,7897.0400000000345,2981.0,2025-12-24T11:12:00-05:00,0.8500000000000005,7947.040000000034,2982.0,2025-12-24T11:13:00-05:00,0.7749999999999995,8097.040000000035,2981.0,2025-12-24T11:12:00-05:00,0.8500000000000005,7947.040000000034,3003.0,2025-12-24T11:34:00-05:00,0.3500000000000001,8947.040000000035,3004.0,2025-12-24T11:35:00-05:00,0.24999999999999978,9147.040000000035,3005.0,2025-12-24T11:36:00-05:00,0.30000000000000004,9047.040000000035,3004.0,2025-12-24T11:35:00-05:00,0.24999999999999978,9147.040000000035,3144
2025-12-22,2025-12-24,2,6.0,2025-12-22T09:31:00-05:00,5.7000000000000455,NDXP  251224P25660000,NDXP  251224P25650000,validation,False,False,0,0,14,82,0,920,available,False,2025-12-22T09:31:00-05:00,2025-12-24T12:59:00-05:00,1.25,8647.040000000092,181.0,last_observed_quote_not_settlement,1037.0,791,23,5.800000000000011,-452.9599999999311,2025-12-22T09:32:00-05:00,0.0,7.200000000000017,-3252.9599999999423,2025-12-22T09:33:00-05:00,0.0,7.25,-3352.959999999908,2025-12-22T09:36:00-05:00,0.0,7.0,-2852.959999999908,2025-12-22T09:41:00-05:00,0.0,7.150000000000034,-3152.9599999999764,2025-12-22T09:46:00-05:00,0.0,6.949999999999989,-2752.9599999998854,2025-12-22T10:01:00-05:00,0.0,8.599999999999994,-6052.959999999899,2025-12-22T10:31:00-05:00,0.0,8.100000000000023,-5052.9599999999555,2025-12-22T11:31:00-05:00,0.0,8.949999999999989,-6752.959999999887,2025-12-22T16:00:00-05:00,0.0,7.700000000000003,-4252.959999999914,2025-12-23T16:00:00-05:00,0.0,,,2025-12-24T12:59:00-05:00,10860.0,,,,,55.0,hit,3016.0,hit,3087.0,hit,3087.0,hit,3088.0,hit,,never_hit,,never_hit,2.0,hit,2.0,hit,2.0,hit,3.0,hit,57.0,hit,131.0,hit,10.0,791,True,True,True,True,,10.0,791,True,True,True,True,,,,True,True,True,False,4.4500000000000455,,,True,True,True,False,4.4500000000000455,3087.0,2025-12-24T12:58:00-05:00,2.6750000000000003,5797.040000000091,3088.0,2025-12-24T12:59:00-05:00,1.25,8647.040000000092,,,,,3088.0,2025-12-24T12:59:00-05:00,1.25,8647.040000000092,3088.0,2025-12-24T12:59:00-05:00,1.25,8647.040000000092,,,,,,,,,,,,,,,,,,,,,,,,,,,,,,,,,,,,,,,,,,,,,3145
2025-12-22,2025-12-24,2,7.0,2025-12-22T09:31:00-05:00,7.100000000000023,NDXP  251224P25700000,NDXP  251224P25690000,validation,False,False,0,0,19,104,0,892,available,False,2025-12-22T09:31:00-05:00,2025-12-24T13:01:00-05:00,8.099999999999994,-2252.959999999944,179.0,last_observed_quote_not_settlement,1036.0,788,20,6.300000000000011,1347.0400000000234,2025-12-22T09:32:00-05:00,0.0,7.100000000000023,-252.9599999999993,2025-12-22T09:33:00-05:00,0.0,8.199999999999989,-2452.9599999999327,2025-12-22T09:36:00-05:00,0.0,7.550000000000011,-1152.9599999999766,2025-12-22T09:41:00-05:00,0.0,6.450000000000017,1047.040000000012,2025-12-22T09:46:00-05:00,0.0,7.949999999999989,-1952.9599999999311,2025-12-22T10:01:00-05:00,0.0,8.44999999999996,-2952.959999999876,2025-12-22T10:31:00-05:00,0.0,8.650000000000006,-3352.959999999967,2025-12-22T11:31:00-05:00,0.0,8.899999999999977,-3852.95999999991,2025-12-22T16:00:00-05:00,0.0,9.450000000000017,-4952.95999999999,2025-12-23T16:00:00-05:00,0.0,,,2025-12-24T13:01:00-05:00,10740.0,,,,,,never_hit,,never_hit,,never_hit,,never_hit,,never_hit,,never_hit,,never_hit,4.0,hit,5.0,hit,0.0,hit,5.0,hit,65.0,hit,65.0,hit,,,True,True,True,False,0.8000000000000114,,,True,True,True,False,0.8000000000000114,,,True,True,True,False,0.8000000000000114,,,True,True,True,False,0.8000000000000114,,,,,,,,,,,,,,,,,,,,,,,,,,,,,,,,,,,,,,,,,,,,,,,,,,,,,,,,,,,,,,,,,3146
2025-12-23,2025-12-26,3,5.0,2025-12-23T09:31:00-05:00,5.049999999999997,NDXP  251226P25550000,NDXP  251226P25540000,validation,False,False,0,0,23,8,0,988,available,False,2025-12-23T09:31:00-05:00,2025-12-26T15:51:00-05:00,0.0,9847.039999999995,9.0,last_observed_quote_not_settlement,2656.0,76,18,4.8500000000000085,147.03999999997797,2025-12-23T09:32:00-05:00,0.0,5.400000000000006,-952.9600000000164,2025-12-23T09:33:00-05:00,0.0,5.199999999999974,-552.9599999999539,2025-12-23T09:36:00-05:00,0.0,5.349999999999994,-852.9599999999937,2025-12-23T09:41:00-05:00,0.0,5.0,-152.96000000000498,2025-12-23T09:46:00-05:00,0.0,5.949999999999989,-2052.9599999999823,2025-12-23T10:01:00-05:00,0.0,7.099999999999994,-4352.959999999994,2025-12-23T10:31:00-05:00,0.0,4.950000000000017,-52.96000000003908,2025-12-23T11:31:00-05:00,0.0,2.8500000000000014,4147.039999999992,2025-12-23T16:00:00-05:00,0.0,,,2025-12-24T13:15:00-05:00,9900.0,,,2025-12-24T13:15:00-05:00,96300.0,,,2025-12-26T15:51:00-05:00,540.0,0.0,hit,1.0,hit,47.0,hit,389.0,hit,1544.0,hit,4323.0,hit,4331.0,hit,25.0,hit,28.0,hit,28.0,hit,34.0,hit,,never_hit,,never_hit,8.649999999999977,76,True,True,False,False,,8.649999999999977,76,True,True,False,False,,8.649999999999977,76,True,True,False,False,,8.649999999999977,76,True,True,False,False,,389.0,2025-12-23T16:00:00-05:00,2.8500000000000014,4147.039999999992,1479.0,2025-12-24T10:10:00-05:00,2.8499999999999943,4147.040000000006,1480.0,2025-12-24T10:11:00-05:00,2.75,4347.039999999995,390.0,2025-12-23T16:01:00-05:00,3.299999999999997,3247.040000000001,1551.0,2025-12-24T11:22:00-05:00,1.9499999999999993,5947.039999999996,1556.0,2025-12-24T11:27:00-05:00,1.8999999999999986,6047.039999999998,1560.0,2025-12-24T11:31:00-05:00,1.9499999999999993,5947.039999999996,1552.0,2025-12-24T11:23:00-05:00,1.9500000000000028,5947.039999999989,4323.0,2025-12-26T09:34:00-05:00,0.7999999999999989,8247.039999999997,4326.0,2025-12-26T09:37:00-05:00,0.6000000000000005,8647.039999999995,4327.0,2025-12-26T09:38:00-05:00,0.8499999999999996,8147.039999999996,4324.0,2025-12-26T09:35:00-05:00,0.9500000000000011,7947.039999999993,4334.0,2025-12-26T09:45:00-05:00,0.4499999999999993,8947.039999999997,4411.0,2025-12-26T11:02:00-05:00,0.2999999999999998,9247.039999999995,4412.0,2025-12-26T11:03:00-05:00,0.375,9097.039999999995,4335.0,2025-12-26T09:46:00-05:00,0.5,8847.039999999995,3147
2025-12-23,2025-12-26,3,6.0,2025-12-23T09:31:00-05:00,6.0,NDXP  251226P25570000,NDXP  251226P25560000,validation,False,False,0,0,10,7,0,1002,available,False,2025-12-23T09:31:00-05:00,2025-12-26T15:48:00-05:00,0.0,11747.04,12.0,last_observed_quote_not_settlement,2656.0,46,22,5.200000000000017,1347.0399999999665,2025-12-23T09:32:00-05:00,0.0,5.75,247.04000000000067,2025-12-23T09:33:00-05:00,0.0,4.400000000000034,2947.0399999999327,2025-12-23T09:36:00-05:00,0.0,5.700000000000017,347.0399999999666,2025-12-23T09:41:00-05:00,0.0,4.8500000000000085,2047.0399999999836,2025-12-23T09:46:00-05:00,0.0,6.300000000000011,-852.9600000000221,2025-12-23T10:01:00-05:00,0.0,5.949999999999989,-152.95999999997656,2025-12-23T10:31:00-05:00,0.0,5.450000000000003,847.039999999995,2025-12-23T11:31:00-05:00,0.0,3.3999999999999915,4947.040000000018,2025-12-23T16:00:00-05:00,0.0,,,2025-12-24T13:15:00-05:00,9900.0,,,2025-12-24T13:15:00-05:00,96300.0,,,2025-12-26T15:48:00-05:00,720.0,1.0,hit,4.0,hit,23.0,hit,1487.0,hit,1566.0,hit,4325.0,hit,4413.0,hit,7.0,hit,7.0,hit,7.0,hit,31.0,hit,,never_hit,,never_hit,8.550000000000011,46,True,True,False,False,,8.550000000000011,46,True,True,False,False,,8.550000000000011,46,True,True,False,False,,8.550000000000011,46,True,True,False,False,,1487.0,2025-12-24T10:18:00-05:00,2.8499999999999943,6047.040000000012,1537.0,2025-12-24T11:08:00-05:00,2.9000000000000057,5947.039999999989,1538.0,2025-12-24T11:09:00-05:00,2.8999999999999986,5947.040000000004,1488.0,2025-12-24T10:19:00-05:00,3.200000000000003,5347.039999999995,1567.0,2025-12-24T11:38:00-05:00,1.8999999999999986,7947.040000000004,1568.0,2025-12-24T11:39:00-05:00,1.8499999999999979,8047.0400000000045,1569.0,2025-12-24T11:40:00-05:00,1.8999999999999986,7947.040000000004,1568.0,2025-12-24T11:39:00-05:00,1.8499999999999979,8047.0400000000045,4326.0,2025-12-26T09:37:00-05:00,0.7999999999999998,10147.040000000003,4329.0,2025-12-26T09:40:00-05:00,0.8000000000000007,10147.04,4330.0,2025-12-26T09:41:00-05:00,0.9000000000000004,9947.04,4327.0,2025-12-26T09:38:00-05:00,1.0500000000000007,9647.04,4415.0,2025-12-26T11:06:00-05:00,0.44999999999999973,10847.04,4499.0,2025-12-26T12:30:00-05:00,0.3250000000000002,11097.04,4526.0,2025-12-26T12:57:00-05:00,0.4249999999999998,10897.040000000003,4416.0,2025-12-26T11:07:00-05:00,0.5,10747.04,3148
2025-12-23,2025-12-26,3,7.0,2025-12-23T09:31:00-05:00,6.949999999999989,NDXP  251226P25590000,NDXP  251226P25580000,validation,False,False,0,0,8,2,0,1006,available,False,2025-12-23T09:31:00-05:00,2025-12-26T15:49:00-05:00,0.0,13647.039999999979,11.0,last_observed_quote_not_settlement,2656.0,23,26,5.650000000000006,2347.0399999999668,2025-12-23T09:32:00-05:00,0.0,6.099999999999994,1447.0399999999893,2025-12-23T09:33:00-05:00,0.0,5.900000000000006,1847.0399999999665,2025-12-23T09:36:00-05:00,0.0,6.149999999999977,1347.0400000000234,2025-12-23T09:41:00-05:00,0.0,7.5499999999999545,-1452.9599999999311,2025-12-23T09:46:00-05:00,0.0,7.599999999999994,-1552.9600000000107,2025-12-23T10:01:00-05:00,0.0,7.350000000000023,-1052.9600000000676,2025-12-23T10:31:00-05:00,0.0,5.900000000000006,1847.0399999999665,2025-12-23T11:31:00-05:00,0.0,4.0,5647.039999999978,2025-12-23T16:00:00-05:00,0.0,,,2025-12-24T13:15:00-05:00,9900.0,,,2025-12-24T13:15:00-05:00,96300.0,,,2025-12-26T15:49:00-05:00,660.0,13.0,hit,18.0,hit,387.0,hit,1543.0,hit,1648.0,hit,4326.0,hit,4532.0,hit,12.0,hit,36.0,hit,12.0,hit,38.0,hit,44.0,hit,,never_hit,9.25,23,True,True,True,True,,9.25,23,True,True,True,True,,9.25,23,True,True,True,True,,9.25,23,True,True,True,True,,1543.0,2025-12-24T11:14:00-05:00,2.9499999999999957,7747.039999999986,1551.0,2025-12-24T11:22:00-05:00,2.8500000000000014,7947.039999999975,1552.0,2025-12-24T11:23:00-05:00,2.8999999999999986,7847.039999999981,1544.0,2025-12-24T11:15:00-05:00,3.1000000000000014,7447.039999999975,1648.0,2025-12-24T12:59:00-05:00,1.9000000000000021,9847.039999999975,4323.0,2025-12-26T09:34:00-05:00,1.1999999999999993,11247.03999999998,4324.0,2025-12-26T09:35:00-05:00,1.450000000000001,10747.039999999977,1649.0,2025-12-24T13:00:00-05:00,2.1000000000000014,9447.039999999975,4331.0,2025-12-26T09:42:00-05:00,0.9499999999999993,11747.03999999998,4335.0,2025-12-26T09:46:00-05:00,0.9000000000000004,11847.039999999979,4336.0,2025-12-26T09:47:00-05:00,0.9000000000000004,11847.039999999979,4332.0,2025-12-26T09:43:00-05:00,1.0999999999999996,11447.039999999979,4536.0,2025-12-26T13:07:00-05:00,0.44999999999999973,12747.039999999979,4569.0,2025-12-26T13:40:00-05:00,0.40000000000000036,12847.039999999979,4570.0,2025-12-26T13:41:00-05:00,0.3999999999999999,12847.039999999979,4537.0,2025-12-26T13:08:00-05:00,0.47499999999999964,12697.039999999979,3149
2025-12-24,2025-12-26,2,5.0,2025-12-24T09:31:00-05:00,4.75,NDXP  251226P25610000,NDXP  251226P25600000,validation,False,False,0,0,7,8,0,598,available,False,2025-12-24T09:31:00-05:00,2025-12-26T15:48:00-05:00,0.050000000000000044,9147.040000000003,12.0,last_observed_quote_not_settlement,2656.0,35,13,4.750000000000014,-252.96000000002772,2025-12-24T09:32:00-05:00,0.0,4.75,-252.9599999999993,2025-12-24T09:33:00-05:00,0.0,4.599999999999994,47.04000000001208,2025-12-24T09:36:00-05:00,0.0,5.099999999999994,-952.959999999988,2025-12-24T09:41:00-05:00,0.0,4.849999999999994,-452.95999999998793,2025-12-24T09:46:00-05:00,0.0,4.900000000000006,-552.9600000000107,2025-12-24T10:01:00-05:00,0.0,4.650000000000006,-52.96000000001066,2025-12-24T10:31:00-05:00,0.0,3.4499999999999957,2347.040000000009,2025-12-24T11:31:00-05:00,0.0,,,2025-12-24T13:15:00-05:00,9900.0,,,2025-12-24T13:15:00-05:00,96300.0,,,2025-12-26T15:48:00-05:00,720.0,,,,,0.0,hit,0.0,hit,47.0,hit,127.0,hit,2883.0,hit,2973.0,hit,3139.0,hit,,never_hit,,never_hit,,never_hit,,never_hit,,never_hit,,never_hit,5.200000000000003,35,False,False,False,False,,5.200000000000003,35,False,False,False,False,,5.200000000000003,35,False,False,False,False,,5.200000000000003,35,False,False,False,False,,127.0,2025-12-24T11:38:00-05:00,2.8500000000000014,3547.0399999999977,128.0,2025-12-24T11:39:00-05:00,2.8500000000000014,3547.0399999999977,129.0,2025-12-24T11:40:00-05:00,2.9499999999999957,3347.040000000009,128.0,2025-12-24T11:39:00-05:00,2.8500000000000014,3547.0399999999977,2883.0,2025-12-26T09:34:00-05:00,1.4999999999999982,6247.0400000000045,2884.0,2025-12-26T09:35:00-05:00,1.8000000000000007,5647.039999999999,2885.0,2025-12-26T09:36:00-05:00,1.5,6247.040000000001,2884.0,2025-12-26T09:35:00-05:00,1.8000000000000007,5647.039999999999,2973.0,2025-12-26T11:04:00-05:00,0.7999999999999998,7647.040000000001,3095.0,2025-12-26T13:06:00-05:00,0.75,7747.040000000001,3096.0,2025-12-26T13:07:00-05:00,0.75,7747.040000000001,2974.0,2025-12-26T11:05:00-05:00,1.0500000000000007,7147.039999999999,3141.0,2025-12-26T13:52:00-05:00,0.375,8497.04,3142.0,2025-12-26T13:53:00-05:00,0.40000000000000036,8447.04,3143.0,2025-12-26T13:54:00-05:00,0.40000000000000036,8447.04,3142.0,2025-12-26T13:53:00-05:00,0.40000000000000036,8447.04,3150
2025-12-24,2025-12-26,2,6.0,2025-12-24T09:31:00-05:00,6.0,NDXP  251226P25680000,NDXP  251226P25670000,validation,False,False,0,0,0,3,0,612,available,False,2025-12-24T09:31:00-05:00,2025-12-26T16:00:00-05:00,9.350000000000001,-6952.960000000004,0.0,last_observed_quote_not_settlement,2656.0,281,42,7.900000000000006,-4052.9600000000105,2025-12-24T09:32:00-05:00,0.0,4.999999999999986,1747.040000000029,2025-12-24T09:33:00-05:00,0.0,6.1000000000000085,-452.96000000001635,2025-12-24T09:36:00-05:00,0.0,6.8500000000000085,-1952.9600000000164,2025-12-24T09:41:00-05:00,0.0,6.400000000000006,-1052.9600000000107,2025-12-24T09:46:00-05:00,0.0,6.849999999999994,-1952.959999999988,2025-12-24T10:01:00-05:00,0.0,6.849999999999994,-1952.959999999988,2025-12-24T10:31:00-05:00,0.0,5.950000000000003,-152.96000000000498,2025-12-24T11:31:00-05:00,0.0,,,2025-12-24T13:15:00-05:00,9900.0,,,2025-12-24T13:15:00-05:00,96300.0,9.350000000000001,-6952.960000000004,2025-12-26T16:00:00-05:00,0.0,,,,,2.0,hit,2.0,hit,2883.0,hit,2894.0,hit,,never_hit,,never_hit,,never_hit,1.0,hit,1.0,hit,1.0,hit,4.0,hit,28.0,hit,28.0,hit,9.550000000000011,102,True,True,True,True,,,,True,True,True,False,3.1499999999999986,,,True,True,True,False,3.1499999999999986,,,True,True,True,False,3.1499999999999986,2894.0,2025-12-26T09:45:00-05:00,2.900000000000002,5947.039999999996,2895.0,2025-12-26T09:46:00-05:00,2.8500000000000014,6047.039999999998,,,,,2895.0,2025-12-26T09:46:00-05:00,2.8500000000000014,6047.039999999998,,,,,,,,,,,,,,,,,,,,,,,,,,,,,,,,,,,,,,,,,,,,,,,,,3151
2025-12-24,2025-12-26,2,7.0,2025-12-24T09:31:00-05:00,7.250000000000028,NDXP  251226P25720000,NDXP  251226P25710000,validation,False,False,0,0,0,43,0,572,available,False,2025-12-24T09:31:00-05:00,2025-12-26T15:57:00-05:00,10.0,-5652.959999999943,3.0,last_observed_quote_not_settlement,2656.0,334,101,7.399999999999977,-552.959999999897,2025-12-24T09:32:00-05:00,0.0,7.800000000000011,-1352.9599999999652,2025-12-24T09:33:00-05:00,0.0,7.5,-752.9599999999425,2025-12-24T09:36:00-05:00,0.0,8.0,-1752.9599999999443,2025-12-24T09:41:00-05:00,0.0,8.050000000000011,-1852.959999999967,2025-12-24T09:46:00-05:00,0.0,7.949999999999989,-1652.9599999999198,2025-12-24T10:01:00-05:00,0.0,8.0,-1752.9599999999443,2025-12-24T10:31:00-05:00,0.0,7.5,-752.9599999999425,2025-12-24T11:31:00-05:00,0.0,,,2025-12-24T13:15:00-05:00,9900.0,,,2025-12-24T13:15:00-05:00,96300.0,,,2025-12-26T15:57:00-05:00,180.0,,,,,143.0,hit,155.0,hit,,never_hit,,never_hit,,never_hit,,never_hit,,never_hit,2.0,hit,6.0,hit,0.0,hit,6.0,hit,7.0,hit,7.0,hit,,,True,True,True,False,2.650000000000027,,,True,True,True,False,2.650000000000027,,,True,True,True,False,2.650000000000027,,,True,True,True,False,2.650000000000027,,,,,,,,,,,,,,,,,,,,,,,,,,,,,,,,,,,,,,,,,,,,,,,,,,,,,,,,,,,,,,,,,3152
2025-12-26,2025-12-29,3,5.0,2025-12-26T09:31:00-05:00,4.799999999999997,NDXP  251229P25690000,NDXP  251229P25680000,validation,False,False,0,0,0,97,0,698,available,False,2025-12-26T09:31:00-05:00,2025-12-29T15:59:00-05:00,9.849999999999994,-10352.959999999994,1.0,last_observed_quote_not_settlement,3916.0,508,35,4.5,347.039999999995,2025-12-26T09:32:00-05:00,0.0,4.6499999999999915,47.04000000001208,2025-12-26T09:33:00-05:00,0.0,3.9000000000000057,1547.0399999999836,2025-12-26T09:36:00-05:00,0.0,5.700000000000003,-2052.9600000000105,2025-12-26T09:41:00-05:00,0.0,3.799999999999997,1747.0400000000006,2025-12-26T09:46:00-05:00,0.0,5.0,-652.960000000005,2025-12-26T10:01:00-05:00,0.0,4.700000000000003,-52.96000000001066,2025-12-26T10:31:00-05:00,0.0,4.900000000000006,-452.96000000001635,2025-12-26T11:31:00-05:00,0.0,5.549999999999997,-1752.9599999999994,2025-12-26T16:00:00-05:00,0.0,,,2025-12-26T16:15:00-05:00,85500.0,,,2025-12-26T16:15:00-05:00,171900.0,,,2025-12-29T15:59:00-05:00,60.0,0.0,hit,0.0,hit,5.0,hit,,never_hit,,never_hit,,never_hit,,never_hit,10.0,hit,32.0,hit,4320.0,hit,4320.0,hit,4320.0,hit,4331.0,hit,,,True,True,True,False,1.1499999999999986,,,True,True,True,False,1.1499999999999986,,,True,True,True,False,1.1499999999999986,,,True,True,True,False,1.1499999999999986,,,,,,,,,,,,,,,,,,,,,,,,,,,,,,,,,,,,,,,,,,,,,,,,,,,,,,,,,,,,,,,,,3153
2025-12-26,2025-12-29,3,6.0,2025-12-26T09:31:00-05:00,6.0,NDXP  251229P25730000,NDXP  251229P25720000,validation,False,False,0,0,0,72,0,723,available,False,2025-12-26T09:31:00-05:00,2025-12-29T16:00:00-05:00,9.25,-6752.960000000001,0.0,last_observed_quote_not_settlement,3916.0,537,74,5.75,247.04000000000067,2025-12-26T09:32:00-05:00,0.0,5.599999999999994,547.040000000012,2025-12-26T09:33:00-05:00,0.0,4.8500000000000085,2047.0399999999836,2025-12-26T09:36:00-05:00,0.0,4.949999999999989,1847.0400000000234,2025-12-26T09:41:00-05:00,0.0,4.599999999999994,2547.0400000000122,2025-12-26T09:46:00-05:00,0.0,6.150000000000006,-552.9600000000107,2025-12-26T10:01:00-05:00,0.0,5.75,247.04000000000067,2025-12-26T10:31:00-05:00,0.0,6.0,-252.9599999999993,2025-12-26T11:31:00-05:00,0.0,6.200000000000003,-652.960000000005,2025-12-26T16:00:00-05:00,0.0,,,2025-12-26T16:15:00-05:00,85500.0,,,2025-12-26T16:15:00-05:00,171900.0,9.25,-6752.960000000001,2025-12-29T16:00:00-05:00,0.0,3.0,hit,5.0,hit,,never_hit,,never_hit,,never_hit,,never_hit,,never_hit,21.0,hit,31.0,hit,31.0,hit,157.0,hit,4320.0,hit,4320.0,hit,,,True,True,True,False,1.8999999999999915,,,True,True,True,False,1.8999999999999915,,,True,True,True,False,1.8999999999999915,,,True,True,True,False,1.8999999999999915,,,,,,,,,,,,,,,,,,,,,,,,,,,,,,,,,,,,,,,,,,,,,,,,,,,,,,,,,,,,,,,,,3154
2025-12-26,2025-12-29,3,7.0,2025-12-26T09:31:00-05:00,7.0,NDXP  251229P25780000,NDXP  251229P25770000,validation,False,False,0,0,0,70,0,725,available,False,2025-12-26T09:31:00-05:00,2025-12-29T15:59:00-05:00,10.0,-6152.96,1.0,last_observed_quote_not_settlement,3916.0,573,104,7.25,-752.9599999999994,2025-12-26T09:32:00-05:00,0.0,6.949999999999989,-152.95999999997656,2025-12-26T09:33:00-05:00,0.0,5.450000000000003,2847.039999999995,2025-12-26T09:36:00-05:00,0.0,6.200000000000003,1347.039999999995,2025-12-26T09:41:00-05:00,0.0,6.050000000000011,1647.039999999978,2025-12-26T09:46:00-05:00,0.0,7.400000000000006,-1052.9600000000107,2025-12-26T10:01:00-05:00,0.0,7.500000000000014,-1252.9600000000278,2025-12-26T10:31:00-05:00,0.0,6.800000000000011,147.03999999997797,2025-12-26T11:31:00-05:00,0.0,7.050000000000011,-352.96000000002203,2025-12-26T16:00:00-05:00,0.0,,,2025-12-26T16:15:00-05:00,85500.0,,,2025-12-26T16:15:00-05:00,171900.0,,,2025-12-29T15:59:00-05:00,60.0,4.0,hit,4.0,hit,,never_hit,,never_hit,,never_hit,,never_hit,,never_hit,31.0,hit,34.0,hit,0.0,hit,34.0,hit,100.0,hit,152.0,hit,,,True,True,True,False,2.5500000000000114,,,True,True,True,False,2.5500000000000114,,,True,True,True,False,2.5500000000000114,,,True,True,True,False,2.5500000000000114,,,,,,,,,,,,,,,,,,,,,,,,,,,,,,,,,,,,,,,,,,,,,,,,,,,,,,,,,,,,,,,,,3155
2025-12-29,2025-12-31,2,5.0,2025-12-29T09:31:00-05:00,5.0,NDXP  251231P25550000,NDXP  251231P25540000,validation,False,False,0,0,0,69,0,1131,available,False,2025-12-29T09:31:00-05:00,2025-12-31T16:00:00-05:00,7.100000000000023,-4452.960000000045,0.0,last_observed_quote_not_settlement,1036.0,699,74,5.099999999999966,-452.9599999999311,2025-12-29T09:32:00-05:00,0.0,4.799999999999983,147.0400000000348,2025-12-29T09:33:00-05:00,0.0,4.400000000000006,947.0399999999893,2025-12-29T09:36:00-05:00,0.0,3.5999999999999943,2547.0400000000122,2025-12-29T09:41:00-05:00,0.0,4.299999999999997,1147.0400000000063,2025-12-29T09:46:00-05:00,0.0,4.400000000000006,947.0399999999893,2025-12-29T10:01:00-05:00,0.0,4.400000000000006,947.0399999999893,2025-12-29T10:31:00-05:00,0.0,5.099999999999994,-452.95999999998793,2025-12-29T11:31:00-05:00,0.0,4.749999999999986,247.0400000000291,2025-12-29T16:00:00-05:00,0.0,6.549999999999997,-3352.9599999999937,2025-12-30T16:00:00-05:00,0.0,7.100000000000023,-4452.960000000045,2025-12-31T16:00:00-05:00,0.0,,,,,0.0,hit,0.0,hit,6.0,hit,1537.0,hit,1537.0,hit,,never_hit,,never_hit,94.0,hit,176.0,hit,176.0,hit,2882.0,hit,2890.0,hit,2890.0,hit,7.150000000000006,261,True,False,False,False,,7.150000000000006,261,True,False,False,False,,,,True,True,True,False,3.1500000000000057,,,True,True,True,False,3.1500000000000057,1537.0,2025-12-30T11:08:00-05:00,1.8499999999999943,6047.040000000012,,,,,,,,,1538.0,2025-12-30T11:09:00-05:00,4.1000000000000085,1547.0399999999836,1537.0,2025-12-30T11:08:00-05:00,1.8499999999999943,6047.040000000012,,,,,,,,,1538.0,2025-12-30T11:09:00-05:00,4.1000000000000085,1547.0399999999836,,,,,,,,,,,,,,,,,,,,,,,,,,,,,,,,,3156
2025-12-29,2025-12-31,2,6.0,2025-12-29T09:31:00-05:00,6.150000000000006,NDXP  251231P25620000,NDXP  251231P25610000,validation,False,False,0,0,0,96,0,1104,available,False,2025-12-29T09:31:00-05:00,2025-12-31T16:00:00-05:00,8.600000000000023,-5152.9600000000355,0.0,last_observed_quote_not_settlement,1036.0,729,206,6.300000000000011,-552.9600000000107,2025-12-29T09:32:00-05:00,0.0,6.049999999999983,-52.959999999953816,2025-12-29T09:33:00-05:00,0.0,5.149999999999977,1747.0400000000575,2025-12-29T09:36:00-05:00,0.0,4.6000000000000085,2847.039999999995,2025-12-29T09:41:00-05:00,0.0,5.100000000000023,1847.0399999999665,2025-12-29T09:46:00-05:00,0.0,6.050000000000011,-52.96000000001066,2025-12-29T10:01:00-05:00,0.0,5.850000000000023,347.0399999999666,2025-12-29T10:31:00-05:00,0.0,6.099999999999994,-152.95999999997656,2025-12-29T11:31:00-05:00,0.0,5.900000000000006,247.04000000000067,2025-12-29T16:00:00-05:00,0.0,7.800000000000011,-3552.9600000000105,2025-12-30T16:00:00-05:00,0.0,8.600000000000023,-5152.9600000000355,2025-12-31T16:00:00-05:00,0.0,,,,,5.0,hit,6.0,hit,74.0,hit,330.0,hit,403.0,hit,403.0,hit,,never_hit,27.0,hit,27.0,hit,27.0,hit,92.0,hit,1514.0,hit,2884.0,hit,8.5,196,True,True,False,False,,8.5,205,True,True,False,False,,8.5,205,True,True,False,False,,,,True,True,True,False,5.350000000000023,330.0,2025-12-29T15:01:00-05:00,2.8499999999999943,6347.040000000024,,,,,,,,,331.0,2025-12-29T15:02:00-05:00,4.400000000000006,3247.040000000001,403.0,2025-12-29T16:14:00-05:00,0.799999999999983,10447.040000000046,,,,,,,,,404.0,2025-12-29T16:15:00-05:00,5.75,547.040000000012,403.0,2025-12-29T16:14:00-05:00,0.799999999999983,10447.040000000046,,,,,,,,,404.0,2025-12-29T16:15:00-05:00,5.75,547.040000000012,,,,,,,,,,,,,,,,,3157
2025-12-29,2025-12-31,2,7.0,2025-12-29T09:31:00-05:00,6.900000000000034,NDXP  251231P25690000,NDXP  251231P25680000,validation,False,False,0,0,0,93,0,1107,available,False,2025-12-29T09:31:00-05:00,2025-12-31T16:00:00-05:00,0.0,13547.04000000007,0.0,last_observed_quote_not_settlement,1037.0,889,102,7.450000000000017,-1352.9599999999652,2025-12-29T09:32:00-05:00,0.0,7.099999999999994,-652.9599999999198,2025-12-29T09:33:00-05:00,0.0,7.850000000000023,-2152.9599999999764,2025-12-29T09:36:00-05:00,0.0,5.599999999999994,2347.0400000000805,2025-12-29T09:41:00-05:00,0.0,6.5,547.0400000000689,2025-12-29T09:46:00-05:00,0.0,6.199999999999989,1147.0400000000916,2025-12-29T10:01:00-05:00,0.0,6.549999999999983,447.040000000103,2025-12-29T10:31:00-05:00,0.0,7.5,-1452.9599999999311,2025-12-29T11:31:00-05:00,0.0,7.099999999999994,-652.9599999999198,2025-12-29T16:00:00-05:00,0.0,9.0,-4452.959999999933,2025-12-30T16:00:00-05:00,0.0,0.0,13547.04000000007,2025-12-31T16:00:00-05:00,0.0,,,,,11.0,hit,11.0,hit,11.0,hit,3269.0,hit,3269.0,hit,3269.0,hit,3269.0,hit,1.0,hit,32.0,hit,1.0,hit,32.0,hit,251.0,hit,1454.0,hit,10.0,889,True,True,True,True,,10.0,889,True,True,True,True,,10.0,889,True,True,True,True,,10.0,889,True,True,True,True,,3269.0,2025-12-31T16:00:00-05:00,0.0,13547.04000000007,,,,,,,,,,,,,3269.0,2025-12-31T16:00:00-05:00,0.0,13547.04000000007,,,,,,,,,,,,,3269.0,2025-12-31T16:00:00-05:00,0.0,13547.04000000007,,,,,,,,,,,,,3269.0,2025-12-31T16:00:00-05:00,0.0,13547.04000000007,,,,,,,,,,,,,3158
2025-12-30,2026-01-02,3,5.0,2025-12-30T09:31:00-05:00,4.999999999999972,NDXP  260102P25550000,NDXP  260102P25540000,validation,False,False,0,0,0,63,0,1137,available,False,2025-12-30T09:31:00-05:00,2026-01-02T15:59:00-05:00,10.0,-10152.960000000056,1.0,last_observed_quote_not_settlement,2476.0,771,46,4.699999999999989,347.0399999999666,2025-12-30T09:32:00-05:00,0.0,4.5,747.0399999999438,2025-12-30T09:33:00-05:00,0.0,4.800000000000011,147.03999999992112,2025-12-30T09:36:00-05:00,0.0,4.949999999999989,-152.9600000000334,2025-12-30T09:41:00-05:00,0.0,5.0,-252.96000000005614,2025-12-30T09:46:00-05:00,0.0,4.5,747.0399999999438,2025-12-30T10:01:00-05:00,0.0,5.149999999999977,-552.9600000000107,2025-12-30T10:31:00-05:00,0.0,4.0,1747.0399999999438,2025-12-30T11:31:00-05:00,0.0,5.25,-752.9600000000562,2025-12-30T16:00:00-05:00,0.0,9.199999999999989,-8652.960000000034,2025-12-31T16:00:00-05:00,0.0,,,2025-12-31T16:15:00-05:00,85500.0,,,2026-01-02T15:59:00-05:00,60.0,0.0,hit,0.0,hit,27.0,hit,,never_hit,,never_hit,,never_hit,,never_hit,11.0,hit,1447.0,hit,1455.0,hit,1476.0,hit,1743.0,hit,1743.0,hit,,,True,True,True,False,1.8999999999999773,,,True,True,True,False,1.8999999999999773,,,True,True,True,False,1.8999999999999773,,,True,True,True,False,1.8999999999999773,,,,,,,,,,,,,,,,,,,,,,,,,,,,,,,,,,,,,,,,,,,,,,,,,,,,,,,,,,,,,,,,,3159
2025-12-30,2026-01-02,3,6.0,2025-12-30T09:31:00-05:00,6.0,NDXP  260102P25630000,NDXP  260102P25620000,validation,False,False,0,0,0,91,0,1109,available,False,2025-12-30T09:31:00-05:00,2026-01-02T15:59:00-05:00,9.699999999999989,-7652.959999999978,1.0,last_observed_quote_not_settlement,2477.0,877,104,6.800000000000011,-1852.960000000022,2025-12-30T09:32:00-05:00,0.0,5.649999999999977,447.0400000000462,2025-12-30T09:33:00-05:00,0.0,6.0,-252.9599999999993,2025-12-30T09:36:00-05:00,0.0,6.0,-252.9599999999993,2025-12-30T09:41:00-05:00,0.0,6.099999999999994,-452.95999999998793,2025-12-30T09:46:00-05:00,0.0,7.899999999999977,-4052.9599999999537,2025-12-30T10:01:00-05:00,0.0,6.349999999999994,-952.959999999988,2025-12-30T10:31:00-05:00,0.0,5.400000000000006,947.0399999999893,2025-12-30T11:31:00-05:00,0.0,7.300000000000011,-2852.960000000022,2025-12-30T16:00:00-05:00,0.0,9.799999999999955,-7852.95999999991,2025-12-31T16:00:00-05:00,0.0,,,2025-12-31T16:14:00-05:00,85560.0,,,2026-01-02T15:59:00-05:00,60.0,3.0,hit,48.0,hit,94.0,hit,99.0,hit,,never_hit,,never_hit,,never_hit,1.0,hit,25.0,hit,25.0,hit,154.0,hit,1499.0,hit,1577.0,hit,7.899999999999977,39,True,False,False,False,,,,True,True,True,False,3.0,,,True,True,True,False,3.0,,,True,True,True,False,3.0,,,,,,,,,,,,,,,,,,,,,,,,,,,,,,,,,,,,,,,,,,,,,,,,,,,,,,,,,,,,,,,,,3160
2025-12-30,2026-01-02,3,7.0,2025-12-30T09:31:00-05:00,7.0,NDXP  260102P25720000,NDXP  260102P25710000,validation,False,False,0,0,0,94,0,1106,available,False,2025-12-30T09:31:00-05:00,2026-01-02T16:00:00-05:00,7.649999999999977,-1552.9599999999539,0.0,last_observed_quote_not_settlement,2476.0,968,60,7.150000000000034,-552.9600000000676,2025-12-30T09:32:00-05:00,0.0,6.650000000000006,447.03999999998933,2025-12-30T09:33:00-05:00,0.0,7.399999999999977,-1052.9599999999539,2025-12-30T09:36:00-05:00,0.0,7.350000000000023,-952.9600000000448,2025-12-30T09:41:00-05:00,0.0,8.300000000000011,-2852.9600000000237,2025-12-30T09:46:00-05:00,0.0,7.300000000000011,-852.9600000000221,2025-12-30T10:01:00-05:00,0.0,7.750000000000028,-1752.9600000000562,2025-12-30T10:31:00-05:00,0.0,6.800000000000011,147.03999999997797,2025-12-30T11:31:00-05:00,0.0,8.100000000000023,-2452.9600000000464,2025-12-30T16:00:00-05:00,0.0,9.950000000000045,-6152.96,2025-12-31T16:00:00-05:00,0.0,,,2025-12-31T16:15:00-05:00,85500.0,7.649999999999977,-1552.9599999999539,2026-01-02T16:00:00-05:00,0.0,182.0,hit,182.0,hit,182.0,hit,182.0,hit,,never_hit,,never_hit,,never_hit,9.0,hit,15.0,hit,0.0,hit,15.0,hit,213.0,hit,1467.0,hit,8.799999999999983,139,True,True,False,False,,,,True,True,True,False,4.250000000000028,,,True,True,True,False,4.250000000000028,,,True,True,True,False,4.250000000000028,182.0,2025-12-30T12:33:00-05:00,2.75,8247.04,,,,,,,,,183.0,2025-12-30T12:34:00-05:00,7.25,-752.9599999999994,,,,,,,,,,,,,,,,,,,,,,,,,,,,,,,,,,,,,,,,,,,,,,,,,3161
2025-12-31,2026-01-02,2,5.0,2025-12-31T09:31:00-05:00,4.8999999999999915,NDXP  260102P25520000,NDXP  260102P25510000,validation,False,False,0,0,0,40,0,755,available,False,2025-12-31T09:31:00-05:00,2026-01-02T16:00:00-05:00,9.75,-9952.960000000017,0.0,last_observed_quote_not_settlement,2476.0,681,12,5.400000000000006,-1252.9600000000278,2025-12-31T09:32:00-05:00,0.0,4.8500000000000085,-152.9600000000334,2025-12-31T09:33:00-05:00,0.0,5.25,-952.9600000000164,2025-12-31T09:36:00-05:00,0.0,5.850000000000023,-2152.960000000062,2025-12-31T09:41:00-05:00,0.0,6.500000000000028,-3452.9600000000733,2025-12-31T09:46:00-05:00,0.0,6.349999999999994,-3152.960000000005,2025-12-31T10:01:00-05:00,0.0,6.5,-3452.9600000000164,2025-12-31T10:31:00-05:00,0.0,6.899999999999977,-4252.959999999971,2025-12-31T11:31:00-05:00,0.0,8.850000000000023,-8152.960000000064,2025-12-31T16:00:00-05:00,0.0,,,2025-12-31T16:15:00-05:00,85500.0,9.75,-9952.960000000017,2026-01-02T16:00:00-05:00,0.0,,,,,0.0,hit,0.0,hit,2897.0,hit,2897.0,hit,,never_hit,,never_hit,,never_hit,1.0,hit,8.0,hit,19.0,hit,42.0,hit,380.0,hit,392.0,hit,9.75,411,True,True,True,True,,,,True,True,True,False,2.499999999999993,,,True,True,True,False,2.499999999999993,,,True,True,True,False,2.499999999999993,2897.0,2026-01-02T09:48:00-05:00,2.8500000000000014,3847.039999999981,2901.0,2026-01-02T09:52:00-05:00,2.8500000000000014,3847.039999999981,2912.0,2026-01-02T10:03:00-05:00,2.5500000000000007,4447.039999999982,2898.0,2026-01-02T09:49:00-05:00,3.049999999999997,3447.0399999999895,,,,,,,,,,,,,,,,,,,,,,,,,,,,,,,,,,,,,,,,,,,,,,,,,3162
2025-12-31,2026-01-02,2,6.0,2025-12-31T09:31:00-05:00,5.950000000000017,NDXP  260102P25560000,NDXP  260102P25550000,validation,False,False,0,0,0,55,0,740,available,False,2025-12-31T09:31:00-05:00,2026-01-02T16:00:00-05:00,9.75,-7852.959999999967,0.0,last_observed_quote_not_settlement,2476.0,661,16,5.850000000000023,-52.96000000001066,2025-12-31T09:32:00-05:00,0.0,6.0,-352.9599999999652,2025-12-31T09:33:00-05:00,0.0,5.949999999999989,-252.95999999994245,2025-12-31T09:36:00-05:00,0.0,7.049999999999983,-2452.959999999931,2025-12-31T09:41:00-05:00,0.0,6.949999999999989,-2252.9599999999423,2025-12-31T09:46:00-05:00,0.0,7.199999999999989,-2752.9599999999423,2025-12-31T10:01:00-05:00,0.0,6.0,-352.9599999999652,2025-12-31T10:31:00-05:00,0.0,8.550000000000011,-5452.95999999999,2025-12-31T11:31:00-05:00,0.0,9.199999999999989,-6752.959999999945,2025-12-31T16:00:00-05:00,0.0,,,2025-12-31T16:15:00-05:00,85500.0,9.75,-7852.959999999967,2026-01-02T16:00:00-05:00,0.0,,,,,9.0,hit,9.0,hit,2898.0,hit,,never_hit,,never_hit,,never_hit,,never_hit,6.0,hit,8.0,hit,8.0,hit,33.0,hit,48.0,hit,383.0,hit,,,True,True,True,False,2.45000000000001,,,True,True,True,False,2.45000000000001,,,True,True,True,False,2.45000000000001,,,True,True,True,False,2.45000000000001,,,,,,,,,,,,,,,,,,,,,,,,,,,,,,,,,,,,,,,,,,,,,,,,,,,,,,,,,,,,,,,,,3163
2025-12-31,2026-01-02,2,7.0,2025-12-31T09:31:00-05:00,7.200000000000017,NDXP  260102P25640000,NDXP  260102P25630000,validation,False,False,0,0,0,102,0,693,available,False,2025-12-31T09:31:00-05:00,2026-01-02T16:00:00-05:00,0.0,14147.040000000035,0.0,last_observed_quote_not_settlement,2476.0,607,10,7.199999999999989,-252.95999999994245,2025-12-31T09:32:00-05:00,0.0,7.400000000000006,-652.9599999999766,2025-12-31T09:33:00-05:00,0.0,7.399999999999977,-652.9599999999198,2025-12-31T09:36:00-05:00,0.0,8.149999999999977,-2152.9599999999214,2025-12-31T09:41:00-05:00,0.0,8.200000000000017,-2252.960000000001,2025-12-31T09:46:00-05:00,0.0,8.199999999999989,-2252.959999999944,2025-12-31T10:01:00-05:00,0.0,8.099999999999994,-2052.9599999999555,2025-12-31T10:31:00-05:00,0.0,8.600000000000023,-3052.9600000000123,2025-12-31T11:31:00-05:00,0.0,9.700000000000045,-5252.960000000058,2025-12-31T16:00:00-05:00,0.0,,,2025-12-31T16:15:00-05:00,85500.0,0.0,14147.040000000035,2026-01-02T16:00:00-05:00,0.0,,,,,3269.0,hit,3269.0,hit,3269.0,hit,3269.0,hit,3269.0,hit,3269.0,hit,3269.0,hit,6.0,hit,15.0,hit,0.0,hit,10.0,hit,73.0,hit,86.0,hit,10.0,607,True,True,True,True,,10.0,607,True,True,True,True,,10.0,607,True,True,True,True,,10.0,607,True,True,True,True,,3269.0,2026-01-02T16:00:00-05:00,0.0,14147.040000000035,,,,,,,,,,,,,3269.0,2026-01-02T16:00:00-05:00,0.0,14147.040000000035,,,,,,,,,,,,,3269.0,2026-01-02T16:00:00-05:00,0.0,14147.040000000035,,,,,,,,,,,,,3269.0,2026-01-02T16:00:00-05:00,0.0,14147.040000000035,,,,,,,,,,,,,3164
2026-01-02,2026-01-05,3,5.0,2026-01-02T09:31:00-05:00,4.950000000000017,NDXP  260105P25560000,NDXP  260105P25550000,final_holdout,False,False,0,0,0,55,0,739,available,False,2026-01-02T09:31:00-05:00,2026-01-05T16:00:00-05:00,10.0,-10252.959999999965,0.0,last_observed_quote_not_settlement,3916.0,671,6,5.049999999999997,-452.9599999999595,2026-01-02T09:32:00-05:00,0.0,5.650000000000006,-1652.9599999999766,2026-01-02T09:33:00-05:00,0.0,6.0,-2352.959999999965,2026-01-02T09:36:00-05:00,0.0,6.5,-3352.959999999965,2026-01-02T09:41:00-05:00,0.0,5.549999999999997,-1452.9599999999596,2026-01-02T09:46:00-05:00,0.0,4.200000000000003,1247.040000000029,2026-01-02T10:01:00-05:00,0.0,8.149999999999977,-6652.959999999922,2026-01-02T10:31:00-05:00,0.0,9.300000000000011,-8952.959999999988,2026-01-02T11:31:00-05:00,0.0,9.599999999999966,-9552.959999999897,2026-01-02T16:00:00-05:00,0.0,,,2026-01-02T16:15:00-05:00,85500.0,,,2026-01-02T16:15:00-05:00,171900.0,10.0,-10252.959999999965,2026-01-05T16:00:00-05:00,0.0,0.0,hit,0.0,hit,8.0,hit,,never_hit,,never_hit,,never_hit,,never_hit,2.0,hit,5.0,hit,44.0,hit,52.0,hit,88.0,hit,92.0,hit,,,True,True,True,False,1.3000000000000114,,,True,True,True,False,1.3000000000000114,,,True,True,True,False,1.3000000000000114,,,True,True,True,False,1.3000000000000114,,,,,,,,,,,,,,,,,,,,,,,,,,,,,,,,,,,,,,,,,,,,,,,,,,,,,,,,,,,,,,,,,3165
2026-01-02,2026-01-05,3,6.0,2026-01-02T09:31:00-05:00,5.949999999999989,NDXP  260105P25610000,NDXP  260105P25600000,final_holdout,False,False,0,0,0,184,0,610,available,False,2026-01-02T09:31:00-05:00,2026-01-05T16:00:00-05:00,9.900000000000006,-8152.9600000000355,0.0,last_observed_quote_not_settlement,3916.0,448,13,5.699999999999989,247.04000000000067,2026-01-02T09:32:00-05:00,0.0,5.300000000000011,1047.0399999999552,2026-01-02T09:33:00-05:00,0.0,5.5,647.0399999999779,2026-01-02T09:36:00-05:00,0.0,5.550000000000011,547.0399999999552,2026-01-02T09:41:00-05:00,0.0,5.800000000000011,47.039999999955235,2026-01-02T09:46:00-05:00,0.0,4.8999999999999915,1847.039999999995,2026-01-02T10:01:00-05:00,0.0,8.849999999999966,-6052.9599999999555,2026-01-02T10:31:00-05:00,0.0,,,2026-01-02T11:30:00-05:00,60.0,9.800000000000011,-7952.960000000046,2026-01-02T16:00:00-05:00,0.0,,,2026-01-02T16:15:00-05:00,85500.0,,,2026-01-02T16:15:00-05:00,171900.0,9.900000000000006,-8152.9600000000355,2026-01-05T16:00:00-05:00,0.0,2.0,hit,9.0,hit,,never_hit,,never_hit,,never_hit,,never_hit,,never_hit,3.0,hit,7.0,hit,7.0,hit,47.0,hit,78.0,hit,92.0,hit,,,True,True,True,False,1.4499999999999744,,,True,True,True,False,1.4499999999999744,,,True,True,True,False,1.4499999999999744,,,True,True,True,False,1.4499999999999744,,,,,,,,,,,,,,,,,,,,,,,,,,,,,,,,,,,,,,,,,,,,,,,,,,,,,,,,,,,,,,,,,3166
2026-01-02,2026-01-05,3,7.0,2026-01-02T09:31:00-05:00,6.7999999999999545,NDXP  260105P25670000,NDXP  260105P25660000,final_holdout,False,False,0,0,0,215,0,579,available,False,2026-01-02T09:31:00-05:00,2026-01-05T16:00:00-05:00,9.550000000000011,-5752.960000000115,0.0,last_observed_quote_not_settlement,3916.0,416,16,7.100000000000023,-852.9600000001358,2026-01-02T09:32:00-05:00,0.0,7.550000000000011,-1752.960000000113,2026-01-02T09:33:00-05:00,0.0,7.25,-1152.9600000000903,2026-01-02T09:36:00-05:00,0.0,8.149999999999977,-2952.9600000000464,2026-01-02T09:41:00-05:00,0.0,7.200000000000017,-1052.9600000001244,2026-01-02T09:46:00-05:00,0.0,6.200000000000017,947.0399999998756,2026-01-02T10:01:00-05:00,0.0,9.25,-5152.960000000092,2026-01-02T10:31:00-05:00,0.0,9.050000000000011,-4752.960000000115,2026-01-02T11:31:00-05:00,0.0,9.950000000000045,-6552.960000000091,2026-01-02T16:00:00-05:00,0.0,,,2026-01-02T16:15:00-05:00,85500.0,,,2026-01-02T16:15:00-05:00,171900.0,9.550000000000011,-5752.960000000115,2026-01-05T16:00:00-05:00,0.0,,never_hit,,never_hit,,never_hit,,never_hit,,never_hit,,never_hit,,never_hit,2.0,hit,4.0,hit,1.0,hit,4.0,hit,9.0,hit,58.0,hit,,,True,True,True,False,1.299999999999926,,,True,True,True,False,1.299999999999926,,,True,True,True,False,1.299999999999926,,,True,True,True,False,1.299999999999926,,,,,,,,,,,,,,,,,,,,,,,,,,,,,,,,,,,,,,,,,,,,,,,,,,,,,,,,,,,,,,,,,3167
2026-01-05,2026-01-07,2,5.0,2026-01-05T09:31:00-05:00,5.000000000000028,NDXP  260107P25530000,NDXP  260107P25520000,final_holdout,False,False,0,0,4,8,0,1174,available,False,2026-01-05T09:31:00-05:00,2026-01-07T15:39:00-05:00,0.0,9747.040000000059,21.0,last_observed_quote_not_settlement,1036.0,300,102,5.399999999999977,-1052.959999999897,2026-01-05T09:32:00-05:00,0.0,5.750000000000028,-1752.9599999999994,2026-01-05T09:33:00-05:00,0.0,6.5,-3252.9599999999423,2026-01-05T09:36:00-05:00,0.0,6.550000000000011,-3352.959999999965,2026-01-05T09:41:00-05:00,0.0,5.049999999999983,-352.95999999990835,2026-01-05T09:46:00-05:00,0.0,5.800000000000011,-1852.9599999999652,2026-01-05T10:01:00-05:00,0.0,4.699999999999989,347.0400000000803,2026-01-05T10:31:00-05:00,0.0,4.6499999999999915,447.0400000000746,2026-01-05T11:31:00-05:00,0.0,7.149999999999977,-4552.959999999897,2026-01-05T16:00:00-05:00,0.0,2.3500000000000014,5047.0400000000545,2026-01-06T16:00:00-05:00,0.0,,,2026-01-07T15:39:00-05:00,1260.0,,,,,0.0,hit,13.0,hit,98.0,hit,1496.0,hit,1811.0,hit,2896.0,hit,2945.0,hit,2.0,hit,5.0,hit,21.0,hit,244.0,hit,,never_hit,,never_hit,8.700000000000017,278,True,True,False,False,,8.700000000000017,299,True,True,False,False,,8.700000000000017,299,True,True,False,False,,8.700000000000017,300,True,True,False,False,,1628.0,2026-01-06T12:39:00-05:00,2.6499999999999915,4447.0400000000745,1629.0,2026-01-06T12:40:00-05:00,2.8499999999999943,4047.040000000069,1636.0,2026-01-06T12:47:00-05:00,2.9000000000000057,3947.0400000000463,1629.0,2026-01-06T12:40:00-05:00,2.8499999999999943,4047.040000000069,1817.0,2026-01-06T15:48:00-05:00,1.8999999999999986,5947.04000000006,1818.0,2026-01-06T15:49:00-05:00,1.9499999999999957,5847.040000000066,2886.0,2026-01-07T09:37:00-05:00,1.9499999999999993,5847.040000000059,1818.0,2026-01-06T15:49:00-05:00,1.9499999999999957,5847.040000000066,2898.0,2026-01-07T09:49:00-05:00,0.9499999999999993,7847.040000000059,2917.0,2026-01-07T10:08:00-05:00,0.9499999999999993,7847.040000000059,2921.0,2026-01-07T10:12:00-05:00,0.8999999999999986,7947.04000000006,2899.0,2026-01-07T09:50:00-05:00,1.0500000000000007,7647.040000000056,2948.0,2026-01-07T10:39:00-05:00,0.1999999999999993,9347.040000000059,2967.0,2026-01-07T10:58:00-05:00,0.39999999999999947,8947.040000000059,2968.0,2026-01-07T10:59:00-05:00,0.40000000000000036,8947.040000000057,2949.0,2026-01-07T10:40:00-05:00,0.9499999999999993,7847.040000000059,3168
2026-01-05,2026-01-07,2,6.0,2026-01-05T09:31:00-05:00,5.849999999999994,NDXP  260107P25580000,NDXP  260107P25570000,final_holdout,False,False,0,0,3,1,0,1185,available,False,2026-01-05T09:31:00-05:00,2026-01-07T15:49:00-05:00,0.025000000000000022,11397.03999999999,11.0,last_observed_quote_not_settlement,1036.0,345,147,5.75,-52.96000000001066,2026-01-05T09:32:00-05:00,0.0,6.300000000000011,-1152.9600000000335,2026-01-05T09:33:00-05:00,0.0,6.699999999999989,-1952.959999999988,2026-01-05T09:36:00-05:00,0.0,7.349999999999994,-3252.959999999999,2026-01-05T09:41:00-05:00,0.0,6.25,-1052.9600000000107,2026-01-05T09:46:00-05:00,0.0,6.899999999999977,-2352.959999999965,2026-01-05T10:01:00-05:00,0.0,5.75,-52.96000000001066,2026-01-05T10:31:00-05:00,0.0,7.300000000000011,-3152.9600000000332,2026-01-05T11:31:00-05:00,0.0,7.5,-3552.9600000000105,2026-01-05T16:00:00-05:00,0.0,2.799999999999997,5847.039999999995,2026-01-06T16:00:00-05:00,0.0,,,2026-01-07T15:49:00-05:00,660.0,,,,,16.0,hit,44.0,hit,108.0,hit,1745.0,hit,2891.0,hit,2942.0,hit,2973.0,hit,5.0,hit,6.0,hit,10.0,hit,106.0,hit,404.0,hit,,never_hit,9.199999999999989,345,True,True,True,True,,9.199999999999989,345,True,True,True,True,,9.199999999999989,345,True,True,True,True,,9.199999999999989,345,True,True,True,True,,1755.0,2026-01-06T14:46:00-05:00,2.9499999999999957,5547.039999999998,1809.0,2026-01-06T15:40:00-05:00,2.8999999999999986,5647.039999999992,1810.0,2026-01-06T15:41:00-05:00,2.8999999999999915,5647.040000000006,1756.0,2026-01-06T14:47:00-05:00,3.0,5447.039999999989,2891.0,2026-01-07T09:42:00-05:00,1.8500000000000014,7747.039999999986,2897.0,2026-01-07T09:48:00-05:00,1.7000000000000028,8047.039999999984,2898.0,2026-01-07T09:49:00-05:00,1.6000000000000014,8247.039999999988,2892.0,2026-01-07T09:43:00-05:00,2.0500000000000007,7347.039999999988,2945.0,2026-01-07T10:36:00-05:00,0.8999999999999986,9647.039999999994,2946.0,2026-01-07T10:37:00-05:00,0.8000000000000007,9847.039999999988,2947.0,2026-01-07T10:38:00-05:00,0.8999999999999986,9647.039999999994,2946.0,2026-01-07T10:37:00-05:00,0.8000000000000007,9847.039999999988,2974.0,2026-01-07T11:05:00-05:00,0.4499999999999993,10547.039999999992,3011.0,2026-01-07T11:42:00-05:00,0.39999999999999947,10647.039999999992,3012.0,2026-01-07T11:43:00-05:00,0.2999999999999998,10847.03999999999,2975.0,2026-01-07T11:06:00-05:00,0.4500000000000002,10547.03999999999,3169
2026-01-05,2026-01-07,2,7.0,2026-01-05T09:31:00-05:00,6.950000000000017,NDXP  260107P25670000,NDXP  260107P25660000,final_holdout,False,False,0,0,0,6,0,1193,available,False,2026-01-05T09:31:00-05:00,2026-01-07T15:57:00-05:00,9.500000000000002,-5352.959999999971,3.0,last_observed_quote_not_settlement,1036.0,489,106,5.699999999999989,2247.0400000000577,2026-01-05T09:32:00-05:00,0.0,7.5,-1352.9599999999652,2026-01-05T09:33:00-05:00,0.0,7.900000000000034,-2152.9600000000332,2026-01-05T09:36:00-05:00,0.0,8.600000000000023,-3552.9600000000123,2026-01-05T09:41:00-05:00,0.0,7.350000000000023,-1052.9600000000107,2026-01-05T09:46:00-05:00,0.0,7.75,-1852.9599999999652,2026-01-05T10:01:00-05:00,0.0,6.950000000000017,-252.9599999999993,2026-01-05T10:31:00-05:00,0.0,5.5,2647.040000000035,2026-01-05T11:31:00-05:00,0.0,8.349999999999966,-3052.9599999998986,2026-01-05T16:00:00-05:00,0.0,5.400000000000006,2847.0400000000236,2026-01-06T16:00:00-05:00,0.0,,,2026-01-07T15:57:00-05:00,180.0,,,,,62.0,hit,106.0,hit,2881.0,hit,2909.0,hit,2963.0,hit,3014.0,hit,3029.0,hit,2.0,hit,9.0,hit,2.0,hit,9.0,hit,1547.0,hit,3266.0,hit,9.050000000000011,485,True,True,True,True,,9.050000000000011,486,True,True,True,True,,9.050000000000011,486,True,True,True,True,,9.050000000000011,486,True,True,True,True,,2945.0,2026-01-07T10:36:00-05:00,2.4999999999999964,8647.040000000043,2946.0,2026-01-07T10:37:00-05:00,2.7500000000000036,8147.040000000027,2947.0,2026-01-07T10:38:00-05:00,2.6000000000000014,8447.040000000034,2946.0,2026-01-07T10:37:00-05:00,2.7500000000000036,8147.040000000027,2970.0,2026-01-07T11:01:00-05:00,1.7499999999999982,10147.040000000039,2971.0,2026-01-07T11:02:00-05:00,1.8000000000000025,10047.04000000003,2972.0,2026-01-07T11:03:00-05:00,1.6999999999999993,10247.040000000037,2971.0,2026-01-07T11:02:00-05:00,1.8000000000000025,10047.04000000003,3015.0,2026-01-07T11:46:00-05:00,0.8499999999999996,11947.040000000037,3016.0,2026-01-07T11:47:00-05:00,0.8000000000000007,12047.040000000034,3017.0,2026-01-07T11:48:00-05:00,0.8499999999999996,11947.040000000037,3016.0,2026-01-07T11:47:00-05:00,0.8000000000000007,12047.040000000034,3036.0,2026-01-07T12:07:00-05:00,0.40000000000000036,12847.040000000035,3053.0,2026-01-07T12:24:00-05:00,0.34999999999999964,12947.040000000037,3054.0,2026-01-07T12:25:00-05:00,0.40000000000000036,12847.040000000035,3037.0,2026-01-07T12:08:00-05:00,0.6000000000000005,12447.040000000035,3170
2026-01-05,2026-01-08,3,5.0,2026-01-05T09:31:00-05:00,5.0499999999999545,NDXP  260108P25660000,NDXP  260108P25650000,final_holdout,False,False,0,0,0,85,0,1518,available,False,2026-01-05T09:31:00-05:00,2026-01-08T15:56:00-05:00,9.699999999999989,-9552.960000000068,4.0,last_observed_quote_not_settlement,1036.0,878,67,6.699999999999932,-3552.9599999999537,2026-01-05T09:32:00-05:00,0.0,7.050000000000011,-4252.960000000113,2026-01-05T09:33:00-05:00,0.0,7.199999999999989,-4552.960000000067,2026-01-05T09:36:00-05:00,0.0,6.449999999999989,-3052.9600000000673,2026-01-05T09:41:00-05:00,0.0,6.699999999999989,-3552.9600000000673,2026-01-05T09:46:00-05:00,0.0,7.100000000000023,-4352.960000000136,2026-01-05T10:01:00-05:00,0.0,6.099999999999994,-2352.9600000000787,2026-01-05T10:31:00-05:00,0.0,7.699999999999989,-5552.960000000067,2026-01-05T11:31:00-05:00,0.0,7.5499999999999545,-5252.959999999999,2026-01-05T16:00:00-05:00,0.0,2.049999999999983,5747.039999999944,2026-01-06T16:00:00-05:00,0.0,4.200000000000003,1447.039999999904,2026-01-07T16:00:00-05:00,0.0,,,2026-01-08T15:56:00-05:00,240.0,0.0,hit,1458.0,hit,1473.0,hit,1626.0,hit,3026.0,hit,,never_hit,,never_hit,1.0,hit,1.0,hit,2.0,hit,55.0,hit,404.0,hit,4335.0,hit,9.350000000000023,562,True,True,True,True,,9.350000000000023,625,True,True,True,True,,,,True,True,True,False,3.44999999999996,,,True,True,True,False,3.44999999999996,1829.0,2026-01-06T16:00:00-05:00,2.049999999999983,5747.039999999944,2970.0,2026-01-07T11:01:00-05:00,2.799999999999997,4247.039999999915,2971.0,2026-01-07T11:02:00-05:00,2.799999999999997,4247.039999999915,1830.0,2026-01-06T16:01:00-05:00,4.499999999999986,847.0399999999381,3026.0,2026-01-07T11:57:00-05:00,1.8999999999999986,6047.039999999913,3027.0,2026-01-07T11:58:00-05:00,1.9000000000000021,6047.039999999905,3028.0,2026-01-07T11:59:00-05:00,1.8999999999999986,6047.039999999913,3027.0,2026-01-07T11:58:00-05:00,1.9000000000000021,6047.039999999905,,,,,,,,,,,,,,,,,,,,,,,,,,,,,,,,,3171
2026-01-05,2026-01-08,3,6.0,2026-01-05T09:31:00-05:00,6.0,NDXP  260108P26030000,NDXP  260108P26020000,final_holdout,False,False,0,0,1,228,0,1374,available,False,2026-01-05T09:31:00-05:00,2026-01-08T16:00:00-05:00,9.100000000000023,-6452.960000000046,0.0,last_observed_quote_not_settlement,1036.0,1184,2,9.549999999999955,-7352.95999999991,2026-01-05T09:32:00-05:00,0.0,,,2026-01-05T09:32:00-05:00,60.0,9.700000000000045,-7652.960000000092,2026-01-05T09:36:00-05:00,0.0,,,2026-01-05T09:40:00-05:00,60.0,9.599999999999909,-7452.959999999819,2026-01-05T09:46:00-05:00,0.0,8.75,-5752.960000000001,2026-01-05T10:01:00-05:00,0.0,9.600000000000023,-7452.960000000046,2026-01-05T10:31:00-05:00,0.0,9.549999999999955,-7352.95999999991,2026-01-05T11:31:00-05:00,0.0,8.75,-5752.960000000001,2026-01-05T16:00:00-05:00,0.0,9.25,-6752.960000000001,2026-01-06T16:00:00-05:00,0.0,,,2026-01-07T15:59:00-05:00,60.0,9.100000000000023,-6452.960000000046,2026-01-08T16:00:00-05:00,0.0,2948.0,hit,2948.0,hit,2948.0,hit,,never_hit,,never_hit,,never_hit,,never_hit,1.0,hit,1.0,hit,1.0,hit,1.0,hit,1.0,hit,1.0,hit,,,True,True,True,False,2.3500000000000227,,,True,True,True,False,2.3500000000000227,,,True,True,True,False,2.3500000000000227,,,True,True,True,False,2.3500000000000227,,,,,,,,,,,,,,,,,,,,,,,,,,,,,,,,,,,,,,,,,,,,,,,,,,,,,,,,,,,,,,,,,3172
2026-01-05,2026-01-08,3,7.0,2026-01-05T09:31:00-05:00,6.899999999999977,NDXP  260108P25720000,NDXP  260108P25710000,final_holdout,False,False,0,0,0,94,0,1509,available,False,2026-01-05T09:31:00-05:00,2026-01-08T15:58:00-05:00,9.250000000000028,-4952.960000000104,2.0,last_observed_quote_not_settlement,1036.0,747,69,7.100000000000023,-652.9600000000903,2026-01-05T09:32:00-05:00,0.0,7.75,-1952.9600000000448,2026-01-05T09:33:00-05:00,0.0,7.899999999999977,-2252.959999999999,2026-01-05T09:36:00-05:00,0.0,6.75,47.039999999955235,2026-01-05T09:41:00-05:00,0.0,7.400000000000091,-1252.9600000002267,2026-01-05T09:46:00-05:00,0.0,7.699999999999989,-1852.960000000022,2026-01-05T10:01:00-05:00,0.0,6.5499999999999545,447.0400000000462,2026-01-05T10:31:00-05:00,0.0,7.0,-452.9600000000448,2026-01-05T11:31:00-05:00,0.0,8.200000000000045,-2852.9600000001374,2026-01-05T16:00:00-05:00,0.0,4.899999999999977,3747.040000000001,2026-01-06T16:00:00-05:00,0.0,5.949999999999989,1647.039999999978,2026-01-07T16:00:00-05:00,0.0,,,2026-01-08T15:58:00-05:00,120.0,55.0,hit,1469.0,hit,1814.0,hit,3017.0,hit,,never_hit,,never_hit,,never_hit,2.0,hit,5.0,hit,1.0,hit,17.0,hit,4324.0,hit,4334.0,hit,8.849999999999966,520,True,True,False,False,,,,True,True,True,False,4.599999999999973,,,True,True,True,False,4.599999999999973,,,True,True,True,False,4.599999999999973,3027.0,2026-01-07T11:58:00-05:00,2.799999999999997,7947.039999999961,3028.0,2026-01-07T11:59:00-05:00,2.8999999999999986,7747.039999999958,3029.0,2026-01-07T12:00:00-05:00,2.8000000000000043,7947.039999999946,3028.0,2026-01-07T11:59:00-05:00,2.8999999999999986,7747.039999999958,,,,,,,,,,,,,,,,,,,,,,,,,,,,,,,,,,,,,,,,,,,,,,,,,3173
2026-01-06,2026-01-08,2,5.0,2026-01-06T09:31:00-05:00,5.0,NDXP  260108P25600000,NDXP  260108P25590000,final_holdout,False,False,0,0,1,28,1,1171,available,False,2026-01-06T09:31:00-05:00,2026-01-08T15:59:00-05:00,9.549999999999997,-9352.959999999994,1.0,last_observed_quote_not_settlement,1036.0,441,36,5.600000000000023,-1452.9600000000448,2026-01-06T09:32:00-05:00,0.0,4.799999999999983,147.0400000000348,2026-01-06T09:33:00-05:00,0.0,7.300000000000011,-4852.960000000022,2026-01-06T09:36:00-05:00,0.0,6.5,-3252.959999999999,2026-01-06T09:41:00-05:00,0.0,4.899999999999977,-52.959999999953816,2026-01-06T09:46:00-05:00,0.0,4.3500000000000085,1047.0399999999836,2026-01-06T10:01:00-05:00,0.0,4.400000000000006,947.0399999999893,2026-01-06T10:31:00-05:00,0.0,5.699999999999989,-1652.9599999999766,2026-01-06T11:31:00-05:00,0.0,3.8500000000000085,2047.0399999999836,2026-01-06T16:00:00-05:00,0.0,3.0,3747.040000000001,2026-01-07T16:00:00-05:00,0.0,,,2026-01-08T15:59:00-05:00,60.0,,,,,0.0,hit,0.0,hit,7.0,hit,1451.0,hit,1485.0,hit,,never_hit,,never_hit,1.0,hit,3.0,hit,5.0,hit,2888.0,hit,2891.0,hit,3007.0,hit,7.300000000000011,100,True,False,False,False,,7.300000000000011,100,True,False,False,False,,,,True,True,True,False,3.950000000000003,,,True,True,True,False,3.950000000000003,1451.0,2026-01-07T09:42:00-05:00,2.8999999999999986,3947.0400000000036,1457.0,2026-01-07T09:48:00-05:00,2.8500000000000014,4047.039999999998,1458.0,2026-01-07T09:49:00-05:00,2.749999999999993,4247.0400000000145,1452.0,2026-01-07T09:43:00-05:00,3.1999999999999957,3347.040000000009,1530.0,2026-01-07T11:01:00-05:00,1.9499999999999957,5847.040000000009,1531.0,2026-01-07T11:02:00-05:00,1.9499999999999957,5847.040000000009,1535.0,2026-01-07T11:06:00-05:00,1.8999999999999986,5947.040000000004,1531.0,2026-01-07T11:02:00-05:00,1.9499999999999957,5847.040000000009,,,,,,,,,,,,,,,,,,,,,,,,,,,,,,,,,3174
2026-01-06,2026-01-08,2,6.0,2026-01-06T09:31:00-05:00,6.0,NDXP  260108P25620000,NDXP  260108P25610000,final_holdout,False,False,0,0,0,46,1,1153,available,False,2026-01-06T09:31:00-05:00,2026-01-08T15:59:00-05:00,9.700000000000003,-7652.960000000006,1.0,last_observed_quote_not_settlement,1036.0,378,52,6.150000000000006,-552.9600000000107,2026-01-06T09:32:00-05:00,0.0,5.900000000000006,-52.96000000001066,2026-01-06T09:33:00-05:00,0.0,5.449999999999989,847.0400000000234,2026-01-06T09:36:00-05:00,0.0,6.300000000000011,-852.9600000000221,2026-01-06T09:41:00-05:00,0.0,6.199999999999989,-652.9599999999766,2026-01-06T09:46:00-05:00,0.0,4.800000000000011,2147.039999999978,2026-01-06T10:01:00-05:00,0.0,4.75,2247.040000000001,2026-01-06T10:31:00-05:00,0.0,6.299999999999983,-852.9599999999652,2026-01-06T11:31:00-05:00,0.0,4.050000000000011,3647.039999999978,2026-01-06T16:00:00-05:00,0.0,3.3999999999999986,4947.040000000004,2026-01-07T16:00:00-05:00,0.0,,,2026-01-08T15:59:00-05:00,60.0,,,,,4.0,hit,4.0,hit,108.0,hit,1441.0,hit,1441.0,hit,1441.0,hit,,never_hit,6.0,hit,7.0,hit,7.0,hit,7.0,hit,2909.0,hit,2962.0,hit,8.000000000000028,70,True,True,False,False,,8.000000000000028,70,True,True,False,False,,8.000000000000028,70,True,True,False,False,,,,True,True,True,False,5.049999999999983,1441.0,2026-01-07T09:32:00-05:00,0.950000000000017,9847.039999999968,1503.0,2026-01-07T10:34:00-05:00,2.75,6247.040000000001,1504.0,2026-01-07T10:35:00-05:00,2.799999999999997,6147.040000000006,1442.0,2026-01-07T09:33:00-05:00,4.25,3247.040000000001,1441.0,2026-01-07T09:32:00-05:00,0.950000000000017,9847.039999999968,1574.0,2026-01-07T11:45:00-05:00,1.7500000000000036,8247.039999999994,1575.0,2026-01-07T11:46:00-05:00,1.6999999999999993,8347.040000000003,1442.0,2026-01-07T09:33:00-05:00,4.25,3247.040000000001,,,,,,,,,,,,,,,,,,,,,,,,,,,,,,,,,3175
2026-01-06,2026-01-08,2,7.0,2026-01-06T09:31:00-05:00,7.049999999999983,NDXP  260108P25690000,NDXP  260108P25680000,final_holdout,False,False,0,0,0,73,1,1126,available,False,2026-01-06T09:31:00-05:00,2026-01-08T16:00:00-05:00,10.0,-6052.960000000034,0.0,last_observed_quote_not_settlement,1036.0,355,39,7.199999999999989,-552.9600000000107,2026-01-06T09:32:00-05:00,0.0,7.25,-652.9600000000335,2026-01-06T09:33:00-05:00,0.0,7.149999999999977,-452.95999999998793,2026-01-06T09:36:00-05:00,0.0,7.699999999999989,-1552.9600000000107,2026-01-06T09:41:00-05:00,0.0,7.099999999999994,-352.96000000002203,2026-01-06T09:46:00-05:00,0.0,5.900000000000006,2047.0399999999554,2026-01-06T10:01:00-05:00,0.0,5.5,2847.0399999999668,2026-01-06T10:31:00-05:00,0.0,7.300000000000011,-752.9600000000562,2026-01-06T11:31:00-05:00,0.0,5.400000000000006,3047.0399999999554,2026-01-06T16:00:00-05:00,0.0,5.0,3847.0399999999668,2026-01-07T16:00:00-05:00,0.0,10.0,-6052.960000000034,2026-01-08T16:00:00-05:00,0.0,,,,,60.0,hit,255.0,hit,255.0,hit,335.0,hit,335.0,hit,,never_hit,,never_hit,8.0,hit,91.0,hit,0.0,hit,91.0,hit,140.0,hit,2902.0,hit,9.450000000000017,91,True,True,True,True,,9.450000000000017,91,True,True,True,True,,,,True,True,True,False,5.149999999999977,,,True,True,True,False,5.149999999999977,335.0,2026-01-06T15:06:00-05:00,2.0,9847.039999999968,1574.0,2026-01-07T11:45:00-05:00,2.8500000000000085,8147.039999999949,1575.0,2026-01-07T11:46:00-05:00,2.700000000000003,8447.039999999963,336.0,2026-01-06T15:07:00-05:00,3.8000000000000114,6247.039999999944,1633.0,2026-01-07T12:44:00-05:00,1.9499999999999993,9947.039999999968,1634.0,2026-01-07T12:45:00-05:00,1.9000000000000057,10047.039999999955,,,,,1634.0,2026-01-07T12:45:00-05:00,1.9000000000000057,10047.039999999955,,,,,,,,,,,,,,,,,,,,,,,,,,,,,,,,,3176
2026-01-06,2026-01-09,3,5.0,2026-01-06T09:31:00-05:00,4.999999999999972,NDXP  260109P25620000,NDXP  260109P25610000,final_holdout,False,False,0,0,7,9,0,1579,available,False,2026-01-06T09:31:00-05:00,2026-01-09T15:52:00-05:00,0.0,9747.039999999944,8.0,last_observed_quote_not_settlement,1036.0,524,57,5.599999999999994,-1452.9600000000448,2026-01-06T09:32:00-05:00,0.0,6.099999999999994,-2452.9600000000446,2026-01-06T09:33:00-05:00,0.0,6.150000000000006,-2552.9600000000673,2026-01-06T09:36:00-05:00,0.0,6.550000000000011,-3352.9600000000787,2026-01-06T09:41:00-05:00,0.0,5.75,-1752.9600000000562,2026-01-06T09:46:00-05:00,0.0,4.699999999999989,347.0399999999666,2026-01-06T10:01:00-05:00,0.0,4.699999999999989,347.0399999999666,2026-01-06T10:31:00-05:00,0.0,3.549999999999983,2647.039999999978,2026-01-06T11:31:00-05:00,0.0,4.049999999999983,1647.039999999978,2026-01-06T16:00:00-05:00,0.0,3.6999999999999886,2347.0399999999668,2026-01-07T16:00:00-05:00,0.0,6.149999999999977,-2552.9600000000105,2026-01-08T16:00:00-05:00,0.0,,,2026-01-09T15:52:00-05:00,480.0,0.0,hit,0.0,hit,76.0,hit,76.0,hit,86.0,hit,108.0,hit,126.0,hit,1.0,hit,2.0,hit,81.0,hit,132.0,hit,,never_hit,,never_hit,6.700000000000017,24,False,False,False,False,,7.400000000000034,31,True,False,False,False,,7.400000000000034,42,True,False,False,False,,7.400000000000034,52,True,False,False,False,,76.0,2026-01-06T10:47:00-05:00,2.3000000000000114,5147.039999999921,105.0,2026-01-06T11:16:00-05:00,2.200000000000017,5347.03999999991,139.0,2026-01-06T11:50:00-05:00,2.25,5247.039999999944,77.0,2026-01-06T10:48:00-05:00,5.199999999999989,-652.9600000000335,108.0,2026-01-06T11:19:00-05:00,0.549999999999983,8647.039999999979,4419.0,2026-01-09T11:10:00-05:00,1.5500000000000007,6647.039999999943,4420.0,2026-01-09T11:11:00-05:00,1.6999999999999993,6347.039999999945,109.0,2026-01-06T11:20:00-05:00,4.699999999999989,347.0399999999666,108.0,2026-01-06T11:19:00-05:00,0.549999999999983,8647.039999999979,4461.0,2026-01-09T11:52:00-05:00,0.9000000000000004,7947.039999999944,4462.0,2026-01-09T11:53:00-05:00,0.75,8247.039999999944,109.0,2026-01-06T11:20:00-05:00,4.699999999999989,347.0399999999666,4508.0,2026-01-09T12:39:00-05:00,0.4499999999999993,8847.039999999946,4528.0,2026-01-09T12:59:00-05:00,0.2999999999999998,9147.039999999944,4562.0,2026-01-09T13:33:00-05:00,0.2999999999999998,9147.039999999944,4509.0,2026-01-09T12:40:00-05:00,0.5499999999999998,8647.039999999944,3177
2026-01-06,2026-01-09,3,6.0,2026-01-06T09:31:00-05:00,5.900000000000006,NDXP  260109P25630000,NDXP  260109P25620000,final_holdout,False,False,0,0,10,9,0,1575,available,False,2026-01-06T09:31:00-05:00,2026-01-09T15:44:00-05:00,0.024999999999999994,11497.040000000012,16.0,last_observed_quote_not_settlement,1036.0,393,149,5.699999999999989,147.0400000000348,2026-01-06T09:32:00-05:00,0.0,6.0,-452.95999999998793,2026-01-06T09:33:00-05:00,0.0,5.849999999999994,-152.95999999997656,2026-01-06T09:36:00-05:00,0.0,6.05000000000004,-552.9600000000676,2026-01-06T09:41:00-05:00,0.0,5.199999999999989,1147.0400000000348,2026-01-06T09:46:00-05:00,0.0,4.800000000000011,1947.0399999999893,2026-01-06T10:01:00-05:00,0.0,4.7000000000000455,2147.0399999999213,2026-01-06T10:31:00-05:00,0.0,,,2026-01-06T11:30:00-05:00,60.0,4.199999999999989,3147.040000000035,2026-01-06T16:00:00-05:00,0.0,3.9000000000000057,3747.040000000001,2026-01-07T16:00:00-05:00,0.0,6.100000000000023,-652.9600000000335,2026-01-08T16:00:00-05:00,0.0,,,2026-01-09T15:44:00-05:00,960.0,4.0,hit,6.0,hit,18.0,hit,18.0,hit,128.0,hit,4461.0,hit,4526.0,hit,7.0,hit,8.0,hit,8.0,hit,76.0,hit,84.0,hit,102.0,hit,7.649999999999977,9,True,False,False,False,,9.899999999999977,25,True,True,True,True,,9.899999999999977,393,True,True,True,True,,9.899999999999977,393,True,True,True,True,,18.0,2026-01-06T09:49:00-05:00,2.1499999999999773,7247.040000000057,1545.0,2026-01-07T11:16:00-05:00,2.8999999999999915,5747.040000000029,1575.0,2026-01-07T11:46:00-05:00,2.750000000000014,6047.039999999984,19.0,2026-01-06T09:50:00-05:00,5.099999999999966,1347.0400000000802,128.0,2026-01-06T11:39:00-05:00,1.3499999999999943,8847.040000000025,4424.0,2026-01-09T11:15:00-05:00,1.6999999999999993,8147.040000000013,4425.0,2026-01-09T11:16:00-05:00,1.75,8047.040000000012,129.0,2026-01-06T11:40:00-05:00,8.499999999999972,-5452.959999999933,4461.0,2026-01-09T11:52:00-05:00,0.9499999999999993,9647.040000000014,4464.0,2026-01-09T11:55:00-05:00,0.9000000000000004,9747.040000000012,4474.0,2026-01-09T12:05:00-05:00,0.8000000000000007,9947.040000000012,4462.0,2026-01-09T11:53:00-05:00,0.9999999999999982,9547.040000000017,4564.0,2026-01-09T13:35:00-05:00,0.3250000000000002,10897.040000000012,4565.0,2026-01-09T13:36:00-05:00,0.27500000000000036,10997.040000000012,4566.0,2026-01-09T13:37:00-05:00,0.2749999999999999,10997.040000000012,4565.0,2026-01-09T13:36:00-05:00,0.27500000000000036,10997.040000000012,3178
2026-01-06,2026-01-09,3,7.0,2026-01-06T09:31:00-05:00,6.949999999999989,NDXP  260109P25750000,NDXP  260109P25740000,final_holdout,False,False,0,0,1,10,0,1591,available,False,2026-01-06T09:31:00-05:00,2026-01-09T15:58:00-05:00,0.0,13647.039999999979,2.0,last_observed_quote_not_settlement,1036.0,564,114,7.0,-352.96000000002203,2026-01-06T09:32:00-05:00,0.0,7.099999999999966,-552.9599999999539,2026-01-06T09:33:00-05:00,0.0,7.0,-352.96000000002203,2026-01-06T09:36:00-05:00,0.0,7.4500000000000455,-1252.960000000113,2026-01-06T09:41:00-05:00,0.0,7.199999999999932,-752.9599999998857,2026-01-06T09:46:00-05:00,0.0,6.550000000000011,547.0399999999552,2026-01-06T10:01:00-05:00,0.0,4.000000000000028,5647.039999999921,2026-01-06T10:31:00-05:00,0.0,6.900000000000034,-152.96000000009025,2026-01-06T11:31:00-05:00,0.0,7.25,-852.9600000000221,2026-01-06T16:00:00-05:00,0.0,5.599999999999994,2447.0399999999895,2026-01-07T16:00:00-05:00,0.0,8.399999999999977,-3152.959999999978,2026-01-08T16:00:00-05:00,0.0,,,2026-01-09T15:58:00-05:00,120.0,27.0,hit,35.0,hit,46.0,hit,51.0,hit,51.0,hit,51.0,hit,51.0,hit,10.0,hit,107.0,hit,1.0,hit,107.0,hit,110.0,hit,110.0,hit,7.75,18,True,False,False,False,,7.75,18,True,False,False,False,,7.75,18,True,False,False,False,,7.75,18,True,False,False,False,,51.0,2026-01-06T10:22:00-05:00,0.3499999999999659,12947.040000000046,203.0,2026-01-06T12:54:00-05:00,2.450000000000017,8747.039999999944,253.0,2026-01-06T13:44:00-05:00,2.8999999999999773,7847.040000000024,52.0,2026-01-06T10:23:00-05:00,6.099999999999994,1447.0399999999893,51.0,2026-01-06T10:22:00-05:00,0.3499999999999659,12947.040000000046,252.0,2026-01-06T13:43:00-05:00,1.5499999999999545,10547.04000000007,4586.0,2026-01-09T13:57:00-05:00,1.8500000000000014,9947.039999999975,52.0,2026-01-06T10:23:00-05:00,6.099999999999994,1447.0399999999893,51.0,2026-01-06T10:22:00-05:00,0.3499999999999659,12947.040000000046,4641.0,2026-01-09T14:52:00-05:00,0.8249999999999997,11997.039999999979,4642.0,2026-01-09T14:53:00-05:00,0.7749999999999995,12097.039999999979,52.0,2026-01-06T10:23:00-05:00,6.099999999999994,1447.0399999999893,51.0,2026-01-06T10:22:00-05:00,0.3499999999999659,12947.040000000046,4671.0,2026-01-09T15:22:00-05:00,0.34999999999999987,12947.039999999979,4672.0,2026-01-09T15:23:00-05:00,0.30000000000000004,13047.039999999979,52.0,2026-01-06T10:23:00-05:00,6.099999999999994,1447.0399999999893,3179
2026-01-07,2026-01-09,2,5.0,2026-01-07T09:31:00-05:00,5.100000000000023,NDXP  260109P25680000,NDXP  260109P25670000,final_holdout,False,False,0,0,2,1,0,1182,available,False,2026-01-07T09:31:00-05:00,2026-01-09T15:45:00-05:00,0.04999999999999999,9847.040000000048,15.0,last_observed_quote_not_settlement,1036.0,476,11,4.950000000000017,47.04000000001208,2026-01-07T09:32:00-05:00,0.0,4.900000000000006,147.0400000000348,2026-01-07T09:33:00-05:00,0.0,4.700000000000017,547.040000000012,2026-01-07T09:36:00-05:00,0.0,4.650000000000006,647.0400000000348,2026-01-07T09:41:00-05:00,0.0,4.449999999999989,1047.0400000000689,2026-01-07T09:46:00-05:00,0.0,3.3500000000000227,3247.040000000001,2026-01-07T10:01:00-05:00,0.0,4.150000000000006,1647.0400000000348,2026-01-07T10:31:00-05:00,0.0,3.8000000000000114,2347.0400000000236,2026-01-07T11:31:00-05:00,0.0,4.499999999999972,947.040000000103,2026-01-07T16:00:00-05:00,0.0,7.0,-4052.9599999999537,2026-01-08T16:00:00-05:00,0.0,,,2026-01-09T15:45:00-05:00,900.0,,,,,0.0,hit,1.0,hit,16.0,hit,146.0,hit,3022.0,hit,3088.0,hit,3127.0,hit,1441.0,hit,1444.0,hit,1449.0,hit,1507.0,hit,2914.0,hit,2914.0,hit,5.149999999999977,1,False,False,False,False,,9.949999999999989,476,True,True,True,True,,9.949999999999989,476,True,True,True,True,,9.949999999999989,476,True,True,True,True,,150.0,2026-01-07T12:01:00-05:00,2.9499999999999886,4047.040000000069,154.0,2026-01-07T12:05:00-05:00,2.9499999999999886,4047.040000000069,155.0,2026-01-07T12:06:00-05:00,2.8499999999999943,4247.040000000057,151.0,2026-01-07T12:02:00-05:00,3.0,3947.0400000000463,3022.0,2026-01-09T11:53:00-05:00,1.9499999999999993,6047.040000000047,3023.0,2026-01-09T11:54:00-05:00,1.9000000000000004,6147.040000000045,3035.0,2026-01-09T12:06:00-05:00,1.6500000000000004,6647.040000000045,3023.0,2026-01-09T11:54:00-05:00,1.9000000000000004,6147.040000000045,3124.0,2026-01-09T13:35:00-05:00,0.9000000000000004,8147.040000000045,3125.0,2026-01-09T13:36:00-05:00,0.6500000000000004,8647.040000000046,3126.0,2026-01-09T13:37:00-05:00,0.7000000000000002,8547.040000000046,3125.0,2026-01-09T13:36:00-05:00,0.6500000000000004,8647.040000000046,3140.0,2026-01-09T13:51:00-05:00,0.39999999999999947,9147.040000000048,3141.0,2026-01-09T13:52:00-05:00,0.34999999999999964,9247.040000000048,3142.0,2026-01-09T13:53:00-05:00,0.34999999999999964,9247.040000000048,3141.0,2026-01-09T13:52:00-05:00,0.34999999999999964,9247.040000000048,3180
2026-01-07,2026-01-09,2,6.0,2026-01-07T09:31:00-05:00,5.900000000000006,NDXP  260109P25730000,NDXP  260109P25720000,final_holdout,False,False,0,0,3,0,0,1194,available,False,2026-01-07T09:31:00-05:00,2026-01-09T15:57:00-05:00,0.0,11547.040000000014,3.0,last_observed_quote_not_settlement,1036.0,498,21,5.750000000000028,47.039999999955235,2026-01-07T09:32:00-05:00,0.0,5.450000000000017,647.0399999999779,2026-01-07T09:33:00-05:00,0.0,5.25,1047.040000000012,2026-01-07T09:36:00-05:00,0.0,5.149999999999977,1247.0400000000575,2026-01-07T09:41:00-05:00,0.0,5.100000000000023,1347.0399999999665,2026-01-07T09:46:00-05:00,0.0,3.8499999999999943,3847.0400000000236,2026-01-07T10:01:00-05:00,0.0,4.899999999999977,1747.0400000000575,2026-01-07T10:31:00-05:00,0.0,4.5,2547.0400000000122,2026-01-07T11:31:00-05:00,0.0,5.25,1047.040000000012,2026-01-07T16:00:00-05:00,0.0,7.800000000000011,-4052.9600000000105,2026-01-08T16:00:00-05:00,0.0,,,2026-01-09T15:57:00-05:00,180.0,,,,,2.0,hit,3.0,hit,3.0,hit,3078.0,hit,3125.0,hit,3147.0,hit,3196.0,hit,6.0,hit,6.0,hit,45.0,hit,45.0,hit,1567.0,hit,,never_hit,9.300000000000068,498,True,True,True,True,,9.300000000000068,498,True,True,True,True,,9.300000000000068,498,True,True,True,True,,9.300000000000068,498,True,True,True,True,,3078.0,2026-01-09T12:49:00-05:00,2.900000000000002,5747.040000000008,3087.0,2026-01-09T12:58:00-05:00,2.6000000000000014,6347.040000000009,3088.0,2026-01-09T12:59:00-05:00,2.549999999999999,6447.0400000000145,3079.0,2026-01-09T12:50:00-05:00,3.150000000000002,5247.040000000008,3125.0,2026-01-09T13:36:00-05:00,1.8999999999999986,7747.0400000000145,3128.0,2026-01-09T13:39:00-05:00,1.6500000000000004,8247.040000000012,3129.0,2026-01-09T13:40:00-05:00,1.549999999999999,8447.040000000015,3126.0,2026-01-09T13:37:00-05:00,2.2499999999999982,7047.040000000015,3147.0,2026-01-09T13:58:00-05:00,0.7999999999999998,9947.040000000014,3148.0,2026-01-09T13:59:00-05:00,0.8999999999999995,9747.040000000014,3149.0,2026-01-09T14:00:00-05:00,0.8999999999999995,9747.040000000014,3148.0,2026-01-09T13:59:00-05:00,0.8999999999999995,9747.040000000014,3196.0,2026-01-09T14:47:00-05:00,0.42500000000000027,10697.040000000012,3201.0,2026-01-09T14:52:00-05:00,0.40000000000000013,10747.040000000012,3202.0,2026-01-09T14:53:00-05:00,0.40000000000000013,10747.040000000012,3197.0,2026-01-09T14:48:00-05:00,0.4500000000000002,10647.040000000012,3181
2026-01-07,2026-01-09,2,7.0,2026-01-07T09:31:00-05:00,7.0,NDXP  260109P25830000,NDXP  260109P25820000,final_holdout,False,False,0,0,1,24,0,1173,available,False,2026-01-07T09:31:00-05:00,2026-01-09T16:00:00-05:00,9.949999999999996,-6152.959999999993,0.0,last_observed_quote_not_settlement,1036.0,747,84,7.0499999999999545,-352.95999999990835,2026-01-07T09:32:00-05:00,0.0,6.949999999999989,-152.95999999997656,2026-01-07T09:33:00-05:00,0.0,6.649999999999977,447.0400000000462,2026-01-07T09:36:00-05:00,0.0,6.5,747.0400000000006,2026-01-07T09:41:00-05:00,0.0,6.299999999999983,1147.0400000000348,2026-01-07T09:46:00-05:00,0.0,8.300000000000011,-2852.9600000000237,2026-01-07T10:01:00-05:00,0.0,6.100000000000023,1547.0399999999552,2026-01-07T10:31:00-05:00,0.0,5.7999999999999545,2147.040000000092,2026-01-07T11:31:00-05:00,0.0,7.200000000000017,-652.9600000000335,2026-01-07T16:00:00-05:00,0.0,9.150000000000034,-4552.960000000069,2026-01-08T16:00:00-05:00,0.0,9.949999999999996,-6152.959999999993,2026-01-09T16:00:00-05:00,0.0,,,,,13.0,hit,16.0,hit,355.0,hit,,never_hit,,never_hit,,never_hit,,never_hit,30.0,hit,30.0,hit,0.0,hit,30.0,hit,33.0,hit,1469.0,hit,,,True,True,True,False,3.0000000000000284,,,True,True,True,False,3.0000000000000284,,,True,True,True,False,3.0000000000000284,,,True,True,True,False,3.0000000000000284,,,,,,,,,,,,,,,,,,,,,,,,,,,,,,,,,,,,,,,,,,,,,,,,,,,,,,,,,,,,,,,,,3182
2026-01-09,2026-01-12,3,5.0,2026-01-09T09:31:00-05:00,4.900000000000006,NDXP  260112P25570000,NDXP  260112P25560000,final_holdout,False,False,0,0,13,19,0,735,available,False,2026-01-09T09:31:00-05:00,2026-01-12T15:28:00-05:00,0.024999999999999994,9497.040000000012,32.0,last_observed_quote_not_settlement,3916.0,11,5,5.099999999999994,-652.9599999999766,2026-01-09T09:32:00-05:00,0.0,5.25,-952.959999999988,2026-01-09T09:33:00-05:00,0.0,4.650000000000006,247.04000000000067,2026-01-09T09:36:00-05:00,0.0,3.9000000000000057,1747.0400000000006,2026-01-09T09:41:00-05:00,0.0,4.799999999999983,-52.959999999953816,2026-01-09T09:46:00-05:00,0.0,4.199999999999989,1147.0400000000348,2026-01-09T10:01:00-05:00,0.0,2.75,4047.040000000012,2026-01-09T10:31:00-05:00,0.0,2.1999999999999957,5147.040000000021,2026-01-09T11:31:00-05:00,0.0,1.1999999999999957,7147.040000000021,2026-01-09T16:00:00-05:00,0.0,,,2026-01-09T16:15:00-05:00,85500.0,,,2026-01-09T16:15:00-05:00,171900.0,,,2026-01-12T15:28:00-05:00,1920.0,0.0,hit,0.0,hit,4.0,hit,18.0,hit,18.0,hit,317.0,hit,4375.0,hit,25.0,hit,25.0,hit,25.0,hit,,never_hit,,never_hit,,never_hit,5.300000000000011,3,False,False,False,False,,5.300000000000011,3,False,False,False,False,,7.050000000000011,11,True,False,False,False,,7.050000000000011,11,True,False,False,False,,18.0,2026-01-09T09:49:00-05:00,1.0999999999999943,7347.040000000024,58.0,2026-01-09T10:29:00-05:00,2.5999999999999943,4347.040000000024,59.0,2026-01-09T10:30:00-05:00,2.6500000000000057,4247.040000000001,19.0,2026-01-09T09:50:00-05:00,4.800000000000011,-52.96000000001066,18.0,2026-01-09T09:49:00-05:00,1.0999999999999943,7347.040000000024,141.0,2026-01-09T11:52:00-05:00,1.8500000000000085,5847.039999999995,142.0,2026-01-09T11:53:00-05:00,1.75,6047.040000000012,19.0,2026-01-09T09:50:00-05:00,4.800000000000011,-52.96000000001066,4343.0,2026-01-12T09:54:00-05:00,0.75,8047.040000000012,4347.0,2026-01-12T09:58:00-05:00,0.8500000000000014,7847.040000000009,4364.0,2026-01-12T10:15:00-05:00,0.8000000000000007,7947.040000000011,4344.0,2026-01-12T09:55:00-05:00,1.049999999999999,7447.0400000000145,4418.0,2026-01-12T11:09:00-05:00,0.4499999999999993,8647.040000000014,4419.0,2026-01-12T11:10:00-05:00,0.40000000000000036,8747.040000000012,4420.0,2026-01-12T11:11:00-05:00,0.34999999999999964,8847.040000000014,4419.0,2026-01-12T11:10:00-05:00,0.40000000000000036,8747.040000000012,3183
2026-01-09,2026-01-12,3,6.0,2026-01-09T09:31:00-05:00,5.900000000000006,NDXP  260112P25640000,NDXP  260112P25630000,final_holdout,False,False,0,0,21,3,0,763,available,False,2026-01-09T09:31:00-05:00,2026-01-12T15:32:00-05:00,0.04999999999999999,11447.040000000014,28.0,last_observed_quote_not_settlement,3916.0,10,3,6.300000000000011,-1052.9600000000107,2026-01-09T09:32:00-05:00,0.0,6.25,-952.959999999988,2026-01-09T09:33:00-05:00,0.0,5.899999999999977,-252.95999999994245,2026-01-09T09:36:00-05:00,0.0,4.349999999999994,2847.0400000000236,2026-01-09T09:41:00-05:00,0.0,5.199999999999989,1147.0400000000348,2026-01-09T09:46:00-05:00,0.0,5.050000000000011,1447.0399999999893,2026-01-09T10:01:00-05:00,0.0,3.5999999999999943,4347.040000000024,2026-01-09T10:31:00-05:00,0.0,3.4000000000000057,4747.040000000001,2026-01-09T11:31:00-05:00,0.0,2.049999999999997,7447.040000000018,2026-01-09T16:00:00-05:00,0.0,,,2026-01-09T16:15:00-05:00,85500.0,,,2026-01-09T16:15:00-05:00,171900.0,,,2026-01-12T15:32:00-05:00,1680.0,6.0,hit,7.0,hit,18.0,hit,99.0,hit,247.0,hit,359.0,hit,4445.0,hit,39.0,hit,39.0,hit,39.0,hit,,never_hit,,never_hit,,never_hit,7.050000000000011,10,True,False,False,False,,7.050000000000011,10,True,False,False,False,,7.050000000000011,10,True,False,False,False,,7.050000000000011,10,True,False,False,False,,103.0,2026-01-09T11:14:00-05:00,2.8499999999999943,5847.040000000024,104.0,2026-01-09T11:15:00-05:00,2.8500000000000085,5847.039999999995,140.0,2026-01-09T11:51:00-05:00,2.6499999999999986,6247.0400000000145,104.0,2026-01-09T11:15:00-05:00,2.8500000000000085,5847.039999999995,251.0,2026-01-09T13:42:00-05:00,1.9000000000000057,7747.040000000001,252.0,2026-01-09T13:43:00-05:00,1.8500000000000085,7847.039999999995,263.0,2026-01-09T13:54:00-05:00,1.8999999999999915,7747.040000000029,252.0,2026-01-09T13:43:00-05:00,1.8500000000000085,7847.039999999995,359.0,2026-01-09T15:30:00-05:00,0.9499999999999993,9647.040000000014,4420.0,2026-01-12T11:11:00-05:00,0.7999999999999998,9947.040000000014,4421.0,2026-01-12T11:12:00-05:00,0.8000000000000007,9947.040000000012,360.0,2026-01-09T15:31:00-05:00,1.6999999999999957,8147.04000000002,4464.0,2026-01-12T11:55:00-05:00,0.40000000000000036,10747.040000000012,4465.0,2026-01-12T11:56:00-05:00,0.35000000000000053,10847.040000000012,4466.0,2026-01-12T11:57:00-05:00,0.2999999999999998,10947.040000000014,4465.0,2026-01-12T11:56:00-05:00,0.35000000000000053,10847.040000000012,3184
2026-01-09,2026-01-12,3,7.0,2026-01-09T09:31:00-05:00,7.099999999999966,NDXP  260112P25730000,NDXP  260112P25720000,final_holdout,False,False,0,0,4,1,0,787,available,False,2026-01-09T09:31:00-05:00,2026-01-12T15:53:00-05:00,0.0,13947.039999999934,7.0,last_observed_quote_not_settlement,3916.0,14,12,7.249999999999943,-552.9599999999539,2026-01-09T09:32:00-05:00,0.0,7.25,-552.9600000000676,2026-01-09T09:33:00-05:00,0.0,6.199999999999989,1547.0399999999552,2026-01-09T09:36:00-05:00,0.0,6.449999999999989,1047.0399999999552,2026-01-09T09:41:00-05:00,0.0,7.099999999999994,-252.96000000005614,2026-01-09T09:46:00-05:00,0.0,6.449999999999989,1047.0399999999552,2026-01-09T10:01:00-05:00,0.0,5.150000000000006,3647.0399999999213,2026-01-09T10:31:00-05:00,0.0,5.000000000000014,3947.039999999904,2026-01-09T11:31:00-05:00,0.0,3.6499999999999986,6647.039999999935,2026-01-09T16:00:00-05:00,0.0,,,2026-01-09T16:15:00-05:00,85500.0,,,2026-01-09T16:15:00-05:00,171900.0,,,2026-01-12T15:53:00-05:00,420.0,32.0,hit,62.0,hit,143.0,hit,173.0,hit,4425.0,hit,4517.0,hit,4536.0,hit,28.0,hit,28.0,hit,0.0,hit,28.0,hit,,never_hit,,never_hit,8.799999999999983,14,True,True,False,False,,8.799999999999983,14,True,True,False,False,,8.799999999999983,14,True,True,False,False,,8.799999999999983,14,True,True,False,False,,173.0,2026-01-09T12:24:00-05:00,2.799999999999997,8347.039999999939,317.0,2026-01-09T14:48:00-05:00,2.8999999999999986,8147.0399999999345,318.0,2026-01-09T14:49:00-05:00,2.8999999999999986,8147.0399999999345,174.0,2026-01-09T12:25:00-05:00,4.049999999999997,5847.039999999938,4425.0,2026-01-12T11:16:00-05:00,1.9000000000000021,10147.03999999993,4426.0,2026-01-12T11:17:00-05:00,1.9499999999999993,10047.039999999935,4462.0,2026-01-12T11:53:00-05:00,1.5999999999999996,10747.039999999934,4426.0,2026-01-12T11:17:00-05:00,1.9499999999999993,10047.039999999935,4517.0,2026-01-12T12:48:00-05:00,0.8999999999999986,12147.039999999935,4524.0,2026-01-12T12:55:00-05:00,0.8499999999999996,12247.039999999934,4525.0,2026-01-12T12:56:00-05:00,0.9499999999999993,12047.039999999935,4518.0,2026-01-12T12:49:00-05:00,1.0,11947.039999999934,4545.0,2026-01-12T13:16:00-05:00,0.39999999999999947,13147.039999999934,4554.0,2026-01-12T13:25:00-05:00,0.3999999999999999,13147.039999999932,4555.0,2026-01-12T13:26:00-05:00,0.3999999999999999,13147.039999999932,4546.0,2026-01-12T13:17:00-05:00,0.5499999999999998,12847.039999999934,3185
2026-01-12,2026-01-14,2,5.0,2026-01-12T09:31:00-05:00,5.100000000000023,NDXP  260114P25680000,NDXP  260114P25670000,final_holdout,False,False,0,0,2,59,0,1140,available,False,2026-01-12T09:31:00-05:00,2026-01-14T15:59:00-05:00,9.349999999999994,-8752.959999999943,1.0,last_observed_quote_not_settlement,1036.0,291,6,4.350000000000023,1247.0400000000006,2026-01-12T09:32:00-05:00,0.0,4.800000000000011,347.04000000002344,2026-01-12T09:33:00-05:00,0.0,4.099999999999994,1747.0400000000575,2026-01-12T09:36:00-05:00,0.0,4.199999999999989,1547.0400000000689,2026-01-12T09:41:00-05:00,0.0,4.5,947.0400000000461,2026-01-12T09:46:00-05:00,0.0,3.6499999999999915,2647.040000000063,2026-01-12T10:01:00-05:00,0.0,3.6000000000000227,2747.040000000001,2026-01-12T10:31:00-05:00,0.0,3.1499999999999773,3647.040000000092,2026-01-12T11:31:00-05:00,0.0,3.0,3947.0400000000463,2026-01-12T16:00:00-05:00,0.0,3.3499999999999943,3247.0400000000577,2026-01-13T16:00:00-05:00,0.0,,,2026-01-14T15:59:00-05:00,60.0,,,,,0.0,hit,1.0,hit,8.0,hit,106.0,hit,1451.0,hit,,never_hit,,never_hit,1796.0,hit,1796.0,hit,1801.0,hit,2882.0,hit,2882.0,hit,2920.0,hit,5.100000000000023,0,False,False,False,False,,5.100000000000023,0,False,False,False,False,,,,True,True,True,False,3.3500000000000227,,,True,True,True,False,3.3500000000000227,144.0,2026-01-12T11:55:00-05:00,2.8500000000000085,4247.040000000029,145.0,2026-01-12T11:56:00-05:00,2.9499999999999886,4047.040000000069,146.0,2026-01-12T11:57:00-05:00,2.9000000000000057,4147.0400000000345,145.0,2026-01-12T11:56:00-05:00,2.9499999999999886,4047.040000000069,1582.0,2026-01-13T11:53:00-05:00,1.8499999999999943,6247.040000000057,1585.0,2026-01-13T11:56:00-05:00,1.8000000000000043,6347.040000000037,1586.0,2026-01-13T11:57:00-05:00,1.75,6447.040000000046,1583.0,2026-01-13T11:54:00-05:00,2.0,5947.040000000046,,,,,,,,,,,,,,,,,,,,,,,,,,,,,,,,,3186
2026-01-12,2026-01-14,2,6.0,2026-01-12T09:31:00-05:00,6.0,NDXP  260114P25770000,NDXP  260114P25760000,final_holdout,False,False,0,0,1,79,1,1120,available,False,2026-01-12T09:31:00-05:00,2026-01-14T16:00:00-05:00,9.5,-7252.960000000001,0.0,last_observed_quote_not_settlement,1036.0,288,54,5.25,1247.0400000000006,2026-01-12T09:32:00-05:00,0.0,4.800000000000011,2147.039999999978,2026-01-12T09:33:00-05:00,0.0,5.25,1247.0400000000006,2026-01-12T09:36:00-05:00,0.0,5.099999999999966,1547.0400000000689,2026-01-12T09:41:00-05:00,0.0,3.200000000000017,5347.039999999966,2026-01-12T09:46:00-05:00,0.0,4.799999999999983,2147.040000000035,2026-01-12T10:01:00-05:00,0.0,4.75,2247.040000000001,2026-01-12T10:31:00-05:00,0.0,4.25,3247.040000000001,2026-01-12T11:31:00-05:00,0.0,4.099999999999994,3547.0400000000122,2026-01-12T16:00:00-05:00,0.0,4.599999999999994,2547.0400000000122,2026-01-13T16:00:00-05:00,0.0,9.5,-7252.960000000001,2026-01-14T16:00:00-05:00,0.0,,,,,1.0,hit,2.0,hit,15.0,hit,1451.0,hit,,never_hit,,never_hit,,never_hit,23.0,hit,1797.0,hit,1797.0,hit,2881.0,hit,2891.0,hit,2892.0,hit,6.5,1,False,False,False,False,,,,True,True,True,False,3.700000000000017,,,True,True,True,False,3.700000000000017,,,True,True,True,False,3.700000000000017,1451.0,2026-01-13T09:42:00-05:00,2.8500000000000014,6047.039999999998,1586.0,2026-01-13T11:57:00-05:00,2.8499999999999943,6047.040000000012,1587.0,2026-01-13T11:58:00-05:00,2.9000000000000057,5947.039999999989,1452.0,2026-01-13T09:43:00-05:00,3.1000000000000085,5547.039999999984,,,,,,,,,,,,,,,,,,,,,,,,,,,,,,,,,,,,,,,,,,,,,,,,,3187
2026-01-12,2026-01-14,2,7.0,2026-01-12T09:31:00-05:00,6.850000000000023,NDXP  260114P25850000,NDXP  260114P25840000,final_holdout,False,False,0,0,0,82,1,1118,available,False,2026-01-12T09:31:00-05:00,2026-01-14T15:59:00-05:00,10.0,-6452.959999999955,1.0,last_observed_quote_not_settlement,1036.0,419,127,6.950000000000017,-452.95999999998793,2026-01-12T09:32:00-05:00,0.0,7.350000000000023,-1252.9599999999994,2026-01-12T09:33:00-05:00,0.0,6.849999999999966,-252.9599999998856,2026-01-12T09:36:00-05:00,0.0,6.550000000000011,347.04000000002344,2026-01-12T09:41:00-05:00,0.0,6.75,-52.959999999953816,2026-01-12T09:46:00-05:00,0.0,3.9000000000000057,5647.0400000000345,2026-01-12T10:01:00-05:00,0.0,5.949999999999989,1547.0400000000689,2026-01-12T10:31:00-05:00,0.0,5.399999999999977,2647.040000000092,2026-01-12T11:31:00-05:00,0.0,7.500000000000028,-1552.9600000000107,2026-01-12T16:00:00-05:00,0.0,6.899999999999977,-352.95999999990835,2026-01-13T16:00:00-05:00,0.0,,,2026-01-14T15:59:00-05:00,60.0,,,,,8.0,hit,9.0,hit,20.0,hit,,never_hit,,never_hit,,never_hit,,never_hit,2.0,hit,23.0,hit,2.0,hit,23.0,hit,1718.0,hit,2892.0,hit,,,True,True,True,False,3.550000000000068,,,True,True,True,False,3.550000000000068,,,True,True,True,False,3.550000000000068,,,True,True,True,False,3.550000000000068,,,,,,,,,,,,,,,,,,,,,,,,,,,,,,,,,,,,,,,,,,,,,,,,,,,,,,,,,,,,,,,,,3188
2026-01-12,2026-01-15,3,5.0,2026-01-12T09:31:00-05:00,0.04999999999999982,NDXP  260115P23760000,NDXP  260115P23750000,final_holdout,False,False,0,0,88,11,0,1047,available,False,2026-01-12T09:31:00-05:00,2026-01-15T10:10:00-05:00,0.0,-132.96,350.0,last_observed_quote_not_settlement,1069.0,43,67,0.025000000000000355,-182.96000000000075,2026-01-12T09:32:00-05:00,0.0,0.0,-132.96,2026-01-12T09:33:00-05:00,0.0,0.0,-132.96,2026-01-12T09:36:00-05:00,0.0,0.0,-132.96,2026-01-12T09:41:00-05:00,0.0,0.02499999999999991,-182.95999999999984,2026-01-12T09:46:00-05:00,0.0,0.02499999999999991,-182.95999999999984,2026-01-12T10:01:00-05:00,0.0,0.0,-132.96,2026-01-12T10:31:00-05:00,0.0,0.02499999999999991,-182.95999999999984,2026-01-12T11:31:00-05:00,0.0,0.025000000000000133,-182.9600000000003,2026-01-12T16:00:00-05:00,0.0,0.0,-132.96,2026-01-13T16:00:00-05:00,0.0,0.0,-132.96,2026-01-14T16:00:00-05:00,0.0,,,2026-01-15T10:10:00-05:00,21000.0,0.0,hit,0.0,hit,0.0,hit,0.0,hit,0.0,hit,0.0,hit,0.0,hit,,never_hit,,never_hit,,never_hit,,never_hit,,never_hit,,never_hit,0.04999999999999982,0,False,False,False,False,,0.04999999999999982,0,False,False,False,False,,0.04999999999999982,0,False,False,False,False,,0.04999999999999982,0,False,False,False,False,,0.0,2026-01-12T09:31:00-05:00,0.04999999999999982,-232.95999999999967,1.0,2026-01-12T09:32:00-05:00,0.025000000000000355,-182.96000000000075,2.0,2026-01-12T09:33:00-05:00,0.0,-132.96,1.0,2026-01-12T09:32:00-05:00,0.025000000000000355,-182.96000000000075,0.0,2026-01-12T09:31:00-05:00,0.04999999999999982,-232.95999999999967,1.0,2026-01-12T09:32:00-05:00,0.025000000000000355,-182.96000000000075,2.0,2026-01-12T09:33:00-05:00,0.0,-132.96,1.0,2026-01-12T09:32:00-05:00,0.025000000000000355,-182.96000000000075,0.0,2026-01-12T09:31:00-05:00,0.04999999999999982,-232.95999999999967,1.0,2026-01-12T09:32:00-05:00,0.025000000000000355,-182.96000000000075,2.0,2026-01-12T09:33:00-05:00,0.0,-132.96,1.0,2026-01-12T09:32:00-05:00,0.025000000000000355,-182.96000000000075,0.0,2026-01-12T09:31:00-05:00,0.04999999999999982,-232.95999999999967,1.0,2026-01-12T09:32:00-05:00,0.025000000000000355,-182.96000000000075,2.0,2026-01-12T09:33:00-05:00,0.0,-132.96,1.0,2026-01-12T09:32:00-05:00,0.025000000000000355,-182.96000000000075,3189
2026-01-12,2026-01-15,3,6.0,2026-01-12T09:31:00-05:00,0.04999999999999982,NDXP  260115P23760000,NDXP  260115P23750000,final_holdout,False,False,0,0,88,11,0,1047,available,False,2026-01-12T09:31:00-05:00,2026-01-15T10:10:00-05:00,0.0,-132.96,350.0,last_observed_quote_not_settlement,1069.0,43,67,0.025000000000000355,-182.96000000000075,2026-01-12T09:32:00-05:00,0.0,0.0,-132.96,2026-01-12T09:33:00-05:00,0.0,0.0,-132.96,2026-01-12T09:36:00-05:00,0.0,0.0,-132.96,2026-01-12T09:41:00-05:00,0.0,0.02499999999999991,-182.95999999999984,2026-01-12T09:46:00-05:00,0.0,0.02499999999999991,-182.95999999999984,2026-01-12T10:01:00-05:00,0.0,0.0,-132.96,2026-01-12T10:31:00-05:00,0.0,0.02499999999999991,-182.95999999999984,2026-01-12T11:31:00-05:00,0.0,0.025000000000000133,-182.9600000000003,2026-01-12T16:00:00-05:00,0.0,0.0,-132.96,2026-01-13T16:00:00-05:00,0.0,0.0,-132.96,2026-01-14T16:00:00-05:00,0.0,,,2026-01-15T10:10:00-05:00,21000.0,0.0,hit,0.0,hit,0.0,hit,0.0,hit,0.0,hit,0.0,hit,0.0,hit,,never_hit,,never_hit,,never_hit,,never_hit,,never_hit,,never_hit,0.04999999999999982,0,False,False,False,False,,0.04999999999999982,0,False,False,False,False,,0.04999999999999982,0,False,False,False,False,,0.04999999999999982,0,False,False,False,False,,0.0,2026-01-12T09:31:00-05:00,0.04999999999999982,-232.95999999999967,1.0,2026-01-12T09:32:00-05:00,0.025000000000000355,-182.96000000000075,2.0,2026-01-12T09:33:00-05:00,0.0,-132.96,1.0,2026-01-12T09:32:00-05:00,0.025000000000000355,-182.96000000000075,0.0,2026-01-12T09:31:00-05:00,0.04999999999999982,-232.95999999999967,1.0,2026-01-12T09:32:00-05:00,0.025000000000000355,-182.96000000000075,2.0,2026-01-12T09:33:00-05:00,0.0,-132.96,1.0,2026-01-12T09:32:00-05:00,0.025000000000000355,-182.96000000000075,0.0,2026-01-12T09:31:00-05:00,0.04999999999999982,-232.95999999999967,1.0,2026-01-12T09:32:00-05:00,0.025000000000000355,-182.96000000000075,2.0,2026-01-12T09:33:00-05:00,0.0,-132.96,1.0,2026-01-12T09:32:00-05:00,0.025000000000000355,-182.96000000000075,0.0,2026-01-12T09:31:00-05:00,0.04999999999999982,-232.95999999999967,1.0,2026-01-12T09:32:00-05:00,0.025000000000000355,-182.96000000000075,2.0,2026-01-12T09:33:00-05:00,0.0,-132.96,1.0,2026-01-12T09:32:00-05:00,0.025000000000000355,-182.96000000000075,3190
2026-01-12,2026-01-15,3,7.0,2026-01-12T09:31:00-05:00,0.04999999999999982,NDXP  260115P23760000,NDXP  260115P23750000,final_holdout,False,False,0,0,88,11,0,1047,available,False,2026-01-12T09:31:00-05:00,2026-01-15T10:10:00-05:00,0.0,-132.96,350.0,last_observed_quote_not_settlement,1069.0,43,67,0.025000000000000355,-182.96000000000075,2026-01-12T09:32:00-05:00,0.0,0.0,-132.96,2026-01-12T09:33:00-05:00,0.0,0.0,-132.96,2026-01-12T09:36:00-05:00,0.0,0.0,-132.96,2026-01-12T09:41:00-05:00,0.0,0.02499999999999991,-182.95999999999984,2026-01-12T09:46:00-05:00,0.0,0.02499999999999991,-182.95999999999984,2026-01-12T10:01:00-05:00,0.0,0.0,-132.96,2026-01-12T10:31:00-05:00,0.0,0.02499999999999991,-182.95999999999984,2026-01-12T11:31:00-05:00,0.0,0.025000000000000133,-182.9600000000003,2026-01-12T16:00:00-05:00,0.0,0.0,-132.96,2026-01-13T16:00:00-05:00,0.0,0.0,-132.96,2026-01-14T16:00:00-05:00,0.0,,,2026-01-15T10:10:00-05:00,21000.0,0.0,hit,0.0,hit,0.0,hit,0.0,hit,0.0,hit,0.0,hit,0.0,hit,,never_hit,,never_hit,,never_hit,,never_hit,,never_hit,,never_hit,0.04999999999999982,0,False,False,False,False,,0.04999999999999982,0,False,False,False,False,,0.04999999999999982,0,False,False,False,False,,0.04999999999999982,0,False,False,False,False,,0.0,2026-01-12T09:31:00-05:00,0.04999999999999982,-232.95999999999967,1.0,2026-01-12T09:32:00-05:00,0.025000000000000355,-182.96000000000075,2.0,2026-01-12T09:33:00-05:00,0.0,-132.96,1.0,2026-01-12T09:32:00-05:00,0.025000000000000355,-182.96000000000075,0.0,2026-01-12T09:31:00-05:00,0.04999999999999982,-232.95999999999967,1.0,2026-01-12T09:32:00-05:00,0.025000000000000355,-182.96000000000075,2.0,2026-01-12T09:33:00-05:00,0.0,-132.96,1.0,2026-01-12T09:32:00-05:00,0.025000000000000355,-182.96000000000075,0.0,2026-01-12T09:31:00-05:00,0.04999999999999982,-232.95999999999967,1.0,2026-01-12T09:32:00-05:00,0.025000000000000355,-182.96000000000075,2.0,2026-01-12T09:33:00-05:00,0.0,-132.96,1.0,2026-01-12T09:32:00-05:00,0.025000000000000355,-182.96000000000075,0.0,2026-01-12T09:31:00-05:00,0.04999999999999982,-232.95999999999967,1.0,2026-01-12T09:32:00-05:00,0.025000000000000355,-182.96000000000075,2.0,2026-01-12T09:33:00-05:00,0.0,-132.96,1.0,2026-01-12T09:32:00-05:00,0.025000000000000355,-182.96000000000075,3191
2026-01-13,2026-01-15,2,5.0,2026-01-13T09:31:00-05:00,4.949999999999989,NDXP  260115P25870000,NDXP  260115P25860000,final_holdout,False,False,0,0,0,124,1,1075,available,False,2026-01-13T09:31:00-05:00,2026-01-15T15:58:00-05:00,10.0,-10252.960000000021,2.0,last_observed_quote_not_settlement,1037.0,926,40,5.300000000000011,-952.9600000000448,2026-01-13T09:32:00-05:00,0.0,6.849999999999994,-4052.9600000000105,2026-01-13T09:33:00-05:00,0.0,5.0,-352.96000000002203,2026-01-13T09:36:00-05:00,0.0,4.400000000000034,847.0399999999097,2026-01-13T09:41:00-05:00,0.0,5.249999999999972,-852.9599999999652,2026-01-13T09:46:00-05:00,0.0,5.299999999999983,-952.959999999988,2026-01-13T10:01:00-05:00,0.0,6.699999999999989,-3752.959999999999,2026-01-13T10:31:00-05:00,0.0,6.0,-2352.960000000022,2026-01-13T11:31:00-05:00,0.0,6.149999999999977,-2652.9599999999764,2026-01-13T16:00:00-05:00,0.0,9.699999999999932,-9752.959999999886,2026-01-14T16:00:00-05:00,0.0,,,2026-01-15T15:58:00-05:00,120.0,,,,,0.0,hit,0.0,hit,12.0,hit,,never_hit,,never_hit,,never_hit,,never_hit,2.0,hit,2.0,hit,70.0,hit,233.0,hit,1467.0,hit,1472.0,hit,,,True,True,True,False,1.200000000000017,,,True,True,True,False,1.200000000000017,,,True,True,True,False,1.200000000000017,,,True,True,True,False,1.200000000000017,,,,,,,,,,,,,,,,,,,,,,,,,,,,,,,,,,,,,,,,,,,,,,,,,,,,,,,,,,,,,,,,,3192
2026-01-13,2026-01-15,2,6.0,2026-01-13T09:31:00-05:00,6.0,NDXP  260115P25980000,NDXP  260115P25970000,final_holdout,False,False,0,0,0,163,1,1037,available,False,2026-01-13T09:31:00-05:00,2026-01-15T15:59:00-05:00,10.0,-8152.96,1.0,last_observed_quote_not_settlement,1037.0,881,29,6.700000000000017,-1652.9600000000335,2026-01-13T09:32:00-05:00,0.0,6.800000000000011,-1852.960000000022,2026-01-13T09:33:00-05:00,0.0,4.949999999999989,1847.0400000000234,2026-01-13T09:36:00-05:00,0.0,5.950000000000017,-152.9600000000334,2026-01-13T09:41:00-05:00,0.0,6.599999999999966,-1452.9599999999311,2026-01-13T09:46:00-05:00,0.0,6.2999999999999545,-852.9599999999084,2026-01-13T10:01:00-05:00,0.0,8.0,-4252.960000000001,2026-01-13T10:31:00-05:00,0.0,7.25,-2752.959999999999,2026-01-13T11:31:00-05:00,0.0,5.800000000000011,147.03999999997797,2026-01-13T16:00:00-05:00,0.0,9.900000000000034,-8052.960000000069,2026-01-14T16:00:00-05:00,0.0,,,2026-01-15T15:59:00-05:00,60.0,,,,,5.0,hit,5.0,hit,143.0,hit,,never_hit,,never_hit,,never_hit,,never_hit,1.0,hit,14.0,hit,14.0,hit,59.0,hit,72.0,hit,1450.0,hit,,,True,True,True,False,2.75,,,True,True,True,False,2.75,,,True,True,True,False,2.75,,,True,True,True,False,2.75,,,,,,,,,,,,,,,,,,,,,,,,,,,,,,,,,,,,,,,,,,,,,,,,,,,,,,,,,,,,,,,,,3193
2026-01-13,2026-01-15,2,7.0,2026-01-13T09:31:00-05:00,7.049999999999983,NDXP  260115P26020000,NDXP  260115P26010000,final_holdout,False,False,0,0,0,141,1,1059,available,False,2026-01-13T09:31:00-05:00,2026-01-15T16:00:00-05:00,4.800000000000011,4247.039999999944,0.0,last_observed_quote_not_settlement,1036.0,905,28,7.050000000000011,-252.96000000005614,2026-01-13T09:32:00-05:00,0.0,7.300000000000011,-752.9600000000562,2026-01-13T09:33:00-05:00,0.0,6.800000000000011,247.03999999994383,2026-01-13T09:36:00-05:00,0.0,6.399999999999977,1047.040000000012,2026-01-13T09:41:00-05:00,0.0,6.700000000000017,447.0399999999325,2026-01-13T09:46:00-05:00,0.0,7.0,-152.9600000000334,2026-01-13T10:01:00-05:00,0.0,8.649999999999977,-3452.9599999999896,2026-01-13T10:31:00-05:00,0.0,7.899999999999977,-1952.959999999988,2026-01-13T11:31:00-05:00,0.0,8.050000000000068,-2252.9600000001715,2026-01-13T16:00:00-05:00,0.0,9.899999999999977,-5952.95999999999,2026-01-14T16:00:00-05:00,0.0,4.800000000000011,4247.039999999944,2026-01-15T16:00:00-05:00,0.0,,,,,147.0,hit,3269.0,hit,,never_hit,,never_hit,,never_hit,,never_hit,,never_hit,32.0,hit,47.0,hit,0.0,hit,47.0,hit,72.0,hit,1441.0,hit,,,True,True,True,False,2.2499999999999716,,,True,True,True,False,2.2499999999999716,,,True,True,True,False,2.2499999999999716,,,True,True,True,False,2.2499999999999716,,,,,,,,,,,,,,,,,,,,,,,,,,,,,,,,,,,,,,,,,,,,,,,,,,,,,,,,,,,,,,,,,3194
2026-01-13,2026-01-16,3,5.0,2026-01-13T09:31:00-05:00,4.950000000000017,NDXP  260116P25810000,NDXP  260116P25800000,final_holdout,False,False,0,0,0,48,0,1557,available,False,2026-01-13T09:31:00-05:00,2026-01-16T15:59:00-05:00,7.199999999999989,-4752.959999999943,1.0,last_observed_quote_not_settlement,1036.0,1282,132,3.4000000000000057,2847.0400000000236,2026-01-13T09:32:00-05:00,0.0,3.6500000000000057,2347.0400000000236,2026-01-13T09:33:00-05:00,0.0,4.0,1647.0400000000348,2026-01-13T09:36:00-05:00,0.0,3.8000000000000114,2047.0400000000122,2026-01-13T09:41:00-05:00,0.0,4.299999999999983,1047.0400000000689,2026-01-13T09:46:00-05:00,0.0,4.199999999999989,1247.0400000000575,2026-01-13T10:01:00-05:00,0.0,5.599999999999994,-1552.9599999999539,2026-01-13T10:31:00-05:00,0.0,5.0,-352.9599999999652,2026-01-13T11:31:00-05:00,0.0,5.050000000000011,-452.95999999998793,2026-01-13T16:00:00-05:00,0.0,8.300000000000011,-6952.95999999999,2026-01-14T16:00:00-05:00,0.0,6.5,-3352.959999999965,2026-01-15T16:00:00-05:00,0.0,,,2026-01-16T15:59:00-05:00,60.0,0.0,hit,0.0,hit,1.0,hit,144.0,hit,175.0,hit,,never_hit,,never_hit,18.0,hit,29.0,hit,29.0,hit,210.0,hit,1515.0,hit,1515.0,hit,7.700000000000017,58,True,False,False,False,,7.700000000000017,59,True,False,False,False,,,,True,True,True,False,3.8499999999999943,,,True,True,True,False,3.8499999999999943,144.0,2026-01-13T11:55:00-05:00,2.6499999999999773,4347.04000000008,145.0,2026-01-13T11:56:00-05:00,2.3000000000000114,5047.040000000012,,,,,145.0,2026-01-13T11:56:00-05:00,2.3000000000000114,5047.040000000012,175.0,2026-01-13T12:26:00-05:00,1.1000000000000227,7447.039999999989,,,,,,,,,176.0,2026-01-13T12:27:00-05:00,2.4499999999999886,4747.040000000057,,,,,,,,,,,,,,,,,,,,,,,,,,,,,,,,,3195
2026-01-13,2026-01-16,3,6.0,2026-01-13T09:31:00-05:00,6.0,NDXP  260116P25970000,NDXP  260116P25960000,final_holdout,False,False,0,0,0,103,0,1502,available,False,2026-01-13T09:31:00-05:00,2026-01-16T16:00:00-05:00,1.0,9747.04,0.0,last_observed_quote_not_settlement,1037.0,1336,36,6.050000000000011,-352.96000000002203,2026-01-13T09:32:00-05:00,0.0,6.099999999999994,-452.95999999998793,2026-01-13T09:33:00-05:00,0.0,5.700000000000017,347.0399999999666,2026-01-13T09:36:00-05:00,0.0,5.250000000000028,1247.0399999999438,2026-01-13T09:41:00-05:00,0.0,5.649999999999977,447.0400000000462,2026-01-13T09:46:00-05:00,0.0,6.0,-252.9599999999993,2026-01-13T10:01:00-05:00,0.0,7.25,-2752.959999999999,2026-01-13T10:31:00-05:00,0.0,6.600000000000023,-1452.9600000000448,2026-01-13T11:31:00-05:00,0.0,7.000000000000057,-2252.960000000113,2026-01-13T16:00:00-05:00,0.0,9.400000000000091,-7052.960000000183,2026-01-14T16:00:00-05:00,0.0,9.900000000000034,-8052.960000000069,2026-01-15T16:00:00-05:00,0.0,1.0,9747.04,2026-01-16T16:00:00-05:00,0.0,8.0,hit,12.0,hit,188.0,hit,188.0,hit,4709.0,hit,4709.0,hit,,never_hit,3.0,hit,43.0,hit,43.0,hit,72.0,hit,92.0,hit,1468.0,hit,9.0,121,True,True,True,True,,10.0,1336,True,True,True,True,,10.0,1336,True,True,True,True,,,,True,True,True,False,5.0,188.0,2026-01-13T12:39:00-05:00,2.3500000000000227,7047.039999999955,,,,,,,,,189.0,2026-01-13T12:40:00-05:00,5.900000000000006,-52.96000000001066,4709.0,2026-01-16T16:00:00-05:00,1.0,9747.04,,,,,,,,,,,,,,,,,,,,,,,,,,,,,,,,,,,,,,,,,,,,,3196
2026-01-13,2026-01-16,3,7.0,2026-01-13T09:31:00-05:00,6.899999999999977,NDXP  260116P26060000,NDXP  260116P26050000,final_holdout,False,False,0,0,0,123,0,1482,available,False,2026-01-13T09:31:00-05:00,2026-01-16T16:00:00-05:00,8.899999999999977,-4252.960000000001,0.0,last_observed_quote_not_settlement,1037.0,1319,32,7.0499999999999545,-552.9599999999539,2026-01-13T09:32:00-05:00,0.0,7.100000000000023,-652.9600000000903,2026-01-13T09:33:00-05:00,0.0,6.7999999999999545,-52.959999999953816,2026-01-13T09:36:00-05:00,0.0,6.399999999999977,747.0400000000006,2026-01-13T09:41:00-05:00,0.0,6.7999999999999545,-52.959999999953816,2026-01-13T09:46:00-05:00,0.0,6.649999999999977,247.04000000000067,2026-01-13T10:01:00-05:00,0.0,8.0,-2452.9600000000464,2026-01-13T10:31:00-05:00,0.0,7.650000000000034,-1752.960000000113,2026-01-13T11:31:00-05:00,0.0,7.7000000000000455,-1852.9600000001358,2026-01-13T16:00:00-05:00,0.0,9.700000000000045,-5852.960000000137,2026-01-14T16:00:00-05:00,0.0,9.800000000000011,-6052.960000000069,2026-01-15T16:00:00-05:00,0.0,8.899999999999977,-4252.960000000001,2026-01-16T16:00:00-05:00,0.0,7.0,hit,135.0,hit,,never_hit,,never_hit,,never_hit,,never_hit,,never_hit,32.0,hit,51.0,hit,1.0,hit,54.0,hit,78.0,hit,1441.0,hit,,,True,True,True,False,2.0499999999999545,,,True,True,True,False,2.0499999999999545,,,True,True,True,False,2.0499999999999545,,,True,True,True,False,2.0499999999999545,,,,,,,,,,,,,,,,,,,,,,,,,,,,,,,,,,,,,,,,,,,,,,,,,,,,,,,,,,,,,,,,,3197
2026-01-14,2026-01-16,2,5.0,2026-01-14T09:31:00-05:00,4.900000000000006,NDXP  260116P25740000,NDXP  260116P25730000,final_holdout,False,False,0,0,0,88,0,1112,available,False,2026-01-14T09:31:00-05:00,2026-01-16T15:59:00-05:00,9.899999999999977,-10252.959999999943,1.0,last_observed_quote_not_settlement,1036.0,849,102,6.5,-3452.9599999999878,2026-01-14T09:32:00-05:00,0.0,6.400000000000034,-3252.960000000056,2026-01-14T09:33:00-05:00,0.0,5.650000000000034,-1752.9600000000562,2026-01-14T09:36:00-05:00,0.0,6.25,-2952.9599999999878,2026-01-14T09:41:00-05:00,0.0,7.0,-4452.959999999988,2026-01-14T09:46:00-05:00,0.0,6.75,-3952.9599999999878,2026-01-14T10:01:00-05:00,0.0,7.600000000000023,-5652.960000000034,2026-01-14T10:31:00-05:00,0.0,7.900000000000091,-6252.96000000017,2026-01-14T11:31:00-05:00,0.0,7.5,-5452.959999999988,2026-01-14T16:00:00-05:00,0.0,7.699999999999989,-5852.9599999999655,2026-01-15T16:00:00-05:00,0.0,,,2026-01-16T15:59:00-05:00,60.0,,,,,0.0,hit,0.0,hit,1441.0,hit,1459.0,hit,1459.0,hit,1459.0,hit,1459.0,hit,1.0,hit,1.0,hit,6.0,hit,39.0,hit,152.0,hit,256.0,hit,9.699999999999989,395,True,True,True,True,,9.699999999999989,395,True,True,True,True,,9.699999999999989,395,True,True,True,True,,9.699999999999989,395,True,True,True,True,,1459.0,2026-01-15T09:50:00-05:00,0.30000000000001137,8947.03999999999,1553.0,2026-01-15T11:24:00-05:00,0.29999999999999716,8947.040000000019,1596.0,2026-01-15T12:07:00-05:00,2.0,5547.040000000012,1460.0,2026-01-15T09:51:00-05:00,5.25,-952.959999999988,1459.0,2026-01-15T09:50:00-05:00,0.30000000000001137,8947.03999999999,1553.0,2026-01-15T11:24:00-05:00,0.29999999999999716,8947.040000000019,1601.0,2026-01-15T12:12:00-05:00,1.0499999999999972,7447.040000000018,1460.0,2026-01-15T09:51:00-05:00,5.25,-952.959999999988,1459.0,2026-01-15T09:50:00-05:00,0.30000000000001137,8947.03999999999,1553.0,2026-01-15T11:24:00-05:00,0.29999999999999716,8947.040000000019,,,,,1460.0,2026-01-15T09:51:00-05:00,5.25,-952.959999999988,1459.0,2026-01-15T09:50:00-05:00,0.30000000000001137,8947.03999999999,1553.0,2026-01-15T11:24:00-05:00,0.29999999999999716,8947.040000000019,,,,,1460.0,2026-01-15T09:51:00-05:00,5.25,-952.959999999988,3198
2026-01-14,2026-01-16,2,6.0,2026-01-14T09:31:00-05:00,5.949999999999989,NDXP  260116P25730000,NDXP  260116P25720000,final_holdout,False,False,0,0,1,75,0,1124,available,False,2026-01-14T09:31:00-05:00,2026-01-16T15:56:00-05:00,9.949999999999989,-8252.960000000001,4.0,last_observed_quote_not_settlement,1037.0,813,111,7.199999999999989,-2752.959999999999,2026-01-14T09:32:00-05:00,0.0,6.25,-852.9600000000221,2026-01-14T09:33:00-05:00,0.0,5.699999999999989,247.04000000000067,2026-01-14T09:36:00-05:00,0.0,6.25,-852.9600000000221,2026-01-14T09:41:00-05:00,0.0,6.949999999999932,-2252.9599999998854,2026-01-14T09:46:00-05:00,0.0,8.350000000000023,-5052.960000000069,2026-01-14T10:01:00-05:00,0.0,7.5,-3352.960000000022,2026-01-14T10:31:00-05:00,0.0,7.699999999999932,-3752.9599999998854,2026-01-14T11:31:00-05:00,0.0,6.899999999999977,-2152.9599999999764,2026-01-14T16:00:00-05:00,0.0,7.800000000000011,-3952.9600000000446,2026-01-15T16:00:00-05:00,0.0,,,2026-01-16T15:56:00-05:00,240.0,,,,,4.0,hit,4.0,hit,149.0,hit,149.0,hit,149.0,hit,1449.0,hit,1449.0,hit,1.0,hit,1.0,hit,1.0,hit,14.0,hit,29.0,hit,29.0,hit,9.849999999999966,143,True,True,True,True,,9.849999999999966,143,True,True,True,True,,9.849999999999966,389,True,True,True,True,,9.849999999999966,389,True,True,True,True,,149.0,2026-01-14T12:00:00-05:00,1.6999999999999886,8247.04,1449.0,2026-01-15T09:40:00-05:00,0.20000000000000284,11247.039999999974,,,,,150.0,2026-01-14T12:01:00-05:00,8.100000000000023,-4552.960000000069,149.0,2026-01-14T12:00:00-05:00,1.6999999999999886,8247.04,1449.0,2026-01-15T09:40:00-05:00,0.20000000000000284,11247.039999999974,,,,,150.0,2026-01-14T12:01:00-05:00,8.100000000000023,-4552.960000000069,1449.0,2026-01-15T09:40:00-05:00,0.20000000000000284,11247.039999999974,,,,,,,,,1450.0,2026-01-15T09:41:00-05:00,4.25,3147.039999999978,1449.0,2026-01-15T09:40:00-05:00,0.20000000000000284,11247.039999999974,,,,,,,,,1450.0,2026-01-15T09:41:00-05:00,4.25,3147.039999999978,3199
2026-01-14,2026-01-16,2,7.0,2026-01-14T09:31:00-05:00,6.9500000000000455,NDXP  260116P25830000,NDXP  260116P25820000,final_holdout,False,False,0,0,0,44,0,1156,available,False,2026-01-14T09:31:00-05:00,2026-01-16T15:59:00-05:00,10.0,-6252.959999999909,1.0,last_observed_quote_not_settlement,1036.0,850,53,7.400000000000034,-1152.9599999999766,2026-01-14T09:32:00-05:00,0.0,6.949999999999989,-252.9599999998856,2026-01-14T09:33:00-05:00,0.0,6.899999999999977,-152.95999999986287,2026-01-14T09:36:00-05:00,0.0,7.199999999999989,-752.9599999998857,2026-01-14T09:41:00-05:00,0.0,8.199999999999989,-2752.9599999998873,2026-01-14T09:46:00-05:00,0.0,3.25,7147.040000000092,2026-01-14T10:01:00-05:00,0.0,8.349999999999909,-3052.959999999728,2026-01-14T10:31:00-05:00,0.0,8.600000000000023,-3552.9599999999555,2026-01-14T11:31:00-05:00,0.0,8.5,-3352.95999999991,2026-01-14T16:00:00-05:00,0.0,8.950000000000045,-4252.960000000001,2026-01-15T16:00:00-05:00,0.0,,,2026-01-16T15:59:00-05:00,60.0,,,,,3.0,hit,3.0,hit,3.0,hit,3.0,hit,3.0,hit,,never_hit,,never_hit,11.0,hit,15.0,hit,1.0,hit,15.0,hit,82.0,hit,82.0,hit,7.400000000000034,1,True,False,False,False,,7.400000000000034,1,True,False,False,False,,,,True,True,True,False,5.2000000000000455,,,True,True,True,False,5.2000000000000455,3.0,2026-01-14T09:34:00-05:00,1.75,10147.040000000092,,,,,,,,,4.0,2026-01-14T09:35:00-05:00,6.399999999999977,847.0400000001371,3.0,2026-01-14T09:34:00-05:00,1.75,10147.040000000092,,,,,,,,,4.0,2026-01-14T09:35:00-05:00,6.399999999999977,847.0400000001371,,,,,,,,,,,,,,,,,,,,,,,,,,,,,,,,,3200
2026-01-20,2026-01-22,2,5.0,2026-01-20T09:31:00-05:00,5.0,NDXP  260122P25200000,NDXP  260122P25190000,final_holdout,False,False,0,0,13,7,0,1166,available,False,2026-01-20T09:31:00-05:00,2026-01-22T15:41:00-05:00,0.04999999999999999,9647.040000000003,19.0,last_observed_quote_not_settlement,1036.0,363,50,4.800000000000011,147.03999999997797,2026-01-20T09:32:00-05:00,0.0,5.400000000000006,-1052.9600000000107,2026-01-20T09:33:00-05:00,0.0,4.350000000000023,1047.0399999999552,2026-01-20T09:36:00-05:00,0.0,5.0,-252.9599999999993,2026-01-20T09:41:00-05:00,0.0,4.399999999999977,947.0400000000461,2026-01-20T09:46:00-05:00,0.0,4.75,247.04000000000067,2026-01-20T10:01:00-05:00,0.0,4.199999999999989,1347.0400000000234,2026-01-20T10:31:00-05:00,0.0,3.8999999999999773,1947.0400000000461,2026-01-20T11:31:00-05:00,0.0,6.300000000000011,-2852.960000000022,2026-01-20T16:00:00-05:00,0.0,2.6500000000000057,4447.039999999989,2026-01-21T16:00:00-05:00,0.0,,,2026-01-22T15:41:00-05:00,1140.0,,,,,0.0,hit,0.0,hit,3.0,hit,298.0,hit,1752.0,hit,1827.0,hit,2880.0,hit,31.0,hit,31.0,hit,356.0,hit,,never_hit,,never_hit,,never_hit,6.699999999999989,79,False,False,False,False,,7.350000000000023,363,True,False,False,False,,7.350000000000023,363,True,False,False,False,,7.350000000000023,363,True,False,False,False,,298.0,2026-01-20T14:29:00-05:00,2.9499999999999886,3847.0400000000236,1511.0,2026-01-21T10:42:00-05:00,2.799999999999997,4147.040000000006,1512.0,2026-01-21T10:43:00-05:00,2.799999999999997,4147.040000000006,299.0,2026-01-20T14:30:00-05:00,6.100000000000023,-2452.9600000000446,1752.0,2026-01-21T14:43:00-05:00,1.7999999999999972,6147.040000000006,1753.0,2026-01-21T14:44:00-05:00,1.8500000000000014,6047.039999999998,1754.0,2026-01-21T14:45:00-05:00,1.8500000000000014,6047.039999999998,1753.0,2026-01-21T14:44:00-05:00,1.8500000000000014,6047.039999999998,1827.0,2026-01-21T15:58:00-05:00,0.7999999999999972,8147.040000000007,2881.0,2026-01-22T09:32:00-05:00,0.4500000000000002,8847.04,2882.0,2026-01-22T09:33:00-05:00,0.39999999999999947,8947.040000000003,1828.0,2026-01-21T15:59:00-05:00,1.2000000000000028,7347.039999999995,2880.0,2026-01-22T09:31:00-05:00,0.4499999999999993,8847.040000000003,2888.0,2026-01-22T09:39:00-05:00,0.4499999999999993,8847.040000000003,2954.0,2026-01-22T10:45:00-05:00,0.40000000000000036,8947.04,2881.0,2026-01-22T09:32:00-05:00,0.4500000000000002,8847.04,3201
2026-01-20,2026-01-22,2,6.0,2026-01-20T09:31:00-05:00,6.100000000000023,NDXP  260122P25370000,NDXP  260122P25360000,final_holdout,False,False,0,0,1,3,0,1186,available,False,2026-01-20T09:31:00-05:00,2026-01-22T15:56:00-05:00,0.0,11947.040000000046,4.0,last_observed_quote_not_settlement,1036.0,481,69,6.399999999999977,-852.9599999999084,2026-01-20T09:32:00-05:00,0.0,6.5,-1052.9599999999539,2026-01-20T09:33:00-05:00,0.0,5.899999999999977,147.04000000009165,2026-01-20T09:36:00-05:00,0.0,6.0,-52.959999999953816,2026-01-20T09:41:00-05:00,0.0,6.600000000000023,-1252.9599999999994,2026-01-20T09:46:00-05:00,0.0,6.0,-52.959999999953816,2026-01-20T10:01:00-05:00,0.0,5.800000000000011,347.04000000002344,2026-01-20T10:31:00-05:00,0.0,5.599999999999994,747.0400000000575,2026-01-20T11:31:00-05:00,0.0,,,2026-01-20T15:59:00-05:00,60.0,4.650000000000006,2647.040000000035,2026-01-21T16:00:00-05:00,0.0,,,2026-01-22T15:56:00-05:00,240.0,,,,,13.0,hit,13.0,hit,82.0,hit,103.0,hit,1542.0,hit,1750.0,hit,3021.0,hit,15.0,hit,23.0,hit,23.0,hit,56.0,hit,376.0,hit,,never_hit,8.300000000000011,32,True,True,False,False,,9.149999999999977,309,True,True,True,True,,9.300000000000068,480,True,True,True,True,,9.300000000000068,481,True,True,True,True,,103.0,2026-01-20T11:14:00-05:00,2.3000000000000114,7347.040000000024,1768.0,2026-01-21T14:59:00-05:00,2.799999999999997,6347.040000000052,1769.0,2026-01-21T15:00:00-05:00,2.8999999999999986,6147.040000000049,104.0,2026-01-20T11:15:00-05:00,6.150000000000006,-352.9599999999652,1542.0,2026-01-21T11:13:00-05:00,1.8500000000000227,8247.04,2881.0,2026-01-22T09:32:00-05:00,1.4999999999999964,8947.040000000054,2882.0,2026-01-22T09:33:00-05:00,1.4499999999999993,9047.040000000048,1543.0,2026-01-21T11:14:00-05:00,4.849999999999994,2247.0400000000577,1750.0,2026-01-21T14:41:00-05:00,0.5999999999999943,10747.040000000059,2991.0,2026-01-22T11:22:00-05:00,0.8999999999999986,10147.04000000005,2992.0,2026-01-22T11:23:00-05:00,0.8500000000000014,10247.040000000045,1751.0,2026-01-21T14:42:00-05:00,4.400000000000006,3147.040000000035,3021.0,2026-01-22T11:52:00-05:00,0.4499999999999993,11047.040000000048,3063.0,2026-01-22T12:34:00-05:00,0.35000000000000053,11247.040000000046,3064.0,2026-01-22T12:35:00-05:00,0.2999999999999998,11347.040000000048,3022.0,2026-01-22T11:53:00-05:00,0.5,10947.040000000046,3202
2026-01-20,2026-01-22,2,7.0,2026-01-20T09:31:00-05:00,7.0,NDXP  260122P25460000,NDXP  260122P25450000,final_holdout,False,False,0,0,1,12,0,1185,available,False,2026-01-20T09:31:00-05:00,2026-01-22T15:58:00-05:00,0.0,13747.04,2.0,last_observed_quote_not_settlement,1036.0,502,98,7.149999999999977,-552.9599999999539,2026-01-20T09:32:00-05:00,0.0,7.25,-752.9599999999994,2026-01-20T09:33:00-05:00,0.0,6.800000000000011,147.03999999997797,2026-01-20T09:36:00-05:00,0.0,7.399999999999977,-1052.9599999999539,2026-01-20T09:41:00-05:00,0.0,7.449999999999932,-1152.959999999863,2026-01-20T09:46:00-05:00,0.0,6.449999999999989,847.0400000000234,2026-01-20T10:01:00-05:00,0.0,6.699999999999989,347.04000000002344,2026-01-20T10:31:00-05:00,0.0,6.400000000000091,947.0399999998187,2026-01-20T11:31:00-05:00,0.0,8.300000000000011,-2852.9600000000237,2026-01-20T16:00:00-05:00,0.0,6.650000000000034,447.0399999999325,2026-01-21T16:00:00-05:00,0.0,,,2026-01-22T15:58:00-05:00,120.0,,,,,13.0,hit,13.0,hit,22.0,hit,22.0,hit,2997.0,hit,3066.0,hit,3156.0,hit,50.0,hit,86.0,hit,0.0,hit,86.0,hit,261.0,hit,282.0,hit,7.449999999999932,6,True,False,False,False,,10.0,502,True,True,True,True,,10.0,502,True,True,True,True,,10.0,502,True,True,True,True,,1750.0,2026-01-21T14:41:00-05:00,2.5500000000000114,8647.039999999979,2890.0,2026-01-22T09:41:00-05:00,2.75,8247.04,2984.0,2026-01-22T11:15:00-05:00,2.700000000000003,8347.039999999995,1751.0,2026-01-21T14:42:00-05:00,6.050000000000011,1647.039999999978,2997.0,2026-01-22T11:28:00-05:00,1.8999999999999986,9947.040000000005,2998.0,2026-01-22T11:29:00-05:00,1.9499999999999957,9847.04000000001,3012.0,2026-01-22T11:43:00-05:00,1.8500000000000014,10047.039999999999,2998.0,2026-01-22T11:29:00-05:00,1.9499999999999957,9847.04000000001,3070.0,2026-01-22T12:41:00-05:00,0.9000000000000021,11947.039999999997,3077.0,2026-01-22T12:48:00-05:00,0.7999999999999998,12147.040000000003,3078.0,2026-01-22T12:49:00-05:00,0.9000000000000021,11947.039999999997,3071.0,2026-01-22T12:42:00-05:00,1.0,11747.04,3164.0,2026-01-22T14:15:00-05:00,0.40000000000000036,12947.04,3174.0,2026-01-22T14:25:00-05:00,0.375,12997.04,3175.0,2026-01-22T14:26:00-05:00,0.40000000000000036,12947.04,3165.0,2026-01-22T14:16:00-05:00,0.4500000000000002,12847.04,3203
2026-01-21,2026-01-23,2,5.0,2026-01-21T09:31:00-05:00,4.999999999999972,NDXP  260123P25110000,NDXP  260123P25100000,final_holdout,False,False,0,0,31,33,0,1097,available,False,2026-01-21T09:31:00-05:00,2026-01-23T15:42:00-05:00,0.024999999999999994,9697.039999999944,18.0,last_observed_quote_not_settlement,1036.0,22,15,5.0,-252.96000000005614,2026-01-21T09:32:00-05:00,0.0,5.299999999999983,-852.9600000000221,2026-01-21T09:33:00-05:00,0.0,5.049999999999983,-352.96000000002203,2026-01-21T09:36:00-05:00,0.0,5.199999999999989,-652.9600000000335,2026-01-21T09:41:00-05:00,0.0,4.7999999999999545,147.0400000000348,2026-01-21T09:46:00-05:00,0.0,3.5000000000000284,2747.039999999887,2026-01-21T10:01:00-05:00,0.0,3.0,3747.039999999944,2026-01-21T10:31:00-05:00,0.0,2.4000000000000057,4947.039999999933,2026-01-21T11:31:00-05:00,0.0,1.4500000000000028,6847.039999999938,2026-01-21T16:00:00-05:00,0.0,0.45000000000000107,8847.039999999943,2026-01-22T16:00:00-05:00,0.0,,,2026-01-23T15:42:00-05:00,1080.0,,,,,0.0,hit,0.0,hit,23.0,hit,59.0,hit,190.0,hit,340.0,hit,1561.0,hit,196.0,hit,196.0,hit,,never_hit,,never_hit,,never_hit,,never_hit,5.299999999999983,10,False,False,False,False,,5.299999999999983,15,False,False,False,False,,6.499999999999972,22,False,False,False,False,,6.499999999999972,22,False,False,False,False,,61.0,2026-01-21T10:32:00-05:00,2.8500000000000085,4047.039999999927,62.0,2026-01-21T10:33:00-05:00,2.3499999999999943,5047.039999999955,63.0,2026-01-21T10:34:00-05:00,2.6999999999999886,4347.039999999966,62.0,2026-01-21T10:33:00-05:00,2.3499999999999943,5047.039999999955,190.0,2026-01-21T12:41:00-05:00,1.0999999999999943,7547.039999999955,312.0,2026-01-21T14:43:00-05:00,1.7999999999999972,6147.03999999995,313.0,2026-01-21T14:44:00-05:00,1.5999999999999943,6547.039999999955,191.0,2026-01-21T12:42:00-05:00,4.650000000000006,447.0399999999325,340.0,2026-01-21T15:11:00-05:00,0.8000000000000043,8147.0399999999345,1441.0,2026-01-22T09:32:00-05:00,0.6999999999999993,8347.039999999946,1442.0,2026-01-22T09:33:00-05:00,0.6499999999999986,8447.039999999948,341.0,2026-01-21T15:12:00-05:00,1.7000000000000028,6347.039999999938,1583.0,2026-01-22T11:54:00-05:00,0.4499999999999993,8847.039999999946,1625.0,2026-01-22T12:36:00-05:00,0.40000000000000036,8947.039999999944,1626.0,2026-01-22T12:37:00-05:00,0.4499999999999993,8847.039999999946,1584.0,2026-01-22T11:55:00-05:00,0.5,8747.039999999944,3204
2026-01-21,2026-01-23,2,6.0,2026-01-21T09:31:00-05:00,6.0,NDXP  260123P25230000,NDXP  260123P25220000,final_holdout,False,False,0,0,14,16,0,1126,available,False,2026-01-21T09:31:00-05:00,2026-01-23T15:11:00-05:00,0.0,11747.04,49.0,last_observed_quote_not_settlement,1036.0,41,53,6.0,-252.9599999999993,2026-01-21T09:32:00-05:00,0.0,6.199999999999989,-652.9599999999766,2026-01-21T09:33:00-05:00,0.0,6.4500000000000455,-1152.9600000000903,2026-01-21T09:36:00-05:00,0.0,6.699999999999989,-1652.9599999999766,2026-01-21T09:41:00-05:00,0.0,5.750000000000028,247.03999999994383,2026-01-21T09:46:00-05:00,0.0,4.649999999999977,2447.0400000000463,2026-01-21T10:01:00-05:00,0.0,3.950000000000017,3847.0399999999668,2026-01-21T10:31:00-05:00,0.0,3.3499999999999943,5047.040000000012,2026-01-21T11:31:00-05:00,0.0,0.6500000000000057,10447.03999999999,2026-01-21T16:00:00-05:00,0.0,1.0000000000000018,9747.039999999997,2026-01-22T16:00:00-05:00,0.0,,,2026-01-23T15:11:00-05:00,2940.0,,,,,19.0,hit,22.0,hit,46.0,hit,83.0,hit,325.0,hit,389.0,hit,2907.0,hit,10.0,hit,204.0,hit,204.0,hit,242.0,hit,,never_hit,,never_hit,6.699999999999989,8,False,False,False,False,,8.599999999999966,41,True,True,False,False,,8.599999999999966,41,True,True,False,False,,8.599999999999966,41,True,True,False,False,,106.0,2026-01-21T11:17:00-05:00,2.9499999999999886,5847.040000000024,312.0,2026-01-21T14:43:00-05:00,2.5999999999999943,6547.040000000012,313.0,2026-01-21T14:44:00-05:00,2.3500000000000085,7047.039999999984,107.0,2026-01-21T11:18:00-05:00,3.1500000000000057,5447.039999999989,349.0,2026-01-21T15:20:00-05:00,1.9000000000000057,7947.039999999989,1441.0,2026-01-22T09:32:00-05:00,1.25,9247.04,1442.0,2026-01-22T09:33:00-05:00,1.2000000000000028,9347.039999999995,350.0,2026-01-21T15:21:00-05:00,2.6999999999999886,6347.040000000024,389.0,2026-01-21T16:00:00-05:00,0.6500000000000057,10447.03999999999,1576.0,2026-01-22T11:47:00-05:00,0.8999999999999986,9947.040000000005,1580.0,2026-01-22T11:51:00-05:00,0.8500000000000014,10047.039999999999,390.0,2026-01-21T16:01:00-05:00,2.9499999999999886,5847.040000000024,2910.0,2026-01-23T10:01:00-05:00,0.3000000000000007,11147.04,2911.0,2026-01-23T10:02:00-05:00,0.2999999999999998,11147.040000000003,2912.0,2026-01-23T10:03:00-05:00,0.35000000000000053,11047.04,2911.0,2026-01-23T10:02:00-05:00,0.2999999999999998,11147.040000000003,3205
2026-01-21,2026-01-23,2,7.0,2026-01-21T09:31:00-05:00,7.149999999999977,NDXP  260123P25390000,NDXP  260123P25380000,final_holdout,False,False,0,0,2,2,0,1174,available,False,2026-01-21T09:31:00-05:00,2026-01-23T15:38:00-05:00,0.0,14047.039999999955,22.0,last_observed_quote_not_settlement,1036.0,173,55,8.149999999999977,-2252.960000000001,2026-01-21T09:32:00-05:00,0.0,7.600000000000023,-1152.9600000000903,2026-01-21T09:33:00-05:00,0.0,7.600000000000023,-1152.9600000000903,2026-01-21T09:36:00-05:00,0.0,8.649999999999977,-3252.960000000001,2026-01-21T09:41:00-05:00,0.0,7.199999999999989,-352.96000000002203,2026-01-21T09:46:00-05:00,0.0,6.2999999999999545,1447.0400000000461,2026-01-21T10:01:00-05:00,0.0,7.249999999999972,-452.95999999998793,2026-01-21T10:31:00-05:00,0.0,5.0,4047.0399999999554,2026-01-21T11:31:00-05:00,0.0,3.3999999999999773,7247.040000000001,2026-01-21T16:00:00-05:00,0.0,2.200000000000003,9647.03999999995,2026-01-22T16:00:00-05:00,0.0,,,2026-01-23T15:38:00-05:00,1320.0,,,,,52.0,hit,66.0,hit,103.0,hit,103.0,hit,1443.0,hit,1469.0,hit,1469.0,hit,1.0,hit,1.0,hit,0.0,hit,1.0,hit,128.0,hit,128.0,hit,8.649999999999977,41,True,True,False,False,,10.0,173,True,True,True,True,,10.0,173,True,True,True,True,,10.0,173,True,True,True,True,,103.0,2026-01-21T11:14:00-05:00,2.299999999999983,9447.03999999999,1441.0,2026-01-22T09:32:00-05:00,2.6000000000000014,8847.039999999954,1442.0,2026-01-22T09:33:00-05:00,2.4000000000000057,9247.039999999944,104.0,2026-01-21T11:15:00-05:00,4.800000000000011,4447.039999999933,1443.0,2026-01-22T09:34:00-05:00,1.25,11547.039999999955,1584.0,2026-01-22T11:55:00-05:00,1.9499999999999957,10147.039999999964,1624.0,2026-01-22T12:35:00-05:00,1.750000000000007,10547.039999999943,1444.0,2026-01-22T09:35:00-05:00,2.5999999999999943,8847.039999999968,1469.0,2026-01-22T10:00:00-05:00,0.09999999999999432,13847.039999999968,2931.0,2026-01-23T10:22:00-05:00,0.8500000000000014,12347.039999999954,2932.0,2026-01-23T10:23:00-05:00,0.5499999999999989,12947.039999999959,1470.0,2026-01-22T10:01:00-05:00,4.049999999999997,5947.039999999961,1469.0,2026-01-22T10:00:00-05:00,0.09999999999999432,13847.039999999968,2945.0,2026-01-23T10:36:00-05:00,0.34999999999999964,13347.039999999957,2946.0,2026-01-23T10:37:00-05:00,0.35000000000000053,13347.039999999955,1470.0,2026-01-22T10:01:00-05:00,4.049999999999997,5947.039999999961,3206
2026-01-23,2026-01-26,3,5.0,2026-01-23T09:31:00-05:00,5.100000000000023,NDXP  260126P25550000,NDXP  260126P25540000,final_holdout,False,False,0,0,6,13,0,744,available,False,2026-01-23T09:31:00-05:00,2026-01-26T15:30:00-05:00,0.0,9947.040000000046,30.0,last_observed_quote_not_settlement,3916.0,18,9,4.800000000000011,347.04000000002344,2026-01-23T09:32:00-05:00,0.0,5.400000000000006,-852.9599999999652,2026-01-23T09:33:00-05:00,0.0,5.699999999999989,-1452.9599999999311,2026-01-23T09:36:00-05:00,0.0,5.350000000000023,-752.9599999999994,2026-01-23T09:41:00-05:00,0.0,1.6999999999999886,6547.040000000069,2026-01-23T09:46:00-05:00,0.0,4.199999999999989,1547.0400000000689,2026-01-23T10:01:00-05:00,0.0,3.0999999999999943,3747.0400000000577,2026-01-23T10:31:00-05:00,0.0,2.5999999999999943,4747.040000000057,2026-01-23T11:31:00-05:00,0.0,3.1999999999999886,3547.040000000069,2026-01-23T16:00:00-05:00,0.0,,,2026-01-23T16:15:00-05:00,85500.0,,,2026-01-23T16:15:00-05:00,171900.0,,,2026-01-26T15:30:00-05:00,1800.0,0.0,hit,1.0,hit,15.0,hit,15.0,hit,15.0,hit,4343.0,hit,4374.0,hit,5.0,hit,7.0,hit,7.0,hit,7.0,hit,7.0,hit,,never_hit,9.0,10,True,True,True,True,,9.0,10,True,True,True,True,,9.0,18,True,True,True,True,,9.0,18,True,True,True,True,,15.0,2026-01-23T09:46:00-05:00,1.6999999999999886,6547.040000000069,65.0,2026-01-23T10:36:00-05:00,2.8499999999999943,4247.040000000057,66.0,2026-01-23T10:37:00-05:00,2.8500000000000085,4247.040000000029,16.0,2026-01-23T09:47:00-05:00,5.5,-1052.9599999999539,15.0,2026-01-23T09:46:00-05:00,1.6999999999999886,6547.040000000069,4327.0,2026-01-26T09:38:00-05:00,1.9499999999999993,6047.040000000047,4328.0,2026-01-26T09:39:00-05:00,1.9499999999999993,6047.040000000047,16.0,2026-01-23T09:47:00-05:00,5.5,-1052.9599999999539,4343.0,2026-01-26T09:54:00-05:00,0.9499999999999957,8047.0400000000545,4364.0,2026-01-26T10:15:00-05:00,0.8999999999999986,8147.040000000049,4365.0,2026-01-26T10:16:00-05:00,0.8000000000000007,8347.040000000046,4344.0,2026-01-26T09:55:00-05:00,1.2000000000000028,7547.040000000041,4402.0,2026-01-26T10:53:00-05:00,0.3999999999999986,9147.04000000005,4407.0,2026-01-26T10:58:00-05:00,0.40000000000000036,9147.040000000046,4420.0,2026-01-26T11:11:00-05:00,0.40000000000000036,9147.040000000046,4403.0,2026-01-26T10:54:00-05:00,0.4500000000000002,9047.040000000046,3207
2026-01-23,2026-01-26,3,6.0,2026-01-23T09:31:00-05:00,6.050000000000011,NDXP  260126P25610000,NDXP  260126P25600000,final_holdout,False,False,0,0,3,6,0,761,available,False,2026-01-23T09:31:00-05:00,2026-01-26T15:35:00-05:00,0.04999999999999999,11747.040000000025,25.0,last_observed_quote_not_settlement,3916.0,14,9,5.550000000000011,747.0400000000006,2026-01-23T09:32:00-05:00,0.0,5.949999999999989,-52.959999999953816,2026-01-23T09:33:00-05:00,0.0,6.649999999999977,-1452.9599999999311,2026-01-23T09:36:00-05:00,0.0,6.5,-1152.9599999999766,2026-01-23T09:41:00-05:00,0.0,0.15000000000000568,11547.040000000014,2026-01-23T09:46:00-05:00,0.0,5.150000000000006,1547.040000000012,2026-01-23T10:01:00-05:00,0.0,3.9499999999999886,3947.0400000000463,2026-01-23T10:31:00-05:00,0.0,3.5999999999999943,4647.0400000000345,2026-01-23T11:31:00-05:00,0.0,4.0,3847.0400000000236,2026-01-23T16:00:00-05:00,0.0,,,2026-01-23T16:15:00-05:00,85500.0,,,2026-01-23T16:15:00-05:00,171900.0,,,2026-01-26T15:35:00-05:00,1500.0,9.0,hit,15.0,hit,15.0,hit,15.0,hit,15.0,hit,15.0,hit,15.0,hit,4.0,hit,4.0,hit,4.0,hit,,never_hit,,never_hit,,never_hit,7.699999999999989,8,True,False,False,False,,7.699999999999989,8,True,False,False,False,,7.699999999999989,8,True,False,False,False,,7.699999999999989,8,True,False,False,False,,15.0,2026-01-23T09:46:00-05:00,0.15000000000000568,11547.040000000014,90.0,2026-01-23T11:01:00-05:00,2.8999999999999915,6047.040000000041,91.0,2026-01-23T11:02:00-05:00,2.8000000000000043,6247.0400000000145,16.0,2026-01-23T09:47:00-05:00,6.399999999999977,-952.9599999999311,15.0,2026-01-23T09:46:00-05:00,0.15000000000000568,11547.040000000014,399.0,2026-01-23T16:10:00-05:00,0.9500000000000028,9947.040000000019,4345.0,2026-01-26T09:56:00-05:00,1.8999999999999986,8047.040000000026,16.0,2026-01-23T09:47:00-05:00,6.399999999999977,-952.9599999999311,15.0,2026-01-23T09:46:00-05:00,0.15000000000000568,11547.040000000014,4371.0,2026-01-26T10:22:00-05:00,0.9000000000000004,10047.040000000023,4372.0,2026-01-26T10:23:00-05:00,0.8999999999999986,10047.040000000026,16.0,2026-01-23T09:47:00-05:00,6.399999999999977,-952.9599999999311,15.0,2026-01-23T09:46:00-05:00,0.15000000000000568,11547.040000000014,4442.0,2026-01-26T11:33:00-05:00,0.3000000000000007,11247.040000000023,4448.0,2026-01-26T11:39:00-05:00,0.2999999999999998,11247.040000000025,16.0,2026-01-23T09:47:00-05:00,6.399999999999977,-952.9599999999311,3208
2026-01-23,2026-01-26,3,7.0,2026-01-23T09:31:00-05:00,6.900000000000034,NDXP  260126P25670000,NDXP  260126P25660000,final_holdout,False,False,0,0,0,2,0,777,available,False,2026-01-23T09:31:00-05:00,2026-01-26T15:52:00-05:00,0.025000000000000022,13497.04000000007,8.0,last_observed_quote_not_settlement,3916.0,19,11,5.350000000000023,2847.0400000000236,2026-01-23T09:32:00-05:00,0.0,7.199999999999989,-852.9599999999084,2026-01-23T09:33:00-05:00,0.0,7.699999999999989,-1852.9599999999084,2026-01-23T09:36:00-05:00,0.0,7.300000000000011,-1052.9599999999539,2026-01-23T09:41:00-05:00,0.0,7.9500000000000455,-2352.9600000000237,2026-01-23T09:46:00-05:00,0.0,6.5,547.0400000000689,2026-01-23T10:01:00-05:00,0.0,5.049999999999997,3447.0400000000745,2026-01-23T10:31:00-05:00,0.0,4.5,4547.040000000069,2026-01-23T11:31:00-05:00,0.0,4.700000000000003,4147.040000000064,2026-01-23T16:00:00-05:00,0.0,,,2026-01-23T16:15:00-05:00,85500.0,,,2026-01-23T16:15:00-05:00,171900.0,,,2026-01-26T15:52:00-05:00,480.0,1.0,hit,55.0,hit,79.0,hit,290.0,hit,290.0,hit,290.0,hit,4551.0,hit,5.0,hit,15.0,hit,2.0,hit,,never_hit,,never_hit,,never_hit,7.9500000000000455,18,True,False,False,False,,7.9500000000000455,18,True,False,False,False,,7.9500000000000455,18,True,False,False,False,,7.9500000000000455,19,True,False,False,False,,290.0,2026-01-23T14:21:00-05:00,0.8499999999999943,11847.04000000008,4348.0,2026-01-26T09:59:00-05:00,2.6499999999999986,8247.040000000072,4356.0,2026-01-26T10:07:00-05:00,2.8500000000000014,7847.040000000066,291.0,2026-01-23T14:22:00-05:00,4.700000000000017,4147.0400000000345,290.0,2026-01-23T14:21:00-05:00,0.8499999999999943,11847.04000000008,4371.0,2026-01-26T10:22:00-05:00,1.8999999999999986,9747.040000000072,4372.0,2026-01-26T10:23:00-05:00,1.9000000000000021,9747.040000000066,291.0,2026-01-23T14:22:00-05:00,4.700000000000017,4147.0400000000345,290.0,2026-01-23T14:21:00-05:00,0.8499999999999943,11847.04000000008,4442.0,2026-01-26T11:33:00-05:00,0.8999999999999986,11747.040000000072,4443.0,2026-01-26T11:34:00-05:00,0.9000000000000021,11747.040000000066,291.0,2026-01-23T14:22:00-05:00,4.700000000000017,4147.0400000000345,4558.0,2026-01-26T13:29:00-05:00,0.4499999999999993,12647.040000000072,4561.0,2026-01-26T13:32:00-05:00,0.25000000000000044,13047.040000000068,4562.0,2026-01-26T13:33:00-05:00,0.27500000000000036,12997.04000000007,4559.0,2026-01-26T13:30:00-05:00,0.5,12547.04000000007,3209
2026-01-26,2026-01-28,2,5.0,2026-01-26T09:31:00-05:00,5.0,NDXP  260128P25670000,NDXP  260128P25660000,final_holdout,False,False,0,0,3,8,0,1134,available,False,2026-01-26T09:31:00-05:00,2026-01-28T15:02:00-05:00,0.024999999999999994,9697.04,58.0,last_observed_quote_not_settlement,1036.0,0,0,4.599999999999994,547.040000000012,2026-01-26T09:32:00-05:00,0.0,4.550000000000011,647.0399999999779,2026-01-26T09:33:00-05:00,0.0,4.199999999999989,1347.0400000000234,2026-01-26T09:36:00-05:00,0.0,4.0,1747.0400000000006,2026-01-26T09:41:00-05:00,0.0,3.9000000000000057,1947.0399999999893,2026-01-26T09:46:00-05:00,0.0,3.8000000000000114,2147.039999999978,2026-01-26T10:01:00-05:00,0.0,3.6500000000000057,2447.0399999999895,2026-01-26T10:31:00-05:00,0.0,2.6999999999999886,4347.040000000024,2026-01-26T11:31:00-05:00,0.0,3.0,3747.040000000001,2026-01-26T16:00:00-05:00,0.0,1.1500000000000021,7447.039999999996,2026-01-27T16:00:00-05:00,0.0,,,2026-01-28T15:02:00-05:00,3480.0,,,,,0.0,hit,0.0,hit,10.0,hit,90.0,hit,1441.0,hit,1696.0,hit,2880.0,hit,,never_hit,,never_hit,,never_hit,,never_hit,,never_hit,,never_hit,5.0,0,False,False,False,False,,5.0,0,False,False,False,False,,5.0,0,False,False,False,False,,5.0,0,False,False,False,False,,119.0,2026-01-26T11:30:00-05:00,2.8500000000000085,4047.0399999999836,120.0,2026-01-26T11:31:00-05:00,2.6999999999999886,4347.040000000024,152.0,2026-01-26T12:03:00-05:00,2.9000000000000057,3947.0399999999895,120.0,2026-01-26T11:31:00-05:00,2.6999999999999886,4347.040000000024,1462.0,2026-01-27T09:53:00-05:00,1.8500000000000014,6047.039999999998,1463.0,2026-01-27T09:54:00-05:00,1.7999999999999972,6147.040000000006,1464.0,2026-01-27T09:55:00-05:00,1.5999999999999943,6547.040000000012,1463.0,2026-01-27T09:54:00-05:00,1.7999999999999972,6147.040000000006,1783.0,2026-01-27T15:14:00-05:00,0.9499999999999993,7847.040000000002,2881.0,2026-01-28T09:32:00-05:00,0.40000000000000036,8947.04,2882.0,2026-01-28T09:33:00-05:00,0.2999999999999998,9147.040000000003,1784.0,2026-01-27T15:15:00-05:00,1.0,7747.040000000001,2880.0,2026-01-28T09:31:00-05:00,0.40000000000000036,8947.04,2881.0,2026-01-28T09:32:00-05:00,0.40000000000000036,8947.04,2882.0,2026-01-28T09:33:00-05:00,0.2999999999999998,9147.040000000003,2881.0,2026-01-28T09:32:00-05:00,0.40000000000000036,8947.04,3210
2026-01-26,2026-01-28,2,6.0,2026-01-26T09:31:00-05:00,6.150000000000006,NDXP  260128P25780000,NDXP  260128P25770000,final_holdout,False,False,0,0,23,0,0,1149,available,False,2026-01-26T09:31:00-05:00,2026-01-28T15:09:00-05:00,0.0,12047.040000000014,51.0,last_observed_quote_not_settlement,1036.0,7,14,5.899999999999977,247.04000000005752,2026-01-26T09:32:00-05:00,0.0,6.149999999999977,-252.95999999994245,2026-01-26T09:33:00-05:00,0.0,6.399999999999977,-752.9599999999425,2026-01-26T09:36:00-05:00,0.0,6.849999999999994,-1652.9599999999766,2026-01-26T09:41:00-05:00,0.0,4.949999999999989,2147.040000000035,2026-01-26T09:46:00-05:00,0.0,4.850000000000023,2347.0399999999668,2026-01-26T10:01:00-05:00,0.0,4.949999999999989,2147.040000000035,2026-01-26T10:31:00-05:00,0.0,3.799999999999997,4447.040000000018,2026-01-26T11:31:00-05:00,0.0,4.75,2547.0400000000122,2026-01-26T16:00:00-05:00,0.0,2.049999999999997,7947.040000000018,2026-01-27T16:00:00-05:00,0.0,,,2026-01-28T15:09:00-05:00,3060.0,,,,,6.0,hit,6.0,hit,6.0,hit,82.0,hit,250.0,hit,250.0,hit,2882.0,hit,10.0,hit,370.0,hit,370.0,hit,,never_hit,,never_hit,,never_hit,6.849999999999994,5,False,False,False,False,,6.950000000000017,6,False,False,False,False,,6.950000000000017,6,False,False,False,False,,7.850000000000023,7,True,False,False,False,,82.0,2026-01-26T10:53:00-05:00,2.4499999999999886,7147.0400000000345,1462.0,2026-01-27T09:53:00-05:00,2.8499999999999943,6347.040000000024,1463.0,2026-01-27T09:54:00-05:00,2.75,6547.040000000012,83.0,2026-01-26T10:54:00-05:00,4.400000000000034,3247.039999999944,250.0,2026-01-26T13:41:00-05:00,0.5999999999999943,10847.040000000025,1515.0,2026-01-27T10:46:00-05:00,1.9000000000000057,8247.04,1538.0,2026-01-27T11:09:00-05:00,1.9000000000000057,8247.04,251.0,2026-01-26T13:42:00-05:00,4.0,4047.040000000012,250.0,2026-01-26T13:41:00-05:00,0.5999999999999943,10847.040000000025,2881.0,2026-01-28T09:32:00-05:00,0.5999999999999996,10847.040000000014,2882.0,2026-01-28T09:33:00-05:00,0.5,11047.040000000014,251.0,2026-01-26T13:42:00-05:00,4.0,4047.040000000012,2895.0,2026-01-28T09:46:00-05:00,0.40000000000000036,11247.040000000012,2902.0,2026-01-28T09:53:00-05:00,0.4499999999999993,11147.040000000014,2903.0,2026-01-28T09:54:00-05:00,0.40000000000000036,11247.040000000012,2896.0,2026-01-28T09:47:00-05:00,0.5,11047.040000000014,3211
2026-01-26,2026-01-28,2,7.0,2026-01-26T09:31:00-05:00,6.949999999999989,NDXP  260128P25840000,NDXP  260128P25830000,final_holdout,False,False,0,0,13,4,0,1154,available,False,2026-01-26T09:31:00-05:00,2026-01-28T15:17:00-05:00,0.025000000000000022,13597.039999999979,43.0,last_observed_quote_not_settlement,1036.0,45,52,6.25,1147.039999999978,2026-01-26T09:32:00-05:00,0.0,6.649999999999977,347.04000000002344,2026-01-26T09:33:00-05:00,0.0,6.250000000000028,1147.039999999921,2026-01-26T09:36:00-05:00,0.0,6.25,1147.039999999978,2026-01-26T09:41:00-05:00,0.0,5.799999999999983,2047.0400000000122,2026-01-26T09:46:00-05:00,0.0,4.950000000000017,3747.039999999944,2026-01-26T10:01:00-05:00,0.0,3.9499999999999886,5747.040000000001,2026-01-26T10:31:00-05:00,0.0,4.599999999999994,4447.039999999989,2026-01-26T11:31:00-05:00,0.0,6.800000000000011,47.039999999955235,2026-01-26T16:00:00-05:00,0.0,2.8000000000000043,8047.039999999969,2026-01-27T16:00:00-05:00,0.0,,,2026-01-28T15:17:00-05:00,2580.0,,,,,26.0,hit,26.0,hit,60.0,hit,106.0,hit,2880.0,hit,2881.0,hit,2904.0,hit,39.0,hit,88.0,hit,31.0,hit,88.0,hit,88.0,hit,353.0,hit,9.099999999999994,8,True,True,True,True,,9.849999999999994,45,True,True,True,True,,9.849999999999994,45,True,True,True,True,,9.849999999999994,45,True,True,True,True,,106.0,2026-01-26T11:17:00-05:00,2.799999999999983,8047.040000000012,1473.0,2026-01-27T10:04:00-05:00,2.8999999999999915,7847.039999999995,1481.0,2026-01-27T10:12:00-05:00,2.9499999999999886,7747.040000000001,107.0,2026-01-26T11:18:00-05:00,8.0,-2352.9600000000237,2880.0,2026-01-28T09:31:00-05:00,1.0500000000000007,11547.039999999977,2881.0,2026-01-28T09:32:00-05:00,0.8500000000000014,11947.039999999975,2882.0,2026-01-28T09:33:00-05:00,0.8499999999999996,11947.039999999979,2881.0,2026-01-28T09:32:00-05:00,0.8500000000000014,11947.039999999975,2881.0,2026-01-28T09:32:00-05:00,0.8500000000000014,11947.039999999975,2882.0,2026-01-28T09:33:00-05:00,0.8499999999999996,11947.039999999979,2883.0,2026-01-28T09:34:00-05:00,0.9000000000000021,11847.039999999975,2882.0,2026-01-28T09:33:00-05:00,0.8499999999999996,11947.039999999979,3197.0,2026-01-28T14:48:00-05:00,0.39999999999999947,12847.039999999979,3198.0,2026-01-28T14:49:00-05:00,0.3250000000000002,12997.039999999979,3199.0,2026-01-28T14:50:00-05:00,0.3500000000000001,12947.039999999977,3198.0,2026-01-28T14:49:00-05:00,0.3250000000000002,12997.039999999979,3212
2026-01-27,2026-01-29,2,5.0,2026-01-27T09:31:00-05:00,5.0,NDXP  260129P25970000,NDXP  260129P25960000,final_holdout,False,False,0,0,0,76,0,1122,available,False,2026-01-27T09:31:00-05:00,2026-01-29T15:59:00-05:00,10.0,-10152.96,1.0,last_observed_quote_not_settlement,1036.0,277,14,4.900000000000006,-52.96000000001066,2026-01-27T09:32:00-05:00,0.0,5.099999999999994,-452.95999999998793,2026-01-27T09:33:00-05:00,0.0,5.600000000000023,-1452.9600000000448,2026-01-27T09:36:00-05:00,0.0,5.600000000000023,-1452.9600000000448,2026-01-27T09:41:00-05:00,0.0,5.050000000000011,-352.96000000002203,2026-01-27T09:46:00-05:00,0.0,4.5,747.0400000000006,2026-01-27T10:01:00-05:00,0.0,4.5,747.0400000000006,2026-01-27T10:31:00-05:00,0.0,4.199999999999989,1347.0400000000234,2026-01-27T11:31:00-05:00,0.0,4.650000000000034,447.0399999999325,2026-01-27T16:00:00-05:00,0.0,3.9000000000000057,1947.0399999999893,2026-01-28T16:00:00-05:00,0.0,,,2026-01-29T15:59:00-05:00,60.0,,,,,0.0,hit,0.0,hit,103.0,hit,400.0,hit,402.0,hit,,never_hit,,never_hit,3.0,hit,6.0,hit,2894.0,hit,2894.0,hit,2910.0,hit,2924.0,hit,6.149999999999977,22,False,False,False,False,,6.149999999999977,22,False,False,False,False,,,,True,True,True,False,3.9500000000000455,,,True,True,True,False,3.9500000000000455,400.0,2026-01-27T16:11:00-05:00,2.9000000000000057,3947.0399999999895,401.0,2026-01-27T16:12:00-05:00,2.3000000000000114,5147.039999999978,402.0,2026-01-27T16:13:00-05:00,1.25,7247.040000000001,401.0,2026-01-27T16:12:00-05:00,2.3000000000000114,5147.039999999978,402.0,2026-01-27T16:13:00-05:00,1.25,7247.040000000001,,,,,,,,,403.0,2026-01-27T16:14:00-05:00,4.400000000000006,947.0399999999893,,,,,,,,,,,,,,,,,,,,,,,,,,,,,,,,,3213
2026-01-27,2026-01-29,2,6.0,2026-01-27T09:31:00-05:00,6.0,NDXP  260129P26040000,NDXP  260129P26030000,final_holdout,False,False,0,0,1,56,0,1142,available,False,2026-01-27T09:31:00-05:00,2026-01-29T16:00:00-05:00,10.0,-8152.96,0.0,last_observed_quote_not_settlement,1036.0,291,11,5.549999999999983,647.0400000000348,2026-01-27T09:32:00-05:00,0.0,5.799999999999983,147.0400000000348,2026-01-27T09:33:00-05:00,0.0,6.050000000000011,-352.96000000002203,2026-01-27T09:36:00-05:00,0.0,6.399999999999977,-1052.9599999999539,2026-01-27T09:41:00-05:00,0.0,5.300000000000011,1147.039999999978,2026-01-27T09:46:00-05:00,0.0,4.950000000000017,1847.0399999999665,2026-01-27T10:01:00-05:00,0.0,5.2999999999999545,1147.0400000000916,2026-01-27T10:31:00-05:00,0.0,4.849999999999966,2047.040000000069,2026-01-27T11:31:00-05:00,0.0,4.800000000000011,2147.039999999978,2026-01-27T16:00:00-05:00,0.0,,,2026-01-28T15:59:00-05:00,60.0,10.0,-8152.96,2026-01-29T16:00:00-05:00,0.0,,,,,15.0,hit,29.0,hit,29.0,hit,29.0,hit,29.0,hit,29.0,hit,29.0,hit,6.0,hit,2886.0,hit,2886.0,hit,2886.0,hit,2907.0,hit,2913.0,hit,6.850000000000023,8,False,False,False,False,,6.850000000000023,8,False,False,False,False,,6.850000000000023,8,False,False,False,False,,6.850000000000023,8,False,False,False,False,,29.0,2026-01-27T10:00:00-05:00,0.0,11747.04,,,,,,,,,30.0,2026-01-27T10:01:00-05:00,4.950000000000017,1847.0399999999665,29.0,2026-01-27T10:00:00-05:00,0.0,11747.04,,,,,,,,,30.0,2026-01-27T10:01:00-05:00,4.950000000000017,1847.0399999999665,29.0,2026-01-27T10:00:00-05:00,0.0,11747.04,,,,,,,,,30.0,2026-01-27T10:01:00-05:00,4.950000000000017,1847.0399999999665,29.0,2026-01-27T10:00:00-05:00,0.0,11747.04,,,,,,,,,30.0,2026-01-27T10:01:00-05:00,4.950000000000017,1847.0399999999665,3214
2026-01-27,2026-01-29,2,7.0,2026-01-27T09:31:00-05:00,7.0499999999999545,NDXP  260129P26130000,NDXP  260129P26120000,final_holdout,False,False,0,0,2,80,0,1117,available,False,2026-01-27T09:31:00-05:00,2026-01-29T15:59:00-05:00,10.0,-6052.960000000091,1.0,last_observed_quote_not_settlement,1036.0,260,21,6.850000000000023,147.03999999986428,2026-01-27T09:32:00-05:00,0.0,6.75,347.03999999990975,2026-01-27T09:33:00-05:00,0.0,7.2999999999999545,-752.9599999999994,2026-01-27T09:36:00-05:00,0.0,7.350000000000023,-852.9600000001358,2026-01-27T09:41:00-05:00,0.0,7.100000000000023,-352.9600000001357,2026-01-27T09:46:00-05:00,0.0,6.900000000000034,47.03999999984155,2026-01-27T10:01:00-05:00,0.0,6.650000000000034,547.0399999998415,2026-01-27T10:31:00-05:00,0.0,5.900000000000006,2047.0399999998986,2026-01-27T11:31:00-05:00,0.0,6.0,1847.0399999999097,2026-01-27T16:00:00-05:00,0.0,,,2026-01-28T15:59:00-05:00,60.0,,,2026-01-29T15:59:00-05:00,60.0,,,,,26.0,hit,26.0,hit,26.0,hit,,never_hit,,never_hit,,never_hit,,never_hit,7.0,hit,2886.0,hit,0.0,hit,2886.0,hit,2896.0,hit,2902.0,hit,,,True,True,True,False,3.349999999999909,,,True,True,True,False,3.349999999999909,,,True,True,True,False,3.349999999999909,,,True,True,True,False,3.349999999999909,,,,,,,,,,,,,,,,,,,,,,,,,,,,,,,,,,,,,,,,,,,,,,,,,,,,,,,,,,,,,,,,,3215
2026-01-28,2026-01-30,2,5.0,2026-01-28T09:31:00-05:00,5.0,NDXP  260130P26240000,NDXP  260130P26230000,final_holdout,False,False,0,0,1,106,0,1089,available,False,2026-01-28T09:31:00-05:00,2026-01-30T16:00:00-05:00,10.0,-10152.96,0.0,last_observed_quote_not_settlement,1037.0,958,31,5.0,-252.9599999999993,2026-01-28T09:32:00-05:00,0.0,4.800000000000011,147.03999999997797,2026-01-28T09:33:00-05:00,0.0,5.0,-252.9599999999993,2026-01-28T09:36:00-05:00,0.0,4.75,247.04000000000067,2026-01-28T09:41:00-05:00,0.0,4.5,747.0400000000006,2026-01-28T09:46:00-05:00,0.0,5.099999999999966,-452.9599999999311,2026-01-28T10:01:00-05:00,0.0,4.199999999999989,1347.0400000000234,2026-01-28T10:31:00-05:00,0.0,5.149999999999977,-552.9599999999539,2026-01-28T11:31:00-05:00,0.0,2.0499999999999545,5647.040000000092,2026-01-28T16:00:00-05:00,0.0,9.350000000000023,-8952.960000000046,2026-01-29T16:00:00-05:00,0.0,10.0,-10152.96,2026-01-30T16:00:00-05:00,0.0,,,,,0.0,hit,0.0,hit,8.0,hit,389.0,hit,1464.0,hit,,never_hit,,never_hit,7.0,hit,7.0,hit,141.0,hit,1441.0,hit,1468.0,hit,1474.0,hit,7.0,348,True,False,False,False,,8.899999999999977,380,True,True,False,False,,,,True,True,True,False,3.1999999999999886,,,True,True,True,False,3.1999999999999886,389.0,2026-01-28T16:00:00-05:00,2.0499999999999545,5647.040000000092,,,,,,,,,,,,,1464.0,2026-01-29T09:55:00-05:00,1.8000000000000114,6147.039999999978,,,,,,,,,1465.0,2026-01-29T09:56:00-05:00,8.900000000000034,-8052.960000000069,,,,,,,,,,,,,,,,,,,,,,,,,,,,,,,,,3216
2026-01-28,2026-01-30,2,6.0,2026-01-28T09:31:00-05:00,5.949999999999989,NDXP  260130P26280000,NDXP  260130P26270000,final_holdout,False,False,0,0,2,146,0,1052,available,False,2026-01-28T09:31:00-05:00,2026-01-30T15:59:00-05:00,9.950000000000045,-8252.960000000021,1.0,last_observed_quote_not_settlement,1036.0,844,54,5.199999999999989,1247.0400000000006,2026-01-28T09:32:00-05:00,0.0,3.5500000000000114,4547.039999999955,2026-01-28T09:33:00-05:00,0.0,5.899999999999977,-152.95999999997656,2026-01-28T09:36:00-05:00,0.0,5.200000000000017,1247.0399999999438,2026-01-28T09:41:00-05:00,0.0,5.049999999999983,1547.040000000012,2026-01-28T09:46:00-05:00,0.0,5.399999999999977,847.0400000000234,2026-01-28T10:01:00-05:00,0.0,5.649999999999977,347.04000000002344,2026-01-28T10:31:00-05:00,0.0,6.800000000000011,-1952.9600000000448,2026-01-28T11:31:00-05:00,0.0,7.850000000000023,-4052.9600000000673,2026-01-28T16:00:00-05:00,0.0,9.550000000000068,-7452.96000000016,2026-01-29T16:00:00-05:00,0.0,,,2026-01-30T15:59:00-05:00,60.0,,,,,1.0,hit,2.0,hit,2.0,hit,,never_hit,,never_hit,,never_hit,,never_hit,21.0,hit,176.0,hit,176.0,hit,392.0,hit,1454.0,hit,1466.0,hit,,,True,True,True,False,2.849999999999966,,,True,True,True,False,2.849999999999966,,,True,True,True,False,2.849999999999966,,,True,True,True,False,2.849999999999966,,,,,,,,,,,,,,,,,,,,,,,,,,,,,,,,,,,,,,,,,,,,,,,,,,,,,,,,,,,,,,,,,3217
2026-01-28,2026-01-30,2,7.0,2026-01-28T09:31:00-05:00,7.0,NDXP  260130P26420000,NDXP  260130P26410000,final_holdout,False,False,0,0,1,168,0,1027,available,False,2026-01-28T09:31:00-05:00,2026-01-30T15:59:00-05:00,10.0,-6152.96,1.0,last_observed_quote_not_settlement,1036.0,824,55,6.800000000000011,147.03999999997797,2026-01-28T09:32:00-05:00,0.0,6.7000000000000455,347.03999999990975,2026-01-28T09:33:00-05:00,0.0,6.699999999999989,347.04000000002344,2026-01-28T09:36:00-05:00,0.0,6.550000000000011,647.0399999999779,2026-01-28T09:41:00-05:00,0.0,6.449999999999932,847.0400000001371,2026-01-28T09:46:00-05:00,0.0,6.800000000000011,147.03999999997797,2026-01-28T10:01:00-05:00,0.0,7.099999999999966,-452.9599999999311,2026-01-28T10:31:00-05:00,0.0,7.100000000000023,-452.9600000000448,2026-01-28T11:31:00-05:00,0.0,9.100000000000023,-4452.960000000046,2026-01-28T16:00:00-05:00,0.0,9.900000000000091,-6052.960000000183,2026-01-29T16:00:00-05:00,0.0,,,2026-01-30T15:59:00-05:00,60.0,,,,,397.0,hit,397.0,hit,397.0,hit,397.0,hit,397.0,hit,,never_hit,,never_hit,47.0,hit,124.0,hit,0.0,hit,124.0,hit,124.0,hit,202.0,hit,9.949999999999932,272,True,True,True,True,,9.949999999999932,272,True,True,True,True,,,,True,True,True,False,5.399999999999977,,,True,True,True,False,5.399999999999977,397.0,2026-01-28T16:08:00-05:00,1.6000000000000227,10547.039999999955,,,,,,,,,398.0,2026-01-28T16:09:00-05:00,8.650000000000034,-3552.960000000069,397.0,2026-01-28T16:08:00-05:00,1.6000000000000227,10547.039999999955,,,,,,,,,398.0,2026-01-28T16:09:00-05:00,8.650000000000034,-3552.960000000069,,,,,,,,,,,,,,,,,,,,,,,,,,,,,,,,,3218
2026-01-30,2026-02-02,3,5.0,2026-01-30T09:31:00-05:00,5.050000000000011,NDXP  260202P25870000,NDXP  260202P25860000,final_holdout,False,False,0,0,0,29,0,764,available,False,2026-01-30T09:31:00-05:00,2026-02-02T15:59:00-05:00,9.900000000000006,-9952.959999999988,1.0,last_observed_quote_not_settlement,3916.0,720,20,5.400000000000006,-952.959999999988,2026-01-30T09:32:00-05:00,0.0,5.799999999999983,-1752.9599999999425,2026-01-30T09:33:00-05:00,0.0,5.399999999999977,-952.9599999999311,2026-01-30T09:36:00-05:00,0.0,4.800000000000011,247.04000000000067,2026-01-30T09:41:00-05:00,0.0,5.599999999999994,-1352.9599999999652,2026-01-30T09:46:00-05:00,0.0,6.050000000000011,-2252.959999999999,2026-01-30T10:01:00-05:00,0.0,6.599999999999994,-3352.959999999965,2026-01-30T10:31:00-05:00,0.0,6.400000000000006,-2952.9599999999878,2026-01-30T11:31:00-05:00,0.0,8.050000000000011,-6252.960000000001,2026-01-30T16:00:00-05:00,0.0,,,2026-01-30T16:15:00-05:00,85500.0,,,2026-01-30T16:15:00-05:00,171900.0,,,2026-02-02T15:59:00-05:00,60.0,0.0,hit,9.0,hit,,never_hit,,never_hit,,never_hit,,never_hit,,never_hit,2.0,hit,16.0,hit,112.0,hit,158.0,hit,355.0,hit,4320.0,hit,,,True,True,True,False,0.35000000000002274,,,True,True,True,False,0.35000000000002274,,,True,True,True,False,0.35000000000002274,,,True,True,True,False,0.35000000000002274,,,,,,,,,,,,,,,,,,,,,,,,,,,,,,,,,,,,,,,,,,,,,,,,,,,,,,,,,,,,,,,,,3219
2026-01-30,2026-02-02,3,6.0,2026-01-30T09:31:00-05:00,6.0,NDXP  260202P25880000,NDXP  260202P25870000,final_holdout,False,False,0,0,0,39,0,754,available,False,2026-01-30T09:31:00-05:00,2026-02-02T15:58:00-05:00,9.949999999999989,-8152.959999999978,2.0,last_observed_quote_not_settlement,3917.0,636,25,5.899999999999977,-52.959999999953816,2026-01-30T09:32:00-05:00,0.0,5.400000000000006,947.0399999999893,2026-01-30T09:33:00-05:00,0.0,5.100000000000023,1547.0399999999552,2026-01-30T09:36:00-05:00,0.0,4.900000000000006,1947.0399999999893,2026-01-30T09:41:00-05:00,0.0,5.200000000000017,1347.0399999999665,2026-01-30T09:46:00-05:00,0.0,5.949999999999989,-152.95999999997656,2026-01-30T10:01:00-05:00,0.0,6.75,-1752.9599999999994,2026-01-30T10:31:00-05:00,0.0,6.550000000000011,-1352.960000000022,2026-01-30T11:31:00-05:00,0.0,7.899999999999977,-4052.9599999999537,2026-01-30T16:00:00-05:00,0.0,,,2026-01-30T16:14:00-05:00,85560.0,,,2026-01-30T16:14:00-05:00,171960.0,,,2026-02-02T15:58:00-05:00,120.0,2.0,hit,10.0,hit,22.0,hit,,never_hit,,never_hit,,never_hit,,never_hit,58.0,hit,110.0,hit,110.0,hit,168.0,hit,248.0,hit,4320.0,hit,,,True,True,True,False,2.799999999999983,,,True,True,True,False,2.799999999999983,,,True,True,True,False,2.799999999999983,,,True,True,True,False,2.799999999999983,,,,,,,,,,,,,,,,,,,,,,,,,,,,,,,,,,,,,,,,,,,,,,,,,,,,,,,,,,,,,,,,,3220
2026-01-30,2026-02-02,3,7.0,2026-01-30T09:31:00-05:00,7.0,NDXP  260202P26030000,NDXP  260202P26020000,final_holdout,False,False,0,0,1,141,0,652,available,False,2026-01-30T09:31:00-05:00,2026-02-02T15:58:00-05:00,10.0,-6152.96,2.0,last_observed_quote_not_settlement,3916.0,550,12,7.600000000000023,-1452.9600000000448,2026-01-30T09:32:00-05:00,0.0,7.599999999999966,-1452.9599999999311,2026-01-30T09:33:00-05:00,0.0,7.050000000000011,-352.96000000002203,2026-01-30T09:36:00-05:00,0.0,8.149999999999977,-2552.9599999999555,2026-01-30T09:41:00-05:00,0.0,7.5,-1252.9599999999994,2026-01-30T09:46:00-05:00,0.0,7.849999999999966,-1952.9599999999311,2026-01-30T10:01:00-05:00,0.0,8.550000000000011,-3352.9600000000237,2026-01-30T10:31:00-05:00,0.0,8.449999999999989,-3152.959999999978,2026-01-30T11:31:00-05:00,0.0,8.350000000000023,-2952.9600000000464,2026-01-30T16:00:00-05:00,0.0,,,2026-01-30T16:15:00-05:00,85500.0,,,2026-01-30T16:15:00-05:00,171900.0,,,2026-02-02T15:58:00-05:00,120.0,,never_hit,,never_hit,,never_hit,,never_hit,,never_hit,,never_hit,,never_hit,1.0,hit,10.0,hit,0.0,hit,10.0,hit,151.0,hit,169.0,hit,,,True,True,True,False,0.44999999999998863,,,True,True,True,False,0.44999999999998863,,,True,True,True,False,0.44999999999998863,,,True,True,True,False,0.44999999999998863,,,,,,,,,,,,,,,,,,,,,,,,,,,,,,,,,,,,,,,,,,,,,,,,,,,,,,,,,,,,,,,,,3221
2026-02-02,2026-02-04,2,5.0,2026-02-02T09:31:00-05:00,5.0,NDXP  260204P25590000,NDXP  260204P25580000,final_holdout,False,False,0,0,0,85,0,1114,available,False,2026-02-02T09:31:00-05:00,2026-02-04T16:00:00-05:00,10.0,-10152.96,0.0,last_observed_quote_not_settlement,1036.0,610,8,5.150000000000006,-552.9600000000107,2026-02-02T09:32:00-05:00,0.0,4.800000000000011,147.03999999997797,2026-02-02T09:33:00-05:00,0.0,4.400000000000006,947.0399999999893,2026-02-02T09:36:00-05:00,0.0,4.099999999999966,1547.0400000000689,2026-02-02T09:41:00-05:00,0.0,3.8999999999999773,1947.0400000000461,2026-02-02T09:46:00-05:00,0.0,3.9499999999999886,1847.0400000000234,2026-02-02T10:01:00-05:00,0.0,2.799999999999997,4147.040000000006,2026-02-02T10:31:00-05:00,0.0,2.3999999999999915,4947.040000000018,2026-02-02T11:31:00-05:00,0.0,2.75,4247.040000000001,2026-02-02T16:00:00-05:00,0.0,7.349999999999966,-4952.959999999931,2026-02-03T16:00:00-05:00,0.0,10.0,-10152.96,2026-02-04T16:00:00-05:00,0.0,,,,,0.0,hit,0.0,hit,7.0,hit,33.0,hit,152.0,hit,,never_hit,,never_hit,1471.0,hit,1477.0,hit,1564.0,hit,1606.0,hit,1698.0,hit,1698.0,hit,5.150000000000006,1,False,False,False,False,,5.150000000000006,1,False,False,False,False,,,,True,True,True,False,3.6000000000000085,,,True,True,True,False,3.6000000000000085,33.0,2026-02-02T10:04:00-05:00,2.9499999999999886,3847.0400000000236,37.0,2026-02-02T10:08:00-05:00,2.799999999999997,4147.040000000006,41.0,2026-02-02T10:12:00-05:00,2.700000000000003,4347.039999999995,34.0,2026-02-02T10:05:00-05:00,3.450000000000003,2847.039999999995,169.0,2026-02-02T12:20:00-05:00,1.9499999999999957,5847.040000000009,203.0,2026-02-02T12:54:00-05:00,1.9000000000000057,5947.039999999989,204.0,2026-02-02T12:55:00-05:00,1.8499999999999943,6047.040000000012,170.0,2026-02-02T12:21:00-05:00,2.1499999999999986,5447.040000000004,,,,,,,,,,,,,,,,,,,,,,,,,,,,,,,,,3222
2026-02-02,2026-02-04,2,6.0,2026-02-02T09:31:00-05:00,6.099999999999966,NDXP  260204P25730000,NDXP  260204P25720000,final_holdout,False,False,0,0,0,98,0,1101,available,False,2026-02-02T09:31:00-05:00,2026-02-04T15:59:00-05:00,7.4500000000000455,-2952.9600000001583,1.0,last_observed_quote_not_settlement,1036.0,603,11,6.100000000000023,-252.96000000011298,2026-02-02T09:32:00-05:00,0.0,6.100000000000023,-252.96000000011298,2026-02-02T09:33:00-05:00,0.0,5.75,447.0399999999325,2026-02-02T09:36:00-05:00,0.0,5.25,1447.0399999999324,2026-02-02T09:41:00-05:00,0.0,5.699999999999989,547.0399999999552,2026-02-02T09:46:00-05:00,0.0,5.199999999999989,1547.0399999999552,2026-02-02T10:01:00-05:00,0.0,4.049999999999983,3847.0399999999668,2026-02-02T10:31:00-05:00,0.0,3.5500000000000114,4847.03999999991,2026-02-02T11:31:00-05:00,0.0,3.950000000000003,4047.039999999927,2026-02-02T16:00:00-05:00,0.0,9.699999999999989,-7452.960000000046,2026-02-03T16:00:00-05:00,0.0,,,2026-02-04T15:59:00-05:00,60.0,,,,,7.0,hit,20.0,hit,42.0,hit,185.0,hit,305.0,hit,307.0,hit,307.0,hit,324.0,hit,1455.0,hit,1455.0,hit,1455.0,hit,1595.0,hit,1610.0,hit,6.100000000000023,2,False,False,False,False,,6.100000000000023,2,False,False,False,False,,6.100000000000023,2,False,False,False,False,,6.100000000000023,2,False,False,False,False,,205.0,2026-02-02T12:56:00-05:00,2.8999999999999915,6147.03999999995,215.0,2026-02-02T13:06:00-05:00,2.9499999999999886,6047.039999999955,222.0,2026-02-02T13:13:00-05:00,2.9499999999999886,6047.039999999955,206.0,2026-02-02T12:57:00-05:00,3.0500000000000114,5847.03999999991,305.0,2026-02-02T14:36:00-05:00,1.6499999999999915,8647.03999999995,308.0,2026-02-02T14:39:00-05:00,0.5,10947.039999999934,,,,,306.0,2026-02-02T14:37:00-05:00,3.75,4447.039999999933,307.0,2026-02-02T14:38:00-05:00,0.29999999999998295,11347.039999999968,308.0,2026-02-02T14:39:00-05:00,0.5,10947.039999999934,,,,,308.0,2026-02-02T14:39:00-05:00,0.5,10947.039999999934,307.0,2026-02-02T14:38:00-05:00,0.29999999999998295,11347.039999999968,,,,,,,,,308.0,2026-02-02T14:39:00-05:00,0.5,10947.039999999934,3223
2026-02-02,2026-02-04,2,7.0,2026-02-02T09:31:00-05:00,7.050000000000011,NDXP  260204P25810000,NDXP  260204P25800000,final_holdout,False,False,0,0,0,124,0,1075,available,False,2026-02-02T09:31:00-05:00,2026-02-04T15:58:00-05:00,4.7999999999999545,4247.040000000115,2.0,last_observed_quote_not_settlement,1036.0,557,31,7.0,-152.95999999997656,2026-02-02T09:32:00-05:00,0.0,6.949999999999989,-52.959999999953816,2026-02-02T09:33:00-05:00,0.0,6.599999999999909,647.0400000002053,2026-02-02T09:36:00-05:00,0.0,6.4500000000000455,947.0399999999324,2026-02-02T09:41:00-05:00,0.0,5.699999999999989,2447.0400000000463,2026-02-02T09:46:00-05:00,0.0,5.0,3847.0400000000236,2026-02-02T10:01:00-05:00,0.0,4.75,4347.040000000024,2026-02-02T10:31:00-05:00,0.0,4.5,4847.040000000024,2026-02-02T11:31:00-05:00,0.0,5.400000000000006,3047.0400000000122,2026-02-02T16:00:00-05:00,0.0,9.649999999999977,-5452.959999999933,2026-02-03T16:00:00-05:00,0.0,,,2026-02-04T15:58:00-05:00,120.0,,,,,21.0,hit,30.0,hit,44.0,hit,44.0,hit,44.0,hit,44.0,hit,271.0,hit,3.0,hit,1460.0,hit,0.0,hit,1460.0,hit,1478.0,hit,1560.0,hit,7.800000000000011,4,True,False,False,False,,7.800000000000011,4,True,False,False,False,,7.800000000000011,4,True,False,False,False,,7.800000000000011,6,True,False,False,False,,44.0,2026-02-02T10:15:00-05:00,0.5999999999999943,12647.040000000035,272.0,2026-02-02T14:03:00-05:00,1.8499999999999943,10147.040000000035,289.0,2026-02-02T14:20:00-05:00,1.4499999999999886,10947.040000000046,45.0,2026-02-02T10:16:00-05:00,4.75,4347.040000000024,44.0,2026-02-02T10:15:00-05:00,0.5999999999999943,12647.040000000035,272.0,2026-02-02T14:03:00-05:00,1.8499999999999943,10147.040000000035,289.0,2026-02-02T14:20:00-05:00,1.4499999999999886,10947.040000000046,45.0,2026-02-02T10:16:00-05:00,4.75,4347.040000000024,44.0,2026-02-02T10:15:00-05:00,0.5999999999999943,12647.040000000035,,,,,,,,,45.0,2026-02-02T10:16:00-05:00,4.75,4347.040000000024,271.0,2026-02-02T14:02:00-05:00,0.15000000000000568,13547.040000000014,,,,,,,,,272.0,2026-02-02T14:03:00-05:00,1.8499999999999943,10147.040000000035,3224
2026-02-03,2026-02-05,2,5.0,2026-02-03T09:31:00-05:00,5.000000000000028,NDXP  260205P25930000,NDXP  260205P25920000,final_holdout,False,False,0,0,0,178,0,1020,available,False,2026-02-03T09:31:00-05:00,2026-02-05T16:00:00-05:00,0.0,9747.040000000059,0.0,last_observed_quote_not_settlement,1040.0,872,13,5.599999999999966,-1452.9599999998743,2026-02-03T09:32:00-05:00,0.0,5.349999999999994,-952.9599999999311,2026-02-03T09:33:00-05:00,0.0,5.350000000000023,-952.959999999988,2026-02-03T09:36:00-05:00,0.0,6.399999999999977,-3052.959999999897,2026-02-03T09:41:00-05:00,0.0,7.100000000000023,-4452.959999999988,2026-02-03T09:46:00-05:00,0.0,7.5,-5252.959999999943,2026-02-03T10:01:00-05:00,0.0,7.9500000000000455,-6152.9600000000355,2026-02-03T10:31:00-05:00,0.0,8.850000000000136,-7952.960000000217,2026-02-03T11:31:00-05:00,0.0,9.249999999999886,-8752.959999999715,2026-02-03T16:00:00-05:00,0.0,9.950000000000045,-10152.959999999943,2026-02-04T16:00:00-05:00,0.0,0.0,9747.040000000059,2026-02-05T16:00:00-05:00,0.0,,,,,0.0,hit,285.0,hit,2912.0,hit,2912.0,hit,2912.0,hit,2912.0,hit,2912.0,hit,1.0,hit,6.0,hit,13.0,hit,27.0,hit,29.0,hit,37.0,hit,10.0,658,True,True,True,True,,10.0,658,True,True,True,True,,10.0,658,True,True,True,True,,10.0,658,True,True,True,True,,2912.0,2026-02-05T10:03:00-05:00,0.09999999999990905,9547.040000000241,,,,,,,,,2913.0,2026-02-05T10:04:00-05:00,4.599999999999909,547.0400000002394,2912.0,2026-02-05T10:03:00-05:00,0.09999999999990905,9547.040000000241,,,,,,,,,2913.0,2026-02-05T10:04:00-05:00,4.599999999999909,547.0400000002394,2912.0,2026-02-05T10:03:00-05:00,0.09999999999990905,9547.040000000241,,,,,,,,,2913.0,2026-02-05T10:04:00-05:00,4.599999999999909,547.0400000002394,2912.0,2026-02-05T10:03:00-05:00,0.09999999999990905,9547.040000000241,,,,,,,,,2913.0,2026-02-05T10:04:00-05:00,4.599999999999909,547.0400000002394,3225
2026-02-03,2026-02-05,2,6.0,2026-02-03T09:31:00-05:00,6.099999999999994,NDXP  260205P25980000,NDXP  260205P25970000,final_holdout,False,False,0,0,1,189,0,1008,available,False,2026-02-03T09:31:00-05:00,2026-02-05T16:00:00-05:00,1.900000000000091,8147.039999999807,0.0,last_observed_quote_not_settlement,1038.0,852,16,6.2000000000000455,-452.9600000001016,2026-02-03T09:32:00-05:00,0.0,6.050000000000011,-152.9600000000334,2026-02-03T09:33:00-05:00,0.0,5.75,447.03999999998933,2026-02-03T09:36:00-05:00,0.0,7.0,-2052.9600000000105,2026-02-03T09:41:00-05:00,0.0,9.25,-6552.960000000013,2026-02-03T09:46:00-05:00,0.0,8.649999999999977,-5352.959999999967,2026-02-03T10:01:00-05:00,0.0,9.0,-6052.960000000013,2026-02-03T10:31:00-05:00,0.0,9.200000000000045,-6452.960000000104,2026-02-03T11:31:00-05:00,0.0,9.450000000000045,-6952.960000000104,2026-02-03T16:00:00-05:00,0.0,9.900000000000091,-7852.960000000195,2026-02-04T16:00:00-05:00,0.0,1.900000000000091,8147.039999999807,2026-02-05T16:00:00-05:00,0.0,,,,,1539.0,hit,1539.0,hit,1831.0,hit,1831.0,hit,3269.0,hit,,never_hit,,never_hit,7.0,hit,7.0,hit,7.0,hit,15.0,hit,15.0,hit,41.0,hit,10.0,632,True,True,True,True,,10.0,852,True,True,True,True,,,,True,True,True,False,4.199999999999903,,,True,True,True,False,4.199999999999903,1831.0,2026-02-04T16:02:00-05:00,2.900000000000091,6147.039999999807,,,,,,,,,1832.0,2026-02-04T16:03:00-05:00,9.150000000000091,-6352.960000000195,3269.0,2026-02-05T16:00:00-05:00,1.900000000000091,8147.039999999807,,,,,,,,,,,,,,,,,,,,,,,,,,,,,,,,,,,,,,,,,,,,,3226
2026-02-03,2026-02-05,2,7.0,2026-02-03T09:31:00-05:00,6.900000000000034,NDXP  260205P26080000,NDXP  260205P26070000,final_holdout,False,False,0,0,1,179,0,1018,available,False,2026-02-03T09:31:00-05:00,2026-02-05T15:58:00-05:00,9.650000000000091,-5752.960000000115,2.0,last_observed_quote_not_settlement,1039.0,860,27,7.449999999999989,-1352.9599999999084,2026-02-03T09:32:00-05:00,0.0,7.5,-1452.9599999999311,2026-02-03T09:33:00-05:00,0.0,7.199999999999932,-852.9599999997947,2026-02-03T09:36:00-05:00,0.0,6.699999999999989,147.04000000009165,2026-02-03T09:41:00-05:00,0.0,1.8500000000000227,9847.040000000025,2026-02-03T09:46:00-05:00,0.0,9.800000000000068,-6052.960000000069,2026-02-03T10:01:00-05:00,0.0,8.5,-3452.9599999999327,2026-02-03T10:31:00-05:00,0.0,9.5,-5452.959999999933,2026-02-03T11:31:00-05:00,0.0,9.750000000000114,-5952.96000000016,2026-02-03T16:00:00-05:00,0.0,,,2026-02-04T15:58:00-05:00,120.0,,,2026-02-05T15:58:00-05:00,120.0,,,,,15.0,hit,15.0,hit,15.0,hit,15.0,hit,15.0,hit,,never_hit,,never_hit,1.0,hit,7.0,hit,1.0,hit,7.0,hit,26.0,hit,30.0,hit,8.900000000000034,12,True,True,False,False,,8.900000000000034,12,True,True,False,False,,,,True,True,True,False,5.349999999999852,,,True,True,True,False,5.349999999999852,15.0,2026-02-03T09:46:00-05:00,1.8500000000000227,9847.040000000025,,,,,,,,,16.0,2026-02-03T09:47:00-05:00,8.100000000000023,-2652.959999999978,15.0,2026-02-03T09:46:00-05:00,1.8500000000000227,9847.040000000025,,,,,,,,,16.0,2026-02-03T09:47:00-05:00,8.100000000000023,-2652.959999999978,,,,,,,,,,,,,,,,,,,,,,,,,,,,,,,,,3227
2026-02-04,2026-02-06,2,5.0,2026-02-04T09:31:00-05:00,5.0,NDXP  260206P25250000,NDXP  260206P25240000,final_holdout,False,False,0,0,3,110,0,1087,available,False,2026-02-04T09:31:00-05:00,2026-02-06T15:57:00-05:00,10.0,-10152.96,3.0,last_observed_quote_not_settlement,1036.0,950,36,4.75,247.04000000000067,2026-02-04T09:32:00-05:00,0.0,4.75,247.04000000000067,2026-02-04T09:33:00-05:00,0.0,4.349999999999994,1047.040000000012,2026-02-04T09:36:00-05:00,0.0,4.499999999999972,747.0400000000575,2026-02-04T09:41:00-05:00,0.0,4.599999999999994,547.040000000012,2026-02-04T09:46:00-05:00,0.0,4.7999999999999545,147.04000000009165,2026-02-04T10:01:00-05:00,0.0,5.25,-752.9599999999994,2026-02-04T10:31:00-05:00,0.0,6.150000000000091,-2552.960000000181,2026-02-04T11:31:00-05:00,0.0,3.900000000000034,1947.0399999999324,2026-02-04T16:00:00-05:00,0.0,9.5,-9252.960000000001,2026-02-05T16:00:00-05:00,0.0,,,2026-02-06T15:57:00-05:00,180.0,,,,,0.0,hit,0.0,hit,9.0,hit,181.0,hit,181.0,hit,,never_hit,,never_hit,29.0,hit,34.0,hit,97.0,hit,97.0,hit,97.0,hit,97.0,hit,9.800000000000011,139,True,True,True,True,,9.800000000000011,139,True,True,True,True,,,,True,True,True,False,3.6499999999999773,,,True,True,True,False,3.6499999999999773,181.0,2026-02-04T12:32:00-05:00,1.6000000000000227,6547.039999999955,404.0,2026-02-04T16:15:00-05:00,2.75,4247.040000000001,,,,,182.0,2026-02-04T12:33:00-05:00,6.7999999999999545,-3852.959999999908,181.0,2026-02-04T12:32:00-05:00,1.6000000000000227,6547.039999999955,,,,,,,,,182.0,2026-02-04T12:33:00-05:00,6.7999999999999545,-3852.959999999908,,,,,,,,,,,,,,,,,,,,,,,,,,,,,,,,,3228
2026-02-04,2026-02-06,2,6.0,2026-02-04T09:31:00-05:00,5.899999999999977,NDXP  260206P25440000,NDXP  260206P25430000,final_holdout,False,False,0,0,0,168,0,1030,available,False,2026-02-04T09:31:00-05:00,2026-02-06T15:58:00-05:00,10.0,-8352.960000000045,2.0,last_observed_quote_not_settlement,1038.0,873,30,6.199999999999989,-852.9600000000221,2026-02-04T09:32:00-05:00,0.0,6.2000000000000455,-852.9600000001358,2026-02-04T09:33:00-05:00,0.0,5.649999999999977,247.04000000000067,2026-02-04T09:36:00-05:00,0.0,5.449999999999989,647.0399999999779,2026-02-04T09:41:00-05:00,0.0,5.899999999999977,-252.9599999999993,2026-02-04T09:46:00-05:00,0.0,6.850000000000023,-2152.96000000009,2026-02-04T10:01:00-05:00,0.0,6.4500000000000455,-1352.9600000001358,2026-02-04T10:31:00-05:00,0.0,7.649999999999977,-3752.959999999999,2026-02-04T11:31:00-05:00,0.0,7.849999999999909,-4152.959999999863,2026-02-04T16:00:00-05:00,0.0,7.850000000000023,-4152.96000000009,2026-02-05T16:00:00-05:00,0.0,,,2026-02-06T15:58:00-05:00,120.0,,,,,9.0,hit,52.0,hit,52.0,hit,52.0,hit,69.0,hit,69.0,hit,1830.0,hit,27.0,hit,27.0,hit,27.0,hit,49.0,hit,133.0,hit,193.0,hit,8.550000000000011,38,True,True,False,False,,8.550000000000011,54,True,True,False,False,,8.550000000000011,54,True,True,False,False,,10.0,653,True,True,True,True,,52.0,2026-02-04T10:23:00-05:00,2.6499999999999773,6247.040000000001,,,,,,,,,53.0,2026-02-04T10:24:00-05:00,6.300000000000068,-1052.9600000001813,69.0,2026-02-04T10:40:00-05:00,0.75,10047.039999999955,,,,,,,,,70.0,2026-02-04T10:41:00-05:00,6.399999999999977,-1252.9599999999994,69.0,2026-02-04T10:40:00-05:00,0.75,10047.039999999955,,,,,,,,,70.0,2026-02-04T10:41:00-05:00,6.399999999999977,-1252.9599999999994,1830.0,2026-02-05T16:01:00-05:00,0.0,11547.039999999955,,,,,,,,,1831.0,2026-02-05T16:02:00-05:00,9.600000000000023,-7652.960000000092,3229
2026-02-04,2026-02-06,2,7.0,2026-02-04T09:31:00-05:00,7.0,NDXP  260206P25710000,NDXP  260206P25700000,final_holdout,False,False,0,0,0,130,0,1064,available,False,2026-02-04T09:31:00-05:00,2026-02-06T15:59:00-05:00,10.0,-6152.96,1.0,last_observed_quote_not_settlement,1039.0,943,9,8.350000000000136,-2952.960000000274,2026-02-04T09:32:00-05:00,0.0,9.799999999999955,-5852.95999999991,2026-02-04T09:33:00-05:00,0.0,7.800000000000011,-1852.960000000022,2026-02-04T09:36:00-05:00,0.0,7.900000000000091,-2052.960000000181,2026-02-04T09:41:00-05:00,0.0,7.9500000000000455,-2152.960000000092,2026-02-04T09:46:00-05:00,0.0,8.849999999999909,-3952.959999999819,2026-02-04T10:01:00-05:00,0.0,8.399999999999977,-3052.9599999999555,2026-02-04T10:31:00-05:00,0.0,8.850000000000023,-3952.9600000000464,2026-02-04T11:31:00-05:00,0.0,7.9500000000000455,-2152.960000000092,2026-02-04T16:00:00-05:00,0.0,9.950000000000045,-6152.96,2026-02-05T16:00:00-05:00,0.0,,,2026-02-06T15:59:00-05:00,60.0,,,,,1831.0,hit,1831.0,hit,1836.0,hit,1836.0,hit,1836.0,hit,1836.0,hit,,never_hit,1.0,hit,1.0,hit,0.0,hit,1.0,hit,2.0,hit,2.0,hit,10.0,641,True,True,True,True,,10.0,641,True,True,True,True,,10.0,641,True,True,True,True,,,,True,True,True,False,6.099999999999909,1836.0,2026-02-05T16:07:00-05:00,0.900000000000091,11947.039999999819,,,,,,,,,,,,,1836.0,2026-02-05T16:07:00-05:00,0.900000000000091,11947.039999999819,,,,,,,,,,,,,1836.0,2026-02-05T16:07:00-05:00,0.900000000000091,11947.039999999819,,,,,,,,,,,,,,,,,,,,,,,,,,,,,3230
2026-02-06,2026-02-09,3,5.0,2026-02-06T09:31:00-05:00,4.949999999999989,NDXP  260209P24720000,NDXP  260209P24710000,final_holdout,False,False,0,0,10,6,0,695,available,False,2026-02-06T09:31:00-05:00,2026-02-09T14:42:00-05:00,0.0,9647.039999999979,78.0,last_observed_quote_not_settlement,3916.0,0,0,4.800000000000011,47.039999999955235,2026-02-06T09:32:00-05:00,0.0,4.0,1647.039999999978,2026-02-06T09:33:00-05:00,0.0,4.100000000000023,1447.0399999999324,2026-02-06T09:36:00-05:00,0.0,3.5,2647.039999999978,2026-02-06T09:41:00-05:00,0.0,3.5500000000000114,2547.0399999999554,2026-02-06T09:46:00-05:00,0.0,3.8499999999999943,1947.0399999999893,2026-02-06T10:01:00-05:00,0.0,3.6000000000000227,2447.0399999999327,2026-02-06T10:31:00-05:00,0.0,2.700000000000003,4247.039999999973,2026-02-06T11:31:00-05:00,0.0,1.5500000000000043,6547.039999999969,2026-02-06T16:00:00-05:00,0.0,,,2026-02-06T16:15:00-05:00,85500.0,,,2026-02-06T16:15:00-05:00,171900.0,,,2026-02-09T14:42:00-05:00,4680.0,0.0,hit,0.0,hit,2.0,hit,20.0,hit,130.0,hit,382.0,hit,4354.0,hit,,never_hit,,never_hit,,never_hit,,never_hit,,never_hit,,never_hit,4.949999999999989,0,False,False,False,False,,4.949999999999989,0,False,False,False,False,,4.949999999999989,0,False,False,False,False,,4.949999999999989,0,False,False,False,False,,20.0,2026-02-06T09:51:00-05:00,2.1500000000000057,5347.039999999966,21.0,2026-02-06T09:52:00-05:00,2.9000000000000057,3847.0399999999668,22.0,2026-02-06T09:53:00-05:00,2.799999999999997,4047.0399999999836,21.0,2026-02-06T09:52:00-05:00,2.9000000000000057,3847.0399999999668,130.0,2026-02-06T11:41:00-05:00,1.9000000000000057,5847.039999999966,181.0,2026-02-06T12:32:00-05:00,1.8499999999999943,5947.039999999989,182.0,2026-02-06T12:33:00-05:00,1.8500000000000014,5947.039999999975,131.0,2026-02-06T11:42:00-05:00,2.3500000000000085,4947.039999999961,4330.0,2026-02-09T09:41:00-05:00,0.8999999999999986,7847.039999999981,4331.0,2026-02-09T09:42:00-05:00,0.8999999999999986,7847.039999999981,4332.0,2026-02-09T09:43:00-05:00,0.6999999999999993,8247.03999999998,4331.0,2026-02-09T09:42:00-05:00,0.8999999999999986,7847.039999999981,4355.0,2026-02-09T10:06:00-05:00,0.39999999999999947,8847.039999999979,4356.0,2026-02-09T10:07:00-05:00,0.34999999999999964,8947.039999999979,4357.0,2026-02-09T10:08:00-05:00,0.3500000000000014,8947.039999999975,4356.0,2026-02-09T10:07:00-05:00,0.34999999999999964,8947.039999999979,3231
2026-02-06,2026-02-09,3,6.0,2026-02-06T09:31:00-05:00,6.0,NDXP  260209P24450000,NDXP  260209P24440000,final_holdout,False,False,0,0,32,11,0,655,available,False,2026-02-06T09:31:00-05:00,2026-02-09T14:56:00-05:00,0.0,11747.04,64.0,last_observed_quote_not_settlement,3916.0,0,0,2.950000000000017,5847.039999999966,2026-02-06T09:32:00-05:00,0.0,3.3999999999999915,4947.040000000018,2026-02-06T09:33:00-05:00,0.0,2.6999999999999886,6347.040000000024,2026-02-06T09:36:00-05:00,0.0,2.1000000000000227,7547.039999999955,2026-02-06T09:41:00-05:00,0.0,1.9500000000000028,7847.039999999995,2026-02-06T09:46:00-05:00,0.0,2.0999999999999943,7547.040000000012,2026-02-06T10:01:00-05:00,0.0,2.1000000000000085,7547.039999999984,2026-02-06T10:31:00-05:00,0.0,1.0999999999999943,9547.040000000014,2026-02-06T11:31:00-05:00,0.0,0.6499999999999986,10447.040000000005,2026-02-06T16:00:00-05:00,0.0,,,2026-02-06T16:15:00-05:00,85500.0,,,2026-02-06T16:15:00-05:00,171900.0,,,2026-02-09T14:56:00-05:00,3840.0,1.0,hit,1.0,hit,1.0,hit,1.0,hit,14.0,hit,106.0,hit,179.0,hit,,never_hit,,never_hit,,never_hit,,never_hit,,never_hit,,never_hit,6.0,0,False,False,False,False,,6.0,0,False,False,False,False,,6.0,0,False,False,False,False,,6.0,0,False,False,False,False,,3.0,2026-02-06T09:34:00-05:00,2.450000000000017,6847.039999999966,4.0,2026-02-06T09:35:00-05:00,2.4000000000000057,6947.039999999989,5.0,2026-02-06T09:36:00-05:00,2.6999999999999886,6347.040000000024,4.0,2026-02-06T09:35:00-05:00,2.4000000000000057,6947.039999999989,14.0,2026-02-06T09:45:00-05:00,1.8999999999999915,7947.040000000018,19.0,2026-02-06T09:50:00-05:00,1.6000000000000085,8547.039999999985,20.0,2026-02-06T09:51:00-05:00,1.700000000000017,8347.039999999968,15.0,2026-02-06T09:46:00-05:00,1.9500000000000028,7847.039999999995,122.0,2026-02-06T11:33:00-05:00,0.9000000000000057,9947.03999999999,125.0,2026-02-06T11:36:00-05:00,0.8500000000000014,10047.039999999999,136.0,2026-02-06T11:47:00-05:00,0.9499999999999957,9847.04000000001,123.0,2026-02-06T11:34:00-05:00,1.0,9747.04,202.0,2026-02-06T12:53:00-05:00,0.25000000000000355,11247.039999999994,378.0,2026-02-06T15:49:00-05:00,0.4499999999999993,10847.040000000003,379.0,2026-02-06T15:50:00-05:00,0.3999999999999986,10947.040000000005,203.0,2026-02-06T12:54:00-05:00,0.6000000000000014,10547.039999999999,3232
2026-02-06,2026-02-09,3,7.0,2026-02-06T09:31:00-05:00,7.0,NDXP  260209P24790000,NDXP  260209P24780000,final_holdout,False,False,0,0,13,4,0,707,available,False,2026-02-06T09:31:00-05:00,2026-02-09T14:49:00-05:00,0.024999999999999994,13697.04,71.0,last_observed_quote_not_settlement,3916.0,0,0,4.350000000000023,5047.039999999955,2026-02-06T09:32:00-05:00,0.0,5.0,3747.040000000001,2026-02-06T09:33:00-05:00,0.0,4.550000000000011,4647.039999999978,2026-02-06T09:36:00-05:00,0.0,3.8999999999999773,5947.040000000046,2026-02-06T09:41:00-05:00,0.0,3.75,6247.040000000001,2026-02-06T09:46:00-05:00,0.0,4.550000000000011,4647.039999999978,2026-02-06T10:01:00-05:00,0.0,4.150000000000034,5447.039999999933,2026-02-06T10:31:00-05:00,0.0,2.8000000000000114,8147.039999999978,2026-02-06T11:31:00-05:00,0.0,3.6000000000000085,6547.039999999984,2026-02-06T16:00:00-05:00,0.0,,,2026-02-06T16:15:00-05:00,85500.0,,,2026-02-06T16:15:00-05:00,171900.0,,,2026-02-09T14:49:00-05:00,4260.0,1.0,hit,1.0,hit,8.0,hit,70.0,hit,74.0,hit,74.0,hit,4342.0,hit,,never_hit,,never_hit,0.0,hit,,never_hit,,never_hit,,never_hit,7.0,0,True,False,False,False,,7.0,0,True,False,False,False,,7.0,0,True,False,False,False,,7.0,0,True,False,False,False,,70.0,2026-02-06T10:41:00-05:00,2.5999999999999943,8547.040000000014,112.0,2026-02-06T11:23:00-05:00,2.9499999999999886,7847.040000000024,122.0,2026-02-06T11:33:00-05:00,2.8500000000000085,8047.039999999984,71.0,2026-02-06T10:42:00-05:00,4.300000000000011,5147.039999999978,74.0,2026-02-06T10:45:00-05:00,0.8500000000000227,12047.039999999955,369.0,2026-02-06T15:40:00-05:00,1.8999999999999915,9947.040000000019,370.0,2026-02-06T15:41:00-05:00,1.8499999999999943,10047.040000000014,75.0,2026-02-06T10:46:00-05:00,3.5999999999999943,6547.040000000012,74.0,2026-02-06T10:45:00-05:00,0.8500000000000227,12047.039999999955,4337.0,2026-02-09T09:48:00-05:00,0.8499999999999979,12047.040000000006,4338.0,2026-02-09T09:49:00-05:00,0.8999999999999986,11947.040000000005,75.0,2026-02-06T10:46:00-05:00,3.5999999999999943,6547.040000000012,4342.0,2026-02-09T09:53:00-05:00,0.25,13247.04,4361.0,2026-02-09T10:12:00-05:00,0.40000000000000036,12947.04,4366.0,2026-02-09T10:17:00-05:00,0.34999999999999964,13047.040000000003,4343.0,2026-02-09T09:54:00-05:00,1.3000000000000007,11147.04,3233
2026-02-09,2026-02-11,2,5.0,2026-02-09T09:31:00-05:00,5.0,NDXP  260211P25020000,NDXP  260211P25010000,final_holdout,False,False,0,0,1,9,0,1174,available,False,2026-02-09T09:31:00-05:00,2026-02-11T15:43:00-05:00,0.0,9747.04,17.0,last_observed_quote_not_settlement,1036.0,3,4,4.5,747.0400000000006,2026-02-09T09:32:00-05:00,0.0,4.949999999999989,-152.95999999997656,2026-02-09T09:33:00-05:00,0.0,4.349999999999994,1047.040000000012,2026-02-09T09:36:00-05:00,0.0,3.6999999999999886,2347.0400000000236,2026-02-09T09:41:00-05:00,0.0,3.8999999999999773,1947.0400000000461,2026-02-09T09:46:00-05:00,0.0,4.550000000000011,647.0399999999779,2026-02-09T10:01:00-05:00,0.0,3.1000000000000085,3547.0399999999836,2026-02-09T10:31:00-05:00,0.0,2.049999999999997,5647.040000000006,2026-02-09T11:31:00-05:00,0.0,2.450000000000003,4847.039999999995,2026-02-09T16:00:00-05:00,0.0,1.3499999999999943,7047.040000000012,2026-02-10T16:00:00-05:00,0.0,,,2026-02-11T15:43:00-05:00,1020.0,,,,,0.0,hit,0.0,hit,10.0,hit,38.0,hit,102.0,hit,1472.0,hit,3073.0,hit,,never_hit,,never_hit,,never_hit,,never_hit,,never_hit,,never_hit,5.0,0,False,False,False,False,,5.0,0,False,False,False,False,,5.0,0,False,False,False,False,,5.25,3,False,False,False,False,,38.0,2026-02-09T10:09:00-05:00,2.8000000000000114,4147.039999999978,65.0,2026-02-09T10:36:00-05:00,2.8499999999999943,4047.040000000012,66.0,2026-02-09T10:37:00-05:00,2.4499999999999886,4847.040000000024,39.0,2026-02-09T10:10:00-05:00,3.0,3747.040000000001,128.0,2026-02-09T11:39:00-05:00,1.9499999999999886,5847.040000000024,136.0,2026-02-09T11:47:00-05:00,1.8499999999999943,6047.040000000012,144.0,2026-02-09T11:55:00-05:00,1.75,6247.040000000001,129.0,2026-02-09T11:40:00-05:00,2.0500000000000114,5647.039999999978,2880.0,2026-02-11T09:31:00-05:00,0.5999999999999979,8547.040000000006,2881.0,2026-02-11T09:32:00-05:00,0.6000000000000014,8547.039999999999,2882.0,2026-02-11T09:33:00-05:00,0.5999999999999979,8547.040000000006,2881.0,2026-02-11T09:32:00-05:00,0.6000000000000014,8547.039999999999,3074.0,2026-02-11T12:45:00-05:00,0.4499999999999993,8847.040000000003,3119.0,2026-02-11T13:30:00-05:00,0.40000000000000036,8947.04,3128.0,2026-02-11T13:39:00-05:00,0.34999999999999964,9047.040000000003,3075.0,2026-02-11T12:46:00-05:00,0.5,8747.04,3234
2026-02-09,2026-02-11,2,6.0,2026-02-09T09:31:00-05:00,5.899999999999977,NDXP  260211P25130000,NDXP  260211P25120000,final_holdout,False,False,0,0,1,7,0,1188,available,False,2026-02-09T09:31:00-05:00,2026-02-11T15:53:00-05:00,0.024999999999999994,11497.039999999955,7.0,last_observed_quote_not_settlement,1036.0,18,14,5.4500000000000455,647.0399999998642,2026-02-09T09:32:00-05:00,0.0,5.600000000000023,347.03999999990975,2026-02-09T09:33:00-05:00,0.0,5.850000000000023,-152.96000000009025,2026-02-09T09:36:00-05:00,0.0,4.900000000000006,1747.0399999999438,2026-02-09T09:41:00-05:00,0.0,5.050000000000011,1447.0399999999324,2026-02-09T09:46:00-05:00,0.0,5.200000000000017,1147.039999999921,2026-02-09T10:01:00-05:00,0.0,4.099999999999994,3347.0399999999668,2026-02-09T10:31:00-05:00,0.0,2.75,6047.039999999955,2026-02-09T11:31:00-05:00,0.0,2.3500000000000085,6847.039999999938,2026-02-09T16:00:00-05:00,0.0,,,2026-02-10T15:59:00-05:00,60.0,,,2026-02-11T15:53:00-05:00,420.0,,,,,1.0,hit,9.0,hit,36.0,hit,87.0,hit,295.0,hit,3145.0,hit,3166.0,hit,22.0,hit,22.0,hit,22.0,hit,22.0,hit,,never_hit,,never_hit,8.950000000000017,1,True,True,False,False,,8.950000000000017,1,True,True,False,False,,8.950000000000017,18,True,True,False,False,,8.950000000000017,18,True,True,False,False,,88.0,2026-02-09T10:59:00-05:00,2.6999999999999886,6147.039999999978,107.0,2026-02-09T11:18:00-05:00,2.9000000000000057,5747.039999999944,108.0,2026-02-09T11:19:00-05:00,2.8500000000000085,5847.039999999938,89.0,2026-02-09T11:00:00-05:00,3.200000000000003,5147.03999999995,299.0,2026-02-09T14:30:00-05:00,1.9499999999999886,7647.039999999978,1479.0,2026-02-10T10:10:00-05:00,1.8500000000000014,7847.039999999953,1480.0,2026-02-10T10:11:00-05:00,1.8499999999999943,7847.039999999966,300.0,2026-02-09T14:31:00-05:00,2.200000000000017,7147.039999999921,3146.0,2026-02-11T13:57:00-05:00,0.9000000000000004,9747.039999999955,3163.0,2026-02-11T14:14:00-05:00,0.5499999999999989,10447.039999999959,3164.0,2026-02-11T14:15:00-05:00,0.6999999999999993,10147.039999999957,3147.0,2026-02-11T13:58:00-05:00,1.0500000000000007,9447.039999999955,3170.0,2026-02-11T14:21:00-05:00,0.40000000000000036,10747.039999999955,3171.0,2026-02-11T14:22:00-05:00,0.32499999999999973,10897.039999999955,3172.0,2026-02-11T14:23:00-05:00,0.3999999999999999,10747.039999999955,3171.0,2026-02-11T14:22:00-05:00,0.32499999999999973,10897.039999999955,3235
2026-02-09,2026-02-11,2,7.0,2026-02-09T09:31:00-05:00,6.9500000000000455,NDXP  260211P25300000,NDXP  260211P25290000,final_holdout,False,False,0,0,0,26,0,1174,available,False,2026-02-09T09:31:00-05:00,2026-02-11T16:00:00-05:00,10.0,-6252.959999999909,0.0,last_observed_quote_not_settlement,1036.0,301,28,7.0,-352.95999999990835,2026-02-09T09:32:00-05:00,0.0,7.100000000000023,-552.9599999999539,2026-02-09T09:33:00-05:00,0.0,7.0,-352.95999999990835,2026-02-09T09:36:00-05:00,0.0,6.100000000000023,1447.0400000000461,2026-02-09T09:41:00-05:00,0.0,6.399999999999977,847.0400000001371,2026-02-09T09:46:00-05:00,0.0,6.650000000000034,347.04000000002344,2026-02-09T10:01:00-05:00,0.0,6.050000000000011,1547.0400000000689,2026-02-09T10:31:00-05:00,0.0,4.150000000000006,5347.04000000008,2026-02-09T11:31:00-05:00,0.0,4.0,5647.040000000092,2026-02-09T16:00:00-05:00,0.0,6.049999999999983,1547.0400000001257,2026-02-10T16:00:00-05:00,0.0,10.0,-6252.959999999909,2026-02-11T16:00:00-05:00,0.0,,,,,17.0,hit,19.0,hit,40.0,hit,1442.0,hit,1442.0,hit,1470.0,hit,,never_hit,2917.0,hit,2917.0,hit,1.0,hit,2917.0,hit,2934.0,hit,2999.0,hit,7.100000000000023,6,True,False,False,False,,7.100000000000023,6,True,False,False,False,,7.100000000000023,6,True,False,False,False,,,,True,True,True,False,6.30000000000004,1442.0,2026-02-10T09:33:00-05:00,1.75,10147.040000000092,,,,,,,,,1443.0,2026-02-10T09:34:00-05:00,4.350000000000023,4947.040000000046,1442.0,2026-02-10T09:33:00-05:00,1.75,10147.040000000092,,,,,,,,,1443.0,2026-02-10T09:34:00-05:00,4.350000000000023,4947.040000000046,1470.0,2026-02-10T10:01:00-05:00,0.6500000000000057,12347.04000000008,,,,,,,,,1471.0,2026-02-10T10:02:00-05:00,7.1499999999999915,-652.9599999998914,,,,,,,,,,,,,,,,,3236
2026-02-10,2026-02-12,2,5.0,2026-02-10T09:31:00-05:00,5.0,NDXP  260212P25500000,NDXP  260212P25490000,final_holdout,False,False,0,0,0,59,0,1141,available,False,2026-02-10T09:31:00-05:00,2026-02-12T16:00:00-05:00,10.0,-10152.96,0.0,last_observed_quote_not_settlement,1036.0,1086,11,6.2999999999999545,-2852.959999999908,2026-02-10T09:32:00-05:00,0.0,6.050000000000011,-2352.960000000022,2026-02-10T09:33:00-05:00,0.0,7.25,-4752.959999999999,2026-02-10T09:36:00-05:00,0.0,6.800000000000011,-3852.960000000022,2026-02-10T09:41:00-05:00,0.0,6.949999999999932,-4152.959999999863,2026-02-10T09:46:00-05:00,0.0,6.5,-3252.959999999999,2026-02-10T10:01:00-05:00,0.0,5.450000000000017,-1152.9600000000335,2026-02-10T10:31:00-05:00,0.0,6.850000000000023,-3952.9600000000446,2026-02-10T11:31:00-05:00,0.0,8.200000000000045,-6652.960000000092,2026-02-10T16:00:00-05:00,0.0,8.650000000000034,-7552.960000000069,2026-02-11T16:00:00-05:00,0.0,10.0,-10152.96,2026-02-12T16:00:00-05:00,0.0,,,,,0.0,hit,0.0,hit,41.0,hit,,never_hit,,never_hit,,never_hit,,never_hit,1.0,hit,1.0,hit,5.0,hit,318.0,hit,1469.0,hit,1488.0,hit,,,True,True,True,False,1.75,,,True,True,True,False,1.75,,,True,True,True,False,1.75,,,True,True,True,False,1.75,,,,,,,,,,,,,,,,,,,,,,,,,,,,,,,,,,,,,,,,,,,,,,,,,,,,,,,,,,,,,,,,,3237
2026-02-10,2026-02-12,2,6.0,2026-02-10T09:31:00-05:00,5.999999999999972,NDXP  260212P25460000,NDXP  260212P25450000,final_holdout,False,False,0,0,0,62,0,1138,available,False,2026-02-10T09:31:00-05:00,2026-02-12T16:00:00-05:00,10.0,-8152.960000000056,0.0,last_observed_quote_not_settlement,1036.0,984,89,5.75,247.03999999994383,2026-02-10T09:32:00-05:00,0.0,5.0499999999999545,1647.0400000000348,2026-02-10T09:33:00-05:00,0.0,5.699999999999989,347.0399999999666,2026-02-10T09:36:00-05:00,0.0,7.399999999999977,-3052.9600000000105,2026-02-10T09:41:00-05:00,0.0,6.5,-1252.9600000000562,2026-02-10T09:46:00-05:00,0.0,5.650000000000006,447.0399999999325,2026-02-10T10:01:00-05:00,0.0,5.900000000000006,-52.9600000000675,2026-02-10T10:31:00-05:00,0.0,5.949999999999989,-152.9600000000334,2026-02-10T11:31:00-05:00,0.0,7.7000000000000455,-3652.960000000147,2026-02-10T16:00:00-05:00,0.0,9.099999999999966,-6452.95999999999,2026-02-11T16:00:00-05:00,0.0,10.0,-8152.960000000056,2026-02-12T16:00:00-05:00,0.0,,,,,2.0,hit,3.0,hit,2950.0,hit,,never_hit,,never_hit,,never_hit,,never_hit,9.0,hit,10.0,hit,10.0,hit,366.0,hit,1491.0,hit,1502.0,hit,,,True,True,True,False,2.9000000000000057,,,True,True,True,False,2.9000000000000057,,,True,True,True,False,2.9000000000000057,,,True,True,True,False,2.9000000000000057,,,,,,,,,,,,,,,,,,,,,,,,,,,,,,,,,,,,,,,,,,,,,,,,,,,,,,,,,,,,,,,,,3238
2026-02-10,2026-02-12,2,7.0,2026-02-10T09:31:00-05:00,7.0,NDXP  260212P25580000,NDXP  260212P25570000,final_holdout,False,False,0,0,0,96,0,1104,available,False,2026-02-10T09:31:00-05:00,2026-02-12T16:00:00-05:00,0.0,13747.04,0.0,last_observed_quote_not_settlement,1036.0,991,24,7.100000000000023,-452.9600000000448,2026-02-10T09:32:00-05:00,0.0,6.850000000000023,47.039999999955235,2026-02-10T09:33:00-05:00,0.0,7.100000000000023,-452.9600000000448,2026-02-10T09:36:00-05:00,0.0,8.350000000000023,-2952.9600000000464,2026-02-10T09:41:00-05:00,0.0,7.850000000000023,-1952.9600000000448,2026-02-10T09:46:00-05:00,0.0,7.199999999999989,-652.9599999999766,2026-02-10T10:01:00-05:00,0.0,6.899999999999977,-52.959999999953816,2026-02-10T10:31:00-05:00,0.0,7.899999999999977,-2052.9599999999537,2026-02-10T11:31:00-05:00,0.0,8.900000000000034,-4052.960000000069,2026-02-10T16:00:00-05:00,0.0,8.549999999999955,-3352.95999999991,2026-02-11T16:00:00-05:00,0.0,0.0,13747.04,2026-02-12T16:00:00-05:00,0.0,,,,,366.0,hit,3269.0,hit,3269.0,hit,3269.0,hit,3269.0,hit,3269.0,hit,3269.0,hit,7.0,hit,10.0,hit,0.0,hit,10.0,hit,149.0,hit,381.0,hit,10.0,991,True,True,True,True,,10.0,991,True,True,True,True,,10.0,991,True,True,True,True,,10.0,991,True,True,True,True,,3269.0,2026-02-12T16:00:00-05:00,0.0,13747.04,,,,,,,,,,,,,3269.0,2026-02-12T16:00:00-05:00,0.0,13747.04,,,,,,,,,,,,,3269.0,2026-02-12T16:00:00-05:00,0.0,13747.04,,,,,,,,,,,,,3269.0,2026-02-12T16:00:00-05:00,0.0,13747.04,,,,,,,,,,,,,3239
2026-02-11,2026-02-13,2,5.0,2026-02-11T09:31:00-05:00,5.000000000000028,NDXP  260213P25450000,NDXP  260213P25440000,final_holdout,False,False,0,0,0,108,0,1092,available,False,2026-02-11T09:31:00-05:00,2026-02-13T15:59:00-05:00,10.0,-10152.959999999943,1.0,last_observed_quote_not_settlement,1036.0,968,31,4.800000000000011,147.0400000000348,2026-02-11T09:32:00-05:00,0.0,4.799999999999983,147.04000000009165,2026-02-11T09:33:00-05:00,0.0,5.550000000000011,-1352.9599999999652,2026-02-11T09:36:00-05:00,0.0,5.649999999999977,-1552.959999999897,2026-02-11T09:41:00-05:00,0.0,4.050000000000011,1647.0400000000348,2026-02-11T09:46:00-05:00,0.0,6.400000000000034,-3052.9600000000105,2026-02-11T10:01:00-05:00,0.0,7.949999999999989,-6152.95999999992,2026-02-11T10:31:00-05:00,0.0,7.399999999999977,-5052.959999999897,2026-02-11T11:31:00-05:00,0.0,6.850000000000023,-3952.9599999999878,2026-02-11T16:00:00-05:00,0.0,9.900000000000091,-10052.960000000125,2026-02-12T16:00:00-05:00,0.0,,,2026-02-13T15:59:00-05:00,60.0,,,,,0.0,hit,1.0,hit,17.0,hit,,never_hit,,never_hit,,never_hit,,never_hit,5.0,hit,6.0,hit,31.0,hit,50.0,hit,50.0,hit,50.0,hit,,,True,True,True,False,1.3500000000000512,,,True,True,True,False,1.3500000000000512,,,True,True,True,False,1.3500000000000512,,,True,True,True,False,1.3500000000000512,,,,,,,,,,,,,,,,,,,,,,,,,,,,,,,,,,,,,,,,,,,,,,,,,,,,,,,,,,,,,,,,,3240
2026-02-11,2026-02-13,2,6.0,2026-02-11T09:31:00-05:00,5.949999999999989,NDXP  260213P25500000,NDXP  260213P25490000,final_holdout,False,False,0,0,0,126,0,1074,available,False,2026-02-11T09:31:00-05:00,2026-02-13T15:59:00-05:00,10.0,-8252.960000000021,1.0,last_observed_quote_not_settlement,1038.0,943,25,5.299999999999983,1047.040000000012,2026-02-11T09:32:00-05:00,0.0,5.199999999999989,1247.0400000000006,2026-02-11T09:33:00-05:00,0.0,6.000000000000057,-352.9600000001357,2026-02-11T09:36:00-05:00,0.0,6.2999999999999545,-952.9599999999311,2026-02-11T09:41:00-05:00,0.0,5.0,1647.039999999978,2026-02-11T09:46:00-05:00,0.0,6.900000000000034,-2152.96000000009,2026-02-11T10:01:00-05:00,0.0,8.299999999999955,-4952.959999999933,2026-02-11T10:31:00-05:00,0.0,7.800000000000011,-3952.9600000000446,2026-02-11T11:31:00-05:00,0.0,7.050000000000068,-2452.9600000001583,2026-02-11T16:00:00-05:00,0.0,9.899999999999977,-8152.959999999978,2026-02-12T16:00:00-05:00,0.0,,,2026-02-13T15:59:00-05:00,60.0,,,,,1.0,hit,3.0,hit,21.0,hit,42.0,hit,69.0,hit,1821.0,hit,,never_hit,6.0,hit,33.0,hit,33.0,hit,43.0,hit,50.0,hit,50.0,hit,7.600000000000023,29,True,False,False,False,,9.75,55,True,True,True,True,,10.0,654,True,True,True,True,,,,True,True,True,False,5.200000000000102,69.0,2026-02-11T10:40:00-05:00,1.900000000000091,7847.039999999796,,,,,,,,,70.0,2026-02-11T10:41:00-05:00,7.849999999999966,-4052.9599999999537,69.0,2026-02-11T10:40:00-05:00,1.900000000000091,7847.039999999796,,,,,,,,,70.0,2026-02-11T10:41:00-05:00,7.849999999999966,-4052.9599999999537,1821.0,2026-02-12T15:52:00-05:00,0.7499999999998863,10147.040000000206,,,,,,,,,1822.0,2026-02-12T15:53:00-05:00,9.899999999999977,-8152.959999999978,,,,,,,,,,,,,,,,,3241
2026-02-11,2026-02-13,2,7.0,2026-02-11T09:31:00-05:00,7.0499999999999545,NDXP  260213P25640000,NDXP  260213P25630000,final_holdout,False,False,0,0,0,148,0,1052,available,False,2026-02-11T09:31:00-05:00,2026-02-13T16:00:00-05:00,1.5,10847.03999999991,0.0,last_observed_quote_not_settlement,1037.0,930,10,7.100000000000023,-352.9600000001357,2026-02-11T09:32:00-05:00,0.0,7.4500000000000455,-1052.9600000001813,2026-02-11T09:33:00-05:00,0.0,7.800000000000011,-1752.960000000113,2026-02-11T09:36:00-05:00,0.0,7.400000000000034,-952.9600000001585,2026-02-11T09:41:00-05:00,0.0,7.449999999999989,-1052.9600000000676,2026-02-11T09:46:00-05:00,0.0,8.199999999999989,-2552.960000000069,2026-02-11T10:01:00-05:00,0.0,9.199999999999932,-4552.9599999999555,2026-02-11T10:31:00-05:00,0.0,8.999999999999943,-4152.959999999978,2026-02-11T11:31:00-05:00,0.0,8.450000000000045,-3052.960000000183,2026-02-11T16:00:00-05:00,0.0,10.0,-6052.960000000091,2026-02-12T16:00:00-05:00,0.0,1.5,10847.03999999991,2026-02-13T16:00:00-05:00,0.0,,,,,183.0,hit,183.0,hit,3269.0,hit,3269.0,hit,3269.0,hit,,never_hit,,never_hit,4.0,hit,8.0,hit,0.0,hit,6.0,hit,29.0,hit,36.0,hit,10.0,930,True,True,True,True,,10.0,930,True,True,True,True,,,,True,True,True,False,5.5499999999999545,,,True,True,True,False,5.5499999999999545,3269.0,2026-02-13T16:00:00-05:00,1.5,10847.03999999991,,,,,,,,,,,,,3269.0,2026-02-13T16:00:00-05:00,1.5,10847.03999999991,,,,,,,,,,,,,,,,,,,,,,,,,,,,,,,,,,,,,,,,,,,,,3242
2026-02-17,2026-02-19,2,5.0,2026-02-17T09:31:00-05:00,4.9500000000000455,NDXP  260219P24830000,NDXP  260219P24820000,final_holdout,False,False,0,0,0,13,0,1187,available,False,2026-02-17T09:31:00-05:00,2026-02-19T15:58:00-05:00,9.550000000000004,-9452.959999999917,2.0,last_observed_quote_not_settlement,1036.0,549,64,5.5,-1352.9599999999084,2026-02-17T09:32:00-05:00,0.0,5.600000000000023,-1552.9599999999539,2026-02-17T09:33:00-05:00,0.0,5.449999999999989,-1252.9599999998857,2026-02-17T09:36:00-05:00,0.0,5.0,-352.95999999990835,2026-02-17T09:41:00-05:00,0.0,5.800000000000011,-1952.9599999999311,2026-02-17T09:46:00-05:00,0.0,6.900000000000091,-4152.96000000009,2026-02-17T10:01:00-05:00,0.0,7.0,-4352.959999999908,2026-02-17T10:31:00-05:00,0.0,6.249999999999943,-2852.9599999997945,2026-02-17T11:31:00-05:00,0.0,5.400000000000006,-1152.9599999999198,2026-02-17T16:00:00-05:00,0.0,3.499999999999986,2647.04000000012,2026-02-18T16:00:00-05:00,0.0,,,2026-02-19T15:58:00-05:00,120.0,,,,,0.0,hit,0.0,hit,148.0,hit,1474.0,hit,1525.0,hit,,never_hit,,never_hit,1.0,hit,12.0,hit,29.0,hit,40.0,hit,202.0,hit,3112.0,hit,9.449999999999932,299,True,True,True,True,,9.449999999999932,299,True,True,True,True,,,,True,True,True,False,3.350000000000044,,,True,True,True,False,3.350000000000044,1475.0,2026-02-18T10:06:00-05:00,2.799999999999997,4047.0400000000973,1476.0,2026-02-18T10:07:00-05:00,2.799999999999997,4047.0400000000973,1477.0,2026-02-18T10:08:00-05:00,2.8500000000000085,3947.0400000000745,1476.0,2026-02-18T10:07:00-05:00,2.799999999999997,4047.0400000000973,1536.0,2026-02-18T11:07:00-05:00,1.9499999999999957,5747.0400000001,1537.0,2026-02-18T11:08:00-05:00,1.9499999999999957,5747.0400000001,1563.0,2026-02-18T11:34:00-05:00,1.7999999999999972,6047.040000000097,1537.0,2026-02-18T11:08:00-05:00,1.9499999999999957,5747.0400000001,,,,,,,,,,,,,,,,,,,,,,,,,,,,,,,,,3243
2026-02-17,2026-02-19,2,6.0,2026-02-17T09:31:00-05:00,6.100000000000023,NDXP  260219P24880000,NDXP  260219P24870000,final_holdout,False,False,0,0,0,22,0,1178,available,False,2026-02-17T09:31:00-05:00,2026-02-19T16:00:00-05:00,9.400000000000006,-6852.959999999967,0.0,last_observed_quote_not_settlement,1036.0,368,63,6.0,-52.959999999953816,2026-02-17T09:32:00-05:00,0.0,5.25,1447.0400000000461,2026-02-17T09:33:00-05:00,0.0,5.4500000000000455,1047.0399999999552,2026-02-17T09:36:00-05:00,0.0,4.300000000000068,3347.03999999991,2026-02-17T09:41:00-05:00,0.0,6.149999999999977,-352.95999999990835,2026-02-17T09:46:00-05:00,0.0,7.249999999999886,-2552.9599999997263,2026-02-17T10:01:00-05:00,0.0,7.300000000000011,-2652.9599999999764,2026-02-17T10:31:00-05:00,0.0,6.150000000000034,-352.96000000002203,2026-02-17T11:31:00-05:00,0.0,5.25,1447.0400000000461,2026-02-17T16:00:00-05:00,0.0,3.8000000000000114,4347.040000000024,2026-02-18T16:00:00-05:00,0.0,9.400000000000006,-6852.959999999967,2026-02-19T16:00:00-05:00,0.0,,,,,2.0,hit,10.0,hit,259.0,hit,259.0,hit,1787.0,hit,,never_hit,,never_hit,20.0,hit,24.0,hit,23.0,hit,51.0,hit,2958.0,hit,3092.0,hit,8.799999999999955,136,True,True,False,False,,8.799999999999955,138,True,True,False,False,,,,True,True,True,False,5.000000000000057,,,True,True,True,False,5.000000000000057,259.0,2026-02-17T13:50:00-05:00,2.200000000000017,7547.040000000012,1487.0,2026-02-18T10:18:00-05:00,2.8500000000000085,6247.040000000029,1510.0,2026-02-18T10:41:00-05:00,2.700000000000003,6547.040000000041,260.0,2026-02-17T13:51:00-05:00,5.149999999999977,1647.0400000000916,1787.0,2026-02-18T15:18:00-05:00,1.099999999999966,9747.040000000115,,,,,,,,,1788.0,2026-02-18T15:19:00-05:00,4.800000000000011,2347.0400000000236,,,,,,,,,,,,,,,,,,,,,,,,,,,,,,,,,3244
2026-02-17,2026-02-19,2,7.0,2026-02-17T09:31:00-05:00,7.0,NDXP  260219P25070000,NDXP  260219P25060000,final_holdout,False,False,0,0,0,56,0,1144,available,False,2026-02-17T09:31:00-05:00,2026-02-19T16:00:00-05:00,10.0,-6152.96,0.0,last_observed_quote_not_settlement,1037.0,702,88,7.949999999999989,-2152.9599999999764,2026-02-17T09:32:00-05:00,0.0,7.199999999999875,-652.9599999997492,2026-02-17T09:33:00-05:00,0.0,6.699999999999932,347.0400000001371,2026-02-17T09:36:00-05:00,0.0,6.899999999999977,-52.959999999953816,2026-02-17T09:41:00-05:00,0.0,8.39999999999992,-3052.959999999842,2026-02-17T09:46:00-05:00,0.0,8.450000000000045,-3152.960000000092,2026-02-17T10:01:00-05:00,0.0,8.449999999999932,-3152.9599999998645,2026-02-17T10:31:00-05:00,0.0,7.7000000000000455,-1652.9600000000903,2026-02-17T11:31:00-05:00,0.0,7.75,-1752.9599999999994,2026-02-17T16:00:00-05:00,0.0,7.700000000000017,-1652.9600000000335,2026-02-18T16:00:00-05:00,0.0,10.0,-6152.96,2026-02-19T16:00:00-05:00,0.0,,,,,127.0,hit,127.0,hit,1647.0,hit,1647.0,hit,,never_hit,,never_hit,,never_hit,1.0,hit,15.0,hit,0.0,hit,15.0,hit,45.0,hit,45.0,hit,9.699999999999989,325,True,True,True,True,,,,True,True,True,False,4.75,,,True,True,True,False,4.75,,,True,True,True,False,4.75,1647.0,2026-02-18T12:58:00-05:00,2.25,9247.04,,,,,,,,,1648.0,2026-02-18T12:59:00-05:00,4.400000000000006,4947.039999999989,,,,,,,,,,,,,,,,,,,,,,,,,,,,,,,,,,,,,,,,,,,,,,,,,3245
2026-02-18,2026-02-20,2,5.0,2026-02-18T09:31:00-05:00,4.999999999999972,NDXP  260220P24750000,NDXP  260220P24740000,final_holdout,False,False,0,0,4,15,0,1162,available,False,2026-02-18T09:31:00-05:00,2026-02-20T15:34:00-05:00,0.04999999999999999,9647.039999999944,26.0,last_observed_quote_not_settlement,1036.0,31,55,4.100000000000023,1547.0399999998983,2026-02-18T09:32:00-05:00,0.0,4.400000000000034,947.0399999998756,2026-02-18T09:33:00-05:00,0.0,4.399999999999977,947.0399999999893,2026-02-18T09:36:00-05:00,0.0,4.100000000000023,1547.0399999998983,2026-02-18T09:41:00-05:00,0.0,3.700000000000017,2347.03999999991,2026-02-18T09:46:00-05:00,0.0,3.0,3747.039999999944,2026-02-18T10:01:00-05:00,0.0,2.4499999999999886,4847.039999999966,2026-02-18T10:31:00-05:00,0.0,2.0,5747.039999999944,2026-02-18T11:31:00-05:00,0.0,2.8999999999999915,3947.039999999961,2026-02-18T16:00:00-05:00,0.0,3.4000000000000057,2947.0399999999327,2026-02-19T16:00:00-05:00,0.0,,,2026-02-20T15:34:00-05:00,1560.0,,,,,0.0,hit,0.0,hit,8.0,hit,8.0,hit,8.0,hit,2954.0,hit,2963.0,hit,7.0,hit,1482.0,hit,1619.0,hit,,never_hit,,never_hit,,never_hit,5.5,1,False,False,False,False,,5.5,1,False,False,False,False,,7.599999999999994,31,True,False,False,False,,7.599999999999994,31,True,False,False,False,,8.0,2026-02-18T09:39:00-05:00,1.9000000000000057,5947.039999999933,33.0,2026-02-18T10:04:00-05:00,2.8499999999999943,4047.0399999999554,34.0,2026-02-18T10:05:00-05:00,2.700000000000017,4347.03999999991,9.0,2026-02-18T09:40:00-05:00,4.899999999999977,-52.96000000001066,8.0,2026-02-18T09:39:00-05:00,1.9000000000000057,5947.039999999933,132.0,2026-02-18T11:43:00-05:00,1.9000000000000057,5947.039999999933,157.0,2026-02-18T12:08:00-05:00,1.9000000000000057,5947.039999999933,9.0,2026-02-18T09:40:00-05:00,4.899999999999977,-52.96000000001066,2954.0,2026-02-20T10:45:00-05:00,0.8999999999999968,7947.03999999995,2958.0,2026-02-20T10:49:00-05:00,0.7000000000000011,8347.039999999943,2959.0,2026-02-20T10:50:00-05:00,0.8000000000000007,8147.039999999942,2955.0,2026-02-20T10:46:00-05:00,1.0,7747.039999999944,2963.0,2026-02-20T10:54:00-05:00,0.40000000000000036,8947.039999999944,2964.0,2026-02-20T10:55:00-05:00,0.40000000000000036,8947.039999999944,3012.0,2026-02-20T11:43:00-05:00,0.1999999999999993,9347.039999999946,2964.0,2026-02-20T10:55:00-05:00,0.40000000000000036,8947.039999999944,3246
2026-02-18,2026-02-20,2,6.0,2026-02-18T09:31:00-05:00,6.0,NDXP  260220P24970000,NDXP  260220P24960000,final_holdout,False,False,0,0,0,0,0,1199,available,False,2026-02-18T09:31:00-05:00,2026-02-20T16:00:00-05:00,0.025000000000000022,11697.04,0.0,last_observed_quote_not_settlement,1036.0,364,103,5.050000000000011,1647.039999999978,2026-02-18T09:32:00-05:00,0.0,5.899999999999977,-52.959999999953816,2026-02-18T09:33:00-05:00,0.0,6.0,-252.9599999999993,2026-02-18T09:36:00-05:00,0.0,5.849999999999966,47.04000000006892,2026-02-18T09:41:00-05:00,0.0,4.849999999999966,2047.040000000069,2026-02-18T09:46:00-05:00,0.0,4.699999999999989,2347.0400000000236,2026-02-18T10:01:00-05:00,0.0,4.099999999999994,3547.0400000000122,2026-02-18T10:31:00-05:00,0.0,3.4000000000000057,4947.039999999989,2026-02-18T11:31:00-05:00,0.0,5.150000000000006,1447.0399999999893,2026-02-18T16:00:00-05:00,0.0,6.349999999999994,-952.959999999988,2026-02-19T16:00:00-05:00,0.0,0.025000000000000022,11697.04,2026-02-20T16:00:00-05:00,0.0,,,,,1.0,hit,12.0,hit,12.0,hit,12.0,hit,2972.0,hit,3265.0,hit,3266.0,hit,349.0,hit,349.0,hit,349.0,hit,1840.0,hit,1842.0,hit,,never_hit,6.050000000000011,1,False,False,False,False,,9.299999999999983,333,True,True,True,True,,9.299999999999997,364,True,True,True,True,,9.299999999999997,364,True,True,True,True,,12.0,2026-02-18T09:43:00-05:00,2.75,6247.040000000001,2963.0,2026-02-20T10:54:00-05:00,2.5,6747.040000000001,2964.0,2026-02-20T10:55:00-05:00,2.3999999999999986,6947.040000000004,13.0,2026-02-18T09:44:00-05:00,5.399999999999977,947.0400000000461,3018.0,2026-02-20T11:49:00-05:00,1.8999999999999986,7947.040000000004,3019.0,2026-02-20T11:50:00-05:00,1.9000000000000057,7947.039999999989,3025.0,2026-02-20T11:56:00-05:00,1.9499999999999993,7847.040000000002,3019.0,2026-02-20T11:50:00-05:00,1.9000000000000057,7947.039999999989,3265.0,2026-02-20T15:56:00-05:00,0.7250000000000001,10297.04,3266.0,2026-02-20T15:57:00-05:00,0.25,11247.04,3267.0,2026-02-20T15:58:00-05:00,0.44999999999999996,10847.04,3266.0,2026-02-20T15:57:00-05:00,0.25,11247.04,3266.0,2026-02-20T15:57:00-05:00,0.25,11247.04,3267.0,2026-02-20T15:58:00-05:00,0.44999999999999996,10847.04,,,,,3267.0,2026-02-20T15:58:00-05:00,0.44999999999999996,10847.04,3247
2026-02-18,2026-02-20,2,7.0,2026-02-18T09:31:00-05:00,7.100000000000023,NDXP  260220P25110000,NDXP  260220P25100000,final_holdout,False,False,0,0,0,18,0,1182,available,False,2026-02-18T09:31:00-05:00,2026-02-20T15:59:00-05:00,10.0,-5952.959999999955,1.0,last_observed_quote_not_settlement,1036.0,652,87,,,2026-02-18T09:31:00-05:00,60.0,7.199999999999989,-452.9599999999311,2026-02-18T09:33:00-05:00,0.0,7.099999999999966,-252.9599999998856,2026-02-18T09:36:00-05:00,0.0,7.249999999999943,-552.9599999998402,2026-02-18T09:41:00-05:00,0.0,6.599999999999966,747.0400000001143,2026-02-18T09:46:00-05:00,0.0,5.949999999999989,2047.040000000069,2026-02-18T10:01:00-05:00,0.0,5.300000000000011,3347.0400000000236,2026-02-18T10:31:00-05:00,0.0,4.349999999999994,5247.040000000057,2026-02-18T11:31:00-05:00,0.0,6.199999999999989,1547.0400000000689,2026-02-18T16:00:00-05:00,0.0,9.099999999999966,-4252.959999999887,2026-02-19T16:00:00-05:00,0.0,,,2026-02-20T15:59:00-05:00,60.0,,,,,29.0,hit,34.0,hit,72.0,hit,83.0,hit,,never_hit,,never_hit,,never_hit,7.0,hit,7.0,hit,0.0,hit,7.0,hit,1646.0,hit,1646.0,hit,8.899999999999977,7,True,True,False,False,,,,True,True,True,False,4.949999999999989,,,True,True,True,False,4.949999999999989,,,True,True,True,False,4.949999999999989,83.0,2026-02-18T10:54:00-05:00,2.5500000000000114,8847.040000000025,,,,,,,,,84.0,2026-02-18T10:55:00-05:00,4.550000000000011,4847.040000000024,,,,,,,,,,,,,,,,,,,,,,,,,,,,,,,,,,,,,,,,,,,,,,,,,3248
2026-02-20,2026-02-23,3,5.0,2026-02-20T09:31:00-05:00,5.0,NDXP  260223P24720000,NDXP  260223P24710000,final_holdout,False,False,0,0,0,5,0,789,available,False,2026-02-20T09:31:00-05:00,2026-02-23T16:00:00-05:00,6.699999999999999,-3652.9599999999978,0.0,last_observed_quote_not_settlement,3916.0,212,19,4.199999999999989,1347.0400000000234,2026-02-20T09:32:00-05:00,0.0,4.050000000000011,1647.039999999978,2026-02-20T09:33:00-05:00,0.0,3.5,2747.040000000001,2026-02-20T09:36:00-05:00,0.0,3.5,2747.040000000001,2026-02-20T09:41:00-05:00,0.0,2.8499999999999943,4047.040000000012,2026-02-20T09:46:00-05:00,0.0,2.9499999999999886,3847.0400000000236,2026-02-20T10:01:00-05:00,0.0,2.5500000000000114,4647.039999999978,2026-02-20T10:31:00-05:00,0.0,2.5,4747.040000000001,2026-02-20T11:31:00-05:00,0.0,1.1999999999999957,7347.040000000009,2026-02-20T16:00:00-05:00,0.0,,,2026-02-20T16:15:00-05:00,85500.0,,,2026-02-20T16:15:00-05:00,171900.0,6.699999999999999,-3652.9599999999978,2026-02-23T16:00:00-05:00,0.0,0.0,hit,0.0,hit,3.0,hit,12.0,hit,52.0,hit,,never_hit,,never_hit,4411.0,hit,4412.0,hit,4412.0,hit,4412.0,hit,4584.0,hit,4649.0,hit,5.0,0,False,False,False,False,,5.0,0,False,False,False,False,,,,True,True,True,False,3.9000000000000057,,,True,True,True,False,3.9000000000000057,12.0,2026-02-20T09:43:00-05:00,2.8500000000000085,4047.0399999999836,16.0,2026-02-20T09:47:00-05:00,2.700000000000017,4347.039999999966,17.0,2026-02-20T09:48:00-05:00,2.9499999999999886,3847.0400000000236,13.0,2026-02-20T09:44:00-05:00,3.000000000000014,3747.039999999972,52.0,2026-02-20T10:23:00-05:00,1.0999999999999943,7547.040000000012,75.0,2026-02-20T10:46:00-05:00,1.7999999999999972,6147.040000000006,79.0,2026-02-20T10:50:00-05:00,1.7999999999999972,6147.040000000006,53.0,2026-02-20T10:24:00-05:00,2.3999999999999915,4947.040000000018,,,,,,,,,,,,,,,,,,,,,,,,,,,,,,,,,3249
2026-02-20,2026-02-23,3,6.0,2026-02-20T09:31:00-05:00,6.050000000000011,NDXP  260223P24920000,NDXP  260223P24910000,final_holdout,False,False,0,0,0,42,0,751,available,False,2026-02-20T09:31:00-05:00,2026-02-23T15:59:00-05:00,10.0,-8052.959999999977,1.0,last_observed_quote_not_settlement,3916.0,267,19,6.0,-152.95999999997656,2026-02-20T09:32:00-05:00,0.0,5.75,347.04000000002344,2026-02-20T09:33:00-05:00,0.0,5.050000000000011,1747.0400000000006,2026-02-20T09:36:00-05:00,0.0,5.099999999999994,1647.0400000000348,2026-02-20T09:41:00-05:00,0.0,4.049999999999983,3747.0400000000577,2026-02-20T09:46:00-05:00,0.0,4.5,2847.0400000000236,2026-02-20T10:01:00-05:00,0.0,3.8000000000000114,4247.040000000001,2026-02-20T10:31:00-05:00,0.0,4.200000000000017,3447.0399999999895,2026-02-20T11:31:00-05:00,0.0,2.1499999999999915,7547.040000000041,2026-02-20T16:00:00-05:00,0.0,,,2026-02-20T16:15:00-05:00,85500.0,,,2026-02-20T16:15:00-05:00,171900.0,,,2026-02-23T15:59:00-05:00,60.0,3.0,hit,11.0,hit,31.0,hit,78.0,hit,,never_hit,,never_hit,,never_hit,62.0,hit,62.0,hit,62.0,hit,4381.0,hit,4400.0,hit,4410.0,hit,7.499999999999972,1,True,False,False,False,,,,True,True,True,False,4.000000000000014,,,True,True,True,False,4.000000000000014,,,True,True,True,False,4.000000000000014,81.0,2026-02-20T10:52:00-05:00,2.8499999999999943,6147.0400000000345,82.0,2026-02-20T10:53:00-05:00,2.8499999999999943,6147.0400000000345,83.0,2026-02-20T10:54:00-05:00,2.5999999999999943,6647.0400000000345,82.0,2026-02-20T10:53:00-05:00,2.8499999999999943,6147.0400000000345,,,,,,,,,,,,,,,,,,,,,,,,,,,,,,,,,,,,,,,,,,,,,,,,,3250
2026-02-20,2026-02-23,3,7.0,2026-02-20T09:31:00-05:00,6.899999999999864,NDXP  260223P25490000,NDXP  260223P25480000,final_holdout,False,False,0,0,0,138,0,657,available,False,2026-02-20T09:31:00-05:00,2026-02-23T16:00:00-05:00,10.0,-6352.960000000273,0.0,last_observed_quote_not_settlement,3916.0,546,2,9.950000000000045,-6352.960000000273,2026-02-20T09:32:00-05:00,0.0,9.25,-4952.960000000274,2026-02-20T09:33:00-05:00,0.0,9.799999999999955,-6052.960000000183,2026-02-20T09:36:00-05:00,0.0,9.899999999999864,-6252.960000000001,2026-02-20T09:41:00-05:00,0.0,9.700000000000045,-5852.960000000365,2026-02-20T09:46:00-05:00,0.0,9.850000000000023,-6152.960000000319,2026-02-20T10:01:00-05:00,0.0,,,2026-02-20T10:29:00-05:00,120.0,,,2026-02-20T11:30:00-05:00,60.0,9.899999999999977,-6252.960000000228,2026-02-20T16:00:00-05:00,0.0,,,2026-02-20T16:15:00-05:00,85500.0,,,2026-02-20T16:15:00-05:00,171900.0,10.0,-6352.960000000273,2026-02-23T16:00:00-05:00,0.0,4507.0,hit,,never_hit,,never_hit,,never_hit,,never_hit,,never_hit,,never_hit,1.0,hit,1.0,hit,1.0,hit,1.0,hit,1.0,hit,1.0,hit,,,True,True,True,False,1.5999999999997954,,,True,True,True,False,1.5999999999997954,,,True,True,True,False,1.5999999999997954,,,True,True,True,False,1.5999999999997954,,,,,,,,,,,,,,,,,,,,,,,,,,,,,,,,,,,,,,,,,,,,,,,,,,,,,,,,,,,,,,,,,3251
2026-02-23,2026-02-25,2,5.0,2026-02-23T09:31:00-05:00,5.050000000000011,NDXP  260225P25070000,NDXP  260225P25060000,final_holdout,False,False,0,0,12,14,0,1159,available,False,2026-02-23T09:31:00-05:00,2026-02-25T15:37:00-05:00,0.024999999999999994,9797.040000000023,23.0,last_observed_quote_not_settlement,1036.0,752,46,6.25,-2652.9599999999764,2026-02-23T09:32:00-05:00,0.0,5.099999999999994,-352.9599999999652,2026-02-23T09:33:00-05:00,0.0,6.099999999999994,-2352.959999999965,2026-02-23T09:36:00-05:00,0.0,6.25,-2652.9599999999764,2026-02-23T09:41:00-05:00,0.0,6.399999999999977,-2952.959999999931,2026-02-23T09:46:00-05:00,0.0,5.499999999999943,-1152.959999999863,2026-02-23T10:01:00-05:00,0.0,6.350000000000023,-2852.960000000022,2026-02-23T10:31:00-05:00,0.0,7.5499999999999545,-5252.959999999885,2026-02-23T11:31:00-05:00,0.0,7.649999999999977,-5452.959999999931,2026-02-23T16:00:00-05:00,0.0,4.800000000000011,247.04000000000067,2026-02-24T16:00:00-05:00,0.0,,,2026-02-25T15:37:00-05:00,1380.0,,,,,0.0,hit,7.0,hit,1726.0,hit,2880.0,hit,2883.0,hit,2895.0,hit,2937.0,hit,1.0,hit,1.0,hit,72.0,hit,93.0,hit,93.0,hit,186.0,hit,9.75,752,True,True,True,True,,9.75,752,True,True,True,True,,9.75,752,True,True,True,True,,9.75,752,True,True,True,True,,2880.0,2026-02-25T09:31:00-05:00,2.4499999999999957,4947.040000000032,2881.0,2026-02-25T09:32:00-05:00,2.200000000000003,5447.040000000018,2882.0,2026-02-25T09:33:00-05:00,2.3500000000000014,5147.040000000021,2881.0,2026-02-25T09:32:00-05:00,2.200000000000003,5447.040000000018,2885.0,2026-02-25T09:36:00-05:00,1.9000000000000021,6047.040000000019,2886.0,2026-02-25T09:37:00-05:00,1.6500000000000021,6547.040000000019,2887.0,2026-02-25T09:38:00-05:00,1.8499999999999979,6147.040000000027,2886.0,2026-02-25T09:37:00-05:00,1.6500000000000021,6547.040000000019,2896.0,2026-02-25T09:47:00-05:00,0.8499999999999996,8147.040000000024,2897.0,2026-02-25T09:48:00-05:00,0.75,8347.040000000025,2898.0,2026-02-25T09:49:00-05:00,0.75,8347.040000000025,2897.0,2026-02-25T09:48:00-05:00,0.75,8347.040000000025,2937.0,2026-02-25T10:28:00-05:00,0.40000000000000036,9047.040000000023,2938.0,2026-02-25T10:29:00-05:00,0.40000000000000036,9047.040000000023,2939.0,2026-02-25T10:30:00-05:00,0.2999999999999998,9247.040000000025,2938.0,2026-02-25T10:29:00-05:00,0.40000000000000036,9047.040000000023,3252
2026-02-23,2026-02-25,2,6.0,2026-02-23T09:31:00-05:00,6.0,NDXP  260225P25170000,NDXP  260225P25160000,final_holdout,False,False,0,0,9,11,0,1174,available,False,2026-02-23T09:31:00-05:00,2026-02-25T15:47:00-05:00,0.024999999999999994,11697.04,13.0,last_observed_quote_not_settlement,1037.0,794,16,6.149999999999977,-552.9599999999539,2026-02-23T09:32:00-05:00,0.0,6.100000000000023,-452.9600000000448,2026-02-23T09:33:00-05:00,0.0,6.300000000000011,-852.9600000000221,2026-02-23T09:36:00-05:00,0.0,7.0,-2252.959999999999,2026-02-23T09:41:00-05:00,0.0,7.449999999999989,-3152.9599999999764,2026-02-23T09:46:00-05:00,0.0,7.149999999999977,-2552.9599999999537,2026-02-23T10:01:00-05:00,0.0,7.25,-2752.959999999999,2026-02-23T10:31:00-05:00,0.0,8.100000000000023,-4452.960000000046,2026-02-23T11:31:00-05:00,0.0,8.599999999999966,-5452.959999999933,2026-02-23T16:00:00-05:00,0.0,8.650000000000006,-5552.960000000013,2026-02-24T16:00:00-05:00,0.0,,,2026-02-25T15:47:00-05:00,780.0,,,,,80.0,hit,2880.0,hit,2881.0,hit,2893.0,hit,2896.0,hit,3010.0,hit,3034.0,hit,7.0,hit,10.0,hit,10.0,hit,65.0,hit,79.0,hit,92.0,hit,10.0,794,True,True,True,True,,10.0,794,True,True,True,True,,10.0,794,True,True,True,True,,10.0,794,True,True,True,True,,2893.0,2026-02-25T09:44:00-05:00,2.8500000000000014,6047.039999999998,2894.0,2026-02-25T09:45:00-05:00,2.8000000000000114,6147.039999999978,2895.0,2026-02-25T09:46:00-05:00,2.25,7247.040000000001,2894.0,2026-02-25T09:45:00-05:00,2.8000000000000114,6147.039999999978,2896.0,2026-02-25T09:47:00-05:00,1.9000000000000021,7947.039999999996,2897.0,2026-02-25T09:48:00-05:00,1.8000000000000007,8147.04,2898.0,2026-02-25T09:49:00-05:00,1.7000000000000028,8347.039999999995,2897.0,2026-02-25T09:48:00-05:00,1.8000000000000007,8147.04,3010.0,2026-02-25T11:41:00-05:00,0.8499999999999996,10047.040000000003,3011.0,2026-02-25T11:42:00-05:00,0.8999999999999995,9947.040000000003,3012.0,2026-02-25T11:43:00-05:00,0.5999999999999996,10547.040000000003,3011.0,2026-02-25T11:42:00-05:00,0.8999999999999995,9947.040000000003,3040.0,2026-02-25T12:11:00-05:00,0.4499999999999993,10847.040000000003,3041.0,2026-02-25T12:12:00-05:00,0.35000000000000053,11047.04,3042.0,2026-02-25T12:13:00-05:00,0.40000000000000036,10947.04,3041.0,2026-02-25T12:12:00-05:00,0.35000000000000053,11047.04,3253
2026-02-23,2026-02-25,2,7.0,2026-02-23T09:31:00-05:00,7.0,NDXP  260225P25300000,NDXP  260225P25290000,final_holdout,False,False,0,0,1,52,0,1146,available,False,2026-02-23T09:31:00-05:00,2026-02-25T15:58:00-05:00,0.04999999999999999,13647.040000000003,2.0,last_observed_quote_not_settlement,1036.0,726,39,7.849999999999966,-1952.9599999999311,2026-02-23T09:32:00-05:00,0.0,7.5,-1252.9599999999994,2026-02-23T09:33:00-05:00,0.0,7.800000000000011,-1852.960000000022,2026-02-23T09:36:00-05:00,0.0,8.75,-3752.960000000001,2026-02-23T09:41:00-05:00,0.0,8.599999999999966,-3452.9599999999327,2026-02-23T09:46:00-05:00,0.0,8.399999999999977,-3052.9599999999555,2026-02-23T10:01:00-05:00,0.0,8.849999999999966,-3952.9599999999327,2026-02-23T10:31:00-05:00,0.0,9.100000000000023,-4452.960000000046,2026-02-23T11:31:00-05:00,0.0,9.450000000000045,-5152.960000000092,2026-02-23T16:00:00-05:00,0.0,,,2026-02-24T15:59:00-05:00,60.0,,,2026-02-25T15:58:00-05:00,120.0,,,,,404.0,hit,404.0,hit,2908.0,hit,2988.0,hit,3205.0,hit,3251.0,hit,3257.0,hit,1.0,hit,10.0,hit,0.0,hit,10.0,hit,39.0,hit,63.0,hit,10.0,720,True,True,True,True,,10.0,726,True,True,True,True,,10.0,726,True,True,True,True,,10.0,726,True,True,True,True,,2988.0,2026-02-25T11:19:00-05:00,2.5,8747.04,3156.0,2026-02-25T14:07:00-05:00,2.75,8247.04,3157.0,2026-02-25T14:08:00-05:00,2.6499999999999986,8447.040000000005,2989.0,2026-02-25T11:20:00-05:00,6.3500000000000085,1047.0399999999836,3205.0,2026-02-25T14:56:00-05:00,1.9500000000000002,9847.04,3206.0,2026-02-25T14:57:00-05:00,1.9000000000000004,9947.04,3251.0,2026-02-25T15:42:00-05:00,0.875,11997.04,3206.0,2026-02-25T14:57:00-05:00,1.9000000000000004,9947.04,3251.0,2026-02-25T15:42:00-05:00,0.875,11997.04,3257.0,2026-02-25T15:48:00-05:00,0.5,12747.04,3258.0,2026-02-25T15:49:00-05:00,0.17499999999999993,13397.040000000003,3252.0,2026-02-25T15:43:00-05:00,1.35,11047.04,3258.0,2026-02-25T15:49:00-05:00,0.17499999999999993,13397.040000000003,3259.0,2026-02-25T15:50:00-05:00,0.30000000000000004,13147.040000000003,3260.0,2026-02-25T15:51:00-05:00,0.2749999999999999,13197.04,3259.0,2026-02-25T15:50:00-05:00,0.30000000000000004,13147.040000000003,3254
2026-02-24,2026-02-26,2,5.0,2026-02-24T09:31:00-05:00,5.0,NDXP  260226P24860000,NDXP  260226P24850000,final_holdout,False,False,0,0,6,1,0,1173,available,False,2026-02-24T09:31:00-05:00,2026-02-26T15:34:00-05:00,0.024999999999999967,9697.04,26.0,last_observed_quote_not_settlement,1036.0,5,5,5.0,-252.9599999999993,2026-02-24T09:32:00-05:00,0.0,5.0,-252.9599999999993,2026-02-24T09:33:00-05:00,0.0,5.600000000000023,-1452.9600000000448,2026-02-24T09:36:00-05:00,0.0,4.599999999999966,547.0400000000689,2026-02-24T09:41:00-05:00,0.0,4.049999999999983,1647.0400000000348,2026-02-24T09:46:00-05:00,0.0,4.7999999999999545,147.04000000009165,2026-02-24T10:01:00-05:00,0.0,3.3999999999999773,2947.0400000000463,2026-02-24T10:31:00-05:00,0.0,3.6000000000000227,2547.0399999999554,2026-02-24T11:31:00-05:00,0.0,3.2499999999999716,3247.0400000000577,2026-02-24T16:00:00-05:00,0.0,1.0999999999999943,7547.040000000012,2026-02-25T16:00:00-05:00,0.0,,,2026-02-26T15:34:00-05:00,1560.0,,,,,0.0,hit,0.0,hit,14.0,hit,161.0,hit,1440.0,hit,1801.0,hit,3158.0,hit,5.0,hit,7.0,hit,,never_hit,,never_hit,,never_hit,,never_hit,6.050000000000068,5,False,False,False,False,,6.050000000000068,5,False,False,False,False,,6.050000000000068,5,False,False,False,False,,6.050000000000068,5,False,False,False,False,,183.0,2026-02-24T12:34:00-05:00,2.900000000000034,3947.0399999999327,1441.0,2026-02-25T09:32:00-05:00,2.1000000000000085,5547.039999999984,1442.0,2026-02-25T09:33:00-05:00,2.1000000000000085,5547.039999999984,184.0,2026-02-24T12:35:00-05:00,3.0500000000000114,3647.039999999978,1445.0,2026-02-25T09:36:00-05:00,1.9000000000000057,5947.039999999989,1446.0,2026-02-25T09:37:00-05:00,1.7999999999999972,6147.040000000006,1447.0,2026-02-25T09:38:00-05:00,1.9000000000000057,5947.039999999989,1446.0,2026-02-25T09:37:00-05:00,1.7999999999999972,6147.040000000006,1821.0,2026-02-25T15:52:00-05:00,0.9499999999999957,7847.040000000009,1837.0,2026-02-25T16:08:00-05:00,0.8999999999999986,7947.040000000004,1838.0,2026-02-25T16:09:00-05:00,0.8999999999999986,7947.040000000004,1822.0,2026-02-25T15:53:00-05:00,1.0,7747.040000000001,3165.0,2026-02-26T14:16:00-05:00,0.4249999999999998,8897.040000000003,3166.0,2026-02-26T14:17:00-05:00,0.4250000000000007,8897.04,3167.0,2026-02-26T14:18:00-05:00,0.3250000000000002,9097.04,3166.0,2026-02-26T14:17:00-05:00,0.4250000000000007,8897.04,3255
2026-02-24,2026-02-26,2,6.0,2026-02-24T09:31:00-05:00,6.0,NDXP  260226P25040000,NDXP  260226P25030000,final_holdout,False,False,0,0,0,0,0,1200,available,False,2026-02-24T09:31:00-05:00,2026-02-26T16:00:00-05:00,9.05,-6352.960000000003,0.0,last_observed_quote_not_settlement,1036.0,237,68,7.600000000000023,-3452.9600000000446,2026-02-24T09:32:00-05:00,0.0,6.350000000000023,-952.9600000000448,2026-02-24T09:33:00-05:00,0.0,6.649999999999977,-1552.9599999999539,2026-02-24T09:36:00-05:00,0.0,5.949999999999989,-152.95999999997656,2026-02-24T09:41:00-05:00,0.0,5.500000000000057,747.039999999887,2026-02-24T09:46:00-05:00,0.0,6.199999999999989,-652.9599999999766,2026-02-24T10:01:00-05:00,0.0,4.75,2247.040000000001,2026-02-24T10:31:00-05:00,0.0,4.599999999999994,2547.0400000000122,2026-02-24T11:31:00-05:00,0.0,0.45000000000001705,10847.039999999968,2026-02-24T16:00:00-05:00,0.0,1.6499999999999986,8447.040000000005,2026-02-25T16:00:00-05:00,0.0,9.05,-6352.960000000003,2026-02-26T16:00:00-05:00,0.0,,,,,9.0,hit,19.0,hit,211.0,hit,211.0,hit,211.0,hit,389.0,hit,389.0,hit,1.0,hit,1.0,hit,1.0,hit,56.0,hit,2945.0,hit,3098.0,hit,8.700000000000045,14,True,True,False,False,,8.700000000000045,14,True,True,False,False,,8.700000000000045,14,True,True,False,False,,8.700000000000045,14,True,True,False,False,,211.0,2026-02-24T13:02:00-05:00,1.9000000000000057,7947.039999999989,1450.0,2026-02-25T09:41:00-05:00,2.799999999999997,6147.040000000006,1451.0,2026-02-25T09:42:00-05:00,2.8500000000000085,6047.039999999984,212.0,2026-02-24T13:03:00-05:00,4.150000000000006,3447.0399999999895,211.0,2026-02-24T13:02:00-05:00,1.9000000000000057,7947.039999999989,1719.0,2026-02-25T14:10:00-05:00,1.9000000000000057,7947.039999999989,1730.0,2026-02-25T14:21:00-05:00,1.8499999999999943,8047.040000000012,212.0,2026-02-24T13:03:00-05:00,4.150000000000006,3447.0399999999895,389.0,2026-02-24T16:00:00-05:00,0.45000000000001705,10847.039999999968,,,,,,,,,390.0,2026-02-24T16:01:00-05:00,4.800000000000011,2147.039999999978,,,,,,,,,,,,,,,,,3256
2026-02-24,2026-02-26,2,7.0,2026-02-24T09:31:00-05:00,7.0499999999999545,NDXP  260226P25180000,NDXP  260226P25170000,final_holdout,False,False,0,0,0,35,0,1165,available,False,2026-02-24T09:31:00-05:00,2026-02-26T16:00:00-05:00,8.800000000000011,-3752.9600000001146,0.0,last_observed_quote_not_settlement,1036.0,306,22,7.2999999999999545,-752.9599999999994,2026-02-24T09:32:00-05:00,0.0,8.25,-2652.960000000092,2026-02-24T09:33:00-05:00,0.0,7.2000000000000455,-552.9600000001813,2026-02-24T09:36:00-05:00,0.0,6.500000000000057,847.039999999796,2026-02-24T09:41:00-05:00,0.0,6.5,847.0399999999097,2026-02-24T09:46:00-05:00,0.0,7.199999999999989,-552.9600000000676,2026-02-24T10:01:00-05:00,0.0,5.899999999999977,2047.0399999999554,2026-02-24T10:31:00-05:00,0.0,7.399999999999977,-952.9600000000448,2026-02-24T11:31:00-05:00,0.0,5.899999999999977,2047.0399999999554,2026-02-24T16:00:00-05:00,0.0,2.799999999999997,8247.039999999917,2026-02-25T16:00:00-05:00,0.0,8.800000000000011,-3752.9600000001146,2026-02-26T16:00:00-05:00,0.0,,,,,43.0,hit,354.0,hit,1440.0,hit,1472.0,hit,,never_hit,,never_hit,,never_hit,2.0,hit,2.0,hit,0.0,hit,2.0,hit,2940.0,hit,2941.0,hit,8.449999999999989,19,True,True,False,False,,,,True,True,True,False,4.599999999999952,,,True,True,True,False,4.599999999999952,,,True,True,True,False,4.599999999999952,1648.0,2026-02-25T12:59:00-05:00,2.9499999999999886,7947.039999999933,1711.0,2026-02-25T14:02:00-05:00,2.9000000000000057,8047.039999999898,1718.0,2026-02-25T14:09:00-05:00,2.8499999999999943,8147.039999999922,1649.0,2026-02-25T13:00:00-05:00,3.049999999999997,7747.039999999915,,,,,,,,,,,,,,,,,,,,,,,,,,,,,,,,,,,,,,,,,,,,,,,,,3257
2026-02-25,2026-02-27,2,5.0,2026-02-25T09:31:00-05:00,5.0,NDXP  260227P25290000,NDXP  260227P25280000,final_holdout,False,False,0,0,0,90,0,1110,available,False,2026-02-25T09:31:00-05:00,2026-02-27T16:00:00-05:00,9.899999999999977,-10052.959999999955,0.0,last_observed_quote_not_settlement,1037.0,622,20,5.0,-252.9599999999993,2026-02-25T09:32:00-05:00,0.0,4.949999999999989,-152.95999999997656,2026-02-25T09:33:00-05:00,0.0,4.949999999999989,-152.95999999997656,2026-02-25T09:36:00-05:00,0.0,4.800000000000011,147.03999999997797,2026-02-25T09:41:00-05:00,0.0,4.449999999999989,847.0400000000234,2026-02-25T09:46:00-05:00,0.0,3.8999999999999773,1947.0400000000461,2026-02-25T10:01:00-05:00,0.0,4.0,1747.0400000000006,2026-02-25T10:31:00-05:00,0.0,4.25,1247.0400000000006,2026-02-25T11:31:00-05:00,0.0,3.5,2747.040000000001,2026-02-25T16:00:00-05:00,0.0,7.899999999999977,-6052.959999999954,2026-02-26T16:00:00-05:00,0.0,9.899999999999977,-10052.959999999955,2026-02-27T16:00:00-05:00,0.0,,,,,0.0,hit,0.0,hit,17.0,hit,204.0,hit,1454.0,hit,,never_hit,,never_hit,1461.0,hit,1470.0,hit,1484.0,hit,1489.0,hit,1498.0,hit,1559.0,hit,5.349999999999994,3,False,False,False,False,,5.349999999999994,6,False,False,False,False,,,,True,True,True,False,3.75,,,True,True,True,False,3.75,204.0,2026-02-25T12:55:00-05:00,2.6500000000000057,4447.039999999989,,,,,,,,,205.0,2026-02-25T12:56:00-05:00,3.8000000000000114,2147.039999999978,1454.0,2026-02-26T09:45:00-05:00,1.25,7247.040000000001,,,,,,,,,1455.0,2026-02-26T09:46:00-05:00,5.349999999999994,-952.959999999988,,,,,,,,,,,,,,,,,,,,,,,,,,,,,,,,,3258
2026-02-25,2026-02-27,2,6.0,2026-02-25T09:31:00-05:00,6.099999999999966,NDXP  260227P25410000,NDXP  260227P25400000,final_holdout,False,False,0,0,0,127,0,1073,available,False,2026-02-25T09:31:00-05:00,2026-02-27T16:00:00-05:00,7.850000000000023,-3752.960000000113,0.0,last_observed_quote_not_settlement,1037.0,574,47,5.550000000000011,847.0399999999097,2026-02-25T09:32:00-05:00,0.0,5.800000000000011,347.03999999990975,2026-02-25T09:33:00-05:00,0.0,7.7999999999999545,-3652.9599999999764,2026-02-25T09:36:00-05:00,0.0,4.300000000000011,3347.03999999991,2026-02-25T09:41:00-05:00,0.0,4.9500000000000455,2047.0399999998417,2026-02-25T09:46:00-05:00,0.0,4.799999999999983,2347.0399999999668,2026-02-25T10:01:00-05:00,0.0,5.150000000000006,1647.039999999921,2026-02-25T10:31:00-05:00,0.0,5.950000000000017,47.03999999989839,2026-02-25T11:31:00-05:00,0.0,5.149999999999977,1647.039999999978,2026-02-25T16:00:00-05:00,0.0,9.900000000000034,-7852.960000000137,2026-02-26T16:00:00-05:00,0.0,7.850000000000023,-3752.960000000113,2026-02-27T16:00:00-05:00,0.0,,,,,10.0,hit,10.0,hit,35.0,hit,1568.0,hit,,never_hit,,never_hit,,never_hit,3.0,hit,3.0,hit,3.0,hit,3.0,hit,1487.0,hit,1504.0,hit,9.999999999999943,125,True,True,True,True,,,,True,True,True,False,3.6999999999999886,,,True,True,True,False,3.6999999999999886,,,True,True,True,False,3.6999999999999886,1568.0,2026-02-26T11:39:00-05:00,2.5,6947.039999999933,,,,,,,,,1569.0,2026-02-26T11:40:00-05:00,7.5,-3052.9600000000673,,,,,,,,,,,,,,,,,,,,,,,,,,,,,,,,,,,,,,,,,,,,,,,,,3259
2026-02-25,2026-02-27,2,7.0,2026-02-25T09:31:00-05:00,7.0,NDXP  260227P25510000,NDXP  260227P25500000,final_holdout,False,False,0,0,0,154,0,1046,available,False,2026-02-25T09:31:00-05:00,2026-02-27T16:00:00-05:00,1.6499999999999773,10447.040000000046,0.0,last_observed_quote_not_settlement,1036.0,520,16,6.9500000000000455,-152.96000000009025,2026-02-25T09:32:00-05:00,0.0,7.099999999999966,-452.9599999999311,2026-02-25T09:33:00-05:00,0.0,7.0,-252.9599999999993,2026-02-25T09:36:00-05:00,0.0,6.7000000000000455,347.03999999990975,2026-02-25T09:41:00-05:00,0.0,6.199999999999989,1347.0400000000234,2026-02-25T09:46:00-05:00,0.0,6.0,1747.0400000000006,2026-02-25T10:01:00-05:00,0.0,6.2000000000000455,1347.0399999999097,2026-02-25T10:31:00-05:00,0.0,5.849999999999966,2047.040000000069,2026-02-25T11:31:00-05:00,0.0,5.0499999999999545,3647.040000000092,2026-02-25T16:00:00-05:00,0.0,9.749999999999943,-5752.959999999887,2026-02-26T16:00:00-05:00,0.0,1.6499999999999773,10447.040000000046,2026-02-27T16:00:00-05:00,0.0,,,,,17.0,hit,35.0,hit,3269.0,hit,3269.0,hit,3269.0,hit,,never_hit,,never_hit,249.0,hit,249.0,hit,0.0,hit,249.0,hit,1442.0,hit,1487.0,hit,10.0,520,True,True,True,True,,10.0,520,True,True,True,True,,,,True,True,True,False,5.350000000000023,,,True,True,True,False,5.350000000000023,3269.0,2026-02-27T16:00:00-05:00,1.6499999999999773,10447.040000000046,,,,,,,,,,,,,3269.0,2026-02-27T16:00:00-05:00,1.6499999999999773,10447.040000000046,,,,,,,,,,,,,,,,,,,,,,,,,,,,,,,,,,,,,,,,,,,,,3260
2026-02-27,2026-03-02,3,5.0,2026-02-27T09:31:00-05:00,4.900000000000034,NDXP  260302P24890000,NDXP  260302P24880000,final_holdout,False,False,0,0,1,2,0,783,available,False,2026-02-27T09:31:00-05:00,2026-03-02T15:50:00-05:00,0.04999999999999993,9447.04000000007,10.0,last_observed_quote_not_settlement,3916.0,85,79,4.5,547.0400000000689,2026-02-27T09:32:00-05:00,0.0,3.0,3547.040000000069,2026-02-27T09:33:00-05:00,0.0,4.550000000000011,447.0400000000462,2026-02-27T09:36:00-05:00,0.0,4.5,547.0400000000689,2026-02-27T09:41:00-05:00,0.0,4.5,547.0400000000689,2026-02-27T09:46:00-05:00,0.0,4.5,547.0400000000689,2026-02-27T10:01:00-05:00,0.0,3.6999999999999886,2147.040000000092,2026-02-27T10:31:00-05:00,0.0,3.549999999999983,2447.040000000103,2026-02-27T11:31:00-05:00,0.0,3.1999999999999886,3147.040000000092,2026-02-27T16:00:00-05:00,0.0,,,2026-02-27T16:15:00-05:00,85500.0,,,2026-02-27T16:15:00-05:00,171900.0,,,2026-03-02T15:50:00-05:00,600.0,0.0,hit,0.0,hit,2.0,hit,2.0,hit,167.0,hit,395.0,hit,4605.0,hit,25.0,hit,4320.0,hit,4320.0,hit,,never_hit,,never_hit,,never_hit,4.900000000000034,0,False,False,False,False,,5.799999999999983,8,False,False,False,False,,5.899999999999977,28,False,False,False,False,,7.6499999999999915,85,True,False,False,False,,62.0,2026-02-27T10:33:00-05:00,2.6500000000000057,4247.040000000057,167.0,2026-02-27T12:18:00-05:00,1.8999999999999773,5747.040000000115,4453.0,2026-03-02T11:44:00-05:00,2.349999999999998,4847.040000000073,63.0,2026-02-27T10:34:00-05:00,3.7999999999999545,1947.0400000001598,167.0,2026-02-27T12:18:00-05:00,1.8999999999999773,5747.040000000115,4467.0,2026-03-02T11:58:00-05:00,1.8500000000000014,5847.040000000066,4468.0,2026-03-02T11:59:00-05:00,1.6499999999999986,6247.040000000072,168.0,2026-02-27T12:19:00-05:00,3.4499999999999886,2647.040000000092,395.0,2026-02-27T16:06:00-05:00,0.8500000000000085,7847.040000000052,4494.0,2026-03-02T12:25:00-05:00,0.9499999999999993,7647.04000000007,4523.0,2026-03-02T12:54:00-05:00,0.8000000000000007,7947.040000000067,396.0,2026-02-27T16:07:00-05:00,4.0,1547.0400000000689,4605.0,2026-03-02T14:16:00-05:00,0.3500000000000001,8847.040000000068,4606.0,2026-03-02T14:17:00-05:00,0.2999999999999998,8947.04000000007,4607.0,2026-03-02T14:18:00-05:00,0.3250000000000002,8897.04000000007,4606.0,2026-03-02T14:17:00-05:00,0.2999999999999998,8947.04000000007,3261
2026-02-27,2026-03-02,3,6.0,2026-02-27T09:31:00-05:00,6.0,NDXP  260302P25020000,NDXP  260302P25010000,final_holdout,False,False,0,0,1,3,0,790,available,False,2026-02-27T09:31:00-05:00,2026-03-02T15:59:00-05:00,7.75,-3752.959999999999,1.0,last_observed_quote_not_settlement,3916.0,303,157,6.649999999999977,-1552.9599999999539,2026-02-27T09:32:00-05:00,0.0,5.399999999999977,947.0400000000461,2026-02-27T09:33:00-05:00,0.0,5.750000000000057,247.039999999887,2026-02-27T09:36:00-05:00,0.0,6.2000000000000455,-652.9600000000903,2026-02-27T09:41:00-05:00,0.0,5.800000000000011,147.03999999997797,2026-02-27T09:46:00-05:00,0.0,,,2026-02-27T10:00:00-05:00,60.0,5.150000000000006,1447.0399999999893,2026-02-27T10:31:00-05:00,0.0,4.900000000000006,1947.0399999999893,2026-02-27T11:31:00-05:00,0.0,4.600000000000023,2547.0399999999554,2026-02-27T16:00:00-05:00,0.0,,,2026-02-27T16:15:00-05:00,85500.0,,,2026-02-27T16:15:00-05:00,171900.0,,,2026-03-02T15:59:00-05:00,60.0,2.0,hit,41.0,hit,67.0,hit,208.0,hit,,never_hit,,never_hit,,never_hit,1.0,hit,51.0,hit,51.0,hit,4320.0,hit,4320.0,hit,4681.0,hit,7.400000000000034,33,True,False,False,False,,,,True,True,True,False,3.8500000000000005,,,True,True,True,False,3.8500000000000005,,,True,True,True,False,3.8500000000000005,4565.0,2026-03-02T13:36:00-05:00,2.75,6247.040000000001,4625.0,2026-03-02T14:36:00-05:00,2.8500000000000014,6047.039999999998,4626.0,2026-03-02T14:37:00-05:00,2.549999999999997,6647.040000000006,4566.0,2026-03-02T13:37:00-05:00,7.75,-3752.959999999999,,,,,,,,,,,,,,,,,,,,,,,,,,,,,,,,,,,,,,,,,,,,,,,,,3262
2026-02-27,2026-03-02,3,7.0,2026-02-27T09:31:00-05:00,7.0,NDXP  260302P25100000,NDXP  260302P25090000,final_holdout,False,False,0,0,1,13,0,780,available,False,2026-02-27T09:31:00-05:00,2026-03-02T15:59:00-05:00,9.700000000000003,-5652.960000000006,1.0,last_observed_quote_not_settlement,3916.0,373,45,7.300000000000068,-852.9600000001358,2026-02-27T09:32:00-05:00,0.0,6.5,747.0400000000006,2026-02-27T09:33:00-05:00,0.0,6.600000000000023,547.0399999999552,2026-02-27T09:36:00-05:00,0.0,6.75,247.04000000000067,2026-02-27T09:41:00-05:00,0.0,6.800000000000068,147.03999999986428,2026-02-27T09:46:00-05:00,0.0,6.649999999999977,447.0400000000462,2026-02-27T10:01:00-05:00,0.0,5.300000000000011,3147.039999999978,2026-02-27T10:31:00-05:00,0.0,5.949999999999989,1847.0400000000234,2026-02-27T11:31:00-05:00,0.0,7.000000000000028,-252.96000000005614,2026-02-27T16:00:00-05:00,0.0,,,2026-02-27T16:15:00-05:00,85500.0,,,2026-02-27T16:15:00-05:00,171900.0,,,2026-03-02T15:59:00-05:00,60.0,38.0,hit,85.0,hit,404.0,hit,404.0,hit,,never_hit,,never_hit,,never_hit,21.0,hit,4320.0,hit,0.0,hit,4320.0,hit,4320.0,hit,4320.0,hit,7.850000000000023,23,True,False,False,False,,,,True,True,True,False,4.599999999999994,,,True,True,True,False,4.599999999999994,,,True,True,True,False,4.599999999999994,404.0,2026-02-27T16:15:00-05:00,2.4000000000000057,8947.03999999999,,,,,,,,,,,,,,,,,,,,,,,,,,,,,,,,,,,,,,,,,,,,,,,,,,,,,,,,,,,,,3263
2026-03-02,2026-03-04,2,5.0,2026-03-02T09:31:00-05:00,5.0,NDXP  260304P24760000,NDXP  260304P24750000,final_holdout,False,False,0,0,14,23,0,1130,available,False,2026-03-02T09:31:00-05:00,2026-03-04T15:22:00-05:00,0.0,9747.04,38.0,last_observed_quote_not_settlement,1036.0,237,65,3.8500000000000227,2047.0399999999554,2026-03-02T09:32:00-05:00,0.0,4.249999999999972,1247.0400000000575,2026-03-02T09:33:00-05:00,0.0,3.8000000000000114,2147.039999999978,2026-03-02T09:36:00-05:00,0.0,4.0,1747.0400000000006,2026-03-02T09:41:00-05:00,0.0,2.4499999999999886,4847.040000000024,2026-03-02T09:46:00-05:00,0.0,4.449999999999989,847.0400000000234,2026-03-02T10:01:00-05:00,0.0,3.6500000000000057,2447.0399999999895,2026-03-02T10:31:00-05:00,0.0,3.3999999999999773,2947.0400000000463,2026-03-02T11:31:00-05:00,0.0,2.3999999999999915,4947.040000000018,2026-03-02T16:00:00-05:00,0.0,4.699999999999989,347.04000000002344,2026-03-03T16:00:00-05:00,0.0,,,2026-03-04T15:22:00-05:00,2280.0,,,,,0.0,hit,0.0,hit,1.0,hit,4.0,hit,176.0,hit,2930.0,hit,2936.0,hit,1440.0,hit,1440.0,hit,1443.0,hit,1443.0,hit,1521.0,hit,1521.0,hit,5.0,0,False,False,False,False,,5.0,0,False,False,False,False,,9.5,237,True,True,True,True,,9.5,237,True,True,True,True,,4.0,2026-03-02T09:35:00-05:00,2.6999999999999886,4347.040000000024,99.0,2026-03-02T11:10:00-05:00,2.700000000000003,4347.039999999995,100.0,2026-03-02T11:11:00-05:00,2.799999999999997,4147.040000000006,5.0,2026-03-02T09:36:00-05:00,3.8000000000000114,2147.039999999978,176.0,2026-03-02T12:27:00-05:00,1.8000000000000114,6147.039999999978,207.0,2026-03-02T12:58:00-05:00,1.9000000000000057,5947.039999999989,221.0,2026-03-02T13:12:00-05:00,1.8999999999999915,5947.040000000018,177.0,2026-03-02T12:28:00-05:00,2.0,5747.040000000001,2930.0,2026-03-04T10:21:00-05:00,0.9499999999999993,7847.040000000002,2931.0,2026-03-04T10:22:00-05:00,0.6000000000000014,8547.039999999999,2932.0,2026-03-04T10:23:00-05:00,0.6499999999999986,8447.040000000005,2931.0,2026-03-04T10:22:00-05:00,0.6000000000000014,8547.039999999999,2937.0,2026-03-04T10:28:00-05:00,0.40000000000000036,8947.04,2938.0,2026-03-04T10:29:00-05:00,0.4499999999999993,8847.040000000003,2942.0,2026-03-04T10:33:00-05:00,0.40000000000000036,8947.04,2938.0,2026-03-04T10:29:00-05:00,0.4499999999999993,8847.040000000003,3264
2026-03-02,2026-03-04,2,6.0,2026-03-02T09:31:00-05:00,6.0,NDXP  260304P24900000,NDXP  260304P24890000,final_holdout,False,False,0,0,6,22,0,1159,available,False,2026-03-02T09:31:00-05:00,2026-03-04T15:38:00-05:00,0.024999999999999994,11697.04,22.0,last_observed_quote_not_settlement,1037.0,332,69,3.0,5747.040000000001,2026-03-02T09:32:00-05:00,0.0,5.199999999999989,1347.0400000000234,2026-03-02T09:33:00-05:00,0.0,4.0,3747.040000000001,2026-03-02T09:36:00-05:00,0.0,4.800000000000011,2147.039999999978,2026-03-02T09:41:00-05:00,0.0,4.449999999999989,2847.0400000000236,2026-03-02T09:46:00-05:00,0.0,4.850000000000023,2047.0399999999554,2026-03-02T10:01:00-05:00,0.0,4.800000000000011,2147.039999999978,2026-03-02T10:31:00-05:00,0.0,4.450000000000017,2847.0399999999668,2026-03-02T11:31:00-05:00,0.0,3.1999999999999886,5347.040000000024,2026-03-02T16:00:00-05:00,0.0,6.350000000000023,-952.9600000000448,2026-03-03T16:00:00-05:00,0.0,,,2026-03-04T15:38:00-05:00,1320.0,,,,,1.0,hit,1.0,hit,1.0,hit,1.0,hit,272.0,hit,396.0,hit,3011.0,hit,1441.0,hit,1441.0,hit,1441.0,hit,1442.0,hit,1451.0,hit,1516.0,hit,6.0,0,False,False,False,False,,6.399999999999977,2,False,False,False,False,,6.400000000000006,4,False,False,False,False,,9.900000000000091,332,True,True,True,True,,33.0,2026-03-02T10:04:00-05:00,2.6999999999999886,6347.040000000024,166.0,2026-03-02T12:17:00-05:00,2.9499999999999886,5847.040000000024,167.0,2026-03-02T12:18:00-05:00,2.9000000000000057,5947.039999999989,34.0,2026-03-02T10:05:00-05:00,4.250000000000028,3247.039999999944,272.0,2026-03-02T14:03:00-05:00,1.700000000000017,8347.039999999968,2933.0,2026-03-04T10:24:00-05:00,1.8000000000000007,8147.04,2934.0,2026-03-04T10:25:00-05:00,1.5499999999999972,8647.040000000008,273.0,2026-03-02T14:04:00-05:00,4.0,3747.040000000001,396.0,2026-03-02T16:07:00-05:00,0.8000000000000114,10147.039999999979,2968.0,2026-03-04T10:59:00-05:00,0.8499999999999996,10047.040000000003,2969.0,2026-03-04T11:00:00-05:00,0.8000000000000007,10147.04,397.0,2026-03-02T16:08:00-05:00,4.449999999999989,2847.0400000000236,3011.0,2026-03-04T11:42:00-05:00,0.40000000000000036,10947.04,3017.0,2026-03-04T11:48:00-05:00,0.40000000000000036,10947.04,3018.0,2026-03-04T11:49:00-05:00,0.3000000000000007,11147.04,3012.0,2026-03-04T11:43:00-05:00,0.5,10747.04,3265
2026-03-02,2026-03-04,2,7.0,2026-03-02T09:31:00-05:00,6.900000000000034,NDXP  260304P25020000,NDXP  260304P25010000,final_holdout,False,False,0,0,9,18,0,1168,available,False,2026-03-02T09:31:00-05:00,2026-03-04T15:53:00-05:00,0.09999999999999992,13347.04000000007,7.0,last_observed_quote_not_settlement,1037.0,398,26,6.250000000000057,1047.0399999999552,2026-03-02T09:32:00-05:00,0.0,6.150000000000034,1247.0400000000006,2026-03-02T09:33:00-05:00,0.0,5.7000000000000455,2147.039999999978,2026-03-02T09:36:00-05:00,0.0,6.0,1547.0400000000689,2026-03-02T09:41:00-05:00,0.0,5.5499999999999545,2447.04000000016,2026-03-02T09:46:00-05:00,0.0,6.0499999999999545,1447.0400000001598,2026-03-02T10:01:00-05:00,0.0,5.5,2547.040000000069,2026-03-02T10:31:00-05:00,0.0,5.650000000000091,2247.039999999887,2026-03-02T11:31:00-05:00,0.0,4.249999999999972,5047.0400000001255,2026-03-02T16:00:00-05:00,0.0,7.800000000000011,-2052.9599999999537,2026-03-03T16:00:00-05:00,0.0,,,2026-03-04T15:53:00-05:00,420.0,,,,,6.0,hit,18.0,hit,148.0,hit,170.0,hit,170.0,hit,3077.0,hit,3120.0,hit,1441.0,hit,1441.0,hit,36.0,hit,1441.0,hit,1462.0,hit,1462.0,hit,7.0,1,True,False,False,False,,7.0,1,True,False,False,False,,9.950000000000045,398,True,True,True,True,,9.950000000000045,398,True,True,True,True,,170.0,2026-03-02T12:21:00-05:00,1.8500000000000227,9847.040000000025,171.0,2026-03-02T12:22:00-05:00,1.799999999999983,9947.040000000105,2938.0,2026-03-04T10:29:00-05:00,2.9000000000000057,7747.040000000057,171.0,2026-03-02T12:22:00-05:00,1.799999999999983,9947.040000000105,170.0,2026-03-02T12:21:00-05:00,1.8500000000000227,9847.040000000025,171.0,2026-03-02T12:22:00-05:00,1.799999999999983,9947.040000000105,3013.0,2026-03-04T11:44:00-05:00,1.8000000000000007,9947.040000000068,171.0,2026-03-02T12:22:00-05:00,1.799999999999983,9947.040000000105,3077.0,2026-03-04T12:48:00-05:00,0.8499999999999979,11847.040000000074,3089.0,2026-03-04T13:00:00-05:00,0.8500000000000005,11847.040000000068,3090.0,2026-03-04T13:01:00-05:00,0.6500000000000004,12247.04000000007,3078.0,2026-03-04T12:49:00-05:00,1.0,11547.04000000007,3122.0,2026-03-04T13:33:00-05:00,0.3999999999999986,12747.040000000072,3123.0,2026-03-04T13:34:00-05:00,0.40000000000000036,12747.04000000007,3127.0,2026-03-04T13:38:00-05:00,0.3500000000000001,12847.040000000068,3123.0,2026-03-04T13:34:00-05:00,0.40000000000000036,12747.04000000007,3266
2026-03-03,2026-03-05,2,5.0,2026-03-03T09:31:00-05:00,5.0,NDXP  260305P24710000,NDXP  260305P24700000,final_holdout,False,False,0,0,22,2,0,1171,available,False,2026-03-03T09:31:00-05:00,2026-03-05T15:41:00-05:00,0.125,9497.04,19.0,last_observed_quote_not_settlement,1036.0,148,73,5.75,-1752.9599999999994,2026-03-03T09:32:00-05:00,0.0,5.2000000000000455,-652.9600000000903,2026-03-03T09:33:00-05:00,0.0,5.399999999999977,-1052.9599999999539,2026-03-03T09:36:00-05:00,0.0,5.0,-252.9599999999993,2026-03-03T09:41:00-05:00,0.0,5.25,-752.9599999999994,2026-03-03T09:46:00-05:00,0.0,5.699999999999989,-1652.9599999999766,2026-03-03T10:01:00-05:00,0.0,6.600000000000023,-3452.9600000000446,2026-03-03T10:31:00-05:00,0.0,6.149999999999977,-2552.9599999999537,2026-03-03T11:31:00-05:00,0.0,4.050000000000011,1647.039999999978,2026-03-03T16:00:00-05:00,0.0,1.2000000000000028,7347.039999999995,2026-03-04T16:00:00-05:00,0.0,,,2026-03-05T15:41:00-05:00,1140.0,,,,,0.0,hit,0.0,hit,3.0,hit,3.0,hit,247.0,hit,1578.0,hit,2887.0,hit,1.0,hit,28.0,hit,38.0,hit,38.0,hit,,never_hit,,never_hit,5.75,2,False,False,False,False,,8.600000000000023,135,True,True,False,False,,8.600000000000023,148,True,True,False,False,,8.600000000000023,148,True,True,False,False,,3.0,2026-03-03T09:34:00-05:00,2.6499999999999773,4447.040000000046,248.0,2026-03-03T13:39:00-05:00,2.700000000000017,4347.039999999966,1442.0,2026-03-04T09:33:00-05:00,2.75,4247.040000000001,4.0,2026-03-03T09:35:00-05:00,5.5,-1252.9599999999994,247.0,2026-03-03T13:38:00-05:00,1.8499999999999943,6047.040000000012,1490.0,2026-03-04T10:21:00-05:00,1.75,6247.040000000001,1491.0,2026-03-04T10:22:00-05:00,1.6000000000000085,6547.039999999984,248.0,2026-03-03T13:39:00-05:00,2.700000000000017,4347.039999999966,1601.0,2026-03-04T12:12:00-05:00,0.9499999999999993,7847.040000000002,1649.0,2026-03-04T13:00:00-05:00,0.9499999999999957,7847.040000000009,1682.0,2026-03-04T13:33:00-05:00,0.8000000000000007,8147.04,1602.0,2026-03-04T12:13:00-05:00,1.0499999999999972,7647.040000000006,2887.0,2026-03-05T09:38:00-05:00,0.3999999999999986,8947.040000000005,2907.0,2026-03-05T09:58:00-05:00,0.25,9247.04,2908.0,2026-03-05T09:59:00-05:00,0.3000000000000007,9147.04,2888.0,2026-03-05T09:39:00-05:00,0.5999999999999996,8547.040000000003,3267
2026-03-03,2026-03-05,2,6.0,2026-03-03T09:31:00-05:00,5.9500000000000455,NDXP  260305P24830000,NDXP  260305P24820000,final_holdout,False,False,0,0,2,2,0,1183,available,False,2026-03-03T09:31:00-05:00,2026-03-05T15:46:00-05:00,0.32500000000000007,10997.040000000092,14.0,last_observed_quote_not_settlement,1036.0,190,104,5.100000000000023,1447.0400000000461,2026-03-03T09:32:00-05:00,0.0,6.0,-352.95999999990835,2026-03-03T09:33:00-05:00,0.0,4.199999999999989,3247.0400000001146,2026-03-03T09:36:00-05:00,0.0,5.899999999999977,-152.95999999986287,2026-03-03T09:41:00-05:00,0.0,6.050000000000068,-452.9600000000448,2026-03-03T09:46:00-05:00,0.0,6.7000000000000455,-1752.9599999999994,2026-03-03T10:01:00-05:00,0.0,7.4500000000000455,-3252.959999999999,2026-03-03T10:31:00-05:00,0.0,6.7000000000000455,-1752.9599999999994,2026-03-03T11:31:00-05:00,0.0,4.650000000000034,2347.0400000000236,2026-03-03T16:00:00-05:00,0.0,1.8999999999999915,7847.040000000109,2026-03-04T16:00:00-05:00,0.0,,,2026-03-05T15:46:00-05:00,840.0,,,,,1.0,hit,5.0,hit,9.0,hit,9.0,hit,1457.0,hit,1844.0,hit,2923.0,hit,6.0,hit,6.0,hit,6.0,hit,69.0,hit,,never_hit,,never_hit,7.9500000000000455,4,True,False,False,False,,8.600000000000023,128,True,True,False,False,,8.600000000000023,128,True,True,False,False,,8.600000000000023,128,True,True,False,False,,9.0,2026-03-03T09:40:00-05:00,2.3000000000000114,7047.040000000069,1489.0,2026-03-04T10:20:00-05:00,2.549999999999997,6547.040000000097,1490.0,2026-03-04T10:21:00-05:00,2.5999999999999943,6447.040000000103,10.0,2026-03-03T09:41:00-05:00,5.899999999999977,-152.95999999986287,1457.0,2026-03-04T09:48:00-05:00,1.6999999999999886,8247.040000000115,1497.0,2026-03-04T10:28:00-05:00,1.7999999999999972,8047.040000000097,1498.0,2026-03-04T10:29:00-05:00,1.7999999999999972,8047.040000000097,1458.0,2026-03-04T09:49:00-05:00,3.8000000000000114,4047.040000000069,2906.0,2026-03-05T09:57:00-05:00,0.8999999999999968,9847.0400000001,2907.0,2026-03-05T09:58:00-05:00,0.75,10147.040000000092,2908.0,2026-03-05T09:59:00-05:00,0.8999999999999986,9847.040000000095,2907.0,2026-03-05T09:58:00-05:00,0.75,10147.040000000092,3236.0,2026-03-05T15:27:00-05:00,0.375,10897.040000000092,3237.0,2026-03-05T15:28:00-05:00,0.3999999999999999,10847.040000000092,3243.0,2026-03-05T15:34:00-05:00,0.30000000000000004,11047.040000000094,3237.0,2026-03-05T15:28:00-05:00,0.3999999999999999,10847.040000000092,3268
2026-03-03,2026-03-05,2,7.0,2026-03-03T09:31:00-05:00,7.2000000000000455,NDXP  260305P25000000,NDXP  260305P24990000,final_holdout,False,False,0,0,2,18,0,1180,available,False,2026-03-03T09:31:00-05:00,2026-03-05T15:59:00-05:00,0.5250000000000001,13097.040000000092,1.0,last_observed_quote_not_settlement,1036.0,332,68,7.249999999999943,-352.95999999979466,2026-03-03T09:32:00-05:00,0.0,7.400000000000034,-652.9599999999766,2026-03-03T09:33:00-05:00,0.0,7.849999999999909,-1552.9599999997265,2026-03-03T09:36:00-05:00,0.0,7.199999999999989,-252.9599999998856,2026-03-03T09:41:00-05:00,0.0,7.400000000000091,-652.9600000000903,2026-03-03T09:46:00-05:00,0.0,7.900000000000091,-1652.9600000000903,2026-03-03T10:01:00-05:00,0.0,8.600000000000023,-3052.9599999999555,2026-03-03T10:31:00-05:00,0.0,7.649999999999977,-1152.959999999863,2026-03-03T11:31:00-05:00,0.0,6.449999999999989,1247.0400000001143,2026-03-03T16:00:00-05:00,0.0,3.0,8147.040000000091,2026-03-04T16:00:00-05:00,0.0,,,2026-03-05T15:59:00-05:00,60.0,,,,,3.0,hit,49.0,hit,139.0,hit,1499.0,hit,1712.0,hit,3268.0,hit,,never_hit,4.0,hit,9.0,hit,0.0,hit,9.0,hit,11.0,hit,91.0,hit,9.550000000000068,153,True,True,True,True,,9.550000000000068,153,True,True,True,True,,10.0,332,True,True,True,True,,,,True,True,True,False,6.675000000000045,1499.0,2026-03-04T10:30:00-05:00,2.799999999999983,8547.040000000126,1500.0,2026-03-04T10:31:00-05:00,2.9499999999999886,8247.040000000115,1501.0,2026-03-04T10:32:00-05:00,2.9000000000000057,8347.04000000008,1500.0,2026-03-04T10:31:00-05:00,2.9499999999999886,8247.040000000115,1724.0,2026-03-04T14:15:00-05:00,1.9499999999999886,10247.040000000115,2911.0,2026-03-05T10:02:00-05:00,1.8999999999999986,10347.040000000095,2912.0,2026-03-05T10:03:00-05:00,1.5999999999999979,10947.040000000097,1725.0,2026-03-04T14:16:00-05:00,2.249999999999993,9647.040000000106,3268.0,2026-03-05T15:59:00-05:00,0.5250000000000001,13097.040000000092,,,,,,,,,,,,,,,,,,,,,,,,,,,,,3269
2026-03-04,2026-03-06,2,5.0,2026-03-04T09:31:00-05:00,5.0,NDXP  260306P25020000,NDXP  260306P25010000,final_holdout,False,False,0,0,0,29,0,1171,available,False,2026-03-04T09:31:00-05:00,2026-03-06T16:00:00-05:00,10.0,-10152.96,0.0,last_observed_quote_not_settlement,1036.0,589,77,5.100000000000023,-452.9600000000448,2026-03-04T09:32:00-05:00,0.0,4.849999999999966,47.04000000006892,2026-03-04T09:33:00-05:00,0.0,5.100000000000023,-452.9600000000448,2026-03-04T09:36:00-05:00,0.0,5.399999999999977,-1052.9599999999539,2026-03-04T09:41:00-05:00,0.0,5.599999999999966,-1452.9599999999311,2026-03-04T09:46:00-05:00,0.0,4.599999999999994,547.040000000012,2026-03-04T10:01:00-05:00,0.0,3.349999999999966,3047.040000000069,2026-03-04T10:31:00-05:00,0.0,3.6000000000000227,2547.0399999999554,2026-03-04T11:31:00-05:00,0.0,3.450000000000017,2847.0399999999668,2026-03-04T16:00:00-05:00,0.0,3.950000000000017,1847.0399999999665,2026-03-05T16:00:00-05:00,0.0,10.0,-10152.96,2026-03-06T16:00:00-05:00,0.0,,,,,0.0,hit,0.0,hit,48.0,hit,49.0,hit,52.0,hit,1469.0,hit,1469.0,hit,9.0,hit,1500.0,hit,1651.0,hit,2880.0,hit,2885.0,hit,2885.0,hit,5.600000000000023,25,False,False,False,False,,5.600000000000023,25,False,False,False,False,,5.799999999999983,30,False,False,False,False,,5.799999999999983,30,False,False,False,False,,49.0,2026-03-04T10:20:00-05:00,2.3000000000000114,5147.039999999978,218.0,2026-03-04T13:09:00-05:00,2.9000000000000057,3947.0399999999895,244.0,2026-03-04T13:35:00-05:00,2.8499999999999943,4047.040000000012,50.0,2026-03-04T10:21:00-05:00,3.9499999999999886,1847.0400000000234,52.0,2026-03-04T10:23:00-05:00,1.650000000000034,6447.039999999933,,,,,,,,,53.0,2026-03-04T10:24:00-05:00,3.8499999999999943,2047.0400000000122,1469.0,2026-03-05T10:00:00-05:00,0.3499999999999943,9047.040000000014,,,,,,,,,1470.0,2026-03-05T10:01:00-05:00,2.75,4247.040000000001,1469.0,2026-03-05T10:00:00-05:00,0.3499999999999943,9047.040000000014,,,,,,,,,1470.0,2026-03-05T10:01:00-05:00,2.75,4247.040000000001,3270
2026-03-04,2026-03-06,2,6.0,2026-03-04T09:31:00-05:00,6.0,NDXP  260306P25130000,NDXP  260306P25120000,final_holdout,False,False,0,0,0,66,0,1134,available,False,2026-03-04T09:31:00-05:00,2026-03-06T15:59:00-05:00,10.0,-8152.96,1.0,last_observed_quote_not_settlement,1036.0,540,71,6.350000000000023,-952.9600000000448,2026-03-04T09:32:00-05:00,0.0,5.7999999999999545,147.04000000009165,2026-03-04T09:33:00-05:00,0.0,6.999999999999943,-2252.9599999998854,2026-03-04T09:36:00-05:00,0.0,6.350000000000023,-952.9600000000448,2026-03-04T09:41:00-05:00,0.0,6.550000000000011,-1352.960000000022,2026-03-04T09:46:00-05:00,0.0,5.649999999999977,447.0400000000462,2026-03-04T10:01:00-05:00,0.0,4.199999999999989,3347.0400000000236,2026-03-04T10:31:00-05:00,0.0,3.400000000000034,4947.039999999933,2026-03-04T11:31:00-05:00,0.0,3.849999999999966,4047.040000000069,2026-03-04T16:00:00-05:00,0.0,5.699999999999989,347.04000000002344,2026-03-05T16:00:00-05:00,0.0,,,2026-03-06T15:59:00-05:00,60.0,,,,,3.0,hit,50.0,hit,51.0,hit,119.0,hit,119.0,hit,370.0,hit,370.0,hit,5.0,hit,13.0,hit,13.0,hit,1635.0,hit,2881.0,hit,2881.0,hit,7.0,24,True,False,False,False,,7.0,24,True,False,False,False,,7.0,24,True,False,False,False,,7.0,24,True,False,False,False,,119.0,2026-03-04T11:30:00-05:00,1.8499999999999943,8047.040000000012,334.0,2026-03-04T15:05:00-05:00,2.5500000000000114,6647.039999999978,,,,,120.0,2026-03-04T11:31:00-05:00,3.400000000000034,4947.039999999933,119.0,2026-03-04T11:30:00-05:00,1.8499999999999943,8047.040000000012,,,,,,,,,120.0,2026-03-04T11:31:00-05:00,3.400000000000034,4947.039999999933,370.0,2026-03-04T15:41:00-05:00,0.15000000000000568,11447.03999999999,,,,,,,,,371.0,2026-03-04T15:42:00-05:00,3.049999999999983,5647.0400000000345,370.0,2026-03-04T15:41:00-05:00,0.15000000000000568,11447.03999999999,,,,,,,,,371.0,2026-03-04T15:42:00-05:00,3.049999999999983,5647.0400000000345,3271
2026-03-04,2026-03-06,2,7.0,2026-03-04T09:31:00-05:00,7.099999999999966,NDXP  260306P25270000,NDXP  260306P25260000,final_holdout,False,False,0,0,0,86,0,1114,available,False,2026-03-04T09:31:00-05:00,2026-03-06T16:00:00-05:00,10.0,-5952.960000000068,0.0,last_observed_quote_not_settlement,1036.0,573,48,8.0,-2052.960000000069,2026-03-04T09:32:00-05:00,0.0,7.400000000000034,-852.9600000001358,2026-03-04T09:33:00-05:00,0.0,7.2000000000000455,-452.96000000015846,2026-03-04T09:36:00-05:00,0.0,7.550000000000011,-1152.9600000000903,2026-03-04T09:41:00-05:00,0.0,7.699999999999989,-1452.9600000000448,2026-03-04T09:46:00-05:00,0.0,6.9500000000000455,47.03999999984155,2026-03-04T10:01:00-05:00,0.0,5.600000000000023,2747.039999999887,2026-03-04T10:31:00-05:00,0.0,5.800000000000068,2347.0399999997962,2026-03-04T11:31:00-05:00,0.0,5.5,2947.0399999999327,2026-03-04T16:00:00-05:00,0.0,7.350000000000023,-752.960000000113,2026-03-05T16:00:00-05:00,0.0,10.0,-5952.960000000068,2026-03-06T16:00:00-05:00,0.0,,,,,51.0,hit,56.0,hit,260.0,hit,,never_hit,,never_hit,,never_hit,,never_hit,1.0,hit,22.0,hit,0.0,hit,1.0,hit,22.0,hit,29.0,hit,,,True,True,True,False,3.099999999999966,,,True,True,True,False,3.099999999999966,,,True,True,True,False,3.099999999999966,,,True,True,True,False,3.099999999999966,,,,,,,,,,,,,,,,,,,,,,,,,,,,,,,,,,,,,,,,,,,,,,,,,,,,,,,,,,,,,,,,,3272
2026-03-06,2026-03-09,3,5.0,2026-03-06T09:31:00-05:00,4.899999999999977,NDXP  260309P24830000,NDXP  260309P24820000,final_holdout,False,False,0,0,4,35,0,752,available,False,2026-03-06T09:31:00-05:00,2026-03-09T15:52:00-04:00,0.34999999999999987,8847.039999999957,8.0,last_observed_quote_not_settlement,3916.0,457,115,5.349999999999966,-1152.9599999999766,2026-03-06T09:32:00-05:00,0.0,4.149999999999977,1247.0400000000006,2026-03-06T09:33:00-05:00,0.0,6.0499999999999545,-2552.9599999999537,2026-03-06T09:36:00-05:00,0.0,5.5,-1452.9600000000448,2026-03-06T09:41:00-05:00,0.0,5.5,-1452.9600000000448,2026-03-06T09:46:00-05:00,0.0,5.25,-952.9600000000448,2026-03-06T10:01:00-05:00,0.0,5.550000000000011,-1552.9600000000676,2026-03-06T10:31:00-05:00,0.0,5.399999999999977,-1252.9599999999994,2026-03-06T11:31:00-05:00,0.0,5.5,-1452.9600000000448,2026-03-06T16:00:00-05:00,0.0,,,2026-03-06T16:15:00-05:00,85500.0,,,2026-03-06T16:15:00-05:00,171900.0,,,2026-03-09T15:52:00-04:00,480.0,0.0,hit,0.0,hit,64.0,hit,109.0,hit,126.0,hit,4623.0,hit,4627.0,hit,5.0,hit,5.0,hit,16.0,hit,4260.0,hit,4260.0,hit,4268.0,hit,7.150000000000034,53,True,False,False,False,,7.150000000000034,58,True,False,False,False,,10.0,457,True,True,True,True,,10.0,457,True,True,True,True,,109.0,2026-03-06T11:20:00-05:00,2.9499999999999886,3647.039999999978,4619.0,2026-03-09T15:30:00-04:00,1.8000000000000007,5947.039999999954,4623.0,2026-03-09T15:34:00-04:00,0.8499999999999996,7847.039999999956,110.0,2026-03-06T11:21:00-05:00,4.600000000000023,347.03999999990975,332.0,2026-03-06T15:03:00-05:00,1.6500000000000057,6247.039999999944,4622.0,2026-03-09T15:33:00-04:00,1.1500000000000004,7247.0399999999545,4623.0,2026-03-09T15:34:00-04:00,0.8499999999999996,7847.039999999956,333.0,2026-03-06T15:04:00-05:00,4.099999999999994,1347.0399999999665,4623.0,2026-03-09T15:34:00-04:00,0.8499999999999996,7847.039999999956,4624.0,2026-03-09T15:35:00-04:00,0.9499999999999993,7647.039999999956,4628.0,2026-03-09T15:39:00-04:00,0.375,8797.039999999955,4624.0,2026-03-09T15:35:00-04:00,0.9499999999999993,7647.039999999956,4627.0,2026-03-09T15:38:00-04:00,0.375,8797.039999999955,4628.0,2026-03-09T15:39:00-04:00,0.375,8797.039999999955,4629.0,2026-03-09T15:40:00-04:00,0.20000000000000018,9147.039999999955,4628.0,2026-03-09T15:39:00-04:00,0.375,8797.039999999955,3273
2026-03-06,2026-03-09,3,6.0,2026-03-06T09:31:00-05:00,6.0,NDXP  260309P24930000,NDXP  260309P24920000,final_holdout,False,False,0,0,1,73,0,720,available,False,2026-03-06T09:31:00-05:00,2026-03-09T15:58:00-04:00,0.04999999999999993,11647.040000000003,2.0,last_observed_quote_not_settlement,3916.0,328,59,6.199999999999989,-652.9599999999766,2026-03-06T09:32:00-05:00,0.0,5.949999999999932,-152.95999999986287,2026-03-06T09:33:00-05:00,0.0,6.199999999999989,-652.9599999999766,2026-03-06T09:36:00-05:00,0.0,6.2000000000000455,-652.9600000000903,2026-03-06T09:41:00-05:00,0.0,6.2999999999999545,-852.9599999999084,2026-03-06T09:46:00-05:00,0.0,6.399999999999977,-1052.9599999999539,2026-03-06T10:01:00-05:00,0.0,5.399999999999977,947.0400000000461,2026-03-06T10:31:00-05:00,0.0,5.5499999999999545,647.0400000000916,2026-03-06T11:31:00-05:00,0.0,6.300000000000011,-852.9600000000221,2026-03-06T16:00:00-05:00,0.0,,,2026-03-06T16:15:00-05:00,85500.0,,,2026-03-06T16:15:00-05:00,171900.0,,,2026-03-09T15:58:00-04:00,120.0,4.0,hit,59.0,hit,154.0,hit,349.0,hit,349.0,hit,4647.0,hit,4647.0,hit,6.0,hit,12.0,hit,12.0,hit,314.0,hit,4260.0,hit,4263.0,hit,8.899999999999977,49,True,True,False,False,,8.899999999999977,49,True,True,False,False,,10.0,328,True,True,True,True,,10.0,328,True,True,True,True,,349.0,2026-03-06T15:20:00-05:00,1.2000000000000455,9347.03999999991,4628.0,2026-03-09T15:39:00-04:00,2.5999999999999996,6547.040000000002,4629.0,2026-03-09T15:40:00-04:00,1.6499999999999995,8447.040000000003,350.0,2026-03-06T15:21:00-05:00,5.900000000000034,-52.9600000000675,349.0,2026-03-06T15:20:00-05:00,1.2000000000000455,9347.03999999991,4647.0,2026-03-09T15:58:00-04:00,0.04999999999999993,11647.040000000003,,,,,350.0,2026-03-06T15:21:00-05:00,5.900000000000034,-52.9600000000675,4647.0,2026-03-09T15:58:00-04:00,0.04999999999999993,11647.040000000003,,,,,,,,,,,,,4647.0,2026-03-09T15:58:00-04:00,0.04999999999999993,11647.040000000003,,,,,,,,,,,,,3274
2026-03-06,2026-03-09,3,7.0,2026-03-06T09:31:00-05:00,7.0,NDXP  260309P24750000,NDXP  260309P24740000,final_holdout,False,False,0,0,0,8,0,776,available,False,2026-03-06T09:31:00-05:00,2026-03-09T15:49:00-04:00,0.025000000000000022,13697.04,11.0,last_observed_quote_not_settlement,3916.0,304,32,4.949999999999989,3847.0400000000236,2026-03-06T09:32:00-05:00,0.0,4.149999999999977,5447.040000000046,2026-03-06T09:33:00-05:00,0.0,5.0,3747.040000000001,2026-03-06T09:36:00-05:00,0.0,5.0499999999999545,3647.040000000092,2026-03-06T09:41:00-05:00,0.0,5.0,3747.040000000001,2026-03-06T09:46:00-05:00,0.0,4.549999999999983,4647.0400000000345,2026-03-06T10:01:00-05:00,0.0,4.149999999999977,5447.040000000046,2026-03-06T10:31:00-05:00,0.0,3.3500000000000227,7047.039999999955,2026-03-06T11:31:00-05:00,0.0,4.849999999999966,4047.040000000069,2026-03-06T16:00:00-05:00,0.0,,,2026-03-06T16:15:00-05:00,85500.0,,,2026-03-06T16:15:00-05:00,171900.0,,,2026-03-09T15:49:00-04:00,660.0,1.0,hit,1.0,hit,11.0,hit,46.0,hit,46.0,hit,4618.0,hit,4619.0,hit,4260.0,hit,4261.0,hit,0.0,hit,4261.0,hit,4270.0,hit,4272.0,hit,7.449999999999989,1,True,False,False,False,,7.449999999999989,1,True,False,False,False,,10.0,304,True,True,True,True,,10.0,304,True,True,True,True,,46.0,2026-03-06T10:17:00-05:00,1.5500000000000114,10647.039999999979,219.0,2026-03-06T13:10:00-05:00,2.6499999999999773,8447.040000000046,4613.0,2026-03-09T15:24:00-04:00,1.9499999999999993,9847.040000000003,47.0,2026-03-06T10:18:00-05:00,4.649999999999977,4447.040000000046,46.0,2026-03-06T10:17:00-05:00,1.5500000000000114,10647.039999999979,4614.0,2026-03-09T15:25:00-04:00,1.9000000000000004,9947.04,4618.0,2026-03-09T15:29:00-04:00,0.9000000000000004,11947.04,47.0,2026-03-06T10:18:00-05:00,4.649999999999977,4447.040000000046,4618.0,2026-03-09T15:29:00-04:00,0.9000000000000004,11947.04,4619.0,2026-03-09T15:30:00-04:00,0.47499999999999964,12797.040000000003,4623.0,2026-03-09T15:34:00-04:00,0.2250000000000001,13297.04,4619.0,2026-03-09T15:30:00-04:00,0.47499999999999964,12797.040000000003,4621.0,2026-03-09T15:32:00-04:00,0.3999999999999999,12947.04,4626.0,2026-03-09T15:37:00-04:00,0.17499999999999982,13397.040000000003,4627.0,2026-03-09T15:38:00-04:00,0.07500000000000018,13597.04,4622.0,2026-03-09T15:33:00-04:00,0.47500000000000053,12797.04,3275
2026-03-09,2026-03-11,2,5.0,2026-03-09T09:31:00-04:00,4.900000000000034,NDXP  260311P24760000,NDXP  260311P24750000,final_holdout,False,False,0,0,14,3,0,1176,available,False,2026-03-09T09:31:00-04:00,2026-03-11T15:52:00-04:00,0.125,9297.04000000007,8.0,last_observed_quote_not_settlement,1036.0,283,53,6.399999999999977,-3252.9599999998854,2026-03-09T09:32:00-04:00,0.0,5.899999999999977,-2252.9599999998854,2026-03-09T09:33:00-04:00,0.0,6.599999999999966,-3652.9599999998627,2026-03-09T09:36:00-04:00,0.0,6.749999999999943,-3952.9599999998172,2026-03-09T09:41:00-04:00,0.0,6.800000000000068,-4052.9600000000673,2026-03-09T09:46:00-04:00,0.0,6.75,-3952.959999999931,2026-03-09T10:01:00-04:00,0.0,7.300000000000011,-5052.959999999954,2026-03-09T10:31:00-04:00,0.0,5.399999999999977,-1252.9599999998857,2026-03-09T11:31:00-04:00,0.0,2.6500000000000057,4247.040000000057,2026-03-09T16:00:00-04:00,0.0,2.549999999999983,4447.040000000103,2026-03-10T16:00:00-04:00,0.0,,,2026-03-11T15:52:00-04:00,480.0,,,,,0.0,hit,0.0,hit,351.0,hit,362.0,hit,383.0,hit,1678.0,hit,2970.0,hit,1.0,hit,1.0,hit,20.0,hit,21.0,hit,252.0,hit,252.0,hit,9.750000000000057,283,True,True,True,True,,9.750000000000057,283,True,True,True,True,,9.750000000000057,283,True,True,True,True,,9.750000000000057,283,True,True,True,True,,362.0,2026-03-09T15:33:00-04:00,2.8999999999999773,3747.0400000001146,367.0,2026-03-09T15:38:00-04:00,2.8499999999999943,3847.0400000000805,368.0,2026-03-09T15:39:00-04:00,2.6500000000000057,4247.040000000057,363.0,2026-03-09T15:34:00-04:00,3.049999999999983,3447.040000000103,383.0,2026-03-09T15:54:00-04:00,1.799999999999983,5947.040000000103,1509.0,2026-03-10T10:40:00-04:00,1.7000000000000028,6147.040000000064,1510.0,2026-03-10T10:41:00-04:00,1.8999999999999986,5747.040000000072,384.0,2026-03-09T15:55:00-04:00,2.5,4547.040000000069,2889.0,2026-03-11T09:40:00-04:00,0.8999999999999986,7747.040000000072,2890.0,2026-03-11T09:41:00-04:00,0.9000000000000004,7747.040000000068,2891.0,2026-03-11T09:42:00-04:00,0.75,8047.040000000069,2890.0,2026-03-11T09:41:00-04:00,0.9000000000000004,7747.040000000068,3090.0,2026-03-11T13:01:00-04:00,0.39999999999999947,8747.04000000007,3098.0,2026-03-11T13:09:00-04:00,0.40000000000000036,8747.04000000007,3186.0,2026-03-11T14:37:00-04:00,0.30000000000000027,8947.040000000068,3091.0,2026-03-11T13:02:00-04:00,0.9500000000000011,7647.040000000066,3276
2026-03-09,2026-03-11,2,6.0,2026-03-09T09:31:00-04:00,5.949999999999932,NDXP  260311P24810000,NDXP  260311P24800000,final_holdout,False,False,0,0,15,2,0,1180,available,False,2026-03-09T09:31:00-04:00,2026-03-11T15:43:00-04:00,0.025000000000000022,11597.039999999864,17.0,last_observed_quote_not_settlement,1036.0,146,72,5.399999999999977,847.0399999999097,2026-03-09T09:32:00-04:00,0.0,6.399999999999977,-1152.9600000000903,2026-03-09T09:33:00-04:00,0.0,6.350000000000023,-1052.9600000001813,2026-03-09T09:36:00-04:00,0.0,7.050000000000068,-2452.960000000272,2026-03-09T09:41:00-04:00,0.0,7.999999999999886,-4352.95999999991,2026-03-09T09:46:00-04:00,0.0,7.2999999999999545,-2952.9600000000446,2026-03-09T10:01:00-04:00,0.0,8.199999999999989,-4752.960000000115,2026-03-09T10:31:00-04:00,0.0,5.850000000000023,-52.96000000018119,2026-03-09T11:31:00-04:00,0.0,3.1999999999999886,5247.039999999887,2026-03-09T16:00:00-04:00,0.0,2.75,6147.039999999864,2026-03-10T16:00:00-04:00,0.0,,,2026-03-11T15:43:00-04:00,1020.0,,,,,1.0,hit,40.0,hit,40.0,hit,252.0,hit,1444.0,hit,2910.0,hit,3206.0,hit,3.0,hit,6.0,hit,6.0,hit,26.0,hit,,never_hit,,never_hit,8.350000000000023,125,True,True,False,False,,8.350000000000023,146,True,True,False,False,,8.350000000000023,146,True,True,False,False,,8.350000000000023,146,True,True,False,False,,252.0,2026-03-09T13:43:00-04:00,2.699999999999932,6247.040000000001,391.0,2026-03-09T16:02:00-04:00,2.4499999999999886,6747.039999999887,392.0,2026-03-09T16:03:00-04:00,2.849999999999966,5947.039999999933,253.0,2026-03-09T13:44:00-04:00,6.0,-352.9600000001357,1444.0,2026-03-10T09:35:00-04:00,1.3000000000000114,9047.039999999843,1513.0,2026-03-10T10:44:00-04:00,1.8999999999999915,7847.039999999882,1514.0,2026-03-10T10:45:00-04:00,1.8999999999999986,7847.039999999867,1445.0,2026-03-10T09:36:00-04:00,2.8500000000000085,5947.039999999847,2910.0,2026-03-11T10:01:00-04:00,0.75,10147.039999999864,3089.0,2026-03-11T13:00:00-04:00,0.75,10147.039999999864,3090.0,2026-03-11T13:01:00-04:00,0.6999999999999993,10247.039999999866,2911.0,2026-03-11T10:02:00-04:00,0.9999999999999982,9647.039999999868,3235.0,2026-03-11T15:26:00-04:00,0.4249999999999998,10797.039999999866,3241.0,2026-03-11T15:32:00-04:00,0.2999999999999998,11047.039999999866,3242.0,2026-03-11T15:33:00-04:00,0.375,10897.039999999864,3236.0,2026-03-11T15:27:00-04:00,0.49999999999999956,10647.039999999864,3277
2026-03-09,2026-03-11,2,7.0,2026-03-09T09:31:00-04:00,7.0499999999999545,NDXP  260311P24970000,NDXP  260311P24960000,final_holdout,False,False,0,0,0,2,0,1198,available,False,2026-03-09T09:31:00-04:00,2026-03-11T16:00:00-04:00,7.450000000000001,-1052.9600000000924,0.0,last_observed_quote_not_settlement,1036.0,252,129,7.649999999999864,-1452.9599999998175,2026-03-09T09:32:00-04:00,0.0,7.25,-652.9600000000903,2026-03-09T09:33:00-04:00,0.0,7.4500000000000455,-1052.9600000001813,2026-03-09T09:36:00-04:00,0.0,8.150000000000091,-2452.960000000274,2026-03-09T09:41:00-04:00,0.0,8.899999999999977,-3952.9600000000464,2026-03-09T09:46:00-04:00,0.0,8.449999999999818,-3052.959999999728,2026-03-09T10:01:00-04:00,0.0,8.099999999999909,-2352.95999999991,2026-03-09T10:31:00-04:00,0.0,6.699999999999989,447.0399999999325,2026-03-09T11:31:00-04:00,0.0,2.8999999999999773,8047.039999999955,2026-03-09T16:00:00-04:00,0.0,4.400000000000034,5047.039999999842,2026-03-10T16:00:00-04:00,0.0,7.450000000000001,-1052.9600000000924,2026-03-11T16:00:00-04:00,0.0,,,,,118.0,hit,118.0,hit,359.0,hit,386.0,hit,1479.0,hit,1750.0,hit,1750.0,hit,1.0,hit,9.0,hit,0.0,hit,9.0,hit,45.0,hit,,never_hit,9.349999999999909,170,True,True,True,True,,9.349999999999909,170,True,True,True,True,,9.349999999999909,170,True,True,True,True,,9.349999999999909,170,True,True,True,True,,389.0,2026-03-09T16:00:00-04:00,2.8999999999999773,8047.039999999955,1523.0,2026-03-10T10:54:00-04:00,2.8000000000000114,8247.039999999888,1524.0,2026-03-10T10:55:00-04:00,2.8500000000000085,8147.039999999893,390.0,2026-03-09T16:01:00-04:00,3.8000000000000114,6247.039999999887,1479.0,2026-03-10T10:10:00-04:00,1.8999999999999773,10047.039999999955,,,,,,,,,1480.0,2026-03-10T10:11:00-04:00,4.650000000000034,4547.039999999842,1750.0,2026-03-10T14:41:00-04:00,0.4000000000000057,13047.039999999899,,,,,,,,,1751.0,2026-03-10T14:42:00-04:00,3.65000000000002,6547.03999999987,1750.0,2026-03-10T14:41:00-04:00,0.4000000000000057,13047.039999999899,,,,,,,,,1751.0,2026-03-10T14:42:00-04:00,3.65000000000002,6547.03999999987,3278
2026-03-10,2026-03-12,2,5.0,2026-03-10T09:31:00-04:00,5.0,NDXP  260312P25160000,NDXP  260312P25150000,final_holdout,False,False,0,0,0,72,0,1127,available,False,2026-03-10T09:31:00-04:00,2026-03-12T15:59:00-04:00,10.0,-10152.96,1.0,last_observed_quote_not_settlement,1036.0,796,72,5.0,-252.9599999999993,2026-03-10T09:32:00-04:00,0.0,5.050000000000011,-352.96000000002203,2026-03-10T09:33:00-04:00,0.0,5.449999999999989,-1152.9599999999766,2026-03-10T09:36:00-04:00,0.0,5.300000000000011,-852.9600000000221,2026-03-10T09:41:00-04:00,0.0,5.050000000000011,-352.96000000002203,2026-03-10T09:46:00-04:00,0.0,6.0499999999999545,-2352.959999999908,2026-03-10T10:01:00-04:00,0.0,5.350000000000023,-952.9600000000448,2026-03-10T10:31:00-04:00,0.0,4.449999999999989,847.0400000000234,2026-03-10T11:31:00-04:00,0.0,6.850000000000023,-3952.9600000000446,2026-03-10T16:00:00-04:00,0.0,6.899999999999977,-4052.9599999999537,2026-03-11T16:00:00-04:00,0.0,,,2026-03-12T15:59:00-04:00,60.0,,,,,0.0,hit,0.0,hit,8.0,hit,74.0,hit,152.0,hit,,never_hit,,never_hit,7.0,hit,9.0,hit,1445.0,hit,2880.0,hit,2880.0,hit,2880.0,hit,6.75,59,False,False,False,False,,6.75,63,False,False,False,False,,,,True,True,True,False,3.3000000000000114,,,True,True,True,False,3.3000000000000114,133.0,2026-03-10T11:44:00-04:00,2.3000000000000114,5147.039999999978,,,,,,,,,134.0,2026-03-10T11:45:00-04:00,4.449999999999989,847.0400000000234,152.0,2026-03-10T12:03:00-04:00,1.6999999999999886,6347.040000000024,,,,,,,,,153.0,2026-03-10T12:04:00-04:00,4.250000000000028,1247.0399999999438,,,,,,,,,,,,,,,,,,,,,,,,,,,,,,,,,3279
2026-03-10,2026-03-12,2,6.0,2026-03-10T09:31:00-04:00,5.949999999999989,NDXP  260312P25300000,NDXP  260312P25290000,final_holdout,False,False,0,0,0,88,0,1112,available,False,2026-03-10T09:31:00-04:00,2026-03-12T16:00:00-04:00,9.25,-6852.960000000024,0.0,last_observed_quote_not_settlement,1036.0,855,51,6.199999999999989,-752.9599999999994,2026-03-10T09:32:00-04:00,0.0,6.050000000000011,-452.9600000000448,2026-03-10T09:33:00-04:00,0.0,6.7000000000000455,-1752.960000000113,2026-03-10T09:36:00-04:00,0.0,6.350000000000023,-1052.9600000000676,2026-03-10T09:41:00-04:00,0.0,6.399999999999977,-1152.9599999999766,2026-03-10T09:46:00-04:00,0.0,7.100000000000023,-2552.9600000000673,2026-03-10T10:01:00-04:00,0.0,6.7000000000000455,-1752.960000000113,2026-03-10T10:31:00-04:00,0.0,6.300000000000011,-952.9600000000448,2026-03-10T11:31:00-04:00,0.0,8.850000000000023,-6052.960000000069,2026-03-10T16:00:00-04:00,0.0,8.849999999999966,-6052.9599999999555,2026-03-11T16:00:00-04:00,0.0,9.25,-6852.960000000024,2026-03-12T16:00:00-04:00,0.0,,,,,69.0,hit,217.0,hit,1577.0,hit,1577.0,hit,,never_hit,,never_hit,,never_hit,3.0,hit,27.0,hit,27.0,hit,31.0,hit,31.0,hit,31.0,hit,9.750000000000057,352,True,True,True,True,,,,True,True,True,False,3.1999999999999886,,,True,True,True,False,3.1999999999999886,,,True,True,True,False,3.1999999999999886,1577.0,2026-03-11T11:48:00-04:00,2.900000000000034,5847.03999999991,,,,,,,,,1578.0,2026-03-11T11:49:00-04:00,8.25,-4852.960000000024,,,,,,,,,,,,,,,,,,,,,,,,,,,,,,,,,,,,,,,,,,,,,,,,,3280
2026-03-10,2026-03-12,2,7.0,2026-03-10T09:31:00-04:00,6.949999999999989,NDXP  260312P25380000,NDXP  260312P25370000,final_holdout,False,False,0,0,0,116,0,1084,available,False,2026-03-10T09:31:00-04:00,2026-03-12T15:52:00-04:00,10.0,-6252.960000000023,8.0,last_observed_quote_not_settlement,1037.0,760,48,6.949999999999989,-252.9599999999993,2026-03-10T09:32:00-04:00,0.0,6.899999999999977,-152.95999999997656,2026-03-10T09:33:00-04:00,0.0,7.400000000000091,-1152.960000000204,2026-03-10T09:36:00-04:00,0.0,6.899999999999977,-152.95999999997656,2026-03-10T09:41:00-04:00,0.0,6.199999999999932,1247.0400000001143,2026-03-10T09:46:00-04:00,0.0,7.899999999999977,-2152.9599999999764,2026-03-10T10:01:00-04:00,0.0,7.449999999999932,-1252.9599999998857,2026-03-10T10:31:00-04:00,0.0,6.600000000000023,447.0399999999325,2026-03-10T11:31:00-04:00,0.0,8.799999999999955,-3952.9599999999327,2026-03-10T16:00:00-04:00,0.0,9.649999999999977,-5652.959999999978,2026-03-11T16:00:00-04:00,0.0,,,2026-03-12T15:52:00-04:00,480.0,,,,,390.0,hit,391.0,hit,392.0,hit,,never_hit,,never_hit,,never_hit,,never_hit,4.0,hit,7.0,hit,3.0,hit,7.0,hit,25.0,hit,397.0,hit,,,True,True,True,False,3.1000000000000227,,,True,True,True,False,3.1000000000000227,,,True,True,True,False,3.1000000000000227,,,True,True,True,False,3.1000000000000227,,,,,,,,,,,,,,,,,,,,,,,,,,,,,,,,,,,,,,,,,,,,,,,,,,,,,,,,,,,,,,,,,3281
2026-03-11,2026-03-13,2,5.0,2026-03-11T09:31:00-04:00,5.0,NDXP  260313P25200000,NDXP  260313P25190000,final_holdout,False,False,0,0,0,129,0,1071,available,False,2026-03-11T09:31:00-04:00,2026-03-13T16:00:00-04:00,9.100000000000023,-8452.960000000046,0.0,last_observed_quote_not_settlement,1036.0,934,38,5.099999999999966,-452.9599999999311,2026-03-11T09:32:00-04:00,0.0,4.399999999999977,947.0400000000461,2026-03-11T09:33:00-04:00,0.0,6.199999999999989,-2652.9599999999764,2026-03-11T09:36:00-04:00,0.0,5.149999999999977,-552.9599999999539,2026-03-11T09:41:00-04:00,0.0,5.100000000000023,-452.9600000000448,2026-03-11T09:46:00-04:00,0.0,3.299999999999983,3147.040000000035,2026-03-11T10:01:00-04:00,0.0,5.649999999999977,-1552.9599999999539,2026-03-11T10:31:00-04:00,0.0,6.600000000000023,-3452.9600000000446,2026-03-11T11:31:00-04:00,0.0,6.199999999999932,-2652.9599999998627,2026-03-11T16:00:00-04:00,0.0,,,2026-03-12T15:59:00-04:00,60.0,9.100000000000023,-8452.960000000046,2026-03-13T16:00:00-04:00,0.0,,,,,0.0,hit,0.0,hit,14.0,hit,1834.0,hit,,never_hit,,never_hit,,never_hit,5.0,hit,5.0,hit,57.0,hit,1441.0,hit,1456.0,hit,1493.0,hit,10.0,672,True,True,True,True,,,,True,True,True,False,2.0499999999999545,,,True,True,True,False,2.0499999999999545,,,True,True,True,False,2.0499999999999545,,,,,,,,,,,,,,,,,,,,,,,,,,,,,,,,,,,,,,,,,,,,,,,,,,,,,,,,,,,,,,,,,3282
2026-03-11,2026-03-13,2,6.0,2026-03-11T09:31:00-04:00,6.199999999999989,NDXP  260313P25350000,NDXP  260313P25340000,final_holdout,False,False,0,0,0,139,0,1061,available,False,2026-03-11T09:31:00-04:00,2026-03-13T16:00:00-04:00,9.149999999999977,-6152.959999999978,0.0,last_observed_quote_not_settlement,1036.0,932,25,6.600000000000023,-1052.9600000000676,2026-03-11T09:32:00-04:00,0.0,6.400000000000034,-652.9600000000903,2026-03-11T09:33:00-04:00,0.0,6.5,-852.9600000000221,2026-03-11T09:36:00-04:00,0.0,6.300000000000068,-452.96000000015846,2026-03-11T09:41:00-04:00,0.0,6.400000000000034,-652.9600000000903,2026-03-11T09:46:00-04:00,0.0,5.449999999999989,1247.0400000000006,2026-03-11T10:01:00-04:00,0.0,6.949999999999989,-1752.9599999999994,2026-03-11T10:31:00-04:00,0.0,7.749999999999943,-3352.959999999908,2026-03-11T11:31:00-04:00,0.0,7.800000000000011,-3452.9600000000446,2026-03-11T16:00:00-04:00,0.0,10.0,-7752.960000000023,2026-03-12T16:00:00-04:00,0.0,9.149999999999977,-6152.959999999978,2026-03-13T16:00:00-04:00,0.0,,,,,14.0,hit,14.0,hit,14.0,hit,14.0,hit,,never_hit,,never_hit,,never_hit,17.0,hit,42.0,hit,21.0,hit,108.0,hit,110.0,hit,110.0,hit,6.600000000000023,11,False,False,False,False,,,,True,True,True,False,3.7999999999999545,,,True,True,True,False,3.7999999999999545,,,True,True,True,False,3.7999999999999545,14.0,2026-03-11T09:45:00-04:00,2.400000000000034,7347.03999999991,,,,,,,,,15.0,2026-03-11T09:46:00-04:00,6.400000000000034,-652.9600000000903,,,,,,,,,,,,,,,,,,,,,,,,,,,,,,,,,,,,,,,,,,,,,,,,,3283
2026-03-11,2026-03-13,2,7.0,2026-03-11T09:31:00-04:00,7.0,NDXP  260313P25520000,NDXP  260313P25510000,final_holdout,False,False,0,0,0,146,0,1054,available,False,2026-03-11T09:31:00-04:00,2026-03-13T15:59:00-04:00,10.0,-6152.96,1.0,last_observed_quote_not_settlement,1036.0,925,11,8.199999999999989,-2652.959999999978,2026-03-11T09:32:00-04:00,0.0,8.099999999999966,-2452.9599999999327,2026-03-11T09:33:00-04:00,0.0,8.050000000000011,-2352.9600000000237,2026-03-11T09:36:00-04:00,0.0,7.949999999999989,-2152.9599999999764,2026-03-11T09:41:00-04:00,0.0,9.149999999999977,-4552.9599999999555,2026-03-11T09:46:00-04:00,0.0,7.600000000000023,-1452.9600000000448,2026-03-11T10:01:00-04:00,0.0,8.450000000000045,-3152.960000000092,2026-03-11T10:31:00-04:00,0.0,9.149999999999864,-4552.959999999728,2026-03-11T11:31:00-04:00,0.0,9.400000000000091,-5052.960000000183,2026-03-11T16:00:00-04:00,0.0,10.0,-6152.96,2026-03-12T16:00:00-04:00,0.0,,,2026-03-13T15:59:00-04:00,60.0,,,,,1488.0,hit,1488.0,hit,1488.0,hit,,never_hit,,never_hit,,never_hit,,never_hit,1.0,hit,1.0,hit,0.0,hit,1.0,hit,15.0,hit,35.0,hit,,,True,True,True,False,3.4500000000000455,,,True,True,True,False,3.4500000000000455,,,True,True,True,False,3.4500000000000455,,,True,True,True,False,3.4500000000000455,,,,,,,,,,,,,,,,,,,,,,,,,,,,,,,,,,,,,,,,,,,,,,,,,,,,,,,,,,,,,,,,,3284
2026-03-13,2026-03-16,3,5.0,2026-03-13T09:31:00-04:00,5.000000000000028,NDXP  260316P24750000,NDXP  260316P24740000,final_holdout,False,False,0,0,0,8,0,787,available,False,2026-03-13T09:31:00-04:00,2026-03-16T15:55:00-04:00,10.0,-10152.959999999943,5.0,last_observed_quote_not_settlement,3916.0,720,52,5.399999999999977,-1052.959999999897,2026-03-13T09:32:00-04:00,0.0,5.099999999999966,-452.95999999987424,2026-03-13T09:33:00-04:00,0.0,4.7000000000000455,347.0399999999666,2026-03-13T09:36:00-04:00,0.0,3.8499999999999943,2047.040000000069,2026-03-13T09:41:00-04:00,0.0,3.950000000000017,1847.0400000000234,2026-03-13T09:46:00-04:00,0.0,4.399999999999977,947.040000000103,2026-03-13T10:01:00-04:00,0.0,4.850000000000023,47.04000000001208,2026-03-13T10:31:00-04:00,0.0,6.7999999999999545,-3852.9599999998513,2026-03-13T11:31:00-04:00,0.0,7.800000000000011,-5852.9599999999655,2026-03-13T16:00:00-04:00,0.0,,,2026-03-13T16:15:00-04:00,85500.0,,,2026-03-13T16:15:00-04:00,171900.0,,,2026-03-16T15:55:00-04:00,300.0,0.0,hit,3.0,hit,10.0,hit,4349.0,hit,,never_hit,,never_hit,,never_hit,34.0,hit,34.0,hit,41.0,hit,41.0,hit,365.0,hit,378.0,hit,9.650000000000034,392,True,True,True,True,,,,True,True,True,False,2.3000000000000256,,,True,True,True,False,2.3000000000000256,,,True,True,True,False,2.3000000000000256,4349.0,2026-03-16T10:00:00-04:00,2.700000000000003,4347.040000000052,,,,,,,,,4350.0,2026-03-16T10:01:00-04:00,4.849999999999994,47.04000000006892,,,,,,,,,,,,,,,,,,,,,,,,,,,,,,,,,,,,,,,,,,,,,,,,,3285
2026-03-13,2026-03-16,3,6.0,2026-03-13T09:31:00-04:00,6.100000000000023,NDXP  260316P24770000,NDXP  260316P24760000,final_holdout,False,False,0,0,0,10,0,785,available,False,2026-03-13T09:31:00-04:00,2026-03-16T16:00:00-04:00,10.0,-7952.959999999955,0.0,last_observed_quote_not_settlement,3916.0,648,57,5.2000000000000455,1547.0399999999552,2026-03-13T09:32:00-04:00,0.0,5.199999999999989,1547.0400000000689,2026-03-13T09:33:00-04:00,0.0,5.199999999999932,1547.0400000001825,2026-03-13T09:36:00-04:00,0.0,5.050000000000011,1847.0400000000234,2026-03-13T09:41:00-04:00,0.0,4.150000000000006,3647.040000000035,2026-03-13T09:46:00-04:00,0.0,4.599999999999994,2747.0400000000577,2026-03-13T10:01:00-04:00,0.0,5.0,1947.0400000000461,2026-03-13T10:31:00-04:00,0.0,6.949999999999989,-1952.9599999999311,2026-03-13T11:31:00-04:00,0.0,8.400000000000034,-4852.960000000024,2026-03-13T16:00:00-04:00,0.0,,,2026-03-13T16:15:00-04:00,85500.0,,,2026-03-13T16:15:00-04:00,171900.0,10.0,-7952.959999999955,2026-03-16T16:00:00-04:00,0.0,1.0,hit,12.0,hit,14.0,hit,37.0,hit,,never_hit,,never_hit,,never_hit,81.0,hit,81.0,hit,81.0,hit,142.0,hit,293.0,hit,293.0,hit,6.500000000000028,1,False,False,False,False,,,,True,True,True,False,3.650000000000034,,,True,True,True,False,3.650000000000034,,,True,True,True,False,3.650000000000034,37.0,2026-03-13T10:08:00-04:00,2.799999999999983,6347.04000000008,,,,,,,,,38.0,2026-03-13T10:09:00-04:00,5.150000000000006,1647.0400000000348,,,,,,,,,,,,,,,,,,,,,,,,,,,,,,,,,,,,,,,,,,,,,,,,,3286
2026-03-13,2026-03-16,3,7.0,2026-03-13T09:31:00-04:00,6.900000000000034,NDXP  260316P24970000,NDXP  260316P24960000,final_holdout,False,False,0,0,0,79,0,716,available,False,2026-03-13T09:31:00-04:00,2026-03-16T16:00:00-04:00,10.0,-6352.959999999932,0.0,last_observed_quote_not_settlement,3916.0,616,23,6.7999999999999545,-52.95999999984013,2026-03-13T09:32:00-04:00,0.0,6.849999999999966,-152.95999999986287,2026-03-13T09:33:00-04:00,0.0,7.550000000000068,-1552.9600000000676,2026-03-13T09:36:00-04:00,0.0,6.800000000000011,-52.959999999953816,2026-03-13T09:41:00-04:00,0.0,6.0,1547.0400000000689,2026-03-13T09:46:00-04:00,0.0,6.25,1047.0400000000689,2026-03-13T10:01:00-04:00,0.0,6.75,47.04000000006892,2026-03-13T10:31:00-04:00,0.0,8.399999999999977,-3252.9599999998873,2026-03-13T11:31:00-04:00,0.0,9.399999999999977,-5252.959999999887,2026-03-13T16:00:00-04:00,0.0,,,2026-03-13T16:15:00-04:00,85500.0,,,2026-03-13T16:15:00-04:00,171900.0,10.0,-6352.959999999932,2026-03-16T16:00:00-04:00,0.0,17.0,hit,26.0,hit,,never_hit,,never_hit,,never_hit,,never_hit,,never_hit,5.0,hit,84.0,hit,5.0,hit,84.0,hit,91.0,hit,194.0,hit,,,True,True,True,False,2.099999999999966,,,True,True,True,False,2.099999999999966,,,True,True,True,False,2.099999999999966,,,True,True,True,False,2.099999999999966,,,,,,,,,,,,,,,,,,,,,,,,,,,,,,,,,,,,,,,,,,,,,,,,,,,,,,,,,,,,,,,,,3287
2026-03-16,2026-03-18,2,5.0,2026-03-16T09:31:00-04:00,5.0,NDXP  260318P24760000,NDXP  260318P24750000,final_holdout,False,False,0,0,1,12,0,1186,available,False,2026-03-16T09:31:00-04:00,2026-03-18T15:59:00-04:00,10.0,-10152.96,1.0,last_observed_quote_not_settlement,1036.0,501,187,4.7999999999999545,147.04000000009165,2026-03-16T09:32:00-04:00,0.0,5.150000000000034,-552.9600000000676,2026-03-16T09:33:00-04:00,0.0,4.649999999999977,447.0400000000462,2026-03-16T09:36:00-04:00,0.0,4.600000000000023,547.0399999999552,2026-03-16T09:41:00-04:00,0.0,4.100000000000023,1547.0399999999552,2026-03-16T09:46:00-04:00,0.0,5.550000000000011,-1352.960000000022,2026-03-16T10:01:00-04:00,0.0,5.25,-752.9599999999994,2026-03-16T10:31:00-04:00,0.0,4.050000000000011,1647.039999999978,2026-03-16T11:31:00-04:00,0.0,5.350000000000023,-952.9600000000448,2026-03-16T16:00:00-04:00,0.0,3.950000000000017,1847.0399999999665,2026-03-17T16:00:00-04:00,0.0,,,2026-03-18T15:59:00-04:00,60.0,,,,,0.0,hit,0.0,hit,19.0,hit,19.0,hit,56.0,hit,,never_hit,,never_hit,30.0,hit,129.0,hit,2936.0,hit,2937.0,hit,3091.0,hit,3182.0,hit,5.150000000000034,2,False,False,False,False,,5.850000000000023,8,False,False,False,False,,,,True,True,True,False,3.9000000000000057,,,True,True,True,False,3.9000000000000057,19.0,2026-03-16T09:50:00-04:00,2.8000000000000114,4147.039999999978,1459.0,2026-03-17T09:50:00-04:00,2.799999999999983,4147.0400000000345,1460.0,2026-03-17T09:51:00-04:00,1.8999999999999915,5947.040000000018,20.0,2026-03-16T09:51:00-04:00,4.599999999999966,547.0400000000689,56.0,2026-03-16T10:27:00-04:00,1.6499999999999773,6447.040000000046,,,,,,,,,57.0,2026-03-16T10:28:00-04:00,3.6499999999999773,2447.0400000000463,,,,,,,,,,,,,,,,,,,,,,,,,,,,,,,,,3288
2026-03-16,2026-03-18,2,6.0,2026-03-16T09:31:00-04:00,5.900000000000034,NDXP  260318P24870000,NDXP  260318P24860000,final_holdout,False,False,0,0,0,19,0,1179,available,False,2026-03-16T09:31:00-04:00,2026-03-18T15:57:00-04:00,10.0,-8352.95999999993,3.0,last_observed_quote_not_settlement,1036.0,518,175,6.099999999999966,-652.9599999998629,2026-03-16T09:32:00-04:00,0.0,5.75,47.04000000006892,2026-03-16T09:33:00-04:00,0.0,5.5,547.0400000000689,2026-03-16T09:36:00-04:00,0.0,5.249999999999943,1047.0400000001825,2026-03-16T09:41:00-04:00,0.0,5.300000000000011,947.0400000000461,2026-03-16T09:46:00-04:00,0.0,5.399999999999977,747.0400000001143,2026-03-16T10:01:00-04:00,0.0,5.699999999999989,147.04000000009165,2026-03-16T10:31:00-04:00,0.0,5.399999999999977,747.0400000001143,2026-03-16T11:31:00-04:00,0.0,5.449999999999989,647.0400000000916,2026-03-16T16:00:00-04:00,0.0,5.349999999999994,847.0400000000802,2026-03-17T16:00:00-04:00,0.0,,,2026-03-18T15:57:00-04:00,180.0,,,,,3.0,hit,6.0,hit,275.0,hit,275.0,hit,,never_hit,,never_hit,,never_hit,11.0,hit,11.0,hit,11.0,hit,2912.0,hit,2931.0,hit,2975.0,hit,7.550000000000068,81,True,False,False,False,,,,True,True,True,False,3.600000000000051,,,True,True,True,False,3.600000000000051,,,True,True,True,False,3.600000000000051,275.0,2026-03-16T14:06:00-04:00,2.400000000000034,6747.040000000001,,,,,,,,,276.0,2026-03-16T14:07:00-04:00,5.75,47.04000000006892,,,,,,,,,,,,,,,,,,,,,,,,,,,,,,,,,,,,,,,,,,,,,,,,,3289
2026-03-16,2026-03-18,2,7.0,2026-03-16T09:31:00-04:00,7.0,NDXP  260318P24990000,NDXP  260318P24980000,final_holdout,False,False,0,0,0,39,0,1160,available,False,2026-03-16T09:31:00-04:00,2026-03-18T16:00:00-04:00,10.0,-6152.96,0.0,last_observed_quote_not_settlement,1036.0,762,132,6.849999999999966,47.04000000006892,2026-03-16T09:32:00-04:00,0.0,7.099999999999966,-452.9599999999311,2026-03-16T09:33:00-04:00,0.0,6.5499999999999545,647.0400000000916,2026-03-16T09:36:00-04:00,0.0,6.800000000000011,147.03999999997797,2026-03-16T09:41:00-04:00,0.0,6.600000000000023,547.0399999999552,2026-03-16T09:46:00-04:00,0.0,6.75,247.04000000000067,2026-03-16T10:01:00-04:00,0.0,5.9500000000000455,1847.0399999999097,2026-03-16T10:31:00-04:00,0.0,6.650000000000034,447.0399999999325,2026-03-16T11:31:00-04:00,0.0,7.449999999999989,-1152.9599999999766,2026-03-16T16:00:00-04:00,0.0,7.5,-1252.9599999999994,2026-03-17T16:00:00-04:00,0.0,10.0,-6152.96,2026-03-18T16:00:00-04:00,0.0,,,,,1442.0,hit,1474.0,hit,,never_hit,,never_hit,,never_hit,,never_hit,,never_hit,77.0,hit,1566.0,hit,0.0,hit,1566.0,hit,1708.0,hit,1821.0,hit,,,True,True,True,False,2.4499999999999886,,,True,True,True,False,2.4499999999999886,,,True,True,True,False,2.4499999999999886,,,True,True,True,False,2.4499999999999886,,,,,,,,,,,,,,,,,,,,,,,,,,,,,,,,,,,,,,,,,,,,,,,,,,,,,,,,,,,,,,,,,3290
2026-03-17,2026-03-19,2,5.0,2026-03-17T09:31:00-04:00,5.0,NDXP  260319P24880000,NDXP  260319P24870000,final_holdout,False,False,0,0,1,95,0,1104,available,False,2026-03-17T09:31:00-04:00,2026-03-19T16:00:00-04:00,8.700000000000045,-7652.960000000092,0.0,last_observed_quote_not_settlement,1036.0,764,145,7.349999999999994,-4952.959999999988,2026-03-17T09:32:00-04:00,0.0,4.650000000000034,447.0399999999325,2026-03-17T09:33:00-04:00,0.0,4.5,747.0400000000006,2026-03-17T09:36:00-04:00,0.0,4.5,747.0400000000006,2026-03-17T09:41:00-04:00,0.0,4.199999999999989,1347.0400000000234,2026-03-17T09:46:00-04:00,0.0,4.150000000000006,1447.0399999999893,2026-03-17T10:01:00-04:00,0.0,4.0,1747.0400000000006,2026-03-17T10:31:00-04:00,0.0,5.150000000000034,-552.9600000000676,2026-03-17T11:31:00-04:00,0.0,5.0,-252.9599999999993,2026-03-17T16:00:00-04:00,0.0,8.550000000000011,-7352.960000000024,2026-03-18T16:00:00-04:00,0.0,8.700000000000045,-7652.960000000092,2026-03-19T16:00:00-04:00,0.0,,,,,0.0,hit,0.0,hit,8.0,hit,20.0,hit,74.0,hit,,never_hit,,never_hit,1.0,hit,1.0,hit,1.0,hit,1656.0,hit,1800.0,hit,1820.0,hit,7.349999999999994,6,True,False,False,False,,7.349999999999994,11,True,False,False,False,,,,True,True,True,False,3.1999999999999886,,,True,True,True,False,3.1999999999999886,20.0,2026-03-17T09:51:00-04:00,2.299999999999983,5147.0400000000345,21.0,2026-03-17T09:52:00-04:00,2.4999999999999716,4747.040000000057,,,,,21.0,2026-03-17T09:52:00-04:00,2.4999999999999716,4747.040000000057,74.0,2026-03-17T10:45:00-04:00,1.8000000000000114,6147.039999999978,,,,,,,,,75.0,2026-03-17T10:46:00-04:00,4.350000000000023,1047.0399999999552,,,,,,,,,,,,,,,,,,,,,,,,,,,,,,,,,3291
2026-03-17,2026-03-19,2,6.0,2026-03-17T09:31:00-04:00,6.0,NDXP  260319P24990000,NDXP  260319P24980000,final_holdout,False,False,0,0,0,114,0,1085,available,False,2026-03-17T09:31:00-04:00,2026-03-19T16:00:00-04:00,10.0,-8152.96,0.0,last_observed_quote_not_settlement,1036.0,817,103,3.6499999999999773,4447.040000000046,2026-03-17T09:32:00-04:00,0.0,9.099999999999966,-6452.959999999933,2026-03-17T09:33:00-04:00,0.0,5.450000000000017,847.0399999999665,2026-03-17T09:36:00-04:00,0.0,5.699999999999989,347.04000000002344,2026-03-17T09:41:00-04:00,0.0,5.2999999999999545,1147.0400000000916,2026-03-17T09:46:00-04:00,0.0,5.2000000000000455,1347.0399999999097,2026-03-17T10:01:00-04:00,0.0,5.599999999999994,547.040000000012,2026-03-17T10:31:00-04:00,0.0,6.5,-1252.9599999999994,2026-03-17T11:31:00-04:00,0.0,7.100000000000023,-2452.9600000000446,2026-03-17T16:00:00-04:00,0.0,9.799999999999955,-7852.95999999991,2026-03-18T16:00:00-04:00,0.0,10.0,-8152.96,2026-03-19T16:00:00-04:00,0.0,,,,,1.0,hit,1.0,hit,1.0,hit,,never_hit,,never_hit,,never_hit,,never_hit,2.0,hit,2.0,hit,2.0,hit,2.0,hit,2.0,hit,403.0,hit,,,True,True,True,False,2.5,,,True,True,True,False,2.5,,,True,True,True,False,2.5,,,True,True,True,False,2.5,,,,,,,,,,,,,,,,,,,,,,,,,,,,,,,,,,,,,,,,,,,,,,,,,,,,,,,,,,,,,,,,,3292
2026-03-17,2026-03-19,2,7.0,2026-03-17T09:31:00-04:00,7.0,NDXP  260319P25030000,NDXP  260319P25020000,final_holdout,False,False,0,0,0,84,0,1115,available,False,2026-03-17T09:31:00-04:00,2026-03-19T16:00:00-04:00,9.950000000000045,-6152.96,0.0,last_observed_quote_not_settlement,1037.0,661,49,8.300000000000068,-2852.9600000001374,2026-03-17T09:32:00-04:00,0.0,5.9500000000000455,1847.0399999999097,2026-03-17T09:33:00-04:00,0.0,5.850000000000023,2047.0399999999554,2026-03-17T09:36:00-04:00,0.0,5.899999999999977,1947.0400000000461,2026-03-17T09:41:00-04:00,0.0,4.9500000000000455,3847.03999999991,2026-03-17T09:46:00-04:00,0.0,5.800000000000011,2147.039999999978,2026-03-17T10:01:00-04:00,0.0,6.0,1747.0400000000006,2026-03-17T10:31:00-04:00,0.0,6.399999999999977,947.0400000000461,2026-03-17T11:31:00-04:00,0.0,6.800000000000011,147.03999999997797,2026-03-17T16:00:00-04:00,0.0,9.900000000000091,-6052.960000000183,2026-03-18T16:00:00-04:00,0.0,9.950000000000045,-6152.96,2026-03-19T16:00:00-04:00,0.0,,,,,3.0,hit,8.0,hit,8.0,hit,8.0,hit,,never_hit,,never_hit,,never_hit,1.0,hit,1.0,hit,0.0,hit,1.0,hit,1501.0,hit,1501.0,hit,8.300000000000068,1,True,True,False,False,,,,True,True,True,False,4.2000000000000455,,,True,True,True,False,4.2000000000000455,,,True,True,True,False,4.2000000000000455,8.0,2026-03-17T09:39:00-04:00,2.7999999999999545,8147.040000000091,,,,,,,,,9.0,2026-03-17T09:40:00-04:00,5.899999999999977,1947.0400000000461,,,,,,,,,,,,,,,,,,,,,,,,,,,,,,,,,,,,,,,,,,,,,,,,,3293
2026-03-18,2026-03-20,2,5.0,2026-03-18T09:31:00-04:00,5.0,NDXP  260320P24770000,NDXP  260320P24760000,final_holdout,False,False,0,0,0,28,0,1171,available,False,2026-03-18T09:31:00-04:00,2026-03-20T16:00:00-04:00,0.0,9747.04,0.0,last_observed_quote_not_settlement,1037.0,1038,32,4.649999999999977,447.0400000000462,2026-03-18T09:32:00-04:00,0.0,4.600000000000023,547.0399999999552,2026-03-18T09:33:00-04:00,0.0,4.5,747.0400000000006,2026-03-18T09:36:00-04:00,0.0,4.450000000000017,847.0399999999665,2026-03-18T09:41:00-04:00,0.0,4.899999999999977,-52.959999999953816,2026-03-18T09:46:00-04:00,0.0,4.549999999999983,647.0400000000348,2026-03-18T10:01:00-04:00,0.0,5.449999999999989,-1152.9599999999766,2026-03-18T10:31:00-04:00,0.0,5.0,-252.9599999999993,2026-03-18T11:31:00-04:00,0.0,7.199999999999989,-4652.959999999976,2026-03-18T16:00:00-04:00,0.0,9.300000000000011,-8852.960000000023,2026-03-19T16:00:00-04:00,0.0,0.0,9747.04,2026-03-20T16:00:00-04:00,0.0,,,,,0.0,hit,0.0,hit,8.0,hit,24.0,hit,129.0,hit,3269.0,hit,3269.0,hit,34.0,hit,34.0,hit,119.0,hit,1440.0,hit,1440.0,hit,1445.0,hit,5.250000000000028,1,False,False,False,False,,7.099999999999994,52,True,False,False,False,,10.0,1038,True,True,True,True,,10.0,1038,True,True,True,True,,114.0,2026-03-18T11:25:00-04:00,2.3999999999999773,4947.040000000046,,,,,,,,,115.0,2026-03-18T11:26:00-04:00,5.049999999999983,-352.9599999999652,129.0,2026-03-18T11:40:00-04:00,1.5,6747.040000000001,,,,,,,,,130.0,2026-03-18T11:41:00-04:00,3.75,2247.040000000001,3269.0,2026-03-20T16:00:00-04:00,0.0,9747.04,,,,,,,,,,,,,3269.0,2026-03-20T16:00:00-04:00,0.0,9747.04,,,,,,,,,,,,,3294
2026-03-18,2026-03-20,2,6.0,2026-03-18T09:31:00-04:00,6.000000000000057,NDXP  260320P24910000,NDXP  260320P24900000,final_holdout,False,False,0,0,1,48,0,1151,available,False,2026-03-18T09:31:00-04:00,2026-03-20T16:00:00-04:00,2.3500000000001364,7047.039999999842,0.0,last_observed_quote_not_settlement,1036.0,1039,18,5.800000000000011,147.04000000009165,2026-03-18T09:32:00-04:00,0.0,5.699999999999989,347.0400000001371,2026-03-18T09:33:00-04:00,0.0,5.699999999999989,347.0400000001371,2026-03-18T09:36:00-04:00,0.0,5.5,747.0400000001143,2026-03-18T09:41:00-04:00,0.0,5.599999999999966,547.0400000001825,2026-03-18T09:46:00-04:00,0.0,5.7999999999999545,147.04000000020534,2026-03-18T10:01:00-04:00,0.0,6.650000000000034,-1552.9599999999539,2026-03-18T10:31:00-04:00,0.0,6.350000000000023,-952.9599999999311,2026-03-18T11:31:00-04:00,0.0,8.199999999999989,-4652.9599999998645,2026-03-18T16:00:00-04:00,0.0,,,2026-03-19T15:59:00-04:00,60.0,2.3500000000001364,7047.039999999842,2026-03-20T16:00:00-04:00,0.0,,,,,4.0,hit,24.0,hit,24.0,hit,24.0,hit,29.0,hit,,never_hit,,never_hit,51.0,hit,51.0,hit,51.0,hit,51.0,hit,1440.0,hit,1440.0,hit,6.000000000000057,0,False,False,False,False,,6.000000000000057,0,False,False,False,False,,,,True,True,True,False,4.300000000000011,,,True,True,True,False,4.300000000000011,24.0,2026-03-18T09:55:00-04:00,2.4500000000000455,6847.040000000024,,,,,,,,,25.0,2026-03-18T09:56:00-04:00,5.75,247.04000000011436,29.0,2026-03-18T10:00:00-04:00,1.7000000000000455,8347.040000000025,,,,,,,,,30.0,2026-03-18T10:01:00-04:00,5.7999999999999545,147.04000000020534,,,,,,,,,,,,,,,,,,,,,,,,,,,,,,,,,3295
2026-03-18,2026-03-20,2,7.0,2026-03-18T09:31:00-04:00,7.050000000000011,NDXP  260320P25130000,NDXP  260320P25120000,final_holdout,False,False,0,0,0,67,0,1132,available,False,2026-03-18T09:31:00-04:00,2026-03-20T15:59:00-04:00,10.0,-6052.959999999977,1.0,last_observed_quote_not_settlement,1036.0,1060,18,7.900000000000034,-1952.9600000000448,2026-03-18T09:32:00-04:00,0.0,7.800000000000011,-1752.9599999999994,2026-03-18T09:33:00-04:00,0.0,7.5,-1152.9599999999766,2026-03-18T09:36:00-04:00,0.0,7.5,-1152.9599999999766,2026-03-18T09:41:00-04:00,0.0,7.699999999999989,-1552.9599999999539,2026-03-18T09:46:00-04:00,0.0,7.899999999999977,-1952.9599999999311,2026-03-18T10:01:00-04:00,0.0,8.549999999999955,-3252.9599999998873,2026-03-18T10:31:00-04:00,0.0,8.399999999999977,-2952.9599999999327,2026-03-18T11:31:00-04:00,0.0,9.549999999999955,-5252.959999999887,2026-03-18T16:00:00-04:00,0.0,9.950000000000045,-6052.959999999977,2026-03-19T16:00:00-04:00,0.0,,,2026-03-20T15:59:00-04:00,60.0,,,,,4.0,hit,4.0,hit,4.0,hit,,never_hit,,never_hit,,never_hit,,never_hit,1.0,hit,25.0,hit,0.0,hit,25.0,hit,87.0,hit,110.0,hit,,,True,True,True,False,3.25,,,True,True,True,False,3.25,,,True,True,True,False,3.25,,,True,True,True,False,3.25,,,,,,,,,,,,,,,,,,,,,,,,,,,,,,,,,,,,,,,,,,,,,,,,,,,,,,,,,,,,,,,,,3296
2026-03-20,2026-03-23,3,5.0,2026-03-20T09:31:00-04:00,5.0,NDXP  260323P24270000,NDXP  260323P24260000,final_holdout,False,False,0,0,0,4,0,791,available,False,2026-03-20T09:31:00-04:00,2026-03-23T16:00:00-04:00,10.0,-10152.96,0.0,last_observed_quote_not_settlement,3916.0,567,49,5.050000000000011,-352.96000000002203,2026-03-20T09:32:00-04:00,0.0,5.100000000000023,-452.9600000000448,2026-03-20T09:33:00-04:00,0.0,4.849999999999994,47.04000000001208,2026-03-20T09:36:00-04:00,0.0,5.450000000000017,-1152.9600000000335,2026-03-20T09:41:00-04:00,0.0,4.850000000000023,47.039999999955235,2026-03-20T09:46:00-04:00,0.0,6.449999999999989,-3152.9599999999764,2026-03-20T10:01:00-04:00,0.0,6.300000000000011,-2852.960000000022,2026-03-20T10:31:00-04:00,0.0,6.649999999999977,-3552.9599999999537,2026-03-20T11:31:00-04:00,0.0,7.850000000000023,-5952.960000000045,2026-03-20T16:00:00-04:00,0.0,,,2026-03-20T16:15:00-04:00,85500.0,,,2026-03-20T16:15:00-04:00,171900.0,10.0,-10152.96,2026-03-23T16:00:00-04:00,0.0,0.0,hit,0.0,hit,4326.0,hit,4326.0,hit,4337.0,hit,4337.0,hit,4337.0,hit,6.0,hit,7.0,hit,41.0,hit,199.0,hit,324.0,hit,324.0,hit,9.800000000000011,396,True,True,True,True,,9.800000000000011,397,True,True,True,True,,9.800000000000011,397,True,True,True,True,,9.800000000000011,397,True,True,True,True,,4329.0,2026-03-23T09:40:00-04:00,2.6500000000000057,4447.039999999989,4338.0,2026-03-23T09:49:00-04:00,2.3999999999999915,4947.040000000018,4350.0,2026-03-23T10:01:00-04:00,2.5,4747.040000000001,4330.0,2026-03-23T09:41:00-04:00,5.25,-752.9599999999994,4337.0,2026-03-23T09:48:00-04:00,0.25,9247.04,4368.0,2026-03-23T10:19:00-04:00,1.8000000000000043,6147.039999999992,4369.0,2026-03-23T10:20:00-04:00,1.7999999999999972,6147.040000000006,4338.0,2026-03-23T09:49:00-04:00,2.3999999999999915,4947.040000000018,4337.0,2026-03-23T09:48:00-04:00,0.25,9247.04,,,,,,,,,4338.0,2026-03-23T09:49:00-04:00,2.3999999999999915,4947.040000000018,4337.0,2026-03-23T09:48:00-04:00,0.25,9247.04,,,,,,,,,4338.0,2026-03-23T09:49:00-04:00,2.3999999999999915,4947.040000000018,3297
2026-03-20,2026-03-23,3,6.0,2026-03-20T09:31:00-04:00,6.000000000000057,NDXP  260323P24420000,NDXP  260323P24410000,final_holdout,False,False,0,0,0,40,0,755,available,False,2026-03-20T09:31:00-04:00,2026-03-23T16:00:00-04:00,9.699999999999989,-7652.9599999998645,0.0,last_observed_quote_not_settlement,3916.0,618,34,6.399999999999977,-1052.9599999998402,2026-03-20T09:32:00-04:00,0.0,6.350000000000023,-952.9599999999311,2026-03-20T09:33:00-04:00,0.0,7.449999999999989,-3152.9599999998627,2026-03-20T09:36:00-04:00,0.0,6.5,-1252.9599999998857,2026-03-20T09:41:00-04:00,0.0,6.099999999999966,-452.9599999998174,2026-03-20T09:46:00-04:00,0.0,7.25,-2752.9599999998854,2026-03-20T10:01:00-04:00,0.0,7.600000000000023,-3452.959999999931,2026-03-20T10:31:00-04:00,0.0,7.949999999999989,-4152.959999999863,2026-03-20T11:31:00-04:00,0.0,9.050000000000068,-6352.960000000024,2026-03-20T16:00:00-04:00,0.0,,,2026-03-20T16:15:00-04:00,85500.0,,,2026-03-20T16:15:00-04:00,171900.0,9.699999999999989,-7652.9599999998645,2026-03-23T16:00:00-04:00,0.0,16.0,hit,16.0,hit,16.0,hit,4352.0,hit,4382.0,hit,4415.0,hit,,never_hit,5.0,hit,5.0,hit,5.0,hit,11.0,hit,84.0,hit,84.0,hit,10.0,407,True,True,True,True,,10.0,413,True,True,True,True,,10.0,416,True,True,True,True,,,,True,True,True,False,5.300000000000054,4371.0,2026-03-23T10:22:00-04:00,2.450000000000003,6847.040000000109,4374.0,2026-03-23T10:25:00-04:00,2.75,6247.040000000115,4375.0,2026-03-23T10:26:00-04:00,2.450000000000003,6847.040000000109,4372.0,2026-03-23T10:23:00-04:00,6.549999999999997,-1352.95999999988,4382.0,2026-03-23T10:33:00-04:00,1.4500000000000028,8847.04000000011,,,,,,,,,4383.0,2026-03-23T10:34:00-04:00,2.1500000000000057,7447.040000000103,4415.0,2026-03-23T11:06:00-04:00,0.7000000000000028,10347.04000000011,,,,,,,,,4416.0,2026-03-23T11:07:00-04:00,3.8499999999999943,4047.0400000001255,,,,,,,,,,,,,,,,,3298
2026-03-20,2026-03-23,3,7.0,2026-03-20T09:31:00-04:00,6.900000000000034,NDXP  260323P24500000,NDXP  260323P24490000,final_holdout,False,False,0,0,0,42,0,753,available,False,2026-03-20T09:31:00-04:00,2026-03-23T16:00:00-04:00,6.400000000000034,747.0400000000006,0.0,last_observed_quote_not_settlement,3916.0,654,49,6.949999999999989,-352.95999999990835,2026-03-20T09:32:00-04:00,0.0,7.0,-452.9599999999311,2026-03-20T09:33:00-04:00,0.0,7.2000000000000455,-852.9600000000221,2026-03-20T09:36:00-04:00,0.0,7.600000000000023,-1652.9599999999766,2026-03-20T09:41:00-04:00,0.0,6.800000000000011,-52.959999999953816,2026-03-20T09:46:00-04:00,0.0,8.400000000000034,-3252.960000000001,2026-03-20T10:01:00-04:00,0.0,7.9500000000000455,-2352.9600000000237,2026-03-20T10:31:00-04:00,0.0,6.899999999999977,-252.9599999998856,2026-03-20T11:31:00-04:00,0.0,9.399999999999977,-5252.959999999887,2026-03-20T16:00:00-04:00,0.0,,,2026-03-20T16:15:00-04:00,85500.0,,,2026-03-20T16:15:00-04:00,171900.0,6.400000000000034,747.0400000000006,2026-03-23T16:00:00-04:00,0.0,4363.0,hit,4363.0,hit,4368.0,hit,4687.0,hit,4687.0,hit,,never_hit,,never_hit,10.0,hit,27.0,hit,2.0,hit,29.0,hit,36.0,hit,36.0,hit,10.0,636,True,True,True,True,,10.0,636,True,True,True,True,,,,True,True,True,False,5.000000000000028,,,True,True,True,False,5.000000000000028,4687.0,2026-03-23T15:38:00-04:00,1.9000000000000057,9747.040000000059,,,,,,,,,,,,,4687.0,2026-03-23T15:38:00-04:00,1.9000000000000057,9747.040000000059,,,,,,,,,,,,,,,,,,,,,,,,,,,,,,,,,,,,,,,,,,,,,3299
2026-03-23,2026-03-25,2,5.0,2026-03-23T09:31:00-04:00,5.0,NDXP  260325P24230000,NDXP  260325P24220000,final_holdout,False,False,0,0,0,8,1,1192,available,False,2026-03-23T09:31:00-04:00,2026-03-25T16:00:00-04:00,10.0,-10152.96,0.0,last_observed_quote_not_settlement,1037.0,615,145,4.000000000000028,1747.0399999999438,2026-03-23T09:32:00-04:00,0.0,4.349999999999994,1047.040000000012,2026-03-23T09:33:00-04:00,0.0,4.549999999999983,647.0400000000348,2026-03-23T09:36:00-04:00,0.0,3.75,2247.040000000001,2026-03-23T09:41:00-04:00,0.0,1.7500000000000284,6247.039999999944,2026-03-23T09:46:00-04:00,0.0,3.25,3247.040000000001,2026-03-23T10:01:00-04:00,0.0,3.0,3747.040000000001,2026-03-23T10:31:00-04:00,0.0,3.9499999999999886,1847.0400000000234,2026-03-23T11:31:00-04:00,0.0,5.800000000000011,-1852.960000000022,2026-03-23T16:00:00-04:00,0.0,7.0499999999999545,-4352.959999999908,2026-03-24T16:00:00-04:00,0.0,10.0,-10152.96,2026-03-25T16:00:00-04:00,0.0,,,,,0.0,hit,0.0,hit,3.0,hit,15.0,hit,15.0,hit,80.0,hit,,never_hit,47.0,hit,47.0,hit,87.0,hit,1467.0,hit,3178.0,hit,3178.0,hit,5.0,0,False,False,False,False,,5.0,0,False,False,False,False,,6.650000000000006,2,False,False,False,False,,,,True,True,True,False,4.049999999999983,15.0,2026-03-23T09:46:00-04:00,1.7500000000000284,6247.039999999944,43.0,2026-03-23T10:14:00-04:00,2.9000000000000057,3947.0399999999895,50.0,2026-03-23T10:21:00-04:00,2.8000000000000114,4147.039999999978,16.0,2026-03-23T09:47:00-04:00,3.6500000000000057,2447.0399999999895,15.0,2026-03-23T09:46:00-04:00,1.7500000000000284,6247.039999999944,,,,,,,,,16.0,2026-03-23T09:47:00-04:00,3.6500000000000057,2447.0399999999895,,,,,,,,,,,,,,,,,,,,,,,,,,,,,,,,,3300
2026-03-23,2026-03-25,2,6.0,2026-03-23T09:31:00-04:00,5.9500000000000455,NDXP  260325P24500000,NDXP  260325P24490000,final_holdout,False,False,0,0,0,84,0,1116,available,False,2026-03-23T09:31:00-04:00,2026-03-25T16:00:00-04:00,10.0,-8252.959999999908,0.0,last_observed_quote_not_settlement,1036.0,887,54,6.150000000000091,-652.9600000000903,2026-03-23T09:32:00-04:00,0.0,6.400000000000091,-1152.9600000000903,2026-03-23T09:33:00-04:00,0.0,6.399999999999977,-1152.959999999863,2026-03-23T09:36:00-04:00,0.0,5.699999999999989,247.04000000011436,2026-03-23T09:41:00-04:00,0.0,5.7999999999999545,47.04000000018261,2026-03-23T09:46:00-04:00,0.0,5.399999999999977,847.0400000001371,2026-03-23T10:01:00-04:00,0.0,5.0499999999999545,1547.0400000001825,2026-03-23T10:31:00-04:00,0.0,5.049999999999983,1547.0400000001257,2026-03-23T11:31:00-04:00,0.0,2.8500000000000227,5947.040000000046,2026-03-23T16:00:00-04:00,0.0,8.950000000000045,-6252.960000000001,2026-03-24T16:00:00-04:00,0.0,10.0,-8252.959999999908,2026-03-25T16:00:00-04:00,0.0,,,,,12.0,hit,12.0,hit,48.0,hit,203.0,hit,,never_hit,,never_hit,,never_hit,70.0,hit,105.0,hit,105.0,hit,200.0,hit,200.0,hit,200.0,hit,9.900000000000034,76,True,True,True,True,,,,True,True,True,False,3.3000000000000114,,,True,True,True,False,3.3000000000000114,,,True,True,True,False,3.3000000000000114,203.0,2026-03-23T12:54:00-04:00,2.650000000000034,6347.040000000024,,,,,,,,,204.0,2026-03-23T12:55:00-04:00,6.850000000000023,-2052.9599999999537,,,,,,,,,,,,,,,,,,,,,,,,,,,,,,,,,,,,,,,,,,,,,,,,,3301
2026-03-23,2026-03-25,2,7.0,2026-03-23T09:31:00-04:00,7.0,NDXP  260325P25010000,NDXP  260325P25000000,final_holdout,False,False,0,0,1,188,0,1012,available,False,2026-03-23T09:31:00-04:00,2026-03-25T15:59:00-04:00,9.399999999999977,-5052.9599999999555,1.0,last_observed_quote_not_settlement,1037.0,870,7,9.350000000000023,-4952.960000000046,2026-03-23T09:32:00-04:00,0.0,9.5,-5252.960000000001,2026-03-23T09:33:00-04:00,0.0,,,2026-03-23T09:35:00-04:00,60.0,9.5,-5252.960000000001,2026-03-23T09:41:00-04:00,0.0,9.200000000000045,-4652.960000000092,2026-03-23T09:46:00-04:00,0.0,9.25,-4752.960000000001,2026-03-23T10:01:00-04:00,0.0,9.350000000000023,-4952.960000000046,2026-03-23T10:31:00-04:00,0.0,9.300000000000068,-4852.960000000137,2026-03-23T11:31:00-04:00,0.0,9.799999999999955,-5852.95999999991,2026-03-23T16:00:00-04:00,0.0,,,2026-03-24T15:59:00-04:00,60.0,,,2026-03-25T15:59:00-04:00,60.0,,,,,202.0,hit,,never_hit,,never_hit,,never_hit,,never_hit,,never_hit,,never_hit,1.0,hit,1.0,hit,0.0,hit,1.0,hit,1.0,hit,2.0,hit,,,True,True,True,False,1.5499999999999545,,,True,True,True,False,1.5499999999999545,,,True,True,True,False,1.5499999999999545,,,True,True,True,False,1.5499999999999545,,,,,,,,,,,,,,,,,,,,,,,,,,,,,,,,,,,,,,,,,,,,,,,,,,,,,,,,,,,,,,,,,3302
2026-03-23,2026-03-26,3,5.0,2026-03-23T09:31:00-04:00,5.0,NDXP  260326P24500000,NDXP  260326P24490000,final_holdout,False,False,0,0,5,71,0,1522,available,False,2026-03-23T09:31:00-04:00,2026-03-26T15:59:00-04:00,10.0,-10152.96,1.0,last_observed_quote_not_settlement,1036.0,1361,44,5.800000000000068,-1852.9600000001358,2026-03-23T09:32:00-04:00,0.0,5.949999999999989,-2152.9599999999764,2026-03-23T09:33:00-04:00,0.0,5.399999999999977,-1052.9599999999539,2026-03-23T09:36:00-04:00,0.0,5.7000000000000455,-1652.9600000000903,2026-03-23T09:41:00-04:00,0.0,5.449999999999989,-1152.9599999999766,2026-03-23T09:46:00-04:00,0.0,5.0499999999999545,-352.95999999990835,2026-03-23T10:01:00-04:00,0.0,5.0,-252.9599999999993,2026-03-23T10:31:00-04:00,0.0,4.800000000000011,147.03999999997797,2026-03-23T11:31:00-04:00,0.0,6.300000000000068,-2852.9600000001356,2026-03-23T16:00:00-04:00,0.0,8.199999999999932,-6652.9599999998645,2026-03-24T16:00:00-04:00,0.0,8.550000000000011,-7352.960000000024,2026-03-25T16:00:00-04:00,0.0,,,2026-03-26T15:59:00-04:00,60.0,0.0,hit,0.0,hit,116.0,hit,202.0,hit,202.0,hit,202.0,hit,202.0,hit,1.0,hit,144.0,hit,148.0,hit,198.0,hit,199.0,hit,199.0,hit,9.549999999999955,113,True,True,True,True,,9.549999999999955,113,True,True,True,True,,9.549999999999955,113,True,True,True,True,,9.549999999999955,113,True,True,True,True,,202.0,2026-03-23T12:53:00-04:00,0.5,8747.04,,,,,,,,,203.0,2026-03-23T12:54:00-04:00,9.299999999999955,-8852.95999999991,202.0,2026-03-23T12:53:00-04:00,0.5,8747.04,,,,,,,,,203.0,2026-03-23T12:54:00-04:00,9.299999999999955,-8852.95999999991,202.0,2026-03-23T12:53:00-04:00,0.5,8747.04,,,,,,,,,203.0,2026-03-23T12:54:00-04:00,9.299999999999955,-8852.95999999991,,,,,,,,,,,,,,,,,3303
2026-03-23,2026-03-26,3,6.0,2026-03-23T09:31:00-04:00,5.949999999999989,NDXP  260326P24190000,NDXP  260326P24180000,final_holdout,False,False,0,0,1,82,0,1521,available,False,2026-03-23T09:31:00-04:00,2026-03-26T15:57:00-04:00,10.0,-8252.960000000021,3.0,last_observed_quote_not_settlement,1036.0,379,73,4.449999999999989,2747.040000000001,2026-03-23T09:32:00-04:00,0.0,4.049999999999983,3547.0400000000122,2026-03-23T09:33:00-04:00,0.0,4.099999999999966,3447.0400000000463,2026-03-23T09:36:00-04:00,0.0,3.75,4147.039999999978,2026-03-23T09:41:00-04:00,0.0,0.5999999999999943,10447.03999999999,2026-03-23T09:46:00-04:00,0.0,3.1500000000000057,5347.039999999966,2026-03-23T10:01:00-04:00,0.0,2.849999999999966,5947.040000000046,2026-03-23T10:31:00-04:00,0.0,2.7500000000000284,6147.039999999921,2026-03-23T11:31:00-04:00,0.0,5.050000000000011,1547.0399999999552,2026-03-23T16:00:00-04:00,0.0,5.899999999999977,-152.95999999997656,2026-03-24T16:00:00-04:00,0.0,4.75,2147.039999999978,2026-03-25T16:00:00-04:00,0.0,,,2026-03-26T15:57:00-04:00,180.0,1.0,hit,1.0,hit,4.0,hit,9.0,hit,9.0,hit,9.0,hit,40.0,hit,1461.0,hit,1521.0,hit,1521.0,hit,4320.0,hit,4321.0,hit,4352.0,hit,5.949999999999989,0,False,False,False,False,,5.949999999999989,0,False,False,False,False,,5.949999999999989,0,False,False,False,False,,5.949999999999989,0,False,False,False,False,,9.0,2026-03-23T09:40:00-04:00,0.799999999999983,10047.040000000014,24.0,2026-03-23T09:55:00-04:00,2.8000000000000114,6047.039999999955,45.0,2026-03-23T10:16:00-04:00,2.799999999999983,6047.040000000012,10.0,2026-03-23T09:41:00-04:00,3.75,4147.039999999978,9.0,2026-03-23T09:40:00-04:00,0.799999999999983,10047.040000000014,,,,,,,,,10.0,2026-03-23T09:41:00-04:00,3.75,4147.039999999978,9.0,2026-03-23T09:40:00-04:00,0.799999999999983,10047.040000000014,,,,,,,,,10.0,2026-03-23T09:41:00-04:00,3.75,4147.039999999978,40.0,2026-03-23T10:11:00-04:00,0.04999999999998295,11547.040000000014,,,,,,,,,41.0,2026-03-23T10:12:00-04:00,3.0999999999999943,5447.039999999989,3304
2026-03-23,2026-03-26,3,7.0,2026-03-23T09:31:00-04:00,7.0,NDXP  260326P24390000,NDXP  260326P24380000,final_holdout,False,False,0,0,0,62,0,1542,available,False,2026-03-23T09:31:00-04:00,2026-03-26T15:58:00-04:00,8.149999999999977,-2552.9599999999555,2.0,last_observed_quote_not_settlement,1037.0,663,140,5.100000000000023,3547.0399999999554,2026-03-23T09:32:00-04:00,0.0,5.249999999999943,3247.0400000001146,2026-03-23T09:33:00-04:00,0.0,5.2999999999999545,3147.040000000092,2026-03-23T09:36:00-04:00,0.0,4.750000000000057,4247.039999999887,2026-03-23T09:41:00-04:00,0.0,4.7000000000000455,4347.03999999991,2026-03-23T09:46:00-04:00,0.0,4.800000000000011,4147.039999999978,2026-03-23T10:01:00-04:00,0.0,4.25,5247.040000000001,2026-03-23T10:31:00-04:00,0.0,4.099999999999994,5547.040000000012,2026-03-23T11:31:00-04:00,0.0,6.349999999999966,1047.0400000000689,2026-03-23T16:00:00-04:00,0.0,7.300000000000011,-852.9600000000221,2026-03-24T16:00:00-04:00,0.0,7.050000000000011,-352.96000000002203,2026-03-25T16:00:00-04:00,0.0,,,2026-03-26T15:58:00-04:00,120.0,1.0,hit,3.0,hit,24.0,hit,47.0,hit,47.0,hit,47.0,hit,47.0,hit,1451.0,hit,1460.0,hit,0.0,hit,1460.0,hit,1489.0,hit,1766.0,hit,7.0,0,True,False,False,False,,7.0,0,True,False,False,False,,7.0,0,True,False,False,False,,7.0,0,True,False,False,False,,47.0,2026-03-23T10:18:00-04:00,0.39999999999997726,12947.040000000046,,,,,,,,,48.0,2026-03-23T10:19:00-04:00,3.8999999999999773,5947.040000000046,47.0,2026-03-23T10:18:00-04:00,0.39999999999997726,12947.040000000046,,,,,,,,,48.0,2026-03-23T10:19:00-04:00,3.8999999999999773,5947.040000000046,47.0,2026-03-23T10:18:00-04:00,0.39999999999997726,12947.040000000046,,,,,,,,,48.0,2026-03-23T10:19:00-04:00,3.8999999999999773,5947.040000000046,47.0,2026-03-23T10:18:00-04:00,0.39999999999997726,12947.040000000046,,,,,,,,,48.0,2026-03-23T10:19:00-04:00,3.8999999999999773,5947.040000000046,3305
2026-03-24,2026-03-26,2,5.0,2026-03-24T09:31:00-04:00,4.949999999999989,NDXP  260326P24110000,NDXP  260326P24100000,final_holdout,False,False,0,0,0,51,0,1148,available,False,2026-03-24T09:31:00-04:00,2026-03-26T15:59:00-04:00,9.950000000000045,-10252.960000000021,1.0,last_observed_quote_not_settlement,1036.0,533,93,4.650000000000006,347.0399999999666,2026-03-24T09:32:00-04:00,0.0,4.649999999999977,347.04000000002344,2026-03-24T09:33:00-04:00,0.0,4.600000000000023,447.0399999999325,2026-03-24T09:36:00-04:00,0.0,5.5,-1352.960000000022,2026-03-24T09:41:00-04:00,0.0,5.550000000000011,-1452.9600000000448,2026-03-24T09:46:00-04:00,0.0,4.749999999999972,147.0400000000348,2026-03-24T10:01:00-04:00,0.0,5.2999999999999545,-952.9599999999311,2026-03-24T10:31:00-04:00,0.0,4.100000000000023,1447.0399999999324,2026-03-24T11:31:00-04:00,0.0,5.400000000000006,-1152.9600000000335,2026-03-24T16:00:00-04:00,0.0,3.8999999999999915,1847.039999999995,2026-03-25T16:00:00-04:00,0.0,,,2026-03-26T15:59:00-04:00,60.0,,,,,0.0,hit,0.0,hit,86.0,hit,127.0,hit,1440.0,hit,,never_hit,,never_hit,10.0,hit,172.0,hit,172.0,hit,2880.0,hit,2893.0,hit,2968.0,hit,5.899999999999977,68,False,False,False,False,,7.599999999999994,225,True,False,False,False,,,,True,True,True,False,3.0,,,True,True,True,False,3.0,127.0,2026-03-24T11:38:00-04:00,2.8999999999999773,3847.0400000000236,1441.0,2026-03-25T09:32:00-04:00,2.75,4147.039999999978,1449.0,2026-03-25T09:40:00-04:00,2.8499999999999943,3947.0399999999895,128.0,2026-03-24T11:39:00-04:00,5.050000000000011,-452.9600000000448,1484.0,2026-03-25T10:15:00-04:00,1.9499999999999886,5747.040000000001,,,,,,,,,1485.0,2026-03-25T10:16:00-04:00,3.1500000000000057,3347.0399999999668,,,,,,,,,,,,,,,,,,,,,,,,,,,,,,,,,3306
2026-03-24,2026-03-26,2,6.0,2026-03-24T09:31:00-04:00,5.9500000000000455,NDXP  260326P24270000,NDXP  260326P24260000,final_holdout,False,False,0,0,0,66,0,1133,available,False,2026-03-24T09:31:00-04:00,2026-03-26T15:59:00-04:00,10.0,-8252.959999999908,1.0,last_observed_quote_not_settlement,1036.0,608,155,5.0,1647.0400000000916,2026-03-24T09:32:00-04:00,0.0,5.800000000000011,47.04000000006892,2026-03-24T09:33:00-04:00,0.0,5.949999999999989,-252.9599999998856,2026-03-24T09:36:00-04:00,0.0,6.150000000000034,-652.9599999999766,2026-03-24T09:41:00-04:00,0.0,5.850000000000023,-52.959999999953816,2026-03-24T09:46:00-04:00,0.0,6.500000000000057,-1352.960000000022,2026-03-24T10:01:00-04:00,0.0,6.600000000000023,-1552.9599999999539,2026-03-24T10:31:00-04:00,0.0,5.199999999999989,1247.0400000001143,2026-03-24T11:31:00-04:00,0.0,6.75,-1852.9599999999084,2026-03-24T16:00:00-04:00,0.0,5.299999999999983,1047.0400000001257,2026-03-25T16:00:00-04:00,0.0,,,2026-03-26T15:59:00-04:00,60.0,,,,,1.0,hit,1.0,hit,1446.0,hit,1446.0,hit,1614.0,hit,1614.0,hit,1614.0,hit,9.0,hit,21.0,hit,21.0,hit,1666.0,hit,2880.0,hit,2883.0,hit,7.25,256,True,False,False,False,,7.800000000000011,285,True,False,False,False,,7.800000000000011,285,True,False,False,False,,7.800000000000011,285,True,False,False,False,,1446.0,2026-03-25T09:37:00-04:00,2.8000000000000114,6047.040000000069,1835.0,2026-03-25T16:06:00-04:00,1.799999999999983,8047.0400000001255,,,,,1447.0,2026-03-25T09:38:00-04:00,3.8999999999999773,3847.0400000001373,1614.0,2026-03-25T12:25:00-04:00,0.09999999999999432,11447.040000000105,,,,,,,,,1615.0,2026-03-25T12:26:00-04:00,5.599999999999994,447.040000000103,1614.0,2026-03-25T12:25:00-04:00,0.09999999999999432,11447.040000000105,,,,,,,,,1615.0,2026-03-25T12:26:00-04:00,5.599999999999994,447.040000000103,1614.0,2026-03-25T12:25:00-04:00,0.09999999999999432,11447.040000000105,,,,,,,,,1615.0,2026-03-25T12:26:00-04:00,5.599999999999994,447.040000000103,3307
2026-03-24,2026-03-26,2,7.0,2026-03-24T09:31:00-04:00,7.0,NDXP  260326P24430000,NDXP  260326P24420000,final_holdout,False,False,0,0,0,85,0,1114,available,False,2026-03-24T09:31:00-04:00,2026-03-26T15:58:00-04:00,8.75,-3752.960000000001,2.0,last_observed_quote_not_settlement,1037.0,810,129,6.699999999999989,347.04000000002344,2026-03-24T09:32:00-04:00,0.0,6.2999999999999545,1147.0400000000916,2026-03-24T09:33:00-04:00,0.0,7.149999999999977,-552.9599999999539,2026-03-24T09:36:00-04:00,0.0,7.599999999999966,-1452.9599999999311,2026-03-24T09:41:00-04:00,0.0,7.650000000000034,-1552.9600000000676,2026-03-24T09:46:00-04:00,0.0,7.300000000000011,-852.9600000000221,2026-03-24T10:01:00-04:00,0.0,8.25,-2752.960000000001,2026-03-24T10:31:00-04:00,0.0,7.0,-252.9599999999993,2026-03-24T11:31:00-04:00,0.0,7.850000000000023,-1952.9600000000448,2026-03-24T16:00:00-04:00,0.0,7.850000000000023,-1952.9600000000448,2026-03-25T16:00:00-04:00,0.0,,,2026-03-26T15:58:00-04:00,120.0,,,,,79.0,hit,79.0,hit,,never_hit,,never_hit,,never_hit,,never_hit,,never_hit,7.0,hit,7.0,hit,0.0,hit,7.0,hit,23.0,hit,189.0,hit,,,True,True,True,False,2.8000000000000114,,,True,True,True,False,2.8000000000000114,,,True,True,True,False,2.8000000000000114,,,True,True,True,False,2.8000000000000114,,,,,,,,,,,,,,,,,,,,,,,,,,,,,,,,,,,,,,,,,,,,,,,,,,,,,,,,,,,,,,,,,3308
2026-03-24,2026-03-27,3,5.0,2026-03-24T09:31:00-04:00,5.0,NDXP  260327P24150000,NDXP  260327P24140000,final_holdout,False,False,0,0,9,134,0,1451,available,False,2026-03-24T09:31:00-04:00,2026-03-27T15:59:00-04:00,10.0,-10152.96,1.0,last_observed_quote_not_settlement,1036.0,764,136,4.649999999999977,447.0400000000462,2026-03-24T09:32:00-04:00,0.0,4.7999999999999545,147.04000000009165,2026-03-24T09:33:00-04:00,0.0,4.899999999999977,-52.959999999953816,2026-03-24T09:36:00-04:00,0.0,5.5,-1252.9599999999994,2026-03-24T09:41:00-04:00,0.0,4.699999999999932,347.0400000001371,2026-03-24T09:46:00-04:00,0.0,5.149999999999977,-552.9599999999539,2026-03-24T10:01:00-04:00,0.0,5.300000000000011,-852.9600000000221,2026-03-24T10:31:00-04:00,0.0,4.300000000000011,1147.039999999978,2026-03-24T11:31:00-04:00,0.0,5.300000000000011,-852.9600000000221,2026-03-24T16:00:00-04:00,0.0,4.199999999999989,1347.0400000000234,2026-03-25T16:00:00-04:00,0.0,5.5,-1252.9599999999994,2026-03-26T16:00:00-04:00,0.0,,,2026-03-27T15:59:00-04:00,60.0,0.0,hit,0.0,hit,107.0,hit,1441.0,hit,,never_hit,,never_hit,,never_hit,10.0,hit,76.0,hit,2880.0,hit,2893.0,hit,2999.0,hit,3136.0,hit,6.5,201,False,False,False,False,,,,True,True,True,False,2.849999999999966,,,True,True,True,False,2.849999999999966,,,True,True,True,False,2.849999999999966,1441.0,2026-03-25T09:32:00-04:00,2.8499999999999943,4047.040000000012,,,,,,,,,1442.0,2026-03-25T09:33:00-04:00,3.75,2247.040000000001,,,,,,,,,,,,,,,,,,,,,,,,,,,,,,,,,,,,,,,,,,,,,,,,,3309
2026-03-24,2026-03-27,3,6.0,2026-03-24T09:31:00-04:00,5.949999999999989,NDXP  260327P24320000,NDXP  260327P24310000,final_holdout,False,False,0,0,4,115,0,1467,available,False,2026-03-24T09:31:00-04:00,2026-03-27T16:00:00-04:00,3.800000000000182,4047.0399999996143,0.0,last_observed_quote_not_settlement,1036.0,810,134,5.7000000000000455,247.039999999887,2026-03-24T09:32:00-04:00,0.0,5.600000000000023,447.0399999999325,2026-03-24T09:33:00-04:00,0.0,5.899999999999977,-152.95999999997656,2026-03-24T09:36:00-04:00,0.0,6.699999999999989,-1752.9599999999994,2026-03-24T09:41:00-04:00,0.0,5.75,147.03999999997797,2026-03-24T09:46:00-04:00,0.0,6.099999999999966,-552.9599999999539,2026-03-24T10:01:00-04:00,0.0,9.300000000000011,-6952.960000000046,2026-03-24T10:31:00-04:00,0.0,5.600000000000023,447.0399999999325,2026-03-24T11:31:00-04:00,0.0,6.300000000000011,-952.9600000000448,2026-03-24T16:00:00-04:00,0.0,6.099999999999966,-552.9599999999539,2026-03-25T16:00:00-04:00,0.0,9.900000000000091,-8152.960000000206,2026-03-26T16:00:00-04:00,0.0,3.800000000000182,4047.0399999996143,2026-03-27T16:00:00-04:00,0.0,18.0,hit,27.0,hit,46.0,hit,46.0,hit,224.0,hit,3061.0,hit,3061.0,hit,9.0,hit,9.0,hit,16.0,hit,60.0,hit,60.0,hit,62.0,hit,7.449999999999989,28,True,False,False,False,,9.600000000000023,92,True,True,True,True,,10.0,410,True,True,True,True,,10.0,410,True,True,True,True,,46.0,2026-03-24T10:17:00-04:00,2.900000000000034,5847.03999999991,,,,,,,,,,,,,224.0,2026-03-24T13:15:00-04:00,1.75,8147.039999999978,,,,,,,,,225.0,2026-03-24T13:16:00-04:00,9.75,-7852.960000000024,3061.0,2026-03-26T12:32:00-04:00,0.0,11647.039999999979,,,,,,,,,3062.0,2026-03-26T12:33:00-04:00,9.899999999999977,-8152.959999999978,3061.0,2026-03-26T12:32:00-04:00,0.0,11647.039999999979,,,,,,,,,3062.0,2026-03-26T12:33:00-04:00,9.899999999999977,-8152.959999999978,3310
2026-03-24,2026-03-27,3,7.0,2026-03-24T09:31:00-04:00,7.0,NDXP  260327P24520000,NDXP  260327P24510000,final_holdout,False,False,0,0,15,148,0,1373,available,False,2026-03-24T09:31:00-04:00,2026-03-27T15:57:00-04:00,10.0,-6152.96,3.0,last_observed_quote_not_settlement,1037.0,960,135,6.75,247.04000000000067,2026-03-24T09:32:00-04:00,0.0,7.0,-252.9599999999993,2026-03-24T09:33:00-04:00,0.0,7.100000000000023,-452.9600000000448,2026-03-24T09:36:00-04:00,0.0,7.5,-1252.9599999999994,2026-03-24T09:41:00-04:00,0.0,7.5,-1252.9599999999994,2026-03-24T09:46:00-04:00,0.0,7.400000000000091,-1052.9600000001813,2026-03-24T10:01:00-04:00,0.0,6.949999999999932,-152.95999999986287,2026-03-24T10:31:00-04:00,0.0,7.0,-252.9599999999993,2026-03-24T11:31:00-04:00,0.0,8.349999999999909,-2952.959999999819,2026-03-24T16:00:00-04:00,0.0,7.849999999999966,-1952.9599999999311,2026-03-25T16:00:00-04:00,0.0,10.0,-6152.96,2026-03-26T16:00:00-04:00,0.0,,,2026-03-27T15:57:00-04:00,180.0,106.0,hit,110.0,hit,404.0,hit,404.0,hit,404.0,hit,404.0,hit,404.0,hit,10.0,hit,13.0,hit,0.0,hit,13.0,hit,79.0,hit,207.0,hit,9.949999999999989,315,True,True,True,True,,9.949999999999989,315,True,True,True,True,,9.949999999999989,315,True,True,True,True,,9.949999999999989,315,True,True,True,True,,404.0,2026-03-24T16:15:00-04:00,0.2999999999999545,13147.040000000092,,,,,,,,,,,,,404.0,2026-03-24T16:15:00-04:00,0.2999999999999545,13147.040000000092,,,,,,,,,,,,,404.0,2026-03-24T16:15:00-04:00,0.2999999999999545,13147.040000000092,,,,,,,,,,,,,404.0,2026-03-24T16:15:00-04:00,0.2999999999999545,13147.040000000092,,,,,,,,,,,,,3311
2026-03-25,2026-03-27,2,5.0,2026-03-25T09:31:00-04:00,4.950000000000003,NDXP  260327P24000000,NDXP  260327P23990000,final_holdout,False,False,0,0,8,94,0,1096,available,False,2026-03-25T09:31:00-04:00,2026-03-27T16:00:00-04:00,0.0,9647.040000000008,0.0,last_observed_quote_not_settlement,1036.0,554,42,3.25,3147.0400000000063,2026-03-25T09:32:00-04:00,0.0,2.450000000000003,4747.040000000001,2026-03-25T09:33:00-04:00,0.0,2.950000000000003,3747.040000000001,2026-03-25T09:36:00-04:00,0.0,2.4000000000000057,4847.039999999995,2026-03-25T09:41:00-04:00,0.0,2.75,4147.040000000006,2026-03-25T09:46:00-04:00,0.0,3.450000000000017,2747.039999999972,2026-03-25T10:01:00-04:00,0.0,2.549999999999997,4547.040000000012,2026-03-25T10:31:00-04:00,0.0,2.700000000000017,4247.039999999973,2026-03-25T11:31:00-04:00,0.0,3.3000000000000114,3047.0399999999836,2026-03-25T16:00:00-04:00,0.0,7.400000000000034,-5152.960000000062,2026-03-26T16:00:00-04:00,0.0,0.0,9647.040000000008,2026-03-27T16:00:00-04:00,0.0,,,,,0.0,hit,0.0,hit,1.0,hit,2.0,hit,104.0,hit,3269.0,hit,3269.0,hit,1440.0,hit,1444.0,hit,1528.0,hit,1568.0,hit,1824.0,hit,2880.0,hit,4.950000000000003,0,False,False,False,False,,4.950000000000003,0,False,False,False,False,,10.0,554,True,True,True,True,,10.0,554,True,True,True,True,,2.0,2026-03-25T09:33:00-04:00,2.450000000000003,4747.040000000001,3.0,2026-03-25T09:34:00-04:00,2.8000000000000114,4047.0399999999836,4.0,2026-03-25T09:35:00-04:00,2.8499999999999943,3947.0400000000177,3.0,2026-03-25T09:34:00-04:00,2.8000000000000114,4047.0399999999836,104.0,2026-03-25T11:15:00-04:00,1.0500000000000114,7547.039999999984,,,,,,,,,105.0,2026-03-25T11:16:00-04:00,3.200000000000003,3247.040000000001,3269.0,2026-03-27T16:00:00-04:00,0.0,9647.040000000008,,,,,,,,,,,,,3269.0,2026-03-27T16:00:00-04:00,0.0,9647.040000000008,,,,,,,,,,,,,3312
2026-03-25,2026-03-27,2,6.0,2026-03-25T09:31:00-04:00,5.899999999999977,NDXP  260327P24440000,NDXP  260327P24430000,final_holdout,False,False,0,0,11,127,0,1042,available,False,2026-03-25T09:31:00-04:00,2026-03-27T15:59:00-04:00,7.849999999999909,-4152.959999999863,1.0,last_observed_quote_not_settlement,1036.0,840,63,5.699999999999989,147.03999999997797,2026-03-25T09:32:00-04:00,0.0,6.0,-452.9600000000448,2026-03-25T09:33:00-04:00,0.0,5.900000000000034,-252.96000000011298,2026-03-25T09:36:00-04:00,0.0,4.699999999999989,2147.039999999978,2026-03-25T09:41:00-04:00,0.0,5.550000000000011,447.0399999999325,2026-03-25T09:46:00-04:00,0.0,6.649999999999977,-1752.9599999999994,2026-03-25T10:01:00-04:00,0.0,5.5499999999999545,447.0400000000462,2026-03-25T10:31:00-04:00,0.0,6.300000000000011,-1052.9600000000676,2026-03-25T11:31:00-04:00,0.0,6.800000000000011,-2052.9600000000673,2026-03-25T16:00:00-04:00,0.0,5.75,47.039999999955235,2026-03-26T16:00:00-04:00,0.0,,,2026-03-27T15:59:00-04:00,60.0,,,,,6.0,hit,7.0,hit,1463.0,hit,3250.0,hit,,never_hit,,never_hit,,never_hit,24.0,hit,24.0,hit,31.0,hit,211.0,hit,1440.0,hit,1440.0,hit,10.0,835,True,True,True,True,,,,True,True,True,False,3.300000000000068,,,True,True,True,False,3.300000000000068,,,True,True,True,False,3.300000000000068,3250.0,2026-03-27T15:41:00-04:00,2.599999999999909,6347.040000000137,,,,,,,,,3251.0,2026-03-27T15:42:00-04:00,7.100000000000136,-2652.9600000003175,,,,,,,,,,,,,,,,,,,,,,,,,,,,,,,,,,,,,,,,,,,,,,,,,3313
2026-03-25,2026-03-27,2,7.0,2026-03-25T09:31:00-04:00,7.0,NDXP  260327P24580000,NDXP  260327P24570000,final_holdout,False,False,0,0,5,123,0,981,available,False,2026-03-25T09:31:00-04:00,2026-03-27T15:57:00-04:00,10.0,-6152.96,3.0,last_observed_quote_not_settlement,1036.0,754,69,7.199999999999989,-652.9599999999766,2026-03-25T09:32:00-04:00,0.0,7.100000000000023,-452.9600000000448,2026-03-25T09:33:00-04:00,0.0,6.849999999999966,47.04000000006892,2026-03-25T09:36:00-04:00,0.0,6.449999999999989,847.0400000000234,2026-03-25T09:41:00-04:00,0.0,7.0499999999999545,-352.95999999990835,2026-03-25T09:46:00-04:00,0.0,6.500000000000057,747.039999999887,2026-03-25T10:01:00-04:00,0.0,7.349999999999966,-952.9599999999311,2026-03-25T10:31:00-04:00,0.0,7.300000000000011,-852.9600000000221,2026-03-25T11:31:00-04:00,0.0,,,2026-03-25T15:59:00-04:00,60.0,9.950000000000045,-6152.96,2026-03-26T16:00:00-04:00,0.0,,,2026-03-27T15:57:00-04:00,180.0,,,,,146.0,hit,404.0,hit,404.0,hit,404.0,hit,2953.0,hit,,never_hit,,never_hit,24.0,hit,31.0,hit,0.0,hit,31.0,hit,215.0,hit,215.0,hit,9.850000000000023,319,True,True,True,True,,10.0,617,True,True,True,True,,,,True,True,True,False,5.850000000000136,,,True,True,True,False,5.850000000000136,404.0,2026-03-25T16:15:00-04:00,2.6999999999999886,8347.040000000025,,,,,,,,,,,,,2953.0,2026-03-27T10:44:00-04:00,1.1499999999998636,11447.040000000274,,,,,,,,,2954.0,2026-03-27T10:45:00-04:00,8.899999999999864,-4052.959999999728,,,,,,,,,,,,,,,,,,,,,,,,,,,,,,,,,3314
2026-03-27,2026-03-30,3,5.0,2026-03-27T09:31:00-04:00,4.849999999999994,NDXP  260330P23510000,NDXP  260330P23500000,final_holdout,False,False,0,0,0,32,0,761,available,False,2026-03-27T09:31:00-04:00,2026-03-30T16:00:00-04:00,8.549999999999955,-7652.959999999922,0.0,last_observed_quote_not_settlement,3916.0,719,17,5.449999999999932,-1452.9599999998743,2026-03-27T09:32:00-04:00,0.0,5.5499999999999545,-1652.9599999999198,2026-03-27T09:33:00-04:00,0.0,6.2999999999999545,-3152.9599999999195,2026-03-27T09:36:00-04:00,0.0,5.5,-1552.9600000000107,2026-03-27T09:41:00-04:00,0.0,7.5,-5552.960000000011,2026-03-27T09:46:00-04:00,0.0,6.300000000000011,-3152.9600000000332,2026-03-27T10:01:00-04:00,0.0,6.4500000000000455,-3452.9600000001014,2026-03-27T10:31:00-04:00,0.0,6.200000000000017,-2952.9600000000446,2026-03-27T11:31:00-04:00,0.0,8.149999999999977,-6852.959999999967,2026-03-27T16:00:00-04:00,0.0,,,2026-03-27T16:15:00-04:00,85500.0,,,2026-03-27T16:15:00-04:00,171900.0,8.549999999999955,-7652.959999999922,2026-03-30T16:00:00-04:00,0.0,0.0,hit,0.0,hit,216.0,hit,216.0,hit,216.0,hit,216.0,hit,216.0,hit,1.0,hit,3.0,hit,6.0,hit,213.0,hit,333.0,hit,333.0,hit,8.199999999999989,208,True,True,False,False,,8.199999999999989,208,True,True,False,False,,8.199999999999989,208,True,True,False,False,,8.199999999999989,208,True,True,False,False,,216.0,2026-03-27T13:07:00-04:00,0.39999999999997726,8647.040000000035,4541.0,2026-03-30T13:12:00-04:00,2.6000000000000227,4247.039999999944,4542.0,2026-03-30T13:13:00-04:00,2.800000000000068,3847.039999999853,217.0,2026-03-27T13:08:00-04:00,5.199999999999989,-952.959999999988,216.0,2026-03-27T13:07:00-04:00,0.39999999999997726,8647.040000000035,,,,,,,,,217.0,2026-03-27T13:08:00-04:00,5.199999999999989,-952.959999999988,216.0,2026-03-27T13:07:00-04:00,0.39999999999997726,8647.040000000035,,,,,,,,,217.0,2026-03-27T13:08:00-04:00,5.199999999999989,-952.959999999988,216.0,2026-03-27T13:07:00-04:00,0.39999999999997726,8647.040000000035,,,,,,,,,217.0,2026-03-27T13:08:00-04:00,5.199999999999989,-952.959999999988,3315
2026-03-27,2026-03-30,3,6.0,2026-03-27T09:31:00-04:00,6.0,NDXP  260330P23630000,NDXP  260330P23620000,final_holdout,False,False,0,0,1,103,0,688,available,False,2026-03-27T09:31:00-04:00,2026-03-30T16:00:00-04:00,10.0,-8152.96,0.0,last_observed_quote_not_settlement,3917.0,610,18,6.199999999999989,-652.9599999999766,2026-03-27T09:32:00-04:00,0.0,6.150000000000034,-552.9600000000676,2026-03-27T09:33:00-04:00,0.0,6.650000000000034,-1552.9600000000676,2026-03-27T09:36:00-04:00,0.0,6.2999999999999545,-852.9599999999084,2026-03-27T09:41:00-04:00,0.0,6.300000000000011,-852.9600000000221,2026-03-27T09:46:00-04:00,0.0,7.0,-2252.959999999999,2026-03-27T10:01:00-04:00,0.0,7.349999999999966,-2952.959999999931,2026-03-27T10:31:00-04:00,0.0,6.800000000000011,-1852.960000000022,2026-03-27T11:31:00-04:00,0.0,7.699999999999932,-3652.9599999998627,2026-03-27T16:00:00-04:00,0.0,,,2026-03-27T16:15:00-04:00,85500.0,,,2026-03-27T16:15:00-04:00,171900.0,10.0,-8152.96,2026-03-30T16:00:00-04:00,0.0,124.0,hit,,never_hit,,never_hit,,never_hit,,never_hit,,never_hit,,never_hit,4.0,hit,22.0,hit,22.0,hit,110.0,hit,235.0,hit,341.0,hit,,,True,True,True,False,0.9499999999999886,,,True,True,True,False,0.9499999999999886,,,True,True,True,False,0.9499999999999886,,,True,True,True,False,0.9499999999999886,,,,,,,,,,,,,,,,,,,,,,,,,,,,,,,,,,,,,,,,,,,,,,,,,,,,,,,,,,,,,,,,,3316
2026-03-27,2026-03-30,3,7.0,2026-03-27T09:31:00-04:00,7.0,NDXP  260330P23770000,NDXP  260330P23760000,final_holdout,False,False,0,0,2,99,0,689,available,False,2026-03-27T09:31:00-04:00,2026-03-30T15:59:00-04:00,10.0,-6152.96,1.0,last_observed_quote_not_settlement,3916.0,587,33,7.050000000000011,-352.96000000002203,2026-03-27T09:32:00-04:00,0.0,6.899999999999977,-52.959999999953816,2026-03-27T09:33:00-04:00,0.0,7.5499999999999545,-1352.9599999999084,2026-03-27T09:36:00-04:00,0.0,8.5,-3252.960000000001,2026-03-27T09:41:00-04:00,0.0,7.25,-752.9599999999994,2026-03-27T09:46:00-04:00,0.0,8.0,-2252.960000000001,2026-03-27T10:01:00-04:00,0.0,8.199999999999932,-2652.9599999998645,2026-03-27T10:31:00-04:00,0.0,7.2000000000000455,-652.9600000000903,2026-03-27T11:31:00-04:00,0.0,8.849999999999909,-3952.959999999819,2026-03-27T16:00:00-04:00,0.0,,,2026-03-27T16:15:00-04:00,85500.0,,,2026-03-27T16:15:00-04:00,171900.0,,,2026-03-30T15:59:00-04:00,60.0,32.0,hit,4664.0,hit,4664.0,hit,,never_hit,,never_hit,,never_hit,,never_hit,4.0,hit,7.0,hit,0.0,hit,7.0,hit,37.0,hit,57.0,hit,,,True,True,True,False,3.849999999999909,,,True,True,True,False,3.849999999999909,,,True,True,True,False,3.849999999999909,,,True,True,True,False,3.849999999999909,,,,,,,,,,,,,,,,,,,,,,,,,,,,,,,,,,,,,,,,,,,,,,,,,,,,,,,,,,,,,,,,,3317
2026-03-30,2026-04-01,2,5.0,2026-03-30T09:31:00-04:00,5.0,NDXP  260401P23390000,NDXP  260401P23380000,final_holdout,False,False,0,0,20,94,0,1044,available,False,2026-03-30T09:31:00-04:00,2026-04-01T15:02:00-04:00,0.04999999999999999,9647.040000000003,58.0,last_observed_quote_not_settlement,1037.0,498,82,4.950000000000017,-152.9600000000334,2026-03-30T09:32:00-04:00,0.0,5.19999999999996,-652.9599999999198,2026-03-30T09:33:00-04:00,0.0,5.649999999999977,-1552.9599999999539,2026-03-30T09:36:00-04:00,0.0,6.050000000000011,-2352.960000000022,2026-03-30T09:41:00-04:00,0.0,5.5,-1252.9599999999994,2026-03-30T09:46:00-04:00,0.0,6.5,-3252.959999999999,2026-03-30T10:01:00-04:00,0.0,6.349999999999966,-2952.959999999931,2026-03-30T10:31:00-04:00,0.0,6.850000000000023,-3952.9600000000446,2026-03-30T11:31:00-04:00,0.0,8.550000000000011,-7352.960000000024,2026-03-30T16:00:00-04:00,0.0,5.450000000000003,-1152.960000000005,2026-03-31T16:00:00-04:00,0.0,,,2026-04-01T15:02:00-04:00,3480.0,,,,,0.0,hit,0.0,hit,6.0,hit,320.0,hit,320.0,hit,2880.0,hit,2880.0,hit,5.0,hit,9.0,hit,26.0,hit,235.0,hit,318.0,hit,318.0,hit,9.649999999999977,305,True,True,True,True,,9.649999999999977,305,True,True,True,True,,9.649999999999977,498,True,True,True,True,,9.649999999999977,498,True,True,True,True,,320.0,2026-03-30T14:51:00-04:00,1.75,6247.040000000001,1632.0,2026-03-31T12:43:00-04:00,2.3499999999999943,5047.040000000012,1633.0,2026-03-31T12:44:00-04:00,2.299999999999997,5147.040000000006,321.0,2026-03-30T14:52:00-04:00,8.800000000000068,-7852.960000000137,320.0,2026-03-30T14:51:00-04:00,1.75,6247.040000000001,1668.0,2026-03-31T13:19:00-04:00,1.75,6247.040000000001,1669.0,2026-03-31T13:20:00-04:00,1.8500000000000085,6047.039999999984,321.0,2026-03-30T14:52:00-04:00,8.800000000000068,-7852.960000000137,2880.0,2026-04-01T09:31:00-04:00,0.25,9247.04,2881.0,2026-04-01T09:32:00-04:00,0.29999999999999893,9147.040000000005,2882.0,2026-04-01T09:33:00-04:00,0.20000000000000018,9347.04,2881.0,2026-04-01T09:32:00-04:00,0.29999999999999893,9147.040000000005,2880.0,2026-04-01T09:31:00-04:00,0.25,9247.04,2881.0,2026-04-01T09:32:00-04:00,0.29999999999999893,9147.040000000005,2882.0,2026-04-01T09:33:00-04:00,0.20000000000000018,9347.04,2881.0,2026-04-01T09:32:00-04:00,0.29999999999999893,9147.040000000005,3318
2026-03-30,2026-04-01,2,6.0,2026-03-30T09:31:00-04:00,6.0,NDXP  260401P23530000,NDXP  260401P23520000,final_holdout,False,False,0,0,36,27,0,1124,available,False,2026-03-30T09:31:00-04:00,2026-04-01T15:29:00-04:00,0.0,11747.04,31.0,last_observed_quote_not_settlement,1036.0,536,54,6.399999999999977,-1052.9599999999539,2026-03-30T09:32:00-04:00,0.0,7.0499999999999545,-2352.959999999908,2026-03-30T09:33:00-04:00,0.0,6.599999999999966,-1452.9599999999311,2026-03-30T09:36:00-04:00,0.0,6.900000000000034,-2052.9600000000673,2026-03-30T09:41:00-04:00,0.0,7.000000000000057,-2252.960000000113,2026-03-30T09:46:00-04:00,0.0,7.0499999999999545,-2352.959999999908,2026-03-30T10:01:00-04:00,0.0,7.350000000000023,-2952.9600000000446,2026-03-30T10:31:00-04:00,0.0,7.550000000000011,-3352.960000000022,2026-03-30T11:31:00-04:00,0.0,8.449999999999932,-5152.9599999998645,2026-03-30T16:00:00-04:00,0.0,2.3000000000000043,7147.039999999992,2026-03-31T16:00:00-04:00,0.0,,,2026-04-01T15:29:00-04:00,1860.0,,,,,27.0,hit,41.0,hit,284.0,hit,284.0,hit,284.0,hit,2880.0,hit,2882.0,hit,2.0,hit,2.0,hit,2.0,hit,32.0,hit,200.0,hit,239.0,hit,9.649999999999977,261,True,True,True,True,,9.649999999999977,261,True,True,True,True,,9.850000000000023,536,True,True,True,True,,9.850000000000023,536,True,True,True,True,,284.0,2026-03-30T14:15:00-04:00,1.25,9247.04,1748.0,2026-03-31T14:39:00-04:00,2.8999999999999915,5947.040000000018,1772.0,2026-03-31T15:03:00-04:00,2.9000000000000057,5947.039999999989,285.0,2026-03-30T14:16:00-04:00,8.5,-5252.960000000001,284.0,2026-03-30T14:15:00-04:00,1.25,9247.04,2881.0,2026-04-01T09:32:00-04:00,0.7000000000000028,10347.039999999995,2882.0,2026-04-01T09:33:00-04:00,0.4499999999999993,10847.040000000003,285.0,2026-03-30T14:16:00-04:00,8.5,-5252.960000000001,2880.0,2026-04-01T09:31:00-04:00,0.6000000000000014,10547.039999999999,2881.0,2026-04-01T09:32:00-04:00,0.7000000000000028,10347.039999999995,2882.0,2026-04-01T09:33:00-04:00,0.4499999999999993,10847.040000000003,2881.0,2026-04-01T09:32:00-04:00,0.7000000000000028,10347.039999999995,2882.0,2026-04-01T09:33:00-04:00,0.4499999999999993,10847.040000000003,2883.0,2026-04-01T09:34:00-04:00,0.4499999999999993,10847.040000000003,2884.0,2026-04-01T09:35:00-04:00,0.3999999999999986,10947.040000000005,2883.0,2026-04-01T09:34:00-04:00,0.4499999999999993,10847.040000000003,3319
2026-03-30,2026-04-01,2,7.0,2026-03-30T09:31:00-04:00,7.0,NDXP  260401P24620000,NDXP  260401P24610000,final_holdout,False,False,0,0,36,196,0,893,available,False,2026-03-30T09:31:00-04:00,2026-04-01T15:57:00-04:00,10.0,-6152.96,3.0,last_observed_quote_not_settlement,1036.0,672,34,8.0,-2252.960000000001,2026-03-30T09:32:00-04:00,0.0,,,2026-03-30T09:32:00-04:00,60.0,4.399999999999864,4947.040000000274,2026-03-30T09:36:00-04:00,0.0,7.300000000000182,-852.9600000003632,2026-03-30T09:41:00-04:00,0.0,9.900000000000091,-6052.960000000183,2026-03-30T09:46:00-04:00,0.0,,,2026-03-30T10:00:00-04:00,60.0,9.900000000000091,-6052.960000000183,2026-03-30T10:31:00-04:00,0.0,,,2026-03-30T11:30:00-04:00,60.0,10.0,-6152.96,2026-03-30T16:00:00-04:00,0.0,9.899999999999864,-6052.959999999728,2026-03-31T16:00:00-04:00,0.0,,,2026-04-01T15:57:00-04:00,180.0,,,,,3.0,hit,3.0,hit,3.0,hit,3.0,hit,40.0,hit,40.0,hit,1523.0,hit,1.0,hit,1.0,hit,0.0,hit,1.0,hit,7.0,hit,7.0,hit,8.0,0,True,True,False,False,,10.0,14,True,True,True,True,,10.0,14,True,True,True,True,,10.0,199,True,True,True,True,,3.0,2026-03-30T09:34:00-04:00,2.8999999999998636,7947.040000000274,1649.0,2026-03-31T13:00:00-04:00,2.2000000000000455,9347.03999999991,,,,,4.0,2026-03-30T09:35:00-04:00,7.4500000000000455,-1152.9600000000903,40.0,2026-03-30T10:11:00-04:00,0.900000000000091,11947.039999999819,,,,,,,,,41.0,2026-03-30T10:12:00-04:00,6.7000000000000455,347.03999999990975,40.0,2026-03-30T10:11:00-04:00,0.900000000000091,11947.039999999819,,,,,,,,,41.0,2026-03-30T10:12:00-04:00,6.7000000000000455,347.03999999990975,1523.0,2026-03-31T10:54:00-04:00,0.0,13747.04,,,,,,,,,,,,,3320
2026-03-30,2026-04-02,3,5.0,2026-03-30T09:31:00-04:00,5.0,NDXP  260402P23380000,NDXP  260402P23370000,final_holdout,False,False,0,0,13,30,0,1486,available,False,2026-03-30T09:31:00-04:00,2026-04-02T14:34:00-04:00,0.025000000000000022,9697.04,86.0,last_observed_quote_not_settlement,1036.0,473,60,4.699999999999989,347.04000000002344,2026-03-30T09:32:00-04:00,0.0,4.899999999999977,-52.959999999953816,2026-03-30T09:33:00-04:00,0.0,5.25,-752.9599999999994,2026-03-30T09:36:00-04:00,0.0,5.850000000000023,-1952.9600000000448,2026-03-30T09:41:00-04:00,0.0,5.600000000000023,-1452.9600000000448,2026-03-30T09:46:00-04:00,0.0,6.0,-2252.959999999999,2026-03-30T10:01:00-04:00,0.0,5.899999999999977,-2052.9599999999537,2026-03-30T10:31:00-04:00,0.0,6.050000000000011,-2352.960000000022,2026-03-30T11:31:00-04:00,0.0,7.25,-4752.959999999999,2026-03-30T16:00:00-04:00,0.0,2.000000000000014,5747.039999999973,2026-03-31T16:00:00-04:00,0.0,0.5999999999999979,8547.040000000006,2026-04-01T16:00:00-04:00,0.0,,,2026-04-02T14:34:00-04:00,5160.0,0.0,hit,0.0,hit,269.0,hit,380.0,hit,1803.0,hit,2882.0,hit,2943.0,hit,9.0,hit,9.0,hit,107.0,hit,224.0,hit,346.0,hit,,never_hit,9.25,368,True,True,True,True,,9.25,473,True,True,True,True,,9.25,473,True,True,True,True,,9.25,473,True,True,True,True,,380.0,2026-03-30T15:51:00-04:00,2.3999999999998636,4947.040000000274,1632.0,2026-03-31T12:43:00-04:00,2.5,4747.040000000001,1633.0,2026-03-31T12:44:00-04:00,2.6500000000000057,4447.039999999989,381.0,2026-03-30T15:52:00-04:00,7.349999999999966,-4952.959999999931,1803.0,2026-03-31T15:34:00-04:00,1.8499999999999943,6047.040000000012,1811.0,2026-03-31T15:42:00-04:00,1.9000000000000057,5947.039999999989,1822.0,2026-03-31T15:53:00-04:00,1.7999999999999972,6147.040000000006,1804.0,2026-03-31T15:35:00-04:00,2.0999999999999943,5547.040000000012,2883.0,2026-04-01T09:34:00-04:00,0.8999999999999986,7947.040000000004,2884.0,2026-04-01T09:35:00-04:00,0.7999999999999972,8147.040000000007,2885.0,2026-04-01T09:36:00-04:00,0.8500000000000014,8047.039999999998,2884.0,2026-04-01T09:35:00-04:00,0.7999999999999972,8147.040000000007,2943.0,2026-04-01T10:34:00-04:00,0.4499999999999993,8847.040000000003,2968.0,2026-04-01T10:59:00-04:00,0.4499999999999993,8847.040000000003,2986.0,2026-04-01T11:17:00-04:00,0.4499999999999993,8847.040000000003,2944.0,2026-04-01T10:35:00-04:00,0.8000000000000007,8147.04,3321
2026-03-30,2026-04-02,3,6.0,2026-03-30T09:31:00-04:00,5.949999999999989,NDXP  260402P23550000,NDXP  260402P23540000,final_holdout,False,False,0,0,14,14,0,1522,available,False,2026-03-30T09:31:00-04:00,2026-04-02T14:50:00-04:00,0.07499999999999996,11497.039999999979,70.0,last_observed_quote_not_settlement,1036.0,507,81,5.75,147.03999999997797,2026-03-30T09:32:00-04:00,0.0,5.899999999999977,-152.95999999997656,2026-03-30T09:33:00-04:00,0.0,4.150000000000034,3347.03999999991,2026-03-30T09:36:00-04:00,0.0,6.649999999999977,-1652.9599999999766,2026-03-30T09:41:00-04:00,0.0,7.649999999999977,-3652.9599999999764,2026-03-30T09:46:00-04:00,0.0,6.999999999999943,-2352.959999999908,2026-03-30T10:01:00-04:00,0.0,7.100000000000023,-2552.9600000000673,2026-03-30T10:31:00-04:00,0.0,7.100000000000023,-2552.9600000000673,2026-03-30T11:31:00-04:00,0.0,7.599999999999909,-3552.95999999984,2026-03-30T16:00:00-04:00,0.0,4.300000000000011,3047.0399999999554,2026-03-31T16:00:00-04:00,0.0,1.1499999999999986,9347.03999999998,2026-04-01T16:00:00-04:00,0.0,,,2026-04-02T14:50:00-04:00,4200.0,5.0,hit,5.0,hit,142.0,hit,1661.0,hit,1821.0,hit,2936.0,hit,3094.0,hit,4.0,hit,15.0,hit,15.0,hit,37.0,hit,118.0,hit,271.0,hit,9.600000000000023,506,True,True,True,True,,9.600000000000023,506,True,True,True,True,,9.600000000000023,506,True,True,True,True,,9.600000000000023,506,True,True,True,True,,1661.0,2026-03-31T13:12:00-04:00,2.8499999999999943,5947.039999999989,1811.0,2026-03-31T15:42:00-04:00,2.9499999999999886,5747.040000000001,1816.0,2026-03-31T15:47:00-04:00,2.8000000000000114,6047.039999999955,1662.0,2026-03-31T13:13:00-04:00,3.7499999999999716,4147.0400000000345,1821.0,2026-03-31T15:52:00-04:00,1.8999999999999915,7847.039999999995,2881.0,2026-04-01T09:32:00-04:00,1.8999999999999986,7847.039999999981,2882.0,2026-04-01T09:33:00-04:00,1.6000000000000014,8447.039999999975,1822.0,2026-03-31T15:53:00-04:00,3.1500000000000057,5347.039999999966,2937.0,2026-04-01T10:28:00-04:00,0.9499999999999957,9747.039999999988,2938.0,2026-04-01T10:29:00-04:00,0.9499999999999957,9747.039999999988,2957.0,2026-04-01T10:48:00-04:00,0.8000000000000043,10047.03999999997,2938.0,2026-04-01T10:29:00-04:00,0.9499999999999957,9747.039999999988,4384.0,2026-04-02T10:35:00-04:00,0.0,11647.039999999979,4405.0,2026-04-02T10:56:00-04:00,0.4499999999999993,10747.03999999998,4420.0,2026-04-02T11:11:00-04:00,0.29999999999999893,11047.03999999998,4385.0,2026-04-02T10:36:00-04:00,0.7999999999999989,10047.03999999998,3322
2026-03-30,2026-04-02,3,7.0,2026-03-30T09:31:00-04:00,7.0,NDXP  260402P23710000,NDXP  260402P23700000,final_holdout,False,False,0,0,33,30,0,1528,available,False,2026-03-30T09:31:00-04:00,2026-04-02T15:13:00-04:00,0.07499999999999996,13597.04,47.0,last_observed_quote_not_settlement,1036.0,477,134,6.9500000000000455,-152.96000000009025,2026-03-30T09:32:00-04:00,0.0,7.800000000000011,-1852.960000000022,2026-03-30T09:33:00-04:00,0.0,7.649999999999977,-1552.9599999999539,2026-03-30T09:36:00-04:00,0.0,7.300000000000068,-852.9600000001358,2026-03-30T09:41:00-04:00,0.0,7.5,-1252.9599999999994,2026-03-30T09:46:00-04:00,0.0,8.299999999999955,-2852.95999999991,2026-03-30T10:01:00-04:00,0.0,7.849999999999909,-1952.9599999998175,2026-03-30T10:31:00-04:00,0.0,8.0,-2252.960000000001,2026-03-30T11:31:00-04:00,0.0,,,2026-03-30T15:59:00-04:00,60.0,5.899999999999977,1947.0400000000461,2026-03-31T16:00:00-04:00,0.0,1.9499999999999957,9847.04000000001,2026-04-01T16:00:00-04:00,0.0,,,2026-04-02T15:13:00-04:00,2820.0,86.0,hit,135.0,hit,322.0,hit,322.0,hit,2888.0,hit,3027.0,hit,4368.0,hit,2.0,hit,18.0,hit,0.0,hit,18.0,hit,49.0,hit,77.0,hit,9.750000000000114,265,True,True,True,True,,10.0,468,True,True,True,True,,10.0,468,True,True,True,True,,10.0,477,True,True,True,True,,322.0,2026-03-30T14:53:00-04:00,2.5,8747.04,1772.0,2026-03-31T15:03:00-04:00,2.700000000000017,8347.039999999968,2882.0,2026-04-01T09:33:00-04:00,2.3000000000000114,9147.039999999979,323.0,2026-03-30T14:54:00-04:00,3.0,7747.040000000001,2920.0,2026-04-01T10:11:00-04:00,1.7999999999999972,10147.040000000008,2932.0,2026-04-01T10:23:00-04:00,1.7999999999999972,10147.040000000008,2933.0,2026-04-01T10:24:00-04:00,1.75,10247.04,2921.0,2026-04-01T10:12:00-04:00,2.25,9247.04,3033.0,2026-04-01T12:04:00-04:00,0.9499999999999957,11847.04000000001,3042.0,2026-04-01T12:13:00-04:00,0.9499999999999957,11847.04000000001,3095.0,2026-04-01T13:06:00-04:00,0.9000000000000021,11947.039999999997,3034.0,2026-04-01T12:05:00-04:00,1.0500000000000043,11647.039999999994,4446.0,2026-04-02T11:37:00-04:00,0.4499999999999993,12847.040000000003,4525.0,2026-04-02T12:56:00-04:00,0.40000000000000213,12947.039999999997,4526.0,2026-04-02T12:57:00-04:00,0.4499999999999993,12847.040000000003,4447.0,2026-04-02T11:38:00-04:00,0.6499999999999986,12447.040000000005,3323
2026-03-31,2026-04-02,2,5.0,2026-03-31T09:31:00-04:00,5.0,NDXP  260402P23270000,NDXP  260402P23260000,final_holdout,False,False,0,0,41,64,0,1077,available,False,2026-03-31T09:31:00-04:00,2026-04-02T15:49:00-04:00,0.0,9747.04,11.0,last_observed_quote_not_settlement,1036.0,14,18,4.75,247.04000000000067,2026-03-31T09:32:00-04:00,0.0,6.099999999999994,-2452.9599999999878,2026-03-31T09:33:00-04:00,0.0,4.75,247.04000000000067,2026-03-31T09:36:00-04:00,0.0,4.150000000000006,1447.0399999999893,2026-03-31T09:41:00-04:00,0.0,4.5,747.0400000000006,2026-03-31T09:46:00-04:00,0.0,3.6500000000000057,2447.0399999999895,2026-03-31T10:01:00-04:00,0.0,3.6999999999999886,2347.0400000000236,2026-03-31T10:31:00-04:00,0.0,4.350000000000023,1047.0399999999552,2026-03-31T11:31:00-04:00,0.0,1.4500000000000028,6847.039999999995,2026-03-31T16:00:00-04:00,0.0,0.4499999999999993,8847.040000000003,2026-04-01T16:00:00-04:00,0.0,,,2026-04-02T15:49:00-04:00,660.0,,,,,0.0,hit,0.0,hit,12.0,hit,189.0,hit,213.0,hit,1440.0,hit,1477.0,hit,2.0,hit,2.0,hit,,never_hit,,never_hit,,never_hit,,never_hit,6.75,14,False,False,False,False,,6.75,14,False,False,False,False,,6.75,14,False,False,False,False,,6.75,14,False,False,False,False,,189.0,2026-03-31T12:40:00-04:00,2.75,4247.040000000001,190.0,2026-03-31T12:41:00-04:00,2.6500000000000057,4447.039999999989,191.0,2026-03-31T12:42:00-04:00,2.000000000000014,5747.039999999973,190.0,2026-03-31T12:41:00-04:00,2.6500000000000057,4447.039999999989,213.0,2026-03-31T13:04:00-04:00,1.9499999999999886,5847.040000000024,227.0,2026-03-31T13:18:00-04:00,1.8499999999999943,6047.040000000012,231.0,2026-03-31T13:22:00-04:00,1.75,6247.040000000001,214.0,2026-03-31T13:05:00-04:00,2.049999999999983,5647.0400000000345,1440.0,2026-04-01T09:31:00-04:00,0.8999999999999986,7947.040000000004,1441.0,2026-04-01T09:32:00-04:00,0.8500000000000014,8047.039999999998,1442.0,2026-04-01T09:33:00-04:00,0.6999999999999993,8347.040000000003,1441.0,2026-04-01T09:32:00-04:00,0.8500000000000014,8047.039999999998,1489.0,2026-04-01T10:20:00-04:00,0.44999999999999574,8847.04000000001,1499.0,2026-04-01T10:30:00-04:00,0.3999999999999986,8947.040000000005,1500.0,2026-04-01T10:31:00-04:00,0.4499999999999993,8847.040000000003,1490.0,2026-04-01T10:21:00-04:00,0.5,8747.04,3324
2026-03-31,2026-04-02,2,6.0,2026-03-31T09:31:00-04:00,6.0,NDXP  260402P23420000,NDXP  260402P23410000,final_holdout,False,False,0,0,13,6,0,1110,available,False,2026-03-31T09:31:00-04:00,2026-04-02T14:56:00-04:00,0.025000000000000022,11697.04,64.0,last_observed_quote_not_settlement,1036.0,17,24,5.550000000000011,647.0399999999779,2026-03-31T09:32:00-04:00,0.0,7.100000000000023,-2452.9600000000446,2026-03-31T09:33:00-04:00,0.0,5.7999999999999545,147.04000000009165,2026-03-31T09:36:00-04:00,0.0,5.75,247.04000000000067,2026-03-31T09:41:00-04:00,0.0,6.699999999999932,-1652.959999999863,2026-03-31T09:46:00-04:00,0.0,4.599999999999994,2547.0400000000122,2026-03-31T10:01:00-04:00,0.0,4.0,3747.040000000001,2026-03-31T10:31:00-04:00,0.0,5.55000000000004,647.0399999999211,2026-03-31T11:31:00-04:00,0.0,4.699999999999989,2347.0400000000236,2026-03-31T16:00:00-04:00,0.0,0.6999999999999993,10347.040000000003,2026-04-01T16:00:00-04:00,0.0,,,2026-04-02T14:56:00-04:00,3840.0,,,,,11.0,hit,11.0,hit,29.0,hit,29.0,hit,29.0,hit,29.0,hit,29.0,hit,2.0,hit,2.0,hit,2.0,hit,,never_hit,,never_hit,,never_hit,7.100000000000023,5,True,False,False,False,,7.100000000000023,5,True,False,False,False,,7.100000000000023,5,True,False,False,False,,7.100000000000023,5,True,False,False,False,,29.0,2026-03-31T10:00:00-04:00,0.4000000000000057,10947.03999999999,192.0,2026-03-31T12:43:00-04:00,2.6999999999999886,6347.040000000024,193.0,2026-03-31T12:44:00-04:00,2.8499999999999943,6047.040000000012,30.0,2026-03-31T10:01:00-04:00,4.599999999999994,2547.0400000000122,29.0,2026-03-31T10:00:00-04:00,0.4000000000000057,10947.03999999999,1441.0,2026-04-01T09:32:00-04:00,1.2000000000000028,9347.039999999995,1442.0,2026-04-01T09:33:00-04:00,1.0500000000000043,9647.039999999994,30.0,2026-03-31T10:01:00-04:00,4.599999999999994,2547.0400000000122,29.0,2026-03-31T10:00:00-04:00,0.4000000000000057,10947.03999999999,1449.0,2026-04-01T09:40:00-04:00,0.8999999999999986,9947.040000000005,1473.0,2026-04-01T10:04:00-04:00,0.9499999999999993,9847.040000000003,30.0,2026-03-31T10:01:00-04:00,4.599999999999994,2547.0400000000122,29.0,2026-03-31T10:00:00-04:00,0.4000000000000057,10947.03999999999,1567.0,2026-04-01T11:38:00-04:00,0.4499999999999993,10847.040000000003,1586.0,2026-04-01T11:57:00-04:00,0.40000000000000036,10947.04,30.0,2026-03-31T10:01:00-04:00,4.599999999999994,2547.0400000000122,3325
2026-03-31,2026-04-02,2,7.0,2026-03-31T09:31:00-04:00,7.0,NDXP  260402P23540000,NDXP  260402P23530000,final_holdout,False,False,0,0,10,9,0,1131,available,False,2026-03-31T09:31:00-04:00,2026-04-02T15:10:00-04:00,0.0,13747.04,50.0,last_observed_quote_not_settlement,1036.0,14,18,6.199999999999989,1347.0400000000234,2026-03-31T09:32:00-04:00,0.0,7.75,-1752.9599999999994,2026-03-31T09:33:00-04:00,0.0,7.0,-252.9599999999993,2026-03-31T09:36:00-04:00,0.0,6.550000000000011,647.0399999999779,2026-03-31T09:41:00-04:00,0.0,6.600000000000023,547.0399999999552,2026-03-31T09:46:00-04:00,0.0,5.649999999999977,2447.0400000000463,2026-03-31T10:01:00-04:00,0.0,4.849999999999966,4047.040000000069,2026-03-31T10:31:00-04:00,0.0,6.449999999999989,847.0400000000234,2026-03-31T11:31:00-04:00,0.0,1.5999999999999943,10547.040000000014,2026-03-31T16:00:00-04:00,0.0,1.2000000000000028,11347.039999999995,2026-04-01T16:00:00-04:00,0.0,,,2026-04-02T15:10:00-04:00,3000.0,,,,,21.0,hit,28.0,hit,191.0,hit,232.0,hit,389.0,hit,1492.0,hit,1588.0,hit,2.0,hit,103.0,hit,0.0,hit,103.0,hit,137.0,hit,137.0,hit,9.700000000000045,14,True,True,True,True,,9.700000000000045,14,True,True,True,True,,9.700000000000045,14,True,True,True,True,,9.700000000000045,14,True,True,True,True,,341.0,2026-03-31T15:12:00-04:00,2.799999999999997,8147.040000000007,367.0,2026-03-31T15:38:00-04:00,2.8999999999999773,7947.040000000046,371.0,2026-03-31T15:42:00-04:00,2.9000000000000057,7947.039999999989,342.0,2026-03-31T15:13:00-04:00,3.0999999999999943,7547.040000000012,389.0,2026-03-31T16:00:00-04:00,1.5999999999999943,10547.040000000014,1441.0,2026-04-01T09:32:00-04:00,1.6499999999999986,10447.040000000005,1442.0,2026-04-01T09:33:00-04:00,1.6000000000000014,10547.039999999999,390.0,2026-03-31T16:01:00-04:00,2.8499999999999943,8047.040000000012,1492.0,2026-04-01T10:23:00-04:00,0.8999999999999986,11947.040000000005,1493.0,2026-04-01T10:24:00-04:00,0.9499999999999957,11847.04000000001,1511.0,2026-04-01T10:42:00-04:00,0.8999999999999986,11947.040000000005,1493.0,2026-04-01T10:24:00-04:00,0.9499999999999957,11847.04000000001,1588.0,2026-04-01T11:59:00-04:00,0.3999999999999986,12947.040000000005,2974.0,2026-04-02T11:05:00-04:00,0.34999999999999964,13047.040000000003,2980.0,2026-04-02T11:11:00-04:00,0.25,13247.04,1589.0,2026-04-01T12:00:00-04:00,0.6500000000000021,12447.039999999997,3326
2026-04-06,2026-04-08,2,5.0,2026-04-06T09:31:00-04:00,5.0,NDXP  260408P24300000,NDXP  260408P24290000,final_holdout,False,False,0,0,16,11,0,1152,available,False,2026-04-06T09:31:00-04:00,2026-04-08T15:25:00-04:00,0.0,9747.04,35.0,last_observed_quote_not_settlement,1036.0,770,45,5.149999999999977,-552.9599999999539,2026-04-06T09:32:00-04:00,0.0,5.949999999999989,-2152.9599999999764,2026-04-06T09:33:00-04:00,0.0,4.550000000000011,647.0399999999779,2026-04-06T09:36:00-04:00,0.0,5.449999999999989,-1152.9599999999766,2026-04-06T09:41:00-04:00,0.0,5.050000000000011,-352.96000000002203,2026-04-06T09:46:00-04:00,0.0,4.75,247.04000000000067,2026-04-06T10:01:00-04:00,0.0,4.75,247.04000000000067,2026-04-06T10:31:00-04:00,0.0,5.899999999999977,-2052.9599999999537,2026-04-06T11:31:00-04:00,0.0,4.999999999999972,-252.95999999994245,2026-04-06T16:00:00-04:00,0.0,5.0,-252.9599999999993,2026-04-07T16:00:00-04:00,0.0,,,2026-04-08T15:25:00-04:00,2100.0,,,,,0.0,hit,0.0,hit,29.0,hit,29.0,hit,31.0,hit,2880.0,hit,2880.0,hit,2.0,hit,46.0,hit,312.0,hit,1479.0,hit,1479.0,hit,1529.0,hit,5.949999999999989,17,False,False,False,False,,5.949999999999989,17,False,False,False,False,,10.0,770,True,True,True,True,,10.0,770,True,True,True,True,,29.0,2026-04-06T10:00:00-04:00,2.0999999999999943,5547.040000000012,2881.0,2026-04-08T09:32:00-04:00,0.20000000000000018,9347.04,2882.0,2026-04-08T09:33:00-04:00,0.15000000000000036,9447.04,30.0,2026-04-06T10:01:00-04:00,4.75,247.04000000000067,31.0,2026-04-06T10:02:00-04:00,1.400000000000034,6947.039999999933,2881.0,2026-04-08T09:32:00-04:00,0.20000000000000018,9347.04,2882.0,2026-04-08T09:33:00-04:00,0.15000000000000036,9447.04,32.0,2026-04-06T10:03:00-04:00,4.499999999999972,747.0400000000575,2880.0,2026-04-08T09:31:00-04:00,0.09999999999999964,9547.040000000003,2881.0,2026-04-08T09:32:00-04:00,0.20000000000000018,9347.04,2882.0,2026-04-08T09:33:00-04:00,0.15000000000000036,9447.04,2881.0,2026-04-08T09:32:00-04:00,0.20000000000000018,9347.04,2880.0,2026-04-08T09:31:00-04:00,0.09999999999999964,9547.040000000003,2881.0,2026-04-08T09:32:00-04:00,0.20000000000000018,9347.04,2882.0,2026-04-08T09:33:00-04:00,0.15000000000000036,9447.04,2881.0,2026-04-08T09:32:00-04:00,0.20000000000000018,9347.04,3327
2026-04-06,2026-04-08,2,6.0,2026-04-06T09:31:00-04:00,6.0,NDXP  260408P24370000,NDXP  260408P24360000,final_holdout,False,False,0,0,1,11,0,1157,available,False,2026-04-06T09:31:00-04:00,2026-04-08T15:30:00-04:00,0.025000000000000022,11697.04,30.0,last_observed_quote_not_settlement,1036.0,628,97,5.7999999999999545,147.04000000009165,2026-04-06T09:32:00-04:00,0.0,6.0,-252.9599999999993,2026-04-06T09:33:00-04:00,0.0,5.849999999999966,47.04000000006892,2026-04-06T09:36:00-04:00,0.0,6.300000000000011,-852.9600000000221,2026-04-06T09:41:00-04:00,0.0,6.5,-1252.9599999999994,2026-04-06T09:46:00-04:00,0.0,6.5,-1252.9599999999994,2026-04-06T10:01:00-04:00,0.0,5.600000000000023,547.0399999999552,2026-04-06T10:31:00-04:00,0.0,6.600000000000023,-1452.9600000000448,2026-04-06T11:31:00-04:00,0.0,5.699999999999932,347.0400000001371,2026-04-06T16:00:00-04:00,0.0,5.699999999999989,347.04000000002344,2026-04-07T16:00:00-04:00,0.0,,,2026-04-08T15:30:00-04:00,1800.0,,,,,4.0,hit,397.0,hit,2880.0,hit,2880.0,hit,2880.0,hit,2880.0,hit,2880.0,hit,3.0,hit,89.0,hit,89.0,hit,1446.0,hit,1466.0,hit,1537.0,hit,9.75,628,True,True,True,True,,9.75,628,True,True,True,True,,9.75,628,True,True,True,True,,9.75,628,True,True,True,True,,2880.0,2026-04-08T09:31:00-04:00,0.15000000000000036,11447.04,2881.0,2026-04-08T09:32:00-04:00,0.3000000000000007,11147.04,2882.0,2026-04-08T09:33:00-04:00,0.20000000000000018,11347.04,2881.0,2026-04-08T09:32:00-04:00,0.3000000000000007,11147.04,2880.0,2026-04-08T09:31:00-04:00,0.15000000000000036,11447.04,2881.0,2026-04-08T09:32:00-04:00,0.3000000000000007,11147.04,2882.0,2026-04-08T09:33:00-04:00,0.20000000000000018,11347.04,2881.0,2026-04-08T09:32:00-04:00,0.3000000000000007,11147.04,2880.0,2026-04-08T09:31:00-04:00,0.15000000000000036,11447.04,2881.0,2026-04-08T09:32:00-04:00,0.3000000000000007,11147.04,2882.0,2026-04-08T09:33:00-04:00,0.20000000000000018,11347.04,2881.0,2026-04-08T09:32:00-04:00,0.3000000000000007,11147.04,2880.0,2026-04-08T09:31:00-04:00,0.15000000000000036,11447.04,2881.0,2026-04-08T09:32:00-04:00,0.3000000000000007,11147.04,2882.0,2026-04-08T09:33:00-04:00,0.20000000000000018,11347.04,2881.0,2026-04-08T09:32:00-04:00,0.3000000000000007,11147.04,3328
2026-04-06,2026-04-08,2,7.0,2026-04-06T09:31:00-04:00,7.100000000000023,NDXP  260408P24410000,NDXP  260408P24400000,final_holdout,False,False,0,0,14,102,0,1062,available,False,2026-04-06T09:31:00-04:00,2026-04-08T15:13:00-04:00,0.0,13947.040000000046,47.0,last_observed_quote_not_settlement,1037.0,355,96,6.150000000000034,1647.039999999978,2026-04-06T09:32:00-04:00,0.0,6.350000000000023,1247.0400000000006,2026-04-06T09:33:00-04:00,0.0,3.7000000000000455,6547.039999999955,2026-04-06T09:36:00-04:00,0.0,6.5499999999999545,847.0400000001371,2026-04-06T09:41:00-04:00,0.0,5.7000000000000455,2547.0399999999554,2026-04-06T09:46:00-04:00,0.0,5.75,2447.0400000000463,2026-04-06T10:01:00-04:00,0.0,6.0,1947.0400000000461,2026-04-06T10:31:00-04:00,0.0,6.899999999999977,147.04000000009165,2026-04-06T11:31:00-04:00,0.0,6.050000000000011,1847.0400000000234,2026-04-06T16:00:00-04:00,0.0,6.399999999999977,1147.0400000000916,2026-04-07T16:00:00-04:00,0.0,,,2026-04-08T15:13:00-04:00,2820.0,,,,,5.0,hit,5.0,hit,5.0,hit,1610.0,hit,2880.0,hit,2880.0,hit,2880.0,hit,220.0,hit,1451.0,hit,0.0,hit,1451.0,hit,1456.0,hit,1486.0,hit,9.950000000000045,178,True,True,True,True,,10.0,355,True,True,True,True,,10.0,355,True,True,True,True,,10.0,355,True,True,True,True,,1610.0,2026-04-07T12:21:00-04:00,2.75,8447.040000000046,2881.0,2026-04-08T09:32:00-04:00,0.29999999999999893,13347.04000000005,2882.0,2026-04-08T09:33:00-04:00,0.3000000000000007,13347.040000000046,,,,,2880.0,2026-04-08T09:31:00-04:00,0.20000000000000018,13547.040000000046,2881.0,2026-04-08T09:32:00-04:00,0.29999999999999893,13347.04000000005,2882.0,2026-04-08T09:33:00-04:00,0.3000000000000007,13347.040000000046,2881.0,2026-04-08T09:32:00-04:00,0.29999999999999893,13347.04000000005,2880.0,2026-04-08T09:31:00-04:00,0.20000000000000018,13547.040000000046,2881.0,2026-04-08T09:32:00-04:00,0.29999999999999893,13347.04000000005,2882.0,2026-04-08T09:33:00-04:00,0.3000000000000007,13347.040000000046,2881.0,2026-04-08T09:32:00-04:00,0.29999999999999893,13347.04000000005,2880.0,2026-04-08T09:31:00-04:00,0.20000000000000018,13547.040000000046,2881.0,2026-04-08T09:32:00-04:00,0.29999999999999893,13347.04000000005,2882.0,2026-04-08T09:33:00-04:00,0.3000000000000007,13347.040000000046,2881.0,2026-04-08T09:32:00-04:00,0.29999999999999893,13347.04000000005,3329
2026-04-06,2026-04-09,3,5.0,2026-04-06T09:31:00-04:00,5.0,NDXP  260409P24360000,NDXP  260409P24350000,final_holdout,False,False,0,0,14,20,0,1484,available,False,2026-04-06T09:31:00-04:00,2026-04-09T14:38:00-04:00,0.12500000000000006,9497.04,82.0,last_observed_quote_not_settlement,1036.0,752,72,5.5,-1252.9599999999994,2026-04-06T09:32:00-04:00,0.0,5.699999999999989,-1652.9599999999766,2026-04-06T09:33:00-04:00,0.0,5.5,-1252.9599999999994,2026-04-06T09:36:00-04:00,0.0,5.7999999999999545,-1852.9599999999084,2026-04-06T09:41:00-04:00,0.0,5.0499999999999545,-352.95999999990835,2026-04-06T09:46:00-04:00,0.0,6.550000000000068,-3352.9600000001356,2026-04-06T10:01:00-04:00,0.0,5.650000000000034,-1552.9600000000676,2026-04-06T10:31:00-04:00,0.0,6.0,-2252.959999999999,2026-04-06T11:31:00-04:00,0.0,6.4500000000000455,-3152.96000000009,2026-04-06T16:00:00-04:00,0.0,3.8000000000000114,2147.039999999978,2026-04-07T16:00:00-04:00,0.0,0.5,8747.04,2026-04-08T16:00:00-04:00,0.0,,,2026-04-09T14:38:00-04:00,4920.0,0.0,hit,0.0,hit,1726.0,hit,1726.0,hit,1726.0,hit,1733.0,hit,1733.0,hit,1.0,hit,6.0,hit,203.0,hit,1467.0,hit,1479.0,hit,,never_hit,9.100000000000023,649,True,True,True,True,,9.100000000000023,649,True,True,True,True,,9.100000000000023,654,True,True,True,True,,9.100000000000023,654,True,True,True,True,,1726.0,2026-04-07T14:17:00-04:00,2.0,5747.040000000001,1727.0,2026-04-07T14:18:00-04:00,1.1999999999999886,7347.040000000024,2882.0,2026-04-08T09:33:00-04:00,0.5500000000000007,8647.04,1727.0,2026-04-07T14:18:00-04:00,1.1999999999999886,7347.040000000024,1727.0,2026-04-07T14:18:00-04:00,1.1999999999999886,7347.040000000024,2881.0,2026-04-08T09:32:00-04:00,0.6000000000000014,8547.039999999999,2882.0,2026-04-08T09:33:00-04:00,0.5500000000000007,8647.04,1728.0,2026-04-07T14:19:00-04:00,6.349999999999966,-2952.959999999931,1733.0,2026-04-07T14:24:00-04:00,0.5,8747.04,2881.0,2026-04-08T09:32:00-04:00,0.6000000000000014,8547.039999999999,2882.0,2026-04-08T09:33:00-04:00,0.5500000000000007,8647.04,1734.0,2026-04-07T14:25:00-04:00,6.5499999999999545,-3352.959999999908,2880.0,2026-04-08T09:31:00-04:00,0.3000000000000007,9147.04,2885.0,2026-04-08T09:36:00-04:00,0.40000000000000213,8947.039999999997,2886.0,2026-04-08T09:37:00-04:00,0.4499999999999993,8847.040000000003,2881.0,2026-04-08T09:32:00-04:00,0.6000000000000014,8547.039999999999,3330
2026-04-06,2026-04-09,3,6.0,2026-04-06T09:31:00-04:00,5.900000000000034,NDXP  260409P24440000,NDXP  260409P24430000,final_holdout,False,False,0,0,21,9,0,1512,available,False,2026-04-06T09:31:00-04:00,2026-04-09T14:39:00-04:00,0.0,11547.04000000007,81.0,last_observed_quote_not_settlement,1036.0,725,100,6.0499999999999545,-552.9599999998402,2026-04-06T09:32:00-04:00,0.0,6.2000000000000455,-852.9600000000221,2026-04-06T09:33:00-04:00,0.0,6.150000000000091,-752.960000000113,2026-04-06T09:36:00-04:00,0.0,6.5,-1452.9599999999311,2026-04-06T09:41:00-04:00,0.0,5.900000000000034,-252.9599999999993,2026-04-06T09:46:00-04:00,0.0,3.6499999999999773,4247.040000000115,2026-04-06T10:01:00-04:00,0.0,5.899999999999977,-252.9599999998856,2026-04-06T10:31:00-04:00,0.0,6.650000000000034,-1752.9599999999994,2026-04-06T11:31:00-04:00,0.0,6.949999999999989,-2352.959999999908,2026-04-06T16:00:00-04:00,0.0,5.4500000000000455,647.0399999999779,2026-04-07T16:00:00-04:00,0.0,0.8000000000000007,9947.040000000068,2026-04-08T16:00:00-04:00,0.0,,,2026-04-09T14:39:00-04:00,4860.0,6.0,hit,22.0,hit,30.0,hit,2880.0,hit,2880.0,hit,2880.0,hit,2880.0,hit,8.0,hit,34.0,hit,34.0,hit,1455.0,hit,1458.0,hit,1537.0,hit,9.599999999999909,725,True,True,True,True,,9.599999999999909,725,True,True,True,True,,9.599999999999909,725,True,True,True,True,,9.599999999999909,725,True,True,True,True,,2880.0,2026-04-08T09:31:00-04:00,0.3999999999999986,10747.040000000072,2881.0,2026-04-08T09:32:00-04:00,0.6000000000000014,10347.040000000066,2882.0,2026-04-08T09:33:00-04:00,0.6499999999999986,10247.040000000072,2881.0,2026-04-08T09:32:00-04:00,0.6000000000000014,10347.040000000066,2880.0,2026-04-08T09:31:00-04:00,0.3999999999999986,10747.040000000072,2881.0,2026-04-08T09:32:00-04:00,0.6000000000000014,10347.040000000066,2882.0,2026-04-08T09:33:00-04:00,0.6499999999999986,10247.040000000072,2881.0,2026-04-08T09:32:00-04:00,0.6000000000000014,10347.040000000066,2880.0,2026-04-08T09:31:00-04:00,0.3999999999999986,10747.040000000072,2881.0,2026-04-08T09:32:00-04:00,0.6000000000000014,10347.040000000066,2882.0,2026-04-08T09:33:00-04:00,0.6499999999999986,10247.040000000072,2881.0,2026-04-08T09:32:00-04:00,0.6000000000000014,10347.040000000066,2880.0,2026-04-08T09:31:00-04:00,0.3999999999999986,10747.040000000072,3071.0,2026-04-08T12:42:00-04:00,0.34999999999999964,10847.04000000007,3084.0,2026-04-08T12:55:00-04:00,0.40000000000000036,10747.04000000007,2881.0,2026-04-08T09:32:00-04:00,0.6000000000000014,10347.040000000066,3331
2026-04-06,2026-04-09,3,7.0,2026-04-06T09:31:00-04:00,6.949999999999989,NDXP  260409P24490000,NDXP  260409P24480000,final_holdout,False,False,0,0,36,46,0,1507,available,False,2026-04-06T09:31:00-04:00,2026-04-09T15:37:00-04:00,0.0,13647.039999999979,23.0,last_observed_quote_not_settlement,1036.0,443,175,6.399999999999977,847.0400000000234,2026-04-06T09:32:00-04:00,0.0,6.4500000000000455,747.039999999887,2026-04-06T09:33:00-04:00,0.0,6.300000000000068,1047.0399999998415,2026-04-06T09:36:00-04:00,0.0,6.75,147.03999999997797,2026-04-06T09:41:00-04:00,0.0,5.850000000000023,1947.0399999999324,2026-04-06T09:46:00-04:00,0.0,6.399999999999977,847.0400000000234,2026-04-06T10:01:00-04:00,0.0,6.399999999999977,847.0400000000234,2026-04-06T10:31:00-04:00,0.0,7.199999999999989,-752.9599999999994,2026-04-06T11:31:00-04:00,0.0,6.400000000000091,847.039999999796,2026-04-06T16:00:00-04:00,0.0,8.100000000000023,-2552.960000000069,2026-04-07T16:00:00-04:00,0.0,0.8500000000000014,11947.039999999975,2026-04-08T16:00:00-04:00,0.0,,,2026-04-09T15:37:00-04:00,1380.0,11.0,hit,11.0,hit,11.0,hit,154.0,hit,2880.0,hit,2880.0,hit,3036.0,hit,12.0,hit,12.0,hit,12.0,hit,12.0,hit,12.0,hit,12.0,hit,9.850000000000023,39,True,True,True,True,,9.950000000000045,443,True,True,True,True,,9.950000000000045,443,True,True,True,True,,9.950000000000045,443,True,True,True,True,,154.0,2026-04-06T12:05:00-04:00,2.0500000000000114,9547.039999999955,2881.0,2026-04-08T09:32:00-04:00,1.0499999999999972,11547.039999999985,2882.0,2026-04-08T09:33:00-04:00,0.75,12147.039999999979,155.0,2026-04-06T12:06:00-04:00,6.949999999999989,-252.9599999999993,2880.0,2026-04-08T09:31:00-04:00,0.8000000000000007,12047.039999999977,2881.0,2026-04-08T09:32:00-04:00,1.0499999999999972,11547.039999999985,2882.0,2026-04-08T09:33:00-04:00,0.75,12147.039999999979,2881.0,2026-04-08T09:32:00-04:00,1.0499999999999972,11547.039999999985,2880.0,2026-04-08T09:31:00-04:00,0.8000000000000007,12047.039999999977,2883.0,2026-04-08T09:34:00-04:00,0.6499999999999986,12347.03999999998,2884.0,2026-04-08T09:35:00-04:00,0.75,12147.039999999979,2881.0,2026-04-08T09:32:00-04:00,1.0499999999999972,11547.039999999985,3081.0,2026-04-08T12:52:00-04:00,0.3999999999999986,12847.03999999998,4321.0,2026-04-09T09:32:00-04:00,0.25,13147.039999999979,4322.0,2026-04-09T09:33:00-04:00,0.3000000000000007,13047.039999999977,3082.0,2026-04-08T12:53:00-04:00,0.5500000000000007,12547.039999999977,3332
2026-04-07,2026-04-09,2,5.0,2026-04-07T09:31:00-04:00,5.149999999999977,NDXP  260409P24220000,NDXP  260409P24210000,final_holdout,False,False,0,0,18,15,0,1026,available,False,2026-04-07T09:31:00-04:00,2026-04-09T13:33:00-04:00,0.125,9797.039999999955,147.0,last_observed_quote_not_settlement,1036.0,336,55,5.199999999999989,-352.96000000002203,2026-04-07T09:32:00-04:00,0.0,5.2999999999999545,-552.9599999999539,2026-04-07T09:33:00-04:00,0.0,5.599999999999966,-1152.9599999999766,2026-04-07T09:36:00-04:00,0.0,5.849999999999909,-1652.959999999863,2026-04-07T09:41:00-04:00,0.0,5.750000000000057,-1452.9600000001585,2026-04-07T09:46:00-04:00,0.0,6.349999999999966,-2652.9599999999764,2026-04-07T10:01:00-04:00,0.0,6.300000000000011,-2552.9600000000673,2026-04-07T10:31:00-04:00,0.0,6.050000000000011,-2052.9600000000673,2026-04-07T11:31:00-04:00,0.0,4.050000000000011,1947.0399999999324,2026-04-07T16:00:00-04:00,0.0,0.1999999999999993,9647.039999999957,2026-04-08T16:00:00-04:00,0.0,,,2026-04-09T13:33:00-04:00,8820.0,,,,,0.0,hit,12.0,hit,352.0,hit,379.0,hit,1440.0,hit,1440.0,hit,1440.0,hit,3.0,hit,9.0,hit,9.0,hit,9.0,hit,105.0,hit,,never_hit,9.150000000000034,335,True,True,True,True,,9.150000000000034,336,True,True,True,True,,9.150000000000034,336,True,True,True,True,,9.150000000000034,336,True,True,True,True,,379.0,2026-04-07T15:50:00-04:00,2.8500000000000227,4347.03999999991,1441.0,2026-04-08T09:32:00-04:00,0.3999999999999986,9247.039999999959,1442.0,2026-04-08T09:33:00-04:00,0.29999999999999893,9447.039999999959,380.0,2026-04-07T15:51:00-04:00,4.699999999999989,647.0399999999779,1440.0,2026-04-08T09:31:00-04:00,0.2500000000000018,9547.039999999952,1441.0,2026-04-08T09:32:00-04:00,0.3999999999999986,9247.039999999959,1442.0,2026-04-08T09:33:00-04:00,0.29999999999999893,9447.039999999959,1441.0,2026-04-08T09:32:00-04:00,0.3999999999999986,9247.039999999959,1440.0,2026-04-08T09:31:00-04:00,0.2500000000000018,9547.039999999952,1441.0,2026-04-08T09:32:00-04:00,0.3999999999999986,9247.039999999959,1442.0,2026-04-08T09:33:00-04:00,0.29999999999999893,9447.039999999959,1441.0,2026-04-08T09:32:00-04:00,0.3999999999999986,9247.039999999959,1440.0,2026-04-08T09:31:00-04:00,0.2500000000000018,9547.039999999952,1441.0,2026-04-08T09:32:00-04:00,0.3999999999999986,9247.039999999959,1442.0,2026-04-08T09:33:00-04:00,0.29999999999999893,9447.039999999959,1441.0,2026-04-08T09:32:00-04:00,0.3999999999999986,9247.039999999959,3333
2026-04-07,2026-04-09,2,6.0,2026-04-07T09:31:00-04:00,6.050000000000068,NDXP  260409P24340000,NDXP  260409P24330000,final_holdout,False,False,0,0,73,94,0,1001,available,False,2026-04-07T09:31:00-04:00,2026-04-09T14:22:00-04:00,0.0,11847.040000000137,98.0,last_observed_quote_not_settlement,1036.0,306,78,7.75,-3652.9599999998627,2026-04-07T09:32:00-04:00,0.0,7.100000000000023,-2352.959999999908,2026-04-07T09:33:00-04:00,0.0,7.100000000000023,-2352.959999999908,2026-04-07T09:36:00-04:00,0.0,6.150000000000034,-452.9599999999311,2026-04-07T09:41:00-04:00,0.0,5.4500000000000455,947.0400000000461,2026-04-07T09:46:00-04:00,0.0,6.75,-1652.959999999863,2026-04-07T10:01:00-04:00,0.0,6.550000000000011,-1252.9599999998857,2026-04-07T10:31:00-04:00,0.0,7.399999999999977,-2952.9599999998172,2026-04-07T11:31:00-04:00,0.0,5.199999999999989,1447.0400000001598,2026-04-07T16:00:00-04:00,0.0,0.45000000000000107,10947.040000000135,2026-04-08T16:00:00-04:00,0.0,,,2026-04-09T14:22:00-04:00,5880.0,,,,,15.0,hit,21.0,hit,348.0,hit,348.0,hit,1440.0,hit,1440.0,hit,1442.0,hit,1.0,hit,1.0,hit,1.0,hit,28.0,hit,92.0,hit,155.0,hit,9.700000000000045,290,True,True,True,True,,9.700000000000045,306,True,True,True,True,,9.700000000000045,306,True,True,True,True,,9.700000000000045,306,True,True,True,True,,348.0,2026-04-07T15:19:00-04:00,2.6000000000000227,6647.040000000092,1441.0,2026-04-08T09:32:00-04:00,0.5499999999999972,10747.040000000145,1442.0,2026-04-08T09:33:00-04:00,0.5,10847.040000000137,349.0,2026-04-07T15:20:00-04:00,6.0,-152.95999999986287,1440.0,2026-04-08T09:31:00-04:00,0.5500000000000007,10747.040000000137,1441.0,2026-04-08T09:32:00-04:00,0.5499999999999972,10747.040000000145,1442.0,2026-04-08T09:33:00-04:00,0.5,10847.040000000137,1441.0,2026-04-08T09:32:00-04:00,0.5499999999999972,10747.040000000145,1440.0,2026-04-08T09:31:00-04:00,0.5500000000000007,10747.040000000137,1441.0,2026-04-08T09:32:00-04:00,0.5499999999999972,10747.040000000145,1442.0,2026-04-08T09:33:00-04:00,0.5,10847.040000000137,1441.0,2026-04-08T09:32:00-04:00,0.5499999999999972,10747.040000000145,1443.0,2026-04-08T09:34:00-04:00,0.4499999999999993,10947.04000000014,1444.0,2026-04-08T09:35:00-04:00,0.4499999999999993,10947.04000000014,1448.0,2026-04-08T09:39:00-04:00,0.3500000000000014,11147.040000000135,1444.0,2026-04-08T09:35:00-04:00,0.4499999999999993,10947.04000000014,3334
2026-04-07,2026-04-09,2,7.0,2026-04-07T09:31:00-04:00,7.0,NDXP  260409P24460000,NDXP  260409P24450000,final_holdout,False,False,0,0,17,41,0,1083,available,False,2026-04-07T09:31:00-04:00,2026-04-09T14:45:00-04:00,0.17499999999999993,13397.040000000003,75.0,last_observed_quote_not_settlement,1036.0,297,97,7.550000000000011,-1352.960000000022,2026-04-07T09:32:00-04:00,0.0,7.25,-752.9599999999994,2026-04-07T09:33:00-04:00,0.0,7.9500000000000455,-2152.960000000092,2026-04-07T09:36:00-04:00,0.0,7.350000000000023,-952.9600000000448,2026-04-07T09:41:00-04:00,0.0,6.149999999999977,1447.0400000000461,2026-04-07T09:46:00-04:00,0.0,7.850000000000023,-1952.9600000000448,2026-04-07T10:01:00-04:00,0.0,8.399999999999977,-3052.9599999999555,2026-04-07T10:31:00-04:00,0.0,7.699999999999932,-1652.959999999863,2026-04-07T11:31:00-04:00,0.0,5.800000000000011,2147.039999999978,2026-04-07T16:00:00-04:00,0.0,0.8000000000000007,12147.04,2026-04-08T16:00:00-04:00,0.0,,,2026-04-09T14:45:00-04:00,4500.0,,,,,176.0,hit,403.0,hit,1440.0,hit,1440.0,hit,1440.0,hit,1440.0,hit,1600.0,hit,1.0,hit,35.0,hit,0.0,hit,35.0,hit,102.0,hit,119.0,hit,9.650000000000091,297,True,True,True,True,,9.650000000000091,297,True,True,True,True,,9.650000000000091,297,True,True,True,True,,9.650000000000091,297,True,True,True,True,,1440.0,2026-04-08T09:31:00-04:00,0.6499999999999986,12447.040000000005,1441.0,2026-04-08T09:32:00-04:00,0.9000000000000021,11947.039999999997,1442.0,2026-04-08T09:33:00-04:00,0.8000000000000007,12147.04,1441.0,2026-04-08T09:32:00-04:00,0.9000000000000021,11947.039999999997,1440.0,2026-04-08T09:31:00-04:00,0.6499999999999986,12447.040000000005,1441.0,2026-04-08T09:32:00-04:00,0.9000000000000021,11947.039999999997,1442.0,2026-04-08T09:33:00-04:00,0.8000000000000007,12147.04,1441.0,2026-04-08T09:32:00-04:00,0.9000000000000021,11947.039999999997,1440.0,2026-04-08T09:31:00-04:00,0.6499999999999986,12447.040000000005,1441.0,2026-04-08T09:32:00-04:00,0.9000000000000021,11947.039999999997,1442.0,2026-04-08T09:33:00-04:00,0.8000000000000007,12147.04,1441.0,2026-04-08T09:32:00-04:00,0.9000000000000021,11947.039999999997,1641.0,2026-04-08T12:52:00-04:00,0.4499999999999993,12847.040000000003,1642.0,2026-04-08T12:53:00-04:00,0.4499999999999993,12847.040000000003,1643.0,2026-04-08T12:54:00-04:00,0.4499999999999993,12847.040000000003,1642.0,2026-04-08T12:53:00-04:00,0.4499999999999993,12847.040000000003,3335
2026-04-07,2026-04-10,3,5.0,2026-04-07T09:31:00-04:00,5.0,NDXP  260410P24220000,NDXP  260410P24210000,final_holdout,False,False,0,0,1,11,0,1458,available,False,2026-04-07T09:31:00-04:00,2026-04-10T13:46:00-04:00,0.0,9747.04,134.0,last_observed_quote_not_settlement,1036.0,290,101,5.400000000000034,-1052.9600000000676,2026-04-07T09:32:00-04:00,0.0,5.399999999999977,-1052.9599999999539,2026-04-07T09:33:00-04:00,0.0,5.149999999999977,-552.9599999999539,2026-04-07T09:36:00-04:00,0.0,5.100000000000023,-452.9600000000448,2026-04-07T09:41:00-04:00,0.0,6.350000000000023,-2952.9600000000446,2026-04-07T09:46:00-04:00,0.0,5.800000000000068,-1852.9600000001358,2026-04-07T10:01:00-04:00,0.0,5.7999999999999545,-1852.9599999999084,2026-04-07T10:31:00-04:00,0.0,5.7999999999999545,-1852.9599999999084,2026-04-07T11:31:00-04:00,0.0,3.5500000000000114,2647.039999999978,2026-04-07T16:00:00-04:00,0.0,0.6999999999999957,8347.04000000001,2026-04-08T16:00:00-04:00,0.0,0.04999999999999982,9647.040000000003,2026-04-09T16:00:00-04:00,0.0,,,2026-04-10T13:46:00-04:00,8040.0,0.0,hit,0.0,hit,17.0,hit,18.0,hit,1440.0,hit,1440.0,hit,1440.0,hit,3.0,hit,3.0,hit,47.0,hit,,never_hit,,never_hit,,never_hit,6.350000000000023,15,False,False,False,False,,7.699999999999989,290,True,False,False,False,,7.699999999999989,290,True,False,False,False,,7.699999999999989,290,True,False,False,False,,18.0,2026-04-07T09:49:00-04:00,2.5,4747.040000000001,1441.0,2026-04-08T09:32:00-04:00,0.6499999999999986,8447.040000000005,1442.0,2026-04-08T09:33:00-04:00,0.6000000000000014,8547.039999999999,19.0,2026-04-07T09:50:00-04:00,5.350000000000023,-952.9600000000448,1440.0,2026-04-08T09:31:00-04:00,0.34999999999999787,9047.040000000006,1441.0,2026-04-08T09:32:00-04:00,0.6499999999999986,8447.040000000005,1442.0,2026-04-08T09:33:00-04:00,0.6000000000000014,8547.039999999999,1441.0,2026-04-08T09:32:00-04:00,0.6499999999999986,8447.040000000005,1440.0,2026-04-08T09:31:00-04:00,0.34999999999999787,9047.040000000006,1441.0,2026-04-08T09:32:00-04:00,0.6499999999999986,8447.040000000005,1442.0,2026-04-08T09:33:00-04:00,0.6000000000000014,8547.039999999999,1441.0,2026-04-08T09:32:00-04:00,0.6499999999999986,8447.040000000005,1440.0,2026-04-08T09:31:00-04:00,0.34999999999999787,9047.040000000006,2881.0,2026-04-09T09:32:00-04:00,0.3999999999999986,8947.040000000005,2891.0,2026-04-09T09:42:00-04:00,0.34999999999999964,9047.040000000003,1441.0,2026-04-08T09:32:00-04:00,0.6499999999999986,8447.040000000005,3336
2026-04-07,2026-04-10,3,6.0,2026-04-07T09:31:00-04:00,6.0,NDXP  260410P24340000,NDXP  260410P24330000,final_holdout,False,False,0,0,3,17,0,1471,available,False,2026-04-07T09:31:00-04:00,2026-04-10T14:14:00-04:00,0.024999999999999994,11697.04,106.0,last_observed_quote_not_settlement,1036.0,227,101,4.850000000000023,2047.0399999999554,2026-04-07T09:32:00-04:00,0.0,5.300000000000011,1147.039999999978,2026-04-07T09:33:00-04:00,0.0,6.599999999999966,-1452.9599999999311,2026-04-07T09:36:00-04:00,0.0,6.0,-252.9599999999993,2026-04-07T09:41:00-04:00,0.0,6.050000000000011,-352.96000000002203,2026-04-07T09:46:00-04:00,0.0,5.75,247.04000000000067,2026-04-07T10:01:00-04:00,0.0,7.25,-2752.959999999999,2026-04-07T10:31:00-04:00,0.0,6.850000000000023,-1952.9600000000448,2026-04-07T11:31:00-04:00,0.0,4.75,2247.040000000001,2026-04-07T16:00:00-04:00,0.0,0.9499999999999957,9847.04000000001,2026-04-08T16:00:00-04:00,0.0,0.09999999999999964,11547.040000000003,2026-04-09T16:00:00-04:00,0.0,,,2026-04-10T14:14:00-04:00,6360.0,1.0,hit,1.0,hit,198.0,hit,253.0,hit,253.0,hit,1441.0,hit,2886.0,hit,3.0,hit,3.0,hit,3.0,hit,3.0,hit,12.0,hit,,never_hit,9.149999999999977,182,True,True,True,True,,9.149999999999977,182,True,True,True,True,,9.149999999999977,227,True,True,True,True,,9.149999999999977,227,True,True,True,True,,253.0,2026-04-07T13:44:00-04:00,1.349999999999966,9047.04000000007,1441.0,2026-04-08T09:32:00-04:00,0.8999999999999986,9947.040000000005,1442.0,2026-04-08T09:33:00-04:00,0.6499999999999986,10447.040000000005,254.0,2026-04-07T13:45:00-04:00,6.699999999999932,-1652.959999999863,253.0,2026-04-07T13:44:00-04:00,1.349999999999966,9047.04000000007,1441.0,2026-04-08T09:32:00-04:00,0.8999999999999986,9947.040000000005,1442.0,2026-04-08T09:33:00-04:00,0.6499999999999986,10447.040000000005,254.0,2026-04-07T13:45:00-04:00,6.699999999999932,-1652.959999999863,1441.0,2026-04-08T09:32:00-04:00,0.8999999999999986,9947.040000000005,1442.0,2026-04-08T09:33:00-04:00,0.6499999999999986,10447.040000000005,1443.0,2026-04-08T09:34:00-04:00,0.8999999999999986,9947.040000000005,1442.0,2026-04-08T09:33:00-04:00,0.6499999999999986,10447.040000000005,2898.0,2026-04-09T09:49:00-04:00,0.4499999999999993,10847.040000000003,2983.0,2026-04-09T11:14:00-04:00,0.4499999999999993,10847.040000000003,2984.0,2026-04-09T11:15:00-04:00,0.40000000000000036,10947.04,2899.0,2026-04-09T09:50:00-04:00,0.5499999999999989,10647.040000000005,3337
2026-04-07,2026-04-10,3,7.0,2026-04-07T09:31:00-04:00,7.0,NDXP  260410P24540000,NDXP  260410P24530000,final_holdout,False,False,0,0,42,24,0,1510,available,False,2026-04-07T09:31:00-04:00,2026-04-10T14:54:00-04:00,0.025000000000000022,13697.04,66.0,last_observed_quote_not_settlement,1036.0,282,109,7.2000000000000455,-652.9600000000903,2026-04-07T09:32:00-04:00,0.0,7.199999999999818,-652.9599999996356,2026-04-07T09:33:00-04:00,0.0,7.250000000000114,-752.9600000002267,2026-04-07T09:36:00-04:00,0.0,7.349999999999909,-952.9599999998175,2026-04-07T09:41:00-04:00,0.0,7.100000000000023,-452.9600000000448,2026-04-07T09:46:00-04:00,0.0,7.75,-1752.9599999999994,2026-04-07T10:01:00-04:00,0.0,6.7000000000000455,347.03999999990975,2026-04-07T10:31:00-04:00,0.0,8.0,-2252.960000000001,2026-04-07T11:31:00-04:00,0.0,6.149999999999977,1447.0400000000461,2026-04-07T16:00:00-04:00,0.0,1.75,10247.04,2026-04-08T16:00:00-04:00,0.0,0.5000000000000009,12747.039999999999,2026-04-09T16:00:00-04:00,0.0,,,2026-04-10T14:54:00-04:00,3960.0,162.0,hit,312.0,hit,404.0,hit,1440.0,hit,1440.0,hit,2984.0,hit,3031.0,hit,9.0,hit,21.0,hit,0.0,hit,21.0,hit,36.0,hit,118.0,hit,9.5,282,True,True,True,True,,9.5,282,True,True,True,True,,9.5,282,True,True,True,True,,9.5,282,True,True,True,True,,1440.0,2026-04-08T09:31:00-04:00,1.249999999999993,11247.040000000015,1441.0,2026-04-08T09:32:00-04:00,1.7999999999999972,10147.040000000008,1442.0,2026-04-08T09:33:00-04:00,1.1999999999999886,11347.040000000025,1441.0,2026-04-08T09:32:00-04:00,1.7999999999999972,10147.040000000008,1440.0,2026-04-08T09:31:00-04:00,1.249999999999993,11247.040000000015,1441.0,2026-04-08T09:32:00-04:00,1.7999999999999972,10147.040000000008,1442.0,2026-04-08T09:33:00-04:00,1.1999999999999886,11347.040000000025,1441.0,2026-04-08T09:32:00-04:00,1.7999999999999972,10147.040000000008,2985.0,2026-04-09T11:16:00-04:00,0.8499999999999979,12047.040000000006,2986.0,2026-04-09T11:17:00-04:00,0.8999999999999986,11947.040000000005,2987.0,2026-04-09T11:18:00-04:00,0.9499999999999993,11847.040000000003,2986.0,2026-04-09T11:17:00-04:00,0.8999999999999986,11947.040000000005,3032.0,2026-04-09T12:03:00-04:00,0.40000000000000036,12947.04,3038.0,2026-04-09T12:09:00-04:00,0.3999999999999986,12947.040000000005,3224.0,2026-04-09T15:15:00-04:00,0.40000000000000036,12947.04,3033.0,2026-04-09T12:04:00-04:00,0.5,12747.04,3338
2026-04-08,2026-04-10,2,5.0,2026-04-08T09:31:00-04:00,4.25,NDXP  260410P25010000,NDXP  260410P25000000,final_holdout,False,False,0,0,0,2,0,1196,available,False,2026-04-08T09:31:00-04:00,2026-04-10T15:58:00-04:00,0.04999999999999999,8147.040000000002,2.0,last_observed_quote_not_settlement,1036.0,507,117,4.449999999999989,-652.9599999999766,2026-04-08T09:32:00-04:00,0.0,3.9499999999999886,347.04000000002344,2026-04-08T09:33:00-04:00,0.0,2.6500000000000057,2947.0399999999895,2026-04-08T09:36:00-04:00,0.0,3.799999999999983,647.0400000000348,2026-04-08T09:41:00-04:00,0.0,5.799999999999983,-3352.959999999965,2026-04-08T09:46:00-04:00,0.0,3.700000000000017,847.0399999999665,2026-04-08T10:01:00-04:00,0.0,5.199999999999989,-2152.9599999999764,2026-04-08T10:31:00-04:00,0.0,5.25,-2252.959999999999,2026-04-08T11:31:00-04:00,0.0,5.5,-2752.959999999999,2026-04-08T16:00:00-04:00,0.0,3.0999999999999943,2047.0400000000122,2026-04-09T16:00:00-04:00,0.0,,,2026-04-10T15:58:00-04:00,120.0,,,,,0.0,hit,0.0,hit,2.0,hit,5.0,hit,63.0,hit,2882.0,hit,2883.0,hit,6.0,hit,15.0,hit,29.0,hit,29.0,hit,350.0,hit,350.0,hit,4.500000000000028,3,False,False,False,False,,8.400000000000006,40,True,True,False,False,,9.899999999999977,506,True,True,True,True,,9.899999999999977,506,True,True,True,True,,5.0,2026-04-08T09:36:00-04:00,2.6500000000000057,2947.0399999999895,147.0,2026-04-08T11:58:00-04:00,2.5,3247.040000000001,148.0,2026-04-08T11:59:00-04:00,2.8499999999999943,2547.0400000000122,6.0,2026-04-08T09:37:00-04:00,5.149999999999977,-2052.9599999999537,204.0,2026-04-08T12:55:00-04:00,1.8500000000000227,4547.039999999955,2881.0,2026-04-10T09:32:00-04:00,1.25,5747.040000000001,2882.0,2026-04-10T09:33:00-04:00,1.0,6247.040000000001,205.0,2026-04-08T12:56:00-04:00,4.299999999999983,-352.9599999999652,2883.0,2026-04-10T09:34:00-04:00,0.3999999999999986,7447.040000000004,2936.0,2026-04-10T10:27:00-04:00,0.75,6747.040000000001,2937.0,2026-04-10T10:28:00-04:00,0.9000000000000004,6447.04,2884.0,2026-04-10T09:35:00-04:00,1.4000000000000021,5447.039999999996,2883.0,2026-04-10T09:34:00-04:00,0.3999999999999986,7447.040000000004,2994.0,2026-04-10T11:25:00-04:00,0.35000000000000053,7547.04,3211.0,2026-04-10T15:02:00-04:00,0.25,7747.040000000001,2884.0,2026-04-10T09:35:00-04:00,1.4000000000000021,5447.039999999996,3339
2026-04-08,2026-04-10,2,6.0,2026-04-08T09:31:00-04:00,4.25,NDXP  260410P25010000,NDXP  260410P25000000,final_holdout,False,False,0,0,0,2,0,1196,available,False,2026-04-08T09:31:00-04:00,2026-04-10T15:58:00-04:00,0.04999999999999999,8147.040000000002,2.0,last_observed_quote_not_settlement,1036.0,507,117,4.449999999999989,-652.9599999999766,2026-04-08T09:32:00-04:00,0.0,3.9499999999999886,347.04000000002344,2026-04-08T09:33:00-04:00,0.0,2.6500000000000057,2947.0399999999895,2026-04-08T09:36:00-04:00,0.0,3.799999999999983,647.0400000000348,2026-04-08T09:41:00-04:00,0.0,5.799999999999983,-3352.959999999965,2026-04-08T09:46:00-04:00,0.0,3.700000000000017,847.0399999999665,2026-04-08T10:01:00-04:00,0.0,5.199999999999989,-2152.9599999999764,2026-04-08T10:31:00-04:00,0.0,5.25,-2252.959999999999,2026-04-08T11:31:00-04:00,0.0,5.5,-2752.959999999999,2026-04-08T16:00:00-04:00,0.0,3.0999999999999943,2047.0400000000122,2026-04-09T16:00:00-04:00,0.0,,,2026-04-10T15:58:00-04:00,120.0,,,,,0.0,hit,0.0,hit,2.0,hit,5.0,hit,63.0,hit,2882.0,hit,2883.0,hit,6.0,hit,15.0,hit,29.0,hit,29.0,hit,350.0,hit,350.0,hit,4.500000000000028,3,False,False,False,False,,8.400000000000006,40,True,True,False,False,,9.899999999999977,506,True,True,True,True,,9.899999999999977,506,True,True,True,True,,5.0,2026-04-08T09:36:00-04:00,2.6500000000000057,2947.0399999999895,147.0,2026-04-08T11:58:00-04:00,2.5,3247.040000000001,148.0,2026-04-08T11:59:00-04:00,2.8499999999999943,2547.0400000000122,6.0,2026-04-08T09:37:00-04:00,5.149999999999977,-2052.9599999999537,204.0,2026-04-08T12:55:00-04:00,1.8500000000000227,4547.039999999955,2881.0,2026-04-10T09:32:00-04:00,1.25,5747.040000000001,2882.0,2026-04-10T09:33:00-04:00,1.0,6247.040000000001,205.0,2026-04-08T12:56:00-04:00,4.299999999999983,-352.9599999999652,2883.0,2026-04-10T09:34:00-04:00,0.3999999999999986,7447.040000000004,2936.0,2026-04-10T10:27:00-04:00,0.75,6747.040000000001,2937.0,2026-04-10T10:28:00-04:00,0.9000000000000004,6447.04,2884.0,2026-04-10T09:35:00-04:00,1.4000000000000021,5447.039999999996,2883.0,2026-04-10T09:34:00-04:00,0.3999999999999986,7447.040000000004,2994.0,2026-04-10T11:25:00-04:00,0.35000000000000053,7547.04,3211.0,2026-04-10T15:02:00-04:00,0.25,7747.040000000001,2884.0,2026-04-10T09:35:00-04:00,1.4000000000000021,5447.039999999996,3340
2026-04-08,2026-04-10,2,7.0,2026-04-08T09:31:00-04:00,4.25,NDXP  260410P25010000,NDXP  260410P25000000,final_holdout,False,False,0,0,0,2,0,1196,available,False,2026-04-08T09:31:00-04:00,2026-04-10T15:58:00-04:00,0.04999999999999999,8147.040000000002,2.0,last_observed_quote_not_settlement,1036.0,507,117,4.449999999999989,-652.9599999999766,2026-04-08T09:32:00-04:00,0.0,3.9499999999999886,347.04000000002344,2026-04-08T09:33:00-04:00,0.0,2.6500000000000057,2947.0399999999895,2026-04-08T09:36:00-04:00,0.0,3.799999999999983,647.0400000000348,2026-04-08T09:41:00-04:00,0.0,5.799999999999983,-3352.959999999965,2026-04-08T09:46:00-04:00,0.0,3.700000000000017,847.0399999999665,2026-04-08T10:01:00-04:00,0.0,5.199999999999989,-2152.9599999999764,2026-04-08T10:31:00-04:00,0.0,5.25,-2252.959999999999,2026-04-08T11:31:00-04:00,0.0,5.5,-2752.959999999999,2026-04-08T16:00:00-04:00,0.0,3.0999999999999943,2047.0400000000122,2026-04-09T16:00:00-04:00,0.0,,,2026-04-10T15:58:00-04:00,120.0,,,,,0.0,hit,0.0,hit,2.0,hit,5.0,hit,63.0,hit,2882.0,hit,2883.0,hit,6.0,hit,15.0,hit,29.0,hit,29.0,hit,350.0,hit,350.0,hit,4.500000000000028,3,False,False,False,False,,8.400000000000006,40,True,True,False,False,,9.899999999999977,506,True,True,True,True,,9.899999999999977,506,True,True,True,True,,5.0,2026-04-08T09:36:00-04:00,2.6500000000000057,2947.0399999999895,147.0,2026-04-08T11:58:00-04:00,2.5,3247.040000000001,148.0,2026-04-08T11:59:00-04:00,2.8499999999999943,2547.0400000000122,6.0,2026-04-08T09:37:00-04:00,5.149999999999977,-2052.9599999999537,204.0,2026-04-08T12:55:00-04:00,1.8500000000000227,4547.039999999955,2881.0,2026-04-10T09:32:00-04:00,1.25,5747.040000000001,2882.0,2026-04-10T09:33:00-04:00,1.0,6247.040000000001,205.0,2026-04-08T12:56:00-04:00,4.299999999999983,-352.9599999999652,2883.0,2026-04-10T09:34:00-04:00,0.3999999999999986,7447.040000000004,2936.0,2026-04-10T10:27:00-04:00,0.75,6747.040000000001,2937.0,2026-04-10T10:28:00-04:00,0.9000000000000004,6447.04,2884.0,2026-04-10T09:35:00-04:00,1.4000000000000021,5447.039999999996,2883.0,2026-04-10T09:34:00-04:00,0.3999999999999986,7447.040000000004,2994.0,2026-04-10T11:25:00-04:00,0.35000000000000053,7547.04,3211.0,2026-04-10T15:02:00-04:00,0.25,7747.040000000001,2884.0,2026-04-10T09:35:00-04:00,1.4000000000000021,5447.039999999996,3341
2026-04-10,2026-04-13,3,5.0,2026-04-10T09:31:00-04:00,5.049999999999983,NDXP  260413P25170000,NDXP  260413P25160000,final_holdout,False,False,0,0,3,0,0,773,available,False,2026-04-10T09:31:00-04:00,2026-04-13T15:48:00-04:00,0.024999999999999967,9797.039999999966,12.0,last_observed_quote_not_settlement,3916.0,232,135,3.950000000000017,1947.0399999999324,2026-04-10T09:32:00-04:00,0.0,4.0,1847.0399999999665,2026-04-10T09:33:00-04:00,0.0,3.6500000000000057,2547.0399999999554,2026-04-10T09:36:00-04:00,0.0,5.949999999999989,-2052.9600000000105,2026-04-10T09:41:00-04:00,0.0,4.349999999999994,1147.039999999978,2026-04-10T09:46:00-04:00,0.0,4.849999999999994,147.03999999997797,2026-04-10T10:01:00-04:00,0.0,4.099999999999994,1647.039999999978,2026-04-10T10:31:00-04:00,0.0,3.950000000000003,1947.0399999999609,2026-04-10T11:31:00-04:00,0.0,5.350000000000023,-852.9600000000789,2026-04-10T16:00:00-04:00,0.0,,,2026-04-10T16:15:00-04:00,85500.0,,,2026-04-10T16:15:00-04:00,171900.0,,,2026-04-13T15:48:00-04:00,720.0,0.0,hit,1.0,hit,1.0,hit,29.0,hit,4413.0,hit,4413.0,hit,4622.0,hit,9.0,hit,14.0,hit,38.0,hit,4322.0,hit,,never_hit,,never_hit,6.400000000000006,4,False,False,False,False,,8.5,216,True,True,False,False,,8.5,216,True,True,False,False,,8.5,232,True,True,False,False,,29.0,2026-04-10T10:00:00-04:00,2.4499999999999886,4947.039999999989,4499.0,2026-04-13T12:30:00-04:00,2.25,5347.039999999966,4500.0,2026-04-13T12:31:00-04:00,2.3999999999999986,5047.039999999969,30.0,2026-04-10T10:01:00-04:00,4.849999999999994,147.03999999997797,4413.0,2026-04-13T11:04:00-04:00,0.75,8347.039999999968,4505.0,2026-04-13T12:36:00-04:00,1.8000000000000007,6247.039999999965,4519.0,2026-04-13T12:50:00-04:00,1.7999999999999972,6247.039999999973,4414.0,2026-04-13T11:05:00-04:00,7.649999999999999,-5452.960000000031,4413.0,2026-04-13T11:04:00-04:00,0.75,8347.039999999968,4549.0,2026-04-13T13:20:00-04:00,0.8499999999999979,8147.039999999971,4553.0,2026-04-13T13:24:00-04:00,0.8000000000000007,8247.039999999966,4414.0,2026-04-13T11:05:00-04:00,7.649999999999999,-5452.960000000031,4622.0,2026-04-13T14:33:00-04:00,0.3999999999999999,9047.039999999966,4623.0,2026-04-13T14:34:00-04:00,0.39999999999999947,9047.039999999968,4629.0,2026-04-13T14:40:00-04:00,0.4249999999999998,8997.039999999968,4623.0,2026-04-13T14:34:00-04:00,0.39999999999999947,9047.039999999968,3342
2026-04-10,2026-04-13,3,6.0,2026-04-10T09:31:00-04:00,6.099999999999994,NDXP  260413P25270000,NDXP  260413P25260000,final_holdout,False,False,0,0,4,6,0,781,available,False,2026-04-10T09:31:00-04:00,2026-04-13T15:56:00-04:00,0.15,11647.03999999999,4.0,last_observed_quote_not_settlement,3916.0,500,111,5.549999999999983,847.0400000000234,2026-04-10T09:32:00-04:00,0.0,4.800000000000011,2347.0399999999668,2026-04-10T09:33:00-04:00,0.0,5.350000000000023,1247.0399999999438,2026-04-10T09:36:00-04:00,0.0,5.099999999999966,1747.0400000000575,2026-04-10T09:41:00-04:00,0.0,5.649999999999977,647.0400000000348,2026-04-10T09:46:00-04:00,0.0,6.300000000000011,-652.9600000000335,2026-04-10T10:01:00-04:00,0.0,3.75,4447.039999999989,2026-04-10T10:31:00-04:00,0.0,6.25,-552.9600000000107,2026-04-10T11:31:00-04:00,0.0,6.250000000000028,-552.9600000000676,2026-04-10T16:00:00-04:00,0.0,,,2026-04-10T16:15:00-04:00,85500.0,,,2026-04-10T16:15:00-04:00,171900.0,,,2026-04-13T15:56:00-04:00,240.0,2.0,hit,2.0,hit,60.0,hit,4651.0,hit,4668.0,hit,4682.0,hit,4700.0,hit,13.0,hit,19.0,hit,13.0,hit,179.0,hit,4326.0,hit,4326.0,hit,10.0,500,True,True,True,True,,10.0,500,True,True,True,True,,10.0,500,True,True,True,True,,10.0,500,True,True,True,True,,4651.0,2026-04-13T15:02:00-04:00,2.5,6947.039999999989,4671.0,2026-04-13T15:22:00-04:00,2.5,6947.039999999989,4672.0,2026-04-13T15:23:00-04:00,2.45,7047.039999999989,4652.0,2026-04-13T15:03:00-04:00,3.200000000000001,5547.039999999987,4668.0,2026-04-13T15:19:00-04:00,1.75,8447.03999999999,4682.0,2026-04-13T15:33:00-04:00,0.9750000000000005,9997.03999999999,4683.0,2026-04-13T15:34:00-04:00,0.9499999999999997,10047.03999999999,4669.0,2026-04-13T15:20:00-04:00,3.1999999999999993,5547.039999999991,4683.0,2026-04-13T15:34:00-04:00,0.9499999999999997,10047.03999999999,4686.0,2026-04-13T15:37:00-04:00,0.6500000000000001,10647.03999999999,4687.0,2026-04-13T15:38:00-04:00,0.8000000000000003,10347.039999999988,4684.0,2026-04-13T15:35:00-04:00,0.9750000000000001,9997.03999999999,4700.0,2026-04-13T15:51:00-04:00,0.125,11697.03999999999,4701.0,2026-04-13T15:52:00-04:00,0.0,11947.03999999999,,,,,4701.0,2026-04-13T15:52:00-04:00,0.0,11947.03999999999,3343
2026-04-10,2026-04-13,3,7.0,2026-04-10T09:31:00-04:00,7.0499999999999545,NDXP  260413P25380000,NDXP  260413P25370000,final_holdout,False,False,0,0,0,53,0,742,available,False,2026-04-10T09:31:00-04:00,2026-04-13T16:00:00-04:00,1.425,10997.03999999991,0.0,last_observed_quote_not_settlement,3916.0,674,32,6.900000000000006,47.03999999989839,2026-04-10T09:32:00-04:00,0.0,5.899999999999977,2047.0399999999554,2026-04-10T09:33:00-04:00,0.0,7.649999999999977,-1452.9600000000448,2026-04-10T09:36:00-04:00,0.0,7.349999999999966,-852.9600000000221,2026-04-10T09:41:00-04:00,0.0,6.900000000000006,47.03999999989839,2026-04-10T09:46:00-04:00,0.0,7.449999999999989,-1052.9600000000676,2026-04-10T10:01:00-04:00,0.0,7.050000000000011,-252.96000000011298,2026-04-10T10:31:00-04:00,0.0,7.300000000000011,-752.960000000113,2026-04-10T11:31:00-04:00,0.0,7.600000000000023,-1352.9600000001358,2026-04-10T16:00:00-04:00,0.0,,,2026-04-10T16:15:00-04:00,85500.0,,,2026-04-10T16:15:00-04:00,171900.0,1.425,10997.03999999991,2026-04-13T16:00:00-04:00,0.0,4705.0,hit,4705.0,hit,4709.0,hit,4709.0,hit,4709.0,hit,,never_hit,,never_hit,5.0,hit,32.0,hit,0.0,hit,27.0,hit,235.0,hit,235.0,hit,10.0,674,True,True,True,True,,10.0,674,True,True,True,True,,,,True,True,True,False,5.624999999999955,,,True,True,True,False,5.624999999999955,4709.0,2026-04-13T16:00:00-04:00,1.425,10997.03999999991,,,,,,,,,,,,,4709.0,2026-04-13T16:00:00-04:00,1.425,10997.03999999991,,,,,,,,,,,,,,,,,,,,,,,,,,,,,,,,,,,,,,,,,,,,,3344
2026-04-13,2026-04-15,2,5.0,2026-04-13T09:31:00-04:00,4.949999999999989,NDXP  260415P25140000,NDXP  260415P25130000,final_holdout,False,False,0,0,125,75,0,975,available,False,2026-04-13T09:31:00-04:00,2026-04-15T15:39:00-04:00,0.024999999999999994,9597.039999999979,21.0,last_observed_quote_not_settlement,1036.0,11,17,4.650000000000034,347.03999999990975,2026-04-13T09:32:00-04:00,0.0,5.800000000000011,-1952.9600000000448,2026-04-13T09:33:00-04:00,0.0,4.900000000000006,-152.9600000000334,2026-04-13T09:36:00-04:00,0.0,,,2026-04-13T09:40:00-04:00,60.0,4.099999999999994,1447.0399999999893,2026-04-13T09:46:00-04:00,0.0,3.950000000000017,1747.0399999999438,2026-04-13T10:01:00-04:00,0.0,4.699999999999989,247.04000000000067,2026-04-13T10:31:00-04:00,0.0,4.050000000000011,1547.0399999999552,2026-04-13T11:31:00-04:00,0.0,1.9500000000000028,5747.039999999973,2026-04-13T16:00:00-04:00,0.0,0.125,9397.039999999979,2026-04-14T16:00:00-04:00,0.0,,,2026-04-15T15:39:00-04:00,1260.0,,,,,0.0,hit,0.0,hit,6.0,hit,77.0,hit,384.0,hit,1440.0,hit,1445.0,hit,2.0,hit,,never_hit,,never_hit,,never_hit,,never_hit,,never_hit,5.850000000000023,11,False,False,False,False,,5.850000000000023,11,False,False,False,False,,5.850000000000023,11,False,False,False,False,,5.850000000000023,11,False,False,False,False,,77.0,2026-04-13T10:48:00-04:00,2.0000000000000284,5647.039999999921,229.0,2026-04-13T13:20:00-04:00,2.8499999999999943,3947.0399999999895,230.0,2026-04-13T13:21:00-04:00,2.8999999999999773,3847.0400000000236,78.0,2026-04-13T10:49:00-04:00,4.400000000000034,847.0399999999097,386.0,2026-04-13T15:57:00-04:00,1.8000000000000043,6047.039999999969,387.0,2026-04-13T15:58:00-04:00,1.6999999999999886,6247.040000000001,393.0,2026-04-13T16:04:00-04:00,1.8500000000000085,5947.039999999961,387.0,2026-04-13T15:58:00-04:00,1.6999999999999886,6247.040000000001,1440.0,2026-04-14T09:31:00-04:00,0.75,8147.039999999978,1441.0,2026-04-14T09:32:00-04:00,0.6500000000000004,8347.039999999979,1442.0,2026-04-14T09:33:00-04:00,0.6499999999999986,8347.03999999998,1441.0,2026-04-14T09:32:00-04:00,0.6500000000000004,8347.039999999979,1445.0,2026-04-14T09:36:00-04:00,0.4499999999999993,8747.03999999998,1485.0,2026-04-14T10:16:00-04:00,0.40000000000000036,8847.039999999979,1486.0,2026-04-14T10:17:00-04:00,0.40000000000000036,8847.039999999979,1446.0,2026-04-14T09:37:00-04:00,0.5499999999999989,8547.03999999998,3345
2026-04-13,2026-04-15,2,6.0,2026-04-13T09:31:00-04:00,5.999999999999972,NDXP  260415P25250000,NDXP  260415P25240000,final_holdout,False,False,0,0,25,7,0,1045,available,False,2026-04-13T09:31:00-04:00,2026-04-15T13:34:00-04:00,0.0,11747.039999999944,146.0,last_observed_quote_not_settlement,1036.0,32,21,6.250000000000028,-752.960000000113,2026-04-13T09:32:00-04:00,0.0,6.100000000000023,-452.9600000001016,2026-04-13T09:33:00-04:00,0.0,6.5499999999999545,-1352.9599999999652,2026-04-13T09:36:00-04:00,0.0,6.550000000000068,-1352.9600000001926,2026-04-13T09:41:00-04:00,0.0,6.800000000000068,-1852.9600000001926,2026-04-13T09:46:00-04:00,0.0,5.150000000000006,1447.0399999999324,2026-04-13T10:01:00-04:00,0.0,4.349999999999994,3047.0399999999554,2026-04-13T10:31:00-04:00,0.0,4.800000000000011,2147.0399999999213,2026-04-13T11:31:00-04:00,0.0,2.700000000000017,6347.03999999991,2026-04-13T16:00:00-04:00,0.0,0.25,11247.039999999944,2026-04-14T16:00:00-04:00,0.0,,,2026-04-15T13:34:00-04:00,8760.0,,,,,26.0,hit,33.0,hit,39.0,hit,168.0,hit,293.0,hit,1444.0,hit,1505.0,hit,3.0,hit,14.0,hit,14.0,hit,,never_hit,,never_hit,,never_hit,7.500000000000057,32,True,False,False,False,,7.500000000000057,32,True,False,False,False,,7.500000000000057,32,True,False,False,False,,7.500000000000057,32,True,False,False,False,,182.0,2026-04-13T12:33:00-04:00,2.9499999999999886,5847.039999999966,183.0,2026-04-13T12:34:00-04:00,2.9499999999999886,5847.039999999966,184.0,2026-04-13T12:35:00-04:00,2.9000000000000057,5947.039999999933,183.0,2026-04-13T12:34:00-04:00,2.9499999999999886,5847.039999999966,293.0,2026-04-13T14:24:00-04:00,1.1499999999999773,9447.03999999999,294.0,2026-04-13T14:25:00-04:00,1.1500000000000057,9447.039999999934,1442.0,2026-04-14T09:33:00-04:00,1.2000000000000028,9347.039999999939,294.0,2026-04-13T14:25:00-04:00,1.1500000000000057,9447.039999999934,1447.0,2026-04-14T09:38:00-04:00,0.9000000000000057,9947.039999999934,1448.0,2026-04-14T09:39:00-04:00,0.9000000000000021,9947.03999999994,1453.0,2026-04-14T09:44:00-04:00,0.8999999999999986,9947.039999999948,1448.0,2026-04-14T09:39:00-04:00,0.9000000000000021,9947.03999999994,1552.0,2026-04-14T11:23:00-04:00,0.4499999999999993,10847.039999999946,1559.0,2026-04-14T11:30:00-04:00,0.4499999999999993,10847.039999999946,1563.0,2026-04-14T11:34:00-04:00,0.4499999999999993,10847.039999999946,1553.0,2026-04-14T11:24:00-04:00,0.5,10747.039999999944,3346
2026-04-13,2026-04-15,2,7.0,2026-04-13T09:31:00-04:00,7.0499999999999545,NDXP  260415P25340000,NDXP  260415P25330000,final_holdout,False,False,0,0,1,3,0,1082,available,False,2026-04-13T09:31:00-04:00,2026-04-15T14:07:00-04:00,0.0,13847.03999999991,113.0,last_observed_quote_not_settlement,1036.0,32,29,8.799999999999955,-3752.960000000001,2026-04-13T09:32:00-04:00,0.0,7.399999999999977,-952.9600000000448,2026-04-13T09:33:00-04:00,0.0,7.400000000000034,-952.9600000001585,2026-04-13T09:36:00-04:00,0.0,4.449999999999989,4947.039999999933,2026-04-13T09:41:00-04:00,0.0,7.75,-1652.9600000000903,2026-04-13T09:46:00-04:00,0.0,6.300000000000011,1247.039999999887,2026-04-13T10:01:00-04:00,0.0,6.80000000000004,247.03999999983014,2026-04-13T10:31:00-04:00,0.0,5.199999999999989,3447.0399999999327,2026-04-13T11:31:00-04:00,0.0,3.5999999999999943,6647.039999999921,2026-04-13T16:00:00-04:00,0.0,0.35000000000000053,13147.03999999991,2026-04-14T16:00:00-04:00,0.0,,,2026-04-15T14:07:00-04:00,6780.0,,,,,9.0,hit,9.0,hit,9.0,hit,9.0,hit,1442.0,hit,1499.0,hit,1585.0,hit,1.0,hit,1.0,hit,0.0,hit,1.0,hit,55.0,hit,55.0,hit,8.799999999999955,7,True,True,False,False,,9.75,32,True,True,True,True,,9.75,32,True,True,True,True,,9.75,32,True,True,True,True,,9.0,2026-04-13T09:40:00-04:00,2.6499999999999773,8547.039999999955,1441.0,2026-04-14T09:32:00-04:00,2.0500000000000043,9747.039999999903,1442.0,2026-04-14T09:33:00-04:00,1.8500000000000014,10147.039999999908,10.0,2026-04-13T09:41:00-04:00,4.449999999999989,4947.039999999933,1442.0,2026-04-14T09:33:00-04:00,1.8500000000000014,10147.039999999908,1443.0,2026-04-14T09:34:00-04:00,1.7999999999999972,10247.039999999917,1444.0,2026-04-14T09:35:00-04:00,1.6500000000000057,10547.039999999899,1443.0,2026-04-14T09:34:00-04:00,1.7999999999999972,10247.039999999917,1505.0,2026-04-14T10:36:00-04:00,0.9000000000000021,12047.039999999906,1506.0,2026-04-14T10:37:00-04:00,0.9499999999999993,11947.039999999912,1507.0,2026-04-14T10:38:00-04:00,0.9499999999999993,11947.039999999912,1506.0,2026-04-14T10:37:00-04:00,0.9499999999999993,11947.039999999912,1612.0,2026-04-14T12:23:00-04:00,0.4499999999999993,12947.039999999912,1616.0,2026-04-14T12:27:00-04:00,0.4499999999999993,12947.039999999912,1672.0,2026-04-14T13:23:00-04:00,0.40000000000000036,13047.03999999991,1613.0,2026-04-14T12:24:00-04:00,0.5,12847.03999999991,3347
2026-04-13,2026-04-16,3,5.0,2026-04-13T09:31:00-04:00,5.049999999999983,NDXP  260416P25170000,NDXP  260416P25160000,final_holdout,False,False,0,0,3,4,0,1298,available,False,2026-04-13T09:31:00-04:00,2026-04-16T12:54:00-04:00,0.025000000000000022,9797.039999999966,186.0,last_observed_quote_not_settlement,1037.0,29,37,5.100000000000023,-352.9600000000789,2026-04-13T09:32:00-04:00,0.0,5.950000000000017,-2052.9600000000673,2026-04-13T09:33:00-04:00,0.0,5.150000000000006,-452.9600000000448,2026-04-13T09:36:00-04:00,0.0,5.250000000000057,-652.9600000001471,2026-04-13T09:41:00-04:00,0.0,4.25,1347.0399999999665,2026-04-13T09:46:00-04:00,0.0,4.150000000000006,1547.0399999999552,2026-04-13T10:01:00-04:00,0.0,4.0,1847.0399999999665,2026-04-13T10:31:00-04:00,0.0,4.25,1347.0399999999665,2026-04-13T11:31:00-04:00,0.0,2.3499999999999943,5147.039999999978,2026-04-13T16:00:00-04:00,0.0,0.40000000000000213,9047.039999999963,2026-04-14T16:00:00-04:00,0.0,0.04999999999999982,9747.039999999968,2026-04-15T16:00:00-04:00,0.0,,,2026-04-16T12:54:00-04:00,11160.0,0.0,hit,3.0,hit,20.0,hit,82.0,hit,1440.0,hit,1455.0,hit,1632.0,hit,2.0,hit,19.0,hit,,never_hit,,never_hit,,never_hit,,never_hit,6.949999999999989,24,False,False,False,False,,6.949999999999989,29,False,False,False,False,,6.949999999999989,29,False,False,False,False,,6.949999999999989,29,False,False,False,False,,82.0,2026-04-13T10:53:00-04:00,2.8000000000000114,4247.039999999944,362.0,2026-04-13T15:33:00-04:00,2.9000000000000057,4047.0399999999554,363.0,2026-04-13T15:34:00-04:00,2.9000000000000057,4047.0399999999554,83.0,2026-04-13T10:54:00-04:00,4.199999999999989,1447.0399999999893,1440.0,2026-04-14T09:31:00-04:00,1.4500000000000028,6947.039999999961,1441.0,2026-04-14T09:32:00-04:00,1.3999999999999986,7047.039999999969,1442.0,2026-04-14T09:33:00-04:00,1.25,7347.039999999966,1441.0,2026-04-14T09:32:00-04:00,1.3999999999999986,7047.039999999969,1486.0,2026-04-14T10:17:00-04:00,0.9000000000000021,8047.039999999963,1487.0,2026-04-14T10:18:00-04:00,0.8999999999999986,8047.039999999969,1492.0,2026-04-14T10:23:00-04:00,0.9000000000000021,8047.039999999963,1487.0,2026-04-14T10:18:00-04:00,0.8999999999999986,8047.039999999969,1700.0,2026-04-14T13:51:00-04:00,0.4499999999999993,8947.039999999968,1829.0,2026-04-14T16:00:00-04:00,0.40000000000000213,9047.039999999963,2882.0,2026-04-15T09:33:00-04:00,0.25,9347.039999999968,1701.0,2026-04-14T13:52:00-04:00,0.5499999999999972,8747.039999999974,3348
2026-04-13,2026-04-16,3,6.0,2026-04-13T09:31:00-04:00,6.0,NDXP  260416P25280000,NDXP  260416P25270000,final_holdout,False,False,0,0,11,4,0,1327,available,False,2026-04-13T09:31:00-04:00,2026-04-16T13:09:00-04:00,0.0,11747.04,171.0,last_observed_quote_not_settlement,1036.0,31,40,5.949999999999989,-152.95999999997656,2026-04-13T09:32:00-04:00,0.0,6.25,-752.9599999999994,2026-04-13T09:33:00-04:00,0.0,5.850000000000023,47.039999999955235,2026-04-13T09:36:00-04:00,0.0,5.649999999999977,447.0400000000462,2026-04-13T09:41:00-04:00,0.0,6.600000000000023,-1452.9600000000448,2026-04-13T09:46:00-04:00,0.0,4.699999999999989,2347.0400000000236,2026-04-13T10:01:00-04:00,0.0,5.599999999999966,547.0400000000689,2026-04-13T10:31:00-04:00,0.0,5.400000000000006,947.0399999999893,2026-04-13T11:31:00-04:00,0.0,3.3499999999999943,5047.040000000012,2026-04-13T16:00:00-04:00,0.0,0.5999999999999943,10547.040000000014,2026-04-14T16:00:00-04:00,0.0,0.10000000000000053,11547.04,2026-04-15T16:00:00-04:00,0.0,,,2026-04-16T13:09:00-04:00,10260.0,12.0,hit,21.0,hit,35.0,hit,1440.0,hit,1441.0,hit,1523.0,hit,1831.0,hit,6.0,hit,86.0,hit,86.0,hit,93.0,hit,,never_hit,,never_hit,8.450000000000017,31,True,True,False,False,,8.450000000000017,31,True,True,False,False,,8.450000000000017,31,True,True,False,False,,8.450000000000017,31,True,True,False,False,,1440.0,2026-04-14T09:31:00-04:00,2.049999999999997,7647.040000000006,1441.0,2026-04-14T09:32:00-04:00,2.0,7747.040000000001,1442.0,2026-04-14T09:33:00-04:00,2.0,7747.040000000001,1441.0,2026-04-14T09:32:00-04:00,2.0,7747.040000000001,1443.0,2026-04-14T09:34:00-04:00,1.8499999999999943,8047.040000000012,1444.0,2026-04-14T09:35:00-04:00,1.8499999999999943,8047.040000000012,1445.0,2026-04-14T09:36:00-04:00,1.5999999999999943,8547.040000000014,1444.0,2026-04-14T09:35:00-04:00,1.8499999999999943,8047.040000000012,1578.0,2026-04-14T11:49:00-04:00,0.9499999999999957,9847.04000000001,1581.0,2026-04-14T11:52:00-04:00,0.8500000000000014,10047.039999999999,1604.0,2026-04-14T12:15:00-04:00,0.9000000000000057,9947.03999999999,1579.0,2026-04-14T11:50:00-04:00,1.0,9747.04,2880.0,2026-04-15T09:31:00-04:00,0.25,11247.04,2881.0,2026-04-15T09:32:00-04:00,0.40000000000000036,10947.04,2882.0,2026-04-15T09:33:00-04:00,0.3500000000000014,11047.039999999999,2881.0,2026-04-15T09:32:00-04:00,0.40000000000000036,10947.04,3349
2026-04-13,2026-04-16,3,7.0,2026-04-13T09:31:00-04:00,7.0,NDXP  260416P25440000,NDXP  260416P25430000,final_holdout,False,False,0,0,24,10,0,1406,available,False,2026-04-13T09:31:00-04:00,2026-04-16T13:35:00-04:00,0.0,13747.04,145.0,last_observed_quote_not_settlement,1036.0,126,56,4.75,4247.040000000001,2026-04-13T09:32:00-04:00,0.0,8.549999999999955,-3352.95999999991,2026-04-13T09:33:00-04:00,0.0,7.199999999999989,-652.9599999999766,2026-04-13T09:36:00-04:00,0.0,7.050000000000011,-352.96000000002203,2026-04-13T09:41:00-04:00,0.0,,,2026-04-13T09:45:00-04:00,60.0,6.899999999999977,-52.959999999953816,2026-04-13T10:01:00-04:00,0.0,7.2999999999999545,-852.9599999999084,2026-04-13T10:31:00-04:00,0.0,8.100000000000023,-2452.9600000000464,2026-04-13T11:31:00-04:00,0.0,4.050000000000011,5647.039999999978,2026-04-13T16:00:00-04:00,0.0,1.25,11247.04,2026-04-14T16:00:00-04:00,0.0,0.14999999999999947,13447.040000000003,2026-04-15T16:00:00-04:00,0.0,,,2026-04-16T13:35:00-04:00,8700.0,1.0,hit,1.0,hit,114.0,hit,114.0,hit,114.0,hit,1750.0,hit,1750.0,hit,2.0,hit,2.0,hit,0.0,hit,2.0,hit,8.0,hit,82.0,hit,9.950000000000045,75,True,True,True,True,,9.950000000000045,75,True,True,True,True,,9.950000000000045,126,True,True,True,True,,9.950000000000045,126,True,True,True,True,,114.0,2026-04-13T11:25:00-04:00,1.8999999999999773,9947.040000000046,1446.0,2026-04-14T09:37:00-04:00,2.8500000000000085,8047.039999999984,1447.0,2026-04-14T09:38:00-04:00,2.799999999999997,8147.040000000007,115.0,2026-04-13T11:26:00-04:00,7.0,-252.9599999999993,114.0,2026-04-13T11:25:00-04:00,1.8999999999999773,9947.040000000046,1561.0,2026-04-14T11:32:00-04:00,1.8500000000000014,10047.039999999999,1562.0,2026-04-14T11:33:00-04:00,1.8500000000000014,10047.039999999999,115.0,2026-04-13T11:26:00-04:00,7.0,-252.9599999999993,1750.0,2026-04-14T14:41:00-04:00,0.44999999999999574,12847.04000000001,2881.0,2026-04-15T09:32:00-04:00,0.8999999999999986,11947.040000000005,2882.0,2026-04-15T09:33:00-04:00,0.8000000000000007,12147.04,1751.0,2026-04-14T14:42:00-04:00,1.5499999999999972,10647.040000000008,1750.0,2026-04-14T14:41:00-04:00,0.44999999999999574,12847.04000000001,2925.0,2026-04-15T10:16:00-04:00,0.40000000000000036,12947.04,2926.0,2026-04-15T10:17:00-04:00,0.4499999999999993,12847.040000000003,1751.0,2026-04-14T14:42:00-04:00,1.5499999999999972,10647.040000000008,3350
2026-04-14,2026-04-16,2,5.0,2026-04-14T09:31:00-04:00,5.050000000000011,NDXP  260416P25620000,NDXP  260416P25610000,final_holdout,False,False,0,0,17,5,0,1094,available,False,2026-04-14T09:31:00-04:00,2026-04-16T15:37:00-04:00,0.04999999999999999,9747.040000000025,23.0,last_observed_quote_not_settlement,1036.0,17,21,6.199999999999989,-2552.9599999999537,2026-04-14T09:32:00-04:00,0.0,5.199999999999989,-552.9599999999539,2026-04-14T09:33:00-04:00,0.0,4.849999999999994,147.0400000000348,2026-04-14T09:36:00-04:00,0.0,4.800000000000011,247.04000000000067,2026-04-14T09:41:00-04:00,0.0,5.150000000000006,-452.95999999998793,2026-04-14T09:46:00-04:00,0.0,5.099999999999994,-352.9599999999652,2026-04-14T10:01:00-04:00,0.0,3.8999999999999773,2047.040000000069,2026-04-14T10:31:00-04:00,0.0,3.0999999999999943,3647.040000000035,2026-04-14T11:31:00-04:00,0.0,2.0999999999999943,5647.0400000000345,2026-04-14T16:00:00-04:00,0.0,0.3500000000000014,9147.04000000002,2026-04-15T16:00:00-04:00,0.0,,,2026-04-16T15:37:00-04:00,1380.0,,,,,0.0,hit,5.0,hit,22.0,hit,122.0,hit,203.0,hit,1484.0,hit,1724.0,hit,1.0,hit,1.0,hit,,never_hit,,never_hit,,never_hit,,never_hit,6.399999999999977,17,False,False,False,False,,6.399999999999977,17,False,False,False,False,,6.399999999999977,17,False,False,False,False,,6.399999999999977,17,False,False,False,False,,122.0,2026-04-14T11:33:00-04:00,2.3999999999999915,5047.040000000041,142.0,2026-04-14T11:53:00-04:00,2.9000000000000057,4047.040000000012,143.0,2026-04-14T11:54:00-04:00,2.9000000000000057,4047.040000000012,123.0,2026-04-14T11:34:00-04:00,3.4000000000000057,3047.0400000000122,203.0,2026-04-14T12:54:00-04:00,1.7500000000000142,6347.039999999995,246.0,2026-04-14T13:37:00-04:00,1.5999999999999943,6647.0400000000345,1442.0,2026-04-15T09:33:00-04:00,1.7000000000000028,6447.040000000018,204.0,2026-04-14T12:55:00-04:00,2.250000000000014,5347.039999999995,1494.0,2026-04-15T10:25:00-04:00,0.8999999999999986,8047.040000000026,1495.0,2026-04-15T10:26:00-04:00,0.9499999999999993,7947.0400000000245,1496.0,2026-04-15T10:27:00-04:00,0.8999999999999986,8047.040000000026,1495.0,2026-04-15T10:26:00-04:00,0.9499999999999993,7947.0400000000245,1743.0,2026-04-15T14:34:00-04:00,0.40000000000000036,9047.040000000023,1748.0,2026-04-15T14:39:00-04:00,0.4499999999999993,8947.040000000026,1762.0,2026-04-15T14:53:00-04:00,0.40000000000000036,9047.040000000023,1744.0,2026-04-15T14:35:00-04:00,0.45000000000000107,8947.040000000023,3351
2026-04-14,2026-04-16,2,6.0,2026-04-14T09:31:00-04:00,5.950000000000017,NDXP  260416P25630000,NDXP  260416P25620000,final_holdout,False,False,0,0,18,38,0,1059,available,False,2026-04-14T09:31:00-04:00,2026-04-16T14:28:00-04:00,0.0,11647.040000000035,92.0,last_observed_quote_not_settlement,1036.0,0,0,5.550000000000011,547.040000000012,2026-04-14T09:32:00-04:00,0.0,5.399999999999977,847.0400000000802,2026-04-14T09:33:00-04:00,0.0,5.099999999999994,1447.0400000000461,2026-04-14T09:36:00-04:00,0.0,5.599999999999966,447.040000000103,2026-04-14T09:41:00-04:00,0.0,4.349999999999994,2947.0400000000463,2026-04-14T09:46:00-04:00,0.0,4.950000000000017,1747.0400000000006,2026-04-14T10:01:00-04:00,0.0,3.9000000000000057,3847.0400000000236,2026-04-14T10:31:00-04:00,0.0,3.450000000000017,4747.040000000001,2026-04-14T11:31:00-04:00,0.0,2.299999999999997,7047.040000000041,2026-04-14T16:00:00-04:00,0.0,0.3000000000000007,11047.040000000034,2026-04-15T16:00:00-04:00,0.0,,,2026-04-16T14:28:00-04:00,5520.0,,,,,2.0,hit,7.0,hit,14.0,hit,143.0,hit,358.0,hit,1485.0,hit,1723.0,hit,,never_hit,,never_hit,,never_hit,,never_hit,,never_hit,,never_hit,5.950000000000017,0,False,False,False,False,,5.950000000000017,0,False,False,False,False,,5.950000000000017,0,False,False,False,False,,5.950000000000017,0,False,False,False,False,,143.0,2026-04-14T11:54:00-04:00,2.9499999999999886,5747.040000000057,172.0,2026-04-14T12:23:00-04:00,2.9000000000000057,5847.040000000024,173.0,2026-04-14T12:24:00-04:00,2.9000000000000057,5847.040000000024,144.0,2026-04-14T11:55:00-04:00,3.0,5647.0400000000345,399.0,2026-04-14T16:10:00-04:00,1.8999999999999915,7847.040000000052,1441.0,2026-04-15T09:32:00-04:00,1.7999999999999972,8047.040000000041,1442.0,2026-04-15T09:33:00-04:00,1.6500000000000057,8347.040000000025,400.0,2026-04-14T16:11:00-04:00,2.0999999999999943,7447.040000000046,1495.0,2026-04-15T10:26:00-04:00,0.8999999999999986,9847.040000000039,1499.0,2026-04-15T10:30:00-04:00,0.9499999999999993,9747.040000000037,1500.0,2026-04-15T10:31:00-04:00,0.8999999999999986,9847.040000000039,1496.0,2026-04-15T10:27:00-04:00,0.9500000000000028,9747.04000000003,1746.0,2026-04-15T14:37:00-04:00,0.4499999999999993,10747.040000000037,1760.0,2026-04-15T14:51:00-04:00,0.3999999999999986,10847.040000000039,1767.0,2026-04-15T14:58:00-04:00,0.40000000000000036,10847.040000000035,1747.0,2026-04-15T14:38:00-04:00,0.6500000000000004,10347.040000000035,3352
2026-04-14,2026-04-16,2,7.0,2026-04-14T09:31:00-04:00,6.950000000000017,NDXP  260416P25720000,NDXP  260416P25710000,final_holdout,False,False,0,0,63,3,0,1106,available,False,2026-04-14T09:31:00-04:00,2026-04-16T14:47:00-04:00,0.0,13647.040000000035,73.0,last_observed_quote_not_settlement,1036.0,7,13,7.599999999999994,-1552.9599999999539,2026-04-14T09:32:00-04:00,0.0,5.150000000000034,3347.0399999999668,2026-04-14T09:33:00-04:00,0.0,7.699999999999989,-1752.9599999999425,2026-04-14T09:36:00-04:00,0.0,7.0,-352.9599999999652,2026-04-14T09:41:00-04:00,0.0,5.599999999999994,2447.0400000000463,2026-04-14T09:46:00-04:00,0.0,5.300000000000011,3047.0400000000122,2026-04-14T10:01:00-04:00,0.0,5.25,3147.040000000035,2026-04-14T10:31:00-04:00,0.0,5.75,2147.040000000035,2026-04-14T11:31:00-04:00,0.0,2.8499999999999943,7947.040000000046,2026-04-14T16:00:00-04:00,0.0,0.40000000000000036,12847.040000000035,2026-04-15T16:00:00-04:00,0.0,,,2026-04-16T14:47:00-04:00,4380.0,,,,,2.0,hit,4.0,hit,133.0,hit,133.0,hit,1468.0,hit,1556.0,hit,1781.0,hit,1.0,hit,3.0,hit,1.0,hit,3.0,hit,3.0,hit,,never_hit,9.099999999999994,7,True,True,True,True,,9.099999999999994,7,True,True,True,True,,9.099999999999994,7,True,True,True,True,,9.099999999999994,7,True,True,True,True,,133.0,2026-04-14T11:44:00-04:00,2.9499999999999886,7747.040000000057,359.0,2026-04-14T15:30:00-04:00,2.9499999999999886,7747.040000000057,1447.0,2026-04-15T09:38:00-04:00,2.6000000000000014,8447.040000000034,134.0,2026-04-14T11:45:00-04:00,4.350000000000023,4947.039999999989,1472.0,2026-04-15T10:03:00-04:00,1.9499999999999957,9747.040000000045,1473.0,2026-04-15T10:04:00-04:00,1.7999999999999972,10047.04000000004,1474.0,2026-04-15T10:05:00-04:00,1.8499999999999943,9947.040000000046,1473.0,2026-04-15T10:04:00-04:00,1.7999999999999972,10047.04000000004,1598.0,2026-04-15T12:09:00-04:00,0.8999999999999986,11847.040000000039,1610.0,2026-04-15T12:21:00-04:00,0.8500000000000014,11947.040000000034,1611.0,2026-04-15T12:22:00-04:00,0.8999999999999986,11847.040000000039,1599.0,2026-04-15T12:10:00-04:00,1.0,11647.040000000035,1827.0,2026-04-15T15:58:00-04:00,0.4499999999999993,12747.040000000037,2881.0,2026-04-16T09:32:00-04:00,0.1499999999999999,13347.040000000035,2882.0,2026-04-16T09:33:00-04:00,0.10000000000000053,13447.040000000035,1828.0,2026-04-15T15:59:00-04:00,0.5499999999999989,12547.040000000037,3353
2026-04-14,2026-04-17,3,5.0,2026-04-14T09:31:00-04:00,4.900000000000034,NDXP  260417P25560000,NDXP  260417P25550000,final_holdout,False,False,0,0,18,59,0,1475,available,False,2026-04-14T09:31:00-04:00,2026-04-17T15:26:00-04:00,0.0,9547.04000000007,34.0,last_observed_quote_not_settlement,1036.0,0,0,4.400000000000034,747.0400000000006,2026-04-14T09:32:00-04:00,0.0,2.5500000000000114,4447.040000000046,2026-04-14T09:33:00-04:00,0.0,4.0,1547.0400000000689,2026-04-14T09:36:00-04:00,0.0,4.350000000000023,847.0400000000234,2026-04-14T09:41:00-04:00,0.0,3.950000000000017,1647.0400000000348,2026-04-14T09:46:00-04:00,0.0,4.150000000000006,1247.0400000000575,2026-04-14T10:01:00-04:00,0.0,3.4000000000000057,2747.0400000000577,2026-04-14T10:31:00-04:00,0.0,3.3500000000000085,2847.040000000052,2026-04-14T11:31:00-04:00,0.0,2.1000000000000085,5347.040000000052,2026-04-14T16:00:00-04:00,0.0,0.6000000000000014,8347.040000000066,2026-04-15T16:00:00-04:00,0.0,0.09999999999999964,9347.04000000007,2026-04-16T16:00:00-04:00,0.0,,,2026-04-17T15:26:00-04:00,2040.0,0.0,hit,0.0,hit,2.0,hit,2.0,hit,245.0,hit,379.0,hit,379.0,hit,,never_hit,,never_hit,,never_hit,,never_hit,,never_hit,,never_hit,4.900000000000034,0,False,False,False,False,,4.900000000000034,0,False,False,False,False,,4.900000000000034,0,False,False,False,False,,4.900000000000034,0,False,False,False,False,,2.0,2026-04-14T09:33:00-04:00,2.5500000000000114,4447.040000000046,129.0,2026-04-14T11:40:00-04:00,2.9000000000000057,3747.0400000000577,130.0,2026-04-14T11:41:00-04:00,2.5500000000000114,4447.040000000046,3.0,2026-04-14T09:34:00-04:00,4.300000000000011,947.0400000000461,245.0,2026-04-14T13:36:00-04:00,1.5999999999999943,6347.04000000008,1443.0,2026-04-15T09:34:00-04:00,1.7000000000000028,6147.040000000064,1444.0,2026-04-15T09:35:00-04:00,1.75,6047.040000000069,246.0,2026-04-14T13:37:00-04:00,2.25,5047.040000000069,379.0,2026-04-14T15:50:00-04:00,0.29999999999998295,8947.040000000105,1583.0,2026-04-15T11:54:00-04:00,0.9499999999999957,7647.040000000077,1607.0,2026-04-15T12:18:00-04:00,0.9499999999999957,7647.040000000077,380.0,2026-04-14T15:51:00-04:00,2.25,5047.040000000069,379.0,2026-04-14T15:50:00-04:00,0.29999999999998295,8947.040000000105,2881.0,2026-04-16T09:32:00-04:00,0.3500000000000014,8847.040000000066,2882.0,2026-04-16T09:33:00-04:00,0.3500000000000014,8847.040000000066,380.0,2026-04-14T15:51:00-04:00,2.25,5047.040000000069,3354
2026-04-14,2026-04-17,3,6.0,2026-04-14T09:31:00-04:00,6.099999999999994,NDXP  260417P25640000,NDXP  260417P25630000,final_holdout,False,False,0,0,20,57,0,1485,available,False,2026-04-14T09:31:00-04:00,2026-04-17T15:37:00-04:00,0.0,11947.03999999999,23.0,last_observed_quote_not_settlement,1036.0,7,10,3.6499999999999773,4647.0400000000345,2026-04-14T09:32:00-04:00,0.0,6.650000000000006,-1352.960000000022,2026-04-14T09:33:00-04:00,0.0,4.849999999999994,2247.040000000001,2026-04-14T09:36:00-04:00,0.0,4.349999999999994,3247.040000000001,2026-04-14T09:41:00-04:00,0.0,4.600000000000023,2747.039999999944,2026-04-14T09:46:00-04:00,0.0,5.349999999999966,1247.0400000000575,2026-04-14T10:01:00-04:00,0.0,3.8999999999999773,4147.0400000000345,2026-04-14T10:31:00-04:00,0.0,4.099999999999994,3747.040000000001,2026-04-14T11:31:00-04:00,0.0,2.5,6947.039999999989,2026-04-14T16:00:00-04:00,0.0,0.7499999999999964,10447.039999999997,2026-04-15T16:00:00-04:00,0.0,0.15000000000000036,11647.03999999999,2026-04-16T16:00:00-04:00,0.0,,,2026-04-17T15:37:00-04:00,1380.0,1.0,hit,1.0,hit,1.0,hit,74.0,hit,74.0,hit,1610.0,hit,2880.0,hit,2.0,hit,,never_hit,,never_hit,,never_hit,,never_hit,,never_hit,6.749999999999972,7,False,False,False,False,,6.749999999999972,7,False,False,False,False,,6.749999999999972,7,False,False,False,False,,6.749999999999972,7,False,False,False,False,,74.0,2026-04-14T10:45:00-04:00,1.8999999999999773,8147.0400000000345,204.0,2026-04-14T12:55:00-04:00,2.9000000000000057,6147.039999999978,231.0,2026-04-14T13:22:00-04:00,2.8000000000000114,6347.039999999966,75.0,2026-04-14T10:46:00-04:00,4.849999999999966,2247.0400000000577,74.0,2026-04-14T10:45:00-04:00,1.8999999999999773,8147.0400000000345,1470.0,2026-04-15T10:01:00-04:00,1.9000000000000057,8147.039999999978,1471.0,2026-04-15T10:02:00-04:00,1.8500000000000014,8247.039999999988,75.0,2026-04-14T10:46:00-04:00,4.849999999999966,2247.0400000000577,1744.0,2026-04-15T14:35:00-04:00,0.9499999999999957,10047.039999999999,1745.0,2026-04-15T14:36:00-04:00,0.9499999999999957,10047.039999999999,1764.0,2026-04-15T14:55:00-04:00,0.9499999999999957,10047.039999999999,1745.0,2026-04-15T14:36:00-04:00,0.9499999999999957,10047.039999999999,2880.0,2026-04-16T09:31:00-04:00,0.40000000000000036,11147.03999999999,2960.0,2026-04-16T10:51:00-04:00,0.4499999999999993,11047.039999999992,2961.0,2026-04-16T10:52:00-04:00,0.40000000000000036,11147.03999999999,2881.0,2026-04-16T09:32:00-04:00,0.5999999999999996,10747.039999999992,3355
2026-04-14,2026-04-17,3,7.0,2026-04-14T09:31:00-04:00,7.0,NDXP  260417P25900000,NDXP  260417P25890000,final_holdout,False,False,0,0,6,76,0,1497,available,False,2026-04-14T09:31:00-04:00,2026-04-17T15:35:00-04:00,0.0,13747.04,25.0,last_observed_quote_not_settlement,1036.0,106,78,7.7999999999999545,-1852.9599999999084,2026-04-14T09:32:00-04:00,0.0,7.800000000000068,-1852.9600000001358,2026-04-14T09:33:00-04:00,0.0,7.5,-1252.9599999999994,2026-04-14T09:36:00-04:00,0.0,7.649999999999977,-1552.9599999999539,2026-04-14T09:41:00-04:00,0.0,7.400000000000034,-1052.9600000000676,2026-04-14T09:46:00-04:00,0.0,7.649999999999977,-1552.9599999999539,2026-04-14T10:01:00-04:00,0.0,7.099999999999909,-452.9599999998174,2026-04-14T10:31:00-04:00,0.0,6.5499999999999545,647.0400000000916,2026-04-14T11:31:00-04:00,0.0,6.200000000000017,1347.0399999999665,2026-04-14T16:00:00-04:00,0.0,1.7999999999999972,10147.040000000008,2026-04-15T16:00:00-04:00,0.0,0.40000000000000213,12947.039999999997,2026-04-16T16:00:00-04:00,0.0,,,2026-04-17T15:35:00-04:00,1500.0,40.0,hit,50.0,hit,90.0,hit,90.0,hit,384.0,hit,1442.0,hit,1750.0,hit,1.0,hit,11.0,hit,0.0,hit,11.0,hit,11.0,hit,18.0,hit,9.949999999999989,69,True,True,True,True,,9.949999999999989,106,True,True,True,True,,9.949999999999989,106,True,True,True,True,,9.949999999999989,106,True,True,True,True,,90.0,2026-04-14T11:01:00-04:00,2.6499999999999773,8447.040000000046,1458.0,2026-04-15T09:49:00-04:00,2.0500000000000114,9647.039999999979,1556.0,2026-04-15T11:27:00-04:00,2.8499999999999943,8047.040000000012,91.0,2026-04-14T11:02:00-04:00,7.0,-252.9599999999993,384.0,2026-04-14T15:55:00-04:00,1.1000000000000227,11547.039999999955,1805.0,2026-04-15T15:36:00-04:00,1.79999999999999,10147.04000000002,1806.0,2026-04-15T15:37:00-04:00,1.8500000000000085,10047.039999999985,385.0,2026-04-14T15:56:00-04:00,4.300000000000011,5147.039999999978,1750.0,2026-04-15T14:41:00-04:00,0.45000000000001705,12847.039999999968,2977.0,2026-04-16T11:08:00-04:00,0.9499999999999993,11847.040000000003,2981.0,2026-04-16T11:12:00-04:00,0.8999999999999986,11947.040000000005,1751.0,2026-04-15T14:42:00-04:00,2.4000000000000057,8947.03999999999,3259.0,2026-04-16T15:50:00-04:00,0.4499999999999993,12847.040000000003,4321.0,2026-04-17T09:32:00-04:00,0.09999999999999964,13547.040000000003,4325.0,2026-04-17T09:36:00-04:00,0.12499999999999956,13497.04,3260.0,2026-04-16T15:51:00-04:00,0.5,12747.04,3356
2026-04-15,2026-04-17,2,5.0,2026-04-15T09:31:00-04:00,4.849999999999994,NDXP  260417P25870000,NDXP  260417P25860000,final_holdout,False,False,0,0,26,69,0,1098,available,False,2026-04-15T09:31:00-04:00,2026-04-17T15:46:00-04:00,0.0,9447.03999999999,14.0,last_observed_quote_not_settlement,1036.0,2,4,4.75,-52.96000000001066,2026-04-15T09:32:00-04:00,0.0,6.000000000000028,-2552.9600000000673,2026-04-15T09:33:00-04:00,0.0,4.399999999999977,647.0400000000348,2026-04-15T09:36:00-04:00,0.0,4.0,1447.0399999999893,2026-04-15T09:41:00-04:00,0.0,4.449999999999989,547.040000000012,2026-04-15T09:46:00-04:00,0.0,4.0,1447.0399999999893,2026-04-15T10:01:00-04:00,0.0,3.0500000000000114,3347.0399999999668,2026-04-15T10:31:00-04:00,0.0,2.799999999999983,3847.0400000000236,2026-04-15T11:31:00-04:00,0.0,1.6499999999999915,6147.040000000006,2026-04-15T16:00:00-04:00,0.0,0.4499999999999993,8547.039999999992,2026-04-16T16:00:00-04:00,0.0,,,2026-04-17T15:46:00-04:00,840.0,,,,,0.0,hit,0.0,hit,9.0,hit,61.0,hit,169.0,hit,1532.0,hit,1600.0,hit,2.0,hit,2.0,hit,,never_hit,,never_hit,,never_hit,,never_hit,6.000000000000028,2,False,False,False,False,,6.000000000000028,2,False,False,False,False,,6.000000000000028,2,False,False,False,False,,6.000000000000028,2,False,False,False,False,,62.0,2026-04-15T10:33:00-04:00,2.9499999999999886,3547.0400000000122,76.0,2026-04-15T10:47:00-04:00,2.9000000000000057,3647.039999999978,81.0,2026-04-15T10:52:00-04:00,2.799999999999997,3847.039999999995,63.0,2026-04-15T10:34:00-04:00,3.049999999999983,3347.0400000000236,320.0,2026-04-15T14:51:00-04:00,1.9499999999999957,5547.039999999998,321.0,2026-04-15T14:52:00-04:00,1.8999999999999986,5647.039999999992,326.0,2026-04-15T14:57:00-04:00,1.8999999999999986,5647.039999999992,321.0,2026-04-15T14:52:00-04:00,1.8999999999999986,5647.039999999992,1533.0,2026-04-16T11:04:00-04:00,0.9499999999999993,7547.039999999991,1534.0,2026-04-16T11:05:00-04:00,0.9000000000000021,7647.039999999985,1535.0,2026-04-16T11:06:00-04:00,0.8999999999999986,7647.039999999992,1534.0,2026-04-16T11:05:00-04:00,0.9000000000000021,7647.039999999985,1806.0,2026-04-16T15:37:00-04:00,0.3999999999999986,8647.039999999994,1811.0,2026-04-16T15:42:00-04:00,0.40000000000000036,8647.03999999999,1815.0,2026-04-16T15:46:00-04:00,0.40000000000000036,8647.03999999999,1807.0,2026-04-16T15:38:00-04:00,0.5,8447.03999999999,3357
2026-04-15,2026-04-17,2,6.0,2026-04-15T09:31:00-04:00,5.850000000000023,NDXP  260417P26250000,NDXP  260417P26240000,final_holdout,False,False,0,0,18,36,0,1144,available,False,2026-04-15T09:31:00-04:00,2026-04-17T15:40:00-04:00,0.0,11447.040000000046,20.0,last_observed_quote_not_settlement,1036.0,279,113,4.75,1947.0400000000461,2026-04-15T09:32:00-04:00,0.0,7.050000000000011,-2652.9599999999764,2026-04-15T09:33:00-04:00,0.0,8.600000000000023,-5752.960000000001,2026-04-15T09:36:00-04:00,0.0,8.299999999999955,-5152.9599999998645,2026-04-15T09:41:00-04:00,0.0,7.699999999999989,-3952.959999999931,2026-04-15T09:46:00-04:00,0.0,8.449999999999989,-5452.959999999933,2026-04-15T10:01:00-04:00,0.0,,,2026-04-15T10:30:00-04:00,60.0,7.649999999999977,-3852.959999999908,2026-04-15T11:31:00-04:00,0.0,4.800000000000011,1847.0400000000234,2026-04-15T16:00:00-04:00,0.0,5.000000000000007,1447.040000000032,2026-04-16T16:00:00-04:00,0.0,,,2026-04-17T15:40:00-04:00,1200.0,,,,,1.0,hit,1.0,hit,14.0,hit,14.0,hit,14.0,hit,14.0,hit,2901.0,hit,2.0,hit,2.0,hit,2.0,hit,3.0,hit,62.0,hit,62.0,hit,8.600000000000023,12,True,True,False,False,,8.600000000000023,12,True,True,False,False,,8.600000000000023,12,True,True,False,False,,9.900000000000034,279,True,True,True,True,,14.0,2026-04-15T09:45:00-04:00,0.8999999999999773,9647.040000000092,362.0,2026-04-15T15:33:00-04:00,2.849999999999966,5747.040000000115,1589.0,2026-04-16T12:00:00-04:00,2.9000000000000057,5647.0400000000345,15.0,2026-04-15T09:46:00-04:00,7.699999999999989,-3952.959999999931,14.0,2026-04-15T09:45:00-04:00,0.8999999999999773,9647.040000000092,2881.0,2026-04-17T09:32:00-04:00,0.8999999999999986,9647.04000000005,2882.0,2026-04-17T09:33:00-04:00,0.75,9947.040000000046,15.0,2026-04-15T09:46:00-04:00,7.699999999999989,-3952.959999999931,14.0,2026-04-15T09:45:00-04:00,0.8999999999999773,9647.040000000092,2881.0,2026-04-17T09:32:00-04:00,0.8999999999999986,9647.04000000005,2882.0,2026-04-17T09:33:00-04:00,0.75,9947.040000000046,15.0,2026-04-15T09:46:00-04:00,7.699999999999989,-3952.959999999931,2910.0,2026-04-17T10:01:00-04:00,0.4499999999999993,10547.040000000048,2911.0,2026-04-17T10:02:00-04:00,0.34999999999999964,10747.040000000048,2915.0,2026-04-17T10:06:00-04:00,0.4499999999999993,10547.040000000048,2911.0,2026-04-17T10:02:00-04:00,0.34999999999999964,10747.040000000048,3358
2026-04-15,2026-04-17,2,7.0,2026-04-15T09:31:00-04:00,6.949999999999932,NDXP  260417P26080000,NDXP  260417P26070000,final_holdout,False,False,0,0,4,25,0,1151,available,False,2026-04-15T09:31:00-04:00,2026-04-17T15:38:00-04:00,0.0,13647.039999999864,22.0,last_observed_quote_not_settlement,1036.0,32,41,7.25,-852.9600000001358,2026-04-15T09:32:00-04:00,0.0,7.0,-352.9600000001357,2026-04-15T09:33:00-04:00,0.0,6.949999999999989,-252.96000000011298,2026-04-15T09:36:00-04:00,0.0,6.5,647.0399999998642,2026-04-15T09:41:00-04:00,0.0,9.0,-4352.960000000137,2026-04-15T09:46:00-04:00,0.0,6.649999999999977,347.03999999990975,2026-04-15T10:01:00-04:00,0.0,6.449999999999989,747.039999999887,2026-04-15T10:31:00-04:00,0.0,5.100000000000023,3447.039999999819,2026-04-15T11:31:00-04:00,0.0,3.0,7647.039999999864,2026-04-15T16:00:00-04:00,0.0,1.3500000000000014,10947.039999999863,2026-04-16T16:00:00-04:00,0.0,,,2026-04-17T15:38:00-04:00,1320.0,,,,,23.0,hit,23.0,hit,79.0,hit,107.0,hit,1536.0,hit,2880.0,hit,2880.0,hit,3.0,hit,3.0,hit,1.0,hit,3.0,hit,15.0,hit,,never_hit,9.0,28,True,True,True,True,,9.0,32,True,True,True,True,,9.0,32,True,True,True,True,,9.0,32,True,True,True,True,,107.0,2026-04-15T11:18:00-04:00,2.9499999999999886,7747.039999999887,222.0,2026-04-15T13:13:00-04:00,2.75,8147.0399999998635,1442.0,2026-04-16T09:33:00-04:00,2.700000000000003,8247.039999999859,108.0,2026-04-15T11:19:00-04:00,5.199999999999989,3247.039999999887,1537.0,2026-04-16T11:08:00-04:00,1.9499999999999957,9747.039999999874,1538.0,2026-04-16T11:09:00-04:00,1.9499999999999957,9747.039999999874,1539.0,2026-04-16T11:10:00-04:00,1.8999999999999986,9847.039999999868,1538.0,2026-04-16T11:09:00-04:00,1.9499999999999957,9747.039999999874,2880.0,2026-04-17T09:31:00-04:00,0.34999999999999964,12947.039999999866,2881.0,2026-04-17T09:32:00-04:00,0.3000000000000007,13047.039999999864,2882.0,2026-04-17T09:33:00-04:00,0.3000000000000007,13047.039999999864,2881.0,2026-04-17T09:32:00-04:00,0.3000000000000007,13047.039999999864,2880.0,2026-04-17T09:31:00-04:00,0.34999999999999964,12947.039999999866,2881.0,2026-04-17T09:32:00-04:00,0.3000000000000007,13047.039999999864,2882.0,2026-04-17T09:33:00-04:00,0.3000000000000007,13047.039999999864,2881.0,2026-04-17T09:32:00-04:00,0.3000000000000007,13047.039999999864,3359
2026-04-17,2026-04-20,3,5.0,2026-04-17T09:31:00-04:00,5.0,NDXP  260420P26600000,NDXP  260420P26590000,final_holdout,False,False,0,0,0,2,0,793,available,False,2026-04-17T09:31:00-04:00,2026-04-20T16:00:00-04:00,7.65,-5552.96,0.0,last_observed_quote_not_settlement,3916.0,340,50,6.050000000000011,-2352.960000000022,2026-04-17T09:32:00-04:00,0.0,4.099999999999994,1547.040000000012,2026-04-17T09:33:00-04:00,0.0,5.75,-1752.9599999999994,2026-04-17T09:36:00-04:00,0.0,5.849999999999994,-1952.959999999988,2026-04-17T09:41:00-04:00,0.0,5.299999999999983,-852.9599999999652,2026-04-17T09:46:00-04:00,0.0,4.5,747.0400000000006,2026-04-17T10:01:00-04:00,0.0,4.349999999999994,1047.040000000012,2026-04-17T10:31:00-04:00,0.0,3.1499999999999915,3447.0400000000177,2026-04-17T11:31:00-04:00,0.0,3.1499999999999915,3447.0400000000177,2026-04-17T16:00:00-04:00,0.0,,,2026-04-17T16:15:00-04:00,85500.0,,,2026-04-17T16:15:00-04:00,171900.0,7.65,-5552.96,2026-04-20T16:00:00-04:00,0.0,0.0,hit,0.0,hit,49.0,hit,79.0,hit,218.0,hit,,never_hit,,never_hit,1.0,hit,1.0,hit,13.0,hit,4402.0,hit,4638.0,hit,4688.0,hit,7.549999999999983,25,True,False,False,False,,7.549999999999983,25,True,False,False,False,,,,True,True,True,False,3.75,,,True,True,True,False,3.75,79.0,2026-04-17T10:50:00-04:00,2.8499999999999943,4047.040000000012,126.0,2026-04-17T11:37:00-04:00,2.9000000000000057,3947.0399999999895,180.0,2026-04-17T12:31:00-04:00,2.799999999999997,4147.040000000006,80.0,2026-04-17T10:51:00-04:00,3.4000000000000057,2947.0399999999895,218.0,2026-04-17T13:09:00-04:00,1.8499999999999943,6047.040000000012,,,,,,,,,219.0,2026-04-17T13:10:00-04:00,3.200000000000003,3347.039999999995,,,,,,,,,,,,,,,,,,,,,,,,,,,,,,,,,3360
2026-04-17,2026-04-20,3,6.0,2026-04-17T09:31:00-04:00,6.050000000000011,NDXP  260420P26710000,NDXP  260420P26700000,final_holdout,False,False,0,0,0,22,0,773,available,False,2026-04-17T09:31:00-04:00,2026-04-20T16:00:00-04:00,9.75,-7652.959999999978,0.0,last_observed_quote_not_settlement,3916.0,397,40,6.700000000000017,-1552.9600000000107,2026-04-17T09:32:00-04:00,0.0,6.650000000000034,-1452.9600000000448,2026-04-17T09:33:00-04:00,0.0,6.549999999999983,-1252.9599999999425,2026-04-17T09:36:00-04:00,0.0,6.600000000000023,-1352.960000000022,2026-04-17T09:41:00-04:00,0.0,6.300000000000011,-752.9599999999994,2026-04-17T09:46:00-04:00,0.0,5.899999999999977,47.04000000006892,2026-04-17T10:01:00-04:00,0.0,6.0,-152.95999999997656,2026-04-17T10:31:00-04:00,0.0,5.950000000000017,-52.96000000001066,2026-04-17T11:31:00-04:00,0.0,4.650000000000006,2547.0400000000122,2026-04-17T16:00:00-04:00,0.0,,,2026-04-17T16:15:00-04:00,85500.0,,,2026-04-17T16:15:00-04:00,171900.0,9.75,-7652.959999999978,2026-04-20T16:00:00-04:00,0.0,23.0,hit,40.0,hit,93.0,hit,140.0,hit,140.0,hit,,never_hit,,never_hit,1.0,hit,3.0,hit,3.0,hit,16.0,hit,397.0,hit,4408.0,hit,8.599999999999994,37,True,True,False,False,,8.599999999999994,37,True,True,False,False,,,,True,True,True,False,4.250000000000028,,,True,True,True,False,4.250000000000028,140.0,2026-04-17T11:51:00-04:00,1.8999999999999773,8047.040000000069,,,,,,,,,141.0,2026-04-17T11:52:00-04:00,3.9000000000000057,4047.040000000012,140.0,2026-04-17T11:51:00-04:00,1.8999999999999773,8047.040000000069,,,,,,,,,141.0,2026-04-17T11:52:00-04:00,3.9000000000000057,4047.040000000012,,,,,,,,,,,,,,,,,,,,,,,,,,,,,,,,,3361
2026-04-17,2026-04-20,3,7.0,2026-04-17T09:31:00-04:00,7.099999999999966,NDXP  260420P26790000,NDXP  260420P26780000,final_holdout,False,False,0,0,0,92,0,703,available,False,2026-04-17T09:31:00-04:00,2026-04-20T15:58:00-04:00,10.0,-5952.960000000068,2.0,last_observed_quote_not_settlement,3916.0,297,60,9.5,-5052.960000000069,2026-04-17T09:32:00-04:00,0.0,7.199999999999989,-452.9600000000448,2026-04-17T09:33:00-04:00,0.0,6.650000000000034,647.0399999998642,2026-04-17T09:36:00-04:00,0.0,7.300000000000011,-652.9600000000903,2026-04-17T09:41:00-04:00,0.0,6.850000000000023,247.039999999887,2026-04-17T09:46:00-04:00,0.0,7.200000000000017,-452.9600000001016,2026-04-17T10:01:00-04:00,0.0,7.100000000000023,-252.96000000011298,2026-04-17T10:31:00-04:00,0.0,6.0,1947.0399999999324,2026-04-17T11:31:00-04:00,0.0,6.449999999999989,1047.0399999999552,2026-04-17T16:00:00-04:00,0.0,,,2026-04-17T16:15:00-04:00,85500.0,,,2026-04-17T16:15:00-04:00,171900.0,,,2026-04-20T15:58:00-04:00,120.0,64.0,hit,67.0,hit,92.0,hit,,never_hit,,never_hit,,never_hit,,never_hit,1.0,hit,1.0,hit,0.0,hit,1.0,hit,1.0,hit,1.0,hit,,,True,True,True,False,3.7499999999999716,,,True,True,True,False,3.7499999999999716,,,True,True,True,False,3.7499999999999716,,,True,True,True,False,3.7499999999999716,,,,,,,,,,,,,,,,,,,,,,,,,,,,,,,,,,,,,,,,,,,,,,,,,,,,,,,,,,,,,,,,,3362
2026-04-20,2026-04-22,2,5.0,2026-04-20T09:31:00-04:00,5.0,NDXP  260422P26650000,NDXP  260422P26640000,final_holdout,False,False,0,0,8,7,0,1175,available,False,2026-04-20T09:31:00-04:00,2026-04-22T15:39:00-04:00,0.1,9547.04,21.0,last_observed_quote_not_settlement,1036.0,582,149,5.649999999999977,-1552.9599999999539,2026-04-20T09:32:00-04:00,0.0,4.199999999999989,1347.0400000000234,2026-04-20T09:33:00-04:00,0.0,4.5,747.0400000000006,2026-04-20T09:36:00-04:00,0.0,5.549999999999983,-1352.9599999999652,2026-04-20T09:41:00-04:00,0.0,4.650000000000006,447.03999999998933,2026-04-20T09:46:00-04:00,0.0,3.700000000000017,2347.0399999999668,2026-04-20T10:01:00-04:00,0.0,5.200000000000017,-652.9600000000335,2026-04-20T10:31:00-04:00,0.0,5.550000000000011,-1352.960000000022,2026-04-20T11:31:00-04:00,0.0,5.150000000000006,-552.9600000000107,2026-04-20T16:00:00-04:00,0.0,6.600000000000023,-3452.9600000000446,2026-04-21T16:00:00-04:00,0.0,,,2026-04-22T15:39:00-04:00,1260.0,,,,,0.0,hit,0.0,hit,27.0,hit,1521.0,hit,2924.0,hit,2939.0,hit,3035.0,hit,1.0,hit,9.0,hit,231.0,hit,1656.0,hit,,never_hit,,never_hit,7.400000000000006,320,True,False,False,False,,8.600000000000023,582,True,True,False,False,,8.600000000000023,582,True,True,False,False,,8.600000000000023,582,True,True,False,False,,1521.0,2026-04-21T10:52:00-04:00,2.6000000000000227,4547.039999999955,2910.0,2026-04-22T10:01:00-04:00,2.3999999999999915,4947.040000000018,2911.0,2026-04-22T10:02:00-04:00,2.299999999999997,5147.040000000006,1522.0,2026-04-21T10:53:00-04:00,4.550000000000011,647.0399999999779,2924.0,2026-04-22T10:15:00-04:00,1.8000000000000043,6147.039999999992,2925.0,2026-04-22T10:16:00-04:00,1.6999999999999993,6347.040000000002,2926.0,2026-04-22T10:17:00-04:00,1.6499999999999986,6447.040000000004,2925.0,2026-04-22T10:16:00-04:00,1.6999999999999993,6347.040000000002,2939.0,2026-04-22T10:30:00-04:00,0.8999999999999986,7947.040000000004,2950.0,2026-04-22T10:41:00-04:00,0.8999999999999986,7947.040000000004,2951.0,2026-04-22T10:42:00-04:00,0.9499999999999993,7847.040000000002,2940.0,2026-04-22T10:31:00-04:00,1.1000000000000014,7547.039999999998,3044.0,2026-04-22T12:15:00-04:00,0.4499999999999993,8847.040000000003,3047.0,2026-04-22T12:18:00-04:00,0.4499999999999993,8847.040000000003,3095.0,2026-04-22T13:06:00-04:00,0.2999999999999998,9147.040000000003,3045.0,2026-04-22T12:16:00-04:00,0.5,8747.04,3363
2026-04-20,2026-04-22,2,6.0,2026-04-20T09:31:00-04:00,6.100000000000023,NDXP  260422P26760000,NDXP  260422P26750000,final_holdout,False,False,0,0,5,9,0,1183,available,False,2026-04-20T09:31:00-04:00,2026-04-22T15:54:00-04:00,0.04999999999999999,11847.040000000048,6.0,last_observed_quote_not_settlement,1037.0,661,146,5.650000000000034,647.0399999999779,2026-04-20T09:32:00-04:00,0.0,4.849999999999966,2247.0400000001146,2026-04-20T09:33:00-04:00,0.0,5.300000000000011,1347.0400000000234,2026-04-20T09:36:00-04:00,0.0,5.75,447.0400000000462,2026-04-20T09:41:00-04:00,0.0,5.75,447.0400000000462,2026-04-20T09:46:00-04:00,0.0,5.899999999999977,147.04000000009165,2026-04-20T10:01:00-04:00,0.0,7.100000000000023,-2252.959999999999,2026-04-20T10:31:00-04:00,0.0,7.149999999999977,-2352.959999999908,2026-04-20T11:31:00-04:00,0.0,6.250000000000028,-552.9600000000107,2026-04-20T16:00:00-04:00,0.0,7.050000000000068,-2152.96000000009,2026-04-21T16:00:00-04:00,0.0,,,2026-04-22T15:54:00-04:00,360.0,,,,,2.0,hit,2.0,hit,82.0,hit,2920.0,hit,2993.0,hit,3100.0,hit,3123.0,hit,7.0,hit,7.0,hit,7.0,hit,93.0,hit,1814.0,hit,,never_hit,9.100000000000023,661,True,True,True,True,,9.100000000000023,661,True,True,True,True,,9.100000000000023,661,True,True,True,True,,9.100000000000023,661,True,True,True,True,,2920.0,2026-04-22T10:11:00-04:00,2.1999999999999957,7547.0400000000545,2932.0,2026-04-22T10:23:00-04:00,2.8999999999999986,6147.040000000049,2933.0,2026-04-22T10:24:00-04:00,2.8500000000000014,6247.040000000044,2921.0,2026-04-22T10:12:00-04:00,4.550000000000011,2847.0400000000236,2994.0,2026-04-22T11:25:00-04:00,1.8999999999999986,8147.040000000049,3010.0,2026-04-22T11:41:00-04:00,1.8499999999999979,8247.040000000052,3025.0,2026-04-22T11:56:00-04:00,1.75,8447.040000000046,2995.0,2026-04-22T11:26:00-04:00,2.1999999999999993,7547.040000000047,3101.0,2026-04-22T13:12:00-04:00,0.9000000000000004,10147.040000000046,3112.0,2026-04-22T13:23:00-04:00,0.6500000000000004,10647.040000000046,3113.0,2026-04-22T13:24:00-04:00,0.6999999999999993,10547.040000000048,3102.0,2026-04-22T13:13:00-04:00,0.9500000000000011,10047.040000000045,3152.0,2026-04-22T14:03:00-04:00,0.40000000000000036,11147.040000000046,3153.0,2026-04-22T14:04:00-04:00,0.4499999999999993,11047.040000000048,3191.0,2026-04-22T14:42:00-04:00,0.375,11197.040000000046,3153.0,2026-04-22T14:04:00-04:00,0.4499999999999993,11047.040000000048,3364
2026-04-20,2026-04-22,2,7.0,2026-04-20T09:31:00-04:00,7.0,NDXP  260422P26910000,NDXP  260422P26900000,final_holdout,False,False,0,0,2,18,0,1175,available,False,2026-04-20T09:31:00-04:00,2026-04-22T15:59:00-04:00,0.44999999999999996,12847.04,1.0,last_observed_quote_not_settlement,1036.0,968,137,7.400000000000034,-1052.9600000000676,2026-04-20T09:32:00-04:00,0.0,7.250000000000057,-752.960000000113,2026-04-20T09:33:00-04:00,0.0,5.900000000000034,1947.0399999999324,2026-04-20T09:36:00-04:00,0.0,7.349999999999966,-952.9599999999311,2026-04-20T09:41:00-04:00,0.0,7.399999999999977,-1052.9599999999539,2026-04-20T09:46:00-04:00,0.0,7.199999999999989,-652.9599999999766,2026-04-20T10:01:00-04:00,0.0,7.650000000000034,-1552.9600000000676,2026-04-20T10:31:00-04:00,0.0,8.149999999999977,-2552.9599999999555,2026-04-20T11:31:00-04:00,0.0,7.25,-752.9599999999994,2026-04-20T16:00:00-04:00,0.0,8.199999999999989,-2652.959999999978,2026-04-21T16:00:00-04:00,0.0,,,2026-04-22T15:59:00-04:00,60.0,,,,,1812.0,hit,1812.0,hit,2939.0,hit,2939.0,hit,3261.0,hit,3264.0,hit,3268.0,hit,9.0,hit,19.0,hit,0.0,hit,19.0,hit,76.0,hit,82.0,hit,9.950000000000045,804,True,True,True,True,,9.950000000000045,968,True,True,True,True,,9.950000000000045,968,True,True,True,True,,9.950000000000045,968,True,True,True,True,,2939.0,2026-04-22T10:30:00-04:00,2.9000000000000057,7947.039999999989,3264.0,2026-04-22T15:55:00-04:00,0.975,11797.040000000003,3265.0,2026-04-22T15:56:00-04:00,1.5499999999999998,10647.040000000003,2940.0,2026-04-22T10:31:00-04:00,7.199999999999989,-652.9599999999766,3261.0,2026-04-22T15:52:00-04:00,1.9499999999999997,9847.04,3265.0,2026-04-22T15:56:00-04:00,1.5499999999999998,10647.040000000003,3266.0,2026-04-22T15:57:00-04:00,0.8,12147.04,3262.0,2026-04-22T15:53:00-04:00,3.3000000000000007,7147.039999999999,3266.0,2026-04-22T15:57:00-04:00,0.8,12147.04,3267.0,2026-04-22T15:58:00-04:00,0.8999999999999999,11947.04,3268.0,2026-04-22T15:59:00-04:00,0.44999999999999996,12847.04,3267.0,2026-04-22T15:58:00-04:00,0.8999999999999999,11947.04,3268.0,2026-04-22T15:59:00-04:00,0.44999999999999996,12847.04,,,,,,,,,,,,,3365
2026-04-20,2026-04-23,3,5.0,2026-04-20T09:31:00-04:00,5.050000000000011,NDXP  260423P26740000,NDXP  260423P26730000,final_holdout,False,False,0,0,0,0,0,1605,available,False,2026-04-20T09:31:00-04:00,2026-04-23T16:00:00-04:00,0.0,9847.040000000025,0.0,last_observed_quote_not_settlement,1036.0,769,79,5.449999999999989,-1052.9599999999539,2026-04-20T09:32:00-04:00,0.0,6.0,-2152.9599999999764,2026-04-20T09:33:00-04:00,0.0,4.600000000000023,647.0399999999779,2026-04-20T09:36:00-04:00,0.0,5.300000000000068,-752.960000000113,2026-04-20T09:41:00-04:00,0.0,5.5,-1152.9599999999766,2026-04-20T09:46:00-04:00,0.0,5.099999999999966,-352.95999999990835,2026-04-20T10:01:00-04:00,0.0,6.0,-2152.9599999999764,2026-04-20T10:31:00-04:00,0.0,6.4500000000000455,-3052.9600000000673,2026-04-20T11:31:00-04:00,0.0,5.399999999999977,-952.9599999999311,2026-04-20T16:00:00-04:00,0.0,6.449999999999989,-3052.9599999999537,2026-04-21T16:00:00-04:00,0.0,2.1000000000000014,5647.040000000021,2026-04-22T16:00:00-04:00,0.0,0.0,9847.040000000025,2026-04-23T16:00:00-04:00,0.0,0.0,hit,4.0,hit,1443.0,hit,1443.0,hit,3103.0,hit,4334.0,hit,4334.0,hit,2.0,hit,9.0,hit,88.0,hit,90.0,hit,,never_hit,,never_hit,8.300000000000068,390,True,True,False,False,,8.300000000000068,740,True,True,False,False,,8.300000000000068,740,True,True,False,False,,8.300000000000068,740,True,True,False,False,,1443.0,2026-04-21T09:34:00-04:00,2.650000000000034,4547.039999999955,3036.0,2026-04-22T12:07:00-04:00,2.9499999999999886,3947.0400000000463,3101.0,2026-04-22T13:12:00-04:00,2.700000000000017,4447.039999999989,1444.0,2026-04-21T09:35:00-04:00,5.250000000000028,-652.9600000000335,3103.0,2026-04-22T13:14:00-04:00,1.1500000000000057,7547.040000000012,3272.0,2026-04-22T16:03:00-04:00,1.8000000000000114,6247.040000000001,3273.0,2026-04-22T16:04:00-04:00,1.7999999999999972,6247.040000000029,3104.0,2026-04-22T13:15:00-04:00,2.75,4347.040000000024,4334.0,2026-04-23T09:45:00-04:00,0.0,9847.040000000025,4402.0,2026-04-23T10:53:00-04:00,0.9499999999999993,7947.0400000000245,4403.0,2026-04-23T10:54:00-04:00,0.75,8347.040000000025,4335.0,2026-04-23T09:46:00-04:00,1.5,6847.040000000024,4334.0,2026-04-23T09:45:00-04:00,0.0,9847.040000000025,4421.0,2026-04-23T11:12:00-04:00,0.40000000000000036,9047.040000000023,4422.0,2026-04-23T11:13:00-04:00,0.34999999999999964,9147.040000000025,4335.0,2026-04-23T09:46:00-04:00,1.5,6847.040000000024,3366
2026-04-20,2026-04-23,3,6.0,2026-04-20T09:31:00-04:00,6.050000000000011,NDXP  260423P26930000,NDXP  260423P26920000,final_holdout,False,False,0,0,3,20,0,1579,available,False,2026-04-20T09:31:00-04:00,2026-04-23T16:00:00-04:00,10.0,-8052.959999999977,0.0,last_observed_quote_not_settlement,1037.0,1019,97,6.800000000000011,-1752.9599999999994,2026-04-20T09:32:00-04:00,0.0,6.699999999999989,-1552.9599999999539,2026-04-20T09:33:00-04:00,0.0,6.250000000000057,-652.9600000000903,2026-04-20T09:36:00-04:00,0.0,7.050000000000068,-2252.960000000113,2026-04-20T09:41:00-04:00,0.0,7.149999999999977,-2452.959999999931,2026-04-20T09:46:00-04:00,0.0,7.0,-2152.9599999999764,2026-04-20T10:01:00-04:00,0.0,6.5,-1152.9599999999766,2026-04-20T10:31:00-04:00,0.0,7.750000000000057,-3652.96000000009,2026-04-20T11:31:00-04:00,0.0,8.300000000000011,-4752.960000000001,2026-04-20T16:00:00-04:00,0.0,8.050000000000011,-4252.960000000001,2026-04-21T16:00:00-04:00,0.0,4.3500000000000085,3147.0400000000063,2026-04-22T16:00:00-04:00,0.0,10.0,-8052.959999999977,2026-04-23T16:00:00-04:00,0.0,268.0,hit,268.0,hit,3261.0,hit,3278.0,hit,4341.0,hit,,never_hit,,never_hit,1.0,hit,6.0,hit,6.0,hit,8.0,hit,97.0,hit,4554.0,hit,9.450000000000045,852,True,True,True,True,,9.450000000000045,854,True,True,True,True,,,,True,True,True,False,4.3500000000000085,,,True,True,True,False,4.3500000000000085,3278.0,2026-04-22T16:09:00-04:00,2.200000000000003,7447.040000000018,4422.0,2026-04-23T11:13:00-04:00,2.8500000000000014,6147.040000000021,4423.0,2026-04-23T11:14:00-04:00,2.75,6347.040000000024,3279.0,2026-04-22T16:10:00-04:00,3.6999999999999886,4447.040000000046,4341.0,2026-04-23T09:52:00-04:00,1.8500000000000085,8147.040000000007,,,,,,,,,4342.0,2026-04-23T09:53:00-04:00,4.299999999999983,3247.0400000000577,,,,,,,,,,,,,,,,,,,,,,,,,,,,,,,,,3367
2026-04-20,2026-04-23,3,7.0,2026-04-20T09:31:00-04:00,7.000000000000057,NDXP  260423P26970000,NDXP  260423P26960000,final_holdout,False,False,0,0,3,21,0,1581,available,False,2026-04-20T09:31:00-04:00,2026-04-23T16:00:00-04:00,10.0,-6152.959999999886,0.0,last_observed_quote_not_settlement,1037.0,954,134,6.649999999999977,447.04000000015986,2026-04-20T09:32:00-04:00,0.0,6.349999999999966,1047.0400000001825,2026-04-20T09:33:00-04:00,0.0,6.9500000000000455,-152.95999999997656,2026-04-20T09:36:00-04:00,0.0,7.2999999999999545,-852.9599999997947,2026-04-20T09:41:00-04:00,0.0,7.249999999999943,-752.959999999772,2026-04-20T09:46:00-04:00,0.0,7.150000000000034,-552.9599999999539,2026-04-20T10:01:00-04:00,0.0,7.600000000000023,-1452.9599999999311,2026-04-20T10:31:00-04:00,0.0,7.75,-1752.9599999998857,2026-04-20T11:31:00-04:00,0.0,6.850000000000023,47.04000000006892,2026-04-20T16:00:00-04:00,0.0,8.35000000000008,-2952.9600000000464,2026-04-21T16:00:00-04:00,0.0,5.499999999999986,2747.0400000001428,2026-04-22T16:00:00-04:00,0.0,10.0,-6152.959999999886,2026-04-23T16:00:00-04:00,0.0,1693.0,hit,1693.0,hit,1839.0,hit,1839.0,hit,1839.0,hit,1839.0,hit,1839.0,hit,8.0,hit,8.0,hit,0.0,hit,8.0,hit,85.0,hit,85.0,hit,9.950000000000045,720,True,True,True,True,,9.950000000000045,720,True,True,True,True,,9.950000000000045,720,True,True,True,True,,9.950000000000045,720,True,True,True,True,,1839.0,2026-04-21T16:10:00-04:00,0.30000000000001137,13147.040000000092,,,,,,,,,1840.0,2026-04-21T16:11:00-04:00,7.600000000000023,-1452.9599999999311,1839.0,2026-04-21T16:10:00-04:00,0.30000000000001137,13147.040000000092,,,,,,,,,1840.0,2026-04-21T16:11:00-04:00,7.600000000000023,-1452.9599999999311,1839.0,2026-04-21T16:10:00-04:00,0.30000000000001137,13147.040000000092,,,,,,,,,1840.0,2026-04-21T16:11:00-04:00,7.600000000000023,-1452.9599999999311,1839.0,2026-04-21T16:10:00-04:00,0.30000000000001137,13147.040000000092,,,,,,,,,1840.0,2026-04-21T16:11:00-04:00,7.600000000000023,-1452.9599999999311,3368
2026-04-21,2026-04-23,2,5.0,2026-04-21T09:31:00-04:00,5.049999999999983,NDXP  260423P26710000,NDXP  260423P26700000,final_holdout,False,False,0,0,2,0,0,1197,available,False,2026-04-21T09:31:00-04:00,2026-04-23T15:57:00-04:00,0.17499999999999993,9497.039999999968,3.0,last_observed_quote_not_settlement,1036.0,340,66,5.5,-1152.9600000000335,2026-04-21T09:32:00-04:00,0.0,5.400000000000006,-952.9600000000448,2026-04-21T09:33:00-04:00,0.0,5.300000000000011,-752.9600000000562,2026-04-21T09:36:00-04:00,0.0,6.099999999999994,-2352.960000000022,2026-04-21T09:41:00-04:00,0.0,5.400000000000006,-952.9600000000448,2026-04-21T09:46:00-04:00,0.0,4.599999999999994,647.0399999999779,2026-04-21T10:01:00-04:00,0.0,4.150000000000006,1547.0399999999552,2026-04-21T10:31:00-04:00,0.0,5.55000000000004,-1252.960000000113,2026-04-21T11:31:00-04:00,0.0,6.2000000000000455,-2552.960000000124,2026-04-21T16:00:00-04:00,0.0,1.9500000000000028,5947.039999999961,2026-04-22T16:00:00-04:00,0.0,,,2026-04-23T15:57:00-04:00,180.0,,,,,0.0,hit,13.0,hit,57.0,hit,403.0,hit,1760.0,hit,2897.0,hit,2964.0,hit,6.0,hit,10.0,hit,170.0,hit,,never_hit,,never_hit,,never_hit,7.599999999999966,323,True,False,False,False,,7.599999999999966,327,True,False,False,False,,7.599999999999966,327,True,False,False,False,,7.599999999999966,327,True,False,False,False,,1495.0,2026-04-22T10:26:00-04:00,2.9000000000000057,4047.0399999999554,1498.0,2026-04-22T10:29:00-04:00,2.75,4347.039999999966,1499.0,2026-04-22T10:30:00-04:00,2.8500000000000085,4147.03999999995,1496.0,2026-04-22T10:27:00-04:00,3.0500000000000114,3747.039999999944,1820.0,2026-04-22T15:51:00-04:00,1.8999999999999915,6047.039999999984,1826.0,2026-04-22T15:57:00-04:00,1.8500000000000014,6147.039999999964,1827.0,2026-04-22T15:58:00-04:00,1.7999999999999972,6247.039999999973,1821.0,2026-04-22T15:52:00-04:00,2.0,5847.039999999966,2898.0,2026-04-23T09:49:00-04:00,0.8500000000000014,8147.039999999964,2956.0,2026-04-23T10:47:00-04:00,0.7999999999999989,8247.03999999997,2957.0,2026-04-23T10:48:00-04:00,0.7499999999999982,8347.039999999972,2899.0,2026-04-23T09:50:00-04:00,1.0,7847.039999999966,2967.0,2026-04-23T10:58:00-04:00,0.39999999999999947,9047.039999999968,2968.0,2026-04-23T10:59:00-04:00,0.4499999999999993,8947.039999999968,2975.0,2026-04-23T11:06:00-04:00,0.2500000000000009,9347.039999999966,2968.0,2026-04-23T10:59:00-04:00,0.4499999999999993,8947.039999999968,3369
2026-04-21,2026-04-23,2,6.0,2026-04-21T09:31:00-04:00,5.950000000000017,NDXP  260423P26720000,NDXP  260423P26710000,final_holdout,False,False,0,0,3,0,0,1197,available,False,2026-04-21T09:31:00-04:00,2026-04-23T15:57:00-04:00,0.3500000000000001,10947.040000000035,3.0,last_observed_quote_not_settlement,1036.0,121,92,5.550000000000011,547.040000000012,2026-04-21T09:32:00-04:00,0.0,5.5,647.0400000000348,2026-04-21T09:33:00-04:00,0.0,6.050000000000011,-452.95999999998793,2026-04-21T09:36:00-04:00,0.0,4.549999999999983,2547.040000000069,2026-04-21T09:41:00-04:00,0.0,5.5,647.0400000000348,2026-04-21T09:46:00-04:00,0.0,3.6500000000000057,4347.040000000024,2026-04-21T10:01:00-04:00,0.0,4.699999999999989,2247.0400000000577,2026-04-21T10:31:00-04:00,0.0,5.549999999999983,547.0400000000689,2026-04-21T11:31:00-04:00,0.0,6.899999999999977,-2152.9599999999195,2026-04-21T16:00:00-04:00,0.0,1.9499999999999957,7747.040000000044,2026-04-22T16:00:00-04:00,0.0,,,2026-04-23T15:57:00-04:00,180.0,,,,,2.0,hit,10.0,hit,30.0,hit,1496.0,hit,1564.0,hit,2897.0,hit,2967.0,hit,3.0,hit,3.0,hit,3.0,hit,3.0,hit,,never_hit,,never_hit,8.299999999999983,104,True,True,False,False,,8.299999999999983,104,True,True,False,False,,8.299999999999983,104,True,True,False,False,,8.299999999999983,104,True,True,False,False,,1498.0,2026-04-22T10:29:00-04:00,2.9000000000000057,5847.040000000024,1499.0,2026-04-22T10:30:00-04:00,2.799999999999983,6047.040000000069,1500.0,2026-04-22T10:31:00-04:00,2.9000000000000057,5847.040000000024,1499.0,2026-04-22T10:30:00-04:00,2.799999999999983,6047.040000000069,1564.0,2026-04-22T11:35:00-04:00,1.6500000000000057,8347.040000000025,1829.0,2026-04-22T16:00:00-04:00,1.9499999999999957,7747.040000000044,1833.0,2026-04-22T16:04:00-04:00,1.7000000000000028,8247.04000000003,1565.0,2026-04-22T11:36:00-04:00,2.8499999999999943,5947.040000000046,2955.0,2026-04-23T10:46:00-04:00,0.9000000000000004,9847.040000000035,2958.0,2026-04-23T10:49:00-04:00,0.9000000000000004,9847.040000000035,2959.0,2026-04-23T10:50:00-04:00,0.8999999999999986,9847.040000000039,2956.0,2026-04-23T10:47:00-04:00,1.0,9647.040000000035,2968.0,2026-04-23T10:59:00-04:00,0.40000000000000036,10847.040000000035,2980.0,2026-04-23T11:11:00-04:00,0.34999999999999964,10947.040000000037,2981.0,2026-04-23T11:12:00-04:00,0.3000000000000007,11047.040000000034,2969.0,2026-04-23T11:00:00-04:00,0.5499999999999998,10547.040000000035,3370
2026-04-21,2026-04-23,2,7.0,2026-04-21T09:31:00-04:00,7.0,NDXP  260423P26910000,NDXP  260423P26900000,final_holdout,False,False,0,0,1,14,0,1185,available,False,2026-04-21T09:31:00-04:00,2026-04-23T15:58:00-04:00,9.550000000000011,-5352.960000000024,2.0,last_observed_quote_not_settlement,1036.0,475,142,7.900000000000034,-2052.9600000000673,2026-04-21T09:32:00-04:00,0.0,6.850000000000023,47.039999999955235,2026-04-21T09:33:00-04:00,0.0,7.25,-752.9599999999994,2026-04-21T09:36:00-04:00,0.0,7.149999999999977,-552.9599999999539,2026-04-21T09:41:00-04:00,0.0,7.199999999999989,-652.9599999999766,2026-04-21T09:46:00-04:00,0.0,6.25,1247.0400000000006,2026-04-21T10:01:00-04:00,0.0,6.449999999999989,847.0400000000234,2026-04-21T10:31:00-04:00,0.0,7.850000000000023,-1952.9600000000448,2026-04-21T11:31:00-04:00,0.0,7.900000000000034,-2052.9600000000673,2026-04-21T16:00:00-04:00,0.0,3.950000000000017,5847.039999999966,2026-04-22T16:00:00-04:00,0.0,,,2026-04-23T15:58:00-04:00,120.0,,,,,41.0,hit,1506.0,hit,1509.0,hit,1678.0,hit,1745.0,hit,,never_hit,,never_hit,1.0,hit,78.0,hit,0.0,hit,78.0,hit,93.0,hit,2887.0,hit,9.400000000000091,314,True,True,True,True,,9.400000000000091,314,True,True,True,True,,,,True,True,True,False,5.450000000000017,,,True,True,True,False,5.450000000000017,1678.0,2026-04-22T13:29:00-04:00,2.25,9247.04,1749.0,2026-04-22T14:40:00-04:00,2.500000000000014,8747.039999999974,1750.0,2026-04-22T14:41:00-04:00,2.0999999999999943,9547.040000000014,1679.0,2026-04-22T13:30:00-04:00,3.0,7747.040000000001,1745.0,2026-04-22T14:36:00-04:00,1.549999999999983,10647.040000000035,2994.0,2026-04-23T11:25:00-04:00,1.8999999999999986,9947.040000000005,2995.0,2026-04-23T11:26:00-04:00,1.75,10247.04,1746.0,2026-04-22T14:37:00-04:00,2.9999999999999716,7747.040000000057,,,,,,,,,,,,,,,,,,,,,,,,,,,,,,,,,3371
2026-04-21,2026-04-24,3,5.0,2026-04-21T09:31:00-04:00,4.9500000000000455,NDXP  260424P26900000,NDXP  260424P26890000,final_holdout,False,False,0,0,38,1,0,1547,available,False,2026-04-21T09:31:00-04:00,2026-04-24T15:16:00-04:00,0.07500000000000001,9497.040000000092,44.0,last_observed_quote_not_settlement,1036.0,714,162,7.250000000000057,-4852.960000000022,2026-04-21T09:32:00-04:00,0.0,5.399999999999977,-1152.959999999863,2026-04-21T09:33:00-04:00,0.0,6.599999999999966,-3552.95999999984,2026-04-21T09:36:00-04:00,0.0,6.600000000000023,-3552.9599999999537,2026-04-21T09:41:00-04:00,0.0,6.5499999999999545,-3452.9599999998172,2026-04-21T09:46:00-04:00,0.0,7.0499999999999545,-4452.959999999817,2026-04-21T10:01:00-04:00,0.0,6.150000000000034,-2652.9599999999764,2026-04-21T10:31:00-04:00,0.0,6.699999999999989,-3752.9599999998854,2026-04-21T11:31:00-04:00,0.0,7.199999999999989,-4752.959999999885,2026-04-21T16:00:00-04:00,0.0,3.950000000000017,1747.0400000000575,2026-04-22T16:00:00-04:00,0.0,6.099999999999994,-2552.959999999897,2026-04-23T16:00:00-04:00,0.0,,,2026-04-24T15:16:00-04:00,2640.0,0.0,hit,0.0,hit,108.0,hit,108.0,hit,2888.0,hit,2888.0,hit,4410.0,hit,1.0,hit,1.0,hit,1.0,hit,6.0,hit,8.0,hit,74.0,hit,9.600000000000023,103,True,True,True,True,,9.600000000000023,517,True,True,True,True,,9.600000000000023,517,True,True,True,True,,9.600000000000023,714,True,True,True,True,,108.0,2026-04-21T11:19:00-04:00,2.749999999999943,4147.0400000002055,3003.0,2026-04-23T11:34:00-04:00,2.8999999999999773,3847.0400000001373,3004.0,2026-04-23T11:35:00-04:00,2.9499999999999886,3747.0400000001146,109.0,2026-04-21T11:20:00-04:00,6.649999999999977,-3652.9599999998627,2888.0,2026-04-23T09:39:00-04:00,0.6500000000000057,8347.04000000008,4324.0,2026-04-24T09:35:00-04:00,1.7999999999999972,6047.040000000097,4328.0,2026-04-24T09:39:00-04:00,1.5,6647.040000000092,2889.0,2026-04-23T09:40:00-04:00,7.5499999999999545,-5452.959999999817,2888.0,2026-04-23T09:39:00-04:00,0.6500000000000057,8347.04000000008,4394.0,2026-04-24T10:45:00-04:00,0.8500000000000014,7947.040000000089,4395.0,2026-04-24T10:46:00-04:00,0.9499999999999993,7747.040000000093,2889.0,2026-04-23T09:40:00-04:00,7.5499999999999545,-5452.959999999817,4424.0,2026-04-24T11:15:00-04:00,0.39999999999999947,8847.040000000094,4433.0,2026-04-24T11:24:00-04:00,0.40000000000000036,8847.040000000092,4434.0,2026-04-24T11:25:00-04:00,0.34999999999999964,8947.040000000094,4425.0,2026-04-24T11:16:00-04:00,0.5,8647.040000000092,3372
2026-04-21,2026-04-24,3,6.0,2026-04-21T09:31:00-04:00,5.949999999999989,NDXP  260424P26830000,NDXP  260424P26820000,final_holdout,False,False,0,0,22,15,0,1532,available,False,2026-04-21T09:31:00-04:00,2026-04-24T15:21:00-04:00,0.025000000000000022,11597.039999999979,39.0,last_observed_quote_not_settlement,1036.0,313,112,6.0,-352.96000000002203,2026-04-21T09:32:00-04:00,0.0,6.149999999999977,-652.9599999999766,2026-04-21T09:33:00-04:00,0.0,6.899999999999977,-2152.9599999999764,2026-04-21T09:36:00-04:00,0.0,5.149999999999977,1347.0400000000234,2026-04-21T09:41:00-04:00,0.0,6.099999999999909,-552.9599999998402,2026-04-21T09:46:00-04:00,0.0,6.600000000000023,-1552.9600000000676,2026-04-21T10:01:00-04:00,0.0,5.449999999999989,747.0400000000006,2026-04-21T10:31:00-04:00,0.0,4.800000000000068,2047.0399999998417,2026-04-21T11:31:00-04:00,0.0,7.5,-3352.960000000022,2026-04-21T16:00:00-04:00,0.0,3.4000000000000057,4847.039999999966,2026-04-22T16:00:00-04:00,0.0,4.950000000000017,1747.0399999999438,2026-04-23T16:00:00-04:00,0.0,,,2026-04-24T15:21:00-04:00,2340.0,10.0,hit,20.0,hit,52.0,hit,1545.0,hit,4320.0,hit,4328.0,hit,4393.0,hit,5.0,hit,19.0,hit,93.0,hit,224.0,hit,,never_hit,,never_hit,8.400000000000034,296,True,True,False,False,,8.400000000000034,313,True,True,False,False,,8.400000000000034,313,True,True,False,False,,8.400000000000034,313,True,True,False,False,,1545.0,2026-04-22T11:16:00-04:00,2.8999999999999773,5847.040000000024,1837.0,2026-04-22T16:08:00-04:00,2.8999999999999773,5847.040000000024,1838.0,2026-04-22T16:09:00-04:00,2.8499999999999943,5947.039999999989,1546.0,2026-04-22T11:17:00-04:00,4.300000000000011,3047.0399999999554,4320.0,2026-04-24T09:31:00-04:00,1.5,8647.039999999979,4321.0,2026-04-24T09:32:00-04:00,1.3500000000000014,8947.039999999975,4322.0,2026-04-24T09:33:00-04:00,1.4000000000000021,8847.039999999975,4321.0,2026-04-24T09:32:00-04:00,1.3500000000000014,8947.039999999975,4328.0,2026-04-24T09:39:00-04:00,0.9000000000000021,9847.039999999975,4329.0,2026-04-24T09:40:00-04:00,0.8500000000000014,9947.039999999975,4330.0,2026-04-24T09:41:00-04:00,0.8000000000000007,10047.039999999977,4329.0,2026-04-24T09:40:00-04:00,0.8500000000000014,9947.039999999975,4396.0,2026-04-24T10:47:00-04:00,0.35000000000000053,10947.039999999977,4402.0,2026-04-24T10:53:00-04:00,0.40000000000000036,10847.039999999979,4403.0,2026-04-24T10:54:00-04:00,0.2999999999999998,11047.039999999979,4397.0,2026-04-24T10:48:00-04:00,0.4500000000000002,10747.039999999979,3373
2026-04-21,2026-04-24,3,7.0,2026-04-21T09:31:00-04:00,7.0499999999999545,NDXP  260424P27280000,NDXP  260424P27270000,final_holdout,False,False,0,0,4,85,0,1515,available,False,2026-04-21T09:31:00-04:00,2026-04-24T15:59:00-04:00,0.10000000000000003,13647.03999999991,1.0,last_observed_quote_not_settlement,1037.0,1200,66,9.0,-4152.960000000092,2026-04-21T09:32:00-04:00,0.0,8.149999999999864,-2452.959999999819,2026-04-21T09:33:00-04:00,0.0,9.500000000000114,-5152.960000000319,2026-04-21T09:36:00-04:00,0.0,8.949999999999932,-4052.9599999999555,2026-04-21T09:41:00-04:00,0.0,8.450000000000045,-3052.960000000183,2026-04-21T09:46:00-04:00,0.0,,,2026-04-21T10:00:00-04:00,60.0,,,2026-04-21T10:29:00-04:00,120.0,9.200000000000045,-4552.960000000183,2026-04-21T11:31:00-04:00,0.0,9.299999999999955,-4752.960000000001,2026-04-21T16:00:00-04:00,0.0,8.399999999999977,-2952.9600000000464,2026-04-22T16:00:00-04:00,0.0,9.900000000000034,-5952.96000000016,2026-04-23T16:00:00-04:00,0.0,,,2026-04-24T15:59:00-04:00,60.0,4460.0,hit,4460.0,hit,4470.0,hit,4495.0,hit,4535.0,hit,4706.0,hit,4707.0,hit,1.0,hit,1.0,hit,0.0,hit,1.0,hit,1.0,hit,5.0,hit,10.0,1176,True,True,True,True,,10.0,1184,True,True,True,True,,10.0,1200,True,True,True,True,,10.0,1200,True,True,True,True,,4495.0,2026-04-24T12:26:00-04:00,2.8499999999999943,8147.039999999922,4603.0,2026-04-24T14:14:00-04:00,2.3999999999999986,9047.039999999914,4664.0,2026-04-24T15:15:00-04:00,2.4499999999999993,8947.039999999912,4496.0,2026-04-24T12:27:00-04:00,5.0,3847.03999999991,4535.0,2026-04-24T13:06:00-04:00,1.8999999999999915,10047.039999999928,4705.0,2026-04-24T15:56:00-04:00,1.3499999999999999,11147.039999999912,4706.0,2026-04-24T15:57:00-04:00,0.7749999999999999,12297.03999999991,4536.0,2026-04-24T13:07:00-04:00,4.25,5347.03999999991,4706.0,2026-04-24T15:57:00-04:00,0.7749999999999999,12297.03999999991,4707.0,2026-04-24T15:58:00-04:00,0.47500000000000003,12897.03999999991,4708.0,2026-04-24T15:59:00-04:00,0.10000000000000003,13647.03999999991,4707.0,2026-04-24T15:58:00-04:00,0.47500000000000003,12897.03999999991,4708.0,2026-04-24T15:59:00-04:00,0.10000000000000003,13647.03999999991,,,,,,,,,,,,,3374
2026-04-22,2026-04-24,2,5.0,2026-04-22T09:31:00-04:00,5.099999999999994,NDXP  260424P26850000,NDXP  260424P26840000,final_holdout,False,False,0,0,36,26,0,1127,available,False,2026-04-22T09:31:00-04:00,2026-04-24T15:38:00-04:00,0.0,9947.03999999999,22.0,last_observed_quote_not_settlement,1036.0,166,77,5.25,-552.9600000000107,2026-04-22T09:32:00-04:00,0.0,5.899999999999949,-1852.9599999999084,2026-04-22T09:33:00-04:00,0.0,5.850000000000023,-1752.9600000000562,2026-04-22T09:36:00-04:00,0.0,6.149999999999977,-2352.959999999965,2026-04-22T09:41:00-04:00,0.0,4.949999999999989,47.04000000001208,2026-04-22T09:46:00-04:00,0.0,5.449999999999989,-952.959999999988,2026-04-22T10:01:00-04:00,0.0,4.150000000000034,1647.039999999921,2026-04-22T10:31:00-04:00,0.0,4.199999999999989,1547.040000000012,2026-04-22T11:31:00-04:00,0.0,3.450000000000017,3047.0399999999554,2026-04-22T16:00:00-04:00,0.0,5.299999999999983,-652.9599999999766,2026-04-23T16:00:00-04:00,0.0,,,2026-04-24T15:38:00-04:00,1320.0,,,,,0.0,hit,15.0,hit,33.0,hit,40.0,hit,56.0,hit,2888.0,hit,2956.0,hit,2.0,hit,10.0,hit,1696.0,hit,,never_hit,,never_hit,,never_hit,6.5,34,False,False,False,False,,6.5,36,False,False,False,False,,7.300000000000011,166,True,False,False,False,,7.300000000000011,166,True,False,False,False,,40.0,2026-04-22T10:11:00-04:00,2.8500000000000227,4247.039999999944,1528.0,2026-04-23T10:59:00-04:00,2.9000000000000057,4147.039999999978,1537.0,2026-04-23T11:08:00-04:00,2.9499999999999886,4047.040000000012,41.0,2026-04-22T10:12:00-04:00,3.8500000000000227,2247.039999999944,56.0,2026-04-22T10:27:00-04:00,1.6000000000000227,6747.039999999944,2881.0,2026-04-24T09:32:00-04:00,1.5500000000000043,6847.039999999981,2882.0,2026-04-24T09:33:00-04:00,1.4000000000000021,7147.039999999985,57.0,2026-04-22T10:28:00-04:00,3.4000000000000057,3147.039999999978,2890.0,2026-04-24T09:41:00-04:00,0.9499999999999975,8047.0399999999945,2891.0,2026-04-24T09:42:00-04:00,0.9000000000000021,8147.039999999985,2923.0,2026-04-24T10:14:00-04:00,0.75,8447.03999999999,2891.0,2026-04-24T09:42:00-04:00,0.9000000000000021,8147.039999999985,2962.0,2026-04-24T10:53:00-04:00,0.39999999999999947,9147.039999999992,2967.0,2026-04-24T10:58:00-04:00,0.39999999999999947,9147.039999999992,2968.0,2026-04-24T10:59:00-04:00,0.39999999999999947,9147.039999999992,2963.0,2026-04-24T10:54:00-04:00,0.4500000000000002,9047.03999999999,3375
2026-04-22,2026-04-24,2,6.0,2026-04-22T09:31:00-04:00,6.000000000000057,NDXP  260424P26900000,NDXP  260424P26890000,final_holdout,False,False,0,0,38,1,0,1142,available,False,2026-04-22T09:31:00-04:00,2026-04-24T15:16:00-04:00,0.07500000000000001,11597.040000000115,44.0,last_observed_quote_not_settlement,1036.0,108,77,6.050000000000011,-352.95999999990835,2026-04-22T09:32:00-04:00,0.0,6.350000000000023,-952.9599999999311,2026-04-22T09:33:00-04:00,0.0,6.699999999999989,-1652.959999999863,2026-04-22T09:36:00-04:00,0.0,6.75,-1752.9599999998857,2026-04-22T09:41:00-04:00,0.0,6.5,-1252.9599999998857,2026-04-22T09:46:00-04:00,0.0,5.75,247.04000000011436,2026-04-22T10:01:00-04:00,0.0,4.549999999999983,2647.0400000001487,2026-04-22T10:31:00-04:00,0.0,3.950000000000017,3847.0400000000805,2026-04-22T11:31:00-04:00,0.0,3.950000000000017,3847.0400000000805,2026-04-22T16:00:00-04:00,0.0,6.099999999999994,-452.95999999987424,2026-04-23T16:00:00-04:00,0.0,,,2026-04-24T15:16:00-04:00,2640.0,,,,,45.0,hit,46.0,hit,46.0,hit,63.0,hit,1448.0,hit,1448.0,hit,2970.0,hit,3.0,hit,6.0,hit,6.0,hit,293.0,hit,,never_hit,,never_hit,7.150000000000034,29,True,False,False,False,,8.25,34,True,True,False,False,,8.25,34,True,True,False,False,,8.25,108,True,True,False,False,,63.0,2026-04-22T10:34:00-04:00,2.8000000000000114,6147.040000000092,1563.0,2026-04-23T11:34:00-04:00,2.8999999999999773,5947.04000000016,1564.0,2026-04-23T11:35:00-04:00,2.9499999999999886,5847.040000000137,64.0,2026-04-22T10:35:00-04:00,4.199999999999989,3347.0400000001373,1448.0,2026-04-23T09:39:00-04:00,0.6500000000000057,10447.040000000105,2884.0,2026-04-24T09:35:00-04:00,1.7999999999999972,8147.04000000012,2888.0,2026-04-24T09:39:00-04:00,1.5,8747.040000000115,1449.0,2026-04-23T09:40:00-04:00,7.5499999999999545,-3352.9599999997945,1448.0,2026-04-23T09:39:00-04:00,0.6500000000000057,10447.040000000105,2954.0,2026-04-24T10:45:00-04:00,0.8500000000000014,10047.040000000112,2955.0,2026-04-24T10:46:00-04:00,0.9499999999999993,9847.040000000117,1449.0,2026-04-23T09:40:00-04:00,7.5499999999999545,-3352.9599999997945,2984.0,2026-04-24T11:15:00-04:00,0.39999999999999947,10947.040000000115,2993.0,2026-04-24T11:24:00-04:00,0.40000000000000036,10947.040000000114,2994.0,2026-04-24T11:25:00-04:00,0.34999999999999964,11047.040000000115,2985.0,2026-04-24T11:16:00-04:00,0.5,10747.040000000115,3376
2026-04-22,2026-04-24,2,7.0,2026-04-22T09:31:00-04:00,6.849999999999966,NDXP  260424P27030000,NDXP  260424P27020000,final_holdout,False,False,0,0,30,16,0,1150,available,False,2026-04-22T09:31:00-04:00,2026-04-24T15:27:00-04:00,0.0,13447.039999999934,33.0,last_observed_quote_not_settlement,1036.0,225,56,7.199999999999989,-952.9600000000448,2026-04-22T09:32:00-04:00,0.0,7.649999999999977,-1852.960000000022,2026-04-22T09:33:00-04:00,0.0,7.699999999999989,-1952.9600000000448,2026-04-22T09:36:00-04:00,0.0,7.900000000000034,-2352.9600000001356,2026-04-22T09:41:00-04:00,0.0,7.400000000000034,-1352.9600000001358,2026-04-22T09:46:00-04:00,0.0,7.399999999999977,-1352.960000000022,2026-04-22T10:01:00-04:00,0.0,5.650000000000034,2147.0399999998644,2026-04-22T10:31:00-04:00,0.0,5.75,1947.0399999999324,2026-04-22T11:31:00-04:00,0.0,4.949999999999989,3547.0399999999554,2026-04-22T16:00:00-04:00,0.0,7.649999999999977,-1852.960000000022,2026-04-23T16:00:00-04:00,0.0,,,2026-04-24T15:27:00-04:00,1980.0,,,,,59.0,hit,59.0,hit,399.0,hit,1697.0,hit,1697.0,hit,1697.0,hit,1697.0,hit,2.0,hit,3.0,hit,1.0,hit,3.0,hit,21.0,hit,1669.0,hit,9.899999999999977,89,True,True,True,True,,9.899999999999977,89,True,True,True,True,,9.899999999999977,89,True,True,True,True,,9.899999999999977,89,True,True,True,True,,1697.0,2026-04-23T13:48:00-04:00,0.0,13447.039999999934,2891.0,2026-04-24T09:42:00-04:00,2.9000000000000057,7647.039999999921,2923.0,2026-04-24T10:14:00-04:00,2.6000000000000014,8247.03999999993,,,,,1697.0,2026-04-23T13:48:00-04:00,0.0,13447.039999999934,2966.0,2026-04-24T10:57:00-04:00,1.6499999999999986,10147.039999999935,2967.0,2026-04-24T10:58:00-04:00,1.5,10447.039999999934,,,,,1697.0,2026-04-23T13:48:00-04:00,0.0,13447.039999999934,3001.0,2026-04-24T11:32:00-04:00,0.8500000000000014,11747.03999999993,3002.0,2026-04-24T11:33:00-04:00,0.9499999999999993,11547.039999999935,,,,,1697.0,2026-04-23T13:48:00-04:00,0.0,13447.039999999934,3056.0,2026-04-24T12:27:00-04:00,0.39999999999999947,12647.039999999934,3057.0,2026-04-24T12:28:00-04:00,0.40000000000000036,12647.039999999932,,,,,3377
2026-04-24,2026-04-27,3,5.0,2026-04-24T09:31:00-04:00,5.0,NDXP  260427P27140000,NDXP  260427P27130000,final_holdout,False,False,0,0,3,0,0,776,available,False,2026-04-24T09:31:00-04:00,2026-04-27T15:41:00-04:00,0.10000000000000006,9547.04,19.0,last_observed_quote_not_settlement,3916.0,31,24,4.700000000000017,347.0399999999666,2026-04-24T09:32:00-04:00,0.0,5.0,-252.9599999999993,2026-04-24T09:33:00-04:00,0.0,5.25,-752.9599999999994,2026-04-24T09:36:00-04:00,0.0,5.350000000000023,-952.9600000000448,2026-04-24T09:41:00-04:00,0.0,4.750000000000028,247.03999999994383,2026-04-24T09:46:00-04:00,0.0,3.0,3747.040000000001,2026-04-24T10:01:00-04:00,0.0,5.549999999999983,-1352.9599999999652,2026-04-24T10:31:00-04:00,0.0,3.5999999999999943,2547.0400000000122,2026-04-24T11:31:00-04:00,0.0,2.8999999999999915,3947.0400000000177,2026-04-24T16:00:00-04:00,0.0,,,2026-04-24T16:15:00-04:00,85500.0,,,2026-04-24T16:15:00-04:00,171900.0,,,2026-04-27T15:41:00-04:00,1140.0,0.0,hit,0.0,hit,30.0,hit,30.0,hit,353.0,hit,4485.0,hit,4556.0,hit,25.0,hit,74.0,hit,74.0,hit,,never_hit,,never_hit,,never_hit,5.800000000000011,10,False,False,False,False,,7.600000000000023,31,True,False,False,False,,7.600000000000023,31,True,False,False,False,,7.600000000000023,31,True,False,False,False,,84.0,2026-04-24T10:55:00-04:00,2.6000000000000227,4547.039999999955,266.0,2026-04-24T13:57:00-04:00,2.9000000000000057,3947.0399999999895,267.0,2026-04-24T13:58:00-04:00,2.9000000000000057,3947.0399999999895,85.0,2026-04-24T10:56:00-04:00,4.350000000000023,1047.0399999999552,4327.0,2026-04-27T09:38:00-04:00,1.8999999999999986,5947.040000000004,4348.0,2026-04-27T09:59:00-04:00,1.7999999999999972,6147.040000000006,4349.0,2026-04-27T10:00:00-04:00,1.8000000000000007,6147.039999999999,4328.0,2026-04-27T09:39:00-04:00,2.1499999999999986,5447.040000000004,4485.0,2026-04-27T12:16:00-04:00,0.9000000000000021,7947.039999999996,4506.0,2026-04-27T12:37:00-04:00,0.9499999999999993,7847.040000000002,4507.0,2026-04-27T12:38:00-04:00,0.9000000000000004,7947.04,4486.0,2026-04-27T12:17:00-04:00,1.0,7747.040000000001,4556.0,2026-04-27T13:27:00-04:00,0.4499999999999993,8847.040000000003,4562.0,2026-04-27T13:33:00-04:00,0.40000000000000036,8947.04,4563.0,2026-04-27T13:34:00-04:00,0.3499999999999992,9047.040000000003,4557.0,2026-04-27T13:28:00-04:00,0.5500000000000007,8647.04,3378
2026-04-24,2026-04-27,3,6.0,2026-04-24T09:31:00-04:00,5.949999999999989,NDXP  260427P27220000,NDXP  260427P27210000,final_holdout,False,False,0,0,1,0,0,784,available,False,2026-04-24T09:31:00-04:00,2026-04-27T15:49:00-04:00,0.07500000000000007,11497.039999999979,11.0,last_observed_quote_not_settlement,3916.0,36,30,5.600000000000023,447.0399999999325,2026-04-24T09:32:00-04:00,0.0,5.600000000000023,447.0399999999325,2026-04-24T09:33:00-04:00,0.0,5.799999999999983,47.04000000001208,2026-04-24T09:36:00-04:00,0.0,5.350000000000023,947.0399999999324,2026-04-24T09:41:00-04:00,0.0,5.75,147.03999999997797,2026-04-24T09:46:00-04:00,0.0,6.150000000000034,-652.9600000000903,2026-04-24T10:01:00-04:00,0.0,6.0,-352.96000000002203,2026-04-24T10:31:00-04:00,0.0,4.549999999999983,2547.0400000000122,2026-04-24T11:31:00-04:00,0.0,3.5,4647.039999999978,2026-04-24T16:00:00-04:00,0.0,,,2026-04-24T16:15:00-04:00,85500.0,,,2026-04-24T16:15:00-04:00,171900.0,,,2026-04-27T15:49:00-04:00,660.0,3.0,hit,8.0,hit,86.0,hit,86.0,hit,4542.0,hit,4564.0,hit,4667.0,hit,24.0,hit,54.0,hit,54.0,hit,,never_hit,,never_hit,,never_hit,7.949999999999989,28,True,False,False,False,,7.949999999999989,36,True,False,False,False,,7.949999999999989,36,True,False,False,False,,7.949999999999989,36,True,False,False,False,,86.0,2026-04-24T10:57:00-04:00,2.599999999999966,6447.040000000046,4508.0,2026-04-27T12:39:00-04:00,2.8500000000000014,5947.039999999975,4509.0,2026-04-27T12:40:00-04:00,2.700000000000003,6247.039999999973,87.0,2026-04-24T10:58:00-04:00,4.900000000000034,1847.0399999999097,4544.0,2026-04-27T13:15:00-04:00,1.8999999999999986,7847.039999999981,4560.0,2026-04-27T13:31:00-04:00,1.5999999999999996,8447.039999999979,4561.0,2026-04-27T13:32:00-04:00,1.450000000000001,8747.039999999977,4545.0,2026-04-27T13:16:00-04:00,1.9500000000000028,7747.039999999973,4600.0,2026-04-27T14:11:00-04:00,0.9499999999999993,9747.03999999998,4606.0,2026-04-27T14:17:00-04:00,0.8499999999999996,9947.039999999979,4607.0,2026-04-27T14:18:00-04:00,0.7999999999999989,10047.03999999998,4601.0,2026-04-27T14:12:00-04:00,1.0,9647.039999999979,4669.0,2026-04-27T15:20:00-04:00,0.3999999999999999,10847.039999999979,4670.0,2026-04-27T15:21:00-04:00,0.32499999999999996,10997.039999999979,4671.0,2026-04-27T15:22:00-04:00,0.2999999999999998,11047.039999999979,4670.0,2026-04-27T15:21:00-04:00,0.32499999999999996,10997.039999999979,3379
2026-04-24,2026-04-27,3,7.0,2026-04-24T09:31:00-04:00,6.999999999999943,NDXP  260427P27340000,NDXP  260427P27330000,final_holdout,False,False,0,0,0,3,0,792,available,False,2026-04-24T09:31:00-04:00,2026-04-27T16:00:00-04:00,9.949999999999996,-6152.960000000106,0.0,last_observed_quote_not_settlement,3916.0,405,52,7.5,-1252.960000000113,2026-04-24T09:32:00-04:00,0.0,6.899999999999977,-52.9600000000675,2026-04-24T09:33:00-04:00,0.0,7.100000000000023,-452.96000000015846,2026-04-24T09:36:00-04:00,0.0,6.100000000000023,1547.0399999998415,2026-04-24T09:41:00-04:00,0.0,7.5,-1252.960000000113,2026-04-24T09:46:00-04:00,0.0,7.199999999999989,-652.9600000000903,2026-04-24T10:01:00-04:00,0.0,7.150000000000034,-552.9600000001813,2026-04-24T10:31:00-04:00,0.0,6.200000000000017,1347.0399999998529,2026-04-24T11:31:00-04:00,0.0,5.150000000000006,3447.039999999876,2026-04-24T16:00:00-04:00,0.0,,,2026-04-24T16:15:00-04:00,85500.0,,,2026-04-24T16:15:00-04:00,171900.0,9.949999999999996,-6152.960000000106,2026-04-27T16:00:00-04:00,0.0,112.0,hit,140.0,hit,249.0,hit,,never_hit,,never_hit,,never_hit,,never_hit,1.0,hit,4336.0,hit,1.0,hit,4336.0,hit,4342.0,hit,4646.0,hit,,,True,True,True,False,3.499999999999943,,,True,True,True,False,3.499999999999943,,,True,True,True,False,3.499999999999943,,,True,True,True,False,3.499999999999943,,,,,,,,,,,,,,,,,,,,,,,,,,,,,,,,,,,,,,,,,,,,,,,,,,,,,,,,,,,,,,,,,3380
2026-04-27,2026-04-29,2,5.0,2026-04-27T09:31:00-04:00,5.0,NDXP  260429P27370000,NDXP  260429P27360000,final_holdout,False,False,0,0,1,53,0,1145,available,False,2026-04-27T09:31:00-04:00,2026-04-29T15:58:00-04:00,10.0,-10152.96,2.0,last_observed_quote_not_settlement,1036.0,1042,69,5.650000000000006,-1552.9600000000107,2026-04-27T09:32:00-04:00,0.0,4.700000000000017,347.0399999999666,2026-04-27T09:33:00-04:00,0.0,5.500000000000028,-1252.9600000000562,2026-04-27T09:36:00-04:00,0.0,5.049999999999983,-352.9599999999652,2026-04-27T09:41:00-04:00,0.0,5.849999999999994,-1952.959999999988,2026-04-27T09:46:00-04:00,0.0,4.950000000000017,-152.9600000000334,2026-04-27T10:01:00-04:00,0.0,5.900000000000034,-2052.9600000000673,2026-04-27T10:31:00-04:00,0.0,5.349999999999966,-952.9599999999311,2026-04-27T11:31:00-04:00,0.0,4.599999999999966,547.0400000000689,2026-04-27T16:00:00-04:00,0.0,8.800000000000068,-7852.960000000137,2026-04-28T16:00:00-04:00,0.0,,,2026-04-29T15:58:00-04:00,120.0,,,,,0.0,hit,0.0,hit,2893.0,hit,2894.0,hit,,never_hit,,never_hit,,never_hit,1.0,hit,12.0,hit,191.0,hit,1440.0,hit,1444.0,hit,1533.0,hit,10.0,727,True,True,True,True,,,,True,True,True,False,2.349999999999966,,,True,True,True,False,2.349999999999966,,,True,True,True,False,2.349999999999966,2894.0,2026-04-29T09:45:00-04:00,2.650000000000034,4447.039999999933,,,,,,,,,2895.0,2026-04-29T09:46:00-04:00,9.299999999999955,-8852.95999999991,,,,,,,,,,,,,,,,,,,,,,,,,,,,,,,,,,,,,,,,,,,,,,,,,3381
2026-04-27,2026-04-29,2,6.0,2026-04-27T09:31:00-04:00,6.0,NDXP  260429P27420000,NDXP  260429P27410000,final_holdout,False,False,0,0,1,76,0,1122,available,False,2026-04-27T09:31:00-04:00,2026-04-29T15:59:00-04:00,9.999999999999972,-8152.96,1.0,last_observed_quote_not_settlement,1036.0,839,117,5.7999999999999545,147.04000000009165,2026-04-27T09:32:00-04:00,0.0,6.449999999999989,-1152.9599999999766,2026-04-27T09:33:00-04:00,0.0,5.949999999999989,-152.95999999997656,2026-04-27T09:36:00-04:00,0.0,5.599999999999966,547.0400000000689,2026-04-27T09:41:00-04:00,0.0,6.050000000000068,-352.9600000001357,2026-04-27T09:46:00-04:00,0.0,5.699999999999989,347.04000000002344,2026-04-27T10:01:00-04:00,0.0,6.650000000000034,-1552.9600000000676,2026-04-27T10:31:00-04:00,0.0,6.199999999999989,-652.9599999999766,2026-04-27T11:31:00-04:00,0.0,5.650000000000006,447.03999999998933,2026-04-27T16:00:00-04:00,0.0,9.0,-6252.960000000001,2026-04-28T16:00:00-04:00,0.0,,,2026-04-29T15:59:00-04:00,60.0,,,,,8.0,hit,45.0,hit,,never_hit,,never_hit,,never_hit,,never_hit,,never_hit,14.0,hit,14.0,hit,14.0,hit,1440.0,hit,1441.0,hit,1441.0,hit,,,True,True,True,False,1.5,,,True,True,True,False,1.5,,,True,True,True,False,1.5,,,True,True,True,False,1.5,,,,,,,,,,,,,,,,,,,,,,,,,,,,,,,,,,,,,,,,,,,,,,,,,,,,,,,,,,,,,,,,,3382
2026-04-27,2026-04-29,2,7.0,2026-04-27T09:31:00-04:00,7.0499999999999545,NDXP  260429P27550000,NDXP  260429P27540000,final_holdout,False,False,0,0,2,135,0,1062,available,False,2026-04-27T09:31:00-04:00,2026-04-29T15:59:00-04:00,10.0,-6052.960000000091,1.0,last_observed_quote_not_settlement,1036.0,857,128,7.75,-1652.9600000000903,2026-04-27T09:32:00-04:00,0.0,6.899999999999977,47.039999999955235,2026-04-27T09:33:00-04:00,0.0,6.0499999999999545,1747.0400000000006,2026-04-27T09:36:00-04:00,0.0,6.600000000000023,647.0399999998642,2026-04-27T09:41:00-04:00,0.0,6.949999999999989,-52.9600000000675,2026-04-27T09:46:00-04:00,0.0,7.099999999999966,-352.96000000002203,2026-04-27T10:01:00-04:00,0.0,7.7000000000000455,-1552.9600000001813,2026-04-27T10:31:00-04:00,0.0,7.699999999999989,-1552.9600000000676,2026-04-27T11:31:00-04:00,0.0,7.149999999999977,-452.9600000000448,2026-04-27T16:00:00-04:00,0.0,,,2026-04-28T15:57:00-04:00,180.0,,,2026-04-29T15:59:00-04:00,60.0,,,,,31.0,hit,3149.0,hit,3149.0,hit,3149.0,hit,3149.0,hit,3149.0,hit,3149.0,hit,1.0,hit,7.0,hit,0.0,hit,7.0,hit,137.0,hit,197.0,hit,10.0,770,True,True,True,True,,10.0,770,True,True,True,True,,10.0,770,True,True,True,True,,10.0,770,True,True,True,True,,3149.0,2026-04-29T14:00:00-04:00,0.0,13847.03999999991,,,,,,,,,,,,,3149.0,2026-04-29T14:00:00-04:00,0.0,13847.03999999991,,,,,,,,,,,,,3149.0,2026-04-29T14:00:00-04:00,0.0,13847.03999999991,,,,,,,,,,,,,3149.0,2026-04-29T14:00:00-04:00,0.0,13847.03999999991,,,,,,,,,,,,,3383
2026-04-27,2026-04-30,3,5.0,2026-04-27T09:31:00-04:00,5.0,NDXP  260430P27320000,NDXP  260430P27310000,final_holdout,False,False,0,0,5,2,0,1590,available,False,2026-04-27T09:31:00-04:00,2026-04-30T15:49:00-04:00,0.07500000000000001,9597.04,11.0,last_observed_quote_not_settlement,1036.0,1080,130,5.050000000000011,-352.96000000002203,2026-04-27T09:32:00-04:00,0.0,4.399999999999977,947.0400000000461,2026-04-27T09:33:00-04:00,0.0,4.449999999999989,847.0400000000234,2026-04-27T09:36:00-04:00,0.0,4.800000000000068,147.03999999986428,2026-04-27T09:41:00-04:00,0.0,4.949999999999932,-152.95999999986287,2026-04-27T09:46:00-04:00,0.0,4.649999999999977,447.0400000000462,2026-04-27T10:01:00-04:00,0.0,5.0499999999999545,-352.95999999990835,2026-04-27T10:31:00-04:00,0.0,4.300000000000011,1147.039999999978,2026-04-27T11:31:00-04:00,0.0,4.449999999999989,847.0400000000234,2026-04-27T16:00:00-04:00,0.0,6.600000000000023,-3452.9600000000446,2026-04-28T16:00:00-04:00,0.0,8.100000000000023,-6452.960000000046,2026-04-29T16:00:00-04:00,0.0,,,2026-04-30T15:49:00-04:00,660.0,0.0,hit,0.0,hit,8.0,hit,3272.0,hit,3272.0,hit,3272.0,hit,3272.0,hit,3.0,hit,20.0,hit,1441.0,hit,1526.0,hit,4366.0,hit,4378.0,hit,8.949999999999989,851,True,True,False,False,,8.949999999999989,851,True,True,False,False,,8.949999999999989,851,True,True,False,False,,8.949999999999989,851,True,True,False,False,,3272.0,2026-04-29T16:03:00-04:00,0.0,9747.04,3273.0,2026-04-29T16:04:00-04:00,0.0,9747.04,4571.0,2026-04-30T13:42:00-04:00,2.7499999999999964,4247.040000000008,3273.0,2026-04-29T16:04:00-04:00,0.0,9747.04,3272.0,2026-04-29T16:03:00-04:00,0.0,9747.04,3273.0,2026-04-29T16:04:00-04:00,0.0,9747.04,4589.0,2026-04-30T14:00:00-04:00,1.700000000000001,6347.039999999998,3273.0,2026-04-29T16:04:00-04:00,0.0,9747.04,3272.0,2026-04-29T16:03:00-04:00,0.0,9747.04,3273.0,2026-04-29T16:04:00-04:00,0.0,9747.04,4608.0,2026-04-30T14:19:00-04:00,0.7999999999999998,8147.040000000002,3273.0,2026-04-29T16:04:00-04:00,0.0,9747.04,3272.0,2026-04-29T16:03:00-04:00,0.0,9747.04,3273.0,2026-04-29T16:04:00-04:00,0.0,9747.04,4658.0,2026-04-30T15:09:00-04:00,0.375,8997.04,3273.0,2026-04-29T16:04:00-04:00,0.0,9747.04,3384
2026-04-27,2026-04-30,3,6.0,2026-04-27T09:31:00-04:00,6.050000000000011,NDXP  260430P27500000,NDXP  260430P27490000,final_holdout,False,False,0,0,9,58,0,1521,available,False,2026-04-27T09:31:00-04:00,2026-04-30T15:59:00-04:00,9.75,-7652.959999999978,1.0,last_observed_quote_not_settlement,1036.0,1198,139,5.900000000000034,47.039999999955235,2026-04-27T09:32:00-04:00,0.0,5.899999999999977,47.04000000006892,2026-04-27T09:33:00-04:00,0.0,6.4500000000000455,-1052.9600000000676,2026-04-27T09:36:00-04:00,0.0,6.0499999999999545,-252.9599999998856,2026-04-27T09:41:00-04:00,0.0,6.25,-652.9599999999766,2026-04-27T09:46:00-04:00,0.0,5.850000000000023,147.03999999997797,2026-04-27T10:01:00-04:00,0.0,6.2000000000000455,-552.9600000000676,2026-04-27T10:31:00-04:00,0.0,6.349999999999966,-852.9599999999084,2026-04-27T11:31:00-04:00,0.0,5.9500000000000455,-52.9600000000675,2026-04-27T16:00:00-04:00,0.0,8.949999999999989,-6052.9599999999555,2026-04-28T16:00:00-04:00,0.0,9.25,-6652.959999999978,2026-04-29T16:00:00-04:00,0.0,,,2026-04-30T15:59:00-04:00,60.0,6.0,hit,8.0,hit,374.0,hit,374.0,hit,374.0,hit,,never_hit,,never_hit,7.0,hit,54.0,hit,54.0,hit,1440.0,hit,1511.0,hit,1511.0,hit,7.800000000000011,118,True,False,False,False,,7.800000000000011,118,True,False,False,False,,,,True,True,True,False,4.350000000000023,,,True,True,True,False,4.350000000000023,374.0,2026-04-27T15:45:00-04:00,1.6999999999999886,8447.040000000046,,,,,,,,,375.0,2026-04-27T15:46:00-04:00,5.099999999999966,1647.0400000000916,374.0,2026-04-27T15:45:00-04:00,1.6999999999999886,8447.040000000046,,,,,,,,,375.0,2026-04-27T15:46:00-04:00,5.099999999999966,1647.0400000000916,,,,,,,,,,,,,,,,,,,,,,,,,,,,,,,,,3385
2026-04-27,2026-04-30,3,7.0,2026-04-27T09:31:00-04:00,7.050000000000011,NDXP  260430P27620000,NDXP  260430P27610000,final_holdout,False,False,0,0,4,93,0,1506,available,False,2026-04-27T09:31:00-04:00,2026-04-30T16:00:00-04:00,10.0,-6052.959999999977,0.0,last_observed_quote_not_settlement,1038.0,1114,222,6.4500000000000455,947.0399999999324,2026-04-27T09:32:00-04:00,0.0,7.5499999999999545,-1252.9599999998857,2026-04-27T09:33:00-04:00,0.0,6.7999999999999545,247.04000000011436,2026-04-27T09:36:00-04:00,0.0,6.699999999999989,447.0400000000462,2026-04-27T09:41:00-04:00,0.0,6.849999999999966,147.04000000009165,2026-04-27T09:46:00-04:00,0.0,6.350000000000023,1147.039999999978,2026-04-27T10:01:00-04:00,0.0,7.050000000000011,-252.9599999999993,2026-04-27T10:31:00-04:00,0.0,8.25,-2652.959999999978,2026-04-27T11:31:00-04:00,0.0,6.5,847.0400000000234,2026-04-27T16:00:00-04:00,0.0,,,2026-04-28T15:57:00-04:00,180.0,7.400000000000034,-952.9600000000448,2026-04-29T16:00:00-04:00,0.0,10.0,-6052.959999999977,2026-04-30T16:00:00-04:00,0.0,79.0,hit,79.0,hit,4488.0,hit,,never_hit,,never_hit,,never_hit,,never_hit,4.0,hit,70.0,hit,0.0,hit,70.0,hit,1442.0,hit,1442.0,hit,,,True,True,True,False,3.9499999999999886,,,True,True,True,False,3.9499999999999886,,,True,True,True,False,3.9499999999999886,,,True,True,True,False,3.9499999999999886,,,,,,,,,,,,,,,,,,,,,,,,,,,,,,,,,,,,,,,,,,,,,,,,,,,,,,,,,,,,,,,,,3386
2026-04-28,2026-04-30,2,5.0,2026-04-28T09:31:00-04:00,4.999999999999943,NDXP  260430P27000000,NDXP  260430P26990000,final_holdout,False,False,0,0,11,16,0,1153,available,False,2026-04-28T09:31:00-04:00,2026-04-30T15:24:00-04:00,0.024999999999999994,9697.039999999888,36.0,last_observed_quote_not_settlement,1036.0,90,85,4.699999999999989,347.03999999990975,2026-04-28T09:32:00-04:00,0.0,4.450000000000017,847.0399999998529,2026-04-28T09:33:00-04:00,0.0,3.9000000000000057,1947.0399999998756,2026-04-28T09:36:00-04:00,0.0,4.099999999999994,1547.0399999998983,2026-04-28T09:41:00-04:00,0.0,4.249999999999972,1247.0399999999438,2026-04-28T09:46:00-04:00,0.0,3.9499999999999886,1847.0399999999097,2026-04-28T10:01:00-04:00,0.0,4.100000000000023,1547.0399999998415,2026-04-28T10:31:00-04:00,0.0,4.5,747.039999999887,2026-04-28T11:31:00-04:00,0.0,4.149999999999977,1447.0399999999324,2026-04-28T16:00:00-04:00,0.0,3.1499999999999915,3447.039999999904,2026-04-29T16:00:00-04:00,0.0,,,2026-04-30T15:24:00-04:00,2160.0,,,,,0.0,hit,0.0,hit,5.0,hit,29.0,hit,29.0,hit,29.0,hit,29.0,hit,84.0,hit,99.0,hit,126.0,hit,126.0,hit,,never_hit,,never_hit,4.999999999999943,0,False,False,False,False,,4.999999999999943,0,False,False,False,False,,4.999999999999943,0,False,False,False,False,,4.999999999999943,0,False,False,False,False,,29.0,2026-04-28T10:00:00-04:00,0.0,9747.039999999888,1832.0,2026-04-29T16:03:00-04:00,2.700000000000003,4347.039999999882,2882.0,2026-04-30T09:33:00-04:00,1.6000000000000014,6547.0399999998845,30.0,2026-04-28T10:01:00-04:00,3.9499999999999886,1847.0399999999097,29.0,2026-04-28T10:00:00-04:00,0.0,9747.039999999888,2881.0,2026-04-30T09:32:00-04:00,1.5500000000000043,6647.039999999878,2882.0,2026-04-30T09:33:00-04:00,1.6000000000000014,6547.0399999998845,30.0,2026-04-28T10:01:00-04:00,3.9499999999999886,1847.0399999999097,29.0,2026-04-28T10:00:00-04:00,0.0,9747.039999999888,2971.0,2026-04-30T11:02:00-04:00,0.75,8247.039999999888,2972.0,2026-04-30T11:03:00-04:00,0.9000000000000004,7947.039999999886,30.0,2026-04-28T10:01:00-04:00,3.9499999999999886,1847.0399999999097,29.0,2026-04-28T10:00:00-04:00,0.0,9747.039999999888,3024.0,2026-04-30T11:55:00-04:00,0.3999999999999986,8947.03999999989,3042.0,2026-04-30T12:13:00-04:00,0.40000000000000036,8947.039999999888,30.0,2026-04-28T10:01:00-04:00,3.9499999999999886,1847.0399999999097,3387
2026-04-28,2026-04-30,2,6.0,2026-04-28T09:31:00-04:00,5.900000000000034,NDXP  260430P27100000,NDXP  260430P27090000,final_holdout,False,False,0,0,4,24,0,1167,available,False,2026-04-28T09:31:00-04:00,2026-04-30T15:38:00-04:00,0.0,11547.04000000007,22.0,last_observed_quote_not_settlement,1036.0,56,82,5.350000000000023,847.0400000000234,2026-04-28T09:32:00-04:00,0.0,3.6499999999999773,4247.040000000115,2026-04-28T09:33:00-04:00,0.0,4.849999999999966,1847.040000000137,2026-04-28T09:36:00-04:00,0.0,4.75,2047.040000000069,2026-04-28T09:41:00-04:00,0.0,4.549999999999983,2447.040000000103,2026-04-28T09:46:00-04:00,0.0,4.650000000000034,2247.040000000001,2026-04-28T10:01:00-04:00,0.0,5.2999999999999545,947.0400000001598,2026-04-28T10:31:00-04:00,0.0,6.5,-1452.9599999999311,2026-04-28T11:31:00-04:00,0.0,4.899999999999977,1747.0400000001143,2026-04-28T16:00:00-04:00,0.0,3.9499999999999886,3647.040000000092,2026-04-29T16:00:00-04:00,0.0,,,2026-04-30T15:38:00-04:00,1320.0,,,,,1.0,hit,2.0,hit,2.0,hit,111.0,hit,1463.0,hit,1463.0,hit,1463.0,hit,68.0,hit,68.0,hit,68.0,hit,99.0,hit,,never_hit,,never_hit,8.650000000000034,7,True,True,False,False,,8.650000000000034,39,True,True,False,False,,8.650000000000034,39,True,True,False,False,,8.650000000000034,39,True,True,False,False,,111.0,2026-04-28T11:22:00-04:00,2.75,6047.040000000069,2881.0,2026-04-30T09:32:00-04:00,2.450000000000003,6647.040000000064,2882.0,2026-04-30T09:33:00-04:00,1.9499999999999957,7647.040000000077,112.0,2026-04-28T11:23:00-04:00,5.25,1047.0400000000689,1463.0,2026-04-29T09:54:00-04:00,0.39999999999997726,10747.040000000115,2968.0,2026-04-30T10:59:00-04:00,1.7999999999999972,7947.0400000000745,2972.0,2026-04-30T11:03:00-04:00,1.7000000000000028,8147.040000000064,1464.0,2026-04-29T09:55:00-04:00,4.549999999999983,2447.040000000103,1463.0,2026-04-29T09:54:00-04:00,0.39999999999997726,10747.040000000115,3043.0,2026-04-30T12:14:00-04:00,0.75,10047.04000000007,3044.0,2026-04-30T12:15:00-04:00,0.8000000000000007,9947.040000000068,1464.0,2026-04-29T09:55:00-04:00,4.549999999999983,2447.040000000103,1463.0,2026-04-29T09:54:00-04:00,0.39999999999997726,10747.040000000115,3103.0,2026-04-30T13:14:00-04:00,0.40000000000000036,10747.04000000007,3104.0,2026-04-30T13:15:00-04:00,0.4499999999999993,10647.040000000072,1464.0,2026-04-29T09:55:00-04:00,4.549999999999983,2447.040000000103,3388
2026-04-28,2026-04-30,2,7.0,2026-04-28T09:31:00-04:00,7.0,NDXP  260430P27160000,NDXP  260430P27150000,final_holdout,False,False,0,0,19,8,0,1169,available,False,2026-04-28T09:31:00-04:00,2026-04-30T15:41:00-04:00,0.04999999999999999,13647.040000000003,19.0,last_observed_quote_not_settlement,1036.0,56,87,4.999999999999943,3747.0400000001146,2026-04-28T09:32:00-04:00,0.0,5.5,2747.040000000001,2026-04-28T09:33:00-04:00,0.0,4.699999999999932,4347.040000000137,2026-04-28T09:36:00-04:00,0.0,4.849999999999966,4047.040000000069,2026-04-28T09:41:00-04:00,0.0,4.9500000000000455,3847.03999999991,2026-04-28T09:46:00-04:00,0.0,5.0,3747.040000000001,2026-04-28T10:01:00-04:00,0.0,5.150000000000034,3447.0399999999327,2026-04-28T10:31:00-04:00,0.0,6.050000000000011,1647.039999999978,2026-04-28T11:31:00-04:00,0.0,5.800000000000068,2147.0399999998644,2026-04-28T16:00:00-04:00,0.0,5.5,2747.040000000001,2026-04-29T16:00:00-04:00,0.0,,,2026-04-30T15:41:00-04:00,1140.0,,,,,1.0,hit,1.0,hit,34.0,hit,1472.0,hit,1472.0,hit,1537.0,hit,1563.0,hit,83.0,hit,83.0,hit,0.0,hit,83.0,hit,121.0,hit,,never_hit,9.100000000000023,43,True,True,True,True,,9.100000000000023,43,True,True,True,True,,9.100000000000023,43,True,True,True,True,,9.100000000000023,43,True,True,True,True,,1472.0,2026-04-29T10:03:00-04:00,2.0,9747.04,1538.0,2026-04-29T11:09:00-04:00,1.400000000000034,10947.039999999934,2972.0,2026-04-30T11:03:00-04:00,2.700000000000003,8347.039999999995,1473.0,2026-04-29T10:04:00-04:00,5.650000000000034,2447.0399999999327,1537.0,2026-04-29T11:08:00-04:00,0.9000000000000057,11947.03999999999,1538.0,2026-04-29T11:09:00-04:00,1.400000000000034,10947.039999999934,3002.0,2026-04-30T11:33:00-04:00,1.8500000000000014,10047.039999999999,1538.0,2026-04-29T11:09:00-04:00,1.400000000000034,10947.039999999934,1537.0,2026-04-29T11:08:00-04:00,0.9000000000000057,11947.03999999999,3101.0,2026-04-30T13:12:00-04:00,0.9499999999999993,11847.040000000003,3105.0,2026-04-30T13:16:00-04:00,0.9000000000000004,11947.04,1538.0,2026-04-29T11:09:00-04:00,1.400000000000034,10947.039999999934,3127.0,2026-04-30T13:38:00-04:00,0.40000000000000036,12947.04,3128.0,2026-04-30T13:39:00-04:00,0.40000000000000036,12947.04,3129.0,2026-04-30T13:40:00-04:00,0.39999999999999947,12947.040000000003,3128.0,2026-04-30T13:39:00-04:00,0.40000000000000036,12947.04,3389
2026-04-28,2026-05-01,3,5.0,2026-04-28T09:31:00-04:00,4.9500000000000455,NDXP  260501P27030000,NDXP  260501P27020000,final_holdout,False,False,0,0,1,7,0,1535,available,False,2026-04-28T09:31:00-04:00,2026-05-01T14:59:00-04:00,0.0,9647.040000000092,61.0,last_observed_quote_not_settlement,1036.0,99,109,4.849999999999966,-52.95999999984013,2026-04-28T09:32:00-04:00,0.0,4.5,647.0400000000916,2026-04-28T09:33:00-04:00,0.0,4.350000000000023,947.0400000000461,2026-04-28T09:36:00-04:00,0.0,3.6000000000000227,2447.0400000000463,2026-04-28T09:41:00-04:00,0.0,4.800000000000011,47.04000000006892,2026-04-28T09:46:00-04:00,0.0,4.100000000000023,1447.0400000000461,2026-04-28T10:01:00-04:00,0.0,3.900000000000034,1847.0400000000234,2026-04-28T10:31:00-04:00,0.0,5.050000000000011,-452.9599999999311,2026-04-28T11:31:00-04:00,0.0,4.349999999999994,947.040000000103,2026-04-28T16:00:00-04:00,0.0,3.950000000000017,1747.0400000000575,2026-04-29T16:00:00-04:00,0.0,4.0,1647.0400000000916,2026-04-30T16:00:00-04:00,0.0,,,2026-05-01T14:59:00-04:00,3660.0,0.0,hit,0.0,hit,7.0,hit,9.0,hit,111.0,hit,3151.0,hit,4320.0,hit,4.0,hit,99.0,hit,,never_hit,,never_hit,,never_hit,,never_hit,5.75,1,False,False,False,False,,6.300000000000011,19,False,False,False,False,,6.300000000000011,99,False,False,False,False,,6.300000000000011,99,False,False,False,False,,9.0,2026-04-28T09:40:00-04:00,2.4499999999999886,4747.040000000115,1836.0,2026-04-29T16:07:00-04:00,2.799999999999983,4047.0400000001255,2882.0,2026-04-30T09:33:00-04:00,2.6500000000000057,4347.04000000008,10.0,2026-04-28T09:41:00-04:00,3.6000000000000227,2447.0400000000463,111.0,2026-04-28T11:22:00-04:00,1.1499999999999773,7347.040000000137,3025.0,2026-04-30T11:56:00-04:00,1.8999999999999986,5847.040000000095,3043.0,2026-04-30T12:14:00-04:00,1.8000000000000043,6047.040000000083,112.0,2026-04-28T11:23:00-04:00,4.599999999999966,447.04000000015986,3151.0,2026-04-30T14:02:00-04:00,0.9499999999999957,7747.0400000001,3166.0,2026-04-30T14:17:00-04:00,0.9499999999999993,7747.040000000093,3167.0,2026-04-30T14:18:00-04:00,0.8999999999999986,7847.040000000095,3152.0,2026-04-30T14:03:00-04:00,1.0,7647.040000000092,4320.0,2026-05-01T09:31:00-04:00,0.125,9397.040000000092,4321.0,2026-05-01T09:32:00-04:00,0.10000000000000009,9447.040000000092,4322.0,2026-05-01T09:33:00-04:00,0.09999999999999964,9447.040000000094,4321.0,2026-05-01T09:32:00-04:00,0.10000000000000009,9447.040000000092,3390
2026-04-28,2026-05-01,3,6.0,2026-04-28T09:31:00-04:00,5.9500000000000455,NDXP  260501P27410000,NDXP  260501P27400000,final_holdout,False,False,0,0,14,9,0,1561,available,False,2026-04-28T09:31:00-04:00,2026-05-01T15:27:00-04:00,0.025000000000000022,11597.040000000092,33.0,last_observed_quote_not_settlement,1037.0,863,221,7.2000000000000455,-2752.959999999999,2026-04-28T09:32:00-04:00,0.0,6.899999999999977,-2152.9599999998627,2026-04-28T09:33:00-04:00,0.0,4.999999999999943,1647.0400000002053,2026-04-28T09:36:00-04:00,0.0,6.699999999999989,-1752.9599999998857,2026-04-28T09:41:00-04:00,0.0,4.350000000000023,2947.0400000000463,2026-04-28T09:46:00-04:00,0.0,5.849999999999909,-52.95999999972644,2026-04-28T10:01:00-04:00,0.0,6.600000000000023,-1552.9599999999539,2026-04-28T10:31:00-04:00,0.0,7.350000000000023,-3052.9599999999537,2026-04-28T11:31:00-04:00,0.0,6.900000000000034,-2152.9599999999764,2026-04-28T16:00:00-04:00,0.0,0.4499999999999318,10747.040000000228,2026-04-29T16:00:00-04:00,0.0,4.0,3647.040000000092,2026-04-30T16:00:00-04:00,0.0,,,2026-05-01T15:27:00-04:00,1980.0,5.0,hit,5.0,hit,1829.0,hit,1829.0,hit,1829.0,hit,1829.0,hit,1829.0,hit,1.0,hit,1.0,hit,1.0,hit,38.0,hit,2944.0,hit,2947.0,hit,8.800000000000011,672,True,True,False,False,,8.800000000000011,672,True,True,False,False,,8.800000000000011,672,True,True,False,False,,8.800000000000011,672,True,True,False,False,,1829.0,2026-04-29T16:00:00-04:00,0.4499999999999318,10747.040000000228,4321.0,2026-05-01T09:32:00-04:00,1.7000000000000028,8247.040000000086,4322.0,2026-05-01T09:33:00-04:00,1.3000000000000007,9047.040000000092,1830.0,2026-04-29T16:01:00-04:00,6.149999999999977,-652.9599999998629,1829.0,2026-04-29T16:00:00-04:00,0.4499999999999318,10747.040000000228,4322.0,2026-05-01T09:33:00-04:00,1.3000000000000007,9047.040000000092,4323.0,2026-05-01T09:34:00-04:00,1.3999999999999986,8847.040000000095,1830.0,2026-04-29T16:01:00-04:00,6.149999999999977,-652.9599999998629,1829.0,2026-04-29T16:00:00-04:00,0.4499999999999318,10747.040000000228,4330.0,2026-05-01T09:41:00-04:00,0.5999999999999996,10447.040000000094,4331.0,2026-05-01T09:42:00-04:00,0.7999999999999989,10047.040000000095,1830.0,2026-04-29T16:01:00-04:00,6.149999999999977,-652.9599999998629,1829.0,2026-04-29T16:00:00-04:00,0.4499999999999318,10747.040000000228,4351.0,2026-05-01T10:02:00-04:00,0.3000000000000007,11047.040000000092,4352.0,2026-05-01T10:03:00-04:00,0.1999999999999993,11247.040000000094,1830.0,2026-04-29T16:01:00-04:00,6.149999999999977,-652.9599999998629,3391
2026-04-28,2026-05-01,3,7.0,2026-04-28T09:31:00-04:00,7.0499999999999545,NDXP  260501P27340000,NDXP  260501P27330000,final_holdout,False,False,0,0,16,7,0,1556,available,False,2026-04-28T09:31:00-04:00,2026-05-01T15:23:00-04:00,0.0,13847.03999999991,37.0,last_observed_quote_not_settlement,1036.0,90,140,6.800000000000011,247.039999999887,2026-04-28T09:32:00-04:00,0.0,5.399999999999977,3047.0399999999554,2026-04-28T09:33:00-04:00,0.0,5.850000000000023,2147.0399999998644,2026-04-28T09:36:00-04:00,0.0,6.600000000000023,647.0399999998642,2026-04-28T09:41:00-04:00,0.0,5.900000000000034,2047.0399999998417,2026-04-28T09:46:00-04:00,0.0,5.850000000000023,2147.0399999998644,2026-04-28T10:01:00-04:00,0.0,6.100000000000023,1647.0399999998642,2026-04-28T10:31:00-04:00,0.0,6.9500000000000455,-52.96000000018119,2026-04-28T11:31:00-04:00,0.0,5.199999999999989,3447.0399999999327,2026-04-28T16:00:00-04:00,0.0,,,2026-04-29T15:59:00-04:00,60.0,2.8000000000000114,8247.039999999888,2026-04-30T16:00:00-04:00,0.0,,,2026-05-01T15:23:00-04:00,2220.0,2.0,hit,21.0,hit,1798.0,hit,3101.0,hit,4320.0,hit,4321.0,hit,4329.0,hit,84.0,hit,103.0,hit,0.0,hit,91.0,hit,1842.0,hit,,never_hit,9.0,90,True,True,True,True,,9.0,90,True,True,True,True,,9.0,90,True,True,True,True,,9.0,90,True,True,True,True,,3101.0,2026-04-30T13:12:00-04:00,2.75,8347.03999999991,3106.0,2026-04-30T13:17:00-04:00,2.6999999999999886,8447.039999999934,3110.0,2026-04-30T13:21:00-04:00,2.4499999999999886,8947.039999999934,3102.0,2026-04-30T13:13:00-04:00,4.75,4347.03999999991,4320.0,2026-05-01T09:31:00-04:00,1.1500000000000021,11547.039999999906,4321.0,2026-05-01T09:32:00-04:00,0.9499999999999993,11947.039999999912,4322.0,2026-05-01T09:33:00-04:00,0.8000000000000007,12247.03999999991,4321.0,2026-05-01T09:32:00-04:00,0.9499999999999993,11947.039999999912,4321.0,2026-05-01T09:32:00-04:00,0.9499999999999993,11947.039999999912,4322.0,2026-05-01T09:33:00-04:00,0.8000000000000007,12247.03999999991,4323.0,2026-05-01T09:34:00-04:00,0.7999999999999989,12247.039999999914,4322.0,2026-05-01T09:33:00-04:00,0.8000000000000007,12247.03999999991,4330.0,2026-05-01T09:41:00-04:00,0.4499999999999993,12947.039999999912,4341.0,2026-05-01T09:52:00-04:00,0.3999999999999986,13047.039999999914,4342.0,2026-05-01T09:53:00-04:00,0.40000000000000213,13047.039999999906,4331.0,2026-05-01T09:42:00-04:00,0.5499999999999989,12747.039999999914,3392
2026-04-29,2026-05-01,2,5.0,2026-04-29T09:31:00-04:00,5.0,NDXP  260501P27180000,NDXP  260501P27170000,final_holdout,False,False,0,0,1,5,0,1141,available,False,2026-04-29T09:31:00-04:00,2026-05-01T15:09:00-04:00,0.0,9747.04,51.0,last_observed_quote_not_settlement,1036.0,190,128,4.0,1747.0400000000006,2026-04-29T09:32:00-04:00,0.0,3.8999999999999773,1947.0400000000461,2026-04-29T09:33:00-04:00,0.0,4.699999999999989,347.04000000002344,2026-04-29T09:36:00-04:00,0.0,6.25,-2752.959999999999,2026-04-29T09:41:00-04:00,0.0,6.199999999999989,-2652.9599999999764,2026-04-29T09:46:00-04:00,0.0,4.800000000000011,147.03999999997797,2026-04-29T10:01:00-04:00,0.0,4.550000000000011,647.0399999999779,2026-04-29T10:31:00-04:00,0.0,4.649999999999977,447.0400000000462,2026-04-29T11:31:00-04:00,0.0,6.150000000000006,-2552.9600000000105,2026-04-29T16:00:00-04:00,0.0,1.6000000000000014,6547.039999999998,2026-04-30T16:00:00-04:00,0.0,,,2026-05-01T15:09:00-04:00,3060.0,,,,,0.0,hit,0.0,hit,1.0,hit,360.0,hit,361.0,hit,361.0,hit,390.0,hit,4.0,hit,4.0,hit,6.0,hit,,never_hit,,never_hit,,never_hit,7.25,138,True,False,False,False,,7.25,138,True,False,False,False,,7.25,138,True,False,False,False,,7.25,142,True,False,False,False,,360.0,2026-04-29T15:31:00-04:00,2.75,4247.040000000001,361.0,2026-04-29T15:32:00-04:00,0.75,8247.04,1662.0,2026-04-30T13:13:00-04:00,2.9000000000000057,3947.0399999999895,361.0,2026-04-29T15:32:00-04:00,0.75,8247.04,361.0,2026-04-29T15:32:00-04:00,0.75,8247.04,1708.0,2026-04-30T13:59:00-04:00,1.8500000000000085,6047.039999999984,1709.0,2026-04-30T14:00:00-04:00,1.8500000000000014,6047.039999999998,362.0,2026-04-29T15:33:00-04:00,4.599999999999994,547.040000000012,361.0,2026-04-29T15:32:00-04:00,0.75,8247.04,2881.0,2026-05-01T09:32:00-04:00,0.2999999999999998,9147.040000000003,2882.0,2026-05-01T09:33:00-04:00,0.3000000000000007,9147.04,362.0,2026-04-29T15:33:00-04:00,4.599999999999994,547.040000000012,390.0,2026-04-29T16:01:00-04:00,0.0,9747.04,2881.0,2026-05-01T09:32:00-04:00,0.2999999999999998,9147.040000000003,2882.0,2026-05-01T09:33:00-04:00,0.3000000000000007,9147.04,391.0,2026-04-29T16:02:00-04:00,5.0,-252.9599999999993,3393
2026-04-29,2026-05-01,2,6.0,2026-04-29T09:31:00-04:00,6.0,NDXP  260501P27270000,NDXP  260501P27260000,final_holdout,False,False,0,0,2,7,0,1144,available,False,2026-04-29T09:31:00-04:00,2026-05-01T15:15:00-04:00,0.0,11747.04,45.0,last_observed_quote_not_settlement,1036.0,81,86,5.699999999999989,347.04000000002344,2026-04-29T09:32:00-04:00,0.0,4.649999999999977,2447.0400000000463,2026-04-29T09:33:00-04:00,0.0,6.349999999999966,-952.9599999999311,2026-04-29T09:36:00-04:00,0.0,5.7999999999999545,147.04000000009165,2026-04-29T09:41:00-04:00,0.0,5.899999999999977,-52.959999999953816,2026-04-29T09:46:00-04:00,0.0,5.650000000000034,447.0399999999325,2026-04-29T10:01:00-04:00,0.0,5.449999999999989,847.0400000000234,2026-04-29T10:31:00-04:00,0.0,5.800000000000068,147.03999999986428,2026-04-29T11:31:00-04:00,0.0,6.5,-1252.9599999999994,2026-04-29T16:00:00-04:00,0.0,2.200000000000003,7347.039999999995,2026-04-30T16:00:00-04:00,0.0,,,2026-05-01T15:15:00-04:00,2700.0,,,,,2.0,hit,2.0,hit,56.0,hit,393.0,hit,1710.0,hit,2880.0,hit,2882.0,hit,41.0,hit,41.0,hit,41.0,hit,127.0,hit,,never_hit,,never_hit,8.699999999999989,36,True,True,False,False,,8.699999999999989,81,True,True,False,False,,8.699999999999989,81,True,True,False,False,,8.699999999999989,81,True,True,False,False,,393.0,2026-04-29T16:04:00-04:00,2.299999999999983,7147.0400000000345,1707.0,2026-04-30T13:58:00-04:00,2.8000000000000114,6147.039999999978,1708.0,2026-04-30T13:59:00-04:00,2.6500000000000057,6447.039999999989,394.0,2026-04-29T16:05:00-04:00,6.050000000000011,-352.96000000002203,1831.0,2026-04-30T16:02:00-04:00,1.8000000000000043,8147.039999999993,2881.0,2026-05-01T09:32:00-04:00,0.6000000000000014,10547.039999999999,2882.0,2026-05-01T09:33:00-04:00,0.4499999999999993,10847.040000000003,1832.0,2026-04-30T16:03:00-04:00,2.0500000000000043,7647.039999999992,2880.0,2026-05-01T09:31:00-04:00,0.5999999999999996,10547.040000000003,2881.0,2026-05-01T09:32:00-04:00,0.6000000000000014,10547.039999999999,2882.0,2026-05-01T09:33:00-04:00,0.4499999999999993,10847.040000000003,2881.0,2026-05-01T09:32:00-04:00,0.6000000000000014,10547.039999999999,2882.0,2026-05-01T09:33:00-04:00,0.4499999999999993,10847.040000000003,2883.0,2026-05-01T09:34:00-04:00,0.3999999999999986,10947.040000000005,2884.0,2026-05-01T09:35:00-04:00,0.34999999999999876,11047.040000000005,2883.0,2026-05-01T09:34:00-04:00,0.3999999999999986,10947.040000000005,3394
2026-04-29,2026-05-01,2,7.0,2026-04-29T09:31:00-04:00,7.0,NDXP  260501P27720000,NDXP  260501P27710000,final_holdout,False,False,0,0,3,35,0,1160,available,False,2026-04-29T09:31:00-04:00,2026-05-01T16:00:00-04:00,7.125000000000002,-502.9600000000028,0.0,last_observed_quote_not_settlement,1036.0,729,50,,,2026-04-29T09:31:00-04:00,60.0,8.849999999999909,-3952.959999999819,2026-04-29T09:33:00-04:00,0.0,,,2026-04-29T09:35:00-04:00,60.0,8.700000000000045,-3652.960000000092,2026-04-29T09:41:00-04:00,0.0,8.649999999999977,-3552.9599999999555,2026-04-29T09:46:00-04:00,0.0,8.450000000000045,-3152.960000000092,2026-04-29T10:01:00-04:00,0.0,8.549999999999955,-3352.95999999991,2026-04-29T10:31:00-04:00,0.0,,,2026-04-29T11:30:00-04:00,60.0,7.4500000000000455,-1152.9600000000903,2026-04-29T16:00:00-04:00,0.0,8.5,-3252.960000000001,2026-04-30T16:00:00-04:00,0.0,7.125000000000002,-502.9600000000028,2026-05-01T16:00:00-04:00,0.0,,,,,2900.0,hit,2900.0,hit,2909.0,hit,2909.0,hit,2909.0,hit,3236.0,hit,,never_hit,2.0,hit,2.0,hit,0.0,hit,2.0,hit,7.0,hit,19.0,hit,10.0,717,True,True,True,True,,10.0,717,True,True,True,True,,10.0,727,True,True,True,True,,,,True,True,True,False,6.199999999999999,2909.0,2026-05-01T10:00:00-04:00,1.75,10247.04,2933.0,2026-05-01T10:24:00-04:00,2.9000000000000057,7947.039999999989,3009.0,2026-05-01T11:40:00-04:00,2.5500000000000043,8647.039999999994,2910.0,2026-05-01T10:01:00-04:00,3.450000000000003,6847.039999999995,2909.0,2026-05-01T10:00:00-04:00,1.75,10247.04,3146.0,2026-05-01T13:57:00-04:00,1.9000000000000004,9947.04,3147.0,2026-05-01T13:58:00-04:00,1.8499999999999996,10047.040000000003,2910.0,2026-05-01T10:01:00-04:00,3.450000000000003,6847.039999999995,3236.0,2026-05-01T15:27:00-04:00,0.8999999999999995,11947.040000000003,3237.0,2026-05-01T15:28:00-04:00,0.8999999999999999,11947.04,3238.0,2026-05-01T15:29:00-04:00,0.8000000000000003,12147.04,3237.0,2026-05-01T15:28:00-04:00,0.8999999999999999,11947.04,,,,,,,,,,,,,,,,,3395
2026-05-01,2026-05-04,3,5.0,2026-05-01T09:31:00-04:00,4.949999999999989,NDXP  260504P27600000,NDXP  260504P27590000,final_holdout,False,False,0,0,1,0,0,793,available,False,2026-05-01T09:31:00-04:00,2026-05-04T15:58:00-04:00,0.025000000000000022,9597.039999999979,2.0,last_observed_quote_not_settlement,3916.0,21,14,4.949999999999989,-252.9599999999993,2026-05-01T09:32:00-04:00,0.0,3.6999999999999886,2247.040000000001,2026-05-01T09:33:00-04:00,0.0,4.200000000000017,1247.0399999999438,2026-05-01T09:36:00-04:00,0.0,3.5999999999999943,2447.0399999999895,2026-05-01T09:41:00-04:00,0.0,3.799999999999997,2047.0399999999836,2026-05-01T09:46:00-04:00,0.0,2.700000000000017,4247.039999999944,2026-05-01T10:01:00-04:00,0.0,3.1500000000000057,3347.0399999999668,2026-05-01T10:31:00-04:00,0.0,2.549999999999997,4547.039999999984,2026-05-01T11:31:00-04:00,0.0,2.8500000000000085,3947.039999999961,2026-05-01T16:00:00-04:00,0.0,,,2026-05-01T16:15:00-04:00,85500.0,,,2026-05-01T16:15:00-04:00,171900.0,,,2026-05-04T15:58:00-04:00,120.0,0.0,hit,0.0,hit,2.0,hit,20.0,hit,4326.0,hit,4349.0,hit,4392.0,hit,4476.0,hit,4476.0,hit,,never_hit,,never_hit,,never_hit,,never_hit,4.949999999999989,0,False,False,False,False,,4.949999999999989,0,False,False,False,False,,4.949999999999989,0,False,False,False,False,,4.949999999999989,0,False,False,False,False,,20.0,2026-05-01T09:51:00-04:00,2.799999999999997,4047.0399999999836,30.0,2026-05-01T10:01:00-04:00,2.700000000000017,4247.039999999944,31.0,2026-05-01T10:02:00-04:00,2.450000000000003,4747.039999999973,21.0,2026-05-01T09:52:00-04:00,3.700000000000017,2247.039999999944,4331.0,2026-05-04T09:42:00-04:00,1.6000000000000014,6447.039999999975,4332.0,2026-05-04T09:43:00-04:00,1.6000000000000014,6447.039999999975,4333.0,2026-05-04T09:44:00-04:00,1.4499999999999993,6747.039999999979,4332.0,2026-05-04T09:43:00-04:00,1.6000000000000014,6447.039999999975,4362.0,2026-05-04T10:13:00-04:00,0.8000000000000007,8047.039999999976,4363.0,2026-05-04T10:14:00-04:00,0.8499999999999979,7947.039999999982,4364.0,2026-05-04T10:15:00-04:00,0.8499999999999996,7947.039999999979,4363.0,2026-05-04T10:14:00-04:00,0.8499999999999979,7947.039999999982,4393.0,2026-05-04T10:44:00-04:00,0.40000000000000036,8847.039999999979,4400.0,2026-05-04T10:51:00-04:00,0.40000000000000213,8847.039999999975,4401.0,2026-05-04T10:52:00-04:00,0.40000000000000036,8847.039999999979,4394.0,2026-05-04T10:45:00-04:00,0.5,8647.039999999979,3396
2026-05-01,2026-05-04,3,6.0,2026-05-01T09:31:00-04:00,5.949999999999989,NDXP  260504P27660000,NDXP  260504P27650000,final_holdout,False,False,0,0,0,0,0,795,available,False,2026-05-01T09:31:00-04:00,2026-05-04T16:00:00-04:00,6.875,-2102.960000000022,0.0,last_observed_quote_not_settlement,3916.0,100,83,5.75,147.03999999997797,2026-05-01T09:32:00-04:00,0.0,5.400000000000006,847.0399999999665,2026-05-01T09:33:00-04:00,0.0,5.249999999999972,1147.0400000000348,2026-05-01T09:36:00-04:00,0.0,4.199999999999989,3247.040000000001,2026-05-01T09:41:00-04:00,0.0,4.549999999999983,2547.0400000000122,2026-05-01T09:46:00-04:00,0.0,3.25,5147.039999999978,2026-05-01T10:01:00-04:00,0.0,3.5999999999999943,4447.039999999989,2026-05-01T10:31:00-04:00,0.0,3.200000000000017,5247.039999999944,2026-05-01T11:31:00-04:00,0.0,3.4499999999999886,4747.040000000001,2026-05-01T16:00:00-04:00,0.0,,,2026-05-01T16:15:00-04:00,85500.0,,,2026-05-01T16:15:00-04:00,171900.0,6.875,-2102.960000000022,2026-05-04T16:00:00-04:00,0.0,2.0,hit,4.0,hit,14.0,hit,33.0,hit,4349.0,hit,4390.0,hit,,never_hit,3.0,hit,4433.0,hit,4433.0,hit,4529.0,hit,4705.0,hit,4705.0,hit,6.650000000000006,1,False,False,False,False,,6.699999999999989,2,False,False,False,False,,6.699999999999989,2,False,False,False,False,,,,True,True,True,False,5.2999999999999865,43.0,2026-05-01T10:14:00-04:00,2.9499999999999886,5747.040000000001,130.0,2026-05-01T11:41:00-04:00,2.8499999999999943,5947.039999999989,138.0,2026-05-01T11:49:00-04:00,2.8499999999999943,5947.039999999989,44.0,2026-05-01T10:15:00-04:00,3.1000000000000227,5447.039999999933,4349.0,2026-05-04T10:00:00-04:00,1.5499999999999972,8547.039999999985,4350.0,2026-05-04T10:01:00-04:00,1.8500000000000014,7947.039999999975,4363.0,2026-05-04T10:14:00-04:00,1.6000000000000014,8447.039999999975,4350.0,2026-05-04T10:01:00-04:00,1.8500000000000014,7947.039999999975,4392.0,2026-05-04T10:43:00-04:00,0.8999999999999986,9847.03999999998,4393.0,2026-05-04T10:44:00-04:00,0.8499999999999996,9947.039999999979,4394.0,2026-05-04T10:45:00-04:00,0.9499999999999993,9747.03999999998,4393.0,2026-05-04T10:44:00-04:00,0.8499999999999996,9947.039999999979,,,,,,,,,,,,,,,,,3397
2026-05-01,2026-05-04,3,7.0,2026-05-01T09:31:00-04:00,7.100000000000023,NDXP  260504P27810000,NDXP  260504P27800000,final_holdout,False,False,0,0,0,25,0,770,available,False,2026-05-01T09:31:00-04:00,2026-05-04T16:00:00-04:00,10.0,-5952.959999999955,0.0,last_observed_quote_not_settlement,3916.0,269,42,7.550000000000068,-1152.9600000000903,2026-05-01T09:32:00-04:00,0.0,7.350000000000023,-752.9599999999994,2026-05-01T09:33:00-04:00,0.0,6.749999999999972,447.040000000103,2026-05-01T09:36:00-04:00,0.0,5.300000000000011,3347.0400000000236,2026-05-01T09:41:00-04:00,0.0,6.5,947.0400000000461,2026-05-01T09:46:00-04:00,0.0,5.199999999999989,3547.040000000069,2026-05-01T10:01:00-04:00,0.0,5.699999999999989,2547.040000000069,2026-05-01T10:31:00-04:00,0.0,5.149999999999977,3647.040000000092,2026-05-01T11:31:00-04:00,0.0,5.5,2947.0400000000463,2026-05-01T16:00:00-04:00,0.0,,,2026-05-01T16:15:00-04:00,85500.0,,,2026-05-01T16:15:00-04:00,171900.0,10.0,-5952.959999999955,2026-05-04T16:00:00-04:00,0.0,10.0,hit,21.0,hit,53.0,hit,331.0,hit,,never_hit,,never_hit,,never_hit,97.0,hit,123.0,hit,0.0,hit,123.0,hit,4442.0,hit,4450.0,hit,8.800000000000011,13,True,True,False,False,,,,True,True,True,False,4.5,,,True,True,True,False,4.5,,,True,True,True,False,4.5,331.0,2026-05-01T15:02:00-04:00,2.9000000000000057,8147.0400000000345,,,,,,,,,332.0,2026-05-01T15:03:00-04:00,3.1499999999999773,7647.040000000092,,,,,,,,,,,,,,,,,,,,,,,,,,,,,,,,,,,,,,,,,,,,,,,,,3398
2026-05-04,2026-05-06,2,5.0,2026-05-04T09:31:00-04:00,4.949999999999989,NDXP  260506P27770000,NDXP  260506P27760000,final_holdout,False,False,0,0,3,6,0,1128,available,False,2026-05-04T09:31:00-04:00,2026-05-06T14:54:00-04:00,0.0,9647.039999999979,66.0,last_observed_quote_not_settlement,1036.0,264,59,4.699999999999989,247.04000000000067,2026-05-04T09:32:00-04:00,0.0,5.449999999999989,-1252.9599999999994,2026-05-04T09:33:00-04:00,0.0,5.350000000000023,-1052.9600000000676,2026-05-04T09:36:00-04:00,0.0,5.0,-352.96000000002203,2026-05-04T09:41:00-04:00,0.0,3.75,2147.039999999978,2026-05-04T09:46:00-04:00,0.0,4.449999999999989,747.0400000000006,2026-05-04T10:01:00-04:00,0.0,4.150000000000034,1347.0399999999097,2026-05-04T10:31:00-04:00,0.0,5.100000000000023,-552.9600000000676,2026-05-04T11:31:00-04:00,0.0,5.450000000000017,-1252.9600000000562,2026-05-04T16:00:00-04:00,0.0,1.6999999999999886,6247.040000000001,2026-05-05T16:00:00-04:00,0.0,,,2026-05-06T14:54:00-04:00,3960.0,,,,,0.0,hit,0.0,hit,15.0,hit,93.0,hit,395.0,hit,2880.0,hit,2880.0,hit,2.0,hit,112.0,hit,289.0,hit,,never_hit,,never_hit,,never_hit,5.799999999999983,10,False,False,False,False,,7.25,260,True,False,False,False,,7.25,264,True,False,False,False,,7.25,264,True,False,False,False,,93.0,2026-05-04T11:04:00-04:00,2.9499999999999886,3747.040000000001,94.0,2026-05-04T11:05:00-04:00,2.6999999999999886,4247.040000000001,397.0,2026-05-04T16:08:00-04:00,2.0,5647.039999999978,94.0,2026-05-04T11:05:00-04:00,2.6999999999999886,4247.040000000001,395.0,2026-05-04T16:06:00-04:00,1.5,6647.039999999978,1496.0,2026-05-05T10:27:00-04:00,1.9000000000000057,5847.039999999966,1497.0,2026-05-05T10:28:00-04:00,1.7999999999999972,6047.039999999984,396.0,2026-05-04T16:07:00-04:00,2.0,5647.039999999978,2880.0,2026-05-06T09:31:00-04:00,0.3000000000000007,9047.039999999977,2881.0,2026-05-06T09:32:00-04:00,0.14999999999999947,9347.039999999979,2882.0,2026-05-06T09:33:00-04:00,0.20000000000000018,9247.039999999979,2881.0,2026-05-06T09:32:00-04:00,0.14999999999999947,9347.039999999979,2880.0,2026-05-06T09:31:00-04:00,0.3000000000000007,9047.039999999977,2881.0,2026-05-06T09:32:00-04:00,0.14999999999999947,9347.039999999979,2882.0,2026-05-06T09:33:00-04:00,0.20000000000000018,9247.039999999979,2881.0,2026-05-06T09:32:00-04:00,0.14999999999999947,9347.039999999979,3399
2026-05-04,2026-05-06,2,6.0,2026-05-04T09:31:00-04:00,6.0,NDXP  260506P28120000,NDXP  260506P28110000,final_holdout,False,False,0,0,3,10,0,1141,available,False,2026-05-04T09:31:00-04:00,2026-05-06T15:13:00-04:00,0.0,11747.04,47.0,last_observed_quote_not_settlement,1036.0,516,88,2.25,7247.040000000001,2026-05-04T09:32:00-04:00,0.0,8.100000000000023,-4452.960000000046,2026-05-04T09:33:00-04:00,0.0,7.650000000000034,-3552.9600000000673,2026-05-04T09:36:00-04:00,0.0,8.399999999999977,-5052.9599999999555,2026-05-04T09:41:00-04:00,0.0,8.099999999999966,-4452.959999999933,2026-05-04T09:46:00-04:00,0.0,9.0,-6252.960000000001,2026-05-04T10:01:00-04:00,0.0,8.199999999999989,-4652.959999999978,2026-05-04T10:31:00-04:00,0.0,7.399999999999977,-3052.9599999999537,2026-05-04T11:31:00-04:00,0.0,9.549999999999955,-7352.95999999991,2026-05-04T16:00:00-04:00,0.0,6.400000000000006,-1052.9600000000107,2026-05-05T16:00:00-04:00,0.0,,,2026-05-06T15:13:00-04:00,2820.0,,,,,1.0,hit,1.0,hit,1.0,hit,1.0,hit,1724.0,hit,2893.0,hit,2949.0,hit,2.0,hit,2.0,hit,2.0,hit,2.0,hit,4.0,hit,4.0,hit,6.0,0,False,False,False,False,,10.0,507,True,True,True,True,,10.0,516,True,True,True,True,,10.0,516,True,True,True,True,,1.0,2026-05-04T09:32:00-04:00,2.25,7247.040000000001,2881.0,2026-05-06T09:32:00-04:00,2.0,7747.040000000001,2882.0,2026-05-06T09:33:00-04:00,1.5,8747.04,2.0,2026-05-04T09:33:00-04:00,8.100000000000023,-4452.960000000046,1724.0,2026-05-05T14:15:00-04:00,1.5500000000000114,8647.039999999979,2883.0,2026-05-06T09:34:00-04:00,1.6000000000000014,8547.039999999999,2884.0,2026-05-06T09:35:00-04:00,1.3500000000000014,9047.039999999999,1725.0,2026-05-05T14:16:00-04:00,4.399999999999977,2947.0400000000463,2894.0,2026-05-06T09:45:00-04:00,0.8000000000000007,10147.04,2895.0,2026-05-06T09:46:00-04:00,0.8999999999999986,9947.040000000005,2899.0,2026-05-06T09:50:00-04:00,0.9499999999999993,9847.040000000003,2895.0,2026-05-06T09:46:00-04:00,0.8999999999999986,9947.040000000005,2951.0,2026-05-06T10:42:00-04:00,0.25,11247.04,2952.0,2026-05-06T10:43:00-04:00,0.4499999999999993,10847.040000000003,2959.0,2026-05-06T10:50:00-04:00,0.2999999999999998,11147.040000000003,2952.0,2026-05-06T10:43:00-04:00,0.4499999999999993,10847.040000000003,3400
2026-05-04,2026-05-06,2,7.0,2026-05-04T09:31:00-04:00,6.9500000000000455,NDXP  260506P27890000,NDXP  260506P27880000,final_holdout,False,False,0,0,10,28,0,1112,available,False,2026-05-04T09:31:00-04:00,2026-05-06T15:02:00-04:00,0.024999999999999994,13597.040000000092,58.0,last_observed_quote_not_settlement,1036.0,93,95,4.800000000000011,4047.040000000069,2026-05-04T09:32:00-04:00,0.0,6.150000000000034,1347.0400000000234,2026-05-04T09:33:00-04:00,0.0,6.199999999999989,1247.0400000001143,2026-05-04T09:36:00-04:00,0.0,6.050000000000011,1547.0400000000689,2026-05-04T09:41:00-04:00,0.0,5.950000000000017,1747.0400000000575,2026-05-04T09:46:00-04:00,0.0,5.800000000000011,2047.040000000069,2026-05-04T10:01:00-04:00,0.0,5.550000000000011,2547.040000000069,2026-05-04T10:31:00-04:00,0.0,6.350000000000023,947.0400000000461,2026-05-04T11:31:00-04:00,0.0,6.650000000000034,347.04000000002344,2026-05-04T16:00:00-04:00,0.0,2.799999999999997,8047.040000000097,2026-05-05T16:00:00-04:00,0.0,,,2026-05-06T15:02:00-04:00,3480.0,,,,,1.0,hit,1.0,hit,24.0,hit,1494.0,hit,1844.0,hit,2880.0,hit,2880.0,hit,87.0,hit,87.0,hit,87.0,hit,87.0,hit,87.0,hit,87.0,hit,10.0,93,True,True,True,True,,10.0,93,True,True,True,True,,10.0,93,True,True,True,True,,10.0,93,True,True,True,True,,1495.0,2026-05-05T10:26:00-04:00,2.799999999999997,8047.040000000097,1496.0,2026-05-05T10:27:00-04:00,2.8999999999999915,7847.040000000109,1497.0,2026-05-05T10:28:00-04:00,2.8999999999999915,7847.040000000109,1496.0,2026-05-05T10:27:00-04:00,2.8999999999999915,7847.040000000109,1844.0,2026-05-05T16:15:00-04:00,1.1000000000000014,11447.04000000009,2881.0,2026-05-06T09:32:00-04:00,0.40000000000000036,12847.040000000092,2882.0,2026-05-06T09:33:00-04:00,0.3999999999999986,12847.040000000095,,,,,2880.0,2026-05-06T09:31:00-04:00,0.4499999999999993,12747.040000000094,2881.0,2026-05-06T09:32:00-04:00,0.40000000000000036,12847.040000000092,2882.0,2026-05-06T09:33:00-04:00,0.3999999999999986,12847.040000000095,2881.0,2026-05-06T09:32:00-04:00,0.40000000000000036,12847.040000000092,2880.0,2026-05-06T09:31:00-04:00,0.4499999999999993,12747.040000000094,2881.0,2026-05-06T09:32:00-04:00,0.40000000000000036,12847.040000000092,2882.0,2026-05-06T09:33:00-04:00,0.3999999999999986,12847.040000000095,2881.0,2026-05-06T09:32:00-04:00,0.40000000000000036,12847.040000000092,3401
2026-05-04,2026-05-07,3,5.0,2026-05-04T09:31:00-04:00,5.0,NDXP  260507P27840000,NDXP  260507P27830000,final_holdout,False,False,0,0,24,69,0,1467,available,False,2026-05-04T09:31:00-04:00,2026-05-07T14:54:00-04:00,0.025000000000000022,9697.04,66.0,last_observed_quote_not_settlement,1036.0,340,53,4.749999999999943,247.04000000011436,2026-05-04T09:32:00-04:00,0.0,5.25,-752.9599999999994,2026-05-04T09:33:00-04:00,0.0,5.5499999999999545,-1352.9599999999084,2026-05-04T09:36:00-04:00,0.0,5.399999999999977,-1052.9599999999539,2026-05-04T09:41:00-04:00,0.0,3.8499999999999943,2047.0400000000122,2026-05-04T09:46:00-04:00,0.0,5.050000000000011,-352.96000000002203,2026-05-04T10:01:00-04:00,0.0,5.049999999999983,-352.9599999999652,2026-05-04T10:31:00-04:00,0.0,6.099999999999966,-2452.959999999931,2026-05-04T11:31:00-04:00,0.0,5.649999999999977,-1552.9599999999539,2026-05-04T16:00:00-04:00,0.0,2.700000000000003,4347.039999999995,2026-05-05T16:00:00-04:00,0.0,0.09999999999999964,9547.040000000003,2026-05-06T16:00:00-04:00,0.0,,,2026-05-07T14:54:00-04:00,3960.0,0.0,hit,0.0,hit,15.0,hit,109.0,hit,2880.0,hit,2881.0,hit,2893.0,hit,4.0,hit,91.0,hit,133.0,hit,133.0,hit,,never_hit,,never_hit,6.550000000000011,62,False,False,False,False,,8.150000000000034,340,True,True,False,False,,8.150000000000034,340,True,True,False,False,,8.150000000000034,340,True,True,False,False,,109.0,2026-05-04T11:20:00-04:00,2.8999999999999773,3947.0400000000463,1495.0,2026-05-05T10:26:00-04:00,2.75,4247.040000000001,1496.0,2026-05-05T10:27:00-04:00,2.8000000000000114,4147.039999999978,110.0,2026-05-04T11:21:00-04:00,6.000000000000057,-2252.960000000113,2880.0,2026-05-06T09:31:00-04:00,1.2000000000000028,7347.039999999995,2881.0,2026-05-06T09:32:00-04:00,0.9499999999999957,7847.040000000009,2882.0,2026-05-06T09:33:00-04:00,0.9000000000000021,7947.039999999996,2881.0,2026-05-06T09:32:00-04:00,0.9499999999999957,7847.040000000009,2881.0,2026-05-06T09:32:00-04:00,0.9499999999999957,7847.040000000009,2882.0,2026-05-06T09:33:00-04:00,0.9000000000000021,7947.039999999996,2883.0,2026-05-06T09:34:00-04:00,0.8000000000000007,8147.04,2882.0,2026-05-06T09:33:00-04:00,0.9000000000000021,7947.039999999996,2953.0,2026-05-06T10:44:00-04:00,0.3000000000000007,9147.04,2961.0,2026-05-06T10:52:00-04:00,0.4499999999999993,8847.040000000003,2962.0,2026-05-06T10:53:00-04:00,0.40000000000000036,8947.04,2954.0,2026-05-06T10:45:00-04:00,0.5,8747.04,3402
2026-05-04,2026-05-07,3,6.0,2026-05-04T09:31:00-04:00,5.950000000000017,NDXP  260507P27740000,NDXP  260507P27730000,final_holdout,False,False,0,0,8,87,0,1430,available,False,2026-05-04T09:31:00-04:00,2026-05-07T13:59:00-04:00,0.0,11647.040000000035,121.0,last_observed_quote_not_settlement,1036.0,7,12,4.200000000000017,3247.040000000001,2026-05-04T09:32:00-04:00,0.0,4.650000000000034,2347.0399999999668,2026-05-04T09:33:00-04:00,0.0,4.700000000000017,2247.040000000001,2026-05-04T09:36:00-04:00,0.0,4.900000000000034,1847.0399999999665,2026-05-04T09:41:00-04:00,0.0,4.199999999999989,3247.0400000000577,2026-05-04T09:46:00-04:00,0.0,4.150000000000006,3347.0400000000236,2026-05-04T10:01:00-04:00,0.0,4.149999999999977,3347.0400000000805,2026-05-04T10:31:00-04:00,0.0,4.999999999999972,1647.0400000000916,2026-05-04T11:31:00-04:00,0.0,5.0,1647.0400000000348,2026-05-04T16:00:00-04:00,0.0,2.0500000000000114,7547.040000000012,2026-05-05T16:00:00-04:00,0.0,0.09999999999999964,11447.040000000037,2026-05-06T16:00:00-04:00,0.0,,,2026-05-07T13:59:00-04:00,7260.0,1.0,hit,1.0,hit,29.0,hit,130.0,hit,397.0,hit,2880.0,hit,2890.0,hit,110.0,hit,110.0,hit,110.0,hit,,never_hit,,never_hit,,never_hit,7.75,3,True,False,False,False,,7.75,7,True,False,False,False,,7.75,7,True,False,False,False,,7.75,7,True,False,False,False,,130.0,2026-05-04T11:41:00-04:00,2.8999999999999773,5847.04000000008,398.0,2026-05-04T16:09:00-04:00,2.0500000000000114,7547.040000000012,399.0,2026-05-04T16:10:00-04:00,1.4499999999999886,8747.040000000059,131.0,2026-05-04T11:42:00-04:00,5.149999999999977,1347.0400000000802,397.0,2026-05-04T16:08:00-04:00,1.3000000000000114,9047.040000000014,1703.0,2026-05-05T13:54:00-04:00,1.8999999999999915,7847.040000000052,1715.0,2026-05-05T14:06:00-04:00,1.9499999999999886,7747.040000000057,398.0,2026-05-04T16:09:00-04:00,2.0500000000000114,7547.040000000012,2880.0,2026-05-06T09:31:00-04:00,0.9499999999999957,9747.040000000045,2881.0,2026-05-06T09:32:00-04:00,0.5500000000000007,10547.040000000034,2882.0,2026-05-06T09:33:00-04:00,0.5999999999999979,10447.040000000039,2881.0,2026-05-06T09:32:00-04:00,0.5500000000000007,10547.040000000034,2897.0,2026-05-06T09:48:00-04:00,0.40000000000000213,10847.040000000032,2903.0,2026-05-06T09:54:00-04:00,0.40000000000000036,10847.040000000035,2904.0,2026-05-06T09:55:00-04:00,0.3500000000000014,10947.040000000034,2898.0,2026-05-06T09:49:00-04:00,0.4999999999999982,10647.040000000039,3403
2026-05-04,2026-05-07,3,7.0,2026-05-04T09:31:00-04:00,6.949999999999989,NDXP  260507P28040000,NDXP  260507P28030000,final_holdout,False,False,0,0,7,26,0,1534,available,False,2026-05-04T09:31:00-04:00,2026-05-07T15:26:00-04:00,0.04999999999999999,13547.039999999979,34.0,last_observed_quote_not_settlement,1036.0,273,98,7.050000000000011,-452.9600000000448,2026-05-04T09:32:00-04:00,0.0,7.100000000000023,-552.9600000000676,2026-05-04T09:33:00-04:00,0.0,6.4500000000000455,747.039999999887,2026-05-04T09:36:00-04:00,0.0,7.100000000000023,-552.9600000000676,2026-05-04T09:41:00-04:00,0.0,7.0,-352.96000000002203,2026-05-04T09:46:00-04:00,0.0,6.75,147.03999999997797,2026-05-04T10:01:00-04:00,0.0,7.149999999999977,-652.9599999999766,2026-05-04T10:31:00-04:00,0.0,7.5,-1352.960000000022,2026-05-04T11:31:00-04:00,0.0,7.300000000000011,-952.9600000000448,2026-05-04T16:00:00-04:00,0.0,3.6000000000000227,6447.039999999933,2026-05-05T16:00:00-04:00,0.0,0.15000000000000036,13347.039999999979,2026-05-06T16:00:00-04:00,0.0,,,2026-05-07T15:26:00-04:00,2040.0,91.0,hit,95.0,hit,1466.0,hit,1488.0,hit,1488.0,hit,1488.0,hit,3173.0,hit,3.0,hit,86.0,hit,1.0,hit,86.0,hit,86.0,hit,86.0,hit,9.899999999999977,273,True,True,True,True,,9.899999999999977,273,True,True,True,True,,9.899999999999977,273,True,True,True,True,,9.899999999999977,273,True,True,True,True,,1488.0,2026-05-05T10:19:00-04:00,1.0,11647.039999999979,2882.0,2026-05-06T09:33:00-04:00,1.9500000000000028,9747.039999999974,2883.0,2026-05-06T09:34:00-04:00,1.9499999999999957,9747.039999999988,1489.0,2026-05-05T10:20:00-04:00,5.300000000000011,3047.0399999999554,1488.0,2026-05-05T10:19:00-04:00,1.0,11647.039999999979,2884.0,2026-05-06T09:35:00-04:00,1.6499999999999986,10347.03999999998,2885.0,2026-05-06T09:36:00-04:00,1.7999999999999972,10047.039999999985,1489.0,2026-05-05T10:20:00-04:00,5.300000000000011,3047.0399999999554,2975.0,2026-05-06T11:06:00-04:00,0.8999999999999986,11847.03999999998,2976.0,2026-05-06T11:07:00-04:00,0.9499999999999993,11747.03999999998,2977.0,2026-05-06T11:08:00-04:00,0.8999999999999986,11847.03999999998,2976.0,2026-05-06T11:07:00-04:00,0.9499999999999993,11747.03999999998,3185.0,2026-05-06T14:36:00-04:00,0.3999999999999986,12847.03999999998,3227.0,2026-05-06T15:18:00-04:00,0.40000000000000036,12847.039999999979,3239.0,2026-05-06T15:30:00-04:00,0.3999999999999986,12847.03999999998,3186.0,2026-05-06T14:37:00-04:00,0.5,12647.039999999979,3404
2026-05-05,2026-05-07,2,5.0,2026-05-05T09:31:00-04:00,5.0,NDXP  260507P27950000,NDXP  260507P27940000,final_holdout,False,False,0,0,23,59,0,1084,available,False,2026-05-05T09:31:00-04:00,2026-05-07T14:51:00-04:00,0.04999999999999993,9647.040000000003,69.0,last_observed_quote_not_settlement,1036.0,5,5,5.199999999999989,-652.9599999999766,2026-05-05T09:32:00-04:00,0.0,5.450000000000017,-1152.9600000000335,2026-05-05T09:33:00-04:00,0.0,4.599999999999966,547.0400000000689,2026-05-05T09:36:00-04:00,0.0,4.449999999999989,847.0400000000234,2026-05-05T09:41:00-04:00,0.0,4.0,1747.0400000000006,2026-05-05T09:46:00-04:00,0.0,4.350000000000023,1047.0399999999552,2026-05-05T10:01:00-04:00,0.0,3.5500000000000114,2647.039999999978,2026-05-05T10:31:00-04:00,0.0,3.75,2247.040000000001,2026-05-05T11:31:00-04:00,0.0,3.5999999999999943,2547.0400000000122,2026-05-05T16:00:00-04:00,0.0,0.25,9247.04,2026-05-06T16:00:00-04:00,0.0,,,2026-05-07T14:51:00-04:00,4140.0,,,,,0.0,hit,0.0,hit,8.0,hit,374.0,hit,374.0,hit,1453.0,hit,1602.0,hit,,never_hit,,never_hit,,never_hit,,never_hit,,never_hit,,never_hit,5.450000000000017,5,False,False,False,False,,5.450000000000017,5,False,False,False,False,,5.450000000000017,5,False,False,False,False,,5.450000000000017,5,False,False,False,False,,374.0,2026-05-05T15:45:00-04:00,1.3499999999999943,7047.040000000012,1441.0,2026-05-06T09:32:00-04:00,1.5,6747.040000000001,1442.0,2026-05-06T09:33:00-04:00,1.25,7247.040000000001,375.0,2026-05-05T15:46:00-04:00,3.5,2747.040000000001,374.0,2026-05-05T15:45:00-04:00,1.3499999999999943,7047.040000000012,1441.0,2026-05-06T09:32:00-04:00,1.5,6747.040000000001,1442.0,2026-05-06T09:33:00-04:00,1.25,7247.040000000001,375.0,2026-05-05T15:46:00-04:00,3.5,2747.040000000001,1453.0,2026-05-06T09:44:00-04:00,0.9499999999999957,7847.040000000009,1465.0,2026-05-06T09:56:00-04:00,0.8500000000000014,8047.039999999998,1506.0,2026-05-06T10:37:00-04:00,0.75,8247.04,1454.0,2026-05-06T09:45:00-04:00,1.0,7747.040000000001,1673.0,2026-05-06T13:24:00-04:00,0.3999999999999986,8947.040000000005,1716.0,2026-05-06T14:07:00-04:00,0.40000000000000036,8947.04,1721.0,2026-05-06T14:12:00-04:00,0.3999999999999986,8947.040000000005,1674.0,2026-05-06T13:25:00-04:00,0.5,8747.04,3405
2026-05-05,2026-05-07,2,6.0,2026-05-05T09:31:00-04:00,6.099999999999909,NDXP  260507P28140000,NDXP  260507P28130000,final_holdout,False,False,0,0,3,11,0,1158,available,False,2026-05-05T09:31:00-04:00,2026-05-07T15:33:00-04:00,0.024999999999999967,11897.039999999819,27.0,last_observed_quote_not_settlement,1036.0,64,57,7.150000000000091,-2352.960000000363,2026-05-05T09:32:00-04:00,0.0,7.350000000000023,-2752.9600000002265,2026-05-05T09:33:00-04:00,0.0,7.150000000000034,-2352.9600000002492,2026-05-05T09:36:00-04:00,0.0,6.600000000000023,-1252.9600000002267,2026-05-05T09:41:00-04:00,0.0,7.050000000000011,-2152.9600000002038,2026-05-05T09:46:00-04:00,0.0,6.050000000000011,-152.96000000020393,2026-05-05T10:01:00-04:00,0.0,6.350000000000023,-752.9600000002267,2026-05-05T10:31:00-04:00,0.0,5.800000000000011,347.03999999979607,2026-05-05T11:31:00-04:00,0.0,6.600000000000023,-1252.9600000002267,2026-05-05T16:00:00-04:00,0.0,0.8499999999999979,10247.039999999824,2026-05-06T16:00:00-04:00,0.0,,,2026-05-07T15:33:00-04:00,1620.0,,,,,53.0,hit,53.0,hit,53.0,hit,53.0,hit,1465.0,hit,1660.0,hit,1838.0,hit,1.0,hit,1.0,hit,1.0,hit,,never_hit,,never_hit,,never_hit,7.4500000000000455,38,True,False,False,False,,7.4500000000000455,64,True,False,False,False,,7.4500000000000455,64,True,False,False,False,,7.4500000000000455,64,True,False,False,False,,53.0,2026-05-05T10:24:00-04:00,2.5,6947.039999999819,1442.0,2026-05-06T09:33:00-04:00,2.5999999999999943,6747.03999999983,1443.0,2026-05-06T09:34:00-04:00,2.6999999999999886,6547.039999999842,54.0,2026-05-05T10:25:00-04:00,6.800000000000011,-1652.960000000204,1465.0,2026-05-06T09:56:00-04:00,1.8999999999999915,8147.039999999836,1505.0,2026-05-06T10:36:00-04:00,1.8500000000000014,8247.039999999817,1506.0,2026-05-06T10:37:00-04:00,1.8999999999999915,8147.039999999836,1466.0,2026-05-06T09:57:00-04:00,2.1000000000000085,7747.039999999802,1693.0,2026-05-06T13:44:00-04:00,0.9499999999999993,10047.03999999982,1722.0,2026-05-06T14:13:00-04:00,0.9499999999999993,10047.03999999982,1723.0,2026-05-06T14:14:00-04:00,0.9000000000000021,10147.039999999815,1694.0,2026-05-06T13:45:00-04:00,1.0499999999999972,9847.039999999826,1844.0,2026-05-06T16:15:00-04:00,0.3999999999999986,11147.039999999823,2881.0,2026-05-07T09:32:00-04:00,0.1999999999999993,11547.03999999982,2882.0,2026-05-07T09:33:00-04:00,0.1999999999999993,11547.03999999982,,,,,3406
2026-05-05,2026-05-07,2,7.0,2026-05-05T09:31:00-04:00,7.0,NDXP  260507P28010000,NDXP  260507P28000000,final_holdout,False,False,0,0,25,32,0,1120,available,False,2026-05-05T09:31:00-04:00,2026-05-07T15:24:00-04:00,0.25000000000000006,13247.04,36.0,last_observed_quote_not_settlement,1036.0,0,0,5.5,2747.040000000001,2026-05-05T09:32:00-04:00,0.0,6.149999999999977,1447.0400000000461,2026-05-05T09:33:00-04:00,0.0,5.199999999999989,3347.0400000000236,2026-05-05T09:36:00-04:00,0.0,4.949999999999989,3847.0400000000236,2026-05-05T09:41:00-04:00,0.0,5.050000000000011,3647.039999999978,2026-05-05T09:46:00-04:00,0.0,4.550000000000011,4647.039999999978,2026-05-05T10:01:00-04:00,0.0,4.25,5247.040000000001,2026-05-05T10:31:00-04:00,0.0,4.25,5247.040000000001,2026-05-05T11:31:00-04:00,0.0,4.300000000000011,5147.039999999978,2026-05-05T16:00:00-04:00,0.0,0.4499999999999993,12847.040000000003,2026-05-06T16:00:00-04:00,0.0,,,2026-05-07T15:24:00-04:00,2160.0,,,,,1.0,hit,4.0,hit,14.0,hit,82.0,hit,97.0,hit,1504.0,hit,1604.0,hit,,never_hit,,never_hit,0.0,hit,,never_hit,,never_hit,,never_hit,7.0,0,True,False,False,False,,7.0,0,True,False,False,False,,7.0,0,True,False,False,False,,7.0,0,True,False,False,False,,82.0,2026-05-05T10:53:00-04:00,2.8500000000000227,8047.039999999955,1441.0,2026-05-06T09:32:00-04:00,1.75,10247.04,1442.0,2026-05-06T09:33:00-04:00,1.5,10747.04,83.0,2026-05-05T10:54:00-04:00,3.7000000000000455,6347.03999999991,1441.0,2026-05-06T09:32:00-04:00,1.75,10247.04,1442.0,2026-05-06T09:33:00-04:00,1.5,10747.04,1443.0,2026-05-06T09:34:00-04:00,1.6499999999999986,10447.040000000005,1442.0,2026-05-06T09:33:00-04:00,1.5,10747.04,1511.0,2026-05-06T10:42:00-04:00,0.8999999999999986,11947.040000000005,1518.0,2026-05-06T10:49:00-04:00,0.9499999999999993,11847.040000000003,1519.0,2026-05-06T10:50:00-04:00,0.8999999999999986,11947.040000000005,1512.0,2026-05-06T10:43:00-04:00,1.0,11747.04,1717.0,2026-05-06T14:08:00-04:00,0.4499999999999993,12847.040000000003,1764.0,2026-05-06T14:55:00-04:00,0.3999999999999986,12947.040000000005,1765.0,2026-05-06T14:56:00-04:00,0.4499999999999993,12847.040000000003,1718.0,2026-05-06T14:09:00-04:00,0.5500000000000007,12647.04,3407
2026-05-05,2026-05-08,3,5.0,2026-05-05T09:31:00-04:00,4.900000000000034,NDXP  260508P27980000,NDXP  260508P27970000,final_holdout,False,False,0,0,4,6,0,1478,available,False,2026-05-05T09:31:00-04:00,2026-05-08T14:00:00-04:00,0.09999999999999998,9347.040000000068,120.0,last_observed_quote_not_settlement,1036.0,6,9,5.19999999999996,-852.9599999998516,2026-05-05T09:32:00-04:00,0.0,5.349999999999994,-1152.9599999999198,2026-05-05T09:33:00-04:00,0.0,4.200000000000017,1147.0400000000348,2026-05-05T09:36:00-04:00,0.0,4.099999999999994,1347.0400000000802,2026-05-05T09:41:00-04:00,0.0,4.25,1047.0400000000689,2026-05-05T09:46:00-04:00,0.0,8.200000000000017,-6852.959999999967,2026-05-05T10:01:00-04:00,0.0,3.7999999999999545,1947.0400000001598,2026-05-05T10:31:00-04:00,0.0,3.950000000000017,1647.0400000000348,2026-05-05T11:31:00-04:00,0.0,3.950000000000017,1647.0400000000348,2026-05-05T16:00:00-04:00,0.0,0.8000000000000043,7947.04000000006,2026-05-06T16:00:00-04:00,0.0,0.5,8547.04000000007,2026-05-07T16:00:00-04:00,0.0,,,2026-05-08T14:00:00-04:00,7200.0,0.0,hit,0.0,hit,19.0,hit,29.0,hit,29.0,hit,29.0,hit,29.0,hit,30.0,hit,30.0,hit,30.0,hit,30.0,hit,,never_hit,,never_hit,5.349999999999994,2,False,False,False,False,,5.349999999999994,2,False,False,False,False,,5.349999999999994,2,False,False,False,False,,5.349999999999994,2,False,False,False,False,,29.0,2026-05-05T10:00:00-04:00,0.0,9547.04000000007,1441.0,2026-05-06T09:32:00-04:00,2.049999999999997,5447.0400000000745,1442.0,2026-05-06T09:33:00-04:00,2.0,5547.040000000069,30.0,2026-05-05T10:01:00-04:00,8.200000000000017,-6852.959999999967,29.0,2026-05-05T10:00:00-04:00,0.0,9547.04000000007,1451.0,2026-05-06T09:42:00-04:00,1.9000000000000057,5747.040000000057,1455.0,2026-05-06T09:46:00-04:00,1.6500000000000057,6247.040000000057,30.0,2026-05-05T10:01:00-04:00,8.200000000000017,-6852.959999999967,29.0,2026-05-05T10:00:00-04:00,0.0,9547.04000000007,1742.0,2026-05-06T14:33:00-04:00,0.8999999999999986,7747.040000000072,1746.0,2026-05-06T14:37:00-04:00,0.7999999999999972,7947.0400000000745,30.0,2026-05-05T10:01:00-04:00,8.200000000000017,-6852.959999999967,29.0,2026-05-05T10:00:00-04:00,0.0,9547.04000000007,2885.0,2026-05-07T09:36:00-04:00,0.40000000000000213,8747.040000000066,2907.0,2026-05-07T09:58:00-04:00,0.3999999999999986,8747.040000000072,30.0,2026-05-05T10:01:00-04:00,8.200000000000017,-6852.959999999967,3408
2026-05-05,2026-05-08,3,6.0,2026-05-05T09:31:00-04:00,5.949999999999989,NDXP  260508P28090000,NDXP  260508P28080000,final_holdout,False,False,0,0,4,14,0,1468,available,False,2026-05-05T09:31:00-04:00,2026-05-08T14:00:00-04:00,0.0,11647.039999999979,120.0,last_observed_quote_not_settlement,1038.0,30,55,6.2999999999999545,-952.9599999999311,2026-05-05T09:32:00-04:00,0.0,5.900000000000034,-152.96000000009025,2026-05-05T09:33:00-04:00,0.0,6.099999999999966,-552.9599999999539,2026-05-05T09:36:00-04:00,0.0,5.399999999999977,847.0400000000234,2026-05-05T09:41:00-04:00,0.0,3.5,4647.039999999978,2026-05-05T09:46:00-04:00,0.0,5.149999999999977,1347.0400000000234,2026-05-05T10:01:00-04:00,0.0,5.099999999999966,1447.0400000000461,2026-05-05T10:31:00-04:00,0.0,5.149999999999977,1347.0400000000234,2026-05-05T11:31:00-04:00,0.0,4.949999999999989,1747.0400000000006,2026-05-05T16:00:00-04:00,0.0,1.0499999999999972,9547.039999999985,2026-05-06T16:00:00-04:00,0.0,0.6999999999999993,10247.03999999998,2026-05-07T16:00:00-04:00,0.0,,,2026-05-08T14:00:00-04:00,7200.0,3.0,hit,4.0,hit,15.0,hit,23.0,hit,178.0,hit,277.0,hit,2915.0,hit,16.0,hit,85.0,hit,85.0,hit,,never_hit,,never_hit,,never_hit,6.850000000000023,4,False,False,False,False,,7.0,12,True,False,False,False,,7.0,17,True,False,False,False,,7.050000000000011,30,True,False,False,False,,23.0,2026-05-05T09:54:00-04:00,2.75,6147.039999999978,1442.0,2026-05-06T09:33:00-04:00,2.700000000000003,6247.039999999973,1443.0,2026-05-06T09:34:00-04:00,2.75,6147.039999999978,24.0,2026-05-05T09:55:00-04:00,5.4500000000000455,747.039999999887,178.0,2026-05-05T12:29:00-04:00,1.3500000000000227,8947.039999999934,1517.0,2026-05-06T10:48:00-04:00,1.8499999999999943,7947.039999999989,1518.0,2026-05-06T10:49:00-04:00,1.9000000000000057,7847.039999999966,179.0,2026-05-05T12:30:00-04:00,5.149999999999977,1347.0400000000234,277.0,2026-05-05T14:08:00-04:00,0.5500000000000114,10547.039999999955,1844.0,2026-05-06T16:15:00-04:00,0.7999999999999972,10047.039999999985,2882.0,2026-05-07T09:33:00-04:00,0.7000000000000028,10247.039999999974,278.0,2026-05-05T14:09:00-04:00,4.300000000000011,3047.0399999999554,2918.0,2026-05-07T10:09:00-04:00,0.4499999999999993,10747.03999999998,2932.0,2026-05-07T10:23:00-04:00,0.40000000000000213,10847.039999999975,2949.0,2026-05-07T10:40:00-04:00,0.40000000000000213,10847.039999999975,2919.0,2026-05-07T10:10:00-04:00,0.5500000000000007,10547.039999999977,3409
2026-05-05,2026-05-08,3,7.0,2026-05-05T09:31:00-04:00,7.0499999999999545,NDXP  260508P28230000,NDXP  260508P28220000,final_holdout,False,False,0,0,0,16,0,1481,available,False,2026-05-05T09:31:00-04:00,2026-05-08T14:15:00-04:00,0.0,13847.03999999991,105.0,last_observed_quote_not_settlement,1036.0,15,23,8.050000000000011,-2252.9600000001146,2026-05-05T09:32:00-04:00,0.0,7.150000000000034,-452.96000000015846,2026-05-05T09:33:00-04:00,0.0,6.449999999999989,947.0399999999324,2026-05-05T09:36:00-04:00,0.0,6.75,347.03999999990975,2026-05-05T09:41:00-04:00,0.0,6.350000000000023,1147.0399999998642,2026-05-05T09:46:00-04:00,0.0,5.25,3347.03999999991,2026-05-05T10:01:00-04:00,0.0,5.0499999999999545,3747.040000000001,2026-05-05T10:31:00-04:00,0.0,6.0,1847.0399999999097,2026-05-05T11:31:00-04:00,0.0,5.849999999999966,2147.039999999978,2026-05-05T16:00:00-04:00,0.0,1.750000000000007,10347.039999999897,2026-05-06T16:00:00-04:00,0.0,1.2999999999999972,11247.039999999917,2026-05-07T16:00:00-04:00,0.0,,,2026-05-08T14:15:00-04:00,6300.0,30.0,hit,122.0,hit,1442.0,hit,1455.0,hit,1455.0,hit,2885.0,hit,2969.0,hit,1.0,hit,1.0,hit,0.0,hit,1.0,hit,,never_hit,,never_hit,8.199999999999989,15,True,True,False,False,,8.199999999999989,15,True,True,False,False,,8.199999999999989,15,True,True,False,False,,8.199999999999989,15,True,True,False,False,,1455.0,2026-05-06T09:46:00-04:00,1.8499999999999943,10147.039999999923,1510.0,2026-05-06T10:41:00-04:00,2.75,8347.03999999991,1511.0,2026-05-06T10:42:00-04:00,2.9000000000000057,8047.039999999898,1456.0,2026-05-06T09:47:00-04:00,3.299999999999983,7247.039999999944,1455.0,2026-05-06T09:46:00-04:00,1.8499999999999943,10147.039999999923,1746.0,2026-05-06T14:37:00-04:00,1.8499999999999943,10147.039999999923,1747.0,2026-05-06T14:38:00-04:00,1.75,10347.03999999991,1456.0,2026-05-06T09:47:00-04:00,3.299999999999983,7247.039999999944,2908.0,2026-05-07T09:59:00-04:00,0.8999999999999986,12047.039999999914,2915.0,2026-05-07T10:06:00-04:00,0.8500000000000014,12147.039999999908,2916.0,2026-05-07T10:07:00-04:00,0.7499999999999964,12347.039999999917,2909.0,2026-05-07T10:00:00-04:00,1.2000000000000028,11447.039999999904,4320.0,2026-05-08T09:31:00-04:00,0.25,13347.03999999991,4321.0,2026-05-08T09:32:00-04:00,0.14999999999999947,13547.039999999912,4322.0,2026-05-08T09:33:00-04:00,0.20000000000000018,13447.03999999991,4321.0,2026-05-08T09:32:00-04:00,0.14999999999999947,13547.039999999912,3410
2026-05-06,2026-05-08,2,5.0,2026-05-06T09:31:00-04:00,5.099999999999994,NDXP  260508P28290000,NDXP  260508P28280000,final_holdout,False,False,0,0,0,4,0,1093,available,False,2026-05-06T09:31:00-04:00,2026-05-08T14:20:00-04:00,0.025000000000000022,9897.03999999999,100.0,last_observed_quote_not_settlement,1036.0,0,0,4.949999999999989,47.04000000001208,2026-05-06T09:32:00-04:00,0.0,4.200000000000017,1547.0399999999552,2026-05-06T09:33:00-04:00,0.0,4.099999999999994,1747.0400000000006,2026-05-06T09:36:00-04:00,0.0,3.9499999999999886,2047.0400000000122,2026-05-06T09:41:00-04:00,0.0,3.8499999999999943,2247.040000000001,2026-05-06T09:46:00-04:00,0.0,3.799999999999983,2347.0400000000236,2026-05-06T10:01:00-04:00,0.0,4.150000000000034,1647.039999999921,2026-05-06T10:31:00-04:00,0.0,2.8000000000000114,4347.039999999966,2026-05-06T11:31:00-04:00,0.0,2.0,5947.039999999989,2026-05-06T16:00:00-04:00,0.0,1.6000000000000014,6747.039999999986,2026-05-07T16:00:00-04:00,0.0,,,2026-05-08T14:20:00-04:00,6000.0,,,,,0.0,hit,1.0,hit,3.0,hit,100.0,hit,359.0,hit,1477.0,hit,2880.0,hit,,never_hit,,never_hit,,never_hit,,never_hit,,never_hit,,never_hit,5.099999999999994,0,False,False,False,False,,5.099999999999994,0,False,False,False,False,,5.099999999999994,0,False,False,False,False,,5.099999999999994,0,False,False,False,False,,107.0,2026-05-06T11:18:00-04:00,2.8500000000000085,4247.039999999973,108.0,2026-05-06T11:19:00-04:00,2.8499999999999943,4247.040000000001,109.0,2026-05-06T11:20:00-04:00,2.799999999999997,4347.039999999995,108.0,2026-05-06T11:19:00-04:00,2.8499999999999943,4247.040000000001,387.0,2026-05-06T15:58:00-04:00,1.8999999999999915,6147.040000000006,392.0,2026-05-06T16:03:00-04:00,1.8999999999999773,6147.0400000000345,393.0,2026-05-06T16:04:00-04:00,1.7999999999999972,6347.039999999995,388.0,2026-05-06T15:59:00-04:00,2.0,5947.039999999989,1479.0,2026-05-07T10:10:00-04:00,0.9499999999999957,8047.039999999998,1485.0,2026-05-07T10:16:00-04:00,0.9000000000000057,8147.039999999978,1486.0,2026-05-07T10:17:00-04:00,0.8999999999999986,8147.039999999993,1480.0,2026-05-07T10:11:00-04:00,1.0,7947.039999999989,2880.0,2026-05-08T09:31:00-04:00,0.25,9447.03999999999,2881.0,2026-05-08T09:32:00-04:00,0.2500000000000009,9447.039999999988,2882.0,2026-05-08T09:33:00-04:00,0.20000000000000018,9547.03999999999,2881.0,2026-05-08T09:32:00-04:00,0.2500000000000009,9447.039999999988,3411
2026-05-06,2026-05-08,2,6.0,2026-05-06T09:31:00-04:00,6.050000000000011,NDXP  260508P28360000,NDXP  260508P28350000,final_holdout,False,False,0,0,16,7,0,1095,available,False,2026-05-06T09:31:00-04:00,2026-05-08T14:56:00-04:00,0.024999999999999967,11797.040000000023,64.0,last_observed_quote_not_settlement,1036.0,2,4,5.050000000000011,1747.0400000000006,2026-05-06T09:32:00-04:00,0.0,4.549999999999983,2747.0400000000577,2026-05-06T09:33:00-04:00,0.0,4.950000000000017,1947.0399999999893,2026-05-06T09:36:00-04:00,0.0,4.799999999999983,2247.0400000000577,2026-05-06T09:41:00-04:00,0.0,4.650000000000006,2547.0400000000122,2026-05-06T09:46:00-04:00,0.0,4.5,2847.0400000000236,2026-05-06T10:01:00-04:00,0.0,4.799999999999983,2247.0400000000577,2026-05-06T10:31:00-04:00,0.0,3.4000000000000057,5047.040000000012,2026-05-06T11:31:00-04:00,0.0,2.4000000000000057,7047.040000000012,2026-05-06T16:00:00-04:00,0.0,2.1499999999999986,7547.040000000026,2026-05-07T16:00:00-04:00,0.0,,,2026-05-08T14:56:00-04:00,3840.0,,,,,1.0,hit,2.0,hit,12.0,hit,278.0,hit,399.0,hit,1509.0,hit,2880.0,hit,,never_hit,,never_hit,,never_hit,,never_hit,,never_hit,,never_hit,6.349999999999994,1,False,False,False,False,,6.349999999999994,2,False,False,False,False,,6.349999999999994,2,False,False,False,False,,6.349999999999994,2,False,False,False,False,,279.0,2026-05-06T14:10:00-04:00,2.9499999999999886,5947.040000000046,286.0,2026-05-06T14:17:00-04:00,2.8999999999999915,6047.040000000041,287.0,2026-05-06T14:18:00-04:00,2.9000000000000057,6047.040000000012,280.0,2026-05-06T14:11:00-04:00,3.0,5847.040000000024,403.0,2026-05-06T16:14:00-04:00,1.8499999999999943,8147.0400000000345,404.0,2026-05-06T16:15:00-04:00,1.9000000000000057,8047.040000000012,1444.0,2026-05-07T09:35:00-04:00,1.9000000000000057,8047.040000000012,404.0,2026-05-06T16:15:00-04:00,1.9000000000000057,8047.040000000012,1515.0,2026-05-07T10:46:00-04:00,0.8999999999999986,10047.040000000026,1526.0,2026-05-07T10:57:00-04:00,0.8999999999999986,10047.040000000026,1527.0,2026-05-07T10:58:00-04:00,0.8999999999999986,10047.040000000026,1516.0,2026-05-07T10:47:00-04:00,1.0,9847.040000000025,2880.0,2026-05-08T09:31:00-04:00,0.40000000000000036,11047.040000000023,2881.0,2026-05-08T09:32:00-04:00,0.3000000000000007,11247.040000000023,2882.0,2026-05-08T09:33:00-04:00,0.2999999999999998,11247.040000000025,2881.0,2026-05-08T09:32:00-04:00,0.3000000000000007,11247.040000000023,3412
2026-05-06,2026-05-08,2,7.0,2026-05-06T09:31:00-04:00,6.800000000000011,NDXP  260508P28550000,NDXP  260508P28540000,final_holdout,False,False,0,0,19,41,0,1107,available,False,2026-05-06T09:31:00-04:00,2026-05-08T15:28:00-04:00,0.0,13347.040000000025,32.0,last_observed_quote_not_settlement,1036.0,19,25,6.850000000000023,-352.96000000002203,2026-05-06T09:32:00-04:00,0.0,6.949999999999989,-552.9599999999539,2026-05-06T09:33:00-04:00,0.0,6.949999999999989,-552.9599999999539,2026-05-06T09:36:00-04:00,0.0,6.75,-152.95999999997656,2026-05-06T09:41:00-04:00,0.0,5.850000000000023,1647.039999999978,2026-05-06T09:46:00-04:00,0.0,6.800000000000011,-252.9599999999993,2026-05-06T10:01:00-04:00,0.0,6.350000000000023,647.0399999999779,2026-05-06T10:31:00-04:00,0.0,4.0,5347.040000000024,2026-05-06T11:31:00-04:00,0.0,3.6499999999999773,6047.040000000069,2026-05-06T16:00:00-04:00,0.0,3.8499999999999943,5647.0400000000345,2026-05-07T16:00:00-04:00,0.0,,,2026-05-08T15:28:00-04:00,1920.0,,,,,17.0,hit,78.0,hit,119.0,hit,379.0,hit,379.0,hit,379.0,hit,2892.0,hit,8.0,hit,11.0,hit,3.0,hit,36.0,hit,36.0,hit,36.0,hit,9.950000000000045,19,True,True,True,True,,9.950000000000045,19,True,True,True,True,,9.950000000000045,19,True,True,True,True,,9.950000000000045,19,True,True,True,True,,379.0,2026-05-06T15:50:00-04:00,0.9499999999999886,11447.040000000046,1475.0,2026-05-07T10:06:00-04:00,2.700000000000003,7947.040000000018,1476.0,2026-05-07T10:07:00-04:00,2.6499999999999915,8047.040000000041,380.0,2026-05-06T15:51:00-04:00,4.150000000000006,5047.040000000012,379.0,2026-05-06T15:50:00-04:00,0.9499999999999886,11447.040000000046,1524.0,2026-05-07T10:55:00-04:00,1.8999999999999986,9547.040000000026,1525.0,2026-05-07T10:56:00-04:00,1.7999999999999972,9747.04000000003,380.0,2026-05-06T15:51:00-04:00,4.150000000000006,5047.040000000012,379.0,2026-05-06T15:50:00-04:00,0.9499999999999886,11447.040000000046,2883.0,2026-05-08T09:34:00-04:00,0.6999999999999993,11947.040000000026,2884.0,2026-05-08T09:35:00-04:00,0.6999999999999993,11947.040000000026,380.0,2026-05-06T15:51:00-04:00,4.150000000000006,5047.040000000012,2892.0,2026-05-08T09:43:00-04:00,0.40000000000000036,12547.040000000023,2896.0,2026-05-08T09:47:00-04:00,0.3500000000000014,12647.04000000002,2897.0,2026-05-08T09:48:00-04:00,0.3999999999999986,12547.040000000026,2893.0,2026-05-08T09:44:00-04:00,0.5999999999999996,12147.040000000025,3413
2026-05-08,2026-05-11,3,5.0,2026-05-08T09:31:00-04:00,5.0,NDXP  260511P28850000,NDXP  260511P28840000,final_holdout,False,False,0,0,16,25,0,740,available,False,2026-05-08T09:31:00-04:00,2026-05-11T15:32:00-04:00,0.04999999999999999,9647.040000000003,28.0,last_observed_quote_not_settlement,3916.0,0,0,4.800000000000011,147.03999999997797,2026-05-08T09:32:00-04:00,0.0,4.699999999999989,347.04000000002344,2026-05-08T09:33:00-04:00,0.0,4.399999999999977,947.0400000000461,2026-05-08T09:36:00-04:00,0.0,4.449999999999989,847.0400000000234,2026-05-08T09:41:00-04:00,0.0,3.5999999999999943,2547.0400000000122,2026-05-08T09:46:00-04:00,0.0,3.0,3747.040000000001,2026-05-08T10:01:00-04:00,0.0,3.1999999999999886,3347.0400000000236,2026-05-08T10:31:00-04:00,0.0,2.6500000000000057,4447.039999999989,2026-05-08T11:31:00-04:00,0.0,1.4499999999999957,6847.040000000009,2026-05-08T16:00:00-04:00,0.0,,,2026-05-08T16:15:00-04:00,85500.0,,,2026-05-08T16:15:00-04:00,171900.0,,,2026-05-11T15:32:00-04:00,1680.0,0.0,hit,0.0,hit,15.0,hit,29.0,hit,175.0,hit,4320.0,hit,4320.0,hit,,never_hit,,never_hit,,never_hit,,never_hit,,never_hit,,never_hit,5.0,0,False,False,False,False,,5.0,0,False,False,False,False,,5.0,0,False,False,False,False,,5.0,0,False,False,False,False,,29.0,2026-05-08T10:00:00-04:00,2.9000000000000057,3947.0399999999895,33.0,2026-05-08T10:04:00-04:00,2.9000000000000057,3947.0399999999895,34.0,2026-05-08T10:05:00-04:00,2.9499999999999886,3847.0400000000236,30.0,2026-05-08T10:01:00-04:00,3.0,3747.040000000001,176.0,2026-05-08T12:27:00-04:00,1.9000000000000057,5947.039999999989,212.0,2026-05-08T13:03:00-04:00,1.7999999999999972,6147.040000000006,213.0,2026-05-08T13:04:00-04:00,1.8000000000000114,6147.039999999978,177.0,2026-05-08T12:28:00-04:00,2.1000000000000085,5547.039999999984,4320.0,2026-05-11T09:31:00-04:00,0.5,8747.04,4321.0,2026-05-11T09:32:00-04:00,0.40000000000000036,8947.04,4322.0,2026-05-11T09:33:00-04:00,0.3999999999999986,8947.040000000005,4321.0,2026-05-11T09:32:00-04:00,0.40000000000000036,8947.04,4321.0,2026-05-11T09:32:00-04:00,0.40000000000000036,8947.04,4322.0,2026-05-11T09:33:00-04:00,0.3999999999999986,8947.040000000005,4323.0,2026-05-11T09:34:00-04:00,0.34999999999999964,9047.040000000003,4322.0,2026-05-11T09:33:00-04:00,0.3999999999999986,8947.040000000005,3414
2026-05-08,2026-05-11,3,6.0,2026-05-08T09:31:00-04:00,6.0,NDXP  260511P28930000,NDXP  260511P28920000,final_holdout,False,False,0,0,2,3,0,788,available,False,2026-05-08T09:31:00-04:00,2026-05-11T15:58:00-04:00,0.0,11747.04,2.0,last_observed_quote_not_settlement,3916.0,2,3,6.050000000000011,-352.96000000002203,2026-05-08T09:32:00-04:00,0.0,5.349999999999994,1047.040000000012,2026-05-08T09:33:00-04:00,0.0,4.900000000000006,1947.0399999999893,2026-05-08T09:36:00-04:00,0.0,5.25,1247.0400000000006,2026-05-08T09:41:00-04:00,0.0,4.349999999999966,3047.040000000069,2026-05-08T09:46:00-04:00,0.0,3.6999999999999886,4347.040000000024,2026-05-08T10:01:00-04:00,0.0,4.050000000000011,3647.039999999978,2026-05-08T10:31:00-04:00,0.0,3.1500000000000057,5447.039999999989,2026-05-08T11:31:00-04:00,0.0,1.6999999999999886,8347.040000000025,2026-05-08T16:00:00-04:00,0.0,,,2026-05-08T16:15:00-04:00,85500.0,,,2026-05-08T16:15:00-04:00,171900.0,,,2026-05-11T15:58:00-04:00,120.0,2.0,hit,5.0,hit,11.0,hit,122.0,hit,233.0,hit,4320.0,hit,4322.0,hit,4.0,hit,,never_hit,,never_hit,,never_hit,,never_hit,,never_hit,6.75,2,False,False,False,False,,6.75,2,False,False,False,False,,6.75,2,False,False,False,False,,6.75,2,False,False,False,False,,124.0,2026-05-08T11:35:00-04:00,2.8500000000000085,6047.039999999984,125.0,2026-05-08T11:36:00-04:00,2.8499999999999943,6047.040000000012,126.0,2026-05-08T11:37:00-04:00,2.8499999999999943,6047.040000000012,125.0,2026-05-08T11:36:00-04:00,2.8499999999999943,6047.040000000012,374.0,2026-05-08T15:45:00-04:00,1.9499999999999957,7847.040000000009,389.0,2026-05-08T16:00:00-04:00,1.6999999999999886,8347.040000000025,390.0,2026-05-08T16:01:00-04:00,1.8500000000000014,8047.039999999998,375.0,2026-05-08T15:46:00-04:00,2.049999999999997,7647.040000000006,4320.0,2026-05-11T09:31:00-04:00,0.9499999999999993,9847.040000000003,4321.0,2026-05-11T09:32:00-04:00,0.7000000000000011,10347.039999999999,4322.0,2026-05-11T09:33:00-04:00,0.45000000000000107,10847.039999999999,4321.0,2026-05-11T09:32:00-04:00,0.7000000000000011,10347.039999999999,4358.0,2026-05-11T10:09:00-04:00,0.4499999999999993,10847.040000000003,4364.0,2026-05-11T10:15:00-04:00,0.34999999999999787,11047.040000000006,4368.0,2026-05-11T10:19:00-04:00,0.3999999999999986,10947.040000000005,4359.0,2026-05-11T10:10:00-04:00,0.5,10747.04,3415
2026-05-08,2026-05-11,3,7.0,2026-05-08T09:31:00-04:00,7.0,NDXP  260511P29020000,NDXP  260511P29010000,final_holdout,False,False,0,0,0,3,0,789,available,False,2026-05-08T09:31:00-04:00,2026-05-11T15:57:00-04:00,0.0,13747.04,3.0,last_observed_quote_not_settlement,3916.0,0,0,6.449999999999989,847.0400000000234,2026-05-08T09:32:00-04:00,0.0,6.7000000000000455,347.03999999990975,2026-05-08T09:33:00-04:00,0.0,6.0,1747.0400000000006,2026-05-08T09:36:00-04:00,0.0,6.299999999999983,1147.0400000000348,2026-05-08T09:41:00-04:00,0.0,5.150000000000034,3447.0399999999327,2026-05-08T09:46:00-04:00,0.0,4.649999999999977,4447.040000000046,2026-05-08T10:01:00-04:00,0.0,4.950000000000017,3847.0399999999668,2026-05-08T10:31:00-04:00,0.0,4.100000000000023,5547.039999999955,2026-05-08T11:31:00-04:00,0.0,2.3999999999999915,8947.040000000019,2026-05-08T16:00:00-04:00,0.0,,,2026-05-08T16:15:00-04:00,85500.0,,,2026-05-08T16:15:00-04:00,171900.0,,,2026-05-11T15:57:00-04:00,180.0,13.0,hit,16.0,hit,29.0,hit,212.0,hit,4320.0,hit,4323.0,hit,4366.0,hit,,never_hit,,never_hit,0.0,hit,,never_hit,,never_hit,,never_hit,7.0,0,True,False,False,False,,7.0,0,True,False,False,False,,7.0,0,True,False,False,False,,7.0,0,True,False,False,False,,215.0,2026-05-08T13:06:00-04:00,2.8999999999999773,7947.040000000046,233.0,2026-05-08T13:24:00-04:00,2.8499999999999943,8047.040000000012,234.0,2026-05-08T13:25:00-04:00,2.9000000000000057,7947.039999999989,216.0,2026-05-08T13:07:00-04:00,3.049999999999983,7647.0400000000345,4320.0,2026-05-11T09:31:00-04:00,1.5,10747.04,4321.0,2026-05-11T09:32:00-04:00,1.2000000000000028,11347.039999999995,4322.0,2026-05-11T09:33:00-04:00,1.0500000000000007,11647.04,4321.0,2026-05-11T09:32:00-04:00,1.2000000000000028,11347.039999999995,4323.0,2026-05-11T09:34:00-04:00,0.8500000000000014,12047.039999999999,4324.0,2026-05-11T09:35:00-04:00,0.7500000000000036,12247.039999999994,4357.0,2026-05-11T10:08:00-04:00,0.8499999999999996,12047.040000000003,4324.0,2026-05-11T09:35:00-04:00,0.7500000000000036,12247.039999999994,4427.0,2026-05-11T11:18:00-04:00,0.40000000000000213,12947.039999999997,4432.0,2026-05-11T11:23:00-04:00,0.3999999999999986,12947.040000000005,4433.0,2026-05-11T11:24:00-04:00,0.40000000000000036,12947.04,4428.0,2026-05-11T11:19:00-04:00,0.5,12747.04,3416
2026-05-11,2026-05-13,2,5.0,2026-05-11T09:31:00-04:00,4.949999999999989,NDXP  260513P29270000,NDXP  260513P29260000,final_holdout,False,False,0,0,7,26,0,1164,available,False,2026-05-11T09:31:00-04:00,2026-05-13T15:56:00-04:00,0.05000000000000002,9547.039999999979,4.0,last_observed_quote_not_settlement,1036.0,534,35,4.750000000000028,147.03999999992112,2026-05-11T09:32:00-04:00,0.0,4.200000000000017,1247.0399999999438,2026-05-11T09:33:00-04:00,0.0,4.700000000000017,247.03999999994383,2026-05-11T09:36:00-04:00,0.0,4.699999999999989,247.04000000000067,2026-05-11T09:41:00-04:00,0.0,5.850000000000023,-2052.9600000000673,2026-05-11T09:46:00-04:00,0.0,4.899999999999977,-152.95999999997656,2026-05-11T10:01:00-04:00,0.0,5.149999999999977,-652.9599999999766,2026-05-11T10:31:00-04:00,0.0,4.0,1647.039999999978,2026-05-11T11:31:00-04:00,0.0,3.799999999999983,2047.0400000000122,2026-05-11T16:00:00-04:00,0.0,7.399999999999977,-5152.959999999976,2026-05-12T16:00:00-04:00,0.0,,,2026-05-13T15:56:00-04:00,240.0,,,,,0.0,hit,0.0,hit,66.0,hit,377.0,hit,3090.0,hit,3158.0,hit,3164.0,hit,15.0,hit,69.0,hit,1440.0,hit,1441.0,hit,1537.0,hit,1546.0,hit,6.700000000000017,26,False,False,False,False,,10.0,534,True,True,True,True,,10.0,534,True,True,True,True,,10.0,534,True,True,True,True,,377.0,2026-05-11T15:48:00-04:00,2.1000000000000227,5447.039999999933,3059.0,2026-05-13T12:30:00-04:00,2.900000000000002,3847.0399999999736,3060.0,2026-05-13T12:31:00-04:00,2.9499999999999957,3747.0399999999863,378.0,2026-05-11T15:49:00-04:00,4.300000000000011,1047.0399999999552,3090.0,2026-05-13T13:01:00-04:00,1.8999999999999986,5847.039999999981,3091.0,2026-05-13T13:02:00-04:00,1.8500000000000014,5947.039999999975,3092.0,2026-05-13T13:03:00-04:00,1.8999999999999986,5847.039999999981,3091.0,2026-05-13T13:02:00-04:00,1.8500000000000014,5947.039999999975,3159.0,2026-05-13T14:10:00-04:00,0.9000000000000004,7847.039999999977,3160.0,2026-05-13T14:11:00-04:00,0.8000000000000007,8047.039999999976,3161.0,2026-05-13T14:12:00-04:00,0.8499999999999996,7947.039999999979,3160.0,2026-05-13T14:11:00-04:00,0.8000000000000007,8047.039999999976,3165.0,2026-05-13T14:16:00-04:00,0.39999999999999947,8847.039999999979,3166.0,2026-05-13T14:17:00-04:00,0.35000000000000053,8947.039999999977,3167.0,2026-05-13T14:18:00-04:00,0.34999999999999964,8947.039999999979,3166.0,2026-05-13T14:17:00-04:00,0.35000000000000053,8947.039999999977,3417
2026-05-11,2026-05-13,2,6.0,2026-05-11T09:31:00-04:00,5.949999999999989,NDXP  260513P29500000,NDXP  260513P29490000,final_holdout,False,False,0,0,1,108,0,1091,available,False,2026-05-11T09:31:00-04:00,2026-05-13T16:00:00-04:00,10.0,-8252.960000000021,0.0,last_observed_quote_not_settlement,1038.0,875,113,7.75,-3852.960000000022,2026-05-11T09:32:00-04:00,0.0,5.949999999999932,-252.9599999998856,2026-05-11T09:33:00-04:00,0.0,6.650000000000034,-1652.9600000000903,2026-05-11T09:36:00-04:00,0.0,5.899999999999977,-152.95999999997656,2026-05-11T09:41:00-04:00,0.0,8.799999999999955,-5952.959999999933,2026-05-11T09:46:00-04:00,0.0,6.850000000000023,-2052.9600000000673,2026-05-11T10:01:00-04:00,0.0,7.050000000000011,-2452.9600000000446,2026-05-11T10:31:00-04:00,0.0,6.0,-352.96000000002203,2026-05-11T11:31:00-04:00,0.0,6.399999999999977,-1152.9599999999766,2026-05-11T16:00:00-04:00,0.0,9.5,-7352.960000000024,2026-05-12T16:00:00-04:00,0.0,10.0,-8252.960000000021,2026-05-13T16:00:00-04:00,0.0,,,,,9.0,hit,9.0,hit,40.0,hit,168.0,hit,168.0,hit,168.0,hit,168.0,hit,1.0,hit,1.0,hit,1.0,hit,13.0,hit,61.0,hit,1446.0,hit,9.100000000000023,125,True,True,True,True,,9.100000000000023,125,True,True,True,True,,9.100000000000023,125,True,True,True,True,,9.100000000000023,125,True,True,True,True,,168.0,2026-05-11T12:19:00-04:00,0.44999999999998863,10747.04,,,,,,,,,169.0,2026-05-11T12:20:00-04:00,6.150000000000034,-652.9600000000903,168.0,2026-05-11T12:19:00-04:00,0.44999999999998863,10747.04,,,,,,,,,169.0,2026-05-11T12:20:00-04:00,6.150000000000034,-652.9600000000903,168.0,2026-05-11T12:19:00-04:00,0.44999999999998863,10747.04,,,,,,,,,169.0,2026-05-11T12:20:00-04:00,6.150000000000034,-652.9600000000903,168.0,2026-05-11T12:19:00-04:00,0.44999999999998863,10747.04,,,,,,,,,169.0,2026-05-11T12:20:00-04:00,6.150000000000034,-652.9600000000903,3418
2026-05-11,2026-05-13,2,7.0,2026-05-11T09:31:00-04:00,6.9500000000000455,NDXP  260513P29550000,NDXP  260513P29540000,final_holdout,False,False,0,0,0,115,0,1085,available,False,2026-05-11T09:31:00-04:00,2026-05-13T15:58:00-04:00,9.949999999999989,-6252.959999999887,2.0,last_observed_quote_not_settlement,1036.0,667,111,6.75,147.04000000009165,2026-05-11T09:32:00-04:00,0.0,6.4500000000000455,747.0400000000006,2026-05-11T09:33:00-04:00,0.0,6.800000000000011,47.04000000006892,2026-05-11T09:36:00-04:00,0.0,6.699999999999989,247.04000000011436,2026-05-11T09:41:00-04:00,0.0,6.600000000000023,447.0400000000462,2026-05-11T09:46:00-04:00,0.0,7.149999999999977,-652.9599999998629,2026-05-11T10:01:00-04:00,0.0,7.849999999999966,-2052.95999999984,2026-05-11T10:31:00-04:00,0.0,6.5,647.0400000000916,2026-05-11T11:31:00-04:00,0.0,6.900000000000034,-152.95999999997656,2026-05-11T16:00:00-04:00,0.0,9.450000000000045,-5252.960000000001,2026-05-12T16:00:00-04:00,0.0,,,2026-05-13T15:58:00-04:00,120.0,,,,,40.0,hit,117.0,hit,127.0,hit,127.0,hit,339.0,hit,339.0,hit,,never_hit,7.0,hit,24.0,hit,4.0,hit,24.0,hit,252.0,hit,252.0,hit,8.599999999999966,48,True,True,False,False,,9.800000000000011,73,True,True,True,True,,9.800000000000011,73,True,True,True,True,,,,True,True,True,False,6.050000000000011,127.0,2026-05-11T11:38:00-04:00,2.199999999999932,9247.040000000228,,,,,,,,,128.0,2026-05-11T11:39:00-04:00,6.149999999999977,1347.040000000137,339.0,2026-05-11T15:10:00-04:00,0.9000000000000341,11847.040000000025,,,,,,,,,340.0,2026-05-11T15:11:00-04:00,7.099999999999909,-552.9599999997265,339.0,2026-05-11T15:10:00-04:00,0.9000000000000341,11847.040000000025,,,,,,,,,340.0,2026-05-11T15:11:00-04:00,7.099999999999909,-552.9599999997265,,,,,,,,,,,,,,,,,3419
2026-05-11,2026-05-14,3,5.0,2026-05-11T09:31:00-04:00,5.0,NDXP  260514P29280000,NDXP  260514P29270000,final_holdout,False,False,0,0,4,19,0,1535,available,False,2026-05-11T09:31:00-04:00,2026-05-14T14:59:00-04:00,0.0,9747.04,61.0,last_observed_quote_not_settlement,1036.0,545,57,4.599999999999966,547.0400000000689,2026-05-11T09:32:00-04:00,0.0,4.5,747.0400000000006,2026-05-11T09:33:00-04:00,0.0,4.75,247.04000000000067,2026-05-11T09:36:00-04:00,0.0,4.699999999999989,347.04000000002344,2026-05-11T09:41:00-04:00,0.0,5.099999999999994,-452.95999999998793,2026-05-11T09:46:00-04:00,0.0,4.900000000000034,-52.9600000000675,2026-05-11T10:01:00-04:00,0.0,5.0,-252.9599999999993,2026-05-11T10:31:00-04:00,0.0,4.099999999999966,1547.0400000000689,2026-05-11T11:31:00-04:00,0.0,4.149999999999977,1447.0400000000461,2026-05-11T16:00:00-04:00,0.0,6.550000000000068,-3352.9600000001356,2026-05-12T16:00:00-04:00,0.0,3.549999999999997,2647.0400000000063,2026-05-13T16:00:00-04:00,0.0,,,2026-05-14T14:59:00-04:00,3660.0,0.0,hit,0.0,hit,143.0,hit,3022.0,hit,4328.0,hit,4371.0,hit,4371.0,hit,62.0,hit,361.0,hit,1440.0,hit,1512.0,hit,1512.0,hit,1554.0,hit,9.949999999999818,534,True,True,True,True,,9.949999999999818,545,True,True,True,True,,9.949999999999818,545,True,True,True,True,,9.949999999999818,545,True,True,True,True,,3117.0,2026-05-13T13:28:00-04:00,2.1000000000000085,5547.039999999984,3170.0,2026-05-13T14:21:00-04:00,2.8500000000000085,4047.0399999999836,3171.0,2026-05-13T14:22:00-04:00,2.9499999999999886,3847.0400000000236,3118.0,2026-05-13T13:29:00-04:00,3.5999999999999943,2547.0400000000122,4331.0,2026-05-14T09:42:00-04:00,1.7999999999999972,6147.040000000006,4332.0,2026-05-14T09:43:00-04:00,1.750000000000007,6247.039999999986,4333.0,2026-05-14T09:44:00-04:00,1.750000000000007,6247.039999999986,4332.0,2026-05-14T09:43:00-04:00,1.750000000000007,6247.039999999986,4371.0,2026-05-14T10:22:00-04:00,0.05000000000000071,9647.04,4389.0,2026-05-14T10:40:00-04:00,0.6999999999999993,8347.040000000003,4390.0,2026-05-14T10:41:00-04:00,0.8000000000000007,8147.04,4372.0,2026-05-14T10:23:00-04:00,1.0,7747.040000000001,4371.0,2026-05-14T10:22:00-04:00,0.05000000000000071,9647.04,4418.0,2026-05-14T11:09:00-04:00,0.4499999999999993,8847.040000000003,4419.0,2026-05-14T11:10:00-04:00,0.40000000000000036,8947.04,4372.0,2026-05-14T10:23:00-04:00,1.0,7747.040000000001,3420
2026-05-11,2026-05-14,3,6.0,2026-05-11T09:31:00-04:00,5.949999999999989,NDXP  260514P29530000,NDXP  260514P29520000,final_holdout,False,False,0,0,2,32,0,1569,available,False,2026-05-11T09:31:00-04:00,2026-05-14T15:58:00-04:00,0.0,11647.039999999979,2.0,last_observed_quote_not_settlement,1036.0,984,163,6.25,-852.9600000000221,2026-05-11T09:32:00-04:00,0.0,6.449999999999932,-1252.9599999998857,2026-05-11T09:33:00-04:00,0.0,6.300000000000011,-952.9600000000448,2026-05-11T09:36:00-04:00,0.0,6.300000000000011,-952.9600000000448,2026-05-11T09:41:00-04:00,0.0,7.100000000000023,-2552.9600000000673,2026-05-11T09:46:00-04:00,0.0,6.600000000000023,-1552.9600000000676,2026-05-11T10:01:00-04:00,0.0,6.800000000000011,-1952.9600000000448,2026-05-11T10:31:00-04:00,0.0,6.399999999999977,-1152.9599999999766,2026-05-11T11:31:00-04:00,0.0,5.949999999999989,-252.9599999999993,2026-05-11T16:00:00-04:00,0.0,8.25,-4852.960000000024,2026-05-12T16:00:00-04:00,0.0,6.400000000000006,-1152.9600000000335,2026-05-13T16:00:00-04:00,0.0,,,2026-05-14T15:58:00-04:00,120.0,6.0,hit,23.0,hit,71.0,hit,144.0,hit,144.0,hit,144.0,hit,144.0,hit,7.0,hit,7.0,hit,7.0,hit,7.0,hit,310.0,hit,1515.0,hit,8.749999999999943,122,True,True,False,False,,8.749999999999943,122,True,True,False,False,,8.749999999999943,122,True,True,False,False,,8.749999999999943,122,True,True,False,False,,144.0,2026-05-11T11:55:00-04:00,0.09999999999990905,11447.040000000161,177.0,2026-05-11T12:28:00-04:00,1.75,8147.039999999978,178.0,2026-05-11T12:29:00-04:00,0.39999999999997726,10847.040000000025,145.0,2026-05-11T11:56:00-04:00,5.849999999999966,-52.959999999953816,144.0,2026-05-11T11:55:00-04:00,0.09999999999990905,11447.040000000161,178.0,2026-05-11T12:29:00-04:00,0.39999999999997726,10847.040000000025,179.0,2026-05-11T12:30:00-04:00,1.5500000000000682,8547.039999999843,145.0,2026-05-11T11:56:00-04:00,5.849999999999966,-52.959999999953816,144.0,2026-05-11T11:55:00-04:00,0.09999999999990905,11447.040000000161,4651.0,2026-05-14T15:02:00-04:00,0.7999999999999998,10047.039999999979,4652.0,2026-05-14T15:03:00-04:00,0.8000000000000007,10047.039999999977,145.0,2026-05-11T11:56:00-04:00,5.849999999999966,-52.959999999953816,144.0,2026-05-11T11:55:00-04:00,0.09999999999990905,11447.040000000161,4672.0,2026-05-14T15:23:00-04:00,0.42500000000000004,10797.039999999979,4673.0,2026-05-14T15:24:00-04:00,0.34999999999999987,10947.039999999979,145.0,2026-05-11T11:56:00-04:00,5.849999999999966,-52.959999999953816,3421
2026-05-11,2026-05-14,3,7.0,2026-05-11T09:31:00-04:00,7.0,NDXP  260514P29620000,NDXP  260514P29610000,final_holdout,False,False,0,0,1,66,0,1538,available,False,2026-05-11T09:31:00-04:00,2026-05-14T15:59:00-04:00,9.850000000000001,-5952.960000000004,1.0,last_observed_quote_not_settlement,1037.0,794,257,5.4500000000000455,2847.03999999991,2026-05-11T09:32:00-04:00,0.0,5.849999999999966,2047.040000000069,2026-05-11T09:33:00-04:00,0.0,7.099999999999966,-452.9599999999311,2026-05-11T09:36:00-04:00,0.0,6.2999999999999545,1147.0400000000916,2026-05-11T09:41:00-04:00,0.0,4.800000000000011,4147.039999999978,2026-05-11T09:46:00-04:00,0.0,7.0499999999999545,-352.95999999990835,2026-05-11T10:01:00-04:00,0.0,7.400000000000034,-1052.9600000000676,2026-05-11T10:31:00-04:00,0.0,6.25,1247.0400000000006,2026-05-11T11:31:00-04:00,0.0,6.449999999999932,847.0400000001371,2026-05-11T16:00:00-04:00,0.0,9.0,-4252.960000000001,2026-05-12T16:00:00-04:00,0.0,7.75,-1752.9599999999994,2026-05-13T16:00:00-04:00,0.0,,,2026-05-14T15:59:00-04:00,60.0,1.0,hit,15.0,hit,4387.0,hit,4393.0,hit,,never_hit,,never_hit,,never_hit,3.0,hit,3.0,hit,0.0,hit,3.0,hit,192.0,hit,192.0,hit,10.0,741,True,True,True,True,,,,True,True,True,False,4.650000000000006,,,True,True,True,False,4.650000000000006,,,True,True,True,False,4.650000000000006,4393.0,2026-05-14T10:44:00-04:00,2.3499999999999943,9047.040000000014,,,,,,,,,4394.0,2026-05-14T10:45:00-04:00,2.950000000000017,7847.039999999966,,,,,,,,,,,,,,,,,,,,,,,,,,,,,,,,,,,,,,,,,,,,,,,,,3422
2026-05-12,2026-05-14,2,5.0,2026-05-12T09:31:00-04:00,4.899999999999977,NDXP  260514P29320000,NDXP  260514P29310000,final_holdout,False,False,0,0,4,25,0,1130,available,False,2026-05-12T09:31:00-04:00,2026-05-14T15:15:00-04:00,0.024999999999999967,9497.039999999955,45.0,last_observed_quote_not_settlement,1036.0,546,27,7.899999999999977,-6252.959999999999,2026-05-12T09:32:00-04:00,0.0,7.699999999999989,-5852.960000000022,2026-05-12T09:33:00-04:00,0.0,6.750000000000057,-3952.9600000001583,2026-05-12T09:36:00-04:00,0.0,6.2000000000000455,-2852.9600000001356,2026-05-12T09:41:00-04:00,0.0,5.699999999999932,-1852.9599999999084,2026-05-12T09:46:00-04:00,0.0,6.850000000000023,-4152.96000000009,2026-05-12T10:01:00-04:00,0.0,6.699999999999932,-3852.959999999908,2026-05-12T10:31:00-04:00,0.0,7.5,-5452.960000000045,2026-05-12T11:31:00-04:00,0.0,8.449999999999989,-7352.960000000024,2026-05-12T16:00:00-04:00,0.0,3.9000000000000057,1747.0399999999438,2026-05-13T16:00:00-04:00,0.0,,,2026-05-14T15:15:00-04:00,2700.0,,,,,0.0,hit,0.0,hit,18.0,hit,18.0,hit,2893.0,hit,2948.0,hit,2979.0,hit,1.0,hit,1.0,hit,1.0,hit,36.0,hit,95.0,hit,113.0,hit,7.899999999999977,17,True,False,False,False,,10.0,546,True,True,True,True,,10.0,546,True,True,True,True,,10.0,546,True,True,True,True,,18.0,2026-05-12T09:49:00-04:00,2.6000000000000227,4347.03999999991,1751.0,2026-05-13T14:42:00-04:00,2.75,4047.0399999999554,2888.0,2026-05-14T09:39:00-04:00,2.3500000000000014,4847.039999999953,19.0,2026-05-12T09:50:00-04:00,5.899999999999977,-2252.959999999999,2894.0,2026-05-14T09:45:00-04:00,1.8999999999999986,5747.039999999958,2895.0,2026-05-14T09:46:00-04:00,1.6500000000000021,6247.039999999951,2896.0,2026-05-14T09:47:00-04:00,1.6500000000000057,6247.039999999944,2895.0,2026-05-14T09:46:00-04:00,1.6500000000000021,6247.039999999951,2949.0,2026-05-14T10:40:00-04:00,0.8500000000000014,7847.039999999953,2950.0,2026-05-14T10:41:00-04:00,0.8499999999999979,7847.039999999959,2951.0,2026-05-14T10:42:00-04:00,0.8500000000000014,7847.039999999953,2950.0,2026-05-14T10:41:00-04:00,0.8499999999999979,7847.039999999959,2988.0,2026-05-14T11:19:00-04:00,0.40000000000000036,8747.039999999955,2989.0,2026-05-14T11:20:00-04:00,0.39999999999999947,8747.039999999957,2990.0,2026-05-14T11:21:00-04:00,0.3000000000000007,8947.039999999955,2989.0,2026-05-14T11:20:00-04:00,0.39999999999999947,8747.039999999957,3423
2026-05-12,2026-05-14,2,6.0,2026-05-12T09:31:00-04:00,5.899999999999977,NDXP  260514P29140000,NDXP  260514P29130000,final_holdout,False,False,0,0,0,10,0,1127,available,False,2026-05-12T09:31:00-04:00,2026-05-14T14:57:00-04:00,0.0,11547.039999999955,63.0,last_observed_quote_not_settlement,1037.0,304,55,5.299999999999983,947.0399999999893,2026-05-12T09:32:00-04:00,0.0,5.200000000000017,1147.039999999921,2026-05-12T09:33:00-04:00,0.0,5.25,1047.0399999999552,2026-05-12T09:36:00-04:00,0.0,4.550000000000011,2447.0399999999327,2026-05-12T09:41:00-04:00,0.0,4.150000000000034,3247.039999999887,2026-05-12T09:46:00-04:00,0.0,5.199999999999989,1147.039999999978,2026-05-12T10:01:00-04:00,0.0,6.099999999999966,-652.9599999999766,2026-05-12T10:31:00-04:00,0.0,7.350000000000023,-3152.96000000009,2026-05-12T11:31:00-04:00,0.0,6.049999999999983,-552.9600000000107,2026-05-12T16:00:00-04:00,0.0,2.299999999999997,6947.039999999961,2026-05-13T16:00:00-04:00,0.0,,,2026-05-14T14:57:00-04:00,3780.0,,,,,1.0,hit,3.0,hit,81.0,hit,1456.0,hit,1456.0,hit,2887.0,hit,2929.0,hit,63.0,hit,87.0,hit,87.0,hit,87.0,hit,87.0,hit,237.0,hit,9.5,299,True,True,True,True,,9.5,299,True,True,True,True,,9.5,304,True,True,True,True,,9.5,304,True,True,True,True,,1456.0,2026-05-13T09:47:00-04:00,1.9000000000000057,7747.039999999944,1615.0,2026-05-13T12:26:00-04:00,2.799999999999997,5947.039999999961,1616.0,2026-05-13T12:27:00-04:00,2.9000000000000057,5747.039999999944,1457.0,2026-05-13T09:48:00-04:00,7.099999999999994,-2652.9600000000332,1456.0,2026-05-13T09:47:00-04:00,1.9000000000000057,7747.039999999944,1725.0,2026-05-13T14:16:00-04:00,1.8000000000000043,7947.039999999946,1726.0,2026-05-13T14:17:00-04:00,1.8999999999999986,7747.039999999958,1457.0,2026-05-13T09:48:00-04:00,7.099999999999994,-2652.9600000000332,2887.0,2026-05-14T09:38:00-04:00,0.9000000000000021,9747.039999999952,2892.0,2026-05-14T09:43:00-04:00,0.7999999999999972,9947.039999999963,2893.0,2026-05-14T09:44:00-04:00,0.8000000000000007,9947.039999999955,2888.0,2026-05-14T09:39:00-04:00,1.0,9547.039999999955,2930.0,2026-05-14T10:21:00-04:00,0.4499999999999993,10647.039999999957,2931.0,2026-05-14T10:22:00-04:00,0.0,11547.039999999955,2932.0,2026-05-14T10:23:00-04:00,0.40000000000000036,10747.039999999955,2931.0,2026-05-14T10:22:00-04:00,0.0,11547.039999999955,3424
2026-05-12,2026-05-14,2,7.0,2026-05-12T09:31:00-04:00,7.0,NDXP  260514P29280000,NDXP  260514P29270000,final_holdout,False,False,0,0,4,19,0,1130,available,False,2026-05-12T09:31:00-04:00,2026-05-14T14:59:00-04:00,0.0,13747.04,61.0,last_observed_quote_not_settlement,1036.0,296,85,5.400000000000034,2947.0399999999327,2026-05-12T09:32:00-04:00,0.0,6.649999999999977,447.0400000000462,2026-05-12T09:33:00-04:00,0.0,6.399999999999977,947.0400000000461,2026-05-12T09:36:00-04:00,0.0,6.199999999999989,1347.0400000000234,2026-05-12T09:41:00-04:00,0.0,5.300000000000068,3147.0399999998644,2026-05-12T09:46:00-04:00,0.0,6.599999999999966,547.0400000000689,2026-05-12T10:01:00-04:00,0.0,7.199999999999989,-652.9599999999766,2026-05-12T10:31:00-04:00,0.0,7.900000000000091,-2052.960000000181,2026-05-12T11:31:00-04:00,0.0,6.550000000000068,647.0399999998642,2026-05-12T16:00:00-04:00,0.0,3.549999999999997,6647.040000000006,2026-05-13T16:00:00-04:00,0.0,,,2026-05-14T14:59:00-04:00,3660.0,,,,,1.0,hit,7.0,hit,19.0,hit,1582.0,hit,2888.0,hit,2931.0,hit,2931.0,hit,59.0,hit,72.0,hit,0.0,hit,72.0,hit,72.0,hit,114.0,hit,9.949999999999818,296,True,True,True,True,,9.949999999999818,296,True,True,True,True,,9.949999999999818,296,True,True,True,True,,9.949999999999818,296,True,True,True,True,,1677.0,2026-05-13T13:28:00-04:00,2.1000000000000085,9547.039999999985,1730.0,2026-05-13T14:21:00-04:00,2.8500000000000085,8047.039999999984,1731.0,2026-05-13T14:22:00-04:00,2.9499999999999886,7847.040000000024,1678.0,2026-05-13T13:29:00-04:00,3.5999999999999943,6547.040000000012,2891.0,2026-05-14T09:42:00-04:00,1.7999999999999972,10147.040000000008,2892.0,2026-05-14T09:43:00-04:00,1.750000000000007,10247.039999999988,2893.0,2026-05-14T09:44:00-04:00,1.750000000000007,10247.039999999988,2892.0,2026-05-14T09:43:00-04:00,1.750000000000007,10247.039999999988,2931.0,2026-05-14T10:22:00-04:00,0.05000000000000071,13647.04,2949.0,2026-05-14T10:40:00-04:00,0.6999999999999993,12347.040000000003,2950.0,2026-05-14T10:41:00-04:00,0.8000000000000007,12147.04,2932.0,2026-05-14T10:23:00-04:00,1.0,11747.04,2931.0,2026-05-14T10:22:00-04:00,0.05000000000000071,13647.04,2978.0,2026-05-14T11:09:00-04:00,0.4499999999999993,12847.040000000003,2979.0,2026-05-14T11:10:00-04:00,0.40000000000000036,12947.04,2932.0,2026-05-14T10:23:00-04:00,1.0,11747.04,3425
2026-05-12,2026-05-15,3,5.0,2026-05-12T09:31:00-04:00,5.0,NDXP  260515P29360000,NDXP  260515P29350000,final_holdout,False,False,0,0,0,81,0,1524,available,False,2026-05-12T09:31:00-04:00,2026-05-15T16:00:00-04:00,3.4499999999999886,2847.0400000000236,0.0,last_observed_quote_not_settlement,1036.0,713,176,,,2026-05-12T09:31:00-04:00,60.0,2.6000000000000227,4547.039999999955,2026-05-12T09:33:00-04:00,0.0,7.449999999999989,-5152.959999999976,2026-05-12T09:36:00-04:00,0.0,5.5,-1252.9599999999994,2026-05-12T09:41:00-04:00,0.0,5.9500000000000455,-2152.96000000009,2026-05-12T09:46:00-04:00,0.0,,,2026-05-12T10:00:00-04:00,60.0,6.749999999999943,-3752.9599999998854,2026-05-12T10:31:00-04:00,0.0,8.700000000000045,-7652.960000000092,2026-05-12T11:31:00-04:00,0.0,6.249999999999943,-2752.9599999998854,2026-05-12T16:00:00-04:00,0.0,4.300000000000011,1147.039999999978,2026-05-13T16:00:00-04:00,0.0,2.299999999999997,5147.040000000006,2026-05-14T16:00:00-04:00,0.0,3.4499999999999886,2847.0400000000236,2026-05-15T16:00:00-04:00,0.0,0.0,hit,0.0,hit,2.0,hit,2.0,hit,12.0,hit,12.0,hit,12.0,hit,3.0,hit,5.0,hit,5.0,hit,11.0,hit,11.0,hit,27.0,hit,5.0,0,False,False,False,False,,9.449999999999989,5,True,True,True,True,,9.449999999999989,5,True,True,True,True,,9.449999999999989,5,True,True,True,True,,2.0,2026-05-12T09:33:00-04:00,2.6000000000000227,4547.039999999955,80.0,2026-05-12T10:51:00-04:00,1.1499999999999773,7447.040000000046,2951.0,2026-05-14T10:42:00-04:00,2.8000000000000114,4147.039999999978,3.0,2026-05-12T09:34:00-04:00,5.550000000000068,-1352.9600000001358,12.0,2026-05-12T09:43:00-04:00,0.0,9747.04,3039.0,2026-05-14T12:10:00-04:00,1.9000000000000057,5947.039999999989,3040.0,2026-05-14T12:11:00-04:00,1.8000000000000043,6147.039999999992,13.0,2026-05-12T09:44:00-04:00,4.050000000000011,1647.039999999978,12.0,2026-05-12T09:43:00-04:00,0.0,9747.04,,,,,,,,,13.0,2026-05-12T09:44:00-04:00,4.050000000000011,1647.039999999978,12.0,2026-05-12T09:43:00-04:00,0.0,9747.04,,,,,,,,,13.0,2026-05-12T09:44:00-04:00,4.050000000000011,1647.039999999978,3426
2026-05-12,2026-05-15,3,6.0,2026-05-12T09:31:00-04:00,5.9500000000000455,NDXP  260515P29890000,NDXP  260515P29880000,final_holdout,False,False,0,0,0,309,0,1295,available,False,2026-05-12T09:31:00-04:00,2026-05-15T16:00:00-04:00,10.0,-8252.959999999908,0.0,last_observed_quote_not_settlement,1037.0,980,150,,,2026-05-12T09:31:00-04:00,60.0,5.849999999999909,-52.95999999972644,2026-05-12T09:33:00-04:00,0.0,7.100000000000023,-2552.9599999999537,2026-05-12T09:36:00-04:00,0.0,8.899999999999977,-6152.9599999998645,2026-05-12T09:41:00-04:00,0.0,,,2026-05-12T09:45:00-04:00,60.0,9.200000000000045,-6752.960000000001,2026-05-12T10:01:00-04:00,0.0,,,2026-05-12T10:30:00-04:00,60.0,,,2026-05-12T11:29:00-04:00,120.0,2.4500000000000455,6747.040000000001,2026-05-12T16:00:00-04:00,0.0,8.75,-5852.95999999991,2026-05-13T16:00:00-04:00,0.0,,,2026-05-14T15:59:00-04:00,60.0,10.0,-8252.959999999908,2026-05-15T16:00:00-04:00,0.0,17.0,hit,17.0,hit,17.0,hit,17.0,hit,28.0,hit,28.0,hit,28.0,hit,4.0,hit,4.0,hit,4.0,hit,4.0,hit,7.0,hit,25.0,hit,9.25,5,True,True,True,True,,9.5,15,True,True,True,True,,9.5,15,True,True,True,True,,9.5,15,True,True,True,True,,17.0,2026-05-12T09:48:00-04:00,2.0499999999999545,7547.040000000183,337.0,2026-05-12T15:08:00-04:00,0.9500000000000455,9747.04,,,,,18.0,2026-05-12T09:49:00-04:00,9.349999999999909,-7052.959999999728,28.0,2026-05-12T09:59:00-04:00,0.25,11147.040000000092,337.0,2026-05-12T15:08:00-04:00,0.9500000000000455,9747.04,,,,,29.0,2026-05-12T10:00:00-04:00,9.25,-6852.95999999991,28.0,2026-05-12T09:59:00-04:00,0.25,11147.040000000092,,,,,,,,,29.0,2026-05-12T10:00:00-04:00,9.25,-6852.95999999991,28.0,2026-05-12T09:59:00-04:00,0.25,11147.040000000092,,,,,,,,,29.0,2026-05-12T10:00:00-04:00,9.25,-6852.95999999991,3427
2026-05-12,2026-05-15,3,7.0,2026-05-12T09:31:00-04:00,7.0499999999999545,NDXP  260515P29610000,NDXP  260515P29600000,final_holdout,False,False,0,0,3,182,0,1420,available,False,2026-05-12T09:31:00-04:00,2026-05-15T15:59:00-04:00,9.949999999999989,-6052.960000000069,1.0,last_observed_quote_not_settlement,1036.0,626,217,7.2999999999999545,-752.9599999999994,2026-05-12T09:32:00-04:00,0.0,,,2026-05-12T09:32:00-04:00,60.0,7.4500000000000455,-1052.9600000001813,2026-05-12T09:36:00-04:00,0.0,,,2026-05-12T09:40:00-04:00,60.0,,,2026-05-12T09:45:00-04:00,60.0,8.850000000000136,-3852.9600000003647,2026-05-12T10:01:00-04:00,0.0,7.0,-152.96000000009025,2026-05-12T10:31:00-04:00,0.0,9.599999999999909,-5352.95999999991,2026-05-12T11:31:00-04:00,0.0,7.600000000000023,-1352.9600000001358,2026-05-12T16:00:00-04:00,0.0,5.0,3847.03999999991,2026-05-13T16:00:00-04:00,0.0,4.049999999999983,5747.039999999944,2026-05-14T16:00:00-04:00,0.0,,,2026-05-15T15:59:00-04:00,60.0,6.0,hit,6.0,hit,6.0,hit,7.0,hit,9.0,hit,195.0,hit,195.0,hit,4.0,hit,4.0,hit,0.0,hit,4.0,hit,8.0,hit,8.0,hit,8.550000000000068,2,True,True,False,False,,9.999999999999886,3,True,True,True,True,,9.999999999999886,113,True,True,True,True,,9.999999999999886,113,True,True,True,True,,7.0,2026-05-12T09:38:00-04:00,2.349999999999909,9147.040000000092,1676.0,2026-05-13T13:27:00-04:00,1.6999999999999318,10447.040000000046,3166.0,2026-05-14T14:17:00-04:00,2.6499999999999773,8547.039999999955,8.0,2026-05-12T09:39:00-04:00,9.999999999999886,-6052.960000000091,9.0,2026-05-12T09:40:00-04:00,1.6499999999999773,10547.039999999955,1676.0,2026-05-13T13:27:00-04:00,1.6999999999999318,10447.040000000046,,,,,,,,,195.0,2026-05-12T12:46:00-04:00,0.049999999999954525,13747.04,,,,,,,,,196.0,2026-05-12T12:47:00-04:00,9.399999999999977,-4952.960000000046,195.0,2026-05-12T12:46:00-04:00,0.049999999999954525,13747.04,,,,,,,,,196.0,2026-05-12T12:47:00-04:00,9.399999999999977,-4952.960000000046,3428
2026-05-13,2026-05-15,2,5.0,2026-05-13T09:31:00-04:00,5.049999999999983,NDXP  260515P29170000,NDXP  260515P29160000,final_holdout,False,False,0,0,0,2,0,1198,available,False,2026-05-13T09:31:00-04:00,2026-05-15T15:58:00-04:00,9.850000000000001,-9852.960000000037,2.0,last_observed_quote_not_settlement,1036.0,93,81,5.099999999999994,-352.96000000002203,2026-05-13T09:32:00-04:00,0.0,4.900000000000006,47.039999999955235,2026-05-13T09:33:00-04:00,0.0,2.700000000000017,4447.039999999933,2026-05-13T09:36:00-04:00,0.0,4.450000000000017,947.0399999999324,2026-05-13T09:41:00-04:00,0.0,5.300000000000068,-752.9600000001699,2026-05-13T09:46:00-04:00,0.0,5.300000000000068,-752.9600000001699,2026-05-13T10:01:00-04:00,0.0,4.800000000000011,247.03999999994383,2026-05-13T10:31:00-04:00,0.0,4.399999999999977,1047.040000000012,2026-05-13T11:31:00-04:00,0.0,3.0,3847.0399999999668,2026-05-13T16:00:00-04:00,0.0,0.8499999999999979,8147.039999999971,2026-05-14T16:00:00-04:00,0.0,,,2026-05-15T15:58:00-04:00,120.0,,,,,0.0,hit,2.0,hit,4.0,hit,4.0,hit,4.0,hit,304.0,hit,3150.0,hit,3.0,hit,3.0,hit,14.0,hit,44.0,hit,2896.0,hit,2896.0,hit,6.199999999999989,2,False,False,False,False,,6.199999999999989,2,False,False,False,False,,8.75,40,True,True,False,False,,9.999999999999972,87,True,True,True,True,,4.0,2026-05-13T09:35:00-04:00,1.1000000000000227,7647.039999999921,5.0,2026-05-13T09:36:00-04:00,2.700000000000017,4447.039999999933,288.0,2026-05-13T14:19:00-04:00,2.700000000000017,4447.039999999933,5.0,2026-05-13T09:36:00-04:00,2.700000000000017,4447.039999999933,4.0,2026-05-13T09:35:00-04:00,1.1000000000000227,7647.039999999921,1455.0,2026-05-14T09:46:00-04:00,1.7999999999999972,6247.039999999973,1456.0,2026-05-14T09:47:00-04:00,1.7999999999999972,6247.039999999973,5.0,2026-05-13T09:36:00-04:00,2.700000000000017,4447.039999999933,304.0,2026-05-13T14:35:00-04:00,0.8500000000000085,8147.039999999949,1771.0,2026-05-14T15:02:00-04:00,0.9499999999999993,7947.039999999968,1772.0,2026-05-14T15:03:00-04:00,0.9499999999999993,7947.039999999968,305.0,2026-05-13T14:36:00-04:00,2.3499999999999943,5147.039999999978,3154.0,2026-05-15T14:05:00-04:00,0.39999999999999947,9047.039999999968,3155.0,2026-05-15T14:06:00-04:00,0.3500000000000001,9147.039999999966,3156.0,2026-05-15T14:07:00-04:00,0.40000000000000036,9047.039999999966,3155.0,2026-05-15T14:06:00-04:00,0.3500000000000001,9147.039999999966,3429
2026-05-13,2026-05-15,2,6.0,2026-05-13T09:31:00-04:00,6.0,NDXP  260515P29350000,NDXP  260515P29340000,final_holdout,False,False,0,0,0,19,0,1181,available,False,2026-05-13T09:31:00-04:00,2026-05-15T15:59:00-04:00,9.950000000000017,-8152.96,1.0,last_observed_quote_not_settlement,1036.0,370,118,8.75,-5752.960000000001,2026-05-13T09:32:00-04:00,0.0,5.5,747.0400000000006,2026-05-13T09:33:00-04:00,0.0,8.449999999999989,-5152.959999999978,2026-05-13T09:36:00-04:00,0.0,6.400000000000034,-1052.9600000000676,2026-05-13T09:41:00-04:00,0.0,6.0499999999999545,-352.95999999990835,2026-05-13T09:46:00-04:00,0.0,5.350000000000023,1047.0399999999552,2026-05-13T10:01:00-04:00,0.0,6.2999999999999545,-852.9599999999084,2026-05-13T10:31:00-04:00,0.0,6.649999999999977,-1552.9599999999539,2026-05-13T11:31:00-04:00,0.0,4.400000000000034,2947.0399999999327,2026-05-13T16:00:00-04:00,0.0,2.1000000000000014,7547.039999999998,2026-05-14T16:00:00-04:00,0.0,,,2026-05-15T15:59:00-04:00,60.0,,,,,2.0,hit,14.0,hit,14.0,hit,14.0,hit,14.0,hit,16.0,hit,,never_hit,1.0,hit,1.0,hit,1.0,hit,1.0,hit,4.0,hit,27.0,hit,9.349999999999966,5,True,True,True,True,,9.349999999999966,5,True,True,True,True,,9.349999999999966,6,True,True,True,True,,,,True,True,True,False,5.350000000000023,14.0,2026-05-13T09:45:00-04:00,1.5,8747.04,1492.0,2026-05-14T10:23:00-04:00,2.9000000000000057,5947.039999999989,1509.0,2026-05-14T10:40:00-04:00,2.700000000000003,6347.039999999995,15.0,2026-05-13T09:46:00-04:00,6.0499999999999545,-352.95999999990835,14.0,2026-05-13T09:45:00-04:00,1.5,8747.04,1589.0,2026-05-14T12:00:00-04:00,1.9499999999999886,7847.040000000024,1590.0,2026-05-14T12:01:00-04:00,1.75,8247.04,15.0,2026-05-13T09:46:00-04:00,6.0499999999999545,-352.95999999990835,16.0,2026-05-13T09:47:00-04:00,0.6499999999999773,10447.040000000046,,,,,,,,,17.0,2026-05-13T09:48:00-04:00,6.9500000000000455,-2152.96000000009,,,,,,,,,,,,,,,,,3430
2026-05-13,2026-05-15,2,7.0,2026-05-13T09:31:00-04:00,7.049999999999983,NDXP  260515P29190000,NDXP  260515P29180000,final_holdout,False,False,0,0,0,0,0,1199,available,False,2026-05-13T09:31:00-04:00,2026-05-15T15:59:00-04:00,9.649999999999999,-5452.960000000033,1.0,last_observed_quote_not_settlement,1036.0,33,41,5.150000000000034,3547.0399999998986,2026-05-13T09:32:00-04:00,0.0,5.050000000000011,3747.039999999944,2026-05-13T09:33:00-04:00,0.0,6.4500000000000455,947.0399999998756,2026-05-13T09:36:00-04:00,0.0,5.25,3347.0399999999668,2026-05-13T09:41:00-04:00,0.0,5.5,2847.0399999999668,2026-05-13T09:46:00-04:00,0.0,5.449999999999989,2947.0399999999895,2026-05-13T10:01:00-04:00,0.0,0.549999999999983,12747.04,2026-05-13T10:31:00-04:00,0.0,4.599999999999994,4647.039999999978,2026-05-13T11:31:00-04:00,0.0,3.049999999999983,7747.040000000001,2026-05-13T16:00:00-04:00,0.0,1.0999999999999979,11647.039999999972,2026-05-14T16:00:00-04:00,0.0,,,2026-05-15T15:59:00-04:00,60.0,,,,,1.0,hit,4.0,hit,14.0,hit,14.0,hit,14.0,hit,60.0,hit,3155.0,hit,8.0,hit,16.0,hit,0.0,hit,16.0,hit,16.0,hit,3264.0,hit,7.699999999999932,2,True,False,False,False,,7.699999999999932,2,True,False,False,False,,9.149999999999977,11,True,True,True,True,,9.300000000000011,26,True,True,True,True,,14.0,2026-05-13T09:45:00-04:00,1.1999999999999318,11447.040000000105,69.0,2026-05-13T10:40:00-04:00,2.0999999999999943,9647.039999999979,286.0,2026-05-13T14:17:00-04:00,2.799999999999997,8247.039999999974,15.0,2026-05-13T09:46:00-04:00,5.5,2847.0399999999668,14.0,2026-05-13T09:45:00-04:00,1.1999999999999318,11447.040000000105,318.0,2026-05-13T14:49:00-04:00,0.75,12347.039999999968,1507.0,2026-05-14T10:38:00-04:00,1.75,10347.039999999968,15.0,2026-05-13T09:46:00-04:00,5.5,2847.0399999999668,60.0,2026-05-13T10:31:00-04:00,0.549999999999983,12747.04,318.0,2026-05-13T14:49:00-04:00,0.75,12347.039999999968,1815.0,2026-05-14T15:46:00-04:00,0.9499999999999993,11947.039999999968,61.0,2026-05-13T10:32:00-04:00,7.700000000000017,-1552.9600000000676,3156.0,2026-05-15T14:07:00-04:00,0.4499999999999993,12947.039999999968,3157.0,2026-05-15T14:08:00-04:00,0.40000000000000036,13047.039999999966,,,,,3157.0,2026-05-15T14:08:00-04:00,0.40000000000000036,13047.039999999966,3431
2026-05-15,2026-05-18,3,5.0,2026-05-15T09:31:00-04:00,5.050000000000011,NDXP  260518P29510000,NDXP  260518P29500000,final_holdout,False,False,0,0,0,116,0,679,available,False,2026-05-15T09:31:00-04:00,2026-05-18T15:59:00-04:00,10.0,-10052.959999999975,1.0,last_observed_quote_not_settlement,3916.0,594,16,7.099999999999966,-4352.959999999908,2026-05-15T09:32:00-04:00,0.0,,,2026-05-15T09:32:00-04:00,60.0,7.4500000000000455,-5052.960000000067,2026-05-15T09:36:00-04:00,0.0,5.899999999999977,-1952.9599999999311,2026-05-15T09:41:00-04:00,0.0,8.25,-6652.959999999978,2026-05-15T09:46:00-04:00,0.0,7.250000000000057,-4652.96000000009,2026-05-15T10:01:00-04:00,0.0,7.5,-5152.959999999976,2026-05-15T10:31:00-04:00,0.0,4.699999999999989,447.0400000000462,2026-05-15T11:31:00-04:00,0.0,9.0,-8152.959999999978,2026-05-15T16:00:00-04:00,0.0,,,2026-05-15T16:15:00-04:00,85500.0,,,2026-05-15T16:15:00-04:00,171900.0,,,2026-05-18T15:59:00-04:00,60.0,0.0,hit,4.0,hit,304.0,hit,304.0,hit,,never_hit,,never_hit,,never_hit,1.0,hit,1.0,hit,1.0,hit,9.0,hit,16.0,hit,391.0,hit,9.250000000000057,298,True,True,True,True,,,,True,True,True,False,2.8000000000000114,,,True,True,True,False,2.8000000000000114,,,True,True,True,False,2.8000000000000114,304.0,2026-05-15T14:35:00-04:00,2.25,5347.040000000024,,,,,,,,,305.0,2026-05-15T14:36:00-04:00,7.449999999999932,-5052.95999999984,,,,,,,,,,,,,,,,,,,,,,,,,,,,,,,,,,,,,,,,,,,,,,,,,3432
2026-05-15,2026-05-18,3,6.0,2026-05-15T09:31:00-04:00,6.0,NDXP  260518P29300000,NDXP  260518P29290000,final_holdout,False,False,0,0,0,111,0,684,available,False,2026-05-15T09:31:00-04:00,2026-05-18T16:00:00-04:00,8.849999999999966,-5952.959999999933,0.0,last_observed_quote_not_settlement,3916.0,257,86,7.2000000000000455,-2652.96000000009,2026-05-15T09:32:00-04:00,0.0,5.650000000000034,447.0399999999325,2026-05-15T09:33:00-04:00,0.0,5.099999999999909,1547.0400000001825,2026-05-15T09:36:00-04:00,0.0,5.5,747.0400000000006,2026-05-15T09:41:00-04:00,0.0,4.2999999999999545,3147.040000000092,2026-05-15T09:46:00-04:00,0.0,6.399999999999977,-1052.9599999999539,2026-05-15T10:01:00-04:00,0.0,5.300000000000011,1147.039999999978,2026-05-15T10:31:00-04:00,0.0,4.75,2247.040000000001,2026-05-15T11:31:00-04:00,0.0,6.150000000000006,-552.9600000000107,2026-05-15T16:00:00-04:00,0.0,,,2026-05-15T16:15:00-04:00,85500.0,,,2026-05-15T16:15:00-04:00,171900.0,8.849999999999966,-5952.959999999933,2026-05-18T16:00:00-04:00,0.0,5.0,hit,15.0,hit,48.0,hit,123.0,hit,,never_hit,,never_hit,,never_hit,1.0,hit,1.0,hit,1.0,hit,27.0,hit,27.0,hit,4387.0,hit,9.100000000000023,24,True,True,True,True,,,,True,True,True,False,3.2499999999999716,,,True,True,True,False,3.2499999999999716,,,True,True,True,False,3.2499999999999716,123.0,2026-05-15T11:34:00-04:00,2.7500000000000284,6247.039999999944,,,,,,,,,124.0,2026-05-15T11:35:00-04:00,3.150000000000034,5447.039999999933,,,,,,,,,,,,,,,,,,,,,,,,,,,,,,,,,,,,,,,,,,,,,,,,,3433
2026-05-15,2026-05-18,3,7.0,2026-05-15T09:31:00-04:00,7.0,NDXP  260518P29570000,NDXP  260518P29560000,final_holdout,False,False,0,0,0,126,0,669,available,False,2026-05-15T09:31:00-04:00,2026-05-18T15:59:00-04:00,10.0,-6152.96,1.0,last_observed_quote_not_settlement,3916.0,534,58,7.600000000000023,-1452.9600000000448,2026-05-15T09:32:00-04:00,0.0,6.650000000000034,447.0399999999325,2026-05-15T09:33:00-04:00,0.0,7.199999999999989,-652.9599999999766,2026-05-15T09:36:00-04:00,0.0,7.949999999999989,-2152.9599999999764,2026-05-15T09:41:00-04:00,0.0,8.600000000000023,-3452.9600000000464,2026-05-15T09:46:00-04:00,0.0,7.250000000000114,-752.9600000002267,2026-05-15T10:01:00-04:00,0.0,7.5,-1252.9599999999994,2026-05-15T10:31:00-04:00,0.0,7.5,-1252.9599999999994,2026-05-15T11:31:00-04:00,0.0,8.75,-3752.960000000001,2026-05-15T16:00:00-04:00,0.0,,,2026-05-15T16:15:00-04:00,85500.0,,,2026-05-15T16:15:00-04:00,171900.0,,,2026-05-18T15:59:00-04:00,60.0,4.0,hit,4.0,hit,4385.0,hit,,never_hit,,never_hit,,never_hit,,never_hit,1.0,hit,8.0,hit,0.0,hit,8.0,hit,24.0,hit,35.0,hit,,,True,True,True,False,3.2000000000000455,,,True,True,True,False,3.2000000000000455,,,True,True,True,False,3.2000000000000455,,,True,True,True,False,3.2000000000000455,,,,,,,,,,,,,,,,,,,,,,,,,,,,,,,,,,,,,,,,,,,,,,,,,,,,,,,,,,,,,,,,,3434
2026-05-18,2026-05-20,2,5.0,2026-05-18T09:31:00-04:00,4.949999999999989,NDXP  260520P29300000,NDXP  260520P29290000,final_holdout,False,False,0,0,0,35,1,1165,available,False,2026-05-18T09:31:00-04:00,2026-05-20T16:00:00-04:00,3.6499999999999995,2347.039999999979,0.0,last_observed_quote_not_settlement,1036.0,1119,24,4.5,647.0399999999779,2026-05-18T09:32:00-04:00,0.0,5.449999999999989,-1252.9599999999994,2026-05-18T09:33:00-04:00,0.0,5.149999999999977,-652.9599999999766,2026-05-18T09:36:00-04:00,0.0,5.550000000000011,-1452.9600000000448,2026-05-18T09:41:00-04:00,0.0,6.949999999999989,-4252.959999999999,2026-05-18T09:46:00-04:00,0.0,6.399999999999977,-3152.9599999999764,2026-05-18T10:01:00-04:00,0.0,6.600000000000023,-3552.9600000000673,2026-05-18T10:31:00-04:00,0.0,7.949999999999989,-6252.959999999999,2026-05-18T11:31:00-04:00,0.0,7.5,-5352.960000000022,2026-05-18T16:00:00-04:00,0.0,8.0,-6352.960000000024,2026-05-19T16:00:00-04:00,0.0,3.6499999999999995,2347.039999999979,2026-05-20T16:00:00-04:00,0.0,,,,,0.0,hit,0.0,hit,57.0,hit,333.0,hit,1739.0,hit,,never_hit,,never_hit,2.0,hit,4.0,hit,6.0,hit,63.0,hit,63.0,hit,90.0,hit,9.800000000000011,323,True,True,True,True,,10.0,646,True,True,True,True,,,,True,True,True,False,3.349999999999966,,,True,True,True,False,3.349999999999966,333.0,2026-05-18T15:04:00-04:00,2.25,5147.039999999978,,,,,,,,,334.0,2026-05-18T15:05:00-04:00,8.849999999999966,-8052.9599999999555,1739.0,2026-05-19T14:30:00-04:00,1.6000000000000227,6447.039999999933,,,,,,,,,1740.0,2026-05-19T14:31:00-04:00,8.5,-7352.960000000024,,,,,,,,,,,,,,,,,,,,,,,,,,,,,,,,,3435
2026-05-18,2026-05-20,2,6.0,2026-05-18T09:31:00-04:00,5.7999999999999545,NDXP  260520P29460000,NDXP  260520P29450000,final_holdout,False,False,0,0,0,157,0,1043,available,False,2026-05-18T09:31:00-04:00,2026-05-20T16:00:00-04:00,10.0,-8552.96000000009,0.0,last_observed_quote_not_settlement,1036.0,909,14,5.800000000000011,-252.96000000011298,2026-05-18T09:32:00-04:00,0.0,6.649999999999977,-1952.9600000000448,2026-05-18T09:33:00-04:00,0.0,6.550000000000011,-1752.960000000113,2026-05-18T09:36:00-04:00,0.0,8.75,-6152.960000000092,2026-05-18T09:41:00-04:00,0.0,7.399999999999977,-3452.9600000000446,2026-05-18T09:46:00-04:00,0.0,7.949999999999932,-4552.959999999954,2026-05-18T10:01:00-04:00,0.0,7.0499999999999545,-2752.959999999999,2026-05-18T10:31:00-04:00,0.0,8.199999999999818,-5052.959999999728,2026-05-18T11:31:00-04:00,0.0,8.300000000000011,-5252.960000000115,2026-05-18T16:00:00-04:00,0.0,9.899999999999864,-8452.959999999819,2026-05-19T16:00:00-04:00,0.0,10.0,-8552.96000000009,2026-05-20T16:00:00-04:00,0.0,,,,,3.0,hit,4.0,hit,4.0,hit,2985.0,hit,2985.0,hit,2985.0,hit,,never_hit,2.0,hit,6.0,hit,6.0,hit,10.0,hit,48.0,hit,122.0,hit,10.0,750,True,True,True,True,,10.0,750,True,True,True,True,,10.0,750,True,True,True,True,,,,True,True,True,False,4.7999999999999545,2985.0,2026-05-20T11:16:00-04:00,1.0,9347.03999999991,,,,,,,,,2986.0,2026-05-20T11:17:00-04:00,8.500000000000028,-5652.960000000149,2985.0,2026-05-20T11:16:00-04:00,1.0,9347.03999999991,,,,,,,,,2986.0,2026-05-20T11:17:00-04:00,8.500000000000028,-5652.960000000149,,,,,,,,,,,,,,,,,,,,,,,,,,,,,,,,,3436
2026-05-18,2026-05-20,2,7.0,2026-05-18T09:31:00-04:00,7.0499999999999545,NDXP  260520P29630000,NDXP  260520P29620000,final_holdout,False,False,0,0,0,210,0,990,available,False,2026-05-18T09:31:00-04:00,2026-05-20T16:00:00-04:00,5.899999999999977,2047.0399999999554,0.0,last_observed_quote_not_settlement,1036.0,818,18,5.550000000000011,2747.039999999887,2026-05-18T09:32:00-04:00,0.0,7.150000000000034,-452.96000000015846,2026-05-18T09:33:00-04:00,0.0,7.699999999999989,-1552.9600000000676,2026-05-18T09:36:00-04:00,0.0,7.399999999999977,-952.9600000000448,2026-05-18T09:41:00-04:00,0.0,7.649999999999977,-1452.9600000000448,2026-05-18T09:46:00-04:00,0.0,9.300000000000182,-4752.960000000456,2026-05-18T10:01:00-04:00,0.0,8.700000000000045,-3552.960000000183,2026-05-18T10:31:00-04:00,0.0,9.25,-4652.960000000092,2026-05-18T11:31:00-04:00,0.0,9.149999999999977,-4452.960000000046,2026-05-18T16:00:00-04:00,0.0,,,2026-05-19T15:59:00-04:00,60.0,5.899999999999977,2047.0399999999554,2026-05-20T16:00:00-04:00,0.0,,,,,3091.0,hit,3091.0,hit,,never_hit,,never_hit,,never_hit,,never_hit,,never_hit,3.0,hit,6.0,hit,0.0,hit,6.0,hit,14.0,hit,32.0,hit,,,True,True,True,False,2.0499999999999545,,,True,True,True,False,2.0499999999999545,,,True,True,True,False,2.0499999999999545,,,True,True,True,False,2.0499999999999545,,,,,,,,,,,,,,,,,,,,,,,,,,,,,,,,,,,,,,,,,,,,,,,,,,,,,,,,,,,,,,,,,3437
2026-05-18,2026-05-21,3,5.0,2026-05-18T09:31:00-04:00,4.949999999999989,NDXP  260521P29330000,NDXP  260521P29320000,final_holdout,False,False,0,0,0,8,0,1596,available,False,2026-05-18T09:31:00-04:00,2026-05-21T15:59:00-04:00,0.32499999999999996,8997.039999999979,1.0,last_observed_quote_not_settlement,1036.0,1396,135,5.699999999999932,-1752.9599999998857,2026-05-18T09:32:00-04:00,0.0,5.699999999999932,-1752.9599999998857,2026-05-18T09:33:00-04:00,0.0,6.050000000000068,-2452.9600000001583,2026-05-18T09:36:00-04:00,0.0,5.199999999999932,-752.9599999998857,2026-05-18T09:41:00-04:00,0.0,4.699999999999989,247.04000000000067,2026-05-18T09:46:00-04:00,0.0,5.800000000000011,-1952.9600000000448,2026-05-18T10:01:00-04:00,0.0,6.149999999999977,-2652.9599999999764,2026-05-18T10:31:00-04:00,0.0,7.0,-4352.960000000022,2026-05-18T11:31:00-04:00,0.0,7.350000000000023,-5052.960000000067,2026-05-18T16:00:00-04:00,0.0,8.0,-6352.960000000024,2026-05-19T16:00:00-04:00,0.0,4.900000000000006,-152.9600000000334,2026-05-20T16:00:00-04:00,0.0,,,2026-05-21T15:59:00-04:00,60.0,0.0,hit,0.0,hit,20.0,hit,334.0,hit,4327.0,hit,4706.0,hit,4707.0,hit,1.0,hit,4.0,hit,4.0,hit,23.0,hit,90.0,hit,1487.0,hit,9.050000000000011,322,True,True,True,True,,9.899999999999977,1144,True,True,True,True,,9.899999999999977,1396,True,True,True,True,,9.899999999999977,1396,True,True,True,True,,334.0,2026-05-18T15:05:00-04:00,2.099999999999909,5447.04000000016,4578.0,2026-05-21T13:49:00-04:00,2.3999999999999986,4847.039999999981,4579.0,2026-05-21T13:50:00-04:00,2.1999999999999957,5247.039999999986,335.0,2026-05-18T15:06:00-04:00,6.650000000000091,-3652.9600000002038,4327.0,2026-05-21T09:38:00-04:00,1.4000000000000057,6847.039999999966,4583.0,2026-05-21T13:54:00-04:00,1.700000000000001,6247.039999999975,4584.0,2026-05-21T13:55:00-04:00,1.4499999999999993,6747.039999999979,4328.0,2026-05-21T09:39:00-04:00,7.0,-4352.960000000022,4706.0,2026-05-21T15:57:00-04:00,0.8999999999999999,7847.039999999977,4707.0,2026-05-21T15:58:00-04:00,0.3999999999999999,8847.039999999979,4708.0,2026-05-21T15:59:00-04:00,0.32499999999999996,8997.039999999979,4707.0,2026-05-21T15:58:00-04:00,0.3999999999999999,8847.039999999979,4707.0,2026-05-21T15:58:00-04:00,0.3999999999999999,8847.039999999979,4708.0,2026-05-21T15:59:00-04:00,0.32499999999999996,8997.039999999979,,,,,4708.0,2026-05-21T15:59:00-04:00,0.32499999999999996,8997.039999999979,3438
2026-05-18,2026-05-21,3,6.0,2026-05-18T09:31:00-04:00,6.0,NDXP  260521P29500000,NDXP  260521P29490000,final_holdout,False,False,0,0,0,88,0,1517,available,False,2026-05-18T09:31:00-04:00,2026-05-21T16:00:00-04:00,10.0,-8152.96,0.0,last_observed_quote_not_settlement,1036.0,1413,77,6.100000000000023,-452.9600000000448,2026-05-18T09:32:00-04:00,0.0,6.2000000000000455,-652.9600000000903,2026-05-18T09:33:00-04:00,0.0,6.25,-752.9599999999994,2026-05-18T09:36:00-04:00,0.0,7.100000000000023,-2452.9600000000446,2026-05-18T09:41:00-04:00,0.0,6.899999999999977,-2052.9599999999537,2026-05-18T09:46:00-04:00,0.0,7.000000000000114,-2252.9600000002265,2026-05-18T10:01:00-04:00,0.0,7.7000000000000455,-3652.96000000009,2026-05-18T10:31:00-04:00,0.0,8.799999999999955,-5852.95999999991,2026-05-18T11:31:00-04:00,0.0,6.599999999999909,-1452.9599999998175,2026-05-18T16:00:00-04:00,0.0,8.449999999999932,-5152.9599999998645,2026-05-19T16:00:00-04:00,0.0,6.75,-1752.9599999999994,2026-05-20T16:00:00-04:00,0.0,10.0,-8152.96,2026-05-21T16:00:00-04:00,0.0,7.0,hit,36.0,hit,36.0,hit,74.0,hit,74.0,hit,,never_hit,,never_hit,10.0,hit,10.0,hit,10.0,hit,89.0,hit,115.0,hit,153.0,hit,7.949999999999932,66,True,False,False,False,,7.949999999999932,66,True,False,False,False,,,,True,True,True,False,4.75,,,True,True,True,False,4.75,74.0,2026-05-18T10:45:00-04:00,1.599999999999909,8547.040000000183,,,,,,,,,75.0,2026-05-18T10:46:00-04:00,7.600000000000023,-3452.9600000000446,74.0,2026-05-18T10:45:00-04:00,1.599999999999909,8547.040000000183,,,,,,,,,75.0,2026-05-18T10:46:00-04:00,7.600000000000023,-3452.9600000000446,,,,,,,,,,,,,,,,,,,,,,,,,,,,,,,,,3439
2026-05-18,2026-05-21,3,7.0,2026-05-18T09:31:00-04:00,6.9500000000000455,NDXP  260521P29690000,NDXP  260521P29680000,final_holdout,False,False,0,0,0,185,0,1420,available,False,2026-05-18T09:31:00-04:00,2026-05-21T16:00:00-04:00,10.0,-6252.959999999909,0.0,last_observed_quote_not_settlement,1038.0,1221,81,6.5,647.0400000000916,2026-05-18T09:32:00-04:00,0.0,6.4500000000000455,747.0400000000006,2026-05-18T09:33:00-04:00,0.0,7.399999999999977,-1152.959999999863,2026-05-18T09:36:00-04:00,0.0,7.75,-1852.9599999999084,2026-05-18T09:41:00-04:00,0.0,7.350000000000023,-1052.9599999999539,2026-05-18T09:46:00-04:00,0.0,8.049999999999955,-2452.959999999819,2026-05-18T10:01:00-04:00,0.0,8.099999999999909,-2552.959999999728,2026-05-18T10:31:00-04:00,0.0,8.600000000000023,-3552.9599999999555,2026-05-18T11:31:00-04:00,0.0,8.399999999999977,-3152.9599999998645,2026-05-18T16:00:00-04:00,0.0,,,2026-05-19T15:59:00-04:00,60.0,,,2026-05-20T15:59:00-04:00,60.0,10.0,-6252.959999999909,2026-05-21T16:00:00-04:00,0.0,13.0,hit,1458.0,hit,1844.0,hit,1844.0,hit,1844.0,hit,3271.0,hit,3271.0,hit,10.0,hit,21.0,hit,5.0,hit,21.0,hit,67.0,hit,104.0,hit,10.0,650,True,True,True,True,,10.0,650,True,True,True,True,,10.0,1007,True,True,True,True,,10.0,1007,True,True,True,True,,1844.0,2026-05-19T16:15:00-04:00,1.6000000000001364,10447.039999999819,3271.0,2026-05-20T16:02:00-04:00,0.0,13647.040000000092,,,,,,,,,1844.0,2026-05-19T16:15:00-04:00,1.6000000000001364,10447.039999999819,3271.0,2026-05-20T16:02:00-04:00,0.0,13647.040000000092,,,,,,,,,3271.0,2026-05-20T16:02:00-04:00,0.0,13647.040000000092,,,,,,,,,3272.0,2026-05-20T16:03:00-04:00,8.400000000000034,-3152.959999999978,3271.0,2026-05-20T16:02:00-04:00,0.0,13647.040000000092,,,,,,,,,3272.0,2026-05-20T16:03:00-04:00,8.400000000000034,-3152.959999999978,3440
2026-05-19,2026-05-21,2,5.0,2026-05-19T09:31:00-04:00,5.0,NDXP  260521P28880000,NDXP  260521P28870000,final_holdout,False,False,0,0,2,2,0,1161,available,False,2026-05-19T09:31:00-04:00,2026-05-21T15:24:00-04:00,0.0,9747.04,36.0,last_observed_quote_not_settlement,1036.0,173,101,3.5,2747.040000000001,2026-05-19T09:32:00-04:00,0.0,5.150000000000034,-552.9600000000676,2026-05-19T09:33:00-04:00,0.0,5.099999999999966,-452.9599999999311,2026-05-19T09:36:00-04:00,0.0,4.650000000000034,447.0399999999325,2026-05-19T09:41:00-04:00,0.0,4.199999999999989,1347.0400000000234,2026-05-19T09:46:00-04:00,0.0,5.449999999999932,-1152.959999999863,2026-05-19T10:01:00-04:00,0.0,6.25,-2752.959999999999,2026-05-19T10:31:00-04:00,0.0,6.650000000000034,-3552.9600000000673,2026-05-19T11:31:00-04:00,0.0,5.199999999999989,-652.9599999999766,2026-05-19T16:00:00-04:00,0.0,1.6499999999999986,6447.040000000004,2026-05-20T16:00:00-04:00,0.0,,,2026-05-21T15:24:00-04:00,2160.0,,,,,0.0,hit,0.0,hit,1.0,hit,35.0,hit,1469.0,hit,1502.0,hit,1627.0,hit,25.0,hit,25.0,hit,25.0,hit,95.0,hit,,never_hit,,never_hit,7.849999999999966,6,True,False,False,False,,8.449999999999989,168,True,True,False,False,,8.449999999999989,168,True,True,False,False,,8.449999999999989,170,True,True,False,False,,35.0,2026-05-19T10:06:00-04:00,2.0500000000000114,5647.039999999978,1525.0,2026-05-20T10:56:00-04:00,2.799999999999997,4147.040000000006,1526.0,2026-05-20T10:57:00-04:00,2.4000000000000057,4947.039999999989,36.0,2026-05-19T10:07:00-04:00,5.149999999999977,-552.9599999999539,1469.0,2026-05-20T10:00:00-04:00,1.849999999999966,6047.040000000069,1790.0,2026-05-20T15:21:00-04:00,1.8999999999999915,5947.040000000018,1791.0,2026-05-20T15:22:00-04:00,1.9499999999999957,5847.040000000009,1470.0,2026-05-20T10:01:00-04:00,4.250000000000028,1247.0399999999438,1502.0,2026-05-20T10:33:00-04:00,0.6999999999999886,8347.040000000025,2998.0,2026-05-21T11:29:00-04:00,0.9000000000000004,7947.04,2999.0,2026-05-21T11:30:00-04:00,0.8500000000000014,8047.039999999998,1503.0,2026-05-20T10:34:00-04:00,3.0999999999999943,3547.0400000000122,1627.0,2026-05-20T12:38:00-04:00,0.15000000000000568,9447.03999999999,3031.0,2026-05-21T12:02:00-04:00,0.39999999999999947,8947.040000000003,3038.0,2026-05-21T12:09:00-04:00,0.39999999999999947,8947.040000000003,1628.0,2026-05-20T12:39:00-04:00,2.6999999999999886,4347.040000000024,3441
2026-05-19,2026-05-21,2,6.0,2026-05-19T09:31:00-04:00,6.0,NDXP  260521P28930000,NDXP  260521P28920000,final_holdout,False,False,0,0,3,9,0,1161,available,False,2026-05-19T09:31:00-04:00,2026-05-21T15:42:00-04:00,0.0,11747.04,18.0,last_observed_quote_not_settlement,1036.0,86,68,5.550000000000011,647.0399999999779,2026-05-19T09:32:00-04:00,0.0,5.100000000000023,1547.0399999999552,2026-05-19T09:33:00-04:00,0.0,4.849999999999966,2047.040000000069,2026-05-19T09:36:00-04:00,0.0,6.099999999999966,-452.9599999999311,2026-05-19T09:41:00-04:00,0.0,4.099999999999966,3547.040000000069,2026-05-19T09:46:00-04:00,0.0,5.199999999999989,1347.0400000000234,2026-05-19T10:01:00-04:00,0.0,4.5,2747.040000000001,2026-05-19T10:31:00-04:00,0.0,5.899999999999977,-52.959999999953816,2026-05-19T11:31:00-04:00,0.0,5.599999999999966,547.0400000000689,2026-05-19T16:00:00-04:00,0.0,1.9500000000000028,7847.039999999995,2026-05-20T16:00:00-04:00,0.0,,,2026-05-21T15:42:00-04:00,1080.0,,,,,2.0,hit,4.0,hit,14.0,hit,192.0,hit,301.0,hit,1637.0,hit,3039.0,hit,18.0,hit,18.0,hit,18.0,hit,52.0,hit,52.0,hit,,never_hit,9.200000000000045,80,True,True,True,True,,9.200000000000045,80,True,True,True,True,,9.200000000000045,85,True,True,True,True,,9.200000000000045,86,True,True,True,True,,192.0,2026-05-19T12:43:00-04:00,2.9499999999999886,5847.040000000024,1530.0,2026-05-20T11:01:00-04:00,2.8500000000000085,6047.039999999984,1534.0,2026-05-20T11:05:00-04:00,2.6999999999999886,6347.040000000024,193.0,2026-05-19T12:44:00-04:00,5.300000000000068,1147.0399999998642,301.0,2026-05-19T14:32:00-04:00,1.5000000000000284,8747.039999999944,1659.0,2026-05-20T13:10:00-04:00,1.5,8747.04,1666.0,2026-05-20T13:17:00-04:00,0.9499999999999886,9847.040000000025,302.0,2026-05-19T14:33:00-04:00,4.25,3247.040000000001,1637.0,2026-05-20T12:48:00-04:00,0.8499999999999943,10047.040000000014,3016.0,2026-05-21T11:47:00-04:00,0.8000000000000007,10147.04,3017.0,2026-05-21T11:48:00-04:00,0.7999999999999989,10147.040000000005,1638.0,2026-05-20T12:49:00-04:00,2.8999999999999915,5947.040000000018,3039.0,2026-05-21T12:10:00-04:00,0.40000000000000036,10947.04,3090.0,2026-05-21T13:01:00-04:00,0.40000000000000036,10947.04,3091.0,2026-05-21T13:02:00-04:00,0.34999999999999964,11047.040000000003,3040.0,2026-05-21T12:11:00-04:00,0.5,10747.04,3442
2026-05-19,2026-05-21,2,7.0,2026-05-19T09:31:00-04:00,7.0,NDXP  260521P29240000,NDXP  260521P29230000,final_holdout,False,False,0,0,2,4,0,1187,available,False,2026-05-19T09:31:00-04:00,2026-05-21T15:56:00-04:00,0.0,13747.04,4.0,last_observed_quote_not_settlement,1036.0,277,161,6.849999999999966,47.04000000006892,2026-05-19T09:32:00-04:00,0.0,7.2000000000000455,-652.9600000000903,2026-05-19T09:33:00-04:00,0.0,6.349999999999966,1047.0400000000689,2026-05-19T09:36:00-04:00,0.0,7.749999999999943,-1752.9599999998857,2026-05-19T09:41:00-04:00,0.0,8.100000000000023,-2452.9600000000464,2026-05-19T09:46:00-04:00,0.0,6.650000000000034,447.0399999999325,2026-05-19T10:01:00-04:00,0.0,8.25,-2752.960000000001,2026-05-19T10:31:00-04:00,0.0,8.450000000000045,-3152.960000000092,2026-05-19T11:31:00-04:00,0.0,7.449999999999989,-1152.9599999999766,2026-05-19T16:00:00-04:00,0.0,3.8999999999999773,5947.040000000046,2026-05-20T16:00:00-04:00,0.0,,,2026-05-21T15:56:00-04:00,240.0,,,,,9.0,hit,9.0,hit,109.0,hit,109.0,hit,1603.0,hit,3130.0,hit,3144.0,hit,10.0,hit,11.0,hit,0.0,hit,11.0,hit,63.0,hit,63.0,hit,9.599999999999909,72,True,True,True,True,,9.599999999999909,234,True,True,True,True,,9.599999999999909,277,True,True,True,True,,9.599999999999909,277,True,True,True,True,,1547.0,2026-05-20T11:18:00-04:00,2.150000000000034,9447.039999999934,1751.0,2026-05-20T14:42:00-04:00,2.400000000000034,8947.039999999934,3111.0,2026-05-21T13:22:00-04:00,1.6499999999999986,10447.040000000005,1548.0,2026-05-20T11:19:00-04:00,5.100000000000023,3547.0399999999554,1603.0,2026-05-20T12:14:00-04:00,1.8500000000000227,10047.039999999955,3111.0,2026-05-21T13:22:00-04:00,1.6499999999999986,10447.040000000005,3122.0,2026-05-21T13:33:00-04:00,1.549999999999999,10647.040000000005,1604.0,2026-05-20T12:15:00-04:00,4.75,4247.040000000001,3134.0,2026-05-21T13:45:00-04:00,0.8499999999999996,12047.040000000003,3135.0,2026-05-21T13:46:00-04:00,0.9499999999999993,11847.040000000003,3136.0,2026-05-21T13:47:00-04:00,0.9000000000000004,11947.04,3135.0,2026-05-21T13:46:00-04:00,0.9499999999999993,11847.040000000003,3238.0,2026-05-21T15:29:00-04:00,0.3750000000000002,12997.04,3242.0,2026-05-21T15:33:00-04:00,0.40000000000000036,12947.04,3247.0,2026-05-21T15:38:00-04:00,0.3500000000000001,13047.04,3239.0,2026-05-21T15:30:00-04:00,0.625,12497.04,3443
2026-05-19,2026-05-22,3,5.0,2026-05-19T09:31:00-04:00,4.949999999999989,NDXP  260522P28780000,NDXP  260522P28770000,final_holdout,False,False,0,0,7,4,0,1519,available,False,2026-05-19T09:31:00-04:00,2026-05-22T15:07:00-04:00,0.0,9647.039999999979,53.0,last_observed_quote_not_settlement,1036.0,79,72,3.8999999999999773,1847.0400000000234,2026-05-19T09:32:00-04:00,0.0,2.5,4647.039999999978,2026-05-19T09:33:00-04:00,0.0,4.050000000000011,1547.0399999999552,2026-05-19T09:36:00-04:00,0.0,4.199999999999989,1247.0400000000006,2026-05-19T09:41:00-04:00,0.0,4.349999999999966,947.0400000000461,2026-05-19T09:46:00-04:00,0.0,4.399999999999977,847.0400000000234,2026-05-19T10:01:00-04:00,0.0,2.099999999999966,5447.040000000046,2026-05-19T10:31:00-04:00,0.0,8.25,-6852.960000000024,2026-05-19T11:31:00-04:00,0.0,4.25,1147.039999999978,2026-05-19T16:00:00-04:00,0.0,1.7000000000000028,6247.039999999973,2026-05-20T16:00:00-04:00,0.0,0.34999999999999787,8947.039999999983,2026-05-21T16:00:00-04:00,0.0,,,2026-05-22T15:07:00-04:00,3180.0,0.0,hit,0.0,hit,1.0,hit,2.0,hit,154.0,hit,3100.0,hit,3134.0,hit,32.0,hit,32.0,hit,70.0,hit,117.0,hit,117.0,hit,117.0,hit,4.949999999999989,0,False,False,False,False,,9.649999999999977,66,True,True,True,True,,9.649999999999977,79,True,True,True,True,,9.649999999999977,79,True,True,True,True,,2.0,2026-05-19T09:33:00-04:00,2.5,4647.039999999978,302.0,2026-05-19T14:33:00-04:00,2.5,4647.039999999978,1498.0,2026-05-20T10:29:00-04:00,2.6000000000000227,4447.039999999933,3.0,2026-05-19T09:34:00-04:00,4.0499999999999545,1547.0400000000689,154.0,2026-05-19T12:05:00-04:00,1.0500000000000114,7547.039999999955,1772.0,2026-05-20T15:03:00-04:00,1.9499999999999886,5747.040000000001,1786.0,2026-05-20T15:17:00-04:00,1.8999999999999915,5847.039999999995,155.0,2026-05-19T12:06:00-04:00,4.850000000000023,-52.9600000000675,3100.0,2026-05-21T13:11:00-04:00,0.8999999999999986,7847.039999999981,3103.0,2026-05-21T13:14:00-04:00,0.9499999999999993,7747.039999999979,3107.0,2026-05-21T13:18:00-04:00,0.8500000000000014,7947.039999999975,3101.0,2026-05-21T13:12:00-04:00,1.0500000000000007,7547.039999999976,3144.0,2026-05-21T13:55:00-04:00,0.4499999999999993,8747.03999999998,3145.0,2026-05-21T13:56:00-04:00,0.4499999999999993,8747.03999999998,4322.0,2026-05-22T09:33:00-04:00,0.10000000000000009,9447.039999999977,3145.0,2026-05-21T13:56:00-04:00,0.4499999999999993,8747.03999999998,3444
2026-05-19,2026-05-22,3,6.0,2026-05-19T09:31:00-04:00,6.0,NDXP  260522P28950000,NDXP  260522P28940000,final_holdout,False,False,0,0,10,47,0,1507,available,False,2026-05-19T09:31:00-04:00,2026-05-22T15:23:00-04:00,0.0,11747.04,37.0,last_observed_quote_not_settlement,1036.0,75,80,5.099999999999966,1547.0400000000689,2026-05-19T09:32:00-04:00,0.0,4.850000000000023,2047.0399999999554,2026-05-19T09:33:00-04:00,0.0,5.100000000000023,1547.0399999999552,2026-05-19T09:36:00-04:00,0.0,3.699999999999932,4347.040000000137,2026-05-19T09:41:00-04:00,0.0,5.399999999999977,947.0400000000461,2026-05-19T09:46:00-04:00,0.0,5.7000000000000455,347.03999999990975,2026-05-19T10:01:00-04:00,0.0,6.2000000000000455,-652.9600000000903,2026-05-19T10:31:00-04:00,0.0,6.199999999999989,-652.9599999999766,2026-05-19T11:31:00-04:00,0.0,5.050000000000068,1647.0399999998642,2026-05-19T16:00:00-04:00,0.0,2.4499999999999886,6847.040000000024,2026-05-20T16:00:00-04:00,0.0,1.0999999999999979,9547.040000000006,2026-05-21T16:00:00-04:00,0.0,,,2026-05-22T15:23:00-04:00,2220.0,1.0,hit,2.0,hit,10.0,hit,41.0,hit,1466.0,hit,1561.0,hit,4320.0,hit,4.0,hit,17.0,hit,17.0,hit,17.0,hit,,never_hit,,never_hit,8.649999999999977,6,True,True,False,False,,8.649999999999977,75,True,True,False,False,,8.649999999999977,75,True,True,False,False,,8.649999999999977,75,True,True,False,False,,41.0,2026-05-19T10:12:00-04:00,2.8999999999999773,5947.040000000046,1546.0,2026-05-20T11:17:00-04:00,2.799999999999983,6147.0400000000345,1550.0,2026-05-20T11:21:00-04:00,2.9000000000000057,5947.039999999989,42.0,2026-05-19T10:13:00-04:00,4.099999999999966,3547.040000000069,1466.0,2026-05-20T09:57:00-04:00,1.75,8247.04,1714.0,2026-05-20T14:05:00-04:00,1.8000000000000114,8147.039999999978,1715.0,2026-05-20T14:06:00-04:00,1.8000000000000114,8147.039999999978,1467.0,2026-05-20T09:58:00-04:00,4.25,3247.040000000001,2924.0,2026-05-21T10:15:00-04:00,0.6500000000000057,10447.03999999999,3138.0,2026-05-21T13:49:00-04:00,0.8999999999999986,9947.040000000005,3144.0,2026-05-21T13:55:00-04:00,0.8500000000000014,10047.039999999999,2925.0,2026-05-21T10:16:00-04:00,3.1000000000000085,5547.039999999984,4320.0,2026-05-22T09:31:00-04:00,0.25,11247.04,4321.0,2026-05-22T09:32:00-04:00,0.15000000000000036,11447.04,4322.0,2026-05-22T09:33:00-04:00,0.1999999999999993,11347.040000000003,4321.0,2026-05-22T09:32:00-04:00,0.15000000000000036,11447.04,3445
2026-05-19,2026-05-22,3,7.0,2026-05-19T09:31:00-04:00,7.0,NDXP  260522P29300000,NDXP  260522P29290000,final_holdout,False,False,0,0,10,33,0,1559,available,False,2026-05-19T09:31:00-04:00,2026-05-22T15:54:00-04:00,0.025000000000000022,13697.04,6.0,last_observed_quote_not_settlement,1036.0,205,177,5.7000000000000455,2347.03999999991,2026-05-19T09:32:00-04:00,0.0,6.449999999999932,847.0400000001371,2026-05-19T09:33:00-04:00,0.0,5.649999999999864,2447.0400000002737,2026-05-19T09:36:00-04:00,0.0,6.9500000000000455,-152.96000000009025,2026-05-19T09:41:00-04:00,0.0,6.899999999999977,-52.959999999953816,2026-05-19T09:46:00-04:00,0.0,7.75,-1752.9599999999994,2026-05-19T10:01:00-04:00,0.0,9.0,-4252.960000000001,2026-05-19T10:31:00-04:00,0.0,8.699999999999932,-3652.9599999998645,2026-05-19T11:31:00-04:00,0.0,7.350000000000023,-952.9600000000448,2026-05-19T16:00:00-04:00,0.0,4.449999999999989,4847.040000000024,2026-05-20T16:00:00-04:00,0.0,4.099999999999994,5547.040000000012,2026-05-21T16:00:00-04:00,0.0,,,2026-05-22T15:54:00-04:00,360.0,6.0,hit,12.0,hit,132.0,hit,132.0,hit,132.0,hit,1486.0,hit,1486.0,hit,4.0,hit,11.0,hit,0.0,hit,11.0,hit,36.0,hit,49.0,hit,9.899999999999977,74,True,True,True,True,,9.899999999999977,74,True,True,True,True,,9.899999999999977,182,True,True,True,True,,9.899999999999977,182,True,True,True,True,,132.0,2026-05-19T11:43:00-04:00,1.099999999999909,11547.040000000183,1499.0,2026-05-20T10:30:00-04:00,0.8000000000000114,12147.039999999979,4322.0,2026-05-22T09:33:00-04:00,1.3499999999999979,11047.040000000006,,,,,132.0,2026-05-19T11:43:00-04:00,1.099999999999909,11547.040000000183,3143.0,2026-05-21T13:54:00-04:00,1.2000000000000028,11347.039999999995,4322.0,2026-05-22T09:33:00-04:00,1.3499999999999979,11047.040000000006,,,,,1486.0,2026-05-20T10:17:00-04:00,0.20000000000004547,13347.03999999991,4397.0,2026-05-22T10:48:00-04:00,0.8999999999999986,11947.040000000005,4398.0,2026-05-22T10:49:00-04:00,0.9499999999999993,11847.040000000003,1487.0,2026-05-20T10:18:00-04:00,5.850000000000023,2047.0399999999554,1486.0,2026-05-20T10:17:00-04:00,0.20000000000004547,13347.03999999991,4420.0,2026-05-22T11:11:00-04:00,0.34999999999999964,13047.040000000003,4421.0,2026-05-22T11:12:00-04:00,0.4499999999999993,12847.040000000003,1487.0,2026-05-20T10:18:00-04:00,5.850000000000023,2047.0399999999554,3446
2026-05-20,2026-05-22,2,5.0,2026-05-20T09:31:00-04:00,5.0499999999999545,NDXP  260522P29070000,NDXP  260522P29060000,final_holdout,False,False,0,0,8,1,0,1161,available,False,2026-05-20T09:31:00-04:00,2026-05-22T15:33:00-04:00,0.0,9847.03999999991,27.0,last_observed_quote_not_settlement,1036.0,25,28,4.949999999999932,-52.959999999953816,2026-05-20T09:32:00-04:00,0.0,4.75,347.03999999990975,2026-05-20T09:33:00-04:00,0.0,5.050000000000068,-252.96000000022667,2026-05-20T09:36:00-04:00,0.0,5.0,-152.96000000009025,2026-05-20T09:41:00-04:00,0.0,5.2000000000000455,-552.9600000001813,2026-05-20T09:46:00-04:00,0.0,5.099999999999909,-352.95999999990835,2026-05-20T10:01:00-04:00,0.0,4.0,1847.0399999999097,2026-05-20T10:31:00-04:00,0.0,3.8000000000000114,2247.039999999887,2026-05-20T11:31:00-04:00,0.0,2.8500000000000227,4147.039999999864,2026-05-20T16:00:00-04:00,0.0,1.749999999999993,6347.039999999924,2026-05-21T16:00:00-04:00,0.0,,,2026-05-22T15:33:00-04:00,1620.0,,,,,0.0,hit,1.0,hit,8.0,hit,8.0,hit,1645.0,hit,2880.0,hit,2880.0,hit,26.0,hit,26.0,hit,26.0,hit,26.0,hit,,never_hit,,never_hit,5.25,2,False,False,False,False,,8.399999999999977,25,True,True,False,False,,8.399999999999977,25,True,True,False,False,,8.399999999999977,25,True,True,False,False,,8.0,2026-05-20T09:39:00-04:00,2.5500000000000114,4747.039999999887,354.0,2026-05-20T15:25:00-04:00,2.75,4347.03999999991,1571.0,2026-05-21T11:42:00-04:00,2.6000000000000085,4647.039999999893,9.0,2026-05-20T09:40:00-04:00,5.2000000000000455,-552.9600000001813,1645.0,2026-05-21T12:56:00-04:00,1.5,6847.03999999991,1671.0,2026-05-21T13:22:00-04:00,1.8000000000000114,6247.039999999887,1672.0,2026-05-21T13:23:00-04:00,1.8999999999999986,6047.039999999913,1646.0,2026-05-21T12:57:00-04:00,3.0999999999999943,3647.0399999999213,2880.0,2026-05-22T09:31:00-04:00,0.5,8847.03999999991,2881.0,2026-05-22T09:32:00-04:00,0.40000000000000036,9047.03999999991,2882.0,2026-05-22T09:33:00-04:00,0.3000000000000007,9247.03999999991,2881.0,2026-05-22T09:32:00-04:00,0.40000000000000036,9047.03999999991,2881.0,2026-05-22T09:32:00-04:00,0.40000000000000036,9047.03999999991,2882.0,2026-05-22T09:33:00-04:00,0.3000000000000007,9247.03999999991,2883.0,2026-05-22T09:34:00-04:00,0.34999999999999964,9147.039999999912,2882.0,2026-05-22T09:33:00-04:00,0.3000000000000007,9247.03999999991,3447
2026-05-20,2026-05-22,2,6.0,2026-05-20T09:31:00-04:00,6.0,NDXP  260522P29230000,NDXP  260522P29220000,final_holdout,False,False,0,0,3,8,0,1166,available,False,2026-05-20T09:31:00-04:00,2026-05-22T15:42:00-04:00,0.04999999999999993,11647.040000000003,18.0,last_observed_quote_not_settlement,1036.0,50,61,,,2026-05-20T09:31:00-04:00,60.0,5.550000000000011,647.0399999999779,2026-05-20T09:33:00-04:00,0.0,6.149999999999977,-552.9599999999539,2026-05-20T09:36:00-04:00,0.0,4.649999999999977,2447.0400000000463,2026-05-20T09:41:00-04:00,0.0,5.649999999999977,447.0400000000462,2026-05-20T09:46:00-04:00,0.0,6.0,-252.9599999999993,2026-05-20T10:01:00-04:00,0.0,4.949999999999989,1847.0400000000234,2026-05-20T10:31:00-04:00,0.0,4.5,2747.040000000001,2026-05-20T11:31:00-04:00,0.0,4.0,3747.040000000001,2026-05-20T16:00:00-04:00,0.0,3.0999999999999943,5547.040000000012,2026-05-21T16:00:00-04:00,0.0,,,2026-05-22T15:42:00-04:00,1080.0,,,,,10.0,hit,10.0,hit,17.0,hit,47.0,hit,1709.0,hit,2882.0,hit,2952.0,hit,8.0,hit,40.0,hit,40.0,hit,40.0,hit,40.0,hit,1458.0,hit,9.149999999999977,21,True,True,True,True,,9.799999999999983,50,True,True,True,True,,9.799999999999983,50,True,True,True,True,,9.799999999999983,50,True,True,True,True,,47.0,2026-05-20T10:18:00-04:00,2.4499999999999886,6847.040000000024,1691.0,2026-05-21T13:42:00-04:00,2.5999999999999943,6547.040000000012,1692.0,2026-05-21T13:43:00-04:00,2.5999999999999943,6547.040000000012,48.0,2026-05-20T10:19:00-04:00,5.900000000000034,-52.9600000000675,1709.0,2026-05-21T14:00:00-04:00,1.5,8747.04,2881.0,2026-05-22T09:32:00-04:00,1.0500000000000007,9647.04,2882.0,2026-05-22T09:33:00-04:00,0.9499999999999957,9847.04000000001,1710.0,2026-05-21T14:01:00-04:00,2.4000000000000057,6947.039999999989,2882.0,2026-05-22T09:33:00-04:00,0.9499999999999957,9847.04000000001,2885.0,2026-05-22T09:36:00-04:00,0.8000000000000025,10147.039999999997,2886.0,2026-05-22T09:37:00-04:00,0.5999999999999996,10547.040000000003,2883.0,2026-05-22T09:34:00-04:00,1.2000000000000028,9347.039999999995,2967.0,2026-05-22T10:58:00-04:00,0.4499999999999993,10847.040000000003,2968.0,2026-05-22T10:59:00-04:00,0.34999999999999964,11047.040000000003,2969.0,2026-05-22T11:00:00-04:00,0.40000000000000036,10947.04,2968.0,2026-05-22T10:59:00-04:00,0.34999999999999964,11047.040000000003,3448
2026-05-20,2026-05-22,2,7.0,2026-05-20T09:31:00-04:00,7.0,NDXP  260522P29410000,NDXP  260522P29400000,final_holdout,False,False,0,0,33,21,0,1143,available,False,2026-05-20T09:31:00-04:00,2026-05-22T15:54:00-04:00,0.050000000000000044,13647.040000000003,6.0,last_observed_quote_not_settlement,1036.0,180,145,6.099999999999909,1547.0400000001825,2026-05-20T09:32:00-04:00,0.0,6.599999999999966,547.0400000000689,2026-05-20T09:33:00-04:00,0.0,7.100000000000023,-452.9600000000448,2026-05-20T09:36:00-04:00,0.0,6.800000000000068,147.03999999986428,2026-05-20T09:41:00-04:00,0.0,6.899999999999977,-52.959999999953816,2026-05-20T09:46:00-04:00,0.0,7.100000000000023,-452.9600000000448,2026-05-20T10:01:00-04:00,0.0,6.25,1247.0400000000006,2026-05-20T10:31:00-04:00,0.0,6.100000000000023,1547.0399999999552,2026-05-20T11:31:00-04:00,0.0,4.449999999999989,4847.040000000024,2026-05-20T16:00:00-04:00,0.0,5.649999999999977,2447.0400000000463,2026-05-21T16:00:00-04:00,0.0,,,2026-05-22T15:54:00-04:00,360.0,,,,,51.0,hit,52.0,hit,231.0,hit,333.0,hit,1660.0,hit,1660.0,hit,1660.0,hit,13.0,hit,13.0,hit,0.0,hit,13.0,hit,143.0,hit,143.0,hit,9.950000000000045,61,True,True,True,True,,9.950000000000045,176,True,True,True,True,,9.950000000000045,176,True,True,True,True,,9.950000000000045,176,True,True,True,True,,333.0,2026-05-20T15:04:00-04:00,2.6999999999999886,8347.040000000025,2885.0,2026-05-22T09:36:00-04:00,2.450000000000003,8847.039999999995,2886.0,2026-05-22T09:37:00-04:00,2.200000000000003,9347.039999999995,334.0,2026-05-20T15:05:00-04:00,4.0499999999999545,5647.040000000092,1660.0,2026-05-21T13:11:00-04:00,0.0,13747.04,2889.0,2026-05-22T09:40:00-04:00,1.8500000000000085,10047.039999999985,2890.0,2026-05-22T09:41:00-04:00,1.8999999999999915,9947.040000000019,1661.0,2026-05-21T13:12:00-04:00,7.25,-752.9599999999994,1660.0,2026-05-21T13:11:00-04:00,0.0,13747.04,3000.0,2026-05-22T11:31:00-04:00,0.8000000000000007,12147.04,3001.0,2026-05-22T11:32:00-04:00,0.9499999999999993,11847.040000000003,1661.0,2026-05-21T13:12:00-04:00,7.25,-752.9599999999994,1660.0,2026-05-21T13:11:00-04:00,0.0,13747.04,3098.0,2026-05-22T13:09:00-04:00,0.39999999999999947,12947.040000000003,3105.0,2026-05-22T13:16:00-04:00,0.40000000000000036,12947.04,1661.0,2026-05-21T13:12:00-04:00,7.25,-752.9599999999994,3449
2026-05-26,2026-05-28,2,5.0,2026-05-26T09:31:00-04:00,4.950000000000017,NDXP  260528P29920000,NDXP  260528P29910000,final_holdout,False,False,0,0,9,4,0,1155,available,False,2026-05-26T09:31:00-04:00,2026-05-28T15:31:00-04:00,0.0,9647.040000000035,29.0,last_observed_quote_not_settlement,1036.0,173,144,5.2000000000000455,-752.9600000000562,2026-05-26T09:32:00-04:00,0.0,4.449999999999989,747.0400000000575,2026-05-26T09:33:00-04:00,0.0,7.350000000000023,-5052.960000000011,2026-05-26T09:36:00-04:00,0.0,4.200000000000017,1247.0400000000006,2026-05-26T09:41:00-04:00,0.0,4.800000000000011,47.04000000001208,2026-05-26T09:46:00-04:00,0.0,4.450000000000017,747.0400000000006,2026-05-26T10:01:00-04:00,0.0,3.8000000000000114,2047.0400000000122,2026-05-26T10:31:00-04:00,0.0,4.600000000000023,447.03999999998933,2026-05-26T11:31:00-04:00,0.0,4.200000000000017,1247.0400000000006,2026-05-26T16:00:00-04:00,0.0,4.0,1647.0400000000348,2026-05-27T16:00:00-04:00,0.0,,,2026-05-28T15:31:00-04:00,1740.0,,,,,0.0,hit,0.0,hit,4.0,hit,110.0,hit,1771.0,hit,2970.0,hit,2992.0,hit,3.0,hit,3.0,hit,3.0,hit,1497.0,hit,,never_hit,,never_hit,7.350000000000023,16,True,False,False,False,,8.150000000000006,154,True,True,False,False,,8.150000000000006,173,True,True,False,False,,8.150000000000006,173,True,True,False,False,,110.0,2026-05-26T11:21:00-04:00,2.799999999999983,4047.040000000069,2923.0,2026-05-28T10:14:00-04:00,1.5500000000000007,6547.040000000034,2924.0,2026-05-28T10:15:00-04:00,2.0,5647.0400000000345,111.0,2026-05-26T11:22:00-04:00,4.849999999999994,-52.959999999953816,1771.0,2026-05-27T15:02:00-04:00,1.7999999999999972,6047.040000000041,2923.0,2026-05-28T10:14:00-04:00,1.5500000000000007,6547.040000000034,2927.0,2026-05-28T10:18:00-04:00,1.9499999999999957,5747.040000000044,1772.0,2026-05-27T15:03:00-04:00,3.200000000000003,3247.040000000029,2971.0,2026-05-28T11:02:00-04:00,0.8000000000000007,8047.040000000034,2972.0,2026-05-28T11:03:00-04:00,0.75,8147.0400000000345,2973.0,2026-05-28T11:04:00-04:00,0.75,8147.0400000000345,2972.0,2026-05-28T11:03:00-04:00,0.75,8147.0400000000345,2992.0,2026-05-28T11:23:00-04:00,0.4499999999999993,8747.040000000037,3000.0,2026-05-28T11:31:00-04:00,0.40000000000000036,8847.040000000035,3001.0,2026-05-28T11:32:00-04:00,0.40000000000000036,8847.040000000035,2993.0,2026-05-28T11:24:00-04:00,0.5999999999999996,8447.040000000037,3450
2026-05-26,2026-05-28,2,6.0,2026-05-26T09:31:00-04:00,6.049999999999983,NDXP  260528P29860000,NDXP  260528P29850000,final_holdout,False,False,0,0,16,29,0,1128,available,False,2026-05-26T09:31:00-04:00,2026-05-28T15:35:00-04:00,0.04999999999999999,11747.039999999968,25.0,last_observed_quote_not_settlement,1036.0,9,18,4.749999999999972,2347.0400000000236,2026-05-26T09:32:00-04:00,0.0,5.699999999999989,447.03999999998933,2026-05-26T09:33:00-04:00,0.0,5.25,1347.0399999999665,2026-05-26T09:36:00-04:00,0.0,6.750000000000028,-1652.9600000000903,2026-05-26T09:41:00-04:00,0.0,4.5,2847.0399999999668,2026-05-26T09:46:00-04:00,0.0,3.8000000000000114,4247.039999999944,2026-05-26T10:01:00-04:00,0.0,4.050000000000011,3747.039999999944,2026-05-26T10:31:00-04:00,0.0,3.1999999999999886,5447.039999999989,2026-05-26T11:31:00-04:00,0.0,3.4000000000000057,5047.039999999955,2026-05-26T16:00:00-04:00,0.0,2.3000000000000114,7247.039999999944,2026-05-27T16:00:00-04:00,0.0,,,2026-05-28T15:35:00-04:00,1500.0,,,,,1.0,hit,1.0,hit,14.0,hit,52.0,hit,95.0,hit,1712.0,hit,1839.0,hit,10.0,hit,1567.0,hit,1567.0,hit,,never_hit,,never_hit,,never_hit,6.750000000000028,3,False,False,False,False,,6.750000000000028,3,False,False,False,False,,7.250000000000028,7,True,False,False,False,,7.250000000000028,7,True,False,False,False,,52.0,2026-05-26T10:23:00-04:00,2.9499999999999886,5947.039999999989,66.0,2026-05-26T10:37:00-04:00,2.9499999999999886,5947.039999999989,80.0,2026-05-26T10:51:00-04:00,2.7500000000000284,6347.03999999991,53.0,2026-05-26T10:24:00-04:00,3.3999999999999773,5047.040000000012,95.0,2026-05-26T11:06:00-04:00,1.6000000000000227,8647.039999999923,1713.0,2026-05-27T14:04:00-04:00,1.4000000000000057,9047.039999999955,1841.0,2026-05-27T16:12:00-04:00,0.3999999999999986,11047.03999999997,96.0,2026-05-26T11:07:00-04:00,3.6500000000000057,4547.039999999955,1839.0,2026-05-27T16:10:00-04:00,0.3999999999999986,11047.03999999997,1840.0,2026-05-27T16:11:00-04:00,0.3999999999999986,11047.03999999997,1841.0,2026-05-27T16:12:00-04:00,0.3999999999999986,11047.03999999997,1840.0,2026-05-27T16:11:00-04:00,0.3999999999999986,11047.03999999997,1839.0,2026-05-27T16:10:00-04:00,0.3999999999999986,11047.03999999997,1840.0,2026-05-27T16:11:00-04:00,0.3999999999999986,11047.03999999997,1841.0,2026-05-27T16:12:00-04:00,0.3999999999999986,11047.03999999997,1840.0,2026-05-27T16:11:00-04:00,0.3999999999999986,11047.03999999997,3451
2026-05-26,2026-05-28,2,7.0,2026-05-26T09:31:00-04:00,7.050000000000011,NDXP  260528P30250000,NDXP  260528P30240000,final_holdout,False,False,0,0,3,10,0,1188,available,False,2026-05-26T09:31:00-04:00,2026-05-28T16:00:00-04:00,9.900000000000002,-5952.959999999983,0.0,last_observed_quote_not_settlement,1036.0,783,206,7.900000000000034,-1952.9600000000448,2026-05-26T09:32:00-04:00,0.0,8.199999999999989,-2552.9599999999555,2026-05-26T09:33:00-04:00,0.0,9.200000000000045,-4552.960000000069,2026-05-26T09:36:00-04:00,0.0,7.75,-1652.9599999999766,2026-05-26T09:41:00-04:00,0.0,7.600000000000023,-1352.960000000022,2026-05-26T09:46:00-04:00,0.0,7.199999999999989,-552.9599999999539,2026-05-26T10:01:00-04:00,0.0,6.649999999999977,547.0400000000689,2026-05-26T10:31:00-04:00,0.0,6.2999999999999545,1247.0400000001143,2026-05-26T11:31:00-04:00,0.0,6.699999999999989,447.0400000000462,2026-05-26T16:00:00-04:00,0.0,7.650000000000034,-1452.9600000000448,2026-05-27T16:00:00-04:00,0.0,9.900000000000002,-5952.959999999983,2026-05-28T16:00:00-04:00,0.0,,,,,59.0,hit,59.0,hit,2887.0,hit,2887.0,hit,3077.0,hit,,never_hit,,never_hit,1.0,hit,2.0,hit,0.0,hit,2.0,hit,5.0,hit,83.0,hit,9.949999999999989,644,True,True,True,True,,10.0,740,True,True,True,True,,,,True,True,True,False,6.000000000000014,,,True,True,True,False,6.000000000000014,2887.0,2026-05-28T09:38:00-04:00,2.75,8347.040000000025,3078.0,2026-05-28T12:49:00-04:00,1.0499999999999972,11747.04000000003,3091.0,2026-05-28T13:02:00-04:00,2.25,9347.040000000025,2888.0,2026-05-28T09:39:00-04:00,9.650000000000034,-5452.960000000046,3077.0,2026-05-28T12:48:00-04:00,1.25,11347.040000000025,3078.0,2026-05-28T12:49:00-04:00,1.0499999999999972,11747.04000000003,,,,,3078.0,2026-05-28T12:49:00-04:00,1.0499999999999972,11747.04000000003,,,,,,,,,,,,,,,,,,,,,,,,,,,,,,,,,3452
2026-05-26,2026-05-29,3,5.0,2026-05-26T09:31:00-04:00,4.949999999999989,NDXP  260529P29820000,NDXP  260529P29810000,final_holdout,False,False,0,0,4,10,0,1548,available,False,2026-05-26T09:31:00-04:00,2026-05-29T15:26:00-04:00,0.07500000000000001,9497.039999999979,34.0,last_observed_quote_not_settlement,1036.0,19,28,4.450000000000017,747.0399999999438,2026-05-26T09:32:00-04:00,0.0,3.349999999999966,2947.0400000000463,2026-05-26T09:33:00-04:00,0.0,4.75,147.03999999997797,2026-05-26T09:36:00-04:00,0.0,4.900000000000006,-152.9600000000334,2026-05-26T09:41:00-04:00,0.0,4.25,1147.039999999978,2026-05-26T09:46:00-04:00,0.0,3.6999999999999886,2247.040000000001,2026-05-26T10:01:00-04:00,0.0,3.0999999999999943,3447.0399999999895,2026-05-26T10:31:00-04:00,0.0,3.8999999999999773,1847.0400000000234,2026-05-26T11:31:00-04:00,0.0,3.75,2147.039999999978,2026-05-26T16:00:00-04:00,0.0,5.3999999999999915,-1152.960000000005,2026-05-27T16:00:00-04:00,0.0,0.7999999999999972,8047.039999999984,2026-05-28T16:00:00-04:00,0.0,,,2026-05-29T15:26:00-04:00,2040.0,0.0,hit,0.0,hit,2.0,hit,21.0,hit,214.0,hit,3049.0,hit,3256.0,hit,3.0,hit,3.0,hit,1826.0,hit,,never_hit,,never_hit,,never_hit,6.199999999999989,2,False,False,False,False,,6.199999999999989,7,False,False,False,False,,7.200000000000003,19,True,False,False,False,,7.200000000000003,19,True,False,False,False,,21.0,2026-05-26T09:52:00-04:00,2.8500000000000227,3947.0399999999327,75.0,2026-05-26T10:46:00-04:00,2.1999999999999886,5247.040000000001,76.0,2026-05-26T10:47:00-04:00,2.5000000000000284,4647.039999999921,22.0,2026-05-26T09:53:00-04:00,3.8999999999999773,1847.0400000000234,378.0,2026-05-26T15:49:00-04:00,1.6000000000000227,6447.039999999933,2954.0,2026-05-28T10:45:00-04:00,1.9499999999999957,5747.039999999986,2955.0,2026-05-28T10:46:00-04:00,1.8499999999999943,5947.039999999989,379.0,2026-05-26T15:50:00-04:00,2.75,4147.039999999978,3057.0,2026-05-28T12:28:00-04:00,0.8999999999999986,7847.039999999981,3058.0,2026-05-28T12:29:00-04:00,0.9499999999999993,7747.039999999979,3077.0,2026-05-28T12:48:00-04:00,0.8999999999999986,7847.039999999981,3058.0,2026-05-28T12:29:00-04:00,0.9499999999999993,7747.039999999979,4320.0,2026-05-29T09:31:00-04:00,0.3000000000000007,9047.039999999977,4321.0,2026-05-29T09:32:00-04:00,0.20000000000000018,9247.039999999979,4322.0,2026-05-29T09:33:00-04:00,0.20000000000000018,9247.039999999979,4321.0,2026-05-29T09:32:00-04:00,0.20000000000000018,9247.039999999979,3453
2026-05-26,2026-05-29,3,6.0,2026-05-26T09:31:00-04:00,6.0,NDXP  260529P30050000,NDXP  260529P30040000,final_holdout,False,False,0,0,24,5,0,1574,available,False,2026-05-26T09:31:00-04:00,2026-05-29T15:37:00-04:00,0.05000000000000002,11647.040000000003,23.0,last_observed_quote_not_settlement,1036.0,141,166,5.149999999999977,1447.0400000000461,2026-05-26T09:32:00-04:00,0.0,6.100000000000023,-452.9600000000448,2026-05-26T09:33:00-04:00,0.0,6.5,-1252.9599999999994,2026-05-26T09:36:00-04:00,0.0,4.699999999999932,2347.0400000001373,2026-05-26T09:41:00-04:00,0.0,5.850000000000023,47.039999999955235,2026-05-26T09:46:00-04:00,0.0,5.300000000000011,1147.039999999978,2026-05-26T10:01:00-04:00,0.0,4.75,2247.040000000001,2026-05-26T10:31:00-04:00,0.0,5.9500000000000455,-152.96000000009025,2026-05-26T11:31:00-04:00,0.0,4.699999999999989,2347.0400000000236,2026-05-26T16:00:00-04:00,0.0,4.950000000000017,1847.0399999999665,2026-05-27T16:00:00-04:00,0.0,3.0500000000000043,5647.039999999992,2026-05-28T16:00:00-04:00,0.0,,,2026-05-29T15:37:00-04:00,1380.0,1.0,hit,4.0,hit,20.0,hit,20.0,hit,2915.0,hit,2915.0,hit,2915.0,hit,5.0,hit,14.0,hit,14.0,hit,1503.0,hit,,never_hit,,never_hit,7.349999999999966,8,True,False,False,False,,8.599999999999966,139,True,True,False,False,,8.599999999999966,139,True,True,False,False,,8.599999999999966,139,True,True,False,False,,20.0,2026-05-26T09:51:00-04:00,2.550000000000068,6647.039999999864,2997.0,2026-05-28T11:28:00-04:00,2.8499999999999943,6047.040000000012,2998.0,2026-05-28T11:29:00-04:00,2.75,6247.040000000001,21.0,2026-05-26T09:52:00-04:00,5.399999999999977,947.0400000000461,2915.0,2026-05-28T10:06:00-04:00,0.0,11747.04,3023.0,2026-05-28T11:54:00-04:00,1.5499999999999972,8647.040000000008,3067.0,2026-05-28T12:38:00-04:00,1.1999999999999886,9347.040000000025,2916.0,2026-05-28T10:07:00-04:00,5.900000000000006,-52.96000000001066,2915.0,2026-05-28T10:06:00-04:00,0.0,11747.04,4326.0,2026-05-29T09:37:00-04:00,0.8499999999999979,10047.040000000006,4327.0,2026-05-29T09:38:00-04:00,0.75,10247.04,2916.0,2026-05-28T10:07:00-04:00,5.900000000000006,-52.96000000001066,2915.0,2026-05-28T10:06:00-04:00,0.0,11747.04,4342.0,2026-05-29T09:53:00-04:00,0.40000000000000036,10947.04,4352.0,2026-05-29T10:03:00-04:00,0.40000000000000036,10947.04,2916.0,2026-05-28T10:07:00-04:00,5.900000000000006,-52.96000000001066,3454
2026-05-26,2026-05-29,3,7.0,2026-05-26T09:31:00-04:00,7.0,NDXP  260529P30310000,NDXP  260529P30300000,final_holdout,False,False,0,0,0,3,0,1602,available,False,2026-05-26T09:31:00-04:00,2026-05-29T16:00:00-04:00,0.15000000000000002,13447.04,0.0,last_observed_quote_not_settlement,1036.0,694,255,7.699999999999932,-1652.959999999863,2026-05-26T09:32:00-04:00,0.0,7.850000000000023,-1952.9600000000448,2026-05-26T09:33:00-04:00,0.0,8.5,-3252.960000000001,2026-05-26T09:36:00-04:00,0.0,6.75,247.04000000000067,2026-05-26T09:41:00-04:00,0.0,7.4500000000000455,-1152.9600000000903,2026-05-26T09:46:00-04:00,0.0,7.199999999999989,-652.9599999999766,2026-05-26T10:01:00-04:00,0.0,6.75,247.04000000000067,2026-05-26T10:31:00-04:00,0.0,7.150000000000034,-552.9600000000676,2026-05-26T11:31:00-04:00,0.0,6.649999999999977,447.0400000000462,2026-05-26T16:00:00-04:00,0.0,7.600000000000023,-1452.9600000000448,2026-05-27T16:00:00-04:00,0.0,6.099999999999994,1547.040000000012,2026-05-28T16:00:00-04:00,0.0,0.15000000000000002,13447.04,2026-05-29T16:00:00-04:00,0.0,101.0,hit,1465.0,hit,1465.0,hit,3148.0,hit,4333.0,hit,4335.0,hit,4335.0,hit,1.0,hit,4.0,hit,0.0,hit,4.0,hit,149.0,hit,149.0,hit,10.0,669,True,True,True,True,,10.0,676,True,True,True,True,,10.0,676,True,True,True,True,,10.0,676,True,True,True,True,,4331.0,2026-05-29T09:42:00-04:00,2.700000000000003,8347.039999999995,4332.0,2026-05-29T09:43:00-04:00,2.6000000000000014,8547.039999999999,4333.0,2026-05-29T09:44:00-04:00,1.7999999999999972,10147.040000000008,4332.0,2026-05-29T09:43:00-04:00,2.6000000000000014,8547.039999999999,4333.0,2026-05-29T09:44:00-04:00,1.7999999999999972,10147.040000000008,4351.0,2026-05-29T10:02:00-04:00,1.7999999999999972,10147.040000000008,4352.0,2026-05-29T10:03:00-04:00,1.8000000000000043,10147.039999999994,4334.0,2026-05-29T09:45:00-04:00,4.650000000000006,4447.039999999989,4335.0,2026-05-29T09:46:00-04:00,0.3999999999999986,12947.040000000005,4699.0,2026-05-29T15:50:00-04:00,0.375,12997.04,4700.0,2026-05-29T15:51:00-04:00,0.7,12347.04,4336.0,2026-05-29T09:47:00-04:00,3.0,7747.040000000001,4335.0,2026-05-29T09:46:00-04:00,0.3999999999999986,12947.040000000005,4706.0,2026-05-29T15:57:00-04:00,0.4,12947.04,,,,,4336.0,2026-05-29T09:47:00-04:00,3.0,7747.040000000001,3455
2026-05-27,2026-05-29,2,5.0,2026-05-27T09:31:00-04:00,5.0,NDXP  260529P30120000,NDXP  260529P30110000,final_holdout,False,False,0,0,5,2,0,1179,available,False,2026-05-27T09:31:00-04:00,2026-05-29T15:41:00-04:00,0.0,9747.04,19.0,last_observed_quote_not_settlement,1036.0,459,58,4.799999999999983,147.0400000000348,2026-05-27T09:32:00-04:00,0.0,4.849999999999994,47.04000000001208,2026-05-27T09:33:00-04:00,0.0,5.049999999999983,-352.9599999999652,2026-05-27T09:36:00-04:00,0.0,6.149999999999977,-2552.9599999999537,2026-05-27T09:41:00-04:00,0.0,5.949999999999932,-2152.9599999998627,2026-05-27T09:46:00-04:00,0.0,5.7999999999999545,-1852.9599999999084,2026-05-27T10:01:00-04:00,0.0,6.849999999999966,-3952.959999999931,2026-05-27T10:31:00-04:00,0.0,6.300000000000011,-2852.960000000022,2026-05-27T11:31:00-04:00,0.0,5.0,-252.9599999999993,2026-05-27T16:00:00-04:00,0.0,2.950000000000003,3847.039999999995,2026-05-28T16:00:00-04:00,0.0,,,2026-05-29T15:41:00-04:00,1140.0,,,,,0.0,hit,0.0,hit,4.0,hit,21.0,hit,1596.0,hit,1700.0,hit,2891.0,hit,10.0,hit,10.0,hit,14.0,hit,25.0,hit,92.0,hit,,never_hit,7.2000000000000455,16,True,False,False,False,,9.399999999999977,451,True,True,True,True,,9.399999999999977,455,True,True,True,True,,9.399999999999977,459,True,True,True,True,,21.0,2026-05-27T09:52:00-04:00,2.7999999999999545,4147.040000000092,1597.0,2026-05-28T12:08:00-04:00,1.9000000000000057,5947.039999999989,1598.0,2026-05-28T12:09:00-04:00,2.6499999999999915,4447.040000000018,22.0,2026-05-27T09:53:00-04:00,5.25,-752.9599999999994,1596.0,2026-05-28T12:07:00-04:00,1.6500000000000057,6447.039999999989,1597.0,2026-05-28T12:08:00-04:00,1.9000000000000057,5947.039999999989,1701.0,2026-05-28T13:52:00-04:00,1.0,7747.040000000001,1597.0,2026-05-28T12:08:00-04:00,1.9000000000000057,5947.039999999989,1700.0,2026-05-28T13:51:00-04:00,0.75,8247.04,1838.0,2026-05-28T16:09:00-04:00,0.75,8247.04,1839.0,2026-05-28T16:10:00-04:00,0.8499999999999943,8047.040000000012,1701.0,2026-05-28T13:52:00-04:00,1.0,7747.040000000001,2891.0,2026-05-29T09:42:00-04:00,0.0,9747.04,3040.0,2026-05-29T12:11:00-04:00,0.40000000000000036,8947.04,3044.0,2026-05-29T12:15:00-04:00,0.3999999999999986,8947.040000000005,2892.0,2026-05-29T09:43:00-04:00,1.1000000000000014,7547.039999999998,3456
2026-05-27,2026-05-29,2,6.0,2026-05-27T09:31:00-04:00,5.999999999999943,NDXP  260529P30470000,NDXP  260529P30460000,final_holdout,False,False,0,0,0,30,0,1169,available,False,2026-05-27T09:31:00-04:00,2026-05-29T16:00:00-04:00,9.650000000000006,-7552.9600000001265,0.0,last_observed_quote_not_settlement,1036.0,1107,18,7.25,-2752.960000000113,2026-05-27T09:32:00-04:00,0.0,8.050000000000068,-4352.960000000251,2026-05-27T09:33:00-04:00,0.0,7.699999999999989,-3652.96000000009,2026-05-27T09:36:00-04:00,0.0,7.9500000000000455,-4152.960000000206,2026-05-27T09:41:00-04:00,0.0,8.100000000000023,-4452.96000000016,2026-05-27T09:46:00-04:00,0.0,8.449999999999932,-5152.959999999978,2026-05-27T10:01:00-04:00,0.0,8.75,-5752.960000000115,2026-05-27T10:31:00-04:00,0.0,8.5,-5252.960000000115,2026-05-27T11:31:00-04:00,0.0,8.699999999999932,-5652.959999999978,2026-05-27T16:00:00-04:00,0.0,7.7000000000000455,-3652.9600000002038,2026-05-28T16:00:00-04:00,0.0,9.650000000000006,-7552.9600000001265,2026-05-29T16:00:00-04:00,0.0,,,,,102.0,hit,102.0,hit,2904.0,hit,,never_hit,,never_hit,,never_hit,,never_hit,1.0,hit,1.0,hit,1.0,hit,2.0,hit,6.0,hit,6.0,hit,,,True,True,True,False,2.7999999999999545,,,True,True,True,False,2.7999999999999545,,,True,True,True,False,2.7999999999999545,,,True,True,True,False,2.7999999999999545,,,,,,,,,,,,,,,,,,,,,,,,,,,,,,,,,,,,,,,,,,,,,,,,,,,,,,,,,,,,,,,,,3457
2026-05-27,2026-05-29,2,7.0,2026-05-27T09:31:00-04:00,7.150000000000034,NDXP  260529P30270000,NDXP  260529P30260000,final_holdout,False,False,0,0,5,6,0,1189,available,False,2026-05-27T09:31:00-04:00,2026-05-29T15:58:00-04:00,0.04999999999999999,13947.04000000007,2.0,last_observed_quote_not_settlement,1036.0,328,150,4.949999999999989,4147.040000000092,2026-05-27T09:32:00-04:00,0.0,6.149999999999977,1747.0400000001143,2026-05-27T09:33:00-04:00,0.0,9.25,-4452.959999999933,2026-05-27T09:36:00-04:00,0.0,6.600000000000023,847.0400000000234,2026-05-27T09:41:00-04:00,0.0,7.300000000000068,-552.9600000000676,2026-05-27T09:46:00-04:00,0.0,6.350000000000023,1347.0400000000234,2026-05-27T10:01:00-04:00,0.0,7.750000000000057,-1452.9600000000448,2026-05-27T10:31:00-04:00,0.0,,,2026-05-27T11:30:00-04:00,60.0,7.099999999999966,-152.95999999986287,2026-05-27T16:00:00-04:00,0.0,4.699999999999989,4647.040000000092,2026-05-28T16:00:00-04:00,0.0,,,2026-05-29T15:58:00-04:00,120.0,,,,,1.0,hit,1.0,hit,1592.0,hit,1647.0,hit,2883.0,hit,2892.0,hit,3248.0,hit,5.0,hit,5.0,hit,0.0,hit,5.0,hit,5.0,hit,100.0,hit,9.950000000000045,326,True,True,True,True,,9.950000000000045,328,True,True,True,True,,9.950000000000045,328,True,True,True,True,,9.950000000000045,328,True,True,True,True,,1647.0,2026-05-28T12:58:00-04:00,2.8000000000000114,8447.040000000046,2891.0,2026-05-29T09:42:00-04:00,2.299999999999997,9447.040000000075,2892.0,2026-05-29T09:43:00-04:00,1.0,12047.04000000007,1648.0,2026-05-28T12:59:00-04:00,4.550000000000011,4947.040000000046,2883.0,2026-05-29T09:34:00-04:00,1.9000000000000057,10247.040000000059,2893.0,2026-05-29T09:44:00-04:00,1.6500000000000057,10747.040000000059,2903.0,2026-05-29T09:54:00-04:00,1.6499999999999986,10747.040000000072,2884.0,2026-05-29T09:35:00-04:00,4.3999999999999915,5247.040000000086,3245.0,2026-05-29T15:36:00-04:00,0.6499999999999995,12747.04000000007,3246.0,2026-05-29T15:37:00-04:00,0.7749999999999999,12497.04000000007,3247.0,2026-05-29T15:38:00-04:00,0.6000000000000003,12847.040000000068,3246.0,2026-05-29T15:37:00-04:00,0.7749999999999999,12497.04000000007,3250.0,2026-05-29T15:41:00-04:00,0.40000000000000013,13247.04000000007,3251.0,2026-05-29T15:42:00-04:00,0.3749999999999999,13297.04000000007,3252.0,2026-05-29T15:43:00-04:00,0.30000000000000004,13447.04000000007,3251.0,2026-05-29T15:42:00-04:00,0.3749999999999999,13297.04000000007,3458
2026-05-29,2026-06-01,3,5.0,2026-05-29T09:31:00-04:00,5.049999999999983,NDXP  260601P30090000,NDXP  260601P30080000,final_holdout,False,False,0,0,18,8,0,751,available,False,2026-05-29T09:31:00-04:00,2026-06-01T15:51:00-04:00,0.09999999999999998,9647.039999999966,9.0,last_observed_quote_not_settlement,3916.0,4,7,2.3500000000000085,5147.03999999995,2026-05-29T09:32:00-04:00,0.0,2.3000000000000114,5247.039999999944,2026-05-29T09:33:00-04:00,0.0,2.4000000000000057,5047.039999999955,2026-05-29T09:36:00-04:00,0.0,2.1500000000000057,5547.039999999955,2026-05-29T09:41:00-04:00,0.0,1.9500000000000028,5947.039999999961,2026-05-29T09:46:00-04:00,0.0,1.6000000000000085,6647.03999999995,2026-05-29T10:01:00-04:00,0.0,2.1499999999999915,5547.039999999984,2026-05-29T10:31:00-04:00,0.0,2.0999999999999943,5647.039999999978,2026-05-29T11:31:00-04:00,0.0,1.9499999999999957,5947.039999999975,2026-05-29T16:00:00-04:00,0.0,,,2026-05-29T16:15:00-04:00,85500.0,,,2026-05-29T16:15:00-04:00,171900.0,,,2026-06-01T15:51:00-04:00,540.0,0.0,hit,1.0,hit,1.0,hit,1.0,hit,14.0,hit,4325.0,hit,4398.0,hit,260.0,hit,277.0,hit,,never_hit,,never_hit,,never_hit,,never_hit,5.049999999999983,0,False,False,False,False,,5.049999999999983,0,False,False,False,False,,6.349999999999994,4,False,False,False,False,,6.349999999999994,4,False,False,False,False,,1.0,2026-05-29T09:32:00-04:00,2.3500000000000085,5147.03999999995,2.0,2026-05-29T09:33:00-04:00,2.3000000000000114,5247.039999999944,3.0,2026-05-29T09:34:00-04:00,2.5500000000000114,4747.039999999944,2.0,2026-05-29T09:33:00-04:00,2.3000000000000114,5247.039999999944,14.0,2026-05-29T09:45:00-04:00,1.9499999999999957,5947.039999999975,19.0,2026-05-29T09:50:00-04:00,1.7999999999999972,6247.039999999973,20.0,2026-05-29T09:51:00-04:00,1.7999999999999972,6247.039999999973,15.0,2026-05-29T09:46:00-04:00,1.9500000000000028,5947.039999999961,4325.0,2026-06-01T09:36:00-04:00,0.9499999999999993,7947.039999999968,4333.0,2026-06-01T09:44:00-04:00,0.9000000000000021,8047.039999999963,4337.0,2026-06-01T09:48:00-04:00,0.8000000000000007,8247.039999999966,4326.0,2026-06-01T09:37:00-04:00,1.1999999999999993,7447.039999999968,4400.0,2026-06-01T10:51:00-04:00,0.4499999999999993,8947.039999999968,4410.0,2026-06-01T11:01:00-04:00,0.3999999999999986,9047.03999999997,4411.0,2026-06-01T11:02:00-04:00,0.34999999999999964,9147.039999999968,4401.0,2026-06-01T10:52:00-04:00,0.5500000000000007,8747.039999999966,3459
2026-05-29,2026-06-01,3,6.0,2026-05-29T09:31:00-04:00,6.0,NDXP  260601P30470000,NDXP  260601P30460000,final_holdout,False,False,0,0,0,0,0,793,available,False,2026-05-29T09:31:00-04:00,2026-06-01T15:59:00-04:00,0.0,11747.04,1.0,last_observed_quote_not_settlement,3916.0,352,131,5.949999999999989,-152.95999999997656,2026-05-29T09:32:00-04:00,0.0,6.050000000000011,-352.96000000002203,2026-05-29T09:33:00-04:00,0.0,5.75,247.04000000000067,2026-05-29T09:36:00-04:00,0.0,5.649999999999977,447.0400000000462,2026-05-29T09:41:00-04:00,0.0,5.049999999999983,1647.0400000000348,2026-05-29T09:46:00-04:00,0.0,4.5,2747.040000000001,2026-05-29T10:01:00-04:00,0.0,5.75,247.04000000000067,2026-05-29T10:31:00-04:00,0.0,5.900000000000006,-52.96000000001066,2026-05-29T11:31:00-04:00,0.0,5.75,247.04000000000067,2026-05-29T16:00:00-04:00,0.0,,,2026-05-29T16:15:00-04:00,85500.0,,,2026-05-29T16:15:00-04:00,171900.0,,,2026-06-01T15:59:00-04:00,60.0,8.0,hit,11.0,hit,48.0,hit,4453.0,hit,4519.0,hit,4533.0,hit,4580.0,hit,67.0,hit,67.0,hit,67.0,hit,207.0,hit,4346.0,hit,4347.0,hit,9.75,337,True,True,True,True,,9.75,351,True,True,True,True,,9.75,352,True,True,True,True,,9.75,352,True,True,True,True,,4453.0,2026-06-01T11:44:00-04:00,2.75,6247.040000000001,4456.0,2026-06-01T11:47:00-04:00,2.450000000000003,6847.039999999995,4511.0,2026-06-01T12:42:00-04:00,2.75,6247.040000000001,4454.0,2026-06-01T11:45:00-04:00,3.25,5247.040000000001,4519.0,2026-06-01T12:50:00-04:00,1.8999999999999986,7947.040000000004,4534.0,2026-06-01T13:05:00-04:00,1.0,9747.04,4535.0,2026-06-01T13:06:00-04:00,1.75,8247.04,4520.0,2026-06-01T12:51:00-04:00,1.9500000000000028,7847.039999999995,4533.0,2026-06-01T13:04:00-04:00,0.8999999999999986,9947.040000000005,4575.0,2026-06-01T13:46:00-04:00,0.6500000000000004,10447.04,4576.0,2026-06-01T13:47:00-04:00,0.5500000000000007,10647.04,4534.0,2026-06-01T13:05:00-04:00,1.0,9747.04,4582.0,2026-06-01T13:53:00-04:00,0.4499999999999993,10847.040000000003,4585.0,2026-06-01T13:56:00-04:00,0.34999999999999964,11047.040000000003,4586.0,2026-06-01T13:57:00-04:00,0.39999999999999947,10947.040000000003,4583.0,2026-06-01T13:54:00-04:00,0.4500000000000002,10847.04,3460
2026-05-29,2026-06-01,3,7.0,2026-05-29T09:31:00-04:00,6.900000000000034,NDXP  260601P30540000,NDXP  260601P30530000,final_holdout,False,False,0,0,0,0,0,794,available,False,2026-05-29T09:31:00-04:00,2026-06-01T16:00:00-04:00,9.999999999999996,-6352.959999999932,0.0,last_observed_quote_not_settlement,3916.0,383,163,6.400000000000034,747.0400000000006,2026-05-29T09:32:00-04:00,0.0,6.649999999999977,247.04000000011436,2026-05-29T09:33:00-04:00,0.0,6.5499999999999545,447.04000000015986,2026-05-29T09:36:00-04:00,0.0,6.5,547.0400000000689,2026-05-29T09:41:00-04:00,0.0,5.949999999999989,1647.0400000000916,2026-05-29T09:46:00-04:00,0.0,5.349999999999994,2847.0400000000805,2026-05-29T10:01:00-04:00,0.0,6.7000000000000455,147.03999999997797,2026-05-29T10:31:00-04:00,0.0,6.600000000000023,347.04000000002344,2026-05-29T11:31:00-04:00,0.0,7.0499999999999545,-552.9599999998402,2026-05-29T16:00:00-04:00,0.0,,,2026-05-29T16:15:00-04:00,85500.0,,,2026-05-29T16:15:00-04:00,171900.0,9.999999999999996,-6352.959999999932,2026-06-01T16:00:00-04:00,0.0,3.0,hit,3.0,hit,3.0,hit,3.0,hit,4568.0,hit,,never_hit,,never_hit,39.0,hit,39.0,hit,39.0,hit,39.0,hit,239.0,hit,239.0,hit,6.900000000000034,0,False,False,False,False,,9.699999999999989,374,True,True,True,True,,,,True,True,True,False,5.650000000000034,,,True,True,True,False,5.650000000000034,3.0,2026-05-29T09:34:00-04:00,2.7000000000000455,8147.039999999978,4569.0,2026-06-01T13:40:00-04:00,1.7000000000000028,10147.040000000065,4575.0,2026-06-01T13:46:00-04:00,2.0000000000000036,9547.040000000063,4.0,2026-05-29T09:35:00-04:00,6.7999999999999545,-52.95999999984013,4569.0,2026-06-01T13:40:00-04:00,1.7000000000000028,10147.040000000065,4579.0,2026-06-01T13:50:00-04:00,1.75,10047.04000000007,4580.0,2026-06-01T13:51:00-04:00,1.549999999999999,10447.040000000072,4570.0,2026-06-01T13:41:00-04:00,3.450000000000003,6647.040000000064,,,,,,,,,,,,,,,,,,,,,,,,,,,,,,,,,3461
2026-06-01,2026-06-03,2,5.0,2026-06-01T09:31:00-04:00,5.0,NDXP  260603P30320000,NDXP  260603P30310000,final_holdout,False,False,0,0,1,78,0,1096,available,False,2026-06-01T09:31:00-04:00,2026-06-03T15:37:00-04:00,0.0,9747.04,23.0,last_observed_quote_not_settlement,1036.0,8,11,4.699999999999989,347.04000000002344,2026-06-01T09:32:00-04:00,0.0,4.450000000000017,847.0399999999665,2026-06-01T09:33:00-04:00,0.0,3.9000000000000057,1947.0399999999893,2026-06-01T09:36:00-04:00,0.0,3.1500000000000057,3447.0399999999895,2026-06-01T09:41:00-04:00,0.0,4.0,1747.0400000000006,2026-06-01T09:46:00-04:00,0.0,9.75,-9752.960000000001,2026-06-01T10:01:00-04:00,0.0,2.5499999999999545,4647.040000000092,2026-06-01T10:31:00-04:00,0.0,2.999999999999986,3747.040000000029,2026-06-01T11:31:00-04:00,0.0,3.0,3747.040000000001,2026-06-01T16:00:00-04:00,0.0,1.1499999999999986,7447.040000000004,2026-06-02T16:00:00-04:00,0.0,,,2026-06-03T15:37:00-04:00,1380.0,,,,,0.0,hit,0.0,hit,3.0,hit,55.0,hit,147.0,hit,365.0,hit,2880.0,hit,7.0,hit,30.0,hit,30.0,hit,30.0,hit,30.0,hit,30.0,hit,9.75,4,True,True,True,True,,9.75,5,True,True,True,True,,9.75,7,True,True,True,True,,9.75,8,True,True,True,True,,55.0,2026-06-01T10:26:00-04:00,2.1499999999999773,5447.040000000046,124.0,2026-06-01T11:35:00-04:00,2.8999999999999915,3947.0400000000177,149.0,2026-06-01T12:00:00-04:00,2.25,5247.040000000001,56.0,2026-06-01T10:27:00-04:00,4.399999999999977,947.0400000000461,147.0,2026-06-01T11:58:00-04:00,1.2000000000000028,7347.039999999995,148.0,2026-06-01T11:59:00-04:00,1.2000000000000028,7347.039999999995,265.0,2026-06-01T13:56:00-04:00,1.8000000000000114,6147.039999999978,148.0,2026-06-01T11:59:00-04:00,1.2000000000000028,7347.039999999995,376.0,2026-06-01T15:47:00-04:00,0.9000000000000057,7947.039999999989,377.0,2026-06-01T15:48:00-04:00,0.8499999999999943,8047.040000000012,378.0,2026-06-01T15:49:00-04:00,0.8999999999999915,7947.040000000018,377.0,2026-06-01T15:48:00-04:00,0.8499999999999943,8047.040000000012,2880.0,2026-06-03T09:31:00-04:00,0.4499999999999993,8847.040000000003,2881.0,2026-06-03T09:32:00-04:00,0.34999999999999787,9047.040000000006,2882.0,2026-06-03T09:33:00-04:00,0.34999999999999964,9047.040000000003,2881.0,2026-06-03T09:32:00-04:00,0.34999999999999787,9047.040000000006,3462
2026-06-01,2026-06-03,2,6.0,2026-06-01T09:31:00-04:00,6.0,NDXP  260603P30550000,NDXP  260603P30540000,final_holdout,False,False,0,0,4,8,0,1185,available,False,2026-06-01T09:31:00-04:00,2026-06-03T15:55:00-04:00,0.325,11097.04,5.0,last_observed_quote_not_settlement,1036.0,129,92,5.7999999999999545,147.04000000009165,2026-06-01T09:32:00-04:00,0.0,6.150000000000034,-552.9600000000676,2026-06-01T09:33:00-04:00,0.0,5.949999999999989,-152.95999999997656,2026-06-01T09:36:00-04:00,0.0,6.550000000000011,-1352.960000000022,2026-06-01T09:41:00-04:00,0.0,5.649999999999977,447.0400000000462,2026-06-01T09:46:00-04:00,0.0,6.900000000000034,-2052.9600000000673,2026-06-01T10:01:00-04:00,0.0,6.149999999999977,-552.9599999999539,2026-06-01T10:31:00-04:00,0.0,5.899999999999977,-52.959999999953816,2026-06-01T11:31:00-04:00,0.0,4.75,2247.040000000001,2026-06-01T16:00:00-04:00,0.0,2.8499999999999943,6047.040000000012,2026-06-02T16:00:00-04:00,0.0,,,2026-06-03T15:55:00-04:00,300.0,,,,,4.0,hit,4.0,hit,112.0,hit,161.0,hit,161.0,hit,1576.0,hit,3247.0,hit,10.0,hit,32.0,hit,32.0,hit,48.0,hit,48.0,hit,48.0,hit,9.550000000000011,65,True,True,True,True,,9.550000000000011,65,True,True,True,True,,9.550000000000011,76,True,True,True,True,,9.550000000000011,129,True,True,True,True,,161.0,2026-06-01T12:12:00-04:00,1.700000000000017,8347.039999999968,1565.0,2026-06-02T11:36:00-04:00,2.6500000000000057,6447.039999999989,1566.0,2026-06-02T11:37:00-04:00,2.8499999999999943,6047.040000000012,162.0,2026-06-01T12:13:00-04:00,5.550000000000011,647.0399999999779,161.0,2026-06-01T12:12:00-04:00,1.700000000000017,8347.039999999968,1577.0,2026-06-02T11:48:00-04:00,1.5500000000000114,8647.039999999979,2882.0,2026-06-03T09:33:00-04:00,1.4999999999999964,8747.040000000008,162.0,2026-06-01T12:13:00-04:00,5.550000000000011,647.0399999999779,1576.0,2026-06-02T11:47:00-04:00,0.8000000000000114,10147.039999999979,3180.0,2026-06-03T14:31:00-04:00,0.8999999999999995,9947.040000000003,3181.0,2026-06-03T14:32:00-04:00,0.7249999999999996,10297.040000000003,1577.0,2026-06-02T11:48:00-04:00,1.5500000000000114,8647.039999999979,3247.0,2026-06-03T15:38:00-04:00,0.30000000000000004,11147.040000000003,3248.0,2026-06-03T15:39:00-04:00,0.30000000000000004,11147.040000000003,3249.0,2026-06-03T15:40:00-04:00,0.30000000000000004,11147.040000000003,3248.0,2026-06-03T15:39:00-04:00,0.30000000000000004,11147.040000000003,3463
2026-06-01,2026-06-03,2,7.0,2026-06-01T09:31:00-04:00,6.9500000000000455,NDXP  260603P30500000,NDXP  260603P30490000,final_holdout,False,False,0,0,17,2,0,1174,available,False,2026-06-01T09:31:00-04:00,2026-06-03T15:57:00-04:00,0.0,13647.040000000092,3.0,last_observed_quote_not_settlement,1036.0,5,9,5.500000000000057,2647.039999999978,2026-06-01T09:32:00-04:00,0.0,5.800000000000068,2047.0399999999554,2026-06-01T09:33:00-04:00,0.0,5.800000000000011,2047.040000000069,2026-06-01T09:36:00-04:00,0.0,5.699999999999989,2247.0400000001146,2026-06-01T09:41:00-04:00,0.0,5.649999999999977,2347.0400000001373,2026-06-01T09:46:00-04:00,0.0,3.8500000000000227,5947.040000000046,2026-06-01T10:01:00-04:00,0.0,6.0,1647.0400000000916,2026-06-01T10:31:00-04:00,0.0,4.900000000000006,3847.0400000000805,2026-06-01T11:31:00-04:00,0.0,4.950000000000017,3747.0400000000577,2026-06-01T16:00:00-04:00,0.0,2.799999999999997,8047.040000000097,2026-06-02T16:00:00-04:00,0.0,,,2026-06-03T15:57:00-04:00,180.0,,,,,7.0,hit,13.0,hit,23.0,hit,98.0,hit,260.0,hit,260.0,hit,1551.0,hit,33.0,hit,33.0,hit,33.0,hit,33.0,hit,33.0,hit,,never_hit,9.299999999999955,5,True,True,True,True,,9.299999999999955,5,True,True,True,True,,9.299999999999955,5,True,True,True,True,,9.299999999999955,5,True,True,True,True,,98.0,2026-06-01T11:09:00-04:00,2.5500000000000114,8547.04000000007,261.0,2026-06-01T13:52:00-04:00,2.4000000000000057,8847.04000000008,262.0,2026-06-01T13:53:00-04:00,2.4000000000000057,8847.04000000008,99.0,2026-06-01T11:10:00-04:00,5.150000000000006,3347.0400000000805,260.0,2026-06-01T13:51:00-04:00,0.9000000000000057,11847.04000000008,1552.0,2026-06-02T11:23:00-04:00,0.14999999999999147,13347.04000000011,1681.0,2026-06-02T13:32:00-04:00,1.6500000000000057,10347.04000000008,261.0,2026-06-01T13:52:00-04:00,2.4000000000000057,8847.04000000008,260.0,2026-06-01T13:51:00-04:00,0.9000000000000057,11847.04000000008,1552.0,2026-06-02T11:23:00-04:00,0.14999999999999147,13347.04000000011,3152.0,2026-06-03T14:03:00-04:00,0.7999999999999994,12047.040000000094,261.0,2026-06-01T13:52:00-04:00,2.4000000000000057,8847.04000000008,1551.0,2026-06-02T11:22:00-04:00,0.14999999999999147,13347.04000000011,1552.0,2026-06-02T11:23:00-04:00,0.14999999999999147,13347.04000000011,3176.0,2026-06-03T14:27:00-04:00,0.34999999999999987,12947.040000000094,1552.0,2026-06-02T11:23:00-04:00,0.14999999999999147,13347.04000000011,3464
2026-06-01,2026-06-04,3,5.0,2026-06-01T09:31:00-04:00,5.0,NDXP  260604P30300000,NDXP  260604P30290000,final_holdout,False,False,0,0,9,17,0,1577,available,False,2026-06-01T09:31:00-04:00,2026-06-04T15:49:00-04:00,0.07500000000000001,9597.04,11.0,last_observed_quote_not_settlement,1036.0,93,33,4.599999999999994,547.040000000012,2026-06-01T09:32:00-04:00,0.0,4.799999999999983,147.0400000000348,2026-06-01T09:33:00-04:00,0.0,3.950000000000017,1847.0399999999665,2026-06-01T09:36:00-04:00,0.0,4.149999999999977,1447.0400000000461,2026-06-01T09:41:00-04:00,0.0,4.050000000000011,1647.039999999978,2026-06-01T09:46:00-04:00,0.0,4.899999999999977,-52.959999999953816,2026-06-01T10:01:00-04:00,0.0,7.0,-4252.959999999999,2026-06-01T10:31:00-04:00,0.0,3.1500000000000057,3447.0399999999895,2026-06-01T11:31:00-04:00,0.0,2.950000000000017,3847.0399999999668,2026-06-01T16:00:00-04:00,0.0,1.8500000000000085,6047.039999999984,2026-06-02T16:00:00-04:00,0.0,1.8500000000000085,6047.039999999984,2026-06-03T16:00:00-04:00,0.0,,,2026-06-04T15:49:00-04:00,660.0,0.0,hit,0.0,hit,5.0,hit,23.0,hit,125.0,hit,329.0,hit,346.0,hit,14.0,hit,60.0,hit,60.0,hit,4356.0,hit,4356.0,hit,4356.0,hit,5.550000000000011,2,False,False,False,False,,7.0,6,True,False,False,False,,7.0,10,True,False,False,False,,7.0,10,True,False,False,False,,23.0,2026-06-01T09:54:00-04:00,2.1000000000000227,5547.039999999955,84.0,2026-06-01T10:55:00-04:00,2.6999999999999886,4347.040000000024,134.0,2026-06-01T11:45:00-04:00,2.1000000000000227,5547.039999999955,24.0,2026-06-01T09:55:00-04:00,3.5500000000000114,2647.039999999978,125.0,2026-06-01T11:36:00-04:00,1.5,6747.040000000001,126.0,2026-06-01T11:37:00-04:00,1.6000000000000227,6547.039999999955,208.0,2026-06-01T12:59:00-04:00,1.5500000000000114,6647.039999999978,126.0,2026-06-01T11:37:00-04:00,1.6000000000000227,6547.039999999955,329.0,2026-06-01T15:00:00-04:00,0.6499999999999915,8447.040000000019,347.0,2026-06-01T15:18:00-04:00,0.5999999999999943,8547.040000000014,348.0,2026-06-01T15:19:00-04:00,0.5999999999999943,8547.040000000014,330.0,2026-06-01T15:01:00-04:00,1.1999999999999886,7347.040000000024,1503.0,2026-06-02T10:34:00-04:00,0.0,9747.04,1512.0,2026-06-02T10:43:00-04:00,0.4000000000000057,8947.03999999999,4562.0,2026-06-04T13:33:00-04:00,0.34999999999999964,9047.040000000003,1504.0,2026-06-02T10:35:00-04:00,1.0999999999999943,7547.040000000012,3465
2026-06-01,2026-06-04,3,6.0,2026-06-01T09:31:00-04:00,6.0,NDXP  260604P30690000,NDXP  260604P30680000,final_holdout,False,False,0,0,1,89,0,1512,available,False,2026-06-01T09:31:00-04:00,2026-06-04T15:58:00-04:00,7.949999999999989,-4152.959999999976,2.0,last_observed_quote_not_settlement,1036.0,627,220,7.050000000000011,-2352.960000000022,2026-06-01T09:32:00-04:00,0.0,6.9500000000000455,-2152.96000000009,2026-06-01T09:33:00-04:00,0.0,3.2999999999999545,5147.040000000092,2026-06-01T09:36:00-04:00,0.0,5.800000000000011,147.03999999997797,2026-06-01T09:41:00-04:00,0.0,5.599999999999966,547.0400000000689,2026-06-01T09:46:00-04:00,0.0,7.550000000000068,-3352.9600000001356,2026-06-01T10:01:00-04:00,0.0,5.7000000000000455,347.03999999990975,2026-06-01T10:31:00-04:00,0.0,6.100000000000023,-452.9600000000448,2026-06-01T11:31:00-04:00,0.0,5.25,1247.0400000000006,2026-06-01T16:00:00-04:00,0.0,4.649999999999977,2447.0400000000463,2026-06-02T16:00:00-04:00,0.0,5.800000000000011,147.03999999997797,2026-06-03T16:00:00-04:00,0.0,,,2026-06-04T15:58:00-04:00,120.0,5.0,hit,5.0,hit,5.0,hit,127.0,hit,,never_hit,,never_hit,,never_hit,1.0,hit,1.0,hit,1.0,hit,25.0,hit,123.0,hit,185.0,hit,9.050000000000011,105,True,True,True,True,,,,True,True,True,False,3.650000000000034,,,True,True,True,False,3.650000000000034,,,True,True,True,False,3.650000000000034,127.0,2026-06-01T11:38:00-04:00,2.5500000000000114,6647.039999999978,,,,,,,,,128.0,2026-06-01T11:39:00-04:00,6.0,-252.9599999999993,,,,,,,,,,,,,,,,,,,,,,,,,,,,,,,,,,,,,,,,,,,,,,,,,3466
2026-06-01,2026-06-04,3,7.0,2026-06-01T09:31:00-04:00,6.949999999999989,NDXP  260604P30620000,NDXP  260604P30610000,final_holdout,False,False,0,0,2,40,0,1561,available,False,2026-06-01T09:31:00-04:00,2026-06-04T15:59:00-04:00,9.949999999999989,-6252.960000000001,1.0,last_observed_quote_not_settlement,1036.0,350,67,7.75,-1852.960000000022,2026-06-01T09:32:00-04:00,0.0,6.5,647.0399999999779,2026-06-01T09:33:00-04:00,0.0,6.2999999999999545,1047.0400000000689,2026-06-01T09:36:00-04:00,0.0,6.2999999999999545,1047.0400000000689,2026-06-01T09:41:00-04:00,0.0,6.199999999999989,1247.0400000000006,2026-06-01T09:46:00-04:00,0.0,7.0,-352.96000000002203,2026-06-01T10:01:00-04:00,0.0,6.0,1647.039999999978,2026-06-01T10:31:00-04:00,0.0,5.250000000000057,3147.0399999998644,2026-06-01T11:31:00-04:00,0.0,4.75,4147.039999999978,2026-06-01T16:00:00-04:00,0.0,4.0,5647.039999999978,2026-06-02T16:00:00-04:00,0.0,4.450000000000017,4747.039999999944,2026-06-03T16:00:00-04:00,0.0,,,2026-06-04T15:59:00-04:00,60.0,4.0,hit,4.0,hit,4.0,hit,61.0,hit,2896.0,hit,2896.0,hit,2896.0,hit,1.0,hit,28.0,hit,1.0,hit,43.0,hit,118.0,hit,4320.0,hit,8.799999999999955,16,True,True,False,False,,9.399999999999977,33,True,True,True,True,,9.399999999999977,33,True,True,True,True,,9.399999999999977,33,True,True,True,True,,61.0,2026-06-01T10:32:00-04:00,2.2999999999999545,9047.04000000007,,,,,,,,,62.0,2026-06-01T10:33:00-04:00,6.350000000000023,947.0399999999324,2896.0,2026-06-03T09:47:00-04:00,0.0,13647.039999999979,,,,,,,,,2897.0,2026-06-03T09:48:00-04:00,5.599999999999994,2447.0399999999895,2896.0,2026-06-03T09:47:00-04:00,0.0,13647.039999999979,,,,,,,,,2897.0,2026-06-03T09:48:00-04:00,5.599999999999994,2447.0399999999895,2896.0,2026-06-03T09:47:00-04:00,0.0,13647.039999999979,,,,,,,,,2897.0,2026-06-03T09:48:00-04:00,5.599999999999994,2447.0399999999895,3467
2026-06-02,2026-06-04,2,5.0,2026-06-02T09:31:00-04:00,4.950000000000017,NDXP  260604P30500000,NDXP  260604P30490000,final_holdout,False,False,0,0,6,30,0,1164,available,False,2026-06-02T09:31:00-04:00,2026-06-04T15:58:00-04:00,9.999999999999993,-10252.959999999965,2.0,last_observed_quote_not_settlement,1036.0,269,43,4.649999999999977,347.0400000000803,2026-06-02T09:32:00-04:00,0.0,5.100000000000023,-552.9600000000107,2026-06-02T09:33:00-04:00,0.0,5.399999999999977,-1152.9599999999198,2026-06-02T09:36:00-04:00,0.0,5.300000000000011,-952.959999999988,2026-06-02T09:41:00-04:00,0.0,5.0,-352.9599999999652,2026-06-02T09:46:00-04:00,0.0,6.350000000000023,-3052.9600000000105,2026-06-02T10:01:00-04:00,0.0,3.3999999999999773,2847.0400000000805,2026-06-02T10:31:00-04:00,0.0,3.549999999999983,2547.040000000069,2026-06-02T11:31:00-04:00,0.0,4.400000000000006,847.0400000000234,2026-06-02T16:00:00-04:00,0.0,3.3000000000000114,3047.0400000000122,2026-06-03T16:00:00-04:00,0.0,,,2026-06-04T15:58:00-04:00,120.0,,,,,0.0,hit,0.0,hit,6.0,hit,48.0,hit,213.0,hit,1814.0,hit,,never_hit,9.0,hit,30.0,hit,2880.0,hit,2880.0,hit,2880.0,hit,2882.0,hit,6.350000000000023,14,False,False,False,False,,6.350000000000023,18,False,False,False,False,,6.650000000000006,32,False,False,False,False,,,,True,True,True,False,4.300000000000011,48.0,2026-06-02T10:19:00-04:00,2.8000000000000114,4047.040000000012,75.0,2026-06-02T10:46:00-04:00,2.1999999999999886,5247.040000000057,127.0,2026-06-02T11:38:00-04:00,2.5999999999999943,4447.040000000046,49.0,2026-06-02T10:20:00-04:00,3.299999999999983,3047.040000000069,341.0,2026-06-02T15:12:00-04:00,1.8000000000000114,6047.040000000012,342.0,2026-06-02T15:13:00-04:00,1.8000000000000114,6047.040000000012,3244.0,2026-06-04T15:35:00-04:00,1.75,6147.0400000000345,342.0,2026-06-02T15:13:00-04:00,1.8000000000000114,6047.040000000012,1814.0,2026-06-03T15:45:00-04:00,0.6500000000000057,8347.040000000025,,,,,,,,,1815.0,2026-06-03T15:46:00-04:00,2.1500000000000057,5347.040000000024,,,,,,,,,,,,,,,,,3468
2026-06-02,2026-06-04,2,6.0,2026-06-02T09:31:00-04:00,6.0,NDXP  260604P30610000,NDXP  260604P30600000,final_holdout,False,False,0,0,3,44,0,1152,available,False,2026-06-02T09:31:00-04:00,2026-06-04T15:58:00-04:00,10.0,-8152.96,2.0,last_observed_quote_not_settlement,1037.0,344,64,5.7000000000000455,347.03999999990975,2026-06-02T09:32:00-04:00,0.0,5.5499999999999545,647.0400000000916,2026-06-02T09:33:00-04:00,0.0,6.25,-752.9599999999994,2026-06-02T09:36:00-04:00,0.0,5.850000000000023,47.039999999955235,2026-06-02T09:41:00-04:00,0.0,5.849999999999966,47.04000000006892,2026-06-02T09:46:00-04:00,0.0,5.150000000000034,1447.0399999999324,2026-06-02T10:01:00-04:00,0.0,5.300000000000011,1147.039999999978,2026-06-02T10:31:00-04:00,0.0,4.450000000000017,2847.0399999999668,2026-06-02T11:31:00-04:00,0.0,3.7499999999999716,4247.040000000057,2026-06-02T16:00:00-04:00,0.0,4.5,2747.040000000001,2026-06-03T16:00:00-04:00,0.0,,,2026-06-04T15:58:00-04:00,120.0,,,,,18.0,hit,18.0,hit,49.0,hit,1449.0,hit,1456.0,hit,1456.0,hit,,never_hit,7.0,hit,7.0,hit,7.0,hit,1644.0,hit,2881.0,hit,2881.0,hit,7.800000000000011,17,True,False,False,False,,7.800000000000011,17,True,False,False,False,,7.800000000000011,17,True,False,False,False,,,,True,True,True,False,5.199999999999989,1449.0,2026-06-03T09:40:00-04:00,2.5,6747.040000000001,1450.0,2026-06-03T09:41:00-04:00,2.849999999999966,6047.040000000069,,,,,1450.0,2026-06-03T09:41:00-04:00,2.849999999999966,6047.040000000069,1456.0,2026-06-03T09:47:00-04:00,0.8999999999999773,9947.040000000046,,,,,,,,,1457.0,2026-06-03T09:48:00-04:00,6.599999999999994,-1452.959999999988,1456.0,2026-06-03T09:47:00-04:00,0.8999999999999773,9947.040000000046,,,,,,,,,1457.0,2026-06-03T09:48:00-04:00,6.599999999999994,-1452.959999999988,,,,,,,,,,,,,,,,,3469
2026-06-02,2026-06-04,2,7.0,2026-06-02T09:31:00-04:00,7.0,NDXP  260604P30780000,NDXP  260604P30770000,final_holdout,False,False,0,0,0,145,0,1053,available,False,2026-06-02T09:31:00-04:00,2026-06-04T16:00:00-04:00,8.349999999999966,-2952.9599999999327,0.0,last_observed_quote_not_settlement,1036.0,314,133,7.899999999999977,-2052.9599999999537,2026-06-02T09:32:00-04:00,0.0,9.349999999999966,-4952.959999999933,2026-06-02T09:33:00-04:00,0.0,6.350000000000023,1047.0399999999552,2026-06-02T09:36:00-04:00,0.0,7.7000000000000455,-1652.9600000000903,2026-06-02T09:41:00-04:00,0.0,6.349999999999966,1047.0400000000689,2026-06-02T09:46:00-04:00,0.0,8.5,-3252.960000000001,2026-06-02T10:01:00-04:00,0.0,6.800000000000011,147.03999999997797,2026-06-02T10:31:00-04:00,0.0,5.949999999999989,1847.0400000000234,2026-06-02T11:31:00-04:00,0.0,5.649999999999977,2447.0400000000463,2026-06-02T16:00:00-04:00,0.0,8.19999999999996,-2652.9599999999214,2026-06-03T16:00:00-04:00,0.0,8.349999999999966,-2952.9599999999327,2026-06-04T16:00:00-04:00,0.0,,,,,7.0,hit,27.0,hit,35.0,hit,35.0,hit,35.0,hit,,never_hit,,never_hit,1.0,hit,2.0,hit,0.0,hit,2.0,hit,2.0,hit,64.0,hit,9.349999999999966,16,True,True,True,True,,9.349999999999966,16,True,True,True,True,,,,True,True,True,False,5.149999999999977,,,True,True,True,False,5.149999999999977,35.0,2026-06-02T10:06:00-04:00,1.8500000000000227,10047.039999999955,,,,,,,,,36.0,2026-06-02T10:07:00-04:00,6.149999999999977,1447.0400000000461,35.0,2026-06-02T10:06:00-04:00,1.8500000000000227,10047.039999999955,,,,,,,,,36.0,2026-06-02T10:07:00-04:00,6.149999999999977,1447.0400000000461,,,,,,,,,,,,,,,,,,,,,,,,,,,,,,,,,3470
2026-06-02,2026-06-05,3,5.0,2026-06-02T09:31:00-04:00,5.0,NDXP  260605P30550000,NDXP  260605P30540000,final_holdout,False,False,0,0,3,127,0,1474,available,False,2026-06-02T09:31:00-04:00,2026-06-05T15:59:00-04:00,10.0,-10152.96,1.0,last_observed_quote_not_settlement,1036.0,564,108,4.949999999999989,-152.95999999997656,2026-06-02T09:32:00-04:00,0.0,6.4500000000000455,-3152.96000000009,2026-06-02T09:33:00-04:00,0.0,5.25,-752.9599999999994,2026-06-02T09:36:00-04:00,0.0,1.7499999999999432,6247.040000000115,2026-06-02T09:41:00-04:00,0.0,5.199999999999932,-652.9599999998629,2026-06-02T09:46:00-04:00,0.0,4.699999999999989,347.04000000002344,2026-06-02T10:01:00-04:00,0.0,4.849999999999966,47.04000000006892,2026-06-02T10:31:00-04:00,0.0,4.350000000000023,1047.0399999999552,2026-06-02T11:31:00-04:00,0.0,3.75,2247.040000000001,2026-06-02T16:00:00-04:00,0.0,4.049999999999983,1647.0400000000348,2026-06-03T16:00:00-04:00,0.0,6.150000000000006,-2552.9600000000105,2026-06-04T16:00:00-04:00,0.0,,,2026-06-05T15:59:00-04:00,60.0,0.0,hit,0.0,hit,10.0,hit,10.0,hit,10.0,hit,4642.0,hit,,never_hit,2.0,hit,2.0,hit,49.0,hit,2880.0,hit,2880.0,hit,2880.0,hit,6.4500000000000455,8,False,False,False,False,,6.4500000000000455,8,False,False,False,False,,10.0,534,True,True,True,True,,,,True,True,True,False,4.400000000000091,10.0,2026-06-02T09:41:00-04:00,1.7499999999999432,6247.040000000115,75.0,2026-06-02T10:46:00-04:00,2.650000000000034,4447.039999999933,343.0,2026-06-02T15:14:00-04:00,2.349999999999966,5047.040000000069,11.0,2026-06-02T09:42:00-04:00,4.650000000000034,447.0399999999325,10.0,2026-06-02T09:41:00-04:00,1.7499999999999432,6247.040000000115,,,,,,,,,11.0,2026-06-02T09:42:00-04:00,4.650000000000034,447.0399999999325,4642.0,2026-06-05T14:53:00-04:00,0.599999999999909,8547.040000000183,,,,,,,,,,,,,,,,,,,,,,,,,,,,,3471
2026-06-02,2026-06-05,3,6.0,2026-06-02T09:31:00-04:00,5.949999999999989,NDXP  260605P30660000,NDXP  260605P30650000,final_holdout,False,False,0,0,3,146,0,1455,available,False,2026-06-02T09:31:00-04:00,2026-06-05T15:59:00-04:00,10.0,-8252.960000000021,1.0,last_observed_quote_not_settlement,1037.0,619,117,5.7000000000000455,247.039999999887,2026-06-02T09:32:00-04:00,0.0,5.699999999999989,247.04000000000067,2026-06-02T09:33:00-04:00,0.0,6.400000000000034,-1152.9600000000903,2026-06-02T09:36:00-04:00,0.0,5.449999999999989,747.0400000000006,2026-06-02T09:41:00-04:00,0.0,5.75,147.03999999997797,2026-06-02T09:46:00-04:00,0.0,5.100000000000023,1447.0399999999324,2026-06-02T10:01:00-04:00,0.0,5.350000000000023,947.0399999999324,2026-06-02T10:31:00-04:00,0.0,4.25,3147.039999999978,2026-06-02T11:31:00-04:00,0.0,2.7499999999999716,6147.0400000000345,2026-06-02T16:00:00-04:00,0.0,3.6999999999999886,4247.040000000001,2026-06-03T16:00:00-04:00,0.0,8.350000000000023,-5052.960000000069,2026-06-04T16:00:00-04:00,0.0,,,2026-06-05T15:59:00-04:00,60.0,3.0,hit,3.0,hit,11.0,hit,57.0,hit,383.0,hit,4352.0,hit,,never_hit,19.0,hit,19.0,hit,19.0,hit,1577.0,hit,1627.0,hit,2887.0,hit,7.600000000000023,9,True,False,False,False,,7.649999999999977,25,True,False,False,False,,10.0,473,True,True,True,True,,,,True,True,True,False,5.099999999999966,57.0,2026-06-02T10:28:00-04:00,2.1499999999999773,7347.040000000024,,,,,,,,,58.0,2026-06-02T10:29:00-04:00,3.3500000000000227,4947.039999999933,1625.0,2026-06-03T12:36:00-04:00,1.6999999999999318,8247.040000000115,,,,,,,,,1626.0,2026-06-03T12:37:00-04:00,5.4500000000000455,747.039999999887,4352.0,2026-06-05T10:03:00-04:00,0.8500000000000227,9947.039999999934,,,,,,,,,,,,,,,,,,,,,,,,,,,,,3472
2026-06-02,2026-06-05,3,7.0,2026-06-02T09:31:00-04:00,7.0,NDXP  260605P30840000,NDXP  260605P30830000,final_holdout,False,False,0,0,5,187,0,1408,available,False,2026-06-02T09:31:00-04:00,2026-06-05T16:00:00-04:00,0.0,13747.04,0.0,last_observed_quote_not_settlement,1036.0,635,168,6.9500000000000455,-152.96000000009025,2026-06-02T09:32:00-04:00,0.0,6.900000000000034,-52.9600000000675,2026-06-02T09:33:00-04:00,0.0,8.300000000000011,-2852.9600000000237,2026-06-02T09:36:00-04:00,0.0,6.850000000000023,47.039999999955235,2026-06-02T09:41:00-04:00,0.0,7.050000000000011,-352.96000000002203,2026-06-02T09:46:00-04:00,0.0,6.5,747.0400000000006,2026-06-02T10:01:00-04:00,0.0,6.650000000000034,447.0399999999325,2026-06-02T10:31:00-04:00,0.0,7.75,-1752.9599999999994,2026-06-02T11:31:00-04:00,0.0,7.550000000000011,-1352.960000000022,2026-06-02T16:00:00-04:00,0.0,5.699999999999932,2347.0400000001373,2026-06-03T16:00:00-04:00,0.0,,,2026-06-04T15:59:00-04:00,60.0,0.0,13747.04,2026-06-05T16:00:00-04:00,0.0,33.0,hit,33.0,hit,141.0,hit,141.0,hit,387.0,hit,387.0,hit,387.0,hit,5.0,hit,5.0,hit,0.0,hit,5.0,hit,118.0,hit,118.0,hit,9.600000000000023,23,True,True,True,True,,9.75,62,True,True,True,True,,9.75,62,True,True,True,True,,9.75,62,True,True,True,True,,141.0,2026-06-02T11:52:00-04:00,2.75,8247.04,142.0,2026-06-02T11:53:00-04:00,2.750000000000057,8247.039999999888,343.0,2026-06-02T15:14:00-04:00,2.6499999999999773,8447.040000000046,142.0,2026-06-02T11:53:00-04:00,2.750000000000057,8247.039999999888,387.0,2026-06-02T15:58:00-04:00,0.05000000000006821,13647.039999999864,,,,,,,,,388.0,2026-06-02T15:59:00-04:00,5.699999999999989,2347.0400000000236,387.0,2026-06-02T15:58:00-04:00,0.05000000000006821,13647.039999999864,,,,,,,,,388.0,2026-06-02T15:59:00-04:00,5.699999999999989,2347.0400000000236,387.0,2026-06-02T15:58:00-04:00,0.05000000000006821,13647.039999999864,,,,,,,,,388.0,2026-06-02T15:59:00-04:00,5.699999999999989,2347.0400000000236,3473
2026-06-03,2026-06-05,2,5.0,2026-06-03T09:31:00-04:00,5.0,NDXP  260605P30800000,NDXP  260605P30790000,final_holdout,False,False,0,0,2,131,0,1066,available,False,2026-06-03T09:31:00-04:00,2026-06-05T16:00:00-04:00,0.0,9747.04,0.0,last_observed_quote_not_settlement,1036.0,935,55,4.900000000000006,-52.96000000001066,2026-06-03T09:32:00-04:00,0.0,5.900000000000006,-2052.9600000000105,2026-06-03T09:33:00-04:00,0.0,5.650000000000034,-1552.9600000000676,2026-06-03T09:36:00-04:00,0.0,6.150000000000034,-2552.9600000000673,2026-06-03T09:41:00-04:00,0.0,4.550000000000011,647.0399999999779,2026-06-03T09:46:00-04:00,0.0,6.349999999999966,-2952.959999999931,2026-06-03T10:01:00-04:00,0.0,7.5499999999999545,-5352.959999999908,2026-06-03T10:31:00-04:00,0.0,5.800000000000011,-1852.960000000022,2026-06-03T11:31:00-04:00,0.0,5.850000000000023,-1952.9600000000448,2026-06-03T16:00:00-04:00,0.0,8.300000000000011,-6852.960000000024,2026-06-04T16:00:00-04:00,0.0,0.0,9747.04,2026-06-05T16:00:00-04:00,0.0,,,,,0.0,hit,0.0,hit,59.0,hit,74.0,hit,3225.0,hit,3269.0,hit,3269.0,hit,2.0,hit,8.0,hit,8.0,hit,8.0,hit,1440.0,hit,1448.0,hit,8.300000000000011,65,True,True,False,False,,10.0,914,True,True,True,True,,10.0,935,True,True,True,True,,10.0,935,True,True,True,True,,74.0,2026-06-03T10:45:00-04:00,2.5499999999999545,4647.040000000092,,,,,,,,,75.0,2026-06-03T10:46:00-04:00,5.899999999999977,-2052.9599999999537,3225.0,2026-06-05T15:16:00-04:00,1.2000000000000455,7347.03999999991,,,,,,,,,,,,,3269.0,2026-06-05T16:00:00-04:00,0.0,9747.04,,,,,,,,,,,,,3269.0,2026-06-05T16:00:00-04:00,0.0,9747.04,,,,,,,,,,,,,3474
2026-06-03,2026-06-05,2,6.0,2026-06-03T09:31:00-04:00,6.050000000000011,NDXP  260605P30920000,NDXP  260605P30910000,final_holdout,False,False,0,0,0,176,0,1024,available,False,2026-06-03T09:31:00-04:00,2026-06-05T15:59:00-04:00,10.0,-8052.959999999977,1.0,last_observed_quote_not_settlement,1036.0,874,43,5.850000000000023,147.03999999997797,2026-06-03T09:32:00-04:00,0.0,6.400000000000034,-952.9600000000448,2026-06-03T09:33:00-04:00,0.0,6.7000000000000455,-1552.9600000000676,2026-06-03T09:36:00-04:00,0.0,6.649999999999977,-1452.9599999999311,2026-06-03T09:41:00-04:00,0.0,6.899999999999977,-1952.9599999999311,2026-06-03T09:46:00-04:00,0.0,,,2026-06-03T10:00:00-04:00,60.0,6.5499999999999545,-1252.9599999998857,2026-06-03T10:31:00-04:00,0.0,6.75,-1652.9599999999766,2026-06-03T11:31:00-04:00,0.0,8.650000000000034,-5452.960000000046,2026-06-03T16:00:00-04:00,0.0,,,2026-06-04T15:59:00-04:00,60.0,,,2026-06-05T15:59:00-04:00,60.0,,,,,73.0,hit,404.0,hit,3122.0,hit,3199.0,hit,3199.0,hit,,never_hit,,never_hit,3.0,hit,3.0,hit,3.0,hit,16.0,hit,22.0,hit,210.0,hit,10.0,843,True,True,True,True,,10.0,843,True,True,True,True,,,,True,True,True,False,4.7499999999998295,,,True,True,True,False,4.7499999999998295,3199.0,2026-06-05T14:50:00-04:00,1.300000000000182,9247.03999999966,,,,,,,,,,,,,3199.0,2026-06-05T14:50:00-04:00,1.300000000000182,9247.03999999966,,,,,,,,,,,,,,,,,,,,,,,,,,,,,,,,,,,,,,,,,,,,,3475
2026-06-03,2026-06-05,2,7.0,2026-06-03T09:31:00-04:00,7.249999999999943,NDXP  260605P31120000,NDXP  260605P31110000,final_holdout,False,False,0,0,0,238,0,961,available,False,2026-06-03T09:31:00-04:00,2026-06-05T16:00:00-04:00,0.9499999999998181,12347.040000000252,0.0,last_observed_quote_not_settlement,1037.0,746,84,7.100000000000023,47.03999999984155,2026-06-03T09:32:00-04:00,0.0,8.149999999999977,-2052.960000000069,2026-06-03T09:33:00-04:00,0.0,5.100000000000023,4047.0399999998417,2026-06-03T09:36:00-04:00,0.0,7.850000000000023,-1452.9600000001585,2026-06-03T09:41:00-04:00,0.0,8.5,-2752.9600000001146,2026-06-03T09:46:00-04:00,0.0,8.599999999999909,-2952.9599999999327,2026-06-03T10:01:00-04:00,0.0,7.9500000000000455,-1652.9600000002058,2026-06-03T10:31:00-04:00,0.0,7.7999999999999545,-1352.960000000022,2026-06-03T11:31:00-04:00,0.0,6.0499999999999545,2147.039999999978,2026-06-03T16:00:00-04:00,0.0,,,2026-06-04T15:59:00-04:00,60.0,0.9499999999998181,12347.040000000252,2026-06-05T16:00:00-04:00,0.0,,,,,5.0,hit,6.0,hit,6.0,hit,54.0,hit,2912.0,hit,2912.0,hit,2912.0,hit,2.0,hit,7.0,hit,0.0,hit,2.0,hit,7.0,hit,103.0,hit,9.350000000000023,48,True,True,True,True,,10.0,594,True,True,True,True,,10.0,594,True,True,True,True,,10.0,594,True,True,True,True,,54.0,2026-06-03T10:25:00-04:00,2.6499999999999773,8947.039999999934,367.0,2026-06-03T15:38:00-04:00,2.5,9247.039999999888,,,,,55.0,2026-06-03T10:26:00-04:00,7.800000000000068,-1352.9600000002495,2912.0,2026-06-05T10:03:00-04:00,0.0,14247.039999999888,,,,,,,,,,,,,2912.0,2026-06-05T10:03:00-04:00,0.0,14247.039999999888,,,,,,,,,,,,,2912.0,2026-06-05T10:03:00-04:00,0.0,14247.039999999888,,,,,,,,,,,,,3476
2026-06-05,2026-06-08,3,5.0,2026-06-05T09:31:00-04:00,5.049999999999983,NDXP  260608P30010000,NDXP  260608P30000000,final_holdout,False,False,0,0,0,142,0,653,available,False,2026-06-05T09:31:00-04:00,2026-06-08T16:00:00-04:00,8.450000000000045,-7052.9600000001265,0.0,last_observed_quote_not_settlement,3918.0,540,17,4.199999999999989,1447.0399999999893,2026-06-05T09:32:00-04:00,0.0,4.149999999999977,1547.040000000012,2026-06-05T09:33:00-04:00,0.0,5.149999999999977,-452.95999999998793,2026-06-05T09:36:00-04:00,0.0,5.0,-152.9600000000334,2026-06-05T09:41:00-04:00,0.0,5.7999999999999545,-1752.9599999999425,2026-06-05T09:46:00-04:00,0.0,6.150000000000034,-2452.9600000001014,2026-06-05T10:01:00-04:00,0.0,6.25,-2652.9600000000332,2026-06-05T10:31:00-04:00,0.0,7.949999999999989,-6052.960000000011,2026-06-05T11:31:00-04:00,0.0,,,2026-06-05T15:59:00-04:00,60.0,,,2026-06-05T16:14:00-04:00,85560.0,,,2026-06-05T16:14:00-04:00,171960.0,8.450000000000045,-7052.9600000001265,2026-06-08T16:00:00-04:00,0.0,0.0,hit,1.0,hit,29.0,hit,391.0,hit,391.0,hit,391.0,hit,391.0,hit,11.0,hit,17.0,hit,20.0,hit,58.0,hit,79.0,hit,79.0,hit,10.0,321,True,True,True,True,,10.0,321,True,True,True,True,,10.0,321,True,True,True,True,,10.0,321,True,True,True,True,,391.0,2026-06-05T16:02:00-04:00,0.0,9847.039999999968,,,,,,,,,,,,,391.0,2026-06-05T16:02:00-04:00,0.0,9847.039999999968,,,,,,,,,,,,,391.0,2026-06-05T16:02:00-04:00,0.0,9847.039999999968,,,,,,,,,,,,,391.0,2026-06-05T16:02:00-04:00,0.0,9847.039999999968,,,,,,,,,,,,,3477
2026-06-05,2026-06-08,3,6.0,2026-06-05T09:31:00-04:00,6.0,NDXP  260608P30110000,NDXP  260608P30100000,final_holdout,False,False,0,0,0,137,0,658,available,False,2026-06-05T09:31:00-04:00,2026-06-08T16:00:00-04:00,6.9500000000000455,-2152.96000000009,0.0,last_observed_quote_not_settlement,3916.0,530,17,5.099999999999994,1547.040000000012,2026-06-05T09:32:00-04:00,0.0,5.199999999999989,1347.0400000000234,2026-06-05T09:33:00-04:00,0.0,5.699999999999989,347.04000000002344,2026-06-05T09:36:00-04:00,0.0,6.25,-752.9599999999994,2026-06-05T09:41:00-04:00,0.0,7.0,-2252.959999999999,2026-06-05T09:46:00-04:00,0.0,6.0,-252.9599999999993,2026-06-05T10:01:00-04:00,0.0,7.350000000000023,-2952.9600000000446,2026-06-05T10:31:00-04:00,0.0,7.149999999999977,-2552.9599999999537,2026-06-05T11:31:00-04:00,0.0,,,2026-06-05T15:59:00-04:00,60.0,,,2026-06-05T16:15:00-04:00,85500.0,,,2026-06-05T16:15:00-04:00,171900.0,6.9500000000000455,-2152.96000000009,2026-06-08T16:00:00-04:00,0.0,1.0,hit,21.0,hit,21.0,hit,21.0,hit,404.0,hit,404.0,hit,404.0,hit,11.0,hit,15.0,hit,15.0,hit,18.0,hit,18.0,hit,18.0,hit,9.700000000000045,13,True,True,True,True,,10.0,302,True,True,True,True,,10.0,302,True,True,True,True,,10.0,302,True,True,True,True,,21.0,2026-06-05T09:52:00-04:00,2.4500000000000455,6847.03999999991,,,,,,,,,22.0,2026-06-05T09:53:00-04:00,7.199999999999932,-2652.9599999998627,404.0,2026-06-05T16:15:00-04:00,0.0,11747.04,,,,,,,,,,,,,404.0,2026-06-05T16:15:00-04:00,0.0,11747.04,,,,,,,,,,,,,404.0,2026-06-05T16:15:00-04:00,0.0,11747.04,,,,,,,,,,,,,3478
2026-06-05,2026-06-08,3,7.0,2026-06-05T09:31:00-04:00,7.0,NDXP  260608P30180000,NDXP  260608P30170000,final_holdout,False,False,0,0,0,158,0,637,available,False,2026-06-05T09:31:00-04:00,2026-06-08T16:00:00-04:00,8.700000000000045,-3652.960000000092,0.0,last_observed_quote_not_settlement,3917.0,485,48,6.049999999999983,1647.0400000000348,2026-06-05T09:32:00-04:00,0.0,6.300000000000011,1147.039999999978,2026-06-05T09:33:00-04:00,0.0,6.350000000000023,1047.0399999999552,2026-06-05T09:36:00-04:00,0.0,7.649999999999977,-1552.9599999999539,2026-06-05T09:41:00-04:00,0.0,7.2999999999999545,-852.9599999999084,2026-06-05T09:46:00-04:00,0.0,5.550000000000011,2647.039999999978,2026-06-05T10:01:00-04:00,0.0,9.100000000000023,-4452.960000000046,2026-06-05T10:31:00-04:00,0.0,8.750000000000057,-3752.9600000001146,2026-06-05T11:31:00-04:00,0.0,,,2026-06-05T15:58:00-04:00,120.0,,,2026-06-05T16:15:00-04:00,85500.0,,,2026-06-05T16:15:00-04:00,171900.0,8.700000000000045,-3652.960000000092,2026-06-08T16:00:00-04:00,0.0,13.0,hit,29.0,hit,317.0,hit,317.0,hit,317.0,hit,393.0,hit,393.0,hit,10.0,hit,20.0,hit,0.0,hit,20.0,hit,20.0,hit,20.0,hit,10.0,228,True,True,True,True,,10.0,228,True,True,True,True,,10.0,270,True,True,True,True,,10.0,270,True,True,True,True,,317.0,2026-06-05T14:48:00-04:00,1.6000000000001364,10547.039999999728,4355.0,2026-06-08T10:06:00-04:00,0.0,13747.04,,,,,318.0,2026-06-05T14:49:00-04:00,9.75,-5752.960000000001,317.0,2026-06-05T14:48:00-04:00,1.6000000000001364,10547.039999999728,4355.0,2026-06-08T10:06:00-04:00,0.0,13747.04,,,,,318.0,2026-06-05T14:49:00-04:00,9.75,-5752.960000000001,393.0,2026-06-05T16:04:00-04:00,0.0,13747.04,4355.0,2026-06-08T10:06:00-04:00,0.0,13747.04,,,,,394.0,2026-06-05T16:05:00-04:00,9.900000000000091,-6052.960000000183,393.0,2026-06-05T16:04:00-04:00,0.0,13747.04,4355.0,2026-06-08T10:06:00-04:00,0.0,13747.04,,,,,394.0,2026-06-05T16:05:00-04:00,9.900000000000091,-6052.960000000183,3479
2026-06-08,2026-06-10,2,5.0,2026-06-08T09:31:00-04:00,5.0499999999999545,NDXP  260610P29850000,NDXP  260610P29840000,final_holdout,False,False,0,0,4,212,0,983,available,False,2026-06-08T09:31:00-04:00,2026-06-10T15:59:00-04:00,9.199999999999818,-8552.959999999728,1.0,last_observed_quote_not_settlement,1036.0,765,101,6.949999999999989,-4052.9600000000673,2026-06-08T09:32:00-04:00,0.0,6.699999999999989,-3552.9600000000673,2026-06-08T09:33:00-04:00,0.0,6.9500000000000455,-4052.960000000181,2026-06-08T09:36:00-04:00,0.0,1.5,6847.03999999991,2026-06-08T09:41:00-04:00,0.0,5.400000000000034,-952.9600000001585,2026-06-08T09:46:00-04:00,0.0,7.399999999999864,-4952.959999999817,2026-06-08T10:01:00-04:00,0.0,6.75,-3652.96000000009,2026-06-08T10:31:00-04:00,0.0,5.949999999999932,-2052.9599999999537,2026-06-08T11:31:00-04:00,0.0,7.650000000000034,-5452.960000000158,2026-06-08T16:00:00-04:00,0.0,9.450000000000045,-9052.960000000183,2026-06-09T16:00:00-04:00,0.0,,,2026-06-10T15:59:00-04:00,60.0,,,,,0.0,hit,8.0,hit,10.0,hit,10.0,hit,10.0,hit,99.0,hit,99.0,hit,1.0,hit,1.0,hit,6.0,hit,6.0,hit,7.0,hit,7.0,hit,9.799999999999955,6,True,True,True,True,,9.799999999999955,6,True,True,True,True,,9.850000000000023,68,True,True,True,True,,9.850000000000023,68,True,True,True,True,,10.0,2026-06-08T09:41:00-04:00,1.5,6847.03999999991,100.0,2026-06-08T11:11:00-04:00,1.3500000000000227,7147.039999999864,,,,,,,,,10.0,2026-06-08T09:41:00-04:00,1.5,6847.03999999991,100.0,2026-06-08T11:11:00-04:00,1.3500000000000227,7147.039999999864,,,,,,,,,99.0,2026-06-08T11:10:00-04:00,0.25,9347.03999999991,,,,,,,,,100.0,2026-06-08T11:11:00-04:00,1.3500000000000227,7147.039999999864,99.0,2026-06-08T11:10:00-04:00,0.25,9347.03999999991,,,,,,,,,100.0,2026-06-08T11:11:00-04:00,1.3500000000000227,7147.039999999864,3480
2026-06-08,2026-06-10,2,6.0,2026-06-08T09:31:00-04:00,6.0,NDXP  260610P29630000,NDXP  260610P29620000,final_holdout,False,False,0,0,2,102,0,1096,available,False,2026-06-08T09:31:00-04:00,2026-06-10T16:00:00-04:00,10.0,-8152.96,0.0,last_observed_quote_not_settlement,1036.0,573,84,5.600000000000023,547.0399999999552,2026-06-08T09:32:00-04:00,0.0,5.599999999999966,547.0400000000689,2026-06-08T09:33:00-04:00,0.0,5.600000000000023,547.0399999999552,2026-06-08T09:36:00-04:00,0.0,,,2026-06-08T09:40:00-04:00,60.0,5.249999999999943,1247.0400000001143,2026-06-08T09:46:00-04:00,0.0,5.9500000000000455,-152.96000000009025,2026-06-08T10:01:00-04:00,0.0,5.449999999999989,847.0400000000234,2026-06-08T10:31:00-04:00,0.0,4.7999999999999545,2147.040000000092,2026-06-08T11:31:00-04:00,0.0,6.0,-252.9599999999993,2026-06-08T16:00:00-04:00,0.0,8.649999999999977,-5552.9599999999555,2026-06-09T16:00:00-04:00,0.0,10.0,-8152.96,2026-06-10T16:00:00-04:00,0.0,,,,,3.0,hit,3.0,hit,4.0,hit,4.0,hit,213.0,hit,213.0,hit,213.0,hit,11.0,hit,45.0,hit,45.0,hit,346.0,hit,346.0,hit,1526.0,hit,6.0,0,False,False,False,False,,7.9500000000000455,15,True,False,False,False,,7.9500000000000455,15,True,False,False,False,,7.9500000000000455,15,True,False,False,False,,4.0,2026-06-08T09:35:00-04:00,2.3999999999999773,6947.040000000046,,,,,,,,,5.0,2026-06-08T09:36:00-04:00,5.600000000000023,547.0399999999552,213.0,2026-06-08T13:04:00-04:00,0.5,10747.04,,,,,,,,,214.0,2026-06-08T13:05:00-04:00,5.75,247.04000000000067,213.0,2026-06-08T13:04:00-04:00,0.5,10747.04,,,,,,,,,214.0,2026-06-08T13:05:00-04:00,5.75,247.04000000000067,1628.0,2026-06-09T12:39:00-04:00,0.0,11747.04,,,,,,,,,1629.0,2026-06-09T12:40:00-04:00,5.2999999999999545,1147.0400000000916,3481
2026-06-08,2026-06-10,2,7.0,2026-06-08T09:31:00-04:00,7.199999999999932,NDXP  260610P29980000,NDXP  260610P29970000,final_holdout,False,False,0,0,0,175,0,1013,available,False,2026-06-08T09:31:00-04:00,2026-06-10T15:59:00-04:00,10.0,-5752.9600000001365,1.0,last_observed_quote_not_settlement,1038.0,710,179,8.300000000000068,-2452.960000000274,2026-06-08T09:32:00-04:00,0.0,6.949999999999932,247.04000000000067,2026-06-08T09:33:00-04:00,0.0,7.5,-852.9600000001358,2026-06-08T09:36:00-04:00,0.0,8.0,-1852.9600000001376,2026-06-08T09:41:00-04:00,0.0,6.75,647.0399999998642,2026-06-08T09:46:00-04:00,0.0,8.350000000000023,-2552.960000000183,2026-06-08T10:01:00-04:00,0.0,7.599999999999909,-1052.9599999999539,2026-06-08T10:31:00-04:00,0.0,6.650000000000034,847.039999999796,2026-06-08T11:31:00-04:00,0.0,8.300000000000068,-2452.960000000274,2026-06-08T16:00:00-04:00,0.0,6.7000000000000455,747.0399999997733,2026-06-09T16:00:00-04:00,0.0,,,2026-06-10T15:59:00-04:00,60.0,,,,,65.0,hit,79.0,hit,113.0,hit,113.0,hit,1649.0,hit,1649.0,hit,3260.0,hit,1.0,hit,1.0,hit,0.0,hit,1.0,hit,29.0,hit,131.0,hit,9.400000000000091,71,True,True,True,True,,10.0,408,True,True,True,True,,10.0,408,True,True,True,True,,10.0,705,True,True,True,True,,1586.0,2026-06-09T11:57:00-04:00,2.599999999999909,8947.040000000046,3039.0,2026-06-10T12:10:00-04:00,2.25,9647.039999999864,,,,,,,,,1649.0,2026-06-09T13:00:00-04:00,0.7000000000000455,12747.039999999773,,,,,,,,,1650.0,2026-06-09T13:01:00-04:00,9.849999999999909,-5552.9599999999555,1649.0,2026-06-09T13:00:00-04:00,0.7000000000000455,12747.039999999773,,,,,,,,,1650.0,2026-06-09T13:01:00-04:00,9.849999999999909,-5552.9599999999555,3260.0,2026-06-10T15:51:00-04:00,0.0,14147.039999999864,,,,,,,,,3261.0,2026-06-10T15:52:00-04:00,10.0,-5752.9600000001365,3482
2026-06-08,2026-06-11,3,5.0,2026-06-08T09:31:00-04:00,5.050000000000068,NDXP  260611P29900000,NDXP  260611P29890000,final_holdout,False,False,0,0,6,297,0,1297,available,False,2026-06-08T09:31:00-04:00,2026-06-11T16:00:00-04:00,3.0,3847.0400000001373,0.0,last_observed_quote_not_settlement,1037.0,995,138,2.5,4847.040000000137,2026-06-08T09:32:00-04:00,0.0,6.7999999999999545,-3752.9599999997718,2026-06-08T09:33:00-04:00,0.0,6.550000000000068,-3252.959999999999,2026-06-08T09:36:00-04:00,0.0,6.7000000000000455,-3552.9599999999537,2026-06-08T09:41:00-04:00,0.0,8.450000000000045,-7052.9599999999555,2026-06-08T09:46:00-04:00,0.0,8.550000000000068,-7252.960000000001,2026-06-08T10:01:00-04:00,0.0,8.300000000000068,-6752.960000000001,2026-06-08T10:31:00-04:00,0.0,6.7000000000000455,-3552.9599999999537,2026-06-08T11:31:00-04:00,0.0,7.25,-4652.959999999863,2026-06-08T16:00:00-04:00,0.0,,,2026-06-09T15:59:00-04:00,60.0,10.0,-10052.959999999863,2026-06-10T16:00:00-04:00,0.0,3.0,3847.0400000001373,2026-06-11T16:00:00-04:00,0.0,0.0,hit,1.0,hit,1.0,hit,1.0,hit,1605.0,hit,1605.0,hit,3245.0,hit,2.0,hit,2.0,hit,3.0,hit,8.0,hit,16.0,hit,220.0,hit,5.050000000000068,0,False,False,False,False,,10.0,472,True,True,True,True,,10.0,472,True,True,True,True,,10.0,829,True,True,True,True,,1.0,2026-06-08T09:32:00-04:00,2.5,4847.040000000137,,,,,,,,,2.0,2026-06-08T09:33:00-04:00,6.7999999999999545,-3752.9599999997718,1605.0,2026-06-09T12:16:00-04:00,0.650000000000091,8547.039999999955,,,,,,,,,1606.0,2026-06-09T12:17:00-04:00,4.449999999999818,947.0400000005009,1605.0,2026-06-09T12:16:00-04:00,0.650000000000091,8547.039999999955,,,,,,,,,1606.0,2026-06-09T12:17:00-04:00,4.449999999999818,947.0400000005009,3245.0,2026-06-10T15:36:00-04:00,0.2999999999999545,9247.040000000228,,,,,,,,,,,,,3483
2026-06-08,2026-06-11,3,6.0,2026-06-08T09:31:00-04:00,5.9500000000000455,NDXP  260611P29820000,NDXP  260611P29810000,final_holdout,False,False,0,0,0,235,0,1369,available,False,2026-06-08T09:31:00-04:00,2026-06-11T15:59:00-04:00,10.0,-8252.959999999908,1.0,last_observed_quote_not_settlement,1036.0,930,184,5.949999999999989,-252.9599999998856,2026-06-08T09:32:00-04:00,0.0,6.0499999999999545,-452.9599999998174,2026-06-08T09:33:00-04:00,0.0,8.5,-5352.95999999991,2026-06-08T09:36:00-04:00,0.0,4.75,2147.040000000092,2026-06-08T09:41:00-04:00,0.0,6.149999999999977,-652.9599999998629,2026-06-08T09:46:00-04:00,0.0,7.7000000000000455,-3752.959999999999,2026-06-08T10:01:00-04:00,0.0,6.4500000000000455,-1252.9599999999994,2026-06-08T10:31:00-04:00,0.0,5.949999999999932,-252.95999999977192,2026-06-08T11:31:00-04:00,0.0,6.75,-1852.9599999999084,2026-06-08T16:00:00-04:00,0.0,8.5,-5352.95999999991,2026-06-09T16:00:00-04:00,0.0,3.850000000000364,3947.039999999364,2026-06-10T16:00:00-04:00,0.0,,,2026-06-11T15:59:00-04:00,60.0,4.0,hit,4.0,hit,1441.0,hit,1441.0,hit,1631.0,hit,1631.0,hit,1631.0,hit,5.0,hit,5.0,hit,5.0,hit,5.0,hit,346.0,hit,357.0,hit,9.75,225,True,True,True,True,,9.75,345,True,True,True,True,,9.75,345,True,True,True,True,,9.75,345,True,True,True,True,,1441.0,2026-06-09T09:32:00-04:00,2.8500000000000227,5947.040000000046,3271.0,2026-06-10T16:02:00-04:00,0.0,11647.040000000092,3272.0,2026-06-10T16:03:00-04:00,0.0,11647.040000000092,1442.0,2026-06-09T09:33:00-04:00,5.800000000000011,47.04000000006892,1631.0,2026-06-09T12:42:00-04:00,0.0500000000001819,11547.039999999728,3271.0,2026-06-10T16:02:00-04:00,0.0,11647.040000000092,3272.0,2026-06-10T16:03:00-04:00,0.0,11647.040000000092,,,,,1631.0,2026-06-09T12:42:00-04:00,0.0500000000001819,11547.039999999728,3271.0,2026-06-10T16:02:00-04:00,0.0,11647.040000000092,3272.0,2026-06-10T16:03:00-04:00,0.0,11647.040000000092,,,,,1631.0,2026-06-09T12:42:00-04:00,0.0500000000001819,11547.039999999728,3271.0,2026-06-10T16:02:00-04:00,0.0,11647.040000000092,3272.0,2026-06-10T16:03:00-04:00,0.0,11647.040000000092,,,,,3484
2026-06-08,2026-06-11,3,7.0,2026-06-08T09:31:00-04:00,7.099999999999966,NDXP  260611P29730000,NDXP  260611P29720000,final_holdout,False,False,0,0,1,218,0,1386,available,False,2026-06-08T09:31:00-04:00,2026-06-11T16:00:00-04:00,7.300000000000011,-652.9600000000903,0.0,last_observed_quote_not_settlement,1038.0,728,108,4.600000000000023,4747.039999999887,2026-06-08T09:32:00-04:00,0.0,5.75,2447.0399999999327,2026-06-08T09:33:00-04:00,0.0,2.75,8447.039999999934,2026-06-08T09:36:00-04:00,0.0,6.850000000000023,247.039999999887,2026-06-08T09:41:00-04:00,0.0,5.800000000000011,2347.03999999991,2026-06-08T09:46:00-04:00,0.0,7.149999999999977,-352.96000000002203,2026-06-08T10:01:00-04:00,0.0,7.050000000000011,-152.96000000009025,2026-06-08T10:31:00-04:00,0.0,4.75,4447.039999999933,2026-06-08T11:31:00-04:00,0.0,5.9500000000000455,2047.0399999998417,2026-06-08T16:00:00-04:00,0.0,8.649999999999977,-3352.9600000000237,2026-06-09T16:00:00-04:00,0.0,9.900000000000091,-5852.960000000251,2026-06-10T16:00:00-04:00,0.0,7.300000000000011,-652.9600000000903,2026-06-11T16:00:00-04:00,0.0,1.0,hit,1.0,hit,5.0,hit,5.0,hit,1583.0,hit,1649.0,hit,3275.0,hit,29.0,hit,31.0,hit,0.0,hit,31.0,hit,1538.0,hit,1560.0,hit,7.099999999999966,0,True,False,False,False,,9.899999999999977,73,True,True,True,True,,10.0,113,True,True,True,True,,10.0,522,True,True,True,True,,5.0,2026-06-08T09:36:00-04:00,2.75,8447.039999999934,3276.0,2026-06-10T16:07:00-04:00,0.0,13947.039999999934,3277.0,2026-06-10T16:08:00-04:00,0.0,13947.039999999934,6.0,2026-06-08T09:37:00-04:00,5.5,2947.0399999999327,1583.0,2026-06-09T11:54:00-04:00,1.8999999999998636,10147.040000000206,3276.0,2026-06-10T16:07:00-04:00,0.0,13947.039999999934,3277.0,2026-06-10T16:08:00-04:00,0.0,13947.039999999934,1584.0,2026-06-09T11:55:00-04:00,7.899999999999864,-1852.9599999997947,3275.0,2026-06-10T16:06:00-04:00,0.0,13947.039999999934,3276.0,2026-06-10T16:07:00-04:00,0.0,13947.039999999934,3277.0,2026-06-10T16:08:00-04:00,0.0,13947.039999999934,3276.0,2026-06-10T16:07:00-04:00,0.0,13947.039999999934,3275.0,2026-06-10T16:06:00-04:00,0.0,13947.039999999934,3276.0,2026-06-10T16:07:00-04:00,0.0,13947.039999999934,3277.0,2026-06-10T16:08:00-04:00,0.0,13947.039999999934,3276.0,2026-06-10T16:07:00-04:00,0.0,13947.039999999934,3485
2026-06-09,2026-06-11,2,5.0,2026-06-09T09:31:00-04:00,5.0,NDXP  260611P29820000,NDXP  260611P29810000,final_holdout,False,False,0,0,0,234,0,965,available,False,2026-06-09T09:31:00-04:00,2026-06-11T15:59:00-04:00,10.0,-10152.96,1.0,last_observed_quote_not_settlement,1036.0,743,44,2.8500000000000227,4047.0399999999554,2026-06-09T09:32:00-04:00,0.0,5.800000000000011,-1852.960000000022,2026-06-09T09:33:00-04:00,0.0,5.75,-1752.9599999999994,2026-06-09T09:36:00-04:00,0.0,,,2026-06-09T09:40:00-04:00,60.0,5.0,-252.9599999999993,2026-06-09T09:46:00-04:00,0.0,5.899999999999977,-2052.9599999999537,2026-06-09T10:01:00-04:00,0.0,6.2000000000000455,-2652.96000000009,2026-06-09T10:31:00-04:00,0.0,8.600000000000136,-7452.960000000274,2026-06-09T11:31:00-04:00,0.0,8.5,-7252.960000000001,2026-06-09T16:00:00-04:00,0.0,3.850000000000364,2047.0399999992733,2026-06-10T16:00:00-04:00,0.0,,,2026-06-11T15:59:00-04:00,60.0,,,,,0.0,hit,0.0,hit,1.0,hit,1.0,hit,191.0,hit,191.0,hit,191.0,hit,2.0,hit,9.0,hit,9.0,hit,50.0,hit,104.0,hit,104.0,hit,5.0,0,False,False,False,False,,9.700000000000045,146,True,True,True,True,,9.700000000000045,146,True,True,True,True,,9.700000000000045,146,True,True,True,True,,1.0,2026-06-09T09:32:00-04:00,2.8500000000000227,4047.0399999999554,1831.0,2026-06-10T16:02:00-04:00,0.0,9747.04,1832.0,2026-06-10T16:03:00-04:00,0.0,9747.04,2.0,2026-06-09T09:33:00-04:00,5.800000000000011,-1852.960000000022,191.0,2026-06-09T12:42:00-04:00,0.0500000000001819,9647.039999999637,1831.0,2026-06-10T16:02:00-04:00,0.0,9747.04,1832.0,2026-06-10T16:03:00-04:00,0.0,9747.04,,,,,191.0,2026-06-09T12:42:00-04:00,0.0500000000001819,9647.039999999637,1831.0,2026-06-10T16:02:00-04:00,0.0,9747.04,1832.0,2026-06-10T16:03:00-04:00,0.0,9747.04,,,,,191.0,2026-06-09T12:42:00-04:00,0.0500000000001819,9647.039999999637,1831.0,2026-06-10T16:02:00-04:00,0.0,9747.04,1832.0,2026-06-10T16:03:00-04:00,0.0,9747.04,,,,,3486
2026-06-09,2026-06-11,2,6.0,2026-06-09T09:31:00-04:00,6.0,NDXP  260611P29860000,NDXP  260611P29850000,final_holdout,False,False,0,0,2,277,0,920,available,False,2026-06-09T09:31:00-04:00,2026-06-11T15:58:00-04:00,7.900000000000034,-4052.9600000000673,2.0,last_observed_quote_not_settlement,1036.0,675,65,5.199999999999932,1347.040000000137,2026-06-09T09:32:00-04:00,0.0,4.699999999999989,2347.0400000000236,2026-06-09T09:33:00-04:00,0.0,5.300000000000011,1147.039999999978,2026-06-09T09:36:00-04:00,0.0,5.850000000000023,47.039999999955235,2026-06-09T09:41:00-04:00,0.0,5.199999999999989,1347.0400000000234,2026-06-09T09:46:00-04:00,0.0,7.899999999999977,-4052.9599999999537,2026-06-09T10:01:00-04:00,0.0,7.5,-3252.959999999999,2026-06-09T10:31:00-04:00,0.0,9.0,-6252.960000000001,2026-06-09T11:31:00-04:00,0.0,9.399999999999977,-7052.9599999999555,2026-06-09T16:00:00-04:00,0.0,10.0,-8152.96,2026-06-10T16:00:00-04:00,0.0,,,2026-06-11T15:58:00-04:00,120.0,,,,,1.0,hit,2.0,hit,22.0,hit,56.0,hit,56.0,hit,1543.0,hit,1543.0,hit,4.0,hit,4.0,hit,4.0,hit,6.0,hit,73.0,hit,73.0,hit,8.649999999999977,32,True,True,False,False,,8.649999999999977,32,True,True,False,False,,9.950000000000273,350,True,True,True,True,,9.950000000000273,350,True,True,True,True,,56.0,2026-06-09T10:27:00-04:00,1.0499999999999545,9647.040000000092,,,,,,,,,57.0,2026-06-09T10:28:00-04:00,4.600000000000023,2547.0399999999554,56.0,2026-06-09T10:27:00-04:00,1.0499999999999545,9647.040000000092,,,,,,,,,57.0,2026-06-09T10:28:00-04:00,4.600000000000023,2547.0399999999554,1543.0,2026-06-10T11:14:00-04:00,0.4500000000000455,10847.03999999991,,,,,,,,,,,,,1771.0,2026-06-10T15:02:00-04:00,0.40000000000009095,10947.039999999819,,,,,,,,,1772.0,2026-06-10T15:03:00-04:00,8.449999999999818,-5152.959999999637,3487
2026-06-09,2026-06-11,2,7.0,2026-06-09T09:31:00-04:00,7.0499999999999545,NDXP  260611P30520000,NDXP  260611P30510000,final_holdout,False,False,0,0,15,312,0,820,available,False,2026-06-09T09:31:00-04:00,2026-06-11T15:58:00-04:00,10.0,-6052.960000000091,2.0,last_observed_quote_not_settlement,1037.0,537,96,9.399999999999977,-4952.960000000046,2026-06-09T09:32:00-04:00,0.0,9.5,-5152.960000000092,2026-06-09T09:33:00-04:00,0.0,9.350000000000023,-4852.960000000137,2026-06-09T09:36:00-04:00,0.0,7.550000000000068,-1252.9600000002267,2026-06-09T09:41:00-04:00,0.0,8.200000000000045,-2552.960000000183,2026-06-09T09:46:00-04:00,0.0,,,2026-06-09T10:00:00-04:00,60.0,9.599999999999909,-5352.95999999991,2026-06-09T10:31:00-04:00,0.0,9.900000000000091,-5952.960000000274,2026-06-09T11:31:00-04:00,0.0,7.549999999999727,-1252.9599999995446,2026-06-09T16:00:00-04:00,0.0,10.0,-6052.960000000091,2026-06-10T16:00:00-04:00,0.0,,,2026-06-11T15:58:00-04:00,120.0,,,,,101.0,hit,101.0,hit,101.0,hit,148.0,hit,149.0,hit,191.0,hit,191.0,hit,1.0,hit,1.0,hit,0.0,hit,1.0,hit,1.0,hit,2.0,hit,10.0,97,True,True,True,True,,10.0,97,True,True,True,True,,10.0,102,True,True,True,True,,10.0,102,True,True,True,True,,148.0,2026-06-09T11:59:00-04:00,2.2999999999999545,9247.04,149.0,2026-06-09T12:00:00-04:00,1.699999999999818,10447.040000000274,2979.0,2026-06-11T11:10:00-04:00,0.0,13847.03999999991,149.0,2026-06-09T12:00:00-04:00,1.699999999999818,10447.040000000274,149.0,2026-06-09T12:00:00-04:00,1.699999999999818,10447.040000000274,2882.0,2026-06-11T09:33:00-04:00,0.0,13847.03999999991,2979.0,2026-06-11T11:10:00-04:00,0.0,13847.03999999991,150.0,2026-06-09T12:01:00-04:00,5.349999999999909,3147.040000000092,191.0,2026-06-09T12:42:00-04:00,0.1500000000005457,13547.039999998819,2882.0,2026-06-11T09:33:00-04:00,0.0,13847.03999999991,2979.0,2026-06-11T11:10:00-04:00,0.0,13847.03999999991,192.0,2026-06-09T12:43:00-04:00,9.949999999999818,-6052.959999999728,191.0,2026-06-09T12:42:00-04:00,0.1500000000005457,13547.039999998819,2882.0,2026-06-11T09:33:00-04:00,0.0,13847.03999999991,2979.0,2026-06-11T11:10:00-04:00,0.0,13847.03999999991,192.0,2026-06-09T12:43:00-04:00,9.949999999999818,-6052.959999999728,3488
2026-06-09,2026-06-12,3,5.0,2026-06-09T09:31:00-04:00,5.0,NDXP  260612P29830000,NDXP  260612P29820000,final_holdout,False,False,0,0,1,166,0,1437,available,False,2026-06-09T09:31:00-04:00,2026-06-12T16:00:00-04:00,10.0,-10152.96,0.0,last_observed_quote_not_settlement,1038.0,1241,72,5.149999999999977,-552.9599999999539,2026-06-09T09:32:00-04:00,0.0,5.0,-252.9599999999993,2026-06-09T09:33:00-04:00,0.0,5.199999999999989,-652.9599999999766,2026-06-09T09:36:00-04:00,0.0,5.850000000000023,-1952.9600000000448,2026-06-09T09:41:00-04:00,0.0,4.649999999999977,447.0400000000462,2026-06-09T09:46:00-04:00,0.0,5.850000000000023,-1952.9600000000448,2026-06-09T10:01:00-04:00,0.0,6.7999999999999545,-3852.959999999908,2026-06-09T10:31:00-04:00,0.0,9.149999999999977,-8552.959999999955,2026-06-09T11:31:00-04:00,0.0,7.600000000000023,-5452.960000000045,2026-06-09T16:00:00-04:00,0.0,9.549999999999727,-9352.959999999455,2026-06-10T16:00:00-04:00,0.0,6.050000000000068,-2352.9600000001356,2026-06-11T16:00:00-04:00,0.0,10.0,-10152.96,2026-06-12T16:00:00-04:00,0.0,0.0,hit,0.0,hit,37.0,hit,37.0,hit,1830.0,hit,1830.0,hit,1833.0,hit,4.0,hit,4.0,hit,34.0,hit,39.0,hit,120.0,hit,187.0,hit,7.0,23,True,False,False,False,,9.999999999999886,596,True,True,True,True,,9.999999999999886,596,True,True,True,True,,9.999999999999886,597,True,True,True,True,,37.0,2026-06-09T10:08:00-04:00,2.3000000000000114,5147.039999999978,1834.0,2026-06-10T16:05:00-04:00,0.0,9747.04,,,,,,,,,1830.0,2026-06-10T16:01:00-04:00,1.0,7747.040000000001,1834.0,2026-06-10T16:05:00-04:00,0.0,9747.04,,,,,1831.0,2026-06-10T16:02:00-04:00,5.099999999999909,-452.9599999998174,1833.0,2026-06-10T16:04:00-04:00,0.2999999999999545,9147.040000000092,1834.0,2026-06-10T16:05:00-04:00,0.0,9747.04,,,,,1834.0,2026-06-10T16:05:00-04:00,0.0,9747.04,1833.0,2026-06-10T16:04:00-04:00,0.2999999999999545,9147.040000000092,1834.0,2026-06-10T16:05:00-04:00,0.0,9747.04,,,,,1834.0,2026-06-10T16:05:00-04:00,0.0,9747.04,3489
2026-06-09,2026-06-12,3,6.0,2026-06-09T09:31:00-04:00,6.0499999999999545,NDXP  260612P29990000,NDXP  260612P29980000,final_holdout,False,False,0,0,4,240,0,1355,available,False,2026-06-09T09:31:00-04:00,2026-06-12T16:00:00-04:00,10.0,-8052.960000000091,0.0,last_observed_quote_not_settlement,1036.0,1082,110,6.650000000000034,-1452.9600000001585,2026-06-09T09:32:00-04:00,0.0,6.25,-652.9600000000903,2026-06-09T09:33:00-04:00,0.0,3.5500000000000114,4747.039999999887,2026-06-09T09:36:00-04:00,0.0,6.149999999999977,-452.9600000000448,2026-06-09T09:41:00-04:00,0.0,3.8500000000000227,4147.039999999864,2026-06-09T09:46:00-04:00,0.0,4.949999999999989,1947.0399999999324,2026-06-09T10:01:00-04:00,0.0,7.4500000000000455,-3052.960000000181,2026-06-09T10:31:00-04:00,0.0,8.850000000000136,-5852.960000000365,2026-06-09T11:31:00-04:00,0.0,8.449999999999932,-5052.9599999999555,2026-06-09T16:00:00-04:00,0.0,9.700000000000273,-7552.960000000638,2026-06-10T16:00:00-04:00,0.0,8.25,-4652.960000000092,2026-06-11T16:00:00-04:00,0.0,10.0,-8052.960000000091,2026-06-12T16:00:00-04:00,0.0,5.0,hit,5.0,hit,5.0,hit,149.0,hit,1651.0,hit,1651.0,hit,2882.0,hit,1.0,hit,13.0,hit,13.0,hit,43.0,hit,43.0,hit,78.0,hit,10.0,110,True,True,True,True,,10.0,426,True,True,True,True,,10.0,426,True,True,True,True,,10.0,544,True,True,True,True,,149.0,2026-06-09T12:00:00-04:00,2.199999999999818,7447.040000000274,3114.0,2026-06-11T13:25:00-04:00,2.949999999999818,5947.040000000274,,,,,150.0,2026-06-09T12:01:00-04:00,8.600000000000136,-5352.960000000365,1651.0,2026-06-10T13:02:00-04:00,0.5499999999997272,10747.040000000456,,,,,,,,,1652.0,2026-06-10T13:03:00-04:00,8.5,-5152.960000000092,1651.0,2026-06-10T13:02:00-04:00,0.5499999999997272,10747.040000000456,,,,,,,,,1652.0,2026-06-10T13:03:00-04:00,8.5,-5152.960000000092,2882.0,2026-06-11T09:33:00-04:00,0.0,11847.03999999991,,,,,,,,,,,,,3490
2026-06-09,2026-06-12,3,7.0,2026-06-09T09:31:00-04:00,6.9500000000000455,NDXP  260612P30150000,NDXP  260612P30140000,final_holdout,False,False,0,0,4,331,0,1259,available,False,2026-06-09T09:31:00-04:00,2026-06-12T16:00:00-04:00,6.399999999999977,847.0400000001371,0.0,last_observed_quote_not_settlement,1039.0,920,115,7.199999999999818,-752.9599999995446,2026-06-09T09:32:00-04:00,0.0,7.099999999999909,-552.9599999997265,2026-06-09T09:33:00-04:00,0.0,6.449999999999932,747.040000000228,2026-06-09T09:36:00-04:00,0.0,7.349999999999909,-1052.9599999997265,2026-06-09T09:41:00-04:00,0.0,5.300000000000011,3047.040000000069,2026-06-09T09:46:00-04:00,0.0,7.449999999999932,-1252.959999999772,2026-06-09T10:01:00-04:00,0.0,8.199999999999932,-2752.9599999997736,2026-06-09T10:31:00-04:00,0.0,9.450000000000273,-5252.960000000456,2026-06-09T11:31:00-04:00,0.0,7.100000000000136,-552.9600000001813,2026-06-09T16:00:00-04:00,0.0,,,2026-06-10T15:58:00-04:00,120.0,,,2026-06-11T15:59:00-04:00,60.0,6.399999999999977,847.0400000001371,2026-06-12T16:00:00-04:00,0.0,15.0,hit,17.0,hit,17.0,hit,123.0,hit,146.0,hit,146.0,hit,188.0,hit,11.0,hit,12.0,hit,1.0,hit,12.0,hit,50.0,hit,67.0,hit,9.75,94,True,True,True,True,,9.75,100,True,True,True,True,,9.75,100,True,True,True,True,,9.949999999999818,118,True,True,True,True,,123.0,2026-06-09T11:34:00-04:00,2.7000000000000455,8247.04,,,,,,,,,,,,,146.0,2026-06-09T11:57:00-04:00,0.9500000000002728,11747.039999999546,,,,,,,,,147.0,2026-06-09T11:58:00-04:00,5.2999999999999545,3047.0400000001828,188.0,2026-06-09T12:39:00-04:00,0.0,13647.040000000092,,,,,,,,,,,,,188.0,2026-06-09T12:39:00-04:00,0.0,13647.040000000092,,,,,,,,,,,,,3491
2026-06-10,2026-06-12,2,5.0,2026-06-10T09:31:00-04:00,5.0,NDXP  260612P29280000,NDXP  260612P29270000,final_holdout,False,False,0,0,6,27,0,1160,available,False,2026-06-10T09:31:00-04:00,2026-06-12T15:48:00-04:00,0.025000000000000022,9697.04,12.0,last_observed_quote_not_settlement,1036.0,646,92,6.649999999999977,-3552.9599999999537,2026-06-10T09:32:00-04:00,0.0,6.900000000000091,-4052.960000000181,2026-06-10T09:33:00-04:00,0.0,6.2999999999999545,-2852.959999999908,2026-06-10T09:36:00-04:00,0.0,7.5499999999999545,-5352.959999999908,2026-06-10T09:41:00-04:00,0.0,4.949999999999989,-152.95999999997656,2026-06-10T09:46:00-04:00,0.0,5.399999999999977,-1052.9599999999539,2026-06-10T10:01:00-04:00,0.0,5.399999999999977,-1052.9599999999539,2026-06-10T10:31:00-04:00,0.0,6.699999999999818,-3652.9599999996353,2026-06-10T11:31:00-04:00,0.0,8.600000000000023,-7452.960000000046,2026-06-10T16:00:00-04:00,0.0,2.3499999999999943,5047.040000000012,2026-06-11T16:00:00-04:00,0.0,,,2026-06-12T15:48:00-04:00,720.0,,,,,0.0,hit,0.0,hit,6.0,hit,20.0,hit,23.0,hit,23.0,hit,390.0,hit,1.0,hit,1.0,hit,4.0,hit,8.0,hit,81.0,hit,82.0,hit,8.950000000000045,14,True,True,False,False,,8.950000000000045,15,True,True,False,False,,8.950000000000045,15,True,True,False,False,,9.899999999999977,351,True,True,True,True,,20.0,2026-06-10T09:51:00-04:00,2.1499999999999773,5447.040000000046,391.0,2026-06-10T16:02:00-04:00,0.0,9747.04,392.0,2026-06-10T16:03:00-04:00,0.0,9747.04,21.0,2026-06-10T09:52:00-04:00,7.75,-5752.959999999999,23.0,2026-06-10T09:54:00-04:00,0.8999999999999773,7947.040000000046,391.0,2026-06-10T16:02:00-04:00,0.0,9747.04,392.0,2026-06-10T16:03:00-04:00,0.0,9747.04,24.0,2026-06-10T09:55:00-04:00,4.650000000000034,447.0399999999325,23.0,2026-06-10T09:54:00-04:00,0.8999999999999773,7947.040000000046,391.0,2026-06-10T16:02:00-04:00,0.0,9747.04,392.0,2026-06-10T16:03:00-04:00,0.0,9747.04,24.0,2026-06-10T09:55:00-04:00,4.650000000000034,447.0399999999325,390.0,2026-06-10T16:01:00-04:00,0.0,9747.04,391.0,2026-06-10T16:02:00-04:00,0.0,9747.04,392.0,2026-06-10T16:03:00-04:00,0.0,9747.04,391.0,2026-06-10T16:02:00-04:00,0.0,9747.04,3492
2026-06-10,2026-06-12,2,6.0,2026-06-10T09:31:00-04:00,5.949999999999989,NDXP  260612P29170000,NDXP  260612P29160000,final_holdout,False,False,0,0,4,37,0,1141,available,False,2026-06-10T09:31:00-04:00,2026-06-12T15:40:00-04:00,0.04999999999999999,11547.039999999979,20.0,last_observed_quote_not_settlement,1036.0,441,152,4.600000000000023,2447.0399999999327,2026-06-10T09:32:00-04:00,0.0,5.899999999999977,-152.95999999997656,2026-06-10T09:33:00-04:00,0.0,8.450000000000045,-5252.960000000115,2026-06-10T09:36:00-04:00,0.0,5.550000000000068,547.0399999998415,2026-06-10T09:41:00-04:00,0.0,4.7999999999999545,2047.040000000069,2026-06-10T09:46:00-04:00,0.0,5.399999999999977,847.0400000000234,2026-06-10T10:01:00-04:00,0.0,4.800000000000068,2047.0399999998417,2026-06-10T10:31:00-04:00,0.0,6.4500000000000455,-1252.960000000113,2026-06-10T11:31:00-04:00,0.0,7.4500000000000455,-3252.960000000113,2026-06-10T16:00:00-04:00,0.0,3.4000000000000057,4847.039999999966,2026-06-11T16:00:00-04:00,0.0,,,2026-06-12T15:40:00-04:00,1200.0,,,,,1.0,hit,1.0,hit,11.0,hit,1695.0,hit,1807.0,hit,2969.0,hit,2992.0,hit,3.0,hit,3.0,hit,3.0,hit,5.0,hit,9.0,hit,9.0,hit,9.699999999999818,441,True,True,True,True,,9.699999999999818,441,True,True,True,True,,9.699999999999818,441,True,True,True,True,,9.699999999999818,441,True,True,True,True,,1695.0,2026-06-11T13:46:00-04:00,2.6000000000000227,6447.039999999933,1803.0,2026-06-11T15:34:00-04:00,2.549999999999983,6547.040000000012,1804.0,2026-06-11T15:35:00-04:00,2.8499999999999943,5947.039999999989,1696.0,2026-06-11T13:47:00-04:00,4.300000000000011,3047.0399999999554,2917.0,2026-06-12T10:08:00-04:00,1.5499999999999972,8547.039999999985,2918.0,2026-06-12T10:09:00-04:00,1.8499999999999943,7947.039999999989,2919.0,2026-06-12T10:10:00-04:00,1.75,8147.039999999978,2918.0,2026-06-12T10:09:00-04:00,1.8499999999999943,7947.039999999989,2970.0,2026-06-12T11:01:00-04:00,0.8500000000000014,9947.039999999975,2971.0,2026-06-12T11:02:00-04:00,0.9499999999999993,9747.03999999998,2980.0,2026-06-12T11:11:00-04:00,0.8499999999999979,9947.039999999983,2971.0,2026-06-12T11:02:00-04:00,0.9499999999999993,9747.03999999998,2994.0,2026-06-12T11:25:00-04:00,0.4499999999999993,10747.03999999998,3079.0,2026-06-12T12:50:00-04:00,0.3999999999999986,10847.03999999998,3080.0,2026-06-12T12:51:00-04:00,0.40000000000000036,10847.039999999979,2995.0,2026-06-12T11:26:00-04:00,0.45000000000000107,10747.039999999977,3493
2026-06-10,2026-06-12,2,7.0,2026-06-10T09:31:00-04:00,7.0,NDXP  260612P29430000,NDXP  260612P29420000,final_holdout,False,False,0,0,5,23,0,1166,available,False,2026-06-10T09:31:00-04:00,2026-06-12T15:48:00-04:00,0.12499999999999989,13497.04,12.0,last_observed_quote_not_settlement,1036.0,473,164,9.200000000000045,-4652.960000000092,2026-06-10T09:32:00-04:00,0.0,7.2000000000000455,-652.9600000000903,2026-06-10T09:33:00-04:00,0.0,,,2026-06-10T09:35:00-04:00,60.0,7.2000000000000455,-652.9600000000903,2026-06-10T09:41:00-04:00,0.0,6.300000000000068,1147.0399999998642,2026-06-10T09:46:00-04:00,0.0,6.7000000000000455,347.03999999990975,2026-06-10T10:01:00-04:00,0.0,6.649999999999977,447.0400000000462,2026-06-10T10:31:00-04:00,0.0,6.350000000000023,1047.0399999999552,2026-06-10T11:31:00-04:00,0.0,8.350000000000023,-2952.9600000000464,2026-06-10T16:00:00-04:00,0.0,3.799999999999983,6147.0400000000345,2026-06-11T16:00:00-04:00,0.0,,,2026-06-12T15:48:00-04:00,720.0,,,,,9.0,hit,9.0,hit,24.0,hit,27.0,hit,380.0,hit,380.0,hit,380.0,hit,1.0,hit,1.0,hit,0.0,hit,1.0,hit,1.0,hit,36.0,hit,9.200000000000045,10,True,True,True,True,,10.0,246,True,True,True,True,,10.0,246,True,True,True,True,,10.0,246,True,True,True,True,,69.0,2026-06-10T10:40:00-04:00,2.5500000000000114,8647.039999999979,2968.0,2026-06-12T10:59:00-04:00,2.9000000000000057,7947.039999999989,2972.0,2026-06-12T11:03:00-04:00,2.9000000000000057,7947.039999999989,70.0,2026-06-10T10:41:00-04:00,5.0,3747.040000000001,380.0,2026-06-10T15:51:00-04:00,0.0,13747.04,2988.0,2026-06-12T11:19:00-04:00,1.75,10247.04,2989.0,2026-06-12T11:20:00-04:00,1.75,10247.04,381.0,2026-06-10T15:52:00-04:00,8.200000000000045,-2652.960000000092,380.0,2026-06-10T15:51:00-04:00,0.0,13747.04,3097.0,2026-06-12T13:08:00-04:00,0.9000000000000004,11947.04,3107.0,2026-06-12T13:18:00-04:00,0.9000000000000004,11947.04,381.0,2026-06-10T15:52:00-04:00,8.200000000000045,-2652.960000000092,380.0,2026-06-10T15:51:00-04:00,0.0,13747.04,3189.0,2026-06-12T14:40:00-04:00,0.34999999999999964,13047.040000000003,3190.0,2026-06-12T14:41:00-04:00,0.30000000000000027,13147.04,381.0,2026-06-10T15:52:00-04:00,8.200000000000045,-2652.960000000092,3494
2026-06-12,2026-06-15,3,5.0,2026-06-12T09:31:00-04:00,5.0,NDXP  260615P29440000,NDXP  260615P29430000,final_holdout,False,False,0,0,4,28,0,646,available,False,2026-06-12T09:31:00-04:00,2026-06-15T14:19:00-04:00,0.0,9747.04,101.0,last_observed_quote_not_settlement,3916.0,20,12,4.5,747.0400000000006,2026-06-12T09:32:00-04:00,0.0,5.25,-752.9599999999994,2026-06-12T09:33:00-04:00,0.0,5.25,-752.9599999999994,2026-06-12T09:36:00-04:00,0.0,5.600000000000023,-1452.9600000000448,2026-06-12T09:41:00-04:00,0.0,6.0,-2252.959999999999,2026-06-12T09:46:00-04:00,0.0,4.5,747.0400000000006,2026-06-12T10:01:00-04:00,0.0,4.0,1747.0400000000006,2026-06-12T10:31:00-04:00,0.0,3.0,3747.040000000001,2026-06-12T11:31:00-04:00,0.0,3.200000000000017,3347.0399999999668,2026-06-12T16:00:00-04:00,0.0,,,2026-06-12T16:15:00-04:00,85500.0,,,2026-06-12T16:15:00-04:00,171900.0,,,2026-06-15T14:19:00-04:00,6060.0,0.0,hit,0.0,hit,37.0,hit,107.0,hit,4320.0,hit,4320.0,hit,4320.0,hit,3.0,hit,11.0,hit,,never_hit,,never_hit,,never_hit,,never_hit,6.0,20,False,False,False,False,,6.0,20,False,False,False,False,,6.0,20,False,False,False,False,,6.0,20,False,False,False,False,,107.0,2026-06-12T11:18:00-04:00,2.8499999999999943,4047.040000000012,116.0,2026-06-12T11:27:00-04:00,2.75,4247.040000000001,229.0,2026-06-12T13:20:00-04:00,2.8000000000000114,4147.039999999978,108.0,2026-06-12T11:19:00-04:00,3.0999999999999943,3547.0400000000122,4320.0,2026-06-15T09:31:00-04:00,0.10000000000000009,9547.04,4321.0,2026-06-15T09:32:00-04:00,0.10000000000000009,9547.04,4322.0,2026-06-15T09:33:00-04:00,0.7000000000000002,8347.04,4321.0,2026-06-15T09:32:00-04:00,0.10000000000000009,9547.04,4320.0,2026-06-15T09:31:00-04:00,0.10000000000000009,9547.04,4321.0,2026-06-15T09:32:00-04:00,0.10000000000000009,9547.04,4322.0,2026-06-15T09:33:00-04:00,0.7000000000000002,8347.04,4321.0,2026-06-15T09:32:00-04:00,0.10000000000000009,9547.04,4320.0,2026-06-15T09:31:00-04:00,0.10000000000000009,9547.04,4321.0,2026-06-15T09:32:00-04:00,0.10000000000000009,9547.04,4326.0,2026-06-15T09:37:00-04:00,0.02499999999999991,9697.04,4321.0,2026-06-15T09:32:00-04:00,0.10000000000000009,9547.04,3495
2026-06-12,2026-06-15,3,6.0,2026-06-12T09:31:00-04:00,6.0,NDXP  260615P29650000,NDXP  260615P29640000,final_holdout,False,False,0,0,23,6,0,686,available,False,2026-06-12T09:31:00-04:00,2026-06-15T14:33:00-04:00,2.7755575615628914e-17,11747.04,87.0,last_observed_quote_not_settlement,3916.0,27,20,5.850000000000023,47.039999999955235,2026-06-12T09:32:00-04:00,0.0,5.399999999999977,947.0400000000461,2026-06-12T09:33:00-04:00,0.0,5.850000000000023,47.039999999955235,2026-06-12T09:36:00-04:00,0.0,4.849999999999966,2047.040000000069,2026-06-12T09:41:00-04:00,0.0,7.199999999999932,-2652.9599999998627,2026-06-12T09:46:00-04:00,0.0,5.5,747.0400000000006,2026-06-12T10:01:00-04:00,0.0,5.550000000000011,647.0399999999779,2026-06-12T10:31:00-04:00,0.0,4.199999999999989,3347.0400000000236,2026-06-12T11:31:00-04:00,0.0,3.599999999999966,4547.040000000069,2026-06-12T16:00:00-04:00,0.0,,,2026-06-12T16:15:00-04:00,85500.0,,,2026-06-12T16:15:00-04:00,171900.0,,,2026-06-15T14:33:00-04:00,5220.0,2.0,hit,8.0,hit,82.0,hit,4320.0,hit,4320.0,hit,4320.0,hit,4320.0,hit,3.0,hit,12.0,hit,12.0,hit,23.0,hit,,never_hit,,never_hit,8.899999999999977,27,True,True,False,False,,8.899999999999977,27,True,True,False,False,,8.899999999999977,27,True,True,False,False,,8.899999999999977,27,True,True,False,False,,4320.0,2026-06-15T09:31:00-04:00,0.04999999999999982,11647.040000000003,4321.0,2026-06-15T09:32:00-04:00,0.35000000000000053,11047.04,4322.0,2026-06-15T09:33:00-04:00,0.05000000000000071,11647.04,4321.0,2026-06-15T09:32:00-04:00,0.35000000000000053,11047.04,4320.0,2026-06-15T09:31:00-04:00,0.04999999999999982,11647.040000000003,4321.0,2026-06-15T09:32:00-04:00,0.35000000000000053,11047.04,4322.0,2026-06-15T09:33:00-04:00,0.05000000000000071,11647.04,4321.0,2026-06-15T09:32:00-04:00,0.35000000000000053,11047.04,4320.0,2026-06-15T09:31:00-04:00,0.04999999999999982,11647.040000000003,4321.0,2026-06-15T09:32:00-04:00,0.35000000000000053,11047.04,4322.0,2026-06-15T09:33:00-04:00,0.05000000000000071,11647.04,4321.0,2026-06-15T09:32:00-04:00,0.35000000000000053,11047.04,4320.0,2026-06-15T09:31:00-04:00,0.04999999999999982,11647.040000000003,4321.0,2026-06-15T09:32:00-04:00,0.35000000000000053,11047.04,4322.0,2026-06-15T09:33:00-04:00,0.05000000000000071,11647.04,4321.0,2026-06-15T09:32:00-04:00,0.35000000000000053,11047.04,3496
2026-06-12,2026-06-15,3,7.0,2026-06-12T09:31:00-04:00,7.0,NDXP  260615P29810000,NDXP  260615P29800000,final_holdout,False,False,0,0,28,16,0,697,available,False,2026-06-12T09:31:00-04:00,2026-06-15T14:31:00-04:00,0.15000000000000002,13447.04,89.0,last_observed_quote_not_settlement,3916.0,37,25,7.399999999999977,-1052.9599999999539,2026-06-12T09:32:00-04:00,0.0,9.800000000000068,-5852.960000000137,2026-06-12T09:33:00-04:00,0.0,6.949999999999932,-152.95999999986287,2026-06-12T09:36:00-04:00,0.0,1.900000000000091,9947.039999999819,2026-06-12T09:41:00-04:00,0.0,7.4500000000000455,-1152.9600000000903,2026-06-12T09:46:00-04:00,0.0,6.800000000000068,147.03999999986428,2026-06-12T10:01:00-04:00,0.0,6.300000000000011,1147.039999999978,2026-06-12T10:31:00-04:00,0.0,5.0,3747.040000000001,2026-06-12T11:31:00-04:00,0.0,5.800000000000011,2147.039999999978,2026-06-12T16:00:00-04:00,0.0,,,2026-06-12T16:15:00-04:00,85500.0,,,2026-06-12T16:15:00-04:00,171900.0,,,2026-06-15T14:31:00-04:00,5340.0,9.0,hit,9.0,hit,9.0,hit,10.0,hit,10.0,hit,4320.0,hit,4320.0,hit,2.0,hit,2.0,hit,0.0,hit,2.0,hit,2.0,hit,2.0,hit,9.800000000000068,6,True,True,True,True,,9.800000000000068,6,True,True,True,True,,9.800000000000068,37,True,True,True,True,,9.800000000000068,37,True,True,True,True,,10.0,2026-06-12T09:41:00-04:00,1.900000000000091,9947.039999999819,4321.0,2026-06-15T09:32:00-04:00,0.3999999999999986,12947.040000000005,4322.0,2026-06-15T09:33:00-04:00,0.3500000000000014,13047.039999999999,11.0,2026-06-12T09:42:00-04:00,6.600000000000023,547.0399999999552,10.0,2026-06-12T09:41:00-04:00,1.900000000000091,9947.039999999819,4321.0,2026-06-15T09:32:00-04:00,0.3999999999999986,12947.040000000005,4322.0,2026-06-15T09:33:00-04:00,0.3500000000000014,13047.039999999999,11.0,2026-06-12T09:42:00-04:00,6.600000000000023,547.0399999999552,4320.0,2026-06-15T09:31:00-04:00,0.4499999999999993,12847.040000000003,4321.0,2026-06-15T09:32:00-04:00,0.3999999999999986,12947.040000000005,4322.0,2026-06-15T09:33:00-04:00,0.3500000000000014,13047.039999999999,4321.0,2026-06-15T09:32:00-04:00,0.3999999999999986,12947.040000000005,4320.0,2026-06-15T09:31:00-04:00,0.4499999999999993,12847.040000000003,4321.0,2026-06-15T09:32:00-04:00,0.3999999999999986,12947.040000000005,4322.0,2026-06-15T09:33:00-04:00,0.3500000000000014,13047.039999999999,4321.0,2026-06-15T09:32:00-04:00,0.3999999999999986,12947.040000000005,3497
2026-06-15,2026-06-17,2,5.0,2026-06-15T09:31:00-04:00,5.049999999999983,NDXP  260617P30150000,NDXP  260617P30140000,final_holdout,False,False,0,0,1,21,0,1178,available,False,2026-06-15T09:31:00-04:00,2026-06-17T15:57:00-04:00,9.950000000000045,-10052.960000000034,3.0,last_observed_quote_not_settlement,1036.0,303,74,3.1499999999999773,3547.0400000000122,2026-06-15T09:32:00-04:00,0.0,3.200000000000017,3447.0399999999327,2026-06-15T09:33:00-04:00,0.0,3.1500000000000057,3547.0399999999554,2026-06-15T09:36:00-04:00,0.0,3.1500000000000057,3547.0399999999554,2026-06-15T09:41:00-04:00,0.0,2.9499999999999886,3947.0399999999895,2026-06-15T09:46:00-04:00,0.0,3.0,3847.0399999999668,2026-06-15T10:01:00-04:00,0.0,2.4499999999999886,4947.039999999989,2026-06-15T10:31:00-04:00,0.0,2.1000000000000085,5647.03999999995,2026-06-15T11:31:00-04:00,0.0,1.9500000000000028,5947.039999999961,2026-06-15T16:00:00-04:00,0.0,5.7000000000000455,-1552.9600000001244,2026-06-16T16:00:00-04:00,0.0,,,2026-06-17T15:57:00-04:00,180.0,,,,,0.0,hit,1.0,hit,1.0,hit,11.0,hit,33.0,hit,393.0,hit,393.0,hit,1787.0,hit,2917.0,hit,3150.0,hit,3153.0,hit,3155.0,hit,3156.0,hit,5.049999999999983,0,False,False,False,False,,5.049999999999983,0,False,False,False,False,,5.049999999999983,0,False,False,False,False,,5.049999999999983,0,False,False,False,False,,11.0,2026-06-15T09:42:00-04:00,2.9000000000000057,4047.0399999999554,16.0,2026-06-15T09:47:00-04:00,2.8000000000000114,4247.039999999944,17.0,2026-06-15T09:48:00-04:00,2.849999999999966,4147.0400000000345,12.0,2026-06-15T09:43:00-04:00,3.1499999999999773,3547.0400000000122,33.0,2026-06-15T10:04:00-04:00,1.0500000000000114,7747.039999999944,157.0,2026-06-15T12:08:00-04:00,1.8999999999999773,6047.040000000012,164.0,2026-06-15T12:15:00-04:00,1.7000000000000028,6447.039999999961,34.0,2026-06-15T10:05:00-04:00,2.9000000000000057,4047.0399999999554,393.0,2026-06-15T16:04:00-04:00,0.29999999999998295,9247.04,,,,,,,,,394.0,2026-06-15T16:05:00-04:00,1.9499999999999886,5947.039999999989,393.0,2026-06-15T16:04:00-04:00,0.29999999999998295,9247.04,,,,,,,,,394.0,2026-06-15T16:05:00-04:00,1.9499999999999886,5947.039999999989,3498
2026-06-15,2026-06-17,2,6.0,2026-06-15T09:31:00-04:00,5.600000000000023,NDXP  260617P30530000,NDXP  260617P30520000,final_holdout,False,False,0,0,0,73,0,1127,available,False,2026-06-15T09:31:00-04:00,2026-06-17T16:00:00-04:00,0.0,10947.040000000046,0.0,last_observed_quote_not_settlement,1036.0,609,34,5.599999999999966,-252.9599999998856,2026-06-15T09:32:00-04:00,0.0,7.0499999999999545,-3152.9599999998627,2026-06-15T09:33:00-04:00,0.0,5.850000000000023,-752.9599999999994,2026-06-15T09:36:00-04:00,0.0,8.750000000000057,-6552.960000000069,2026-06-15T09:41:00-04:00,0.0,5.150000000000091,647.0399999998642,2026-06-15T09:46:00-04:00,0.0,5.4500000000000455,47.039999999955235,2026-06-15T10:01:00-04:00,0.0,5.0499999999999545,847.0400000001371,2026-06-15T10:31:00-04:00,0.0,4.200000000000017,2547.0400000000122,2026-06-15T11:31:00-04:00,0.0,4.400000000000006,2147.040000000035,2026-06-15T16:00:00-04:00,0.0,8.650000000000091,-6352.960000000137,2026-06-16T16:00:00-04:00,0.0,0.0,10947.040000000046,2026-06-17T16:00:00-04:00,0.0,,,,,6.0,hit,16.0,hit,148.0,hit,2909.0,hit,2909.0,hit,3268.0,hit,3268.0,hit,2.0,hit,2.0,hit,2.0,hit,10.0,hit,1572.0,hit,1580.0,hit,10.0,361,True,True,True,True,,10.0,361,True,True,True,True,,10.0,609,True,True,True,True,,10.0,609,True,True,True,True,,2909.0,2026-06-17T10:00:00-04:00,1.5499999999999545,7847.040000000137,3269.0,2026-06-17T16:00:00-04:00,0.0,10947.040000000046,,,,,,,,,2909.0,2026-06-17T10:00:00-04:00,1.5499999999999545,7847.040000000137,3269.0,2026-06-17T16:00:00-04:00,0.0,10947.040000000046,,,,,,,,,3268.0,2026-06-17T15:59:00-04:00,0.0,10947.040000000046,3269.0,2026-06-17T16:00:00-04:00,0.0,10947.040000000046,,,,,3269.0,2026-06-17T16:00:00-04:00,0.0,10947.040000000046,3268.0,2026-06-17T15:59:00-04:00,0.0,10947.040000000046,3269.0,2026-06-17T16:00:00-04:00,0.0,10947.040000000046,,,,,3269.0,2026-06-17T16:00:00-04:00,0.0,10947.040000000046,3499
2026-06-15,2026-06-17,2,7.0,2026-06-15T09:31:00-04:00,6.449999999999989,NDXP  260617P30480000,NDXP  260617P30470000,final_holdout,False,False,0,0,0,55,0,1145,available,False,2026-06-15T09:31:00-04:00,2026-06-17T15:58:00-04:00,8.799999999999955,-4952.959999999933,2.0,last_observed_quote_not_settlement,1036.0,566,51,5.599999999999966,1447.0400000000461,2026-06-15T09:32:00-04:00,0.0,5.399999999999977,1847.0400000000234,2026-06-15T09:33:00-04:00,0.0,4.900000000000034,2847.03999999991,2026-06-15T09:36:00-04:00,0.0,5.149999999999977,2347.0400000000236,2026-06-15T09:41:00-04:00,0.0,4.75,3147.039999999978,2026-06-15T09:46:00-04:00,0.0,5.75,1147.039999999978,2026-06-15T10:01:00-04:00,0.0,4.600000000000023,3447.0399999999327,2026-06-15T10:31:00-04:00,0.0,3.9499999999999886,4747.040000000001,2026-06-15T11:31:00-04:00,0.0,3.25,6147.039999999978,2026-06-15T16:00:00-04:00,0.0,8.550000000000182,-4452.9600000003875,2026-06-16T16:00:00-04:00,0.0,,,2026-06-17T15:58:00-04:00,120.0,,,,,2.0,hit,5.0,hit,99.0,hit,379.0,hit,1618.0,hit,3223.0,hit,3223.0,hit,1550.0,hit,1560.0,hit,1550.0,hit,1569.0,hit,1602.0,hit,1798.0,hit,6.449999999999989,0,False,False,False,False,,9.399999999999977,50,True,True,True,True,,10.0,545,True,True,True,True,,10.0,545,True,True,True,True,,379.0,2026-06-15T15:50:00-04:00,2.75,7147.039999999978,,,,,,,,,380.0,2026-06-15T15:51:00-04:00,4.099999999999994,4447.039999999989,1618.0,2026-06-16T12:29:00-04:00,1.2000000000000455,10247.039999999888,,,,,,,,,1619.0,2026-06-16T12:30:00-04:00,6.25,147.03999999997797,3223.0,2026-06-17T15:14:00-04:00,0.0,12647.039999999979,,,,,,,,,3224.0,2026-06-17T15:15:00-04:00,9.800000000000011,-6952.960000000046,3223.0,2026-06-17T15:14:00-04:00,0.0,12647.039999999979,,,,,,,,,3224.0,2026-06-17T15:15:00-04:00,9.800000000000011,-6952.960000000046,3500
2026-06-15,2026-06-18,3,5.0,2026-06-15T09:31:00-04:00,4.9500000000000455,NDXP  260618P30500000,NDXP  260618P30490000,final_holdout,False,False,0,0,0,112,0,1493,available,False,2026-06-15T09:31:00-04:00,2026-06-18T16:00:00-04:00,10.0,-10252.959999999908,0.0,last_observed_quote_not_settlement,1037.0,870,168,5.149999999999977,-652.9599999998629,2026-06-15T09:32:00-04:00,0.0,5.050000000000068,-452.9600000000448,2026-06-15T09:33:00-04:00,0.0,5.2000000000000455,-752.9599999999994,2026-06-15T09:36:00-04:00,0.0,5.25,-852.9599999999084,2026-06-15T09:41:00-04:00,0.0,4.850000000000023,-52.959999999953816,2026-06-15T09:46:00-04:00,0.0,4.800000000000068,47.039999999955235,2026-06-15T10:01:00-04:00,0.0,4.800000000000011,47.04000000006892,2026-06-15T10:31:00-04:00,0.0,4.149999999999977,1347.040000000137,2026-06-15T11:31:00-04:00,0.0,2.8000000000000114,4047.040000000069,2026-06-15T16:00:00-04:00,0.0,,,2026-06-16T15:58:00-04:00,120.0,5.449999999999932,-1252.959999999772,2026-06-17T16:00:00-04:00,0.0,10.0,-10252.959999999908,2026-06-18T16:00:00-04:00,0.0,0.0,hit,0.0,hit,97.0,hit,389.0,hit,1526.0,hit,1534.0,hit,1534.0,hit,1493.0,hit,1501.0,hit,1504.0,hit,1524.0,hit,1537.0,hit,1592.0,hit,5.349999999999994,25,False,False,False,False,,8.100000000000023,56,True,True,False,False,,8.100000000000023,57,True,True,False,False,,8.100000000000023,57,True,True,False,False,,389.0,2026-06-15T16:00:00-04:00,2.8000000000000114,4047.040000000069,1527.0,2026-06-16T10:58:00-04:00,2.1000000000000227,5447.040000000046,,,,,390.0,2026-06-15T16:01:00-04:00,3.75,2147.040000000092,1526.0,2026-06-16T10:57:00-04:00,1.1000000000000227,7447.040000000046,,,,,,,,,1527.0,2026-06-16T10:58:00-04:00,2.1000000000000227,5447.040000000046,1534.0,2026-06-16T11:05:00-04:00,0.3499999999999659,8947.040000000161,,,,,,,,,1535.0,2026-06-16T11:06:00-04:00,8.100000000000023,-6552.9599999999555,1534.0,2026-06-16T11:05:00-04:00,0.3499999999999659,8947.040000000161,,,,,,,,,1535.0,2026-06-16T11:06:00-04:00,8.100000000000023,-6552.9599999999555,3501
2026-06-15,2026-06-18,3,6.0,2026-06-15T09:31:00-04:00,5.75,NDXP  260618P30280000,NDXP  260618P30270000,final_holdout,False,False,0,0,6,24,0,1571,available,False,2026-06-15T09:31:00-04:00,2026-06-18T15:52:00-04:00,0.024999999999999967,11197.04,8.0,last_observed_quote_not_settlement,1037.0,313,127,3.6000000000000227,4047.0399999999554,2026-06-15T09:32:00-04:00,0.0,4.199999999999989,2847.0400000000236,2026-06-15T09:33:00-04:00,0.0,3.950000000000017,3347.0399999999668,2026-06-15T09:36:00-04:00,0.0,3.949999999999932,3347.0400000001373,2026-06-15T09:41:00-04:00,0.0,3.75,3747.040000000001,2026-06-15T09:46:00-04:00,0.0,3.7500000000000284,3747.039999999944,2026-06-15T10:01:00-04:00,0.0,3.5500000000000114,4147.039999999978,2026-06-15T10:31:00-04:00,0.0,2.9000000000000057,5447.039999999989,2026-06-15T11:31:00-04:00,0.0,3.5,4247.040000000001,2026-06-15T16:00:00-04:00,0.0,6.599999999999966,-1952.9599999999311,2026-06-16T16:00:00-04:00,0.0,,,2026-06-17T15:59:00-04:00,60.0,,,2026-06-18T15:52:00-04:00,480.0,1.0,hit,1.0,hit,1.0,hit,33.0,hit,384.0,hit,4564.0,hit,4687.0,hit,1688.0,hit,1688.0,hit,1688.0,hit,1818.0,hit,1818.0,hit,3239.0,hit,5.75,0,False,False,False,False,,5.75,0,False,False,False,False,,9.800000000000011,313,True,True,True,True,,9.800000000000011,313,True,True,True,True,,33.0,2026-06-15T10:04:00-04:00,2.299999999999983,6647.0400000000345,119.0,2026-06-15T11:30:00-04:00,2.8999999999999773,5447.040000000046,120.0,2026-06-15T11:31:00-04:00,2.9000000000000057,5447.039999999989,34.0,2026-06-15T10:05:00-04:00,3.6500000000000057,3947.0399999999895,3170.0,2026-06-17T14:21:00-04:00,1.3999999999999773,8447.040000000046,4512.0,2026-06-18T12:43:00-04:00,1.7999999999999972,7647.040000000006,4534.0,2026-06-18T13:05:00-04:00,1.7499999999999964,7747.040000000008,3171.0,2026-06-17T14:22:00-04:00,6.650000000000034,-2052.9600000000673,4564.0,2026-06-18T13:35:00-04:00,0.9000000000000004,9447.04,4565.0,2026-06-18T13:36:00-04:00,0.9000000000000004,9447.04,4580.0,2026-06-18T13:51:00-04:00,0.9000000000000004,9447.04,4565.0,2026-06-18T13:36:00-04:00,0.9000000000000004,9447.04,4687.0,2026-06-18T15:38:00-04:00,0.3500000000000001,10547.04,4690.0,2026-06-18T15:41:00-04:00,0.1499999999999999,10947.04,4691.0,2026-06-18T15:42:00-04:00,0.35,10547.04,4688.0,2026-06-18T15:39:00-04:00,0.75,9747.04,3502
2026-06-15,2026-06-18,3,7.0,2026-06-15T09:31:00-04:00,5.75,NDXP  260618P30280000,NDXP  260618P30270000,final_holdout,False,False,0,0,6,24,0,1571,available,False,2026-06-15T09:31:00-04:00,2026-06-18T15:52:00-04:00,0.024999999999999967,11197.04,8.0,last_observed_quote_not_settlement,1037.0,313,127,3.6000000000000227,4047.0399999999554,2026-06-15T09:32:00-04:00,0.0,4.199999999999989,2847.0400000000236,2026-06-15T09:33:00-04:00,0.0,3.950000000000017,3347.0399999999668,2026-06-15T09:36:00-04:00,0.0,3.949999999999932,3347.0400000001373,2026-06-15T09:41:00-04:00,0.0,3.75,3747.040000000001,2026-06-15T09:46:00-04:00,0.0,3.7500000000000284,3747.039999999944,2026-06-15T10:01:00-04:00,0.0,3.5500000000000114,4147.039999999978,2026-06-15T10:31:00-04:00,0.0,2.9000000000000057,5447.039999999989,2026-06-15T11:31:00-04:00,0.0,3.5,4247.040000000001,2026-06-15T16:00:00-04:00,0.0,6.599999999999966,-1952.9599999999311,2026-06-16T16:00:00-04:00,0.0,,,2026-06-17T15:59:00-04:00,60.0,,,2026-06-18T15:52:00-04:00,480.0,1.0,hit,1.0,hit,1.0,hit,33.0,hit,384.0,hit,4564.0,hit,4687.0,hit,1688.0,hit,1688.0,hit,1688.0,hit,1818.0,hit,1818.0,hit,3239.0,hit,5.75,0,False,False,False,False,,5.75,0,False,False,False,False,,9.800000000000011,313,True,True,True,True,,9.800000000000011,313,True,True,True,True,,33.0,2026-06-15T10:04:00-04:00,2.299999999999983,6647.0400000000345,119.0,2026-06-15T11:30:00-04:00,2.8999999999999773,5447.040000000046,120.0,2026-06-15T11:31:00-04:00,2.9000000000000057,5447.039999999989,34.0,2026-06-15T10:05:00-04:00,3.6500000000000057,3947.0399999999895,3170.0,2026-06-17T14:21:00-04:00,1.3999999999999773,8447.040000000046,4512.0,2026-06-18T12:43:00-04:00,1.7999999999999972,7647.040000000006,4534.0,2026-06-18T13:05:00-04:00,1.7499999999999964,7747.040000000008,3171.0,2026-06-17T14:22:00-04:00,6.650000000000034,-2052.9600000000673,4564.0,2026-06-18T13:35:00-04:00,0.9000000000000004,9447.04,4565.0,2026-06-18T13:36:00-04:00,0.9000000000000004,9447.04,4580.0,2026-06-18T13:51:00-04:00,0.9000000000000004,9447.04,4565.0,2026-06-18T13:36:00-04:00,0.9000000000000004,9447.04,4687.0,2026-06-18T15:38:00-04:00,0.3500000000000001,10547.04,4690.0,2026-06-18T15:41:00-04:00,0.1499999999999999,10947.04,4691.0,2026-06-18T15:42:00-04:00,0.35,10547.04,4688.0,2026-06-18T15:39:00-04:00,0.75,9747.04,3503
2026-06-16,2026-06-18,2,5.0,2026-06-16T09:31:00-04:00,5.0,NDXP  260618P30570000,NDXP  260618P30560000,final_holdout,False,False,0,0,1,172,0,1027,available,False,2026-06-16T09:31:00-04:00,2026-06-18T16:00:00-04:00,10.0,-10152.96,0.0,last_observed_quote_not_settlement,1039.0,779,136,4.899999999999977,-52.959999999953816,2026-06-16T09:32:00-04:00,0.0,5.0,-252.9599999999993,2026-06-16T09:33:00-04:00,0.0,4.699999999999989,347.04000000002344,2026-06-16T09:36:00-04:00,0.0,5.149999999999977,-552.9599999999539,2026-06-16T09:41:00-04:00,0.0,4.949999999999932,-152.95999999986287,2026-06-16T09:46:00-04:00,0.0,4.999999999999943,-252.9599999998856,2026-06-16T10:01:00-04:00,0.0,7.150000000000034,-4552.960000000067,2026-06-16T10:31:00-04:00,0.0,6.650000000000034,-3552.9600000000673,2026-06-16T11:31:00-04:00,0.0,4.75,247.04000000000067,2026-06-16T16:00:00-04:00,0.0,,,2026-06-17T15:57:00-04:00,180.0,10.0,-10152.96,2026-06-18T16:00:00-04:00,0.0,,,,,0.0,hit,0.0,hit,53.0,hit,69.0,hit,124.0,hit,124.0,hit,1494.0,hit,49.0,hit,54.0,hit,54.0,hit,54.0,hit,66.0,hit,66.0,hit,9.700000000000045,25,True,True,True,True,,9.949999999999932,56,True,True,True,True,,9.949999999999932,56,True,True,True,True,,9.950000000000045,296,True,True,True,True,,69.0,2026-06-16T10:40:00-04:00,2.6000000000000227,4547.039999999955,245.0,2026-06-16T13:36:00-04:00,2.599999999999909,4547.040000000183,2919.0,2026-06-18T10:10:00-04:00,2.6499999999999773,4447.040000000046,70.0,2026-06-16T10:41:00-04:00,3.6999999999999886,2347.0400000000236,124.0,2026-06-16T11:35:00-04:00,0.5999999999999659,8547.04000000007,2918.0,2026-06-18T10:09:00-04:00,1.5500000000000114,6647.039999999978,,,,,125.0,2026-06-16T11:36:00-04:00,8.100000000000023,-6452.960000000046,124.0,2026-06-16T11:35:00-04:00,0.5999999999999659,8547.04000000007,,,,,,,,,125.0,2026-06-16T11:36:00-04:00,8.100000000000023,-6452.960000000046,1494.0,2026-06-17T10:25:00-04:00,0.39999999999997726,8947.040000000046,,,,,,,,,,,,,3504
2026-06-16,2026-06-18,2,6.0,2026-06-16T09:31:00-04:00,6.0,NDXP  260618P30730000,NDXP  260618P30720000,final_holdout,False,False,0,0,3,274,0,923,available,False,2026-06-16T09:31:00-04:00,2026-06-18T16:00:00-04:00,10.0,-8152.96,0.0,last_observed_quote_not_settlement,1036.0,656,139,6.0,-252.9599999999993,2026-06-16T09:32:00-04:00,0.0,5.849999999999966,47.04000000006892,2026-06-16T09:33:00-04:00,0.0,5.650000000000034,447.0399999999325,2026-06-16T09:36:00-04:00,0.0,5.199999999999932,1347.040000000137,2026-06-16T09:41:00-04:00,0.0,6.350000000000023,-952.9600000000448,2026-06-16T09:46:00-04:00,0.0,6.900000000000034,-2052.9600000000673,2026-06-16T10:01:00-04:00,0.0,3.0,5747.040000000001,2026-06-16T10:31:00-04:00,0.0,7.7000000000000455,-3652.96000000009,2026-06-16T11:31:00-04:00,0.0,7.399999999999977,-3052.9599999999537,2026-06-16T16:00:00-04:00,0.0,,,2026-06-17T15:58:00-04:00,120.0,10.0,-8152.96,2026-06-18T16:00:00-04:00,0.0,,,,,10.0,hit,13.0,hit,13.0,hit,13.0,hit,13.0,hit,13.0,hit,38.0,hit,4.0,hit,9.0,hit,9.0,hit,9.0,hit,9.0,hit,9.0,hit,9.850000000000023,4,True,True,True,True,,9.850000000000023,4,True,True,True,True,,9.850000000000023,4,True,True,True,True,,9.850000000000023,12,True,True,True,True,,13.0,2026-06-16T09:44:00-04:00,0.5500000000000114,10647.039999999979,,,,,,,,,,,,,13.0,2026-06-16T09:44:00-04:00,0.5500000000000114,10647.039999999979,,,,,,,,,,,,,13.0,2026-06-16T09:44:00-04:00,0.5500000000000114,10647.039999999979,,,,,,,,,,,,,38.0,2026-06-16T10:09:00-04:00,0.14999999999997726,11447.040000000046,,,,,,,,,39.0,2026-06-16T10:10:00-04:00,4.949999999999932,1847.040000000137,3505
2026-06-16,2026-06-18,2,7.0,2026-06-16T09:31:00-04:00,6.9500000000000455,NDXP  260618P31310000,NDXP  260618P31300000,final_holdout,False,False,0,0,1,275,0,924,available,False,2026-06-16T09:31:00-04:00,2026-06-18T16:00:00-04:00,9.5,-5352.95999999991,0.0,last_observed_quote_not_settlement,1036.0,647,129,0.0,13647.040000000092,2026-06-16T09:32:00-04:00,0.0,2.699999999999932,8247.040000000228,2026-06-16T09:33:00-04:00,0.0,8.5,-3352.95999999991,2026-06-16T09:36:00-04:00,0.0,,,2026-06-16T09:39:00-04:00,120.0,9.549999999999955,-5452.959999999819,2026-06-16T09:46:00-04:00,0.0,9.700000000000045,-5752.960000000001,2026-06-16T10:01:00-04:00,0.0,9.600000000000023,-5552.9599999999555,2026-06-16T10:31:00-04:00,0.0,9.699999999999818,-5752.959999999546,2026-06-16T11:31:00-04:00,0.0,,,2026-06-16T15:58:00-04:00,120.0,8.400000000000091,-3152.960000000092,2026-06-17T16:00:00-04:00,0.0,9.5,-5352.95999999991,2026-06-18T16:00:00-04:00,0.0,,,,,1.0,hit,1.0,hit,1.0,hit,1.0,hit,1.0,hit,1.0,hit,1.0,hit,3.0,hit,3.0,hit,3.0,hit,3.0,hit,3.0,hit,12.0,hit,6.9500000000000455,0,False,False,False,False,,6.9500000000000455,0,False,False,False,False,,6.9500000000000455,0,False,False,False,False,,6.9500000000000455,0,False,False,False,False,,1.0,2026-06-16T09:32:00-04:00,0.0,13647.040000000092,2.0,2026-06-16T09:33:00-04:00,2.699999999999932,8247.040000000228,,,,,2.0,2026-06-16T09:33:00-04:00,2.699999999999932,8247.040000000228,1.0,2026-06-16T09:32:00-04:00,0.0,13647.040000000092,86.0,2026-06-16T10:57:00-04:00,0.15000000000009095,13347.03999999991,,,,,2.0,2026-06-16T09:33:00-04:00,2.699999999999932,8247.040000000228,1.0,2026-06-16T09:32:00-04:00,0.0,13647.040000000092,86.0,2026-06-16T10:57:00-04:00,0.15000000000009095,13347.03999999991,,,,,2.0,2026-06-16T09:33:00-04:00,2.699999999999932,8247.040000000228,1.0,2026-06-16T09:32:00-04:00,0.0,13647.040000000092,235.0,2026-06-16T13:26:00-04:00,0.29999999999972715,13047.040000000638,,,,,2.0,2026-06-16T09:33:00-04:00,2.699999999999932,8247.040000000228,3506
2026-06-22,2026-06-24,2,5.0,2026-06-22T09:31:00-04:00,5.0,NDXP  260624P30640000,NDXP  260624P30630000,final_holdout,False,False,0,0,4,172,0,1011,available,False,2026-06-22T09:31:00-04:00,2026-06-24T15:59:00-04:00,10.0,-10152.96,1.0,last_observed_quote_not_settlement,1036.0,812,67,5.300000000000011,-852.9600000000221,2026-06-22T09:32:00-04:00,0.0,5.300000000000011,-852.9600000000221,2026-06-22T09:33:00-04:00,0.0,5.25,-752.9599999999994,2026-06-22T09:36:00-04:00,0.0,4.949999999999989,-152.95999999997656,2026-06-22T09:41:00-04:00,0.0,4.800000000000011,147.03999999997797,2026-06-22T09:46:00-04:00,0.0,4.400000000000006,947.0399999999893,2026-06-22T10:01:00-04:00,0.0,5.899999999999977,-2052.9599999999537,2026-06-22T10:31:00-04:00,0.0,6.900000000000034,-4052.9600000000673,2026-06-22T11:31:00-04:00,0.0,8.399999999999977,-7052.9599999999555,2026-06-22T16:00:00-04:00,0.0,,,2026-06-23T15:59:00-04:00,60.0,,,2026-06-24T15:59:00-04:00,60.0,,,,,0.0,hit,0.0,hit,13.0,hit,1445.0,hit,1445.0,hit,1445.0,hit,1445.0,hit,3.0,hit,54.0,hit,54.0,hit,78.0,hit,198.0,hit,1440.0,hit,9.849999999999909,353,True,True,True,True,,9.849999999999909,353,True,True,True,True,,9.849999999999909,353,True,True,True,True,,9.849999999999909,353,True,True,True,True,,1445.0,2026-06-23T09:36:00-04:00,0.25,9247.04,,,,,,,,,,,,,1445.0,2026-06-23T09:36:00-04:00,0.25,9247.04,,,,,,,,,,,,,1445.0,2026-06-23T09:36:00-04:00,0.25,9247.04,,,,,,,,,,,,,1445.0,2026-06-23T09:36:00-04:00,0.25,9247.04,,,,,,,,,,,,,3507
2026-06-22,2026-06-24,2,6.0,2026-06-22T09:31:00-04:00,5.949999999999989,NDXP  260624P30780000,NDXP  260624P30770000,final_holdout,False,False,0,0,12,175,0,983,available,False,2026-06-22T09:31:00-04:00,2026-06-24T15:57:00-04:00,10.0,-8252.960000000021,3.0,last_observed_quote_not_settlement,1036.0,801,86,6.199999999999989,-752.9599999999994,2026-06-22T09:32:00-04:00,0.0,5.699999999999989,247.04000000000067,2026-06-22T09:33:00-04:00,0.0,5.75,147.03999999997797,2026-06-22T09:36:00-04:00,0.0,7.449999999999932,-3252.9599999998854,2026-06-22T09:41:00-04:00,0.0,6.349999999999966,-1052.9599999999539,2026-06-22T09:46:00-04:00,0.0,5.800000000000068,47.03999999984155,2026-06-22T10:01:00-04:00,0.0,7.399999999999977,-3152.9599999999764,2026-06-22T10:31:00-04:00,0.0,7.75,-3852.960000000022,2026-06-22T11:31:00-04:00,0.0,7.699999999999989,-3752.959999999999,2026-06-22T16:00:00-04:00,0.0,10.0,-8252.960000000021,2026-06-23T16:00:00-04:00,0.0,,,2026-06-24T15:57:00-04:00,180.0,,,,,4.0,hit,8.0,hit,8.0,hit,40.0,hit,40.0,hit,1446.0,hit,1446.0,hit,3.0,hit,3.0,hit,3.0,hit,13.0,hit,34.0,hit,34.0,hit,9.650000000000034,22,True,True,True,True,,9.650000000000034,22,True,True,True,True,,9.950000000000045,363,True,True,True,True,,9.950000000000045,363,True,True,True,True,,40.0,2026-06-22T10:11:00-04:00,1.6499999999999773,8347.040000000025,,,,,,,,,41.0,2026-06-22T10:12:00-04:00,5.25,1147.039999999978,40.0,2026-06-22T10:11:00-04:00,1.6499999999999773,8347.040000000025,,,,,,,,,41.0,2026-06-22T10:12:00-04:00,5.25,1147.039999999978,1446.0,2026-06-23T09:37:00-04:00,0.0,11647.039999999979,,,,,,,,,1447.0,2026-06-23T09:38:00-04:00,9.899999999999864,-8152.959999999751,1446.0,2026-06-23T09:37:00-04:00,0.0,11647.039999999979,,,,,,,,,1447.0,2026-06-23T09:38:00-04:00,9.899999999999864,-8152.959999999751,3508
2026-06-22,2026-06-24,2,7.0,2026-06-22T09:31:00-04:00,7.0,NDXP  260624P30880000,NDXP  260624P30870000,final_holdout,False,False,0,0,12,129,0,1004,available,False,2026-06-22T09:31:00-04:00,2026-06-24T15:56:00-04:00,10.0,-6152.96,4.0,last_observed_quote_not_settlement,1037.0,817,60,6.899999999999977,-52.959999999953816,2026-06-22T09:32:00-04:00,0.0,6.9500000000000455,-152.96000000009025,2026-06-22T09:33:00-04:00,0.0,6.999999999999943,-252.9599999998856,2026-06-22T09:36:00-04:00,0.0,6.649999999999977,447.0400000000462,2026-06-22T09:41:00-04:00,0.0,6.9500000000000455,-152.96000000009025,2026-06-22T09:46:00-04:00,0.0,7.800000000000068,-1852.9600000001358,2026-06-22T10:01:00-04:00,0.0,9.399999999999977,-5052.9599999999555,2026-06-22T10:31:00-04:00,0.0,8.5,-3252.960000000001,2026-06-22T11:31:00-04:00,0.0,8.449999999999932,-3152.9599999998645,2026-06-22T16:00:00-04:00,0.0,,,2026-06-23T15:58:00-04:00,120.0,,,2026-06-24T15:56:00-04:00,240.0,,,,,7.0,hit,8.0,hit,1515.0,hit,1775.0,hit,2883.0,hit,2883.0,hit,2883.0,hit,3.0,hit,3.0,hit,0.0,hit,3.0,hit,60.0,hit,72.0,hit,10.0,510,True,True,True,True,,10.0,553,True,True,True,True,,10.0,553,True,True,True,True,,10.0,553,True,True,True,True,,1775.0,2026-06-23T15:06:00-04:00,2.3500000000001364,9047.039999999728,3199.0,2026-06-24T14:50:00-04:00,1.9500000000000455,9847.03999999991,,,,,,,,,2883.0,2026-06-24T09:34:00-04:00,0.0,13747.04,,,,,,,,,2884.0,2026-06-24T09:35:00-04:00,10.0,-6152.96,2883.0,2026-06-24T09:34:00-04:00,0.0,13747.04,,,,,,,,,2884.0,2026-06-24T09:35:00-04:00,10.0,-6152.96,2883.0,2026-06-24T09:34:00-04:00,0.0,13747.04,,,,,,,,,2884.0,2026-06-24T09:35:00-04:00,10.0,-6152.96,3509
2026-06-22,2026-06-25,3,5.0,2026-06-22T09:31:00-04:00,5.0499999999999545,NDXP  260625P30730000,NDXP  260625P30720000,final_holdout,False,False,0,0,9,253,0,1324,available,False,2026-06-22T09:31:00-04:00,2026-06-25T15:59:00-04:00,10.0,-10052.96000000009,1.0,last_observed_quote_not_settlement,1036.0,1092,78,4.550000000000011,747.039999999887,2026-06-22T09:32:00-04:00,0.0,4.350000000000023,1147.0399999998642,2026-06-22T09:33:00-04:00,0.0,5.449999999999932,-1052.9599999999539,2026-06-22T09:36:00-04:00,0.0,5.25,-652.9600000000903,2026-06-22T09:41:00-04:00,0.0,4.449999999999989,947.0399999999324,2026-06-22T09:46:00-04:00,0.0,4.749999999999943,347.04000000002344,2026-06-22T10:01:00-04:00,0.0,5.900000000000034,-1952.9600000001585,2026-06-22T10:31:00-04:00,0.0,5.899999999999977,-1952.9600000000448,2026-06-22T11:31:00-04:00,0.0,6.0,-2152.96000000009,2026-06-22T16:00:00-04:00,0.0,,,2026-06-23T15:55:00-04:00,300.0,10.0,-10052.96000000009,2026-06-24T16:00:00-04:00,0.0,,,2026-06-25T15:59:00-04:00,60.0,0.0,hit,1.0,hit,57.0,hit,67.0,hit,67.0,hit,1446.0,hit,1446.0,hit,3.0,hit,14.0,hit,50.0,hit,50.0,hit,299.0,hit,299.0,hit,8.050000000000011,46,True,True,False,False,,8.050000000000011,46,True,True,False,False,,9.850000000000023,376,True,True,True,True,,9.850000000000023,376,True,True,True,True,,67.0,2026-06-22T10:38:00-04:00,1.9499999999999318,5947.040000000046,3271.0,2026-06-24T16:02:00-04:00,0.0,9847.03999999991,3272.0,2026-06-24T16:03:00-04:00,0.0,9847.03999999991,68.0,2026-06-22T10:39:00-04:00,8.100000000000023,-6352.960000000137,67.0,2026-06-22T10:38:00-04:00,1.9499999999999318,5947.040000000046,3271.0,2026-06-24T16:02:00-04:00,0.0,9847.03999999991,3272.0,2026-06-24T16:03:00-04:00,0.0,9847.03999999991,68.0,2026-06-22T10:39:00-04:00,8.100000000000023,-6352.960000000137,1446.0,2026-06-23T09:37:00-04:00,0.0,9847.03999999991,3271.0,2026-06-24T16:02:00-04:00,0.0,9847.03999999991,3272.0,2026-06-24T16:03:00-04:00,0.0,9847.03999999991,1447.0,2026-06-23T09:38:00-04:00,9.5,-9152.960000000092,1446.0,2026-06-23T09:37:00-04:00,0.0,9847.03999999991,3271.0,2026-06-24T16:02:00-04:00,0.0,9847.03999999991,3272.0,2026-06-24T16:03:00-04:00,0.0,9847.03999999991,1447.0,2026-06-23T09:38:00-04:00,9.5,-9152.960000000092,3510
2026-06-22,2026-06-25,3,6.0,2026-06-22T09:31:00-04:00,6.0499999999999545,NDXP  260625P30820000,NDXP  260625P30810000,final_holdout,False,False,0,0,13,222,0,1340,available,False,2026-06-22T09:31:00-04:00,2026-06-25T16:00:00-04:00,0.0,11847.03999999991,0.0,last_observed_quote_not_settlement,1036.0,1083,118,6.25,-652.9600000000903,2026-06-22T09:32:00-04:00,0.0,7.300000000000011,-2752.960000000113,2026-06-22T09:33:00-04:00,0.0,5.899999999999977,47.039999999955235,2026-06-22T09:36:00-04:00,0.0,3.900000000000034,4047.0399999998417,2026-06-22T09:41:00-04:00,0.0,6.0,-152.96000000009025,2026-06-22T09:46:00-04:00,0.0,,,2026-06-22T10:00:00-04:00,60.0,6.349999999999909,-852.9599999999084,2026-06-22T10:31:00-04:00,0.0,7.899999999999977,-3952.9600000000446,2026-06-22T11:31:00-04:00,0.0,7.649999999999977,-3452.9600000000446,2026-06-22T16:00:00-04:00,0.0,,,2026-06-23T15:57:00-04:00,180.0,10.0,-8052.960000000091,2026-06-24T16:00:00-04:00,0.0,0.0,11847.03999999991,2026-06-25T16:00:00-04:00,0.0,8.0,hit,8.0,hit,10.0,hit,1453.0,hit,1453.0,hit,1453.0,hit,1453.0,hit,2.0,hit,2.0,hit,2.0,hit,28.0,hit,37.0,hit,37.0,hit,9.649999999999864,350,True,True,True,True,,9.649999999999864,350,True,True,True,True,,9.649999999999864,350,True,True,True,True,,9.649999999999864,350,True,True,True,True,,1453.0,2026-06-23T09:44:00-04:00,0.0,11847.03999999991,1694.0,2026-06-23T13:45:00-04:00,1.949999999999818,7947.040000000274,,,,,,,,,1453.0,2026-06-23T09:44:00-04:00,0.0,11847.03999999991,1694.0,2026-06-23T13:45:00-04:00,1.949999999999818,7947.040000000274,,,,,,,,,1453.0,2026-06-23T09:44:00-04:00,0.0,11847.03999999991,3275.0,2026-06-24T16:06:00-04:00,0.0,11847.03999999991,,,,,,,,,1453.0,2026-06-23T09:44:00-04:00,0.0,11847.03999999991,3275.0,2026-06-24T16:06:00-04:00,0.0,11847.03999999991,,,,,,,,,3511
2026-06-22,2026-06-25,3,7.0,2026-06-22T09:31:00-04:00,7.0499999999999545,NDXP  260625P31010000,NDXP  260625P31000000,final_holdout,False,False,0,0,26,309,0,1211,available,False,2026-06-22T09:31:00-04:00,2026-06-25T15:59:00-04:00,10.0,-6052.960000000091,1.0,last_observed_quote_not_settlement,1037.0,906,97,6.949999999999932,-52.959999999953816,2026-06-22T09:32:00-04:00,0.0,7.2000000000000455,-552.9600000001813,2026-06-22T09:33:00-04:00,0.0,6.699999999999932,447.0400000000462,2026-06-22T09:36:00-04:00,0.0,6.25,1347.0399999999097,2026-06-22T09:41:00-04:00,0.0,6.600000000000023,647.0399999998642,2026-06-22T09:46:00-04:00,0.0,,,2026-06-22T10:00:00-04:00,60.0,9.0,-4152.960000000092,2026-06-22T10:31:00-04:00,0.0,8.650000000000091,-3452.960000000274,2026-06-22T11:31:00-04:00,0.0,8.399999999999977,-2952.9600000000464,2026-06-22T16:00:00-04:00,0.0,9.900000000000091,-5952.960000000274,2026-06-23T16:00:00-04:00,0.0,0.0,13847.03999999991,2026-06-24T16:00:00-04:00,0.0,,,2026-06-25T15:59:00-04:00,60.0,17.0,hit,36.0,hit,1447.0,hit,1507.0,hit,1507.0,hit,1790.0,hit,1790.0,hit,4.0,hit,9.0,hit,0.0,hit,9.0,hit,27.0,hit,118.0,hit,10.0,389,True,True,True,True,,10.0,389,True,True,True,True,,10.0,447,True,True,True,True,,10.0,447,True,True,True,True,,1507.0,2026-06-23T10:38:00-04:00,1.75,10347.03999999991,3270.0,2026-06-24T16:01:00-04:00,2.8999999999998636,8047.040000000183,,,,,1508.0,2026-06-23T10:39:00-04:00,9.849999999999909,-5852.95999999991,1507.0,2026-06-23T10:38:00-04:00,1.75,10347.03999999991,4461.0,2026-06-25T11:52:00-04:00,0.5499999999999545,12747.04,,,,,1508.0,2026-06-23T10:39:00-04:00,9.849999999999909,-5852.95999999991,1790.0,2026-06-23T15:21:00-04:00,0.45000000000027285,12947.039999999364,4461.0,2026-06-25T11:52:00-04:00,0.5499999999999545,12747.04,,,,,,,,,3269.0,2026-06-24T16:00:00-04:00,0.0,13847.03999999991,,,,,,,,,3270.0,2026-06-24T16:01:00-04:00,2.8999999999998636,8047.040000000183,3512
2026-06-23,2026-06-25,2,5.0,2026-06-23T09:31:00-04:00,4.800000000000182,NDXP  260625P30660000,NDXP  260625P30650000,final_holdout,False,False,0,0,6,257,0,919,available,False,2026-06-23T09:31:00-04:00,2026-06-25T15:58:00-04:00,6.349999999999909,-3352.9599999994534,2.0,last_observed_quote_not_settlement,1037.0,718,27,9.200000000000045,-9052.959999999728,2026-06-23T09:32:00-04:00,0.0,7.199999999999818,-5052.9599999992715,2026-06-23T09:33:00-04:00,0.0,9.399999999999636,-9452.95999999891,2026-06-23T09:36:00-04:00,0.0,9.449999999999818,-9552.959999999273,2026-06-23T09:41:00-04:00,0.0,,,2026-06-23T09:44:00-04:00,120.0,9.149999999999977,-8952.959999999592,2026-06-23T10:01:00-04:00,0.0,7.250000000000227,-5152.96000000009,2026-06-23T10:31:00-04:00,0.0,9.5,-9652.959999999637,2026-06-23T11:31:00-04:00,0.0,8.599999999999909,-7852.959999999455,2026-06-23T16:00:00-04:00,0.0,9.400000000000091,-9452.959999999819,2026-06-24T16:00:00-04:00,0.0,,,2026-06-25T15:58:00-04:00,120.0,,,,,0.0,hit,0.0,hit,13.0,hit,17.0,hit,345.0,hit,345.0,hit,345.0,hit,1.0,hit,1.0,hit,1.0,hit,1.0,hit,1.0,hit,37.0,hit,9.449999999999818,8,True,True,True,True,,9.950000000000273,221,True,True,True,True,,9.950000000000273,221,True,True,True,True,,9.950000000000273,221,True,True,True,True,,17.0,2026-06-23T09:48:00-04:00,2.799999999999727,3747.0400000009104,3242.0,2026-06-25T15:33:00-04:00,0.0,9347.040000000365,,,,,,,,,345.0,2026-06-23T15:16:00-04:00,0.0500000000001819,9247.04,3242.0,2026-06-25T15:33:00-04:00,0.0,9347.040000000365,,,,,346.0,2026-06-23T15:17:00-04:00,7.399999999999864,-5452.9599999993625,345.0,2026-06-23T15:16:00-04:00,0.0500000000001819,9247.04,3242.0,2026-06-25T15:33:00-04:00,0.0,9347.040000000365,,,,,346.0,2026-06-23T15:17:00-04:00,7.399999999999864,-5452.9599999993625,345.0,2026-06-23T15:16:00-04:00,0.0500000000001819,9247.04,3242.0,2026-06-25T15:33:00-04:00,0.0,9347.040000000365,,,,,346.0,2026-06-23T15:17:00-04:00,7.399999999999864,-5452.9599999993625,3513
2026-06-23,2026-06-25,2,6.0,2026-06-23T09:31:00-04:00,6.0,NDXP  260625P29720000,NDXP  260625P29710000,final_holdout,False,False,0,0,1,37,0,1161,available,False,2026-06-23T09:31:00-04:00,2026-06-25T16:00:00-04:00,10.0,-8152.96,0.0,last_observed_quote_not_settlement,1036.0,736,195,5.250000000000057,1247.039999999887,2026-06-23T09:32:00-04:00,0.0,5.400000000000034,947.0399999999324,2026-06-23T09:33:00-04:00,0.0,7.149999999999977,-2552.9599999999537,2026-06-23T09:36:00-04:00,0.0,6.399999999999977,-1052.9599999999539,2026-06-23T09:41:00-04:00,0.0,,,2026-06-23T09:44:00-04:00,120.0,4.550000000000011,2647.039999999978,2026-06-23T10:01:00-04:00,0.0,4.7000000000000455,2347.03999999991,2026-06-23T10:31:00-04:00,0.0,5.5499999999999545,647.0400000000916,2026-06-23T11:31:00-04:00,0.0,7.0,-2252.959999999999,2026-06-23T16:00:00-04:00,0.0,5.099999999999909,1547.0400000001825,2026-06-24T16:00:00-04:00,0.0,10.0,-8152.96,2026-06-25T16:00:00-04:00,0.0,,,,,1.0,hit,4.0,hit,126.0,hit,126.0,hit,345.0,hit,345.0,hit,345.0,hit,5.0,hit,5.0,hit,5.0,hit,104.0,hit,104.0,hit,146.0,hit,9.050000000000011,15,True,True,True,True,,9.949999999999989,71,True,True,True,True,,9.949999999999989,71,True,True,True,True,,9.949999999999989,71,True,True,True,True,,126.0,2026-06-23T11:37:00-04:00,2.400000000000034,6947.039999999933,345.0,2026-06-23T15:16:00-04:00,0.39999999999997726,10947.040000000046,346.0,2026-06-23T15:17:00-04:00,2.8500000000000227,6047.039999999955,127.0,2026-06-23T11:38:00-04:00,6.300000000000068,-852.9600000001358,345.0,2026-06-23T15:16:00-04:00,0.39999999999997726,10947.040000000046,,,,,,,,,346.0,2026-06-23T15:17:00-04:00,2.8500000000000227,6047.039999999955,345.0,2026-06-23T15:16:00-04:00,0.39999999999997726,10947.040000000046,,,,,,,,,346.0,2026-06-23T15:17:00-04:00,2.8500000000000227,6047.039999999955,345.0,2026-06-23T15:16:00-04:00,0.39999999999997726,10947.040000000046,,,,,,,,,346.0,2026-06-23T15:17:00-04:00,2.8500000000000227,6047.039999999955,3514
2026-06-23,2026-06-25,2,7.0,2026-06-23T09:31:00-04:00,6.949999999999818,NDXP  260625P30750000,NDXP  260625P30740000,final_holdout,False,False,0,0,9,257,0,910,available,False,2026-06-23T09:31:00-04:00,2026-06-25T15:59:00-04:00,9.950000000000045,-6252.960000000364,1.0,last_observed_quote_not_settlement,1036.0,685,97,9.5,-5352.960000000365,2026-06-23T09:32:00-04:00,0.0,,,2026-06-23T09:32:00-04:00,60.0,9.550000000000182,-5452.9600000007285,2026-06-23T09:36:00-04:00,0.0,,,2026-06-23T09:40:00-04:00,60.0,,,2026-06-23T09:44:00-04:00,120.0,7.200000000000273,-752.9600000009088,2026-06-23T10:01:00-04:00,0.0,6.949999999999818,-252.9599999999993,2026-06-23T10:31:00-04:00,0.0,,,2026-06-23T11:27:00-04:00,240.0,9.700000000000045,-5752.960000000456,2026-06-23T16:00:00-04:00,0.0,10.0,-6252.960000000364,2026-06-24T16:00:00-04:00,0.0,,,2026-06-25T15:59:00-04:00,60.0,,,,,6.0,hit,6.0,hit,6.0,hit,6.0,hit,6.0,hit,6.0,hit,6.0,hit,1.0,hit,1.0,hit,1.0,hit,1.0,hit,1.0,hit,1.0,hit,9.849999999999909,3,True,True,True,True,,9.849999999999909,3,True,True,True,True,,9.849999999999909,3,True,True,True,True,,9.849999999999909,3,True,True,True,True,,6.0,2026-06-23T09:37:00-04:00,0.0,13647.039999999637,1833.0,2026-06-24T16:04:00-04:00,2.099999999999909,9447.039999999819,1834.0,2026-06-24T16:05:00-04:00,0.0,13647.039999999637,7.0,2026-06-23T09:38:00-04:00,9.549999999999727,-5452.959999999819,6.0,2026-06-23T09:37:00-04:00,0.0,13647.039999999637,3239.0,2026-06-25T15:30:00-04:00,0.0,13647.039999999637,3240.0,2026-06-25T15:31:00-04:00,0.0,13647.039999999637,7.0,2026-06-23T09:38:00-04:00,9.549999999999727,-5452.959999999819,6.0,2026-06-23T09:37:00-04:00,0.0,13647.039999999637,3239.0,2026-06-25T15:30:00-04:00,0.0,13647.039999999637,3240.0,2026-06-25T15:31:00-04:00,0.0,13647.039999999637,7.0,2026-06-23T09:38:00-04:00,9.549999999999727,-5452.959999999819,6.0,2026-06-23T09:37:00-04:00,0.0,13647.039999999637,3239.0,2026-06-25T15:30:00-04:00,0.0,13647.039999999637,3240.0,2026-06-25T15:31:00-04:00,0.0,13647.039999999637,7.0,2026-06-23T09:38:00-04:00,9.549999999999727,-5452.959999999819,3515
2026-06-23,2026-06-26,3,5.0,2026-06-23T09:31:00-04:00,5.0,NDXP  260626P29710000,NDXP  260626P29700000,final_holdout,False,False,0,0,3,116,0,1486,available,False,2026-06-23T09:31:00-04:00,2026-06-26T15:59:00-04:00,8.950000000000045,-8152.960000000092,1.0,last_observed_quote_not_settlement,1036.0,1090,262,5.5,-1252.9599999999994,2026-06-23T09:32:00-04:00,0.0,5.5499999999999545,-1352.9599999999084,2026-06-23T09:33:00-04:00,0.0,5.2999999999999545,-852.9599999999084,2026-06-23T09:36:00-04:00,0.0,6.399999999999977,-3052.9599999999537,2026-06-23T09:41:00-04:00,0.0,5.399999999999977,-1052.9599999999539,2026-06-23T09:46:00-04:00,0.0,3.9500000000000455,1847.0399999999097,2026-06-23T10:01:00-04:00,0.0,4.650000000000034,447.0399999999325,2026-06-23T10:31:00-04:00,0.0,6.7000000000000455,-3652.96000000009,2026-06-23T11:31:00-04:00,0.0,2.9500000000000455,3847.03999999991,2026-06-23T16:00:00-04:00,0.0,6.75,-3752.959999999999,2026-06-24T16:00:00-04:00,0.0,6.099999999999966,-2452.959999999931,2026-06-25T16:00:00-04:00,0.0,,,2026-06-26T15:59:00-04:00,60.0,0.0,hit,0.0,hit,7.0,hit,7.0,hit,7.0,hit,7.0,hit,304.0,hit,1.0,hit,10.0,hit,115.0,hit,115.0,hit,134.0,hit,134.0,hit,5.899999999999977,5,False,False,False,False,,5.899999999999977,5,False,False,False,False,,5.899999999999977,5,False,False,False,False,,10.0,146,True,True,True,True,,7.0,2026-06-23T09:38:00-04:00,0.6000000000001364,8547.039999999728,305.0,2026-06-23T14:36:00-04:00,2.550000000000068,4647.039999999864,310.0,2026-06-23T14:41:00-04:00,2.550000000000068,4647.039999999864,8.0,2026-06-23T09:39:00-04:00,5.4500000000000455,-1152.9600000000903,7.0,2026-06-23T09:38:00-04:00,0.6000000000001364,8547.039999999728,391.0,2026-06-23T16:02:00-04:00,1.6499999999999773,6447.040000000046,,,,,8.0,2026-06-23T09:39:00-04:00,5.4500000000000455,-1152.9600000000903,7.0,2026-06-23T09:38:00-04:00,0.6000000000001364,8547.039999999728,,,,,,,,,8.0,2026-06-23T09:39:00-04:00,5.4500000000000455,-1152.9600000000903,304.0,2026-06-23T14:35:00-04:00,0.0,9747.04,,,,,,,,,305.0,2026-06-23T14:36:00-04:00,2.550000000000068,4647.039999999864,3516
2026-06-23,2026-06-26,3,6.0,2026-06-23T09:31:00-04:00,6.0,NDXP  260626P29600000,NDXP  260626P29590000,final_holdout,False,False,0,0,1,76,0,1527,available,False,2026-06-23T09:31:00-04:00,2026-06-26T15:59:00-04:00,8.399999999999977,-5052.9599999999555,1.0,last_observed_quote_not_settlement,1036.0,532,196,5.100000000000023,1547.0399999999552,2026-06-23T09:32:00-04:00,0.0,4.9500000000000455,1847.0399999999097,2026-06-23T09:33:00-04:00,0.0,5.2000000000000455,1347.0399999999097,2026-06-23T09:36:00-04:00,0.0,4.699999999999989,2347.0400000000236,2026-06-23T09:41:00-04:00,0.0,4.75,2247.040000000001,2026-06-23T09:46:00-04:00,0.0,4.349999999999966,3047.040000000069,2026-06-23T10:01:00-04:00,0.0,4.199999999999989,3347.0400000000236,2026-06-23T10:31:00-04:00,0.0,5.399999999999977,947.0400000000461,2026-06-23T11:31:00-04:00,0.0,5.75,247.04000000000067,2026-06-23T16:00:00-04:00,0.0,8.149999999999977,-4552.9599999999555,2026-06-24T16:00:00-04:00,0.0,,,2026-06-25T15:59:00-04:00,60.0,,,2026-06-26T15:59:00-04:00,60.0,1.0,hit,2.0,hit,29.0,hit,324.0,hit,324.0,hit,1651.0,hit,,never_hit,13.0,hit,323.0,hit,323.0,hit,323.0,hit,323.0,hit,323.0,hit,9.5,2,True,True,True,True,,9.5,2,True,True,True,True,,9.5,25,True,True,True,True,,,,True,True,True,False,5.099999999999966,324.0,2026-06-23T14:55:00-04:00,1.650000000000091,8447.039999999819,4506.0,2026-06-26T12:37:00-04:00,1.2999999999999545,9147.040000000092,4507.0,2026-06-26T12:38:00-04:00,2.900000000000034,5947.039999999933,325.0,2026-06-23T14:56:00-04:00,6.9500000000000455,-2152.96000000009,324.0,2026-06-23T14:55:00-04:00,1.650000000000091,8447.039999999819,,,,,,,,,325.0,2026-06-23T14:56:00-04:00,6.9500000000000455,-2152.96000000009,1651.0,2026-06-24T13:02:00-04:00,0.9000000000000341,9947.039999999934,,,,,,,,,1652.0,2026-06-24T13:03:00-04:00,6.399999999999977,-1052.9599999999539,,,,,,,,,,,,,,,,,3517
2026-06-23,2026-06-26,3,7.0,2026-06-23T09:31:00-04:00,7.0,NDXP  260626P30050000,NDXP  260626P30040000,final_holdout,False,False,0,0,3,171,0,1429,available,False,2026-06-23T09:31:00-04:00,2026-06-26T15:59:00-04:00,10.0,-6152.96,1.0,last_observed_quote_not_settlement,1037.0,1010,232,5.849999999999909,2047.0400000001828,2026-06-23T09:32:00-04:00,0.0,4.7999999999999545,4147.040000000092,2026-06-23T09:33:00-04:00,0.0,7.099999999999909,-452.9599999998174,2026-06-23T09:36:00-04:00,0.0,6.649999999999977,447.0400000000462,2026-06-23T09:41:00-04:00,0.0,6.849999999999909,47.04000000018261,2026-06-23T09:46:00-04:00,0.0,,,2026-06-23T10:00:00-04:00,60.0,,,2026-06-23T10:30:00-04:00,60.0,9.700000000000045,-5652.960000000092,2026-06-23T11:31:00-04:00,0.0,6.850000000000023,47.039999999955235,2026-06-23T16:00:00-04:00,0.0,8.5,-3252.960000000001,2026-06-24T16:00:00-04:00,0.0,9.75,-5752.960000000001,2026-06-25T16:00:00-04:00,0.0,,,2026-06-26T15:59:00-04:00,60.0,2.0,hit,2.0,hit,23.0,hit,23.0,hit,23.0,hit,42.0,hit,42.0,hit,3.0,hit,6.0,hit,0.0,hit,6.0,hit,16.0,hit,24.0,hit,9.0,6,True,True,True,True,,9.0,6,True,True,True,True,,9.799999999999955,8,True,True,True,True,,9.799999999999955,8,True,True,True,True,,23.0,2026-06-23T09:54:00-04:00,1.5500000000000682,10647.039999999864,26.0,2026-06-23T09:57:00-04:00,2.8999999999999773,7947.040000000046,27.0,2026-06-23T09:58:00-04:00,2.5,8747.04,24.0,2026-06-23T09:55:00-04:00,9.799999999999955,-5852.95999999991,23.0,2026-06-23T09:54:00-04:00,1.5500000000000682,10647.039999999864,,,,,,,,,24.0,2026-06-23T09:55:00-04:00,9.799999999999955,-5852.95999999991,42.0,2026-06-23T10:13:00-04:00,0.2999999999999545,13147.040000000092,,,,,,,,,43.0,2026-06-23T10:14:00-04:00,3.099999999999909,7547.040000000183,42.0,2026-06-23T10:13:00-04:00,0.2999999999999545,13147.040000000092,,,,,,,,,43.0,2026-06-23T10:14:00-04:00,3.099999999999909,7547.040000000183,3518
2026-06-24,2026-06-26,2,5.0,2026-06-24T09:31:00-04:00,4.9500000000000455,NDXP  260626P29790000,NDXP  260626P29780000,final_holdout,False,False,0,0,0,97,0,1102,available,False,2026-06-24T09:31:00-04:00,2026-06-26T15:58:00-04:00,7.850000000000023,-6052.959999999954,2.0,last_observed_quote_not_settlement,1036.0,971,77,7.850000000000023,-6052.959999999954,2026-06-24T09:32:00-04:00,0.0,4.300000000000011,1047.0400000000689,2026-06-24T09:33:00-04:00,0.0,5.800000000000011,-1952.9599999999311,2026-06-24T09:36:00-04:00,0.0,6.2999999999999545,-2952.9599999998172,2026-06-24T09:41:00-04:00,0.0,6.399999999999977,-3152.9599999998627,2026-06-24T09:46:00-04:00,0.0,5.2000000000000455,-752.9599999999994,2026-06-24T10:01:00-04:00,0.0,9.900000000000034,-10152.959999999977,2026-06-24T10:31:00-04:00,0.0,4.050000000000011,1547.0400000000689,2026-06-24T11:31:00-04:00,0.0,8.199999999999932,-6752.959999999774,2026-06-24T16:00:00-04:00,0.0,5.350000000000023,-1052.9599999999539,2026-06-25T16:00:00-04:00,0.0,,,2026-06-26T15:58:00-04:00,120.0,,,,,0.0,hit,0.0,hit,3.0,hit,7.0,hit,83.0,hit,83.0,hit,,never_hit,1.0,hit,1.0,hit,1.0,hit,11.0,hit,60.0,hit,60.0,hit,7.850000000000023,4,True,False,False,False,,9.900000000000034,69,True,True,True,True,,9.900000000000034,69,True,True,True,True,,,,True,True,True,False,4.2000000000000455,7.0,2026-06-24T09:38:00-04:00,2.1499999999999773,5347.040000000137,,,,,,,,,8.0,2026-06-24T09:39:00-04:00,6.100000000000023,-2552.9599999999537,83.0,2026-06-24T10:54:00-04:00,0.75,8147.040000000091,,,,,,,,,84.0,2026-06-24T10:55:00-04:00,4.250000000000057,1147.039999999978,83.0,2026-06-24T10:54:00-04:00,0.75,8147.040000000091,,,,,,,,,84.0,2026-06-24T10:55:00-04:00,4.250000000000057,1147.039999999978,,,,,,,,,,,,,,,,,3519
2026-06-24,2026-06-26,2,6.0,2026-06-24T09:31:00-04:00,5.949999999999989,NDXP  260626P29590000,NDXP  260626P29580000,final_holdout,False,False,0,0,1,67,0,1132,available,False,2026-06-24T09:31:00-04:00,2026-06-26T15:58:00-04:00,9.0,-6352.960000000024,2.0,last_observed_quote_not_settlement,1036.0,559,154,5.599999999999909,447.04000000015986,2026-06-24T09:32:00-04:00,0.0,4.7999999999999545,2047.040000000069,2026-06-24T09:33:00-04:00,0.0,4.800000000000011,2047.0399999999554,2026-06-24T09:36:00-04:00,0.0,5.399999999999977,847.0400000000234,2026-06-24T09:41:00-04:00,0.0,5.25,1147.039999999978,2026-06-24T09:46:00-04:00,0.0,5.949999999999989,-252.9599999999993,2026-06-24T10:01:00-04:00,0.0,5.099999999999966,1447.0400000000461,2026-06-24T10:31:00-04:00,0.0,4.899999999999977,1847.0400000000234,2026-06-24T11:31:00-04:00,0.0,3.2999999999999545,5047.040000000069,2026-06-24T16:00:00-04:00,0.0,,,2026-06-25T15:59:00-04:00,60.0,,,2026-06-26T15:58:00-04:00,120.0,,,,,2.0,hit,2.0,hit,43.0,hit,216.0,hit,216.0,hit,,never_hit,,never_hit,12.0,hit,12.0,hit,12.0,hit,201.0,hit,201.0,hit,201.0,hit,9.850000000000023,15,True,True,True,True,,9.850000000000023,15,True,True,True,True,,,,True,True,True,False,4.599999999999966,,,True,True,True,False,4.599999999999966,216.0,2026-06-24T13:07:00-04:00,1.3500000000000227,8947.039999999934,,,,,,,,,217.0,2026-06-24T13:08:00-04:00,7.150000000000034,-2652.96000000009,216.0,2026-06-24T13:07:00-04:00,1.3500000000000227,8947.039999999934,,,,,,,,,217.0,2026-06-24T13:08:00-04:00,7.150000000000034,-2652.96000000009,,,,,,,,,,,,,,,,,,,,,,,,,,,,,,,,,3520
2026-06-24,2026-06-26,2,7.0,2026-06-24T09:31:00-04:00,7.0,NDXP  260626P29920000,NDXP  260626P29910000,final_holdout,False,False,0,0,2,99,0,1099,available,False,2026-06-24T09:31:00-04:00,2026-06-26T15:58:00-04:00,7.4500000000000455,-1152.9600000000903,2.0,last_observed_quote_not_settlement,1036.0,821,179,6.7999999999999545,147.04000000009165,2026-06-24T09:32:00-04:00,0.0,6.899999999999977,-52.959999999953816,2026-06-24T09:33:00-04:00,0.0,7.0499999999999545,-352.95999999990835,2026-06-24T09:36:00-04:00,0.0,8.800000000000068,-3852.9600000001374,2026-06-24T09:41:00-04:00,0.0,6.9500000000000455,-152.96000000009025,2026-06-24T09:46:00-04:00,0.0,7.0499999999999545,-352.95999999990835,2026-06-24T10:01:00-04:00,0.0,8.950000000000045,-4152.960000000092,2026-06-24T10:31:00-04:00,0.0,6.9500000000000455,-152.96000000009025,2026-06-24T11:31:00-04:00,0.0,8.950000000000045,-4152.960000000092,2026-06-24T16:00:00-04:00,0.0,9.200000000000045,-4652.960000000092,2026-06-25T16:00:00-04:00,0.0,,,2026-06-26T15:58:00-04:00,120.0,,,,,21.0,hit,22.0,hit,76.0,hit,1833.0,hit,,never_hit,,never_hit,,never_hit,8.0,hit,8.0,hit,0.0,hit,8.0,hit,87.0,hit,87.0,hit,10.0,564,True,True,True,True,,,,True,True,True,False,4.150000000000034,,,True,True,True,False,4.150000000000034,,,True,True,True,False,4.150000000000034,1833.0,2026-06-25T16:04:00-04:00,2.849999999999966,8047.040000000069,,,,,,,,,1834.0,2026-06-25T16:05:00-04:00,9.849999999999966,-5952.959999999933,,,,,,,,,,,,,,,,,,,,,,,,,,,,,,,,,,,,,,,,,,,,,,,,,3521
2026-06-26,2026-06-29,3,5.0,2026-06-26T09:31:00-04:00,5.0,NDXP  260629P29230000,NDXP  260629P29220000,final_holdout,False,False,0,0,0,11,0,776,available,False,2026-06-26T09:31:00-04:00,2026-06-29T15:53:00-04:00,0.0,9747.04,7.0,last_observed_quote_not_settlement,3916.0,70,30,5.199999999999989,-652.9599999999766,2026-06-26T09:32:00-04:00,0.0,6.0,-2252.959999999999,2026-06-26T09:33:00-04:00,0.0,5.600000000000023,-1452.9600000000448,2026-06-26T09:36:00-04:00,0.0,5.399999999999977,-1052.9599999999539,2026-06-26T09:41:00-04:00,0.0,6.449999999999989,-3152.9599999999764,2026-06-26T09:46:00-04:00,0.0,4.399999999999977,947.0400000000461,2026-06-26T10:01:00-04:00,0.0,4.150000000000006,1447.0399999999893,2026-06-26T10:31:00-04:00,0.0,3.7500000000000284,2247.039999999944,2026-06-26T11:31:00-04:00,0.0,6.0,-2252.959999999999,2026-06-26T16:00:00-04:00,0.0,,,2026-06-26T16:15:00-04:00,85500.0,,,2026-06-26T16:15:00-04:00,171900.0,,,2026-06-29T15:53:00-04:00,420.0,0.0,hit,0.0,hit,36.0,hit,179.0,hit,4325.0,hit,4439.0,hit,4468.0,hit,2.0,hit,2.0,hit,4364.0,hit,,never_hit,,never_hit,,never_hit,6.449999999999989,23,False,False,False,False,,6.500000000000057,53,False,False,False,False,,7.550000000000068,70,True,False,False,False,,7.550000000000068,70,True,False,False,False,,179.0,2026-06-26T12:30:00-04:00,2.6500000000000057,4447.039999999989,4322.0,2026-06-29T09:33:00-04:00,2.3499999999999943,5047.040000000012,4323.0,2026-06-29T09:34:00-04:00,2.200000000000003,5347.039999999995,180.0,2026-06-26T12:31:00-04:00,3.450000000000017,2847.0399999999668,4325.0,2026-06-29T09:36:00-04:00,1.500000000000007,6747.039999999986,4333.0,2026-06-29T09:44:00-04:00,1.7999999999999972,6147.040000000006,4334.0,2026-06-29T09:45:00-04:00,1.5500000000000043,6647.039999999992,4326.0,2026-06-29T09:37:00-04:00,2.5500000000000114,4647.039999999978,4439.0,2026-06-29T11:30:00-04:00,0.8500000000000014,8047.039999999998,4446.0,2026-06-29T11:37:00-04:00,0.8000000000000043,8147.039999999993,4447.0,2026-06-29T11:38:00-04:00,0.75,8247.04,4440.0,2026-06-29T11:31:00-04:00,1.25,7247.040000000001,4471.0,2026-06-29T12:02:00-04:00,0.34999999999999787,9047.040000000006,4472.0,2026-06-29T12:03:00-04:00,0.05000000000000071,9647.04,4473.0,2026-06-29T12:04:00-04:00,0.05000000000000071,9647.04,4472.0,2026-06-29T12:03:00-04:00,0.05000000000000071,9647.04,3522
2026-06-26,2026-06-29,3,6.0,2026-06-26T09:31:00-04:00,6.0,NDXP  260629P29330000,NDXP  260629P29320000,final_holdout,False,False,0,0,0,36,0,751,available,False,2026-06-26T09:31:00-04:00,2026-06-29T15:52:00-04:00,0.0,11747.04,8.0,last_observed_quote_not_settlement,3916.0,57,30,5.399999999999977,947.0400000000461,2026-06-26T09:32:00-04:00,0.0,6.0,-252.9599999999993,2026-06-26T09:33:00-04:00,0.0,5.5,747.0400000000006,2026-06-26T09:36:00-04:00,0.0,6.600000000000023,-1452.9600000000448,2026-06-26T09:41:00-04:00,0.0,6.100000000000023,-452.9600000000448,2026-06-26T09:46:00-04:00,0.0,4.800000000000011,2147.039999999978,2026-06-26T10:01:00-04:00,0.0,4.5,2747.040000000001,2026-06-26T10:31:00-04:00,0.0,4.549999999999983,2647.040000000035,2026-06-26T11:31:00-04:00,0.0,6.699999999999989,-1652.9599999999766,2026-06-26T16:00:00-04:00,0.0,,,2026-06-26T16:15:00-04:00,85500.0,,,2026-06-26T16:15:00-04:00,171900.0,,,2026-06-29T15:52:00-04:00,480.0,1.0,hit,17.0,hit,50.0,hit,4325.0,hit,4335.0,hit,4469.0,hit,4472.0,hit,3.0,hit,3.0,hit,3.0,hit,4362.0,hit,,never_hit,,never_hit,7.699999999999989,42,True,False,False,False,,7.699999999999989,42,True,False,False,False,,8.700000000000045,57,True,True,False,False,,8.700000000000045,57,True,True,False,False,,4325.0,2026-06-29T09:36:00-04:00,2.1000000000000085,7547.039999999984,4333.0,2026-06-29T09:44:00-04:00,2.700000000000017,6347.039999999966,4334.0,2026-06-29T09:45:00-04:00,2.25,7247.040000000001,4326.0,2026-06-29T09:37:00-04:00,3.6499999999999915,4447.040000000018,4335.0,2026-06-29T09:46:00-04:00,1.9000000000000057,7947.039999999989,4338.0,2026-06-29T09:49:00-04:00,1.8999999999999986,7947.040000000004,4343.0,2026-06-29T09:54:00-04:00,1.8500000000000085,8047.039999999984,4336.0,2026-06-29T09:47:00-04:00,2.450000000000003,6847.039999999995,4469.0,2026-06-29T12:00:00-04:00,0.8000000000000007,10147.04,4470.0,2026-06-29T12:01:00-04:00,0.5500000000000043,10647.039999999994,4471.0,2026-06-29T12:02:00-04:00,0.9000000000000021,9947.039999999997,4470.0,2026-06-29T12:01:00-04:00,0.5500000000000043,10647.039999999994,4500.0,2026-06-29T12:31:00-04:00,0.3000000000000007,11147.04,4511.0,2026-06-29T12:42:00-04:00,0.4499999999999993,10847.040000000003,4512.0,2026-06-29T12:43:00-04:00,0.29999999999999893,11147.040000000005,4501.0,2026-06-29T12:32:00-04:00,0.5,10747.04,3523
2026-06-26,2026-06-29,3,7.0,2026-06-26T09:31:00-04:00,7.099999999999909,NDXP  260629P29530000,NDXP  260629P29520000,final_holdout,False,False,0,0,0,4,0,789,available,False,2026-06-26T09:31:00-04:00,2026-06-29T15:58:00-04:00,0.025000000000000022,13897.039999999819,2.0,last_observed_quote_not_settlement,3916.0,165,91,6.9500000000000455,47.03999999972786,2026-06-26T09:32:00-04:00,0.0,7.25,-552.9600000001813,2026-06-26T09:33:00-04:00,0.0,7.2000000000000455,-452.96000000027215,2026-06-26T09:36:00-04:00,0.0,7.7999999999999545,-1652.9600000000903,2026-06-26T09:41:00-04:00,0.0,7.149999999999977,-352.9600000001357,2026-06-26T09:46:00-04:00,0.0,6.100000000000023,1747.0399999997733,2026-06-26T10:01:00-04:00,0.0,6.050000000000011,1847.039999999796,2026-06-26T10:31:00-04:00,0.0,5.699999999999989,2547.0399999998417,2026-06-26T11:31:00-04:00,0.0,8.200000000000045,-2452.960000000274,2026-06-26T16:00:00-04:00,0.0,,,2026-06-26T16:15:00-04:00,85500.0,,,2026-06-26T16:15:00-04:00,171900.0,,,2026-06-29T15:58:00-04:00,120.0,40.0,hit,46.0,hit,46.0,hit,4350.0,hit,4352.0,hit,4543.0,hit,4562.0,hit,6.0,hit,6.0,hit,0.0,hit,6.0,hit,6.0,hit,29.0,hit,9.849999999999909,111,True,True,True,True,,9.849999999999909,112,True,True,True,True,,10.0,165,True,True,True,True,,10.0,165,True,True,True,True,,4350.0,2026-06-29T10:01:00-04:00,2.75,8447.039999999819,4486.0,2026-06-29T12:17:00-04:00,2.5,8947.039999999819,4490.0,2026-06-29T12:21:00-04:00,2.3500000000000014,9247.039999999817,4351.0,2026-06-29T10:02:00-04:00,7.7000000000000455,-1452.9600000002722,4515.0,2026-06-29T12:46:00-04:00,1.8999999999999986,10147.039999999823,4521.0,2026-06-29T12:52:00-04:00,1.6500000000000021,10647.039999999815,4522.0,2026-06-29T12:53:00-04:00,1.6500000000000021,10647.039999999815,4516.0,2026-06-29T12:47:00-04:00,2.1000000000000014,9747.039999999817,4544.0,2026-06-29T13:15:00-04:00,0.9499999999999993,12047.03999999982,4545.0,2026-06-29T13:16:00-04:00,0.9499999999999993,12047.03999999982,4549.0,2026-06-29T13:20:00-04:00,0.9000000000000004,12147.039999999819,4545.0,2026-06-29T13:16:00-04:00,0.9499999999999993,12047.03999999982,4562.0,2026-06-29T13:33:00-04:00,0.4499999999999993,13047.03999999982,4602.0,2026-06-29T14:13:00-04:00,0.4499999999999993,13047.03999999982,4603.0,2026-06-29T14:14:00-04:00,0.3500000000000014,13247.039999999817,4563.0,2026-06-29T13:34:00-04:00,0.9000000000000021,12147.039999999815,3524
2026-06-29,2026-07-01,2,5.0,2026-06-29T09:31:00-04:00,5.0,NDXP  260701P29430000,NDXP  260701P29420000,final_holdout,False,False,0,0,0,51,0,1088,available,False,2026-06-29T09:31:00-04:00,2026-07-01T14:34:00-04:00,0.025000000000000022,9697.04,86.0,last_observed_quote_not_settlement,1036.0,34,16,4.600000000000023,547.0399999999552,2026-06-29T09:32:00-04:00,0.0,4.0,1747.0400000000006,2026-06-29T09:33:00-04:00,0.0,4.149999999999977,1447.0400000000461,2026-06-29T09:36:00-04:00,0.0,4.75,247.04000000000067,2026-06-29T09:41:00-04:00,0.0,3.9000000000000057,1947.0399999999893,2026-06-29T09:46:00-04:00,0.0,4.649999999999977,447.0400000000462,2026-06-29T10:01:00-04:00,0.0,4.650000000000034,447.0399999999325,2026-06-29T10:31:00-04:00,0.0,3.549999999999983,2647.040000000035,2026-06-29T11:31:00-04:00,0.0,2.3499999999999943,5047.040000000012,2026-06-29T16:00:00-04:00,0.0,0.1999999999999993,9347.040000000003,2026-06-30T16:00:00-04:00,0.0,,,2026-07-01T14:34:00-04:00,5160.0,,,,,0.0,hit,0.0,hit,2.0,hit,164.0,hit,319.0,hit,1462.0,hit,1502.0,hit,34.0,hit,38.0,hit,38.0,hit,39.0,hit,39.0,hit,,never_hit,9.300000000000011,34,True,True,True,True,,9.300000000000011,34,True,True,True,True,,9.300000000000011,34,True,True,True,True,,9.300000000000011,34,True,True,True,True,,166.0,2026-06-29T12:17:00-04:00,2.8999999999999773,3947.0400000000463,205.0,2026-06-29T12:56:00-04:00,2.9499999999999886,3847.0400000000236,206.0,2026-06-29T12:57:00-04:00,2.900000000000034,3947.0399999999327,167.0,2026-06-29T12:18:00-04:00,3.299999999999983,3147.040000000035,399.0,2026-06-29T16:10:00-04:00,1.8500000000000085,6047.039999999984,1444.0,2026-06-30T09:35:00-04:00,1.75,6247.040000000001,1445.0,2026-06-30T09:36:00-04:00,1.2999999999999972,7147.040000000006,400.0,2026-06-29T16:11:00-04:00,2.5,4747.040000000001,1462.0,2026-06-30T09:53:00-04:00,0.8999999999999986,7947.040000000004,1473.0,2026-06-30T10:04:00-04:00,0.7999999999999972,8147.040000000007,1474.0,2026-06-30T10:05:00-04:00,0.7999999999999972,8147.040000000007,1463.0,2026-06-30T09:54:00-04:00,1.1000000000000014,7547.039999999998,1502.0,2026-06-30T10:33:00-04:00,0.44999999999999574,8847.04000000001,1616.0,2026-06-30T12:27:00-04:00,0.4499999999999993,8847.040000000003,1645.0,2026-06-30T12:56:00-04:00,0.29999999999999716,9147.040000000008,1503.0,2026-06-30T10:34:00-04:00,0.7000000000000028,8347.039999999995,3525
2026-06-29,2026-07-01,2,6.0,2026-06-29T09:31:00-04:00,5.900000000000034,NDXP  260701P29690000,NDXP  260701P29680000,final_holdout,False,False,0,0,3,8,0,1182,available,False,2026-06-29T09:31:00-04:00,2026-07-01T15:58:00-04:00,0.025000000000000022,11497.04000000007,2.0,last_observed_quote_not_settlement,1036.0,75,49,6.150000000000034,-752.9599999999994,2026-06-29T09:32:00-04:00,0.0,7.0,-2452.959999999931,2026-06-29T09:33:00-04:00,0.0,5.800000000000011,-52.959999999953816,2026-06-29T09:36:00-04:00,0.0,7.0,-2452.959999999931,2026-06-29T09:41:00-04:00,0.0,5.25,1047.0400000000689,2026-06-29T09:46:00-04:00,0.0,5.900000000000091,-252.96000000011298,2026-06-29T10:01:00-04:00,0.0,1.8000000000000114,7947.040000000046,2026-06-29T10:31:00-04:00,0.0,3.9499999999999886,3647.040000000092,2026-06-29T11:31:00-04:00,0.0,4.0,3547.040000000069,2026-06-29T16:00:00-04:00,0.0,,,2026-06-30T15:59:00-04:00,60.0,,,2026-07-01T15:58:00-04:00,120.0,,,,,6.0,hit,6.0,hit,11.0,hit,27.0,hit,27.0,hit,1585.0,hit,1781.0,hit,2.0,hit,2.0,hit,2.0,hit,3.0,hit,51.0,hit,64.0,hit,8.75,9,True,True,False,False,,8.75,9,True,True,False,False,,9.850000000000023,75,True,True,True,True,,9.850000000000023,75,True,True,True,True,,27.0,2026-06-29T09:58:00-04:00,1.6499999999999773,8247.040000000115,1445.0,2026-06-30T09:36:00-04:00,2.4000000000000057,6747.040000000057,1446.0,2026-06-30T09:37:00-04:00,2.75,6047.040000000069,28.0,2026-06-29T09:59:00-04:00,7.449999999999989,-3352.959999999908,27.0,2026-06-29T09:58:00-04:00,1.6499999999999773,8247.040000000115,1466.0,2026-06-30T09:57:00-04:00,1.8999999999999915,7747.040000000086,1474.0,2026-06-30T10:05:00-04:00,1.6000000000000085,8347.040000000054,28.0,2026-06-29T09:59:00-04:00,7.449999999999989,-3352.959999999908,1585.0,2026-06-30T11:56:00-04:00,0.9499999999999957,9647.040000000079,1626.0,2026-06-30T12:37:00-04:00,0.9000000000000057,9747.040000000059,1639.0,2026-06-30T12:50:00-04:00,0.8500000000000014,9847.040000000066,1586.0,2026-06-30T11:57:00-04:00,1.1000000000000014,9347.040000000066,1819.0,2026-06-30T15:50:00-04:00,0.3500000000000014,10847.040000000066,2989.0,2026-07-01T11:20:00-04:00,0.39999999999999947,10747.04000000007,2990.0,2026-07-01T11:21:00-04:00,0.15000000000000036,11247.04000000007,1820.0,2026-06-30T15:51:00-04:00,0.6500000000000021,10247.040000000066,3526
2026-06-29,2026-07-01,2,7.0,2026-06-29T09:31:00-04:00,7.0,NDXP  260701P29790000,NDXP  260701P29780000,final_holdout,False,False,0,0,1,10,0,1190,available,False,2026-06-29T09:31:00-04:00,2026-07-01T16:00:00-04:00,1.75,10247.04,0.0,last_observed_quote_not_settlement,1036.0,52,48,7.350000000000023,-952.9600000000448,2026-06-29T09:32:00-04:00,0.0,6.2999999999999545,1147.0400000000916,2026-06-29T09:33:00-04:00,0.0,3.1999999999999886,7347.040000000024,2026-06-29T09:36:00-04:00,0.0,6.349999999999966,1047.0400000000689,2026-06-29T09:41:00-04:00,0.0,8.149999999999977,-2552.9599999999555,2026-06-29T09:46:00-04:00,0.0,7.100000000000136,-452.96000000027215,2026-06-29T10:01:00-04:00,0.0,8.0,-2252.960000000001,2026-06-29T10:31:00-04:00,0.0,6.7000000000000455,347.03999999990975,2026-06-29T11:31:00-04:00,0.0,4.300000000000011,5147.039999999978,2026-06-29T16:00:00-04:00,0.0,0.8000000000000114,12147.039999999979,2026-06-30T16:00:00-04:00,0.0,1.75,10247.04,2026-07-01T16:00:00-04:00,0.0,,,,,5.0,hit,5.0,hit,5.0,hit,152.0,hit,1445.0,hit,1642.0,hit,1790.0,hit,9.0,hit,9.0,hit,0.0,hit,9.0,hit,50.0,hit,50.0,hit,9.649999999999977,44,True,True,True,True,,9.650000000000091,52,True,True,True,True,,9.650000000000091,52,True,True,True,True,,9.650000000000091,52,True,True,True,True,,152.0,2026-06-29T12:03:00-04:00,2.8999999999999773,7947.040000000046,1463.0,2026-06-30T09:54:00-04:00,2.549999999999997,8647.040000000008,1464.0,2026-06-30T09:55:00-04:00,2.6500000000000057,8447.03999999999,153.0,2026-06-29T12:04:00-04:00,4.349999999999966,5047.040000000069,1445.0,2026-06-30T09:36:00-04:00,1.6499999999999773,10447.040000000046,1492.0,2026-06-30T10:23:00-04:00,1.7999999999999972,10147.040000000008,1493.0,2026-06-30T10:24:00-04:00,1.9499999999999886,9847.040000000025,1446.0,2026-06-30T09:37:00-04:00,3.0,7747.040000000001,1661.0,2026-06-30T13:12:00-04:00,0.8999999999999986,11947.040000000005,1754.0,2026-06-30T14:45:00-04:00,0.9499999999999957,11847.04000000001,1755.0,2026-06-30T14:46:00-04:00,0.8499999999999943,12047.040000000014,1662.0,2026-06-30T13:13:00-04:00,1.0999999999999943,11547.040000000014,1819.0,2026-06-30T15:50:00-04:00,0.3500000000000014,13047.039999999999,3221.0,2026-07-01T15:12:00-04:00,0.2250000000000001,13297.04,3222.0,2026-07-01T15:13:00-04:00,0.3999999999999999,12947.04,1820.0,2026-06-30T15:51:00-04:00,0.8999999999999986,11947.040000000005,3527
2026-06-29,2026-07-02,3,5.0,2026-06-29T09:31:00-04:00,4.9500000000000455,NDXP  260702P29550000,NDXP  260702P29540000,final_holdout,False,False,0,0,0,44,0,1561,available,False,2026-06-29T09:31:00-04:00,2026-07-02T16:00:00-04:00,9.700000000000017,-9752.959999999943,0.0,last_observed_quote_not_settlement,1036.0,262,37,5.050000000000011,-452.9599999999311,2026-06-29T09:32:00-04:00,0.0,4.2999999999999545,1047.0400000001825,2026-06-29T09:33:00-04:00,0.0,4.899999999999977,-152.95999999986287,2026-06-29T09:36:00-04:00,0.0,4.2000000000000455,1247.0400000000006,2026-06-29T09:41:00-04:00,0.0,4.350000000000023,947.0400000000461,2026-06-29T09:46:00-04:00,0.0,1.6499999999999773,6347.040000000137,2026-06-29T10:01:00-04:00,0.0,2.9500000000000455,3747.040000000001,2026-06-29T10:31:00-04:00,0.0,3.7999999999999545,2047.0400000001828,2026-06-29T11:31:00-04:00,0.0,3.3000000000000114,3047.040000000069,2026-06-29T16:00:00-04:00,0.0,0.9999999999999929,7647.0400000001055,2026-06-30T16:00:00-04:00,0.0,2.3000000000000114,5047.040000000069,2026-07-01T16:00:00-04:00,0.0,9.700000000000017,-9752.959999999943,2026-07-02T16:00:00-04:00,0.0,0.0,hit,0.0,hit,22.0,hit,30.0,hit,30.0,hit,41.0,hit,58.0,hit,27.0,hit,34.0,hit,34.0,hit,34.0,hit,34.0,hit,34.0,hit,5.500000000000057,6,False,False,False,False,,5.500000000000057,6,False,False,False,False,,9.750000000000057,13,True,True,True,True,,9.750000000000057,18,True,True,True,True,,30.0,2026-06-29T10:01:00-04:00,1.6499999999999773,6347.040000000137,58.0,2026-06-29T10:29:00-04:00,0.4000000000000341,8847.040000000025,1443.0,2026-06-30T09:34:00-04:00,2.700000000000017,4247.040000000057,31.0,2026-06-29T10:02:00-04:00,5.449999999999932,-1252.959999999772,30.0,2026-06-29T10:01:00-04:00,1.6499999999999773,6347.040000000137,1463.0,2026-06-30T09:54:00-04:00,1.75,6147.040000000092,1464.0,2026-06-30T09:55:00-04:00,1.9000000000000057,5847.04000000008,31.0,2026-06-29T10:02:00-04:00,5.449999999999932,-1252.959999999772,41.0,2026-06-29T10:12:00-04:00,0.6499999999999773,8347.040000000137,1658.0,2026-06-30T13:09:00-04:00,0.9499999999999957,7747.0400000001,1730.0,2026-06-30T14:21:00-04:00,0.8999999999999915,7847.040000000109,42.0,2026-06-29T10:13:00-04:00,4.850000000000023,-52.959999999953816,58.0,2026-06-29T10:29:00-04:00,0.4000000000000341,8847.040000000025,4352.0,2026-07-02T10:03:00-04:00,0.40000000000000036,8847.040000000092,4353.0,2026-07-02T10:04:00-04:00,0.34999999999999964,8947.040000000094,59.0,2026-06-29T10:30:00-04:00,5.399999999999977,-1152.959999999863,3528
2026-06-29,2026-07-02,3,6.0,2026-06-29T09:31:00-04:00,6.0,NDXP  260702P29740000,NDXP  260702P29730000,final_holdout,False,False,0,0,0,62,0,1542,available,False,2026-06-29T09:31:00-04:00,2026-07-02T15:59:00-04:00,9.949999999999989,-8152.959999999978,1.0,last_observed_quote_not_settlement,1036.0,279,76,6.25,-752.9599999999994,2026-06-29T09:32:00-04:00,0.0,4.949999999999989,1847.0400000000234,2026-06-29T09:33:00-04:00,0.0,5.25,1247.0400000000006,2026-06-29T09:36:00-04:00,0.0,6.25,-752.9599999999994,2026-06-29T09:41:00-04:00,0.0,5.400000000000034,947.0399999999324,2026-06-29T09:46:00-04:00,0.0,5.399999999999864,947.0400000002735,2026-06-29T10:01:00-04:00,0.0,6.350000000000023,-952.9600000000448,2026-06-29T10:31:00-04:00,0.0,3.5,4747.040000000001,2026-06-29T11:31:00-04:00,0.0,3.8999999999999773,3947.0400000000463,2026-06-29T16:00:00-04:00,0.0,1.0,9747.04,2026-06-30T16:00:00-04:00,0.0,5.050000000000011,1647.039999999978,2026-07-01T16:00:00-04:00,0.0,,,2026-07-02T15:59:00-04:00,60.0,2.0,hit,2.0,hit,4.0,hit,4.0,hit,14.0,hit,121.0,hit,,never_hit,7.0,hit,7.0,hit,7.0,hit,38.0,hit,50.0,hit,59.0,hit,6.25,1,False,False,False,False,,7.449999999999932,4,True,False,False,False,,9.549999999999955,64,True,True,True,True,,,,True,True,True,False,5.2999999999999545,4.0,2026-06-29T09:35:00-04:00,2.599999999999966,6547.040000000069,381.0,2026-06-29T15:52:00-04:00,2.75,6247.040000000001,1463.0,2026-06-30T09:54:00-04:00,2.700000000000017,6347.039999999966,5.0,2026-06-29T09:36:00-04:00,5.25,1247.0400000000006,14.0,2026-06-29T09:45:00-04:00,1.9499999999999886,7847.040000000024,1499.0,2026-06-30T10:30:00-04:00,1.700000000000017,8347.039999999968,1545.0,2026-06-30T11:16:00-04:00,1.9000000000000057,7947.039999999989,15.0,2026-06-29T09:46:00-04:00,5.400000000000034,947.0399999999324,121.0,2026-06-29T11:32:00-04:00,0.7000000000000455,10347.03999999991,4352.0,2026-07-02T10:03:00-04:00,0.8500000000000014,10047.039999999999,,,,,,,,,,,,,,,,,,,,,,,,,3529
2026-06-29,2026-07-02,3,7.0,2026-06-29T09:31:00-04:00,7.0,NDXP  260702P29940000,NDXP  260702P29930000,final_holdout,False,False,0,0,0,84,0,1520,available,False,2026-06-29T09:31:00-04:00,2026-07-02T15:59:00-04:00,10.0,-6152.96,1.0,last_observed_quote_not_settlement,1036.0,285,87,7.600000000000023,-1452.9600000000448,2026-06-29T09:32:00-04:00,0.0,6.599999999999909,547.0400000001825,2026-06-29T09:33:00-04:00,0.0,6.5,747.0400000000006,2026-06-29T09:36:00-04:00,0.0,6.350000000000136,1047.0399999997278,2026-06-29T09:41:00-04:00,0.0,6.250000000000114,1247.0399999997733,2026-06-29T09:46:00-04:00,0.0,6.399999999999977,947.0400000000461,2026-06-29T10:01:00-04:00,0.0,5.649999999999977,2447.0400000000463,2026-06-29T10:31:00-04:00,0.0,7.75,-1752.9599999999994,2026-06-29T11:31:00-04:00,0.0,4.75,4247.040000000001,2026-06-29T16:00:00-04:00,0.0,2.25,9247.04,2026-06-30T16:00:00-04:00,0.0,5.449999999999989,2847.0400000000236,2026-07-01T16:00:00-04:00,0.0,,,2026-07-02T15:59:00-04:00,60.0,3.0,hit,12.0,hit,50.0,hit,61.0,hit,162.0,hit,,never_hit,,never_hit,1.0,hit,4.0,hit,0.0,hit,4.0,hit,4.0,hit,46.0,hit,9.5,18,True,True,True,True,,9.5,45,True,True,True,True,,,,True,True,True,False,5.900000000000034,,,True,True,True,False,5.900000000000034,61.0,2026-06-29T10:32:00-04:00,2.699999999999932,8347.040000000137,162.0,2026-06-29T12:13:00-04:00,1.8000000000000114,10147.039999999979,1475.0,2026-06-30T10:06:00-04:00,2.8999999999999773,7947.040000000046,62.0,2026-06-29T10:33:00-04:00,6.2999999999999545,1147.0400000000916,162.0,2026-06-29T12:13:00-04:00,1.8000000000000114,10147.039999999979,381.0,2026-06-29T15:52:00-04:00,1.9499999999999318,9847.040000000137,1784.0,2026-06-30T15:15:00-04:00,1.9000000000000057,9947.03999999999,163.0,2026-06-29T12:14:00-04:00,6.199999999999989,1347.0400000000234,,,,,,,,,,,,,,,,,,,,,,,,,,,,,,,,,3530
2026-06-30,2026-07-02,2,5.0,2026-06-30T09:31:00-04:00,5.0,NDXP  260702P29900000,NDXP  260702P29890000,final_holdout,False,False,0,0,0,71,0,1128,available,False,2026-06-30T09:31:00-04:00,2026-07-02T15:59:00-04:00,2.75,4247.040000000001,1.0,last_observed_quote_not_settlement,1036.0,232,17,4.800000000000068,147.03999999986428,2026-06-30T09:32:00-04:00,0.0,4.2000000000000455,1347.0399999999097,2026-06-30T09:33:00-04:00,0.0,4.5,747.0400000000006,2026-06-30T09:36:00-04:00,0.0,4.0,1747.0400000000006,2026-06-30T09:41:00-04:00,0.0,4.0,1747.0400000000006,2026-06-30T09:46:00-04:00,0.0,3.1000000000000227,3547.0399999999554,2026-06-30T10:01:00-04:00,0.0,2.950000000000017,3847.0399999999668,2026-06-30T10:31:00-04:00,0.0,2.5,4747.040000000001,2026-06-30T11:31:00-04:00,0.0,2.049999999999983,5647.0400000000345,2026-06-30T16:00:00-04:00,0.0,4.849999999999994,47.04000000001208,2026-07-01T16:00:00-04:00,0.0,,,2026-07-02T15:59:00-04:00,60.0,,,,,0.0,hit,0.0,hit,6.0,hit,32.0,hit,153.0,hit,3072.0,hit,3073.0,hit,1833.0,hit,1841.0,hit,1841.0,hit,2943.0,hit,2951.0,hit,2959.0,hit,5.0,0,False,False,False,False,,5.0,0,False,False,False,False,,10.0,129,True,True,True,True,,10.0,129,True,True,True,True,,32.0,2026-06-30T10:03:00-04:00,2.9000000000000057,3947.0399999999895,33.0,2026-06-30T10:04:00-04:00,2.6500000000000057,4447.039999999989,34.0,2026-06-30T10:05:00-04:00,2.6999999999999886,4347.040000000024,33.0,2026-06-30T10:04:00-04:00,2.6500000000000057,4447.039999999989,212.0,2026-06-30T13:03:00-04:00,1.8999999999999915,5947.040000000018,216.0,2026-06-30T13:07:00-04:00,1.8499999999999943,6047.040000000012,332.0,2026-06-30T15:03:00-04:00,1.4499999999999886,6847.040000000024,213.0,2026-06-30T13:04:00-04:00,1.9500000000000028,5847.039999999995,3072.0,2026-07-02T12:43:00-04:00,0.5500000000000682,8647.039999999864,3073.0,2026-07-02T12:44:00-04:00,0.4499999999999318,8847.040000000137,,,,,3073.0,2026-07-02T12:44:00-04:00,0.4499999999999318,8847.040000000137,3073.0,2026-07-02T12:44:00-04:00,0.4499999999999318,8847.040000000137,,,,,,,,,,,,,3531
2026-06-30,2026-07-02,2,6.0,2026-06-30T09:31:00-04:00,5.9500000000000455,NDXP  260702P30090000,NDXP  260702P30080000,final_holdout,False,False,0,0,0,69,0,1130,available,False,2026-06-30T09:31:00-04:00,2026-07-02T15:58:00-04:00,10.0,-8252.959999999908,2.0,last_observed_quote_not_settlement,1036.0,369,74,5.050000000000011,1547.0400000000689,2026-06-30T09:32:00-04:00,0.0,5.150000000000034,1347.0400000000234,2026-06-30T09:33:00-04:00,0.0,5.149999999999977,1347.040000000137,2026-06-30T09:36:00-04:00,0.0,4.399999999999977,2847.0400000001373,2026-06-30T09:41:00-04:00,0.0,4.899999999999977,1847.040000000137,2026-06-30T09:46:00-04:00,0.0,4.050000000000011,3547.040000000069,2026-06-30T10:01:00-04:00,0.0,3.5,4647.040000000092,2026-06-30T10:31:00-04:00,0.0,3.7499999999999716,4147.040000000148,2026-06-30T11:31:00-04:00,0.0,2.8999999999999773,5847.040000000137,2026-06-30T16:00:00-04:00,0.0,8.25,-4852.95999999991,2026-07-01T16:00:00-04:00,0.0,,,2026-07-02T15:58:00-04:00,120.0,,,,,1.0,hit,3.0,hit,9.0,hit,179.0,hit,1469.0,hit,1469.0,hit,1469.0,hit,1514.0,hit,1699.0,hit,1699.0,hit,1762.0,hit,2890.0,hit,2890.0,hit,5.9500000000000455,0,False,False,False,False,,6.449999999999989,5,False,False,False,False,,6.449999999999989,5,False,False,False,False,,6.449999999999989,5,False,False,False,False,,193.0,2026-06-30T12:44:00-04:00,2.8999999999999773,5847.040000000137,198.0,2026-06-30T12:49:00-04:00,2.9000000000000057,5847.04000000008,215.0,2026-06-30T13:06:00-04:00,2.8499999999999943,5947.040000000103,194.0,2026-06-30T12:45:00-04:00,3.0500000000000114,5547.040000000069,1469.0,2026-07-01T10:00:00-04:00,0.5,10647.040000000092,,,,,,,,,1470.0,2026-07-01T10:01:00-04:00,3.9499999999999886,3747.0400000001146,1469.0,2026-07-01T10:00:00-04:00,0.5,10647.040000000092,,,,,,,,,1470.0,2026-07-01T10:01:00-04:00,3.9499999999999886,3747.0400000001146,,,,,,,,,,,,,,,,,3532
2026-06-30,2026-07-02,2,7.0,2026-06-30T09:31:00-04:00,7.0,NDXP  260702P30270000,NDXP  260702P30260000,final_holdout,False,False,0,0,0,148,0,1051,available,False,2026-06-30T09:31:00-04:00,2026-07-02T15:59:00-04:00,9.450000000000045,-5152.960000000092,1.0,last_observed_quote_not_settlement,1036.0,477,110,6.899999999999977,-52.959999999953816,2026-06-30T09:32:00-04:00,0.0,,,2026-06-30T09:32:00-04:00,60.0,3.3000000000000114,7147.039999999978,2026-06-30T09:36:00-04:00,0.0,5.0,3747.040000000001,2026-06-30T09:41:00-04:00,0.0,5.5,2747.040000000001,2026-06-30T09:46:00-04:00,0.0,5.550000000000011,2647.039999999978,2026-06-30T10:01:00-04:00,0.0,4.75,4247.040000000001,2026-06-30T10:31:00-04:00,0.0,4.949999999999989,3847.0400000000236,2026-06-30T11:31:00-04:00,0.0,4.25,5247.040000000001,2026-06-30T16:00:00-04:00,0.0,8.400000000000034,-3052.960000000069,2026-07-01T16:00:00-04:00,0.0,,,2026-07-02T15:59:00-04:00,60.0,,,,,5.0,hit,5.0,hit,5.0,hit,41.0,hit,41.0,hit,1454.0,hit,1454.0,hit,3.0,hit,3.0,hit,0.0,hit,3.0,hit,81.0,hit,81.0,hit,8.649999999999977,2,True,True,False,False,,8.649999999999977,2,True,True,False,False,,9.899999999999977,13,True,True,True,True,,9.899999999999977,13,True,True,True,True,,41.0,2026-06-30T10:12:00-04:00,1.3500000000000227,11047.039999999955,,,,,,,,,42.0,2026-06-30T10:13:00-04:00,7.149999999999977,-552.9599999999539,41.0,2026-06-30T10:12:00-04:00,1.3500000000000227,11047.039999999955,,,,,,,,,42.0,2026-06-30T10:13:00-04:00,7.149999999999977,-552.9599999999539,1454.0,2026-07-01T09:45:00-04:00,0.0,13747.04,,,,,,,,,1455.0,2026-07-01T09:46:00-04:00,7.050000000000011,-352.96000000002203,1454.0,2026-07-01T09:45:00-04:00,0.0,13747.04,,,,,,,,,1455.0,2026-07-01T09:46:00-04:00,7.050000000000011,-352.96000000002203,3533
2026-07-06,2026-07-08,2,5.0,2026-07-06T09:31:00-04:00,4.9500000000000455,NDXP  260708P30090000,NDXP  260708P30080000,final_holdout,False,False,0,0,0,176,0,1023,available,False,2026-07-06T09:31:00-04:00,2026-07-08T15:59:00-04:00,9.949999999999932,-10252.959999999774,1.0,last_observed_quote_not_settlement,1036.0,902,15,5.399999999999977,-1152.959999999863,2026-07-06T09:32:00-04:00,0.0,7.149999999999977,-4652.959999999863,2026-07-06T09:33:00-04:00,0.0,8.599999999999966,-7552.959999999842,2026-07-06T09:36:00-04:00,0.0,2.4499999999999886,4747.040000000115,2026-07-06T09:41:00-04:00,0.0,7.2000000000000455,-4752.959999999999,2026-07-06T09:46:00-04:00,0.0,7.400000000000034,-5152.959999999976,2026-07-06T10:01:00-04:00,0.0,7.099999999999966,-4552.95999999984,2026-07-06T10:31:00-04:00,0.0,6.800000000000068,-3952.9600000000446,2026-07-06T11:31:00-04:00,0.0,8.0,-6352.95999999991,2026-07-06T16:00:00-04:00,0.0,10.0,-10252.959999999908,2026-07-07T16:00:00-04:00,0.0,,,2026-07-08T15:59:00-04:00,60.0,,,,,0.0,hit,0.0,hit,10.0,hit,10.0,hit,,never_hit,,never_hit,,never_hit,2.0,hit,2.0,hit,2.0,hit,5.0,hit,256.0,hit,256.0,hit,8.599999999999966,9,True,True,False,False,,,,True,True,True,False,2.500000000000057,,,True,True,True,False,2.500000000000057,,,True,True,True,False,2.500000000000057,10.0,2026-07-06T09:41:00-04:00,2.4499999999999886,4747.040000000115,,,,,,,,,,,,,,,,,,,,,,,,,,,,,,,,,,,,,,,,,,,,,,,,,,,,,,,,,,,,,3534
2026-07-06,2026-07-08,2,6.0,2026-07-06T09:31:00-04:00,6.0,NDXP  260708P29820000,NDXP  260708P29810000,final_holdout,False,False,0,0,0,160,0,1039,available,False,2026-07-06T09:31:00-04:00,2026-07-08T15:57:00-04:00,10.0,-8152.96,3.0,last_observed_quote_not_settlement,1036.0,513,19,5.149999999999977,1447.0400000000461,2026-07-06T09:32:00-04:00,0.0,,,2026-07-06T09:32:00-04:00,60.0,4.099999999999966,3547.040000000069,2026-07-06T09:36:00-04:00,0.0,3.4500000000000455,4847.03999999991,2026-07-06T09:41:00-04:00,0.0,4.949999999999989,1847.0400000000234,2026-07-06T09:46:00-04:00,0.0,5.100000000000023,1547.0399999999552,2026-07-06T10:01:00-04:00,0.0,4.099999999999994,3547.0400000000122,2026-07-06T10:31:00-04:00,0.0,4.299999999999983,3147.040000000035,2026-07-06T11:31:00-04:00,0.0,5.900000000000006,-52.96000000001066,2026-07-06T16:00:00-04:00,0.0,9.550000000000068,-7352.960000000137,2026-07-07T16:00:00-04:00,0.0,,,2026-07-08T15:57:00-04:00,180.0,,,,,1.0,hit,5.0,hit,7.0,hit,7.0,hit,28.0,hit,,never_hit,,never_hit,12.0,hit,12.0,hit,12.0,hit,1440.0,hit,1440.0,hit,1466.0,hit,6.0,0,False,False,False,False,,7.149999999999977,1,True,False,False,False,,,,True,True,True,False,4.150000000000034,,,True,True,True,False,4.150000000000034,7.0,2026-07-06T09:38:00-04:00,2.9499999999999886,5847.040000000024,,,,,,,,,8.0,2026-07-06T09:39:00-04:00,5.350000000000023,1047.0399999999552,28.0,2026-07-06T09:59:00-04:00,1.849999999999966,8047.040000000069,,,,,,,,,29.0,2026-07-06T10:00:00-04:00,5.0,1747.0400000000006,,,,,,,,,,,,,,,,,,,,,,,,,,,,,,,,,3535
2026-07-06,2026-07-08,2,7.0,2026-07-06T09:31:00-04:00,7.0,NDXP  260708P30000000,NDXP  260708P29990000,final_holdout,False,False,0,0,3,293,0,903,available,False,2026-07-06T09:31:00-04:00,2026-07-08T15:59:00-04:00,9.949999999999932,-6152.9599999998645,1.0,last_observed_quote_not_settlement,1038.0,495,123,6.899999999999977,-52.959999999953816,2026-07-06T09:32:00-04:00,0.0,5.300000000000011,3147.039999999978,2026-07-06T09:33:00-04:00,0.0,4.4500000000000455,4847.03999999991,2026-07-06T09:36:00-04:00,0.0,4.300000000000011,5147.039999999978,2026-07-06T09:41:00-04:00,0.0,7.0,-252.9599999999993,2026-07-06T09:46:00-04:00,0.0,5.25,3247.040000000001,2026-07-06T10:01:00-04:00,0.0,,,2026-07-06T10:30:00-04:00,60.0,6.149999999999977,1447.0400000000461,2026-07-06T11:31:00-04:00,0.0,9.0,-4252.960000000001,2026-07-06T16:00:00-04:00,0.0,6.849999999999909,47.04000000018261,2026-07-07T16:00:00-04:00,0.0,,,2026-07-08T15:59:00-04:00,60.0,,,,,2.0,hit,3.0,hit,3.0,hit,43.0,hit,45.0,hit,45.0,hit,45.0,hit,4.0,hit,11.0,hit,0.0,hit,11.0,hit,84.0,hit,84.0,hit,8.849999999999966,9,True,True,False,False,,8.849999999999966,9,True,True,False,False,,8.849999999999966,9,True,True,False,False,,8.849999999999966,9,True,True,False,False,,43.0,2026-07-06T10:14:00-04:00,2.3999999999999773,8947.040000000046,53.0,2026-07-06T10:24:00-04:00,0.30000000000001137,13147.039999999979,59.0,2026-07-06T10:30:00-04:00,2.5,8747.04,44.0,2026-07-06T10:15:00-04:00,4.5499999999999545,4647.040000000092,45.0,2026-07-06T10:16:00-04:00,0.30000000000001137,13147.039999999979,72.0,2026-07-06T10:43:00-04:00,1.0500000000000114,11647.039999999979,157.0,2026-07-06T12:08:00-04:00,1.349999999999966,11047.04000000007,46.0,2026-07-06T10:17:00-04:00,3.75,6247.040000000001,45.0,2026-07-06T10:16:00-04:00,0.30000000000001137,13147.039999999979,96.0,2026-07-06T11:07:00-04:00,0.0,13747.04,,,,,46.0,2026-07-06T10:17:00-04:00,3.75,6247.040000000001,45.0,2026-07-06T10:16:00-04:00,0.30000000000001137,13147.039999999979,,,,,,,,,46.0,2026-07-06T10:17:00-04:00,3.75,6247.040000000001,3536
2026-07-06,2026-07-09,3,5.0,2026-07-06T09:31:00-04:00,5.0,NDXP  260709P29720000,NDXP  260709P29710000,final_holdout,False,False,0,0,0,55,0,1550,available,False,2026-07-06T09:31:00-04:00,2026-07-09T16:00:00-04:00,3.0,3747.040000000001,0.0,last_observed_quote_not_settlement,1036.0,934,34,4.899999999999977,-52.959999999953816,2026-07-06T09:32:00-04:00,0.0,4.5,747.0400000000006,2026-07-06T09:33:00-04:00,0.0,5.050000000000068,-352.9600000001357,2026-07-06T09:36:00-04:00,0.0,4.649999999999977,447.0400000000462,2026-07-06T09:41:00-04:00,0.0,4.149999999999977,1447.0400000000461,2026-07-06T09:46:00-04:00,0.0,4.100000000000023,1547.0399999999552,2026-07-06T10:01:00-04:00,0.0,3.6500000000000057,2447.0399999999895,2026-07-06T10:31:00-04:00,0.0,3.7000000000000455,2347.03999999991,2026-07-06T11:31:00-04:00,0.0,5.600000000000023,-1452.9600000000448,2026-07-06T16:00:00-04:00,0.0,7.850000000000023,-5952.960000000045,2026-07-07T16:00:00-04:00,0.0,9.300000000000068,-8852.960000000137,2026-07-08T16:00:00-04:00,0.0,3.0,3747.040000000001,2026-07-09T16:00:00-04:00,0.0,0.0,hit,0.0,hit,21.0,hit,4543.0,hit,4557.0,hit,,never_hit,,never_hit,389.0,hit,1440.0,hit,1443.0,hit,1443.0,hit,1443.0,hit,1486.0,hit,10.0,902,True,True,True,True,,10.0,902,True,True,True,True,,,,True,True,True,False,3.349999999999998,,,True,True,True,False,3.349999999999998,4543.0,2026-07-09T13:14:00-04:00,2.7000000000000064,4347.039999999988,4550.0,2026-07-09T13:21:00-04:00,2.6000000000000014,4547.039999999998,4551.0,2026-07-09T13:22:00-04:00,2.3000000000000007,5147.039999999999,4544.0,2026-07-09T13:15:00-04:00,3.8499999999999943,2047.0400000000122,4557.0,2026-07-09T13:28:00-04:00,1.8000000000000043,6147.039999999992,,,,,,,,,4558.0,2026-07-09T13:29:00-04:00,2.400000000000002,4947.039999999996,,,,,,,,,,,,,,,,,,,,,,,,,,,,,,,,,3537
2026-07-06,2026-07-09,3,6.0,2026-07-06T09:31:00-04:00,6.0499999999999545,NDXP  260709P29920000,NDXP  260709P29910000,final_holdout,False,False,0,0,1,198,0,1406,available,False,2026-07-06T09:31:00-04:00,2026-07-09T16:00:00-04:00,10.0,-8052.960000000091,0.0,last_observed_quote_not_settlement,1037.0,929,98,5.5,847.0399999999097,2026-07-06T09:32:00-04:00,0.0,4.5,2847.03999999991,2026-07-06T09:33:00-04:00,0.0,8.600000000000023,-5352.960000000137,2026-07-06T09:36:00-04:00,0.0,5.7000000000000455,447.0399999998188,2026-07-06T09:41:00-04:00,0.0,1.8000000000000114,8247.039999999888,2026-07-06T09:46:00-04:00,0.0,5.800000000000011,247.039999999887,2026-07-06T10:01:00-04:00,0.0,5.2000000000000455,1447.0399999998187,2026-07-06T10:31:00-04:00,0.0,5.050000000000011,1747.039999999887,2026-07-06T11:31:00-04:00,0.0,6.099999999999966,-352.96000000002203,2026-07-06T16:00:00-04:00,0.0,9.100000000000023,-6352.960000000137,2026-07-07T16:00:00-04:00,0.0,,,2026-07-08T15:58:00-04:00,120.0,10.0,-8052.960000000091,2026-07-09T16:00:00-04:00,0.0,1.0,hit,2.0,hit,8.0,hit,15.0,hit,15.0,hit,277.0,hit,327.0,hit,4.0,hit,4.0,hit,4.0,hit,5.0,hit,40.0,hit,40.0,hit,8.600000000000023,5,True,True,False,False,,8.600000000000023,5,True,True,False,False,,9.699999999999989,40,True,True,True,True,,9.849999999999966,56,True,True,True,True,,15.0,2026-07-06T09:46:00-04:00,1.8000000000000114,8247.039999999888,16.0,2026-07-06T09:47:00-04:00,2.0,7847.03999999991,335.0,2026-07-06T15:06:00-04:00,2.8500000000000227,6147.039999999864,16.0,2026-07-06T09:47:00-04:00,2.0,7847.03999999991,15.0,2026-07-06T09:46:00-04:00,1.8000000000000114,8247.039999999888,315.0,2026-07-06T14:46:00-04:00,1.8500000000000227,8147.0399999998635,,,,,16.0,2026-07-06T09:47:00-04:00,2.0,7847.03999999991,277.0,2026-07-06T14:08:00-04:00,0.5500000000000114,10747.039999999888,,,,,,,,,278.0,2026-07-06T14:09:00-04:00,8.199999999999989,-4552.960000000069,327.0,2026-07-06T14:58:00-04:00,0.30000000000001137,11247.039999999888,,,,,,,,,,,,,3538
2026-07-06,2026-07-09,3,7.0,2026-07-06T09:31:00-04:00,6.900000000000091,NDXP  260709P30050000,NDXP  260709P30040000,final_holdout,False,False,0,0,0,374,0,1231,available,False,2026-07-06T09:31:00-04:00,2026-07-09T15:54:00-04:00,10.0,-6352.959999999818,6.0,last_observed_quote_not_settlement,1037.0,755,149,6.0499999999999545,1447.0400000002735,2026-07-06T09:32:00-04:00,0.0,6.550000000000068,447.0400000000462,2026-07-06T09:33:00-04:00,0.0,6.100000000000023,1347.040000000137,2026-07-06T09:36:00-04:00,0.0,6.300000000000011,947.0400000001598,2026-07-06T09:41:00-04:00,0.0,3.8000000000000114,5947.04000000016,2026-07-06T09:46:00-04:00,0.0,6.599999999999966,347.0400000002508,2026-07-06T10:01:00-04:00,0.0,,,2026-07-06T10:30:00-04:00,60.0,5.2999999999999545,2947.0400000002737,2026-07-06T11:31:00-04:00,0.0,7.650000000000034,-1752.9599999998857,2026-07-06T16:00:00-04:00,0.0,6.500000000000114,547.0399999999552,2026-07-07T16:00:00-04:00,0.0,8.899999999999864,-4252.959999999546,2026-07-08T16:00:00-04:00,0.0,,,2026-07-09T15:54:00-04:00,360.0,14.0,hit,15.0,hit,15.0,hit,40.0,hit,45.0,hit,73.0,hit,73.0,hit,9.0,hit,9.0,hit,6.0,hit,9.0,hit,9.0,hit,41.0,hit,9.25,7,True,True,True,True,,9.550000000000011,8,True,True,True,True,,9.550000000000011,11,True,True,True,True,,9.550000000000011,11,True,True,True,True,,40.0,2026-07-06T10:11:00-04:00,2.1499999999999773,9247.040000000228,53.0,2026-07-06T10:24:00-04:00,1.0500000000000114,11447.040000000161,93.0,2026-07-06T11:04:00-04:00,2.4499999999999886,8647.040000000206,41.0,2026-07-06T10:12:00-04:00,9.550000000000011,-5552.959999999842,45.0,2026-07-06T10:16:00-04:00,1.3500000000000227,10847.040000000137,80.0,2026-07-06T10:51:00-04:00,1.1499999999999773,11247.040000000228,,,,,46.0,2026-07-06T10:17:00-04:00,3.2999999999999545,6947.040000000274,73.0,2026-07-06T10:44:00-04:00,0.049999999999954525,13447.040000000274,96.0,2026-07-06T11:07:00-04:00,0.5,12547.040000000183,,,,,74.0,2026-07-06T10:45:00-04:00,7.900000000000034,-2252.9599999998854,73.0,2026-07-06T10:44:00-04:00,0.049999999999954525,13447.040000000274,,,,,,,,,74.0,2026-07-06T10:45:00-04:00,7.900000000000034,-2252.9599999998854,3539
2026-07-07,2026-07-09,2,5.0,2026-07-07T09:31:00-04:00,4.999999999999943,NDXP  260709P29580000,NDXP  260709P29570000,final_holdout,False,False,0,0,4,21,0,1172,available,False,2026-07-07T09:31:00-04:00,2026-07-09T15:56:00-04:00,0.07500000000000001,9597.039999999888,4.0,last_observed_quote_not_settlement,1036.0,807,19,5.449999999999989,-1152.9600000000903,2026-07-07T09:32:00-04:00,0.0,5.949999999999989,-2152.96000000009,2026-07-07T09:33:00-04:00,0.0,3.750000000000057,2247.0399999997735,2026-07-07T09:36:00-04:00,0.0,5.300000000000011,-852.9600000001358,2026-07-07T09:41:00-04:00,0.0,6.199999999999989,-2652.96000000009,2026-07-07T09:46:00-04:00,0.0,7.800000000000011,-5852.960000000136,2026-07-07T10:01:00-04:00,0.0,7.900000000000091,-6052.960000000295,2026-07-07T10:31:00-04:00,0.0,8.0,-6252.960000000115,2026-07-07T11:31:00-04:00,0.0,6.900000000000034,-4052.960000000181,2026-07-07T16:00:00-04:00,0.0,7.800000000000011,-5852.960000000136,2026-07-08T16:00:00-04:00,0.0,,,2026-07-09T15:56:00-04:00,240.0,,,,,0.0,hit,0.0,hit,3.0,hit,2902.0,hit,3011.0,hit,3095.0,hit,3106.0,hit,2.0,hit,7.0,hit,13.0,hit,25.0,hit,63.0,hit,344.0,hit,10.0,783,True,True,True,True,,10.0,807,True,True,True,True,,10.0,807,True,True,True,True,,10.0,807,True,True,True,True,,2902.0,2026-07-09T09:53:00-04:00,2.8000000000000114,4147.039999999864,2903.0,2026-07-09T09:54:00-04:00,2.8999999999999986,3947.03999999989,2904.0,2026-07-09T09:55:00-04:00,2.849999999999987,4047.0399999999127,2903.0,2026-07-09T09:54:00-04:00,2.8999999999999986,3947.03999999989,3011.0,2026-07-09T11:42:00-04:00,1.75,6247.039999999887,3021.0,2026-07-09T11:52:00-04:00,1.8999999999999986,5947.03999999989,3022.0,2026-07-09T11:53:00-04:00,1.9499999999999993,5847.039999999888,3012.0,2026-07-09T11:43:00-04:00,2.1999999999999957,5347.039999999895,3095.0,2026-07-09T13:06:00-04:00,0.9000000000000004,7947.039999999886,3099.0,2026-07-09T13:10:00-04:00,0.8000000000000007,8147.039999999885,3100.0,2026-07-09T13:11:00-04:00,0.6499999999999986,8447.03999999989,3096.0,2026-07-09T13:07:00-04:00,1.4499999999999993,6847.039999999888,3111.0,2026-07-09T13:22:00-04:00,0.2999999999999998,9147.039999999888,3112.0,2026-07-09T13:23:00-04:00,0.2999999999999998,9147.039999999888,3113.0,2026-07-09T13:24:00-04:00,0.2999999999999998,9147.039999999888,3112.0,2026-07-09T13:23:00-04:00,0.2999999999999998,9147.039999999888,3540
2026-07-07,2026-07-09,2,6.0,2026-07-07T09:31:00-04:00,5.850000000000023,NDXP  260709P29560000,NDXP  260709P29550000,final_holdout,False,False,0,0,0,16,0,1181,available,False,2026-07-07T09:31:00-04:00,2026-07-09T15:57:00-04:00,0.0,11447.040000000046,3.0,last_observed_quote_not_settlement,1036.0,719,87,5.25,947.0400000000461,2026-07-07T09:32:00-04:00,0.0,9.400000000000034,-7352.960000000024,2026-07-07T09:33:00-04:00,0.0,8.199999999999989,-4952.959999999933,2026-07-07T09:36:00-04:00,0.0,7.050000000000011,-2652.9599999999764,2026-07-07T09:41:00-04:00,0.0,5.099999999999966,1247.0400000001143,2026-07-07T09:46:00-04:00,0.0,7.600000000000023,-3752.959999999999,2026-07-07T10:01:00-04:00,0.0,8.100000000000023,-4752.960000000001,2026-07-07T10:31:00-04:00,0.0,7.9500000000000455,-4452.960000000046,2026-07-07T11:31:00-04:00,0.0,,,2026-07-07T15:59:00-04:00,60.0,7.7000000000000455,-3952.9600000000446,2026-07-08T16:00:00-04:00,0.0,,,2026-07-09T15:57:00-04:00,180.0,,,,,1.0,hit,9.0,hit,14.0,hit,14.0,hit,14.0,hit,3061.0,hit,3101.0,hit,2.0,hit,2.0,hit,2.0,hit,2.0,hit,2.0,hit,37.0,hit,9.400000000000034,8,True,True,True,True,,9.400000000000034,8,True,True,True,True,,10.0,719,True,True,True,True,,10.0,719,True,True,True,True,,14.0,2026-07-07T09:45:00-04:00,1.9499999999999886,7547.040000000069,2902.0,2026-07-09T09:53:00-04:00,2.799999999999997,5847.040000000052,2903.0,2026-07-09T09:54:00-04:00,2.6499999999999915,6147.040000000064,15.0,2026-07-07T09:46:00-04:00,5.099999999999966,1247.0400000001143,14.0,2026-07-07T09:45:00-04:00,1.9499999999999886,7547.040000000069,3016.0,2026-07-09T11:47:00-04:00,1.6499999999999986,8147.040000000049,3020.0,2026-07-09T11:51:00-04:00,1.8000000000000043,7847.040000000037,15.0,2026-07-07T09:46:00-04:00,5.099999999999966,1247.0400000001143,3062.0,2026-07-09T12:33:00-04:00,0.5500000000000007,10347.040000000046,3094.0,2026-07-09T13:05:00-04:00,0.8499999999999996,9747.040000000048,3095.0,2026-07-09T13:06:00-04:00,0.8499999999999996,9747.040000000048,3063.0,2026-07-09T12:34:00-04:00,1.3000000000000007,8847.040000000046,3101.0,2026-07-09T13:12:00-04:00,0.40000000000000036,10647.040000000046,3106.0,2026-07-09T13:17:00-04:00,0.2999999999999998,10847.040000000048,3107.0,2026-07-09T13:18:00-04:00,0.20000000000000018,11047.040000000046,3102.0,2026-07-09T13:13:00-04:00,0.5999999999999996,10247.040000000048,3541
2026-07-07,2026-07-09,2,7.0,2026-07-07T09:31:00-04:00,7.099999999999909,NDXP  260709P29780000,NDXP  260709P29770000,final_holdout,False,False,0,0,1,62,1,1137,available,False,2026-07-07T09:31:00-04:00,2026-07-09T16:00:00-04:00,10.0,-5952.960000000182,0.0,last_observed_quote_not_settlement,1036.0,904,104,6.599999999999966,747.039999999887,2026-07-07T09:32:00-04:00,0.0,8.050000000000068,-2152.9600000003193,2026-07-07T09:33:00-04:00,0.0,7.899999999999977,-1852.9600000001358,2026-07-07T09:36:00-04:00,0.0,7.5,-1052.9600000001813,2026-07-07T09:41:00-04:00,0.0,4.300000000000011,5347.039999999796,2026-07-07T09:46:00-04:00,0.0,8.100000000000023,-2252.9600000002283,2026-07-07T10:01:00-04:00,0.0,8.899999999999977,-3852.9600000001374,2026-07-07T10:31:00-04:00,0.0,9.050000000000068,-4152.960000000319,2026-07-07T11:31:00-04:00,0.0,8.949999999999932,-3952.9600000000464,2026-07-07T16:00:00-04:00,0.0,5.4500000000000455,3047.039999999728,2026-07-08T16:00:00-04:00,0.0,10.0,-5952.960000000182,2026-07-09T16:00:00-04:00,0.0,,,,,15.0,hit,15.0,hit,179.0,hit,,never_hit,,never_hit,,never_hit,,never_hit,2.0,hit,7.0,hit,0.0,hit,2.0,hit,7.0,hit,33.0,hit,,,True,True,True,False,3.799999999999841,,,True,True,True,False,3.799999999999841,,,True,True,True,False,3.799999999999841,,,True,True,True,False,3.799999999999841,,,,,,,,,,,,,,,,,,,,,,,,,,,,,,,,,,,,,,,,,,,,,,,,,,,,,,,,,,,,,,,,,3542
2026-07-07,2026-07-10,3,5.0,2026-07-07T09:31:00-04:00,4.949999999999989,NDXP  260710P29520000,NDXP  260710P29510000,final_holdout,False,False,0,0,4,8,0,1556,available,False,2026-07-07T09:31:00-04:00,2026-07-10T15:17:00-04:00,0.05000000000000002,9547.039999999979,43.0,last_observed_quote_not_settlement,1036.0,767,51,4.900000000000034,-152.96000000009025,2026-07-07T09:32:00-04:00,0.0,4.699999999999989,247.04000000000067,2026-07-07T09:33:00-04:00,0.0,8.100000000000023,-6552.960000000069,2026-07-07T09:36:00-04:00,0.0,5.5499999999999545,-1452.9599999999311,2026-07-07T09:41:00-04:00,0.0,5.550000000000068,-1452.9600000001585,2026-07-07T09:46:00-04:00,0.0,7.5499999999999545,-5452.959999999931,2026-07-07T10:01:00-04:00,0.0,7.100000000000136,-4552.960000000295,2026-07-07T10:31:00-04:00,0.0,8.399999999999977,-7152.959999999978,2026-07-07T11:31:00-04:00,0.0,5.350000000000023,-1052.9600000000676,2026-07-07T16:00:00-04:00,0.0,5.699999999999989,-1752.9599999999994,2026-07-08T16:00:00-04:00,0.0,0.4999999999999858,8647.040000000008,2026-07-09T16:00:00-04:00,0.0,,,2026-07-10T15:17:00-04:00,2580.0,0.0,hit,0.0,hit,19.0,hit,31.0,hit,3100.0,hit,3269.0,hit,3269.0,hit,3.0,hit,3.0,hit,5.0,hit,5.0,hit,45.0,hit,292.0,hit,8.499999999999943,20,True,True,False,False,,9.900000000000091,767,True,True,True,True,,9.900000000000091,767,True,True,True,True,,9.900000000000091,767,True,True,True,True,,31.0,2026-07-07T10:02:00-04:00,2.4500000000000455,4747.039999999887,264.0,2026-07-07T13:55:00-04:00,2.5,4647.039999999978,2904.0,2026-07-09T09:55:00-04:00,2.6999999999999886,4247.040000000001,32.0,2026-07-07T10:03:00-04:00,5.350000000000023,-1052.9600000000676,3100.0,2026-07-09T13:11:00-04:00,1.9499999999999886,5747.040000000001,3126.0,2026-07-09T13:37:00-04:00,1.8999999999999915,5847.039999999995,4340.0,2026-07-10T09:51:00-04:00,1.6499999999999986,6347.039999999981,3101.0,2026-07-09T13:12:00-04:00,2.049999999999983,5547.040000000012,3269.0,2026-07-09T16:00:00-04:00,0.4999999999999858,8647.040000000008,4434.0,2026-07-10T11:25:00-04:00,0.8999999999999986,7847.039999999981,4435.0,2026-07-10T11:26:00-04:00,0.8000000000000007,8047.039999999976,3270.0,2026-07-09T16:01:00-04:00,2.25,5147.039999999978,4484.0,2026-07-10T12:15:00-04:00,0.40000000000000036,8847.039999999979,4485.0,2026-07-10T12:16:00-04:00,0.39999999999999947,8847.039999999979,4486.0,2026-07-10T12:17:00-04:00,0.35000000000000053,8947.039999999977,4485.0,2026-07-10T12:16:00-04:00,0.39999999999999947,8847.039999999979,3543
2026-07-07,2026-07-10,3,6.0,2026-07-07T09:31:00-04:00,6.0,NDXP  260710P29640000,NDXP  260710P29630000,final_holdout,False,False,0,0,15,37,0,1543,available,False,2026-07-07T09:31:00-04:00,2026-07-10T15:04:00-04:00,0.050000000000000044,11647.040000000003,56.0,last_observed_quote_not_settlement,1036.0,746,89,5.649999999999977,447.0400000000462,2026-07-07T09:32:00-04:00,0.0,4.050000000000011,3647.039999999978,2026-07-07T09:33:00-04:00,0.0,8.049999999999955,-4352.95999999991,2026-07-07T09:36:00-04:00,0.0,6.150000000000034,-552.9600000000676,2026-07-07T09:41:00-04:00,0.0,5.849999999999966,47.04000000006892,2026-07-07T09:46:00-04:00,0.0,0.9000000000000341,9947.039999999934,2026-07-07T10:01:00-04:00,0.0,7.899999999999864,-4052.9599999997263,2026-07-07T10:31:00-04:00,0.0,7.800000000000068,-3852.9600000001356,2026-07-07T11:31:00-04:00,0.0,8.449999999999932,-5152.9599999998645,2026-07-07T16:00:00-04:00,0.0,7.550000000000011,-3352.960000000022,2026-07-08T16:00:00-04:00,0.0,2.5999999999999943,6547.040000000012,2026-07-09T16:00:00-04:00,0.0,,,2026-07-10T15:04:00-04:00,3360.0,2.0,hit,2.0,hit,7.0,hit,30.0,hit,30.0,hit,30.0,hit,4520.0,hit,5.0,hit,5.0,hit,5.0,hit,5.0,hit,33.0,hit,33.0,hit,8.699999999999989,18,True,True,False,False,,8.699999999999989,18,True,True,False,False,,8.699999999999989,18,True,True,False,False,,10.0,746,True,True,True,True,,30.0,2026-07-07T10:01:00-04:00,0.9000000000000341,9947.039999999934,3111.0,2026-07-09T13:22:00-04:00,2.8999999999999915,5947.040000000018,3116.0,2026-07-09T13:27:00-04:00,2.8499999999999943,6047.040000000012,31.0,2026-07-07T10:02:00-04:00,7.099999999999966,-2452.959999999931,30.0,2026-07-07T10:01:00-04:00,0.9000000000000341,9947.039999999934,4438.0,2026-07-10T11:29:00-04:00,1.6500000000000021,8447.039999999997,4439.0,2026-07-10T11:30:00-04:00,1.7999999999999972,8147.040000000007,31.0,2026-07-07T10:02:00-04:00,7.099999999999966,-2452.959999999931,30.0,2026-07-07T10:01:00-04:00,0.9000000000000341,9947.039999999934,4487.0,2026-07-10T12:18:00-04:00,0.9000000000000004,9947.04,4491.0,2026-07-10T12:22:00-04:00,0.9000000000000004,9947.04,31.0,2026-07-07T10:02:00-04:00,7.099999999999966,-2452.959999999931,4537.0,2026-07-10T13:08:00-04:00,0.4499999999999993,10847.040000000003,4545.0,2026-07-10T13:16:00-04:00,0.3999999999999986,10947.040000000005,4546.0,2026-07-10T13:17:00-04:00,0.40000000000000036,10947.04,4538.0,2026-07-10T13:09:00-04:00,0.5,10747.04,3544
2026-07-07,2026-07-10,3,7.0,2026-07-07T09:31:00-04:00,7.0,NDXP  260710P29840000,NDXP  260710P29830000,final_holdout,False,False,0,0,0,22,0,1583,available,False,2026-07-07T09:31:00-04:00,2026-07-10T15:59:00-04:00,5.5,2747.040000000001,1.0,last_observed_quote_not_settlement,1036.0,895,128,6.75,247.04000000000067,2026-07-07T09:32:00-04:00,0.0,7.149999999999977,-552.9599999999539,2026-07-07T09:33:00-04:00,0.0,7.5,-1252.9599999999994,2026-07-07T09:36:00-04:00,0.0,7.350000000000023,-952.9600000000448,2026-07-07T09:41:00-04:00,0.0,7.2000000000000455,-652.9600000000903,2026-07-07T09:46:00-04:00,0.0,7.7999999999999545,-1852.9599999999084,2026-07-07T10:01:00-04:00,0.0,8.5,-3252.960000000001,2026-07-07T10:31:00-04:00,0.0,8.450000000000045,-3152.960000000092,2026-07-07T11:31:00-04:00,0.0,8.25,-2752.960000000001,2026-07-07T16:00:00-04:00,0.0,,,2026-07-08T15:59:00-04:00,60.0,7.350000000000023,-952.9600000000448,2026-07-09T16:00:00-04:00,0.0,,,2026-07-10T15:59:00-04:00,60.0,3.0,hit,3.0,hit,2971.0,hit,4382.0,hit,4382.0,hit,,never_hit,,never_hit,4.0,hit,17.0,hit,0.0,hit,17.0,hit,17.0,hit,70.0,hit,9.900000000000091,811,True,True,True,True,,9.900000000000091,811,True,True,True,True,,,,True,True,True,False,5.2000000000000455,,,True,True,True,False,5.2000000000000455,4382.0,2026-07-10T10:33:00-04:00,1.7999999999999545,10147.040000000092,,,,,,,,,4383.0,2026-07-10T10:34:00-04:00,7.050000000000011,-352.96000000002203,4382.0,2026-07-10T10:33:00-04:00,1.7999999999999545,10147.040000000092,,,,,,,,,4383.0,2026-07-10T10:34:00-04:00,7.050000000000011,-352.96000000002203,,,,,,,,,,,,,,,,,,,,,,,,,,,,,,,,,3545
2026-07-08,2026-07-10,2,5.0,2026-07-08T09:31:00-04:00,5.0,NDXP  260710P29140000,NDXP  260710P29130000,final_holdout,False,False,0,0,10,51,0,1064,available,False,2026-07-08T09:31:00-04:00,2026-07-10T14:39:00-04:00,0.0,9747.04,81.0,last_observed_quote_not_settlement,1036.0,81,28,4.849999999999966,47.04000000006892,2026-07-08T09:32:00-04:00,0.0,4.9500000000000455,-152.96000000009025,2026-07-08T09:33:00-04:00,0.0,4.449999999999932,847.0400000001371,2026-07-08T09:36:00-04:00,0.0,3.9999999999999716,1747.0400000000575,2026-07-08T09:41:00-04:00,0.0,4.0,1747.0400000000006,2026-07-08T09:46:00-04:00,0.0,4.149999999999977,1447.0400000000461,2026-07-08T10:01:00-04:00,0.0,4.300000000000011,1147.039999999978,2026-07-08T10:31:00-04:00,0.0,6.2000000000000455,-2652.96000000009,2026-07-08T11:31:00-04:00,0.0,4.0,1747.0400000000006,2026-07-08T16:00:00-04:00,0.0,0.75,8247.04,2026-07-09T16:00:00-04:00,0.0,,,2026-07-10T14:39:00-04:00,4860.0,,,,,0.0,hit,0.0,hit,10.0,hit,269.0,hit,1443.0,hit,1455.0,hit,1625.0,hit,79.0,hit,102.0,hit,114.0,hit,,never_hit,,never_hit,,never_hit,7.5,81,True,False,False,False,,7.5,81,True,False,False,False,,7.5,81,True,False,False,False,,7.5,81,True,False,False,False,,269.0,2026-07-08T14:00:00-04:00,2.700000000000017,4347.039999999966,1441.0,2026-07-09T09:32:00-04:00,2.1000000000000227,5547.039999999955,1442.0,2026-07-09T09:33:00-04:00,2.1000000000000085,5547.039999999984,270.0,2026-07-08T14:01:00-04:00,4.099999999999966,1547.0400000000689,1443.0,2026-07-09T09:34:00-04:00,1.9499999999999886,5847.040000000024,1444.0,2026-07-09T09:35:00-04:00,1.7000000000000028,6347.039999999995,1445.0,2026-07-09T09:36:00-04:00,1.6000000000000085,6547.039999999984,1444.0,2026-07-09T09:35:00-04:00,1.7000000000000028,6347.039999999995,1465.0,2026-07-09T09:56:00-04:00,0.8999999999999986,7947.040000000004,1582.0,2026-07-09T11:53:00-04:00,0.8500000000000014,8047.039999999998,1593.0,2026-07-09T12:04:00-04:00,0.9000000000000057,7947.039999999989,1466.0,2026-07-09T09:57:00-04:00,1.000000000000007,7747.039999999986,1625.0,2026-07-09T12:36:00-04:00,0.25,9247.04,1710.0,2026-07-09T14:01:00-04:00,0.15000000000000213,9447.039999999997,1711.0,2026-07-09T14:02:00-04:00,0.15000000000000213,9447.039999999997,1626.0,2026-07-09T12:37:00-04:00,0.75,8247.04,3546
2026-07-08,2026-07-10,2,6.0,2026-07-08T09:31:00-04:00,6.0,NDXP  260710P29430000,NDXP  260710P29420000,final_holdout,False,False,0,0,17,45,0,1097,available,False,2026-07-08T09:31:00-04:00,2026-07-10T15:03:00-04:00,0.024999999999999967,11697.04,57.0,last_observed_quote_not_settlement,1036.0,296,122,6.2000000000000455,-652.9600000000903,2026-07-08T09:32:00-04:00,0.0,6.9500000000000455,-2152.96000000009,2026-07-08T09:33:00-04:00,0.0,6.5,-1252.9599999999994,2026-07-08T09:36:00-04:00,0.0,5.75,247.04000000000067,2026-07-08T09:41:00-04:00,0.0,5.849999999999966,47.04000000006892,2026-07-08T09:46:00-04:00,0.0,6.550000000000011,-1352.960000000022,2026-07-08T10:01:00-04:00,0.0,6.699999999999989,-1652.9599999999766,2026-07-08T10:31:00-04:00,0.0,7.149999999999977,-2552.9599999999537,2026-07-08T11:31:00-04:00,0.0,5.5,747.0400000000006,2026-07-08T16:00:00-04:00,0.0,,,2026-07-09T15:59:00-04:00,60.0,,,2026-07-10T15:03:00-04:00,3420.0,,,,,18.0,hit,18.0,hit,36.0,hit,285.0,hit,1578.0,hit,2899.0,hit,2993.0,hit,2.0,hit,7.0,hit,7.0,hit,47.0,hit,116.0,hit,116.0,hit,9.900000000000034,226,True,True,True,True,,9.900000000000034,296,True,True,True,True,,9.900000000000034,296,True,True,True,True,,9.900000000000034,296,True,True,True,True,,285.0,2026-07-08T14:16:00-04:00,2.25,7247.040000000001,1448.0,2026-07-09T09:39:00-04:00,2.8999999999999915,5947.040000000018,1449.0,2026-07-09T09:40:00-04:00,2.799999999999997,6147.040000000006,286.0,2026-07-08T14:17:00-04:00,6.199999999999989,-652.9599999999766,1578.0,2026-07-09T11:49:00-04:00,1.6999999999999886,8347.040000000025,1596.0,2026-07-09T12:07:00-04:00,1.9000000000000057,7947.039999999989,1659.0,2026-07-09T13:10:00-04:00,1.8000000000000043,8147.039999999993,1579.0,2026-07-09T11:50:00-04:00,2.4499999999999886,6847.040000000024,2902.0,2026-07-10T09:53:00-04:00,0.9499999999999957,9847.04000000001,2903.0,2026-07-10T09:54:00-04:00,0.6499999999999986,10447.040000000005,2904.0,2026-07-10T09:55:00-04:00,0.8999999999999986,9947.040000000005,2903.0,2026-07-10T09:54:00-04:00,0.6499999999999986,10447.040000000005,2995.0,2026-07-10T11:26:00-04:00,0.4499999999999993,10847.040000000003,2998.0,2026-07-10T11:29:00-04:00,0.34999999999999964,11047.040000000003,2999.0,2026-07-10T11:30:00-04:00,0.34999999999999964,11047.040000000003,2996.0,2026-07-10T11:27:00-04:00,0.4500000000000002,10847.04,3547
2026-07-08,2026-07-10,2,7.0,2026-07-08T09:31:00-04:00,6.949999999999989,NDXP  260710P29340000,NDXP  260710P29330000,final_holdout,False,False,0,0,12,20,0,1117,available,False,2026-07-08T09:31:00-04:00,2026-07-10T15:04:00-04:00,0.0,13647.039999999979,56.0,last_observed_quote_not_settlement,1036.0,89,89,5.25,3147.039999999978,2026-07-08T09:32:00-04:00,0.0,6.100000000000023,1447.0399999999324,2026-07-08T09:33:00-04:00,0.0,6.100000000000023,1447.0399999999324,2026-07-08T09:36:00-04:00,0.0,4.7000000000000455,4247.039999999887,2026-07-08T09:41:00-04:00,0.0,6.100000000000023,1447.0399999999324,2026-07-08T09:46:00-04:00,0.0,7.600000000000023,-1552.9600000000676,2026-07-08T10:01:00-04:00,0.0,5.750000000000057,2147.0399999998644,2026-07-08T10:31:00-04:00,0.0,8.200000000000045,-2752.9600000001146,2026-07-08T11:31:00-04:00,0.0,5.5499999999999545,2547.040000000069,2026-07-08T16:00:00-04:00,0.0,1.4499999999999957,10747.039999999988,2026-07-09T16:00:00-04:00,0.0,,,2026-07-10T15:04:00-04:00,3360.0,,,,,1.0,hit,8.0,hit,18.0,hit,18.0,hit,253.0,hit,347.0,hit,2902.0,hit,21.0,hit,25.0,hit,21.0,hit,25.0,hit,25.0,hit,25.0,hit,6.949999999999989,0,False,False,False,False,,9.900000000000034,70,True,True,True,True,,9.900000000000034,82,True,True,True,True,,9.900000000000034,89,True,True,True,True,,18.0,2026-07-08T09:49:00-04:00,2.300000000000068,9047.039999999843,1445.0,2026-07-09T09:36:00-04:00,2.5,8647.039999999979,1446.0,2026-07-09T09:37:00-04:00,2.700000000000003,8247.039999999974,19.0,2026-07-08T09:50:00-04:00,5.949999999999989,1747.0400000000006,253.0,2026-07-08T13:44:00-04:00,1.5,10647.039999999979,1462.0,2026-07-09T09:53:00-04:00,1.9000000000000057,9847.039999999968,1463.0,2026-07-09T09:54:00-04:00,1.7999999999999972,10047.039999999985,254.0,2026-07-08T13:45:00-04:00,4.75,4147.039999999978,347.0,2026-07-08T15:18:00-04:00,0.9499999999999886,11747.04,2886.0,2026-07-10T09:37:00-04:00,0.8999999999999986,11847.03999999998,2887.0,2026-07-10T09:38:00-04:00,0.9000000000000021,11847.039999999975,348.0,2026-07-08T15:19:00-04:00,6.2000000000000455,1247.039999999887,2902.0,2026-07-10T09:53:00-04:00,0.3999999999999986,12847.03999999998,2913.0,2026-07-10T10:04:00-04:00,0.40000000000000213,12847.039999999975,2987.0,2026-07-10T11:18:00-04:00,0.40000000000000036,12847.039999999979,2903.0,2026-07-10T09:54:00-04:00,0.5,12647.039999999979,3548
2026-07-10,2026-07-13,3,5.0,2026-07-10T09:31:00-04:00,5.0,NDXP  260713P29740000,NDXP  260713P29730000,final_holdout,False,False,0,0,0,112,0,683,available,False,2026-07-10T09:31:00-04:00,2026-07-13T16:00:00-04:00,10.0,-10152.96,0.0,last_observed_quote_not_settlement,3916.0,247,29,5.0,-252.9599999999993,2026-07-10T09:32:00-04:00,0.0,4.75,247.04000000000067,2026-07-10T09:33:00-04:00,0.0,4.849999999999994,47.04000000001208,2026-07-10T09:36:00-04:00,0.0,6.199999999999989,-2652.9599999999764,2026-07-10T09:41:00-04:00,0.0,4.800000000000011,147.03999999997797,2026-07-10T09:46:00-04:00,0.0,4.599999999999994,547.040000000012,2026-07-10T10:01:00-04:00,0.0,4.400000000000034,947.0399999999324,2026-07-10T10:31:00-04:00,0.0,4.0,1747.0400000000006,2026-07-10T11:31:00-04:00,0.0,3.1999999999999886,3347.0400000000236,2026-07-10T16:00:00-04:00,0.0,,,2026-07-10T16:15:00-04:00,85500.0,,,2026-07-10T16:15:00-04:00,171900.0,10.0,-10152.96,2026-07-13T16:00:00-04:00,0.0,0.0,hit,0.0,hit,19.0,hit,239.0,hit,,never_hit,,never_hit,,never_hit,10.0,hit,10.0,hit,62.0,hit,62.0,hit,4323.0,hit,4324.0,hit,8.050000000000011,35,True,True,False,False,,,,True,True,True,False,2.950000000000003,,,True,True,True,False,2.950000000000003,,,True,True,True,False,2.950000000000003,248.0,2026-07-10T13:39:00-04:00,2.9000000000000057,3947.0399999999895,281.0,2026-07-10T14:12:00-04:00,2.8999999999999915,3947.0400000000177,,,,,249.0,2026-07-10T13:40:00-04:00,3.000000000000014,3747.039999999972,,,,,,,,,,,,,,,,,,,,,,,,,,,,,,,,,,,,,,,,,,,,,,,,,3549
2026-07-10,2026-07-13,3,6.0,2026-07-10T09:31:00-04:00,6.0,NDXP  260713P29860000,NDXP  260713P29850000,final_holdout,False,False,0,0,0,114,0,680,available,False,2026-07-10T09:31:00-04:00,2026-07-13T15:54:00-04:00,10.0,-8152.96,6.0,last_observed_quote_not_settlement,3918.0,257,40,5.7000000000000455,347.03999999990975,2026-07-10T09:32:00-04:00,0.0,5.750000000000057,247.039999999887,2026-07-10T09:33:00-04:00,0.0,6.0,-252.9599999999993,2026-07-10T09:36:00-04:00,0.0,5.699999999999932,347.0400000001371,2026-07-10T09:41:00-04:00,0.0,6.349999999999966,-952.9599999999311,2026-07-10T09:46:00-04:00,0.0,6.0,-252.9599999999993,2026-07-10T10:01:00-04:00,0.0,5.700000000000017,347.0399999999666,2026-07-10T10:31:00-04:00,0.0,5.25,1247.0400000000006,2026-07-10T11:31:00-04:00,0.0,2.0500000000000114,7647.039999999978,2026-07-10T16:00:00-04:00,0.0,,,2026-07-10T16:15:00-04:00,85500.0,,,2026-07-10T16:15:00-04:00,171900.0,,,2026-07-13T15:54:00-04:00,360.0,22.0,hit,133.0,hit,294.0,hit,389.0,hit,,never_hit,,never_hit,,never_hit,12.0,hit,63.0,hit,63.0,hit,94.0,hit,131.0,hit,4323.0,hit,9.000000000000028,62,True,True,True,True,,,,True,True,True,False,3.9499999999999886,,,True,True,True,False,3.9499999999999886,,,True,True,True,False,3.9499999999999886,389.0,2026-07-10T16:00:00-04:00,2.0500000000000114,7647.039999999978,,,,,,,,,390.0,2026-07-10T16:01:00-04:00,4.5,2747.040000000001,,,,,,,,,,,,,,,,,,,,,,,,,,,,,,,,,,,,,,,,,,,,,,,,,3550
2026-07-10,2026-07-13,3,7.0,2026-07-10T09:31:00-04:00,7.100000000000023,NDXP  260713P29920000,NDXP  260713P29910000,final_holdout,False,False,0,0,0,167,0,628,available,False,2026-07-10T09:31:00-04:00,2026-07-13T16:00:00-04:00,10.0,-5952.959999999955,0.0,last_observed_quote_not_settlement,3917.0,166,31,5.850000000000023,2247.040000000001,2026-07-10T09:32:00-04:00,0.0,6.2999999999999545,1347.040000000137,2026-07-10T09:33:00-04:00,0.0,6.350000000000023,1247.0400000000006,2026-07-10T09:36:00-04:00,0.0,7.2999999999999545,-652.9599999998629,2026-07-10T09:41:00-04:00,0.0,6.350000000000023,1247.0400000000006,2026-07-10T09:46:00-04:00,0.0,6.75,447.0400000000462,2026-07-10T10:01:00-04:00,0.0,6.599999999999966,747.0400000001143,2026-07-10T10:31:00-04:00,0.0,5.800000000000011,2347.0400000000236,2026-07-10T11:31:00-04:00,0.0,8.000000000000028,-2052.9600000000123,2026-07-10T16:00:00-04:00,0.0,,,2026-07-10T16:15:00-04:00,85500.0,,,2026-07-10T16:15:00-04:00,171900.0,10.0,-5952.959999999955,2026-07-13T16:00:00-04:00,0.0,7.0,hit,7.0,hit,4352.0,hit,,never_hit,,never_hit,,never_hit,,never_hit,18.0,hit,72.0,hit,0.0,hit,18.0,hit,4321.0,hit,4323.0,hit,,,True,True,True,False,3.800000000000068,,,True,True,True,False,3.800000000000068,,,True,True,True,False,3.800000000000068,,,True,True,True,False,3.800000000000068,,,,,,,,,,,,,,,,,,,,,,,,,,,,,,,,,,,,,,,,,,,,,,,,,,,,,,,,,,,,,,,,,3551
2026-07-13,2026-07-15,2,5.0,2026-07-13T09:31:00-04:00,5.0,NDXP  260715P29560000,NDXP  260715P29550000,final_holdout,False,False,0,0,3,24,0,1174,available,False,2026-07-13T09:31:00-04:00,2026-07-15T15:59:00-04:00,10.0,-10152.96,1.0,last_observed_quote_not_settlement,1037.0,629,110,4.650000000000006,447.03999999998933,2026-07-13T09:32:00-04:00,0.0,4.700000000000017,347.0399999999666,2026-07-13T09:33:00-04:00,0.0,4.350000000000023,1047.0399999999552,2026-07-13T09:36:00-04:00,0.0,,,2026-07-13T09:40:00-04:00,60.0,2.900000000000034,3947.0399999999327,2026-07-13T09:46:00-04:00,0.0,5.099999999999966,-452.9599999999311,2026-07-13T10:01:00-04:00,0.0,4.800000000000011,147.03999999997797,2026-07-13T10:31:00-04:00,0.0,5.099999999999994,-452.95999999998793,2026-07-13T11:31:00-04:00,0.0,5.699999999999989,-1652.9599999999766,2026-07-13T16:00:00-04:00,0.0,4.0,1747.0400000000006,2026-07-14T16:00:00-04:00,0.0,,,2026-07-15T15:59:00-04:00,60.0,,,,,0.0,hit,0.0,hit,15.0,hit,15.0,hit,17.0,hit,20.0,hit,20.0,hit,7.0,hit,12.0,hit,12.0,hit,12.0,hit,13.0,hit,22.0,hit,9.199999999999989,7,True,True,True,True,,9.199999999999989,7,True,True,True,True,,9.199999999999989,9,True,True,True,True,,9.199999999999989,9,True,True,True,True,,15.0,2026-07-13T09:46:00-04:00,2.900000000000034,3947.0399999999327,16.0,2026-07-13T09:47:00-04:00,2.550000000000068,4647.039999999864,17.0,2026-07-13T09:48:00-04:00,1.8500000000000227,6047.039999999955,16.0,2026-07-13T09:47:00-04:00,2.550000000000068,4647.039999999864,17.0,2026-07-13T09:48:00-04:00,1.8500000000000227,6047.039999999955,25.0,2026-07-13T09:56:00-04:00,1.0,7747.040000000001,,,,,18.0,2026-07-13T09:49:00-04:00,7.0499999999999545,-4352.959999999908,20.0,2026-07-13T09:51:00-04:00,0.30000000000001137,9147.039999999979,,,,,,,,,21.0,2026-07-13T09:52:00-04:00,4.949999999999932,-152.95999999986287,20.0,2026-07-13T09:51:00-04:00,0.30000000000001137,9147.039999999979,,,,,,,,,21.0,2026-07-13T09:52:00-04:00,4.949999999999932,-152.95999999986287,3552
2026-07-13,2026-07-15,2,6.0,2026-07-13T09:31:00-04:00,6.0,NDXP  260715P29890000,NDXP  260715P29880000,final_holdout,False,False,0,0,0,116,0,1084,available,False,2026-07-13T09:31:00-04:00,2026-07-15T16:00:00-04:00,10.0,-8152.96,0.0,last_observed_quote_not_settlement,1036.0,992,18,6.75,-1752.9599999999994,2026-07-13T09:32:00-04:00,0.0,7.800000000000011,-3852.960000000022,2026-07-13T09:33:00-04:00,0.0,6.599999999999966,-1452.9599999999311,2026-07-13T09:36:00-04:00,0.0,6.300000000000182,-852.9600000003632,2026-07-13T09:41:00-04:00,0.0,8.399999999999977,-5052.9599999999555,2026-07-13T09:46:00-04:00,0.0,7.149999999999977,-2552.9599999999537,2026-07-13T10:01:00-04:00,0.0,7.199999999999989,-2652.9599999999764,2026-07-13T10:31:00-04:00,0.0,7.7000000000000455,-3652.96000000009,2026-07-13T11:31:00-04:00,0.0,9.100000000000023,-6452.960000000046,2026-07-13T16:00:00-04:00,0.0,8.0,-4252.960000000001,2026-07-14T16:00:00-04:00,0.0,10.0,-8152.96,2026-07-15T16:00:00-04:00,0.0,,,,,59.0,hit,1543.0,hit,2926.0,hit,2926.0,hit,,never_hit,,never_hit,,never_hit,1.0,hit,2.0,hit,2.0,hit,8.0,hit,96.0,hit,135.0,hit,10.0,818,True,True,True,True,,,,True,True,True,False,3.3500000000000227,,,True,True,True,False,3.3500000000000227,,,True,True,True,False,3.3500000000000227,2926.0,2026-07-15T10:17:00-04:00,2.6499999999999773,6447.040000000046,,,,,,,,,2927.0,2026-07-15T10:18:00-04:00,4.099999999999966,3547.040000000069,,,,,,,,,,,,,,,,,,,,,,,,,,,,,,,,,,,,,,,,,,,,,,,,,3553
2026-07-13,2026-07-15,2,7.0,2026-07-13T09:31:00-04:00,7.0,NDXP  260715P29870000,NDXP  260715P29860000,final_holdout,False,False,0,0,0,79,0,1121,available,False,2026-07-13T09:31:00-04:00,2026-07-15T16:00:00-04:00,10.0,-6152.96,0.0,last_observed_quote_not_settlement,1036.0,921,158,5.199999999999989,3347.0400000000236,2026-07-13T09:32:00-04:00,0.0,6.75,247.04000000000067,2026-07-13T09:33:00-04:00,0.0,7.699999999999989,-1652.9599999999766,2026-07-13T09:36:00-04:00,0.0,,,2026-07-13T09:40:00-04:00,60.0,9.050000000000068,-4352.960000000137,2026-07-13T09:46:00-04:00,0.0,5.9500000000000455,1847.0399999999097,2026-07-13T10:01:00-04:00,0.0,8.25,-2752.960000000001,2026-07-13T10:31:00-04:00,0.0,8.050000000000011,-2352.9600000000237,2026-07-13T11:31:00-04:00,0.0,7.899999999999864,-2052.9599999997263,2026-07-13T16:00:00-04:00,0.0,7.849999999999966,-1952.9599999999311,2026-07-14T16:00:00-04:00,0.0,10.0,-6152.96,2026-07-15T16:00:00-04:00,0.0,,,,,1.0,hit,32.0,hit,32.0,hit,,never_hit,,never_hit,,never_hit,,never_hit,4.0,hit,13.0,hit,0.0,hit,13.0,hit,15.0,hit,17.0,hit,,,True,True,True,False,3.7000000000000455,,,True,True,True,False,3.7000000000000455,,,True,True,True,False,3.7000000000000455,,,True,True,True,False,3.7000000000000455,,,,,,,,,,,,,,,,,,,,,,,,,,,,,,,,,,,,,,,,,,,,,,,,,,,,,,,,,,,,,,,,,3554
2026-07-13,2026-07-16,3,5.0,2026-07-13T09:31:00-04:00,5.050000000000068,NDXP  260716P29580000,NDXP  260716P29570000,final_holdout,False,False,0,0,0,65,0,1540,available,False,2026-07-13T09:31:00-04:00,2026-07-16T16:00:00-04:00,10.0,-10052.959999999863,0.0,last_observed_quote_not_settlement,1036.0,939,112,4.449999999999989,947.0400000001598,2026-07-13T09:32:00-04:00,0.0,4.649999999999977,547.0400000001825,2026-07-13T09:33:00-04:00,0.0,5.050000000000011,-252.9599999998856,2026-07-13T09:36:00-04:00,0.0,6.050000000000011,-2252.9599999998854,2026-07-13T09:41:00-04:00,0.0,6.850000000000023,-3852.959999999908,2026-07-13T09:46:00-04:00,0.0,5.399999999999977,-952.9599999998175,2026-07-13T10:01:00-04:00,0.0,4.699999999999932,447.04000000027355,2026-07-13T10:31:00-04:00,0.0,4.9500000000000455,-52.959999999953816,2026-07-13T11:31:00-04:00,0.0,6.050000000000011,-2252.9599999998854,2026-07-13T16:00:00-04:00,0.0,4.0,1847.040000000137,2026-07-14T16:00:00-04:00,0.0,5.25,-652.9599999998629,2026-07-15T16:00:00-04:00,0.0,10.0,-10052.959999999863,2026-07-16T16:00:00-04:00,0.0,0.0,hit,1.0,hit,14.0,hit,73.0,hit,73.0,hit,,never_hit,,never_hit,7.0,hit,13.0,hit,34.0,hit,34.0,hit,382.0,hit,4332.0,hit,8.550000000000011,49,True,True,False,False,,8.550000000000011,49,True,True,False,False,,,,True,True,True,False,3.400000000000034,,,True,True,True,False,3.400000000000034,73.0,2026-07-13T10:44:00-04:00,1.650000000000034,6547.040000000069,,,,,,,,,74.0,2026-07-13T10:45:00-04:00,4.9500000000000455,-52.959999999953816,73.0,2026-07-13T10:44:00-04:00,1.650000000000034,6547.040000000069,,,,,,,,,74.0,2026-07-13T10:45:00-04:00,4.9500000000000455,-52.959999999953816,,,,,,,,,,,,,,,,,,,,,,,,,,,,,,,,,3555
2026-07-13,2026-07-16,3,6.0,2026-07-13T09:31:00-04:00,5.949999999999932,NDXP  260716P29890000,NDXP  260716P29880000,final_holdout,False,False,0,0,0,145,0,1459,available,False,2026-07-13T09:31:00-04:00,2026-07-16T16:00:00-04:00,0.0,11647.039999999864,0.0,last_observed_quote_not_settlement,1037.0,1290,98,5.650000000000034,347.03999999979607,2026-07-13T09:32:00-04:00,0.0,6.5,-1352.9600000001358,2026-07-13T09:33:00-04:00,0.0,6.25,-852.9600000001358,2026-07-13T09:36:00-04:00,0.0,5.2999999999999545,1047.0399999999552,2026-07-13T09:41:00-04:00,0.0,6.7000000000000455,-1752.9600000002267,2026-07-13T09:46:00-04:00,0.0,6.399999999999977,-1152.9600000000903,2026-07-13T10:01:00-04:00,0.0,7.199999999999989,-2752.960000000113,2026-07-13T10:31:00-04:00,0.0,7.0,-2352.9600000001356,2026-07-13T11:31:00-04:00,0.0,8.200000000000045,-4752.960000000228,2026-07-13T16:00:00-04:00,0.0,8.100000000000023,-4552.960000000183,2026-07-14T16:00:00-04:00,0.0,9.150000000000034,-6652.960000000206,2026-07-15T16:00:00-04:00,0.0,0.0,11647.039999999864,2026-07-16T16:00:00-04:00,0.0,8.0,hit,8.0,hit,1556.0,hit,4708.0,hit,4708.0,hit,4708.0,hit,4708.0,hit,2.0,hit,6.0,hit,6.0,hit,28.0,hit,76.0,hit,85.0,hit,10.0,1290,True,True,True,True,,10.0,1290,True,True,True,True,,10.0,1290,True,True,True,True,,10.0,1290,True,True,True,True,,4708.0,2026-07-16T15:59:00-04:00,0.0,11647.039999999864,4709.0,2026-07-16T16:00:00-04:00,0.0,11647.039999999864,,,,,4709.0,2026-07-16T16:00:00-04:00,0.0,11647.039999999864,4708.0,2026-07-16T15:59:00-04:00,0.0,11647.039999999864,4709.0,2026-07-16T16:00:00-04:00,0.0,11647.039999999864,,,,,4709.0,2026-07-16T16:00:00-04:00,0.0,11647.039999999864,4708.0,2026-07-16T15:59:00-04:00,0.0,11647.039999999864,4709.0,2026-07-16T16:00:00-04:00,0.0,11647.039999999864,,,,,4709.0,2026-07-16T16:00:00-04:00,0.0,11647.039999999864,4708.0,2026-07-16T15:59:00-04:00,0.0,11647.039999999864,4709.0,2026-07-16T16:00:00-04:00,0.0,11647.039999999864,,,,,4709.0,2026-07-16T16:00:00-04:00,0.0,11647.039999999864,3556
2026-07-13,2026-07-16,3,7.0,2026-07-13T09:31:00-04:00,7.0499999999999545,NDXP  260716P30300000,NDXP  260716P30290000,final_holdout,False,False,0,0,4,259,0,1321,available,False,2026-07-13T09:31:00-04:00,2026-07-16T16:00:00-04:00,10.0,-6052.960000000091,0.0,last_observed_quote_not_settlement,1038.0,1109,9,8.75,-3652.960000000092,2026-07-13T09:32:00-04:00,0.0,7.7000000000000455,-1552.9600000001813,2026-07-13T09:33:00-04:00,0.0,9.0,-4152.960000000092,2026-07-13T09:36:00-04:00,0.0,9.200000000000045,-4552.960000000183,2026-07-13T09:41:00-04:00,0.0,8.649999999999977,-3452.9600000000464,2026-07-13T09:46:00-04:00,0.0,9.549999999999955,-5252.960000000001,2026-07-13T10:01:00-04:00,0.0,9.099999999999909,-4352.95999999991,2026-07-13T10:31:00-04:00,0.0,9.25,-4652.960000000092,2026-07-13T11:31:00-04:00,0.0,9.349999999999909,-4852.95999999991,2026-07-13T16:00:00-04:00,0.0,9.599999999999909,-5352.95999999991,2026-07-14T16:00:00-04:00,0.0,,,2026-07-15T15:58:00-04:00,120.0,10.0,-6052.960000000091,2026-07-16T16:00:00-04:00,0.0,4420.0,hit,4465.0,hit,,never_hit,,never_hit,,never_hit,,never_hit,,never_hit,1.0,hit,1.0,hit,0.0,hit,1.0,hit,5.0,hit,8.0,hit,,,True,True,True,False,2.6499999999998636,,,True,True,True,False,2.6499999999998636,,,True,True,True,False,2.6499999999998636,,,True,True,True,False,2.6499999999998636,,,,,,,,,,,,,,,,,,,,,,,,,,,,,,,,,,,,,,,,,,,,,,,,,,,,,,,,,,,,,,,,,3557
2026-07-14,2026-07-16,2,5.0,2026-07-14T09:31:00-04:00,4.949999999999989,NDXP  260716P29740000,NDXP  260716P29730000,final_holdout,False,False,0,0,0,100,0,1100,available,False,2026-07-14T09:31:00-04:00,2026-07-16T16:00:00-04:00,10.0,-10252.960000000021,0.0,last_observed_quote_not_settlement,1037.0,916,117,3.099999999999966,3447.0400000000463,2026-07-14T09:32:00-04:00,0.0,4.300000000000011,1047.0399999999552,2026-07-14T09:33:00-04:00,0.0,5.550000000000011,-1452.9600000000448,2026-07-14T09:36:00-04:00,0.0,5.850000000000023,-2052.9600000000673,2026-07-14T09:41:00-04:00,0.0,5.5,-1352.960000000022,2026-07-14T09:46:00-04:00,0.0,3.500000000000057,2647.0399999998644,2026-07-14T10:01:00-04:00,0.0,7.249999999999943,-4852.959999999908,2026-07-14T10:31:00-04:00,0.0,4.75,147.03999999997797,2026-07-14T11:31:00-04:00,0.0,3.6499999999999773,2347.0400000000236,2026-07-14T16:00:00-04:00,0.0,7.399999999999977,-5152.959999999976,2026-07-15T16:00:00-04:00,0.0,10.0,-10252.960000000021,2026-07-16T16:00:00-04:00,0.0,,,,,0.0,hit,0.0,hit,1.0,hit,38.0,hit,,never_hit,,never_hit,,never_hit,3.0,hit,3.0,hit,24.0,hit,36.0,hit,36.0,hit,156.0,hit,9.300000000000011,29,True,True,True,True,,,,True,True,True,False,2.1499999999999773,,,True,True,True,False,2.1499999999999773,,,True,True,True,False,2.1499999999999773,38.0,2026-07-14T10:09:00-04:00,2.8000000000000114,4047.0399999999554,,,,,,,,,39.0,2026-07-14T10:10:00-04:00,6.850000000000023,-4052.9600000000673,,,,,,,,,,,,,,,,,,,,,,,,,,,,,,,,,,,,,,,,,,,,,,,,,3558
2026-07-14,2026-07-16,2,6.0,2026-07-14T09:31:00-04:00,6.0,NDXP  260716P29820000,NDXP  260716P29810000,final_holdout,False,False,0,0,0,105,0,1095,available,False,2026-07-14T09:31:00-04:00,2026-07-16T16:00:00-04:00,10.0,-8152.96,0.0,last_observed_quote_not_settlement,1036.0,836,143,6.649999999999977,-1552.9599999999539,2026-07-14T09:32:00-04:00,0.0,6.199999999999989,-652.9599999999766,2026-07-14T09:33:00-04:00,0.0,6.25,-752.9599999999994,2026-07-14T09:36:00-04:00,0.0,5.899999999999977,-52.959999999953816,2026-07-14T09:41:00-04:00,0.0,6.599999999999966,-1452.9599999999311,2026-07-14T09:46:00-04:00,0.0,6.300000000000011,-852.9600000000221,2026-07-14T10:01:00-04:00,0.0,6.699999999999932,-1652.959999999863,2026-07-14T10:31:00-04:00,0.0,3.8500000000000227,4047.0399999999554,2026-07-14T11:31:00-04:00,0.0,6.350000000000023,-952.9600000000448,2026-07-14T16:00:00-04:00,0.0,7.350000000000023,-2952.9600000000446,2026-07-15T16:00:00-04:00,0.0,10.0,-8152.96,2026-07-16T16:00:00-04:00,0.0,,,,,14.0,hit,14.0,hit,14.0,hit,105.0,hit,110.0,hit,,never_hit,,never_hit,1.0,hit,4.0,hit,4.0,hit,21.0,hit,114.0,hit,1576.0,hit,8.349999999999966,81,True,True,False,False,,8.349999999999966,81,True,True,False,False,,,,True,True,True,False,4.899999999999977,,,True,True,True,False,4.899999999999977,105.0,2026-07-14T11:16:00-04:00,2.0500000000000114,7647.039999999978,,,,,,,,,106.0,2026-07-14T11:17:00-04:00,4.349999999999909,3047.0400000001828,110.0,2026-07-14T11:21:00-04:00,1.1000000000000227,9547.039999999955,,,,,,,,,111.0,2026-07-14T11:22:00-04:00,6.599999999999966,-1452.9599999999311,,,,,,,,,,,,,,,,,,,,,,,,,,,,,,,,,3559
2026-07-14,2026-07-16,2,7.0,2026-07-14T09:31:00-04:00,7.0,NDXP  260716P29770000,NDXP  260716P29760000,final_holdout,False,False,0,0,0,130,0,1070,available,False,2026-07-14T09:31:00-04:00,2026-07-16T16:00:00-04:00,10.0,-6152.96,0.0,last_observed_quote_not_settlement,1036.0,577,97,6.050000000000011,1647.039999999978,2026-07-14T09:32:00-04:00,0.0,6.349999999999966,1047.0400000000689,2026-07-14T09:33:00-04:00,0.0,5.849999999999966,2047.040000000069,2026-07-14T09:36:00-04:00,0.0,6.100000000000023,1547.0399999999552,2026-07-14T09:41:00-04:00,0.0,5.899999999999977,1947.0400000000461,2026-07-14T09:46:00-04:00,0.0,1.5499999999999545,10647.040000000092,2026-07-14T10:01:00-04:00,0.0,6.4500000000000455,847.0399999999097,2026-07-14T10:31:00-04:00,0.0,5.149999999999977,3447.0400000000463,2026-07-14T11:31:00-04:00,0.0,6.2999999999999545,1147.0400000000916,2026-07-14T16:00:00-04:00,0.0,8.5,-3252.960000000001,2026-07-15T16:00:00-04:00,0.0,10.0,-6152.96,2026-07-16T16:00:00-04:00,0.0,,,,,8.0,hit,8.0,hit,30.0,hit,30.0,hit,30.0,hit,,never_hit,,never_hit,24.0,hit,131.0,hit,0.0,hit,131.0,hit,131.0,hit,140.0,hit,7.850000000000023,2,True,False,False,False,,7.850000000000023,2,True,False,False,False,,,,True,True,True,False,5.4500000000000455,,,True,True,True,False,5.4500000000000455,30.0,2026-07-14T10:01:00-04:00,1.5499999999999545,10647.040000000092,,,,,,,,,31.0,2026-07-14T10:02:00-04:00,6.149999999999977,1447.0400000000461,30.0,2026-07-14T10:01:00-04:00,1.5499999999999545,10647.040000000092,,,,,,,,,31.0,2026-07-14T10:02:00-04:00,6.149999999999977,1447.0400000000461,,,,,,,,,,,,,,,,,,,,,,,,,,,,,,,,,3560
2026-07-14,2026-07-17,3,5.0,2026-07-14T09:31:00-04:00,5.0,NDXP  260717P29740000,NDXP  260717P29730000,final_holdout,False,False,0,0,0,187,0,1416,available,False,2026-07-14T09:31:00-04:00,2026-07-17T15:59:00-04:00,9.450000000000045,-9152.960000000092,1.0,last_observed_quote_not_settlement,1044.0,1004,157,7.149999999999977,-4552.959999999954,2026-07-14T09:32:00-04:00,0.0,3.75,2247.040000000001,2026-07-14T09:33:00-04:00,0.0,4.050000000000011,1647.039999999978,2026-07-14T09:36:00-04:00,0.0,5.25,-752.9599999999994,2026-07-14T09:41:00-04:00,0.0,5.250000000000057,-752.960000000113,2026-07-14T09:46:00-04:00,0.0,5.5,-1252.9599999999994,2026-07-14T10:01:00-04:00,0.0,5.2000000000000455,-652.9600000000903,2026-07-14T10:31:00-04:00,0.0,4.9500000000000455,-152.96000000009025,2026-07-14T11:31:00-04:00,0.0,5.349999999999966,-952.9599999999311,2026-07-14T16:00:00-04:00,0.0,6.25,-2752.959999999999,2026-07-15T16:00:00-04:00,0.0,7.5,-5252.959999999999,2026-07-16T16:00:00-04:00,0.0,,,2026-07-17T15:59:00-04:00,60.0,0.0,hit,0.0,hit,2.0,hit,4.0,hit,25.0,hit,42.0,hit,42.0,hit,1.0,hit,1.0,hit,1.0,hit,14.0,hit,20.0,hit,35.0,hit,7.149999999999977,2,True,False,False,False,,9.100000000000023,18,True,True,True,True,,9.75,30,True,True,True,True,,9.75,30,True,True,True,True,,4.0,2026-07-14T09:35:00-04:00,2.150000000000034,5447.039999999933,50.0,2026-07-14T10:21:00-04:00,2.0,5747.040000000001,,,,,5.0,2026-07-14T09:36:00-04:00,4.050000000000011,1647.039999999978,25.0,2026-07-14T09:56:00-04:00,1.400000000000034,6947.039999999933,4369.0,2026-07-17T10:20:00-04:00,0.8000000000001819,8147.039999999636,,,,,26.0,2026-07-14T09:57:00-04:00,5.199999999999989,-652.9599999999766,42.0,2026-07-14T10:13:00-04:00,0.5,8747.04,4369.0,2026-07-17T10:20:00-04:00,0.8000000000001819,8147.039999999636,,,,,43.0,2026-07-14T10:14:00-04:00,7.9500000000000455,-6152.960000000092,1498.0,2026-07-15T10:29:00-04:00,0.049999999999954525,9647.040000000092,,,,,,,,,1499.0,2026-07-15T10:30:00-04:00,6.050000000000011,-2352.960000000022,3561
2026-07-14,2026-07-17,3,6.0,2026-07-14T09:31:00-04:00,6.0499999999999545,NDXP  260717P29990000,NDXP  260717P29980000,final_holdout,False,False,0,0,1,323,0,1279,available,False,2026-07-14T09:31:00-04:00,2026-07-17T15:59:00-04:00,10.0,-8052.960000000091,1.0,last_observed_quote_not_settlement,1037.0,861,259,,,2026-07-14T09:31:00-04:00,60.0,5.199999999999932,1447.0400000000461,2026-07-14T09:33:00-04:00,0.0,6.5499999999999545,-1252.9599999999994,2026-07-14T09:36:00-04:00,0.0,3.6999999999999886,4447.039999999933,2026-07-14T09:41:00-04:00,0.0,2.6999999999999886,6447.039999999933,2026-07-14T09:46:00-04:00,0.0,5.550000000000068,747.0399999997733,2026-07-14T10:01:00-04:00,0.0,5.150000000000091,1547.0399999997278,2026-07-14T10:31:00-04:00,0.0,5.349999999999966,1147.039999999978,2026-07-14T11:31:00-04:00,0.0,,,2026-07-14T15:59:00-04:00,60.0,8.85000000000008,-5852.960000000251,2026-07-15T16:00:00-04:00,0.0,,,2026-07-16T15:57:00-04:00,180.0,,,2026-07-17T15:59:00-04:00,60.0,2.0,hit,7.0,hit,9.0,hit,15.0,hit,19.0,hit,37.0,hit,40.0,hit,4.0,hit,4.0,hit,4.0,hit,4.0,hit,14.0,hit,41.0,hit,9.0,5,True,True,True,True,,9.0,5,True,True,True,True,,9.0,13,True,True,True,True,,9.0,15,True,True,True,True,,15.0,2026-07-14T09:46:00-04:00,2.6999999999999886,6447.039999999933,26.0,2026-07-14T09:57:00-04:00,1.2999999999999545,9247.04,4453.0,2026-07-17T11:44:00-04:00,0.0,11847.03999999991,16.0,2026-07-14T09:47:00-04:00,4.099999999999966,3647.039999999978,19.0,2026-07-14T09:50:00-04:00,1.650000000000091,8547.039999999728,4452.0,2026-07-17T11:43:00-04:00,0.0,11847.03999999991,4453.0,2026-07-17T11:44:00-04:00,0.0,11847.03999999991,,,,,37.0,2026-07-14T10:08:00-04:00,0.6000000000000227,10647.039999999864,4452.0,2026-07-17T11:43:00-04:00,0.0,11847.03999999991,4453.0,2026-07-17T11:44:00-04:00,0.0,11847.03999999991,38.0,2026-07-14T10:09:00-04:00,7.600000000000023,-3352.9600000001356,40.0,2026-07-14T10:11:00-04:00,0.2999999999999545,11247.04,4452.0,2026-07-17T11:43:00-04:00,0.0,11847.03999999991,4453.0,2026-07-17T11:44:00-04:00,0.0,11847.03999999991,41.0,2026-07-14T10:12:00-04:00,9.649999999999977,-7452.960000000046,3562
2026-07-14,2026-07-17,3,7.0,2026-07-14T09:31:00-04:00,7.0499999999999545,NDXP  260717P30000000,NDXP  260717P29990000,final_holdout,False,False,0,0,1,509,0,1093,available,False,2026-07-14T09:31:00-04:00,2026-07-17T15:53:00-04:00,10.0,-6052.960000000091,7.0,last_observed_quote_not_settlement,1038.0,611,251,1.1000000000001364,11647.039999999637,2026-07-14T09:32:00-04:00,0.0,9.0,-4152.960000000092,2026-07-14T09:33:00-04:00,0.0,7.600000000000023,-1352.9600000001358,2026-07-14T09:36:00-04:00,0.0,,,2026-07-14T09:40:00-04:00,60.0,,,2026-07-14T09:45:00-04:00,60.0,8.249999999999943,-2652.959999999978,2026-07-14T10:01:00-04:00,0.0,9.75,-5652.960000000092,2026-07-14T10:31:00-04:00,0.0,,,2026-07-14T11:30:00-04:00,60.0,0.6499999999999773,12547.039999999955,2026-07-14T16:00:00-04:00,0.0,9.64999999999992,-5452.959999999933,2026-07-15T16:00:00-04:00,0.0,,,2026-07-16T15:59:00-04:00,60.0,,,2026-07-17T15:53:00-04:00,420.0,1.0,hit,1.0,hit,1.0,hit,1.0,hit,1.0,hit,216.0,hit,3047.0,hit,2.0,hit,2.0,hit,0.0,hit,2.0,hit,2.0,hit,23.0,hit,7.0499999999999545,0,True,False,False,False,,7.0499999999999545,0,True,False,False,False,,9.800000000000125,63,True,True,True,True,,10.0,382,True,True,True,True,,1.0,2026-07-14T09:32:00-04:00,1.1000000000001364,11647.039999999637,361.0,2026-07-14T15:32:00-04:00,2.0500000000000114,9747.039999999888,3049.0,2026-07-16T12:20:00-04:00,1.75,10347.03999999991,2.0,2026-07-14T09:33:00-04:00,9.0,-4152.960000000092,1.0,2026-07-14T09:32:00-04:00,1.1000000000001364,11647.039999999637,3050.0,2026-07-16T12:21:00-04:00,0.5500000000000682,12747.039999999773,,,,,2.0,2026-07-14T09:33:00-04:00,9.0,-4152.960000000092,216.0,2026-07-14T13:07:00-04:00,0.9000000000000341,12047.039999999843,3195.0,2026-07-16T14:46:00-04:00,0.25,13347.03999999991,,,,,,,,,3047.0,2026-07-16T12:18:00-04:00,0.40000000000009095,13047.039999999728,3195.0,2026-07-16T14:46:00-04:00,0.25,13347.03999999991,,,,,3048.0,2026-07-16T12:19:00-04:00,2.5,8847.03999999991,3563
2026-07-15,2026-07-17,2,5.0,2026-07-15T09:31:00-04:00,5.0,NDXP  260717P29840000,NDXP  260717P29830000,final_holdout,False,False,0,0,2,241,0,956,available,False,2026-07-15T09:31:00-04:00,2026-07-17T15:59:00-04:00,10.0,-10152.96,1.0,last_observed_quote_not_settlement,1036.0,709,91,5.150000000000034,-552.9600000000676,2026-07-15T09:32:00-04:00,0.0,5.149999999999977,-552.9599999999539,2026-07-15T09:33:00-04:00,0.0,4.949999999999989,-152.95999999997656,2026-07-15T09:36:00-04:00,0.0,4.699999999999989,347.04000000002344,2026-07-15T09:41:00-04:00,0.0,4.75,247.04000000000067,2026-07-15T09:46:00-04:00,0.0,4.899999999999977,-52.959999999953816,2026-07-15T10:01:00-04:00,0.0,7.899999999999977,-6052.959999999954,2026-07-15T10:31:00-04:00,0.0,9.449999999999989,-9152.959999999977,2026-07-15T11:31:00-04:00,0.0,9.150000000000034,-8552.960000000068,2026-07-15T16:00:00-04:00,0.0,,,2026-07-16T15:59:00-04:00,60.0,,,2026-07-17T15:59:00-04:00,60.0,,,,,0.0,hit,0.0,hit,7.0,hit,7.0,hit,16.0,hit,282.0,hit,331.0,hit,8.0,hit,8.0,hit,8.0,hit,8.0,hit,18.0,hit,135.0,hit,5.25,4,False,False,False,False,,8.999999999999943,10,True,True,False,False,,9.900000000000034,193,True,True,True,True,,10.0,225,True,True,True,True,,7.0,2026-07-15T09:38:00-04:00,2.6999999999999886,4347.040000000024,236.0,2026-07-15T13:27:00-04:00,2.1999999999999886,5347.040000000024,,,,,8.0,2026-07-15T09:39:00-04:00,8.999999999999943,-8252.959999999886,16.0,2026-07-15T09:47:00-04:00,1.3999999999999773,6947.040000000046,3147.0,2026-07-17T13:58:00-04:00,0.5499999999999545,8647.040000000092,,,,,17.0,2026-07-15T09:48:00-04:00,5.349999999999966,-952.9599999999311,282.0,2026-07-15T14:13:00-04:00,0.8999999999999773,7947.040000000046,3147.0,2026-07-17T13:58:00-04:00,0.5499999999999545,8647.040000000092,,,,,283.0,2026-07-15T14:14:00-04:00,7.400000000000034,-5052.960000000067,331.0,2026-07-15T15:02:00-04:00,0.1500000000000341,9447.039999999934,,,,,,,,,332.0,2026-07-15T15:03:00-04:00,4.899999999999977,-52.959999999953816,3564
2026-07-15,2026-07-17,2,6.0,2026-07-15T09:31:00-04:00,5.949999999999989,NDXP  260717P29950000,NDXP  260717P29940000,final_holdout,False,False,0,0,1,264,0,934,available,False,2026-07-15T09:31:00-04:00,2026-07-17T15:59:00-04:00,10.0,-8252.960000000021,1.0,last_observed_quote_not_settlement,1036.0,638,153,,,2026-07-15T09:31:00-04:00,60.0,2.4499999999999886,6747.040000000001,2026-07-15T09:33:00-04:00,0.0,5.199999999999989,1247.0400000000006,2026-07-15T09:36:00-04:00,0.0,7.600000000000023,-3552.9600000000673,2026-07-15T09:41:00-04:00,0.0,4.7000000000000455,2247.039999999887,2026-07-15T09:46:00-04:00,0.0,7.400000000000034,-3152.96000000009,2026-07-15T10:01:00-04:00,0.0,,,2026-07-15T10:30:00-04:00,60.0,8.400000000000091,-5152.960000000206,2026-07-15T11:31:00-04:00,0.0,9.399999999999977,-7152.959999999978,2026-07-15T16:00:00-04:00,0.0,9.0,-6352.960000000024,2026-07-16T16:00:00-04:00,0.0,,,2026-07-17T15:59:00-04:00,60.0,,,,,2.0,hit,2.0,hit,2.0,hit,2.0,hit,63.0,hit,63.0,hit,331.0,hit,6.0,hit,7.0,hit,7.0,hit,7.0,hit,13.0,hit,78.0,hit,5.949999999999989,0,False,False,False,False,,9.350000000000023,38,True,True,True,True,,9.350000000000023,38,True,True,True,True,,10.0,185,True,True,True,True,,2.0,2026-07-15T09:33:00-04:00,2.4499999999999886,6747.040000000001,3012.0,2026-07-17T11:43:00-04:00,0.0,11647.039999999979,3013.0,2026-07-17T11:44:00-04:00,0.0,11647.039999999979,3.0,2026-07-15T09:34:00-04:00,6.149999999999977,-652.9599999999766,63.0,2026-07-15T10:34:00-04:00,0.6499999999999773,10347.040000000025,3012.0,2026-07-17T11:43:00-04:00,0.0,11647.039999999979,3013.0,2026-07-17T11:44:00-04:00,0.0,11647.039999999979,,,,,63.0,2026-07-15T10:34:00-04:00,0.6499999999999773,10347.040000000025,3012.0,2026-07-17T11:43:00-04:00,0.0,11647.039999999979,3013.0,2026-07-17T11:44:00-04:00,0.0,11647.039999999979,,,,,1698.0,2026-07-16T13:49:00-04:00,0.34999999999990905,10947.040000000161,3012.0,2026-07-17T11:43:00-04:00,0.0,11647.039999999979,3013.0,2026-07-17T11:44:00-04:00,0.0,11647.039999999979,1699.0,2026-07-16T13:50:00-04:00,9.899999999999977,-8152.959999999978,3565
2026-07-15,2026-07-17,2,7.0,2026-07-15T09:31:00-04:00,7.0,NDXP  260717P30090000,NDXP  260717P30080000,final_holdout,False,False,0,0,0,269,0,929,available,False,2026-07-15T09:31:00-04:00,2026-07-17T15:59:00-04:00,10.0,-6152.96,1.0,last_observed_quote_not_settlement,1036.0,648,139,,,2026-07-15T09:31:00-04:00,60.0,7.25,-752.9599999999994,2026-07-15T09:33:00-04:00,0.0,9.100000000000023,-4452.960000000046,2026-07-15T09:36:00-04:00,0.0,7.500000000000057,-1252.960000000113,2026-07-15T09:41:00-04:00,0.0,,,2026-07-15T09:45:00-04:00,60.0,2.8999999999999773,7947.040000000046,2026-07-15T10:01:00-04:00,0.0,9.0,-4252.960000000001,2026-07-15T10:31:00-04:00,0.0,8.650000000000091,-3552.960000000183,2026-07-15T11:31:00-04:00,0.0,,,2026-07-15T15:59:00-04:00,60.0,10.0,-6152.96,2026-07-16T16:00:00-04:00,0.0,,,2026-07-17T15:59:00-04:00,60.0,,,,,4.0,hit,4.0,hit,20.0,hit,20.0,hit,20.0,hit,48.0,hit,48.0,hit,3.0,hit,3.0,hit,0.0,hit,3.0,hit,5.0,hit,29.0,hit,9.100000000000023,8,True,True,True,True,,9.100000000000023,8,True,True,True,True,,9.800000000000011,21,True,True,True,True,,9.800000000000011,21,True,True,True,True,,20.0,2026-07-15T09:51:00-04:00,1.3500000000000227,11047.039999999955,1660.0,2026-07-16T13:11:00-04:00,0.09999999999990905,13547.040000000183,,,,,21.0,2026-07-15T09:52:00-04:00,3.5499999999999545,6647.040000000092,20.0,2026-07-15T09:51:00-04:00,1.3500000000000227,11047.039999999955,1660.0,2026-07-16T13:11:00-04:00,0.09999999999990905,13547.040000000183,,,,,21.0,2026-07-15T09:52:00-04:00,3.5499999999999545,6647.040000000092,48.0,2026-07-15T10:19:00-04:00,0.25,13247.04,1660.0,2026-07-16T13:11:00-04:00,0.09999999999990905,13547.040000000183,,,,,49.0,2026-07-15T10:20:00-04:00,6.7999999999999545,147.04000000009165,48.0,2026-07-15T10:19:00-04:00,0.25,13247.04,,,,,,,,,49.0,2026-07-15T10:20:00-04:00,6.7999999999999545,147.04000000009165,3566
2026-07-17,2026-07-20,3,5.0,2026-07-17T09:31:00-04:00,5.099999999999966,NDXP  260720P28480000,NDXP  260720P28470000,final_holdout,False,False,0,0,6,3,0,775,available,False,2026-07-17T09:31:00-04:00,2026-07-20T15:57:00-04:00,0.0,9947.039999999934,3.0,last_observed_quote_not_settlement,3916.0,13,2,4.5,947.0399999999324,2026-07-17T09:32:00-04:00,0.0,4.399999999999977,1147.039999999978,2026-07-17T09:33:00-04:00,0.0,5.099999999999966,-252.9599999999993,2026-07-17T09:36:00-04:00,0.0,,,2026-07-17T09:40:00-04:00,60.0,5.9500000000000455,-1952.9600000001585,2026-07-17T09:46:00-04:00,0.0,3.3000000000000114,3347.03999999991,2026-07-17T10:01:00-04:00,0.0,2.75,4447.039999999933,2026-07-17T10:31:00-04:00,0.0,3.6000000000000227,2747.039999999887,2026-07-17T11:31:00-04:00,0.0,3.8000000000000114,2347.03999999991,2026-07-17T16:00:00-04:00,0.0,,,2026-07-17T16:15:00-04:00,85500.0,,,2026-07-17T16:15:00-04:00,171900.0,,,2026-07-20T15:57:00-04:00,180.0,0.0,hit,1.0,hit,30.0,hit,36.0,hit,201.0,hit,4320.0,hit,4323.0,hit,8.0,hit,9.0,hit,,never_hit,,never_hit,,never_hit,,never_hit,6.399999999999977,13,False,False,False,False,,6.399999999999977,13,False,False,False,False,,6.399999999999977,13,False,False,False,False,,6.399999999999977,13,False,False,False,False,,36.0,2026-07-17T10:07:00-04:00,2.900000000000034,4147.039999999864,55.0,2026-07-17T10:26:00-04:00,2.6500000000000057,4647.039999999921,146.0,2026-07-17T11:57:00-04:00,2.549999999999997,4847.039999999938,37.0,2026-07-17T10:08:00-04:00,3.5,2947.0399999999327,201.0,2026-07-17T12:52:00-04:00,1.7999999999999972,6347.039999999938,202.0,2026-07-17T12:53:00-04:00,1.75,6447.039999999933,227.0,2026-07-17T13:18:00-04:00,1.6999999999999886,6547.039999999955,202.0,2026-07-17T12:53:00-04:00,1.75,6447.039999999933,4320.0,2026-07-20T09:31:00-04:00,0.6500000000000004,8647.039999999932,4321.0,2026-07-20T09:32:00-04:00,0.8000000000000007,8347.039999999932,4322.0,2026-07-20T09:33:00-04:00,0.6500000000000021,8647.03999999993,4321.0,2026-07-20T09:32:00-04:00,0.8000000000000007,8347.039999999932,4323.0,2026-07-20T09:34:00-04:00,0.29999999999999893,9347.039999999935,4324.0,2026-07-20T09:35:00-04:00,0.4499999999999993,9047.039999999935,4325.0,2026-07-20T09:36:00-04:00,0.34999999999999964,9247.039999999934,4324.0,2026-07-20T09:35:00-04:00,0.4499999999999993,9047.039999999935,3567
2026-07-17,2026-07-20,3,6.0,2026-07-17T09:31:00-04:00,5.999999999999943,NDXP  260720P28710000,NDXP  260720P28700000,final_holdout,False,False,0,0,0,2,0,792,available,False,2026-07-17T09:31:00-04:00,2026-07-20T15:59:00-04:00,8.5,-5252.960000000115,1.0,last_observed_quote_not_settlement,3916.0,66,37,5.399999999999977,947.0399999999324,2026-07-17T09:32:00-04:00,0.0,6.100000000000023,-452.96000000015846,2026-07-17T09:33:00-04:00,0.0,6.5,-1252.960000000113,2026-07-17T09:36:00-04:00,0.0,6.300000000000011,-852.9600000001358,2026-07-17T09:41:00-04:00,0.0,7.649999999999977,-3552.9600000000673,2026-07-17T09:46:00-04:00,0.0,5.2000000000000455,1347.039999999796,2026-07-17T10:01:00-04:00,0.0,5.050000000000011,1647.0399999998642,2026-07-17T10:31:00-04:00,0.0,5.25,1247.039999999887,2026-07-17T11:31:00-04:00,0.0,5.0,1747.039999999887,2026-07-17T16:00:00-04:00,0.0,,,2026-07-17T16:15:00-04:00,85500.0,,,2026-07-17T16:15:00-04:00,171900.0,,,2026-07-20T15:59:00-04:00,60.0,1.0,hit,16.0,hit,16.0,hit,201.0,hit,4322.0,hit,4332.0,hit,4333.0,hit,3.0,hit,8.0,hit,8.0,hit,4665.0,hit,4672.0,hit,4704.0,hit,7.699999999999989,31,True,False,False,False,,7.699999999999989,31,True,False,False,False,,7.699999999999989,31,True,False,False,False,,7.699999999999989,31,True,False,False,False,,4320.0,2026-07-20T09:31:00-04:00,2.3999999999999986,6947.03999999989,4321.0,2026-07-20T09:32:00-04:00,2.3000000000000043,7147.039999999878,4322.0,2026-07-20T09:33:00-04:00,1.75,8247.039999999888,4321.0,2026-07-20T09:32:00-04:00,2.3000000000000043,7147.039999999878,4322.0,2026-07-20T09:33:00-04:00,1.75,8247.039999999888,4323.0,2026-07-20T09:34:00-04:00,1.4500000000000028,8847.039999999883,4324.0,2026-07-20T09:35:00-04:00,1.4500000000000028,8847.039999999883,4323.0,2026-07-20T09:34:00-04:00,1.4500000000000028,8847.039999999883,4332.0,2026-07-20T09:43:00-04:00,0.9000000000000021,9947.039999999884,4333.0,2026-07-20T09:44:00-04:00,0.4499999999999993,10847.03999999989,4477.0,2026-07-20T12:08:00-04:00,0.8499999999999996,10047.039999999888,4333.0,2026-07-20T09:44:00-04:00,0.4499999999999993,10847.03999999989,4333.0,2026-07-20T09:44:00-04:00,0.4499999999999993,10847.03999999989,,,,,,,,,4334.0,2026-07-20T09:45:00-04:00,1.1999999999999993,9347.03999999989,3568
2026-07-17,2026-07-20,3,7.0,2026-07-17T09:31:00-04:00,7.0,NDXP  260720P28850000,NDXP  260720P28840000,final_holdout,False,False,0,0,0,17,0,777,available,False,2026-07-17T09:31:00-04:00,2026-07-20T15:59:00-04:00,9.849999999999994,-5952.95999999999,1.0,last_observed_quote_not_settlement,3916.0,161,72,6.550000000000011,647.0399999999779,2026-07-17T09:32:00-04:00,0.0,7.300000000000011,-852.9600000000221,2026-07-17T09:33:00-04:00,0.0,7.5,-1252.9599999999994,2026-07-17T09:36:00-04:00,0.0,8.0,-2252.960000000001,2026-07-17T09:41:00-04:00,0.0,8.199999999999932,-2652.9599999998645,2026-07-17T09:46:00-04:00,0.0,6.900000000000091,-52.96000000018119,2026-07-17T10:01:00-04:00,0.0,5.399999999999977,2947.0400000000463,2026-07-17T10:31:00-04:00,0.0,6.25,1247.0400000000006,2026-07-17T11:31:00-04:00,0.0,6.399999999999977,947.0400000000461,2026-07-17T16:00:00-04:00,0.0,,,2026-07-17T16:15:00-04:00,85500.0,,,2026-07-17T16:15:00-04:00,171900.0,,,2026-07-20T15:59:00-04:00,60.0,46.0,hit,46.0,hit,46.0,hit,47.0,hit,4333.0,hit,,never_hit,,never_hit,4.0,hit,6.0,hit,0.0,hit,6.0,hit,133.0,hit,133.0,hit,8.850000000000023,23,True,True,False,False,,9.900000000000034,49,True,True,True,True,,,,True,True,True,False,5.199999999999996,,,True,True,True,False,5.199999999999996,47.0,2026-07-17T10:18:00-04:00,2.6499999999999773,8447.040000000046,4324.0,2026-07-20T09:35:00-04:00,2.799999999999997,8147.040000000007,4325.0,2026-07-20T09:36:00-04:00,2.8499999999999943,8047.040000000012,48.0,2026-07-17T10:19:00-04:00,5.399999999999977,2947.0400000000463,4333.0,2026-07-20T09:44:00-04:00,1.8000000000000043,10147.039999999994,4334.0,2026-07-20T09:45:00-04:00,1.8000000000000043,10147.039999999994,,,,,4334.0,2026-07-20T09:45:00-04:00,1.8000000000000043,10147.039999999994,,,,,,,,,,,,,,,,,,,,,,,,,,,,,,,,,3569
2026-07-20,2026-07-22,2,5.0,2026-07-20T09:31:00-04:00,5.0499999999999545,NDXP  260722P29440000,NDXP  260722P29430000,final_holdout,False,False,0,0,9,224,0,967,available,False,2026-07-20T09:31:00-04:00,2026-07-22T16:00:00-04:00,8.0,-6152.960000000092,0.0,last_observed_quote_not_settlement,1041.0,799,17,6.75,-3652.96000000009,2026-07-20T09:32:00-04:00,0.0,6.999999999999886,-4152.959999999863,2026-07-20T09:33:00-04:00,0.0,9.650000000000091,-9452.960000000274,2026-07-20T09:36:00-04:00,0.0,8.700000000000045,-7552.960000000183,2026-07-20T09:41:00-04:00,0.0,9.300000000000011,-8752.960000000114,2026-07-20T09:46:00-04:00,0.0,6.4500000000000455,-3052.960000000181,2026-07-20T10:01:00-04:00,0.0,9.449999999999818,-9052.959999999728,2026-07-20T10:31:00-04:00,0.0,5.900000000000091,-1952.9600000002722,2026-07-20T11:31:00-04:00,0.0,7.75,-5652.96000000009,2026-07-20T16:00:00-04:00,0.0,7.7999999999999545,-5752.959999999999,2026-07-21T16:00:00-04:00,0.0,8.0,-6152.960000000092,2026-07-22T16:00:00-04:00,0.0,,,,,0.0,hit,58.0,hit,99.0,hit,,never_hit,,never_hit,,never_hit,,never_hit,1.0,hit,1.0,hit,5.0,hit,5.0,hit,5.0,hit,5.0,hit,,,True,True,True,False,1.7999999999999545,,,True,True,True,False,1.7999999999999545,,,True,True,True,False,1.7999999999999545,,,True,True,True,False,1.7999999999999545,,,,,,,,,,,,,,,,,,,,,,,,,,,,,,,,,,,,,,,,,,,,,,,,,,,,,,,,,,,,,,,,,3570
2026-07-20,2026-07-22,2,6.0,2026-07-20T09:31:00-04:00,6.0,NDXP  260722P29140000,NDXP  260722P29130000,final_holdout,False,False,0,0,1,10,0,1190,available,False,2026-07-20T09:31:00-04:00,2026-07-22T15:59:00-04:00,10.0,-8152.96,1.0,last_observed_quote_not_settlement,1036.0,528,122,8.100000000000023,-4452.960000000046,2026-07-20T09:32:00-04:00,0.0,6.699999999999989,-1652.9599999999766,2026-07-20T09:33:00-04:00,0.0,6.25,-752.9599999999994,2026-07-20T09:36:00-04:00,0.0,5.449999999999989,847.0400000000234,2026-07-20T09:41:00-04:00,0.0,,,2026-07-20T09:45:00-04:00,60.0,6.349999999999966,-952.9599999999311,2026-07-20T10:01:00-04:00,0.0,5.800000000000011,147.03999999997797,2026-07-20T10:31:00-04:00,0.0,6.150000000000091,-552.9600000001813,2026-07-20T11:31:00-04:00,0.0,8.199999999999932,-4652.9599999998645,2026-07-20T16:00:00-04:00,0.0,3.6000000000000227,4547.039999999955,2026-07-21T16:00:00-04:00,0.0,,,2026-07-22T15:59:00-04:00,60.0,,,,,7.0,hit,7.0,hit,7.0,hit,3090.0,hit,,never_hit,,never_hit,,never_hit,1.0,hit,1.0,hit,1.0,hit,1.0,hit,32.0,hit,32.0,hit,9.699999999999989,411,True,True,True,True,,,,True,True,True,False,3.349999999999998,,,True,True,True,False,3.349999999999998,,,True,True,True,False,3.349999999999998,3090.0,2026-07-22T13:01:00-04:00,2.650000000000002,6447.039999999996,,,,,,,,,3091.0,2026-07-22T13:02:00-04:00,4.549999999999997,2647.0400000000063,,,,,,,,,,,,,,,,,,,,,,,,,,,,,,,,,,,,,,,,,,,,,,,,,3571
2026-07-20,2026-07-22,2,7.0,2026-07-20T09:31:00-04:00,7.0,NDXP  260722P29260000,NDXP  260722P29250000,final_holdout,False,False,0,0,4,48,0,1145,available,False,2026-07-20T09:31:00-04:00,2026-07-22T15:59:00-04:00,6.899999999999977,-52.959999999953816,1.0,last_observed_quote_not_settlement,1037.0,677,122,7.150000000000034,-552.9600000000676,2026-07-20T09:32:00-04:00,0.0,6.699999999999989,347.04000000002344,2026-07-20T09:33:00-04:00,0.0,5.650000000000034,2447.0399999999327,2026-07-20T09:36:00-04:00,0.0,6.199999999999932,1347.040000000137,2026-07-20T09:41:00-04:00,0.0,6.599999999999966,547.0400000000689,2026-07-20T09:46:00-04:00,0.0,7.300000000000068,-852.9600000001358,2026-07-20T10:01:00-04:00,0.0,7.599999999999909,-1452.9599999998175,2026-07-20T10:31:00-04:00,0.0,8.200000000000045,-2652.960000000092,2026-07-20T11:31:00-04:00,0.0,,,2026-07-20T15:59:00-04:00,60.0,5.550000000000011,2647.039999999978,2026-07-21T16:00:00-04:00,0.0,,,2026-07-22T15:59:00-04:00,60.0,,,,,34.0,hit,77.0,hit,294.0,hit,1445.0,hit,,never_hit,,never_hit,,never_hit,4.0,hit,4.0,hit,0.0,hit,4.0,hit,27.0,hit,48.0,hit,10.0,287,True,True,True,True,,,,True,True,True,False,4.100000000000023,,,True,True,True,False,4.100000000000023,,,True,True,True,False,4.100000000000023,1445.0,2026-07-21T09:36:00-04:00,2.8999999999999773,7947.040000000046,,,,,,,,,1446.0,2026-07-21T09:37:00-04:00,5.349999999999966,3047.040000000069,,,,,,,,,,,,,,,,,,,,,,,,,,,,,,,,,,,,,,,,,,,,,,,,,3572
2026-07-20,2026-07-23,3,5.0,2026-07-20T09:31:00-04:00,5.0,NDXP  260723P29000000,NDXP  260723P28990000,final_holdout,False,False,0,0,0,115,0,1488,available,False,2026-07-20T09:31:00-04:00,2026-07-23T15:59:00-04:00,10.0,-10152.96,1.0,last_observed_quote_not_settlement,1036.0,462,95,4.7999999999999545,147.04000000009165,2026-07-20T09:32:00-04:00,0.0,4.2000000000000455,1347.0399999999097,2026-07-20T09:33:00-04:00,0.0,4.400000000000034,947.0399999999324,2026-07-20T09:36:00-04:00,0.0,4.5,747.0400000000006,2026-07-20T09:41:00-04:00,0.0,4.25,1247.0400000000006,2026-07-20T09:46:00-04:00,0.0,5.350000000000023,-952.9600000000448,2026-07-20T10:01:00-04:00,0.0,5.099999999999966,-452.9599999999311,2026-07-20T10:31:00-04:00,0.0,5.0,-252.9599999999993,2026-07-20T11:31:00-04:00,0.0,7.2999999999999545,-4852.959999999908,2026-07-20T16:00:00-04:00,0.0,3.3000000000000114,3147.039999999978,2026-07-21T16:00:00-04:00,0.0,4.25,1247.0400000000006,2026-07-22T16:00:00-04:00,0.0,,,2026-07-23T15:59:00-04:00,60.0,0.0,hit,0.0,hit,4.0,hit,48.0,hit,48.0,hit,,never_hit,,never_hit,43.0,hit,50.0,hit,50.0,hit,50.0,hit,91.0,hit,4322.0,hit,5.7000000000000455,16,False,False,False,False,,5.7000000000000455,16,False,False,False,False,,,,True,True,True,False,3.8999999999999773,,,True,True,True,False,3.8999999999999773,48.0,2026-07-20T10:19:00-04:00,1.150000000000034,7447.039999999933,1654.0,2026-07-21T13:05:00-04:00,2.9499999999999886,3847.0400000000236,1655.0,2026-07-21T13:06:00-04:00,2.8999999999999773,3947.0400000000463,49.0,2026-07-20T10:20:00-04:00,5.100000000000023,-452.9600000000448,48.0,2026-07-20T10:19:00-04:00,1.150000000000034,7447.039999999933,,,,,,,,,49.0,2026-07-20T10:20:00-04:00,5.100000000000023,-452.9600000000448,,,,,,,,,,,,,,,,,,,,,,,,,,,,,,,,,3573
2026-07-20,2026-07-23,3,6.0,2026-07-20T09:31:00-04:00,5.9500000000000455,NDXP  260723P29230000,NDXP  260723P29220000,final_holdout,False,False,0,0,3,129,0,1470,available,False,2026-07-20T09:31:00-04:00,2026-07-23T15:59:00-04:00,10.0,-8252.959999999908,1.0,last_observed_quote_not_settlement,1037.0,612,216,4.75,2147.040000000092,2026-07-20T09:32:00-04:00,0.0,4.699999999999989,2247.0400000001146,2026-07-20T09:33:00-04:00,0.0,4.150000000000034,3347.0400000000236,2026-07-20T09:36:00-04:00,0.0,5.7999999999999545,47.04000000018261,2026-07-20T09:41:00-04:00,0.0,6.25,-852.9599999999084,2026-07-20T09:46:00-04:00,0.0,7.5,-3352.959999999908,2026-07-20T10:01:00-04:00,0.0,6.0,-352.95999999990835,2026-07-20T10:31:00-04:00,0.0,5.999999999999943,-352.95999999979466,2026-07-20T11:31:00-04:00,0.0,5.350000000000023,947.0400000000461,2026-07-20T16:00:00-04:00,0.0,4.799999999999983,2047.040000000126,2026-07-21T16:00:00-04:00,0.0,8.850000000000023,-6052.9599999999555,2026-07-22T16:00:00-04:00,0.0,,,2026-07-23T15:59:00-04:00,60.0,1.0,hit,1.0,hit,4.0,hit,156.0,hit,,never_hit,,never_hit,,never_hit,16.0,hit,16.0,hit,16.0,hit,37.0,hit,204.0,hit,238.0,hit,8.850000000000023,119,True,True,False,False,,,,True,True,True,False,3.8500000000000227,,,True,True,True,False,3.8500000000000227,,,True,True,True,False,3.8500000000000227,156.0,2026-07-20T12:07:00-04:00,2.3500000000000227,6947.040000000046,,,,,,,,,157.0,2026-07-20T12:08:00-04:00,5.349999999999909,947.0400000002735,,,,,,,,,,,,,,,,,,,,,,,,,,,,,,,,,,,,,,,,,,,,,,,,,3574
2026-07-20,2026-07-23,3,7.0,2026-07-20T09:31:00-04:00,6.900000000000091,NDXP  260723P29340000,NDXP  260723P29330000,final_holdout,False,False,0,0,3,87,0,1510,available,False,2026-07-20T09:31:00-04:00,2026-07-23T15:59:00-04:00,0.0,13547.040000000183,1.0,last_observed_quote_not_settlement,1037.0,832,214,6.7999999999999545,-52.95999999972644,2026-07-20T09:32:00-04:00,0.0,6.699999999999989,147.04000000020534,2026-07-20T09:33:00-04:00,0.0,6.350000000000023,847.0400000001371,2026-07-20T09:36:00-04:00,0.0,6.800000000000011,-52.95999999984013,2026-07-20T09:41:00-04:00,0.0,6.0,1547.0400000001825,2026-07-20T09:46:00-04:00,0.0,7.249999999999886,-952.9599999995901,2026-07-20T10:01:00-04:00,0.0,7.0499999999999545,-552.9599999997265,2026-07-20T10:31:00-04:00,0.0,6.600000000000023,347.0400000001371,2026-07-20T11:31:00-04:00,0.0,8.299999999999955,-3052.959999999728,2026-07-20T16:00:00-04:00,0.0,5.699999999999989,2147.0400000002055,2026-07-21T16:00:00-04:00,0.0,7.599999999999966,-1652.9599999997492,2026-07-22T16:00:00-04:00,0.0,,,2026-07-23T15:59:00-04:00,60.0,162.0,hit,162.0,hit,1524.0,hit,1524.0,hit,1542.0,hit,1690.0,hit,1707.0,hit,19.0,hit,19.0,hit,19.0,hit,19.0,hit,100.0,hit,319.0,hit,9.700000000000045,361,True,True,True,True,,9.700000000000045,361,True,True,True,True,,9.75,376,True,True,True,True,,9.750000000000057,379,True,True,True,True,,1524.0,2026-07-21T10:55:00-04:00,2.4500000000000455,8647.040000000092,1654.0,2026-07-21T13:05:00-04:00,1.8500000000000227,9847.040000000137,1655.0,2026-07-21T13:06:00-04:00,1.8500000000000227,9847.040000000137,1525.0,2026-07-21T10:56:00-04:00,3.0,7547.040000000183,1542.0,2026-07-21T11:13:00-04:00,1.9499999999999886,9647.040000000206,1654.0,2026-07-21T13:05:00-04:00,1.8500000000000227,9847.040000000137,1655.0,2026-07-21T13:06:00-04:00,1.8500000000000227,9847.040000000137,1543.0,2026-07-21T11:14:00-04:00,8.199999999999989,-2852.9599999997963,1690.0,2026-07-21T13:41:00-04:00,0.8000000000000114,11947.040000000161,1691.0,2026-07-21T13:42:00-04:00,0.8000000000000114,11947.040000000161,,,,,1691.0,2026-07-21T13:42:00-04:00,0.8000000000000114,11947.040000000161,1707.0,2026-07-21T13:58:00-04:00,0.3000000000000682,12947.040000000046,,,,,,,,,1708.0,2026-07-21T13:59:00-04:00,5.5,2547.0400000001828,3575
2026-07-21,2026-07-23,2,5.0,2026-07-21T09:31:00-04:00,5.0499999999999545,NDXP  260723P29120000,NDXP  260723P29110000,final_holdout,False,False,0,0,0,88,0,1110,available,False,2026-07-21T09:31:00-04:00,2026-07-23T15:59:00-04:00,10.0,-10052.96000000009,1.0,last_observed_quote_not_settlement,1036.0,310,61,5.100000000000023,-352.9600000001357,2026-07-21T09:32:00-04:00,0.0,4.899999999999977,47.039999999955235,2026-07-21T09:33:00-04:00,0.0,5.199999999999989,-552.9600000000676,2026-07-21T09:36:00-04:00,0.0,5.25,-652.9600000000903,2026-07-21T09:41:00-04:00,0.0,5.75,-1652.9600000000903,2026-07-21T09:46:00-04:00,0.0,5.0499999999999545,-252.9599999999993,2026-07-21T10:01:00-04:00,0.0,4.550000000000011,747.039999999887,2026-07-21T10:31:00-04:00,0.0,3.9499999999999886,1947.0399999999324,2026-07-21T11:31:00-04:00,0.0,2.6500000000000057,4547.039999999898,2026-07-21T16:00:00-04:00,0.0,4.950000000000017,-52.960000000124346,2026-07-22T16:00:00-04:00,0.0,,,2026-07-23T15:59:00-04:00,60.0,,,,,0.0,hit,2.0,hit,28.0,hit,28.0,hit,,never_hit,,never_hit,,never_hit,15.0,hit,18.0,hit,18.0,hit,27.0,hit,27.0,hit,27.0,hit,9.899999999999977,14,True,True,True,True,,,,True,True,True,False,2.8999999999999204,,,True,True,True,False,2.8999999999999204,,,True,True,True,False,2.8999999999999204,28.0,2026-07-21T09:59:00-04:00,2.900000000000034,4047.0399999998417,,,,,,,,,29.0,2026-07-21T10:00:00-04:00,5.449999999999989,-1052.9600000000676,,,,,,,,,,,,,,,,,,,,,,,,,,,,,,,,,,,,,,,,,,,,,,,,,3576
2026-07-21,2026-07-23,2,6.0,2026-07-21T09:31:00-04:00,6.050000000000011,NDXP  260723P29280000,NDXP  260723P29270000,final_holdout,False,False,0,0,0,100,0,1096,available,False,2026-07-21T09:31:00-04:00,2026-07-23T15:59:00-04:00,10.0,-8052.959999999977,1.0,last_observed_quote_not_settlement,1036.0,478,177,6.199999999999932,-552.9599999998402,2026-07-21T09:32:00-04:00,0.0,2.8999999999999773,6047.040000000069,2026-07-21T09:33:00-04:00,0.0,6.099999999999966,-352.95999999990835,2026-07-21T09:36:00-04:00,0.0,5.7000000000000455,447.0399999999325,2026-07-21T09:41:00-04:00,0.0,6.0,-152.95999999997656,2026-07-21T09:46:00-04:00,0.0,5.949999999999989,-52.959999999953816,2026-07-21T10:01:00-04:00,0.0,8.050000000000011,-4252.960000000001,2026-07-21T10:31:00-04:00,0.0,4.550000000000068,2747.039999999887,2026-07-21T11:31:00-04:00,0.0,7.0,-2152.9599999999764,2026-07-21T16:00:00-04:00,0.0,6.75,-1652.9599999999766,2026-07-22T16:00:00-04:00,0.0,,,2026-07-23T15:59:00-04:00,60.0,,,,,2.0,hit,2.0,hit,2.0,hit,2.0,hit,57.0,hit,115.0,hit,3231.0,hit,13.0,hit,13.0,hit,13.0,hit,31.0,hit,31.0,hit,31.0,hit,6.199999999999932,1,False,False,False,False,,9.600000000000023,34,True,True,True,True,,9.600000000000023,56,True,True,True,True,,10.0,465,True,True,True,True,,2.0,2026-07-21T09:33:00-04:00,2.8999999999999773,6047.040000000069,3232.0,2026-07-23T15:23:00-04:00,0.0,11847.040000000025,3236.0,2026-07-23T15:27:00-04:00,0.0,11847.040000000025,3.0,2026-07-21T09:34:00-04:00,5.899999999999977,47.04000000006892,57.0,2026-07-21T10:28:00-04:00,1.8999999999999773,8047.040000000069,3232.0,2026-07-23T15:23:00-04:00,0.0,11847.040000000025,3236.0,2026-07-23T15:27:00-04:00,0.0,11847.040000000025,58.0,2026-07-21T10:29:00-04:00,5.800000000000068,247.039999999887,115.0,2026-07-21T11:26:00-04:00,0.9000000000000341,10047.039999999955,3232.0,2026-07-23T15:23:00-04:00,0.0,11847.040000000025,3236.0,2026-07-23T15:27:00-04:00,0.0,11847.040000000025,116.0,2026-07-21T11:27:00-04:00,4.850000000000023,2147.039999999978,3231.0,2026-07-23T15:22:00-04:00,0.0,11847.040000000025,3232.0,2026-07-23T15:23:00-04:00,0.0,11847.040000000025,3236.0,2026-07-23T15:27:00-04:00,0.0,11847.040000000025,3232.0,2026-07-23T15:23:00-04:00,0.0,11847.040000000025,3577
2026-07-21,2026-07-23,2,7.0,2026-07-21T09:31:00-04:00,7.0,NDXP  260723P29420000,NDXP  260723P29410000,final_holdout,False,False,0,0,16,153,0,1025,available,False,2026-07-21T09:31:00-04:00,2026-07-23T15:59:00-04:00,10.0,-6152.96,1.0,last_observed_quote_not_settlement,1036.0,603,212,6.399999999999977,947.0400000000461,2026-07-21T09:32:00-04:00,0.0,6.5,747.0400000000006,2026-07-21T09:33:00-04:00,0.0,7.850000000000023,-1952.9600000000448,2026-07-21T09:36:00-04:00,0.0,6.0499999999999545,1647.0400000000916,2026-07-21T09:41:00-04:00,0.0,7.199999999999932,-652.9599999998629,2026-07-21T09:46:00-04:00,0.0,7.100000000000023,-452.9600000000448,2026-07-21T10:01:00-04:00,0.0,6.399999999999977,947.0400000000461,2026-07-21T10:31:00-04:00,0.0,5.5499999999999545,2647.040000000092,2026-07-21T11:31:00-04:00,0.0,6.300000000000011,1147.039999999978,2026-07-21T16:00:00-04:00,0.0,3.0,7747.040000000001,2026-07-22T16:00:00-04:00,0.0,,,2026-07-23T15:59:00-04:00,60.0,,,,,26.0,hit,26.0,hit,38.0,hit,188.0,hit,219.0,hit,240.0,hit,,never_hit,4.0,hit,14.0,hit,0.0,hit,14.0,hit,20.0,hit,42.0,hit,9.550000000000068,73,True,True,True,True,,9.550000000000068,74,True,True,True,True,,9.550000000000068,83,True,True,True,True,,,,True,True,True,False,6.4500000000000455,188.0,2026-07-21T12:39:00-04:00,2.7000000000000455,8347.03999999991,189.0,2026-07-21T12:40:00-04:00,2.2000000000000455,9347.03999999991,,,,,189.0,2026-07-21T12:40:00-04:00,2.2000000000000455,9347.03999999991,219.0,2026-07-21T13:10:00-04:00,1.8000000000000114,10147.039999999979,,,,,,,,,220.0,2026-07-21T13:11:00-04:00,7.849999999999966,-1952.9599999999311,240.0,2026-07-21T13:31:00-04:00,0.5499999999999545,12647.040000000092,,,,,,,,,241.0,2026-07-21T13:32:00-04:00,4.600000000000023,4547.039999999955,,,,,,,,,,,,,,,,,3578
2026-07-21,2026-07-24,3,5.0,2026-07-21T09:31:00-04:00,4.949999999999932,NDXP  260724P29160000,NDXP  260724P29150000,final_holdout,False,False,0,0,0,138,0,1465,available,False,2026-07-21T09:31:00-04:00,2026-07-24T15:59:00-04:00,9.949999999999818,-10252.959999999774,1.0,last_observed_quote_not_settlement,1037.0,701,100,5.149999999999977,-652.9600000000903,2026-07-21T09:32:00-04:00,0.0,4.75,147.03999999986428,2026-07-21T09:33:00-04:00,0.0,5.2000000000000455,-752.9600000002267,2026-07-21T09:36:00-04:00,0.0,5.0,-352.9600000001357,2026-07-21T09:41:00-04:00,0.0,4.350000000000023,947.0399999998187,2026-07-21T09:46:00-04:00,0.0,5.550000000000011,-1452.9600000001585,2026-07-21T10:01:00-04:00,0.0,5.100000000000023,-552.9600000001813,2026-07-21T10:31:00-04:00,0.0,4.399999999999977,847.0399999999097,2026-07-21T11:31:00-04:00,0.0,4.600000000000023,447.0399999998188,2026-07-21T16:00:00-04:00,0.0,,,2026-07-22T15:59:00-04:00,60.0,,,2026-07-23T15:59:00-04:00,60.0,,,2026-07-24T15:59:00-04:00,60.0,0.0,hit,0.0,hit,26.0,hit,,never_hit,,never_hit,,never_hit,,never_hit,14.0,hit,17.0,hit,17.0,hit,27.0,hit,40.0,hit,40.0,hit,,,True,True,True,False,1.7499999999998863,,,True,True,True,False,1.7499999999998863,,,True,True,True,False,1.7499999999998863,,,True,True,True,False,1.7499999999998863,,,,,,,,,,,,,,,,,,,,,,,,,,,,,,,,,,,,,,,,,,,,,,,,,,,,,,,,,,,,,,,,,3579
2026-07-21,2026-07-24,3,6.0,2026-07-21T09:31:00-04:00,6.0,NDXP  260724P29480000,NDXP  260724P29470000,final_holdout,False,False,0,0,5,255,0,1326,available,False,2026-07-21T09:31:00-04:00,2026-07-24T16:00:00-04:00,0.0,11747.04,0.0,last_observed_quote_not_settlement,1037.0,1044,126,8.100000000000023,-4452.960000000046,2026-07-21T09:32:00-04:00,0.0,7.099999999999909,-2452.9599999998172,2026-07-21T09:33:00-04:00,0.0,7.050000000000068,-2352.9600000001356,2026-07-21T09:36:00-04:00,0.0,7.050000000000068,-2352.9600000001356,2026-07-21T09:41:00-04:00,0.0,7.000000000000114,-2252.9600000002265,2026-07-21T09:46:00-04:00,0.0,7.0499999999999545,-2352.959999999908,2026-07-21T10:01:00-04:00,0.0,6.149999999999977,-552.9599999999539,2026-07-21T10:31:00-04:00,0.0,6.2000000000000455,-652.9600000000903,2026-07-21T11:31:00-04:00,0.0,8.050000000000011,-4352.960000000024,2026-07-21T16:00:00-04:00,0.0,7.4500000000000455,-3152.96000000009,2026-07-22T16:00:00-04:00,0.0,9.850000000000023,-7952.960000000046,2026-07-23T16:00:00-04:00,0.0,0.0,11747.04,2026-07-24T16:00:00-04:00,0.0,14.0,hit,63.0,hit,172.0,hit,172.0,hit,172.0,hit,173.0,hit,173.0,hit,1.0,hit,1.0,hit,1.0,hit,1.0,hit,85.0,hit,95.0,hit,9.700000000000045,148,True,True,True,True,,9.700000000000045,148,True,True,True,True,,9.700000000000045,148,True,True,True,True,,9.700000000000045,148,True,True,True,True,,172.0,2026-07-21T12:23:00-04:00,1.5499999999999545,8647.040000000092,173.0,2026-07-21T12:24:00-04:00,0.4000000000000341,10947.039999999934,190.0,2026-07-21T12:41:00-04:00,2.7999999999999545,6147.040000000092,173.0,2026-07-21T12:24:00-04:00,0.4000000000000341,10947.039999999934,172.0,2026-07-21T12:23:00-04:00,1.5499999999999545,8647.040000000092,173.0,2026-07-21T12:24:00-04:00,0.4000000000000341,10947.039999999934,,,,,173.0,2026-07-21T12:24:00-04:00,0.4000000000000341,10947.039999999934,173.0,2026-07-21T12:24:00-04:00,0.4000000000000341,10947.039999999934,,,,,,,,,174.0,2026-07-21T12:25:00-04:00,6.5,-1252.9599999999994,173.0,2026-07-21T12:24:00-04:00,0.4000000000000341,10947.039999999934,,,,,,,,,174.0,2026-07-21T12:25:00-04:00,6.5,-1252.9599999999994,3580
2026-07-21,2026-07-24,3,7.0,2026-07-21T09:31:00-04:00,7.050000000000011,NDXP  260724P29390000,NDXP  260724P29380000,final_holdout,False,False,0,0,6,243,0,1347,available,False,2026-07-21T09:31:00-04:00,2026-07-24T16:00:00-04:00,10.0,-6052.959999999977,0.0,last_observed_quote_not_settlement,1037.0,565,188,6.5,847.0400000000234,2026-07-21T09:32:00-04:00,0.0,6.800000000000068,247.039999999887,2026-07-21T09:33:00-04:00,0.0,6.0499999999999545,1747.0400000001143,2026-07-21T09:36:00-04:00,0.0,6.600000000000023,647.0399999999779,2026-07-21T09:41:00-04:00,0.0,6.7000000000000455,447.0399999999325,2026-07-21T09:46:00-04:00,0.0,6.350000000000023,1147.039999999978,2026-07-21T10:01:00-04:00,0.0,7.0499999999999545,-252.9599999998856,2026-07-21T10:31:00-04:00,0.0,8.050000000000011,-2252.960000000001,2026-07-21T11:31:00-04:00,0.0,6.649999999999977,547.0400000000689,2026-07-21T16:00:00-04:00,0.0,9.699999999999989,-5552.9599999999555,2026-07-22T16:00:00-04:00,0.0,,,2026-07-23T15:59:00-04:00,60.0,10.0,-6052.959999999977,2026-07-24T16:00:00-04:00,0.0,3.0,hit,29.0,hit,68.0,hit,80.0,hit,116.0,hit,138.0,hit,138.0,hit,4.0,hit,4.0,hit,0.0,hit,4.0,hit,4.0,hit,270.0,hit,9.100000000000023,21,True,True,True,True,,9.449999999999989,28,True,True,True,True,,9.449999999999989,31,True,True,True,True,,9.449999999999989,31,True,True,True,True,,80.0,2026-07-21T10:51:00-04:00,2.949999999999932,7947.04000000016,81.0,2026-07-21T10:52:00-04:00,2.3999999999999773,9047.04000000007,199.0,2026-07-21T12:50:00-04:00,2.6999999999999886,8447.040000000046,81.0,2026-07-21T10:52:00-04:00,2.3999999999999773,9047.04000000007,116.0,2026-07-21T11:27:00-04:00,1.1499999999999773,11547.04000000007,139.0,2026-07-21T11:50:00-04:00,1.3500000000000227,11147.039999999979,251.0,2026-07-21T13:42:00-04:00,0.9500000000000455,11947.039999999934,117.0,2026-07-21T11:28:00-04:00,4.899999999999977,4047.040000000069,138.0,2026-07-21T11:49:00-04:00,0.19999999999998863,13447.040000000046,3272.0,2026-07-23T16:03:00-04:00,0.0,13847.040000000025,,,,,139.0,2026-07-21T11:50:00-04:00,1.3500000000000227,11147.039999999979,138.0,2026-07-21T11:49:00-04:00,0.19999999999998863,13447.040000000046,3272.0,2026-07-23T16:03:00-04:00,0.0,13847.040000000025,,,,,139.0,2026-07-21T11:50:00-04:00,1.3500000000000227,11147.039999999979,3581
2026-07-22,2026-07-24,2,5.0,2026-07-22T09:31:00-04:00,4.9500000000000455,NDXP  260724P29070000,NDXP  260724P29060000,final_holdout,False,False,0,0,0,96,0,1102,available,False,2026-07-22T09:31:00-04:00,2026-07-24T16:00:00-04:00,10.0,-10252.959999999908,0.0,last_observed_quote_not_settlement,1037.0,621,9,5.199999999999989,-752.9599999998857,2026-07-22T09:32:00-04:00,0.0,4.7000000000000455,247.04000000000067,2026-07-22T09:33:00-04:00,0.0,4.399999999999977,847.0400000001371,2026-07-22T09:36:00-04:00,0.0,4.849999999999966,-52.95999999984013,2026-07-22T09:41:00-04:00,0.0,4.550000000000011,547.0400000000689,2026-07-22T09:46:00-04:00,0.0,3.950000000000017,1747.0400000000575,2026-07-22T10:01:00-04:00,0.0,4.199999999999989,1247.0400000001143,2026-07-22T10:31:00-04:00,0.0,3.450000000000017,2747.0400000000577,2026-07-22T11:31:00-04:00,0.0,3.8000000000000114,2047.040000000069,2026-07-22T16:00:00-04:00,0.0,9.400000000000091,-9152.960000000092,2026-07-23T16:00:00-04:00,0.0,10.0,-10252.959999999908,2026-07-24T16:00:00-04:00,0.0,,,,,0.0,hit,0.0,hit,27.0,hit,2963.0,hit,2963.0,hit,2963.0,hit,2963.0,hit,399.0,hit,1440.0,hit,1440.0,hit,1440.0,hit,1442.0,hit,1457.0,hit,10.0,430,True,True,True,True,,10.0,430,True,True,True,True,,10.0,430,True,True,True,True,,10.0,430,True,True,True,True,,2963.0,2026-07-24T10:54:00-04:00,0.0,9647.040000000092,2964.0,2026-07-24T10:55:00-04:00,0.0,9647.040000000092,,,,,2964.0,2026-07-24T10:55:00-04:00,0.0,9647.040000000092,2963.0,2026-07-24T10:54:00-04:00,0.0,9647.040000000092,2964.0,2026-07-24T10:55:00-04:00,0.0,9647.040000000092,,,,,2964.0,2026-07-24T10:55:00-04:00,0.0,9647.040000000092,2963.0,2026-07-24T10:54:00-04:00,0.0,9647.040000000092,2964.0,2026-07-24T10:55:00-04:00,0.0,9647.040000000092,,,,,2964.0,2026-07-24T10:55:00-04:00,0.0,9647.040000000092,2963.0,2026-07-24T10:54:00-04:00,0.0,9647.040000000092,2964.0,2026-07-24T10:55:00-04:00,0.0,9647.040000000092,,,,,2964.0,2026-07-24T10:55:00-04:00,0.0,9647.040000000092,3582
2026-07-22,2026-07-24,2,6.0,2026-07-22T09:31:00-04:00,6.0,NDXP  260724P29280000,NDXP  260724P29270000,final_holdout,False,False,0,0,2,147,0,1041,available,False,2026-07-22T09:31:00-04:00,2026-07-24T16:00:00-04:00,10.0,-8152.96,0.0,last_observed_quote_not_settlement,1036.0,629,87,6.350000000000023,-952.9600000000448,2026-07-22T09:32:00-04:00,0.0,6.550000000000068,-1352.9600000001358,2026-07-22T09:33:00-04:00,0.0,6.350000000000023,-952.9600000000448,2026-07-22T09:36:00-04:00,0.0,6.350000000000023,-952.9600000000448,2026-07-22T09:41:00-04:00,0.0,4.650000000000034,2447.0399999999327,2026-07-22T09:46:00-04:00,0.0,5.4500000000000455,847.0399999999097,2026-07-22T10:01:00-04:00,0.0,5.7000000000000455,347.03999999990975,2026-07-22T10:31:00-04:00,0.0,5.0,1747.0400000000006,2026-07-22T11:31:00-04:00,0.0,8.450000000000045,-5152.960000000092,2026-07-22T16:00:00-04:00,0.0,9.899999999999977,-8052.9599999999555,2026-07-23T16:00:00-04:00,0.0,10.0,-8152.96,2026-07-24T16:00:00-04:00,0.0,,,,,8.0,hit,8.0,hit,27.0,hit,27.0,hit,41.0,hit,41.0,hit,1791.0,hit,2.0,hit,3.0,hit,3.0,hit,12.0,hit,36.0,hit,36.0,hit,8.25,16,True,True,False,False,,9.550000000000011,20,True,True,True,True,,9.550000000000011,20,True,True,True,True,,10.0,363,True,True,True,True,,27.0,2026-07-22T09:58:00-04:00,2.2000000000000455,7347.03999999991,197.0,2026-07-22T12:48:00-04:00,2.0,7747.040000000001,1796.0,2026-07-23T15:27:00-04:00,0.0,11747.04,28.0,2026-07-22T09:59:00-04:00,5.5499999999999545,647.0400000000916,41.0,2026-07-22T10:12:00-04:00,0.5499999999999545,10647.040000000092,1792.0,2026-07-23T15:23:00-04:00,0.0,11747.04,1796.0,2026-07-23T15:27:00-04:00,0.0,11747.04,42.0,2026-07-22T10:13:00-04:00,4.199999999999932,3347.0400000001373,41.0,2026-07-22T10:12:00-04:00,0.5499999999999545,10647.040000000092,1792.0,2026-07-23T15:23:00-04:00,0.0,11747.04,1796.0,2026-07-23T15:27:00-04:00,0.0,11747.04,42.0,2026-07-22T10:13:00-04:00,4.199999999999932,3347.0400000001373,1791.0,2026-07-23T15:22:00-04:00,0.0,11747.04,1792.0,2026-07-23T15:23:00-04:00,0.0,11747.04,1796.0,2026-07-23T15:27:00-04:00,0.0,11747.04,1792.0,2026-07-23T15:23:00-04:00,0.0,11747.04,3583
2026-07-22,2026-07-24,2,7.0,2026-07-22T09:31:00-04:00,7.0,NDXP  260724P29350000,NDXP  260724P29340000,final_holdout,False,False,0,0,2,242,0,947,available,False,2026-07-22T09:31:00-04:00,2026-07-24T16:00:00-04:00,9.0,-4252.960000000001,0.0,last_observed_quote_not_settlement,1037.0,506,106,8.399999999999977,-3052.9599999999555,2026-07-22T09:32:00-04:00,0.0,7.100000000000023,-452.9600000000448,2026-07-22T09:33:00-04:00,0.0,6.399999999999977,947.0400000000461,2026-07-22T09:36:00-04:00,0.0,6.7999999999999545,147.04000000009165,2026-07-22T09:41:00-04:00,0.0,7.199999999999989,-652.9599999999766,2026-07-22T09:46:00-04:00,0.0,8.300000000000011,-2852.9600000000237,2026-07-22T10:01:00-04:00,0.0,6.25,1247.0400000000006,2026-07-22T10:31:00-04:00,0.0,2.1499999999999773,9447.040000000046,2026-07-22T11:31:00-04:00,0.0,3.8000000000000114,6147.039999999978,2026-07-22T16:00:00-04:00,0.0,0.0,13747.04,2026-07-23T16:00:00-04:00,0.0,9.0,-4252.960000000001,2026-07-24T16:00:00-04:00,0.0,,,,,23.0,hit,23.0,hit,23.0,hit,23.0,hit,35.0,hit,35.0,hit,35.0,hit,1.0,hit,1.0,hit,0.0,hit,1.0,hit,101.0,hit,258.0,hit,8.399999999999977,5,True,True,False,False,,8.399999999999977,5,True,True,False,False,,8.399999999999977,5,True,True,False,False,,8.399999999999977,5,True,True,False,False,,23.0,2026-07-22T09:54:00-04:00,2.7000000000000455,8347.03999999991,105.0,2026-07-22T11:16:00-04:00,2.349999999999966,9047.04000000007,106.0,2026-07-22T11:17:00-04:00,2.9499999999999886,7847.040000000024,24.0,2026-07-22T09:55:00-04:00,5.500000000000057,2747.039999999887,35.0,2026-07-22T10:06:00-04:00,0.19999999999998863,13347.040000000025,113.0,2026-07-22T11:24:00-04:00,1.7999999999999545,10147.040000000092,,,,,36.0,2026-07-22T10:07:00-04:00,8.550000000000011,-3352.9600000000237,35.0,2026-07-22T10:06:00-04:00,0.19999999999998863,13347.040000000025,,,,,,,,,36.0,2026-07-22T10:07:00-04:00,8.550000000000011,-3352.9600000000237,35.0,2026-07-22T10:06:00-04:00,0.19999999999998863,13347.040000000025,,,,,,,,,36.0,2026-07-22T10:07:00-04:00,8.550000000000011,-3352.9600000000237,3584
2026-07-24,2026-07-27,3,5.0,2026-07-24T09:31:00-04:00,5.050000000000068,NDXP  260727P28490000,NDXP  260727P28480000,final_holdout,False,False,0,0,0,129,0,666,available,False,2026-07-24T09:31:00-04:00,2026-07-27T16:00:00-04:00,10.0,-10052.959999999863,0.0,last_observed_quote_not_settlement,3916.0,536,30,5.0499999999999545,-252.95999999977192,2026-07-24T09:32:00-04:00,0.0,5.0,-152.95999999986287,2026-07-24T09:33:00-04:00,0.0,4.550000000000011,747.0400000001143,2026-07-24T09:36:00-04:00,0.0,5.300000000000068,-752.9599999999994,2026-07-24T09:41:00-04:00,0.0,6.0,-2152.9599999998627,2026-07-24T09:46:00-04:00,0.0,6.5499999999999545,-3252.9599999997718,2026-07-24T10:01:00-04:00,0.0,7.0499999999999545,-4252.959999999772,2026-07-24T10:31:00-04:00,0.0,5.549999999999983,-1252.9599999998288,2026-07-24T11:31:00-04:00,0.0,7.849999999999966,-5852.9599999997945,2026-07-24T16:00:00-04:00,0.0,,,2026-07-24T16:15:00-04:00,85500.0,,,2026-07-24T16:15:00-04:00,171900.0,10.0,-10052.959999999863,2026-07-27T16:00:00-04:00,0.0,0.0,hit,2.0,hit,6.0,hit,6.0,hit,96.0,hit,96.0,hit,4687.0,hit,8.0,hit,14.0,hit,14.0,hit,14.0,hit,100.0,hit,356.0,hit,5.050000000000068,0,False,False,False,False,,8.5,84,True,True,False,False,,8.5,84,True,True,False,False,,10.0,529,True,True,True,True,,6.0,2026-07-24T09:37:00-04:00,2.449999999999932,4947.040000000274,,,,,,,,,7.0,2026-07-24T09:38:00-04:00,4.75,347.0400000001371,96.0,2026-07-24T11:07:00-04:00,0.7999999999999545,8247.040000000228,,,,,,,,,97.0,2026-07-24T11:08:00-04:00,6.7999999999999545,-3752.9599999997718,96.0,2026-07-24T11:07:00-04:00,0.7999999999999545,8247.040000000228,,,,,,,,,97.0,2026-07-24T11:08:00-04:00,6.7999999999999545,-3752.9599999997718,4687.0,2026-07-27T15:38:00-04:00,0.20000000000004547,9447.040000000046,,,,,,,,,4688.0,2026-07-27T15:39:00-04:00,3.8999999999999773,2047.0400000001828,3585
2026-07-24,2026-07-27,3,6.0,2026-07-24T09:31:00-04:00,6.0,NDXP  260727P28570000,NDXP  260727P28560000,final_holdout,False,False,0,0,1,134,0,660,available,False,2026-07-24T09:31:00-04:00,2026-07-27T16:00:00-04:00,10.0,-8152.96,0.0,last_observed_quote_not_settlement,3916.0,490,53,5.2999999999999545,1147.0400000000916,2026-07-24T09:32:00-04:00,0.0,5.899999999999977,-52.959999999953816,2026-07-24T09:33:00-04:00,0.0,4.899999999999977,1947.0400000000461,2026-07-24T09:36:00-04:00,0.0,6.149999999999977,-552.9599999999539,2026-07-24T09:41:00-04:00,0.0,5.300000000000068,1147.0399999998642,2026-07-24T09:46:00-04:00,0.0,6.5499999999999545,-1352.9599999999084,2026-07-24T10:01:00-04:00,0.0,7.300000000000068,-2852.9600000001356,2026-07-24T10:31:00-04:00,0.0,8.599999999999966,-5452.959999999933,2026-07-24T11:31:00-04:00,0.0,,,2026-07-24T15:59:00-04:00,60.0,,,2026-07-24T16:15:00-04:00,85500.0,,,2026-07-24T16:15:00-04:00,171900.0,10.0,-8152.96,2026-07-27T16:00:00-04:00,0.0,1.0,hit,5.0,hit,196.0,hit,,never_hit,,never_hit,,never_hit,,never_hit,16.0,hit,21.0,hit,21.0,hit,26.0,hit,69.0,hit,103.0,hit,,,True,True,True,False,2.8999999999999773,,,True,True,True,False,2.8999999999999773,,,True,True,True,False,2.8999999999999773,,,True,True,True,False,2.8999999999999773,,,,,,,,,,,,,,,,,,,,,,,,,,,,,,,,,,,,,,,,,,,,,,,,,,,,,,,,,,,,,,,,,3586
2026-07-24,2026-07-27,3,7.0,2026-07-24T09:31:00-04:00,7.0,NDXP  260727P28790000,NDXP  260727P28780000,final_holdout,False,False,0,0,0,119,0,676,available,False,2026-07-24T09:31:00-04:00,2026-07-27T16:00:00-04:00,10.0,-6152.96,0.0,last_observed_quote_not_settlement,3916.0,581,23,7.500000000000057,-1252.960000000113,2026-07-24T09:32:00-04:00,0.0,7.349999999999966,-952.9599999999311,2026-07-24T09:33:00-04:00,0.0,6.7999999999999545,147.04000000009165,2026-07-24T09:36:00-04:00,0.0,7.25,-752.9599999999994,2026-07-24T09:41:00-04:00,0.0,8.600000000000023,-3452.9600000000464,2026-07-24T09:46:00-04:00,0.0,8.450000000000045,-3152.960000000092,2026-07-24T10:01:00-04:00,0.0,9.149999999999977,-4552.9599999999555,2026-07-24T10:31:00-04:00,0.0,8.5,-3252.960000000001,2026-07-24T11:31:00-04:00,0.0,5.399999999999977,2947.0400000000463,2026-07-24T16:00:00-04:00,0.0,,,2026-07-24T16:15:00-04:00,85500.0,,,2026-07-24T16:15:00-04:00,171900.0,10.0,-6152.96,2026-07-27T16:00:00-04:00,0.0,26.0,hit,127.0,hit,127.0,hit,,never_hit,,never_hit,,never_hit,,never_hit,1.0,hit,6.0,hit,0.0,hit,6.0,hit,13.0,hit,64.0,hit,,,True,True,True,False,3.3999999999999773,,,True,True,True,False,3.3999999999999773,,,True,True,True,False,3.3999999999999773,,,True,True,True,False,3.3999999999999773,,,,,,,,,,,,,,,,,,,,,,,,,,,,,,,,,,,,,,,,,,,,,,,,,,,,,,,,,,,,,,,,,3587
2026-07-27,2026-07-29,2,5.0,2026-07-27T09:31:00-04:00,4.949999999999989,NDXP  260729P28540000,NDXP  260729P28530000,final_holdout,False,False,0,0,2,178,0,1018,available,False,2026-07-27T09:31:00-04:00,2026-07-29T15:59:00-04:00,10.0,-10252.960000000021,1.0,last_observed_quote_not_settlement,1036.0,890,17,5.399999999999977,-1152.9599999999766,2026-07-27T09:32:00-04:00,0.0,5.050000000000011,-452.9600000000448,2026-07-27T09:33:00-04:00,0.0,4.850000000000023,-52.9600000000675,2026-07-27T09:36:00-04:00,0.0,6.199999999999989,-2752.959999999999,2026-07-27T09:41:00-04:00,0.0,7.550000000000011,-5452.960000000045,2026-07-27T09:46:00-04:00,0.0,6.500000000000057,-3352.9600000001356,2026-07-27T10:01:00-04:00,0.0,7.850000000000023,-6052.960000000067,2026-07-27T10:31:00-04:00,0.0,8.0,-6352.960000000024,2026-07-27T11:31:00-04:00,0.0,7.699999999999932,-5752.959999999885,2026-07-27T16:00:00-04:00,0.0,10.0,-10252.960000000021,2026-07-28T16:00:00-04:00,0.0,,,2026-07-29T15:59:00-04:00,60.0,,,,,0.0,hit,0.0,hit,3.0,hit,3024.0,hit,3167.0,hit,3167.0,hit,3167.0,hit,6.0,hit,10.0,hit,11.0,hit,11.0,hit,75.0,hit,75.0,hit,10.0,788,True,True,True,True,,10.0,861,True,True,True,True,,10.0,861,True,True,True,True,,10.0,861,True,True,True,True,,3024.0,2026-07-29T11:55:00-04:00,2.599999999999909,4447.04000000016,,,,,,,,,,,,,3167.0,2026-07-29T14:18:00-04:00,0.0,9647.039999999979,,,,,,,,,3168.0,2026-07-29T14:19:00-04:00,5.0,-352.96000000002203,3167.0,2026-07-29T14:18:00-04:00,0.0,9647.039999999979,,,,,,,,,3168.0,2026-07-29T14:19:00-04:00,5.0,-352.96000000002203,3167.0,2026-07-29T14:18:00-04:00,0.0,9647.039999999979,,,,,,,,,3168.0,2026-07-29T14:19:00-04:00,5.0,-352.96000000002203,3588
2026-07-27,2026-07-29,2,6.0,2026-07-27T09:31:00-04:00,6.0,NDXP  260729P29100000,NDXP  260729P29090000,final_holdout,False,False,0,0,51,273,0,858,available,False,2026-07-27T09:31:00-04:00,2026-07-29T15:59:00-04:00,10.0,-8152.96,1.0,last_observed_quote_not_settlement,1039.0,640,55,8.849999999999909,-5952.959999999819,2026-07-27T09:32:00-04:00,0.0,6.050000000000182,-352.9600000003631,2026-07-27T09:33:00-04:00,0.0,,,2026-07-27T09:34:00-04:00,120.0,,,2026-07-27T09:40:00-04:00,60.0,,,2026-07-27T09:45:00-04:00,60.0,9.550000000000182,-7352.960000000365,2026-07-27T10:01:00-04:00,0.0,8.200000000000045,-4652.960000000092,2026-07-27T10:31:00-04:00,0.0,3.5499999999999545,4647.040000000092,2026-07-27T11:31:00-04:00,0.0,9.799999999999955,-7852.95999999991,2026-07-27T16:00:00-04:00,0.0,10.0,-8152.96,2026-07-28T16:00:00-04:00,0.0,,,2026-07-29T15:59:00-04:00,60.0,,,,,17.0,hit,17.0,hit,57.0,hit,57.0,hit,57.0,hit,57.0,hit,185.0,hit,1.0,hit,1.0,hit,1.0,hit,1.0,hit,3.0,hit,3.0,hit,9.900000000000091,31,True,True,True,True,,9.900000000000091,31,True,True,True,True,,9.900000000000091,31,True,True,True,True,,10.0,55,True,True,True,True,,57.0,2026-07-27T10:28:00-04:00,0.900000000000091,9947.039999999819,1836.0,2026-07-28T16:07:00-04:00,0.20000000000004547,11347.03999999991,,,,,58.0,2026-07-27T10:29:00-04:00,4.349999999999909,3047.0400000001828,57.0,2026-07-27T10:28:00-04:00,0.900000000000091,9947.039999999819,1836.0,2026-07-28T16:07:00-04:00,0.20000000000004547,11347.03999999991,,,,,58.0,2026-07-27T10:29:00-04:00,4.349999999999909,3047.0400000001828,57.0,2026-07-27T10:28:00-04:00,0.900000000000091,9947.039999999819,1836.0,2026-07-28T16:07:00-04:00,0.20000000000004547,11347.03999999991,,,,,58.0,2026-07-27T10:29:00-04:00,4.349999999999909,3047.0400000001828,185.0,2026-07-27T12:36:00-04:00,0.4499999999998181,10847.040000000365,1836.0,2026-07-28T16:07:00-04:00,0.20000000000004547,11347.03999999991,,,,,186.0,2026-07-27T12:37:00-04:00,8.849999999999909,-5952.959999999819,3589
2026-07-27,2026-07-29,2,7.0,2026-07-27T09:31:00-04:00,7.0,NDXP  260729P28850000,NDXP  260729P28840000,final_holdout,False,False,0,0,0,243,0,953,available,False,2026-07-27T09:31:00-04:00,2026-07-29T15:59:00-04:00,10.0,-6152.96,1.0,last_observed_quote_not_settlement,1037.0,763,34,7.2000000000000455,-652.9600000000903,2026-07-27T09:32:00-04:00,0.0,7.449999999999932,-1152.959999999863,2026-07-27T09:33:00-04:00,0.0,6.599999999999966,547.0400000000689,2026-07-27T09:36:00-04:00,0.0,6.4500000000000455,847.0399999999097,2026-07-27T09:41:00-04:00,0.0,6.599999999999909,547.0400000001825,2026-07-27T09:46:00-04:00,0.0,8.75,-3752.960000000001,2026-07-27T10:01:00-04:00,0.0,9.299999999999955,-4852.95999999991,2026-07-27T10:31:00-04:00,0.0,,,2026-07-27T11:30:00-04:00,60.0,9.350000000000136,-4952.960000000274,2026-07-27T16:00:00-04:00,0.0,10.0,-6152.96,2026-07-28T16:00:00-04:00,0.0,,,2026-07-29T15:59:00-04:00,60.0,,,,,59.0,hit,59.0,hit,59.0,hit,59.0,hit,59.0,hit,59.0,hit,59.0,hit,4.0,hit,16.0,hit,0.0,hit,16.0,hit,19.0,hit,40.0,hit,9.649999999999977,48,True,True,True,True,,9.649999999999977,48,True,True,True,True,,9.649999999999977,48,True,True,True,True,,9.649999999999977,48,True,True,True,True,,59.0,2026-07-27T10:30:00-04:00,0.35000000000002274,13047.039999999955,,,,,,,,,60.0,2026-07-27T10:31:00-04:00,9.299999999999955,-4852.95999999991,59.0,2026-07-27T10:30:00-04:00,0.35000000000002274,13047.039999999955,,,,,,,,,60.0,2026-07-27T10:31:00-04:00,9.299999999999955,-4852.95999999991,59.0,2026-07-27T10:30:00-04:00,0.35000000000002274,13047.039999999955,,,,,,,,,60.0,2026-07-27T10:31:00-04:00,9.299999999999955,-4852.95999999991,59.0,2026-07-27T10:30:00-04:00,0.35000000000002274,13047.039999999955,,,,,,,,,60.0,2026-07-27T10:31:00-04:00,9.299999999999955,-4852.95999999991,3590
2026-07-27,2026-07-30,3,5.0,2026-07-27T09:31:00-04:00,4.9500000000000455,NDXP  260730P28480000,NDXP  260730P28470000,final_holdout,False,False,0,0,1,209,0,1381,available,False,2026-07-27T09:31:00-04:00,2026-07-30T15:59:00-04:00,10.0,-10252.959999999908,1.0,last_observed_quote_not_settlement,1047.0,1220,24,5.000000000000057,-352.96000000002203,2026-07-27T09:32:00-04:00,0.0,5.0,-352.95999999990835,2026-07-27T09:33:00-04:00,0.0,3.6999999999999886,2247.0400000001146,2026-07-27T09:36:00-04:00,0.0,4.5,647.0400000000916,2026-07-27T09:41:00-04:00,0.0,4.400000000000034,847.0400000000234,2026-07-27T09:46:00-04:00,0.0,5.550000000000011,-1452.9599999999311,2026-07-27T10:01:00-04:00,0.0,6.850000000000023,-4052.9599999999537,2026-07-27T10:31:00-04:00,0.0,6.900000000000091,-4152.96000000009,2026-07-27T11:31:00-04:00,0.0,6.599999999999909,-3552.9599999997263,2026-07-27T16:00:00-04:00,0.0,8.5,-7352.95999999991,2026-07-28T16:00:00-04:00,0.0,,,2026-07-29T15:59:00-04:00,60.0,,,2026-07-30T15:59:00-04:00,60.0,0.0,hit,0.0,hit,5.0,hit,27.0,hit,32.0,hit,3182.0,hit,3182.0,hit,29.0,hit,31.0,hit,31.0,hit,31.0,hit,31.0,hit,31.0,hit,5.449999999999989,13,False,False,False,False,,9.749999999999943,16,True,True,True,True,,10.0,983,True,True,True,True,,10.0,983,True,True,True,True,,27.0,2026-07-27T09:58:00-04:00,2.000000000000057,5647.039999999978,3272.0,2026-07-29T16:03:00-04:00,0.0,9647.040000000092,3273.0,2026-07-29T16:04:00-04:00,0.0,9647.040000000092,28.0,2026-07-27T09:59:00-04:00,4.149999999999977,1347.040000000137,32.0,2026-07-27T10:03:00-04:00,1.7999999999999545,6047.040000000183,3272.0,2026-07-29T16:03:00-04:00,0.0,9647.040000000092,3273.0,2026-07-29T16:04:00-04:00,0.0,9647.040000000092,33.0,2026-07-27T10:04:00-04:00,5.850000000000023,-2052.9599999999537,3182.0,2026-07-29T14:33:00-04:00,0.3000000000000682,9047.039999999955,3272.0,2026-07-29T16:03:00-04:00,0.0,9647.040000000092,3273.0,2026-07-29T16:04:00-04:00,0.0,9647.040000000092,3183.0,2026-07-29T14:34:00-04:00,9.5,-9352.95999999991,3182.0,2026-07-29T14:33:00-04:00,0.3000000000000682,9047.039999999955,3272.0,2026-07-29T16:03:00-04:00,0.0,9647.040000000092,3273.0,2026-07-29T16:04:00-04:00,0.0,9647.040000000092,3183.0,2026-07-29T14:34:00-04:00,9.5,-9352.95999999991,3591
2026-07-27,2026-07-30,3,6.0,2026-07-27T09:31:00-04:00,6.0499999999999545,NDXP  260730P28740000,NDXP  260730P28730000,final_holdout,False,False,0,0,0,145,0,1445,available,False,2026-07-27T09:31:00-04:00,2026-07-30T15:59:00-04:00,10.0,-8052.960000000091,1.0,last_observed_quote_not_settlement,1047.0,1299,36,6.25,-652.9600000000903,2026-07-27T09:32:00-04:00,0.0,5.600000000000023,647.0399999998642,2026-07-27T09:33:00-04:00,0.0,5.7000000000000455,447.0399999998188,2026-07-27T09:36:00-04:00,0.0,3.6499999999999773,4547.039999999955,2026-07-27T09:41:00-04:00,0.0,6.4500000000000455,-1052.9600000001813,2026-07-27T09:46:00-04:00,0.0,6.550000000000068,-1252.9600000002267,2026-07-27T10:01:00-04:00,0.0,7.800000000000068,-3752.9600000002265,2026-07-27T10:31:00-04:00,0.0,8.200000000000045,-4552.960000000183,2026-07-27T11:31:00-04:00,0.0,7.850000000000136,-3852.960000000363,2026-07-27T16:00:00-04:00,0.0,9.799999999999955,-7752.960000000001,2026-07-28T16:00:00-04:00,0.0,10.0,-8052.960000000091,2026-07-29T16:00:00-04:00,0.0,,,2026-07-30T15:59:00-04:00,60.0,4.0,hit,4.0,hit,7.0,hit,3259.0,hit,3259.0,hit,3259.0,hit,3259.0,hit,12.0,hit,12.0,hit,12.0,hit,13.0,hit,82.0,hit,82.0,hit,10.0,985,True,True,True,True,,10.0,985,True,True,True,True,,10.0,985,True,True,True,True,,10.0,985,True,True,True,True,,3259.0,2026-07-29T15:50:00-04:00,0.0,11847.03999999991,,,,,,,,,3260.0,2026-07-29T15:51:00-04:00,9.899999999999864,-7952.959999999819,3259.0,2026-07-29T15:50:00-04:00,0.0,11847.03999999991,,,,,,,,,3260.0,2026-07-29T15:51:00-04:00,9.899999999999864,-7952.959999999819,3259.0,2026-07-29T15:50:00-04:00,0.0,11847.03999999991,,,,,,,,,3260.0,2026-07-29T15:51:00-04:00,9.899999999999864,-7952.959999999819,3259.0,2026-07-29T15:50:00-04:00,0.0,11847.03999999991,,,,,,,,,3260.0,2026-07-29T15:51:00-04:00,9.899999999999864,-7952.959999999819,3592
2026-07-27,2026-07-30,3,7.0,2026-07-27T09:31:00-04:00,6.9500000000000455,NDXP  260730P28950000,NDXP  260730P28940000,final_holdout,False,False,0,0,52,287,0,1238,available,False,2026-07-27T09:31:00-04:00,2026-07-30T15:56:00-04:00,0.0,13647.040000000092,4.0,last_observed_quote_not_settlement,1047.0,959,80,7.150000000000091,-652.9600000000903,2026-07-27T09:32:00-04:00,0.0,6.250000000000114,1147.0399999998642,2026-07-27T09:33:00-04:00,0.0,7.250000000000114,-852.9600000001358,2026-07-27T09:36:00-04:00,0.0,6.2999999999999545,1047.0400000001825,2026-07-27T09:41:00-04:00,0.0,8.199999999999932,-2752.9599999997736,2026-07-27T09:46:00-04:00,0.0,8.0,-2352.95999999991,2026-07-27T10:01:00-04:00,0.0,8.700000000000045,-3752.960000000001,2026-07-27T10:31:00-04:00,0.0,9.049999999999955,-4452.959999999819,2026-07-27T11:31:00-04:00,0.0,8.899999999999977,-4152.9599999998645,2026-07-27T16:00:00-04:00,0.0,,,2026-07-28T15:58:00-04:00,120.0,,,2026-07-29T15:59:00-04:00,60.0,,,2026-07-30T15:56:00-04:00,240.0,40.0,hit,40.0,hit,40.0,hit,40.0,hit,40.0,hit,40.0,hit,1702.0,hit,3.0,hit,12.0,hit,1.0,hit,12.0,hit,35.0,hit,35.0,hit,10.0,34,True,True,True,True,,10.0,34,True,True,True,True,,10.0,34,True,True,True,True,,10.0,440,True,True,True,True,,40.0,2026-07-27T10:11:00-04:00,0.5499999999999545,12547.040000000183,1607.0,2026-07-28T12:18:00-04:00,2.450000000000273,8747.039999999546,1608.0,2026-07-28T12:19:00-04:00,2.8500000000001364,7947.039999999819,41.0,2026-07-27T10:12:00-04:00,8.550000000000068,-3452.9600000000464,40.0,2026-07-27T10:11:00-04:00,0.5499999999999545,12547.040000000183,,,,,,,,,41.0,2026-07-27T10:12:00-04:00,8.550000000000068,-3452.9600000000464,40.0,2026-07-27T10:11:00-04:00,0.5499999999999545,12547.040000000183,,,,,,,,,41.0,2026-07-27T10:12:00-04:00,8.550000000000068,-3452.9600000000464,1702.0,2026-07-28T13:53:00-04:00,0.0,13647.040000000092,,,,,,,,,,,,,3593
2026-07-28,2026-07-30,2,5.0,2026-07-28T09:31:00-04:00,5.0,NDXP  260730P27920000,NDXP  260730P27910000,final_holdout,False,False,0,0,1,11,0,1175,available,False,2026-07-28T09:31:00-04:00,2026-07-30T15:48:00-04:00,0.09999999999999998,9547.04,12.0,last_observed_quote_not_settlement,1036.0,548,109,5.0499999999999545,-352.95999999990835,2026-07-28T09:32:00-04:00,0.0,4.949999999999989,-152.95999999997656,2026-07-28T09:33:00-04:00,0.0,5.100000000000023,-452.9600000000448,2026-07-28T09:36:00-04:00,0.0,5.399999999999977,-1052.9599999999539,2026-07-28T09:41:00-04:00,0.0,4.2999999999999545,1147.0400000000916,2026-07-28T09:46:00-04:00,0.0,7.75,-5752.959999999999,2026-07-28T10:01:00-04:00,0.0,8.950000000000045,-8152.960000000092,2026-07-28T10:31:00-04:00,0.0,5.0,-252.9599999999993,2026-07-28T11:31:00-04:00,0.0,5.25,-752.9599999999994,2026-07-28T16:00:00-04:00,0.0,8.899999999999977,-8052.9599999999555,2026-07-29T16:00:00-04:00,0.0,,,2026-07-30T15:48:00-04:00,720.0,,,,,0.0,hit,0.0,hit,7.0,hit,7.0,hit,7.0,hit,7.0,hit,71.0,hit,8.0,hit,13.0,hit,16.0,hit,16.0,hit,19.0,hit,1540.0,hit,5.2000000000000455,5,False,False,False,False,,5.2000000000000455,5,False,False,False,False,,5.2000000000000455,5,False,False,False,False,,9.099999999999966,50,True,True,True,True,,7.0,2026-07-28T09:38:00-04:00,1.0,7747.040000000001,72.0,2026-07-28T10:43:00-04:00,1.849999999999966,6047.040000000069,2934.0,2026-07-30T10:25:00-04:00,2.75,4247.040000000001,8.0,2026-07-28T09:39:00-04:00,5.75,-1752.9599999999994,7.0,2026-07-28T09:38:00-04:00,1.0,7747.040000000001,72.0,2026-07-28T10:43:00-04:00,1.849999999999966,6047.040000000069,2948.0,2026-07-30T10:39:00-04:00,1.8000000000000043,6147.039999999992,8.0,2026-07-28T09:39:00-04:00,5.75,-1752.9599999999994,71.0,2026-07-28T10:42:00-04:00,0.19999999999998863,9347.040000000025,3147.0,2026-07-30T13:58:00-04:00,0.9499999999999993,7847.040000000002,3158.0,2026-07-30T14:09:00-04:00,0.7499999999999982,8247.040000000005,72.0,2026-07-28T10:43:00-04:00,1.849999999999966,6047.040000000069,71.0,2026-07-28T10:42:00-04:00,0.19999999999998863,9347.040000000025,3212.0,2026-07-30T15:03:00-04:00,0.2999999999999998,9147.040000000003,3213.0,2026-07-30T15:04:00-04:00,0.2999999999999998,9147.040000000003,72.0,2026-07-28T10:43:00-04:00,1.849999999999966,6047.040000000069,3594
2026-07-28,2026-07-30,2,6.0,2026-07-28T09:31:00-04:00,5.999999999999943,NDXP  260730P28040000,NDXP  260730P28030000,final_holdout,False,False,0,0,19,26,0,1136,available,False,2026-07-28T09:31:00-04:00,2026-07-30T15:55:00-04:00,0.375,10997.039999999888,5.0,last_observed_quote_not_settlement,1036.0,521,159,5.600000000000023,547.0399999998415,2026-07-28T09:32:00-04:00,0.0,5.650000000000034,447.0399999998188,2026-07-28T09:33:00-04:00,0.0,5.449999999999989,847.0399999999097,2026-07-28T09:36:00-04:00,0.0,5.350000000000023,1047.0399999998415,2026-07-28T09:41:00-04:00,0.0,7.100000000000023,-2452.9600000001583,2026-07-28T09:46:00-04:00,0.0,4.7000000000000455,2347.0399999997962,2026-07-28T10:01:00-04:00,0.0,7.099999999999909,-2452.959999999931,2026-07-28T10:31:00-04:00,0.0,4.199999999999932,3347.0400000000236,2026-07-28T11:31:00-04:00,0.0,5.149999999999977,1447.0399999999324,2026-07-28T16:00:00-04:00,0.0,,,2026-07-29T15:59:00-04:00,60.0,,,2026-07-30T15:55:00-04:00,300.0,,,,,5.0,hit,8.0,hit,8.0,hit,8.0,hit,78.0,hit,167.0,hit,167.0,hit,7.0,hit,12.0,hit,12.0,hit,21.0,hit,95.0,hit,1530.0,hit,6.800000000000068,3,False,False,False,False,,8.5,61,True,True,False,False,,9.300000000000011,78,True,True,True,True,,9.300000000000011,78,True,True,True,True,,8.0,2026-07-28T09:39:00-04:00,2.8999999999999773,5947.039999999933,79.0,2026-07-28T10:50:00-04:00,2.0,7747.039999999887,339.0,2026-07-28T15:10:00-04:00,0.6000000000000227,10547.039999999843,,,,,78.0,2026-07-28T10:49:00-04:00,1.9499999999999886,7847.03999999991,338.0,2026-07-28T15:09:00-04:00,0.25000000000005684,11247.039999999773,339.0,2026-07-28T15:10:00-04:00,0.6000000000000227,10547.039999999843,79.0,2026-07-28T10:50:00-04:00,2.0,7747.039999999887,167.0,2026-07-28T12:18:00-04:00,0.0999999999999659,11547.039999999955,339.0,2026-07-28T15:10:00-04:00,0.6000000000000227,10547.039999999843,1838.0,2026-07-29T16:09:00-04:00,0.0,11747.039999999888,,,,,167.0,2026-07-28T12:18:00-04:00,0.0999999999999659,11547.039999999955,1837.0,2026-07-29T16:08:00-04:00,0.0,11747.039999999888,1838.0,2026-07-29T16:09:00-04:00,0.0,11747.039999999888,,,,,3595
2026-07-28,2026-07-30,2,7.0,2026-07-28T09:31:00-04:00,6.949999999999989,NDXP  260730P28080000,NDXP  260730P28070000,final_holdout,False,False,0,0,13,21,0,1137,available,False,2026-07-28T09:31:00-04:00,2026-07-30T15:58:00-04:00,0.4500000000000002,12747.039999999979,2.0,last_observed_quote_not_settlement,1036.0,463,172,6.5,647.0399999999779,2026-07-28T09:32:00-04:00,0.0,3.3500000000000227,6947.039999999933,2026-07-28T09:33:00-04:00,0.0,6.0,1647.039999999978,2026-07-28T09:36:00-04:00,0.0,6.0499999999999545,1547.0400000000689,2026-07-28T09:41:00-04:00,0.0,6.7000000000000455,247.039999999887,2026-07-28T09:46:00-04:00,0.0,5.699999999999932,2247.0400000001146,2026-07-28T10:01:00-04:00,0.0,8.450000000000045,-3252.9600000001146,2026-07-28T10:31:00-04:00,0.0,5.850000000000023,1947.0399999999324,2026-07-28T11:31:00-04:00,0.0,6.699999999999932,247.04000000011436,2026-07-28T16:00:00-04:00,0.0,0.0,13647.039999999979,2026-07-29T16:00:00-04:00,0.0,,,2026-07-30T15:58:00-04:00,120.0,,,,,2.0,hit,2.0,hit,2.0,hit,118.0,hit,118.0,hit,142.0,hit,142.0,hit,9.0,hit,38.0,hit,9.0,hit,38.0,hit,80.0,hit,80.0,hit,10.0,56,True,True,True,True,,10.0,56,True,True,True,True,,10.0,58,True,True,True,True,,10.0,58,True,True,True,True,,118.0,2026-07-28T11:29:00-04:00,1.8999999999999773,9847.040000000025,119.0,2026-07-28T11:30:00-04:00,1.1999999999999318,11247.040000000115,166.0,2026-07-28T12:17:00-04:00,2.75,8147.039999999978,119.0,2026-07-28T11:30:00-04:00,1.1999999999999318,11247.040000000115,118.0,2026-07-28T11:29:00-04:00,1.8999999999999773,9847.040000000025,119.0,2026-07-28T11:30:00-04:00,1.1999999999999318,11247.040000000115,3224.0,2026-07-30T15:15:00-04:00,1.9000000000000004,9847.039999999979,119.0,2026-07-28T11:30:00-04:00,1.1999999999999318,11247.040000000115,142.0,2026-07-28T11:53:00-04:00,0.049999999999954525,13547.04000000007,,,,,,,,,143.0,2026-07-28T11:54:00-04:00,5.449999999999989,2747.040000000001,142.0,2026-07-28T11:53:00-04:00,0.049999999999954525,13547.04000000007,,,,,,,,,143.0,2026-07-28T11:54:00-04:00,5.449999999999989,2747.040000000001,3596
2026-07-28,2026-07-31,3,5.0,2026-07-28T09:31:00-04:00,5.0,NDXP  260731P27910000,NDXP  260731P27900000,final_holdout,False,False,0,0,18,129,0,1432,available,False,2026-07-28T09:31:00-04:00,2026-07-31T15:24:00-04:00,0.050000000000000044,9647.040000000003,36.0,last_observed_quote_not_settlement,1036.0,302,168,5.099999999999966,-452.9599999999311,2026-07-28T09:32:00-04:00,0.0,5.649999999999977,-1552.9599999999539,2026-07-28T09:33:00-04:00,0.0,5.25,-752.9599999999994,2026-07-28T09:36:00-04:00,0.0,5.400000000000034,-1052.9600000000676,2026-07-28T09:41:00-04:00,0.0,,,2026-07-28T09:42:00-04:00,240.0,6.25,-2752.959999999999,2026-07-28T10:01:00-04:00,0.0,3.0499999999999545,3647.040000000092,2026-07-28T10:31:00-04:00,0.0,5.0,-252.9599999999993,2026-07-28T11:31:00-04:00,0.0,5.399999999999977,-1052.9599999999539,2026-07-28T16:00:00-04:00,0.0,8.100000000000023,-6452.960000000046,2026-07-29T16:00:00-04:00,0.0,3.5500000000000114,2647.039999999978,2026-07-30T16:00:00-04:00,0.0,,,2026-07-31T15:24:00-04:00,2160.0,0.0,hit,0.0,hit,16.0,hit,16.0,hit,16.0,hit,16.0,hit,24.0,hit,2.0,hit,29.0,hit,36.0,hit,36.0,hit,36.0,hit,36.0,hit,5.7000000000000455,7,False,False,False,False,,5.7000000000000455,7,False,False,False,False,,5.7000000000000455,7,False,False,False,False,,5.7000000000000455,7,False,False,False,False,,16.0,2026-07-28T09:47:00-04:00,0.900000000000091,7947.039999999819,33.0,2026-07-28T10:04:00-04:00,0.650000000000091,8447.039999999819,3221.0,2026-07-30T15:12:00-04:00,2.700000000000017,4347.039999999966,,,,,16.0,2026-07-28T09:47:00-04:00,0.900000000000091,7947.039999999819,1726.0,2026-07-29T14:17:00-04:00,0.30000000000001137,9147.039999999979,4322.0,2026-07-31T09:33:00-04:00,0.3999999999999986,8947.040000000005,,,,,16.0,2026-07-28T09:47:00-04:00,0.900000000000091,7947.039999999819,1726.0,2026-07-29T14:17:00-04:00,0.30000000000001137,9147.039999999979,4322.0,2026-07-31T09:33:00-04:00,0.3999999999999986,8947.040000000005,,,,,24.0,2026-07-28T09:55:00-04:00,0.3000000000000682,9147.039999999864,4325.0,2026-07-31T09:36:00-04:00,0.4499999999999993,8847.040000000003,4507.0,2026-07-31T12:38:00-04:00,0.2999999999999998,9147.040000000003,,,,,3597
2026-07-28,2026-07-31,3,6.0,2026-07-28T09:31:00-04:00,6.0,NDXP  260731P28510000,NDXP  260731P28500000,final_holdout,False,False,0,0,30,210,0,1359,available,False,2026-07-28T09:31:00-04:00,2026-07-31T15:59:00-04:00,9.950000000000017,-8152.96,1.0,last_observed_quote_not_settlement,1037.0,1063,137,6.899999999999977,-2052.9599999999537,2026-07-28T09:32:00-04:00,0.0,7.550000000000068,-3352.9600000001356,2026-07-28T09:33:00-04:00,0.0,7.5499999999999545,-3352.959999999908,2026-07-28T09:36:00-04:00,0.0,9.849999999999909,-7952.959999999819,2026-07-28T09:41:00-04:00,0.0,9.25,-6752.960000000001,2026-07-28T09:46:00-04:00,0.0,8.799999999999955,-5852.95999999991,2026-07-28T10:01:00-04:00,0.0,8.5,-5252.960000000001,2026-07-28T10:31:00-04:00,0.0,8.399999999999864,-5052.959999999728,2026-07-28T11:31:00-04:00,0.0,6.250000000000114,-752.9600000002267,2026-07-28T16:00:00-04:00,0.0,9.5,-7252.960000000001,2026-07-29T16:00:00-04:00,0.0,,,2026-07-30T15:59:00-04:00,60.0,,,2026-07-31T15:59:00-04:00,60.0,109.0,hit,114.0,hit,114.0,hit,266.0,hit,1599.0,hit,1599.0,hit,1599.0,hit,1.0,hit,2.0,hit,2.0,hit,8.0,hit,8.0,hit,8.0,hit,10.0,168,True,True,True,True,,10.0,299,True,True,True,True,,10.0,299,True,True,True,True,,10.0,299,True,True,True,True,,266.0,2026-07-28T13:57:00-04:00,2.8500000000000227,6047.039999999955,1837.0,2026-07-29T16:08:00-04:00,0.0,11747.04,1838.0,2026-07-29T16:09:00-04:00,0.0,11747.04,267.0,2026-07-28T13:58:00-04:00,9.449999999999932,-7152.9599999998645,1599.0,2026-07-29T12:10:00-04:00,0.20000000000004547,11347.03999999991,1837.0,2026-07-29T16:08:00-04:00,0.0,11747.04,1838.0,2026-07-29T16:09:00-04:00,0.0,11747.04,1600.0,2026-07-29T12:11:00-04:00,3.599999999999909,4547.040000000183,1599.0,2026-07-29T12:10:00-04:00,0.20000000000004547,11347.03999999991,1837.0,2026-07-29T16:08:00-04:00,0.0,11747.04,1838.0,2026-07-29T16:09:00-04:00,0.0,11747.04,1600.0,2026-07-29T12:11:00-04:00,3.599999999999909,4547.040000000183,1599.0,2026-07-29T12:10:00-04:00,0.20000000000004547,11347.03999999991,1837.0,2026-07-29T16:08:00-04:00,0.0,11747.04,1838.0,2026-07-29T16:09:00-04:00,0.0,11747.04,1600.0,2026-07-29T12:11:00-04:00,3.599999999999909,4547.040000000183,3598
2026-07-28,2026-07-31,3,7.0,2026-07-28T09:31:00-04:00,6.900000000000091,NDXP  260731P28680000,NDXP  260731P28670000,final_holdout,False,False,0,0,3,213,0,1379,available,False,2026-07-28T09:31:00-04:00,2026-07-31T16:00:00-04:00,7.0,-452.9599999998174,0.0,last_observed_quote_not_settlement,1037.0,1169,67,7.900000000000091,-2252.959999999999,2026-07-28T09:32:00-04:00,0.0,8.099999999999909,-2652.959999999637,2026-07-28T09:33:00-04:00,0.0,8.100000000000136,-2652.960000000092,2026-07-28T09:36:00-04:00,0.0,8.099999999999909,-2652.959999999637,2026-07-28T09:41:00-04:00,0.0,8.599999999999909,-3652.959999999637,2026-07-28T09:46:00-04:00,0.0,8.75,-3952.959999999819,2026-07-28T10:01:00-04:00,0.0,9.049999999999955,-4552.959999999728,2026-07-28T10:31:00-04:00,0.0,8.25,-2952.959999999819,2026-07-28T11:31:00-04:00,0.0,8.350000000000023,-3152.9599999998645,2026-07-28T16:00:00-04:00,0.0,9.700000000000045,-5852.95999999991,2026-07-29T16:00:00-04:00,0.0,9.200000000000045,-4852.95999999991,2026-07-30T16:00:00-04:00,0.0,7.0,-452.9599999998174,2026-07-31T16:00:00-04:00,0.0,22.0,hit,22.0,hit,22.0,hit,1509.0,hit,1509.0,hit,1583.0,hit,1819.0,hit,1.0,hit,1.0,hit,1.0,hit,2.0,hit,20.0,hit,20.0,hit,10.0,392,True,True,True,True,,10.0,392,True,True,True,True,,10.0,434,True,True,True,True,,10.0,588,True,True,True,True,,1509.0,2026-07-29T10:40:00-04:00,1.550000000000182,10447.039999999819,,,,,,,,,1510.0,2026-07-29T10:41:00-04:00,5.75,2047.0400000001828,1509.0,2026-07-29T10:40:00-04:00,1.550000000000182,10447.039999999819,,,,,,,,,1510.0,2026-07-29T10:41:00-04:00,5.75,2047.0400000001828,1583.0,2026-07-29T11:54:00-04:00,0.7000000000000455,12147.040000000092,,,,,,,,,1584.0,2026-07-29T11:55:00-04:00,9.550000000000182,-5552.960000000183,1819.0,2026-07-29T15:50:00-04:00,0.0,13547.040000000183,,,,,,,,,1820.0,2026-07-29T15:51:00-04:00,9.700000000000045,-5852.95999999991,3599
2026-07-29,2026-07-31,2,5.0,2026-07-29T09:31:00-04:00,4.9500000000000455,NDXP  260731P27810000,NDXP  260731P27800000,final_holdout,False,False,0,0,15,90,0,1066,available,False,2026-07-29T09:31:00-04:00,2026-07-31T15:37:00-04:00,0.0,9647.040000000092,23.0,last_observed_quote_not_settlement,1036.0,194,113,4.800000000000068,47.039999999955235,2026-07-29T09:32:00-04:00,0.0,4.699999999999989,247.04000000011436,2026-07-29T09:33:00-04:00,0.0,4.050000000000011,1547.0400000000689,2026-07-29T09:36:00-04:00,0.0,4.600000000000023,447.0400000000462,2026-07-29T09:41:00-04:00,0.0,4.250000000000057,1147.039999999978,2026-07-29T09:46:00-04:00,0.0,5.149999999999977,-652.9599999998629,2026-07-29T10:01:00-04:00,0.0,8.699999999999932,-7752.959999999774,2026-07-29T10:31:00-04:00,0.0,7.650000000000091,-5652.96000000009,2026-07-29T11:31:00-04:00,0.0,,,2026-07-29T15:58:00-04:00,120.0,2.3499999999999943,4947.040000000103,2026-07-30T16:00:00-04:00,0.0,,,2026-07-31T15:37:00-04:00,1380.0,,,,,0.0,hit,0.0,hit,47.0,hit,47.0,hit,47.0,hit,47.0,hit,49.0,hit,20.0,hit,25.0,hit,25.0,hit,44.0,hit,44.0,hit,74.0,hit,9.199999999999989,22,True,True,True,True,,9.199999999999989,22,True,True,True,True,,9.199999999999989,22,True,True,True,True,,9.199999999999989,23,True,True,True,True,,47.0,2026-07-29T10:18:00-04:00,0.7500000000000568,8147.039999999978,1472.0,2026-07-30T10:03:00-04:00,2.9499999999999886,3747.0400000001146,1501.0,2026-07-30T10:32:00-04:00,2.299999999999997,5047.040000000097,48.0,2026-07-29T10:19:00-04:00,7.399999999999977,-5152.959999999863,47.0,2026-07-29T10:18:00-04:00,0.7500000000000568,8147.039999999978,1837.0,2026-07-30T16:08:00-04:00,1.7999999999999972,6047.040000000097,1838.0,2026-07-30T16:09:00-04:00,1.1500000000000057,7347.04000000008,48.0,2026-07-29T10:19:00-04:00,7.399999999999977,-5152.959999999863,47.0,2026-07-29T10:18:00-04:00,0.7500000000000568,8147.039999999978,2881.0,2026-07-31T09:32:00-04:00,0.04999999999999982,9547.040000000094,2882.0,2026-07-31T09:33:00-04:00,0.4500000000000002,8747.040000000092,48.0,2026-07-29T10:19:00-04:00,7.399999999999977,-5152.959999999863,49.0,2026-07-29T10:20:00-04:00,0.05000000000001137,9547.04000000007,2881.0,2026-07-31T09:32:00-04:00,0.04999999999999982,9547.040000000094,2890.0,2026-07-31T09:41:00-04:00,0.40000000000000213,8847.040000000088,50.0,2026-07-29T10:21:00-04:00,8.350000000000023,-7052.9599999999555,3600
2026-07-29,2026-07-31,2,6.0,2026-07-29T09:31:00-04:00,6.100000000000023,NDXP  260731P28330000,NDXP  260731P28320000,final_holdout,False,False,0,0,8,26,0,1143,available,False,2026-07-29T09:31:00-04:00,2026-07-31T16:00:00-04:00,7.049999999999997,-2152.959999999948,0.0,last_observed_quote_not_settlement,1036.0,827,127,8.449999999999932,-4952.959999999819,2026-07-29T09:32:00-04:00,0.0,7.550000000000182,-3152.9600000003175,2026-07-29T09:33:00-04:00,0.0,7.399999999999977,-2852.959999999908,2026-07-29T09:36:00-04:00,0.0,6.9500000000000455,-1952.9600000000448,2026-07-29T09:41:00-04:00,0.0,7.150000000000091,-2352.9600000001356,2026-07-29T09:46:00-04:00,0.0,7.650000000000091,-3352.9600000001356,2026-07-29T10:01:00-04:00,0.0,8.399999999999864,-4852.959999999683,2026-07-29T10:31:00-04:00,0.0,8.650000000000091,-5352.960000000137,2026-07-29T11:31:00-04:00,0.0,9.099999999999909,-6252.959999999774,2026-07-29T16:00:00-04:00,0.0,6.400000000000034,-852.9600000000221,2026-07-30T16:00:00-04:00,0.0,7.049999999999997,-2152.959999999948,2026-07-31T16:00:00-04:00,0.0,,,,,64.0,hit,64.0,hit,64.0,hit,64.0,hit,64.0,hit,64.0,hit,,never_hit,1.0,hit,1.0,hit,1.0,hit,1.0,hit,3.0,hit,29.0,hit,9.649999999999977,60,True,True,True,True,,9.649999999999977,60,True,True,True,True,,9.649999999999977,60,True,True,True,True,,,,True,True,True,False,5.399999999999977,64.0,2026-07-29T10:35:00-04:00,0.7000000000000455,10547.039999999955,2881.0,2026-07-31T09:32:00-04:00,2.5,6947.040000000046,2882.0,2026-07-31T09:33:00-04:00,1.7000000000000028,8547.04000000004,65.0,2026-07-29T10:36:00-04:00,8.100000000000136,-4252.960000000228,64.0,2026-07-29T10:35:00-04:00,0.7000000000000455,10547.039999999955,2883.0,2026-07-31T09:34:00-04:00,1.7999999999999972,8347.040000000054,3264.0,2026-07-31T15:55:00-04:00,0.9500000000000002,10047.040000000046,65.0,2026-07-29T10:36:00-04:00,8.100000000000136,-4252.960000000228,64.0,2026-07-29T10:35:00-04:00,0.7000000000000455,10547.039999999955,,,,,,,,,65.0,2026-07-29T10:36:00-04:00,8.100000000000136,-4252.960000000228,,,,,,,,,,,,,,,,,3601
2026-07-29,2026-07-31,2,7.0,2026-07-29T09:31:00-04:00,6.9500000000000455,NDXP  260731P28240000,NDXP  260731P28230000,final_holdout,False,False,0,0,1,27,0,1159,available,False,2026-07-29T09:31:00-04:00,2026-07-31T15:50:00-04:00,0.22500000000000003,13197.040000000092,10.0,last_observed_quote_not_settlement,1036.0,389,114,6.649999999999864,347.0400000003645,2026-07-29T09:32:00-04:00,0.0,6.800000000000182,47.03999999972786,2026-07-29T09:33:00-04:00,0.0,3.150000000000091,7347.03999999991,2026-07-29T09:36:00-04:00,0.0,6.7999999999999545,47.04000000018261,2026-07-29T09:41:00-04:00,0.0,6.599999999999909,447.04000000027355,2026-07-29T09:46:00-04:00,0.0,7.850000000000136,-2052.960000000181,2026-07-29T10:01:00-04:00,0.0,7.9500000000000455,-2252.960000000001,2026-07-29T10:31:00-04:00,0.0,8.199999999999932,-2752.9599999997736,2026-07-29T11:31:00-04:00,0.0,9.0,-4352.95999999991,2026-07-29T16:00:00-04:00,0.0,6.499999999999943,647.0400000002053,2026-07-30T16:00:00-04:00,0.0,,,2026-07-31T15:50:00-04:00,600.0,,,,,5.0,hit,5.0,hit,5.0,hit,1463.0,hit,1463.0,hit,1488.0,hit,1488.0,hit,23.0,hit,27.0,hit,6.0,hit,27.0,hit,43.0,hit,55.0,hit,9.850000000000023,332,True,True,True,True,,9.850000000000023,332,True,True,True,True,,9.850000000000023,333,True,True,True,True,,9.850000000000023,333,True,True,True,True,,1463.0,2026-07-30T09:54:00-04:00,1.4999999999999432,10647.040000000206,2881.0,2026-07-31T09:32:00-04:00,1.749999999999993,10147.040000000106,2882.0,2026-07-31T09:33:00-04:00,1.4500000000000028,10747.040000000086,1464.0,2026-07-30T09:55:00-04:00,9.0,-4352.95999999991,1463.0,2026-07-30T09:54:00-04:00,1.4999999999999432,10647.040000000206,2882.0,2026-07-31T09:33:00-04:00,1.4500000000000028,10747.040000000086,2883.0,2026-07-31T09:34:00-04:00,1.1499999999999986,11347.040000000095,1464.0,2026-07-30T09:55:00-04:00,9.0,-4352.95999999991,1488.0,2026-07-30T10:19:00-04:00,0.5,12647.040000000092,3229.0,2026-07-31T15:20:00-04:00,0.6500000000000004,12347.040000000092,3230.0,2026-07-31T15:21:00-04:00,0.4500000000000002,12747.040000000092,1489.0,2026-07-30T10:20:00-04:00,6.800000000000011,47.04000000006892,3231.0,2026-07-31T15:22:00-04:00,0.3250000000000002,12997.040000000092,3232.0,2026-07-31T15:23:00-04:00,0.375,12897.040000000092,3233.0,2026-07-31T15:24:00-04:00,0.375,12897.040000000092,3232.0,2026-07-31T15:23:00-04:00,0.375,12897.040000000092,3602
2026-07-31,2026-08-03,3,5.0,2026-07-31T09:31:00-04:00,4.949999999999989,NDXP  260803P28740000,NDXP  260803P28730000,final_holdout,False,False,0,0,0,26,0,768,available,False,2026-07-31T09:31:00-04:00,2026-08-03T15:59:00-04:00,0.25,9147.039999999979,1.0,last_observed_quote_not_settlement,3916.0,570,13,6.600000000000023,-3552.9600000000673,2026-07-31T09:32:00-04:00,0.0,6.050000000000068,-2452.9600000001583,2026-07-31T09:33:00-04:00,0.0,5.400000000000091,-1152.960000000204,2026-07-31T09:36:00-04:00,0.0,7.25,-4852.960000000022,2026-07-31T09:41:00-04:00,0.0,7.949999999999989,-6252.959999999999,2026-07-31T09:46:00-04:00,0.0,9.799999999999955,-9952.959999999932,2026-07-31T10:01:00-04:00,0.0,7.500000000000114,-5352.960000000249,2026-07-31T10:31:00-04:00,0.0,9.349999999999909,-9052.95999999984,2026-07-31T11:31:00-04:00,0.0,7.0,-4352.960000000022,2026-07-31T16:00:00-04:00,0.0,,,2026-07-31T16:15:00-04:00,85500.0,,,2026-07-31T16:15:00-04:00,171900.0,,,2026-08-03T15:59:00-04:00,60.0,0.0,hit,0.0,hit,4521.0,hit,4574.0,hit,4585.0,hit,4606.0,hit,4700.0,hit,1.0,hit,1.0,hit,7.0,hit,18.0,hit,29.0,hit,30.0,hit,10.0,570,True,True,True,True,,10.0,570,True,True,True,True,,10.0,570,True,True,True,True,,10.0,570,True,True,True,True,,4574.0,2026-08-03T13:45:00-04:00,2.8500000000000014,3947.039999999975,4575.0,2026-08-03T13:46:00-04:00,2.450000000000003,4747.039999999973,4582.0,2026-08-03T13:53:00-04:00,2.4499999999999993,4747.039999999979,4575.0,2026-08-03T13:46:00-04:00,2.450000000000003,4747.039999999973,4585.0,2026-08-03T13:56:00-04:00,1.8999999999999986,5847.039999999981,4593.0,2026-08-03T14:04:00-04:00,1.8000000000000007,6047.039999999976,4594.0,2026-08-03T14:05:00-04:00,1.6999999999999993,6247.039999999979,4586.0,2026-08-03T13:57:00-04:00,2.3999999999999986,4847.039999999981,4606.0,2026-08-03T14:17:00-04:00,0.9000000000000004,7847.039999999977,4652.0,2026-08-03T15:03:00-04:00,0.8499999999999996,7947.039999999979,4702.0,2026-08-03T15:53:00-04:00,0.44999999999999996,8747.039999999979,4607.0,2026-08-03T14:18:00-04:00,1.6500000000000021,6347.039999999974,4700.0,2026-08-03T15:51:00-04:00,0.3750000000000002,8897.039999999979,4701.0,2026-08-03T15:52:00-04:00,0.375,8897.039999999979,4702.0,2026-08-03T15:53:00-04:00,0.44999999999999996,8747.039999999979,4701.0,2026-08-03T15:52:00-04:00,0.375,8897.039999999979,3603
2026-07-31,2026-08-03,3,6.0,2026-07-31T09:31:00-04:00,6.000000000000057,NDXP  260803P28650000,NDXP  260803P28640000,final_holdout,False,False,0,0,0,14,0,771,available,False,2026-07-31T09:31:00-04:00,2026-08-03T15:48:00-04:00,0.04999999999999993,11647.040000000115,12.0,last_observed_quote_not_settlement,3916.0,439,25,5.599999999999966,547.0400000001825,2026-07-31T09:32:00-04:00,0.0,5.349999999999994,1047.0400000001257,2026-07-31T09:33:00-04:00,0.0,4.75,2247.0400000001146,2026-07-31T09:36:00-04:00,0.0,5.199999999999989,1347.040000000137,2026-07-31T09:41:00-04:00,0.0,7.25,-2752.9599999998854,2026-07-31T09:46:00-04:00,0.0,7.550000000000011,-3352.959999999908,2026-07-31T10:01:00-04:00,0.0,8.300000000000068,-4852.960000000024,2026-07-31T10:31:00-04:00,0.0,8.900000000000091,-6052.960000000069,2026-07-31T11:31:00-04:00,0.0,8.800000000000068,-5852.960000000024,2026-07-31T16:00:00-04:00,0.0,,,2026-07-31T16:15:00-04:00,85500.0,,,2026-07-31T16:15:00-04:00,171900.0,,,2026-08-03T15:48:00-04:00,720.0,2.0,hit,5.0,hit,13.0,hit,4472.0,hit,4499.0,hit,4548.0,hit,4584.0,hit,14.0,hit,15.0,hit,15.0,hit,17.0,hit,18.0,hit,33.0,hit,9.899999999999977,439,True,True,True,True,,9.899999999999977,439,True,True,True,True,,9.899999999999977,439,True,True,True,True,,9.899999999999977,439,True,True,True,True,,4475.0,2026-08-03T12:06:00-04:00,2.799999999999997,6147.04000000012,4484.0,2026-08-03T12:15:00-04:00,2.849999999999998,6047.040000000118,4485.0,2026-08-03T12:16:00-04:00,2.75,6247.040000000115,4476.0,2026-08-03T12:07:00-04:00,3.1499999999999986,5447.040000000117,4515.0,2026-08-03T12:46:00-04:00,1.5500000000000007,8647.040000000114,4518.0,2026-08-03T12:49:00-04:00,1.9499999999999957,7847.040000000123,4542.0,2026-08-03T13:13:00-04:00,1.3000000000000007,9147.040000000114,4516.0,2026-08-03T12:47:00-04:00,2.1499999999999986,7447.040000000117,4548.0,2026-08-03T13:19:00-04:00,0.9499999999999993,9847.040000000117,4549.0,2026-08-03T13:20:00-04:00,0.9499999999999993,9847.040000000117,4559.0,2026-08-03T13:30:00-04:00,0.7999999999999989,10147.040000000117,4549.0,2026-08-03T13:20:00-04:00,0.9499999999999993,9847.040000000117,4591.0,2026-08-03T14:02:00-04:00,0.4499999999999993,10847.040000000117,4592.0,2026-08-03T14:03:00-04:00,0.34999999999999964,11047.040000000115,4593.0,2026-08-03T14:04:00-04:00,0.35000000000000053,11047.040000000114,4592.0,2026-08-03T14:03:00-04:00,0.34999999999999964,11047.040000000115,3604
2026-07-31,2026-08-03,3,7.0,2026-07-31T09:31:00-04:00,6.949999999999989,NDXP  260803P28790000,NDXP  260803P28780000,final_holdout,False,False,0,0,1,52,0,742,available,False,2026-07-31T09:31:00-04:00,2026-08-03T15:59:00-04:00,5.65,2347.039999999977,1.0,last_observed_quote_not_settlement,3916.0,531,40,6.949999999999989,-252.9599999999993,2026-07-31T09:32:00-04:00,0.0,,,2026-07-31T09:32:00-04:00,60.0,5.899999999999977,1847.0400000000234,2026-07-31T09:36:00-04:00,0.0,6.949999999999989,-252.9599999999993,2026-07-31T09:41:00-04:00,0.0,,,2026-07-31T09:45:00-04:00,60.0,,,2026-07-31T10:00:00-04:00,60.0,9.050000000000068,-4452.96000000016,2026-07-31T10:31:00-04:00,0.0,,,2026-07-31T11:30:00-04:00,60.0,9.150000000000034,-4652.960000000092,2026-07-31T16:00:00-04:00,0.0,,,2026-07-31T16:15:00-04:00,85500.0,,,2026-07-31T16:15:00-04:00,171900.0,,,2026-08-03T15:59:00-04:00,60.0,8.0,hit,8.0,hit,4370.0,hit,4594.0,hit,,never_hit,,never_hit,,never_hit,9.0,hit,9.0,hit,9.0,hit,9.0,hit,24.0,hit,47.0,hit,10.0,526,True,True,True,True,,,,True,True,True,False,4.699999999999989,,,True,True,True,False,4.699999999999989,,,True,True,True,False,4.699999999999989,4595.0,2026-08-03T14:06:00-04:00,2.900000000000002,7847.039999999974,4596.0,2026-08-03T14:07:00-04:00,2.9499999999999957,7747.039999999986,4600.0,2026-08-03T14:11:00-04:00,2.25,9147.039999999979,4596.0,2026-08-03T14:07:00-04:00,2.9499999999999957,7747.039999999986,,,,,,,,,,,,,,,,,,,,,,,,,,,,,,,,,,,,,,,,,,,,,,,,,3605
2026-08-03,2026-08-05,2,5.0,2026-08-03T09:31:00-04:00,5.0,NDXP  260805P28470000,NDXP  260805P28460000,final_holdout,False,False,0,0,2,0,0,940,available,False,2026-08-03T09:31:00-04:00,2026-08-05T12:19:00-04:00,0.0,9747.04,221.0,last_observed_quote_not_settlement,1037.0,20,11,6.449999999999989,-3152.9599999999764,2026-08-03T09:32:00-04:00,0.0,5.850000000000023,-1952.9600000000448,2026-08-03T09:33:00-04:00,0.0,5.750000000000057,-1752.960000000113,2026-08-03T09:36:00-04:00,0.0,5.600000000000023,-1452.9600000000448,2026-08-03T09:41:00-04:00,0.0,4.699999999999989,347.04000000002344,2026-08-03T09:46:00-04:00,0.0,3.700000000000017,2347.0399999999668,2026-08-03T10:01:00-04:00,0.0,3.700000000000017,2347.0399999999668,2026-08-03T10:31:00-04:00,0.0,3.1999999999999886,3347.0400000000236,2026-08-03T11:31:00-04:00,0.0,2.3500000000000085,5047.039999999984,2026-08-03T16:00:00-04:00,0.0,0.07500000000000018,9597.04,2026-08-04T16:00:00-04:00,0.0,,,2026-08-05T12:19:00-04:00,13260.0,,,,,0.0,hit,0.0,hit,30.0,hit,81.0,hit,259.0,hit,1440.0,hit,1442.0,hit,1.0,hit,1.0,hit,4.0,hit,4.0,hit,4.0,hit,4.0,hit,9.649999999999977,20,True,True,True,True,,9.649999999999977,20,True,True,True,True,,9.649999999999977,20,True,True,True,True,,9.649999999999977,20,True,True,True,True,,81.0,2026-08-03T10:52:00-04:00,2.8499999999999943,4047.040000000012,82.0,2026-08-03T10:53:00-04:00,2.9499999999999886,3847.0400000000236,83.0,2026-08-03T10:54:00-04:00,2.700000000000003,4347.039999999995,82.0,2026-08-03T10:53:00-04:00,2.9499999999999886,3847.0400000000236,278.0,2026-08-03T14:09:00-04:00,1.9000000000000057,5947.039999999989,1441.0,2026-08-04T09:32:00-04:00,0.6499999999999986,8447.040000000005,1442.0,2026-08-04T09:33:00-04:00,0.25,9247.04,279.0,2026-08-03T14:10:00-04:00,2.049999999999983,5647.0400000000345,1440.0,2026-08-04T09:31:00-04:00,0.5999999999999979,8547.040000000006,1441.0,2026-08-04T09:32:00-04:00,0.6499999999999986,8447.040000000005,1442.0,2026-08-04T09:33:00-04:00,0.25,9247.04,1441.0,2026-08-04T09:32:00-04:00,0.6499999999999986,8447.040000000005,1442.0,2026-08-04T09:33:00-04:00,0.25,9247.04,1443.0,2026-08-04T09:34:00-04:00,0.40000000000000213,8947.039999999997,1444.0,2026-08-04T09:35:00-04:00,0.40000000000000036,8947.04,1443.0,2026-08-04T09:34:00-04:00,0.40000000000000213,8947.039999999997,3606
2026-08-03,2026-08-05,2,6.0,2026-08-03T09:31:00-04:00,6.0,NDXP  260805P28480000,NDXP  260805P28470000,final_holdout,False,False,0,0,4,37,0,904,available,False,2026-08-03T09:31:00-04:00,2026-08-05T12:19:00-04:00,0.0,11747.04,221.0,last_observed_quote_not_settlement,1037.0,2,2,6.050000000000011,-352.96000000002203,2026-08-03T09:32:00-04:00,0.0,6.0499999999999545,-352.95999999990835,2026-08-03T09:33:00-04:00,0.0,5.5499999999999545,647.0400000000916,2026-08-03T09:36:00-04:00,0.0,5.7000000000000455,347.03999999990975,2026-08-03T09:41:00-04:00,0.0,5.100000000000023,1547.0399999999552,2026-08-03T09:46:00-04:00,0.0,4.25,3247.040000000001,2026-08-03T10:01:00-04:00,0.0,3.5999999999999943,4547.040000000012,2026-08-03T10:31:00-04:00,0.0,3.1499999999999773,5447.040000000046,2026-08-03T11:31:00-04:00,0.0,2.1999999999999886,7347.040000000024,2026-08-03T16:00:00-04:00,0.0,0.12499999999999956,11497.04,2026-08-04T16:00:00-04:00,0.0,,,2026-08-05T12:19:00-04:00,13260.0,,,,,4.0,hit,4.0,hit,47.0,hit,69.0,hit,283.0,hit,1440.0,hit,1442.0,hit,12.0,hit,,never_hit,,never_hit,,never_hit,,never_hit,,never_hit,6.5,2,False,False,False,False,,6.5,2,False,False,False,False,,6.5,2,False,False,False,False,,6.5,2,False,False,False,False,,69.0,2026-08-03T10:40:00-04:00,2.799999999999983,6147.0400000000345,86.0,2026-08-03T10:57:00-04:00,2.9499999999999886,5847.040000000024,87.0,2026-08-03T10:58:00-04:00,2.9000000000000057,5947.039999999989,70.0,2026-08-03T10:41:00-04:00,3.3000000000000114,5147.039999999978,1440.0,2026-08-04T09:31:00-04:00,0.6000000000000014,10547.039999999999,1441.0,2026-08-04T09:32:00-04:00,0.6000000000000014,10547.039999999999,1442.0,2026-08-04T09:33:00-04:00,0.4999999999999982,10747.040000000005,1441.0,2026-08-04T09:32:00-04:00,0.6000000000000014,10547.039999999999,1440.0,2026-08-04T09:31:00-04:00,0.6000000000000014,10547.039999999999,1441.0,2026-08-04T09:32:00-04:00,0.6000000000000014,10547.039999999999,1442.0,2026-08-04T09:33:00-04:00,0.4999999999999982,10747.040000000005,1441.0,2026-08-04T09:32:00-04:00,0.6000000000000014,10547.039999999999,1443.0,2026-08-04T09:34:00-04:00,0.4499999999999993,10847.040000000003,1446.0,2026-08-04T09:37:00-04:00,0.3500000000000014,11047.039999999999,1447.0,2026-08-04T09:38:00-04:00,0.3999999999999986,10947.040000000005,1444.0,2026-08-04T09:35:00-04:00,0.5,10747.04,3607
2026-08-03,2026-08-05,2,7.0,2026-08-03T09:31:00-04:00,7.0,NDXP  260805P28640000,NDXP  260805P28630000,final_holdout,False,False,0,0,4,44,0,964,available,False,2026-08-03T09:31:00-04:00,2026-08-05T13:16:00-04:00,0.0,13747.04,164.0,last_observed_quote_not_settlement,1037.0,7,13,6.999999999999943,-252.9599999998856,2026-08-03T09:32:00-04:00,0.0,6.749999999999943,247.04000000011436,2026-08-03T09:33:00-04:00,0.0,8.450000000000045,-3152.960000000092,2026-08-03T09:36:00-04:00,0.0,2.3000000000000114,9147.039999999979,2026-08-03T09:41:00-04:00,0.0,6.800000000000011,147.03999999997797,2026-08-03T09:46:00-04:00,0.0,7.199999999999989,-652.9599999999766,2026-08-03T10:01:00-04:00,0.0,5.199999999999989,3347.0400000000236,2026-08-03T10:31:00-04:00,0.0,4.550000000000011,4647.039999999978,2026-08-03T11:31:00-04:00,0.0,2.9000000000000057,7947.039999999989,2026-08-03T16:00:00-04:00,0.0,0.12499999999999911,13497.040000000003,2026-08-04T16:00:00-04:00,0.0,,,2026-08-05T13:16:00-04:00,9840.0,,,,,10.0,hit,10.0,hit,10.0,hit,10.0,hit,49.0,hit,1441.0,hit,1442.0,hit,3.0,hit,3.0,hit,0.0,hit,3.0,hit,12.0,hit,20.0,hit,8.850000000000023,2,True,True,False,False,,10.0,6,True,True,True,True,,10.0,7,True,True,True,True,,10.0,7,True,True,True,True,,10.0,2026-08-03T09:41:00-04:00,2.3000000000000114,9147.039999999979,1441.0,2026-08-04T09:32:00-04:00,0.6999999999999993,12347.040000000003,1442.0,2026-08-04T09:33:00-04:00,0.5,12747.04,11.0,2026-08-03T09:42:00-04:00,6.800000000000068,147.03999999986428,49.0,2026-08-03T10:20:00-04:00,1.8500000000000227,10047.039999999955,1441.0,2026-08-04T09:32:00-04:00,0.6999999999999993,12347.040000000003,1442.0,2026-08-04T09:33:00-04:00,0.5,12747.04,50.0,2026-08-03T10:21:00-04:00,6.2000000000000455,1347.0399999999097,1441.0,2026-08-04T09:32:00-04:00,0.6999999999999993,12347.040000000003,1442.0,2026-08-04T09:33:00-04:00,0.5,12747.04,1446.0,2026-08-04T09:37:00-04:00,0.7999999999999972,12147.040000000008,1442.0,2026-08-04T09:33:00-04:00,0.5,12747.04,1464.0,2026-08-04T09:55:00-04:00,0.3999999999999986,12947.040000000005,1499.0,2026-08-04T10:30:00-04:00,0.3000000000000007,13147.04,1500.0,2026-08-04T10:31:00-04:00,0.40000000000000213,12947.039999999997,1465.0,2026-08-04T09:56:00-04:00,0.5499999999999972,12647.040000000008,3608
2026-08-03,2026-08-06,3,5.0,2026-08-03T09:31:00-04:00,5.0,NDXP  260806P28410000,NDXP  260806P28400000,final_holdout,False,False,0,0,41,184,0,1260,available,False,2026-08-03T09:31:00-04:00,2026-08-06T13:28:00-04:00,0.125,9497.04,152.0,last_observed_quote_not_settlement,1036.0,8,8,4.899999999999977,-52.959999999953816,2026-08-03T09:32:00-04:00,0.0,5.150000000000034,-552.9600000000676,2026-08-03T09:33:00-04:00,0.0,4.7999999999999545,147.04000000009165,2026-08-03T09:36:00-04:00,0.0,3.8999999999999773,1947.0400000000461,2026-08-03T09:41:00-04:00,0.0,4.399999999999977,947.0400000000461,2026-08-03T09:46:00-04:00,0.0,3.6000000000000227,2547.0399999999554,2026-08-03T10:01:00-04:00,0.0,3.3000000000000114,3147.039999999978,2026-08-03T10:31:00-04:00,0.0,3.1499999999999773,3447.0400000000463,2026-08-03T11:31:00-04:00,0.0,2.200000000000003,5347.039999999995,2026-08-03T16:00:00-04:00,0.0,0.14999999999999858,9447.040000000005,2026-08-04T16:00:00-04:00,0.0,,,2026-08-05T15:59:00-04:00,60.0,,,2026-08-06T13:28:00-04:00,9120.0,0.0,hit,0.0,hit,7.0,hit,53.0,hit,280.0,hit,1440.0,hit,1444.0,hit,115.0,hit,115.0,hit,,never_hit,,never_hit,,never_hit,,never_hit,5.400000000000034,7,False,False,False,False,,6.399999999999977,8,False,False,False,False,,6.399999999999977,8,False,False,False,False,,6.399999999999977,8,False,False,False,False,,53.0,2026-08-03T10:24:00-04:00,2.8000000000000114,4147.039999999978,82.0,2026-08-03T10:53:00-04:00,2.8000000000000114,4147.039999999978,83.0,2026-08-03T10:54:00-04:00,2.599999999999966,4547.040000000069,54.0,2026-08-03T10:25:00-04:00,3.5500000000000114,2647.039999999978,403.0,2026-08-03T16:14:00-04:00,1.8999999999999915,5947.040000000018,1441.0,2026-08-04T09:32:00-04:00,0.9000000000000021,7947.039999999996,1442.0,2026-08-04T09:33:00-04:00,0.7500000000000036,8247.039999999994,404.0,2026-08-03T16:15:00-04:00,2.0,5747.040000000001,1440.0,2026-08-04T09:31:00-04:00,0.8499999999999943,8047.040000000012,1441.0,2026-08-04T09:32:00-04:00,0.9000000000000021,7947.039999999996,1442.0,2026-08-04T09:33:00-04:00,0.7500000000000036,8247.039999999994,1441.0,2026-08-04T09:32:00-04:00,0.9000000000000021,7947.039999999996,1468.0,2026-08-04T09:59:00-04:00,0.10000000000000142,9547.039999999999,1493.0,2026-08-04T10:24:00-04:00,0.19999999999999574,9347.04000000001,1494.0,2026-08-04T10:25:00-04:00,0.3999999999999986,8947.040000000005,,,,,3609
2026-08-03,2026-08-06,3,6.0,2026-08-03T09:31:00-04:00,6.0499999999999545,NDXP  260806P28540000,NDXP  260806P28530000,final_holdout,False,False,0,0,0,79,0,1415,available,False,2026-08-03T09:31:00-04:00,2026-08-06T14:33:00-04:00,0.17499999999999993,11497.039999999912,87.0,last_observed_quote_not_settlement,1036.0,4,1,6.25,-652.9600000000903,2026-08-03T09:32:00-04:00,0.0,7.099999999999966,-2352.960000000022,2026-08-03T09:33:00-04:00,0.0,5.099999999999966,1647.039999999978,2026-08-03T09:36:00-04:00,0.0,4.750000000000057,2347.0399999997962,2026-08-03T09:41:00-04:00,0.0,5.800000000000011,247.039999999887,2026-08-03T09:46:00-04:00,0.0,4.050000000000011,3747.039999999887,2026-08-03T10:01:00-04:00,0.0,4.099999999999994,3647.0399999999213,2026-08-03T10:31:00-04:00,0.0,3.9000000000000057,4047.039999999898,2026-08-03T11:31:00-04:00,0.0,2.9000000000000057,6047.039999999898,2026-08-03T16:00:00-04:00,0.0,0.29999999999999893,11247.039999999914,2026-08-04T16:00:00-04:00,0.0,,,2026-08-05T15:59:00-04:00,60.0,,,2026-08-06T14:33:00-04:00,5220.0,5.0,hit,10.0,hit,48.0,hit,63.0,hit,1440.0,hit,1444.0,hit,1493.0,hit,2.0,hit,2.0,hit,2.0,hit,4.0,hit,,never_hit,,never_hit,8.100000000000023,4,True,True,False,False,,8.100000000000023,4,True,True,False,False,,8.100000000000023,4,True,True,False,False,,8.100000000000023,4,True,True,False,False,,113.0,2026-08-03T11:24:00-04:00,2.5999999999999943,6647.039999999921,258.0,2026-08-03T13:49:00-04:00,2.8499999999999943,6147.039999999921,267.0,2026-08-03T13:58:00-04:00,2.8500000000000227,6147.039999999864,114.0,2026-08-03T11:25:00-04:00,3.3499999999999943,5147.039999999921,1440.0,2026-08-04T09:31:00-04:00,1.3000000000000043,9247.039999999903,1441.0,2026-08-04T09:32:00-04:00,1.1000000000000085,9647.039999999894,1442.0,2026-08-04T09:33:00-04:00,1.0500000000000043,9747.039999999903,1441.0,2026-08-04T09:32:00-04:00,1.1000000000000085,9647.039999999894,1444.0,2026-08-04T09:35:00-04:00,0.9499999999999957,9947.039999999919,1445.0,2026-08-04T09:36:00-04:00,0.9000000000000057,10047.039999999899,1446.0,2026-08-04T09:37:00-04:00,0.8999999999999986,10047.039999999914,1445.0,2026-08-04T09:36:00-04:00,0.9000000000000057,10047.039999999899,1493.0,2026-08-04T10:24:00-04:00,0.3999999999999986,11047.039999999914,1544.0,2026-08-04T11:15:00-04:00,0.40000000000000213,11047.039999999906,1570.0,2026-08-04T11:41:00-04:00,0.34999999999999787,11147.039999999915,1494.0,2026-08-04T10:25:00-04:00,0.7499999999999964,10347.039999999917,3610
2026-08-03,2026-08-06,3,7.0,2026-08-03T09:31:00-04:00,7.0,NDXP  260806P28740000,NDXP  260806P28730000,final_holdout,False,False,0,0,2,16,0,1478,available,False,2026-08-03T09:31:00-04:00,2026-08-06T14:15:00-04:00,0.024999999999999967,13697.04,105.0,last_observed_quote_not_settlement,1036.0,10,15,8.699999999999818,-3652.959999999637,2026-08-03T09:32:00-04:00,0.0,7.149999999999977,-552.9599999999539,2026-08-03T09:33:00-04:00,0.0,5.850000000000023,2047.0399999999554,2026-08-03T09:36:00-04:00,0.0,8.099999999999966,-2452.9599999999327,2026-08-03T09:41:00-04:00,0.0,,,2026-08-03T09:45:00-04:00,60.0,5.9500000000000455,1847.0399999999097,2026-08-03T10:01:00-04:00,0.0,5.650000000000034,2447.0399999999327,2026-08-03T10:31:00-04:00,0.0,4.899999999999977,3947.0400000000463,2026-08-03T11:31:00-04:00,0.0,4.299999999999983,5147.0400000000345,2026-08-03T16:00:00-04:00,0.0,0.75,12247.04,2026-08-04T16:00:00-04:00,0.0,0.25,13247.04,2026-08-05T16:00:00-04:00,0.0,,,2026-08-06T14:15:00-04:00,6300.0,8.0,hit,83.0,hit,197.0,hit,340.0,hit,1440.0,hit,1495.0,hit,1688.0,hit,1.0,hit,1.0,hit,0.0,hit,1.0,hit,,never_hit,,never_hit,8.900000000000034,10,True,True,False,False,,8.900000000000034,10,True,True,False,False,,8.900000000000034,10,True,True,False,False,,8.900000000000034,10,True,True,False,False,,340.0,2026-08-03T15:11:00-04:00,2.9499999999999886,7847.040000000024,1441.0,2026-08-04T09:32:00-04:00,1.6499999999999915,10447.040000000019,1442.0,2026-08-04T09:33:00-04:00,1.5500000000000114,10647.039999999979,341.0,2026-08-03T15:12:00-04:00,4.0,5747.040000000001,1440.0,2026-08-04T09:31:00-04:00,1.8000000000000114,10147.039999999979,1441.0,2026-08-04T09:32:00-04:00,1.6499999999999915,10447.040000000019,1442.0,2026-08-04T09:33:00-04:00,1.5500000000000114,10647.039999999979,1441.0,2026-08-04T09:32:00-04:00,1.6499999999999915,10447.040000000019,1502.0,2026-08-04T10:33:00-04:00,0.9499999999999957,11847.04000000001,1534.0,2026-08-04T11:05:00-04:00,0.7999999999999972,12147.040000000008,1545.0,2026-08-04T11:16:00-04:00,0.6000000000000014,12547.039999999999,1503.0,2026-08-04T10:34:00-04:00,1.0,11747.04,1688.0,2026-08-04T13:39:00-04:00,0.4499999999999993,12847.040000000003,1700.0,2026-08-04T13:51:00-04:00,0.34999999999999787,13047.040000000006,1787.0,2026-08-04T15:18:00-04:00,0.3999999999999986,12947.040000000005,1689.0,2026-08-04T13:40:00-04:00,0.45000000000000284,12847.039999999995,3611
2026-08-04,2026-08-06,2,5.0,2026-08-04T09:31:00-04:00,5.0,NDXP  260806P29260000,NDXP  260806P29250000,final_holdout,False,False,0,0,4,4,0,1191,available,False,2026-08-04T09:31:00-04:00,2026-08-06T15:56:00-04:00,0.0,9747.04,4.0,last_observed_quote_not_settlement,1036.0,10,12,5.100000000000023,-452.9600000000448,2026-08-04T09:32:00-04:00,0.0,4.650000000000006,447.03999999998933,2026-08-04T09:33:00-04:00,0.0,4.800000000000011,147.03999999997797,2026-08-04T09:36:00-04:00,0.0,4.700000000000017,347.0399999999666,2026-08-04T09:41:00-04:00,0.0,3.3000000000000114,3147.039999999978,2026-08-04T09:46:00-04:00,0.0,4.0,1747.0400000000006,2026-08-04T10:01:00-04:00,0.0,3.8500000000000227,2047.0399999999554,2026-08-04T10:31:00-04:00,0.0,3.3000000000000114,3147.039999999978,2026-08-04T11:31:00-04:00,0.0,,,2026-08-04T15:59:00-04:00,60.0,3.1500000000000057,3447.0399999999895,2026-08-05T16:00:00-04:00,0.0,,,2026-08-06T15:56:00-04:00,240.0,,,,,0.0,hit,0.0,hit,4.0,hit,62.0,hit,69.0,hit,376.0,hit,376.0,hit,29.0,hit,29.0,hit,,never_hit,,never_hit,,never_hit,,never_hit,6.700000000000017,6,False,False,False,False,,6.700000000000017,6,False,False,False,False,,6.700000000000017,6,False,False,False,False,,6.700000000000017,6,False,False,False,False,,62.0,2026-08-04T10:33:00-04:00,2.6000000000000227,4547.039999999955,95.0,2026-08-04T11:06:00-04:00,2.8500000000000227,4047.0399999999554,128.0,2026-08-04T11:39:00-04:00,2.549999999999997,4647.040000000006,63.0,2026-08-04T10:34:00-04:00,3.1999999999999886,3347.0400000000236,132.0,2026-08-04T11:43:00-04:00,1.9000000000000057,5947.039999999989,235.0,2026-08-04T13:26:00-04:00,1.8499999999999943,6047.040000000012,250.0,2026-08-04T13:41:00-04:00,1.9499999999999886,5847.040000000024,133.0,2026-08-04T11:44:00-04:00,2.750000000000014,4247.039999999973,376.0,2026-08-04T15:47:00-04:00,0.45000000000000284,8847.039999999995,1459.0,2026-08-05T09:50:00-04:00,0.8999999999999986,7947.040000000004,1485.0,2026-08-05T10:16:00-04:00,0.75,8247.04,377.0,2026-08-04T15:48:00-04:00,1.5999999999999943,6547.040000000012,1470.0,2026-08-05T10:01:00-04:00,0.3500000000000014,9047.039999999999,3167.0,2026-08-06T14:18:00-04:00,0.20000000000000018,9347.04,3168.0,2026-08-06T14:19:00-04:00,0.27500000000000036,9197.04,1471.0,2026-08-05T10:02:00-04:00,1.25,7247.040000000001,3612
2026-08-04,2026-08-06,2,6.0,2026-08-04T09:31:00-04:00,5.949999999999989,NDXP  260806P29420000,NDXP  260806P29410000,final_holdout,False,False,0,0,1,2,0,1198,available,False,2026-08-04T09:31:00-04:00,2026-08-06T15:59:00-04:00,8.200000000000003,-4752.960000000029,1.0,last_observed_quote_not_settlement,1036.0,58,63,6.5,-1352.960000000022,2026-08-04T09:32:00-04:00,0.0,5.449999999999989,747.0400000000006,2026-08-04T09:33:00-04:00,0.0,5.75,147.03999999997797,2026-08-04T09:36:00-04:00,0.0,7.849999999999966,-4052.9599999999537,2026-08-04T09:41:00-04:00,0.0,5.199999999999989,1247.0400000000006,2026-08-04T09:46:00-04:00,0.0,5.399999999999977,847.0400000000234,2026-08-04T10:01:00-04:00,0.0,4.75,2147.039999999978,2026-08-04T10:31:00-04:00,0.0,4.150000000000006,3347.0399999999668,2026-08-04T11:31:00-04:00,0.0,2.3000000000000114,7047.039999999955,2026-08-04T16:00:00-04:00,0.0,4.0,3647.039999999978,2026-08-05T16:00:00-04:00,0.0,,,2026-08-06T15:59:00-04:00,60.0,,,,,2.0,hit,6.0,hit,8.0,hit,8.0,hit,8.0,hit,395.0,hit,395.0,hit,1.0,hit,10.0,hit,10.0,hit,2883.0,hit,2883.0,hit,3262.0,hit,6.5,2,False,False,False,False,,6.5,2,False,False,False,False,,7.849999999999966,3,True,False,False,False,,7.849999999999966,3,True,False,False,False,,8.0,2026-08-04T09:39:00-04:00,1.1999999999999886,9247.04,237.0,2026-08-04T13:28:00-04:00,2.9000000000000057,5847.039999999966,238.0,2026-08-04T13:29:00-04:00,2.8999999999999915,5847.039999999995,9.0,2026-08-04T09:40:00-04:00,5.7999999999999545,47.04000000006892,8.0,2026-08-04T09:39:00-04:00,1.1999999999999886,9247.04,1452.0,2026-08-05T09:43:00-04:00,1.75,8147.039999999978,1453.0,2026-08-05T09:44:00-04:00,1.5,8647.039999999979,9.0,2026-08-04T09:40:00-04:00,5.7999999999999545,47.04000000006892,395.0,2026-08-04T16:06:00-04:00,0.4000000000000057,10847.039999999968,,,,,,,,,396.0,2026-08-04T16:07:00-04:00,1.950000000000017,7747.039999999944,395.0,2026-08-04T16:06:00-04:00,0.4000000000000057,10847.039999999968,,,,,,,,,396.0,2026-08-04T16:07:00-04:00,1.950000000000017,7747.039999999944,3613
2026-08-04,2026-08-06,2,7.0,2026-08-04T09:31:00-04:00,7.0,NDXP  260806P29430000,NDXP  260806P29420000,final_holdout,False,False,0,0,0,4,0,1196,available,False,2026-08-04T09:31:00-04:00,2026-08-06T15:59:00-04:00,7.0,-252.9599999999993,1.0,last_observed_quote_not_settlement,1036.0,28,34,6.800000000000011,147.03999999997797,2026-08-04T09:32:00-04:00,0.0,6.600000000000023,547.0399999999552,2026-08-04T09:33:00-04:00,0.0,,,2026-08-04T09:35:00-04:00,60.0,1.9499999999999886,9847.040000000025,2026-08-04T09:41:00-04:00,0.0,5.699999999999989,2347.0400000000236,2026-08-04T09:46:00-04:00,0.0,5.2999999999999545,3147.040000000092,2026-08-04T10:01:00-04:00,0.0,4.550000000000011,4647.039999999978,2026-08-04T10:31:00-04:00,0.0,4.049999999999983,5647.0400000000345,2026-08-04T11:31:00-04:00,0.0,2.299999999999997,9147.040000000008,2026-08-04T16:00:00-04:00,0.0,4.099999999999994,5547.040000000012,2026-08-05T16:00:00-04:00,0.0,,,2026-08-06T15:59:00-04:00,60.0,,,,,3.0,hit,6.0,hit,6.0,hit,10.0,hit,10.0,hit,,never_hit,,never_hit,14.0,hit,14.0,hit,0.0,hit,14.0,hit,14.0,hit,14.0,hit,7.0,0,True,False,False,False,,7.0,0,True,False,False,False,,,,True,True,True,False,5.600000000000001,,,True,True,True,False,5.600000000000001,10.0,2026-08-04T09:41:00-04:00,1.9499999999999886,9847.040000000025,235.0,2026-08-04T13:26:00-04:00,2.8999999999999773,7947.040000000046,248.0,2026-08-04T13:39:00-04:00,2.799999999999997,8147.040000000007,11.0,2026-08-04T09:42:00-04:00,5.550000000000011,2647.039999999978,10.0,2026-08-04T09:41:00-04:00,1.9499999999999886,9847.040000000025,1451.0,2026-08-05T09:42:00-04:00,1.9000000000000057,9947.03999999999,1452.0,2026-08-05T09:43:00-04:00,1.75,10247.04,11.0,2026-08-04T09:42:00-04:00,5.550000000000011,2647.039999999978,,,,,,,,,,,,,,,,,,,,,,,,,,,,,,,,,3614
2026-08-04,2026-08-07,3,5.0,2026-08-04T09:31:00-04:00,5.0,NDXP  260807P29150000,NDXP  260807P29140000,final_holdout,False,False,0,0,1,2,0,1552,available,False,2026-08-04T09:31:00-04:00,2026-08-07T15:10:00-04:00,0.024999999999999967,9697.04,50.0,last_observed_quote_not_settlement,1036.0,0,0,4.600000000000023,547.0399999999552,2026-08-04T09:32:00-04:00,0.0,4.250000000000028,1247.0399999999438,2026-08-04T09:33:00-04:00,0.0,3.950000000000017,1847.0399999999665,2026-08-04T09:36:00-04:00,0.0,4.300000000000011,1147.039999999978,2026-08-04T09:41:00-04:00,0.0,3.5,2747.040000000001,2026-08-04T09:46:00-04:00,0.0,3.5500000000000114,2647.039999999978,2026-08-04T10:01:00-04:00,0.0,2.8499999999999943,4047.040000000012,2026-08-04T10:31:00-04:00,0.0,2.6500000000000057,4447.039999999989,2026-08-04T11:31:00-04:00,0.0,0.15000000000000568,9447.03999999999,2026-08-04T16:00:00-04:00,0.0,2.8500000000000085,4047.0399999999836,2026-08-05T16:00:00-04:00,0.0,2.1999999999999886,5347.040000000024,2026-08-06T16:00:00-04:00,0.0,,,2026-08-07T15:10:00-04:00,3000.0,0.0,hit,0.0,hit,5.0,hit,29.0,hit,185.0,hit,330.0,hit,339.0,hit,,never_hit,,never_hit,,never_hit,,never_hit,,never_hit,,never_hit,5.0,0,False,False,False,False,,5.0,0,False,False,False,False,,5.0,0,False,False,False,False,,5.0,0,False,False,False,False,,29.0,2026-08-04T10:00:00-04:00,2.3500000000000227,5047.039999999955,61.0,2026-08-04T10:32:00-04:00,2.9499999999999886,3847.0400000000236,62.0,2026-08-04T10:33:00-04:00,2.8999999999999773,3947.0400000000463,30.0,2026-08-04T10:01:00-04:00,3.5500000000000114,2647.039999999978,185.0,2026-08-04T12:36:00-04:00,1.9000000000000057,5947.039999999989,249.0,2026-08-04T13:40:00-04:00,1.9000000000000057,5947.039999999989,250.0,2026-08-04T13:41:00-04:00,1.9000000000000057,5947.039999999989,186.0,2026-08-04T12:37:00-04:00,2.200000000000017,5347.039999999966,330.0,2026-08-04T15:01:00-04:00,0.9499999999999886,7847.040000000024,4321.0,2026-08-07T09:32:00-04:00,0.3999999999999986,8947.040000000005,4322.0,2026-08-07T09:33:00-04:00,0.3000000000000007,9147.04,331.0,2026-08-04T15:02:00-04:00,1.6999999999999886,6347.040000000024,389.0,2026-08-04T16:00:00-04:00,0.15000000000000568,9447.03999999999,4322.0,2026-08-07T09:33:00-04:00,0.3000000000000007,9147.04,4323.0,2026-08-07T09:34:00-04:00,0.39999999999999947,8947.040000000003,390.0,2026-08-04T16:01:00-04:00,1.8000000000000114,6147.039999999978,3615
2026-08-04,2026-08-07,3,6.0,2026-08-04T09:31:00-04:00,6.0,NDXP  260807P29630000,NDXP  260807P29620000,final_holdout,False,False,0,0,16,28,0,1558,available,False,2026-08-04T09:31:00-04:00,2026-08-07T15:54:00-04:00,0.35,11047.04,6.0,last_observed_quote_not_settlement,1036.0,352,148,6.200000000000102,-652.960000000204,2026-08-04T09:32:00-04:00,0.0,7.149999999999977,-2552.9599999999537,2026-08-04T09:33:00-04:00,0.0,7.0,-2252.959999999999,2026-08-04T09:36:00-04:00,0.0,8.449999999999989,-5152.959999999978,2026-08-04T09:41:00-04:00,0.0,6.899999999999977,-2052.9599999999537,2026-08-04T09:46:00-04:00,0.0,9.0,-6252.960000000001,2026-08-04T10:01:00-04:00,0.0,5.4500000000000455,847.0399999999097,2026-08-04T10:31:00-04:00,0.0,5.350000000000023,1047.0399999999552,2026-08-04T11:31:00-04:00,0.0,3.75,4247.040000000001,2026-08-04T16:00:00-04:00,0.0,7.900000000000034,-4052.9600000000673,2026-08-05T16:00:00-04:00,0.0,5.800000000000011,147.03999999997797,2026-08-06T16:00:00-04:00,0.0,,,2026-08-07T15:54:00-04:00,360.0,25.0,hit,25.0,hit,35.0,hit,35.0,hit,35.0,hit,3068.0,hit,4701.0,hit,2.0,hit,2.0,hit,2.0,hit,10.0,hit,29.0,hit,29.0,hit,9.899999999999977,30,True,True,True,True,,9.899999999999977,30,True,True,True,True,,9.899999999999977,169,True,True,True,True,,9.899999999999977,352,True,True,True,True,,35.0,2026-08-04T10:06:00-04:00,1.5500000000000114,8647.039999999979,36.0,2026-08-04T10:07:00-04:00,1.25,9247.04,3069.0,2026-08-06T12:40:00-04:00,2.8999999999999773,5947.040000000046,36.0,2026-08-04T10:07:00-04:00,1.25,9247.04,35.0,2026-08-04T10:06:00-04:00,1.5500000000000114,8647.039999999979,36.0,2026-08-04T10:07:00-04:00,1.25,9247.04,4662.0,2026-08-07T15:13:00-04:00,1.1500000000000004,9447.04,36.0,2026-08-04T10:07:00-04:00,1.25,9247.04,3068.0,2026-08-06T12:39:00-04:00,0.9499999999999886,9847.040000000025,4701.0,2026-08-07T15:52:00-04:00,0.17499999999999982,11397.040000000003,4702.0,2026-08-07T15:53:00-04:00,0.27500000000000013,11197.04,3069.0,2026-08-06T12:40:00-04:00,2.8999999999999773,5947.040000000046,4701.0,2026-08-07T15:52:00-04:00,0.17499999999999982,11397.040000000003,4702.0,2026-08-07T15:53:00-04:00,0.27500000000000013,11197.04,4703.0,2026-08-07T15:54:00-04:00,0.35,11047.04,4702.0,2026-08-07T15:53:00-04:00,0.27500000000000013,11197.04,3616
2026-08-04,2026-08-07,3,7.0,2026-08-04T09:31:00-04:00,6.949999999999989,NDXP  260807P29420000,NDXP  260807P29410000,final_holdout,False,False,0,0,14,24,0,1560,available,False,2026-08-04T09:31:00-04:00,2026-08-07T15:40:00-04:00,0.0,13647.039999999979,20.0,last_observed_quote_not_settlement,1036.0,1,2,6.0,1647.039999999978,2026-08-04T09:32:00-04:00,0.0,5.25,3147.039999999978,2026-08-04T09:33:00-04:00,0.0,4.949999999999989,3747.040000000001,2026-08-04T09:36:00-04:00,0.0,5.7000000000000455,2247.039999999887,2026-08-04T09:41:00-04:00,0.0,5.300000000000011,3047.0399999999554,2026-08-04T09:46:00-04:00,0.0,4.800000000000011,4047.0399999999554,2026-08-04T10:01:00-04:00,0.0,4.850000000000023,3947.0399999999327,2026-08-04T10:31:00-04:00,0.0,4.199999999999989,5247.040000000001,2026-08-04T11:31:00-04:00,0.0,2.8499999999999943,7947.039999999989,2026-08-04T16:00:00-04:00,0.0,3.5500000000000114,6547.039999999955,2026-08-05T16:00:00-04:00,0.0,4.849999999999994,3947.0399999999895,2026-08-06T16:00:00-04:00,0.0,,,2026-08-07T15:40:00-04:00,1200.0,2.0,hit,5.0,hit,31.0,hit,187.0,hit,372.0,hit,4414.0,hit,4434.0,hit,2882.0,hit,2882.0,hit,2882.0,hit,2882.0,hit,2882.0,hit,,never_hit,6.949999999999989,0,False,False,False,False,,6.949999999999989,0,False,False,False,False,,9.199999999999932,1,True,True,True,True,,9.199999999999932,1,True,True,True,True,,187.0,2026-08-04T12:38:00-04:00,2.9499999999999886,7747.040000000001,257.0,2026-08-04T13:48:00-04:00,2.1500000000000057,9347.039999999968,258.0,2026-08-04T13:49:00-04:00,2.900000000000034,7847.03999999991,188.0,2026-08-04T12:39:00-04:00,3.6499999999999773,6347.040000000024,372.0,2026-08-04T15:43:00-04:00,1.9499999999999886,9747.04,373.0,2026-08-04T15:44:00-04:00,1.9499999999999886,9747.04,4324.0,2026-08-07T09:35:00-04:00,1.5,10647.039999999979,373.0,2026-08-04T15:44:00-04:00,1.9499999999999886,9747.04,4414.0,2026-08-07T11:05:00-04:00,0.6500000000000004,12347.039999999979,4417.0,2026-08-07T11:08:00-04:00,0.8500000000000014,11947.039999999975,4418.0,2026-08-07T11:09:00-04:00,0.8499999999999996,11947.039999999979,4415.0,2026-08-07T11:06:00-04:00,1.5,10647.039999999979,4434.0,2026-08-07T11:25:00-04:00,0.4499999999999993,12747.03999999998,4435.0,2026-08-07T11:26:00-04:00,0.29999999999999893,13047.03999999998,4436.0,2026-08-07T11:27:00-04:00,0.34999999999999964,12947.039999999979,4435.0,2026-08-07T11:26:00-04:00,0.29999999999999893,13047.03999999998,3617
2026-08-05,2026-08-07,2,5.0,2026-08-05T09:31:00-04:00,4.900000000000034,NDXP  260807P29840000,NDXP  260807P29830000,final_holdout,False,False,0,0,22,62,0,1069,available,False,2026-08-05T09:31:00-04:00,2026-08-07T16:00:00-04:00,9.050000000000011,-8552.959999999955,0.0,last_observed_quote_not_settlement,1036.0,902,41,4.900000000000006,-252.95999999994245,2026-08-05T09:32:00-04:00,0.0,4.649999999999977,247.04000000011436,2026-08-05T09:33:00-04:00,0.0,4.449999999999989,647.0400000000916,2026-08-05T09:36:00-04:00,0.0,4.799999999999983,-52.95999999989697,2026-08-05T09:41:00-04:00,0.0,4.499999999999972,547.0400000001257,2026-08-05T09:46:00-04:00,0.0,5.25,-952.9599999999311,2026-08-05T10:01:00-04:00,0.0,5.949999999999989,-2352.959999999908,2026-08-05T10:31:00-04:00,0.0,5.350000000000023,-1152.9599999999766,2026-08-05T11:31:00-04:00,0.0,7.449999999999989,-5352.959999999908,2026-08-05T16:00:00-04:00,0.0,8.899999999999977,-8252.959999999886,2026-08-06T16:00:00-04:00,0.0,9.050000000000011,-8552.959999999955,2026-08-07T16:00:00-04:00,0.0,,,,,0.0,hit,0.0,hit,12.0,hit,14.0,hit,208.0,hit,,never_hit,,never_hit,60.0,hit,60.0,hit,83.0,hit,135.0,hit,190.0,hit,190.0,hit,5.25,3,False,False,False,False,,9.699999999999932,120,True,True,True,True,,,,True,True,True,False,3.550000000000125,,,True,True,True,False,3.550000000000125,14.0,2026-08-05T09:45:00-04:00,2.1000000000000227,5347.040000000024,193.0,2026-08-05T12:44:00-04:00,2.3500000000000227,4847.040000000024,,,,,15.0,2026-08-05T09:46:00-04:00,4.499999999999972,547.0400000001257,208.0,2026-08-05T12:59:00-04:00,1.4499999999999886,6647.040000000092,,,,,,,,,209.0,2026-08-05T13:00:00-04:00,2.5,4547.040000000069,,,,,,,,,,,,,,,,,,,,,,,,,,,,,,,,,3618
2026-08-05,2026-08-07,2,6.0,2026-08-05T09:31:00-04:00,6.0,NDXP  260807P30010000,NDXP  260807P30000000,final_holdout,False,False,0,0,5,155,0,1040,available,False,2026-08-05T09:31:00-04:00,2026-08-07T16:00:00-04:00,8.0,-4252.960000000001,0.0,last_observed_quote_not_settlement,1036.0,849,62,6.0,-252.9599999999993,2026-08-05T09:32:00-04:00,0.0,,,2026-08-05T09:32:00-04:00,60.0,5.449999999999989,847.0400000000234,2026-08-05T09:36:00-04:00,0.0,5.899999999999977,-52.959999999953816,2026-08-05T09:41:00-04:00,0.0,5.400000000000091,947.0399999998187,2026-08-05T09:46:00-04:00,0.0,5.149999999999977,1447.0400000000461,2026-08-05T10:01:00-04:00,0.0,,,2026-08-05T10:30:00-04:00,60.0,,,2026-08-05T11:30:00-04:00,60.0,,,2026-08-05T15:59:00-04:00,60.0,,,2026-08-06T15:59:00-04:00,60.0,8.0,-4252.960000000001,2026-08-07T16:00:00-04:00,0.0,,,,,5.0,hit,6.0,hit,6.0,hit,75.0,hit,80.0,hit,80.0,hit,80.0,hit,28.0,hit,54.0,hit,54.0,hit,54.0,hit,54.0,hit,54.0,hit,9.500000000000057,12,True,True,True,True,,9.500000000000057,15,True,True,True,True,,9.500000000000057,15,True,True,True,True,,9.500000000000057,15,True,True,True,True,,75.0,2026-08-05T10:46:00-04:00,2.5500000000000114,6647.039999999978,,,,,,,,,76.0,2026-08-05T10:47:00-04:00,4.199999999999989,3347.0400000000236,80.0,2026-08-05T10:51:00-04:00,5.684341886080802e-14,11747.039999999888,,,,,,,,,81.0,2026-08-05T10:52:00-04:00,3.25,5247.040000000001,80.0,2026-08-05T10:51:00-04:00,5.684341886080802e-14,11747.039999999888,,,,,,,,,81.0,2026-08-05T10:52:00-04:00,3.25,5247.040000000001,80.0,2026-08-05T10:51:00-04:00,5.684341886080802e-14,11747.039999999888,,,,,,,,,81.0,2026-08-05T10:52:00-04:00,3.25,5247.040000000001,3619
2026-08-05,2026-08-07,2,7.0,2026-08-05T09:31:00-04:00,7.0,NDXP  260807P30190000,NDXP  260807P30180000,final_holdout,False,False,0,0,1,183,0,1014,available,False,2026-08-05T09:31:00-04:00,2026-08-07T16:00:00-04:00,10.0,-6152.96,0.0,last_observed_quote_not_settlement,1038.0,814,55,6.100000000000023,1547.0399999999552,2026-08-05T09:32:00-04:00,0.0,6.350000000000023,1047.0399999999552,2026-08-05T09:33:00-04:00,0.0,6.500000000000057,747.039999999887,2026-08-05T09:36:00-04:00,0.0,6.899999999999977,-52.959999999953816,2026-08-05T09:41:00-04:00,0.0,6.449999999999989,847.0400000000234,2026-08-05T09:46:00-04:00,0.0,7.899999999999977,-2052.9599999999537,2026-08-05T10:01:00-04:00,0.0,6.800000000000011,147.03999999997797,2026-08-05T10:31:00-04:00,0.0,8.0,-2252.960000000001,2026-08-05T11:31:00-04:00,0.0,8.999999999999886,-4252.959999999774,2026-08-05T16:00:00-04:00,0.0,9.299999999999955,-4852.95999999991,2026-08-06T16:00:00-04:00,0.0,10.0,-6152.96,2026-08-07T16:00:00-04:00,0.0,,,,,27.0,hit,40.0,hit,50.0,hit,,never_hit,,never_hit,,never_hit,,never_hit,6.0,hit,6.0,hit,0.0,hit,6.0,hit,41.0,hit,54.0,hit,,,True,True,True,False,3.6999999999999886,,,True,True,True,False,3.6999999999999886,,,True,True,True,False,3.6999999999999886,,,True,True,True,False,3.6999999999999886,,,,,,,,,,,,,,,,,,,,,,,,,,,,,,,,,,,,,,,,,,,,,,,,,,,,,,,,,,,,,,,,,3620
2026-08-07,2026-08-10,3,5.0,2026-08-07T09:31:00-04:00,5.0,NDXP  260810P29700000,NDXP  260810P29690000,final_holdout,False,False,0,0,0,9,0,786,available,False,2026-08-07T09:31:00-04:00,2026-08-10T16:00:00-04:00,9.799999999999997,-9852.959999999994,0.0,last_observed_quote_not_settlement,3916.0,495,104,5.449999999999989,-1152.9599999999766,2026-08-07T09:32:00-04:00,0.0,5.0,-252.9599999999993,2026-08-07T09:33:00-04:00,0.0,4.949999999999989,-152.95999999997656,2026-08-07T09:36:00-04:00,0.0,5.5,-1252.9599999999994,2026-08-07T09:41:00-04:00,0.0,5.099999999999994,-452.95999999998793,2026-08-07T09:46:00-04:00,0.0,7.899999999999977,-6052.959999999954,2026-08-07T10:01:00-04:00,0.0,5.449999999999989,-1152.9599999999766,2026-08-07T10:31:00-04:00,0.0,4.450000000000017,847.0399999999665,2026-08-07T11:31:00-04:00,0.0,4.25,1247.0400000000006,2026-08-07T16:00:00-04:00,0.0,,,2026-08-07T16:15:00-04:00,85500.0,,,2026-08-07T16:15:00-04:00,171900.0,9.799999999999997,-9852.959999999994,2026-08-10T16:00:00-04:00,0.0,0.0,hit,0.0,hit,85.0,hit,291.0,hit,,never_hit,,never_hit,,never_hit,6.0,hit,26.0,hit,26.0,hit,44.0,hit,4448.0,hit,4588.0,hit,8.0,208,True,True,False,False,,,,True,True,True,False,2.5,,,True,True,True,False,2.5,,,True,True,True,False,2.5,291.0,2026-08-07T14:22:00-04:00,2.8499999999999943,4047.040000000012,4361.0,2026-08-10T10:12:00-04:00,2.8999999999999986,3947.0400000000036,4362.0,2026-08-10T10:13:00-04:00,2.8499999999999943,4047.040000000012,292.0,2026-08-07T14:23:00-04:00,6.550000000000011,-3352.960000000022,,,,,,,,,,,,,,,,,,,,,,,,,,,,,,,,,,,,,,,,,,,,,,,,,3621
2026-08-07,2026-08-10,3,6.0,2026-08-07T09:31:00-04:00,5.949999999999989,NDXP  260810P29680000,NDXP  260810P29670000,final_holdout,False,False,0,0,0,4,0,791,available,False,2026-08-07T09:31:00-04:00,2026-08-10T15:58:00-04:00,9.900000000000006,-8152.9600000000355,2.0,last_observed_quote_not_settlement,3916.0,115,79,5.350000000000023,947.0399999999324,2026-08-07T09:32:00-04:00,0.0,4.899999999999977,1847.0400000000234,2026-08-07T09:33:00-04:00,0.0,4.649999999999977,2347.0400000000236,2026-08-07T09:36:00-04:00,0.0,5.5,647.0399999999779,2026-08-07T09:41:00-04:00,0.0,5.150000000000006,1347.0399999999665,2026-08-07T09:46:00-04:00,0.0,5.349999999999994,947.0399999999893,2026-08-07T10:01:00-04:00,0.0,5.25,1147.039999999978,2026-08-07T10:31:00-04:00,0.0,4.1499999999999915,3347.039999999995,2026-08-07T11:31:00-04:00,0.0,4.199999999999989,3247.040000000001,2026-08-07T16:00:00-04:00,0.0,,,2026-08-07T16:15:00-04:00,85500.0,,,2026-08-07T16:15:00-04:00,171900.0,,,2026-08-10T15:58:00-04:00,120.0,1.0,hit,2.0,hit,44.0,hit,305.0,hit,,never_hit,,never_hit,,never_hit,27.0,hit,72.0,hit,85.0,hit,320.0,hit,4701.0,hit,4701.0,hit,7.800000000000011,18,True,False,False,False,,,,True,True,True,False,3.8499999999999908,,,True,True,True,False,3.8499999999999908,,,True,True,True,False,3.8499999999999908,305.0,2026-08-07T14:36:00-04:00,2.8000000000000114,6047.039999999955,4360.0,2026-08-10T10:11:00-04:00,2.5500000000000043,6547.039999999969,4361.0,2026-08-10T10:12:00-04:00,2.450000000000003,6747.039999999973,306.0,2026-08-07T14:37:00-04:00,5.300000000000011,1047.0399999999552,,,,,,,,,,,,,,,,,,,,,,,,,,,,,,,,,,,,,,,,,,,,,,,,,3622
2026-08-07,2026-08-10,3,7.0,2026-08-07T09:31:00-04:00,7.0,NDXP  260810P30180000,NDXP  260810P30170000,final_holdout,False,False,0,0,5,161,0,623,available,False,2026-08-07T09:31:00-04:00,2026-08-10T16:00:00-04:00,10.0,-6152.96,0.0,last_observed_quote_not_settlement,3916.0,515,6,9.050000000000068,-4352.960000000137,2026-08-07T09:32:00-04:00,0.0,8.899999999999977,-4052.9599999999555,2026-08-07T09:33:00-04:00,0.0,7.349999999999909,-952.9599999998175,2026-08-07T09:36:00-04:00,0.0,9.049999999999955,-4352.95999999991,2026-08-07T09:41:00-04:00,0.0,8.850000000000023,-3952.9600000000464,2026-08-07T09:46:00-04:00,0.0,,,2026-08-07T09:58:00-04:00,180.0,9.149999999999977,-4552.9599999999555,2026-08-07T10:31:00-04:00,0.0,9.050000000000011,-4352.960000000024,2026-08-07T11:31:00-04:00,0.0,9.199999999999989,-4652.959999999978,2026-08-07T16:00:00-04:00,0.0,,,2026-08-07T16:15:00-04:00,85500.0,,,2026-08-07T16:15:00-04:00,171900.0,10.0,-6152.96,2026-08-10T16:00:00-04:00,0.0,,never_hit,,never_hit,,never_hit,,never_hit,,never_hit,,never_hit,,never_hit,1.0,hit,1.0,hit,0.0,hit,1.0,hit,1.0,hit,6.0,hit,,,True,True,True,False,0.2999999999999545,,,True,True,True,False,0.2999999999999545,,,True,True,True,False,0.2999999999999545,,,True,True,True,False,0.2999999999999545,,,,,,,,,,,,,,,,,,,,,,,,,,,,,,,,,,,,,,,,,,,,,,,,,,,,,,,,,,,,,,,,,3623
2026-08-10,2026-08-12,2,5.0,2026-08-10T09:31:00-04:00,5.0,NDXP  260812P29700000,NDXP  260812P29690000,final_holdout,False,False,0,0,3,0,0,1195,available,False,2026-08-10T09:31:00-04:00,2026-08-12T15:59:00-04:00,0.32500000000000007,9097.04,1.0,last_observed_quote_not_settlement,1036.0,484,117,4.25,1247.0400000000006,2026-08-10T09:32:00-04:00,0.0,4.550000000000011,647.0399999999779,2026-08-10T09:33:00-04:00,0.0,4.799999999999983,147.0400000000348,2026-08-10T09:36:00-04:00,0.0,5.399999999999977,-1052.9599999999539,2026-08-10T09:41:00-04:00,0.0,4.9500000000000455,-152.96000000009025,2026-08-10T09:46:00-04:00,0.0,4.699999999999989,347.04000000002344,2026-08-10T10:01:00-04:00,0.0,4.150000000000006,1447.0399999999893,2026-08-10T10:31:00-04:00,0.0,5.0,-252.9599999999993,2026-08-10T11:31:00-04:00,0.0,5.25,-752.9599999999994,2026-08-10T16:00:00-04:00,0.0,6.5,-3252.959999999999,2026-08-11T16:00:00-04:00,0.0,,,2026-08-12T15:59:00-04:00,60.0,,,,,0.0,hit,0.0,hit,29.0,hit,2880.0,hit,2880.0,hit,3069.0,hit,3086.0,hit,23.0,hit,379.0,hit,1538.0,hit,1741.0,hit,1741.0,hit,1789.0,hit,9.800000000000011,484,True,True,True,True,,9.800000000000011,484,True,True,True,True,,9.800000000000011,484,True,True,True,True,,9.800000000000011,484,True,True,True,True,,2880.0,2026-08-12T09:31:00-04:00,1.9500000000000028,5847.039999999995,2881.0,2026-08-12T09:32:00-04:00,2.450000000000003,4847.039999999995,2888.0,2026-08-12T09:39:00-04:00,2.8999999999999986,3947.0400000000036,2881.0,2026-08-12T09:32:00-04:00,2.450000000000003,4847.039999999995,2898.0,2026-08-12T09:49:00-04:00,1.75,6247.040000000001,2899.0,2026-08-12T09:50:00-04:00,1.6499999999999986,6447.040000000004,2956.0,2026-08-12T10:47:00-04:00,1.9499999999999993,5847.040000000002,2899.0,2026-08-12T09:50:00-04:00,1.6499999999999986,6447.040000000004,3069.0,2026-08-12T12:40:00-04:00,0.8999999999999986,7947.040000000004,3081.0,2026-08-12T12:52:00-04:00,0.7000000000000002,8347.04,3082.0,2026-08-12T12:53:00-04:00,0.8999999999999995,7947.040000000002,3070.0,2026-08-12T12:41:00-04:00,1.549999999999999,6647.040000000003,3086.0,2026-08-12T12:57:00-04:00,0.34999999999999964,9047.040000000003,3134.0,2026-08-12T13:45:00-04:00,0.3250000000000002,9097.04,3135.0,2026-08-12T13:46:00-04:00,0.40000000000000036,8947.04,3087.0,2026-08-12T12:58:00-04:00,0.6500000000000004,8447.04,3624
2026-08-10,2026-08-12,2,6.0,2026-08-10T09:31:00-04:00,5.949999999999989,NDXP  260812P29800000,NDXP  260812P29790000,final_holdout,False,False,0,0,1,6,0,1194,available,False,2026-08-10T09:31:00-04:00,2026-08-12T15:59:00-04:00,9.850000000000001,-8052.960000000026,1.0,last_observed_quote_not_settlement,1036.0,640,186,5.5,647.0399999999779,2026-08-10T09:32:00-04:00,0.0,5.25,1147.039999999978,2026-08-10T09:33:00-04:00,0.0,6.400000000000034,-1152.9600000000903,2026-08-10T09:36:00-04:00,0.0,7.0499999999999545,-2452.959999999931,2026-08-10T09:41:00-04:00,0.0,6.0,-352.96000000002203,2026-08-10T09:46:00-04:00,0.0,5.550000000000011,547.0399999999552,2026-08-10T10:01:00-04:00,0.0,5.350000000000023,947.0399999999324,2026-08-10T10:31:00-04:00,0.0,5.900000000000006,-152.9600000000334,2026-08-10T11:31:00-04:00,0.0,7.199999999999989,-2752.959999999999,2026-08-10T16:00:00-04:00,0.0,,,2026-08-11T15:59:00-04:00,60.0,,,2026-08-12T15:59:00-04:00,60.0,,,,,1.0,hit,8.0,hit,9.0,hit,182.0,hit,182.0,hit,,never_hit,,never_hit,4.0,hit,4.0,hit,4.0,hit,1456.0,hit,1456.0,hit,3234.0,hit,7.949999999999989,26,True,False,False,False,,7.949999999999989,26,True,False,False,False,,,,True,True,True,False,3.999999999999943,,,True,True,True,False,3.999999999999943,182.0,2026-08-10T12:33:00-04:00,1.9500000000000455,7747.039999999887,,,,,,,,,183.0,2026-08-10T12:34:00-04:00,7.0,-2352.960000000022,,,,,,,,,,,,,,,,,,,,,,,,,,,,,,,,,,,,,,,,,,,,,,,,,3625
2026-08-10,2026-08-12,2,7.0,2026-08-10T09:31:00-04:00,6.899999999999977,NDXP  260812P29970000,NDXP  260812P29960000,final_holdout,False,False,0,0,4,59,0,1136,available,False,2026-08-10T09:31:00-04:00,2026-08-12T16:00:00-04:00,9.200000000000017,-4852.960000000081,0.0,last_observed_quote_not_settlement,1036.0,1005,77,5.050000000000011,3447.0399999999327,2026-08-10T09:32:00-04:00,0.0,6.149999999999977,1247.0400000000006,2026-08-10T09:33:00-04:00,0.0,7.149999999999977,-752.9599999999994,2026-08-10T09:36:00-04:00,0.0,7.300000000000011,-1052.9600000000676,2026-08-10T09:41:00-04:00,0.0,6.100000000000023,1347.0399999999097,2026-08-10T09:46:00-04:00,0.0,7.050000000000068,-552.9600000001813,2026-08-10T10:01:00-04:00,0.0,6.699999999999932,147.04000000009165,2026-08-10T10:31:00-04:00,0.0,7.399999999999977,-1252.9599999999994,2026-08-10T11:31:00-04:00,0.0,7.800000000000068,-2052.960000000181,2026-08-10T16:00:00-04:00,0.0,,,2026-08-11T15:59:00-04:00,60.0,9.200000000000017,-4852.960000000081,2026-08-12T16:00:00-04:00,0.0,,,,,1.0,hit,6.0,hit,,never_hit,,never_hit,,never_hit,,never_hit,,never_hit,3.0,hit,8.0,hit,3.0,hit,38.0,hit,45.0,hit,45.0,hit,,,True,True,True,False,2.6999999999999886,,,True,True,True,False,2.6999999999999886,,,True,True,True,False,2.6999999999999886,,,True,True,True,False,2.6999999999999886,,,,,,,,,,,,,,,,,,,,,,,,,,,,,,,,,,,,,,,,,,,,,,,,,,,,,,,,,,,,,,,,,3626
2026-08-10,2026-08-13,3,5.0,2026-08-10T09:31:00-04:00,5.0,NDXP  260813P29870000,NDXP  260813P29860000,final_holdout,False,False,0,0,71,70,0,1456,available,False,2026-08-10T09:31:00-04:00,2026-08-13T15:24:00-04:00,0.0,9747.04,36.0,last_observed_quote_not_settlement,1036.0,1116,67,,,2026-08-10T09:31:00-04:00,60.0,5.7000000000000455,-1652.9600000000903,2026-08-10T09:33:00-04:00,0.0,7.599999999999966,-5452.959999999931,2026-08-10T09:36:00-04:00,0.0,6.5499999999999545,-3352.959999999908,2026-08-10T09:41:00-04:00,0.0,,,2026-08-10T09:45:00-04:00,60.0,6.0499999999999545,-2352.959999999908,2026-08-10T10:01:00-04:00,0.0,5.600000000000023,-1452.9600000000448,2026-08-10T10:31:00-04:00,0.0,7.699999999999932,-5652.959999999863,2026-08-10T11:31:00-04:00,0.0,2.949999999999932,3847.0400000001373,2026-08-10T16:00:00-04:00,0.0,9.849999999999966,-9952.959999999932,2026-08-11T16:00:00-04:00,0.0,6.349999999999994,-2952.9599999999878,2026-08-12T16:00:00-04:00,0.0,,,2026-08-13T15:24:00-04:00,2160.0,0.0,hit,0.0,hit,4.0,hit,4.0,hit,34.0,hit,168.0,hit,4368.0,hit,2.0,hit,5.0,hit,5.0,hit,6.0,hit,6.0,hit,21.0,hit,5.7000000000000455,1,False,False,False,False,,9.5,25,True,True,True,True,,9.5,145,True,True,True,True,,9.999999999999943,1116,True,True,True,True,,4.0,2026-08-10T09:35:00-04:00,2.25,5247.040000000001,35.0,2026-08-10T10:06:00-04:00,1.849999999999966,6047.040000000069,170.0,2026-08-10T12:21:00-04:00,1.8000000000000682,6147.039999999864,5.0,2026-08-10T09:36:00-04:00,7.599999999999966,-5452.959999999931,35.0,2026-08-10T10:06:00-04:00,1.849999999999966,6047.040000000069,4338.0,2026-08-13T09:49:00-04:00,1.5500000000000007,6647.039999999999,4339.0,2026-08-13T09:50:00-04:00,1.6000000000000014,6547.039999999998,36.0,2026-08-10T10:07:00-04:00,5.599999999999909,-1452.9599999998175,168.0,2026-08-10T12:19:00-04:00,0.5500000000000114,8647.039999999979,4364.0,2026-08-13T10:15:00-04:00,0.6500000000000004,8447.04,4368.0,2026-08-13T10:19:00-04:00,0.25,9247.04,169.0,2026-08-10T12:20:00-04:00,2.4500000000000455,4847.03999999991,4368.0,2026-08-13T10:19:00-04:00,0.25,9247.04,4377.0,2026-08-13T10:28:00-04:00,0.4499999999999993,8847.040000000003,4390.0,2026-08-13T10:41:00-04:00,0.40000000000000036,8947.04,4369.0,2026-08-13T10:20:00-04:00,0.5500000000000007,8647.04,3627
2026-08-10,2026-08-13,3,6.0,2026-08-10T09:31:00-04:00,5.9500000000000455,NDXP  260813P30300000,NDXP  260813P30290000,final_holdout,False,False,0,0,14,174,0,1399,available,False,2026-08-10T09:31:00-04:00,2026-08-13T16:00:00-04:00,9.600000000000023,-7552.9599999999555,0.0,last_observed_quote_not_settlement,1038.0,1231,12,8.300000000000068,-4952.960000000046,2026-08-10T09:32:00-04:00,0.0,8.299999999999955,-4952.959999999819,2026-08-10T09:33:00-04:00,0.0,8.650000000000091,-5652.960000000092,2026-08-10T09:36:00-04:00,0.0,9.049999999999955,-6452.959999999819,2026-08-10T09:41:00-04:00,0.0,9.350000000000136,-7052.960000000183,2026-08-10T09:46:00-04:00,0.0,8.5,-5352.95999999991,2026-08-10T10:01:00-04:00,0.0,8.350000000000023,-5052.9599999999555,2026-08-10T10:31:00-04:00,0.0,8.850000000000136,-6052.960000000183,2026-08-10T11:31:00-04:00,0.0,9.100000000000136,-6552.960000000183,2026-08-10T16:00:00-04:00,0.0,,,2026-08-11T15:59:00-04:00,60.0,9.550000000000068,-7452.960000000046,2026-08-12T16:00:00-04:00,0.0,9.600000000000023,-7552.9599999999555,2026-08-13T16:00:00-04:00,0.0,2884.0,hit,2884.0,hit,4343.0,hit,4345.0,hit,4706.0,hit,4706.0,hit,,never_hit,1.0,hit,1.0,hit,1.0,hit,1.0,hit,6.0,hit,6.0,hit,10.0,977,True,True,True,True,,10.0,1231,True,True,True,True,,10.0,1231,True,True,True,True,,,,True,True,True,False,5.150000000000034,4345.0,2026-08-13T09:56:00-04:00,2.8000000000000114,6047.040000000069,,,,,,,,,4346.0,2026-08-13T09:57:00-04:00,9.900000000000006,-8152.959999999922,4706.0,2026-08-13T15:57:00-04:00,0.8000000000000114,10047.04000000007,,,,,,,,,4707.0,2026-08-13T15:58:00-04:00,8.400000000000006,-5152.959999999922,4706.0,2026-08-13T15:57:00-04:00,0.8000000000000114,10047.04000000007,,,,,,,,,4707.0,2026-08-13T15:58:00-04:00,8.400000000000006,-5152.959999999922,,,,,,,,,,,,,,,,,3628
2026-08-10,2026-08-13,3,7.0,2026-08-10T09:31:00-04:00,6.999999999999943,NDXP  260813P29890000,NDXP  260813P29880000,final_holdout,False,False,0,0,42,60,0,1457,available,False,2026-08-10T09:31:00-04:00,2026-08-13T15:46:00-04:00,0.04999999999999993,13647.039999999888,14.0,last_observed_quote_not_settlement,1036.0,408,184,6.100000000000023,1547.0399999998415,2026-08-10T09:32:00-04:00,0.0,9.650000000000034,-5552.960000000183,2026-08-10T09:33:00-04:00,0.0,6.600000000000023,547.0399999998415,2026-08-10T09:36:00-04:00,0.0,6.400000000000034,947.0399999998187,2026-08-10T09:41:00-04:00,0.0,7.75,-1752.960000000113,2026-08-10T09:46:00-04:00,0.0,6.999999999999943,-252.9599999999993,2026-08-10T10:01:00-04:00,0.0,5.650000000000034,2447.039999999819,2026-08-10T10:31:00-04:00,0.0,5.949999999999989,1847.0399999999097,2026-08-10T11:31:00-04:00,0.0,7.399999999999977,-1052.9600000000676,2026-08-10T16:00:00-04:00,0.0,8.0,-2252.9600000001146,2026-08-11T16:00:00-04:00,0.0,6.550000000000011,647.0399999998642,2026-08-12T16:00:00-04:00,0.0,,,2026-08-13T15:46:00-04:00,840.0,8.0,hit,8.0,hit,54.0,hit,54.0,hit,147.0,hit,4350.0,hit,4379.0,hit,2.0,hit,2.0,hit,2.0,hit,2.0,hit,2.0,hit,2.0,hit,9.650000000000034,11,True,True,True,True,,9.650000000000034,20,True,True,True,True,,10.0,408,True,True,True,True,,10.0,408,True,True,True,True,,54.0,2026-08-10T10:25:00-04:00,2.5500000000000114,8647.039999999864,148.0,2026-08-10T11:59:00-04:00,1.25,11247.039999999888,4338.0,2026-08-13T09:49:00-04:00,1.9499999999999993,9847.03999999989,55.0,2026-08-10T10:26:00-04:00,8.099999999999966,-2452.9600000000464,147.0,2026-08-10T11:58:00-04:00,1.9499999999999886,9847.03999999991,148.0,2026-08-10T11:59:00-04:00,1.25,11247.039999999888,4340.0,2026-08-13T09:51:00-04:00,1.5,10747.039999999888,148.0,2026-08-10T11:59:00-04:00,1.25,11247.039999999888,4350.0,2026-08-13T10:01:00-04:00,0.9499999999999993,11847.03999999989,4362.0,2026-08-13T10:13:00-04:00,0.6500000000000004,12447.039999999888,4372.0,2026-08-13T10:23:00-04:00,0.9000000000000021,11947.039999999884,4351.0,2026-08-13T10:02:00-04:00,1.25,11247.039999999888,4379.0,2026-08-13T10:30:00-04:00,0.40000000000000036,12947.039999999888,4380.0,2026-08-13T10:31:00-04:00,0.2999999999999998,13147.039999999888,4381.0,2026-08-13T10:32:00-04:00,0.2500000000000009,13247.039999999886,4380.0,2026-08-13T10:31:00-04:00,0.2999999999999998,13147.039999999888,3629
2026-08-11,2026-08-13,2,5.0,2026-08-11T09:31:00-04:00,4.849999999999966,NDXP  260813P29760000,NDXP  260813P29750000,final_holdout,False,False,0,0,69,10,0,1047,available,False,2026-08-11T09:31:00-04:00,2026-08-13T14:27:00-04:00,0.025000000000000022,9397.039999999932,93.0,last_observed_quote_not_settlement,1036.0,420,44,5.949999999999989,-2452.9600000000446,2026-08-11T09:32:00-04:00,0.0,5.800000000000011,-2152.96000000009,2026-08-11T09:33:00-04:00,0.0,3.3000000000000114,2847.03999999991,2026-08-11T09:36:00-04:00,0.0,6.199999999999932,-2952.959999999931,2026-08-11T09:41:00-04:00,0.0,5.099999999999966,-752.9599999999994,2026-08-11T09:46:00-04:00,0.0,6.400000000000034,-3352.9600000001356,2026-08-11T10:01:00-04:00,0.0,6.0,-2552.9600000000673,2026-08-11T10:31:00-04:00,0.0,5.150000000000006,-852.9600000000789,2026-08-11T11:31:00-04:00,0.0,5.300000000000068,-1152.960000000204,2026-08-11T16:00:00-04:00,0.0,4.549999999999997,347.0399999999382,2026-08-12T16:00:00-04:00,0.0,,,2026-08-13T14:27:00-04:00,5580.0,,,,,0.0,hit,0.0,hit,5.0,hit,2884.0,hit,2886.0,hit,2895.0,hit,2905.0,hit,1.0,hit,1.0,hit,6.0,hit,6.0,hit,8.0,hit,159.0,hit,10.0,420,True,True,True,True,,10.0,420,True,True,True,True,,10.0,420,True,True,True,True,,10.0,420,True,True,True,True,,2884.0,2026-08-13T09:35:00-04:00,2.5999999999999943,4247.039999999944,2885.0,2026-08-13T09:36:00-04:00,2.4499999999999957,4547.039999999941,2886.0,2026-08-13T09:37:00-04:00,1.6000000000000014,6247.03999999993,2885.0,2026-08-13T09:36:00-04:00,2.4499999999999957,4547.039999999941,2886.0,2026-08-13T09:37:00-04:00,1.6000000000000014,6247.03999999993,2887.0,2026-08-13T09:38:00-04:00,1.8000000000000007,5847.039999999931,2888.0,2026-08-13T09:39:00-04:00,1.6500000000000021,6147.039999999928,2887.0,2026-08-13T09:38:00-04:00,1.8000000000000007,5847.039999999931,2896.0,2026-08-13T09:47:00-04:00,0.8499999999999996,7747.039999999934,2897.0,2026-08-13T09:48:00-04:00,0.9499999999999993,7547.039999999934,2898.0,2026-08-13T09:49:00-04:00,0.7999999999999972,7847.039999999938,2897.0,2026-08-13T09:48:00-04:00,0.9499999999999993,7547.039999999934,2905.0,2026-08-13T09:56:00-04:00,0.40000000000000036,8647.039999999932,2920.0,2026-08-13T10:11:00-04:00,0.35000000000000053,8747.039999999932,2921.0,2026-08-13T10:12:00-04:00,0.20000000000000018,9047.039999999934,2906.0,2026-08-13T09:57:00-04:00,0.5500000000000007,8347.039999999932,3630
2026-08-11,2026-08-13,2,6.0,2026-08-11T09:31:00-04:00,6.0,NDXP  260813P29790000,NDXP  260813P29780000,final_holdout,False,False,0,0,20,41,0,1044,available,False,2026-08-11T09:31:00-04:00,2026-08-13T14:18:00-04:00,0.024999999999999967,11697.04,102.0,last_observed_quote_not_settlement,1036.0,285,79,6.5499999999999545,-1352.9599999999084,2026-08-11T09:32:00-04:00,0.0,5.650000000000034,447.0399999999325,2026-08-11T09:33:00-04:00,0.0,7.2000000000000455,-2652.96000000009,2026-08-11T09:36:00-04:00,0.0,8.399999999999977,-5052.9599999999555,2026-08-11T09:41:00-04:00,0.0,5.7000000000000455,347.03999999990975,2026-08-11T09:46:00-04:00,0.0,6.400000000000034,-1052.9600000000676,2026-08-11T10:01:00-04:00,0.0,5.94999999999996,-152.95999999991972,2026-08-11T10:31:00-04:00,0.0,6.600000000000023,-1452.9600000000448,2026-08-11T11:31:00-04:00,0.0,7.7999999999999545,-3852.959999999908,2026-08-11T16:00:00-04:00,0.0,3.799999999999997,4147.040000000006,2026-08-12T16:00:00-04:00,0.0,,,2026-08-13T14:18:00-04:00,6120.0,,,,,13.0,hit,17.0,hit,343.0,hit,343.0,hit,2888.0,hit,2898.0,hit,2912.0,hit,1.0,hit,5.0,hit,5.0,hit,10.0,hit,314.0,hit,314.0,hit,9.799999999999955,249,True,True,True,True,,9.799999999999955,285,True,True,True,True,,9.799999999999955,285,True,True,True,True,,9.799999999999955,285,True,True,True,True,,343.0,2026-08-11T15:14:00-04:00,2.949999999999932,5847.040000000137,369.0,2026-08-11T15:40:00-04:00,2.599999999999909,6547.040000000183,2887.0,2026-08-13T09:38:00-04:00,2.0500000000000007,7647.039999999999,344.0,2026-08-11T15:15:00-04:00,8.800000000000068,-5852.960000000137,2890.0,2026-08-13T09:41:00-04:00,1.4000000000000021,8947.039999999997,2896.0,2026-08-13T09:47:00-04:00,1.4000000000000021,8947.039999999997,2897.0,2026-08-13T09:48:00-04:00,1.1000000000000014,9547.039999999999,2891.0,2026-08-13T09:42:00-04:00,2.1000000000000014,7547.039999999998,2899.0,2026-08-13T09:50:00-04:00,0.6500000000000004,10447.04,2900.0,2026-08-13T09:51:00-04:00,0.7999999999999989,10147.040000000005,2901.0,2026-08-13T09:52:00-04:00,0.8499999999999996,10047.040000000003,2900.0,2026-08-13T09:51:00-04:00,0.7999999999999989,10147.040000000005,2912.0,2026-08-13T10:03:00-04:00,0.40000000000000036,10947.04,2922.0,2026-08-13T10:13:00-04:00,0.40000000000000036,10947.04,2923.0,2026-08-13T10:14:00-04:00,0.34999999999999964,11047.040000000003,2913.0,2026-08-13T10:04:00-04:00,0.5500000000000007,10647.04,3631
2026-08-11,2026-08-13,2,7.0,2026-08-11T09:31:00-04:00,6.949999999999932,NDXP  260813P30170000,NDXP  260813P30160000,final_holdout,False,False,0,0,6,73,0,1118,available,False,2026-08-11T09:31:00-04:00,2026-08-13T15:59:00-04:00,9.600000000000009,-5552.960000000155,1.0,last_observed_quote_not_settlement,1038.0,927,79,8.600000000000023,-3552.960000000183,2026-08-11T09:32:00-04:00,0.0,8.5,-3352.9600000001374,2026-08-11T09:33:00-04:00,0.0,8.0,-2352.9600000001374,2026-08-11T09:36:00-04:00,0.0,8.700000000000045,-3752.9600000002283,2026-08-11T09:41:00-04:00,0.0,9.399999999999977,-5152.960000000092,2026-08-11T09:46:00-04:00,0.0,8.799999999999955,-3952.9600000000464,2026-08-11T10:01:00-04:00,0.0,8.849999999999909,-4052.9599999999555,2026-08-11T10:31:00-04:00,0.0,9.100000000000136,-4552.96000000041,2026-08-11T11:31:00-04:00,0.0,6.649999999999977,347.03999999990975,2026-08-11T16:00:00-04:00,0.0,9.550000000000011,-5452.96000000016,2026-08-12T16:00:00-04:00,0.0,,,2026-08-13T15:59:00-04:00,60.0,,,,,2925.0,hit,2927.0,hit,2977.0,hit,,never_hit,,never_hit,,never_hit,,never_hit,1.0,hit,1.0,hit,1.0,hit,1.0,hit,15.0,hit,33.0,hit,,,True,True,True,False,3.2999999999999403,,,True,True,True,False,3.2999999999999403,,,True,True,True,False,3.2999999999999403,,,True,True,True,False,3.2999999999999403,,,,,,,,,,,,,,,,,,,,,,,,,,,,,,,,,,,,,,,,,,,,,,,,,,,,,,,,,,,,,,,,,3632
2026-08-11,2026-08-14,3,5.0,2026-08-11T09:31:00-04:00,5.0,NDXP  260814P29770000,NDXP  260814P29760000,final_holdout,False,False,0,0,14,29,0,1512,available,False,2026-08-11T09:31:00-04:00,2026-08-14T15:11:00-04:00,0.024999999999999994,9697.04,49.0,last_observed_quote_not_settlement,1036.0,361,42,5.449999999999989,-1152.9599999999766,2026-08-11T09:32:00-04:00,0.0,5.600000000000023,-1452.9600000000448,2026-08-11T09:33:00-04:00,0.0,0.7000000000000455,8347.03999999991,2026-08-11T09:36:00-04:00,0.0,5.449999999999989,-1152.9599999999766,2026-08-11T09:41:00-04:00,0.0,0.9500000000000455,7847.03999999991,2026-08-11T09:46:00-04:00,0.0,5.399999999999977,-1052.9599999999539,2026-08-11T10:01:00-04:00,0.0,5.75,-1752.9599999999994,2026-08-11T10:31:00-04:00,0.0,6.25,-2752.959999999999,2026-08-11T11:31:00-04:00,0.0,6.250000000000057,-2752.960000000113,2026-08-11T16:00:00-04:00,0.0,4.550000000000011,647.0399999999779,2026-08-12T16:00:00-04:00,0.0,0.9499999999999993,7847.040000000002,2026-08-13T16:00:00-04:00,0.0,,,2026-08-14T15:11:00-04:00,2940.0,0.0,hit,0.0,hit,5.0,hit,5.0,hit,5.0,hit,5.0,hit,3144.0,hit,2.0,hit,11.0,hit,17.0,hit,111.0,hit,378.0,hit,378.0,hit,5.600000000000023,4,False,False,False,False,,5.600000000000023,4,False,False,False,False,,5.600000000000023,4,False,False,False,False,,9.850000000000023,361,True,True,True,True,,5.0,2026-08-11T09:36:00-04:00,0.7000000000000455,8347.03999999991,102.0,2026-08-11T11:13:00-04:00,1.8000000000000114,6147.039999999978,2888.0,2026-08-13T09:39:00-04:00,2.6000000000000014,4547.039999999998,6.0,2026-08-11T09:37:00-04:00,4.399999999999977,947.0400000000461,5.0,2026-08-11T09:36:00-04:00,0.7000000000000455,8347.03999999991,102.0,2026-08-11T11:13:00-04:00,1.8000000000000114,6147.039999999978,2898.0,2026-08-13T09:49:00-04:00,1.7000000000000028,6347.039999999995,6.0,2026-08-11T09:37:00-04:00,4.399999999999977,947.0400000000461,5.0,2026-08-11T09:36:00-04:00,0.7000000000000455,8347.03999999991,2957.0,2026-08-13T10:48:00-04:00,0.8999999999999986,7947.040000000004,2992.0,2026-08-13T11:23:00-04:00,0.8999999999999986,7947.040000000004,6.0,2026-08-11T09:37:00-04:00,4.399999999999977,947.0400000000461,3144.0,2026-08-13T13:55:00-04:00,0.20000000000000284,9347.039999999995,3145.0,2026-08-13T13:56:00-04:00,0.3000000000000007,9147.04,3146.0,2026-08-13T13:57:00-04:00,0.3000000000000007,9147.04,3145.0,2026-08-13T13:56:00-04:00,0.3000000000000007,9147.04,3633
2026-08-11,2026-08-14,3,6.0,2026-08-11T09:31:00-04:00,6.0499999999999545,NDXP  260814P29940000,NDXP  260814P29930000,final_holdout,False,False,0,0,15,18,0,1553,available,False,2026-08-11T09:31:00-04:00,2026-08-14T15:57:00-04:00,0.10000000000000006,11647.03999999991,3.0,last_observed_quote_not_settlement,1036.0,624,99,7.199999999999989,-2552.9600000000673,2026-08-11T09:32:00-04:00,0.0,8.549999999999955,-5252.960000000001,2026-08-11T09:33:00-04:00,0.0,7.400000000000034,-2952.9600000001583,2026-08-11T09:36:00-04:00,0.0,7.050000000000011,-2252.960000000113,2026-08-11T09:41:00-04:00,0.0,7.300000000000011,-2752.960000000113,2026-08-11T09:46:00-04:00,0.0,6.5499999999999545,-1252.9599999999994,2026-08-11T10:01:00-04:00,0.0,6.899999999999977,-1952.9600000000448,2026-08-11T10:31:00-04:00,0.0,7.349999999999966,-2852.960000000022,2026-08-11T11:31:00-04:00,0.0,4.199999999999989,3447.0399999999327,2026-08-11T16:00:00-04:00,0.0,6.450000000000017,-1052.9600000001244,2026-08-12T16:00:00-04:00,0.0,2.549999999999997,6747.039999999915,2026-08-13T16:00:00-04:00,0.0,,,2026-08-14T15:57:00-04:00,180.0,18.0,hit,18.0,hit,38.0,hit,83.0,hit,2940.0,hit,4334.0,hit,4675.0,hit,1.0,hit,1.0,hit,1.0,hit,2.0,hit,66.0,hit,79.0,hit,9.900000000000034,63,True,True,True,True,,9.900000000000034,624,True,True,True,True,,9.900000000000034,624,True,True,True,True,,9.900000000000034,624,True,True,True,True,,83.0,2026-08-11T10:54:00-04:00,2.4500000000000455,6947.039999999819,2909.0,2026-08-13T10:00:00-04:00,2.799999999999997,6247.039999999915,2910.0,2026-08-13T10:01:00-04:00,2.700000000000017,6447.039999999875,84.0,2026-08-11T10:55:00-04:00,5.949999999999989,-52.9600000000675,2995.0,2026-08-13T11:26:00-04:00,1.8500000000000014,8147.039999999907,3211.0,2026-08-13T15:02:00-04:00,1.8500000000000014,8147.039999999907,3212.0,2026-08-13T15:03:00-04:00,1.8500000000000014,8147.039999999907,2996.0,2026-08-13T11:27:00-04:00,2.299999999999997,7247.039999999915,4335.0,2026-08-14T09:46:00-04:00,0.8499999999999996,10147.039999999912,4338.0,2026-08-14T09:49:00-04:00,0.75,10347.03999999991,4352.0,2026-08-14T10:03:00-04:00,0.8499999999999996,10147.039999999912,4336.0,2026-08-14T09:47:00-04:00,1.1499999999999986,9547.039999999914,4675.0,2026-08-14T15:26:00-04:00,0.4249999999999998,10997.039999999912,4683.0,2026-08-14T15:34:00-04:00,0.2749999999999999,11297.03999999991,4684.0,2026-08-14T15:35:00-04:00,0.20000000000000007,11447.03999999991,4676.0,2026-08-14T15:27:00-04:00,0.625,10597.03999999991,3634
2026-08-11,2026-08-14,3,7.0,2026-08-11T09:31:00-04:00,7.0499999999999545,NDXP  260814P29990000,NDXP  260814P29980000,final_holdout,False,False,0,0,10,14,0,1569,available,False,2026-08-11T09:31:00-04:00,2026-08-14T15:59:00-04:00,0.125,13597.03999999991,1.0,last_observed_quote_not_settlement,1036.0,426,164,6.699999999999989,447.0399999999325,2026-08-11T09:32:00-04:00,0.0,6.050000000000011,1747.039999999887,2026-08-11T09:33:00-04:00,0.0,7.0499999999999545,-252.9599999999993,2026-08-11T09:36:00-04:00,0.0,7.050000000000011,-252.96000000011298,2026-08-11T09:41:00-04:00,0.0,7.449999999999989,-1052.9600000000676,2026-08-11T09:46:00-04:00,0.0,6.650000000000034,547.0399999998415,2026-08-11T10:01:00-04:00,0.0,5.050000000000011,3747.039999999887,2026-08-11T10:31:00-04:00,0.0,7.599999999999966,-1352.960000000022,2026-08-11T11:31:00-04:00,0.0,7.649999999999977,-1452.9600000000448,2026-08-11T16:00:00-04:00,0.0,7.349999999999966,-852.9600000000221,2026-08-12T16:00:00-04:00,0.0,3.0,7847.03999999991,2026-08-13T16:00:00-04:00,0.0,,,2026-08-14T15:59:00-04:00,60.0,60.0,hit,248.0,hit,1455.0,hit,1522.0,hit,4320.0,hit,4334.0,hit,4699.0,hit,11.0,hit,11.0,hit,0.0,hit,11.0,hit,214.0,hit,214.0,hit,9.999999999999886,331,True,True,True,True,,9.999999999999886,425,True,True,True,True,,9.999999999999886,425,True,True,True,True,,9.999999999999886,426,True,True,True,True,,1522.0,2026-08-12T10:53:00-04:00,2.75,8347.03999999991,2939.0,2026-08-13T10:30:00-04:00,2.799999999999997,8247.039999999917,2940.0,2026-08-13T10:31:00-04:00,2.799999999999997,8247.039999999917,1523.0,2026-08-12T10:54:00-04:00,4.350000000000023,5147.039999999864,4320.0,2026-08-14T09:31:00-04:00,1.8999999999999986,10047.039999999914,4321.0,2026-08-14T09:32:00-04:00,1.6000000000000014,10647.039999999908,4333.0,2026-08-14T09:44:00-04:00,1.4500000000000028,10947.039999999904,4321.0,2026-08-14T09:32:00-04:00,1.6000000000000014,10647.039999999908,4334.0,2026-08-14T09:45:00-04:00,0.9499999999999993,11947.039999999912,4700.0,2026-08-14T15:51:00-04:00,0.3999999999999999,13047.03999999991,4701.0,2026-08-14T15:52:00-04:00,0.35,13147.03999999991,4335.0,2026-08-14T09:46:00-04:00,1.2999999999999972,11247.039999999917,4699.0,2026-08-14T15:50:00-04:00,0.3999999999999999,13047.03999999991,4700.0,2026-08-14T15:51:00-04:00,0.3999999999999999,13047.03999999991,4701.0,2026-08-14T15:52:00-04:00,0.35,13147.03999999991,4700.0,2026-08-14T15:51:00-04:00,0.3999999999999999,13047.03999999991,3635
2026-08-12,2026-08-14,2,5.0,2026-08-12T09:31:00-04:00,5.000000000000028,NDXP  260814P29910000,NDXP  260814P29900000,final_holdout,False,False,0,0,15,10,0,1171,available,False,2026-08-12T09:31:00-04:00,2026-08-14T15:50:00-04:00,0.30000000000000004,9147.040000000059,10.0,last_observed_quote_not_settlement,1036.0,331,88,5.449999999999989,-1152.9599999999198,2026-08-12T09:32:00-04:00,0.0,5.299999999999983,-852.9599999999084,2026-08-12T09:33:00-04:00,0.0,5.5,-1252.9599999999425,2026-08-12T09:36:00-04:00,0.0,4.599999999999994,547.0400000000689,2026-08-12T09:41:00-04:00,0.0,5.699999999999989,-1652.9599999999198,2026-08-12T09:46:00-04:00,0.0,5.25,-752.9599999999425,2026-08-12T10:01:00-04:00,0.0,5.550000000000011,-1352.9599999999652,2026-08-12T10:31:00-04:00,0.0,6.050000000000011,-2352.959999999965,2026-08-12T11:31:00-04:00,0.0,6.900000000000006,-4052.9599999999537,2026-08-12T16:00:00-04:00,0.0,2.5,4747.040000000057,2026-08-13T16:00:00-04:00,0.0,,,2026-08-14T15:50:00-04:00,600.0,,,,,0.0,hit,10.0,hit,52.0,hit,1458.0,hit,1499.0,hit,2881.0,hit,2916.0,hit,3.0,hit,3.0,hit,11.0,hit,11.0,hit,294.0,hit,,never_hit,9.199999999999989,331,True,True,True,True,,9.199999999999989,331,True,True,True,True,,9.199999999999989,331,True,True,True,True,,9.199999999999989,331,True,True,True,True,,1458.0,2026-08-13T09:49:00-04:00,2.549999999999983,4647.040000000092,1461.0,2026-08-13T09:52:00-04:00,2.799999999999997,4147.040000000064,1462.0,2026-08-13T09:53:00-04:00,2.75,4247.040000000057,1459.0,2026-08-13T09:50:00-04:00,3.0,3747.0400000000577,1501.0,2026-08-13T10:32:00-04:00,1.8499999999999943,6047.040000000069,1502.0,2026-08-13T10:33:00-04:00,1.9000000000000057,5947.040000000046,1503.0,2026-08-13T10:34:00-04:00,1.9000000000000057,5947.040000000046,1502.0,2026-08-13T10:33:00-04:00,1.9000000000000057,5947.040000000046,2892.0,2026-08-14T09:43:00-04:00,0.9499999999999993,7847.040000000059,2893.0,2026-08-14T09:44:00-04:00,0.8499999999999996,8047.040000000058,2899.0,2026-08-14T09:50:00-04:00,0.8999999999999986,7947.04000000006,2893.0,2026-08-14T09:44:00-04:00,0.8499999999999996,8047.040000000058,3171.0,2026-08-14T14:22:00-04:00,0.39999999999999947,8947.040000000059,3172.0,2026-08-14T14:23:00-04:00,0.39999999999999947,8947.040000000059,3173.0,2026-08-14T14:24:00-04:00,0.39999999999999947,8947.040000000059,3172.0,2026-08-14T14:23:00-04:00,0.39999999999999947,8947.040000000059,3636
2026-08-12,2026-08-14,2,6.0,2026-08-12T09:31:00-04:00,5.900000000000006,NDXP  260814P30020000,NDXP  260814P30010000,final_holdout,False,False,0,0,4,10,0,1185,available,False,2026-08-12T09:31:00-04:00,2026-08-14T15:59:00-04:00,3.1999999999999993,5147.040000000014,1.0,last_observed_quote_not_settlement,1036.0,560,121,,,2026-08-12T09:31:00-04:00,60.0,7.100000000000023,-2652.9600000000332,2026-08-12T09:33:00-04:00,0.0,2.199999999999932,7147.040000000148,2026-08-12T09:36:00-04:00,0.0,7.399999999999977,-3252.9599999999423,2026-08-12T09:41:00-04:00,0.0,7.0499999999999545,-2552.959999999897,2026-08-12T09:46:00-04:00,0.0,5.800000000000011,-52.96000000001066,2026-08-12T10:01:00-04:00,0.0,4.25,3047.0400000000122,2026-08-12T10:31:00-04:00,0.0,7.2000000000000455,-2852.9600000000787,2026-08-12T11:31:00-04:00,0.0,7.649999999999977,-3752.9599999999423,2026-08-12T16:00:00-04:00,0.0,3.5,4547.040000000012,2026-08-13T16:00:00-04:00,0.0,,,2026-08-14T15:59:00-04:00,60.0,,,,,5.0,hit,5.0,hit,5.0,hit,5.0,hit,1678.0,hit,,never_hit,,never_hit,2.0,hit,2.0,hit,2.0,hit,6.0,hit,6.0,hit,6.0,hit,7.100000000000023,3,True,False,False,False,,9.949999999999989,344,True,True,True,True,,,,True,True,True,False,4.650000000000004,,,True,True,True,False,4.650000000000004,5.0,2026-08-12T09:36:00-04:00,2.199999999999932,7147.040000000148,1502.0,2026-08-13T10:33:00-04:00,2.8500000000000085,5847.039999999995,1503.0,2026-08-13T10:34:00-04:00,2.8499999999999943,5847.040000000024,6.0,2026-08-12T09:37:00-04:00,9.849999999999966,-8152.959999999922,1678.0,2026-08-13T13:29:00-04:00,1.9499999999999957,7647.040000000021,2894.0,2026-08-14T09:45:00-04:00,1.5500000000000043,8447.040000000005,2895.0,2026-08-14T09:46:00-04:00,1.6999999999999993,8147.040000000013,1679.0,2026-08-13T13:30:00-04:00,3.200000000000003,5147.040000000006,,,,,,,,,,,,,,,,,,,,,,,,,,,,,,,,,3637
2026-08-12,2026-08-14,2,7.0,2026-08-12T09:31:00-04:00,7.0,NDXP  260814P30090000,NDXP  260814P30080000,final_holdout,False,False,0,0,5,21,0,1171,available,False,2026-08-12T09:31:00-04:00,2026-08-14T16:00:00-04:00,8.700000000000003,-3652.960000000007,0.0,last_observed_quote_not_settlement,1036.0,617,53,7.100000000000023,-452.9600000000448,2026-08-12T09:32:00-04:00,0.0,7.050000000000068,-352.9600000001357,2026-08-12T09:33:00-04:00,0.0,7.399999999999977,-1052.9599999999539,2026-08-12T09:36:00-04:00,0.0,8.300000000000011,-2852.9600000000237,2026-08-12T09:41:00-04:00,0.0,7.399999999999977,-1052.9599999999539,2026-08-12T09:46:00-04:00,0.0,7.399999999999977,-1052.9599999999539,2026-08-12T10:01:00-04:00,0.0,7.350000000000023,-952.9600000000448,2026-08-12T10:31:00-04:00,0.0,8.100000000000023,-2452.9600000000464,2026-08-12T11:31:00-04:00,0.0,5.850000000000023,2047.0399999999554,2026-08-12T16:00:00-04:00,0.0,4.549999999999997,4647.040000000006,2026-08-13T16:00:00-04:00,0.0,8.700000000000003,-3652.960000000007,2026-08-14T16:00:00-04:00,0.0,,,,,19.0,hit,19.0,hit,1498.0,hit,2880.0,hit,,never_hit,,never_hit,,never_hit,3.0,hit,10.0,hit,0.0,hit,10.0,hit,233.0,hit,233.0,hit,9.899999999999977,364,True,True,True,True,,,,True,True,True,False,4.599999999999998,,,True,True,True,False,4.599999999999998,,,True,True,True,False,4.599999999999998,2894.0,2026-08-14T09:45:00-04:00,2.700000000000003,8347.039999999995,2895.0,2026-08-14T09:46:00-04:00,2.8500000000000014,8047.039999999998,2916.0,2026-08-14T10:07:00-04:00,2.6000000000000014,8547.039999999999,2895.0,2026-08-14T09:46:00-04:00,2.8500000000000014,8047.039999999998,,,,,,,,,,,,,,,,,,,,,,,,,,,,,,,,,,,,,,,,,,,,,,,,,3638
2026-08-14,2026-08-17,3,5.0,2026-08-14T09:31:00-04:00,5.100000000000023,NDXP  260817P30160000,NDXP  260817P30150000,final_holdout,False,False,0,0,14,40,0,737,available,False,2026-08-14T09:31:00-04:00,2026-08-17T15:58:00-04:00,9.650000000000034,-9352.960000000023,2.0,last_observed_quote_not_settlement,3916.0,597,49,4.75,447.0400000000462,2026-08-14T09:32:00-04:00,0.0,4.800000000000011,347.04000000002344,2026-08-14T09:33:00-04:00,0.0,5.349999999999994,-752.9599999999425,2026-08-14T09:36:00-04:00,0.0,5.25,-552.9599999999539,2026-08-14T09:41:00-04:00,0.0,4.549999999999997,847.0400000000518,2026-08-14T09:46:00-04:00,0.0,5.000000000000014,-52.95999999998224,2026-08-14T10:01:00-04:00,0.0,6.349999999999994,-2752.9599999999423,2026-08-14T10:31:00-04:00,0.0,7.5,-5052.959999999954,2026-08-14T11:31:00-04:00,0.0,6.349999999999994,-2752.9599999999423,2026-08-14T16:00:00-04:00,0.0,,,2026-08-14T16:15:00-04:00,85500.0,,,2026-08-14T16:15:00-04:00,171900.0,,,2026-08-17T15:58:00-04:00,120.0,0.0,hit,1.0,hit,52.0,hit,4367.0,hit,,never_hit,,never_hit,,never_hit,7.0,hit,56.0,hit,109.0,hit,111.0,hit,111.0,hit,111.0,hit,9.900000000000006,366,True,True,True,True,,,,True,True,True,False,2.5500000000000256,,,True,True,True,False,2.5500000000000256,,,True,True,True,False,2.5500000000000256,4367.0,2026-08-17T10:18:00-04:00,2.549999999999997,4847.040000000052,,,,,,,,,4368.0,2026-08-17T10:19:00-04:00,6.999999999999986,-4052.9599999999255,,,,,,,,,,,,,,,,,,,,,,,,,,,,,,,,,,,,,,,,,,,,,,,,,3639
2026-08-14,2026-08-17,3,6.0,2026-08-14T09:31:00-04:00,5.949999999999989,NDXP  260817P30280000,NDXP  260817P30270000,final_holdout,False,False,0,0,0,63,0,731,available,False,2026-08-14T09:31:00-04:00,2026-08-17T15:58:00-04:00,8.750000000000057,-5852.960000000137,2.0,last_observed_quote_not_settlement,3916.0,681,2,6.25,-852.9600000000221,2026-08-14T09:32:00-04:00,0.0,6.399999999999977,-1152.9599999999766,2026-08-14T09:33:00-04:00,0.0,6.949999999999989,-2252.959999999999,2026-08-14T09:36:00-04:00,0.0,6.599999999999994,-1552.9600000000107,2026-08-14T09:41:00-04:00,0.0,5.900000000000006,-152.9600000000334,2026-08-14T09:46:00-04:00,0.0,6.550000000000011,-1452.9600000000448,2026-08-14T10:01:00-04:00,0.0,8.100000000000023,-4552.960000000069,2026-08-14T10:31:00-04:00,0.0,8.549999999999955,-5452.959999999933,2026-08-14T11:31:00-04:00,0.0,8.299999999999983,-4952.95999999999,2026-08-14T16:00:00-04:00,0.0,,,2026-08-14T16:15:00-04:00,85500.0,,,2026-08-14T16:15:00-04:00,171900.0,,,2026-08-17T15:58:00-04:00,120.0,4556.0,hit,,never_hit,,never_hit,,never_hit,,never_hit,,never_hit,,never_hit,3.0,hit,5.0,hit,6.0,hit,56.0,hit,93.0,hit,137.0,hit,,,True,True,True,False,0.4500000000000455,,,True,True,True,False,0.4500000000000455,,,True,True,True,False,0.4500000000000455,,,True,True,True,False,0.4500000000000455,,,,,,,,,,,,,,,,,,,,,,,,,,,,,,,,,,,,,,,,,,,,,,,,,,,,,,,,,,,,,,,,,3640
2026-08-14,2026-08-17,3,7.0,2026-08-14T09:31:00-04:00,7.0,NDXP  260817P30340000,NDXP  260817P30330000,final_holdout,False,False,0,0,1,82,0,709,available,False,2026-08-14T09:31:00-04:00,2026-08-17T16:00:00-04:00,8.199999999999989,-2652.959999999978,0.0,last_observed_quote_not_settlement,3916.0,632,21,7.099999999999966,-452.9599999999311,2026-08-14T09:32:00-04:00,0.0,7.300000000000011,-852.9600000000221,2026-08-14T09:33:00-04:00,0.0,6.5,747.0400000000006,2026-08-14T09:36:00-04:00,0.0,6.300000000000068,1147.0399999998642,2026-08-14T09:41:00-04:00,0.0,6.950000000000017,-152.9600000000334,2026-08-14T09:46:00-04:00,0.0,6.749999999999972,247.04000000005752,2026-08-14T10:01:00-04:00,0.0,8.800000000000011,-3852.9600000000237,2026-08-14T10:31:00-04:00,0.0,9.0,-4252.960000000001,2026-08-14T11:31:00-04:00,0.0,8.849999999999966,-3952.9599999999327,2026-08-14T16:00:00-04:00,0.0,,,2026-08-14T16:15:00-04:00,85500.0,,,2026-08-14T16:15:00-04:00,171900.0,8.199999999999989,-2652.959999999978,2026-08-17T16:00:00-04:00,0.0,17.0,hit,17.0,hit,17.0,hit,17.0,hit,17.0,hit,,never_hit,,never_hit,4.0,hit,18.0,hit,0.0,hit,18.0,hit,58.0,hit,61.0,hit,7.650000000000034,10,True,False,False,False,,7.650000000000034,10,True,False,False,False,,,,True,True,True,False,5.149999999999977,,,True,True,True,False,5.149999999999977,17.0,2026-08-14T09:48:00-04:00,1.8500000000000227,10047.039999999955,,,,,,,,,18.0,2026-08-14T09:49:00-04:00,8.25,-2752.960000000001,17.0,2026-08-14T09:48:00-04:00,1.8500000000000227,10047.039999999955,,,,,,,,,18.0,2026-08-14T09:49:00-04:00,8.25,-2752.960000000001,,,,,,,,,,,,,,,,,,,,,,,,,,,,,,,,,3641
2026-08-17,2026-08-19,2,5.0,2026-08-17T09:31:00-04:00,5.050000000000011,NDXP  260819P30180000,NDXP  260819P30170000,final_holdout,False,False,0,0,6,178,0,1014,available,False,2026-08-17T09:31:00-04:00,2026-08-19T16:00:00-04:00,10.0,-10052.959999999975,0.0,last_observed_quote_not_settlement,1038.0,787,60,4.400000000000006,1047.040000000012,2026-08-17T09:32:00-04:00,0.0,5.25,-652.9599999999766,2026-08-17T09:33:00-04:00,0.0,5.0,-152.95999999997656,2026-08-17T09:36:00-04:00,0.0,5.650000000000006,-1452.959999999988,2026-08-17T09:41:00-04:00,0.0,5.550000000000011,-1252.9599999999994,2026-08-17T09:46:00-04:00,0.0,5.099999999999966,-352.95999999990835,2026-08-17T10:01:00-04:00,0.0,5.399999999999977,-952.9599999999311,2026-08-17T10:31:00-04:00,0.0,4.450000000000017,947.0399999999893,2026-08-17T11:31:00-04:00,0.0,7.400000000000034,-4952.960000000045,2026-08-17T16:00:00-04:00,0.0,9.699999999999932,-9552.95999999984,2026-08-18T16:00:00-04:00,0.0,10.0,-10052.959999999975,2026-08-19T16:00:00-04:00,0.0,,,,,0.0,hit,1.0,hit,50.0,hit,293.0,hit,293.0,hit,369.0,hit,370.0,hit,3.0,hit,38.0,hit,38.0,hit,56.0,hit,334.0,hit,1443.0,hit,8.25,210,True,True,False,False,,8.25,210,True,True,False,False,,9.050000000000011,269,True,True,True,True,,9.050000000000011,269,True,True,True,True,,293.0,2026-08-17T14:24:00-04:00,1.25,7347.040000000024,294.0,2026-08-17T14:25:00-04:00,1.25,7347.040000000024,371.0,2026-08-17T15:42:00-04:00,1.0500000000000114,7747.040000000001,294.0,2026-08-17T14:25:00-04:00,1.25,7347.040000000024,293.0,2026-08-17T14:24:00-04:00,1.25,7347.040000000024,294.0,2026-08-17T14:25:00-04:00,1.25,7347.040000000024,371.0,2026-08-17T15:42:00-04:00,1.0500000000000114,7747.040000000001,294.0,2026-08-17T14:25:00-04:00,1.25,7347.040000000024,369.0,2026-08-17T15:40:00-04:00,0.6500000000000057,8547.040000000014,370.0,2026-08-17T15:41:00-04:00,0.09999999999999432,9647.040000000035,375.0,2026-08-17T15:46:00-04:00,0.0,9847.040000000025,370.0,2026-08-17T15:41:00-04:00,0.09999999999999432,9647.040000000035,370.0,2026-08-17T15:41:00-04:00,0.09999999999999432,9647.040000000035,374.0,2026-08-17T15:45:00-04:00,0.0,9847.040000000025,375.0,2026-08-17T15:46:00-04:00,0.0,9847.040000000025,371.0,2026-08-17T15:42:00-04:00,1.0500000000000114,7747.040000000001,3642
2026-08-17,2026-08-19,2,6.0,2026-08-17T09:31:00-04:00,6.0,NDXP  260819P30360000,NDXP  260819P30350000,final_holdout,False,False,0,0,14,217,0,959,available,False,2026-08-17T09:31:00-04:00,2026-08-19T15:59:00-04:00,10.0,-8152.96,1.0,last_observed_quote_not_settlement,1037.0,810,26,6.75,-1752.9599999999994,2026-08-17T09:32:00-04:00,0.0,7.100000000000023,-2452.9600000000446,2026-08-17T09:33:00-04:00,0.0,7.150000000000034,-2552.9600000000673,2026-08-17T09:36:00-04:00,0.0,8.499999999999943,-5252.959999999887,2026-08-17T09:41:00-04:00,0.0,7.100000000000023,-2452.9600000000446,2026-08-17T09:46:00-04:00,0.0,5.749999999999943,247.04000000011436,2026-08-17T10:01:00-04:00,0.0,7.649999999999977,-3552.9599999999537,2026-08-17T10:31:00-04:00,0.0,6.849999999999994,-1952.959999999988,2026-08-17T11:31:00-04:00,0.0,8.749999999999943,-5752.959999999887,2026-08-17T16:00:00-04:00,0.0,10.0,-8152.96,2026-08-18T16:00:00-04:00,0.0,,,2026-08-19T15:59:00-04:00,60.0,,,,,73.0,hit,73.0,hit,1706.0,hit,1723.0,hit,1743.0,hit,1743.0,hit,1743.0,hit,1.0,hit,2.0,hit,2.0,hit,10.0,hit,175.0,hit,177.0,hit,10.0,495,True,True,True,True,,10.0,502,True,True,True,True,,10.0,502,True,True,True,True,,10.0,502,True,True,True,True,,1723.0,2026-08-18T14:14:00-04:00,2.0000000000001137,7747.0399999997735,3082.0,2026-08-19T12:53:00-04:00,0.0,11747.04,3086.0,2026-08-19T12:57:00-04:00,0.0,11747.04,1724.0,2026-08-18T14:15:00-04:00,9.950000000000045,-8152.96,1743.0,2026-08-18T14:34:00-04:00,0.14999999999997726,11447.040000000046,3082.0,2026-08-19T12:53:00-04:00,0.0,11747.04,3086.0,2026-08-19T12:57:00-04:00,0.0,11747.04,,,,,1743.0,2026-08-18T14:34:00-04:00,0.14999999999997726,11447.040000000046,3082.0,2026-08-19T12:53:00-04:00,0.0,11747.04,3086.0,2026-08-19T12:57:00-04:00,0.0,11747.04,,,,,1743.0,2026-08-18T14:34:00-04:00,0.14999999999997726,11447.040000000046,3082.0,2026-08-19T12:53:00-04:00,0.0,11747.04,3086.0,2026-08-19T12:57:00-04:00,0.0,11747.04,,,,,3643
2026-08-17,2026-08-19,2,7.0,2026-08-17T09:31:00-04:00,7.0499999999999545,NDXP  260819P30680000,NDXP  260819P30670000,final_holdout,False,False,0,0,24,225,0,846,available,False,2026-08-17T09:31:00-04:00,2026-08-19T16:00:00-04:00,10.0,-6052.960000000091,0.0,last_observed_quote_not_settlement,1041.0,615,29,6.600000000000023,647.0399999998642,2026-08-17T09:32:00-04:00,0.0,9.400000000000091,-4952.960000000274,2026-08-17T09:33:00-04:00,0.0,9.350000000000136,-4852.960000000365,2026-08-17T09:36:00-04:00,0.0,9.0,-4152.960000000092,2026-08-17T09:41:00-04:00,0.0,9.5,-5152.960000000092,2026-08-17T09:46:00-04:00,0.0,9.299999999999955,-4752.960000000001,2026-08-17T10:01:00-04:00,0.0,9.650000000000091,-5452.960000000274,2026-08-17T10:31:00-04:00,0.0,9.5,-5152.960000000092,2026-08-17T11:31:00-04:00,0.0,9.899999999999977,-5952.960000000046,2026-08-17T16:00:00-04:00,0.0,,,2026-08-18T15:59:00-04:00,60.0,10.0,-6052.960000000091,2026-08-19T16:00:00-04:00,0.0,,,,,2947.0,hit,2947.0,hit,3035.0,hit,3035.0,hit,,never_hit,,never_hit,,never_hit,2.0,hit,2.0,hit,0.0,hit,2.0,hit,2.0,hit,7.0,hit,10.0,565,True,True,True,True,,,,True,True,True,False,4.449999999999818,,,True,True,True,False,4.449999999999818,,,True,True,True,False,4.449999999999818,3035.0,2026-08-19T12:06:00-04:00,2.6000000000001364,8647.039999999637,,,,,,,,,3036.0,2026-08-19T12:07:00-04:00,5.7000000000000455,2447.039999999819,,,,,,,,,,,,,,,,,,,,,,,,,,,,,,,,,,,,,,,,,,,,,,,,,3644
2026-08-17,2026-08-20,3,5.0,2026-08-17T09:31:00-04:00,5.050000000000011,NDXP  260820P30200000,NDXP  260820P30190000,final_holdout,False,False,0,0,81,344,0,1161,available,False,2026-08-17T09:31:00-04:00,2026-08-20T15:59:00-04:00,8.699999999999932,-7552.959999999842,1.0,last_observed_quote_not_settlement,1037.0,782,124,5.300000000000011,-752.9599999999994,2026-08-17T09:32:00-04:00,0.0,5.5,-1152.9599999999766,2026-08-17T09:33:00-04:00,0.0,5.199999999999989,-552.9599999999539,2026-08-17T09:36:00-04:00,0.0,5.5,-1152.9599999999766,2026-08-17T09:41:00-04:00,0.0,5.550000000000011,-1252.9599999999994,2026-08-17T09:46:00-04:00,0.0,5.399999999999977,-952.9599999999311,2026-08-17T10:01:00-04:00,0.0,5.25,-652.9599999999766,2026-08-17T10:31:00-04:00,0.0,4.75,347.04000000002344,2026-08-17T11:31:00-04:00,0.0,4.899999999999977,47.04000000006892,2026-08-17T16:00:00-04:00,0.0,,,2026-08-18T15:58:00-04:00,120.0,10.0,-10052.959999999975,2026-08-19T16:00:00-04:00,0.0,,,2026-08-20T15:59:00-04:00,60.0,0.0,hit,3.0,hit,227.0,hit,268.0,hit,268.0,hit,1732.0,hit,4345.0,hit,8.0,hit,59.0,hit,215.0,hit,223.0,hit,381.0,hit,1456.0,hit,8.25,195,True,True,False,False,,8.25,195,True,True,False,False,,9.999999999999886,343,True,True,True,True,,10.0,630,True,True,True,True,,268.0,2026-08-17T13:59:00-04:00,2.0,5847.040000000024,,,,,,,,,,,,,1524.0,2026-08-18T10:55:00-04:00,1.7499999999998863,6347.040000000251,,,,,,,,,,,,,4345.0,2026-08-20T09:56:00-04:00,0.4500000000000455,8947.039999999934,,,,,,,,,,,,,4434.0,2026-08-20T11:25:00-04:00,0.049999999999954525,9747.040000000115,,,,,,,,,,,,,3645
2026-08-17,2026-08-20,3,6.0,2026-08-17T09:31:00-04:00,6.050000000000011,NDXP  260820P30310000,NDXP  260820P30300000,final_holdout,False,False,0,0,30,394,0,1136,available,False,2026-08-17T09:31:00-04:00,2026-08-20T16:00:00-04:00,7.0,-2152.9599999999764,0.0,last_observed_quote_not_settlement,1039.0,845,75,7.100000000000023,-2352.960000000022,2026-08-17T09:32:00-04:00,0.0,,,2026-08-17T09:32:00-04:00,60.0,,,2026-08-17T09:35:00-04:00,60.0,,,2026-08-17T09:39:00-04:00,120.0,6.149999999999977,-452.9599999999311,2026-08-17T09:46:00-04:00,0.0,5.199999999999989,1447.0400000000461,2026-08-17T10:01:00-04:00,0.0,6.75,-1652.9599999999766,2026-08-17T10:31:00-04:00,0.0,8.400000000000006,-4952.95999999999,2026-08-17T11:31:00-04:00,0.0,7.550000000000068,-3252.960000000113,2026-08-17T16:00:00-04:00,0.0,9.900000000000091,-7952.96000000016,2026-08-18T16:00:00-04:00,0.0,10.0,-8052.959999999977,2026-08-19T16:00:00-04:00,0.0,7.0,-2152.9599999999764,2026-08-20T16:00:00-04:00,0.0,3.0,hit,3.0,hit,4.0,hit,4.0,hit,4.0,hit,13.0,hit,13.0,hit,1.0,hit,1.0,hit,1.0,hit,14.0,hit,14.0,hit,38.0,hit,7.100000000000023,0,True,False,False,False,,7.100000000000023,0,True,False,False,False,,7.75,1,True,False,False,False,,7.75,1,True,False,False,False,,4.0,2026-08-17T09:35:00-04:00,1.3999999999999773,9047.04000000007,,,,,,,,,,,,,4.0,2026-08-17T09:35:00-04:00,1.3999999999999773,9047.04000000007,,,,,,,,,,,,,13.0,2026-08-17T09:44:00-04:00,0.049999999999954525,11747.040000000115,,,,,,,,,14.0,2026-08-17T09:45:00-04:00,9.150000000000034,-6452.960000000046,13.0,2026-08-17T09:44:00-04:00,0.049999999999954525,11747.040000000115,,,,,,,,,14.0,2026-08-17T09:45:00-04:00,9.150000000000034,-6452.960000000046,3646
2026-08-17,2026-08-20,3,7.0,2026-08-17T09:31:00-04:00,7.0,NDXP  260820P30420000,NDXP  260820P30410000,final_holdout,False,False,0,0,47,261,0,1239,available,False,2026-08-17T09:31:00-04:00,2026-08-20T16:00:00-04:00,10.0,-6152.96,0.0,last_observed_quote_not_settlement,1037.0,1023,48,7.25,-752.9599999999994,2026-08-17T09:32:00-04:00,0.0,8.949999999999989,-4152.959999999978,2026-08-17T09:33:00-04:00,0.0,6.550000000000068,647.0399999998642,2026-08-17T09:36:00-04:00,0.0,6.7000000000000455,347.03999999990975,2026-08-17T09:41:00-04:00,0.0,8.049999999999955,-2352.95999999991,2026-08-17T09:46:00-04:00,0.0,7.2000000000000455,-652.9600000000903,2026-08-17T10:01:00-04:00,0.0,7.800000000000011,-1852.960000000022,2026-08-17T10:31:00-04:00,0.0,6.599999999999966,547.0400000000689,2026-08-17T11:31:00-04:00,0.0,8.5,-3252.960000000001,2026-08-17T16:00:00-04:00,0.0,10.0,-6152.96,2026-08-18T16:00:00-04:00,0.0,10.0,-6152.96,2026-08-19T16:00:00-04:00,0.0,10.0,-6152.96,2026-08-20T16:00:00-04:00,0.0,373.0,hit,373.0,hit,373.0,hit,373.0,hit,,never_hit,,never_hit,,never_hit,2.0,hit,2.0,hit,0.0,hit,2.0,hit,62.0,hit,252.0,hit,9.900000000000034,320,True,True,True,True,,,,True,True,True,False,4.449999999999932,,,True,True,True,False,4.449999999999932,,,True,True,True,False,4.449999999999932,373.0,2026-08-17T15:44:00-04:00,2.6000000000000227,8547.039999999955,,,,,,,,,374.0,2026-08-17T15:45:00-04:00,9.100000000000023,-4452.960000000046,,,,,,,,,,,,,,,,,,,,,,,,,,,,,,,,,,,,,,,,,,,,,,,,,3647
2026-08-18,2026-08-20,2,5.0,2026-08-18T09:31:00-04:00,4.950000000000017,NDXP  260820P29670000,NDXP  260820P29660000,final_holdout,False,False,0,0,11,137,0,1050,available,False,2026-08-18T09:31:00-04:00,2026-08-20T16:00:00-04:00,10.0,-10252.959999999965,0.0,last_observed_quote_not_settlement,1036.0,923,61,4.650000000000006,347.04000000002344,2026-08-18T09:32:00-04:00,0.0,5.449999999999989,-1252.9599999999425,2026-08-18T09:33:00-04:00,0.0,5.099999999999994,-552.9599999999539,2026-08-18T09:36:00-04:00,0.0,4.349999999999994,947.0400000000461,2026-08-18T09:41:00-04:00,0.0,5.25,-852.9599999999652,2026-08-18T09:46:00-04:00,0.0,5.800000000000011,-1952.959999999988,2026-08-18T10:01:00-04:00,0.0,5.350000000000023,-1052.9600000000107,2026-08-18T10:31:00-04:00,0.0,5.849999999999994,-2052.9599999999537,2026-08-18T11:31:00-04:00,0.0,4.049999999999983,1547.0400000000689,2026-08-18T16:00:00-04:00,0.0,8.300000000000011,-6952.95999999999,2026-08-19T16:00:00-04:00,0.0,10.0,-10252.959999999965,2026-08-20T16:00:00-04:00,0.0,,,,,0.0,hit,0.0,hit,38.0,hit,266.0,hit,1641.0,hit,1641.0,hit,1641.0,hit,16.0,hit,28.0,hit,28.0,hit,70.0,hit,124.0,hit,133.0,hit,9.550000000000011,230,True,True,True,True,,9.699999999999989,553,True,True,True,True,,9.699999999999989,553,True,True,True,True,,9.699999999999989,553,True,True,True,True,,266.0,2026-08-18T13:57:00-04:00,2.75,4147.0400000000345,306.0,2026-08-18T14:37:00-04:00,2.75,4147.0400000000345,,,,,267.0,2026-08-18T13:58:00-04:00,6.850000000000023,-4052.9600000000105,1641.0,2026-08-19T12:52:00-04:00,0.0,9647.040000000035,1642.0,2026-08-19T12:53:00-04:00,0.0,9647.040000000035,,,,,1642.0,2026-08-19T12:53:00-04:00,0.0,9647.040000000035,1641.0,2026-08-19T12:52:00-04:00,0.0,9647.040000000035,1642.0,2026-08-19T12:53:00-04:00,0.0,9647.040000000035,,,,,1642.0,2026-08-19T12:53:00-04:00,0.0,9647.040000000035,1641.0,2026-08-19T12:52:00-04:00,0.0,9647.040000000035,1642.0,2026-08-19T12:53:00-04:00,0.0,9647.040000000035,,,,,1642.0,2026-08-19T12:53:00-04:00,0.0,9647.040000000035,3648
2026-08-18,2026-08-20,2,6.0,2026-08-18T09:31:00-04:00,5.899999999999977,NDXP  260820P29730000,NDXP  260820P29720000,final_holdout,False,False,0,0,7,152,0,1037,available,False,2026-08-18T09:31:00-04:00,2026-08-20T16:00:00-04:00,10.0,-8352.960000000045,0.0,last_observed_quote_not_settlement,1036.0,877,69,5.25,1047.0399999999552,2026-08-18T09:32:00-04:00,0.0,6.05000000000004,-552.9600000001244,2026-08-18T09:33:00-04:00,0.0,5.75,47.039999999955235,2026-08-18T09:36:00-04:00,0.0,4.950000000000017,1647.039999999921,2026-08-18T09:41:00-04:00,0.0,5.5,547.0399999999552,2026-08-18T09:46:00-04:00,0.0,6.100000000000023,-652.9600000000903,2026-08-18T10:01:00-04:00,0.0,6.0,-452.9600000000448,2026-08-18T10:31:00-04:00,0.0,6.25,-952.9600000000448,2026-08-18T11:31:00-04:00,0.0,7.100000000000023,-2652.96000000009,2026-08-18T16:00:00-04:00,0.0,9.299999999999955,-7052.9599999999555,2026-08-19T16:00:00-04:00,0.0,10.0,-8352.960000000045,2026-08-20T16:00:00-04:00,0.0,,,,,1.0,hit,9.0,hit,212.0,hit,,never_hit,,never_hit,,never_hit,,never_hit,7.0,hit,7.0,hit,7.0,hit,25.0,hit,78.0,hit,1496.0,hit,,,True,True,True,False,2.899999999999949,,,True,True,True,False,2.899999999999949,,,True,True,True,False,2.899999999999949,,,True,True,True,False,2.899999999999949,,,,,,,,,,,,,,,,,,,,,,,,,,,,,,,,,,,,,,,,,,,,,,,,,,,,,,,,,,,,,,,,,3649
2026-08-18,2026-08-20,2,7.0,2026-08-18T09:31:00-04:00,6.9500000000000455,NDXP  260820P29880000,NDXP  260820P29870000,final_holdout,False,False,0,0,4,141,0,1050,available,False,2026-08-18T09:31:00-04:00,2026-08-20T16:00:00-04:00,10.0,-6252.959999999909,0.0,last_observed_quote_not_settlement,1036.0,914,28,7.199999999999932,-752.959999999772,2026-08-18T09:32:00-04:00,0.0,7.850000000000023,-2052.9599999999537,2026-08-18T09:33:00-04:00,0.0,7.0,-352.95999999990835,2026-08-18T09:36:00-04:00,0.0,4.699999999999989,4247.040000000115,2026-08-18T09:41:00-04:00,0.0,8.449999999999989,-3252.9599999998873,2026-08-18T09:46:00-04:00,0.0,6.800000000000011,47.04000000006892,2026-08-18T10:01:00-04:00,0.0,7.449999999999989,-1252.9599999998857,2026-08-18T10:31:00-04:00,0.0,6.800000000000011,47.04000000006892,2026-08-18T11:31:00-04:00,0.0,,,2026-08-18T15:59:00-04:00,60.0,9.550000000000011,-5452.959999999933,2026-08-19T16:00:00-04:00,0.0,10.0,-6252.959999999909,2026-08-20T16:00:00-04:00,0.0,,,,,10.0,hit,10.0,hit,2942.0,hit,,never_hit,,never_hit,,never_hit,,never_hit,2.0,hit,15.0,hit,1.0,hit,15.0,hit,17.0,hit,42.0,hit,,,True,True,True,False,3.5499999999999545,,,True,True,True,False,3.5499999999999545,,,True,True,True,False,3.5499999999999545,,,True,True,True,False,3.5499999999999545,,,,,,,,,,,,,,,,,,,,,,,,,,,,,,,,,,,,,,,,,,,,,,,,,,,,,,,,,,,,,,,,,3650
2026-08-18,2026-08-21,3,5.0,2026-08-18T09:31:00-04:00,4.949999999999818,NDXP  260821P30810000,NDXP  260821P30800000,final_holdout,False,False,0,0,96,656,0,794,available,False,2026-08-18T09:31:00-04:00,2026-08-21T16:00:00-04:00,9.0,-8352.960000000365,0.0,last_observed_quote_not_settlement,1041.0,447,75,6.849999999999909,-4052.960000000181,2026-08-18T09:32:00-04:00,0.0,,,2026-08-18T09:32:00-04:00,60.0,3.7999999999999545,2047.039999999728,2026-08-18T09:36:00-04:00,0.0,,,2026-08-18T09:40:00-04:00,60.0,,,2026-08-18T09:45:00-04:00,60.0,4.75,147.0399999996369,2026-08-18T10:01:00-04:00,0.0,,,2026-08-18T10:30:00-04:00,60.0,3.2999999999999545,3047.039999999728,2026-08-18T11:31:00-04:00,0.0,,,2026-08-18T15:58:00-04:00,120.0,2.5,4647.039999999637,2026-08-19T16:00:00-04:00,0.0,,,2026-08-20T15:59:00-04:00,60.0,9.0,-8352.960000000365,2026-08-21T16:00:00-04:00,0.0,0.0,hit,0.0,hit,5.0,hit,6.0,hit,6.0,hit,6.0,hit,6.0,hit,1.0,hit,1.0,hit,8.0,hit,8.0,hit,8.0,hit,9.0,hit,6.849999999999909,0,False,False,False,False,,6.849999999999909,0,False,False,False,False,,6.849999999999909,0,False,False,False,False,,6.849999999999909,0,False,False,False,False,,6.0,2026-08-18T09:37:00-04:00,0.40000000000009095,8847.039999999455,112.0,2026-08-18T11:23:00-04:00,1.0499999999997272,7547.040000000183,,,,,,,,,6.0,2026-08-18T09:37:00-04:00,0.40000000000009095,8847.039999999455,112.0,2026-08-18T11:23:00-04:00,1.0499999999997272,7547.040000000183,,,,,,,,,6.0,2026-08-18T09:37:00-04:00,0.40000000000009095,8847.039999999455,1710.0,2026-08-19T14:01:00-04:00,0.0,9647.039999999637,,,,,,,,,6.0,2026-08-18T09:37:00-04:00,0.40000000000009095,8847.039999999455,1710.0,2026-08-19T14:01:00-04:00,0.0,9647.039999999637,,,,,,,,,3651
2026-08-18,2026-08-21,3,6.0,2026-08-18T09:31:00-04:00,6.0499999999999545,NDXP  260821P30890000,NDXP  260821P30880000,final_holdout,False,False,0,0,66,617,0,844,available,False,2026-08-18T09:31:00-04:00,2026-08-21T16:00:00-04:00,10.0,-8052.960000000091,0.0,last_observed_quote_not_settlement,1038.0,498,71,0.8500000000001364,10147.039999999637,2026-08-18T09:32:00-04:00,0.0,,,2026-08-18T09:32:00-04:00,60.0,,,2026-08-18T09:35:00-04:00,60.0,,,2026-08-18T09:40:00-04:00,60.0,,,2026-08-18T09:45:00-04:00,60.0,8.75,-5652.960000000092,2026-08-18T10:01:00-04:00,0.0,4.5,2847.03999999991,2026-08-18T10:31:00-04:00,0.0,,,2026-08-18T11:29:00-04:00,120.0,,,2026-08-18T15:59:00-04:00,60.0,,,2026-08-19T15:59:00-04:00,60.0,9.099999999999909,-6352.95999999991,2026-08-20T16:00:00-04:00,0.0,10.0,-8052.960000000091,2026-08-21T16:00:00-04:00,0.0,1.0,hit,1.0,hit,1.0,hit,1.0,hit,1.0,hit,1.0,hit,98.0,hit,6.0,hit,6.0,hit,6.0,hit,6.0,hit,20.0,hit,20.0,hit,6.0499999999999545,0,False,False,False,False,,6.0499999999999545,0,False,False,False,False,,6.0499999999999545,0,False,False,False,False,,9.950000000000273,13,True,True,True,True,,1.0,2026-08-18T09:32:00-04:00,0.8500000000001364,10147.039999999637,146.0,2026-08-18T11:57:00-04:00,2.650000000000091,6547.039999999728,,,,,,,,,1.0,2026-08-18T09:32:00-04:00,0.8500000000001364,10147.039999999637,,,,,,,,,,,,,1.0,2026-08-18T09:32:00-04:00,0.8500000000001364,10147.039999999637,,,,,,,,,,,,,98.0,2026-08-18T11:09:00-04:00,0.2999999999999545,11247.04,,,,,,,,,,,,,3652
2026-08-18,2026-08-21,3,7.0,2026-08-18T09:31:00-04:00,6.9500000000000455,NDXP  260821P29930000,NDXP  260821P29920000,final_holdout,False,False,0,0,21,425,0,1152,available,False,2026-08-18T09:31:00-04:00,2026-08-21T16:00:00-04:00,10.0,-6252.959999999909,0.0,last_observed_quote_not_settlement,1037.0,770,154,7.899999999999977,-2152.9599999998627,2026-08-18T09:32:00-04:00,0.0,7.350000000000023,-1052.9599999999539,2026-08-18T09:33:00-04:00,0.0,8.849999999999966,-4052.959999999842,2026-08-18T09:36:00-04:00,0.0,,,2026-08-18T09:40:00-04:00,60.0,1.650000000000034,10347.040000000025,2026-08-18T09:46:00-04:00,0.0,6.449999999999989,747.0400000001143,2026-08-18T10:01:00-04:00,0.0,2.8000000000000114,8047.040000000069,2026-08-18T10:31:00-04:00,0.0,7.399999999999977,-1152.959999999863,2026-08-18T11:31:00-04:00,0.0,8.150000000000034,-2652.959999999978,2026-08-18T16:00:00-04:00,0.0,9.300000000000011,-4952.959999999933,2026-08-19T16:00:00-04:00,0.0,,,2026-08-20T15:59:00-04:00,60.0,10.0,-6252.959999999909,2026-08-21T16:00:00-04:00,0.0,13.0,hit,13.0,hit,13.0,hit,13.0,hit,15.0,hit,370.0,hit,,never_hit,1.0,hit,3.0,hit,1.0,hit,3.0,hit,43.0,hit,53.0,hit,8.849999999999966,10,True,True,False,False,,8.849999999999966,10,True,True,False,False,,9.950000000000045,230,True,True,True,True,,,,True,True,True,False,6.400000000000091,13.0,2026-08-18T09:44:00-04:00,2.6000000000000227,8447.040000000046,,,,,,,,,14.0,2026-08-18T09:45:00-04:00,4.600000000000023,4447.040000000046,15.0,2026-08-18T09:46:00-04:00,1.650000000000034,10347.040000000025,,,,,,,,,16.0,2026-08-18T09:47:00-04:00,7.650000000000034,-1652.9599999999766,370.0,2026-08-18T15:41:00-04:00,0.5499999999999545,12547.040000000183,,,,,,,,,371.0,2026-08-18T15:42:00-04:00,8.149999999999977,-2652.9599999998645,,,,,,,,,,,,,,,,,3653
2026-08-19,2026-08-21,2,5.0,2026-08-19T09:31:00-04:00,4.900000000000091,NDXP  260821P30350000,NDXP  260821P30340000,final_holdout,False,False,0,0,48,394,0,681,available,False,2026-08-19T09:31:00-04:00,2026-08-21T15:58:00-04:00,9.0,-8452.959999999819,2.0,last_observed_quote_not_settlement,1037.0,427,59,,,2026-08-19T09:31:00-04:00,60.0,,,2026-08-19T09:31:00-04:00,120.0,,,2026-08-19T09:35:00-04:00,60.0,,,2026-08-19T09:40:00-04:00,60.0,9.75,-9952.959999999819,2026-08-19T09:46:00-04:00,0.0,9.850000000000023,-10152.959999999865,2026-08-19T10:01:00-04:00,0.0,,,2026-08-19T10:28:00-04:00,180.0,7.2999999999999545,-5052.959999999726,2026-08-19T11:31:00-04:00,0.0,,,2026-08-19T15:59:00-04:00,60.0,6.25,-2952.9599999998172,2026-08-20T16:00:00-04:00,0.0,,,2026-08-21T15:58:00-04:00,120.0,,,,,0.0,hit,0.0,hit,21.0,hit,21.0,hit,21.0,hit,21.0,hit,21.0,hit,4.0,hit,4.0,hit,4.0,hit,4.0,hit,4.0,hit,4.0,hit,10.0,6,True,True,True,True,,10.0,6,True,True,True,True,,10.0,6,True,True,True,True,,10.0,6,True,True,True,True,,21.0,2026-08-19T09:52:00-04:00,0.4500000000000455,8647.040000000092,270.0,2026-08-19T14:01:00-04:00,0.0,9547.040000000183,,,,,22.0,2026-08-19T09:53:00-04:00,9.849999999999909,-10152.959999999637,21.0,2026-08-19T09:52:00-04:00,0.4500000000000455,8647.040000000092,270.0,2026-08-19T14:01:00-04:00,0.0,9547.040000000183,,,,,22.0,2026-08-19T09:53:00-04:00,9.849999999999909,-10152.959999999637,21.0,2026-08-19T09:52:00-04:00,0.4500000000000455,8647.040000000092,270.0,2026-08-19T14:01:00-04:00,0.0,9547.040000000183,,,,,22.0,2026-08-19T09:53:00-04:00,9.849999999999909,-10152.959999999637,26.0,2026-08-19T09:57:00-04:00,0.25,9047.040000000183,270.0,2026-08-19T14:01:00-04:00,0.0,9547.040000000183,,,,,27.0,2026-08-19T09:58:00-04:00,9.899999999999977,-10252.959999999774,3654
2026-08-19,2026-08-21,2,6.0,2026-08-19T09:31:00-04:00,5.9500000000000455,NDXP  260821P29740000,NDXP  260821P29730000,final_holdout,False,False,0,0,11,363,0,824,available,False,2026-08-19T09:31:00-04:00,2026-08-21T15:59:00-04:00,9.849999999999966,-8052.959999999842,1.0,last_observed_quote_not_settlement,1038.0,573,83,5.499999999999972,647.0400000001484,2026-08-19T09:32:00-04:00,0.0,5.500000000000028,647.0400000000348,2026-08-19T09:33:00-04:00,0.0,5.900000000000006,-152.95999999991972,2026-08-19T09:36:00-04:00,0.0,6.100000000000023,-552.9599999999539,2026-08-19T09:41:00-04:00,0.0,8.849999999999966,-6052.959999999842,2026-08-19T09:46:00-04:00,0.0,7.600000000000023,-3552.9599999999537,2026-08-19T10:01:00-04:00,0.0,7.949999999999932,-4252.959999999772,2026-08-19T10:31:00-04:00,0.0,,,2026-08-19T11:30:00-04:00,60.0,7.7000000000000455,-3752.959999999999,2026-08-19T16:00:00-04:00,0.0,9.850000000000023,-8052.9599999999555,2026-08-20T16:00:00-04:00,0.0,,,2026-08-21T15:59:00-04:00,60.0,,,,,1.0,hit,6.0,hit,6.0,hit,20.0,hit,20.0,hit,,never_hit,,never_hit,9.0,hit,9.0,hit,9.0,hit,9.0,hit,9.0,hit,29.0,hit,9.449999999999932,8,True,True,True,True,,9.449999999999932,8,True,True,True,True,,,,True,True,True,False,4.900000000000034,,,True,True,True,False,4.900000000000034,20.0,2026-08-19T09:51:00-04:00,1.1499999999999773,9347.040000000137,398.0,2026-08-19T16:09:00-04:00,1.7499999999999432,8147.0400000002055,,,,,,,,,20.0,2026-08-19T09:51:00-04:00,1.1499999999999773,9347.040000000137,398.0,2026-08-19T16:09:00-04:00,1.7499999999999432,8147.0400000002055,,,,,,,,,,,,,,,,,,,,,,,,,,,,,,,,,,,,,,,,,3655
2026-08-19,2026-08-21,2,7.0,2026-08-19T09:31:00-04:00,7.0,NDXP  260821P29870000,NDXP  260821P29860000,final_holdout,False,False,0,0,12,281,0,892,available,False,2026-08-19T09:31:00-04:00,2026-08-21T16:00:00-04:00,10.0,-6152.96,0.0,last_observed_quote_not_settlement,1036.0,629,106,4.900000000000034,3947.0399999999327,2026-08-19T09:32:00-04:00,0.0,4.050000000000068,5647.039999999864,2026-08-19T09:33:00-04:00,0.0,6.5,747.0400000000006,2026-08-19T09:36:00-04:00,0.0,7.800000000000011,-1852.960000000022,2026-08-19T09:41:00-04:00,0.0,7.349999999999966,-952.9599999999311,2026-08-19T09:46:00-04:00,0.0,8.650000000000034,-3552.960000000069,2026-08-19T10:01:00-04:00,0.0,,,2026-08-19T10:30:00-04:00,60.0,8.600000000000023,-3452.9600000000464,2026-08-19T11:31:00-04:00,0.0,2.25,9247.04,2026-08-19T16:00:00-04:00,0.0,10.0,-6152.96,2026-08-20T16:00:00-04:00,0.0,10.0,-6152.96,2026-08-21T16:00:00-04:00,0.0,,,,,1.0,hit,1.0,hit,13.0,hit,13.0,hit,136.0,hit,1492.0,hit,,never_hit,7.0,hit,14.0,hit,0.0,hit,14.0,hit,26.0,hit,26.0,hit,7.800000000000011,7,True,False,False,False,,10.0,85,True,True,True,True,,10.0,283,True,True,True,True,,,,True,True,True,False,6.2000000000000455,13.0,2026-08-19T09:44:00-04:00,2.3999999999999773,8947.040000000046,,,,,,,,,14.0,2026-08-19T09:45:00-04:00,8.350000000000023,-2952.9600000000464,136.0,2026-08-19T11:47:00-04:00,1.9499999999999318,9847.040000000137,,,,,,,,,137.0,2026-08-19T11:48:00-04:00,7.150000000000034,-552.9600000000676,1502.0,2026-08-20T10:33:00-04:00,0.7999999999999545,12147.040000000092,,,,,,,,,,,,,,,,,,,,,,,,,,,,,3656
2026-08-21,2026-08-24,3,5.0,2026-08-21T09:31:00-04:00,5.0,NDXP  260824P29390000,NDXP  260824P29380000,final_holdout,False,False,0,0,9,122,0,652,available,False,2026-08-21T09:31:00-04:00,2026-08-24T16:00:00-04:00,10.0,-10152.96,0.0,last_observed_quote_not_settlement,3917.0,515,48,5.150000000000006,-552.9600000000107,2026-08-21T09:32:00-04:00,0.0,6.150000000000006,-2552.9600000000105,2026-08-21T09:33:00-04:00,0.0,5.400000000000006,-1052.9600000000107,2026-08-21T09:36:00-04:00,0.0,5.899999999999977,-2052.9599999999537,2026-08-21T09:41:00-04:00,0.0,5.050000000000011,-352.96000000002203,2026-08-21T09:46:00-04:00,0.0,7.049999999999983,-4352.9599999999655,2026-08-21T10:01:00-04:00,0.0,6.150000000000006,-2552.9600000000105,2026-08-21T10:31:00-04:00,0.0,5.600000000000023,-1452.9600000000448,2026-08-21T11:31:00-04:00,0.0,5.75,-1752.9599999999994,2026-08-21T16:00:00-04:00,0.0,,,2026-08-21T16:14:00-04:00,85560.0,,,2026-08-21T16:14:00-04:00,171960.0,10.0,-10152.96,2026-08-24T16:00:00-04:00,0.0,0.0,hit,0.0,hit,17.0,hit,4372.0,hit,4372.0,hit,4372.0,hit,,never_hit,2.0,hit,2.0,hit,25.0,hit,25.0,hit,25.0,hit,67.0,hit,10.0,355,True,True,True,True,,10.0,355,True,True,True,True,,10.0,355,True,True,True,True,,,,True,True,True,False,4.300000000000011,4372.0,2026-08-24T10:23:00-04:00,0.6999999999999886,8347.040000000025,,,,,,,,,,,,,4372.0,2026-08-24T10:23:00-04:00,0.6999999999999886,8347.040000000025,,,,,,,,,,,,,4372.0,2026-08-24T10:23:00-04:00,0.6999999999999886,8347.040000000025,,,,,,,,,,,,,,,,,,,,,,,,,,,,,3657
2026-08-21,2026-08-24,3,6.0,2026-08-21T09:31:00-04:00,6.0,NDXP  260824P29480000,NDXP  260824P29470000,final_holdout,False,False,0,0,14,145,0,620,available,False,2026-08-21T09:31:00-04:00,2026-08-24T16:00:00-04:00,10.0,-8152.96,0.0,last_observed_quote_not_settlement,3917.0,482,37,5.599999999999994,547.040000000012,2026-08-21T09:32:00-04:00,0.0,6.25,-752.9599999999994,2026-08-21T09:33:00-04:00,0.0,5.700000000000017,347.0399999999666,2026-08-21T09:36:00-04:00,0.0,4.5,2747.040000000001,2026-08-21T09:41:00-04:00,0.0,6.5499999999999545,-1352.9599999999084,2026-08-21T09:46:00-04:00,0.0,7.699999999999989,-3652.9599999999764,2026-08-21T10:01:00-04:00,0.0,7.699999999999989,-3652.9599999999764,2026-08-21T10:31:00-04:00,0.0,5.399999999999977,947.0400000000461,2026-08-21T11:31:00-04:00,0.0,5.700000000000017,347.0399999999666,2026-08-21T16:00:00-04:00,0.0,,,2026-08-21T16:14:00-04:00,85560.0,,,2026-08-21T16:14:00-04:00,171960.0,10.0,-8152.96,2026-08-24T16:00:00-04:00,0.0,4.0,hit,4.0,hit,4.0,hit,9.0,hit,9.0,hit,,never_hit,,never_hit,3.0,hit,3.0,hit,3.0,hit,12.0,hit,12.0,hit,25.0,hit,7.150000000000034,2,True,False,False,False,,7.150000000000034,2,True,False,False,False,,,,True,True,True,False,4.850000000000023,,,True,True,True,False,4.850000000000023,9.0,2026-08-21T09:40:00-04:00,1.1499999999999773,9447.040000000046,,,,,,,,,10.0,2026-08-21T09:41:00-04:00,4.5,2747.040000000001,9.0,2026-08-21T09:40:00-04:00,1.1499999999999773,9447.040000000046,,,,,,,,,10.0,2026-08-21T09:41:00-04:00,4.5,2747.040000000001,,,,,,,,,,,,,,,,,,,,,,,,,,,,,,,,,3658
2026-08-21,2026-08-24,3,7.0,2026-08-21T09:31:00-04:00,7.0499999999999545,NDXP  260824P29760000,NDXP  260824P29750000,final_holdout,False,False,0,0,5,185,0,598,available,False,2026-08-21T09:31:00-04:00,2026-08-24T16:00:00-04:00,10.0,-6052.960000000091,0.0,last_observed_quote_not_settlement,3917.0,470,4,8.900000000000034,-3952.96000000016,2026-08-21T09:32:00-04:00,0.0,9.050000000000011,-4252.960000000115,2026-08-21T09:33:00-04:00,0.0,9.100000000000023,-4352.960000000137,2026-08-21T09:36:00-04:00,0.0,9.199999999999989,-4552.960000000069,2026-08-21T09:41:00-04:00,0.0,9.350000000000023,-4852.960000000137,2026-08-21T09:46:00-04:00,0.0,9.550000000000068,-5252.960000000228,2026-08-21T10:01:00-04:00,0.0,9.700000000000045,-5552.960000000183,2026-08-21T10:31:00-04:00,0.0,9.349999999999909,-4852.95999999991,2026-08-21T11:31:00-04:00,0.0,9.75,-5652.960000000092,2026-08-21T16:00:00-04:00,0.0,,,2026-08-21T16:15:00-04:00,85500.0,,,2026-08-21T16:15:00-04:00,171900.0,10.0,-6052.960000000091,2026-08-24T16:00:00-04:00,0.0,4342.0,hit,4342.0,hit,4342.0,hit,4342.0,hit,4342.0,hit,4342.0,hit,4342.0,hit,1.0,hit,1.0,hit,0.0,hit,1.0,hit,2.0,hit,9.0,hit,10.0,319,True,True,True,True,,10.0,319,True,True,True,True,,10.0,319,True,True,True,True,,10.0,319,True,True,True,True,,4342.0,2026-08-24T09:53:00-04:00,0.0,13847.03999999991,4353.0,2026-08-24T10:04:00-04:00,0.0,13847.03999999991,4354.0,2026-08-24T10:05:00-04:00,0.0,13847.03999999991,,,,,4342.0,2026-08-24T09:53:00-04:00,0.0,13847.03999999991,4353.0,2026-08-24T10:04:00-04:00,0.0,13847.03999999991,4354.0,2026-08-24T10:05:00-04:00,0.0,13847.03999999991,,,,,4342.0,2026-08-24T09:53:00-04:00,0.0,13847.03999999991,4353.0,2026-08-24T10:04:00-04:00,0.0,13847.03999999991,4354.0,2026-08-24T10:05:00-04:00,0.0,13847.03999999991,,,,,4342.0,2026-08-24T09:53:00-04:00,0.0,13847.03999999991,4353.0,2026-08-24T10:04:00-04:00,0.0,13847.03999999991,4354.0,2026-08-24T10:05:00-04:00,0.0,13847.03999999991,,,,,3659
2026-08-24,2026-08-26,2,5.0,2026-08-24T09:31:00-04:00,4.9500000000000455,NDXP  260826P29250000,NDXP  260826P29240000,final_holdout,False,False,0,0,69,49,0,1067,available,False,2026-08-24T09:31:00-04:00,2026-08-26T16:00:00-04:00,10.0,-10252.959999999908,0.0,last_observed_quote_not_settlement,1039.0,748,141,8.050000000000011,-6452.959999999933,2026-08-24T09:32:00-04:00,0.0,,,2026-08-24T09:32:00-04:00,60.0,6.250000000000057,-2852.960000000022,2026-08-24T09:36:00-04:00,0.0,9.75,-9852.95999999991,2026-08-24T09:41:00-04:00,0.0,3.8000000000000114,2047.040000000069,2026-08-24T09:46:00-04:00,0.0,6.449999999999989,-3252.9599999998854,2026-08-24T10:01:00-04:00,0.0,8.349999999999966,-7052.959999999842,2026-08-24T10:31:00-04:00,0.0,5.650000000000006,-1652.9599999999198,2026-08-24T11:31:00-04:00,0.0,3.0,3647.040000000092,2026-08-24T16:00:00-04:00,0.0,5.849999999999994,-2052.959999999897,2026-08-25T16:00:00-04:00,0.0,10.0,-10252.959999999908,2026-08-26T16:00:00-04:00,0.0,,,,,0.0,hit,0.0,hit,13.0,hit,27.0,hit,27.0,hit,27.0,hit,,never_hit,1.0,hit,1.0,hit,1.0,hit,1.0,hit,10.0,hit,10.0,hit,9.75,14,True,True,True,True,,9.75,14,True,True,True,True,,9.75,14,True,True,True,True,,,,True,True,True,False,4.35000000000008,27.0,2026-08-24T09:58:00-04:00,0.5999999999999659,8447.040000000161,152.0,2026-08-24T12:03:00-04:00,2.3000000000000114,5047.040000000069,209.0,2026-08-24T13:00:00-04:00,1.0,7647.040000000092,28.0,2026-08-24T09:59:00-04:00,5.849999999999966,-2052.95999999984,27.0,2026-08-24T09:58:00-04:00,0.5999999999999659,8447.040000000161,208.0,2026-08-24T12:59:00-04:00,1.0,7647.040000000092,209.0,2026-08-24T13:00:00-04:00,1.0,7647.040000000092,28.0,2026-08-24T09:59:00-04:00,5.849999999999966,-2052.95999999984,27.0,2026-08-24T09:58:00-04:00,0.5999999999999659,8447.040000000161,,,,,,,,,28.0,2026-08-24T09:59:00-04:00,5.849999999999966,-2052.95999999984,,,,,,,,,,,,,,,,,3660
2026-08-24,2026-08-26,2,6.0,2026-08-24T09:31:00-04:00,5.900000000000034,NDXP  260826P29190000,NDXP  260826P29180000,final_holdout,False,False,0,0,23,6,0,1166,available,False,2026-08-24T09:31:00-04:00,2026-08-26T15:58:00-04:00,0.17500000000000004,11197.04000000007,2.0,last_observed_quote_not_settlement,1037.0,202,114,5.299999999999983,947.040000000103,2026-08-24T09:32:00-04:00,0.0,6.400000000000006,-1252.9599999999425,2026-08-24T09:33:00-04:00,0.0,5.300000000000011,947.0400000000461,2026-08-24T09:36:00-04:00,0.0,2.5,6547.040000000069,2026-08-24T09:41:00-04:00,0.0,7.349999999999966,-3152.9599999998627,2026-08-24T09:46:00-04:00,0.0,6.850000000000023,-2152.9599999999764,2026-08-24T10:01:00-04:00,0.0,6.949999999999989,-2352.959999999908,2026-08-24T10:31:00-04:00,0.0,2.5999999999999943,6347.04000000008,2026-08-24T11:31:00-04:00,0.0,7.799999999999983,-4052.959999999897,2026-08-24T16:00:00-04:00,0.0,4.450000000000003,2647.040000000063,2026-08-25T16:00:00-04:00,0.0,,,2026-08-26T15:58:00-04:00,120.0,,,,,1.0,hit,10.0,hit,10.0,hit,10.0,hit,3011.0,hit,3011.0,hit,3011.0,hit,8.0,hit,8.0,hit,8.0,hit,12.0,hit,12.0,hit,3079.0,hit,7.550000000000011,6,True,False,False,False,,9.300000000000011,146,True,True,True,True,,9.300000000000011,146,True,True,True,True,,9.300000000000011,146,True,True,True,True,,10.0,2026-08-24T09:41:00-04:00,2.5,6547.040000000069,120.0,2026-08-24T11:31:00-04:00,2.5999999999999943,6347.04000000008,3147.0,2026-08-26T13:58:00-04:00,2.75,6047.040000000069,11.0,2026-08-24T09:42:00-04:00,6.100000000000023,-652.9599999999766,3011.0,2026-08-26T11:42:00-04:00,0.3500000000000014,10847.040000000066,3196.0,2026-08-26T14:47:00-04:00,1.4000000000000004,8747.04000000007,3197.0,2026-08-26T14:48:00-04:00,1.799999999999999,7947.040000000071,3012.0,2026-08-26T11:43:00-04:00,3.4499999999999957,4647.040000000077,3011.0,2026-08-26T11:42:00-04:00,0.3500000000000014,10847.040000000066,3212.0,2026-08-26T15:03:00-04:00,0.9250000000000003,9697.040000000068,3213.0,2026-08-26T15:04:00-04:00,0.75,10047.04000000007,3012.0,2026-08-26T11:43:00-04:00,3.4499999999999957,4647.040000000077,3011.0,2026-08-26T11:42:00-04:00,0.3500000000000014,10847.040000000066,3222.0,2026-08-26T15:13:00-04:00,0.375,10797.04000000007,3229.0,2026-08-26T15:20:00-04:00,0.2999999999999998,10947.04000000007,3012.0,2026-08-26T11:43:00-04:00,3.4499999999999957,4647.040000000077,3661
2026-08-24,2026-08-26,2,7.0,2026-08-24T09:31:00-04:00,6.899999999999977,NDXP  260826P29300000,NDXP  260826P29290000,final_holdout,False,False,0,0,103,94,0,985,available,False,2026-08-24T09:31:00-04:00,2026-08-26T15:57:00-04:00,9.699999999999996,-5852.960000000038,3.0,last_observed_quote_not_settlement,1039.0,438,188,8.25,-2952.9600000000464,2026-08-24T09:32:00-04:00,0.0,7.399999999999977,-1252.9599999999994,2026-08-24T09:33:00-04:00,0.0,5.949999999999989,1647.039999999978,2026-08-24T09:36:00-04:00,0.0,,,2026-08-24T09:40:00-04:00,60.0,8.649999999999977,-3752.960000000001,2026-08-24T09:46:00-04:00,0.0,4.050000000000011,5447.039999999933,2026-08-24T10:01:00-04:00,0.0,9.199999999999989,-4852.960000000024,2026-08-24T10:31:00-04:00,0.0,,,2026-08-24T11:30:00-04:00,60.0,3.6000000000000227,6347.03999999991,2026-08-24T16:00:00-04:00,0.0,5.5,2547.0399999999554,2026-08-25T16:00:00-04:00,0.0,,,2026-08-26T15:57:00-04:00,180.0,,,,,7.0,hit,7.0,hit,7.0,hit,22.0,hit,155.0,hit,1500.0,hit,1500.0,hit,1.0,hit,1.0,hit,1.0,hit,1.0,hit,3.0,hit,16.0,hit,9.799999999999955,11,True,True,True,True,,10.0,45,True,True,True,True,,10.0,84,True,True,True,True,,10.0,84,True,True,True,True,,22.0,2026-08-24T09:53:00-04:00,2.599999999999966,8347.040000000025,322.0,2026-08-24T14:53:00-04:00,1.650000000000034,10247.039999999888,,,,,,,,,155.0,2026-08-24T12:06:00-04:00,1.75,10047.039999999955,,,,,,,,,156.0,2026-08-24T12:07:00-04:00,7.5,-1452.9600000000448,1500.0,2026-08-25T10:31:00-04:00,0.0,13547.039999999955,,,,,,,,,1501.0,2026-08-25T10:32:00-04:00,6.5,547.0399999999552,1500.0,2026-08-25T10:31:00-04:00,0.0,13547.039999999955,,,,,,,,,1501.0,2026-08-25T10:32:00-04:00,6.5,547.0399999999552,3662
2026-08-24,2026-08-27,3,5.0,2026-08-24T09:31:00-04:00,5.050000000000011,NDXP  260827P29170000,NDXP  260827P29160000,final_holdout,False,False,0,0,18,16,0,1543,available,False,2026-08-24T09:31:00-04:00,2026-08-27T15:39:00-04:00,0.15000000000000002,9547.040000000023,21.0,last_observed_quote_not_settlement,1036.0,236,139,3.0499999999999545,3747.0400000001146,2026-08-24T09:32:00-04:00,0.0,5.500000000000057,-1152.9600000000903,2026-08-24T09:33:00-04:00,0.0,3.25,3347.0400000000236,2026-08-24T09:36:00-04:00,0.0,8.649999999999977,-7452.959999999933,2026-08-24T09:41:00-04:00,0.0,6.4500000000000455,-3052.9600000000673,2026-08-24T09:46:00-04:00,0.0,8.599999999999966,-7352.95999999991,2026-08-24T10:01:00-04:00,0.0,6.0,-2152.9599999999764,2026-08-24T10:31:00-04:00,0.0,8.150000000000034,-6452.960000000046,2026-08-24T11:31:00-04:00,0.0,5.900000000000034,-1952.9600000000448,2026-08-24T16:00:00-04:00,0.0,4.75,347.04000000002344,2026-08-25T16:00:00-04:00,0.0,4.099999999999994,1647.0400000000348,2026-08-26T16:00:00-04:00,0.0,,,2026-08-27T15:39:00-04:00,1260.0,0.0,hit,1.0,hit,1.0,hit,74.0,hit,74.0,hit,74.0,hit,74.0,hit,8.0,hit,8.0,hit,8.0,hit,8.0,hit,56.0,hit,,never_hit,9.049999999999955,57,True,True,True,True,,9.049999999999955,57,True,True,True,True,,9.049999999999955,57,True,True,True,True,,9.049999999999955,57,True,True,True,True,,74.0,2026-08-24T10:45:00-04:00,0.4000000000000341,9047.039999999955,75.0,2026-08-24T10:46:00-04:00,1.6999999999999318,6447.04000000016,265.0,2026-08-24T13:56:00-04:00,2.6999999999999886,4447.040000000046,75.0,2026-08-24T10:46:00-04:00,1.6999999999999318,6447.04000000016,74.0,2026-08-24T10:45:00-04:00,0.4000000000000341,9047.039999999955,75.0,2026-08-24T10:46:00-04:00,1.6999999999999318,6447.04000000016,4322.0,2026-08-27T09:33:00-04:00,1.25,7347.040000000024,75.0,2026-08-24T10:46:00-04:00,1.6999999999999318,6447.04000000016,74.0,2026-08-24T10:45:00-04:00,0.4000000000000341,9047.039999999955,4333.0,2026-08-27T09:44:00-04:00,0.6999999999999993,8447.040000000026,4334.0,2026-08-27T09:45:00-04:00,0.5499999999999989,8747.040000000026,75.0,2026-08-24T10:46:00-04:00,1.6999999999999318,6447.04000000016,74.0,2026-08-24T10:45:00-04:00,0.4000000000000341,9047.039999999955,4363.0,2026-08-27T10:14:00-04:00,0.3000000000000007,9247.040000000023,4364.0,2026-08-27T10:15:00-04:00,0.40000000000000036,9047.040000000023,75.0,2026-08-24T10:46:00-04:00,1.6999999999999318,6447.04000000016,3663
2026-08-24,2026-08-27,3,6.0,2026-08-24T09:31:00-04:00,5.9500000000000455,NDXP  260827P29260000,NDXP  260827P29250000,final_holdout,False,False,0,0,45,80,0,1419,available,False,2026-08-24T09:31:00-04:00,2026-08-27T15:35:00-04:00,0.0,11647.040000000092,25.0,last_observed_quote_not_settlement,1043.0,246,160,6.850000000000023,-2052.9599999999537,2026-08-24T09:32:00-04:00,0.0,3.3500000000000227,4947.040000000046,2026-08-24T09:33:00-04:00,0.0,5.699999999999932,247.04000000022805,2026-08-24T09:36:00-04:00,0.0,6.300000000000011,-952.9599999999311,2026-08-24T09:41:00-04:00,0.0,7.199999999999932,-2752.9599999997718,2026-08-24T09:46:00-04:00,0.0,6.449999999999932,-1252.959999999772,2026-08-24T10:01:00-04:00,0.0,7.0,-2352.959999999908,2026-08-24T10:31:00-04:00,0.0,6.699999999999989,-1752.9599999998857,2026-08-24T11:31:00-04:00,0.0,6.2999999999999545,-952.9599999998175,2026-08-24T16:00:00-04:00,0.0,5.599999999999994,447.040000000103,2026-08-25T16:00:00-04:00,0.0,5.0,1647.0400000000916,2026-08-26T16:00:00-04:00,0.0,,,2026-08-27T15:35:00-04:00,1500.0,2.0,hit,2.0,hit,2.0,hit,47.0,hit,146.0,hit,146.0,hit,148.0,hit,1.0,hit,4.0,hit,4.0,hit,32.0,hit,40.0,hit,40.0,hit,10.0,27,True,True,True,True,,10.0,79,True,True,True,True,,10.0,79,True,True,True,True,,10.0,79,True,True,True,True,,47.0,2026-08-24T10:18:00-04:00,2.4500000000000455,6747.040000000001,146.0,2026-08-24T11:57:00-04:00,0.8999999999999773,9847.040000000137,324.0,2026-08-24T14:55:00-04:00,2.4499999999999886,6747.040000000115,48.0,2026-08-24T10:19:00-04:00,4.800000000000011,2047.040000000069,146.0,2026-08-24T11:57:00-04:00,0.8999999999999773,9847.040000000137,149.0,2026-08-24T12:00:00-04:00,0.6000000000000227,10447.040000000046,4332.0,2026-08-27T09:43:00-04:00,1.3999999999999986,8847.040000000095,147.0,2026-08-24T11:58:00-04:00,3.8000000000000114,4047.040000000069,146.0,2026-08-24T11:57:00-04:00,0.8999999999999773,9847.040000000137,149.0,2026-08-24T12:00:00-04:00,0.6000000000000227,10447.040000000046,4369.0,2026-08-27T10:20:00-04:00,0.75,10147.040000000092,147.0,2026-08-24T11:58:00-04:00,3.8000000000000114,4047.040000000069,210.0,2026-08-24T13:01:00-04:00,0.0,11647.040000000092,4410.0,2026-08-27T11:01:00-04:00,0.3000000000000007,11047.040000000092,4411.0,2026-08-27T11:02:00-04:00,0.25,11147.040000000092,,,,,3664
2026-08-24,2026-08-27,3,7.0,2026-08-24T09:31:00-04:00,7.099999999999966,NDXP  260827P29400000,NDXP  260827P29390000,final_holdout,False,False,0,0,207,161,0,1194,available,False,2026-08-24T09:31:00-04:00,2026-08-27T15:47:00-04:00,0.0,13947.039999999934,13.0,last_observed_quote_not_settlement,1037.0,222,181,7.500000000000057,-1052.9600000001813,2026-08-24T09:32:00-04:00,0.0,7.350000000000023,-752.960000000113,2026-08-24T09:33:00-04:00,0.0,8.699999999999989,-3452.9600000000464,2026-08-24T09:36:00-04:00,0.0,,,2026-08-24T09:40:00-04:00,60.0,2.5499999999999545,8847.040000000025,2026-08-24T09:46:00-04:00,0.0,8.150000000000034,-2352.9600000001374,2026-08-24T10:01:00-04:00,0.0,,,2026-08-24T10:30:00-04:00,60.0,,,2026-08-24T11:30:00-04:00,60.0,8.100000000000023,-2252.9600000001146,2026-08-24T16:00:00-04:00,0.0,6.650000000000034,647.0399999998642,2026-08-25T16:00:00-04:00,0.0,6.349999999999994,1247.0399999999438,2026-08-26T16:00:00-04:00,0.0,,,2026-08-27T15:47:00-04:00,780.0,13.0,hit,13.0,hit,13.0,hit,14.0,hit,14.0,hit,94.0,hit,1468.0,hit,5.0,hit,5.0,hit,0.0,hit,5.0,hit,36.0,hit,36.0,hit,8.699999999999989,6,True,True,False,False,,8.699999999999989,6,True,True,False,False,,10.0,25,True,True,True,True,,10.0,97,True,True,True,True,,14.0,2026-08-24T09:45:00-04:00,1.7999999999999545,10347.040000000025,15.0,2026-08-24T09:46:00-04:00,2.5499999999999545,8847.040000000025,191.0,2026-08-24T12:42:00-04:00,2.900000000000034,8147.0399999998635,15.0,2026-08-24T09:46:00-04:00,2.5499999999999545,8847.040000000025,14.0,2026-08-24T09:45:00-04:00,1.7999999999999545,10347.040000000025,1518.0,2026-08-25T10:49:00-04:00,1.3000000000000682,11347.039999999797,1666.0,2026-08-25T13:17:00-04:00,1.75,10447.039999999934,15.0,2026-08-24T09:46:00-04:00,2.5499999999999545,8847.040000000025,94.0,2026-08-24T11:05:00-04:00,0.7500000000000568,12447.039999999819,1665.0,2026-08-25T13:16:00-04:00,0.4000000000000341,13147.039999999864,4427.0,2026-08-27T11:18:00-04:00,0.9000000000000004,12147.039999999932,95.0,2026-08-24T11:06:00-04:00,7.349999999999966,-752.9599999999994,1468.0,2026-08-25T09:59:00-04:00,0.1500000000000341,13647.039999999864,4516.0,2026-08-27T12:47:00-04:00,0.35000000000000053,13247.039999999932,4522.0,2026-08-27T12:53:00-04:00,0.1999999999999993,13547.039999999935,,,,,3665
2026-08-25,2026-08-27,2,5.0,2026-08-25T09:31:00-04:00,5.049999999999983,NDXP  260827P29300000,NDXP  260827P29290000,final_holdout,False,False,0,0,40,19,0,1134,available,False,2026-08-25T09:31:00-04:00,2026-08-27T15:44:00-04:00,0.0,9847.039999999968,16.0,last_observed_quote_not_settlement,1036.0,548,149,5.149999999999977,-452.95999999998793,2026-08-25T09:32:00-04:00,0.0,4.699999999999989,447.03999999998933,2026-08-25T09:33:00-04:00,0.0,4.699999999999989,447.03999999998933,2026-08-25T09:36:00-04:00,0.0,4.75,347.0399999999666,2026-08-25T09:41:00-04:00,0.0,4.849999999999994,147.03999999997797,2026-08-25T09:46:00-04:00,0.0,5.25,-652.9600000000335,2026-08-25T10:01:00-04:00,0.0,6.150000000000034,-2452.9600000001014,2026-08-25T10:31:00-04:00,0.0,5.149999999999977,-452.95999999998793,2026-08-25T11:31:00-04:00,0.0,7.699999999999989,-5552.960000000011,2026-08-25T16:00:00-04:00,0.0,5.449999999999989,-1052.9600000000107,2026-08-26T16:00:00-04:00,0.0,,,2026-08-27T15:44:00-04:00,960.0,,,,,0.0,hit,2.0,hit,6.0,hit,29.0,hit,29.0,hit,1485.0,hit,2959.0,hit,37.0,hit,53.0,hit,53.0,hit,53.0,hit,53.0,hit,1486.0,hit,5.299999999999983,3,False,False,False,False,,5.299999999999983,3,False,False,False,False,,9.199999999999989,305,True,True,True,True,,9.699999999999989,548,True,True,True,True,,29.0,2026-08-25T10:00:00-04:00,2.0,5847.039999999966,1634.0,2026-08-26T12:45:00-04:00,2.8999999999999773,4047.040000000012,2888.0,2026-08-27T09:39:00-04:00,2.750000000000007,4347.039999999953,30.0,2026-08-25T10:01:00-04:00,5.25,-652.9600000000335,74.0,2026-08-25T10:45:00-04:00,1.8000000000000682,6247.03999999983,2894.0,2026-08-27T09:45:00-04:00,1.3500000000000014,7147.039999999964,2895.0,2026-08-27T09:46:00-04:00,1.1499999999999986,7547.039999999969,,,,,2928.0,2026-08-27T10:19:00-04:00,0.9499999999999993,7947.039999999968,2934.0,2026-08-27T10:25:00-04:00,0.8500000000000014,8147.039999999964,2938.0,2026-08-27T10:29:00-04:00,0.6500000000000004,8547.039999999966,2929.0,2026-08-27T10:20:00-04:00,1.1999999999999993,7447.039999999968,2959.0,2026-08-27T10:50:00-04:00,0.40000000000000036,9047.039999999966,2960.0,2026-08-27T10:51:00-04:00,0.3500000000000014,9147.039999999964,2979.0,2026-08-27T11:10:00-04:00,0.39999999999999947,9047.039999999968,2960.0,2026-08-27T10:51:00-04:00,0.3500000000000014,9147.039999999964,3666
2026-08-25,2026-08-27,2,6.0,2026-08-25T09:31:00-04:00,5.900000000000034,NDXP  260827P29430000,NDXP  260827P29420000,final_holdout,False,False,0,0,69,16,0,1047,available,False,2026-08-25T09:31:00-04:00,2026-08-27T15:55:00-04:00,0.25000000000000006,11047.04000000007,5.0,last_observed_quote_not_settlement,1036.0,524,94,5.850000000000023,-152.95999999997656,2026-08-25T09:32:00-04:00,0.0,5.550000000000011,447.0400000000462,2026-08-25T09:33:00-04:00,0.0,3.4499999999999886,4647.040000000092,2026-08-25T09:36:00-04:00,0.0,5.949999999999932,-352.95999999979466,2026-08-25T09:41:00-04:00,0.0,0.5499999999999545,10447.040000000161,2026-08-25T09:46:00-04:00,0.0,6.5499999999999545,-1552.9599999998402,2026-08-25T10:01:00-04:00,0.0,7.850000000000023,-4152.959999999976,2026-08-25T10:31:00-04:00,0.0,,,2026-08-25T11:30:00-04:00,60.0,6.75,-1952.9599999999311,2026-08-25T16:00:00-04:00,0.0,8.700000000000017,-5852.959999999967,2026-08-26T16:00:00-04:00,0.0,,,2026-08-27T15:55:00-04:00,300.0,,,,,5.0,hit,5.0,hit,5.0,hit,6.0,hit,6.0,hit,15.0,hit,3073.0,hit,9.0,hit,17.0,hit,17.0,hit,17.0,hit,52.0,hit,52.0,hit,5.900000000000034,0,False,False,False,False,,5.900000000000034,0,False,False,False,False,,6.899999999999977,4,False,False,False,False,,9.950000000000045,524,True,True,True,True,,6.0,2026-08-25T09:37:00-04:00,1.8000000000000114,7947.040000000046,7.0,2026-08-25T09:38:00-04:00,1.9499999999999886,7647.040000000092,2929.0,2026-08-27T10:20:00-04:00,2.6499999999999915,6247.040000000086,7.0,2026-08-25T09:38:00-04:00,1.9499999999999886,7647.040000000092,6.0,2026-08-25T09:37:00-04:00,1.8000000000000114,7947.040000000046,7.0,2026-08-25T09:38:00-04:00,1.9499999999999886,7647.040000000092,2970.0,2026-08-27T11:01:00-04:00,1.5499999999999972,8447.040000000075,7.0,2026-08-25T09:38:00-04:00,1.9499999999999886,7647.040000000092,15.0,2026-08-25T09:46:00-04:00,0.5499999999999545,10447.040000000161,3066.0,2026-08-27T12:37:00-04:00,0.75,10047.04000000007,3067.0,2026-08-27T12:38:00-04:00,0.7999999999999998,9947.04000000007,16.0,2026-08-25T09:47:00-04:00,5.700000000000017,147.0400000000348,3073.0,2026-08-27T12:44:00-04:00,0.35000000000000053,10847.040000000068,3085.0,2026-08-27T12:56:00-04:00,0.25,11047.04000000007,3086.0,2026-08-27T12:57:00-04:00,0.25,11047.04000000007,3074.0,2026-08-27T12:45:00-04:00,0.4500000000000002,10647.04000000007,3667
2026-08-25,2026-08-27,2,7.0,2026-08-25T09:31:00-04:00,7.0,NDXP  260827P30000000,NDXP  260827P29990000,final_holdout,False,False,0,0,72,414,0,697,available,False,2026-08-25T09:31:00-04:00,2026-08-27T15:59:00-04:00,10.0,-6152.96,1.0,last_observed_quote_not_settlement,1050.0,436,49,,,2026-08-25T09:31:00-04:00,60.0,,,2026-08-25T09:31:00-04:00,120.0,5.75,2247.040000000001,2026-08-25T09:36:00-04:00,0.0,7.7000000000000455,-1652.9600000000903,2026-08-25T09:41:00-04:00,0.0,8.200000000000045,-2652.960000000092,2026-08-25T09:46:00-04:00,0.0,9.700000000000045,-5652.960000000092,2026-08-25T10:01:00-04:00,0.0,0.0,13747.04,2026-08-25T10:31:00-04:00,0.0,,,2026-08-25T11:20:00-04:00,660.0,9.75,-5752.960000000001,2026-08-25T16:00:00-04:00,0.0,9.850000000000136,-5952.960000000274,2026-08-26T16:00:00-04:00,0.0,,,2026-08-27T15:59:00-04:00,60.0,,,,,8.0,hit,8.0,hit,8.0,hit,8.0,hit,8.0,hit,41.0,hit,60.0,hit,10.0,hit,15.0,hit,0.0,hit,15.0,hit,18.0,hit,29.0,hit,7.0,0,True,False,False,False,,7.0,0,True,False,False,False,,10.0,7,True,True,True,True,,10.0,9,True,True,True,True,,8.0,2026-08-25T09:39:00-04:00,1.5,10747.04,1630.0,2026-08-26T12:41:00-04:00,0.39999999999997726,12947.040000000046,,,,,,,,,8.0,2026-08-25T09:39:00-04:00,1.5,10747.04,,,,,,,,,,,,,41.0,2026-08-25T10:12:00-04:00,0.6499999999999773,12447.040000000046,,,,,,,,,,,,,60.0,2026-08-25T10:31:00-04:00,0.0,13747.04,,,,,,,,,61.0,2026-08-25T10:32:00-04:00,6.100000000000023,1547.0399999999552,3668
2026-08-25,2026-08-28,3,5.0,2026-08-25T09:31:00-04:00,5.000000000000057,NDXP  260828P29350000,NDXP  260828P29340000,final_holdout,False,False,0,0,107,65,0,1391,available,False,2026-08-25T09:31:00-04:00,2026-08-28T15:56:00-04:00,0.04999999999999999,9647.040000000115,4.0,last_observed_quote_not_settlement,1036.0,420,89,5.2999999999999545,-852.9599999997947,2026-08-25T09:32:00-04:00,0.0,5.2000000000000455,-652.9599999999766,2026-08-25T09:33:00-04:00,0.0,4.900000000000034,-52.959999999953816,2026-08-25T09:36:00-04:00,0.0,5.0,-252.9599999998856,2026-08-25T09:41:00-04:00,0.0,5.0,-252.9599999998856,2026-08-25T09:46:00-04:00,0.0,5.5,-1252.9599999998857,2026-08-25T10:01:00-04:00,0.0,5.850000000000023,-1952.9599999999311,2026-08-25T10:31:00-04:00,0.0,5.5,-1252.9599999998857,2026-08-25T11:31:00-04:00,0.0,4.300000000000011,1147.0400000000916,2026-08-25T16:00:00-04:00,0.0,5.750000000000028,-1752.9599999999425,2026-08-26T16:00:00-04:00,0.0,2.450000000000003,4847.040000000109,2026-08-27T16:00:00-04:00,0.0,,,2026-08-28T15:56:00-04:00,240.0,0.0,hit,3.0,hit,29.0,hit,63.0,hit,63.0,hit,63.0,hit,63.0,hit,32.0,hit,44.0,hit,52.0,hit,52.0,hit,92.0,hit,92.0,hit,8.299999999999955,35,True,True,False,False,,8.299999999999955,35,True,True,False,False,,8.299999999999955,35,True,True,False,False,,8.299999999999955,35,True,True,False,False,,63.0,2026-08-25T10:34:00-04:00,0.1999999999999318,9347.040000000252,79.0,2026-08-25T10:50:00-04:00,2.050000000000068,5647.039999999978,2922.0,2026-08-27T10:13:00-04:00,2.799999999999997,4147.04000000012,,,,,63.0,2026-08-25T10:34:00-04:00,0.1999999999999318,9347.040000000252,88.0,2026-08-25T10:59:00-04:00,0.75,8247.040000000115,3080.0,2026-08-27T12:51:00-04:00,1.7000000000000028,6347.040000000109,,,,,63.0,2026-08-25T10:34:00-04:00,0.1999999999999318,9347.040000000252,88.0,2026-08-25T10:59:00-04:00,0.75,8247.040000000115,4338.0,2026-08-28T09:49:00-04:00,0.4499999999999993,8847.040000000117,,,,,63.0,2026-08-25T10:34:00-04:00,0.1999999999999318,9347.040000000252,4389.0,2026-08-28T10:40:00-04:00,0.4499999999999993,8847.040000000117,4390.0,2026-08-28T10:41:00-04:00,0.40000000000000036,8947.040000000114,,,,,3669
2026-08-25,2026-08-28,3,6.0,2026-08-25T09:31:00-04:00,5.999999999999943,NDXP  260828P29560000,NDXP  260828P29550000,final_holdout,False,False,0,0,74,63,0,1462,available,False,2026-08-25T09:31:00-04:00,2026-08-28T15:59:00-04:00,8.700000000000003,-5652.96000000012,1.0,last_observed_quote_not_settlement,1036.0,807,105,,,2026-08-25T09:31:00-04:00,60.0,8.25,-4752.960000000115,2026-08-25T09:33:00-04:00,0.0,0.5499999999999545,10647.039999999979,2026-08-25T09:36:00-04:00,0.0,3.6499999999999773,4447.039999999933,2026-08-25T09:41:00-04:00,0.0,,,2026-08-25T09:43:00-04:00,180.0,6.350000000000023,-952.9600000001585,2026-08-25T10:01:00-04:00,0.0,7.4500000000000455,-3152.9600000002038,2026-08-25T10:31:00-04:00,0.0,9.5,-7252.960000000115,2026-08-25T11:31:00-04:00,0.0,6.900000000000034,-2052.960000000181,2026-08-25T16:00:00-04:00,0.0,9.149999999999977,-6552.960000000069,2026-08-26T16:00:00-04:00,0.0,3.25,5247.039999999887,2026-08-27T16:00:00-04:00,0.0,,,2026-08-28T15:59:00-04:00,60.0,5.0,hit,5.0,hit,5.0,hit,5.0,hit,5.0,hit,5.0,hit,4443.0,hit,2.0,hit,2.0,hit,2.0,hit,2.0,hit,85.0,hit,85.0,hit,8.25,0,True,True,False,False,,8.25,0,True,True,False,False,,8.25,0,True,True,False,False,,10.0,597,True,True,True,True,,5.0,2026-08-25T09:36:00-04:00,0.5499999999999545,10647.039999999979,1775.0,2026-08-26T15:06:00-04:00,2.2000000000000455,7347.039999999796,4389.0,2026-08-28T10:40:00-04:00,2.9000000000000057,5947.039999999875,6.0,2026-08-25T09:37:00-04:00,5.800000000000068,147.0399999997506,5.0,2026-08-25T09:36:00-04:00,0.5499999999999545,10647.039999999979,4397.0,2026-08-28T10:48:00-04:00,1.7000000000000028,8347.039999999883,4398.0,2026-08-28T10:49:00-04:00,1.5,8747.039999999888,6.0,2026-08-25T09:37:00-04:00,5.800000000000068,147.0399999997506,5.0,2026-08-25T09:36:00-04:00,0.5499999999999545,10647.039999999979,4406.0,2026-08-28T10:57:00-04:00,0.9499999999999993,9847.03999999989,4407.0,2026-08-28T10:58:00-04:00,0.8999999999999986,9947.03999999989,6.0,2026-08-25T09:37:00-04:00,5.800000000000068,147.0399999997506,,,,,,,,,,,,,,,,,3670
2026-08-25,2026-08-28,3,7.0,2026-08-25T09:31:00-04:00,7.099999999999966,NDXP  260828P29630000,NDXP  260828P29620000,final_holdout,False,False,0,0,16,68,0,1509,available,False,2026-08-25T09:31:00-04:00,2026-08-28T15:57:00-04:00,9.900000000000006,-5852.960000000081,3.0,last_observed_quote_not_settlement,1036.0,809,213,7.849999999999966,-1752.9599999999994,2026-08-25T09:32:00-04:00,0.0,5.900000000000034,2147.0399999998644,2026-08-25T09:33:00-04:00,0.0,6.699999999999989,547.0399999999552,2026-08-25T09:36:00-04:00,0.0,6.850000000000023,247.039999999887,2026-08-25T09:41:00-04:00,0.0,6.949999999999989,47.039999999955235,2026-08-25T09:46:00-04:00,0.0,7.25,-552.9600000000676,2026-08-25T10:01:00-04:00,0.0,7.900000000000091,-1852.9600000002495,2026-08-25T10:31:00-04:00,0.0,7.5,-1052.9600000000676,2026-08-25T11:31:00-04:00,0.0,7.25,-552.9600000000676,2026-08-25T16:00:00-04:00,0.0,,,2026-08-26T15:59:00-04:00,60.0,4.200000000000003,5547.039999999927,2026-08-27T16:00:00-04:00,0.0,,,2026-08-28T15:57:00-04:00,180.0,7.0,hit,7.0,hit,20.0,hit,4396.0,hit,4405.0,hit,,never_hit,,never_hit,1.0,hit,37.0,hit,0.0,hit,37.0,hit,53.0,hit,80.0,hit,9.949999999999932,639,True,True,True,True,,9.949999999999932,639,True,True,True,True,,,,True,True,True,False,5.849999999999966,,,True,True,True,False,5.849999999999966,4396.0,2026-08-28T10:47:00-04:00,2.799999999999997,8347.039999999939,4399.0,2026-08-28T10:50:00-04:00,2.3999999999999915,9147.03999999995,4400.0,2026-08-28T10:51:00-04:00,2.3000000000000007,9347.039999999932,4397.0,2026-08-28T10:48:00-04:00,3.200000000000003,7547.039999999927,4406.0,2026-08-28T10:57:00-04:00,1.7999999999999972,10347.039999999939,4407.0,2026-08-28T10:58:00-04:00,1.8000000000000007,10347.039999999932,4408.0,2026-08-28T10:59:00-04:00,1.5500000000000007,10847.039999999932,4407.0,2026-08-28T10:58:00-04:00,1.8000000000000007,10347.039999999932,,,,,,,,,,,,,,,,,,,,,,,,,,,,,,,,,3671
2026-08-26,2026-08-28,2,5.0,2026-08-26T09:31:00-04:00,4.999999999999972,NDXP  260828P29190000,NDXP  260828P29180000,final_holdout,False,False,0,0,4,14,0,1166,available,False,2026-08-26T09:31:00-04:00,2026-08-28T15:42:00-04:00,0.0,9747.039999999944,18.0,last_observed_quote_not_settlement,1036.0,46,48,4.449999999999989,847.0399999999665,2026-08-26T09:32:00-04:00,0.0,4.300000000000011,1147.039999999921,2026-08-26T09:33:00-04:00,0.0,5.150000000000034,-552.9600000001244,2026-08-26T09:36:00-04:00,0.0,4.399999999999977,947.0399999999893,2026-08-26T09:41:00-04:00,0.0,4.200000000000017,1347.0399999999097,2026-08-26T09:46:00-04:00,0.0,4.100000000000023,1547.0399999998983,2026-08-26T10:01:00-04:00,0.0,5.100000000000023,-452.9600000001016,2026-08-26T10:31:00-04:00,0.0,4.300000000000011,1147.039999999921,2026-08-26T11:31:00-04:00,0.0,4.099999999999994,1547.0399999999552,2026-08-26T16:00:00-04:00,0.0,0.75,8247.039999999944,2026-08-27T16:00:00-04:00,0.0,,,2026-08-28T15:42:00-04:00,1080.0,,,,,0.0,hit,0.0,hit,6.0,hit,7.0,hit,1440.0,hit,1626.0,hit,1826.0,hit,8.0,hit,8.0,hit,,never_hit,,never_hit,,never_hit,,never_hit,5.150000000000034,1,False,False,False,False,,6.799999999999983,46,False,False,False,False,,6.799999999999983,46,False,False,False,False,,6.799999999999983,46,False,False,False,False,,7.0,2026-08-26T09:38:00-04:00,2.4000000000000057,4947.039999999933,1441.0,2026-08-27T09:32:00-04:00,2.450000000000003,4847.039999999938,1442.0,2026-08-27T09:33:00-04:00,2.5,4747.039999999944,8.0,2026-08-26T09:39:00-04:00,6.100000000000023,-2452.9600000001014,1440.0,2026-08-27T09:31:00-04:00,1.8500000000000014,6047.039999999941,1455.0,2026-08-27T09:46:00-04:00,1.5499999999999972,6647.03999999995,1456.0,2026-08-27T09:47:00-04:00,1.7000000000000028,6347.039999999938,1441.0,2026-08-27T09:32:00-04:00,2.450000000000003,4847.039999999938,1633.0,2026-08-27T12:44:00-04:00,0.9000000000000021,7947.03999999994,1634.0,2026-08-27T12:45:00-04:00,0.9000000000000021,7947.03999999994,1646.0,2026-08-27T12:57:00-04:00,0.9499999999999957,7847.039999999953,1634.0,2026-08-27T12:45:00-04:00,0.9000000000000021,7947.03999999994,1827.0,2026-08-27T15:58:00-04:00,0.40000000000000036,8947.039999999944,2891.0,2026-08-28T09:42:00-04:00,0.25,9247.039999999944,2892.0,2026-08-28T09:43:00-04:00,0.40000000000000036,8947.039999999944,1828.0,2026-08-27T15:59:00-04:00,1.0999999999999996,7547.0399999999445,3672
2026-08-26,2026-08-28,2,6.0,2026-08-26T09:31:00-04:00,5.9500000000000455,NDXP  260828P29900000,NDXP  260828P29890000,final_holdout,False,False,0,0,135,210,0,845,available,False,2026-08-26T09:31:00-04:00,2026-08-28T15:59:00-04:00,10.0,-8252.959999999908,1.0,last_observed_quote_not_settlement,1037.0,656,40,,,2026-08-26T09:31:00-04:00,60.0,0.9500000000000455,9747.04,2026-08-26T09:33:00-04:00,0.0,,,2026-08-26T09:33:00-04:00,180.0,9.649999999999977,-7652.9599999998645,2026-08-26T09:41:00-04:00,0.0,,,2026-08-26T09:45:00-04:00,60.0,3.3500000000000227,4947.040000000046,2026-08-26T10:01:00-04:00,0.0,9.149999999999864,-6652.959999999637,2026-08-26T10:31:00-04:00,0.0,3.400000000000091,4847.03999999991,2026-08-26T11:31:00-04:00,0.0,9.25,-6852.95999999991,2026-08-26T16:00:00-04:00,0.0,7.75,-3852.959999999908,2026-08-27T16:00:00-04:00,0.0,,,2026-08-28T15:59:00-04:00,60.0,,,,,2.0,hit,2.0,hit,2.0,hit,2.0,hit,2.0,hit,2.0,hit,259.0,hit,7.0,hit,7.0,hit,7.0,hit,7.0,hit,10.0,hit,10.0,hit,5.9500000000000455,0,False,False,False,False,,5.9500000000000455,0,False,False,False,False,,5.9500000000000455,0,False,False,False,False,,9.849999999999909,34,True,True,True,True,,2.0,2026-08-26T09:33:00-04:00,0.9500000000000455,9747.04,259.0,2026-08-26T13:50:00-04:00,0.10000000000002274,11447.040000000046,,,,,,,,,2.0,2026-08-26T09:33:00-04:00,0.9500000000000455,9747.04,259.0,2026-08-26T13:50:00-04:00,0.10000000000002274,11447.040000000046,,,,,,,,,258.0,2026-08-26T13:49:00-04:00,0.75,10147.040000000092,259.0,2026-08-26T13:50:00-04:00,0.10000000000002274,11447.040000000046,,,,,259.0,2026-08-26T13:50:00-04:00,0.10000000000002274,11447.040000000046,259.0,2026-08-26T13:50:00-04:00,0.10000000000002274,11447.040000000046,,,,,,,,,,,,,3673
2026-08-26,2026-08-28,2,7.0,2026-08-26T09:31:00-04:00,7.0,NDXP  260828P29490000,NDXP  260828P29480000,final_holdout,False,False,0,0,7,12,0,1177,available,False,2026-08-26T09:31:00-04:00,2026-08-28T16:00:00-04:00,8.199999999999996,-2652.9599999999928,0.0,last_observed_quote_not_settlement,1036.0,291,158,6.600000000000023,547.0399999999552,2026-08-26T09:32:00-04:00,0.0,6.7000000000000455,347.03999999990975,2026-08-26T09:33:00-04:00,0.0,7.25,-752.9599999999994,2026-08-26T09:36:00-04:00,0.0,5.149999999999977,3447.0400000000463,2026-08-26T09:41:00-04:00,0.0,6.2999999999999545,1147.0400000000916,2026-08-26T09:46:00-04:00,0.0,6.349999999999966,1047.0400000000689,2026-08-26T10:01:00-04:00,0.0,6.5499999999999545,647.0400000000916,2026-08-26T10:31:00-04:00,0.0,7.25,-752.9599999999994,2026-08-26T11:31:00-04:00,0.0,6.400000000000034,947.0399999999324,2026-08-26T16:00:00-04:00,0.0,3.4499999999999957,6847.040000000009,2026-08-27T16:00:00-04:00,0.0,8.199999999999996,-2652.9599999999928,2026-08-28T16:00:00-04:00,0.0,,,,,3.0,hit,3.0,hit,3.0,hit,16.0,hit,16.0,hit,2954.0,hit,2963.0,hit,4.0,hit,4.0,hit,0.0,hit,4.0,hit,275.0,hit,275.0,hit,8.850000000000023,4,True,True,False,False,,8.850000000000023,4,True,True,False,False,,9.899999999999977,180,True,True,True,True,,9.899999999999977,180,True,True,True,True,,16.0,2026-08-26T09:47:00-04:00,1.8000000000000114,10147.039999999979,1826.0,2026-08-27T15:57:00-04:00,2.8500000000000085,8047.039999999984,1827.0,2026-08-27T15:58:00-04:00,2.5500000000000043,8647.039999999994,17.0,2026-08-26T09:48:00-04:00,4.599999999999966,4547.040000000069,16.0,2026-08-26T09:47:00-04:00,1.8000000000000114,10147.039999999979,2945.0,2026-08-28T10:36:00-04:00,1.7999999999999972,10147.040000000008,2946.0,2026-08-28T10:37:00-04:00,1.6500000000000021,10447.039999999997,17.0,2026-08-26T09:48:00-04:00,4.599999999999966,4547.040000000069,2954.0,2026-08-28T10:45:00-04:00,0.9000000000000004,11947.04,2955.0,2026-08-28T10:46:00-04:00,0.75,12247.04,2960.0,2026-08-28T10:51:00-04:00,0.6999999999999993,12347.040000000003,2955.0,2026-08-28T10:46:00-04:00,0.75,12247.04,2963.0,2026-08-28T10:54:00-04:00,0.1999999999999993,13347.040000000003,2964.0,2026-08-28T10:55:00-04:00,0.20000000000000107,13347.039999999999,2965.0,2026-08-28T10:56:00-04:00,0.40000000000000036,12947.04,2964.0,2026-08-28T10:55:00-04:00,0.20000000000000107,13347.039999999999,3674
2026-08-28,2026-08-31,3,5.0,2026-08-28T09:31:00-04:00,5.050000000000011,NDXP  260831P29740000,NDXP  260831P29730000,final_holdout,False,False,0,0,19,207,0,568,available,False,2026-08-28T09:31:00-04:00,2026-08-31T16:00:00-04:00,8.0,-6152.959999999978,0.0,last_observed_quote_not_settlement,3916.0,388,41,5.7000000000000455,-1552.9600000000676,2026-08-28T09:32:00-04:00,0.0,,,2026-08-28T09:32:00-04:00,60.0,7.050000000000011,-4252.959999999999,2026-08-28T09:36:00-04:00,0.0,5.500000000000028,-1152.9600000000335,2026-08-28T09:41:00-04:00,0.0,5.800000000000011,-1752.9599999999994,2026-08-28T09:46:00-04:00,0.0,6.049999999999983,-2252.9599999999423,2026-08-28T10:01:00-04:00,0.0,6.300000000000011,-2752.959999999999,2026-08-28T10:31:00-04:00,0.0,6.450000000000003,-3052.9599999999823,2026-08-28T11:31:00-04:00,0.0,9.0,-8152.959999999978,2026-08-28T16:00:00-04:00,0.0,,,2026-08-28T16:15:00-04:00,85500.0,,,2026-08-28T16:15:00-04:00,171900.0,8.0,-6152.959999999978,2026-08-31T16:00:00-04:00,0.0,0.0,hit,32.0,hit,88.0,hit,117.0,hit,,never_hit,,never_hit,,never_hit,1.0,hit,4.0,hit,5.0,hit,37.0,hit,39.0,hit,39.0,hit,9.699999999999989,80,True,True,True,True,,,,True,True,True,False,2.250000000000014,,,True,True,True,False,2.250000000000014,,,True,True,True,False,2.250000000000014,117.0,2026-08-28T11:28:00-04:00,2.799999999999997,4247.040000000029,,,,,,,,,118.0,2026-08-28T11:29:00-04:00,4.449999999999989,947.0400000000461,,,,,,,,,,,,,,,,,,,,,,,,,,,,,,,,,,,,,,,,,,,,,,,,,3675
2026-08-28,2026-08-31,3,6.0,2026-08-28T09:31:00-04:00,6.0499999999999545,NDXP  260831P29920000,NDXP  260831P29910000,final_holdout,False,False,0,0,5,203,0,579,available,False,2026-08-28T09:31:00-04:00,2026-08-31T16:00:00-04:00,10.0,-8052.960000000091,0.0,last_observed_quote_not_settlement,3916.0,432,15,8.050000000000011,-4252.960000000115,2026-08-28T09:32:00-04:00,0.0,8.5,-5152.960000000092,2026-08-28T09:33:00-04:00,0.0,8.5,-5152.960000000092,2026-08-28T09:36:00-04:00,0.0,7.199999999999989,-2552.9600000000673,2026-08-28T09:41:00-04:00,0.0,8.200000000000045,-4552.960000000183,2026-08-28T09:46:00-04:00,0.0,,,2026-08-28T09:59:00-04:00,120.0,9.150000000000034,-6452.96000000016,2026-08-28T10:31:00-04:00,0.0,2.1999999999999886,7447.039999999933,2026-08-28T11:31:00-04:00,0.0,,,2026-08-28T15:59:00-04:00,60.0,,,2026-08-28T16:15:00-04:00,85500.0,,,2026-08-28T16:15:00-04:00,171900.0,10.0,-8052.960000000091,2026-08-31T16:00:00-04:00,0.0,119.0,hit,120.0,hit,120.0,hit,120.0,hit,,never_hit,,never_hit,,never_hit,1.0,hit,1.0,hit,1.0,hit,1.0,hit,20.0,hit,26.0,hit,9.950000000000045,94,True,True,True,True,,,,True,True,True,False,3.849999999999966,,,True,True,True,False,3.849999999999966,,,True,True,True,False,3.849999999999966,120.0,2026-08-28T11:31:00-04:00,2.1999999999999886,7447.039999999933,,,,,,,,,121.0,2026-08-28T11:32:00-04:00,4.900000000000006,2047.0399999998986,,,,,,,,,,,,,,,,,,,,,,,,,,,,,,,,,,,,,,,,,,,,,,,,,3676
2026-08-28,2026-08-31,3,7.0,2026-08-28T09:31:00-04:00,7.0,NDXP  260831P29800000,NDXP  260831P29790000,final_holdout,False,False,0,0,0,180,0,614,available,False,2026-08-28T09:31:00-04:00,2026-08-31T15:59:00-04:00,10.0,-6152.96,1.0,last_observed_quote_not_settlement,3916.0,390,25,5.850000000000023,2047.0399999999554,2026-08-28T09:32:00-04:00,0.0,6.199999999999932,1347.040000000137,2026-08-28T09:33:00-04:00,0.0,9.800000000000011,-5852.960000000024,2026-08-28T09:36:00-04:00,0.0,5.75,2247.040000000001,2026-08-28T09:41:00-04:00,0.0,6.400000000000006,947.0399999999893,2026-08-28T09:46:00-04:00,0.0,,,2026-08-28T09:59:00-04:00,120.0,6.800000000000011,147.03999999997797,2026-08-28T10:31:00-04:00,0.0,5.9500000000000455,1847.0399999999097,2026-08-28T11:31:00-04:00,0.0,,,2026-08-28T15:59:00-04:00,60.0,,,2026-08-28T16:15:00-04:00,85500.0,,,2026-08-28T16:15:00-04:00,171900.0,,,2026-08-31T15:59:00-04:00,60.0,4.0,hit,11.0,hit,,never_hit,,never_hit,,never_hit,,never_hit,,never_hit,3.0,hit,5.0,hit,0.0,hit,5.0,hit,5.0,hit,5.0,hit,,,True,True,True,False,2.849999999999966,,,True,True,True,False,2.849999999999966,,,True,True,True,False,2.849999999999966,,,True,True,True,False,2.849999999999966,,,,,,,,,,,,,,,,,,,,,,,,,,,,,,,,,,,,,,,,,,,,,,,,,,,,,,,,,,,,,,,,,3677
2026-08-31,2026-09-02,2,5.0,2026-08-31T09:31:00-04:00,5.149999999999977,NDXP  260902P29510000,NDXP  260902P29500000,final_holdout,False,False,0,0,9,202,0,987,available,False,2026-08-31T09:31:00-04:00,2026-09-02T16:00:00-04:00,10.0,-9852.960000000045,0.0,last_observed_quote_not_settlement,1036.0,765,111,5.549999999999983,-1052.9600000000107,2026-08-31T09:32:00-04:00,0.0,5.5,-952.9600000000448,2026-08-31T09:33:00-04:00,0.0,3.8000000000000114,2447.0399999999327,2026-08-31T09:36:00-04:00,0.0,7.049999999999983,-4052.9600000000105,2026-08-31T09:41:00-04:00,0.0,7.75,-5452.960000000045,2026-08-31T09:46:00-04:00,0.0,6.699999999999989,-3352.960000000022,2026-08-31T10:01:00-04:00,0.0,7.300000000000011,-4552.960000000067,2026-08-31T10:31:00-04:00,0.0,5.100000000000023,-152.96000000009025,2026-08-31T11:31:00-04:00,0.0,4.699999999999989,647.0399999999779,2026-08-31T16:00:00-04:00,0.0,9.800000000000011,-9552.960000000068,2026-09-01T16:00:00-04:00,0.0,10.0,-9852.960000000045,2026-09-02T16:00:00-04:00,0.0,,,,,0.0,hit,5.0,hit,5.0,hit,20.0,hit,22.0,hit,,never_hit,,never_hit,3.0,hit,4.0,hit,6.0,hit,39.0,hit,1440.0,hit,1448.0,hit,7.75,16,True,False,False,False,,7.75,17,True,False,False,False,,,,True,True,True,False,3.94999999999996,,,True,True,True,False,3.94999999999996,20.0,2026-08-31T09:51:00-04:00,2.5499999999999545,4947.040000000046,,,,,,,,,21.0,2026-08-31T09:52:00-04:00,6.400000000000034,-2752.960000000113,22.0,2026-08-31T09:53:00-04:00,1.200000000000017,7647.039999999921,,,,,,,,,23.0,2026-08-31T09:54:00-04:00,7.649999999999977,-5252.959999999999,,,,,,,,,,,,,,,,,,,,,,,,,,,,,,,,,3678
2026-08-31,2026-09-02,2,6.0,2026-08-31T09:31:00-04:00,6.0,NDXP  260902P29560000,NDXP  260902P29550000,final_holdout,False,False,0,0,5,223,0,971,available,False,2026-08-31T09:31:00-04:00,2026-09-02T16:00:00-04:00,10.0,-8152.96,0.0,last_observed_quote_not_settlement,1037.0,757,74,5.5,747.0400000000006,2026-08-31T09:32:00-04:00,0.0,5.599999999999994,547.040000000012,2026-08-31T09:33:00-04:00,0.0,7.649999999999977,-3552.9599999999537,2026-08-31T09:36:00-04:00,0.0,6.649999999999977,-1552.9599999999539,2026-08-31T09:41:00-04:00,0.0,7.400000000000034,-3052.9600000000673,2026-08-31T09:46:00-04:00,0.0,6.449999999999989,-1152.9599999999766,2026-08-31T10:01:00-04:00,0.0,7.100000000000023,-2452.9600000000446,2026-08-31T10:31:00-04:00,0.0,6.75,-1752.9599999999994,2026-08-31T11:31:00-04:00,0.0,4.300000000000011,3147.039999999978,2026-08-31T16:00:00-04:00,0.0,,,2026-09-01T15:59:00-04:00,60.0,10.0,-8152.96,2026-09-02T16:00:00-04:00,0.0,,,,,1.0,hit,95.0,hit,270.0,hit,3016.0,hit,3016.0,hit,,never_hit,,never_hit,3.0,hit,5.0,hit,5.0,hit,11.0,hit,11.0,hit,167.0,hit,10.0,650,True,True,True,True,,10.0,650,True,True,True,True,,,,True,True,True,False,4.899999999999977,,,True,True,True,False,4.899999999999977,3016.0,2026-09-02T11:47:00-04:00,1.1000000000000227,9547.039999999955,,,,,,,,,,,,,3016.0,2026-09-02T11:47:00-04:00,1.1000000000000227,9547.039999999955,,,,,,,,,,,,,,,,,,,,,,,,,,,,,,,,,,,,,,,,,,,,,3679
2026-08-31,2026-09-02,2,7.0,2026-08-31T09:31:00-04:00,7.049999999999983,NDXP  260902P29600000,NDXP  260902P29590000,final_holdout,False,False,0,0,43,271,0,885,available,False,2026-08-31T09:31:00-04:00,2026-09-02T16:00:00-04:00,9.0,-4152.9600000000355,0.0,last_observed_quote_not_settlement,1038.0,534,104,5.899999999999977,2047.0400000000122,2026-08-31T09:32:00-04:00,0.0,6.5,847.0399999999665,2026-08-31T09:33:00-04:00,0.0,3.3000000000000114,7247.039999999944,2026-08-31T09:36:00-04:00,0.0,6.350000000000023,1147.039999999921,2026-08-31T09:41:00-04:00,0.0,6.600000000000023,647.0399999999211,2026-08-31T09:46:00-04:00,0.0,4.9500000000000455,3947.039999999876,2026-08-31T10:01:00-04:00,0.0,,,2026-08-31T10:30:00-04:00,60.0,7.75,-1652.9600000000335,2026-08-31T11:31:00-04:00,0.0,7.199999999999989,-552.9600000000107,2026-08-31T16:00:00-04:00,0.0,9.949999999999989,-6052.960000000013,2026-09-01T16:00:00-04:00,0.0,9.0,-4152.9600000000355,2026-09-02T16:00:00-04:00,0.0,,,,,4.0,hit,4.0,hit,5.0,hit,17.0,hit,17.0,hit,17.0,hit,,never_hit,16.0,hit,16.0,hit,0.0,hit,16.0,hit,19.0,hit,19.0,hit,8.899999999999977,1,True,True,False,False,,8.899999999999977,1,True,True,False,False,,8.899999999999977,1,True,True,False,False,,,,True,True,True,False,6.5,17.0,2026-08-31T09:48:00-04:00,0.549999999999983,12747.04,,,,,,,,,18.0,2026-08-31T09:49:00-04:00,5.849999999999994,2147.039999999978,17.0,2026-08-31T09:48:00-04:00,0.549999999999983,12747.04,,,,,,,,,18.0,2026-08-31T09:49:00-04:00,5.849999999999994,2147.039999999978,17.0,2026-08-31T09:48:00-04:00,0.549999999999983,12747.04,,,,,,,,,18.0,2026-08-31T09:49:00-04:00,5.849999999999994,2147.039999999978,,,,,,,,,,,,,,,,,3680
2026-08-31,2026-09-03,3,5.0,2026-08-31T09:31:00-04:00,5.150000000000006,NDXP  260903P29530000,NDXP  260903P29520000,final_holdout,False,False,0,0,48,182,0,1367,available,False,2026-08-31T09:31:00-04:00,2026-09-03T15:59:00-04:00,10.0,-9852.959999999988,1.0,last_observed_quote_not_settlement,1038.0,1043,141,5.849999999999994,-1652.9599999999766,2026-08-31T09:32:00-04:00,0.0,5.349999999999966,-652.9599999999198,2026-08-31T09:33:00-04:00,0.0,6.300000000000011,-2552.9600000000105,2026-08-31T09:36:00-04:00,0.0,6.25,-2452.9599999999878,2026-08-31T09:41:00-04:00,0.0,6.000000000000057,-1952.9600000001017,2026-08-31T09:46:00-04:00,0.0,3.5,3047.0400000000122,2026-08-31T10:01:00-04:00,0.0,6.350000000000023,-2652.9600000000332,2026-08-31T10:31:00-04:00,0.0,3.400000000000034,3247.039999999944,2026-08-31T11:31:00-04:00,0.0,4.300000000000011,1447.0399999999893,2026-08-31T16:00:00-04:00,0.0,9.700000000000045,-9352.96000000008,2026-09-01T16:00:00-04:00,0.0,9.350000000000023,-8652.960000000034,2026-09-02T16:00:00-04:00,0.0,,,2026-09-03T15:59:00-04:00,60.0,0.0,hit,8.0,hit,22.0,hit,22.0,hit,22.0,hit,22.0,hit,22.0,hit,1.0,hit,4.0,hit,21.0,hit,21.0,hit,51.0,hit,51.0,hit,8.299999999999955,16,True,True,False,False,,8.299999999999955,16,True,True,False,False,,8.299999999999955,16,True,True,False,False,,8.299999999999955,16,True,True,False,False,,22.0,2026-08-31T09:53:00-04:00,0.14999999999997726,9747.040000000059,146.0,2026-08-31T11:57:00-04:00,2.3500000000000227,5347.039999999966,147.0,2026-08-31T11:58:00-04:00,2.4499999999999886,5147.0400000000345,23.0,2026-08-31T09:54:00-04:00,7.050000000000011,-4052.9600000000105,22.0,2026-08-31T09:53:00-04:00,0.14999999999997726,9747.040000000059,237.0,2026-08-31T13:28:00-04:00,0.8499999999999943,8347.040000000025,238.0,2026-08-31T13:29:00-04:00,0.8499999999999943,8347.040000000025,23.0,2026-08-31T09:54:00-04:00,7.050000000000011,-4052.9600000000105,22.0,2026-08-31T09:53:00-04:00,0.14999999999997726,9747.040000000059,237.0,2026-08-31T13:28:00-04:00,0.8499999999999943,8347.040000000025,238.0,2026-08-31T13:29:00-04:00,0.8499999999999943,8347.040000000025,23.0,2026-08-31T09:54:00-04:00,7.050000000000011,-4052.9600000000105,22.0,2026-08-31T09:53:00-04:00,0.14999999999997726,9747.040000000059,,,,,,,,,23.0,2026-08-31T09:54:00-04:00,7.050000000000011,-4052.9600000000105,3681
2026-08-31,2026-09-03,3,6.0,2026-08-31T09:31:00-04:00,6.100000000000023,NDXP  260903P29660000,NDXP  260903P29650000,final_holdout,False,False,0,0,44,283,0,1276,available,False,2026-08-31T09:31:00-04:00,2026-09-03T15:59:00-04:00,10.0,-7952.959999999955,1.0,last_observed_quote_not_settlement,1037.0,1063,24,8.750000000000057,-5552.960000000069,2026-08-31T09:32:00-04:00,0.0,,,2026-08-31T09:32:00-04:00,60.0,6.850000000000023,-1752.9599999999994,2026-08-31T09:36:00-04:00,0.0,7.250000000000057,-2552.9600000000673,2026-08-31T09:41:00-04:00,0.0,7.0,-2052.9599999999537,2026-08-31T09:46:00-04:00,0.0,6.850000000000023,-1752.9599999999994,2026-08-31T10:01:00-04:00,0.0,7.449999999999989,-2952.959999999931,2026-08-31T10:31:00-04:00,0.0,7.75,-3552.9599999999537,2026-08-31T11:31:00-04:00,0.0,7.149999999999977,-2352.959999999908,2026-08-31T16:00:00-04:00,0.0,9.0,-6052.9599999999555,2026-09-01T16:00:00-04:00,0.0,,,2026-09-02T15:59:00-04:00,60.0,,,2026-09-03T15:59:00-04:00,60.0,25.0,hit,25.0,hit,383.0,hit,403.0,hit,,never_hit,,never_hit,,never_hit,1.0,hit,1.0,hit,1.0,hit,1.0,hit,382.0,hit,382.0,hit,10.0,379,True,True,True,True,,,,True,True,True,False,3.8500000000000227,,,True,True,True,False,3.8500000000000227,,,True,True,True,False,3.8500000000000227,403.0,2026-08-31T16:14:00-04:00,2.25,7447.040000000046,,,,,,,,,404.0,2026-08-31T16:15:00-04:00,5.449999999999989,1047.0400000000689,,,,,,,,,,,,,,,,,,,,,,,,,,,,,,,,,,,,,,,,,,,,,,,,,3682
2026-08-31,2026-09-03,3,7.0,2026-08-31T09:31:00-04:00,7.050000000000011,NDXP  260903P29640000,NDXP  260903P29630000,final_holdout,False,False,0,0,0,147,0,1456,available,False,2026-08-31T09:31:00-04:00,2026-09-03T16:00:00-04:00,8.900000000000006,-3952.9599999999896,0.0,last_observed_quote_not_settlement,1036.0,1153,144,6.000000000000057,1847.0399999999097,2026-08-31T09:32:00-04:00,0.0,7.849999999999966,-1852.9599999999084,2026-08-31T09:33:00-04:00,0.0,6.800000000000068,247.039999999887,2026-08-31T09:36:00-04:00,0.0,6.949999999999932,-52.95999999984013,2026-08-31T09:41:00-04:00,0.0,6.550000000000011,747.0400000000006,2026-08-31T09:46:00-04:00,0.0,6.900000000000034,47.039999999955235,2026-08-31T10:01:00-04:00,0.0,7.25,-652.9599999999766,2026-08-31T10:31:00-04:00,0.0,7.5,-1152.9599999999766,2026-08-31T11:31:00-04:00,0.0,5.449999999999989,2947.0400000000463,2026-08-31T16:00:00-04:00,0.0,9.5,-5152.959999999978,2026-09-01T16:00:00-04:00,0.0,9.899999999999977,-5952.959999999933,2026-09-02T16:00:00-04:00,0.0,8.900000000000006,-3952.9599999999896,2026-09-03T16:00:00-04:00,0.0,4.0,hit,4.0,hit,21.0,hit,21.0,hit,,never_hit,,never_hit,,never_hit,2.0,hit,26.0,hit,0.0,hit,26.0,hit,26.0,hit,1451.0,hit,7.849999999999966,2,True,False,False,False,,,,True,True,True,False,4.2000000000000455,,,True,True,True,False,4.2000000000000455,,,True,True,True,False,4.2000000000000455,21.0,2026-08-31T09:52:00-04:00,2.849999999999966,8147.040000000091,,,,,,,,,22.0,2026-08-31T09:53:00-04:00,6.800000000000011,247.04000000000067,,,,,,,,,,,,,,,,,,,,,,,,,,,,,,,,,,,,,,,,,,,,,,,,,3683
2026-09-01,2026-09-03,2,5.0,2026-09-01T09:31:00-04:00,5.050000000000011,NDXP  260903P29140000,NDXP  260903P29130000,final_holdout,False,False,0,0,16,23,0,1117,available,False,2026-09-01T09:31:00-04:00,2026-09-03T15:29:00-04:00,0.0,9847.040000000025,31.0,last_observed_quote_not_settlement,1036.0,236,147,5.550000000000011,-1252.9599999999994,2026-09-01T09:32:00-04:00,0.0,5.400000000000006,-952.959999999988,2026-09-01T09:33:00-04:00,0.0,4.800000000000011,247.04000000000067,2026-09-01T09:36:00-04:00,0.0,6.799999999999983,-3752.9599999999423,2026-09-01T09:41:00-04:00,0.0,5.150000000000006,-452.95999999998793,2026-09-01T09:46:00-04:00,0.0,5.349999999999994,-852.9599999999652,2026-09-01T10:01:00-04:00,0.0,4.199999999999989,1447.0400000000461,2026-09-01T10:31:00-04:00,0.0,3.8499999999999943,2147.040000000035,2026-09-01T11:31:00-04:00,0.0,4.699999999999989,447.0400000000462,2026-09-01T16:00:00-04:00,0.0,3.8500000000000085,2147.0400000000063,2026-09-02T16:00:00-04:00,0.0,,,2026-09-03T15:29:00-04:00,1860.0,,,,,0.0,hit,5.0,hit,70.0,hit,80.0,hit,2889.0,hit,2901.0,hit,2972.0,hit,1.0,hit,10.0,hit,13.0,hit,305.0,hit,,never_hit,,never_hit,7.5,26,True,False,False,False,,8.200000000000017,236,True,True,False,False,,8.200000000000017,236,True,True,False,False,,8.200000000000017,236,True,True,False,False,,80.0,2026-09-01T10:51:00-04:00,2.750000000000014,4347.039999999995,2888.0,2026-09-03T09:39:00-04:00,2.5,4847.040000000024,2889.0,2026-09-03T09:40:00-04:00,1.8000000000000007,6247.040000000022,81.0,2026-09-01T10:52:00-04:00,4.0,1847.0400000000234,2889.0,2026-09-03T09:40:00-04:00,1.8000000000000007,6247.040000000022,2890.0,2026-09-03T09:41:00-04:00,1.75,6347.040000000024,2891.0,2026-09-03T09:42:00-04:00,1.5,6847.040000000024,2890.0,2026-09-03T09:41:00-04:00,1.75,6347.040000000024,2940.0,2026-09-03T10:31:00-04:00,0.8000000000000007,8247.040000000023,2969.0,2026-09-03T11:00:00-04:00,0.8999999999999986,8047.040000000026,2970.0,2026-09-03T11:01:00-04:00,0.75,8347.040000000025,2941.0,2026-09-03T10:32:00-04:00,1.549999999999999,6747.040000000025,2972.0,2026-09-03T11:03:00-04:00,0.14999999999999947,9547.040000000025,2973.0,2026-09-03T11:04:00-04:00,0.34999999999999964,9147.040000000025,2974.0,2026-09-03T11:05:00-04:00,0.40000000000000036,9047.040000000023,2973.0,2026-09-03T11:04:00-04:00,0.34999999999999964,9147.040000000025,3684
2026-09-01,2026-09-03,2,6.0,2026-09-01T09:31:00-04:00,6.050000000000011,NDXP  260903P29350000,NDXP  260903P29340000,final_holdout,False,False,0,0,49,61,0,1083,available,False,2026-09-01T09:31:00-04:00,2026-09-03T15:57:00-04:00,0.025000000000000022,11797.040000000023,3.0,last_observed_quote_not_settlement,1036.0,612,154,7.899999999999977,-3952.959999999931,2026-09-01T09:32:00-04:00,0.0,7.25,-2652.9599999999764,2026-09-01T09:33:00-04:00,0.0,7.149999999999977,-2452.959999999931,2026-09-01T09:36:00-04:00,0.0,4.2000000000000455,3447.0399999999327,2026-09-01T09:41:00-04:00,0.0,1.8500000000000227,8147.039999999978,2026-09-01T09:46:00-04:00,0.0,9.5,-7152.959999999978,2026-09-01T10:01:00-04:00,0.0,8.399999999999977,-4952.959999999933,2026-09-01T10:31:00-04:00,0.0,4.650000000000006,2547.0400000000122,2026-09-01T11:31:00-04:00,0.0,8.200000000000045,-4552.960000000069,2026-09-01T16:00:00-04:00,0.0,8.199999999999989,-4552.9599999999555,2026-09-02T16:00:00-04:00,0.0,,,2026-09-03T15:57:00-04:00,180.0,,,,,10.0,hit,10.0,hit,15.0,hit,15.0,hit,15.0,hit,2996.0,hit,3025.0,hit,1.0,hit,1.0,hit,1.0,hit,8.0,hit,8.0,hit,11.0,hit,9.599999999999966,10,True,True,True,True,,9.599999999999966,10,True,True,True,True,,9.999999999999972,612,True,True,True,True,,9.999999999999972,612,True,True,True,True,,15.0,2026-09-01T09:46:00-04:00,1.8500000000000227,8147.039999999978,2981.0,2026-09-03T11:12:00-04:00,2.349999999999998,7147.040000000027,2982.0,2026-09-03T11:13:00-04:00,2.4499999999999993,6947.0400000000245,16.0,2026-09-01T09:47:00-04:00,9.050000000000068,-6252.960000000115,15.0,2026-09-01T09:46:00-04:00,1.8500000000000227,8147.039999999978,2994.0,2026-09-03T11:25:00-04:00,1.7999999999999972,8247.04000000003,2995.0,2026-09-03T11:26:00-04:00,1.9499999999999993,7947.0400000000245,16.0,2026-09-01T09:47:00-04:00,9.050000000000068,-6252.960000000115,3025.0,2026-09-03T11:56:00-04:00,0.5,10847.040000000025,3026.0,2026-09-03T11:57:00-04:00,0.7999999999999989,10247.040000000026,3027.0,2026-09-03T11:58:00-04:00,0.9000000000000004,10047.040000000023,3026.0,2026-09-03T11:57:00-04:00,0.7999999999999989,10247.040000000026,3072.0,2026-09-03T12:43:00-04:00,0.3500000000000014,11147.04000000002,3073.0,2026-09-03T12:44:00-04:00,0.3500000000000014,11147.04000000002,3074.0,2026-09-03T12:45:00-04:00,0.2999999999999998,11247.040000000025,3073.0,2026-09-03T12:44:00-04:00,0.3500000000000014,11147.04000000002,3685
2026-09-01,2026-09-03,2,7.0,2026-09-01T09:31:00-04:00,7.050000000000011,NDXP  260903P29250000,NDXP  260903P29240000,final_holdout,False,False,0,0,36,36,0,1118,available,False,2026-09-01T09:31:00-04:00,2026-09-03T15:30:00-04:00,0.17499999999999993,13497.040000000025,30.0,last_observed_quote_not_settlement,1036.0,107,127,2.8000000000000114,8247.04,2026-09-01T09:32:00-04:00,0.0,2.0,9847.040000000025,2026-09-01T09:33:00-04:00,0.0,6.75,347.04000000002344,2026-09-01T09:36:00-04:00,0.0,3.6000000000000227,6647.039999999978,2026-09-01T09:41:00-04:00,0.0,6.849999999999966,147.04000000009165,2026-09-01T09:46:00-04:00,0.0,0.9499999999999886,11947.040000000046,2026-09-01T10:01:00-04:00,0.0,3.799999999999983,6247.040000000057,2026-09-01T10:31:00-04:00,0.0,5.199999999999989,3447.0400000000463,2026-09-01T11:31:00-04:00,0.0,7.049999999999983,-252.95999999994245,2026-09-01T16:00:00-04:00,0.0,6.399999999999977,1047.0400000000689,2026-09-02T16:00:00-04:00,0.0,,,2026-09-03T15:30:00-04:00,1800.0,,,,,1.0,hit,1.0,hit,1.0,hit,1.0,hit,2.0,hit,30.0,hit,2999.0,hit,4.0,hit,4.0,hit,0.0,hit,4.0,hit,4.0,hit,4.0,hit,7.050000000000011,0,True,False,False,False,,7.050000000000011,0,True,False,False,False,,9.599999999999966,4,True,True,True,True,,9.600000000000023,107,True,True,True,True,,1.0,2026-09-01T09:32:00-04:00,2.8000000000000114,8247.04,2.0,2026-09-01T09:33:00-04:00,2.0,9847.040000000025,2901.0,2026-09-03T09:52:00-04:00,2.700000000000003,8447.040000000019,2.0,2026-09-01T09:33:00-04:00,2.0,9847.040000000025,30.0,2026-09-01T10:01:00-04:00,0.9499999999999886,11947.040000000046,2972.0,2026-09-03T11:03:00-04:00,1.5500000000000007,10747.040000000023,2973.0,2026-09-03T11:04:00-04:00,1.5999999999999996,10647.040000000025,31.0,2026-09-01T10:02:00-04:00,4.749999999999972,4347.04000000008,30.0,2026-09-01T10:01:00-04:00,0.9499999999999886,11947.040000000046,2982.0,2026-09-03T11:13:00-04:00,0.9000000000000004,12047.040000000023,2986.0,2026-09-03T11:17:00-04:00,0.6500000000000004,12547.040000000023,31.0,2026-09-01T10:02:00-04:00,4.749999999999972,4347.04000000008,2999.0,2026-09-03T11:30:00-04:00,0.35000000000000053,13147.040000000023,3000.0,2026-09-03T11:31:00-04:00,0.4499999999999993,12947.040000000026,3013.0,2026-09-03T11:44:00-04:00,0.2999999999999998,13247.040000000025,3000.0,2026-09-03T11:31:00-04:00,0.4499999999999993,12947.040000000026,3686
2026-09-01,2026-09-04,3,5.0,2026-09-01T09:31:00-04:00,5.0,NDXP  260904P29140000,NDXP  260904P29130000,final_holdout,False,False,0,0,12,102,0,1452,available,False,2026-09-01T09:31:00-04:00,2026-09-04T15:31:00-04:00,0.09999999999999998,9547.04,29.0,last_observed_quote_not_settlement,1036.0,158,113,4.899999999999977,-52.959999999953816,2026-09-01T09:32:00-04:00,0.0,5.0,-252.9599999999993,2026-09-01T09:33:00-04:00,0.0,4.800000000000011,147.03999999997797,2026-09-01T09:36:00-04:00,0.0,5.949999999999989,-2152.9599999999764,2026-09-01T09:41:00-04:00,0.0,4.599999999999994,547.040000000012,2026-09-01T09:46:00-04:00,0.0,4.949999999999989,-152.95999999997656,2026-09-01T10:01:00-04:00,0.0,5.100000000000023,-452.9600000000448,2026-09-01T10:31:00-04:00,0.0,4.050000000000011,1647.039999999978,2026-09-01T11:31:00-04:00,0.0,5.099999999999994,-452.95999999998793,2026-09-01T16:00:00-04:00,0.0,4.299999999999983,1147.0400000000348,2026-09-02T16:00:00-04:00,0.0,0.8999999999999986,7947.040000000004,2026-09-03T16:00:00-04:00,0.0,,,2026-09-04T15:31:00-04:00,1740.0,0.0,hit,0.0,hit,76.0,hit,155.0,hit,315.0,hit,315.0,hit,1461.0,hit,10.0,hit,11.0,hit,319.0,hit,319.0,hit,319.0,hit,,never_hit,6.600000000000023,19,False,False,False,False,,6.600000000000023,41,False,False,False,False,,6.600000000000023,41,False,False,False,False,,9.399999999999977,86,True,True,True,True,,155.0,2026-09-01T12:06:00-04:00,2.8499999999999943,4047.040000000012,316.0,2026-09-01T14:47:00-04:00,1.75,6247.040000000001,317.0,2026-09-01T14:48:00-04:00,2.4499999999999886,4847.040000000024,156.0,2026-09-01T12:07:00-04:00,3.75,2247.040000000001,315.0,2026-09-01T14:46:00-04:00,0.5500000000000682,8647.039999999864,316.0,2026-09-01T14:47:00-04:00,1.75,6247.040000000001,2975.0,2026-09-03T11:06:00-04:00,1.3999999999999986,6947.040000000004,316.0,2026-09-01T14:47:00-04:00,1.75,6247.040000000001,315.0,2026-09-01T14:46:00-04:00,0.5500000000000682,8647.039999999864,3125.0,2026-09-03T13:36:00-04:00,0.8999999999999986,7947.040000000004,3129.0,2026-09-03T13:40:00-04:00,0.8999999999999986,7947.040000000004,316.0,2026-09-01T14:47:00-04:00,1.75,6247.040000000001,4320.0,2026-09-04T09:31:00-04:00,0.29999999999999893,9147.040000000005,4321.0,2026-09-04T09:32:00-04:00,0.09999999999999964,9547.040000000003,4325.0,2026-09-04T09:36:00-04:00,0.2500000000000009,9247.039999999999,4321.0,2026-09-04T09:32:00-04:00,0.09999999999999964,9547.040000000003,3687
2026-09-01,2026-09-04,3,6.0,2026-09-01T09:31:00-04:00,6.0,NDXP  260904P29270000,NDXP  260904P29260000,final_holdout,False,False,0,0,18,23,0,1536,available,False,2026-09-01T09:31:00-04:00,2026-09-04T15:26:00-04:00,0.07500000000000001,11597.04,34.0,last_observed_quote_not_settlement,1036.0,336,173,9.799999999999955,-7852.95999999991,2026-09-01T09:32:00-04:00,0.0,7.349999999999966,-2952.959999999931,2026-09-01T09:33:00-04:00,0.0,6.0,-252.9599999999993,2026-09-01T09:36:00-04:00,0.0,6.699999999999932,-1652.959999999863,2026-09-01T09:41:00-04:00,0.0,5.500000000000057,747.039999999887,2026-09-01T09:46:00-04:00,0.0,7.149999999999977,-2552.9599999999537,2026-09-01T10:01:00-04:00,0.0,7.150000000000006,-2552.9600000000105,2026-09-01T10:31:00-04:00,0.0,5.600000000000023,547.0399999999552,2026-09-01T11:31:00-04:00,0.0,6.0,-252.9599999999993,2026-09-01T16:00:00-04:00,0.0,6.400000000000034,-1052.9600000000676,2026-09-02T16:00:00-04:00,0.0,1.8500000000000014,8047.039999999998,2026-09-03T16:00:00-04:00,0.0,,,2026-09-04T15:26:00-04:00,2040.0,9.0,hit,9.0,hit,46.0,hit,46.0,hit,192.0,hit,211.0,hit,1825.0,hit,1.0,hit,1.0,hit,1.0,hit,1.0,hit,1.0,hit,1.0,hit,9.799999999999955,23,True,True,True,True,,9.799999999999955,30,True,True,True,True,,9.799999999999955,34,True,True,True,True,,9.799999999999955,334,True,True,True,True,,46.0,2026-09-01T10:17:00-04:00,2.6999999999999886,6347.040000000024,54.0,2026-09-01T10:25:00-04:00,2.0499999999999545,7647.040000000092,219.0,2026-09-01T13:10:00-04:00,2.5,6747.040000000001,47.0,2026-09-01T10:18:00-04:00,3.5499999999999545,4647.040000000092,192.0,2026-09-01T12:43:00-04:00,1.2000000000000455,9347.03999999991,3051.0,2026-09-03T12:22:00-04:00,1.8500000000000014,8047.039999999998,3071.0,2026-09-03T12:42:00-04:00,1.8999999999999986,7947.040000000004,193.0,2026-09-01T12:44:00-04:00,2.1000000000000227,7547.039999999955,211.0,2026-09-01T13:02:00-04:00,0.8500000000000227,10047.039999999955,4322.0,2026-09-04T09:33:00-04:00,0.6500000000000004,10447.04,4323.0,2026-09-04T09:34:00-04:00,0.40000000000000213,10947.039999999997,212.0,2026-09-01T13:03:00-04:00,4.149999999999977,3447.0400000000463,1825.0,2026-09-02T15:56:00-04:00,0.0,11747.04,4331.0,2026-09-04T09:42:00-04:00,0.15000000000000036,11447.04,4332.0,2026-09-04T09:43:00-04:00,0.34999999999999964,11047.040000000003,,,,,3688
2026-09-01,2026-09-04,3,7.0,2026-09-01T09:31:00-04:00,7.0499999999999545,NDXP  260904P29450000,NDXP  260904P29440000,final_holdout,False,False,0,0,74,115,0,1409,available,False,2026-09-01T09:31:00-04:00,2026-09-04T15:51:00-04:00,0.15000000000000002,13547.03999999991,9.0,last_observed_quote_not_settlement,1036.0,365,227,7.800000000000011,-1752.960000000113,2026-09-01T09:32:00-04:00,0.0,7.25,-652.9600000000903,2026-09-01T09:33:00-04:00,0.0,8.700000000000045,-3552.960000000183,2026-09-01T09:36:00-04:00,0.0,8.899999999999977,-3952.9600000000464,2026-09-01T09:41:00-04:00,0.0,,,2026-09-01T09:44:00-04:00,120.0,,,2026-09-01T09:59:00-04:00,120.0,9.800000000000011,-5752.960000000115,2026-09-01T10:31:00-04:00,0.0,9.600000000000023,-5352.960000000137,2026-09-01T11:31:00-04:00,0.0,8.399999999999977,-2952.9600000000464,2026-09-01T16:00:00-04:00,0.0,7.550000000000011,-1252.960000000113,2026-09-02T16:00:00-04:00,0.0,3.700000000000003,6447.0399999999045,2026-09-03T16:00:00-04:00,0.0,,,2026-09-04T15:51:00-04:00,540.0,21.0,hit,21.0,hit,21.0,hit,91.0,hit,134.0,hit,135.0,hit,135.0,hit,1.0,hit,5.0,hit,0.0,hit,5.0,hit,19.0,hit,19.0,hit,10.0,31,True,True,True,True,,10.0,38,True,True,True,True,,10.0,38,True,True,True,True,,10.0,38,True,True,True,True,,91.0,2026-09-01T11:02:00-04:00,2.5,8847.03999999991,135.0,2026-09-01T11:46:00-04:00,0.4000000000000341,13047.039999999843,4323.0,2026-09-04T09:34:00-04:00,2.25,9347.03999999991,92.0,2026-09-01T11:03:00-04:00,5.7000000000000455,2447.039999999819,134.0,2026-09-01T11:45:00-04:00,1.5500000000000114,10747.039999999888,135.0,2026-09-01T11:46:00-04:00,0.4000000000000341,13047.039999999843,4326.0,2026-09-04T09:37:00-04:00,1.9000000000000021,10047.039999999906,135.0,2026-09-01T11:46:00-04:00,0.4000000000000341,13047.039999999843,135.0,2026-09-01T11:46:00-04:00,0.4000000000000341,13047.039999999843,4349.0,2026-09-04T10:00:00-04:00,0.9000000000000021,12047.039999999906,4350.0,2026-09-04T10:01:00-04:00,0.8500000000000014,12147.039999999908,,,,,135.0,2026-09-01T11:46:00-04:00,0.4000000000000341,13047.039999999843,4687.0,2026-09-04T15:38:00-04:00,0.35,13147.03999999991,4691.0,2026-09-04T15:42:00-04:00,0.2749999999999999,13297.03999999991,,,,,3689
2026-09-02,2026-09-04,2,5.0,2026-09-02T09:31:00-04:00,4.950000000000017,NDXP  260904P29080000,NDXP  260904P29070000,final_holdout,False,False,0,0,28,68,0,1060,available,False,2026-09-02T09:31:00-04:00,2026-09-04T15:25:00-04:00,0.050000000000000044,9547.040000000035,35.0,last_observed_quote_not_settlement,1036.0,22,19,5.400000000000006,-1152.9599999999766,2026-09-02T09:32:00-04:00,0.0,4.650000000000006,347.04000000002344,2026-09-02T09:33:00-04:00,0.0,6.050000000000011,-2452.9599999999878,2026-09-02T09:36:00-04:00,0.0,4.5,647.0400000000348,2026-09-02T09:41:00-04:00,0.0,5.049999999999983,-452.9599999999311,2026-09-02T09:46:00-04:00,0.0,5.099999999999994,-552.9599999999539,2026-09-02T10:01:00-04:00,0.0,3.6500000000000057,2347.0400000000236,2026-09-02T10:31:00-04:00,0.0,3.499999999999986,2647.040000000063,2026-09-02T11:31:00-04:00,0.0,3.750000000000014,2147.0400000000063,2026-09-02T16:00:00-04:00,0.0,0.6500000000000021,8347.040000000032,2026-09-03T16:00:00-04:00,0.0,,,2026-09-04T15:25:00-04:00,2100.0,,,,,0.0,hit,0.0,hit,4.0,hit,40.0,hit,187.0,hit,1567.0,hit,1738.0,hit,5.0,hit,5.0,hit,,never_hit,,never_hit,,never_hit,,never_hit,6.900000000000006,19,False,False,False,False,,6.900000000000006,21,False,False,False,False,,6.900000000000006,22,False,False,False,False,,6.900000000000006,22,False,False,False,False,,40.0,2026-09-02T10:11:00-04:00,2.8499999999999943,3947.0400000000463,327.0,2026-09-02T14:58:00-04:00,2.25,5147.0400000000345,1450.0,2026-09-03T09:41:00-04:00,2.299999999999997,5047.040000000041,41.0,2026-09-02T10:12:00-04:00,4.550000000000011,547.040000000012,326.0,2026-09-02T14:57:00-04:00,1.1000000000000227,7447.039999999989,1462.0,2026-09-03T09:53:00-04:00,1.9000000000000057,5847.040000000024,1491.0,2026-09-03T10:22:00-04:00,1.6499999999999915,6347.040000000052,327.0,2026-09-02T14:58:00-04:00,2.25,5147.0400000000345,1573.0,2026-09-03T11:44:00-04:00,0.9499999999999957,7747.040000000044,1582.0,2026-09-03T11:53:00-04:00,0.9499999999999993,7747.040000000036,1583.0,2026-09-03T11:54:00-04:00,0.8999999999999986,7847.040000000037,1574.0,2026-09-03T11:45:00-04:00,1.0,7647.0400000000345,2880.0,2026-09-04T09:31:00-04:00,0.20000000000000018,9247.040000000035,2881.0,2026-09-04T09:32:00-04:00,0.0,9647.040000000035,2882.0,2026-09-04T09:33:00-04:00,0.09999999999999964,9447.040000000037,2881.0,2026-09-04T09:32:00-04:00,0.0,9647.040000000035,3690
2026-09-02,2026-09-04,2,6.0,2026-09-02T09:31:00-04:00,6.0,NDXP  260904P29070000,NDXP  260904P29060000,final_holdout,False,False,0,0,25,47,0,1090,available,False,2026-09-02T09:31:00-04:00,2026-09-04T15:39:00-04:00,0.275,11197.04,21.0,last_observed_quote_not_settlement,1036.0,7,12,4.900000000000006,1947.0399999999893,2026-09-02T09:32:00-04:00,0.0,4.700000000000017,2347.0399999999668,2026-09-02T09:33:00-04:00,0.0,3.5999999999999943,4547.040000000012,2026-09-02T09:36:00-04:00,0.0,4.300000000000011,3147.039999999978,2026-09-02T09:41:00-04:00,0.0,4.900000000000006,1947.0399999999893,2026-09-02T09:46:00-04:00,0.0,4.799999999999983,2147.040000000035,2026-09-02T10:01:00-04:00,0.0,3.75,4247.040000000001,2026-09-02T10:31:00-04:00,0.0,3.0500000000000114,5647.039999999978,2026-09-02T11:31:00-04:00,0.0,3.8499999999999943,4047.040000000012,2026-09-02T16:00:00-04:00,0.0,0.6499999999999986,10447.040000000005,2026-09-03T16:00:00-04:00,0.0,,,2026-09-04T15:39:00-04:00,1260.0,,,,,1.0,hit,1.0,hit,5.0,hit,122.0,hit,1448.0,hit,1537.0,hit,1685.0,hit,3.0,hit,31.0,hit,31.0,hit,,never_hit,,never_hit,,never_hit,7.5,5,True,False,False,False,,7.5,7,True,False,False,False,,7.5,7,True,False,False,False,,7.5,7,True,False,False,False,,122.0,2026-09-02T11:33:00-04:00,2.8499999999999943,6047.040000000012,123.0,2026-09-02T11:34:00-04:00,2.8499999999999943,6047.040000000012,124.0,2026-09-02T11:35:00-04:00,2.8499999999999943,6047.040000000012,123.0,2026-09-02T11:34:00-04:00,2.8499999999999943,6047.040000000012,1448.0,2026-09-03T09:39:00-04:00,1.7999999999999972,8147.040000000007,1457.0,2026-09-03T09:48:00-04:00,1.8500000000000014,8047.039999999998,1461.0,2026-09-03T09:52:00-04:00,1.7999999999999972,8147.040000000007,1449.0,2026-09-03T09:40:00-04:00,2.25,7247.040000000001,1581.0,2026-09-03T11:52:00-04:00,0.9499999999999993,9847.040000000003,1582.0,2026-09-03T11:53:00-04:00,0.8500000000000014,10047.039999999999,1583.0,2026-09-03T11:54:00-04:00,0.8500000000000014,10047.039999999999,1582.0,2026-09-03T11:53:00-04:00,0.8500000000000014,10047.039999999999,1710.0,2026-09-03T14:01:00-04:00,0.34999999999999964,11047.040000000003,2881.0,2026-09-04T09:32:00-04:00,0.0,11747.04,2882.0,2026-09-04T09:33:00-04:00,0.0,11747.04,1711.0,2026-09-03T14:02:00-04:00,0.5,10747.04,3691
2026-09-02,2026-09-04,2,7.0,2026-09-02T09:31:00-04:00,7.0,NDXP  260904P29310000,NDXP  260904P29300000,final_holdout,False,False,0,0,15,30,0,1148,available,False,2026-09-02T09:31:00-04:00,2026-09-04T15:53:00-04:00,0.07500000000000001,13597.04,7.0,last_observed_quote_not_settlement,1036.0,98,88,7.100000000000023,-452.9600000000448,2026-09-02T09:32:00-04:00,0.0,6.9500000000000455,-152.96000000009025,2026-09-02T09:33:00-04:00,0.0,5.099999999999909,3547.0400000001828,2026-09-02T09:36:00-04:00,0.0,6.2999999999999545,1147.0400000000916,2026-09-02T09:41:00-04:00,0.0,7.550000000000011,-1352.960000000022,2026-09-02T09:46:00-04:00,0.0,6.949999999999989,-152.95999999997656,2026-09-02T10:01:00-04:00,0.0,4.600000000000023,4547.039999999955,2026-09-02T10:31:00-04:00,0.0,6.299999999999983,1147.0400000000348,2026-09-02T11:31:00-04:00,0.0,3.3500000000000227,7047.039999999955,2026-09-02T16:00:00-04:00,0.0,2.25,9247.04,2026-09-03T16:00:00-04:00,0.0,,,2026-09-04T15:53:00-04:00,420.0,,,,,5.0,hit,32.0,hit,32.0,hit,32.0,hit,192.0,hit,2881.0,hit,2887.0,hit,7.0,hit,7.0,hit,0.0,hit,7.0,hit,40.0,hit,147.0,hit,8.5,20,True,True,False,False,,9.75,38,True,True,True,True,,9.999999999999972,98,True,True,True,True,,9.999999999999972,98,True,True,True,True,,32.0,2026-09-02T10:03:00-04:00,2.6999999999999886,8347.040000000025,193.0,2026-09-02T12:44:00-04:00,1.1999999999999886,11347.040000000025,1557.0,2026-09-03T11:28:00-04:00,2.6499999999999915,8447.040000000019,33.0,2026-09-02T10:04:00-04:00,7.850000000000023,-1952.9600000000448,192.0,2026-09-02T12:43:00-04:00,1.25,11247.04,193.0,2026-09-02T12:44:00-04:00,1.1999999999999886,11347.040000000025,1712.0,2026-09-03T14:03:00-04:00,1.8999999999999986,9947.040000000005,193.0,2026-09-02T12:44:00-04:00,1.1999999999999886,11347.040000000025,2882.0,2026-09-04T09:33:00-04:00,0.75,12247.04,2883.0,2026-09-04T09:34:00-04:00,0.6999999999999993,12347.040000000003,2884.0,2026-09-04T09:35:00-04:00,0.75,12247.04,2883.0,2026-09-04T09:34:00-04:00,0.6999999999999993,12347.040000000003,2887.0,2026-09-04T09:38:00-04:00,0.40000000000000036,12947.04,2888.0,2026-09-04T09:39:00-04:00,0.34999999999999787,13047.040000000006,2905.0,2026-09-04T09:56:00-04:00,0.3000000000000007,13147.04,2888.0,2026-09-04T09:39:00-04:00,0.34999999999999787,13047.040000000006,3692
2026-09-08,2026-09-10,2,5.0,2026-09-08T09:31:00-04:00,5.050000000000011,NDXP  260910P29620000,NDXP  260910P29610000,final_holdout,False,False,0,0,5,140,0,1055,available,False,2026-09-08T09:31:00-04:00,2026-09-10T16:00:00-04:00,10.0,-10052.959999999975,0.0,last_observed_quote_not_settlement,1036.0,779,104,4.5,847.0400000000234,2026-09-08T09:32:00-04:00,0.0,5.950000000000017,-2052.9600000000105,2026-09-08T09:33:00-04:00,0.0,5.349999999999994,-852.9599999999652,2026-09-08T09:36:00-04:00,0.0,6.049999999999983,-2252.9599999999423,2026-09-08T09:41:00-04:00,0.0,5.899999999999977,-1952.9599999999311,2026-09-08T09:46:00-04:00,0.0,6.100000000000023,-2352.960000000022,2026-09-08T10:01:00-04:00,0.0,6.349999999999994,-2852.959999999965,2026-09-08T10:31:00-04:00,0.0,4.75,347.04000000002344,2026-09-08T11:31:00-04:00,0.0,5.350000000000023,-852.9600000000221,2026-09-08T16:00:00-04:00,0.0,7.25,-4652.959999999976,2026-09-09T16:00:00-04:00,0.0,10.0,-10052.959999999975,2026-09-10T16:00:00-04:00,0.0,,,,,0.0,hit,1.0,hit,14.0,hit,49.0,hit,49.0,hit,3028.0,hit,3028.0,hit,2.0,hit,12.0,hit,12.0,hit,1479.0,hit,1610.0,hit,1659.0,hit,7.300000000000011,37,True,False,False,False,,7.300000000000011,37,True,False,False,False,,10.0,655,True,True,True,True,,10.0,655,True,True,True,True,,49.0,2026-09-08T10:20:00-04:00,1.0999999999999943,7647.0400000000345,,,,,,,,,50.0,2026-09-08T10:21:00-04:00,4.050000000000011,1747.0400000000006,49.0,2026-09-08T10:20:00-04:00,1.0999999999999943,7647.0400000000345,,,,,,,,,50.0,2026-09-08T10:21:00-04:00,4.050000000000011,1747.0400000000006,3028.0,2026-09-10T11:59:00-04:00,0.25,9347.040000000025,,,,,,,,,,,,,3028.0,2026-09-10T11:59:00-04:00,0.25,9347.040000000025,,,,,,,,,,,,,3693
2026-09-08,2026-09-10,2,6.0,2026-09-08T09:31:00-04:00,5.949999999999989,NDXP  260910P29740000,NDXP  260910P29730000,final_holdout,False,False,0,0,9,141,0,1042,available,False,2026-09-08T09:31:00-04:00,2026-09-10T16:00:00-04:00,10.0,-8252.960000000021,0.0,last_observed_quote_not_settlement,1036.0,902,53,5.149999999999977,1347.0400000000234,2026-09-08T09:32:00-04:00,0.0,5.150000000000006,1347.0399999999665,2026-09-08T09:33:00-04:00,0.0,5.050000000000011,1547.0399999999552,2026-09-08T09:36:00-04:00,0.0,6.649999999999977,-1652.9599999999766,2026-09-08T09:41:00-04:00,0.0,7.0,-2352.960000000022,2026-09-08T09:46:00-04:00,0.0,8.449999999999989,-5252.960000000001,2026-09-08T10:01:00-04:00,0.0,7.349999999999966,-3052.9599999999537,2026-09-08T10:31:00-04:00,0.0,6.699999999999989,-1752.9599999999994,2026-09-08T11:31:00-04:00,0.0,7.449999999999989,-3252.959999999999,2026-09-08T16:00:00-04:00,0.0,9.050000000000011,-6452.960000000046,2026-09-09T16:00:00-04:00,0.0,10.0,-8252.960000000021,2026-09-10T16:00:00-04:00,0.0,,,,,1.0,hit,7.0,hit,7.0,hit,7.0,hit,,never_hit,,never_hit,,never_hit,9.0,hit,13.0,hit,13.0,hit,30.0,hit,179.0,hit,182.0,hit,6.350000000000023,2,False,False,False,False,,,,True,True,True,False,3.8000000000000114,,,True,True,True,False,3.8000000000000114,,,True,True,True,False,3.8000000000000114,7.0,2026-09-08T09:38:00-04:00,2.1499999999999773,7347.040000000024,,,,,,,,,8.0,2026-09-08T09:39:00-04:00,6.400000000000006,-1152.9600000000335,,,,,,,,,,,,,,,,,,,,,,,,,,,,,,,,,,,,,,,,,,,,,,,,,3694
2026-09-08,2026-09-10,2,7.0,2026-09-08T09:31:00-04:00,7.0499999999999545,NDXP  260910P29940000,NDXP  260910P29930000,final_holdout,False,False,0,0,4,205,0,979,available,False,2026-09-08T09:31:00-04:00,2026-09-10T15:59:00-04:00,10.0,-6052.960000000091,1.0,last_observed_quote_not_settlement,1037.0,826,21,7.800000000000011,-1752.960000000113,2026-09-08T09:32:00-04:00,0.0,8.199999999999989,-2552.960000000069,2026-09-08T09:33:00-04:00,0.0,8.300000000000011,-2752.9600000001146,2026-09-08T09:36:00-04:00,0.0,8.600000000000023,-3352.9600000001374,2026-09-08T09:41:00-04:00,0.0,8.649999999999977,-3452.9600000000464,2026-09-08T09:46:00-04:00,0.0,8.800000000000068,-3752.9600000002283,2026-09-08T10:01:00-04:00,0.0,9.0,-4152.960000000092,2026-09-08T10:31:00-04:00,0.0,8.25,-2652.960000000092,2026-09-08T11:31:00-04:00,0.0,0.0,13847.03999999991,2026-09-08T16:00:00-04:00,0.0,9.550000000000011,-5252.960000000115,2026-09-09T16:00:00-04:00,0.0,,,2026-09-10T15:59:00-04:00,60.0,,,,,389.0,hit,389.0,hit,389.0,hit,389.0,hit,389.0,hit,389.0,hit,389.0,hit,1.0,hit,2.0,hit,0.0,hit,2.0,hit,14.0,hit,71.0,hit,9.850000000000023,354,True,True,True,True,,9.850000000000023,354,True,True,True,True,,9.850000000000023,354,True,True,True,True,,9.850000000000023,354,True,True,True,True,,389.0,2026-09-08T16:00:00-04:00,0.0,13847.03999999991,,,,,,,,,390.0,2026-09-08T16:01:00-04:00,9.0,-4152.960000000092,389.0,2026-09-08T16:00:00-04:00,0.0,13847.03999999991,,,,,,,,,390.0,2026-09-08T16:01:00-04:00,9.0,-4152.960000000092,389.0,2026-09-08T16:00:00-04:00,0.0,13847.03999999991,,,,,,,,,390.0,2026-09-08T16:01:00-04:00,9.0,-4152.960000000092,389.0,2026-09-08T16:00:00-04:00,0.0,13847.03999999991,,,,,,,,,390.0,2026-09-08T16:01:00-04:00,9.0,-4152.960000000092,3695
2026-09-08,2026-09-11,3,5.0,2026-09-08T09:31:00-04:00,5.0,NDXP  260911P29750000,NDXP  260911P29740000,final_holdout,False,False,0,0,68,156,0,1286,available,False,2026-09-08T09:31:00-04:00,2026-09-11T15:58:00-04:00,10.0,-10152.96,2.0,last_observed_quote_not_settlement,1036.0,1090,40,5.5,-1252.9599999999994,2026-09-08T09:32:00-04:00,0.0,6.550000000000011,-3352.960000000022,2026-09-08T09:33:00-04:00,0.0,6.2999999999999545,-2852.959999999908,2026-09-08T09:36:00-04:00,0.0,6.4500000000000455,-3152.96000000009,2026-09-08T09:41:00-04:00,0.0,6.849999999999966,-3952.959999999931,2026-09-08T09:46:00-04:00,0.0,6.850000000000023,-3952.9600000000446,2026-09-08T10:01:00-04:00,0.0,6.850000000000023,-3952.9600000000446,2026-09-08T10:31:00-04:00,0.0,,,2026-09-08T11:30:00-04:00,60.0,6.199999999999989,-2652.9599999999764,2026-09-08T16:00:00-04:00,0.0,7.75,-5752.959999999999,2026-09-09T16:00:00-04:00,0.0,9.300000000000068,-8852.960000000137,2026-09-10T16:00:00-04:00,0.0,,,2026-09-11T15:58:00-04:00,120.0,0.0,hit,0.0,hit,64.0,hit,318.0,hit,318.0,hit,1469.0,hit,,never_hit,1.0,hit,2.0,hit,6.0,hit,6.0,hit,6.0,hit,6.0,hit,10.0,149,True,True,True,True,,10.0,149,True,True,True,True,,10.0,205,True,True,True,True,,,,True,True,True,False,4.349999999999966,318.0,2026-09-08T14:49:00-04:00,1.4499999999999886,6847.040000000024,319.0,2026-09-08T14:50:00-04:00,1.8999999999999773,5947.040000000046,1475.0,2026-09-09T10:06:00-04:00,1.4499999999999318,6847.040000000137,319.0,2026-09-08T14:50:00-04:00,1.8999999999999773,5947.040000000046,318.0,2026-09-08T14:49:00-04:00,1.4499999999999886,6847.040000000024,319.0,2026-09-08T14:50:00-04:00,1.8999999999999773,5947.040000000046,,,,,319.0,2026-09-08T14:50:00-04:00,1.8999999999999773,5947.040000000046,1469.0,2026-09-09T10:00:00-04:00,0.6999999999999886,8347.040000000025,,,,,,,,,,,,,,,,,,,,,,,,,,,,,3696
2026-09-08,2026-09-11,3,6.0,2026-09-08T09:31:00-04:00,6.0,NDXP  260911P29900000,NDXP  260911P29890000,final_holdout,False,False,0,0,3,197,0,1394,available,False,2026-09-08T09:31:00-04:00,2026-09-11T15:55:00-04:00,10.0,-8152.96,5.0,last_observed_quote_not_settlement,1039.0,1244,32,,,2026-09-08T09:31:00-04:00,60.0,7.0,-2252.959999999999,2026-09-08T09:33:00-04:00,0.0,7.050000000000011,-2352.960000000022,2026-09-08T09:36:00-04:00,0.0,7.400000000000034,-3052.9600000000673,2026-09-08T09:41:00-04:00,0.0,7.800000000000011,-3852.960000000022,2026-09-08T09:46:00-04:00,0.0,7.899999999999977,-4052.9599999999537,2026-09-08T10:01:00-04:00,0.0,8.0,-4252.960000000001,2026-09-08T10:31:00-04:00,0.0,7.100000000000023,-2452.9600000000446,2026-09-08T11:31:00-04:00,0.0,,,2026-09-08T15:59:00-04:00,60.0,8.5,-5252.960000000001,2026-09-09T16:00:00-04:00,0.0,9.099999999999909,-6452.959999999819,2026-09-10T16:00:00-04:00,0.0,,,2026-09-11T15:55:00-04:00,300.0,6.0,hit,6.0,hit,,never_hit,,never_hit,,never_hit,,never_hit,,never_hit,2.0,hit,2.0,hit,2.0,hit,12.0,hit,22.0,hit,45.0,hit,,,True,True,True,False,1.4499999999999886,,,True,True,True,False,1.4499999999999886,,,True,True,True,False,1.4499999999999886,,,True,True,True,False,1.4499999999999886,,,,,,,,,,,,,,,,,,,,,,,,,,,,,,,,,,,,,,,,,,,,,,,,,,,,,,,,,,,,,,,,,3697
2026-09-08,2026-09-11,3,7.0,2026-09-08T09:31:00-04:00,7.0,NDXP  260911P29950000,NDXP  260911P29940000,final_holdout,False,False,0,0,46,288,0,1253,available,False,2026-09-08T09:31:00-04:00,2026-09-11T15:59:00-04:00,10.0,-6152.96,1.0,last_observed_quote_not_settlement,1047.0,999,100,7.199999999999989,-652.9599999999766,2026-09-08T09:32:00-04:00,0.0,7.800000000000011,-1852.960000000022,2026-09-08T09:33:00-04:00,0.0,7.25,-752.9599999999994,2026-09-08T09:36:00-04:00,0.0,7.699999999999989,-1652.9599999999766,2026-09-08T09:41:00-04:00,0.0,7.949999999999989,-2152.9599999999764,2026-09-08T09:46:00-04:00,0.0,,,2026-09-08T10:00:00-04:00,60.0,7.899999999999977,-2052.9599999999537,2026-09-08T10:31:00-04:00,0.0,6.100000000000023,1547.0399999999552,2026-09-08T11:31:00-04:00,0.0,7.9500000000000455,-2152.960000000092,2026-09-08T16:00:00-04:00,0.0,,,2026-09-09T15:52:00-04:00,480.0,9.949999999999932,-6152.9599999998645,2026-09-10T16:00:00-04:00,0.0,,,2026-09-11T15:59:00-04:00,60.0,122.0,hit,150.0,hit,203.0,hit,1797.0,hit,1800.0,hit,1800.0,hit,1800.0,hit,2.0,hit,4.0,hit,0.0,hit,4.0,hit,13.0,hit,56.0,hit,9.950000000000045,597,True,True,True,True,,9.950000000000045,597,True,True,True,True,,9.950000000000045,597,True,True,True,True,,9.950000000000045,597,True,True,True,True,,1797.0,2026-09-09T15:28:00-04:00,2.2000000000000455,9347.03999999991,,,,,,,,,,,,,1800.0,2026-09-09T15:31:00-04:00,0.5,12747.04,,,,,,,,,,,,,1800.0,2026-09-09T15:31:00-04:00,0.5,12747.04,,,,,,,,,,,,,2880.0,2026-09-10T09:31:00-04:00,0.0,13747.04,,,,,,,,,,,,,3698
2026-09-09,2026-09-11,2,5.0,2026-09-09T09:31:00-04:00,5.0,NDXP  260911P29510000,NDXP  260911P29500000,final_holdout,False,False,0,0,3,67,0,1128,available,False,2026-09-09T09:31:00-04:00,2026-09-11T16:00:00-04:00,8.5,-7252.960000000001,0.0,last_observed_quote_not_settlement,1036.0,938,95,5.25,-752.9599999999994,2026-09-09T09:32:00-04:00,0.0,4.800000000000011,147.03999999997797,2026-09-09T09:33:00-04:00,0.0,4.75,247.04000000000067,2026-09-09T09:36:00-04:00,0.0,5.0,-252.9599999999993,2026-09-09T09:41:00-04:00,0.0,4.800000000000011,147.03999999997797,2026-09-09T09:46:00-04:00,0.0,4.199999999999989,1347.0400000000234,2026-09-09T10:01:00-04:00,0.0,4.599999999999994,547.040000000012,2026-09-09T10:31:00-04:00,0.0,,,2026-09-09T11:29:00-04:00,120.0,5.100000000000023,-452.9600000000448,2026-09-09T16:00:00-04:00,0.0,7.849999999999966,-5952.959999999931,2026-09-10T16:00:00-04:00,0.0,8.5,-7252.960000000001,2026-09-11T16:00:00-04:00,0.0,,,,,0.0,hit,0.0,hit,32.0,hit,114.0,hit,178.0,hit,,never_hit,,never_hit,100.0,hit,102.0,hit,103.0,hit,105.0,hit,115.0,hit,115.0,hit,8.699999999999989,26,True,True,False,False,,9.75,76,True,True,True,True,,,,True,True,True,False,3.2000000000000455,,,True,True,True,False,3.2000000000000455,114.0,2026-09-09T11:25:00-04:00,2.249999999999943,5247.040000000115,,,,,,,,,115.0,2026-09-09T11:26:00-04:00,9.75,-9752.960000000001,178.0,2026-09-09T12:29:00-04:00,1.7999999999999545,6147.040000000092,,,,,,,,,179.0,2026-09-09T12:30:00-04:00,7.7999999999999545,-5852.959999999908,,,,,,,,,,,,,,,,,,,,,,,,,,,,,,,,,3699
2026-09-09,2026-09-11,2,6.0,2026-09-09T09:31:00-04:00,6.0,NDXP  260911P29620000,NDXP  260911P29610000,final_holdout,False,False,0,0,57,136,0,943,available,False,2026-09-09T09:31:00-04:00,2026-09-11T16:00:00-04:00,10.0,-8152.96,0.0,last_observed_quote_not_settlement,1037.0,692,67,6.0499999999999545,-352.95999999990835,2026-09-09T09:32:00-04:00,0.0,6.2999999999999545,-852.9599999999084,2026-09-09T09:33:00-04:00,0.0,,,2026-09-09T09:35:00-04:00,60.0,,,2026-09-09T09:40:00-04:00,60.0,6.4500000000000455,-1152.9600000000903,2026-09-09T09:46:00-04:00,0.0,5.099999999999994,1547.040000000012,2026-09-09T10:01:00-04:00,0.0,5.5,747.0400000000006,2026-09-09T10:31:00-04:00,0.0,6.600000000000023,-1452.9600000000448,2026-09-09T11:31:00-04:00,0.0,6.2999999999999545,-852.9599999999084,2026-09-09T16:00:00-04:00,0.0,9.0,-6252.960000000001,2026-09-10T16:00:00-04:00,0.0,10.0,-8152.96,2026-09-11T16:00:00-04:00,0.0,,,,,19.0,hit,19.0,hit,48.0,hit,48.0,hit,48.0,hit,48.0,hit,48.0,hit,7.0,hit,13.0,hit,13.0,hit,58.0,hit,103.0,hit,270.0,hit,7.25,10,True,False,False,False,,7.25,10,True,False,False,False,,7.25,10,True,False,False,False,,7.25,10,True,False,False,False,,48.0,2026-09-09T10:19:00-04:00,0.30000000000001137,11147.039999999979,49.0,2026-09-09T10:20:00-04:00,2.3500000000000227,7047.039999999955,,,,,49.0,2026-09-09T10:20:00-04:00,2.3500000000000227,7047.039999999955,48.0,2026-09-09T10:19:00-04:00,0.30000000000001137,11147.039999999979,94.0,2026-09-09T11:05:00-04:00,1.6499999999999773,8447.040000000046,,,,,49.0,2026-09-09T10:20:00-04:00,2.3500000000000227,7047.039999999955,48.0,2026-09-09T10:19:00-04:00,0.30000000000001137,11147.039999999979,,,,,,,,,49.0,2026-09-09T10:20:00-04:00,2.3500000000000227,7047.039999999955,48.0,2026-09-09T10:19:00-04:00,0.30000000000001137,11147.039999999979,,,,,,,,,49.0,2026-09-09T10:20:00-04:00,2.3500000000000227,7047.039999999955,3700
2026-09-09,2026-09-11,2,7.0,2026-09-09T09:31:00-04:00,7.0,NDXP  260911P29710000,NDXP  260911P29700000,final_holdout,False,False,0,0,36,235,0,921,available,False,2026-09-09T09:31:00-04:00,2026-09-11T16:00:00-04:00,9.949999999999932,-6152.9599999998645,0.0,last_observed_quote_not_settlement,1037.0,601,104,7.550000000000011,-1352.960000000022,2026-09-09T09:32:00-04:00,0.0,5.949999999999989,1847.0400000000234,2026-09-09T09:33:00-04:00,0.0,5.900000000000034,1947.0399999999324,2026-09-09T09:36:00-04:00,0.0,7.0,-252.9599999999993,2026-09-09T09:41:00-04:00,0.0,5.550000000000011,2647.039999999978,2026-09-09T09:46:00-04:00,0.0,,,2026-09-09T10:00:00-04:00,60.0,5.150000000000034,3447.0399999999327,2026-09-09T10:31:00-04:00,0.0,5.449999999999989,2847.0400000000236,2026-09-09T11:31:00-04:00,0.0,4.9500000000000455,3847.03999999991,2026-09-09T16:00:00-04:00,0.0,9.550000000000068,-5352.960000000137,2026-09-10T16:00:00-04:00,0.0,9.949999999999932,-6152.9599999998645,2026-09-11T16:00:00-04:00,0.0,,,,,3.0,hit,3.0,hit,19.0,hit,19.0,hit,42.0,hit,42.0,hit,,never_hit,1.0,hit,4.0,hit,0.0,hit,4.0,hit,89.0,hit,89.0,hit,8.600000000000023,7,True,True,False,False,,8.600000000000023,9,True,True,False,False,,8.600000000000023,9,True,True,False,False,,,,True,True,True,False,6.350000000000023,19.0,2026-09-09T09:50:00-04:00,2.2999999999999545,9147.040000000092,67.0,2026-09-09T10:38:00-04:00,0.7000000000000455,12347.03999999991,,,,,20.0,2026-09-09T09:51:00-04:00,8.5,-3252.960000000001,42.0,2026-09-09T10:13:00-04:00,0.8000000000000682,12147.039999999864,82.0,2026-09-09T10:53:00-04:00,1.2499999999999432,11247.040000000115,,,,,,,,,42.0,2026-09-09T10:13:00-04:00,0.8000000000000682,12147.039999999864,,,,,,,,,,,,,,,,,,,,,,,,,,,,,3701
2026-09-11,2026-09-14,3,5.0,2026-09-11T09:31:00-04:00,4.999999999999972,NDXP  260914P29420000,NDXP  260914P29410000,final_holdout,False,False,0,0,0,107,0,687,available,False,2026-09-11T09:31:00-04:00,2026-09-14T15:59:00-04:00,10.0,-10152.960000000056,1.0,last_observed_quote_not_settlement,3916.0,249,45,5.25,-752.9600000000562,2026-09-11T09:32:00-04:00,0.0,4.800000000000011,147.03999999992112,2026-09-11T09:33:00-04:00,0.0,4.950000000000017,-152.96000000009025,2026-09-11T09:36:00-04:00,0.0,4.5,747.0399999999438,2026-09-11T09:41:00-04:00,0.0,4.400000000000034,947.0399999998756,2026-09-11T09:46:00-04:00,0.0,4.400000000000006,947.0399999999324,2026-09-11T10:01:00-04:00,0.0,3.8499999999999943,2047.0399999999554,2026-09-11T10:31:00-04:00,0.0,3.700000000000017,2347.03999999991,2026-09-11T11:31:00-04:00,0.0,5.0,-252.96000000005614,2026-09-11T16:00:00-04:00,0.0,,,2026-09-11T16:15:00-04:00,85500.0,,,2026-09-11T16:15:00-04:00,171900.0,,,2026-09-14T15:59:00-04:00,60.0,0.0,hit,0.0,hit,28.0,hit,4349.0,hit,,never_hit,,never_hit,,never_hit,37.0,hit,77.0,hit,4320.0,hit,4320.0,hit,4320.0,hit,4320.0,hit,10.0,53,True,True,True,True,,,,True,True,True,False,2.3999999999999773,,,True,True,True,False,2.3999999999999773,,,True,True,True,False,2.3999999999999773,4349.0,2026-09-14T10:00:00-04:00,2.75,4247.039999999944,,,,,,,,,,,,,,,,,,,,,,,,,,,,,,,,,,,,,,,,,,,,,,,,,,,,,,,,,,,,,3702
2026-09-11,2026-09-14,3,6.0,2026-09-11T09:31:00-04:00,6.099999999999966,NDXP  260914P29710000,NDXP  260914P29700000,final_holdout,False,False,0,0,2,140,0,651,available,False,2026-09-11T09:31:00-04:00,2026-09-14T15:59:00-04:00,10.0,-7952.960000000068,1.0,last_observed_quote_not_settlement,3917.0,562,2,8.450000000000045,-4952.96000000016,2026-09-11T09:32:00-04:00,0.0,8.750000000000057,-5552.960000000183,2026-09-11T09:33:00-04:00,0.0,7.699999999999989,-3452.9600000000446,2026-09-11T09:36:00-04:00,0.0,8.300000000000011,-4652.960000000092,2026-09-11T09:41:00-04:00,0.0,5.0499999999999545,1847.0400000000234,2026-09-11T09:46:00-04:00,0.0,8.449999999999932,-4952.959999999933,2026-09-11T10:01:00-04:00,0.0,8.099999999999966,-4252.960000000001,2026-09-11T10:31:00-04:00,0.0,7.800000000000011,-3652.96000000009,2026-09-11T11:31:00-04:00,0.0,9.649999999999977,-7352.960000000024,2026-09-11T16:00:00-04:00,0.0,,,2026-09-11T16:15:00-04:00,85500.0,,,2026-09-11T16:15:00-04:00,171900.0,,,2026-09-14T15:59:00-04:00,60.0,15.0,hit,,never_hit,,never_hit,,never_hit,,never_hit,,never_hit,,never_hit,1.0,hit,1.0,hit,1.0,hit,1.0,hit,35.0,hit,35.0,hit,,,True,True,True,False,1.0500000000000114,,,True,True,True,False,1.0500000000000114,,,True,True,True,False,1.0500000000000114,,,True,True,True,False,1.0500000000000114,,,,,,,,,,,,,,,,,,,,,,,,,,,,,,,,,,,,,,,,,,,,,,,,,,,,,,,,,,,,,,,,,3703
2026-09-11,2026-09-14,3,7.0,2026-09-11T09:31:00-04:00,7.0499999999999545,NDXP  260914P29580000,NDXP  260914P29570000,final_holdout,False,False,0,0,3,153,0,631,available,False,2026-09-11T09:31:00-04:00,2026-09-14T15:59:00-04:00,9.949999999999989,-6052.960000000069,1.0,last_observed_quote_not_settlement,3916.0,330,124,6.300000000000068,1247.0399999997733,2026-09-11T09:32:00-04:00,0.0,7.850000000000023,-1852.9600000001358,2026-09-11T09:33:00-04:00,0.0,5.400000000000006,3047.0399999998986,2026-09-11T09:36:00-04:00,0.0,8.949999999999989,-4052.960000000069,2026-09-11T09:41:00-04:00,0.0,6.450000000000017,947.0399999998756,2026-09-11T09:46:00-04:00,0.0,6.099999999999994,1647.039999999921,2026-09-11T10:01:00-04:00,0.0,6.5,847.0399999999097,2026-09-11T10:31:00-04:00,0.0,5.899999999999977,2047.0399999999554,2026-09-11T11:31:00-04:00,0.0,7.699999999999989,-1552.9600000000676,2026-09-11T16:00:00-04:00,0.0,,,2026-09-11T16:15:00-04:00,85500.0,,,2026-09-11T16:15:00-04:00,171900.0,,,2026-09-14T15:59:00-04:00,60.0,5.0,hit,24.0,hit,,never_hit,,never_hit,,never_hit,,never_hit,,never_hit,2.0,hit,3.0,hit,0.0,hit,3.0,hit,3.0,hit,4320.0,hit,,,True,True,True,False,2.3499999999999375,,,True,True,True,False,2.3499999999999375,,,True,True,True,False,2.3499999999999375,,,True,True,True,False,2.3499999999999375,,,,,,,,,,,,,,,,,,,,,,,,,,,,,,,,,,,,,,,,,,,,,,,,,,,,,,,,,,,,,,,,,3704
2026-09-14,2026-09-16,2,5.0,2026-09-14T09:31:00-04:00,5.0499999999999545,NDXP  260916P30200000,NDXP  260916P30190000,final_holdout,False,False,0,0,24,286,0,798,available,False,2026-09-14T09:31:00-04:00,2026-09-16T16:00:00-04:00,8.0,-6152.960000000092,0.0,last_observed_quote_not_settlement,1039.0,584,10,10.0,-10052.96000000009,2026-09-14T09:32:00-04:00,0.0,9.650000000000091,-9452.960000000274,2026-09-14T09:33:00-04:00,0.0,3.2999999999999545,3247.040000000001,2026-09-14T09:36:00-04:00,0.0,10.0,-10052.96000000009,2026-09-14T09:41:00-04:00,0.0,,,2026-09-14T09:45:00-04:00,60.0,9.950000000000045,-10052.96000000009,2026-09-14T10:01:00-04:00,0.0,10.0,-10052.96000000009,2026-09-14T10:31:00-04:00,0.0,,,2026-09-14T11:29:00-04:00,120.0,9.950000000000045,-10052.96000000009,2026-09-14T16:00:00-04:00,0.0,,,2026-09-15T15:59:00-04:00,60.0,8.0,-6152.960000000092,2026-09-16T16:00:00-04:00,0.0,,,,,0.0,hit,5.0,hit,5.0,hit,3213.0,hit,3236.0,hit,3237.0,hit,3239.0,hit,1.0,hit,1.0,hit,1.0,hit,1.0,hit,1.0,hit,1.0,hit,10.0,552,True,True,True,True,,10.0,568,True,True,True,True,,10.0,568,True,True,True,True,,10.0,569,True,True,True,True,,3213.0,2026-09-16T15:04:00-04:00,2.900000000000091,4047.039999999728,3237.0,2026-09-16T15:28:00-04:00,1.0,7847.03999999991,,,,,3214.0,2026-09-16T15:05:00-04:00,10.0,-10052.96000000009,3237.0,2026-09-16T15:28:00-04:00,1.0,7847.03999999991,,,,,,,,,3238.0,2026-09-16T15:29:00-04:00,8.150000000000091,-6452.960000000274,3239.0,2026-09-16T15:30:00-04:00,0.0,9847.03999999991,,,,,,,,,3240.0,2026-09-16T15:31:00-04:00,10.0,-10052.96000000009,3239.0,2026-09-16T15:30:00-04:00,0.0,9847.03999999991,,,,,,,,,3240.0,2026-09-16T15:31:00-04:00,10.0,-10052.96000000009,3705
2026-09-14,2026-09-16,2,6.0,2026-09-14T09:31:00-04:00,6.0,NDXP  260916P29090000,NDXP  260916P29080000,final_holdout,False,False,0,0,13,18,0,1159,available,False,2026-09-14T09:31:00-04:00,2026-09-16T15:59:00-04:00,9.700000000000017,-7652.9600000000355,1.0,last_observed_quote_not_settlement,1036.0,124,96,5.850000000000023,47.039999999955235,2026-09-14T09:32:00-04:00,0.0,6.0,-252.9599999999993,2026-09-14T09:33:00-04:00,0.0,5.949999999999989,-152.95999999997656,2026-09-14T09:36:00-04:00,0.0,4.0,3747.040000000001,2026-09-14T09:41:00-04:00,0.0,,,2026-09-14T09:45:00-04:00,60.0,5.449999999999989,847.0400000000234,2026-09-14T10:01:00-04:00,0.0,5.299999999999983,1147.0400000000348,2026-09-14T10:31:00-04:00,0.0,3.6499999999999773,4447.040000000046,2026-09-14T11:31:00-04:00,0.0,4.049999999999983,3647.040000000035,2026-09-14T16:00:00-04:00,0.0,6.0,-252.9599999999993,2026-09-15T16:00:00-04:00,0.0,,,2026-09-16T15:59:00-04:00,60.0,,,,,10.0,hit,10.0,hit,10.0,hit,166.0,hit,278.0,hit,278.0,hit,,never_hit,6.0,hit,6.0,hit,6.0,hit,6.0,hit,6.0,hit,6.0,hit,9.5,7,True,True,True,True,,9.5,7,True,True,True,True,,9.5,7,True,True,True,True,,,,True,True,True,False,5.099999999999994,166.0,2026-09-14T12:17:00-04:00,2.9000000000000057,5947.039999999989,177.0,2026-09-14T12:28:00-04:00,2.9499999999999886,5847.040000000024,200.0,2026-09-14T12:51:00-04:00,2.9000000000000057,5947.039999999989,167.0,2026-09-14T12:18:00-04:00,3.1999999999999886,5347.040000000024,278.0,2026-09-14T14:09:00-04:00,0.9000000000000057,9947.03999999999,279.0,2026-09-14T14:10:00-04:00,0.9000000000000057,9947.03999999999,280.0,2026-09-14T14:11:00-04:00,0.9000000000000057,9947.03999999999,279.0,2026-09-14T14:10:00-04:00,0.9000000000000057,9947.03999999999,278.0,2026-09-14T14:09:00-04:00,0.9000000000000057,9947.03999999999,279.0,2026-09-14T14:10:00-04:00,0.9000000000000057,9947.03999999999,280.0,2026-09-14T14:11:00-04:00,0.9000000000000057,9947.03999999999,279.0,2026-09-14T14:10:00-04:00,0.9000000000000057,9947.03999999999,,,,,,,,,,,,,,,,,3706
2026-09-14,2026-09-16,2,7.0,2026-09-14T09:31:00-04:00,7.050000000000011,NDXP  260916P29170000,NDXP  260916P29160000,final_holdout,False,False,0,0,50,60,0,1062,available,False,2026-09-14T09:31:00-04:00,2026-09-16T15:58:00-04:00,10.0,-6052.959999999977,2.0,last_observed_quote_not_settlement,1036.0,94,87,6.9500000000000455,-52.9600000000675,2026-09-14T09:32:00-04:00,0.0,6.649999999999977,547.0400000000689,2026-09-14T09:33:00-04:00,0.0,6.900000000000091,47.03999999984155,2026-09-14T09:36:00-04:00,0.0,6.800000000000011,247.04000000000067,2026-09-14T09:41:00-04:00,0.0,5.75,2347.0400000000236,2026-09-14T09:46:00-04:00,0.0,6.449999999999932,947.0400000001598,2026-09-14T10:01:00-04:00,0.0,6.0,1847.0400000000234,2026-09-14T10:31:00-04:00,0.0,5.300000000000011,3247.040000000001,2026-09-14T11:31:00-04:00,0.0,4.850000000000023,4147.039999999978,2026-09-14T16:00:00-04:00,0.0,6.9500000000000455,-52.9600000000675,2026-09-15T16:00:00-04:00,0.0,,,2026-09-16T15:58:00-04:00,120.0,,,,,16.0,hit,16.0,hit,16.0,hit,16.0,hit,87.0,hit,,never_hit,,never_hit,14.0,hit,77.0,hit,0.0,hit,77.0,hit,77.0,hit,77.0,hit,7.550000000000011,1,True,False,False,False,,9.900000000000034,5,True,True,True,True,,,,True,True,True,False,6.000000000000057,,,True,True,True,False,6.000000000000057,16.0,2026-09-14T09:47:00-04:00,2.900000000000034,8047.039999999955,88.0,2026-09-14T10:59:00-04:00,1.0499999999999545,11747.040000000115,268.0,2026-09-14T13:59:00-04:00,2.9499999999999886,7947.040000000046,17.0,2026-09-14T09:48:00-04:00,4.350000000000023,5147.039999999978,87.0,2026-09-14T10:58:00-04:00,1.6999999999999886,10447.040000000046,88.0,2026-09-14T10:59:00-04:00,1.0499999999999545,11747.040000000115,1707.0,2026-09-15T13:58:00-04:00,1.3500000000000227,11147.039999999979,88.0,2026-09-14T10:59:00-04:00,1.0499999999999545,11747.040000000115,,,,,,,,,,,,,,,,,,,,,,,,,,,,,,,,,3707
2026-09-14,2026-09-17,3,5.0,2026-09-14T09:31:00-04:00,5.25,NDXP  260917P28850000,NDXP  260917P28840000,final_holdout,False,False,0,0,36,143,0,1327,available,False,2026-09-14T09:31:00-04:00,2026-09-17T14:10:00-04:00,0.024999999999999967,10197.04,110.0,last_observed_quote_not_settlement,1036.0,0,0,4.349999999999994,1547.040000000012,2026-09-14T09:32:00-04:00,0.0,4.0,2247.040000000001,2026-09-14T09:33:00-04:00,0.0,5.150000000000006,-52.96000000001066,2026-09-14T09:36:00-04:00,0.0,4.350000000000023,1547.0399999999552,2026-09-14T09:41:00-04:00,0.0,3.1999999999999886,3847.0400000000236,2026-09-14T09:46:00-04:00,0.0,2.3999999999999773,5447.040000000046,2026-09-14T10:01:00-04:00,0.0,3.1000000000000227,4047.0399999999554,2026-09-14T10:31:00-04:00,0.0,2.75,4747.040000000001,2026-09-14T11:31:00-04:00,0.0,2.450000000000003,5347.039999999995,2026-09-14T16:00:00-04:00,0.0,3.6500000000000057,2947.0399999999895,2026-09-15T16:00:00-04:00,0.0,2.5,5247.040000000001,2026-09-16T16:00:00-04:00,0.0,,,2026-09-17T14:10:00-04:00,6600.0,0.0,hit,1.0,hit,2.0,hit,26.0,hit,128.0,hit,204.0,hit,244.0,hit,,never_hit,,never_hit,,never_hit,,never_hit,,never_hit,,never_hit,5.25,0,False,False,False,False,,5.25,0,False,False,False,False,,5.25,0,False,False,False,False,,5.25,0,False,False,False,False,,26.0,2026-09-14T09:57:00-04:00,2.1500000000000057,5947.039999999989,33.0,2026-09-14T10:04:00-04:00,2.799999999999983,4647.0400000000345,43.0,2026-09-14T10:14:00-04:00,2.8000000000000114,4647.039999999978,27.0,2026-09-14T09:58:00-04:00,3.8499999999999943,2547.0400000000122,128.0,2026-09-14T11:39:00-04:00,1.8500000000000227,6547.039999999955,129.0,2026-09-14T11:40:00-04:00,1.8500000000000085,6547.039999999984,169.0,2026-09-14T12:20:00-04:00,1.8499999999999943,6547.040000000012,129.0,2026-09-14T11:40:00-04:00,1.8500000000000085,6547.039999999984,204.0,2026-09-14T12:55:00-04:00,0.8499999999999943,8547.040000000014,245.0,2026-09-14T13:36:00-04:00,0.5999999999999943,9047.040000000014,246.0,2026-09-14T13:37:00-04:00,0.5999999999999943,9047.040000000014,205.0,2026-09-14T12:56:00-04:00,1.0999999999999943,8047.040000000012,4320.0,2026-09-17T09:31:00-04:00,0.07500000000000018,10097.04,4321.0,2026-09-17T09:32:00-04:00,0.10000000000000009,10047.04,4322.0,2026-09-17T09:33:00-04:00,0.1499999999999999,9947.04,4321.0,2026-09-17T09:32:00-04:00,0.10000000000000009,10047.04,3708
2026-09-14,2026-09-17,3,6.0,2026-09-14T09:31:00-04:00,6.050000000000011,NDXP  260917P28940000,NDXP  260917P28930000,final_holdout,False,False,0,0,16,32,0,1463,available,False,2026-09-14T09:31:00-04:00,2026-09-17T14:45:00-04:00,0.050000000000000044,11747.040000000025,75.0,last_observed_quote_not_settlement,1036.0,6,12,4.2999999999999545,3247.0400000001146,2026-09-14T09:32:00-04:00,0.0,4.75,2347.0400000000236,2026-09-14T09:33:00-04:00,0.0,0.9499999999999886,9947.040000000046,2026-09-14T09:36:00-04:00,0.0,5.599999999999966,647.0400000000916,2026-09-14T09:41:00-04:00,0.0,4.699999999999989,2447.0400000000463,2026-09-14T09:46:00-04:00,0.0,3.950000000000017,3947.0399999999895,2026-09-14T10:01:00-04:00,0.0,4.600000000000023,2647.039999999978,2026-09-14T10:31:00-04:00,0.0,3.549999999999983,4747.040000000057,2026-09-14T11:31:00-04:00,0.0,3.1999999999999886,5447.040000000046,2026-09-14T16:00:00-04:00,0.0,4.450000000000017,2947.0399999999895,2026-09-15T16:00:00-04:00,0.0,4.700000000000017,2447.0399999999895,2026-09-16T16:00:00-04:00,0.0,,,2026-09-17T14:45:00-04:00,4500.0,1.0,hit,1.0,hit,5.0,hit,5.0,hit,5.0,hit,5.0,hit,174.0,hit,11.0,hit,11.0,hit,11.0,hit,,never_hit,,never_hit,,never_hit,6.050000000000011,0,False,False,False,False,,6.050000000000011,0,False,False,False,False,,6.050000000000011,0,False,False,False,False,,7.800000000000011,2,True,False,False,False,,5.0,2026-09-14T09:36:00-04:00,0.9499999999999886,9947.040000000046,42.0,2026-09-14T10:13:00-04:00,2.900000000000034,6047.039999999955,126.0,2026-09-14T11:37:00-04:00,2.799999999999983,6247.040000000057,6.0,2026-09-14T09:37:00-04:00,5.100000000000023,1647.039999999978,5.0,2026-09-14T09:36:00-04:00,0.9499999999999886,9947.040000000046,271.0,2026-09-14T14:02:00-04:00,1.4499999999999886,8947.040000000046,272.0,2026-09-14T14:03:00-04:00,1.4499999999999886,8947.040000000046,6.0,2026-09-14T09:37:00-04:00,5.100000000000023,1647.039999999978,5.0,2026-09-14T09:36:00-04:00,0.9499999999999886,9947.040000000046,4321.0,2026-09-17T09:32:00-04:00,0.04999999999999982,11747.040000000025,4322.0,2026-09-17T09:33:00-04:00,0.3500000000000001,11147.040000000023,6.0,2026-09-14T09:37:00-04:00,5.100000000000023,1647.039999999978,4320.0,2026-09-17T09:31:00-04:00,0.14999999999999947,11547.040000000025,4321.0,2026-09-17T09:32:00-04:00,0.04999999999999982,11747.040000000025,4322.0,2026-09-17T09:33:00-04:00,0.3500000000000001,11147.040000000023,4321.0,2026-09-17T09:32:00-04:00,0.04999999999999982,11747.040000000025,3709
2026-09-14,2026-09-17,3,7.0,2026-09-14T09:31:00-04:00,7.0,NDXP  260917P29310000,NDXP  260917P29300000,final_holdout,False,False,0,0,39,32,0,1500,available,False,2026-09-14T09:31:00-04:00,2026-09-17T15:49:00-04:00,0.2,13347.04,11.0,last_observed_quote_not_settlement,1036.0,379,174,7.449999999999989,-1152.9599999999766,2026-09-14T09:32:00-04:00,0.0,8.649999999999977,-3552.9599999999555,2026-09-14T09:33:00-04:00,0.0,7.4500000000000455,-1152.9600000000903,2026-09-14T09:36:00-04:00,0.0,7.5499999999999545,-1352.9599999999084,2026-09-14T09:41:00-04:00,0.0,7.5,-1252.9599999999994,2026-09-14T09:46:00-04:00,0.0,6.75,247.04000000000067,2026-09-14T10:01:00-04:00,0.0,6.149999999999977,1447.0400000000461,2026-09-14T10:31:00-04:00,0.0,6.250000000000057,1247.039999999887,2026-09-14T11:31:00-04:00,0.0,4.75,4247.040000000001,2026-09-14T16:00:00-04:00,0.0,7.499999999999943,-1252.9599999998857,2026-09-15T16:00:00-04:00,0.0,8.599999999999966,-3452.9599999999327,2026-09-16T16:00:00-04:00,0.0,,,2026-09-17T15:49:00-04:00,660.0,23.0,hit,36.0,hit,36.0,hit,139.0,hit,149.0,hit,149.0,hit,149.0,hit,2.0,hit,2.0,hit,0.0,hit,2.0,hit,43.0,hit,1446.0,hit,9.25,34,True,True,True,True,,9.25,34,True,True,True,True,,9.25,34,True,True,True,True,,9.25,34,True,True,True,True,,139.0,2026-09-14T11:50:00-04:00,2.3999999999999773,8947.040000000046,143.0,2026-09-14T11:54:00-04:00,2.800000000000068,8147.0399999998635,367.0,2026-09-14T15:38:00-04:00,2.9499999999999886,7847.040000000024,140.0,2026-09-14T11:51:00-04:00,3.7000000000000455,6347.03999999991,149.0,2026-09-14T12:00:00-04:00,0.049999999999954525,13647.040000000092,4375.0,2026-09-17T10:26:00-04:00,1.8999999999999986,9947.040000000005,4376.0,2026-09-17T10:27:00-04:00,1.4000000000000021,10947.039999999997,150.0,2026-09-14T12:01:00-04:00,4.250000000000057,5247.039999999887,149.0,2026-09-14T12:00:00-04:00,0.049999999999954525,13647.040000000092,4452.0,2026-09-17T11:43:00-04:00,0.75,12247.04,4473.0,2026-09-17T12:04:00-04:00,0.9499999999999993,11847.040000000003,150.0,2026-09-14T12:01:00-04:00,4.250000000000057,5247.039999999887,149.0,2026-09-14T12:00:00-04:00,0.049999999999954525,13647.040000000092,4536.0,2026-09-17T13:07:00-04:00,0.2999999999999998,13147.040000000003,4572.0,2026-09-17T13:43:00-04:00,0.3999999999999999,12947.04,150.0,2026-09-14T12:01:00-04:00,4.250000000000057,5247.039999999887,3710
2026-09-15,2026-09-17,2,5.0,2026-09-15T09:31:00-04:00,4.999999999999972,NDXP  260917P29120000,NDXP  260917P29110000,final_holdout,False,False,0,0,68,20,0,1019,available,False,2026-09-15T09:31:00-04:00,2026-09-17T15:28:00-04:00,0.0,9747.039999999944,32.0,last_observed_quote_not_settlement,1042.0,227,55,4.699999999999989,347.0399999999666,2026-09-15T09:32:00-04:00,0.0,4.800000000000011,147.03999999992112,2026-09-15T09:33:00-04:00,0.0,4.199999999999989,1347.0399999999665,2026-09-15T09:36:00-04:00,0.0,4.299999999999983,1147.039999999978,2026-09-15T09:41:00-04:00,0.0,4.399999999999977,947.0399999999893,2026-09-15T09:46:00-04:00,0.0,4.5,747.0399999999438,2026-09-15T10:01:00-04:00,0.0,5.099999999999994,-452.9600000000448,2026-09-15T10:31:00-04:00,0.0,5.400000000000034,-1052.9600000001244,2026-09-15T11:31:00-04:00,0.0,5.800000000000011,-1852.960000000079,2026-09-15T16:00:00-04:00,0.0,6.150000000000006,-2552.9600000000673,2026-09-16T16:00:00-04:00,0.0,,,2026-09-17T15:28:00-04:00,1920.0,,,,,0.0,hit,0.0,hit,23.0,hit,71.0,hit,71.0,hit,71.0,hit,71.0,hit,67.0,hit,74.0,hit,74.0,hit,74.0,hit,74.0,hit,152.0,hit,5.849999999999966,20,False,False,False,False,,5.849999999999966,20,False,False,False,False,,5.849999999999966,20,False,False,False,False,,5.849999999999966,20,False,False,False,False,,71.0,2026-09-15T10:42:00-04:00,0.15000000000009095,9447.039999999763,137.0,2026-09-15T11:48:00-04:00,2.5,4747.039999999944,2882.0,2026-09-17T09:33:00-04:00,0.9000000000000021,7947.03999999994,72.0,2026-09-15T10:43:00-04:00,4.400000000000091,947.0399999997619,71.0,2026-09-15T10:42:00-04:00,0.15000000000009095,9447.039999999763,2881.0,2026-09-17T09:32:00-04:00,0.9000000000000004,7947.039999999944,2882.0,2026-09-17T09:33:00-04:00,0.9000000000000021,7947.03999999994,72.0,2026-09-15T10:43:00-04:00,4.400000000000091,947.0399999997619,71.0,2026-09-15T10:42:00-04:00,0.15000000000009095,9447.039999999763,2881.0,2026-09-17T09:32:00-04:00,0.9000000000000004,7947.039999999944,2882.0,2026-09-17T09:33:00-04:00,0.9000000000000021,7947.03999999994,72.0,2026-09-15T10:43:00-04:00,4.400000000000091,947.0399999997619,71.0,2026-09-15T10:42:00-04:00,0.15000000000009095,9447.039999999763,2924.0,2026-09-17T10:15:00-04:00,0.4499999999999993,8847.039999999946,2928.0,2026-09-17T10:19:00-04:00,0.20000000000000018,9347.039999999944,72.0,2026-09-15T10:43:00-04:00,4.400000000000091,947.0399999997619,3711
2026-09-15,2026-09-17,2,6.0,2026-09-15T09:31:00-04:00,6.099999999999966,NDXP  260917P29370000,NDXP  260917P29360000,final_holdout,False,False,0,0,54,20,0,1058,available,False,2026-09-15T09:31:00-04:00,2026-09-17T15:49:00-04:00,0.10000000000000003,11747.039999999932,11.0,last_observed_quote_not_settlement,1039.0,547,64,7.349999999999966,-2752.959999999999,2026-09-15T09:32:00-04:00,0.0,6.749999999999943,-1552.9599999999539,2026-09-15T09:33:00-04:00,0.0,6.5499999999999545,-1152.9599999999766,2026-09-15T09:36:00-04:00,0.0,4.149999999999977,3647.039999999978,2026-09-15T09:41:00-04:00,0.0,6.2999999999999545,-652.9599999999766,2026-09-15T09:46:00-04:00,0.0,6.449999999999989,-952.9600000000448,2026-09-15T10:01:00-04:00,0.0,6.800000000000011,-1652.9600000000903,2026-09-15T10:31:00-04:00,0.0,6.2999999999999545,-652.9599999999766,2026-09-15T11:31:00-04:00,0.0,8.099999999999909,-4252.959999999887,2026-09-15T16:00:00-04:00,0.0,,,2026-09-16T15:59:00-04:00,60.0,,,2026-09-17T15:49:00-04:00,660.0,,,,,9.0,hit,9.0,hit,28.0,hit,1547.0,hit,1597.0,hit,3097.0,hit,3215.0,hit,1.0,hit,1.0,hit,1.0,hit,12.0,hit,138.0,hit,138.0,hit,9.800000000000011,393,True,True,True,True,,9.800000000000011,405,True,True,True,True,,9.949999999999989,547,True,True,True,True,,9.949999999999989,547,True,True,True,True,,1597.0,2026-09-16T12:08:00-04:00,1.4499999999999886,9047.039999999955,1598.0,2026-09-16T12:09:00-04:00,1.8999999999999773,8147.039999999978,2946.0,2026-09-17T10:37:00-04:00,2.8500000000000014,6247.03999999993,1598.0,2026-09-16T12:09:00-04:00,1.8999999999999773,8147.039999999978,1597.0,2026-09-16T12:08:00-04:00,1.4499999999999886,9047.039999999955,1598.0,2026-09-16T12:09:00-04:00,1.8999999999999773,8147.039999999978,3024.0,2026-09-17T11:55:00-04:00,1.9499999999999993,8047.039999999934,1598.0,2026-09-16T12:09:00-04:00,1.8999999999999773,8147.039999999978,3149.0,2026-09-17T14:00:00-04:00,0.8500000000000005,10247.039999999932,3154.0,2026-09-17T14:05:00-04:00,0.8500000000000005,10247.039999999932,3209.0,2026-09-17T15:00:00-04:00,0.9499999999999997,10047.039999999934,3150.0,2026-09-17T14:01:00-04:00,1.1000000000000005,9747.039999999932,3215.0,2026-09-17T15:06:00-04:00,0.40000000000000013,11147.039999999932,3218.0,2026-09-17T15:09:00-04:00,0.30000000000000027,11347.039999999932,3224.0,2026-09-17T15:15:00-04:00,0.2749999999999999,11397.039999999932,3216.0,2026-09-17T15:07:00-04:00,0.4999999999999998,10947.039999999934,3712
2026-09-15,2026-09-17,2,7.0,2026-09-15T09:31:00-04:00,6.899999999999977,NDXP  260917P29410000,NDXP  260917P29400000,final_holdout,False,False,0,0,23,19,0,1112,available,False,2026-09-15T09:31:00-04:00,2026-09-17T15:59:00-04:00,0.175,13197.039999999957,1.0,last_observed_quote_not_settlement,1036.0,567,134,6.550000000000011,447.0399999999325,2026-09-15T09:32:00-04:00,0.0,7.100000000000023,-652.9600000000903,2026-09-15T09:33:00-04:00,0.0,7.0499999999999545,-552.9599999999539,2026-09-15T09:36:00-04:00,0.0,4.099999999999966,5347.040000000024,2026-09-15T09:41:00-04:00,0.0,5.899999999999977,1747.0400000000006,2026-09-15T09:46:00-04:00,0.0,5.75,2047.0399999999554,2026-09-15T10:01:00-04:00,0.0,8.399999999999977,-3252.960000000001,2026-09-15T10:31:00-04:00,0.0,7.800000000000011,-2052.9600000000673,2026-09-15T11:31:00-04:00,0.0,8.400000000000034,-3252.9600000001146,2026-09-15T16:00:00-04:00,0.0,9.300000000000011,-5052.960000000069,2026-09-16T16:00:00-04:00,0.0,,,2026-09-17T15:59:00-04:00,60.0,,,,,10.0,hit,10.0,hit,11.0,hit,1577.0,hit,3215.0,hit,3242.0,hit,3246.0,hit,3.0,hit,9.0,hit,2.0,hit,16.0,hit,16.0,hit,100.0,hit,10.0,392,True,True,True,True,,10.0,567,True,True,True,True,,10.0,567,True,True,True,True,,10.0,567,True,True,True,True,,2897.0,2026-09-17T09:48:00-04:00,2.75,8047.039999999955,3054.0,2026-09-17T12:25:00-04:00,2.8000000000000043,7947.039999999946,3059.0,2026-09-17T12:30:00-04:00,2.9499999999999993,7647.039999999956,2898.0,2026-09-17T09:49:00-04:00,6.25,1047.0399999999552,3215.0,2026-09-17T15:06:00-04:00,1.9500000000000002,9647.039999999955,3216.0,2026-09-17T15:07:00-04:00,1.5,10547.039999999955,3217.0,2026-09-17T15:08:00-04:00,1.7500000000000009,10047.039999999954,3216.0,2026-09-17T15:07:00-04:00,1.5,10547.039999999955,3243.0,2026-09-17T15:34:00-04:00,0.9250000000000003,11697.039999999955,3244.0,2026-09-17T15:35:00-04:00,0.6000000000000001,12347.039999999955,3245.0,2026-09-17T15:36:00-04:00,0.5750000000000002,12397.039999999955,3244.0,2026-09-17T15:35:00-04:00,0.6000000000000001,12347.039999999955,3247.0,2026-09-17T15:38:00-04:00,0.375,12797.039999999955,3248.0,2026-09-17T15:39:00-04:00,0.3999999999999999,12747.039999999955,3249.0,2026-09-17T15:40:00-04:00,0.2749999999999999,12997.039999999955,3248.0,2026-09-17T15:39:00-04:00,0.3999999999999999,12747.039999999955,3713
2026-09-15,2026-09-18,3,5.0,2026-09-15T09:31:00-04:00,5.0,NDXP  260918P29430000,NDXP  260918P29420000,final_holdout,False,False,0,0,34,64,0,1493,available,False,2026-09-15T09:31:00-04:00,2026-09-18T15:45:00-04:00,0.025000000000000022,9697.04,15.0,last_observed_quote_not_settlement,1036.0,654,140,4.600000000000023,547.0399999999552,2026-09-15T09:32:00-04:00,0.0,6.850000000000023,-3952.9600000000446,2026-09-15T09:33:00-04:00,0.0,6.7000000000000455,-3652.96000000009,2026-09-15T09:36:00-04:00,0.0,6.599999999999966,-3452.959999999931,2026-09-15T09:41:00-04:00,0.0,5.350000000000023,-952.9600000000448,2026-09-15T09:46:00-04:00,0.0,7.2000000000000455,-4652.96000000009,2026-09-15T10:01:00-04:00,0.0,,,2026-09-15T10:30:00-04:00,60.0,7.4500000000000455,-5152.96000000009,2026-09-15T11:31:00-04:00,0.0,3.199999999999932,3347.0400000001373,2026-09-15T16:00:00-04:00,0.0,7.399999999999977,-5052.959999999954,2026-09-16T16:00:00-04:00,0.0,4.450000000000017,847.0399999999665,2026-09-17T16:00:00-04:00,0.0,,,2026-09-18T15:45:00-04:00,900.0,0.0,hit,0.0,hit,67.0,hit,67.0,hit,67.0,hit,1602.0,hit,4635.0,hit,2.0,hit,2.0,hit,6.0,hit,8.0,hit,8.0,hit,8.0,hit,9.950000000000045,48,True,True,True,True,,9.950000000000045,48,True,True,True,True,,10.0,390,True,True,True,True,,10.0,654,True,True,True,True,,67.0,2026-09-15T10:38:00-04:00,1.0500000000000114,7647.039999999978,1531.0,2026-09-16T11:02:00-04:00,1.8500000000000227,6047.039999999955,1604.0,2026-09-16T12:15:00-04:00,0.7000000000000455,8347.03999999991,68.0,2026-09-15T10:39:00-04:00,7.249999999999943,-4752.959999999885,67.0,2026-09-15T10:38:00-04:00,1.0500000000000114,7647.039999999978,1531.0,2026-09-16T11:02:00-04:00,1.8500000000000227,6047.039999999955,1604.0,2026-09-16T12:15:00-04:00,0.7000000000000455,8347.03999999991,68.0,2026-09-15T10:39:00-04:00,7.249999999999943,-4752.959999999885,1602.0,2026-09-16T12:13:00-04:00,0.7000000000000455,8347.03999999991,1603.0,2026-09-16T12:14:00-04:00,0.7000000000000455,8347.03999999991,1604.0,2026-09-16T12:15:00-04:00,0.7000000000000455,8347.03999999991,1603.0,2026-09-16T12:14:00-04:00,0.7000000000000455,8347.03999999991,4635.0,2026-09-18T14:46:00-04:00,0.42500000000000027,8897.04,4636.0,2026-09-18T14:47:00-04:00,0.25,9247.04,4637.0,2026-09-18T14:48:00-04:00,0.17500000000000004,9397.040000000003,4636.0,2026-09-18T14:47:00-04:00,0.25,9247.04,3714
2026-09-15,2026-09-18,3,6.0,2026-09-15T09:31:00-04:00,5.900000000000034,NDXP  260918P29490000,NDXP  260918P29480000,final_holdout,False,False,0,0,74,72,0,1423,available,False,2026-09-15T09:31:00-04:00,2026-09-18T15:53:00-04:00,0.04999999999999999,11447.04000000007,7.0,last_observed_quote_not_settlement,1039.0,705,257,7.449999999999989,-3352.959999999908,2026-09-15T09:32:00-04:00,0.0,4.75,2047.040000000069,2026-09-15T09:33:00-04:00,0.0,6.949999999999932,-2352.9599999997945,2026-09-15T09:36:00-04:00,0.0,7.0,-2452.959999999931,2026-09-15T09:41:00-04:00,0.0,9.75,-7952.959999999933,2026-09-15T09:46:00-04:00,0.0,7.5499999999999545,-3552.95999999984,2026-09-15T10:01:00-04:00,0.0,8.700000000000045,-5852.960000000024,2026-09-15T10:31:00-04:00,0.0,7.5,-3452.959999999931,2026-09-15T11:31:00-04:00,0.0,4.75,2047.040000000069,2026-09-15T16:00:00-04:00,0.0,8.899999999999977,-6252.959999999887,2026-09-16T16:00:00-04:00,0.0,2.3000000000000114,6947.040000000046,2026-09-17T16:00:00-04:00,0.0,,,2026-09-18T15:53:00-04:00,420.0,2.0,hit,2.0,hit,16.0,hit,32.0,hit,32.0,hit,4643.0,hit,4672.0,hit,1.0,hit,1.0,hit,1.0,hit,3.0,hit,3.0,hit,3.0,hit,9.75,23,True,True,True,True,,9.75,23,True,True,True,True,,10.0,705,True,True,True,True,,10.0,705,True,True,True,True,,32.0,2026-09-15T10:03:00-04:00,1.8999999999999773,7747.040000000115,4636.0,2026-09-18T14:47:00-04:00,2.2,7147.040000000068,4637.0,2026-09-18T14:48:00-04:00,1.7000000000000002,8147.040000000069,33.0,2026-09-15T10:04:00-04:00,7.349999999999966,-3152.9599999998627,32.0,2026-09-15T10:03:00-04:00,1.8999999999999773,7747.040000000115,4638.0,2026-09-18T14:49:00-04:00,1.75,8047.040000000069,4639.0,2026-09-18T14:50:00-04:00,1.6499999999999995,8247.04000000007,33.0,2026-09-15T10:04:00-04:00,7.349999999999966,-3152.9599999998627,4654.0,2026-09-18T15:05:00-04:00,0.6000000000000005,10347.040000000068,4655.0,2026-09-18T15:06:00-04:00,0.8500000000000001,9847.040000000068,4656.0,2026-09-18T15:07:00-04:00,0.7999999999999998,9947.04000000007,4655.0,2026-09-18T15:06:00-04:00,0.8500000000000001,9847.040000000068,4672.0,2026-09-18T15:23:00-04:00,0.4249999999999998,10697.04000000007,4692.0,2026-09-18T15:43:00-04:00,0.19999999999999973,11147.04000000007,4693.0,2026-09-18T15:44:00-04:00,0.3500000000000001,10847.040000000068,4673.0,2026-09-18T15:24:00-04:00,0.6999999999999997,10147.04000000007,3715
2026-09-15,2026-09-18,3,7.0,2026-09-15T09:31:00-04:00,6.999999999999886,NDXP  260918P29920000,NDXP  260918P29910000,final_holdout,False,False,0,0,47,375,0,1164,available,False,2026-09-15T09:31:00-04:00,2026-09-18T16:00:00-04:00,10.0,-6152.960000000227,0.0,last_observed_quote_not_settlement,1036.0,871,91,,,2026-09-15T09:31:00-04:00,60.0,,,2026-09-15T09:31:00-04:00,120.0,8.299999999999955,-2852.9600000001374,2026-09-15T09:36:00-04:00,0.0,8.799999999999955,-3852.9600000001374,2026-09-15T09:41:00-04:00,0.0,4.0,5747.0399999997735,2026-09-15T09:46:00-04:00,0.0,5.949999999999932,1847.0399999999097,2026-09-15T10:01:00-04:00,0.0,,,2026-09-15T10:30:00-04:00,60.0,9.5,-5252.960000000228,2026-09-15T11:31:00-04:00,0.0,6.0499999999999545,1647.0399999998642,2026-09-15T16:00:00-04:00,0.0,6.7000000000000455,347.0399999996824,2026-09-16T16:00:00-04:00,0.0,10.0,-6152.960000000227,2026-09-17T16:00:00-04:00,0.0,10.0,-6152.960000000227,2026-09-18T16:00:00-04:00,0.0,15.0,hit,15.0,hit,15.0,hit,40.0,hit,81.0,hit,81.0,hit,81.0,hit,3.0,hit,5.0,hit,3.0,hit,5.0,hit,9.0,hit,28.0,hit,9.850000000000136,12,True,True,True,True,,9.850000000000136,39,True,True,True,True,,9.850000000000136,39,True,True,True,True,,9.850000000000136,39,True,True,True,True,,40.0,2026-09-15T10:11:00-04:00,2.949999999999932,7847.03999999991,,,,,,,,,,,,,81.0,2026-09-15T10:52:00-04:00,0.14999999999997726,13447.039999999819,,,,,,,,,82.0,2026-09-15T10:53:00-04:00,9.600000000000023,-5452.960000000274,81.0,2026-09-15T10:52:00-04:00,0.14999999999997726,13447.039999999819,,,,,,,,,82.0,2026-09-15T10:53:00-04:00,9.600000000000023,-5452.960000000274,81.0,2026-09-15T10:52:00-04:00,0.14999999999997726,13447.039999999819,,,,,,,,,82.0,2026-09-15T10:53:00-04:00,9.600000000000023,-5452.960000000274,3716
2026-09-16,2026-09-18,2,5.0,2026-09-16T09:31:00-04:00,4.950000000000017,NDXP  260918P29180000,NDXP  260918P29170000,final_holdout,False,False,0,0,18,105,0,1057,available,False,2026-09-16T09:31:00-04:00,2026-09-18T15:27:00-04:00,0.0,9647.040000000035,33.0,last_observed_quote_not_settlement,1037.0,73,57,4.949999999999989,-252.95999999994245,2026-09-16T09:32:00-04:00,0.0,4.650000000000006,347.04000000002344,2026-09-16T09:33:00-04:00,0.0,4.849999999999994,-52.959999999953816,2026-09-16T09:36:00-04:00,0.0,5.349999999999994,-1052.9599999999539,2026-09-16T09:41:00-04:00,0.0,4.599999999999994,447.0400000000462,2026-09-16T09:46:00-04:00,0.0,4.5,647.0400000000348,2026-09-16T10:01:00-04:00,0.0,4.5,647.0400000000348,2026-09-16T10:31:00-04:00,0.0,4.349999999999994,947.0400000000461,2026-09-16T11:31:00-04:00,0.0,6.199999999999989,-2752.9599999999423,2026-09-16T16:00:00-04:00,0.0,1.5499999999999972,6547.040000000041,2026-09-17T16:00:00-04:00,0.0,,,2026-09-18T15:27:00-04:00,1980.0,,,,,0.0,hit,0.0,hit,25.0,hit,322.0,hit,322.0,hit,322.0,hit,2880.0,hit,268.0,hit,268.0,hit,268.0,hit,268.0,hit,343.0,hit,377.0,hit,8.349999999999994,24,True,True,False,False,,8.349999999999994,24,True,True,False,False,,8.349999999999994,24,True,True,False,False,,9.800000000000068,73,True,True,True,True,,322.0,2026-09-16T14:53:00-04:00,0.9499999999999886,7747.040000000057,1441.0,2026-09-17T09:32:00-04:00,2.049999999999997,5547.040000000041,1442.0,2026-09-17T09:33:00-04:00,2.3500000000000014,4947.040000000032,323.0,2026-09-16T14:54:00-04:00,3.599999999999966,2447.040000000103,322.0,2026-09-16T14:53:00-04:00,0.9499999999999886,7747.040000000057,1484.0,2026-09-17T10:15:00-04:00,1.8500000000000085,5947.040000000018,1485.0,2026-09-17T10:16:00-04:00,1.8999999999999915,5847.040000000052,323.0,2026-09-16T14:54:00-04:00,3.599999999999966,2447.040000000103,322.0,2026-09-16T14:53:00-04:00,0.9499999999999886,7747.040000000057,1820.0,2026-09-17T15:51:00-04:00,0.9000000000000021,7847.040000000031,2882.0,2026-09-18T09:33:00-04:00,0.2999999999999998,9047.040000000035,323.0,2026-09-16T14:54:00-04:00,3.599999999999966,2447.040000000103,2880.0,2026-09-18T09:31:00-04:00,0.20000000000000018,9247.040000000035,2881.0,2026-09-18T09:32:00-04:00,0.1999999999999993,9247.040000000037,2882.0,2026-09-18T09:33:00-04:00,0.2999999999999998,9047.040000000035,2881.0,2026-09-18T09:32:00-04:00,0.1999999999999993,9247.040000000037,3717
2026-09-16,2026-09-18,2,6.0,2026-09-16T09:31:00-04:00,6.099999999999966,NDXP  260918P29310000,NDXP  260918P29300000,final_holdout,False,False,0,0,5,102,0,1091,available,False,2026-09-16T09:31:00-04:00,2026-09-18T15:55:00-04:00,0.0,11947.039999999934,5.0,last_observed_quote_not_settlement,1036.0,122,78,4.699999999999989,2547.0399999999554,2026-09-16T09:32:00-04:00,0.0,2.6000000000000227,6747.039999999887,2026-09-16T09:33:00-04:00,0.0,6.75,-1552.9600000000676,2026-09-16T09:36:00-04:00,0.0,9.699999999999989,-7452.960000000046,2026-09-16T09:41:00-04:00,0.0,,,2026-09-16T09:45:00-04:00,60.0,2.6999999999999886,6547.039999999955,2026-09-16T10:01:00-04:00,0.0,3.5500000000000114,4847.03999999991,2026-09-16T10:31:00-04:00,0.0,5.300000000000011,1347.0399999999097,2026-09-16T11:31:00-04:00,0.0,7.749999999999943,-3552.9599999999537,2026-09-16T16:00:00-04:00,0.0,2.3500000000000085,7247.039999999915,2026-09-17T16:00:00-04:00,0.0,,,2026-09-18T15:55:00-04:00,300.0,,,,,1.0,hit,1.0,hit,2.0,hit,2.0,hit,14.0,hit,14.0,hit,33.0,hit,5.0,hit,6.0,hit,6.0,hit,6.0,hit,6.0,hit,6.0,hit,6.099999999999966,0,False,False,False,False,,9.850000000000023,5,True,True,True,True,,9.850000000000023,5,True,True,True,True,,9.850000000000023,9,True,True,True,True,,2.0,2026-09-16T09:33:00-04:00,2.6000000000000227,6747.039999999887,22.0,2026-09-16T09:53:00-04:00,0.75,10447.039999999934,23.0,2026-09-16T09:54:00-04:00,2.0500000000000114,7847.03999999991,3.0,2026-09-16T09:34:00-04:00,3.0,5947.039999999933,14.0,2026-09-16T09:45:00-04:00,0.8999999999999773,10147.039999999979,22.0,2026-09-16T09:53:00-04:00,0.75,10447.039999999934,34.0,2026-09-16T10:05:00-04:00,0.19999999999998863,11547.039999999955,,,,,14.0,2026-09-16T09:45:00-04:00,0.8999999999999773,10147.039999999979,22.0,2026-09-16T09:53:00-04:00,0.75,10447.039999999934,35.0,2026-09-16T10:06:00-04:00,0.0999999999999659,11747.04,,,,,33.0,2026-09-16T10:04:00-04:00,0.10000000000002274,11747.039999999888,34.0,2026-09-16T10:05:00-04:00,0.19999999999998863,11547.039999999955,35.0,2026-09-16T10:06:00-04:00,0.0999999999999659,11747.04,34.0,2026-09-16T10:05:00-04:00,0.19999999999998863,11547.039999999955,3718
2026-09-16,2026-09-18,2,7.0,2026-09-16T09:31:00-04:00,7.0,NDXP  260918P29410000,NDXP  260918P29400000,final_holdout,False,False,0,0,11,55,0,1128,available,False,2026-09-16T09:31:00-04:00,2026-09-18T15:49:00-04:00,5.551115123125783e-17,13747.04,11.0,last_observed_quote_not_settlement,1036.0,137,116,7.25,-752.9599999999994,2026-09-16T09:32:00-04:00,0.0,6.699999999999989,347.04000000002344,2026-09-16T09:33:00-04:00,0.0,5.75,2247.040000000001,2026-09-16T09:36:00-04:00,0.0,6.0,1747.0400000000006,2026-09-16T09:41:00-04:00,0.0,5.75,2247.040000000001,2026-09-16T09:46:00-04:00,0.0,3.0,7747.040000000001,2026-09-16T10:01:00-04:00,0.0,9.150000000000034,-4552.960000000069,2026-09-16T10:31:00-04:00,0.0,0.25,13247.04,2026-09-16T11:31:00-04:00,0.0,5.599999999999966,2547.040000000069,2026-09-16T16:00:00-04:00,0.0,3.8999999999999915,5947.040000000018,2026-09-17T16:00:00-04:00,0.0,,,2026-09-18T15:49:00-04:00,660.0,,,,,18.0,hit,23.0,hit,23.0,hit,25.0,hit,26.0,hit,92.0,hit,101.0,hit,7.0,hit,7.0,hit,0.0,hit,7.0,hit,7.0,hit,91.0,hit,9.25,9,True,True,True,True,,9.25,9,True,True,True,True,,9.949999999999989,32,True,True,True,True,,9.949999999999989,35,True,True,True,True,,25.0,2026-09-16T09:56:00-04:00,2.7999999999999545,8147.040000000091,26.0,2026-09-16T09:57:00-04:00,1.25,11247.04,145.0,2026-09-16T11:56:00-04:00,2.3999999999999773,8947.040000000046,26.0,2026-09-16T09:57:00-04:00,1.25,11247.04,26.0,2026-09-16T09:57:00-04:00,1.25,11247.04,76.0,2026-09-16T10:47:00-04:00,1.8999999999999773,9947.040000000046,148.0,2026-09-16T11:59:00-04:00,0.8999999999999773,11947.040000000046,27.0,2026-09-16T09:58:00-04:00,5.0499999999999545,3647.040000000092,92.0,2026-09-16T11:03:00-04:00,0.8999999999999773,11947.040000000046,121.0,2026-09-16T11:32:00-04:00,0.25000000000005684,13247.039999999888,148.0,2026-09-16T11:59:00-04:00,0.8999999999999773,11947.040000000046,93.0,2026-09-16T11:04:00-04:00,8.700000000000045,-3652.960000000092,101.0,2026-09-16T11:12:00-04:00,0.19999999999998863,13347.040000000025,121.0,2026-09-16T11:32:00-04:00,0.25000000000005684,13247.039999999888,3198.0,2026-09-18T14:49:00-04:00,0.125,13497.04,102.0,2026-09-16T11:13:00-04:00,9.300000000000011,-4852.960000000024,3719
2026-09-18,2026-09-21,3,5.0,2026-09-18T09:31:00-04:00,4.949999999999989,NDXP  260921P29560000,NDXP  260921P29550000,final_holdout,False,False,0,0,31,68,0,568,available,False,2026-09-18T09:31:00-04:00,2026-09-21T14:27:00-04:00,0.17500000000000004,9297.039999999979,93.0,last_observed_quote_not_settlement,3916.0,253,19,4.700000000000003,247.03999999997225,2026-09-18T09:32:00-04:00,0.0,5.25,-852.9600000000221,2026-09-18T09:33:00-04:00,0.0,5.0,-352.96000000002203,2026-09-18T09:36:00-04:00,0.0,4.549999999999997,547.0399999999836,2026-09-18T09:41:00-04:00,0.0,4.5,647.0399999999779,2026-09-18T09:46:00-04:00,0.0,5.150000000000006,-652.9600000000335,2026-09-18T10:01:00-04:00,0.0,6.199999999999989,-2752.959999999999,2026-09-18T10:31:00-04:00,0.0,6.349999999999994,-3052.9600000000105,2026-09-18T11:31:00-04:00,0.0,2.5999999999999943,4447.039999999989,2026-09-18T16:00:00-04:00,0.0,,,2026-09-18T16:15:00-04:00,85500.0,,,2026-09-18T16:15:00-04:00,171900.0,,,2026-09-21T14:27:00-04:00,5580.0,0.0,hit,0.0,hit,6.0,hit,386.0,hit,4320.0,hit,4320.0,hit,4320.0,hit,4.0,hit,29.0,hit,29.0,hit,165.0,hit,,never_hit,,never_hit,8.650000000000006,253,True,True,False,False,,8.650000000000006,253,True,True,False,False,,8.650000000000006,253,True,True,False,False,,8.650000000000006,253,True,True,False,False,,386.0,2026-09-18T15:57:00-04:00,2.5500000000000114,4547.039999999955,394.0,2026-09-18T16:05:00-04:00,2.8000000000000114,4047.0399999999554,395.0,2026-09-18T16:06:00-04:00,2.9000000000000057,3847.0399999999668,387.0,2026-09-18T15:58:00-04:00,3.0,3647.039999999978,4320.0,2026-09-21T09:31:00-04:00,0.1499999999999999,9347.039999999979,4321.0,2026-09-21T09:32:00-04:00,0.125,9397.039999999979,4322.0,2026-09-21T09:33:00-04:00,0.25,9147.039999999979,4321.0,2026-09-21T09:32:00-04:00,0.125,9397.039999999979,4320.0,2026-09-21T09:31:00-04:00,0.1499999999999999,9347.039999999979,4321.0,2026-09-21T09:32:00-04:00,0.125,9397.039999999979,4322.0,2026-09-21T09:33:00-04:00,0.25,9147.039999999979,4321.0,2026-09-21T09:32:00-04:00,0.125,9397.039999999979,4320.0,2026-09-21T09:31:00-04:00,0.1499999999999999,9347.039999999979,4321.0,2026-09-21T09:32:00-04:00,0.125,9397.039999999979,4322.0,2026-09-21T09:33:00-04:00,0.25,9147.039999999979,4321.0,2026-09-21T09:32:00-04:00,0.125,9397.039999999979,3720
2026-09-18,2026-09-21,3,6.0,2026-09-18T09:31:00-04:00,6.0,NDXP  260921P29640000,NDXP  260921P29630000,final_holdout,False,False,0,0,15,46,0,620,available,False,2026-09-18T09:31:00-04:00,2026-09-21T14:28:00-04:00,0.0,11747.04,92.0,last_observed_quote_not_settlement,3916.0,330,35,5.649999999999977,447.0400000000462,2026-09-18T09:32:00-04:00,0.0,6.549999999999983,-1352.9599999999652,2026-09-18T09:33:00-04:00,0.0,5.949999999999989,-152.95999999997656,2026-09-18T09:36:00-04:00,0.0,6.150000000000006,-552.9600000000107,2026-09-18T09:41:00-04:00,0.0,5.849999999999966,47.04000000006892,2026-09-18T09:46:00-04:00,0.0,7.149999999999977,-2552.9599999999537,2026-09-18T10:01:00-04:00,0.0,7.950000000000017,-4152.9600000000355,2026-09-18T10:31:00-04:00,0.0,7.599999999999994,-3452.9599999999878,2026-09-18T11:31:00-04:00,0.0,,,2026-09-18T15:59:00-04:00,60.0,,,2026-09-18T16:15:00-04:00,85500.0,,,2026-09-18T16:15:00-04:00,171900.0,,,2026-09-21T14:28:00-04:00,5520.0,7.0,hit,83.0,hit,381.0,hit,4320.0,hit,4320.0,hit,4320.0,hit,4320.0,hit,2.0,hit,28.0,hit,28.0,hit,37.0,hit,99.0,hit,,never_hit,9.400000000000006,330,True,True,True,True,,9.400000000000006,330,True,True,True,True,,9.400000000000006,330,True,True,True,True,,9.400000000000006,330,True,True,True,True,,4320.0,2026-09-21T09:31:00-04:00,0.35000000000000053,11047.04,4321.0,2026-09-21T09:32:00-04:00,0.2250000000000001,11297.04,4322.0,2026-09-21T09:33:00-04:00,0.2999999999999998,11147.040000000003,4321.0,2026-09-21T09:32:00-04:00,0.2250000000000001,11297.04,4320.0,2026-09-21T09:31:00-04:00,0.35000000000000053,11047.04,4321.0,2026-09-21T09:32:00-04:00,0.2250000000000001,11297.04,4322.0,2026-09-21T09:33:00-04:00,0.2999999999999998,11147.040000000003,4321.0,2026-09-21T09:32:00-04:00,0.2250000000000001,11297.04,4320.0,2026-09-21T09:31:00-04:00,0.35000000000000053,11047.04,4321.0,2026-09-21T09:32:00-04:00,0.2250000000000001,11297.04,4322.0,2026-09-21T09:33:00-04:00,0.2999999999999998,11147.040000000003,4321.0,2026-09-21T09:32:00-04:00,0.2250000000000001,11297.04,4320.0,2026-09-21T09:31:00-04:00,0.35000000000000053,11047.04,4321.0,2026-09-21T09:32:00-04:00,0.2250000000000001,11297.04,4322.0,2026-09-21T09:33:00-04:00,0.2999999999999998,11147.040000000003,4321.0,2026-09-21T09:32:00-04:00,0.2250000000000001,11297.04,3721
2026-09-18,2026-09-21,3,7.0,2026-09-18T09:31:00-04:00,7.149999999999977,NDXP  260921P29940000,NDXP  260921P29930000,final_holdout,False,False,0,0,20,77,0,622,available,False,2026-09-18T09:31:00-04:00,2026-09-21T15:12:00-04:00,0.050000000000000044,13947.039999999957,48.0,last_observed_quote_not_settlement,3916.0,289,0,9.299999999999955,-4552.9599999999555,2026-09-18T09:32:00-04:00,0.0,9.0,-3952.9600000000464,2026-09-18T09:33:00-04:00,0.0,8.949999999999989,-3852.9600000000237,2026-09-18T09:36:00-04:00,0.0,9.350000000000023,-4652.960000000092,2026-09-18T09:41:00-04:00,0.0,9.5,-4952.960000000046,2026-09-18T09:46:00-04:00,0.0,9.600000000000023,-5152.960000000092,2026-09-18T10:01:00-04:00,0.0,9.75,-5452.960000000046,2026-09-18T10:31:00-04:00,0.0,9.699999999999989,-5352.960000000024,2026-09-18T11:31:00-04:00,0.0,9.300000000000011,-4552.960000000069,2026-09-18T16:00:00-04:00,0.0,,,2026-09-18T16:15:00-04:00,85500.0,,,2026-09-18T16:15:00-04:00,171900.0,,,2026-09-21T15:12:00-04:00,2880.0,4320.0,hit,4320.0,hit,4320.0,hit,4327.0,hit,4332.0,hit,4342.0,hit,4362.0,hit,1.0,hit,1.0,hit,0.0,hit,1.0,hit,1.0,hit,15.0,hit,10.0,289,True,True,True,True,,10.0,289,True,True,True,True,,10.0,289,True,True,True,True,,10.0,289,True,True,True,True,,4327.0,2026-09-21T09:38:00-04:00,2.650000000000002,8747.039999999952,4328.0,2026-09-21T09:39:00-04:00,2.3500000000000014,9347.039999999954,4329.0,2026-09-21T09:40:00-04:00,2.3999999999999986,9247.039999999959,4328.0,2026-09-21T09:39:00-04:00,2.3500000000000014,9347.039999999954,4332.0,2026-09-21T09:43:00-04:00,1.9499999999999993,10147.039999999957,4333.0,2026-09-21T09:44:00-04:00,1.7500000000000036,10547.039999999948,4334.0,2026-09-21T09:45:00-04:00,1.5499999999999972,10947.039999999963,4333.0,2026-09-21T09:44:00-04:00,1.7500000000000036,10547.039999999948,4342.0,2026-09-21T09:53:00-04:00,0.9000000000000004,12247.039999999955,4343.0,2026-09-21T09:54:00-04:00,0.8000000000000007,12447.039999999955,4344.0,2026-09-21T09:55:00-04:00,0.8000000000000007,12447.039999999955,4343.0,2026-09-21T09:54:00-04:00,0.8000000000000007,12447.039999999955,4362.0,2026-09-21T10:13:00-04:00,0.4499999999999993,13147.039999999957,4363.0,2026-09-21T10:14:00-04:00,0.34999999999999964,13347.039999999957,4364.0,2026-09-21T10:15:00-04:00,0.34999999999999964,13347.039999999957,4363.0,2026-09-21T10:14:00-04:00,0.34999999999999964,13347.039999999957,3722
2026-09-21,2026-09-23,2,5.0,2026-09-21T09:31:00-04:00,5.0,NDXP  260923P29990000,NDXP  260923P29980000,final_holdout,False,False,0,0,19,83,0,1011,available,False,2026-09-21T09:31:00-04:00,2026-09-23T13:55:00-04:00,0.0,9747.04,125.0,last_observed_quote_not_settlement,1036.0,0,0,4.550000000000011,647.0399999999779,2026-09-21T09:32:00-04:00,0.0,4.849999999999966,47.04000000006892,2026-09-21T09:33:00-04:00,0.0,4.800000000000011,147.03999999997797,2026-09-21T09:36:00-04:00,0.0,4.099999999999994,1547.040000000012,2026-09-21T09:41:00-04:00,0.0,2.549999999999997,4647.040000000006,2026-09-21T09:46:00-04:00,0.0,2.8999999999999915,3947.0400000000177,2026-09-21T10:01:00-04:00,0.0,2.049999999999997,5647.040000000006,2026-09-21T10:31:00-04:00,0.0,1.6500000000000057,6447.039999999989,2026-09-21T11:31:00-04:00,0.0,0.5,8747.04,2026-09-21T16:00:00-04:00,0.0,0.050000000000000266,9647.04,2026-09-22T16:00:00-04:00,0.0,,,2026-09-23T13:55:00-04:00,7500.0,,,,,0.0,hit,0.0,hit,13.0,hit,15.0,hit,66.0,hit,199.0,hit,389.0,hit,,never_hit,,never_hit,,never_hit,,never_hit,,never_hit,,never_hit,5.0,0,False,False,False,False,,5.0,0,False,False,False,False,,5.0,0,False,False,False,False,,5.0,0,False,False,False,False,,15.0,2026-09-21T09:46:00-04:00,2.549999999999997,4647.040000000006,31.0,2026-09-21T10:02:00-04:00,2.9000000000000057,3947.0399999999895,32.0,2026-09-21T10:03:00-04:00,2.9499999999999886,3847.0400000000236,16.0,2026-09-21T09:47:00-04:00,3.549999999999997,2647.0400000000063,66.0,2026-09-21T10:37:00-04:00,1.8999999999999915,5947.040000000018,67.0,2026-09-21T10:38:00-04:00,1.8500000000000014,6047.039999999998,68.0,2026-09-21T10:39:00-04:00,1.9499999999999957,5847.040000000009,67.0,2026-09-21T10:38:00-04:00,1.8500000000000014,6047.039999999998,210.0,2026-09-21T13:01:00-04:00,0.9000000000000057,7947.039999999989,211.0,2026-09-21T13:02:00-04:00,0.8500000000000014,8047.039999999998,212.0,2026-09-21T13:03:00-04:00,0.9000000000000057,7947.039999999989,211.0,2026-09-21T13:02:00-04:00,0.8500000000000014,8047.039999999998,1440.0,2026-09-22T09:31:00-04:00,0.3500000000000014,9047.039999999999,1441.0,2026-09-22T09:32:00-04:00,0.34999999999999787,9047.040000000006,1442.0,2026-09-22T09:33:00-04:00,0.34999999999999964,9047.040000000003,1441.0,2026-09-22T09:32:00-04:00,0.34999999999999787,9047.040000000006,3723
2026-09-21,2026-09-23,2,6.0,2026-09-21T09:31:00-04:00,5.800000000000011,NDXP  260923P30000000,NDXP  260923P29990000,final_holdout,False,False,0,0,71,265,0,830,available,False,2026-09-21T09:31:00-04:00,2026-09-23T15:03:00-04:00,0.0,11347.040000000025,57.0,last_observed_quote_not_settlement,1047.0,1,1,6.150000000000006,-952.959999999988,2026-09-21T09:32:00-04:00,0.0,5.400000000000034,547.0399999999552,2026-09-21T09:33:00-04:00,0.0,5.099999999999994,1147.0400000000348,2026-09-21T09:36:00-04:00,0.0,4.25,2847.0400000000236,2026-09-21T09:41:00-04:00,0.0,3.8499999999999943,3647.040000000035,2026-09-21T09:46:00-04:00,0.0,3.0,5347.040000000024,2026-09-21T10:01:00-04:00,0.0,2.0999999999999943,7147.0400000000345,2026-09-21T10:31:00-04:00,0.0,1.75,7847.040000000024,2026-09-21T11:31:00-04:00,0.0,,,2026-09-21T15:59:00-04:00,60.0,0.07499999999999973,11197.040000000025,2026-09-22T16:00:00-04:00,0.0,,,2026-09-23T15:03:00-04:00,3420.0,,,,,2.0,hit,4.0,hit,14.0,hit,30.0,hit,65.0,hit,183.0,hit,183.0,hit,,never_hit,,never_hit,,never_hit,,never_hit,,never_hit,,never_hit,6.150000000000006,1,False,False,False,False,,6.150000000000006,1,False,False,False,False,,6.150000000000006,1,False,False,False,False,,6.150000000000006,1,False,False,False,False,,31.0,2026-09-21T10:02:00-04:00,2.9499999999999886,5447.040000000046,42.0,2026-09-21T10:13:00-04:00,2.700000000000003,5947.040000000018,43.0,2026-09-21T10:14:00-04:00,2.799999999999997,5747.040000000029,32.0,2026-09-21T10:03:00-04:00,3.0500000000000114,5247.040000000001,69.0,2026-09-21T10:40:00-04:00,1.9499999999999957,7447.040000000032,91.0,2026-09-21T11:02:00-04:00,1.9000000000000057,7547.040000000012,92.0,2026-09-21T11:03:00-04:00,1.8999999999999986,7547.040000000026,70.0,2026-09-21T10:41:00-04:00,2.25,6847.040000000024,183.0,2026-09-21T12:34:00-04:00,0.4000000000000057,10547.040000000014,184.0,2026-09-21T12:35:00-04:00,0.75,9847.040000000025,221.0,2026-09-21T13:12:00-04:00,0.8500000000000014,9647.04000000002,184.0,2026-09-21T12:35:00-04:00,0.75,9847.040000000025,183.0,2026-09-21T12:34:00-04:00,0.4000000000000057,10547.040000000014,325.0,2026-09-21T14:56:00-04:00,0.0,11347.040000000025,326.0,2026-09-21T14:57:00-04:00,0.0,11347.040000000025,184.0,2026-09-21T12:35:00-04:00,0.75,9847.040000000025,3724
2026-09-21,2026-09-23,2,7.0,2026-09-21T09:31:00-04:00,7.100000000000023,NDXP  260923P30090000,NDXP  260923P30080000,final_holdout,False,False,0,0,11,97,0,1024,available,False,2026-09-21T09:31:00-04:00,2026-09-23T15:10:00-04:00,0.275,13397.040000000046,50.0,last_observed_quote_not_settlement,1036.0,1,2,6.299999999999983,1347.0400000000802,2026-09-21T09:32:00-04:00,0.0,5.550000000000011,2847.0400000000236,2026-09-21T09:33:00-04:00,0.0,4.0,5947.040000000046,2026-09-21T09:36:00-04:00,0.0,4.900000000000006,4147.0400000000345,2026-09-21T09:41:00-04:00,0.0,4.849999999999966,4247.040000000115,2026-09-21T09:46:00-04:00,0.0,4.349999999999994,5247.040000000057,2026-09-21T10:01:00-04:00,0.0,3.0,7947.040000000046,2026-09-21T10:31:00-04:00,0.0,2.3500000000000085,9247.04000000003,2026-09-21T11:31:00-04:00,0.0,2.25,9447.040000000046,2026-09-21T16:00:00-04:00,0.0,0.2749999999999999,13397.040000000046,2026-09-22T16:00:00-04:00,0.0,,,2026-09-23T15:10:00-04:00,3000.0,,,,,5.0,hit,5.0,hit,5.0,hit,46.0,hit,135.0,hit,297.0,hit,1451.0,hit,3.0,hit,,never_hit,0.0,hit,,never_hit,,never_hit,,never_hit,7.750000000000028,1,True,False,False,False,,7.750000000000028,1,True,False,False,False,,7.750000000000028,1,True,False,False,False,,7.750000000000028,1,True,False,False,False,,46.0,2026-09-21T10:17:00-04:00,2.9000000000000057,8147.0400000000345,59.0,2026-09-21T10:30:00-04:00,2.8999999999999915,8147.040000000064,63.0,2026-09-21T10:34:00-04:00,2.700000000000003,8547.04000000004,47.0,2026-09-21T10:18:00-04:00,3.6499999999999915,6647.040000000064,136.0,2026-09-21T11:47:00-04:00,1.9000000000000057,10147.040000000035,160.0,2026-09-21T12:11:00-04:00,1.8500000000000085,10247.04000000003,161.0,2026-09-21T12:12:00-04:00,1.8500000000000085,10247.04000000003,137.0,2026-09-21T11:48:00-04:00,2.0,9947.040000000046,297.0,2026-09-21T14:28:00-04:00,0.9499999999999957,12047.040000000055,321.0,2026-09-21T14:52:00-04:00,0.8499999999999943,12247.040000000059,322.0,2026-09-21T14:53:00-04:00,0.8499999999999943,12247.040000000059,298.0,2026-09-21T14:29:00-04:00,0.9500000000000028,12047.04000000004,1451.0,2026-09-22T09:42:00-04:00,0.3999999999999986,13147.04000000005,1452.0,2026-09-22T09:43:00-04:00,0.40000000000000036,13147.040000000046,1453.0,2026-09-22T09:44:00-04:00,0.34999999999999787,13247.040000000052,1452.0,2026-09-22T09:43:00-04:00,0.40000000000000036,13147.040000000046,3725
2026-09-21,2026-09-24,3,5.0,2026-09-21T09:31:00-04:00,5.0,NDXP  260924P30020000,NDXP  260924P30010000,final_holdout,False,False,0,0,21,81,0,1470,available,False,2026-09-21T09:31:00-04:00,2026-09-24T15:33:00-04:00,0.375,8997.04,27.0,last_observed_quote_not_settlement,1036.0,1,2,4.949999999999989,-152.95999999997656,2026-09-21T09:32:00-04:00,0.0,5.099999999999994,-452.95999999998793,2026-09-21T09:33:00-04:00,0.0,4.799999999999983,147.0400000000348,2026-09-21T09:36:00-04:00,0.0,4.550000000000011,647.0399999999779,2026-09-21T09:41:00-04:00,0.0,3.900000000000034,1947.0399999999324,2026-09-21T09:46:00-04:00,0.0,3.4499999999999886,2847.0400000000236,2026-09-21T10:01:00-04:00,0.0,2.4000000000000057,4947.039999999989,2026-09-21T10:31:00-04:00,0.0,2.1000000000000085,5547.039999999984,2026-09-21T11:31:00-04:00,0.0,,,2026-09-21T15:59:00-04:00,60.0,0.34999999999999964,9047.040000000003,2026-09-22T16:00:00-04:00,0.0,0.6500000000000021,8447.039999999997,2026-09-23T16:00:00-04:00,0.0,,,2026-09-24T15:33:00-04:00,1620.0,0.0,hit,0.0,hit,15.0,hit,41.0,hit,135.0,hit,351.0,hit,364.0,hit,,never_hit,,never_hit,,never_hit,,never_hit,,never_hit,,never_hit,5.099999999999994,1,False,False,False,False,,5.099999999999994,1,False,False,False,False,,5.099999999999994,1,False,False,False,False,,5.099999999999994,1,False,False,False,False,,41.0,2026-09-21T10:12:00-04:00,2.8000000000000114,4147.039999999978,51.0,2026-09-21T10:22:00-04:00,2.8500000000000085,4047.0399999999836,52.0,2026-09-21T10:23:00-04:00,2.8500000000000085,4047.0399999999836,42.0,2026-09-21T10:13:00-04:00,3.500000000000014,2747.039999999972,135.0,2026-09-21T11:46:00-04:00,1.8000000000000114,6147.039999999978,143.0,2026-09-21T11:54:00-04:00,1.799999999999983,6147.0400000000345,159.0,2026-09-21T12:10:00-04:00,1.75,6247.040000000001,136.0,2026-09-21T11:47:00-04:00,2.4000000000000057,4947.039999999989,364.0,2026-09-21T15:35:00-04:00,0.4999999999999929,8747.040000000015,365.0,2026-09-21T15:36:00-04:00,0.4999999999999929,8747.040000000015,1443.0,2026-09-22T09:34:00-04:00,0.7999999999999972,8147.040000000007,365.0,2026-09-21T15:36:00-04:00,0.4999999999999929,8747.040000000015,1496.0,2026-09-22T10:27:00-04:00,0.4499999999999993,8847.040000000003,1503.0,2026-09-22T10:34:00-04:00,0.19999999999999574,9347.04000000001,1504.0,2026-09-22T10:35:00-04:00,0.19999999999999574,9347.04000000001,1497.0,2026-09-22T10:28:00-04:00,0.5,8747.04,3726
2026-09-21,2026-09-24,3,6.0,2026-09-21T09:31:00-04:00,6.0,NDXP  260924P30380000,NDXP  260924P30370000,final_holdout,False,False,0,0,0,3,0,1595,available,False,2026-09-21T09:31:00-04:00,2026-09-24T15:52:00-04:00,0.024999999999999967,11697.04,8.0,last_observed_quote_not_settlement,1036.0,214,57,8.900000000000034,-6052.960000000069,2026-09-21T09:32:00-04:00,0.0,8.699999999999989,-5652.959999999978,2026-09-21T09:33:00-04:00,0.0,5.4500000000000455,847.0399999999097,2026-09-21T09:36:00-04:00,0.0,8.200000000000045,-4652.960000000092,2026-09-21T09:41:00-04:00,0.0,8.050000000000011,-4352.960000000024,2026-09-21T09:46:00-04:00,0.0,6.5,-1252.9599999999994,2026-09-21T10:01:00-04:00,0.0,6.0,-252.9599999999993,2026-09-21T10:31:00-04:00,0.0,5.250000000000028,1247.0399999999438,2026-09-21T11:31:00-04:00,0.0,3.0500000000000114,5647.039999999978,2026-09-21T16:00:00-04:00,0.0,1.6499999999999986,8447.040000000005,2026-09-22T16:00:00-04:00,0.0,2.4000000000000057,6947.039999999989,2026-09-23T16:00:00-04:00,0.0,,,2026-09-24T15:52:00-04:00,480.0,5.0,hit,61.0,hit,61.0,hit,61.0,hit,61.0,hit,4642.0,hit,4649.0,hit,1.0,hit,1.0,hit,1.0,hit,1.0,hit,4.0,hit,4470.0,hit,9.100000000000023,51,True,True,True,True,,9.100000000000023,51,True,True,True,True,,9.550000000000011,214,True,True,True,True,,9.550000000000011,214,True,True,True,True,,61.0,2026-09-21T10:32:00-04:00,1.8999999999999773,7947.040000000046,343.0,2026-09-21T15:14:00-04:00,2.25,7247.040000000001,1447.0,2026-09-22T09:38:00-04:00,2.5999999999999943,6547.040000000012,62.0,2026-09-21T10:33:00-04:00,6.25,-752.9599999999994,61.0,2026-09-21T10:32:00-04:00,1.8999999999999773,7947.040000000046,1484.0,2026-09-22T10:15:00-04:00,1.8499999999999943,8047.040000000012,1485.0,2026-09-22T10:16:00-04:00,1.8499999999999943,8047.040000000012,62.0,2026-09-21T10:33:00-04:00,6.25,-752.9599999999994,4646.0,2026-09-24T14:57:00-04:00,0.7000000000000006,10347.039999999999,4647.0,2026-09-24T14:58:00-04:00,0.7000000000000002,10347.04,4648.0,2026-09-24T14:59:00-04:00,0.5499999999999998,10647.040000000003,4647.0,2026-09-24T14:58:00-04:00,0.7000000000000002,10347.04,4649.0,2026-09-24T15:00:00-04:00,0.2999999999999998,11147.040000000003,4675.0,2026-09-24T15:26:00-04:00,0.375,10997.04,4686.0,2026-09-24T15:37:00-04:00,0.34999999999999987,11047.040000000003,4650.0,2026-09-24T15:01:00-04:00,0.5999999999999996,10547.040000000003,3727
2026-09-21,2026-09-24,3,7.0,2026-09-21T09:31:00-04:00,6.949999999999989,NDXP  260924P30180000,NDXP  260924P30170000,final_holdout,False,False,0,0,5,22,0,1563,available,False,2026-09-21T09:31:00-04:00,2026-09-24T15:49:00-04:00,0.0,13647.039999999979,11.0,last_observed_quote_not_settlement,1036.0,1,2,6.050000000000011,1547.0399999999552,2026-09-21T09:32:00-04:00,0.0,6.7999999999999545,47.04000000006892,2026-09-21T09:33:00-04:00,0.0,6.899999999999977,-152.95999999997656,2026-09-21T09:36:00-04:00,0.0,6.949999999999989,-252.9599999999993,2026-09-21T09:41:00-04:00,0.0,5.550000000000011,2547.0399999999554,2026-09-21T09:46:00-04:00,0.0,4.899999999999977,3847.0400000000236,2026-09-21T10:01:00-04:00,0.0,4.049999999999983,5547.040000000012,2026-09-21T10:31:00-04:00,0.0,3.5,6647.039999999978,2026-09-21T11:31:00-04:00,0.0,1.8000000000000114,10047.039999999955,2026-09-21T16:00:00-04:00,0.0,0.5,12647.039999999979,2026-09-22T16:00:00-04:00,0.0,1.6500000000000021,10347.039999999975,2026-09-23T16:00:00-04:00,0.0,,,2026-09-24T15:49:00-04:00,660.0,19.0,hit,19.0,hit,19.0,hit,159.0,hit,217.0,hit,1464.0,hit,1822.0,hit,,never_hit,,never_hit,4.0,hit,,never_hit,,never_hit,,never_hit,7.0,1,True,False,False,False,,7.0,1,True,False,False,False,,7.0,1,True,False,False,False,,7.0,1,True,False,False,False,,173.0,2026-09-21T12:24:00-04:00,2.5,8647.039999999979,178.0,2026-09-21T12:29:00-04:00,2.8999999999999915,7847.039999999995,182.0,2026-09-21T12:33:00-04:00,2.75,8147.039999999978,174.0,2026-09-21T12:25:00-04:00,3.0500000000000114,7547.039999999955,217.0,2026-09-21T13:08:00-04:00,1.7000000000000028,10247.039999999974,365.0,2026-09-21T15:36:00-04:00,1.75,10147.039999999979,366.0,2026-09-21T15:37:00-04:00,1.6500000000000057,10347.039999999968,218.0,2026-09-21T13:09:00-04:00,2.75,8147.039999999978,1481.0,2026-09-22T10:12:00-04:00,0.9499999999999993,11747.03999999998,1482.0,2026-09-22T10:13:00-04:00,0.8999999999999986,11847.03999999998,1492.0,2026-09-22T10:23:00-04:00,0.8999999999999986,11847.03999999998,1482.0,2026-09-22T10:13:00-04:00,0.8999999999999986,11847.03999999998,2881.0,2026-09-23T09:32:00-04:00,0.4499999999999993,12747.03999999998,4507.0,2026-09-24T12:38:00-04:00,0.20000000000000018,13247.039999999979,4508.0,2026-09-24T12:39:00-04:00,0.20000000000000018,13247.039999999979,2882.0,2026-09-23T09:33:00-04:00,0.5500000000000007,12547.039999999977,3728
2026-09-22,2026-09-24,2,5.0,2026-09-22T09:31:00-04:00,4.950000000000017,NDXP  260924P30530000,NDXP  260924P30520000,final_holdout,False,True,0,0,0,0,0,0,missing,False,,,,,,last_observed_quote_not_settlement,,,,,,,,,,,,,,,,,,,,,,,,,,,,,,,,,,,,,,,,,,,,,,,,,,,,,missing_path,,missing_path,,missing_path,,missing_path,,missing_path,,missing_path,,missing_path,,missing_path,,missing_path,,missing_path,,missing_path,,missing_path,,missing_path,,,,,,,,,,,,,,,,,,,,,,,,,,,,,,,,,,,,,,,,,,,,,,,,,,,,,,,,,,,,,,,,,,,,,,,,,,,,,,,,,,,,,,,,,,,,,3729
2026-09-22,2026-09-24,2,6.0,2026-09-22T09:31:00-04:00,5.949999999999989,NDXP  260924P30590000,NDXP  260924P30580000,final_holdout,False,True,0,0,0,0,0,0,missing,False,,,,,,last_observed_quote_not_settlement,,,,,,,,,,,,,,,,,,,,,,,,,,,,,,,,,,,,,,,,,,,,,,,,,,,,,missing_path,,missing_path,,missing_path,,missing_path,,missing_path,,missing_path,,missing_path,,missing_path,,missing_path,,missing_path,,missing_path,,missing_path,,missing_path,,,,,,,,,,,,,,,,,,,,,,,,,,,,,,,,,,,,,,,,,,,,,,,,,,,,,,,,,,,,,,,,,,,,,,,,,,,,,,,,,,,,,,,,,,,,,3730
2026-09-22,2026-09-24,2,7.0,2026-09-22T09:31:00-04:00,6.850000000000023,NDXP  260924P30800000,NDXP  260924P30790000,final_holdout,False,True,0,0,0,0,0,0,missing,False,,,,,,last_observed_quote_not_settlement,,,,,,,,,,,,,,,,,,,,,,,,,,,,,,,,,,,,,,,,,,,,,,,,,,,,,missing_path,,missing_path,,missing_path,,missing_path,,missing_path,,missing_path,,missing_path,,missing_path,,missing_path,,missing_path,,missing_path,,missing_path,,missing_path,,,,,,,,,,,,,,,,,,,,,,,,,,,,,,,,,,,,,,,,,,,,,,,,,,,,,,,,,,,,,,,,,,,,,,,,,,,,,,,,,,,,,,,,,,,,,3731
2026-09-22,2026-09-25,3,5.0,2026-09-22T09:31:00-04:00,4.949999999999989,NDXP  260925P30550000,NDXP  260925P30540000,final_holdout,False,True,0,0,0,0,0,0,missing,False,,,,,,last_observed_quote_not_settlement,,,,,,,,,,,,,,,,,,,,,,,,,,,,,,,,,,,,,,,,,,,,,,,,,,,,,missing_path,,missing_path,,missing_path,,missing_path,,missing_path,,missing_path,,missing_path,,missing_path,,missing_path,,missing_path,,missing_path,,missing_path,,missing_path,,,,,,,,,,,,,,,,,,,,,,,,,,,,,,,,,,,,,,,,,,,,,,,,,,,,,,,,,,,,,,,,,,,,,,,,,,,,,,,,,,,,,,,,,,,,,3732
2026-09-22,2026-09-25,3,6.0,2026-09-22T09:31:00-04:00,5.900000000000006,NDXP  260925P30640000,NDXP  260925P30630000,final_holdout,False,True,0,0,0,0,0,0,missing,False,,,,,,last_observed_quote_not_settlement,,,,,,,,,,,,,,,,,,,,,,,,,,,,,,,,,,,,,,,,,,,,,,,,,,,,,missing_path,,missing_path,,missing_path,,missing_path,,missing_path,,missing_path,,missing_path,,missing_path,,missing_path,,missing_path,,missing_path,,missing_path,,missing_path,,,,,,,,,,,,,,,,,,,,,,,,,,,,,,,,,,,,,,,,,,,,,,,,,,,,,,,,,,,,,,,,,,,,,,,,,,,,,,,,,,,,,,,,,,,,,3733
2026-09-22,2026-09-25,3,7.0,2026-09-22T09:31:00-04:00,7.0,NDXP  260925P30960000,NDXP  260925P30950000,final_holdout,False,True,0,0,0,0,0,0,missing,False,,,,,,last_observed_quote_not_settlement,,,,,,,,,,,,,,,,,,,,,,,,,,,,,,,,,,,,,,,,,,,,,,,,,,,,,missing_path,,missing_path,,missing_path,,missing_path,,missing_path,,missing_path,,missing_path,,missing_path,,missing_path,,missing_path,,missing_path,,missing_path,,missing_path,,,,,,,,,,,,,,,,,,,,,,,,,,,,,,,,,,,,,,,,,,,,,,,,,,,,,,,,,,,,,,,,,,,,,,,,,,,,,,,,,,,,,,,,,,,,,3734
2026-09-23,2026-09-25,2,5.0,2026-09-23T09:31:00-04:00,4.999999999999972,NDXP  260925P30700000,NDXP  260925P30690000,final_holdout,False,True,0,0,0,0,0,0,missing,False,,,,,,last_observed_quote_not_settlement,,,,,,,,,,,,,,,,,,,,,,,,,,,,,,,,,,,,,,,,,,,,,,,,,,,,,missing_path,,missing_path,,missing_path,,missing_path,,missing_path,,missing_path,,missing_path,,missing_path,,missing_path,,missing_path,,missing_path,,missing_path,,missing_path,,,,,,,,,,,,,,,,,,,,,,,,,,,,,,,,,,,,,,,,,,,,,,,,,,,,,,,,,,,,,,,,,,,,,,,,,,,,,,,,,,,,,,,,,,,,,3735
2026-09-23,2026-09-25,2,6.0,2026-09-23T09:31:00-04:00,5.900000000000034,NDXP  260925P30770000,NDXP  260925P30760000,final_holdout,False,True,0,0,0,0,0,0,missing,False,,,,,,last_observed_quote_not_settlement,,,,,,,,,,,,,,,,,,,,,,,,,,,,,,,,,,,,,,,,,,,,,,,,,,,,,missing_path,,missing_path,,missing_path,,missing_path,,missing_path,,missing_path,,missing_path,,missing_path,,missing_path,,missing_path,,missing_path,,missing_path,,missing_path,,,,,,,,,,,,,,,,,,,,,,,,,,,,,,,,,,,,,,,,,,,,,,,,,,,,,,,,,,,,,,,,,,,,,,,,,,,,,,,,,,,,,,,,,,,,,3736
2026-09-23,2026-09-25,2,7.0,2026-09-23T09:31:00-04:00,7.0,NDXP  260925P30900000,NDXP  260925P30890000,final_holdout,False,True,0,0,0,0,0,0,missing,False,,,,,,last_observed_quote_not_settlement,,,,,,,,,,,,,,,,,,,,,,,,,,,,,,,,,,,,,,,,,,,,,,,,,,,,,missing_path,,missing_path,,missing_path,,missing_path,,missing_path,,missing_path,,missing_path,,missing_path,,missing_path,,missing_path,,missing_path,,missing_path,,missing_path,,,,,,,,,,,,,,,,,,,,,,,,,,,,,,,,,,,,,,,,,,,,,,,,,,,,,,,,,,,,,,,,,,,,,,,,,,,,,,,,,,,,,,,,,,,,,3737
